"","year","month","UF","nconcep","nconcep_educ_low","nconcep_educ_high","nconcep_age_young","nconcep_age_old","nfetal","nfetal_educ_low","nfetal_educ_high","nfetal_age_young","nfetal_age_old","totalconcep","totalconcep_educ_low","totalconcep_educ_high","totalconcep_age_young","totalconcep_age_old"
"1",2018,1,"AC",1435,640,795,730,705,13,5,8,7,6,1448,645,803,737,711
"2",2018,1,"AL",3853,1683,2170,1998,1855,47,22,25,24,23,3900,1705,2195,2022,1878
"3",2018,1,"AM",6997,2533,4464,3711,3286,56,24,32,22,34,7053,2557,4496,3733,3320
"4",2018,1,"AP",1291,478,813,653,638,14,3,11,3,11,1305,481,824,656,649
"5",2018,1,"BA",15302,4850,10452,6293,9009,195,80,115,68,127,15497,4930,10567,6361,9136
"6",2018,1,"CE",10291,3274,7017,4263,6028,109,47,62,45,64,10400,3321,7079,4308,6092
"7",2018,1,"DF",3757,657,3100,1107,2650,28,8,20,7,21,3785,665,3120,1114,2671
"8",2018,1,"ES",4457,1194,3263,1547,2910,26,10,16,13,13,4483,1204,3279,1560,2923
"9",2018,1,"GO",8230,1751,6479,3308,4922,89,31,58,35,54,8319,1782,6537,3343,4976
"10",2018,1,"MA",10297,3661,6636,5363,4934,157,68,89,63,94,10454,3729,6725,5426,5028
"11",2018,1,"MG",21108,4682,16426,7314,13794,174,56,118,60,114,21282,4738,16544,7374,13908
"12",2018,1,"MS",3550,1076,2474,1508,2042,28,14,14,13,15,3578,1090,2488,1521,2057
"13",2018,1,"MT",4815,1058,3757,2071,2744,47,17,30,20,27,4862,1075,3787,2091,2771
"14",2018,1,"PA",11955,4931,7024,6362,5593,128,67,61,56,72,12083,4998,7085,6418,5665
"15",2018,1,"PB",5090,1792,3298,2098,2992,45,14,31,22,23,5135,1806,3329,2120,3015
"16",2018,1,"PE",11314,3862,7452,4983,6331,90,42,48,41,49,11404,3904,7500,5024,6380
"17",2018,1,"PI",4424,1504,2920,2017,2407,49,15,34,14,35,4473,1519,2954,2031,2442
"18",2018,1,"PR",12285,2948,9337,4477,7808,79,30,49,25,54,12364,2978,9386,4502,7862
"19",2018,1,"RJ",16281,4116,12165,6315,9966,181,76,105,66,115,16462,4192,12270,6381,10081
"20",2018,1,"RN",4043,1316,2727,1619,2424,43,22,21,23,20,4086,1338,2748,1642,2444
"21",2018,1,"RO",2392,754,1638,1093,1299,9,3,6,4,5,2401,757,1644,1097,1304
"22",2018,1,"RR",1295,414,881,663,632,11,3,8,6,5,1306,417,889,669,637
"23",2018,1,"RS",11288,3221,8067,3777,7511,71,27,44,24,47,11359,3248,8111,3801,7558
"24",2018,1,"SC",7725,1866,5859,2555,5170,59,19,40,27,32,7784,1885,5899,2582,5202
"25",2018,1,"SE",2619,1031,1588,1141,1478,26,13,13,13,13,2645,1044,1601,1154,1491
"26",2018,1,"SP",48135,7668,40467,15652,32483,355,106,249,118,237,48490,7774,40716,15770,32720
"27",2018,1,"TO",2174,573,1601,1044,1130,15,6,9,4,11,2189,579,1610,1048,1141
"28",2018,2,"AC",1143,507,636,579,564,15,6,9,8,7,1158,513,645,587,571
"29",2018,2,"AL",3163,1322,1841,1644,1519,30,19,11,13,17,3193,1341,1852,1657,1536
"30",2018,2,"AM",6064,2305,3759,3154,2910,74,35,39,36,38,6138,2340,3798,3190,2948
"31",2018,2,"AP",1131,425,706,606,525,12,2,10,3,9,1143,427,716,609,534
"32",2018,2,"BA",13451,4368,9083,5463,7988,171,57,114,65,106,13622,4425,9197,5528,8094
"33",2018,2,"CE",9193,2995,6198,3911,5282,78,39,39,32,46,9271,3034,6237,3943,5328
"34",2018,2,"DF",3239,589,2650,974,2265,22,3,19,4,18,3261,592,2669,978,2283
"35",2018,2,"ES",3963,1105,2858,1437,2526,26,13,13,9,17,3989,1118,2871,1446,2543
"36",2018,2,"GO",7162,1557,5605,2871,4291,57,17,40,18,39,7219,1574,5645,2889,4330
"37",2018,2,"MA",8641,3129,5512,4384,4257,85,44,41,39,46,8726,3173,5553,4423,4303
"38",2018,2,"MG",18382,4160,14222,6441,11941,168,46,122,56,112,18550,4206,14344,6497,12053
"39",2018,2,"MS",3096,944,2152,1279,1817,19,9,10,8,11,3115,953,2162,1287,1828
"40",2018,2,"MT",4167,873,3294,1772,2395,35,8,27,16,19,4202,881,3321,1788,2414
"41",2018,2,"PA",10381,4334,6047,5483,4898,113,51,62,57,56,10494,4385,6109,5540,4954
"42",2018,2,"PB",4335,1541,2794,1791,2544,26,13,13,12,14,4361,1554,2807,1803,2558
"43",2018,2,"PE",9828,3413,6415,4211,5617,74,27,47,28,46,9902,3440,6462,4239,5663
"44",2018,2,"PI",3784,1332,2452,1673,2111,51,21,30,20,31,3835,1353,2482,1693,2142
"45",2018,2,"PR",11055,2781,8274,4036,7019,73,23,50,26,47,11128,2804,8324,4062,7066
"46",2018,2,"RJ",15139,3853,11286,5778,9361,133,53,80,53,80,15272,3906,11366,5831,9441
"47",2018,2,"RN",3412,1159,2253,1340,2072,25,7,18,6,19,3437,1166,2271,1346,2091
"48",2018,2,"RO",2047,644,1403,889,1158,13,2,11,6,7,2060,646,1414,895,1165
"49",2018,2,"RR",1129,335,794,550,579,11,1,10,1,10,1140,336,804,551,589
"50",2018,2,"RS",9747,2884,6863,3292,6455,69,35,34,28,41,9816,2919,6897,3320,6496
"51",2018,2,"SC",7102,1744,5358,2419,4683,49,18,31,16,33,7151,1762,5389,2435,4716
"52",2018,2,"SE",2371,934,1437,1018,1353,29,10,19,10,19,2400,944,1456,1028,1372
"53",2018,2,"SP",42838,6844,35994,14170,28668,306,75,231,105,201,43144,6919,36225,14275,28869
"54",2018,2,"TO",1923,496,1427,902,1021,11,3,8,3,8,1934,499,1435,905,1029
"55",2018,3,"AC",1170,514,656,581,589,6,4,2,1,5,1176,518,658,582,594
"56",2018,3,"AL",3317,1429,1888,1667,1650,31,17,14,17,14,3348,1446,1902,1684,1664
"57",2018,3,"AM",6286,2241,4045,3226,3060,75,26,49,30,45,6361,2267,4094,3256,3105
"58",2018,3,"AP",1108,462,646,584,524,18,8,10,9,9,1126,470,656,593,533
"59",2018,3,"BA",13969,4491,9478,5694,8275,202,74,128,80,122,14171,4565,9606,5774,8397
"60",2018,3,"CE",9210,2869,6341,3783,5427,113,49,64,41,72,9323,2918,6405,3824,5499
"61",2018,3,"DF",3344,623,2721,1046,2298,33,9,24,10,23,3377,632,2745,1056,2321
"62",2018,3,"ES",4307,1171,3136,1539,2768,28,14,14,11,17,4335,1185,3150,1550,2785
"63",2018,3,"GO",7478,1638,5840,2960,4518,72,21,51,30,42,7550,1659,5891,2990,4560
"64",2018,3,"MA",8628,2998,5630,4473,4155,113,58,55,60,53,8741,3056,5685,4533,4208
"65",2018,3,"MG",19395,4348,15047,6685,12710,191,53,138,70,121,19586,4401,15185,6755,12831
"66",2018,3,"MS",3361,1046,2315,1441,1920,23,13,10,9,14,3384,1059,2325,1450,1934
"67",2018,3,"MT",4492,961,3531,1937,2555,35,17,18,20,15,4527,978,3549,1957,2570
"68",2018,3,"PA",10445,4256,6189,5468,4977,123,55,68,65,58,10568,4311,6257,5533,5035
"69",2018,3,"PB",4298,1488,2810,1755,2543,53,25,28,20,33,4351,1513,2838,1775,2576
"70",2018,3,"PE",9953,3338,6615,4320,5633,100,44,56,42,58,10053,3382,6671,4362,5691
"71",2018,3,"PI",3939,1357,2582,1775,2164,51,23,28,20,31,3990,1380,2610,1795,2195
"72",2018,3,"PR",11819,2975,8844,4316,7503,81,28,53,34,47,11900,3003,8897,4350,7550
"73",2018,3,"RJ",15900,4044,11856,6108,9792,153,67,86,54,99,16053,4111,11942,6162,9891
"74",2018,3,"RN",3573,1183,2390,1407,2166,28,11,17,14,14,3601,1194,2407,1421,2180
"75",2018,3,"RO",2234,693,1541,984,1250,20,13,7,11,9,2254,706,1548,995,1259
"76",2018,3,"RR",1231,387,844,628,603,8,5,3,4,4,1239,392,847,632,607
"77",2018,3,"RS",11186,3217,7969,3712,7474,77,31,46,30,47,11263,3248,8015,3742,7521
"78",2018,3,"SC",7851,1825,6026,2633,5218,53,19,34,18,35,7904,1844,6060,2651,5253
"79",2018,3,"SE",2560,996,1564,1133,1427,34,15,19,12,22,2594,1011,1583,1145,1449
"80",2018,3,"SP",45341,7286,38055,15033,30308,372,94,278,130,242,45713,7380,38333,15163,30550
"81",2018,3,"TO",1989,513,1476,925,1064,19,5,14,12,7,2008,518,1490,937,1071
"82",2018,4,"AC",1125,494,631,554,571,15,6,9,7,8,1140,500,640,561,579
"83",2018,4,"AL",3252,1426,1826,1654,1598,23,11,12,11,12,3275,1437,1838,1665,1610
"84",2018,4,"AM",6097,2267,3830,3116,2981,59,29,30,23,36,6156,2296,3860,3139,3017
"85",2018,4,"AP",964,353,611,502,462,9,3,6,3,6,973,356,617,505,468
"86",2018,4,"BA",13975,4478,9497,5669,8306,180,60,120,56,124,14155,4538,9617,5725,8430
"87",2018,4,"CE",8928,2852,6076,3655,5273,117,54,63,42,75,9045,2906,6139,3697,5348
"88",2018,4,"DF",3175,576,2599,1029,2146,24,4,20,7,17,3199,580,2619,1036,2163
"89",2018,4,"ES",4372,1205,3167,1591,2781,33,12,21,9,24,4405,1217,3188,1600,2805
"90",2018,4,"GO",7449,1615,5834,2993,4456,61,18,43,31,30,7510,1633,5877,3024,4486
"91",2018,4,"MA",8018,2846,5172,4153,3865,110,58,52,45,65,8128,2904,5224,4198,3930
"92",2018,4,"MG",19516,4491,15025,6749,12767,193,55,138,79,114,19709,4546,15163,6828,12881
"93",2018,4,"MS",3290,999,2291,1420,1870,35,14,21,16,19,3325,1013,2312,1436,1889
"94",2018,4,"MT",4315,907,3408,1779,2536,33,10,23,17,16,4348,917,3431,1796,2552
"95",2018,4,"PA",9448,3831,5617,4927,4521,100,47,53,43,57,9548,3878,5670,4970,4578
"96",2018,4,"PB",4296,1546,2750,1778,2518,34,15,19,13,21,4330,1561,2769,1791,2539
"97",2018,4,"PE",9758,3354,6404,4308,5450,86,41,45,36,50,9844,3395,6449,4344,5500
"98",2018,4,"PI",3596,1209,2387,1598,1998,36,14,22,13,23,3632,1223,2409,1611,2021
"99",2018,4,"PR",11780,2873,8907,4421,7359,78,29,49,30,48,11858,2902,8956,4451,7407
"100",2018,4,"RJ",16064,4184,11880,6397,9667,183,67,116,90,93,16247,4251,11996,6487,9760
"101",2018,4,"RN",3369,1124,2245,1365,2004,38,18,20,16,22,3407,1142,2265,1381,2026
"102",2018,4,"RO",1847,583,1264,835,1012,16,8,8,8,8,1863,591,1272,843,1020
"103",2018,4,"RR",1108,360,748,563,545,6,1,5,3,3,1114,361,753,566,548
"104",2018,4,"RS",10544,3121,7423,3578,6966,86,39,47,27,59,10630,3160,7470,3605,7025
"105",2018,4,"SC",7362,1751,5611,2520,4842,57,24,33,23,34,7419,1775,5644,2543,4876
"106",2018,4,"SE",2525,965,1560,1053,1472,26,14,12,9,17,2551,979,1572,1062,1489
"107",2018,4,"SP",45542,7495,38047,15402,30140,351,100,251,110,241,45893,7595,38298,15512,30381
"108",2018,4,"TO",1838,424,1414,857,981,22,8,14,10,12,1860,432,1428,867,993
"109",2018,5,"AC",1314,590,724,650,664,7,4,3,6,1,1321,594,727,656,665
"110",2018,5,"AL",3647,1601,2046,1827,1820,38,24,14,17,21,3685,1625,2060,1844,1841
"111",2018,5,"AM",6459,2337,4122,3321,3138,78,38,40,35,43,6537,2375,4162,3356,3181
"112",2018,5,"AP",1276,418,858,601,675,24,8,16,11,13,1300,426,874,612,688
"113",2018,5,"BA",16270,5267,11003,6620,9650,196,78,118,58,138,16466,5345,11121,6678,9788
"114",2018,5,"CE",10132,3111,7021,4110,6022,108,41,67,45,63,10240,3152,7088,4155,6085
"115",2018,5,"DF",3630,696,2934,1136,2494,27,4,23,8,19,3657,700,2957,1144,2513
"116",2018,5,"ES",4870,1316,3554,1775,3095,40,15,25,13,27,4910,1331,3579,1788,3122
"117",2018,5,"GO",8822,1910,6912,3482,5340,64,22,42,19,45,8886,1932,6954,3501,5385
"118",2018,5,"MA",9076,3198,5878,4610,4466,112,53,59,52,60,9188,3251,5937,4662,4526
"119",2018,5,"MG",23160,5137,18023,7985,15175,195,58,137,71,124,23355,5195,18160,8056,15299
"120",2018,5,"MS",3969,1239,2730,1687,2282,37,23,14,16,21,4006,1262,2744,1703,2303
"121",2018,5,"MT",4911,1027,3884,2036,2875,39,10,29,17,22,4950,1037,3913,2053,2897
"122",2018,5,"PA",11043,4427,6616,5735,5308,118,52,66,47,71,11161,4479,6682,5782,5379
"123",2018,5,"PB",4948,1745,3203,2032,2916,43,20,23,18,25,4991,1765,3226,2050,2941
"124",2018,5,"PE",11214,3798,7416,4785,6429,94,34,60,33,61,11308,3832,7476,4818,6490
"125",2018,5,"PI",4091,1432,2659,1785,2306,51,30,21,21,30,4142,1462,2680,1806,2336
"126",2018,5,"PR",13789,3339,10450,4966,8823,96,40,56,40,56,13885,3379,10506,5006,8879
"127",2018,5,"RJ",18658,4897,13761,7218,11440,232,93,139,94,138,18890,4990,13900,7312,11578
"128",2018,5,"RN",3813,1222,2591,1532,2281,26,13,13,9,17,3839,1235,2604,1541,2298
"129",2018,5,"RO",2193,662,1531,997,1196,14,6,8,5,9,2207,668,1539,1002,1205
"130",2018,5,"RR",1216,357,859,592,624,8,4,4,3,5,1224,361,863,595,629
"131",2018,5,"RS",12017,3460,8557,4135,7882,86,31,55,33,53,12103,3491,8612,4168,7935
"132",2018,5,"SC",8310,1959,6351,2793,5517,73,22,51,29,44,8383,1981,6402,2822,5561
"133",2018,5,"SE",2895,1174,1721,1215,1680,34,19,15,14,20,2929,1193,1736,1229,1700
"134",2018,5,"SP",53195,8469,44726,17623,35572,439,115,324,162,277,53634,8584,45050,17785,35849
"135",2018,5,"TO",2033,493,1540,956,1077,16,8,8,10,6,2049,501,1548,966,1083
"136",2019,1,"AC",1356,634,722,687,669,15,8,7,6,9,1371,642,729,693,678
"137",2019,1,"AL",3531,1419,2112,1810,1721,39,18,21,20,19,3570,1437,2133,1830,1740
"138",2019,1,"AM",7069,2479,4590,3624,3445,81,26,55,35,46,7150,2505,4645,3659,3491
"139",2019,1,"AP",1311,439,872,649,662,15,6,9,5,10,1326,445,881,654,672
"140",2019,1,"BA",14821,4691,10130,5968,8853,196,75,121,87,109,15017,4766,10251,6055,8962
"141",2019,1,"CE",10187,3022,7165,4078,6109,95,43,52,37,58,10282,3065,7217,4115,6167
"142",2019,1,"DF",3565,630,2935,1102,2463,28,10,18,5,23,3593,640,2953,1107,2486
"143",2019,1,"ES",4331,1163,3168,1520,2811,41,14,27,16,25,4372,1177,3195,1536,2836
"144",2019,1,"GO",7980,1726,6254,3169,4811,66,22,44,25,41,8046,1748,6298,3194,4852
"145",2019,1,"MA",9818,3436,6382,5023,4795,115,42,73,56,59,9933,3478,6455,5079,4854
"146",2019,1,"MG",19936,4284,15652,6838,13098,173,62,111,61,112,20109,4346,15763,6899,13210
"147",2019,1,"MS",3348,1004,2344,1391,1957,32,11,21,9,23,3380,1015,2365,1400,1980
"148",2019,1,"MT",4832,964,3868,2039,2793,41,16,25,16,25,4873,980,3893,2055,2818
"149",2019,1,"PA",11514,4558,6956,6025,5489,117,52,65,53,64,11631,4610,7021,6078,5553
"150",2019,1,"PB",4971,1711,3260,2031,2940,40,20,20,18,22,5011,1731,3280,2049,2962
"151",2019,1,"PE",11027,3717,7310,4738,6289,101,42,59,43,58,11128,3759,7369,4781,6347
"152",2019,1,"PI",3963,1287,2676,1750,2213,36,17,19,11,25,3999,1304,2695,1761,2238
"153",2019,1,"PR",11385,2586,8799,4094,7291,74,23,51,20,54,11459,2609,8850,4114,7345
"154",2019,1,"RJ",15665,3898,11767,5952,9713,164,64,100,63,101,15829,3962,11867,6015,9814
"155",2019,1,"RN",3528,1256,2272,1412,2116,36,20,16,14,22,3564,1276,2288,1426,2138
"156",2019,1,"RO",2318,696,1622,1025,1293,25,9,16,11,14,2343,705,1638,1036,1307
"157",2019,1,"RR",1382,435,947,717,665,12,3,9,7,5,1394,438,956,724,670
"158",2019,1,"RS",10120,2865,7255,3314,6806,63,26,37,21,42,10183,2891,7292,3335,6848
"159",2019,1,"SC",7237,1623,5614,2399,4838,43,12,31,8,35,7280,1635,5645,2407,4873
"160",2019,1,"SE",2664,1074,1590,1136,1528,20,7,13,8,12,2684,1081,1603,1144,1540
"161",2019,1,"SP",44799,6860,37939,14550,30249,313,73,240,96,217,45112,6933,38179,14646,30466
"162",2019,1,"TO",1942,469,1473,869,1073,20,3,17,3,17,1962,472,1490,872,1090
"163",2019,2,"AC",1214,554,660,611,603,12,6,6,5,7,1226,560,666,616,610
"164",2019,2,"AL",3086,1318,1768,1566,1520,32,20,12,14,18,3118,1338,1780,1580,1538
"165",2019,2,"AM",5884,2069,3815,3000,2884,57,21,36,26,31,5941,2090,3851,3026,2915
"166",2019,2,"AP",1064,371,693,506,558,9,1,8,3,6,1073,372,701,509,564
"167",2019,2,"BA",12450,3935,8515,5060,7390,157,65,92,62,95,12607,4000,8607,5122,7485
"168",2019,2,"CE",8508,2550,5958,3398,5110,86,31,55,33,53,8594,2581,6013,3431,5163
"169",2019,2,"DF",3035,551,2484,897,2138,25,6,19,6,19,3060,557,2503,903,2157
"170",2019,2,"ES",3896,1018,2878,1407,2489,19,6,13,9,10,3915,1024,2891,1416,2499
"171",2019,2,"GO",6673,1466,5207,2648,4025,61,18,43,19,42,6734,1484,5250,2667,4067
"172",2019,2,"MA",8045,2792,5253,4125,3920,106,52,54,52,54,8151,2844,5307,4177,3974
"173",2019,2,"MG",17574,3715,13859,6018,11556,154,48,106,56,98,17728,3763,13965,6074,11654
"174",2019,2,"MS",3045,906,2139,1265,1780,28,13,15,13,15,3073,919,2154,1278,1795
"175",2019,2,"MT",4162,820,3342,1661,2501,39,11,28,19,20,4201,831,3370,1680,2521
"176",2019,2,"PA",9595,3905,5690,4943,4652,116,54,62,56,60,9711,3959,5752,4999,4712
"177",2019,2,"PB",4024,1436,2588,1634,2390,31,11,20,10,21,4055,1447,2608,1644,2411
"178",2019,2,"PE",9179,3055,6124,3934,5245,104,40,64,47,57,9283,3095,6188,3981,5302
"179",2019,2,"PI",3376,1115,2261,1424,1952,30,14,16,11,19,3406,1129,2277,1435,1971
"180",2019,2,"PR",10756,2448,8308,3813,6943,57,17,40,23,34,10813,2465,8348,3836,6977
"181",2019,2,"RJ",13911,3443,10468,5268,8643,150,61,89,59,91,14061,3504,10557,5327,8734
"182",2019,2,"RN",2755,1023,1732,1164,1591,29,16,13,9,20,2784,1039,1745,1173,1611
"183",2019,2,"RO",1845,566,1279,778,1067,11,5,6,6,5,1856,571,1285,784,1072
"184",2019,2,"RR",1134,345,789,574,560,13,2,11,7,6,1147,347,800,581,566
"185",2019,2,"RS",9322,2587,6735,3144,6178,66,23,43,27,39,9388,2610,6778,3171,6217
"186",2019,2,"SC",6572,1498,5074,2066,4506,58,17,41,22,36,6630,1515,5115,2088,4542
"187",2019,2,"SE",2232,880,1352,923,1309,23,15,8,14,9,2255,895,1360,937,1318
"188",2019,2,"SP",40527,6342,34185,13307,27220,260,58,202,82,178,40787,6400,34387,13389,27398
"189",2019,2,"TO",1797,417,1380,817,980,17,10,7,12,5,1814,427,1387,829,985
"190",2019,3,"AC",1123,514,609,556,567,9,3,6,6,3,1132,517,615,562,570
"191",2019,3,"AL",3264,1329,1935,1625,1639,34,14,20,14,20,3298,1343,1955,1639,1659
"192",2019,3,"AM",6084,2050,4034,3139,2945,76,31,45,33,43,6160,2081,4079,3172,2988
"193",2019,3,"AP",1259,414,845,577,682,16,10,6,12,4,1275,424,851,589,686
"194",2019,3,"BA",12780,3913,8867,5123,7657,149,67,82,59,90,12929,3980,8949,5182,7747
"195",2019,3,"CE",9023,2762,6261,3473,5550,112,48,64,43,69,9135,2810,6325,3516,5619
"196",2019,3,"DF",3024,518,2506,921,2103,18,10,8,7,11,3042,528,2514,928,2114
"197",2019,3,"ES",3928,1017,2911,1369,2559,22,8,14,11,11,3950,1025,2925,1380,2570
"198",2019,3,"GO",7160,1565,5595,2807,4353,54,18,36,19,35,7214,1583,5631,2826,4388
"199",2019,3,"MA",7919,2684,5235,3986,3933,99,55,44,40,59,8018,2739,5279,4026,3992
"200",2019,3,"MG",18294,3890,14404,6193,12101,178,57,121,65,113,18472,3947,14525,6258,12214
"201",2019,3,"MS",3326,974,2352,1382,1944,34,13,21,13,21,3360,987,2373,1395,1965
"202",2019,3,"MT",4361,898,3463,1820,2541,41,12,29,18,23,4402,910,3492,1838,2564
"203",2019,3,"PA",9826,3878,5948,4860,4966,137,66,71,60,77,9963,3944,6019,4920,5043
"204",2019,3,"PB",3914,1276,2638,1556,2358,39,19,20,20,19,3953,1295,2658,1576,2377
"205",2019,3,"PE",9298,2986,6312,3923,5375,88,38,50,38,50,9386,3024,6362,3961,5425
"206",2019,3,"PI",3319,1081,2238,1458,1861,33,14,19,18,15,3352,1095,2257,1476,1876
"207",2019,3,"PR",11737,2796,8941,4154,7583,73,17,56,19,54,11810,2813,8997,4173,7637
"208",2019,3,"RJ",15032,3680,11352,5693,9339,172,61,111,63,109,15204,3741,11463,5756,9448
"209",2019,3,"RN",2895,1010,1885,1142,1753,36,11,25,10,26,2931,1021,1910,1152,1779
"210",2019,3,"RO",1924,567,1357,850,1074,14,6,8,7,7,1938,573,1365,857,1081
"211",2019,3,"RR",1136,359,777,569,567,8,4,4,3,5,1144,363,781,572,572
"212",2019,3,"RS",10606,3019,7587,3510,7096,66,29,37,19,47,10672,3048,7624,3529,7143
"213",2019,3,"SC",7417,1640,5777,2435,4982,69,18,51,22,47,7486,1658,5828,2457,5029
"214",2019,3,"SE",2392,936,1456,1000,1392,29,11,18,13,16,2421,947,1474,1013,1408
"215",2019,3,"SP",43973,6928,37045,14409,29564,356,91,265,113,243,44329,7019,37310,14522,29807
"216",2019,3,"TO",1799,453,1346,815,984,19,8,11,12,7,1818,461,1357,827,991
"217",2019,4,"AC",1033,442,591,545,488,14,10,4,7,7,1047,452,595,552,495
"218",2019,4,"AL",3223,1327,1896,1581,1642,25,13,12,12,13,3248,1340,1908,1593,1655
"219",2019,4,"AM",5788,2002,3786,2973,2815,90,29,61,44,46,5878,2031,3847,3017,2861
"220",2019,4,"AP",1000,349,651,488,512,13,8,5,7,6,1013,357,656,495,518
"221",2019,4,"BA",12554,3885,8669,5036,7518,172,69,103,66,106,12726,3954,8772,5102,7624
"222",2019,4,"CE",8570,2543,6027,3466,5104,96,38,58,36,60,8666,2581,6085,3502,5164
"223",2019,4,"DF",3007,496,2511,900,2107,29,5,24,8,21,3036,501,2535,908,2128
"224",2019,4,"ES",4169,1125,3044,1547,2622,27,12,15,9,18,4196,1137,3059,1556,2640
"225",2019,4,"GO",7051,1537,5514,2656,4395,50,18,32,18,32,7101,1555,5546,2674,4427
"226",2019,4,"MA",7017,2438,4579,3576,3441,90,49,41,46,44,7107,2487,4620,3622,3485
"227",2019,4,"MG",18396,3861,14535,6341,12055,178,52,126,60,118,18574,3913,14661,6401,12173
"228",2019,4,"MS",3456,1010,2446,1408,2048,29,16,13,13,16,3485,1026,2459,1421,2064
"229",2019,4,"MT",4297,822,3475,1849,2448,43,18,25,18,25,4340,840,3500,1867,2473
"230",2019,4,"PA",9165,3530,5635,4740,4425,112,48,64,40,72,9277,3578,5699,4780,4497
"231",2019,4,"PB",3807,1303,2504,1544,2263,36,11,25,11,25,3843,1314,2529,1555,2288
"232",2019,4,"PE",8932,2874,6058,3869,5063,103,36,67,47,56,9035,2910,6125,3916,5119
"233",2019,4,"PI",3032,964,2068,1325,1707,48,20,28,18,30,3080,984,2096,1343,1737
"234",2019,4,"PR",11856,2694,9162,4207,7649,75,24,51,27,48,11931,2718,9213,4234,7697
"235",2019,4,"RJ",15434,3948,11486,5911,9523,183,70,113,68,115,15617,4018,11599,5979,9638
"236",2019,4,"RN",3022,977,2045,1190,1832,28,17,11,12,16,3050,994,2056,1202,1848
"237",2019,4,"RO",1878,521,1357,818,1060,13,5,8,5,8,1891,526,1365,823,1068
"238",2019,4,"RR",1040,328,712,537,503,9,3,6,6,3,1049,331,718,543,506
"239",2019,4,"RS",10666,3030,7636,3594,7072,60,26,34,21,39,10726,3056,7670,3615,7111
"240",2019,4,"SC",7795,1778,6017,2656,5139,59,26,33,22,37,7854,1804,6050,2678,5176
"241",2019,4,"SE",2359,854,1505,1001,1358,24,15,9,8,16,2383,869,1514,1009,1374
"242",2019,4,"SP",43653,6619,37034,14372,29281,365,95,270,119,246,44018,6714,37304,14491,29527
"243",2019,4,"TO",1640,376,1264,722,918,13,6,7,4,9,1653,382,1271,726,927
"244",2019,5,"AC",1200,529,671,615,585,6,2,4,2,4,1206,531,675,617,589
"245",2019,5,"AL",3635,1553,2082,1824,1811,27,13,14,11,16,3662,1566,2096,1835,1827
"246",2019,5,"AM",6529,2228,4301,3349,3180,79,28,51,32,47,6608,2256,4352,3381,3227
"247",2019,5,"AP",971,360,611,490,481,21,12,9,11,10,992,372,620,501,491
"248",2019,5,"BA",14477,4411,10066,5731,8746,157,53,104,53,104,14634,4464,10170,5784,8850
"249",2019,5,"CE",9454,2873,6581,3716,5738,98,52,46,35,63,9552,2925,6627,3751,5801
"250",2019,5,"DF",3303,526,2777,982,2321,35,5,30,11,24,3338,531,2807,993,2345
"251",2019,5,"ES",4671,1233,3438,1636,3035,30,18,12,13,17,4701,1251,3450,1649,3052
"252",2019,5,"GO",7999,1584,6415,3125,4874,55,13,42,23,32,8054,1597,6457,3148,4906
"253",2019,5,"MA",7504,2451,5053,3751,3753,99,53,46,41,58,7603,2504,5099,3792,3811
"254",2019,5,"MG",20920,4288,16632,7170,13750,191,57,134,60,131,21111,4345,16766,7230,13881
"255",2019,5,"MS",3583,1088,2495,1480,2103,36,19,17,16,20,3619,1107,2512,1496,2123
"256",2019,5,"MT",4695,894,3801,1936,2759,49,17,32,13,36,4744,911,3833,1949,2795
"257",2019,5,"PA",10027,3904,6123,5184,4843,113,50,63,53,60,10140,3954,6186,5237,4903
"258",2019,5,"PB",4357,1496,2861,1812,2545,41,18,23,19,22,4398,1514,2884,1831,2567
"259",2019,5,"PE",10221,3221,7000,4298,5923,113,57,56,40,73,10334,3278,7056,4338,5996
"260",2019,5,"PI",3315,1030,2285,1458,1857,23,5,18,8,15,3338,1035,2303,1466,1872
"261",2019,5,"PR",12859,2886,9973,4499,8360,93,17,76,36,57,12952,2903,10049,4535,8417
"262",2019,5,"RJ",17166,4355,12811,6604,10562,196,77,119,85,111,17362,4432,12930,6689,10673
"263",2019,5,"RN",3536,1120,2416,1382,2154,32,15,17,11,21,3568,1135,2433,1393,2175
"264",2019,5,"RO",2015,564,1451,886,1129,21,8,13,11,10,2036,572,1464,897,1139
"265",2019,5,"RR",1213,399,814,598,615,18,3,15,8,10,1231,402,829,606,625
"266",2019,5,"RS",11935,3318,8617,3981,7954,78,32,46,28,50,12013,3350,8663,4009,8004
"267",2019,5,"SC",8218,1828,6390,2675,5543,54,23,31,20,34,8272,1851,6421,2695,5577
"268",2019,5,"SE",2601,1028,1573,1142,1459,24,7,17,12,12,2625,1035,1590,1154,1471
"269",2019,5,"SP",48302,7530,40772,15763,32539,358,78,280,132,226,48660,7608,41052,15895,32765
"270",2019,5,"TO",1843,440,1403,828,1015,26,14,12,11,15,1869,454,1415,839,1030
"271",2020,1,"AC",1224,461,763,606,618,9,4,5,6,3,1233,465,768,612,621
"272",2020,1,"AL",4180,1626,2554,2033,2147,33,17,16,11,22,4213,1643,2570,2044,2169
"273",2020,1,"AM",6490,2145,4345,3335,3155,58,24,34,26,32,6548,2169,4379,3361,3187
"274",2020,1,"AP",1294,448,846,625,669,9,2,7,4,5,1303,450,853,629,674
"275",2020,1,"BA",14676,4489,10187,5846,8830,169,67,102,54,115,14845,4556,10289,5900,8945
"276",2020,1,"CE",9215,2703,6512,3649,5566,89,42,47,33,56,9304,2745,6559,3682,5622
"277",2020,1,"DF",3360,486,2874,1007,2353,24,4,20,4,20,3384,490,2894,1011,2373
"278",2020,1,"ES",4091,1065,3026,1442,2649,28,9,19,16,12,4119,1074,3045,1458,2661
"279",2020,1,"GO",7415,1419,5996,2876,4539,70,16,54,27,43,7485,1435,6050,2903,4582
"280",2020,1,"MA",8641,2905,5736,4390,4251,106,53,53,42,64,8747,2958,5789,4432,4315
"281",2020,1,"MG",19276,3811,15465,6358,12918,146,40,106,62,84,19422,3851,15571,6420,13002
"282",2020,1,"MS",3213,874,2339,1308,1905,29,12,17,15,14,3242,886,2356,1323,1919
"283",2020,1,"MT",4524,866,3658,1854,2670,45,21,24,13,32,4569,887,3682,1867,2702
"284",2020,1,"PA",11129,4247,6882,5704,5425,127,63,64,55,72,11256,4310,6946,5759,5497
"285",2020,1,"PB",4534,1509,3025,1819,2715,50,22,28,20,30,4584,1531,3053,1839,2745
"286",2020,1,"PE",10456,3308,7148,4447,6009,88,39,49,35,53,10544,3347,7197,4482,6062
"287",2020,1,"PI",3824,1205,2619,1724,2100,44,21,23,12,32,3868,1226,2642,1736,2132
"288",2020,1,"PR",11344,2549,8795,3998,7346,54,15,39,12,42,11398,2564,8834,4010,7388
"289",2020,1,"RJ",14984,3505,11479,5659,9325,175,65,110,76,99,15159,3570,11589,5735,9424
"290",2020,1,"RN",3428,1128,2300,1310,2118,31,17,14,11,20,3459,1145,2314,1321,2138
"291",2020,1,"RO",2006,571,1435,857,1149,21,12,9,8,13,2027,583,1444,865,1162
"292",2020,1,"RR",1236,412,824,608,628,7,2,5,4,3,1243,414,829,612,631
"293",2020,1,"RS",10331,2683,7648,3359,6972,74,20,54,18,56,10405,2703,7702,3377,7028
"294",2020,1,"SC",7701,1602,6099,2492,5209,67,17,50,18,49,7768,1619,6149,2510,5258
"295",2020,1,"SE",2488,924,1564,984,1504,19,8,11,7,12,2507,932,1575,991,1516
"296",2020,1,"SP",43440,6195,37245,14005,29435,296,67,229,101,195,43736,6262,37474,14106,29630
"297",2020,1,"TO",1909,398,1511,847,1062,14,9,5,9,5,1923,407,1516,856,1067
"298",2020,2,"AC",1068,446,622,559,509,13,7,6,5,8,1081,453,628,564,517
"299",2020,2,"AL",3619,1407,2212,1766,1853,29,13,16,15,14,3648,1420,2228,1781,1867
"300",2020,2,"AM",5875,2009,3866,2990,2885,53,23,30,24,29,5928,2032,3896,3014,2914
"301",2020,2,"AP",1128,402,726,558,570,7,5,2,2,5,1135,407,728,560,575
"302",2020,2,"BA",12846,3925,8921,5161,7685,148,50,98,53,95,12994,3975,9019,5214,7780
"303",2020,2,"CE",8312,2336,5976,3205,5107,83,39,44,37,46,8395,2375,6020,3242,5153
"304",2020,2,"DF",2974,471,2503,891,2083,14,2,12,4,10,2988,473,2515,895,2093
"305",2020,2,"ES",3992,1023,2969,1368,2624,24,13,11,11,13,4016,1036,2980,1379,2637
"306",2020,2,"GO",6674,1253,5421,2523,4151,61,22,39,20,41,6735,1275,5460,2543,4192
"307",2020,2,"MA",7461,2477,4984,3792,3669,77,36,41,28,49,7538,2513,5025,3820,3718
"308",2020,2,"MG",17526,3543,13983,5828,11698,168,49,119,77,91,17694,3592,14102,5905,11789
"309",2020,2,"MS",2623,724,1899,1004,1619,22,6,16,6,16,2645,730,1915,1010,1635
"310",2020,2,"MT",4229,815,3414,1785,2444,38,14,24,12,26,4267,829,3438,1797,2470
"311",2020,2,"PA",9939,3812,6127,5055,4884,102,48,54,42,60,10041,3860,6181,5097,4944
"312",2020,2,"PB",4022,1277,2745,1596,2426,33,9,24,12,21,4055,1286,2769,1608,2447
"313",2020,2,"PE",9308,2950,6358,4004,5304,92,35,57,41,51,9400,2985,6415,4045,5355
"314",2020,2,"PI",3350,1053,2297,1478,1872,29,11,18,12,17,3379,1064,2315,1490,1889
"315",2020,2,"PR",10537,2353,8184,3694,6843,63,16,47,24,39,10600,2369,8231,3718,6882
"316",2020,2,"RJ",13940,3277,10663,5342,8598,153,59,94,59,94,14093,3336,10757,5401,8692
"317",2020,2,"RN",3149,1016,2133,1189,1960,39,18,21,15,24,3188,1034,2154,1204,1984
"318",2020,2,"RO",1830,531,1299,801,1029,18,8,10,8,10,1848,539,1309,809,1039
"319",2020,2,"RR",1108,411,697,550,558,7,3,4,4,3,1115,414,701,554,561
"320",2020,2,"RS",9466,2493,6973,3106,6360,66,18,48,25,41,9532,2511,7021,3131,6401
"321",2020,2,"SC",7011,1513,5498,2233,4778,61,12,49,19,42,7072,1525,5547,2252,4820
"322",2020,2,"SE",2152,821,1331,849,1303,20,11,9,6,14,2172,832,1340,855,1317
"323",2020,2,"SP",40547,5917,34630,13116,27431,311,62,249,88,223,40858,5979,34879,13204,27654
"324",2020,2,"TO",1782,411,1371,809,973,12,3,9,5,7,1794,414,1380,814,980
"325",2020,3,"AC",1103,426,677,518,585,12,4,8,5,7,1115,430,685,523,592
"326",2020,3,"AL",3420,1380,2040,1664,1756,30,17,13,12,18,3450,1397,2053,1676,1774
"327",2020,3,"AM",5894,1931,3963,2944,2950,75,38,37,28,47,5969,1969,4000,2972,2997
"328",2020,3,"AP",1095,401,694,530,565,10,4,6,3,7,1105,405,700,533,572
"329",2020,3,"BA",12665,3926,8739,5003,7662,173,73,100,65,108,12838,3999,8839,5068,7770
"330",2020,3,"CE",8266,2312,5954,3275,4991,81,24,57,29,52,8347,2336,6011,3304,5043
"331",2020,3,"DF",2786,418,2368,798,1988,31,2,29,9,22,2817,420,2397,807,2010
"332",2020,3,"ES",3978,1041,2937,1387,2591,29,10,19,10,19,4007,1051,2956,1397,2610
"333",2020,3,"GO",6719,1334,5385,2633,4086,56,11,45,23,33,6775,1345,5430,2656,4119
"334",2020,3,"MA",7027,2273,4754,3507,3520,90,47,43,46,44,7117,2320,4797,3553,3564
"335",2020,3,"MG",18471,3699,14772,6314,12157,186,46,140,63,123,18657,3745,14912,6377,12280
"336",2020,3,"MS",2897,834,2063,1174,1723,37,14,23,15,22,2934,848,2086,1189,1745
"337",2020,3,"MT",4272,867,3405,1816,2456,37,9,28,11,26,4309,876,3433,1827,2482
"338",2020,3,"PA",9844,3880,5964,5002,4842,109,47,62,53,56,9953,3927,6026,5055,4898
"339",2020,3,"PB",4034,1332,2702,1632,2402,36,13,23,11,25,4070,1345,2725,1643,2427
"340",2020,3,"PE",9151,2982,6169,3981,5170,93,28,65,35,58,9244,3010,6234,4016,5228
"341",2020,3,"PI",3103,995,2108,1310,1793,36,16,20,21,15,3139,1011,2128,1331,1808
"342",2020,3,"PR",11360,2544,8816,4074,7286,79,26,53,32,47,11439,2570,8869,4106,7333
"343",2020,3,"RJ",14824,3610,11214,5776,9048,153,66,87,58,95,14977,3676,11301,5834,9143
"344",2020,3,"RN",3258,1101,2157,1281,1977,33,15,18,13,20,3291,1116,2175,1294,1997
"345",2020,3,"RO",1962,529,1433,846,1116,11,4,7,5,6,1973,533,1440,851,1122
"346",2020,3,"RR",1100,367,733,542,558,4,1,3,1,3,1104,368,736,543,561
"347",2020,3,"RS",10125,2823,7302,3373,6752,73,24,49,28,45,10198,2847,7351,3401,6797
"348",2020,3,"SC",7623,1699,5924,2578,5045,52,21,31,14,38,7675,1720,5955,2592,5083
"349",2020,3,"SE",2248,892,1356,988,1260,25,12,13,11,14,2273,904,1369,999,1274
"350",2020,3,"SP",42380,6190,36190,13909,28471,344,64,280,132,212,42724,6254,36470,14041,28683
"351",2020,3,"TO",1810,399,1411,761,1049,9,4,5,3,6,1819,403,1416,764,1055
"352",2020,4,"AC",956,381,575,487,469,12,5,7,6,6,968,386,582,493,475
"353",2020,4,"AL",3456,1424,2032,1727,1729,20,11,9,6,14,3476,1435,2041,1733,1743
"354",2020,4,"AM",5320,1795,3525,2687,2633,65,30,35,24,41,5385,1825,3560,2711,2674
"355",2020,4,"AP",1078,366,712,520,558,12,6,6,6,6,1090,372,718,526,564
"356",2020,4,"BA",12241,3814,8427,4943,7298,170,66,104,64,106,12411,3880,8531,5007,7404
"357",2020,4,"CE",7611,2173,5438,2998,4613,103,42,61,40,63,7714,2215,5499,3038,4676
"358",2020,4,"DF",2703,425,2278,832,1871,26,5,21,10,16,2729,430,2299,842,1887
"359",2020,4,"ES",4179,1013,3166,1508,2671,38,21,17,15,23,4217,1034,3183,1523,2694
"360",2020,4,"GO",6831,1334,5497,2726,4105,65,20,45,24,41,6896,1354,5542,2750,4146
"361",2020,4,"MA",6566,2181,4385,3369,3197,84,38,46,48,36,6650,2219,4431,3417,3233
"362",2020,4,"MG",17572,3498,14074,6065,11507,159,42,117,63,96,17731,3540,14191,6128,11603
"363",2020,4,"MS",3319,945,2374,1385,1934,40,18,22,15,25,3359,963,2396,1400,1959
"364",2020,4,"MT",4148,791,3357,1771,2377,41,11,30,12,29,4189,802,3387,1783,2406
"365",2020,4,"PA",8577,3281,5296,4521,4056,96,47,49,50,46,8673,3328,5345,4571,4102
"366",2020,4,"PB",3706,1226,2480,1581,2125,39,19,20,13,26,3745,1245,2500,1594,2151
"367",2020,4,"PE",8626,2815,5811,3800,4826,87,34,53,30,57,8713,2849,5864,3830,4883
"368",2020,4,"PI",2750,890,1860,1162,1588,30,10,20,9,21,2780,900,1880,1171,1609
"369",2020,4,"PR",11276,2581,8695,4093,7183,73,24,49,23,50,11349,2605,8744,4116,7233
"370",2020,4,"RJ",14434,3588,10846,5775,8659,168,61,107,74,94,14602,3649,10953,5849,8753
"371",2020,4,"RN",3053,1024,2029,1188,1865,31,15,16,19,12,3084,1039,2045,1207,1877
"372",2020,4,"RO",1765,486,1279,751,1014,16,3,13,7,9,1781,489,1292,758,1023
"373",2020,4,"RR",979,323,656,487,492,5,0,5,2,3,984,323,661,489,495
"374",2020,4,"RS",10201,2852,7349,3532,6669,65,27,38,22,43,10266,2879,7387,3554,6712
"375",2020,4,"SC",7304,1613,5691,2361,4943,64,18,46,22,42,7368,1631,5737,2383,4985
"376",2020,4,"SE",2325,903,1422,963,1362,34,15,19,9,25,2359,918,1441,972,1387
"377",2020,4,"SP",41459,6093,35366,13868,27591,314,74,240,108,206,41773,6167,35606,13976,27797
"378",2020,4,"TO",1681,364,1317,740,941,16,5,11,6,10,1697,369,1328,746,951
"379",2020,5,"AC",995,412,583,500,495,10,6,4,6,4,1005,418,587,506,499
"380",2020,5,"AL",3837,1625,2212,1893,1944,32,15,17,13,19,3869,1640,2229,1906,1963
"381",2020,5,"AM",6180,1994,4186,3169,3011,88,40,48,40,48,6268,2034,4234,3209,3059
"382",2020,5,"AP",1098,354,744,534,564,10,5,5,4,6,1108,359,749,538,570
"383",2020,5,"BA",13910,4324,9586,5597,8313,192,87,105,80,112,14102,4411,9691,5677,8425
"384",2020,5,"CE",8364,2379,5985,3332,5032,90,40,50,31,59,8454,2419,6035,3363,5091
"385",2020,5,"DF",3083,510,2573,920,2163,28,5,23,12,16,3111,515,2596,932,2179
"386",2020,5,"ES",4434,1183,3251,1621,2813,49,19,30,21,28,4483,1202,3281,1642,2841
"387",2020,5,"GO",7503,1491,6012,2864,4639,59,24,35,27,32,7562,1515,6047,2891,4671
"388",2020,5,"MA",7116,2377,4739,3602,3514,83,42,41,38,45,7199,2419,4780,3640,3559
"389",2020,5,"MG",20369,4126,16243,7073,13296,185,47,138,69,116,20554,4173,16381,7142,13412
"390",2020,5,"MS",3796,1126,2670,1565,2231,35,16,19,17,18,3831,1142,2689,1582,2249
"391",2020,5,"MT",4567,831,3736,1931,2636,32,9,23,12,20,4599,840,3759,1943,2656
"392",2020,5,"PA",9355,3582,5773,4892,4463,93,46,47,50,43,9448,3628,5820,4942,4506
"393",2020,5,"PB",4185,1455,2730,1721,2464,46,32,14,21,25,4231,1487,2744,1742,2489
"394",2020,5,"PE",9997,3302,6695,4405,5592,84,29,55,39,45,10081,3331,6750,4444,5637
"395",2020,5,"PI",2938,943,1995,1290,1648,29,13,16,12,17,2967,956,2011,1302,1665
"396",2020,5,"PR",11825,2638,9187,4189,7636,86,27,59,31,55,11911,2665,9246,4220,7691
"397",2020,5,"RJ",15812,3850,11962,6117,9695,188,80,108,80,108,16000,3930,12070,6197,9803
"398",2020,5,"RN",3413,1131,2282,1318,2095,28,10,18,10,18,3441,1141,2300,1328,2113
"399",2020,5,"RO",1917,514,1403,858,1059,16,6,10,7,9,1933,520,1413,865,1068
"400",2020,5,"RR",982,330,652,497,485,13,6,7,4,9,995,336,659,501,494
"401",2020,5,"RS",11137,3023,8114,3717,7420,74,37,37,36,38,11211,3060,8151,3753,7458
"402",2020,5,"SC",7987,1754,6233,2639,5348,68,22,46,30,38,8055,1776,6279,2669,5386
"403",2020,5,"SE",2472,965,1507,1033,1439,31,11,20,9,22,2503,976,1527,1042,1461
"404",2020,5,"SP",45911,6718,39193,15015,30896,359,71,288,128,231,46270,6789,39481,15143,31127
"405",2020,5,"TO",1787,382,1405,787,1000,24,6,18,8,16,1811,388,1423,795,1016
