"","year","month","UF","nconcep","nconcep_educ_low","nconcep_educ_high","nconcep_age_young","nconcep_age_old","nfetal","nfetal_educ_low","nfetal_educ_high","nfetal_age_young","nfetal_age_old","totalconcep","totalconcep_educ_low","totalconcep_educ_high","totalconcep_age_young","totalconcep_age_old"
"1",2018,1,"AC",1435,640,795,730,705,13,0,0,0,0,1448,640,795,730,705
"2",2018,1,"AL",3853,1683,2170,1998,1855,47,0,0,0,0,3900,1683,2170,1998,1855
"3",2018,1,"AM",6997,2533,4464,3711,3286,56,0,0,0,0,7053,2533,4464,3711,3286
"4",2018,1,"AP",1291,478,813,653,638,14,0,0,0,0,1305,478,813,653,638
"5",2018,1,"BA",15302,4850,10452,6293,9009,195,0,0,0,0,15497,4850,10452,6293,9009
"6",2018,1,"CE",10291,3274,7017,4263,6028,109,0,0,0,0,10400,3274,7017,4263,6028
"7",2018,1,"DF",3757,657,3100,1107,2650,28,0,0,0,0,3785,657,3100,1107,2650
"8",2018,1,"ES",4457,1194,3263,1547,2910,26,0,0,0,0,4483,1194,3263,1547,2910
"9",2018,1,"GO",8230,1751,6479,3308,4922,89,0,0,0,0,8319,1751,6479,3308,4922
"10",2018,1,"MA",10297,3661,6636,5363,4934,157,0,0,0,0,10454,3661,6636,5363,4934
"11",2018,1,"MG",21108,4682,16426,7314,13794,174,0,0,0,0,21282,4682,16426,7314,13794
"12",2018,1,"MS",3550,1076,2474,1508,2042,28,0,0,0,0,3578,1076,2474,1508,2042
"13",2018,1,"MT",4815,1058,3757,2071,2744,47,0,0,0,0,4862,1058,3757,2071,2744
"14",2018,1,"PA",11955,4931,7024,6362,5593,128,0,0,0,0,12083,4931,7024,6362,5593
"15",2018,1,"PB",5090,1792,3298,2098,2992,45,0,0,0,0,5135,1792,3298,2098,2992
"16",2018,1,"PE",11314,3862,7452,4983,6331,90,0,0,0,0,11404,3862,7452,4983,6331
"17",2018,1,"PI",4424,1504,2920,2017,2407,49,0,0,0,0,4473,1504,2920,2017,2407
"18",2018,1,"PR",12285,2948,9337,4477,7808,79,0,0,0,0,12364,2948,9337,4477,7808
"19",2018,1,"RJ",16281,4116,12165,6315,9966,181,0,0,0,0,16462,4116,12165,6315,9966
"20",2018,1,"RN",4043,1316,2727,1619,2424,43,0,0,0,0,4086,1316,2727,1619,2424
"21",2018,1,"RO",2392,754,1638,1093,1299,9,0,0,0,0,2401,754,1638,1093,1299
"22",2018,1,"RR",1295,414,881,663,632,11,0,0,0,0,1306,414,881,663,632
"23",2018,1,"RS",11288,3221,8067,3777,7511,71,0,0,0,0,11359,3221,8067,3777,7511
"24",2018,1,"SC",7725,1866,5859,2555,5170,59,0,0,0,0,7784,1866,5859,2555,5170
"25",2018,1,"SE",2619,1031,1588,1141,1478,26,0,0,0,0,2645,1031,1588,1141,1478
"26",2018,1,"SP",48135,7668,40467,15652,32483,355,0,0,0,0,48490,7668,40467,15652,32483
"27",2018,1,"TO",2174,573,1601,1044,1130,15,0,0,0,0,2189,573,1601,1044,1130
"28",2018,2,"AC",1143,507,636,579,564,15,0,0,0,0,1158,507,636,579,564
"29",2018,2,"AL",3163,1322,1841,1644,1519,30,0,0,0,0,3193,1322,1841,1644,1519
"30",2018,2,"AM",6064,2305,3759,3154,2910,74,0,0,0,0,6138,2305,3759,3154,2910
"31",2018,2,"AP",1131,425,706,606,525,12,0,0,0,0,1143,425,706,606,525
"32",2018,2,"BA",13451,4368,9083,5463,7988,171,0,0,0,0,13622,4368,9083,5463,7988
"33",2018,2,"CE",9193,2995,6198,3911,5282,78,0,0,0,0,9271,2995,6198,3911,5282
"34",2018,2,"DF",3239,589,2650,974,2265,22,0,0,0,0,3261,589,2650,974,2265
"35",2018,2,"ES",3963,1105,2858,1437,2526,26,0,0,0,0,3989,1105,2858,1437,2526
"36",2018,2,"GO",7162,1557,5605,2871,4291,57,0,0,0,0,7219,1557,5605,2871,4291
"37",2018,2,"MA",8641,3129,5512,4384,4257,85,0,0,0,0,8726,3129,5512,4384,4257
"38",2018,2,"MG",18382,4160,14222,6441,11941,168,0,0,0,0,18550,4160,14222,6441,11941
"39",2018,2,"MS",3096,944,2152,1279,1817,19,0,0,0,0,3115,944,2152,1279,1817
"40",2018,2,"MT",4167,873,3294,1772,2395,35,0,0,0,0,4202,873,3294,1772,2395
"41",2018,2,"PA",10381,4334,6047,5483,4898,113,0,0,0,0,10494,4334,6047,5483,4898
"42",2018,2,"PB",4335,1541,2794,1791,2544,26,0,0,0,0,4361,1541,2794,1791,2544
"43",2018,2,"PE",9828,3413,6415,4211,5617,74,0,0,0,0,9902,3413,6415,4211,5617
"44",2018,2,"PI",3784,1332,2452,1673,2111,51,0,0,0,0,3835,1332,2452,1673,2111
"45",2018,2,"PR",11055,2781,8274,4036,7019,73,0,0,0,0,11128,2781,8274,4036,7019
"46",2018,2,"RJ",15139,3853,11286,5778,9361,133,0,0,0,0,15272,3853,11286,5778,9361
"47",2018,2,"RN",3412,1159,2253,1340,2072,25,0,0,0,0,3437,1159,2253,1340,2072
"48",2018,2,"RO",2047,644,1403,889,1158,13,0,0,0,0,2060,644,1403,889,1158
"49",2018,2,"RR",1129,335,794,550,579,11,0,0,0,0,1140,335,794,550,579
"50",2018,2,"RS",9747,2884,6863,3292,6455,69,0,0,0,0,9816,2884,6863,3292,6455
"51",2018,2,"SC",7102,1744,5358,2419,4683,49,0,0,0,0,7151,1744,5358,2419,4683
"52",2018,2,"SE",2371,934,1437,1018,1353,29,0,0,0,0,2400,934,1437,1018,1353
"53",2018,2,"SP",42838,6844,35994,14170,28668,306,0,0,0,0,43144,6844,35994,14170,28668
"54",2018,2,"TO",1923,496,1427,902,1021,11,0,0,0,0,1934,496,1427,902,1021
"55",2018,3,"AC",1170,514,656,581,589,6,0,0,0,0,1176,514,656,581,589
"56",2018,3,"AL",3317,1429,1888,1667,1650,31,0,0,0,0,3348,1429,1888,1667,1650
"57",2018,3,"AM",6286,2241,4045,3226,3060,75,0,0,0,0,6361,2241,4045,3226,3060
"58",2018,3,"AP",1108,462,646,584,524,18,0,0,0,0,1126,462,646,584,524
"59",2018,3,"BA",13969,4491,9478,5694,8275,202,0,0,0,0,14171,4491,9478,5694,8275
"60",2018,3,"CE",9210,2869,6341,3783,5427,113,0,0,0,0,9323,2869,6341,3783,5427
"61",2018,3,"DF",3344,623,2721,1046,2298,33,0,0,0,0,3377,623,2721,1046,2298
"62",2018,3,"ES",4307,1171,3136,1539,2768,28,0,0,0,0,4335,1171,3136,1539,2768
"63",2018,3,"GO",7478,1638,5840,2960,4518,72,0,0,0,0,7550,1638,5840,2960,4518
"64",2018,3,"MA",8628,2998,5630,4473,4155,113,0,0,0,0,8741,2998,5630,4473,4155
"65",2018,3,"MG",19395,4348,15047,6685,12710,191,0,0,0,0,19586,4348,15047,6685,12710
"66",2018,3,"MS",3361,1046,2315,1441,1920,23,0,0,0,0,3384,1046,2315,1441,1920
"67",2018,3,"MT",4492,961,3531,1937,2555,35,0,0,0,0,4527,961,3531,1937,2555
"68",2018,3,"PA",10445,4256,6189,5468,4977,123,0,0,0,0,10568,4256,6189,5468,4977
"69",2018,3,"PB",4298,1488,2810,1755,2543,53,0,0,0,0,4351,1488,2810,1755,2543
"70",2018,3,"PE",9953,3338,6615,4320,5633,100,0,0,0,0,10053,3338,6615,4320,5633
"71",2018,3,"PI",3939,1357,2582,1775,2164,51,0,0,0,0,3990,1357,2582,1775,2164
"72",2018,3,"PR",11819,2975,8844,4316,7503,81,0,0,0,0,11900,2975,8844,4316,7503
"73",2018,3,"RJ",15900,4044,11856,6108,9792,153,0,0,0,0,16053,4044,11856,6108,9792
"74",2018,3,"RN",3573,1183,2390,1407,2166,28,0,0,0,0,3601,1183,2390,1407,2166
"75",2018,3,"RO",2234,693,1541,984,1250,20,0,0,0,0,2254,693,1541,984,1250
"76",2018,3,"RR",1231,387,844,628,603,8,0,0,0,0,1239,387,844,628,603
"77",2018,3,"RS",11186,3217,7969,3712,7474,77,0,0,0,0,11263,3217,7969,3712,7474
"78",2018,3,"SC",7851,1825,6026,2633,5218,53,0,0,0,0,7904,1825,6026,2633,5218
"79",2018,3,"SE",2560,996,1564,1133,1427,34,0,0,0,0,2594,996,1564,1133,1427
"80",2018,3,"SP",45341,7286,38055,15033,30308,372,0,0,0,0,45713,7286,38055,15033,30308
"81",2018,3,"TO",1989,513,1476,925,1064,19,0,0,0,0,2008,513,1476,925,1064
"82",2018,4,"AC",1125,494,631,554,571,15,0,0,0,0,1140,494,631,554,571
"83",2018,4,"AL",3252,1426,1826,1654,1598,23,0,0,0,0,3275,1426,1826,1654,1598
"84",2018,4,"AM",6097,2267,3830,3116,2981,59,0,0,0,0,6156,2267,3830,3116,2981
"85",2018,4,"AP",964,353,611,502,462,9,0,0,0,0,973,353,611,502,462
"86",2018,4,"BA",13975,4478,9497,5669,8306,180,0,0,0,0,14155,4478,9497,5669,8306
"87",2018,4,"CE",8928,2852,6076,3655,5273,117,0,0,0,0,9045,2852,6076,3655,5273
"88",2018,4,"DF",3175,576,2599,1029,2146,24,0,0,0,0,3199,576,2599,1029,2146
"89",2018,4,"ES",4372,1205,3167,1591,2781,33,0,0,0,0,4405,1205,3167,1591,2781
"90",2018,4,"GO",7449,1615,5834,2993,4456,61,0,0,0,0,7510,1615,5834,2993,4456
"91",2018,4,"MA",8018,2846,5172,4153,3865,110,0,0,0,0,8128,2846,5172,4153,3865
"92",2018,4,"MG",19516,4491,15025,6749,12767,193,0,0,0,0,19709,4491,15025,6749,12767
"93",2018,4,"MS",3290,999,2291,1420,1870,35,0,0,0,0,3325,999,2291,1420,1870
"94",2018,4,"MT",4315,907,3408,1779,2536,33,0,0,0,0,4348,907,3408,1779,2536
"95",2018,4,"PA",9448,3831,5617,4927,4521,100,0,0,0,0,9548,3831,5617,4927,4521
"96",2018,4,"PB",4296,1546,2750,1778,2518,34,0,0,0,0,4330,1546,2750,1778,2518
"97",2018,4,"PE",9758,3354,6404,4308,5450,86,0,0,0,0,9844,3354,6404,4308,5450
"98",2018,4,"PI",3596,1209,2387,1598,1998,36,0,0,0,0,3632,1209,2387,1598,1998
"99",2018,4,"PR",11780,2873,8907,4421,7359,78,0,0,0,0,11858,2873,8907,4421,7359
"100",2018,4,"RJ",16064,4184,11880,6397,9667,183,0,0,0,0,16247,4184,11880,6397,9667
"101",2018,4,"RN",3369,1124,2245,1365,2004,38,0,0,0,0,3407,1124,2245,1365,2004
"102",2018,4,"RO",1847,583,1264,835,1012,16,0,0,0,0,1863,583,1264,835,1012
"103",2018,4,"RR",1108,360,748,563,545,6,0,0,0,0,1114,360,748,563,545
"104",2018,4,"RS",10544,3121,7423,3578,6966,86,0,0,0,0,10630,3121,7423,3578,6966
"105",2018,4,"SC",7362,1751,5611,2520,4842,57,0,0,0,0,7419,1751,5611,2520,4842
"106",2018,4,"SE",2525,965,1560,1053,1472,26,0,0,0,0,2551,965,1560,1053,1472
"107",2018,4,"SP",45542,7495,38047,15402,30140,351,0,0,0,0,45893,7495,38047,15402,30140
"108",2018,4,"TO",1838,424,1414,857,981,22,0,0,0,0,1860,424,1414,857,981
"109",2018,5,"AC",1314,590,724,650,664,7,0,0,0,0,1321,590,724,650,664
"110",2018,5,"AL",3647,1601,2046,1827,1820,38,0,0,0,0,3685,1601,2046,1827,1820
"111",2018,5,"AM",6459,2337,4122,3321,3138,78,0,0,0,0,6537,2337,4122,3321,3138
"112",2018,5,"AP",1276,418,858,601,675,24,0,0,0,0,1300,418,858,601,675
"113",2018,5,"BA",16270,5267,11003,6620,9650,196,0,0,0,0,16466,5267,11003,6620,9650
"114",2018,5,"CE",10132,3111,7021,4110,6022,108,0,0,0,0,10240,3111,7021,4110,6022
"115",2018,5,"DF",3630,696,2934,1136,2494,27,0,0,0,0,3657,696,2934,1136,2494
"116",2018,5,"ES",4870,1316,3554,1775,3095,40,0,0,0,0,4910,1316,3554,1775,3095
"117",2018,5,"GO",8822,1910,6912,3482,5340,64,0,0,0,0,8886,1910,6912,3482,5340
"118",2018,5,"MA",9076,3198,5878,4610,4466,112,0,0,0,0,9188,3198,5878,4610,4466
"119",2018,5,"MG",23160,5137,18023,7985,15175,195,0,0,0,0,23355,5137,18023,7985,15175
"120",2018,5,"MS",3969,1239,2730,1687,2282,37,0,0,0,0,4006,1239,2730,1687,2282
"121",2018,5,"MT",4911,1027,3884,2036,2875,39,0,0,0,0,4950,1027,3884,2036,2875
"122",2018,5,"PA",11043,4427,6616,5735,5308,118,0,0,0,0,11161,4427,6616,5735,5308
"123",2018,5,"PB",4948,1745,3203,2032,2916,43,0,0,0,0,4991,1745,3203,2032,2916
"124",2018,5,"PE",11214,3798,7416,4785,6429,94,0,0,0,0,11308,3798,7416,4785,6429
"125",2018,5,"PI",4091,1432,2659,1785,2306,51,0,0,0,0,4142,1432,2659,1785,2306
"126",2018,5,"PR",13789,3339,10450,4966,8823,96,0,0,0,0,13885,3339,10450,4966,8823
"127",2018,5,"RJ",18658,4897,13761,7218,11440,232,0,0,0,0,18890,4897,13761,7218,11440
"128",2018,5,"RN",3813,1222,2591,1532,2281,26,0,0,0,0,3839,1222,2591,1532,2281
"129",2018,5,"RO",2193,662,1531,997,1196,14,0,0,0,0,2207,662,1531,997,1196
"130",2018,5,"RR",1216,357,859,592,624,8,0,0,0,0,1224,357,859,592,624
"131",2018,5,"RS",12017,3460,8557,4135,7882,86,0,0,0,0,12103,3460,8557,4135,7882
"132",2018,5,"SC",8310,1959,6351,2793,5517,73,0,0,0,0,8383,1959,6351,2793,5517
"133",2018,5,"SE",2895,1174,1721,1215,1680,34,0,0,0,0,2929,1174,1721,1215,1680
"134",2018,5,"SP",53195,8469,44726,17623,35572,439,0,0,0,0,53634,8469,44726,17623,35572
"135",2018,5,"TO",2033,493,1540,956,1077,16,0,0,0,0,2049,493,1540,956,1077
"136",2018,6,"AC",1309,614,695,653,656,18,0,0,0,0,1327,614,695,653,656
"137",2018,6,"AL",3789,1581,2208,1922,1867,38,0,0,0,0,3827,1581,2208,1922,1867
"138",2018,6,"AM",6585,2300,4285,3405,3180,67,0,0,0,0,6652,2300,4285,3405,3180
"139",2018,6,"AP",1272,417,855,619,653,9,0,0,0,0,1281,417,855,619,653
"140",2018,6,"BA",17065,5442,11623,7106,9959,202,0,0,0,0,17267,5442,11623,7106,9959
"141",2018,6,"CE",10416,3217,7199,4293,6123,93,0,0,0,0,10509,3217,7199,4293,6123
"142",2018,6,"DF",3810,638,3172,1133,2677,17,0,0,0,0,3827,638,3172,1133,2677
"143",2018,6,"ES",4878,1333,3545,1811,3067,30,0,0,0,0,4908,1333,3545,1811,3067
"144",2018,6,"GO",8692,1830,6862,3459,5233,79,0,0,0,0,8771,1830,6862,3459,5233
"145",2018,6,"MA",9304,3277,6027,4753,4551,95,0,0,0,0,9399,3277,6027,4753,4551
"146",2018,6,"MG",23275,5084,18191,8073,15202,191,0,0,0,0,23466,5084,18191,8073,15202
"147",2018,6,"MS",4088,1251,2837,1687,2401,29,0,0,0,0,4117,1251,2837,1687,2401
"148",2018,6,"MT",5363,1105,4258,2273,3090,50,0,0,0,0,5413,1105,4258,2273,3090
"149",2018,6,"PA",10954,4380,6574,5733,5221,118,0,0,0,0,11072,4380,6574,5733,5221
"150",2018,6,"PB",5186,1822,3364,2055,3131,44,0,0,0,0,5230,1822,3364,2055,3131
"151",2018,6,"PE",11886,3953,7933,5094,6792,102,0,0,0,0,11988,3953,7933,5094,6792
"152",2018,6,"PI",4209,1416,2793,1890,2319,34,0,0,0,0,4243,1416,2793,1890,2319
"153",2018,6,"PR",13590,3283,10307,4849,8741,118,0,0,0,0,13708,3283,10307,4849,8741
"154",2018,6,"RJ",18712,4901,13811,7304,11408,178,0,0,0,0,18890,4901,13811,7304,11408
"155",2018,6,"RN",4206,1442,2764,1670,2536,34,0,0,0,0,4240,1442,2764,1670,2536
"156",2018,6,"RO",2349,725,1624,1049,1300,19,0,0,0,0,2368,725,1624,1049,1300
"157",2018,6,"RR",1218,391,827,635,583,7,0,0,0,0,1225,391,827,635,583
"158",2018,6,"RS",12068,3414,8654,3993,8075,79,0,0,0,0,12147,3414,8654,3993,8075
"159",2018,6,"SC",8685,1980,6705,2897,5788,76,0,0,0,0,8761,1980,6705,2897,5788
"160",2018,6,"SE",2869,1130,1739,1213,1656,27,0,0,0,0,2896,1130,1739,1213,1656
"161",2018,6,"SP",53564,8419,45145,17690,35874,406,0,0,0,0,53970,8419,45145,17690,35874
"162",2018,6,"TO",2071,540,1531,962,1109,23,0,0,0,0,2094,540,1531,962,1109
"163",2018,7,"AC",1384,627,757,697,687,13,0,0,0,0,1397,627,757,697,687
"164",2018,7,"AL",3660,1588,2072,1877,1783,32,0,0,0,0,3692,1588,2072,1877,1783
"165",2018,7,"AM",6302,2259,4043,3316,2986,68,0,0,0,0,6370,2259,4043,3316,2986
"166",2018,7,"AP",1111,386,725,535,576,23,0,0,0,0,1134,386,725,535,576
"167",2018,7,"BA",16482,5258,11224,6789,9693,211,0,0,0,0,16693,5258,11224,6789,9693
"168",2018,7,"CE",10446,3332,7114,4310,6136,123,0,0,0,0,10569,3332,7114,4310,6136
"169",2018,7,"DF",3790,700,3090,1168,2622,27,0,0,0,0,3817,700,3090,1168,2622
"170",2018,7,"ES",4951,1364,3587,1777,3174,29,0,0,0,0,4980,1364,3587,1777,3174
"171",2018,7,"GO",8427,1765,6662,3368,5059,65,0,0,0,0,8492,1765,6662,3368,5059
"172",2018,7,"MA",9049,3117,5932,4692,4357,126,0,0,0,0,9175,3117,5932,4692,4357
"173",2018,7,"MG",23022,5128,17894,8078,14944,170,0,0,0,0,23192,5128,17894,8078,14944
"174",2018,7,"MS",4007,1241,2766,1749,2258,39,0,0,0,0,4046,1241,2766,1749,2258
"175",2018,7,"MT",5293,1075,4218,2252,3041,42,0,0,0,0,5335,1075,4218,2252,3041
"176",2018,7,"PA",10689,4378,6311,5744,4945,128,0,0,0,0,10817,4378,6311,5744,4945
"177",2018,7,"PB",4912,1732,3180,2021,2891,32,0,0,0,0,4944,1732,3180,2021,2891
"178",2018,7,"PE",11443,3878,7565,4928,6515,98,0,0,0,0,11541,3878,7565,4928,6515
"179",2018,7,"PI",4042,1378,2664,1795,2247,51,0,0,0,0,4093,1378,2664,1795,2247
"180",2018,7,"PR",13609,3227,10382,4877,8732,100,0,0,0,0,13709,3227,10382,4877,8732
"181",2018,7,"RJ",17887,4652,13235,6947,10940,197,0,0,0,0,18084,4652,13235,6947,10940
"182",2018,7,"RN",3803,1307,2496,1507,2296,38,0,0,0,0,3841,1307,2496,1507,2296
"183",2018,7,"RO",2274,722,1552,1041,1233,10,0,0,0,0,2284,722,1552,1041,1233
"184",2018,7,"RR",1206,360,846,628,578,11,0,0,0,0,1217,360,846,628,578
"185",2018,7,"RS",12042,3479,8563,4068,7974,67,0,0,0,0,12109,3479,8563,4068,7974
"186",2018,7,"SC",8661,2054,6607,2843,5818,49,0,0,0,0,8710,2054,6607,2843,5818
"187",2018,7,"SE",3020,1207,1813,1278,1742,33,0,0,0,0,3053,1207,1813,1278,1742
"188",2018,7,"SP",52316,8719,43597,17353,34963,409,0,0,0,0,52725,8719,43597,17353,34963
"189",2018,7,"TO",2251,561,1690,1047,1204,21,0,0,0,0,2272,561,1690,1047,1204
"190",2019,1,"AC",1356,634,722,687,669,15,0,0,0,0,1371,634,722,687,669
"191",2019,1,"AL",3531,1419,2112,1810,1721,39,0,0,0,0,3570,1419,2112,1810,1721
"192",2019,1,"AM",7069,2479,4590,3624,3445,81,0,0,0,0,7150,2479,4590,3624,3445
"193",2019,1,"AP",1311,439,872,649,662,15,0,0,0,0,1326,439,872,649,662
"194",2019,1,"BA",14821,4691,10130,5968,8853,196,0,0,0,0,15017,4691,10130,5968,8853
"195",2019,1,"CE",10187,3022,7165,4078,6109,95,0,0,0,0,10282,3022,7165,4078,6109
"196",2019,1,"DF",3565,630,2935,1102,2463,28,0,0,0,0,3593,630,2935,1102,2463
"197",2019,1,"ES",4331,1163,3168,1520,2811,41,0,0,0,0,4372,1163,3168,1520,2811
"198",2019,1,"GO",7980,1726,6254,3169,4811,66,0,0,0,0,8046,1726,6254,3169,4811
"199",2019,1,"MA",9818,3436,6382,5023,4795,115,0,0,0,0,9933,3436,6382,5023,4795
"200",2019,1,"MG",19936,4284,15652,6838,13098,173,0,0,0,0,20109,4284,15652,6838,13098
"201",2019,1,"MS",3348,1004,2344,1391,1957,32,0,0,0,0,3380,1004,2344,1391,1957
"202",2019,1,"MT",4832,964,3868,2039,2793,41,0,0,0,0,4873,964,3868,2039,2793
"203",2019,1,"PA",11514,4558,6956,6025,5489,117,0,0,0,0,11631,4558,6956,6025,5489
"204",2019,1,"PB",4971,1711,3260,2031,2940,40,0,0,0,0,5011,1711,3260,2031,2940
"205",2019,1,"PE",11027,3717,7310,4738,6289,101,0,0,0,0,11128,3717,7310,4738,6289
"206",2019,1,"PI",3963,1287,2676,1750,2213,36,0,0,0,0,3999,1287,2676,1750,2213
"207",2019,1,"PR",11385,2586,8799,4094,7291,74,0,0,0,0,11459,2586,8799,4094,7291
"208",2019,1,"RJ",15665,3898,11767,5952,9713,164,0,0,0,0,15829,3898,11767,5952,9713
"209",2019,1,"RN",3528,1256,2272,1412,2116,36,0,0,0,0,3564,1256,2272,1412,2116
"210",2019,1,"RO",2318,696,1622,1025,1293,25,0,0,0,0,2343,696,1622,1025,1293
"211",2019,1,"RR",1382,435,947,717,665,12,0,0,0,0,1394,435,947,717,665
"212",2019,1,"RS",10120,2865,7255,3314,6806,63,0,0,0,0,10183,2865,7255,3314,6806
"213",2019,1,"SC",7237,1623,5614,2399,4838,43,0,0,0,0,7280,1623,5614,2399,4838
"214",2019,1,"SE",2664,1074,1590,1136,1528,20,0,0,0,0,2684,1074,1590,1136,1528
"215",2019,1,"SP",44799,6860,37939,14550,30249,313,0,0,0,0,45112,6860,37939,14550,30249
"216",2019,1,"TO",1942,469,1473,869,1073,20,0,0,0,0,1962,469,1473,869,1073
"217",2019,2,"AC",1214,554,660,611,603,12,0,0,0,0,1226,554,660,611,603
"218",2019,2,"AL",3086,1318,1768,1566,1520,32,0,0,0,0,3118,1318,1768,1566,1520
"219",2019,2,"AM",5884,2069,3815,3000,2884,57,0,0,0,0,5941,2069,3815,3000,2884
"220",2019,2,"AP",1064,371,693,506,558,9,0,0,0,0,1073,371,693,506,558
"221",2019,2,"BA",12450,3935,8515,5060,7390,157,0,0,0,0,12607,3935,8515,5060,7390
"222",2019,2,"CE",8508,2550,5958,3398,5110,86,0,0,0,0,8594,2550,5958,3398,5110
"223",2019,2,"DF",3035,551,2484,897,2138,25,0,0,0,0,3060,551,2484,897,2138
"224",2019,2,"ES",3896,1018,2878,1407,2489,19,0,0,0,0,3915,1018,2878,1407,2489
"225",2019,2,"GO",6673,1466,5207,2648,4025,61,0,0,0,0,6734,1466,5207,2648,4025
"226",2019,2,"MA",8045,2792,5253,4125,3920,106,0,0,0,0,8151,2792,5253,4125,3920
"227",2019,2,"MG",17574,3715,13859,6018,11556,154,0,0,0,0,17728,3715,13859,6018,11556
"228",2019,2,"MS",3045,906,2139,1265,1780,28,0,0,0,0,3073,906,2139,1265,1780
"229",2019,2,"MT",4162,820,3342,1661,2501,39,0,0,0,0,4201,820,3342,1661,2501
"230",2019,2,"PA",9595,3905,5690,4943,4652,116,0,0,0,0,9711,3905,5690,4943,4652
"231",2019,2,"PB",4024,1436,2588,1634,2390,31,0,0,0,0,4055,1436,2588,1634,2390
"232",2019,2,"PE",9179,3055,6124,3934,5245,104,0,0,0,0,9283,3055,6124,3934,5245
"233",2019,2,"PI",3376,1115,2261,1424,1952,30,0,0,0,0,3406,1115,2261,1424,1952
"234",2019,2,"PR",10756,2448,8308,3813,6943,57,0,0,0,0,10813,2448,8308,3813,6943
"235",2019,2,"RJ",13911,3443,10468,5268,8643,150,0,0,0,0,14061,3443,10468,5268,8643
"236",2019,2,"RN",2755,1023,1732,1164,1591,29,0,0,0,0,2784,1023,1732,1164,1591
"237",2019,2,"RO",1845,566,1279,778,1067,11,0,0,0,0,1856,566,1279,778,1067
"238",2019,2,"RR",1134,345,789,574,560,13,0,0,0,0,1147,345,789,574,560
"239",2019,2,"RS",9322,2587,6735,3144,6178,66,0,0,0,0,9388,2587,6735,3144,6178
"240",2019,2,"SC",6572,1498,5074,2066,4506,58,0,0,0,0,6630,1498,5074,2066,4506
"241",2019,2,"SE",2232,880,1352,923,1309,23,0,0,0,0,2255,880,1352,923,1309
"242",2019,2,"SP",40527,6342,34185,13307,27220,261,0,0,0,0,40788,6342,34185,13307,27220
"243",2019,2,"TO",1797,417,1380,817,980,17,0,0,0,0,1814,417,1380,817,980
"244",2019,3,"AC",1123,514,609,556,567,9,0,0,0,0,1132,514,609,556,567
"245",2019,3,"AL",3264,1329,1935,1625,1639,33,0,0,0,0,3297,1329,1935,1625,1639
"246",2019,3,"AM",6084,2050,4034,3139,2945,76,0,0,0,0,6160,2050,4034,3139,2945
"247",2019,3,"AP",1259,414,845,577,682,16,0,0,0,0,1275,414,845,577,682
"248",2019,3,"BA",12780,3913,8867,5123,7657,149,0,0,0,0,12929,3913,8867,5123,7657
"249",2019,3,"CE",9023,2762,6261,3473,5550,112,0,0,0,0,9135,2762,6261,3473,5550
"250",2019,3,"DF",3024,518,2506,921,2103,18,0,0,0,0,3042,518,2506,921,2103
"251",2019,3,"ES",3928,1017,2911,1369,2559,22,0,0,0,0,3950,1017,2911,1369,2559
"252",2019,3,"GO",7160,1565,5595,2807,4353,54,0,0,0,0,7214,1565,5595,2807,4353
"253",2019,3,"MA",7919,2684,5235,3986,3933,99,0,0,0,0,8018,2684,5235,3986,3933
"254",2019,3,"MG",18294,3890,14404,6193,12101,178,0,0,0,0,18472,3890,14404,6193,12101
"255",2019,3,"MS",3326,974,2352,1382,1944,34,0,0,0,0,3360,974,2352,1382,1944
"256",2019,3,"MT",4361,898,3463,1820,2541,41,0,0,0,0,4402,898,3463,1820,2541
"257",2019,3,"PA",9826,3878,5948,4860,4966,137,0,0,0,0,9963,3878,5948,4860,4966
"258",2019,3,"PB",3914,1276,2638,1556,2358,39,0,0,0,0,3953,1276,2638,1556,2358
"259",2019,3,"PE",9298,2986,6312,3923,5375,88,0,0,0,0,9386,2986,6312,3923,5375
"260",2019,3,"PI",3319,1081,2238,1458,1861,33,0,0,0,0,3352,1081,2238,1458,1861
"261",2019,3,"PR",11737,2796,8941,4154,7583,73,0,0,0,0,11810,2796,8941,4154,7583
"262",2019,3,"RJ",15032,3680,11352,5693,9339,172,0,0,0,0,15204,3680,11352,5693,9339
"263",2019,3,"RN",2895,1010,1885,1142,1753,36,0,0,0,0,2931,1010,1885,1142,1753
"264",2019,3,"RO",1924,567,1357,850,1074,14,0,0,0,0,1938,567,1357,850,1074
"265",2019,3,"RR",1136,359,777,569,567,8,0,0,0,0,1144,359,777,569,567
"266",2019,3,"RS",10606,3019,7587,3510,7096,66,0,0,0,0,10672,3019,7587,3510,7096
"267",2019,3,"SC",7417,1640,5777,2435,4982,69,0,0,0,0,7486,1640,5777,2435,4982
"268",2019,3,"SE",2392,936,1456,1000,1392,29,0,0,0,0,2421,936,1456,1000,1392
"269",2019,3,"SP",43973,6928,37045,14409,29564,356,0,0,0,0,44329,6928,37045,14409,29564
"270",2019,3,"TO",1799,453,1346,815,984,19,0,0,0,0,1818,453,1346,815,984
"271",2019,4,"AC",1033,442,591,545,488,14,0,0,0,0,1047,442,591,545,488
"272",2019,4,"AL",3223,1327,1896,1581,1642,25,0,0,0,0,3248,1327,1896,1581,1642
"273",2019,4,"AM",5788,2002,3786,2973,2815,90,0,0,0,0,5878,2002,3786,2973,2815
"274",2019,4,"AP",1000,349,651,488,512,13,0,0,0,0,1013,349,651,488,512
"275",2019,4,"BA",12554,3885,8669,5036,7518,173,0,0,0,0,12727,3885,8669,5036,7518
"276",2019,4,"CE",8570,2543,6027,3466,5104,96,0,0,0,0,8666,2543,6027,3466,5104
"277",2019,4,"DF",3007,496,2511,900,2107,29,0,0,0,0,3036,496,2511,900,2107
"278",2019,4,"ES",4169,1125,3044,1547,2622,27,0,0,0,0,4196,1125,3044,1547,2622
"279",2019,4,"GO",7051,1537,5514,2656,4395,50,0,0,0,0,7101,1537,5514,2656,4395
"280",2019,4,"MA",7017,2438,4579,3576,3441,90,0,0,0,0,7107,2438,4579,3576,3441
"281",2019,4,"MG",18396,3861,14535,6341,12055,178,0,0,0,0,18574,3861,14535,6341,12055
"282",2019,4,"MS",3456,1010,2446,1408,2048,29,0,0,0,0,3485,1010,2446,1408,2048
"283",2019,4,"MT",4297,822,3475,1849,2448,43,0,0,0,0,4340,822,3475,1849,2448
"284",2019,4,"PA",9165,3530,5635,4740,4425,112,0,0,0,0,9277,3530,5635,4740,4425
"285",2019,4,"PB",3807,1303,2504,1544,2263,36,0,0,0,0,3843,1303,2504,1544,2263
"286",2019,4,"PE",8932,2874,6058,3869,5063,102,0,0,0,0,9034,2874,6058,3869,5063
"287",2019,4,"PI",3032,964,2068,1325,1707,48,0,0,0,0,3080,964,2068,1325,1707
"288",2019,4,"PR",11856,2694,9162,4207,7649,76,0,0,0,0,11932,2694,9162,4207,7649
"289",2019,4,"RJ",15434,3948,11486,5911,9523,183,0,0,0,0,15617,3948,11486,5911,9523
"290",2019,4,"RN",3022,977,2045,1190,1832,28,0,0,0,0,3050,977,2045,1190,1832
"291",2019,4,"RO",1878,521,1357,818,1060,14,0,0,0,0,1892,521,1357,818,1060
"292",2019,4,"RR",1040,328,712,537,503,9,0,0,0,0,1049,328,712,537,503
"293",2019,4,"RS",10666,3030,7636,3594,7072,61,0,0,0,0,10727,3030,7636,3594,7072
"294",2019,4,"SC",7795,1778,6017,2656,5139,59,0,0,0,0,7854,1778,6017,2656,5139
"295",2019,4,"SE",2359,854,1505,1001,1358,23,0,0,0,0,2382,854,1505,1001,1358
"296",2019,4,"SP",43653,6619,37034,14372,29281,366,0,0,0,0,44019,6619,37034,14372,29281
"297",2019,4,"TO",1640,376,1264,722,918,13,0,0,0,0,1653,376,1264,722,918
"298",2019,5,"AC",1200,529,671,615,585,6,0,0,0,0,1206,529,671,615,585
"299",2019,5,"AL",3635,1553,2082,1824,1811,27,0,0,0,0,3662,1553,2082,1824,1811
"300",2019,5,"AM",6529,2228,4301,3349,3180,78,0,0,0,0,6607,2228,4301,3349,3180
"301",2019,5,"AP",971,360,611,490,481,21,0,0,0,0,992,360,611,490,481
"302",2019,5,"BA",14477,4411,10066,5731,8746,159,0,0,0,0,14636,4411,10066,5731,8746
"303",2019,5,"CE",9454,2873,6581,3716,5738,98,0,0,0,0,9552,2873,6581,3716,5738
"304",2019,5,"DF",3303,526,2777,982,2321,35,0,0,0,0,3338,526,2777,982,2321
"305",2019,5,"ES",4671,1233,3438,1636,3035,29,0,0,0,0,4700,1233,3438,1636,3035
"306",2019,5,"GO",7999,1584,6415,3125,4874,55,0,0,0,0,8054,1584,6415,3125,4874
"307",2019,5,"MA",7504,2451,5053,3751,3753,100,0,0,0,0,7604,2451,5053,3751,3753
"308",2019,5,"MG",20920,4288,16632,7170,13750,192,0,0,0,0,21112,4288,16632,7170,13750
"309",2019,5,"MS",3583,1088,2495,1480,2103,36,0,0,0,0,3619,1088,2495,1480,2103
"310",2019,5,"MT",4695,894,3801,1936,2759,49,0,0,0,0,4744,894,3801,1936,2759
"311",2019,5,"PA",10027,3904,6123,5184,4843,113,0,0,0,0,10140,3904,6123,5184,4843
"312",2019,5,"PB",4357,1496,2861,1812,2545,41,0,0,0,0,4398,1496,2861,1812,2545
"313",2019,5,"PE",10221,3221,7000,4298,5923,115,0,0,0,0,10336,3221,7000,4298,5923
"314",2019,5,"PI",3315,1030,2285,1458,1857,23,0,0,0,0,3338,1030,2285,1458,1857
"315",2019,5,"PR",12859,2886,9973,4499,8360,93,0,0,0,0,12952,2886,9973,4499,8360
"316",2019,5,"RJ",17166,4355,12811,6604,10562,197,0,0,0,0,17363,4355,12811,6604,10562
"317",2019,5,"RN",3536,1120,2416,1382,2154,32,0,0,0,0,3568,1120,2416,1382,2154
"318",2019,5,"RO",2015,564,1451,886,1129,21,0,0,0,0,2036,564,1451,886,1129
"319",2019,5,"RR",1213,399,814,598,615,18,0,0,0,0,1231,399,814,598,615
"320",2019,5,"RS",11935,3318,8617,3981,7954,79,0,0,0,0,12014,3318,8617,3981,7954
"321",2019,5,"SC",8218,1828,6390,2675,5543,54,0,0,0,0,8272,1828,6390,2675,5543
"322",2019,5,"SE",2601,1028,1573,1142,1459,24,0,0,0,0,2625,1028,1573,1142,1459
"323",2019,5,"SP",48302,7530,40772,15763,32539,358,0,0,0,0,48660,7530,40772,15763,32539
"324",2019,5,"TO",1843,440,1403,828,1015,26,0,0,0,0,1869,440,1403,828,1015
"325",2019,6,"AC",1187,492,695,582,605,12,0,0,0,0,1199,492,695,582,605
"326",2019,6,"AL",3971,1611,2360,1925,2046,36,0,0,0,0,4007,1611,2360,1925,2046
"327",2019,6,"AM",6524,2189,4335,3260,3264,57,0,0,0,0,6581,2189,4335,3260,3264
"328",2019,6,"AP",929,367,562,501,428,18,0,0,0,0,947,367,562,501,428
"329",2019,6,"BA",15744,4871,10873,6231,9513,181,0,0,0,0,15925,4871,10873,6231,9513
"330",2019,6,"CE",9749,2877,6872,3809,5940,102,0,0,0,0,9851,2877,6872,3809,5940
"331",2019,6,"DF",3564,560,3004,1047,2517,28,0,0,0,0,3592,560,3004,1047,2517
"332",2019,6,"ES",4775,1292,3483,1693,3082,44,0,0,0,0,4819,1292,3483,1693,3082
"333",2019,6,"GO",8027,1575,6452,3099,4928,64,0,0,0,0,8091,1575,6452,3099,4928
"334",2019,6,"MA",7836,2596,5240,3878,3958,102,0,0,0,0,7938,2596,5240,3878,3958
"335",2019,6,"MG",21614,4439,17175,7428,14186,193,0,0,0,0,21807,4439,17175,7428,14186
"336",2019,6,"MS",3645,1092,2553,1512,2133,56,0,0,0,0,3701,1092,2553,1512,2133
"337",2019,6,"MT",4807,898,3909,1962,2845,42,0,0,0,0,4849,898,3909,1962,2845
"338",2019,6,"PA",10035,3847,6188,5078,4957,115,0,0,0,0,10150,3847,6188,5078,4957
"339",2019,6,"PB",4737,1605,3132,1862,2875,39,0,0,0,0,4776,1605,3132,1862,2875
"340",2019,6,"PE",10734,3424,7310,4517,6217,122,0,0,0,0,10856,3424,7310,4517,6217
"341",2019,6,"PI",3350,1070,2280,1472,1878,29,0,0,0,0,3379,1070,2280,1472,1878
"342",2019,6,"PR",12642,2936,9706,4433,8209,80,0,0,0,0,12722,2936,9706,4433,8209
"343",2019,6,"RJ",16959,4178,12781,6444,10515,229,0,0,0,0,17188,4178,12781,6444,10515
"344",2019,6,"RN",3737,1190,2547,1363,2374,31,0,0,0,0,3768,1190,2547,1363,2374
"345",2019,6,"RO",1936,586,1350,849,1087,15,0,0,0,0,1951,586,1350,849,1087
"346",2019,6,"RR",1255,410,845,614,641,14,0,0,0,0,1269,410,845,614,641
"347",2019,6,"RS",11205,3105,8100,3641,7564,74,0,0,0,0,11279,3105,8100,3641,7564
"348",2019,6,"SC",8374,1918,6456,2693,5681,51,0,0,0,0,8425,1918,6456,2693,5681
"349",2019,6,"SE",2909,1117,1792,1219,1690,32,0,0,0,0,2941,1117,1792,1219,1690
"350",2019,6,"SP",49310,7490,41820,16072,33238,373,0,0,0,0,49683,7490,41820,16072,33238
"351",2019,6,"TO",1959,488,1471,867,1092,13,0,0,0,0,1972,488,1471,867,1092
"352",2019,7,"AC",1225,555,670,632,593,15,0,0,0,0,1240,555,670,632,593
"353",2019,7,"AL",4183,1669,2514,1979,2204,31,0,0,0,0,4214,1669,2514,1979,2204
"354",2019,7,"AM",6052,2030,4022,3077,2975,79,0,0,0,0,6131,2030,4022,3077,2975
"355",2019,7,"AP",890,323,567,446,444,23,0,0,0,0,913,323,567,446,444
"356",2019,7,"BA",15620,4808,10812,6190,9430,227,0,0,0,0,15847,4808,10812,6190,9430
"357",2019,7,"CE",10252,3030,7222,4067,6185,108,0,0,0,0,10360,3030,7222,4067,6185
"358",2019,7,"DF",3556,603,2953,1099,2457,32,0,0,0,0,3588,603,2953,1099,2457
"359",2019,7,"ES",4984,1323,3661,1766,3218,38,0,0,0,0,5022,1323,3661,1766,3218
"360",2019,7,"GO",8582,1683,6899,3358,5224,69,0,0,0,0,8651,1683,6899,3358,5224
"361",2019,7,"MA",8173,2694,5479,4204,3969,102,0,0,0,0,8275,2694,5479,4204,3969
"362",2019,7,"MG",23108,4709,18399,7909,15199,179,0,0,0,0,23287,4709,18399,7909,15199
"363",2019,7,"MS",3938,1099,2839,1577,2361,41,0,0,0,0,3979,1099,2839,1577,2361
"364",2019,7,"MT",5247,993,4254,2111,3136,46,0,0,0,0,5293,993,4254,2111,3136
"365",2019,7,"PA",10436,4032,6404,5476,4960,111,0,0,0,0,10547,4032,6404,5476,4960
"366",2019,7,"PB",4897,1660,3237,1925,2972,49,0,0,0,0,4946,1660,3237,1925,2972
"367",2019,7,"PE",11315,3558,7757,4896,6419,93,0,0,0,0,11408,3558,7757,4896,6419
"368",2019,7,"PI",3609,1199,2410,1618,1991,49,0,0,0,0,3658,1199,2410,1618,1991
"369",2019,7,"PR",13302,3049,10253,4601,8701,91,0,0,0,0,13393,3049,10253,4601,8701
"370",2019,7,"RJ",18006,4421,13585,6827,11179,218,0,0,0,0,18224,4421,13585,6827,11179
"371",2019,7,"RN",3797,1244,2553,1447,2350,42,0,0,0,0,3839,1244,2553,1447,2350
"372",2019,7,"RO",2230,648,1582,976,1254,21,0,0,0,0,2251,648,1582,976,1254
"373",2019,7,"RR",1128,353,775,529,599,10,0,0,0,0,1138,353,775,529,599
"374",2019,7,"RS",11794,3243,8551,3844,7950,99,0,0,0,0,11893,3243,8551,3844,7950
"375",2019,7,"SC",8611,1904,6707,2736,5875,63,0,0,0,0,8674,1904,6707,2736,5875
"376",2019,7,"SE",3034,1241,1793,1307,1727,33,0,0,0,0,3067,1241,1793,1307,1727
"377",2019,7,"SP",50751,7656,43095,16395,34356,390,0,0,0,0,51141,7656,43095,16395,34356
"378",2019,7,"TO",2210,554,1656,969,1241,26,0,0,0,0,2236,554,1656,969,1241
"379",2020,1,"AC",1224,461,763,606,618,9,0,0,0,0,1233,461,763,606,618
"380",2020,1,"AL",4180,1626,2554,2033,2147,33,0,0,0,0,4213,1626,2554,2033,2147
"381",2020,1,"AM",6490,2145,4345,3335,3155,58,0,0,0,0,6548,2145,4345,3335,3155
"382",2020,1,"AP",1294,448,846,625,669,10,0,0,0,0,1304,448,846,625,669
"383",2020,1,"BA",14676,4489,10187,5846,8830,171,0,0,0,0,14847,4489,10187,5846,8830
"384",2020,1,"CE",9215,2703,6512,3649,5566,90,0,0,0,0,9305,2703,6512,3649,5566
"385",2020,1,"DF",3360,486,2874,1007,2353,24,0,0,0,0,3384,486,2874,1007,2353
"386",2020,1,"ES",4091,1065,3026,1442,2649,28,0,0,0,0,4119,1065,3026,1442,2649
"387",2020,1,"GO",7415,1419,5996,2876,4539,70,0,0,0,0,7485,1419,5996,2876,4539
"388",2020,1,"MA",8641,2905,5736,4390,4251,108,0,0,0,0,8749,2905,5736,4390,4251
"389",2020,1,"MG",19276,3811,15465,6358,12918,149,0,0,0,0,19425,3811,15465,6358,12918
"390",2020,1,"MS",3213,874,2339,1308,1905,30,0,0,0,0,3243,874,2339,1308,1905
"391",2020,1,"MT",4524,866,3658,1854,2670,45,0,0,0,0,4569,866,3658,1854,2670
"392",2020,1,"PA",11129,4247,6882,5704,5425,127,0,0,0,0,11256,4247,6882,5704,5425
"393",2020,1,"PB",4534,1509,3025,1819,2715,50,0,0,0,0,4584,1509,3025,1819,2715
"394",2020,1,"PE",10456,3308,7148,4447,6009,90,0,0,0,0,10546,3308,7148,4447,6009
"395",2020,1,"PI",3824,1205,2619,1724,2100,44,0,0,0,0,3868,1205,2619,1724,2100
"396",2020,1,"PR",11344,2549,8795,3998,7346,55,0,0,0,0,11399,2549,8795,3998,7346
"397",2020,1,"RJ",14984,3505,11479,5659,9325,175,0,0,0,0,15159,3505,11479,5659,9325
"398",2020,1,"RN",3428,1128,2300,1310,2118,31,0,0,0,0,3459,1128,2300,1310,2118
"399",2020,1,"RO",2006,571,1435,857,1149,21,0,0,0,0,2027,571,1435,857,1149
"400",2020,1,"RR",1236,412,824,608,628,7,0,0,0,0,1243,412,824,608,628
"401",2020,1,"RS",10331,2683,7648,3359,6972,75,0,0,0,0,10406,2683,7648,3359,6972
"402",2020,1,"SC",7701,1602,6099,2492,5209,67,0,0,0,0,7768,1602,6099,2492,5209
"403",2020,1,"SE",2488,924,1564,984,1504,19,0,0,0,0,2507,924,1564,984,1504
"404",2020,1,"SP",43440,6195,37245,14005,29435,304,0,0,0,0,43744,6195,37245,14005,29435
"405",2020,1,"TO",1909,398,1511,847,1062,14,0,0,0,0,1923,398,1511,847,1062
"406",2020,2,"AC",1068,446,622,559,509,13,0,0,0,0,1081,446,622,559,509
"407",2020,2,"AL",3619,1407,2212,1766,1853,29,0,0,0,0,3648,1407,2212,1766,1853
"408",2020,2,"AM",5875,2009,3866,2990,2885,53,0,0,0,0,5928,2009,3866,2990,2885
"409",2020,2,"AP",1128,402,726,558,570,7,0,0,0,0,1135,402,726,558,570
"410",2020,2,"BA",12846,3925,8921,5161,7685,149,0,0,0,0,12995,3925,8921,5161,7685
"411",2020,2,"CE",8312,2336,5976,3205,5107,83,0,0,0,0,8395,2336,5976,3205,5107
"412",2020,2,"DF",2974,471,2503,891,2083,14,0,0,0,0,2988,471,2503,891,2083
"413",2020,2,"ES",3992,1023,2969,1368,2624,24,0,0,0,0,4016,1023,2969,1368,2624
"414",2020,2,"GO",6674,1253,5421,2523,4151,61,0,0,0,0,6735,1253,5421,2523,4151
"415",2020,2,"MA",7461,2477,4984,3792,3669,77,0,0,0,0,7538,2477,4984,3792,3669
"416",2020,2,"MG",17526,3543,13983,5828,11698,168,0,0,0,0,17694,3543,13983,5828,11698
"417",2020,2,"MS",2623,724,1899,1004,1619,23,0,0,0,0,2646,724,1899,1004,1619
"418",2020,2,"MT",4229,815,3414,1785,2444,38,0,0,0,0,4267,815,3414,1785,2444
"419",2020,2,"PA",9939,3812,6127,5055,4884,102,0,0,0,0,10041,3812,6127,5055,4884
"420",2020,2,"PB",4022,1277,2745,1596,2426,33,0,0,0,0,4055,1277,2745,1596,2426
"421",2020,2,"PE",9309,2951,6358,4004,5305,92,0,0,0,0,9401,2951,6358,4004,5305
"422",2020,2,"PI",3351,1053,2298,1478,1873,30,0,0,0,0,3381,1053,2298,1478,1873
"423",2020,2,"PR",10537,2353,8184,3694,6843,63,0,0,0,0,10600,2353,8184,3694,6843
"424",2020,2,"RJ",13940,3277,10663,5342,8598,153,0,0,0,0,14093,3277,10663,5342,8598
"425",2020,2,"RN",3149,1016,2133,1189,1960,39,0,0,0,0,3188,1016,2133,1189,1960
"426",2020,2,"RO",1830,531,1299,801,1029,18,0,0,0,0,1848,531,1299,801,1029
"427",2020,2,"RR",1108,411,697,550,558,7,0,0,0,0,1115,411,697,550,558
"428",2020,2,"RS",9466,2493,6973,3106,6360,66,0,0,0,0,9532,2493,6973,3106,6360
"429",2020,2,"SC",7011,1513,5498,2233,4778,61,0,0,0,0,7072,1513,5498,2233,4778
"430",2020,2,"SE",2152,821,1331,849,1303,20,0,0,0,0,2172,821,1331,849,1303
"431",2020,2,"SP",40547,5917,34630,13116,27431,311,0,0,0,0,40858,5917,34630,13116,27431
"432",2020,2,"TO",1782,411,1371,809,973,12,0,0,0,0,1794,411,1371,809,973
"433",2020,3,"AC",1116,435,681,526,590,12,0,0,0,0,1128,435,681,526,590
"434",2020,3,"AL",3421,1380,2041,1665,1756,31,0,0,0,0,3452,1380,2041,1665,1756
"435",2020,3,"AM",5909,1942,3967,2954,2955,75,0,0,0,0,5984,1942,3967,2954,2955
"436",2020,3,"AP",1097,402,695,531,566,10,0,0,0,0,1107,402,695,531,566
"437",2020,3,"BA",12684,3929,8755,5014,7670,174,0,0,0,0,12858,3929,8755,5014,7670
"438",2020,3,"CE",8275,2314,5961,3277,4998,81,0,0,0,0,8356,2314,5961,3277,4998
"439",2020,3,"DF",2786,418,2368,798,1988,31,0,0,0,0,2817,418,2368,798,1988
"440",2020,3,"ES",3979,1041,2938,1388,2591,29,0,0,0,0,4008,1041,2938,1388,2591
"441",2020,3,"GO",6722,1332,5390,2634,4088,56,0,0,0,0,6778,1332,5390,2634,4088
"442",2020,3,"MA",7037,2281,4756,3511,3526,90,0,0,0,0,7127,2281,4756,3511,3526
"443",2020,3,"MG",18493,3703,14790,6325,12168,186,0,0,0,0,18679,3703,14790,6325,12168
"444",2020,3,"MS",2900,834,2066,1175,1725,37,0,0,0,0,2937,834,2066,1175,1725
"445",2020,3,"MT",4273,867,3406,1816,2457,37,0,0,0,0,4310,867,3406,1816,2457
"446",2020,3,"PA",9856,3890,5966,5005,4851,109,0,0,0,0,9965,3890,5966,5005,4851
"447",2020,3,"PB",4043,1336,2707,1637,2406,36,0,0,0,0,4079,1336,2707,1637,2406
"448",2020,3,"PE",9156,2984,6172,3984,5172,93,0,0,0,0,9249,2984,6172,3984,5172
"449",2020,3,"PI",3124,1004,2120,1329,1795,36,0,0,0,0,3160,1004,2120,1329,1795
"450",2020,3,"PR",11383,2549,8834,4083,7300,79,0,0,0,0,11462,2549,8834,4083,7300
"451",2020,3,"RJ",14826,3611,11215,5776,9050,153,0,0,0,0,14979,3611,11215,5776,9050
"452",2020,3,"RN",3256,1099,2157,1280,1976,33,0,0,0,0,3289,1099,2157,1280,1976
"453",2020,3,"RO",1962,529,1433,846,1116,11,0,0,0,0,1973,529,1433,846,1116
"454",2020,3,"RR",1100,367,733,542,558,4,0,0,0,0,1104,367,733,542,558
"455",2020,3,"RS",10127,2823,7304,3374,6753,73,0,0,0,0,10200,2823,7304,3374,6753
"456",2020,3,"SC",7630,1700,5930,2583,5047,52,0,0,0,0,7682,1700,5930,2583,5047
"457",2020,3,"SE",2248,892,1356,988,1260,25,0,0,0,0,2273,892,1356,988,1260
"458",2020,3,"SP",42390,6191,36199,13915,28475,344,0,0,0,0,42734,6191,36199,13915,28475
"459",2020,3,"TO",1810,399,1411,761,1049,9,0,0,0,0,1819,399,1411,761,1049
"460",2020,4,"AC",1113,461,652,561,552,12,0,0,0,0,1125,461,652,561,552
"461",2020,4,"AL",3467,1431,2036,1733,1734,22,0,0,0,0,3489,1431,2036,1733,1734
"462",2020,4,"AM",5429,1878,3551,2748,2681,66,0,0,0,0,5495,1878,3551,2748,2681
"463",2020,4,"AP",1101,382,719,529,572,12,0,0,0,0,1113,382,719,529,572
"464",2020,4,"BA",12438,3874,8564,5031,7407,173,0,0,0,0,12611,3874,8564,5031,7407
"465",2020,4,"CE",7702,2210,5492,3043,4659,104,0,0,0,0,7806,2210,5492,3043,4659
"466",2020,4,"DF",2737,426,2311,836,1901,26,0,0,0,0,2763,426,2311,836,1901
"467",2020,4,"ES",4205,1021,3184,1518,2687,38,0,0,0,0,4243,1021,3184,1518,2687
"468",2020,4,"GO",6925,1351,5574,2763,4162,66,0,0,0,0,6991,1351,5574,2763,4162
"469",2020,4,"MA",6635,2217,4418,3409,3226,85,0,0,0,0,6720,2217,4418,3409,3226
"470",2020,4,"MG",17991,3596,14395,6249,11742,161,0,0,0,0,18152,3596,14395,6249,11742
"471",2020,4,"MS",3334,955,2379,1392,1942,40,0,0,0,0,3374,955,2379,1392,1942
"472",2020,4,"MT",4175,802,3373,1784,2391,41,0,0,0,0,4216,802,3373,1784,2391
"473",2020,4,"PA",8689,3357,5332,4580,4109,96,0,0,0,0,8785,3357,5332,4580,4109
"474",2020,4,"PB",3930,1300,2630,1673,2257,39,0,0,0,0,3969,1300,2630,1673,2257
"475",2020,4,"PE",8662,2829,5833,3819,4843,87,0,0,0,0,8749,2829,5833,3819,4843
"476",2020,4,"PI",3013,958,2055,1286,1727,30,0,0,0,0,3043,958,2055,1286,1727
"477",2020,4,"PR",11813,2650,9163,4255,7558,73,0,0,0,0,11886,2650,9163,4255,7558
"478",2020,4,"RJ",14491,3607,10884,5801,8690,168,0,0,0,0,14659,3607,10884,5801,8690
"479",2020,4,"RN",3058,1020,2038,1187,1871,31,0,0,0,0,3089,1020,2038,1187,1871
"480",2020,4,"RO",1770,488,1282,753,1017,16,0,0,0,0,1786,488,1282,753,1017
"481",2020,4,"RR",983,351,632,490,493,5,0,0,0,0,988,351,632,490,493
"482",2020,4,"RS",10225,2863,7362,3545,6680,65,0,0,0,0,10290,2863,7362,3545,6680
"483",2020,4,"SC",7438,1657,5781,2412,5026,64,0,0,0,0,7502,1657,5781,2412,5026
"484",2020,4,"SE",2330,904,1426,964,1366,34,0,0,0,0,2364,904,1426,964,1366
"485",2020,4,"SP",41554,6110,35444,13900,27654,318,0,0,0,0,41872,6110,35444,13900,27654
"486",2020,4,"TO",1682,364,1318,740,942,16,0,0,0,0,1698,364,1318,740,942
"487",2020,5,"AC",1145,509,636,590,555,10,0,0,0,0,1155,509,636,590,555
"488",2020,5,"AL",3880,1643,2237,1914,1966,31,0,0,0,0,3911,1643,2237,1914,1966
"489",2020,5,"AM",6380,2122,4258,3265,3115,90,0,0,0,0,6470,2122,4258,3265,3115
"490",2020,5,"AP",1168,386,782,573,595,10,0,0,0,0,1178,386,782,573,595
"491",2020,5,"BA",14288,4461,9827,5774,8514,196,0,0,0,0,14484,4461,9827,5774,8514
"492",2020,5,"CE",8683,2475,6208,3483,5200,91,0,0,0,0,8774,2475,6208,3483,5200
"493",2020,5,"DF",3156,517,2639,930,2226,30,0,0,0,0,3186,517,2639,930,2226
"494",2020,5,"ES",4562,1210,3352,1662,2900,53,0,0,0,0,4615,1210,3352,1662,2900
"495",2020,5,"GO",7679,1520,6159,2937,4742,61,0,0,0,0,7740,1520,6159,2937,4742
"496",2020,5,"MA",7214,2423,4791,3655,3559,87,0,0,0,0,7301,2423,4791,3655,3559
"497",2020,5,"MG",21128,4335,16793,7362,13766,186,0,0,0,0,21314,4335,16793,7362,13766
"498",2020,5,"MS",3836,1150,2686,1582,2254,35,0,0,0,0,3871,1150,2686,1582,2254
"499",2020,5,"MT",4687,848,3839,1980,2707,33,0,0,0,0,4720,848,3839,1980,2707
"500",2020,5,"PA",9606,3743,5863,5039,4567,93,0,0,0,0,9699,3743,5863,5039,4567
"501",2020,5,"PB",4523,1589,2934,1880,2643,46,0,0,0,0,4569,1589,2934,1880,2643
"502",2020,5,"PE",10036,3318,6718,4423,5613,85,0,0,0,0,10121,3318,6718,4423,5613
"503",2020,5,"PI",3398,1086,2312,1514,1884,29,0,0,0,0,3427,1086,2312,1514,1884
"504",2020,5,"PR",12697,2799,9898,4474,8223,87,0,0,0,0,12784,2799,9898,4474,8223
"505",2020,5,"RJ",16236,3981,12255,6333,9903,190,0,0,0,0,16426,3981,12255,6333,9903
"506",2020,5,"RN",3451,1138,2313,1338,2113,28,0,0,0,0,3479,1138,2313,1338,2113
"507",2020,5,"RO",1975,542,1433,887,1088,18,0,0,0,0,1993,542,1433,887,1088
"508",2020,5,"RR",1043,399,644,529,514,13,0,0,0,0,1056,399,644,529,514
"509",2020,5,"RS",11221,3047,8174,3750,7471,75,0,0,0,0,11296,3047,8174,3750,7471
"510",2020,5,"SC",8191,1807,6384,2722,5469,68,0,0,0,0,8259,1807,6384,2722,5469
"511",2020,5,"SE",2476,967,1509,1034,1442,31,0,0,0,0,2507,967,1509,1034,1442
"512",2020,5,"SP",46210,6762,39448,15136,31074,365,0,0,0,0,46575,6762,39448,15136,31074
"513",2020,5,"TO",1791,385,1406,787,1004,24,0,0,0,0,1815,385,1406,787,1004
"514",2020,6,"AC",1258,528,730,631,627,16,0,0,0,0,1274,528,730,631,627
"515",2020,6,"AL",4130,1713,2417,1981,2149,36,0,0,0,0,4166,1713,2417,1981,2149
"516",2020,6,"AM",6408,2101,4307,3278,3130,80,0,0,0,0,6488,2101,4307,3278,3130
"517",2020,6,"AP",1237,439,798,564,673,15,0,0,0,0,1252,439,798,564,673
"518",2020,6,"BA",14879,4684,10195,6054,8825,176,0,0,0,0,15055,4684,10195,6054,8825
"519",2020,6,"CE",9269,2702,6567,3588,5681,103,0,0,0,0,9372,2702,6567,3588,5681
"520",2020,6,"DF",3367,548,2819,968,2399,26,0,0,0,0,3393,548,2819,968,2399
"521",2020,6,"ES",4660,1165,3495,1715,2945,30,0,0,0,0,4690,1165,3495,1715,2945
"522",2020,6,"GO",8119,1469,6650,3139,4980,76,0,0,0,0,8195,1469,6650,3139,4980
"523",2020,6,"MA",7986,2646,5340,4050,3936,89,0,0,0,0,8075,2646,5340,4050,3936
"524",2020,6,"MG",21613,4299,17314,7301,14312,216,0,0,0,0,21829,4299,17314,7301,14312
"525",2020,6,"MS",3771,1113,2658,1578,2193,44,0,0,0,0,3815,1113,2658,1578,2193
"526",2020,6,"MT",4949,903,4046,2056,2893,46,0,0,0,0,4995,903,4046,2056,2893
"527",2020,6,"PA",10458,3965,6493,5369,5089,121,0,0,0,0,10579,3965,6493,5369,5089
"528",2020,6,"PB",4860,1635,3225,1945,2915,46,0,0,0,0,4906,1635,3225,1945,2915
"529",2020,6,"PE",10717,3413,7304,4552,6165,92,0,0,0,0,10809,3413,7304,4552,6165
"530",2020,6,"PI",3588,1211,2377,1548,2040,32,0,0,0,0,3620,1211,2377,1548,2040
"531",2020,6,"PR",12523,2714,9809,4365,8158,98,0,0,0,0,12621,2714,9809,4365,8158
"532",2020,6,"RJ",16215,3771,12444,6169,10046,187,0,0,0,0,16402,3771,12444,6169,10046
"533",2020,6,"RN",3563,1171,2392,1398,2165,44,0,0,0,0,3607,1171,2392,1398,2165
"534",2020,6,"RO",2105,596,1509,957,1148,18,0,0,0,0,2123,596,1509,957,1148
"535",2020,6,"RR",1117,384,733,567,550,8,0,0,0,0,1125,384,733,567,550
"536",2020,6,"RS",11230,2944,8286,3636,7594,85,0,0,0,0,11315,2944,8286,3636,7594
"537",2020,6,"SC",8256,1697,6559,2613,5643,62,0,0,0,0,8318,1697,6559,2613,5643
"538",2020,6,"SE",2721,1009,1712,1149,1572,20,0,0,0,0,2741,1009,1712,1149,1572
"539",2020,6,"SP",46818,6750,40068,14978,31840,326,0,0,0,0,47144,6750,40068,14978,31840
"540",2020,6,"TO",1949,407,1542,849,1100,16,0,0,0,0,1965,407,1542,849,1100
"541",2020,7,"AC",1242,502,740,632,610,16,0,0,0,0,1258,502,740,632,610
"542",2020,7,"AL",4288,1734,2554,2064,2224,38,0,0,0,0,4326,1734,2554,2064,2224
"543",2020,7,"AM",6457,2108,4349,3224,3233,79,0,0,0,0,6536,2108,4349,3224,3233
"544",2020,7,"AP",1179,412,767,561,618,21,0,0,0,0,1200,412,767,561,618
"545",2020,7,"BA",15039,4672,10367,6062,8977,213,0,0,0,0,15252,4672,10367,6062,8977
"546",2020,7,"CE",9732,2659,7073,3743,5989,90,0,0,0,0,9822,2659,7073,3743,5989
"547",2020,7,"DF",3241,493,2748,938,2303,23,0,0,0,0,3264,493,2748,938,2303
"548",2020,7,"ES",4653,1202,3451,1642,3011,37,0,0,0,0,4690,1202,3451,1642,3011
"549",2020,7,"GO",8102,1513,6589,3044,5058,75,0,0,0,0,8177,1513,6589,3044,5058
"550",2020,7,"MA",8386,2749,5637,4267,4119,96,0,0,0,0,8482,2749,5637,4267,4119
"551",2020,7,"MG",21386,4167,17219,7073,14313,186,0,0,0,0,21572,4167,17219,7073,14313
"552",2020,7,"MS",3797,1111,2686,1500,2297,29,0,0,0,0,3826,1111,2686,1500,2297
"553",2020,7,"MT",4954,854,4100,2171,2783,52,0,0,0,0,5006,854,4100,2171,2783
"554",2020,7,"PA",10588,3827,6761,5425,5163,130,0,0,0,0,10718,3827,6761,5425,5163
"555",2020,7,"PB",4866,1634,3232,1921,2945,42,0,0,0,0,4908,1634,3232,1921,2945
"556",2020,7,"PE",11044,3493,7551,4699,6345,109,0,0,0,0,11153,3493,7551,4699,6345
"557",2020,7,"PI",3775,1179,2596,1660,2115,39,0,0,0,0,3814,1179,2596,1660,2115
"558",2020,7,"PR",12493,2706,9787,4296,8197,101,0,0,0,0,12594,2706,9787,4296,8197
"559",2020,7,"RJ",16597,3908,12689,6202,10395,201,0,0,0,0,16798,3908,12689,6202,10395
"560",2020,7,"RN",3915,1314,2601,1470,2445,45,0,0,0,0,3960,1314,2601,1470,2445
"561",2020,7,"RO",2047,541,1506,894,1153,17,0,0,0,0,2064,541,1506,894,1153
"562",2020,7,"RR",1119,369,750,563,556,13,0,0,0,0,1132,369,750,563,556
"563",2020,7,"RS",11022,2922,8100,3490,7532,72,0,0,0,0,11094,2922,8100,3490,7532
"564",2020,7,"SC",8034,1679,6355,2584,5450,42,0,0,0,0,8076,1679,6355,2584,5450
"565",2020,7,"SE",2724,1102,1622,1133,1591,34,0,0,0,0,2758,1102,1622,1133,1591
"566",2020,7,"SP",46929,6664,40265,14958,31971,373,0,0,0,0,47302,6664,40265,14958,31971
"567",2020,7,"TO",2091,484,1607,964,1127,31,0,0,0,0,2122,484,1607,964,1127
"568",2021,1,"AC",1157,467,690,572,585,7,0,0,0,0,1164,467,690,572,585
"569",2021,1,"AL",3764,1319,2445,1770,1994,38,0,0,0,0,3802,1319,2445,1770,1994
"570",2021,1,"AM",6408,2051,4357,3259,3149,69,0,0,0,0,6477,2051,4357,3259,3149
"571",2021,1,"AP",1259,407,852,600,659,11,0,0,0,0,1270,407,852,600,659
"572",2021,1,"BA",13584,3955,9629,5297,8287,187,0,0,0,0,13771,3955,9629,5297,8287
"573",2021,1,"CE",9121,2341,6780,3433,5688,96,0,0,0,0,9217,2341,6780,3433,5688
"574",2021,1,"DF",3043,463,2580,814,2229,26,0,0,0,0,3069,463,2580,814,2229
"575",2021,1,"ES",4353,1075,3278,1482,2871,38,0,0,0,0,4391,1075,3278,1482,2871
"576",2021,1,"GO",7336,1233,6103,2805,4531,67,0,0,0,0,7403,1233,6103,2805,4531
"577",2021,1,"MA",8631,2739,5892,4248,4383,90,0,0,0,0,8721,2739,5892,4248,4383
"578",2021,1,"MG",18553,3379,15174,6127,12426,157,0,0,0,0,18710,3379,15174,6127,12426
"579",2021,1,"MS",3233,884,2349,1269,1964,25,0,0,0,0,3258,884,2349,1269,1964
"580",2021,1,"MT",4504,750,3754,1857,2647,43,0,0,0,0,4547,750,3754,1857,2647
"581",2021,1,"PA",11144,3991,7153,5652,5492,126,0,0,0,0,11270,3991,7153,5652,5492
"582",2021,1,"PB",4606,1491,3115,1820,2786,36,0,0,0,0,4642,1491,3115,1820,2786
"583",2021,1,"PE",10228,2925,7303,4295,5933,103,0,0,0,0,10331,2925,7303,4295,5933
"584",2021,1,"PI",3788,1046,2742,1679,2109,40,0,0,0,0,3828,1046,2742,1679,2109
"585",2021,1,"PR",10607,2177,8430,3736,6871,81,0,0,0,0,10688,2177,8430,3736,6871
"586",2021,1,"RJ",13529,2911,10618,4792,8737,153,0,0,0,0,13682,2911,10618,4792,8737
"587",2021,1,"RN",3585,1077,2508,1331,2254,29,0,0,0,0,3614,1077,2508,1331,2254
"588",2021,1,"RO",2050,542,1508,856,1194,17,0,0,0,0,2067,542,1508,856,1194
"589",2021,1,"RR",1150,322,828,563,587,9,0,0,0,0,1159,322,828,563,587
"590",2021,1,"RS",9693,2360,7333,3065,6628,61,0,0,0,0,9754,2360,7333,3065,6628
"591",2021,1,"SC",6782,1365,5417,2113,4669,48,0,0,0,0,6830,1365,5417,2113,4669
"592",2021,1,"SE",2577,922,1655,1059,1518,23,0,0,0,0,2600,922,1655,1059,1518
"593",2021,1,"SP",41586,5474,36112,13019,28567,313,0,0,0,0,41899,5474,36112,13019,28567
"594",2021,1,"TO",1954,382,1572,890,1064,14,0,0,0,0,1968,382,1572,890,1064
"595",2021,2,"AC",959,356,603,471,488,7,0,0,0,0,966,356,603,471,488
"596",2021,2,"AL",2851,1055,1796,1363,1488,23,0,0,0,0,2874,1055,1796,1363,1488
"597",2021,2,"AM",4621,1559,3062,2449,2172,62,0,0,0,0,4683,1559,3062,2449,2172
"598",2021,2,"AP",1215,402,813,556,659,24,0,0,0,0,1239,402,813,556,659
"599",2021,2,"BA",11446,3338,8108,4570,6876,179,0,0,0,0,11625,3338,8108,4570,6876
"600",2021,2,"CE",7590,2027,5563,2961,4629,94,0,0,0,0,7684,2027,5563,2961,4629
"601",2021,2,"DF",2379,412,1967,737,1642,20,0,0,0,0,2399,412,1967,737,1642
"602",2021,2,"ES",3724,887,2837,1318,2406,29,0,0,0,0,3753,887,2837,1318,2406
"603",2021,2,"GO",6682,1225,5457,2564,4118,55,0,0,0,0,6737,1225,5457,2564,4118
"604",2021,2,"MA",7111,2178,4933,3579,3532,91,0,0,0,0,7202,2178,4933,3579,3532
"605",2021,2,"MG",15562,2828,12734,5206,10356,134,0,0,0,0,15696,2828,12734,5206,10356
"606",2021,2,"MS",2892,757,2135,1112,1780,45,0,0,0,0,2937,757,2135,1112,1780
"607",2021,2,"MT",3936,761,3175,1586,2350,41,0,0,0,0,3977,761,3175,1586,2350
"608",2021,2,"PA",9862,3445,6417,4839,5023,107,0,0,0,0,9969,3445,6417,4839,5023
"609",2021,2,"PB",3818,1208,2610,1510,2308,44,0,0,0,0,3862,1208,2610,1510,2308
"610",2021,2,"PE",8615,2512,6103,3551,5064,80,0,0,0,0,8695,2512,6103,3551,5064
"611",2021,2,"PI",3378,958,2420,1434,1944,38,0,0,0,0,3416,958,2420,1434,1944
"612",2021,2,"PR",9505,1944,7561,3329,6176,68,0,0,0,0,9573,1944,7561,3329,6176
"613",2021,2,"RJ",10811,2316,8495,3915,6896,154,0,0,0,0,10965,2316,8495,3915,6896
"614",2021,2,"RN",3008,926,2082,1097,1911,22,0,0,0,0,3030,926,2082,1097,1911
"615",2021,2,"RO",1777,481,1296,782,995,13,0,0,0,0,1790,481,1296,782,995
"616",2021,2,"RR",964,264,700,475,489,7,0,0,0,0,971,264,700,475,489
"617",2021,2,"RS",8398,2096,6302,2635,5763,56,0,0,0,0,8454,2096,6302,2635,5763
"618",2021,2,"SC",6047,1241,4806,1977,4070,38,0,0,0,0,6085,1241,4806,1977,4070
"619",2021,2,"SE",2152,759,1393,842,1310,24,0,0,0,0,2176,759,1393,842,1310
"620",2021,2,"SP",37530,4972,32558,11776,25754,276,0,0,0,0,37806,4972,32558,11776,25754
"621",2021,2,"TO",1818,377,1441,819,999,12,0,0,0,0,1830,377,1441,819,999
"622",2021,3,"AC",627,259,368,304,323,8,0,0,0,0,635,259,368,304,323
"623",2021,3,"AL",2064,779,1285,969,1095,33,0,0,0,0,2097,779,1285,969,1095
"624",2021,3,"AM",2687,1034,1653,1489,1198,72,0,0,0,0,2759,1034,1653,1489,1198
"625",2021,3,"AP",957,294,663,438,519,11,0,0,0,0,968,294,663,438,519
"626",2021,3,"BA",9750,2787,6963,3746,6004,154,0,0,0,0,9904,2787,6963,3746,6004
"627",2021,3,"CE",6627,1677,4950,2397,4230,97,0,0,0,0,6724,1677,4950,2397,4230
"628",2021,3,"DF",1728,344,1384,581,1147,22,0,0,0,0,1750,344,1384,581,1147
"629",2021,3,"ES",1826,490,1336,607,1219,39,0,0,0,0,1865,490,1336,607,1219
"630",2021,3,"GO",6353,1175,5178,2388,3965,55,0,0,0,0,6408,1175,5178,2388,3965
"631",2021,3,"MA",6050,1752,4298,2914,3136,71,0,0,0,0,6121,1752,4298,2914,3136
"632",2021,3,"MG",12762,2420,10342,4115,8647,143,0,0,0,0,12905,2420,10342,4115,8647
"633",2021,3,"MS",2877,755,2122,1143,1734,34,0,0,0,0,2911,755,2122,1143,1734
"634",2021,3,"MT",3288,610,2678,1327,1961,31,0,0,0,0,3319,610,2678,1327,1961
"635",2021,3,"PA",8886,3056,5830,4407,4479,102,0,0,0,0,8988,3056,5830,4407,4479
"636",2021,3,"PB",3225,978,2247,1246,1979,30,0,0,0,0,3255,978,2247,1246,1979
"637",2021,3,"PE",6849,1999,4850,2791,4058,111,0,0,0,0,6960,1999,4850,2791,4058
"638",2021,3,"PI",2978,814,2164,1176,1802,39,0,0,0,0,3017,814,2164,1176,1802
"639",2021,3,"PR",8913,1793,7120,3013,5900,72,0,0,0,0,8985,1793,7120,3013,5900
"640",2021,3,"RJ",7385,1553,5832,2518,4867,158,0,0,0,0,7543,1553,5832,2518,4867
"641",2021,3,"RN",2373,696,1677,833,1540,32,0,0,0,0,2405,696,1677,833,1540
"642",2021,3,"RO",1640,462,1178,700,940,23,0,0,0,0,1663,462,1178,700,940
"643",2021,3,"RR",882,259,623,426,456,7,0,0,0,0,889,259,623,426,456
"644",2021,3,"RS",8398,2118,6280,2567,5831,68,0,0,0,0,8466,2118,6280,2567,5831
"645",2021,3,"SC",5424,1126,4298,1819,3605,53,0,0,0,0,5477,1126,4298,1819,3605
"646",2021,3,"SE",1456,484,972,584,872,26,0,0,0,0,1482,484,972,584,872
"647",2021,3,"SP",37412,4919,32493,11691,25721,326,0,0,0,0,37738,4919,32493,11691,25721
"648",2021,3,"TO",1577,302,1275,633,944,20,0,0,0,0,1597,302,1275,633,944
"649",2021,4,"AC",97,42,55,42,55,7,0,0,0,0,104,42,55,42,55
"650",2021,4,"AL",399,161,238,174,225,18,0,0,0,0,417,161,238,174,225
"651",2021,4,"AM",478,185,293,288,190,62,0,0,0,0,540,185,293,288,190
"652",2021,4,"AP",212,55,157,102,110,11,0,0,0,0,223,55,157,102,110
"653",2021,4,"BA",1944,559,1385,735,1209,126,0,0,0,0,2070,559,1385,735,1209
"654",2021,4,"CE",1586,426,1160,520,1066,58,0,0,0,0,1644,426,1160,520,1066
"655",2021,4,"DF",339,80,259,114,225,15,0,0,0,0,354,80,259,114,225
"656",2021,4,"ES",273,84,189,85,188,23,0,0,0,0,296,84,189,85,188
"657",2021,4,"GO",1338,248,1090,472,866,38,0,0,0,0,1376,248,1090,472,866
"658",2021,4,"MA",958,324,634,455,503,61,0,0,0,0,1019,324,634,455,503
"659",2021,4,"MG",2374,487,1887,794,1580,125,0,0,0,0,2499,487,1887,794,1580
"660",2021,4,"MS",611,174,437,257,354,29,0,0,0,0,640,174,437,257,354
"661",2021,4,"MT",719,144,575,295,424,38,0,0,0,0,757,144,575,295,424
"662",2021,4,"PA",1912,694,1218,927,985,93,0,0,0,0,2005,694,1218,927,985
"663",2021,4,"PB",675,236,439,255,420,27,0,0,0,0,702,236,439,255,420
"664",2021,4,"PE",1227,371,856,506,721,74,0,0,0,0,1301,371,856,506,721
"665",2021,4,"PI",523,163,360,201,322,17,0,0,0,0,540,163,360,201,322
"666",2021,4,"PR",1930,403,1527,624,1306,68,0,0,0,0,1998,403,1527,624,1306
"667",2021,4,"RJ",1895,389,1506,617,1278,127,0,0,0,0,2022,389,1506,617,1278
"668",2021,4,"RN",473,145,328,151,322,30,0,0,0,0,503,145,328,151,322
"669",2021,4,"RO",286,69,217,114,172,14,0,0,0,0,300,69,217,114,172
"670",2021,4,"RR",163,44,119,80,83,10,0,0,0,0,173,44,119,80,83
"671",2021,4,"RS",1976,536,1440,566,1410,56,0,0,0,0,2032,536,1440,566,1410
"672",2021,4,"SC",990,221,769,308,682,54,0,0,0,0,1044,221,769,308,682
"673",2021,4,"SE",215,77,138,80,135,17,0,0,0,0,232,77,138,80,135
"674",2021,4,"SP",8512,1272,7240,2511,6001,276,0,0,0,0,8788,1272,7240,2511,6001
"675",2021,4,"TO",358,73,285,146,212,19,0,0,0,0,377,73,285,146,212
"676",2021,5,"AC",17,6,11,9,8,4,0,0,0,0,21,6,11,9,8
"677",2021,5,"AL",60,29,31,32,28,14,0,0,0,0,74,29,31,32,28
"678",2021,5,"AM",63,27,36,37,26,32,0,0,0,0,95,27,36,37,26
"679",2021,5,"AP",29,8,21,14,15,5,0,0,0,0,34,8,21,14,15
"680",2021,5,"BA",271,94,177,96,175,96,0,0,0,0,367,94,177,96,175
"681",2021,5,"CE",215,78,137,89,126,46,0,0,0,0,261,78,137,89,126
"682",2021,5,"DF",63,9,54,23,40,21,0,0,0,0,84,9,54,23,40
"683",2021,5,"ES",54,16,38,19,35,16,0,0,0,0,70,16,38,19,35
"684",2021,5,"GO",160,35,125,64,96,29,0,0,0,0,189,35,125,64,96
"685",2021,5,"MA",152,60,92,75,77,37,0,0,0,0,189,60,92,75,77
"686",2021,5,"MG",338,48,290,119,219,86,0,0,0,0,424,48,290,119,219
"687",2021,5,"MS",105,33,72,58,47,29,0,0,0,0,134,33,72,58,47
"688",2021,5,"MT",79,18,61,41,38,28,0,0,0,0,107,18,61,41,38
"689",2021,5,"PA",283,135,148,155,128,68,0,0,0,0,351,135,148,155,128
"690",2021,5,"PB",77,34,43,32,45,21,0,0,0,0,98,34,43,32,45
"691",2021,5,"PE",179,56,123,89,90,41,0,0,0,0,220,56,123,89,90
"692",2021,5,"PI",52,19,33,23,29,12,0,0,0,0,64,19,33,23,29
"693",2021,5,"PR",230,63,167,93,137,56,0,0,0,0,286,63,167,93,137
"694",2021,5,"RJ",270,72,198,109,161,84,0,0,0,0,354,72,198,109,161
"695",2021,5,"RN",75,18,57,31,44,17,0,0,0,0,92,18,57,31,44
"696",2021,5,"RO",47,12,35,16,31,4,0,0,0,0,51,12,35,16,31
"697",2021,5,"RR",34,10,24,17,17,5,0,0,0,0,39,10,24,17,17
"698",2021,5,"RS",236,61,175,77,159,40,0,0,0,0,276,61,175,77,159
"699",2021,5,"SC",125,26,99,34,91,40,0,0,0,0,165,26,99,34,91
"700",2021,5,"SE",30,11,19,16,14,16,0,0,0,0,46,11,19,16,14
"701",2021,5,"SP",1128,169,959,377,751,212,0,0,0,0,1340,169,959,377,751
"702",2021,5,"TO",45,7,38,21,24,6,0,0,0,0,51,7,38,21,24
"703",2021,6,"AC",2,1,1,0,2,3,0,0,0,0,5,1,1,0,2
"704",2021,6,"AL",25,13,12,17,8,7,0,0,0,0,32,13,12,17,8
"705",2021,6,"AM",15,6,9,12,3,14,0,0,0,0,29,6,9,12,3
"706",2021,6,"AP",6,3,3,3,3,2,0,0,0,0,8,3,3,3,3
"707",2021,6,"BA",80,25,55,36,44,64,0,0,0,0,144,25,55,36,44
"708",2021,6,"CE",72,16,56,32,40,25,0,0,0,0,97,16,56,32,40
"709",2021,6,"DF",15,3,12,6,9,4,0,0,0,0,19,3,12,6,9
"710",2021,6,"ES",8,4,4,4,4,16,0,0,0,0,24,4,4,4,4
"711",2021,6,"GO",56,11,45,21,35,26,0,0,0,0,82,11,45,21,35
"712",2021,6,"MA",27,9,18,16,11,29,0,0,0,0,56,9,18,16,11
"713",2021,6,"MG",108,24,84,32,76,67,0,0,0,0,175,24,84,32,76
"714",2021,6,"MS",18,11,7,8,10,11,0,0,0,0,29,11,7,8,10
"715",2021,6,"MT",15,2,13,6,9,16,0,0,0,0,31,2,13,6,9
"716",2021,6,"PA",74,24,50,33,41,36,0,0,0,0,110,24,50,33,41
"717",2021,6,"PB",28,10,18,13,15,22,0,0,0,0,50,10,18,13,15
"718",2021,6,"PE",52,22,30,24,28,32,0,0,0,0,84,22,30,24,28
"719",2021,6,"PI",16,3,13,5,11,9,0,0,0,0,25,3,13,5,11
"720",2021,6,"PR",70,20,50,25,45,41,0,0,0,0,111,20,50,25,45
"721",2021,6,"RJ",68,14,54,27,41,51,0,0,0,0,119,14,54,27,41
"722",2021,6,"RN",17,4,13,7,10,15,0,0,0,0,32,4,13,7,10
"723",2021,6,"RO",12,2,10,6,6,1,0,0,0,0,13,2,10,6,6
"724",2021,6,"RR",4,0,4,2,2,2,0,0,0,0,6,0,4,2,2
"725",2021,6,"RS",69,19,50,24,45,29,0,0,0,0,98,19,50,24,45
"726",2021,6,"SC",40,10,30,21,19,29,0,0,0,0,69,10,30,21,19
"727",2021,6,"SE",8,1,7,4,4,9,0,0,0,0,17,1,7,4,4
"728",2021,6,"SP",324,42,282,124,200,148,0,0,0,0,472,42,282,124,200
"729",2021,6,"TO",13,3,10,5,8,4,0,0,0,0,17,3,10,5,8
"730",2021,7,"AL",2,1,1,0,2,3,0,0,0,0,5,1,1,0,2
"731",2021,7,"AM",6,3,3,4,2,14,0,0,0,0,20,3,3,4,2
"732",2021,7,"AP",1,0,1,0,1,3,0,0,0,0,4,0,1,0,1
"733",2021,7,"BA",19,11,8,9,10,49,0,0,0,0,68,11,8,9,10
"734",2021,7,"CE",23,7,16,12,11,13,0,0,0,0,36,7,16,12,11
"735",2021,7,"DF",9,2,7,4,5,3,0,0,0,0,12,2,7,4,5
"736",2021,7,"ES",2,1,1,0,2,3,0,0,0,0,5,1,1,0,2
"737",2021,7,"GO",13,4,9,4,9,12,0,0,0,0,25,4,9,4,9
"738",2021,7,"MA",9,2,7,3,6,10,0,0,0,0,19,2,7,3,6
"739",2021,7,"MG",31,8,23,15,16,29,0,0,0,0,60,8,23,15,16
"740",2021,7,"MS",6,2,4,3,3,2,0,0,0,0,8,2,4,3,3
"741",2021,7,"MT",6,1,5,4,2,9,0,0,0,0,15,1,5,4,2
"742",2021,7,"PA",17,6,11,10,7,22,0,0,0,0,39,6,11,10,7
"743",2021,7,"PB",2,1,1,1,1,9,0,0,0,0,11,1,1,1,1
"744",2021,7,"PE",7,2,5,3,4,13,0,0,0,0,20,2,5,3,4
"745",2021,7,"PI",5,1,4,2,3,2,0,0,0,0,7,1,4,2,3
"746",2021,7,"PR",15,7,8,7,8,11,0,0,0,0,26,7,8,7,8
"747",2021,7,"RJ",17,4,13,13,4,20,0,0,0,0,37,4,13,13,4
"748",2021,7,"RN",10,5,5,7,3,7,0,0,0,0,17,5,5,7,3
"749",2021,7,"RR",1,0,1,1,0,0,0,0,0,0,1,0,1,1,0
"750",2021,7,"RS",15,5,10,6,9,11,0,0,0,0,26,5,10,6,9
"751",2021,7,"SC",14,4,10,6,8,8,0,0,0,0,22,4,10,6,8
"752",2021,7,"SE",4,1,3,2,2,6,0,0,0,0,10,1,3,2,2
"753",2021,7,"SP",102,12,90,29,73,84,0,0,0,0,186,12,90,29,73
"754",2021,7,"TO",6,0,6,4,2,2,0,0,0,0,8,0,6,4,2
