"","UF","region","region_name","microregion","microregion_name","pop","gdp","week","nconcep","nconcep_educ_low","nconcep_educ_high","nconcep_age_young","nconcep_age_old","nfetal","nfetal_educ_low","nfetal_educ_high","nfetal_age_young","nfetal_age_old","totalconcep","totalconcep_educ_low","totalconcep_educ_high","totalconcep_age_young","totalconcep_age_old","deaths","lgdp","lpop","isolated","s_date","year","month"
"1","AC",1,"Norte",12001,"Cruzeiro do Sul",159274,13597.6753611387,5,54,26,28,35,19,2,0,0,0,0,56,26,28,35,19,18,9.51765412778602,11.9783812685158,0.323569655475821,2020-02-03,2020,2
"2","AC",1,"Norte",12001,"Cruzeiro do Sul",159274,13597.6753611387,6,58,22,36,27,31,0,0,0,0,0,58,22,36,27,31,10,9.51765412778602,11.9783812685158,0.301824599718657,2020-02-10,2020,2
"3","AC",1,"Norte",12001,"Cruzeiro do Sul",159274,13597.6753611387,7,68,29,39,38,30,0,0,0,0,0,68,29,39,38,30,13,9.51765412778602,11.9783812685158,0.314457419292732,2020-02-17,2020,2
"4","AC",1,"Norte",12001,"Cruzeiro do Sul",159274,13597.6753611387,8,71,29,42,35,36,2,0,0,0,0,73,29,42,35,36,7,9.51765412778602,11.9783812685158,0.348216647119355,2020-02-24,2020,2
"5","AC",1,"Norte",12001,"Cruzeiro do Sul",159274,13597.6753611387,9,62,25,37,27,35,1,0,0,0,0,63,25,37,27,35,14,9.51765412778602,11.9783812685158,0.330607749955718,2020-03-02,2020,3
"6","AC",1,"Norte",12001,"Cruzeiro do Sul",159274,13597.6753611387,10,63,22,41,36,27,0,0,0,0,0,63,22,41,36,27,6,9.51765412778602,11.9783812685158,0.341206928112389,2020-03-09,2020,3
"7","AC",1,"Norte",12001,"Cruzeiro do Sul",159274,13597.6753611387,11,42,25,17,21,21,0,0,0,0,0,42,25,17,21,21,9,9.51765412778602,11.9783812685158,0.404247306648029,2020-03-16,2020,3
"8","AC",1,"Norte",12001,"Cruzeiro do Sul",159274,13597.6753611387,12,42,26,16,23,19,0,0,0,0,0,42,26,16,23,19,6,9.51765412778602,11.9783812685158,0.50646298957826,2020-03-23,2020,3
"9","AC",1,"Norte",12001,"Cruzeiro do Sul",159274,13597.6753611387,13,49,24,25,28,21,2,0,0,0,0,51,24,25,28,21,13,9.51765412778602,11.9783812685158,0.478538616485944,2020-03-30,2020,3
"10","AC",1,"Norte",12001,"Cruzeiro do Sul",159274,13597.6753611387,14,49,21,28,17,32,0,0,0,0,0,49,21,28,17,32,12,9.51765412778602,11.9783812685158,0.475734035507001,2020-04-06,2020,4
"11","AC",1,"Norte",12001,"Cruzeiro do Sul",159274,13597.6753611387,15,64,31,33,28,36,0,0,0,0,0,64,31,33,28,36,13,9.51765412778602,11.9783812685158,0.474960447769591,2020-04-13,2020,4
"12","AC",1,"Norte",12001,"Cruzeiro do Sul",159274,13597.6753611387,16,60,28,32,34,26,1,0,0,0,0,61,28,32,34,26,10,9.51765412778602,11.9783812685158,0.496026562879652,2020-04-20,2020,4
"13","AC",1,"Norte",12001,"Cruzeiro do Sul",159274,13597.6753611387,17,54,23,31,30,24,1,0,0,0,0,55,23,31,30,24,11,9.51765412778602,11.9783812685158,0.476730027298026,2020-04-27,2020,4
"14","AC",1,"Norte",12001,"Cruzeiro do Sul",159274,13597.6753611387,18,55,26,29,35,20,0,0,0,0,0,55,26,29,35,20,9,9.51765412778602,11.9783812685158,0.520087749737868,2020-05-04,2020,5
"15","AC",1,"Norte",12001,"Cruzeiro do Sul",159274,13597.6753611387,19,63,33,30,37,26,0,0,0,0,0,63,33,30,37,26,6,9.51765412778602,11.9783812685158,0.523794505858201,2020-05-11,2020,5
"16","AC",1,"Norte",12001,"Cruzeiro do Sul",159274,13597.6753611387,20,66,39,27,39,27,2,0,0,0,0,68,39,27,39,27,23,9.51765412778602,11.9783812685158,0.532777711003798,2020-05-18,2020,5
"17","AC",1,"Norte",12001,"Cruzeiro do Sul",159274,13597.6753611387,21,74,41,33,40,34,0,0,0,0,0,74,41,33,40,34,14,9.51765412778602,11.9783812685158,0.506308414346718,2020-05-25,2020,5
"18","AC",1,"Norte",12001,"Cruzeiro do Sul",159274,13597.6753611387,22,87,39,48,48,39,0,0,0,0,0,87,39,48,48,39,20,9.51765412778602,11.9783812685158,0.487493319220407,2020-06-01,2020,6
"19","AC",1,"Norte",12001,"Cruzeiro do Sul",159274,13597.6753611387,23,69,37,32,39,30,0,0,0,0,0,69,37,32,39,30,20,9.51765412778602,11.9783812685158,0.476503130810423,2020-06-08,2020,6
"20","AC",1,"Norte",12001,"Cruzeiro do Sul",159274,13597.6753611387,24,63,29,34,37,26,2,0,0,0,0,65,29,34,37,26,15,9.51765412778602,11.9783812685158,0.461116953179707,2020-06-15,2020,6
"21","AC",1,"Norte",12001,"Cruzeiro do Sul",159274,13597.6753611387,25,65,36,29,42,23,0,0,0,0,0,65,36,29,42,23,16,9.51765412778602,11.9783812685158,0.453429700047569,2020-06-22,2020,6
"22","AC",1,"Norte",12001,"Cruzeiro do Sul",159274,13597.6753611387,26,53,25,28,30,23,0,0,0,0,0,53,25,28,30,23,13,9.51765412778602,11.9783812685158,0.44374395314039,2020-06-29,2020,6
"23","AC",1,"Norte",12001,"Cruzeiro do Sul",159274,13597.6753611387,27,57,26,31,35,22,0,0,0,0,0,57,26,31,35,22,10,9.51765412778602,11.9783812685158,0.468846829641911,2020-07-06,2020,7
"24","AC",1,"Norte",12001,"Cruzeiro do Sul",159274,13597.6753611387,28,47,23,24,28,19,1,0,0,0,0,48,23,24,28,19,20,9.51765412778602,11.9783812685158,0.444866136029574,2020-07-13,2020,7
"25","AC",1,"Norte",12001,"Cruzeiro do Sul",159274,13597.6753611387,29,61,32,29,30,31,2,0,0,0,0,63,32,29,30,31,14,9.51765412778602,11.9783812685158,0.445804561852918,2020-07-20,2020,7
"26","AC",1,"Norte",12002,"Tarauacá",86508,10966.6734802562,5,39,22,17,21,18,0,0,0,0,0,39,22,17,21,18,4,9.30261626938511,11.3679921741926,0.30549447076347,2020-02-03,2020,2
"27","AC",1,"Norte",12002,"Tarauacá",86508,10966.6734802562,6,25,14,11,12,13,0,0,0,0,0,25,14,11,12,13,7,9.30261626938511,11.3679921741926,0.304090031528308,2020-02-10,2020,2
"28","AC",1,"Norte",12002,"Tarauacá",86508,10966.6734802562,7,32,20,12,21,11,1,0,0,0,0,33,20,12,21,11,6,9.30261626938511,11.3679921741926,0.290580803460242,2020-02-17,2020,2
"29","AC",1,"Norte",12002,"Tarauacá",86508,10966.6734802562,8,35,16,19,19,16,2,0,0,0,0,37,16,19,19,16,7,9.30261626938511,11.3679921741926,0.331815142447531,2020-02-24,2020,2
"30","AC",1,"Norte",12002,"Tarauacá",86508,10966.6734802562,9,26,17,9,13,13,0,0,0,0,0,26,17,9,13,13,13,9.30261626938511,11.3679921741926,0.30926669615218,2020-03-02,2020,3
"31","AC",1,"Norte",12002,"Tarauacá",86508,10966.6734802562,10,33,21,12,21,12,1,0,0,0,0,34,21,12,21,12,16,9.30261626938511,11.3679921741926,0.330398816676425,2020-03-09,2020,3
"32","AC",1,"Norte",12002,"Tarauacá",86508,10966.6734802562,11,35,21,14,23,12,1,0,0,0,0,36,21,14,23,12,10,9.30261626938511,11.3679921741926,0.392793613933668,2020-03-16,2020,3
"33","AC",1,"Norte",12002,"Tarauacá",86508,10966.6734802562,12,25,14,11,18,7,2,0,0,0,0,27,14,11,18,7,7,9.30261626938511,11.3679921741926,0.472298172841029,2020-03-23,2020,3
"34","AC",1,"Norte",12002,"Tarauacá",86508,10966.6734802562,13,32,18,14,23,9,0,0,0,0,0,32,18,14,23,9,2,9.30261626938511,11.3679921741926,0.440171362393392,2020-03-30,2020,3
"35","AC",1,"Norte",12002,"Tarauacá",86508,10966.6734802562,14,39,23,16,26,13,0,0,0,0,0,39,23,16,26,13,6,9.30261626938511,11.3679921741926,0.451025681654595,2020-04-06,2020,4
"36","AC",1,"Norte",12002,"Tarauacá",86508,10966.6734802562,15,35,20,15,19,16,0,0,0,0,0,35,20,15,19,16,7,9.30261626938511,11.3679921741926,0.429440376480333,2020-04-13,2020,4
"37","AC",1,"Norte",12002,"Tarauacá",86508,10966.6734802562,16,36,21,15,20,16,0,0,0,0,0,36,21,15,20,16,2,9.30261626938511,11.3679921741926,0.435323530713047,2020-04-20,2020,4
"38","AC",1,"Norte",12002,"Tarauacá",86508,10966.6734802562,17,46,22,24,26,20,0,0,0,0,0,46,22,24,26,20,9,9.30261626938511,11.3679921741926,0.401937305497384,2020-04-27,2020,4
"39","AC",1,"Norte",12002,"Tarauacá",86508,10966.6734802562,18,32,25,7,19,13,1,0,0,0,0,33,25,7,19,13,3,9.30261626938511,11.3679921741926,0.436865483898468,2020-05-04,2020,5
"40","AC",1,"Norte",12002,"Tarauacá",86508,10966.6734802562,19,48,25,23,32,16,1,0,0,0,0,49,25,23,32,16,2,9.30261626938511,11.3679921741926,0.461204250526703,2020-05-11,2020,5
"41","AC",1,"Norte",12002,"Tarauacá",86508,10966.6734802562,20,25,17,8,14,11,1,0,0,0,0,26,17,8,14,11,6,9.30261626938511,11.3679921741926,0.445918843206714,2020-05-18,2020,5
"42","AC",1,"Norte",12002,"Tarauacá",86508,10966.6734802562,21,53,35,18,33,20,0,0,0,0,0,53,35,18,33,20,6,9.30261626938511,11.3679921741926,0.455674874428415,2020-05-25,2020,5
"43","AC",1,"Norte",12002,"Tarauacá",86508,10966.6734802562,22,32,17,15,22,10,0,0,0,0,0,32,17,15,22,10,6,9.30261626938511,11.3679921741926,0.418138768198426,2020-06-01,2020,6
"44","AC",1,"Norte",12002,"Tarauacá",86508,10966.6734802562,23,34,25,9,20,14,0,0,0,0,0,34,25,9,20,14,14,9.30261626938511,11.3679921741926,0.442331897949115,2020-06-08,2020,6
"45","AC",1,"Norte",12002,"Tarauacá",86508,10966.6734802562,24,40,22,18,32,8,2,0,0,0,0,42,22,18,32,8,8,9.30261626938511,11.3679921741926,0.416781683760839,2020-06-15,2020,6
"46","AC",1,"Norte",12002,"Tarauacá",86508,10966.6734802562,25,35,24,11,20,15,0,0,0,0,0,35,24,11,20,15,9,9.30261626938511,11.3679921741926,0.445062533077051,2020-06-22,2020,6
"47","AC",1,"Norte",12002,"Tarauacá",86508,10966.6734802562,26,42,21,21,27,15,2,0,0,0,0,44,21,21,27,15,10,9.30261626938511,11.3679921741926,0.42084005006403,2020-06-29,2020,6
"48","AC",1,"Norte",12002,"Tarauacá",86508,10966.6734802562,27,41,24,17,26,15,1,0,0,0,0,42,24,17,26,15,12,9.30261626938511,11.3679921741926,0.416250157747237,2020-07-06,2020,7
"49","AC",1,"Norte",12002,"Tarauacá",86508,10966.6734802562,28,52,36,16,35,17,0,0,0,0,0,52,36,16,35,17,6,9.30261626938511,11.3679921741926,0.425777305387503,2020-07-13,2020,7
"50","AC",1,"Norte",12002,"Tarauacá",86508,10966.6734802562,29,44,25,19,31,13,0,0,0,0,0,44,25,19,31,13,6,9.30261626938511,11.3679921741926,0.435681261618385,2020-07-20,2020,7
"51","AC",1,"Norte",12003,"Sena Madureira",62809,11741.4419761499,5,22,11,11,17,5,0,0,0,0,0,22,11,11,17,5,3,9.37087991174675,11.04785365429,0.312925862667068,2020-02-03,2020,2
"52","AC",1,"Norte",12003,"Sena Madureira",62809,11741.4419761499,6,15,8,7,11,4,0,0,0,0,0,15,8,7,11,4,6,9.37087991174675,11.04785365429,0.292469101914364,2020-02-10,2020,2
"53","AC",1,"Norte",12003,"Sena Madureira",62809,11741.4419761499,7,9,6,3,6,3,0,0,0,0,0,9,6,3,6,3,7,9.37087991174675,11.04785365429,0.318550241769317,2020-02-17,2020,2
"54","AC",1,"Norte",12003,"Sena Madureira",62809,11741.4419761499,8,17,9,8,12,5,0,0,0,0,0,17,9,8,12,5,4,9.37087991174675,11.04785365429,0.360720348281976,2020-02-24,2020,2
"55","AC",1,"Norte",12003,"Sena Madureira",62809,11741.4419761499,9,14,10,4,7,7,0,0,0,0,0,14,10,4,7,7,5,9.37087991174675,11.04785365429,0.347931957907424,2020-03-02,2020,3
"56","AC",1,"Norte",12003,"Sena Madureira",62809,11741.4419761499,10,15,9,6,4,11,0,0,0,0,0,15,9,6,4,11,4,9.37087991174675,11.04785365429,0.344073404719068,2020-03-09,2020,3
"57","AC",1,"Norte",12003,"Sena Madureira",62809,11741.4419761499,11,10,6,4,4,6,0,0,0,0,0,10,6,4,4,6,6,9.37087991174675,11.04785365429,0.422573559646442,2020-03-16,2020,3
"58","AC",1,"Norte",12003,"Sena Madureira",62809,11741.4419761499,12,16,9,7,7,9,0,0,0,0,0,16,9,7,7,9,2,9.37087991174675,11.04785365429,0.492272895878136,2020-03-23,2020,3
"59","AC",1,"Norte",12003,"Sena Madureira",62809,11741.4419761499,13,26,14,12,17,9,0,0,0,0,0,26,14,12,17,9,5,9.37087991174675,11.04785365429,0.451420388369838,2020-03-30,2020,3
"60","AC",1,"Norte",12003,"Sena Madureira",62809,11741.4419761499,14,14,6,8,10,4,0,0,0,0,0,14,6,8,10,4,6,9.37087991174675,11.04785365429,0.455941309690738,2020-04-06,2020,4
"61","AC",1,"Norte",12003,"Sena Madureira",62809,11741.4419761499,15,19,12,7,12,7,0,0,0,0,0,19,12,7,12,7,13,9.37087991174675,11.04785365429,0.440074469609375,2020-04-13,2020,4
"62","AC",1,"Norte",12003,"Sena Madureira",62809,11741.4419761499,16,20,13,7,9,11,0,0,0,0,0,20,13,7,9,11,6,9.37087991174675,11.04785365429,0.435627337797919,2020-04-20,2020,4
"63","AC",1,"Norte",12003,"Sena Madureira",62809,11741.4419761499,17,21,12,9,10,11,0,0,0,0,0,21,12,9,10,11,6,9.37087991174675,11.04785365429,0.417311092761655,2020-04-27,2020,4
"64","AC",1,"Norte",12003,"Sena Madureira",62809,11741.4419761499,18,11,7,4,5,6,0,0,0,0,0,11,7,4,5,6,4,9.37087991174675,11.04785365429,0.422284015983469,2020-05-04,2020,5
"65","AC",1,"Norte",12003,"Sena Madureira",62809,11741.4419761499,19,7,4,3,3,4,0,0,0,0,0,7,4,3,3,4,5,9.37087991174675,11.04785365429,0.458765131128357,2020-05-11,2020,5
"66","AC",1,"Norte",12003,"Sena Madureira",62809,11741.4419761499,20,13,7,6,7,6,0,0,0,0,0,13,7,6,7,6,8,9.37087991174675,11.04785365429,0.475723530331863,2020-05-18,2020,5
"67","AC",1,"Norte",12003,"Sena Madureira",62809,11741.4419761499,21,12,8,4,6,6,0,0,0,0,0,12,8,4,6,6,6,9.37087991174675,11.04785365429,0.441063183575312,2020-05-25,2020,5
"68","AC",1,"Norte",12003,"Sena Madureira",62809,11741.4419761499,22,13,7,6,5,8,1,0,0,0,0,14,7,6,5,8,4,9.37087991174675,11.04785365429,0.430455090616458,2020-06-01,2020,6
"69","AC",1,"Norte",12003,"Sena Madureira",62809,11741.4419761499,23,5,5,0,2,3,0,0,0,0,0,5,5,0,2,3,4,9.37087991174675,11.04785365429,0.424495771609626,2020-06-08,2020,6
"70","AC",1,"Norte",12003,"Sena Madureira",62809,11741.4419761499,24,13,9,4,8,5,1,0,0,0,0,14,9,4,8,5,6,9.37087991174675,11.04785365429,0.385479881790116,2020-06-15,2020,6
"71","AC",1,"Norte",12003,"Sena Madureira",62809,11741.4419761499,25,11,5,6,4,7,1,0,0,0,0,12,5,6,4,7,3,9.37087991174675,11.04785365429,0.410757301486861,2020-06-22,2020,6
"72","AC",1,"Norte",12003,"Sena Madureira",62809,11741.4419761499,26,13,10,3,8,5,0,0,0,0,0,13,10,3,8,5,10,9.37087991174675,11.04785365429,0.399139368655073,2020-06-29,2020,6
"73","AC",1,"Norte",12003,"Sena Madureira",62809,11741.4419761499,27,11,8,3,5,6,0,0,0,0,0,11,8,3,5,6,6,9.37087991174675,11.04785365429,0.409056731382527,2020-07-06,2020,7
"74","AC",1,"Norte",12003,"Sena Madureira",62809,11741.4419761499,28,4,1,3,2,2,0,0,0,0,0,4,1,3,2,2,5,9.37087991174675,11.04785365429,0.411160875772176,2020-07-13,2020,7
"75","AC",1,"Norte",12003,"Sena Madureira",62809,11741.4419761499,29,10,7,3,7,3,0,0,0,0,0,10,7,3,7,3,2,9.37087991174675,11.04785365429,0.402438731141678,2020-07-20,2020,7
"76","AC",1,"Norte",12004,"Rio Branco",513351,20803.0031419633,5,131,43,88,56,75,3,0,0,0,0,134,43,88,56,75,58,9.94285263709252,13.1487151007139,0.316309339446334,2020-02-03,2020,2
"77","AC",1,"Norte",12004,"Rio Branco",513351,20803.0031419633,6,118,47,71,53,65,0,0,0,0,0,118,47,71,53,65,54,9.94285263709252,13.1487151007139,0.316413126958464,2020-02-10,2020,2
"78","AC",1,"Norte",12004,"Rio Branco",513351,20803.0031419633,7,134,53,81,59,75,1,0,0,0,0,135,53,81,59,75,46,9.94285263709252,13.1487151007139,0.325876331813104,2020-02-17,2020,2
"79","AC",1,"Norte",12004,"Rio Branco",513351,20803.0031419633,8,150,48,102,76,74,1,0,0,0,0,151,48,102,76,74,49,9.94285263709252,13.1487151007139,0.373405469358638,2020-02-24,2020,2
"80","AC",1,"Norte",12004,"Rio Branco",513351,20803.0031419633,9,143,43,100,67,76,2,0,0,0,0,145,43,100,67,76,54,9.94285263709252,13.1487151007139,0.349940114995716,2020-03-02,2020,3
"81","AC",1,"Norte",12004,"Rio Branco",513351,20803.0031419633,10,122,32,90,49,73,1,0,0,0,0,123,32,90,49,73,51,9.94285263709252,13.1487151007139,0.368417748714875,2020-03-09,2020,3
"82","AC",1,"Norte",12004,"Rio Branco",513351,20803.0031419633,11,160,39,121,60,100,1,0,0,0,0,161,39,121,60,100,52,9.94285263709252,13.1487151007139,0.451602809980846,2020-03-16,2020,3
"83","AC",1,"Norte",12004,"Rio Branco",513351,20803.0031419633,12,121,37,84,54,67,2,0,0,0,0,123,37,84,54,67,45,9.94285263709252,13.1487151007139,0.544536019857919,2020-03-23,2020,3
"84","AC",1,"Norte",12004,"Rio Branco",513351,20803.0031419633,13,115,37,78,52,63,0,0,0,0,0,115,37,78,52,63,42,9.94285263709252,13.1487151007139,0.503771306965611,2020-03-30,2020,3
"85","AC",1,"Norte",12004,"Rio Branco",513351,20803.0031419633,14,132,42,90,70,62,2,0,0,0,0,134,42,90,70,62,45,9.94285263709252,13.1487151007139,0.491718980322219,2020-04-06,2020,4
"86","AC",1,"Norte",12004,"Rio Branco",513351,20803.0031419633,15,132,52,80,54,78,3,0,0,0,0,135,52,80,54,78,52,9.94285263709252,13.1487151007139,0.486199186278477,2020-04-13,2020,4
"87","AC",1,"Norte",12004,"Rio Branco",513351,20803.0031419633,16,120,39,81,55,65,2,0,0,0,0,122,39,81,55,65,56,9.94285263709252,13.1487151007139,0.488834896373285,2020-04-20,2020,4
"88","AC",1,"Norte",12004,"Rio Branco",513351,20803.0031419633,17,130,43,87,63,67,2,0,0,0,0,132,43,87,63,67,65,9.94285263709252,13.1487151007139,0.471234118160884,2020-04-27,2020,4
"89","AC",1,"Norte",12004,"Rio Branco",513351,20803.0031419633,18,112,34,78,48,64,1,0,0,0,0,113,34,78,48,64,67,9.94285263709252,13.1487151007139,0.470889712977498,2020-05-04,2020,5
"90","AC",1,"Norte",12004,"Rio Branco",513351,20803.0031419633,19,117,41,76,59,58,0,0,0,0,0,117,41,76,59,58,86,9.94285263709252,13.1487151007139,0.494177928417933,2020-05-11,2020,5
"91","AC",1,"Norte",12004,"Rio Branco",513351,20803.0031419633,20,114,30,84,51,63,0,0,0,0,0,114,30,84,51,63,109,9.94285263709252,13.1487151007139,0.506497692244246,2020-05-18,2020,5
"92","AC",1,"Norte",12004,"Rio Branco",513351,20803.0031419633,21,141,43,98,59,82,2,0,0,0,0,143,43,98,59,82,113,9.94285263709252,13.1487151007139,0.480254236755553,2020-05-25,2020,5
"93","AC",1,"Norte",12004,"Rio Branco",513351,20803.0031419633,22,152,39,113,61,91,2,0,0,0,0,154,39,113,61,91,91,9.94285263709252,13.1487151007139,0.457112050082329,2020-06-01,2020,6
"94","AC",1,"Norte",12004,"Rio Branco",513351,20803.0031419633,23,161,54,107,68,93,3,0,0,0,0,164,54,107,68,93,99,9.94285263709252,13.1487151007139,0.44873991740816,2020-06-08,2020,6
"95","AC",1,"Norte",12004,"Rio Branco",513351,20803.0031419633,24,153,47,106,68,85,0,0,0,0,0,153,47,106,68,85,89,9.94285263709252,13.1487151007139,0.439112638857973,2020-06-15,2020,6
"96","AC",1,"Norte",12004,"Rio Branco",513351,20803.0031419633,25,155,44,111,62,93,2,0,0,0,0,157,44,111,62,93,76,9.94285263709252,13.1487151007139,0.450085794947727,2020-06-22,2020,6
"97","AC",1,"Norte",12004,"Rio Branco",513351,20803.0031419633,26,146,49,97,66,80,2,0,0,0,0,148,49,97,66,80,71,9.94285263709252,13.1487151007139,0.445157617170244,2020-06-29,2020,6
"98","AC",1,"Norte",12004,"Rio Branco",513351,20803.0031419633,27,151,33,118,61,90,1,0,0,0,0,152,33,118,61,90,80,9.94285263709252,13.1487151007139,0.443423411896619,2020-07-06,2020,7
"99","AC",1,"Norte",12004,"Rio Branco",513351,20803.0031419633,28,131,33,98,59,72,1,0,0,0,0,132,33,98,59,72,63,9.94285263709252,13.1487151007139,0.441029279984921,2020-07-13,2020,7
"100","AC",1,"Norte",12004,"Rio Branco",513351,20803.0031419633,29,159,42,117,78,81,2,0,0,0,0,161,42,117,78,81,56,9.94285263709252,13.1487151007139,0.446724837570337,2020-07-20,2020,7
"101","AC",1,"Norte",12005,"Brasiléia",72528,17179.4969970218,5,18,8,10,10,8,0,0,0,0,0,18,8,10,10,8,3,9.75147191670577,11.1917279731806,0.282078934081766,2020-02-03,2020,2
"102","AC",1,"Norte",12005,"Brasiléia",72528,17179.4969970218,6,30,14,16,18,12,0,0,0,0,0,30,14,16,18,12,9,9.75147191670577,11.1917279731806,0.289977483856816,2020-02-10,2020,2
"103","AC",1,"Norte",12005,"Brasiléia",72528,17179.4969970218,7,11,3,8,8,3,0,0,0,0,0,11,3,8,8,3,0,9.75147191670577,11.1917279731806,0.303453242751508,2020-02-17,2020,2
"104","AC",1,"Norte",12005,"Brasiléia",72528,17179.4969970218,8,14,5,9,7,7,0,0,0,0,0,14,5,9,7,7,6,9.75147191670577,11.1917279731806,0.331716598720745,2020-02-24,2020,2
"105","AC",1,"Norte",12005,"Brasiléia",72528,17179.4969970218,9,27,10,17,10,17,0,0,0,0,0,27,10,17,10,17,2,9.75147191670577,11.1917279731806,0.336214408801698,2020-03-02,2020,3
"106","AC",1,"Norte",12005,"Brasiléia",72528,17179.4969970218,10,13,7,6,8,5,0,0,0,0,0,13,7,6,8,5,4,9.75147191670577,11.1917279731806,0.36521651980226,2020-03-09,2020,3
"107","AC",1,"Norte",12005,"Brasiléia",72528,17179.4969970218,11,12,4,8,6,6,0,0,0,0,0,12,4,8,6,6,6,9.75147191670577,11.1917279731806,0.420907969469387,2020-03-16,2020,3
"108","AC",1,"Norte",12005,"Brasiléia",72528,17179.4969970218,12,23,9,14,12,11,0,0,0,0,0,23,9,14,12,11,11,9.75147191670577,11.1917279731806,0.508324692426197,2020-03-23,2020,3
"109","AC",1,"Norte",12005,"Brasiléia",72528,17179.4969970218,13,13,6,7,7,6,1,0,0,0,0,14,6,7,7,6,5,9.75147191670577,11.1917279731806,0.466574044510012,2020-03-30,2020,3
"110","AC",1,"Norte",12005,"Brasiléia",72528,17179.4969970218,14,23,9,14,13,10,0,0,0,0,0,23,9,14,13,10,7,9.75147191670577,11.1917279731806,0.451477507353728,2020-04-06,2020,4
"111","AC",1,"Norte",12005,"Brasiléia",72528,17179.4969970218,15,24,10,14,11,13,0,0,0,0,0,24,10,14,11,13,9,9.75147191670577,11.1917279731806,0.444213400258724,2020-04-13,2020,4
"112","AC",1,"Norte",12005,"Brasiléia",72528,17179.4969970218,16,17,6,11,10,7,0,0,0,0,0,17,6,11,10,7,5,9.75147191670577,11.1917279731806,0.439141196524544,2020-04-20,2020,4
"113","AC",1,"Norte",12005,"Brasiléia",72528,17179.4969970218,17,26,14,12,13,13,0,0,0,0,0,26,14,12,13,13,9,9.75147191670577,11.1917279731806,0.440076533918741,2020-04-27,2020,4
"114","AC",1,"Norte",12005,"Brasiléia",72528,17179.4969970218,18,18,8,10,10,8,1,0,0,0,0,19,8,10,10,8,10,9.75147191670577,11.1917279731806,0.427160621603638,2020-05-04,2020,5
"115","AC",1,"Norte",12005,"Brasiléia",72528,17179.4969970218,19,21,10,11,9,12,0,0,0,0,0,21,10,11,9,12,6,9.75147191670577,11.1917279731806,0.446809810610481,2020-05-11,2020,5
"116","AC",1,"Norte",12005,"Brasiléia",72528,17179.4969970218,20,25,15,10,14,11,0,0,0,0,0,25,15,10,14,11,11,9.75147191670577,11.1917279731806,0.46189490616068,2020-05-18,2020,5
"117","AC",1,"Norte",12005,"Brasiléia",72528,17179.4969970218,21,25,9,16,11,14,0,0,0,0,0,25,9,16,11,14,14,9.75147191670577,11.1917279731806,0.465777508343318,2020-05-25,2020,5
"118","AC",1,"Norte",12005,"Brasiléia",72528,17179.4969970218,22,27,17,10,16,11,0,0,0,0,0,27,17,10,16,11,8,9.75147191670577,11.1917279731806,0.438779925537163,2020-06-01,2020,6
"119","AC",1,"Norte",12005,"Brasiléia",72528,17179.4969970218,23,19,12,7,13,6,0,0,0,0,0,19,12,7,13,6,12,9.75147191670577,11.1917279731806,0.428006045256911,2020-06-08,2020,6
"120","AC",1,"Norte",12005,"Brasiléia",72528,17179.4969970218,24,26,17,9,11,15,0,0,0,0,0,26,17,9,11,15,8,9.75147191670577,11.1917279731806,0.426025865578214,2020-06-15,2020,6
"121","AC",1,"Norte",12005,"Brasiléia",72528,17179.4969970218,25,22,15,7,12,10,1,0,0,0,0,23,15,7,12,10,4,9.75147191670577,11.1917279731806,0.42401218189639,2020-06-22,2020,6
"122","AC",1,"Norte",12005,"Brasiléia",72528,17179.4969970218,26,17,9,8,6,11,0,0,0,0,0,17,9,8,6,11,5,9.75147191670577,11.1917279731806,0.426201147754837,2020-06-29,2020,6
"123","AC",1,"Norte",12005,"Brasiléia",72528,17179.4969970218,27,25,11,14,8,17,1,0,0,0,0,26,11,14,8,17,3,9.75147191670577,11.1917279731806,0.449404510270466,2020-07-06,2020,7
"124","AC",1,"Norte",12005,"Brasiléia",72528,17179.4969970218,28,20,10,10,15,5,0,0,0,0,0,20,10,10,15,5,8,9.75147191670577,11.1917279731806,0.416384730220037,2020-07-13,2020,7
"125","AC",1,"Norte",12005,"Brasiléia",72528,17179.4969970218,29,30,20,10,15,15,1,0,0,0,0,31,20,10,15,15,11,9.75147191670577,11.1917279731806,0.45000654202196,2020-07-20,2020,7
"126","AL",2,"Nordeste",27001,"Serrana do Sertão Alagoano",92087,7319.36980160066,5,21,12,9,12,9,0,0,0,0,0,21,12,9,12,9,15,8.89827951057167,11.4304890613578,0.29616290582132,2020-02-03,2020,2
"127","AL",2,"Nordeste",27001,"Serrana do Sertão Alagoano",92087,7319.36980160066,6,19,13,6,9,10,0,0,0,0,0,19,13,6,9,10,13,8.89827951057167,11.4304890613578,0.279485744768159,2020-02-10,2020,2
"128","AL",2,"Nordeste",27001,"Serrana do Sertão Alagoano",92087,7319.36980160066,7,15,7,8,7,8,1,0,0,0,0,16,7,8,7,8,12,8.89827951057167,11.4304890613578,0.290962988600823,2020-02-17,2020,2
"129","AL",2,"Nordeste",27001,"Serrana do Sertão Alagoano",92087,7319.36980160066,8,37,24,13,17,20,1,0,0,0,0,38,24,13,17,20,15,8.89827951057167,11.4304890613578,0.336120236278782,2020-02-24,2020,2
"130","AL",2,"Nordeste",27001,"Serrana do Sertão Alagoano",92087,7319.36980160066,9,40,23,17,21,19,1,0,0,0,0,41,23,17,21,19,11,8.89827951057167,11.4304890613578,0.312059386592931,2020-03-02,2020,3
"131","AL",2,"Nordeste",27001,"Serrana do Sertão Alagoano",92087,7319.36980160066,10,21,15,6,6,15,0,0,0,0,0,21,15,6,6,15,12,8.89827951057167,11.4304890613578,0.341647270507597,2020-03-09,2020,3
"132","AL",2,"Nordeste",27001,"Serrana do Sertão Alagoano",92087,7319.36980160066,11,18,11,7,8,10,0,0,0,0,0,18,11,7,8,10,7,8.89827951057167,11.4304890613578,0.390754380032524,2020-03-16,2020,3
"133","AL",2,"Nordeste",27001,"Serrana do Sertão Alagoano",92087,7319.36980160066,12,19,11,8,10,9,0,0,0,0,0,19,11,8,10,9,13,8.89827951057167,11.4304890613578,0.500352890350599,2020-03-23,2020,3
"134","AL",2,"Nordeste",27001,"Serrana do Sertão Alagoano",92087,7319.36980160066,13,19,14,5,13,6,0,0,0,0,0,19,14,5,13,6,12,8.89827951057167,11.4304890613578,0.440896834048709,2020-03-30,2020,3
"135","AL",2,"Nordeste",27001,"Serrana do Sertão Alagoano",92087,7319.36980160066,14,18,15,3,10,8,0,0,0,0,0,18,15,3,10,8,11,8.89827951057167,11.4304890613578,0.442752031216814,2020-04-06,2020,4
"136","AL",2,"Nordeste",27001,"Serrana do Sertão Alagoano",92087,7319.36980160066,15,34,20,14,22,12,1,0,0,0,0,35,20,14,22,12,15,8.89827951057167,11.4304890613578,0.410235846198342,2020-04-13,2020,4
"137","AL",2,"Nordeste",27001,"Serrana do Sertão Alagoano",92087,7319.36980160066,16,24,13,11,12,12,0,0,0,0,0,24,13,11,12,12,14,8.89827951057167,11.4304890613578,0.407790266144106,2020-04-20,2020,4
"138","AL",2,"Nordeste",27001,"Serrana do Sertão Alagoano",92087,7319.36980160066,17,23,13,10,11,12,0,0,0,0,0,23,13,10,11,12,6,8.89827951057167,11.4304890613578,0.413008254903082,2020-04-27,2020,4
"139","AL",2,"Nordeste",27001,"Serrana do Sertão Alagoano",92087,7319.36980160066,18,28,18,10,14,14,0,0,0,0,0,28,18,10,14,14,13,8.89827951057167,11.4304890613578,0.43245818691825,2020-05-04,2020,5
"140","AL",2,"Nordeste",27001,"Serrana do Sertão Alagoano",92087,7319.36980160066,19,25,10,15,13,12,1,0,0,0,0,26,10,15,13,12,9,8.89827951057167,11.4304890613578,0.454643665354495,2020-05-11,2020,5
"141","AL",2,"Nordeste",27001,"Serrana do Sertão Alagoano",92087,7319.36980160066,20,23,13,10,17,6,0,0,0,0,0,23,13,10,17,6,12,8.89827951057167,11.4304890613578,0.448640905948298,2020-05-18,2020,5
"142","AL",2,"Nordeste",27001,"Serrana do Sertão Alagoano",92087,7319.36980160066,21,32,19,13,15,17,0,0,0,0,0,32,19,13,15,17,7,8.89827951057167,11.4304890613578,0.437010886425846,2020-05-25,2020,5
"143","AL",2,"Nordeste",27001,"Serrana do Sertão Alagoano",92087,7319.36980160066,22,37,21,16,16,21,0,0,0,0,0,37,21,16,16,21,8,8.89827951057167,11.4304890613578,0.417071641866444,2020-06-01,2020,6
"144","AL",2,"Nordeste",27001,"Serrana do Sertão Alagoano",92087,7319.36980160066,23,25,16,9,15,10,0,0,0,0,0,25,16,9,15,10,12,8.89827951057167,11.4304890613578,0.429070945211466,2020-06-08,2020,6
"145","AL",2,"Nordeste",27001,"Serrana do Sertão Alagoano",92087,7319.36980160066,24,24,16,8,11,13,0,0,0,0,0,24,16,8,11,13,16,8.89827951057167,11.4304890613578,0.43350180351369,2020-06-15,2020,6
"146","AL",2,"Nordeste",27001,"Serrana do Sertão Alagoano",92087,7319.36980160066,25,37,17,20,17,20,0,0,0,0,0,37,17,20,17,20,14,8.89827951057167,11.4304890613578,0.427196418351685,2020-06-22,2020,6
"147","AL",2,"Nordeste",27001,"Serrana do Sertão Alagoano",92087,7319.36980160066,26,28,13,15,17,11,2,0,0,0,0,30,13,15,17,11,14,8.89827951057167,11.4304890613578,0.450311849466333,2020-06-29,2020,6
"148","AL",2,"Nordeste",27001,"Serrana do Sertão Alagoano",92087,7319.36980160066,27,20,8,12,10,10,1,0,0,0,0,21,8,12,10,10,14,8.89827951057167,11.4304890613578,0.492741746692493,2020-07-06,2020,7
"149","AL",2,"Nordeste",27001,"Serrana do Sertão Alagoano",92087,7319.36980160066,28,22,11,11,8,14,0,0,0,0,0,22,11,11,8,14,12,8.89827951057167,11.4304890613578,0.470392886331327,2020-07-13,2020,7
"150","AL",2,"Nordeste",27001,"Serrana do Sertão Alagoano",92087,7319.36980160066,29,24,13,11,12,12,0,0,0,0,0,24,13,11,12,12,11,8.89827951057167,11.4304890613578,0.445292162872517,2020-07-20,2020,7
"151","AL",2,"Nordeste",27002,"Alagoana do Sertão do São Francisco",86886,9731.03677002049,5,33,19,14,14,19,1,0,0,0,0,34,19,14,14,19,5,9.18307572346252,11.3723521935567,0.281906353472136,2020-02-03,2020,2
"152","AL",2,"Nordeste",27002,"Alagoana do Sertão do São Francisco",86886,9731.03677002049,6,29,10,19,11,18,0,0,0,0,0,29,10,19,11,18,11,9.18307572346252,11.3723521935567,0.27612315471131,2020-02-10,2020,2
"153","AL",2,"Nordeste",27002,"Alagoana do Sertão do São Francisco",86886,9731.03677002049,7,29,22,7,16,13,1,0,0,0,0,30,22,7,16,13,12,9.18307572346252,11.3723521935567,0.29166841088933,2020-02-17,2020,2
"154","AL",2,"Nordeste",27002,"Alagoana do Sertão do São Francisco",86886,9731.03677002049,8,20,8,12,8,12,1,0,0,0,0,21,8,12,8,12,18,9.18307572346252,11.3723521935567,0.32956128130957,2020-02-24,2020,2
"155","AL",2,"Nordeste",27002,"Alagoana do Sertão do São Francisco",86886,9731.03677002049,9,21,7,14,13,8,1,0,0,0,0,22,7,14,13,8,7,9.18307572346252,11.3723521935567,0.305491935164914,2020-03-02,2020,3
"156","AL",2,"Nordeste",27002,"Alagoana do Sertão do São Francisco",86886,9731.03677002049,10,12,3,9,8,4,0,0,0,0,0,12,3,9,8,4,6,9.18307572346252,11.3723521935567,0.335746792437846,2020-03-09,2020,3
"157","AL",2,"Nordeste",27002,"Alagoana do Sertão do São Francisco",86886,9731.03677002049,11,14,7,7,6,8,0,0,0,0,0,14,7,7,6,8,6,9.18307572346252,11.3723521935567,0.389420364292227,2020-03-16,2020,3
"158","AL",2,"Nordeste",27002,"Alagoana do Sertão do São Francisco",86886,9731.03677002049,12,18,10,8,8,10,0,0,0,0,0,18,10,8,8,10,16,9.18307572346252,11.3723521935567,0.504369287148481,2020-03-23,2020,3
"159","AL",2,"Nordeste",27002,"Alagoana do Sertão do São Francisco",86886,9731.03677002049,13,9,3,6,5,4,1,0,0,0,0,10,3,6,5,4,15,9.18307572346252,11.3723521935567,0.44932689909631,2020-03-30,2020,3
"160","AL",2,"Nordeste",27002,"Alagoana do Sertão do São Francisco",86886,9731.03677002049,14,24,12,12,13,11,2,0,0,0,0,26,12,12,13,11,14,9.18307572346252,11.3723521935567,0.421989515370815,2020-04-06,2020,4
"161","AL",2,"Nordeste",27002,"Alagoana do Sertão do São Francisco",86886,9731.03677002049,15,24,19,5,14,10,1,0,0,0,0,25,19,5,14,10,11,9.18307572346252,11.3723521935567,0.413864826363045,2020-04-13,2020,4
"162","AL",2,"Nordeste",27002,"Alagoana do Sertão do São Francisco",86886,9731.03677002049,16,24,13,11,12,12,0,0,0,0,0,24,13,11,12,12,14,9.18307572346252,11.3723521935567,0.407553265276662,2020-04-20,2020,4
"163","AL",2,"Nordeste",27002,"Alagoana do Sertão do São Francisco",86886,9731.03677002049,17,33,16,17,17,16,0,0,0,0,0,33,16,17,17,16,7,9.18307572346252,11.3723521935567,0.388582916601565,2020-04-27,2020,4
"164","AL",2,"Nordeste",27002,"Alagoana do Sertão do São Francisco",86886,9731.03677002049,18,31,13,18,12,19,0,0,0,0,0,31,13,18,12,19,10,9.18307572346252,11.3723521935567,0.399720217272316,2020-05-04,2020,5
"165","AL",2,"Nordeste",27002,"Alagoana do Sertão do São Francisco",86886,9731.03677002049,19,30,12,18,15,15,0,0,0,0,0,30,12,18,15,15,11,9.18307572346252,11.3723521935567,0.424256528729124,2020-05-11,2020,5
"166","AL",2,"Nordeste",27002,"Alagoana do Sertão do São Francisco",86886,9731.03677002049,20,15,8,7,8,7,1,0,0,0,0,16,8,7,8,7,16,9.18307572346252,11.3723521935567,0.44071107917409,2020-05-18,2020,5
"167","AL",2,"Nordeste",27002,"Alagoana do Sertão do São Francisco",86886,9731.03677002049,21,24,12,12,12,12,0,0,0,0,0,24,12,12,12,12,10,9.18307572346252,11.3723521935567,0.426225298012862,2020-05-25,2020,5
"168","AL",2,"Nordeste",27002,"Alagoana do Sertão do São Francisco",86886,9731.03677002049,22,28,16,12,18,10,0,0,0,0,0,28,16,12,18,10,10,9.18307572346252,11.3723521935567,0.403297204726164,2020-06-01,2020,6
"169","AL",2,"Nordeste",27002,"Alagoana do Sertão do São Francisco",86886,9731.03677002049,23,26,19,7,10,16,2,0,0,0,0,28,19,7,10,16,11,9.18307572346252,11.3723521935567,0.398167316829388,2020-06-08,2020,6
"170","AL",2,"Nordeste",27002,"Alagoana do Sertão do São Francisco",86886,9731.03677002049,24,16,7,9,8,8,0,0,0,0,0,16,7,9,8,8,14,9.18307572346252,11.3723521935567,0.4056637103385,2020-06-15,2020,6
"171","AL",2,"Nordeste",27002,"Alagoana do Sertão do São Francisco",86886,9731.03677002049,25,30,19,11,11,19,0,0,0,0,0,30,19,11,11,19,17,9.18307572346252,11.3723521935567,0.400048066318778,2020-06-22,2020,6
"172","AL",2,"Nordeste",27002,"Alagoana do Sertão do São Francisco",86886,9731.03677002049,26,26,18,8,14,12,0,0,0,0,0,26,18,8,14,12,20,9.18307572346252,11.3723521935567,0.421674947170143,2020-06-29,2020,6
"173","AL",2,"Nordeste",27002,"Alagoana do Sertão do São Francisco",86886,9731.03677002049,27,26,20,6,15,11,0,0,0,0,0,26,20,6,15,11,13,9.18307572346252,11.3723521935567,0.44196842455899,2020-07-06,2020,7
"174","AL",2,"Nordeste",27002,"Alagoana do Sertão do São Francisco",86886,9731.03677002049,28,26,13,13,12,14,0,0,0,0,0,26,13,13,12,14,8,9.18307572346252,11.3723521935567,0.443627314286797,2020-07-13,2020,7
"175","AL",2,"Nordeste",27002,"Alagoana do Sertão do São Francisco",86886,9731.03677002049,29,26,13,13,12,14,0,0,0,0,0,26,13,13,12,14,12,9.18307572346252,11.3723521935567,0.424025818382192,2020-07-20,2020,7
"176","AL",2,"Nordeste",27003,"Santana do Ipanema",178716,8134.68760060655,5,49,21,28,22,27,1,0,0,0,0,50,21,28,22,27,17,9.00389261702352,12.0935532326739,0.279694846888318,2020-02-03,2020,2
"177","AL",2,"Nordeste",27003,"Santana do Ipanema",178716,8134.68760060655,6,47,20,27,27,20,0,0,0,0,0,47,20,27,27,20,19,9.00389261702352,12.0935532326739,0.266774787001534,2020-02-10,2020,2
"178","AL",2,"Nordeste",27003,"Santana do Ipanema",178716,8134.68760060655,7,50,21,29,25,25,0,0,0,0,0,50,21,29,25,25,21,9.00389261702352,12.0935532326739,0.282926138923839,2020-02-17,2020,2
"179","AL",2,"Nordeste",27003,"Santana do Ipanema",178716,8134.68760060655,8,51,23,28,27,24,0,0,0,0,0,51,23,28,27,24,32,9.00389261702352,12.0935532326739,0.330088357641784,2020-02-24,2020,2
"180","AL",2,"Nordeste",27003,"Santana do Ipanema",178716,8134.68760060655,9,48,26,22,24,24,1,0,0,0,0,49,26,22,24,24,18,9.00389261702352,12.0935532326739,0.289743841932449,2020-03-02,2020,3
"181","AL",2,"Nordeste",27003,"Santana do Ipanema",178716,8134.68760060655,10,46,30,16,24,22,1,0,0,0,0,47,30,16,24,22,19,9.00389261702352,12.0935532326739,0.321853257176697,2020-03-09,2020,3
"182","AL",2,"Nordeste",27003,"Santana do Ipanema",178716,8134.68760060655,11,35,20,15,19,16,2,0,0,0,0,37,20,15,19,16,21,9.00389261702352,12.0935532326739,0.362240574462289,2020-03-16,2020,3
"183","AL",2,"Nordeste",27003,"Santana do Ipanema",178716,8134.68760060655,12,43,18,25,20,23,0,0,0,0,0,43,18,25,20,23,26,9.00389261702352,12.0935532326739,0.445388621479198,2020-03-23,2020,3
"184","AL",2,"Nordeste",27003,"Santana do Ipanema",178716,8134.68760060655,13,55,26,29,27,28,0,0,0,0,0,55,26,29,27,28,32,9.00389261702352,12.0935532326739,0.394752489949997,2020-03-30,2020,3
"185","AL",2,"Nordeste",27003,"Santana do Ipanema",178716,8134.68760060655,14,50,18,32,25,25,0,0,0,0,0,50,18,32,25,25,23,9.00389261702352,12.0935532326739,0.39427361383952,2020-04-06,2020,4
"186","AL",2,"Nordeste",27003,"Santana do Ipanema",178716,8134.68760060655,15,53,27,26,27,26,1,0,0,0,0,54,27,26,27,26,19,9.00389261702352,12.0935532326739,0.370937492770364,2020-04-13,2020,4
"187","AL",2,"Nordeste",27003,"Santana do Ipanema",178716,8134.68760060655,16,52,21,31,25,27,0,0,0,0,0,52,21,31,25,27,18,9.00389261702352,12.0935532326739,0.373267998254013,2020-04-20,2020,4
"188","AL",2,"Nordeste",27003,"Santana do Ipanema",178716,8134.68760060655,17,66,34,32,30,36,2,0,0,0,0,68,34,32,30,36,25,9.00389261702352,12.0935532326739,0.373170192489706,2020-04-27,2020,4
"189","AL",2,"Nordeste",27003,"Santana do Ipanema",178716,8134.68760060655,18,47,21,26,25,22,1,0,0,0,0,48,21,26,25,22,20,9.00389261702352,12.0935532326739,0.381771862909282,2020-05-04,2020,5
"190","AL",2,"Nordeste",27003,"Santana do Ipanema",178716,8134.68760060655,19,44,23,21,24,20,0,0,0,0,0,44,23,21,24,20,29,9.00389261702352,12.0935532326739,0.421139749509678,2020-05-11,2020,5
"191","AL",2,"Nordeste",27003,"Santana do Ipanema",178716,8134.68760060655,20,58,31,27,34,24,2,0,0,0,0,60,31,27,34,24,31,9.00389261702352,12.0935532326739,0.427148952126313,2020-05-18,2020,5
"192","AL",2,"Nordeste",27003,"Santana do Ipanema",178716,8134.68760060655,21,70,29,41,36,34,0,0,0,0,0,70,29,41,36,34,28,9.00389261702352,12.0935532326739,0.412606279871535,2020-05-25,2020,5
"193","AL",2,"Nordeste",27003,"Santana do Ipanema",178716,8134.68760060655,22,67,36,31,30,37,2,0,0,0,0,69,36,31,30,37,29,9.00389261702352,12.0935532326739,0.394922989541588,2020-06-01,2020,6
"194","AL",2,"Nordeste",27003,"Santana do Ipanema",178716,8134.68760060655,23,58,28,30,24,34,0,0,0,0,0,58,28,30,24,34,19,9.00389261702352,12.0935532326739,0.409809001603303,2020-06-08,2020,6
"195","AL",2,"Nordeste",27003,"Santana do Ipanema",178716,8134.68760060655,24,48,23,25,26,22,0,0,0,0,0,48,23,25,26,22,22,9.00389261702352,12.0935532326739,0.391615160728424,2020-06-15,2020,6
"196","AL",2,"Nordeste",27003,"Santana do Ipanema",178716,8134.68760060655,25,61,32,29,27,34,2,0,0,0,0,63,32,29,27,34,31,9.00389261702352,12.0935532326739,0.392013467450341,2020-06-22,2020,6
"197","AL",2,"Nordeste",27003,"Santana do Ipanema",178716,8134.68760060655,26,49,23,26,24,25,1,0,0,0,0,50,23,26,24,25,25,9.00389261702352,12.0935532326739,0.421853864193035,2020-06-29,2020,6
"198","AL",2,"Nordeste",27003,"Santana do Ipanema",178716,8134.68760060655,27,65,27,38,34,31,0,0,0,0,0,65,27,38,34,31,23,9.00389261702352,12.0935532326739,0.431523975063753,2020-07-06,2020,7
"199","AL",2,"Nordeste",27003,"Santana do Ipanema",178716,8134.68760060655,28,42,19,23,18,24,1,0,0,0,0,43,19,23,18,24,34,9.00389261702352,12.0935532326739,0.419312927070212,2020-07-13,2020,7
"200","AL",2,"Nordeste",27003,"Santana do Ipanema",178716,8134.68760060655,29,65,35,30,40,25,1,0,0,0,0,66,35,30,40,25,34,9.00389261702352,12.0935532326739,0.417422570005631,2020-07-20,2020,7
"201","AL",2,"Nordeste",27004,"Batalha",96452,8916.73812704765,5,18,9,9,10,8,0,0,0,0,0,18,9,9,10,8,7,9.09568547787226,11.4768007542516,0.270890214346881,2020-02-03,2020,2
"202","AL",2,"Nordeste",27004,"Batalha",96452,8916.73812704765,6,26,16,10,15,11,0,0,0,0,0,26,16,10,15,11,10,9.09568547787226,11.4768007542516,0.264810145860157,2020-02-10,2020,2
"203","AL",2,"Nordeste",27004,"Batalha",96452,8916.73812704765,7,19,9,10,9,10,0,0,0,0,0,19,9,10,9,10,11,9.09568547787226,11.4768007542516,0.268960723655021,2020-02-17,2020,2
"204","AL",2,"Nordeste",27004,"Batalha",96452,8916.73812704765,8,31,16,15,17,14,0,0,0,0,0,31,16,15,17,14,11,9.09568547787226,11.4768007542516,0.330838216068934,2020-02-24,2020,2
"205","AL",2,"Nordeste",27004,"Batalha",96452,8916.73812704765,9,43,26,17,19,24,0,0,0,0,0,43,26,17,19,24,12,9.09568547787226,11.4768007542516,0.30279618060991,2020-03-02,2020,3
"206","AL",2,"Nordeste",27004,"Batalha",96452,8916.73812704765,10,25,13,12,9,16,0,0,0,0,0,25,13,12,9,16,13,9.09568547787226,11.4768007542516,0.327818114519944,2020-03-09,2020,3
"207","AL",2,"Nordeste",27004,"Batalha",96452,8916.73812704765,11,22,12,10,11,11,1,0,0,0,0,23,12,10,11,11,11,9.09568547787226,11.4768007542516,0.352548533626525,2020-03-16,2020,3
"208","AL",2,"Nordeste",27004,"Batalha",96452,8916.73812704765,12,29,13,16,13,16,0,0,0,0,0,29,13,16,13,16,5,9.09568547787226,11.4768007542516,0.436500643773947,2020-03-23,2020,3
"209","AL",2,"Nordeste",27004,"Batalha",96452,8916.73812704765,13,21,12,9,7,14,0,0,0,0,0,21,12,9,7,14,11,9.09568547787226,11.4768007542516,0.38639565603448,2020-03-30,2020,3
"210","AL",2,"Nordeste",27004,"Batalha",96452,8916.73812704765,14,28,13,15,11,17,1,0,0,0,0,29,13,15,11,17,11,9.09568547787226,11.4768007542516,0.390906166090953,2020-04-06,2020,4
"211","AL",2,"Nordeste",27004,"Batalha",96452,8916.73812704765,15,20,8,12,8,12,0,0,0,0,0,20,8,12,8,12,7,9.09568547787226,11.4768007542516,0.373484325331348,2020-04-13,2020,4
"212","AL",2,"Nordeste",27004,"Batalha",96452,8916.73812704765,16,21,9,12,14,7,0,0,0,0,0,21,9,12,14,7,5,9.09568547787226,11.4768007542516,0.374958048508716,2020-04-20,2020,4
"213","AL",2,"Nordeste",27004,"Batalha",96452,8916.73812704765,17,32,21,11,18,14,0,0,0,0,0,32,21,11,18,14,13,9.09568547787226,11.4768007542516,0.371278624221836,2020-04-27,2020,4
"214","AL",2,"Nordeste",27004,"Batalha",96452,8916.73812704765,18,32,17,15,12,20,0,0,0,0,0,32,17,15,12,20,14,9.09568547787226,11.4768007542516,0.377034910242073,2020-05-04,2020,5
"215","AL",2,"Nordeste",27004,"Batalha",96452,8916.73812704765,19,29,17,12,16,13,0,0,0,0,0,29,17,12,16,13,12,9.09568547787226,11.4768007542516,0.409097216831784,2020-05-11,2020,5
"216","AL",2,"Nordeste",27004,"Batalha",96452,8916.73812704765,20,29,20,9,16,13,1,0,0,0,0,30,20,9,16,13,10,9.09568547787226,11.4768007542516,0.396770072805712,2020-05-18,2020,5
"217","AL",2,"Nordeste",27004,"Batalha",96452,8916.73812704765,21,24,13,11,13,11,0,0,0,0,0,24,13,11,13,11,20,9.09568547787226,11.4768007542516,0.406629869884078,2020-05-25,2020,5
"218","AL",2,"Nordeste",27004,"Batalha",96452,8916.73812704765,22,38,18,20,19,19,0,0,0,0,0,38,18,20,19,19,22,9.09568547787226,11.4768007542516,0.381377015059728,2020-06-01,2020,6
"219","AL",2,"Nordeste",27004,"Batalha",96452,8916.73812704765,23,32,19,13,24,8,0,0,0,0,0,32,19,13,24,8,17,9.09568547787226,11.4768007542516,0.387979068802863,2020-06-08,2020,6
"220","AL",2,"Nordeste",27004,"Batalha",96452,8916.73812704765,24,29,10,19,13,16,0,0,0,0,0,29,10,19,13,16,18,9.09568547787226,11.4768007542516,0.379139366979012,2020-06-15,2020,6
"221","AL",2,"Nordeste",27004,"Batalha",96452,8916.73812704765,25,32,13,19,19,13,1,0,0,0,0,33,13,19,19,13,11,9.09568547787226,11.4768007542516,0.38564846831286,2020-06-22,2020,6
"222","AL",2,"Nordeste",27004,"Batalha",96452,8916.73812704765,26,36,18,18,14,22,1,0,0,0,0,37,18,18,14,22,14,9.09568547787226,11.4768007542516,0.408545463463747,2020-06-29,2020,6
"223","AL",2,"Nordeste",27004,"Batalha",96452,8916.73812704765,27,28,13,15,13,15,0,0,0,0,0,28,13,15,13,15,16,9.09568547787226,11.4768007542516,0.423950796528186,2020-07-06,2020,7
"224","AL",2,"Nordeste",27004,"Batalha",96452,8916.73812704765,28,34,20,14,20,14,0,0,0,0,0,34,20,14,20,14,14,9.09568547787226,11.4768007542516,0.414859498201198,2020-07-13,2020,7
"225","AL",2,"Nordeste",27004,"Batalha",96452,8916.73812704765,29,38,19,19,23,15,0,0,0,0,0,38,19,19,23,15,19,9.09568547787226,11.4768007542516,0.39809648385021,2020-07-20,2020,7
"226","AL",2,"Nordeste",27005,"Palmeira dos Índios",179333,10066.4435036496,5,60,28,32,31,29,0,0,0,0,0,60,28,32,31,29,21,9.2169627459375,12.096999691738,0.270609649374381,2020-02-03,2020,2
"227","AL",2,"Nordeste",27005,"Palmeira dos Índios",179333,10066.4435036496,6,45,13,32,17,28,0,0,0,0,0,45,13,32,17,28,29,9.2169627459375,12.096999691738,0.265305629446543,2020-02-10,2020,2
"228","AL",2,"Nordeste",27005,"Palmeira dos Índios",179333,10066.4435036496,7,41,14,27,22,19,0,0,0,0,0,41,14,27,22,19,18,9.2169627459375,12.096999691738,0.279402245266177,2020-02-17,2020,2
"229","AL",2,"Nordeste",27005,"Palmeira dos Índios",179333,10066.4435036496,8,49,18,31,20,29,0,0,0,0,0,49,18,31,20,29,27,9.2169627459375,12.096999691738,0.323213474201559,2020-02-24,2020,2
"230","AL",2,"Nordeste",27005,"Palmeira dos Índios",179333,10066.4435036496,9,39,18,21,26,13,0,0,0,0,0,39,18,21,26,13,26,9.2169627459375,12.096999691738,0.297189225867694,2020-03-02,2020,3
"231","AL",2,"Nordeste",27005,"Palmeira dos Índios",179333,10066.4435036496,10,37,14,23,20,17,0,0,0,0,0,37,14,23,20,17,25,9.2169627459375,12.096999691738,0.327603799851527,2020-03-09,2020,3
"232","AL",2,"Nordeste",27005,"Palmeira dos Índios",179333,10066.4435036496,11,50,18,32,28,22,0,0,0,0,0,50,18,32,28,22,22,9.2169627459375,12.096999691738,0.381283735655891,2020-03-16,2020,3
"233","AL",2,"Nordeste",27005,"Palmeira dos Índios",179333,10066.4435036496,12,40,17,23,16,24,1,0,0,0,0,41,17,23,16,24,26,9.2169627459375,12.096999691738,0.480937281895947,2020-03-23,2020,3
"234","AL",2,"Nordeste",27005,"Palmeira dos Índios",179333,10066.4435036496,13,35,20,15,21,14,0,0,0,0,0,35,20,15,21,14,24,9.2169627459375,12.096999691738,0.422706468125757,2020-03-30,2020,3
"235","AL",2,"Nordeste",27005,"Palmeira dos Índios",179333,10066.4435036496,14,40,12,28,18,22,0,0,0,0,0,40,12,28,18,22,20,9.2169627459375,12.096999691738,0.411588229210404,2020-04-06,2020,4
"236","AL",2,"Nordeste",27005,"Palmeira dos Índios",179333,10066.4435036496,15,45,17,28,20,25,0,0,0,0,0,45,17,28,20,25,26,9.2169627459375,12.096999691738,0.389567684029685,2020-04-13,2020,4
"237","AL",2,"Nordeste",27005,"Palmeira dos Índios",179333,10066.4435036496,16,59,20,39,24,35,0,0,0,0,0,59,20,39,24,35,23,9.2169627459375,12.096999691738,0.389783019900571,2020-04-20,2020,4
"238","AL",2,"Nordeste",27005,"Palmeira dos Índios",179333,10066.4435036496,17,41,19,22,22,19,1,0,0,0,0,42,19,22,22,19,23,9.2169627459375,12.096999691738,0.390126009248935,2020-04-27,2020,4
"239","AL",2,"Nordeste",27005,"Palmeira dos Índios",179333,10066.4435036496,18,43,19,24,19,24,0,0,0,0,0,43,19,24,19,24,25,9.2169627459375,12.096999691738,0.397147468697187,2020-05-04,2020,5
"240","AL",2,"Nordeste",27005,"Palmeira dos Índios",179333,10066.4435036496,19,42,17,25,14,28,1,0,0,0,0,43,17,25,14,28,37,9.2169627459375,12.096999691738,0.423921224778856,2020-05-11,2020,5
"241","AL",2,"Nordeste",27005,"Palmeira dos Índios",179333,10066.4435036496,20,49,14,35,21,28,0,0,0,0,0,49,14,35,21,28,32,9.2169627459375,12.096999691738,0.42978086013393,2020-05-18,2020,5
"242","AL",2,"Nordeste",27005,"Palmeira dos Índios",179333,10066.4435036496,21,33,13,20,14,19,1,0,0,0,0,34,13,20,14,19,40,9.2169627459375,12.096999691738,0.431827889509682,2020-05-25,2020,5
"243","AL",2,"Nordeste",27005,"Palmeira dos Índios",179333,10066.4435036496,22,54,20,34,22,32,0,0,0,0,0,54,20,34,22,32,34,9.2169627459375,12.096999691738,0.400006785143861,2020-06-01,2020,6
"244","AL",2,"Nordeste",27005,"Palmeira dos Índios",179333,10066.4435036496,23,50,30,20,24,26,1,0,0,0,0,51,30,20,24,26,39,9.2169627459375,12.096999691738,0.41837864217295,2020-06-08,2020,6
"245","AL",2,"Nordeste",27005,"Palmeira dos Índios",179333,10066.4435036496,24,53,15,38,24,29,0,0,0,0,0,53,15,38,24,29,51,9.2169627459375,12.096999691738,0.40779257667459,2020-06-15,2020,6
"246","AL",2,"Nordeste",27005,"Palmeira dos Índios",179333,10066.4435036496,25,48,22,26,27,21,0,0,0,0,0,48,22,26,27,21,34,9.2169627459375,12.096999691738,0.401602602417115,2020-06-22,2020,6
"247","AL",2,"Nordeste",27005,"Palmeira dos Índios",179333,10066.4435036496,26,64,20,44,27,37,0,0,0,0,0,64,20,44,27,37,29,9.2169627459375,12.096999691738,0.431225331775076,2020-06-29,2020,6
"248","AL",2,"Nordeste",27005,"Palmeira dos Índios",179333,10066.4435036496,27,44,22,22,16,28,0,0,0,0,0,44,22,22,16,28,36,9.2169627459375,12.096999691738,0.431109076379185,2020-07-06,2020,7
"249","AL",2,"Nordeste",27005,"Palmeira dos Índios",179333,10066.4435036496,28,40,13,27,14,26,0,0,0,0,0,40,13,27,14,26,35,9.2169627459375,12.096999691738,0.425193978511086,2020-07-13,2020,7
"250","AL",2,"Nordeste",27005,"Palmeira dos Índios",179333,10066.4435036496,29,52,23,29,21,31,0,0,0,0,0,52,23,29,21,31,35,9.2169627459375,12.096999691738,0.422379734158871,2020-07-20,2020,7
"251","AL",2,"Nordeste",27006,"Arapiraca",441885,15636.3566348484,5,111,52,59,48,63,0,0,0,0,0,111,52,59,48,63,56,9.6573540352258,12.9988049462114,0.274493564762638,2020-02-03,2020,2
"252","AL",2,"Nordeste",27006,"Arapiraca",441885,15636.3566348484,6,116,45,71,47,69,1,0,0,0,0,117,45,71,47,69,48,9.6573540352258,12.9988049462114,0.268055857551107,2020-02-10,2020,2
"253","AL",2,"Nordeste",27006,"Arapiraca",441885,15636.3566348484,7,115,59,56,52,63,1,0,0,0,0,116,59,56,52,63,58,9.6573540352258,12.9988049462114,0.283327895616615,2020-02-17,2020,2
"254","AL",2,"Nordeste",27006,"Arapiraca",441885,15636.3566348484,8,145,58,87,64,81,0,0,0,0,0,145,58,87,64,81,62,9.6573540352258,12.9988049462114,0.327421170883259,2020-02-24,2020,2
"255","AL",2,"Nordeste",27006,"Arapiraca",441885,15636.3566348484,9,131,56,75,64,67,0,0,0,0,0,131,56,75,64,67,58,9.6573540352258,12.9988049462114,0.298663256169895,2020-03-02,2020,3
"256","AL",2,"Nordeste",27006,"Arapiraca",441885,15636.3566348484,10,111,41,70,44,67,0,0,0,0,0,111,41,70,44,67,50,9.6573540352258,12.9988049462114,0.324344317459217,2020-03-09,2020,3
"257","AL",2,"Nordeste",27006,"Arapiraca",441885,15636.3566348484,11,115,50,65,51,64,0,0,0,0,0,115,50,65,51,64,59,9.6573540352258,12.9988049462114,0.374609992164612,2020-03-16,2020,3
"258","AL",2,"Nordeste",27006,"Arapiraca",441885,15636.3566348484,12,113,51,62,51,62,0,0,0,0,0,113,51,62,51,62,58,9.6573540352258,12.9988049462114,0.483910615240191,2020-03-23,2020,3
"259","AL",2,"Nordeste",27006,"Arapiraca",441885,15636.3566348484,13,100,44,56,54,46,0,0,0,0,0,100,44,56,54,46,52,9.6573540352258,12.9988049462114,0.427956168042681,2020-03-30,2020,3
"260","AL",2,"Nordeste",27006,"Arapiraca",441885,15636.3566348484,14,119,43,76,44,75,0,0,0,0,0,119,43,76,44,75,61,9.6573540352258,12.9988049462114,0.400466350060022,2020-04-06,2020,4
"261","AL",2,"Nordeste",27006,"Arapiraca",441885,15636.3566348484,15,137,62,75,60,77,0,0,0,0,0,137,62,75,60,77,58,9.6573540352258,12.9988049462114,0.389160312435767,2020-04-13,2020,4
"262","AL",2,"Nordeste",27006,"Arapiraca",441885,15636.3566348484,16,124,53,71,58,66,0,0,0,0,0,124,53,71,58,66,47,9.6573540352258,12.9988049462114,0.394284437605361,2020-04-20,2020,4
"263","AL",2,"Nordeste",27006,"Arapiraca",441885,15636.3566348484,17,130,66,64,46,84,0,0,0,0,0,130,66,64,46,84,51,9.6573540352258,12.9988049462114,0.380458793052609,2020-04-27,2020,4
"264","AL",2,"Nordeste",27006,"Arapiraca",441885,15636.3566348484,18,129,66,63,45,84,0,0,0,0,0,129,66,63,45,84,69,9.6573540352258,12.9988049462114,0.391101842589814,2020-05-04,2020,5
"265","AL",2,"Nordeste",27006,"Arapiraca",441885,15636.3566348484,19,130,54,76,54,76,0,0,0,0,0,130,54,76,54,76,65,9.6573540352258,12.9988049462114,0.412665216621271,2020-05-11,2020,5
"266","AL",2,"Nordeste",27006,"Arapiraca",441885,15636.3566348484,20,151,68,83,65,86,0,0,0,0,0,151,68,83,65,86,68,9.6573540352258,12.9988049462114,0.413300514572622,2020-05-18,2020,5
"267","AL",2,"Nordeste",27006,"Arapiraca",441885,15636.3566348484,21,129,58,71,66,63,0,0,0,0,0,129,58,71,66,63,96,9.6573540352258,12.9988049462114,0.414418172912839,2020-05-25,2020,5
"268","AL",2,"Nordeste",27006,"Arapiraca",441885,15636.3566348484,22,130,50,80,56,74,0,0,0,0,0,130,50,80,56,74,94,9.6573540352258,12.9988049462114,0.391111114330176,2020-06-01,2020,6
"269","AL",2,"Nordeste",27006,"Arapiraca",441885,15636.3566348484,23,126,53,73,54,72,1,0,0,0,0,127,53,73,54,72,105,9.6573540352258,12.9988049462114,0.399363026755162,2020-06-08,2020,6
"270","AL",2,"Nordeste",27006,"Arapiraca",441885,15636.3566348484,24,138,55,83,52,86,1,0,0,0,0,139,55,83,52,86,94,9.6573540352258,12.9988049462114,0.39311016092275,2020-06-15,2020,6
"271","AL",2,"Nordeste",27006,"Arapiraca",441885,15636.3566348484,25,134,58,76,59,75,0,0,0,0,0,134,58,76,59,75,101,9.6573540352258,12.9988049462114,0.392255445833271,2020-06-22,2020,6
"272","AL",2,"Nordeste",27006,"Arapiraca",441885,15636.3566348484,26,129,54,75,46,83,0,0,0,0,0,129,54,75,46,83,93,9.6573540352258,12.9988049462114,0.409114877607155,2020-06-29,2020,6
"273","AL",2,"Nordeste",27006,"Arapiraca",441885,15636.3566348484,27,169,65,104,78,91,0,0,0,0,0,169,65,104,78,91,77,9.6573540352258,12.9988049462114,0.416086482890967,2020-07-06,2020,7
"274","AL",2,"Nordeste",27006,"Arapiraca",441885,15636.3566348484,28,145,63,82,49,96,1,0,0,0,0,146,63,82,49,96,88,9.6573540352258,12.9988049462114,0.41257416591796,2020-07-13,2020,7
"275","AL",2,"Nordeste",27006,"Arapiraca",441885,15636.3566348484,29,146,51,95,59,87,0,0,0,0,0,146,51,95,59,87,68,9.6573540352258,12.9988049462114,0.403234281578218,2020-07-20,2020,7
"276","AL",2,"Nordeste",27008,"Serrana dos Quilombos",152009,19491.6495033847,5,36,16,20,17,19,2,0,0,0,0,38,16,20,17,19,20,9.87774142223927,11.9316950086019,0.271409239277508,2020-02-03,2020,2
"277","AL",2,"Nordeste",27008,"Serrana dos Quilombos",152009,19491.6495033847,6,47,21,26,25,22,0,0,0,0,0,47,21,26,25,22,13,9.87774142223927,11.9316950086019,0.269392061147859,2020-02-10,2020,2
"278","AL",2,"Nordeste",27008,"Serrana dos Quilombos",152009,19491.6495033847,7,56,22,34,35,21,0,0,0,0,0,56,22,34,35,21,18,9.87774142223927,11.9316950086019,0.284488986815048,2020-02-17,2020,2
"279","AL",2,"Nordeste",27008,"Serrana dos Quilombos",152009,19491.6495033847,8,41,19,22,25,16,0,0,0,0,0,41,19,22,25,16,22,9.87774142223927,11.9316950086019,0.340275349550344,2020-02-24,2020,2
"280","AL",2,"Nordeste",27008,"Serrana dos Quilombos",152009,19491.6495033847,9,43,19,24,18,25,0,0,0,0,0,43,19,24,18,25,18,9.87774142223927,11.9316950086019,0.303598448319982,2020-03-02,2020,3
"281","AL",2,"Nordeste",27008,"Serrana dos Quilombos",152009,19491.6495033847,10,46,17,29,22,24,0,0,0,0,0,46,17,29,22,24,19,9.87774142223927,11.9316950086019,0.322031225443305,2020-03-09,2020,3
"282","AL",2,"Nordeste",27008,"Serrana dos Quilombos",152009,19491.6495033847,11,42,16,26,18,24,0,0,0,0,0,42,16,26,18,24,24,9.87774142223927,11.9316950086019,0.368584815381581,2020-03-16,2020,3
"283","AL",2,"Nordeste",27008,"Serrana dos Quilombos",152009,19491.6495033847,12,46,26,20,23,23,0,0,0,0,0,46,26,20,23,23,18,9.87774142223927,11.9316950086019,0.47125032427213,2020-03-23,2020,3
"284","AL",2,"Nordeste",27008,"Serrana dos Quilombos",152009,19491.6495033847,13,34,11,23,14,20,0,0,0,0,0,34,11,23,14,20,17,9.87774142223927,11.9316950086019,0.423780449857879,2020-03-30,2020,3
"285","AL",2,"Nordeste",27008,"Serrana dos Quilombos",152009,19491.6495033847,14,39,20,19,21,18,0,0,0,0,0,39,20,19,21,18,27,9.87774142223927,11.9316950086019,0.406602815226981,2020-04-06,2020,4
"286","AL",2,"Nordeste",27008,"Serrana dos Quilombos",152009,19491.6495033847,15,38,18,20,23,15,0,0,0,0,0,38,18,20,23,15,23,9.87774142223927,11.9316950086019,0.397456238490313,2020-04-13,2020,4
"287","AL",2,"Nordeste",27008,"Serrana dos Quilombos",152009,19491.6495033847,16,36,16,20,19,17,0,0,0,0,0,36,16,20,19,17,19,9.87774142223927,11.9316950086019,0.392258213599673,2020-04-20,2020,4
"288","AL",2,"Nordeste",27008,"Serrana dos Quilombos",152009,19491.6495033847,17,49,21,28,34,15,1,0,0,0,0,50,21,28,34,15,23,9.87774142223927,11.9316950086019,0.383927675145018,2020-04-27,2020,4
"289","AL",2,"Nordeste",27008,"Serrana dos Quilombos",152009,19491.6495033847,18,51,23,28,25,26,0,0,0,0,0,51,23,28,25,26,31,9.87774142223927,11.9316950086019,0.398935604165704,2020-05-04,2020,5
"290","AL",2,"Nordeste",27008,"Serrana dos Quilombos",152009,19491.6495033847,19,38,18,20,26,12,1,0,0,0,0,39,18,20,26,12,33,9.87774142223927,11.9316950086019,0.435898443710758,2020-05-11,2020,5
"291","AL",2,"Nordeste",27008,"Serrana dos Quilombos",152009,19491.6495033847,20,38,22,16,20,18,2,0,0,0,0,40,22,16,20,18,29,9.87774142223927,11.9316950086019,0.430868468654781,2020-05-18,2020,5
"292","AL",2,"Nordeste",27008,"Serrana dos Quilombos",152009,19491.6495033847,21,52,26,26,33,19,0,0,0,0,0,52,26,26,33,19,30,9.87774142223927,11.9316950086019,0.424831983194198,2020-05-25,2020,5
"293","AL",2,"Nordeste",27008,"Serrana dos Quilombos",152009,19491.6495033847,22,40,14,26,16,24,2,0,0,0,0,42,14,26,16,24,31,9.87774142223927,11.9316950086019,0.397170634471353,2020-06-01,2020,6
"294","AL",2,"Nordeste",27008,"Serrana dos Quilombos",152009,19491.6495033847,23,51,25,26,24,27,0,0,0,0,0,51,25,26,24,27,39,9.87774142223927,11.9316950086019,0.397531919521487,2020-06-08,2020,6
"295","AL",2,"Nordeste",27008,"Serrana dos Quilombos",152009,19491.6495033847,24,56,21,35,30,26,0,0,0,0,0,56,21,35,30,26,35,9.87774142223927,11.9316950086019,0.398761189795713,2020-06-15,2020,6
"296","AL",2,"Nordeste",27008,"Serrana dos Quilombos",152009,19491.6495033847,25,48,25,23,28,20,0,0,0,0,0,48,25,23,28,20,29,9.87774142223927,11.9316950086019,0.394374869391736,2020-06-22,2020,6
"297","AL",2,"Nordeste",27008,"Serrana dos Quilombos",152009,19491.6495033847,26,46,22,24,27,19,1,0,0,0,0,47,22,24,27,19,19,9.87774142223927,11.9316950086019,0.413564842716999,2020-06-29,2020,6
"298","AL",2,"Nordeste",27008,"Serrana dos Quilombos",152009,19491.6495033847,27,57,28,29,36,21,0,0,0,0,0,57,28,29,36,21,31,9.87774142223927,11.9316950086019,0.423356089265652,2020-07-06,2020,7
"299","AL",2,"Nordeste",27008,"Serrana dos Quilombos",152009,19491.6495033847,28,57,25,32,32,25,0,0,0,0,0,57,25,32,32,25,24,9.87774142223927,11.9316950086019,0.419940317039266,2020-07-13,2020,7
"300","AL",2,"Nordeste",27008,"Serrana dos Quilombos",152009,19491.6495033847,29,72,31,41,35,37,0,0,0,0,0,72,31,41,35,37,23,9.87774142223927,11.9316950086019,0.412292623011777,2020-07-20,2020,7
"301","AL",2,"Nordeste",27009,"Mata Alagoana",318641,13734.4879831221,5,86,41,45,48,38,0,0,0,0,0,86,41,45,48,38,31,9.52766531957621,12.6718203561885,0.282572452364825,2020-02-03,2020,2
"302","AL",2,"Nordeste",27009,"Mata Alagoana",318641,13734.4879831221,6,99,41,58,62,37,1,0,0,0,0,100,41,58,62,37,27,9.52766531957621,12.6718203561885,0.275991500863209,2020-02-10,2020,2
"303","AL",2,"Nordeste",27009,"Mata Alagoana",318641,13734.4879831221,7,86,35,51,53,33,1,0,0,0,0,87,35,51,53,33,33,9.52766531957621,12.6718203561885,0.29363368383909,2020-02-17,2020,2
"304","AL",2,"Nordeste",27009,"Mata Alagoana",318641,13734.4879831221,8,75,35,40,43,32,2,0,0,0,0,77,35,40,43,32,40,9.52766531957621,12.6718203561885,0.339836258755698,2020-02-24,2020,2
"305","AL",2,"Nordeste",27009,"Mata Alagoana",318641,13734.4879831221,9,76,43,33,42,34,1,0,0,0,0,77,43,33,42,34,40,9.52766531957621,12.6718203561885,0.31101445212112,2020-03-02,2020,3
"306","AL",2,"Nordeste",27009,"Mata Alagoana",318641,13734.4879831221,10,51,25,26,30,21,1,0,0,0,0,52,25,26,30,21,46,9.52766531957621,12.6718203561885,0.335083249923041,2020-03-09,2020,3
"307","AL",2,"Nordeste",27009,"Mata Alagoana",318641,13734.4879831221,11,70,39,31,42,28,0,0,0,0,0,70,39,31,42,28,31,9.52766531957621,12.6718203561885,0.379695028335323,2020-03-16,2020,3
"308","AL",2,"Nordeste",27009,"Mata Alagoana",318641,13734.4879831221,12,51,30,21,26,25,1,0,0,0,0,52,30,21,26,25,35,9.52766531957621,12.6718203561885,0.479187482038911,2020-03-23,2020,3
"309","AL",2,"Nordeste",27009,"Mata Alagoana",318641,13734.4879831221,13,52,20,32,28,24,0,0,0,0,0,52,20,32,28,24,51,9.52766531957621,12.6718203561885,0.42522947499304,2020-03-30,2020,3
"310","AL",2,"Nordeste",27009,"Mata Alagoana",318641,13734.4879831221,14,66,38,28,37,29,0,0,0,0,0,66,38,28,37,29,30,9.52766531957621,12.6718203561885,0.409745449722137,2020-04-06,2020,4
"311","AL",2,"Nordeste",27009,"Mata Alagoana",318641,13734.4879831221,15,70,32,38,38,32,0,0,0,0,0,70,32,38,38,32,29,9.52766531957621,12.6718203561885,0.402778274947482,2020-04-13,2020,4
"312","AL",2,"Nordeste",27009,"Mata Alagoana",318641,13734.4879831221,16,64,35,29,38,26,3,0,0,0,0,67,35,29,38,26,39,9.52766531957621,12.6718203561885,0.406852695330155,2020-04-20,2020,4
"313","AL",2,"Nordeste",27009,"Mata Alagoana",318641,13734.4879831221,17,84,45,39,47,37,1,0,0,0,0,85,45,39,47,37,42,9.52766531957621,12.6718203561885,0.396130382004131,2020-04-27,2020,4
"314","AL",2,"Nordeste",27009,"Mata Alagoana",318641,13734.4879831221,18,78,44,34,48,30,0,0,0,0,0,78,44,34,48,30,43,9.52766531957621,12.6718203561885,0.407533035021136,2020-05-04,2020,5
"315","AL",2,"Nordeste",27009,"Mata Alagoana",318641,13734.4879831221,19,75,32,43,40,35,0,0,0,0,0,75,32,43,40,35,57,9.52766531957621,12.6718203561885,0.434159401267505,2020-05-11,2020,5
"316","AL",2,"Nordeste",27009,"Mata Alagoana",318641,13734.4879831221,20,89,46,43,56,33,0,0,0,0,0,89,46,43,56,33,72,9.52766531957621,12.6718203561885,0.44241029674081,2020-05-18,2020,5
"317","AL",2,"Nordeste",27009,"Mata Alagoana",318641,13734.4879831221,21,85,38,47,49,36,2,0,0,0,0,87,38,47,49,36,91,9.52766531957621,12.6718203561885,0.437320200998631,2020-05-25,2020,5
"318","AL",2,"Nordeste",27009,"Mata Alagoana",318641,13734.4879831221,22,83,47,36,57,26,0,0,0,0,0,83,47,36,57,26,77,9.52766531957621,12.6718203561885,0.408057363897335,2020-06-01,2020,6
"319","AL",2,"Nordeste",27009,"Mata Alagoana",318641,13734.4879831221,23,87,42,45,56,31,2,0,0,0,0,89,42,45,56,31,47,9.52766531957621,12.6718203561885,0.40145626653978,2020-06-08,2020,6
"320","AL",2,"Nordeste",27009,"Mata Alagoana",318641,13734.4879831221,24,88,40,48,46,42,0,0,0,0,0,88,40,48,46,42,76,9.52766531957621,12.6718203561885,0.398051462118625,2020-06-15,2020,6
"321","AL",2,"Nordeste",27009,"Mata Alagoana",318641,13734.4879831221,25,79,44,35,57,22,1,0,0,0,0,80,44,35,57,22,50,9.52766531957621,12.6718203561885,0.385774178030216,2020-06-22,2020,6
"322","AL",2,"Nordeste",27009,"Mata Alagoana",318641,13734.4879831221,26,82,41,41,53,29,1,0,0,0,0,83,41,41,53,29,55,9.52766531957621,12.6718203561885,0.41225247877872,2020-06-29,2020,6
"323","AL",2,"Nordeste",27009,"Mata Alagoana",318641,13734.4879831221,27,95,45,50,53,42,0,0,0,0,0,95,45,50,53,42,40,9.52766531957621,12.6718203561885,0.421715678782932,2020-07-06,2020,7
"324","AL",2,"Nordeste",27009,"Mata Alagoana",318641,13734.4879831221,28,96,46,50,52,44,2,0,0,0,0,98,46,50,52,44,43,9.52766531957621,12.6718203561885,0.426497501495895,2020-07-13,2020,7
"325","AL",2,"Nordeste",27009,"Mata Alagoana",318641,13734.4879831221,29,87,37,50,51,36,4,0,0,0,0,91,37,50,51,36,38,9.52766531957621,12.6718203561885,0.418375768949823,2020-07-20,2020,7
"326","AL",2,"Nordeste",27010,"Litoral Norte Alagoano",72407,19252.8932880799,5,20,8,12,7,13,0,0,0,0,0,20,8,12,7,13,7,9.86541662910139,11.190058258783,0.263356881969926,2020-02-03,2020,2
"327","AL",2,"Nordeste",27010,"Litoral Norte Alagoano",72407,19252.8932880799,6,14,6,8,10,4,0,0,0,0,0,14,6,8,10,4,11,9.86541662910139,11.190058258783,0.263456000881014,2020-02-10,2020,2
"328","AL",2,"Nordeste",27010,"Litoral Norte Alagoano",72407,19252.8932880799,7,21,11,10,14,7,0,0,0,0,0,21,11,10,14,7,8,9.86541662910139,11.190058258783,0.277108720694568,2020-02-17,2020,2
"329","AL",2,"Nordeste",27010,"Litoral Norte Alagoano",72407,19252.8932880799,8,22,10,12,13,9,0,0,0,0,0,22,10,12,13,9,10,9.86541662910139,11.190058258783,0.305844543759987,2020-02-24,2020,2
"330","AL",2,"Nordeste",27010,"Litoral Norte Alagoano",72407,19252.8932880799,9,20,12,8,11,9,2,0,0,0,0,22,12,8,11,9,5,9.86541662910139,11.190058258783,0.293033955170172,2020-03-02,2020,3
"331","AL",2,"Nordeste",27010,"Litoral Norte Alagoano",72407,19252.8932880799,10,19,7,12,13,6,0,0,0,0,0,19,7,12,13,6,10,9.86541662910139,11.190058258783,0.327514679080823,2020-03-09,2020,3
"332","AL",2,"Nordeste",27010,"Litoral Norte Alagoano",72407,19252.8932880799,11,19,9,10,15,4,0,0,0,0,0,19,9,10,15,4,8,9.86541662910139,11.190058258783,0.377589661115549,2020-03-16,2020,3
"333","AL",2,"Nordeste",27010,"Litoral Norte Alagoano",72407,19252.8932880799,12,19,10,9,8,11,0,0,0,0,0,19,10,9,8,11,11,9.86541662910139,11.190058258783,0.484012844687409,2020-03-23,2020,3
"334","AL",2,"Nordeste",27010,"Litoral Norte Alagoano",72407,19252.8932880799,13,17,11,6,12,5,0,0,0,0,0,17,11,6,12,5,6,9.86541662910139,11.190058258783,0.456044287431441,2020-03-30,2020,3
"335","AL",2,"Nordeste",27010,"Litoral Norte Alagoano",72407,19252.8932880799,14,13,5,8,9,4,0,0,0,0,0,13,5,8,9,4,5,9.86541662910139,11.190058258783,0.429453946821439,2020-04-06,2020,4
"336","AL",2,"Nordeste",27010,"Litoral Norte Alagoano",72407,19252.8932880799,15,18,5,13,10,8,0,0,0,0,0,18,5,13,10,8,10,9.86541662910139,11.190058258783,0.429228988493078,2020-04-13,2020,4
"337","AL",2,"Nordeste",27010,"Litoral Norte Alagoano",72407,19252.8932880799,16,22,12,10,13,9,0,0,0,0,0,22,12,10,13,9,8,9.86541662910139,11.190058258783,0.430685380620405,2020-04-20,2020,4
"338","AL",2,"Nordeste",27010,"Litoral Norte Alagoano",72407,19252.8932880799,17,19,11,8,11,8,0,0,0,0,0,19,11,8,11,8,5,9.86541662910139,11.190058258783,0.417027870516792,2020-04-27,2020,4
"339","AL",2,"Nordeste",27010,"Litoral Norte Alagoano",72407,19252.8932880799,18,23,14,9,16,7,0,0,0,0,0,23,14,9,16,7,9,9.86541662910139,11.190058258783,0.441490972239463,2020-05-04,2020,5
"340","AL",2,"Nordeste",27010,"Litoral Norte Alagoano",72407,19252.8932880799,19,21,3,18,9,12,0,0,0,0,0,21,3,18,9,12,15,9.86541662910139,11.190058258783,0.469917535619712,2020-05-11,2020,5
"341","AL",2,"Nordeste",27010,"Litoral Norte Alagoano",72407,19252.8932880799,20,30,10,20,13,17,0,0,0,0,0,30,10,20,13,17,14,9.86541662910139,11.190058258783,0.471345598096524,2020-05-18,2020,5
"342","AL",2,"Nordeste",27010,"Litoral Norte Alagoano",72407,19252.8932880799,21,27,13,14,16,11,0,0,0,0,0,27,13,14,16,11,13,9.86541662910139,11.190058258783,0.450423035343949,2020-05-25,2020,5
"343","AL",2,"Nordeste",27010,"Litoral Norte Alagoano",72407,19252.8932880799,22,27,11,16,15,12,2,0,0,0,0,29,11,16,15,12,11,9.86541662910139,11.190058258783,0.425697119401912,2020-06-01,2020,6
"344","AL",2,"Nordeste",27010,"Litoral Norte Alagoano",72407,19252.8932880799,23,31,17,14,16,15,0,0,0,0,0,31,17,14,16,15,18,9.86541662910139,11.190058258783,0.411889999504993,2020-06-08,2020,6
"345","AL",2,"Nordeste",27010,"Litoral Norte Alagoano",72407,19252.8932880799,24,24,13,11,16,8,0,0,0,0,0,24,13,11,16,8,10,9.86541662910139,11.190058258783,0.411645136124265,2020-06-15,2020,6
"346","AL",2,"Nordeste",27010,"Litoral Norte Alagoano",72407,19252.8932880799,25,27,12,15,14,13,0,0,0,0,0,27,12,15,14,13,5,9.86541662910139,11.190058258783,0.402450632825645,2020-06-22,2020,6
"347","AL",2,"Nordeste",27010,"Litoral Norte Alagoano",72407,19252.8932880799,26,35,16,19,17,18,0,0,0,0,0,35,16,19,17,18,7,9.86541662910139,11.190058258783,0.428870192230631,2020-06-29,2020,6
"348","AL",2,"Nordeste",27010,"Litoral Norte Alagoano",72407,19252.8932880799,27,27,15,12,15,12,0,0,0,0,0,27,15,12,15,12,8,9.86541662910139,11.190058258783,0.427187454121837,2020-07-06,2020,7
"349","AL",2,"Nordeste",27010,"Litoral Norte Alagoano",72407,19252.8932880799,28,20,6,14,10,10,0,0,0,0,0,20,6,14,10,10,9,9.86541662910139,11.190058258783,0.424837661173289,2020-07-13,2020,7
"350","AL",2,"Nordeste",27010,"Litoral Norte Alagoano",72407,19252.8932880799,29,29,16,13,11,18,0,0,0,0,0,29,16,13,11,18,13,9.86541662910139,11.190058258783,0.415888984450455,2020-07-20,2020,7
"351","AL",2,"Nordeste",27011,"Maceió",1253244,21638.4805318837,5,348,115,233,161,187,2,0,0,0,0,350,115,233,161,187,163,9.98222851477816,14.0412459475619,0.258210210386811,2020-02-03,2020,2
"352","AL",2,"Nordeste",27011,"Maceió",1253244,21638.4805318837,6,313,80,233,129,184,1,0,0,0,0,314,80,233,129,184,171,9.98222851477816,14.0412459475619,0.260674634127927,2020-02-10,2020,2
"353","AL",2,"Nordeste",27011,"Maceió",1253244,21638.4805318837,7,338,120,218,166,172,3,0,0,0,0,341,120,218,166,172,144,9.98222851477816,14.0412459475619,0.281541862833867,2020-02-17,2020,2
"354","AL",2,"Nordeste",27011,"Maceió",1253244,21638.4805318837,8,314,93,221,155,159,3,0,0,0,0,317,93,221,155,159,159,9.98222851477816,14.0412459475619,0.343578279848042,2020-02-24,2020,2
"355","AL",2,"Nordeste",27011,"Maceió",1253244,21638.4805318837,9,285,80,205,129,156,0,0,0,0,0,285,80,205,129,156,167,9.98222851477816,14.0412459475619,0.299951388801049,2020-03-02,2020,3
"356","AL",2,"Nordeste",27011,"Maceió",1253244,21638.4805318837,10,313,108,205,149,164,3,0,0,0,0,316,108,205,149,164,160,9.98222851477816,14.0412459475619,0.312813107821658,2020-03-09,2020,3
"357","AL",2,"Nordeste",27011,"Maceió",1253244,21638.4805318837,11,301,105,196,131,170,2,0,0,0,0,303,105,196,131,170,146,9.98222851477816,14.0412459475619,0.401091538568094,2020-03-16,2020,3
"358","AL",2,"Nordeste",27011,"Maceió",1253244,21638.4805318837,12,281,95,186,139,142,3,0,0,0,0,284,95,186,139,142,126,9.98222851477816,14.0412459475619,0.548307199879887,2020-03-23,2020,3
"359","AL",2,"Nordeste",27011,"Maceió",1253244,21638.4805318837,13,260,92,168,133,127,4,0,0,0,0,264,92,168,133,127,161,9.98222851477816,14.0412459475619,0.489264149706929,2020-03-30,2020,3
"360","AL",2,"Nordeste",27011,"Maceió",1253244,21638.4805318837,14,319,106,213,158,161,1,0,0,0,0,320,106,213,158,161,172,9.98222851477816,14.0412459475619,0.471602071606016,2020-04-06,2020,4
"361","AL",2,"Nordeste",27011,"Maceió",1253244,21638.4805318837,15,286,103,183,141,145,0,0,0,0,0,286,103,183,141,145,161,9.98222851477816,14.0412459475619,0.455063386161155,2020-04-13,2020,4
"362","AL",2,"Nordeste",27011,"Maceió",1253244,21638.4805318837,16,271,84,187,135,136,1,0,0,0,0,272,84,187,135,136,166,9.98222851477816,14.0412459475619,0.470632239315319,2020-04-20,2020,4
"363","AL",2,"Nordeste",27011,"Maceió",1253244,21638.4805318837,17,282,108,174,139,143,5,0,0,0,0,287,108,174,139,143,210,9.98222851477816,14.0412459475619,0.458963213584475,2020-04-27,2020,4
"364","AL",2,"Nordeste",27011,"Maceió",1253244,21638.4805318837,18,304,87,217,152,152,4,0,0,0,0,308,87,217,152,152,318,9.98222851477816,14.0412459475619,0.447665318189323,2020-05-04,2020,5
"365","AL",2,"Nordeste",27011,"Maceió",1253244,21638.4805318837,19,300,99,201,138,162,1,0,0,0,0,301,99,201,138,162,320,9.98222851477816,14.0412459475619,0.474416695531969,2020-05-11,2020,5
"366","AL",2,"Nordeste",27011,"Maceió",1253244,21638.4805318837,20,318,106,212,143,175,4,0,0,0,0,322,106,212,143,175,374,9.98222851477816,14.0412459475619,0.476276795177717,2020-05-18,2020,5
"367","AL",2,"Nordeste",27011,"Maceió",1253244,21638.4805318837,21,330,102,228,151,179,2,0,0,0,0,332,102,228,151,179,374,9.98222851477816,14.0412459475619,0.464735729810324,2020-05-25,2020,5
"368","AL",2,"Nordeste",27011,"Maceió",1253244,21638.4805318837,22,365,115,250,155,210,5,0,0,0,0,370,115,250,155,210,315,9.98222851477816,14.0412459475619,0.429054667257838,2020-06-01,2020,6
"369","AL",2,"Nordeste",27011,"Maceió",1253244,21638.4805318837,23,346,107,239,144,202,2,0,0,0,0,348,107,239,144,202,258,9.98222851477816,14.0412459475619,0.430935504645383,2020-06-08,2020,6
"370","AL",2,"Nordeste",27011,"Maceió",1253244,21638.4805318837,24,365,123,242,174,191,3,0,0,0,0,368,123,242,174,191,243,9.98222851477816,14.0412459475619,0.411631862881584,2020-06-15,2020,6
"371","AL",2,"Nordeste",27011,"Maceió",1253244,21638.4805318837,25,332,116,216,141,191,3,0,0,0,0,335,116,216,141,191,213,9.98222851477816,14.0412459475619,0.417343307230251,2020-06-22,2020,6
"372","AL",2,"Nordeste",27011,"Maceió",1253244,21638.4805318837,26,323,125,198,160,163,2,0,0,0,0,325,125,198,160,163,176,9.98222851477816,14.0412459475619,0.424416526779157,2020-06-29,2020,6
"373","AL",2,"Nordeste",27011,"Maceió",1253244,21638.4805318837,27,352,121,231,169,183,6,0,0,0,0,358,121,231,169,183,180,9.98222851477816,14.0412459475619,0.409939586310503,2020-07-06,2020,7
"374","AL",2,"Nordeste",27011,"Maceió",1253244,21638.4805318837,28,327,99,228,152,175,5,0,0,0,0,332,99,228,152,175,180,9.98222851477816,14.0412459475619,0.415040081185775,2020-07-13,2020,7
"375","AL",2,"Nordeste",27011,"Maceió",1253244,21638.4805318837,29,377,116,261,182,195,2,0,0,0,0,379,116,261,182,195,155,9.98222851477816,14.0412459475619,0.403745654694683,2020-07-20,2020,7
"376","AL",2,"Nordeste",27012,"São Miguel dos Campos",308789,14469.5863651879,5,69,20,49,37,32,2,0,0,0,0,71,20,49,37,32,24,9.57980423353539,12.6404134747366,0.270028199517831,2020-02-03,2020,2
"377","AL",2,"Nordeste",27012,"São Miguel dos Campos",308789,14469.5863651879,6,72,26,46,41,31,1,0,0,0,0,73,26,46,41,31,35,9.57980423353539,12.6404134747366,0.262204784428159,2020-02-10,2020,2
"378","AL",2,"Nordeste",27012,"São Miguel dos Campos",308789,14469.5863651879,7,61,20,41,29,32,0,0,0,0,0,61,20,41,29,32,35,9.57980423353539,12.6404134747366,0.277784181764519,2020-02-17,2020,2
"379","AL",2,"Nordeste",27012,"São Miguel dos Campos",308789,14469.5863651879,8,69,22,47,40,29,2,0,0,0,0,71,22,47,40,29,36,9.57980423353539,12.6404134747366,0.323014932166411,2020-02-24,2020,2
"380","AL",2,"Nordeste",27012,"São Miguel dos Campos",308789,14469.5863651879,9,70,26,44,32,38,1,0,0,0,0,71,26,44,32,38,28,9.57980423353539,12.6404134747366,0.300245941398157,2020-03-02,2020,3
"381","AL",2,"Nordeste",27012,"São Miguel dos Campos",308789,14469.5863651879,10,53,18,35,28,25,1,0,0,0,0,54,18,35,28,25,34,9.57980423353539,12.6404134747366,0.3269178576817,2020-03-09,2020,3
"382","AL",2,"Nordeste",27012,"São Miguel dos Campos",308789,14469.5863651879,11,49,11,38,23,26,0,0,0,0,0,49,11,38,23,26,34,9.57980423353539,12.6404134747366,0.380992952129277,2020-03-16,2020,3
"383","AL",2,"Nordeste",27012,"São Miguel dos Campos",308789,14469.5863651879,12,60,20,40,32,28,1,0,0,0,0,61,20,40,32,28,35,9.57980423353539,12.6404134747366,0.469922127444587,2020-03-23,2020,3
"384","AL",2,"Nordeste",27012,"São Miguel dos Campos",308789,14469.5863651879,13,62,23,39,33,29,0,0,0,0,0,62,23,39,33,29,41,9.57980423353539,12.6404134747366,0.420854387295379,2020-03-30,2020,3
"385","AL",2,"Nordeste",27012,"São Miguel dos Campos",308789,14469.5863651879,14,77,33,44,30,47,1,0,0,0,0,78,33,44,30,47,29,9.57980423353539,12.6404134747366,0.39221602522619,2020-04-06,2020,4
"386","AL",2,"Nordeste",27012,"São Miguel dos Campos",308789,14469.5863651879,15,65,20,45,40,25,0,0,0,0,0,65,20,45,40,25,32,9.57980423353539,12.6404134747366,0.385257244989692,2020-04-13,2020,4
"387","AL",2,"Nordeste",27012,"São Miguel dos Campos",308789,14469.5863651879,16,70,24,46,32,38,0,0,0,0,0,70,24,46,32,38,34,9.57980423353539,12.6404134747366,0.392709681057691,2020-04-20,2020,4
"388","AL",2,"Nordeste",27012,"São Miguel dos Campos",308789,14469.5863651879,17,62,26,36,36,26,0,0,0,0,0,62,26,36,36,26,35,9.57980423353539,12.6404134747366,0.377520059380834,2020-04-27,2020,4
"389","AL",2,"Nordeste",27012,"São Miguel dos Campos",308789,14469.5863651879,18,73,35,38,40,33,1,0,0,0,0,74,35,38,40,33,48,9.57980423353539,12.6404134747366,0.391364847887675,2020-05-04,2020,5
"390","AL",2,"Nordeste",27012,"São Miguel dos Campos",308789,14469.5863651879,19,64,28,36,34,30,1,0,0,0,0,65,28,36,34,30,45,9.57980423353539,12.6404134747366,0.417748041554745,2020-05-11,2020,5
"391","AL",2,"Nordeste",27012,"São Miguel dos Campos",308789,14469.5863651879,20,83,29,54,46,37,0,0,0,0,0,83,29,54,46,37,43,9.57980423353539,12.6404134747366,0.425213825899363,2020-05-18,2020,5
"392","AL",2,"Nordeste",27012,"São Miguel dos Campos",308789,14469.5863651879,21,76,35,41,35,41,0,0,0,0,0,76,35,41,35,41,54,9.57980423353539,12.6404134747366,0.416268787854557,2020-05-25,2020,5
"393","AL",2,"Nordeste",27012,"São Miguel dos Campos",308789,14469.5863651879,22,75,35,40,41,34,1,0,0,0,0,76,35,40,41,34,78,9.57980423353539,12.6404134747366,0.392163917757219,2020-06-01,2020,6
"394","AL",2,"Nordeste",27012,"São Miguel dos Campos",308789,14469.5863651879,23,102,41,61,60,42,0,0,0,0,0,102,41,61,60,42,65,9.57980423353539,12.6404134747366,0.399622596484439,2020-06-08,2020,6
"395","AL",2,"Nordeste",27012,"São Miguel dos Campos",308789,14469.5863651879,24,79,29,50,36,43,0,0,0,0,0,79,29,50,36,43,60,9.57980423353539,12.6404134747366,0.390473718370525,2020-06-15,2020,6
"396","AL",2,"Nordeste",27012,"São Miguel dos Campos",308789,14469.5863651879,25,69,28,41,33,36,2,0,0,0,0,71,28,41,33,36,62,9.57980423353539,12.6404134747366,0.385940792140222,2020-06-22,2020,6
"397","AL",2,"Nordeste",27012,"São Miguel dos Campos",308789,14469.5863651879,26,68,34,34,31,37,1,0,0,0,0,69,34,34,31,37,56,9.57980423353539,12.6404134747366,0.401129958114022,2020-06-29,2020,6
"398","AL",2,"Nordeste",27012,"São Miguel dos Campos",308789,14469.5863651879,27,80,31,49,48,32,0,0,0,0,0,80,31,49,48,32,49,9.57980423353539,12.6404134747366,0.406367742835192,2020-07-06,2020,7
"399","AL",2,"Nordeste",27012,"São Miguel dos Campos",308789,14469.5863651879,28,60,22,38,29,31,0,0,0,0,0,60,22,38,29,31,43,9.57980423353539,12.6404134747366,0.408563419924993,2020-07-13,2020,7
"400","AL",2,"Nordeste",27012,"São Miguel dos Campos",308789,14469.5863651879,29,84,29,55,36,48,2,0,0,0,0,86,29,55,36,48,35,9.57980423353539,12.6404134747366,0.406646448425617,2020-07-20,2020,7
"401","AL",2,"Nordeste",27013,"Penedo",131171,13187.4847863476,5,35,14,21,14,21,1,0,0,0,0,36,14,21,14,21,11,9.48702353657587,11.7842570944746,0.28437470587731,2020-02-03,2020,2
"402","AL",2,"Nordeste",27013,"Penedo",131171,13187.4847863476,6,34,19,15,11,23,0,0,0,0,0,34,19,15,11,23,20,9.48702353657587,11.7842570944746,0.283728940339241,2020-02-10,2020,2
"403","AL",2,"Nordeste",27013,"Penedo",131171,13187.4847863476,7,32,13,19,16,16,0,0,0,0,0,32,13,19,16,16,20,9.48702353657587,11.7842570944746,0.293828827261657,2020-02-17,2020,2
"404","AL",2,"Nordeste",27013,"Penedo",131171,13187.4847863476,8,37,13,24,14,23,0,0,0,0,0,37,13,24,14,23,25,9.48702353657587,11.7842570944746,0.347538700867875,2020-02-24,2020,2
"405","AL",2,"Nordeste",27013,"Penedo",131171,13187.4847863476,9,29,14,15,13,16,1,0,0,0,0,30,14,15,13,16,14,9.48702353657587,11.7842570944746,0.314145648394481,2020-03-02,2020,3
"406","AL",2,"Nordeste",27013,"Penedo",131171,13187.4847863476,10,29,7,22,12,17,0,0,0,0,0,29,7,22,12,17,16,9.48702353657587,11.7842570944746,0.339336590712363,2020-03-09,2020,3
"407","AL",2,"Nordeste",27013,"Penedo",131171,13187.4847863476,11,33,10,23,19,14,0,0,0,0,0,33,10,23,19,14,8,9.48702353657587,11.7842570944746,0.402434712057634,2020-03-16,2020,3
"408","AL",2,"Nordeste",27013,"Penedo",131171,13187.4847863476,12,34,11,23,17,17,1,0,0,0,0,35,11,23,17,17,11,9.48702353657587,11.7842570944746,0.520080872008073,2020-03-23,2020,3
"409","AL",2,"Nordeste",27013,"Penedo",131171,13187.4847863476,13,34,15,19,14,20,0,0,0,0,0,34,15,19,14,20,15,9.48702353657587,11.7842570944746,0.451801017867626,2020-03-30,2020,3
"410","AL",2,"Nordeste",27013,"Penedo",131171,13187.4847863476,14,35,13,22,23,12,0,0,0,0,0,35,13,22,23,12,19,9.48702353657587,11.7842570944746,0.432487990900109,2020-04-06,2020,4
"411","AL",2,"Nordeste",27013,"Penedo",131171,13187.4847863476,15,43,17,26,25,18,0,0,0,0,0,43,17,26,25,18,14,9.48702353657587,11.7842570944746,0.425995687107435,2020-04-13,2020,4
"412","AL",2,"Nordeste",27013,"Penedo",131171,13187.4847863476,16,29,15,14,21,8,1,0,0,0,0,30,15,14,21,8,16,9.48702353657587,11.7842570944746,0.427762275555502,2020-04-20,2020,4
"413","AL",2,"Nordeste",27013,"Penedo",131171,13187.4847863476,17,36,17,19,19,17,0,0,0,0,0,36,17,19,19,17,19,9.48702353657587,11.7842570944746,0.414593415064259,2020-04-27,2020,4
"414","AL",2,"Nordeste",27013,"Penedo",131171,13187.4847863476,18,38,23,15,18,20,0,0,0,0,0,38,23,15,18,20,16,9.48702353657587,11.7842570944746,0.421759209240982,2020-05-04,2020,5
"415","AL",2,"Nordeste",27013,"Penedo",131171,13187.4847863476,19,37,23,14,13,24,0,0,0,0,0,37,23,14,13,24,17,9.48702353657587,11.7842570944746,0.441845022840955,2020-05-11,2020,5
"416","AL",2,"Nordeste",27013,"Penedo",131171,13187.4847863476,20,30,14,16,15,15,0,0,0,0,0,30,14,16,15,15,19,9.48702353657587,11.7842570944746,0.445225771188642,2020-05-18,2020,5
"417","AL",2,"Nordeste",27013,"Penedo",131171,13187.4847863476,21,30,17,13,17,13,1,0,0,0,0,31,17,13,17,13,28,9.48702353657587,11.7842570944746,0.439373262544849,2020-05-25,2020,5
"418","AL",2,"Nordeste",27013,"Penedo",131171,13187.4847863476,22,53,21,32,27,26,0,0,0,0,0,53,21,32,27,26,27,9.48702353657587,11.7842570944746,0.417185800464735,2020-06-01,2020,6
"419","AL",2,"Nordeste",27013,"Penedo",131171,13187.4847863476,23,35,21,14,15,20,0,0,0,0,0,35,21,14,15,20,27,9.48702353657587,11.7842570944746,0.431458415217477,2020-06-08,2020,6
"420","AL",2,"Nordeste",27013,"Penedo",131171,13187.4847863476,24,40,15,25,20,20,0,0,0,0,0,40,15,25,20,20,24,9.48702353657587,11.7842570944746,0.421049256786103,2020-06-15,2020,6
"421","AL",2,"Nordeste",27013,"Penedo",131171,13187.4847863476,25,36,17,19,14,22,0,0,0,0,0,36,17,19,14,22,29,9.48702353657587,11.7842570944746,0.42633487801386,2020-06-22,2020,6
"422","AL",2,"Nordeste",27013,"Penedo",131171,13187.4847863476,26,39,21,18,23,16,0,0,0,0,0,39,21,18,23,16,24,9.48702353657587,11.7842570944746,0.440412796439755,2020-06-29,2020,6
"423","AL",2,"Nordeste",27013,"Penedo",131171,13187.4847863476,27,30,15,15,14,16,1,0,0,0,0,31,15,15,14,16,31,9.48702353657587,11.7842570944746,0.451132021763715,2020-07-06,2020,7
"424","AL",2,"Nordeste",27013,"Penedo",131171,13187.4847863476,28,28,16,12,15,13,0,0,0,0,0,28,16,12,15,13,21,9.48702353657587,11.7842570944746,0.439204023689998,2020-07-13,2020,7
"425","AL",2,"Nordeste",27013,"Penedo",131171,13187.4847863476,29,32,20,12,20,12,0,0,0,0,0,32,20,12,20,12,18,9.48702353657587,11.7842570944746,0.435605749815405,2020-07-20,2020,7
"426","AM",1,"Norte",13001,"Rio Negro",119734,6667.95950774216,5,38,26,12,18,20,0,0,0,0,0,38,26,12,18,20,12,8.80506917122809,11.6930278946553,0.289917740487896,2020-02-03,2020,2
"427","AM",1,"Norte",13001,"Rio Negro",119734,6667.95950774216,6,41,19,22,22,19,0,0,0,0,0,41,19,22,22,19,13,8.80506917122809,11.6930278946553,0.299484118258624,2020-02-10,2020,2
"428","AM",1,"Norte",13001,"Rio Negro",119734,6667.95950774216,7,35,19,16,20,15,0,0,0,0,0,35,19,16,20,15,10,8.80506917122809,11.6930278946553,0.296495058394628,2020-02-17,2020,2
"429","AM",1,"Norte",13001,"Rio Negro",119734,6667.95950774216,8,56,28,28,30,26,1,0,0,0,0,57,28,28,30,26,10,8.80506917122809,11.6930278946553,0.346371230616126,2020-02-24,2020,2
"430","AM",1,"Norte",13001,"Rio Negro",119734,6667.95950774216,9,50,27,23,21,29,0,0,0,0,0,50,27,23,21,29,9,8.80506917122809,11.6930278946553,0.318465383409632,2020-03-02,2020,3
"431","AM",1,"Norte",13001,"Rio Negro",119734,6667.95950774216,10,39,23,16,19,20,2,0,0,0,0,41,23,16,19,20,13,8.80506917122809,11.6930278946553,0.333217142262035,2020-03-09,2020,3
"432","AM",1,"Norte",13001,"Rio Negro",119734,6667.95950774216,11,38,15,23,25,13,0,0,0,0,0,38,15,23,25,13,6,8.80506917122809,11.6930278946553,0.368865173670367,2020-03-16,2020,3
"433","AM",1,"Norte",13001,"Rio Negro",119734,6667.95950774216,12,35,22,13,19,16,0,0,0,0,0,35,22,13,19,16,8,8.80506917122809,11.6930278946553,0.444473671857305,2020-03-23,2020,3
"434","AM",1,"Norte",13001,"Rio Negro",119734,6667.95950774216,13,37,19,18,20,17,1,0,0,0,0,38,19,18,20,17,6,8.80506917122809,11.6930278946553,0.413466269431735,2020-03-30,2020,3
"435","AM",1,"Norte",13001,"Rio Negro",119734,6667.95950774216,14,40,27,13,19,21,0,0,0,0,0,40,27,13,19,21,8,8.80506917122809,11.6930278946553,0.42317117487384,2020-04-06,2020,4
"436","AM",1,"Norte",13001,"Rio Negro",119734,6667.95950774216,15,38,19,19,20,18,0,0,0,0,0,38,19,19,20,18,13,8.80506917122809,11.6930278946553,0.407120540125824,2020-04-13,2020,4
"437","AM",1,"Norte",13001,"Rio Negro",119734,6667.95950774216,16,43,22,21,17,26,2,0,0,0,0,45,22,21,17,26,9,8.80506917122809,11.6930278946553,0.444438624752838,2020-04-20,2020,4
"438","AM",1,"Norte",13001,"Rio Negro",119734,6667.95950774216,17,43,25,18,20,23,0,0,0,0,0,43,25,18,20,23,17,8.80506917122809,11.6930278946553,0.48702349178386,2020-04-27,2020,4
"439","AM",1,"Norte",13001,"Rio Negro",119734,6667.95950774216,18,41,18,23,23,18,0,0,0,0,0,41,18,23,23,18,27,8.80506917122809,11.6930278946553,0.475741798429062,2020-05-04,2020,5
"440","AM",1,"Norte",13001,"Rio Negro",119734,6667.95950774216,19,32,22,10,19,13,0,0,0,0,0,32,22,10,19,13,21,8.80506917122809,11.6930278946553,0.501776861138067,2020-05-11,2020,5
"441","AM",1,"Norte",13001,"Rio Negro",119734,6667.95950774216,20,44,27,17,20,24,0,0,0,0,0,44,27,17,20,24,25,8.80506917122809,11.6930278946553,0.457445388117379,2020-05-18,2020,5
"442","AM",1,"Norte",13001,"Rio Negro",119734,6667.95950774216,21,43,16,27,28,15,1,0,0,0,0,44,16,27,28,15,16,8.80506917122809,11.6930278946553,0.456582817906204,2020-05-25,2020,5
"443","AM",1,"Norte",13001,"Rio Negro",119734,6667.95950774216,22,50,20,30,29,21,1,0,0,0,0,51,20,30,29,21,15,8.80506917122809,11.6930278946553,0.411813445356961,2020-06-01,2020,6
"444","AM",1,"Norte",13001,"Rio Negro",119734,6667.95950774216,23,36,18,18,11,25,0,0,0,0,0,36,18,18,11,25,17,8.80506917122809,11.6930278946553,0.416128032847668,2020-06-08,2020,6
"445","AM",1,"Norte",13001,"Rio Negro",119734,6667.95950774216,24,49,25,24,29,20,0,0,0,0,0,49,25,24,29,20,24,8.80506917122809,11.6930278946553,0.380883863589556,2020-06-15,2020,6
"446","AM",1,"Norte",13001,"Rio Negro",119734,6667.95950774216,25,59,29,30,33,26,0,0,0,0,0,59,29,30,33,26,12,8.80506917122809,11.6930278946553,0.386039185131167,2020-06-22,2020,6
"447","AM",1,"Norte",13001,"Rio Negro",119734,6667.95950774216,26,52,29,23,28,24,1,0,0,0,0,53,29,23,28,24,9,8.80506917122809,11.6930278946553,0.387636213433004,2020-06-29,2020,6
"448","AM",1,"Norte",13001,"Rio Negro",119734,6667.95950774216,27,49,27,22,26,23,0,0,0,0,0,49,27,22,26,23,14,8.80506917122809,11.6930278946553,0.37253585698571,2020-07-06,2020,7
"449","AM",1,"Norte",13001,"Rio Negro",119734,6667.95950774216,28,35,16,19,16,19,1,0,0,0,0,36,16,19,16,19,6,8.80506917122809,11.6930278946553,0.346259326725726,2020-07-13,2020,7
"450","AM",1,"Norte",13001,"Rio Negro",119734,6667.95950774216,29,37,21,16,22,15,0,0,0,0,0,37,21,16,22,15,7,8.80506917122809,11.6930278946553,0.383245064524847,2020-07-20,2020,7
"451","AM",1,"Norte",13003,"Alto Solimões",254355,8124.70532106701,5,121,55,66,63,58,3,0,0,0,0,124,55,66,63,58,21,9.00266473836386,12.4464862080093,0.338878594743115,2020-02-03,2020,2
"452","AM",1,"Norte",13003,"Alto Solimões",254355,8124.70532106701,6,122,58,64,69,53,2,0,0,0,0,124,58,64,69,53,21,9.00266473836386,12.4464862080093,0.299881458201053,2020-02-10,2020,2
"453","AM",1,"Norte",13003,"Alto Solimões",254355,8124.70532106701,7,114,46,68,68,46,1,0,0,0,0,115,46,68,68,46,18,9.00266473836386,12.4464862080093,0.311830227673436,2020-02-17,2020,2
"454","AM",1,"Norte",13003,"Alto Solimões",254355,8124.70532106701,8,119,53,66,66,53,1,0,0,0,0,120,53,66,66,53,28,9.00266473836386,12.4464862080093,0.351810381432394,2020-02-24,2020,2
"455","AM",1,"Norte",13003,"Alto Solimões",254355,8124.70532106701,9,122,49,73,59,63,4,0,0,0,0,126,49,73,59,63,13,9.00266473836386,12.4464862080093,0.32955092385101,2020-03-02,2020,3
"456","AM",1,"Norte",13003,"Alto Solimões",254355,8124.70532106701,10,103,53,50,55,48,2,0,0,0,0,105,53,50,55,48,8,9.00266473836386,12.4464862080093,0.349586310470863,2020-03-09,2020,3
"457","AM",1,"Norte",13003,"Alto Solimões",254355,8124.70532106701,11,97,44,53,62,35,1,0,0,0,0,98,44,53,62,35,20,9.00266473836386,12.4464862080093,0.412462056955449,2020-03-16,2020,3
"458","AM",1,"Norte",13003,"Alto Solimões",254355,8124.70532106701,12,94,42,52,56,38,2,0,0,0,0,96,42,52,56,38,16,9.00266473836386,12.4464862080093,0.507883878489122,2020-03-23,2020,3
"459","AM",1,"Norte",13003,"Alto Solimões",254355,8124.70532106701,13,82,48,34,47,35,2,0,0,0,0,84,48,34,47,35,16,9.00266473836386,12.4464862080093,0.468395091035147,2020-03-30,2020,3
"460","AM",1,"Norte",13003,"Alto Solimões",254355,8124.70532106701,14,101,49,52,46,55,1,0,0,0,0,102,49,52,46,55,17,9.00266473836386,12.4464862080093,0.461411616183823,2020-04-06,2020,4
"461","AM",1,"Norte",13003,"Alto Solimões",254355,8124.70532106701,15,91,47,44,47,44,1,0,0,0,0,92,47,44,47,44,19,9.00266473836386,12.4464862080093,0.481892562263101,2020-04-13,2020,4
"462","AM",1,"Norte",13003,"Alto Solimões",254355,8124.70532106701,16,78,36,42,46,32,0,0,0,0,0,78,36,42,46,32,32,9.00266473836386,12.4464862080093,0.520613167621019,2020-04-20,2020,4
"463","AM",1,"Norte",13003,"Alto Solimões",254355,8124.70532106701,17,127,55,72,83,44,0,0,0,0,0,127,55,72,83,44,63,9.00266473836386,12.4464862080093,0.538953591670264,2020-04-27,2020,4
"464","AM",1,"Norte",13003,"Alto Solimões",254355,8124.70532106701,18,133,65,68,71,62,2,0,0,0,0,135,65,68,71,62,71,9.00266473836386,12.4464862080093,0.517703400332391,2020-05-04,2020,5
"465","AM",1,"Norte",13003,"Alto Solimões",254355,8124.70532106701,19,124,62,62,60,64,3,0,0,0,0,127,62,62,60,64,66,9.00266473836386,12.4464862080093,0.521470491311867,2020-05-11,2020,5
"466","AM",1,"Norte",13003,"Alto Solimões",254355,8124.70532106701,20,126,57,69,79,47,0,0,0,0,0,126,57,69,79,47,55,9.00266473836386,12.4464862080093,0.4849265463286,2020-05-18,2020,5
"467","AM",1,"Norte",13003,"Alto Solimões",254355,8124.70532106701,21,124,52,72,64,60,4,0,0,0,0,128,52,72,64,60,46,9.00266473836386,12.4464862080093,0.475080539177281,2020-05-25,2020,5
"468","AM",1,"Norte",13003,"Alto Solimões",254355,8124.70532106701,22,141,64,77,78,63,1,0,0,0,0,142,64,77,78,63,36,9.00266473836386,12.4464862080093,0.441092223809742,2020-06-01,2020,6
"469","AM",1,"Norte",13003,"Alto Solimões",254355,8124.70532106701,23,134,63,71,82,52,1,0,0,0,0,135,63,71,82,52,25,9.00266473836386,12.4464862080093,0.433592523310922,2020-06-08,2020,6
"470","AM",1,"Norte",13003,"Alto Solimões",254355,8124.70532106701,24,120,61,59,65,55,1,0,0,0,0,121,61,59,65,55,18,9.00266473836386,12.4464862080093,0.421133913222041,2020-06-15,2020,6
"471","AM",1,"Norte",13003,"Alto Solimões",254355,8124.70532106701,25,110,46,64,59,51,2,0,0,0,0,112,46,64,59,51,18,9.00266473836386,12.4464862080093,0.418792029505613,2020-06-22,2020,6
"472","AM",1,"Norte",13003,"Alto Solimões",254355,8124.70532106701,26,133,60,73,72,61,1,0,0,0,0,134,60,73,72,61,25,9.00266473836386,12.4464862080093,0.402803590469579,2020-06-29,2020,6
"473","AM",1,"Norte",13003,"Alto Solimões",254355,8124.70532106701,27,144,57,87,72,72,4,0,0,0,0,148,57,87,72,72,21,9.00266473836386,12.4464862080093,0.414511158739513,2020-07-06,2020,7
"474","AM",1,"Norte",13003,"Alto Solimões",254355,8124.70532106701,28,127,49,78,65,62,2,0,0,0,0,129,49,78,65,62,27,9.00266473836386,12.4464862080093,0.39645226919754,2020-07-13,2020,7
"475","AM",1,"Norte",13003,"Alto Solimões",254355,8124.70532106701,29,133,54,79,72,61,4,0,0,0,0,137,54,79,72,61,15,9.00266473836386,12.4464862080093,0.426198076344752,2020-07-20,2020,7
"476","AM",1,"Norte",13005,"Tefé",89457,14425.5955547358,5,60,25,35,35,25,0,0,0,0,0,60,25,35,35,25,8,9.57675937681422,11.401513341884,0.314149653233963,2020-02-03,2020,2
"477","AM",1,"Norte",13005,"Tefé",89457,14425.5955547358,6,56,32,24,36,20,0,0,0,0,0,56,32,24,36,20,4,9.57675937681422,11.401513341884,0.291514597350474,2020-02-10,2020,2
"478","AM",1,"Norte",13005,"Tefé",89457,14425.5955547358,7,46,17,29,28,18,0,0,0,0,0,46,17,29,28,18,2,9.57675937681422,11.401513341884,0.324474640206138,2020-02-17,2020,2
"479","AM",1,"Norte",13005,"Tefé",89457,14425.5955547358,8,41,19,22,24,17,1,0,0,0,0,42,19,22,24,17,7,9.57675937681422,11.401513341884,0.337467268162884,2020-02-24,2020,2
"480","AM",1,"Norte",13005,"Tefé",89457,14425.5955547358,9,55,25,30,31,24,2,0,0,0,0,57,25,30,31,24,3,9.57675937681422,11.401513341884,0.313257462175413,2020-03-02,2020,3
"481","AM",1,"Norte",13005,"Tefé",89457,14425.5955547358,10,41,15,26,28,13,0,0,0,0,0,41,15,26,28,13,4,9.57675937681422,11.401513341884,0.328166645277148,2020-03-09,2020,3
"482","AM",1,"Norte",13005,"Tefé",89457,14425.5955547358,11,58,29,29,41,17,0,0,0,0,0,58,29,29,41,17,8,9.57675937681422,11.401513341884,0.395611268619238,2020-03-16,2020,3
"483","AM",1,"Norte",13005,"Tefé",89457,14425.5955547358,12,50,28,22,36,14,0,0,0,0,0,50,28,22,36,14,3,9.57675937681422,11.401513341884,0.490753891619416,2020-03-23,2020,3
"484","AM",1,"Norte",13005,"Tefé",89457,14425.5955547358,13,37,20,17,21,16,1,0,0,0,0,38,20,17,21,16,10,9.57675937681422,11.401513341884,0.466801420738346,2020-03-30,2020,3
"485","AM",1,"Norte",13005,"Tefé",89457,14425.5955547358,14,46,26,20,28,18,0,0,0,0,0,46,26,20,28,18,11,9.57675937681422,11.401513341884,0.49946469843119,2020-04-06,2020,4
"486","AM",1,"Norte",13005,"Tefé",89457,14425.5955547358,15,34,18,16,25,9,0,0,0,0,0,34,18,16,25,9,7,9.57675937681422,11.401513341884,0.509412167364333,2020-04-13,2020,4
"487","AM",1,"Norte",13005,"Tefé",89457,14425.5955547358,16,46,21,25,28,18,0,0,0,0,0,46,21,25,28,18,12,9.57675937681422,11.401513341884,0.491830595791619,2020-04-20,2020,4
"488","AM",1,"Norte",13005,"Tefé",89457,14425.5955547358,17,39,22,17,28,11,3,0,0,0,0,42,22,17,28,11,21,9.57675937681422,11.401513341884,0.513977371404532,2020-04-27,2020,4
"489","AM",1,"Norte",13005,"Tefé",89457,14425.5955547358,18,49,21,28,31,18,1,0,0,0,0,50,21,28,31,18,25,9.57675937681422,11.401513341884,0.495327930822381,2020-05-04,2020,5
"490","AM",1,"Norte",13005,"Tefé",89457,14425.5955547358,19,65,27,38,39,26,0,0,0,0,0,65,27,38,39,26,33,9.57675937681422,11.401513341884,0.520773645925721,2020-05-11,2020,5
"491","AM",1,"Norte",13005,"Tefé",89457,14425.5955547358,20,52,23,29,31,21,1,0,0,0,0,53,23,29,31,21,23,9.57675937681422,11.401513341884,0.478184985693483,2020-05-18,2020,5
"492","AM",1,"Norte",13005,"Tefé",89457,14425.5955547358,21,49,23,26,37,12,1,0,0,0,0,50,23,26,37,12,17,9.57675937681422,11.401513341884,0.462716036809313,2020-05-25,2020,5
"493","AM",1,"Norte",13005,"Tefé",89457,14425.5955547358,22,53,21,32,34,19,0,0,0,0,0,53,21,32,34,19,16,9.57675937681422,11.401513341884,0.412235344627077,2020-06-01,2020,6
"494","AM",1,"Norte",13005,"Tefé",89457,14425.5955547358,23,69,28,41,34,35,2,0,0,0,0,71,28,41,34,35,19,9.57675937681422,11.401513341884,0.438317987863394,2020-06-08,2020,6
"495","AM",1,"Norte",13005,"Tefé",89457,14425.5955547358,24,66,30,36,42,24,0,0,0,0,0,66,30,36,42,24,16,9.57675937681422,11.401513341884,0.417409923831647,2020-06-15,2020,6
"496","AM",1,"Norte",13005,"Tefé",89457,14425.5955547358,25,50,21,29,30,20,0,0,0,0,0,50,21,29,30,20,6,9.57675937681422,11.401513341884,0.400467876680694,2020-06-22,2020,6
"497","AM",1,"Norte",13005,"Tefé",89457,14425.5955547358,26,45,15,30,31,14,0,0,0,0,0,45,15,30,31,14,10,9.57675937681422,11.401513341884,0.410699034479356,2020-06-29,2020,6
"498","AM",1,"Norte",13005,"Tefé",89457,14425.5955547358,27,68,27,41,40,28,0,0,0,0,0,68,27,41,40,28,8,9.57675937681422,11.401513341884,0.421861320057057,2020-07-06,2020,7
"499","AM",1,"Norte",13005,"Tefé",89457,14425.5955547358,28,61,29,32,40,21,0,0,0,0,0,61,29,32,40,21,9,9.57675937681422,11.401513341884,0.427904288689056,2020-07-13,2020,7
"500","AM",1,"Norte",13005,"Tefé",89457,14425.5955547358,29,48,21,27,30,18,4,0,0,0,0,52,21,27,30,18,11,9.57675937681422,11.401513341884,0.416582837690339,2020-07-20,2020,7
"501","AM",1,"Norte",13006,"Coari",183887,17645.4382085737,5,57,27,30,35,22,0,0,0,0,0,57,27,30,35,22,12,9.77823257051756,12.122076717501,0.319875536369535,2020-02-03,2020,2
"502","AM",1,"Norte",13006,"Coari",183887,17645.4382085737,6,55,32,23,31,24,0,0,0,0,0,55,32,23,31,24,13,9.77823257051756,12.122076717501,0.310799913154874,2020-02-10,2020,2
"503","AM",1,"Norte",13006,"Coari",183887,17645.4382085737,7,59,26,33,34,25,0,0,0,0,0,59,26,33,34,25,11,9.77823257051756,12.122076717501,0.317375631146649,2020-02-17,2020,2
"504","AM",1,"Norte",13006,"Coari",183887,17645.4382085737,8,65,34,31,41,24,0,0,0,0,0,65,34,31,41,24,6,9.77823257051756,12.122076717501,0.371468647223137,2020-02-24,2020,2
"505","AM",1,"Norte",13006,"Coari",183887,17645.4382085737,9,61,28,33,33,28,2,0,0,0,0,63,28,33,33,28,9,9.77823257051756,12.122076717501,0.339031705492193,2020-03-02,2020,3
"506","AM",1,"Norte",13006,"Coari",183887,17645.4382085737,10,46,23,23,29,17,0,0,0,0,0,46,23,23,29,17,16,9.77823257051756,12.122076717501,0.352484070785971,2020-03-09,2020,3
"507","AM",1,"Norte",13006,"Coari",183887,17645.4382085737,11,53,22,31,33,20,1,0,0,0,0,54,22,31,33,20,8,9.77823257051756,12.122076717501,0.399471677042951,2020-03-16,2020,3
"508","AM",1,"Norte",13006,"Coari",183887,17645.4382085737,12,59,25,34,32,27,1,0,0,0,0,60,25,34,32,27,7,9.77823257051756,12.122076717501,0.490853670728505,2020-03-23,2020,3
"509","AM",1,"Norte",13006,"Coari",183887,17645.4382085737,13,49,26,23,31,18,1,0,0,0,0,50,26,23,31,18,12,9.77823257051756,12.122076717501,0.458825998068707,2020-03-30,2020,3
"510","AM",1,"Norte",13006,"Coari",183887,17645.4382085737,14,47,20,27,28,19,0,0,0,0,0,47,20,27,28,19,16,9.77823257051756,12.122076717501,0.46730293385917,2020-04-06,2020,4
"511","AM",1,"Norte",13006,"Coari",183887,17645.4382085737,15,71,32,39,46,25,0,0,0,0,0,71,32,39,46,25,11,9.77823257051756,12.122076717501,0.470432260474949,2020-04-13,2020,4
"512","AM",1,"Norte",13006,"Coari",183887,17645.4382085737,16,58,32,26,36,22,3,0,0,0,0,61,32,26,36,22,24,9.77823257051756,12.122076717501,0.478759981721663,2020-04-20,2020,4
"513","AM",1,"Norte",13006,"Coari",183887,17645.4382085737,17,61,29,32,38,23,1,0,0,0,0,62,29,32,38,23,29,9.77823257051756,12.122076717501,0.483072107104292,2020-04-27,2020,4
"514","AM",1,"Norte",13006,"Coari",183887,17645.4382085737,18,44,16,28,26,18,1,0,0,0,0,45,16,28,26,18,50,9.77823257051756,12.122076717501,0.49444905599583,2020-05-04,2020,5
"515","AM",1,"Norte",13006,"Coari",183887,17645.4382085737,19,67,26,41,43,24,1,0,0,0,0,68,26,41,43,24,29,9.77823257051756,12.122076717501,0.511518385141721,2020-05-11,2020,5
"516","AM",1,"Norte",13006,"Coari",183887,17645.4382085737,20,79,44,35,49,30,1,0,0,0,0,80,44,35,49,30,35,9.77823257051756,12.122076717501,0.493259054341866,2020-05-18,2020,5
"517","AM",1,"Norte",13006,"Coari",183887,17645.4382085737,21,47,22,25,30,17,0,0,0,0,0,47,22,25,30,17,21,9.77823257051756,12.122076717501,0.452593594495884,2020-05-25,2020,5
"518","AM",1,"Norte",13006,"Coari",183887,17645.4382085737,22,71,28,43,47,24,1,0,0,0,0,72,28,43,47,24,27,9.77823257051756,12.122076717501,0.43947046167901,2020-06-01,2020,6
"519","AM",1,"Norte",13006,"Coari",183887,17645.4382085737,23,62,27,35,36,26,2,0,0,0,0,64,27,35,36,26,15,9.77823257051756,12.122076717501,0.440313931462569,2020-06-08,2020,6
"520","AM",1,"Norte",13006,"Coari",183887,17645.4382085737,24,69,32,37,41,28,2,0,0,0,0,71,32,37,41,28,12,9.77823257051756,12.122076717501,0.413150703112757,2020-06-15,2020,6
"521","AM",1,"Norte",13006,"Coari",183887,17645.4382085737,25,74,34,40,40,34,1,0,0,0,0,75,34,40,40,34,12,9.77823257051756,12.122076717501,0.42832053017836,2020-06-22,2020,6
"522","AM",1,"Norte",13006,"Coari",183887,17645.4382085737,26,52,23,29,32,20,2,0,0,0,0,54,23,29,32,20,15,9.77823257051756,12.122076717501,0.422138938695922,2020-06-29,2020,6
"523","AM",1,"Norte",13006,"Coari",183887,17645.4382085737,27,60,34,26,39,21,1,0,0,0,0,61,34,26,39,21,10,9.77823257051756,12.122076717501,0.446132748668064,2020-07-06,2020,7
"524","AM",1,"Norte",13006,"Coari",183887,17645.4382085737,28,58,31,27,32,26,2,0,0,0,0,60,31,27,32,26,12,9.77823257051756,12.122076717501,0.444088272358349,2020-07-13,2020,7
"525","AM",1,"Norte",13006,"Coari",183887,17645.4382085737,29,65,31,34,37,28,1,0,0,0,0,66,31,34,37,28,14,9.77823257051756,12.122076717501,0.455623245564963,2020-07-20,2020,7
"526","AM",1,"Norte",13007,"Manaus",2509626,33627.4858461221,5,833,226,607,363,470,6,0,0,0,0,839,226,607,363,470,251,10.4230990426808,14.7356442960217,0.310640910244477,2020-02-03,2020,2
"527","AM",1,"Norte",13007,"Manaus",2509626,33627.4858461221,6,767,184,583,365,402,7,0,0,0,0,774,184,583,365,402,273,10.4230990426808,14.7356442960217,0.308322326443744,2020-02-10,2020,2
"528","AM",1,"Norte",13007,"Manaus",2509626,33627.4858461221,7,797,185,612,361,436,6,0,0,0,0,803,185,612,361,436,219,10.4230990426808,14.7356442960217,0.323388208207684,2020-02-17,2020,2
"529","AM",1,"Norte",13007,"Manaus",2509626,33627.4858461221,8,819,212,607,377,442,10,0,0,0,0,829,212,607,377,442,227,10.4230990426808,14.7356442960217,0.373161743687169,2020-02-24,2020,2
"530","AM",1,"Norte",13007,"Manaus",2509626,33627.4858461221,9,756,186,570,349,407,15,0,0,0,0,771,186,570,349,407,235,10.4230990426808,14.7356442960217,0.34967313998835,2020-03-02,2020,3
"531","AM",1,"Norte",13007,"Manaus",2509626,33627.4858461221,10,768,164,604,349,419,3,0,0,0,0,771,164,604,349,419,255,10.4230990426808,14.7356442960217,0.368985555150016,2020-03-09,2020,3
"532","AM",1,"Norte",13007,"Manaus",2509626,33627.4858461221,11,817,209,608,354,463,10,0,0,0,0,827,209,608,354,463,235,10.4230990426808,14.7356442960217,0.423515724234126,2020-03-16,2020,3
"533","AM",1,"Norte",13007,"Manaus",2509626,33627.4858461221,12,700,161,539,345,355,8,0,0,0,0,708,161,539,345,355,240,10.4230990426808,14.7356442960217,0.531891851138087,2020-03-23,2020,3
"534","AM",1,"Norte",13007,"Manaus",2509626,33627.4858461221,13,659,142,517,288,371,6,0,0,0,0,665,142,517,288,371,294,10.4230990426808,14.7356442960217,0.515444414840887,2020-03-30,2020,3
"535","AM",1,"Norte",13007,"Manaus",2509626,33627.4858461221,14,690,171,519,331,359,5,0,0,0,0,695,171,519,331,359,428,10.4230990426808,14.7356442960217,0.544534593729627,2020-04-06,2020,4
"536","AM",1,"Norte",13007,"Manaus",2509626,33627.4858461221,15,699,180,519,304,395,7,0,0,0,0,706,180,519,304,395,813,10.4230990426808,14.7356442960217,0.528801769785691,2020-04-13,2020,4
"537","AM",1,"Norte",13007,"Manaus",2509626,33627.4858461221,16,775,197,578,345,430,13,0,0,0,0,788,197,578,345,430,1067,10.4230990426808,14.7356442960217,0.535381990692626,2020-04-20,2020,4
"538","AM",1,"Norte",13007,"Manaus",2509626,33627.4858461221,17,826,208,618,367,459,11,0,0,0,0,837,208,618,367,459,1000,10.4230990426808,14.7356442960217,0.507080433759016,2020-04-27,2020,4
"539","AM",1,"Norte",13007,"Manaus",2509626,33627.4858461221,18,810,203,607,377,433,7,0,0,0,0,817,203,607,377,433,736,10.4230990426808,14.7356442960217,0.483576432483094,2020-05-04,2020,5
"540","AM",1,"Norte",13007,"Manaus",2509626,33627.4858461221,19,724,155,569,333,391,8,0,0,0,0,732,155,569,333,391,549,10.4230990426808,14.7356442960217,0.493338851669114,2020-05-11,2020,5
"541","AM",1,"Norte",13007,"Manaus",2509626,33627.4858461221,20,790,176,614,351,439,11,0,0,0,0,801,176,614,351,439,420,10.4230990426808,14.7356442960217,0.472937723157335,2020-05-18,2020,5
"542","AM",1,"Norte",13007,"Manaus",2509626,33627.4858461221,21,825,213,612,357,468,15,0,0,0,0,840,213,612,357,468,350,10.4230990426808,14.7356442960217,0.448978496800958,2020-05-25,2020,5
"543","AM",1,"Norte",13007,"Manaus",2509626,33627.4858461221,22,898,222,676,392,506,14,0,0,0,0,912,222,676,392,506,300,10.4230990426808,14.7356442960217,0.427229249571478,2020-06-01,2020,6
"544","AM",1,"Norte",13007,"Manaus",2509626,33627.4858461221,23,832,206,626,396,436,8,0,0,0,0,840,206,626,396,436,281,10.4230990426808,14.7356442960217,0.427151455894644,2020-06-08,2020,6
"545","AM",1,"Norte",13007,"Manaus",2509626,33627.4858461221,24,763,184,579,354,409,7,0,0,0,0,770,184,579,354,409,271,10.4230990426808,14.7356442960217,0.409278921297429,2020-06-15,2020,6
"546","AM",1,"Norte",13007,"Manaus",2509626,33627.4858461221,25,736,179,557,318,418,9,0,0,0,0,745,179,557,318,418,254,10.4230990426808,14.7356442960217,0.417957526093086,2020-06-22,2020,6
"547","AM",1,"Norte",13007,"Manaus",2509626,33627.4858461221,26,807,168,639,373,434,14,0,0,0,0,821,168,639,373,434,224,10.4230990426808,14.7356442960217,0.415546938901166,2020-06-29,2020,6
"548","AM",1,"Norte",13007,"Manaus",2509626,33627.4858461221,27,767,193,574,320,447,10,0,0,0,0,777,193,574,320,447,233,10.4230990426808,14.7356442960217,0.414918139617689,2020-07-06,2020,7
"549","AM",1,"Norte",13007,"Manaus",2509626,33627.4858461221,28,781,177,604,368,413,3,0,0,0,0,784,177,604,368,413,260,10.4230990426808,14.7356442960217,0.415117428633588,2020-07-13,2020,7
"550","AM",1,"Norte",13007,"Manaus",2509626,33627.4858461221,29,827,223,604,360,467,11,0,0,0,0,838,223,604,360,467,254,10.4230990426808,14.7356442960217,0.420328908524862,2020-07-20,2020,7
"551","AM",1,"Norte",13008,"Rio Preto da Eva",71299,17765.7295445939,5,16,9,7,12,4,1,0,0,0,0,17,9,7,12,4,4,9.78502657401181,11.1746375810586,0.286187803599186,2020-02-03,2020,2
"552","AM",1,"Norte",13008,"Rio Preto da Eva",71299,17765.7295445939,6,16,6,10,7,9,0,0,0,0,0,16,6,10,7,9,6,9.78502657401181,11.1746375810586,0.28970979823156,2020-02-10,2020,2
"553","AM",1,"Norte",13008,"Rio Preto da Eva",71299,17765.7295445939,7,23,6,17,8,15,1,0,0,0,0,24,6,17,8,15,6,9.78502657401181,11.1746375810586,0.292492844844857,2020-02-17,2020,2
"554","AM",1,"Norte",13008,"Rio Preto da Eva",71299,17765.7295445939,8,14,7,7,8,6,1,0,0,0,0,15,7,7,8,6,3,9.78502657401181,11.1746375810586,0.345902989740584,2020-02-24,2020,2
"555","AM",1,"Norte",13008,"Rio Preto da Eva",71299,17765.7295445939,9,21,7,14,10,11,0,0,0,0,0,21,7,14,10,11,3,9.78502657401181,11.1746375810586,0.314840485056883,2020-03-02,2020,3
"556","AM",1,"Norte",13008,"Rio Preto da Eva",71299,17765.7295445939,10,18,7,11,11,7,0,0,0,0,0,18,7,11,11,7,1,9.78502657401181,11.1746375810586,0.331854933607938,2020-03-09,2020,3
"557","AM",1,"Norte",13008,"Rio Preto da Eva",71299,17765.7295445939,11,11,8,3,6,5,0,0,0,0,0,11,8,3,6,5,1,9.78502657401181,11.1746375810586,0.388183517540379,2020-03-16,2020,3
"558","AM",1,"Norte",13008,"Rio Preto da Eva",71299,17765.7295445939,12,16,5,11,8,8,0,0,0,0,0,16,5,11,8,8,4,9.78502657401181,11.1746375810586,0.493109470760495,2020-03-23,2020,3
"559","AM",1,"Norte",13008,"Rio Preto da Eva",71299,17765.7295445939,13,16,5,11,8,8,0,0,0,0,0,16,5,11,8,8,8,9.78502657401181,11.1746375810586,0.457254762623589,2020-03-30,2020,3
"560","AM",1,"Norte",13008,"Rio Preto da Eva",71299,17765.7295445939,14,24,10,14,10,14,0,0,0,0,0,24,10,14,10,14,8,9.78502657401181,11.1746375810586,0.482971519012433,2020-04-06,2020,4
"561","AM",1,"Norte",13008,"Rio Preto da Eva",71299,17765.7295445939,15,22,6,16,13,9,0,0,0,0,0,22,6,16,13,9,5,9.78502657401181,11.1746375810586,0.449891664365852,2020-04-13,2020,4
"562","AM",1,"Norte",13008,"Rio Preto da Eva",71299,17765.7295445939,16,15,7,8,10,5,0,0,0,0,0,15,7,8,10,5,13,9.78502657401181,11.1746375810586,0.464190791724672,2020-04-20,2020,4
"563","AM",1,"Norte",13008,"Rio Preto da Eva",71299,17765.7295445939,17,16,4,12,10,6,0,0,0,0,0,16,4,12,10,6,8,9.78502657401181,11.1746375810586,0.462234163336389,2020-04-27,2020,4
"564","AM",1,"Norte",13008,"Rio Preto da Eva",71299,17765.7295445939,18,18,4,14,8,10,0,0,0,0,0,18,4,14,8,10,14,9.78502657401181,11.1746375810586,0.478797604076665,2020-05-04,2020,5
"565","AM",1,"Norte",13008,"Rio Preto da Eva",71299,17765.7295445939,19,16,6,10,10,6,1,0,0,0,0,17,6,10,10,6,8,9.78502657401181,11.1746375810586,0.479730302535713,2020-05-11,2020,5
"566","AM",1,"Norte",13008,"Rio Preto da Eva",71299,17765.7295445939,20,22,7,15,14,8,0,0,0,0,0,22,7,15,14,8,7,9.78502657401181,11.1746375810586,0.460584692470388,2020-05-18,2020,5
"567","AM",1,"Norte",13008,"Rio Preto da Eva",71299,17765.7295445939,21,20,8,12,10,10,1,0,0,0,0,21,8,12,10,10,5,9.78502657401181,11.1746375810586,0.443044414289777,2020-05-25,2020,5
"568","AM",1,"Norte",13008,"Rio Preto da Eva",71299,17765.7295445939,22,23,9,14,13,10,1,0,0,0,0,24,9,14,13,10,8,9.78502657401181,11.1746375810586,0.406171567791445,2020-06-01,2020,6
"569","AM",1,"Norte",13008,"Rio Preto da Eva",71299,17765.7295445939,23,14,5,9,7,7,1,0,0,0,0,15,5,9,7,7,5,9.78502657401181,11.1746375810586,0.421997624009511,2020-06-08,2020,6
"570","AM",1,"Norte",13008,"Rio Preto da Eva",71299,17765.7295445939,24,21,8,13,8,13,0,0,0,0,0,21,8,13,8,13,7,9.78502657401181,11.1746375810586,0.399274679473702,2020-06-15,2020,6
"571","AM",1,"Norte",13008,"Rio Preto da Eva",71299,17765.7295445939,25,20,8,12,7,13,0,0,0,0,0,20,8,12,7,13,7,9.78502657401181,11.1746375810586,0.400640312600448,2020-06-22,2020,6
"572","AM",1,"Norte",13008,"Rio Preto da Eva",71299,17765.7295445939,26,25,8,17,13,12,1,0,0,0,0,26,8,17,13,12,3,9.78502657401181,11.1746375810586,0.41720439895489,2020-06-29,2020,6
"573","AM",1,"Norte",13008,"Rio Preto da Eva",71299,17765.7295445939,27,17,8,9,12,5,0,0,0,0,0,17,8,9,12,5,4,9.78502657401181,11.1746375810586,0.417104237742675,2020-07-06,2020,7
"574","AM",1,"Norte",13008,"Rio Preto da Eva",71299,17765.7295445939,28,19,8,11,10,9,0,0,0,0,0,19,8,11,10,9,2,9.78502657401181,11.1746375810586,0.408673637475925,2020-07-13,2020,7
"575","AM",1,"Norte",13008,"Rio Preto da Eva",71299,17765.7295445939,29,14,4,10,6,8,0,0,0,0,0,14,4,10,6,8,6,9.78502657401181,11.1746375810586,0.418524257562457,2020-07-20,2020,7
"576","AM",1,"Norte",13009,"Itacoatiara",182772,14099.0384033112,5,60,19,41,31,29,0,0,0,0,0,60,19,41,31,29,12,9.55386187569393,12.1159947534035,0.272832971474392,2020-02-03,2020,2
"577","AM",1,"Norte",13009,"Itacoatiara",182772,14099.0384033112,6,70,23,47,34,36,0,0,0,0,0,70,23,47,34,36,18,9.55386187569393,12.1159947534035,0.2763079954379,2020-02-10,2020,2
"578","AM",1,"Norte",13009,"Itacoatiara",182772,14099.0384033112,7,60,15,45,32,28,2,0,0,0,0,62,15,45,32,28,11,9.55386187569393,12.1159947534035,0.28293035317458,2020-02-17,2020,2
"579","AM",1,"Norte",13009,"Itacoatiara",182772,14099.0384033112,8,56,26,30,26,30,0,0,0,0,0,56,26,30,26,30,17,9.55386187569393,12.1159947534035,0.329915644545722,2020-02-24,2020,2
"580","AM",1,"Norte",13009,"Itacoatiara",182772,14099.0384033112,9,79,22,57,41,38,1,0,0,0,0,80,22,57,41,38,11,9.55386187569393,12.1159947534035,0.307441042472172,2020-03-02,2020,3
"581","AM",1,"Norte",13009,"Itacoatiara",182772,14099.0384033112,10,55,15,40,21,34,1,0,0,0,0,56,15,40,21,34,17,9.55386187569393,12.1159947534035,0.331617486981772,2020-03-09,2020,3
"582","AM",1,"Norte",13009,"Itacoatiara",182772,14099.0384033112,11,63,21,42,31,32,1,0,0,0,0,64,21,42,31,32,13,9.55386187569393,12.1159947534035,0.385994711559483,2020-03-16,2020,3
"583","AM",1,"Norte",13009,"Itacoatiara",182772,14099.0384033112,12,61,27,34,34,27,0,0,0,0,0,61,27,34,34,27,9,9.55386187569393,12.1159947534035,0.4774960838089,2020-03-23,2020,3
"584","AM",1,"Norte",13009,"Itacoatiara",182772,14099.0384033112,13,34,15,19,19,15,0,0,0,0,0,34,15,19,19,15,13,9.55386187569393,12.1159947534035,0.451321382335996,2020-03-30,2020,3
"585","AM",1,"Norte",13009,"Itacoatiara",182772,14099.0384033112,14,52,21,31,34,18,1,0,0,0,0,53,21,31,34,18,13,9.55386187569393,12.1159947534035,0.476465801720875,2020-04-06,2020,4
"586","AM",1,"Norte",13009,"Itacoatiara",182772,14099.0384033112,15,50,13,37,25,25,0,0,0,0,0,50,13,37,25,25,19,9.55386187569393,12.1159947534035,0.450153073014889,2020-04-13,2020,4
"587","AM",1,"Norte",13009,"Itacoatiara",182772,14099.0384033112,16,61,22,39,34,27,1,0,0,0,0,62,22,39,34,27,25,9.55386187569393,12.1159947534035,0.461472480161409,2020-04-20,2020,4
"588","AM",1,"Norte",13009,"Itacoatiara",182772,14099.0384033112,17,62,15,47,32,30,1,0,0,0,0,63,15,47,32,30,26,9.55386187569393,12.1159947534035,0.454003135649589,2020-04-27,2020,4
"589","AM",1,"Norte",13009,"Itacoatiara",182772,14099.0384033112,18,49,17,32,31,18,1,0,0,0,0,50,17,32,31,18,34,9.55386187569393,12.1159947534035,0.457612210541247,2020-05-04,2020,5
"590","AM",1,"Norte",13009,"Itacoatiara",182772,14099.0384033112,19,60,19,41,30,30,0,0,0,0,0,60,19,41,30,30,42,9.55386187569393,12.1159947534035,0.471494323389127,2020-05-11,2020,5
"591","AM",1,"Norte",13009,"Itacoatiara",182772,14099.0384033112,20,65,27,38,36,29,4,0,0,0,0,69,27,38,36,29,38,9.55386187569393,12.1159947534035,0.450124015290364,2020-05-18,2020,5
"592","AM",1,"Norte",13009,"Itacoatiara",182772,14099.0384033112,21,67,27,40,39,28,0,0,0,0,0,67,27,40,39,28,28,9.55386187569393,12.1159947534035,0.429442869704377,2020-05-25,2020,5
"593","AM",1,"Norte",13009,"Itacoatiara",182772,14099.0384033112,22,64,25,39,44,20,3,0,0,0,0,67,25,39,44,20,37,9.55386187569393,12.1159947534035,0.415095142906656,2020-06-01,2020,6
"594","AM",1,"Norte",13009,"Itacoatiara",182772,14099.0384033112,23,69,27,42,37,32,0,0,0,0,0,69,27,42,37,32,23,9.55386187569393,12.1159947534035,0.403714146481391,2020-06-08,2020,6
"595","AM",1,"Norte",13009,"Itacoatiara",182772,14099.0384033112,24,65,19,46,39,26,0,0,0,0,0,65,19,46,39,26,25,9.55386187569393,12.1159947534035,0.381178569951342,2020-06-15,2020,6
"596","AM",1,"Norte",13009,"Itacoatiara",182772,14099.0384033112,25,80,31,49,45,35,1,0,0,0,0,81,31,49,45,35,18,9.55386187569393,12.1159947534035,0.389077526459202,2020-06-22,2020,6
"597","AM",1,"Norte",13009,"Itacoatiara",182772,14099.0384033112,26,52,16,36,30,22,2,0,0,0,0,54,16,36,30,22,9,9.55386187569393,12.1159947534035,0.37231579568215,2020-06-29,2020,6
"598","AM",1,"Norte",13009,"Itacoatiara",182772,14099.0384033112,27,63,14,49,41,22,1,0,0,0,0,64,14,49,41,22,8,9.55386187569393,12.1159947534035,0.392319747295543,2020-07-06,2020,7
"599","AM",1,"Norte",13009,"Itacoatiara",182772,14099.0384033112,28,48,22,26,13,35,0,0,0,0,0,48,22,26,13,35,16,9.55386187569393,12.1159947534035,0.39518540232897,2020-07-13,2020,7
"600","AM",1,"Norte",13009,"Itacoatiara",182772,14099.0384033112,29,86,36,50,55,31,0,0,0,0,0,86,36,50,55,31,16,9.55386187569393,12.1159947534035,0.397961988206619,2020-07-20,2020,7
"601","AM",1,"Norte",13010,"Parintins",284437,9409.5772083449,5,108,34,74,64,44,1,0,0,0,0,109,34,74,64,44,19,9.1494833015323,12.558267066902,0.253987129062151,2020-02-03,2020,2
"602","AM",1,"Norte",13010,"Parintins",284437,9409.5772083449,6,80,30,50,44,36,0,0,0,0,0,80,30,50,44,36,20,9.1494833015323,12.558267066902,0.236766265069077,2020-02-10,2020,2
"603","AM",1,"Norte",13010,"Parintins",284437,9409.5772083449,7,112,44,68,73,39,2,0,0,0,0,114,44,68,73,39,19,9.1494833015323,12.558267066902,0.256288250766058,2020-02-17,2020,2
"604","AM",1,"Norte",13010,"Parintins",284437,9409.5772083449,8,108,40,68,61,47,1,0,0,0,0,109,40,68,61,47,23,9.1494833015323,12.558267066902,0.290060724302219,2020-02-24,2020,2
"605","AM",1,"Norte",13010,"Parintins",284437,9409.5772083449,9,97,32,65,49,48,2,0,0,0,0,99,32,65,49,48,20,9.1494833015323,12.558267066902,0.261615253741211,2020-03-02,2020,3
"606","AM",1,"Norte",13010,"Parintins",284437,9409.5772083449,10,80,25,55,34,46,0,0,0,0,0,80,25,55,34,46,11,9.1494833015323,12.558267066902,0.295094085476152,2020-03-09,2020,3
"607","AM",1,"Norte",13010,"Parintins",284437,9409.5772083449,11,85,27,58,54,31,2,0,0,0,0,87,27,58,54,31,19,9.1494833015323,12.558267066902,0.355095643161852,2020-03-16,2020,3
"608","AM",1,"Norte",13010,"Parintins",284437,9409.5772083449,12,96,42,54,51,45,1,0,0,0,0,97,42,54,51,45,21,9.1494833015323,12.558267066902,0.454113911270004,2020-03-23,2020,3
"609","AM",1,"Norte",13010,"Parintins",284437,9409.5772083449,13,77,29,48,44,33,1,0,0,0,0,78,29,48,44,33,11,9.1494833015323,12.558267066902,0.416477588782123,2020-03-30,2020,3
"610","AM",1,"Norte",13010,"Parintins",284437,9409.5772083449,14,80,33,47,44,36,0,0,0,0,0,80,33,47,44,36,22,9.1494833015323,12.558267066902,0.447859888663755,2020-04-06,2020,4
"611","AM",1,"Norte",13010,"Parintins",284437,9409.5772083449,15,85,36,49,50,35,2,0,0,0,0,87,36,49,50,35,14,9.1494833015323,12.558267066902,0.43529370183775,2020-04-13,2020,4
"612","AM",1,"Norte",13010,"Parintins",284437,9409.5772083449,16,107,45,62,58,49,1,0,0,0,0,108,45,62,58,49,31,9.1494833015323,12.558267066902,0.440750778149446,2020-04-20,2020,4
"613","AM",1,"Norte",13010,"Parintins",284437,9409.5772083449,17,99,43,56,61,38,3,0,0,0,0,102,43,56,61,38,58,9.1494833015323,12.558267066902,0.444138939122363,2020-04-27,2020,4
"614","AM",1,"Norte",13010,"Parintins",284437,9409.5772083449,18,85,28,57,46,39,3,0,0,0,0,88,28,57,46,39,34,9.1494833015323,12.558267066902,0.448269276624272,2020-05-04,2020,5
"615","AM",1,"Norte",13010,"Parintins",284437,9409.5772083449,19,74,23,51,41,33,0,0,0,0,0,74,23,51,41,33,30,9.1494833015323,12.558267066902,0.457588443792574,2020-05-11,2020,5
"616","AM",1,"Norte",13010,"Parintins",284437,9409.5772083449,20,101,30,71,62,39,1,0,0,0,0,102,30,71,62,39,29,9.1494833015323,12.558267066902,0.415291405090904,2020-05-18,2020,5
"617","AM",1,"Norte",13010,"Parintins",284437,9409.5772083449,21,122,50,72,63,59,2,0,0,0,0,124,50,72,63,59,26,9.1494833015323,12.558267066902,0.412035848900432,2020-05-25,2020,5
"618","AM",1,"Norte",13010,"Parintins",284437,9409.5772083449,22,122,39,83,68,54,1,0,0,0,0,123,39,83,68,54,19,9.1494833015323,12.558267066902,0.383458747358307,2020-06-01,2020,6
"619","AM",1,"Norte",13010,"Parintins",284437,9409.5772083449,23,89,36,53,49,40,2,0,0,0,0,91,36,53,49,40,30,9.1494833015323,12.558267066902,0.38249355496288,2020-06-08,2020,6
"620","AM",1,"Norte",13010,"Parintins",284437,9409.5772083449,24,94,35,59,58,36,0,0,0,0,0,94,35,59,58,36,33,9.1494833015323,12.558267066902,0.362783534667084,2020-06-15,2020,6
"621","AM",1,"Norte",13010,"Parintins",284437,9409.5772083449,25,109,45,64,65,44,1,0,0,0,0,110,45,64,65,44,22,9.1494833015323,12.558267066902,0.349839486169749,2020-06-22,2020,6
"622","AM",1,"Norte",13010,"Parintins",284437,9409.5772083449,26,96,29,67,62,34,0,0,0,0,0,96,29,67,62,34,24,9.1494833015323,12.558267066902,0.35632377564645,2020-06-29,2020,6
"623","AM",1,"Norte",13010,"Parintins",284437,9409.5772083449,27,115,41,74,59,56,0,0,0,0,0,115,41,74,59,56,20,9.1494833015323,12.558267066902,0.342700750200253,2020-07-06,2020,7
"624","AM",1,"Norte",13010,"Parintins",284437,9409.5772083449,28,92,29,63,53,39,0,0,0,0,0,92,29,63,53,39,20,9.1494833015323,12.558267066902,0.364967690738713,2020-07-13,2020,7
"625","AM",1,"Norte",13010,"Parintins",284437,9409.5772083449,29,102,33,69,62,40,1,0,0,0,0,103,33,69,62,40,20,9.1494833015323,12.558267066902,0.370636664231044,2020-07-20,2020,7
"626","AM",1,"Norte",13011,"Boca do Acre",54157,10759.8857434865,5,23,18,5,15,8,0,0,0,0,0,23,18,5,15,8,2,9.28358021502432,10.8996425146192,0.325102652766521,2020-02-03,2020,2
"627","AM",1,"Norte",13011,"Boca do Acre",54157,10759.8857434865,6,19,11,8,16,3,0,0,0,0,0,19,11,8,16,3,5,9.28358021502432,10.8996425146192,0.339776335287983,2020-02-10,2020,2
"628","AM",1,"Norte",13011,"Boca do Acre",54157,10759.8857434865,7,23,17,6,14,9,0,0,0,0,0,23,17,6,14,9,3,9.28358021502432,10.8996425146192,0.353719466325191,2020-02-17,2020,2
"629","AM",1,"Norte",13011,"Boca do Acre",54157,10759.8857434865,8,25,16,9,16,9,0,0,0,0,0,25,16,9,16,9,1,9.28358021502432,10.8996425146192,0.397181203734703,2020-02-24,2020,2
"630","AM",1,"Norte",13011,"Boca do Acre",54157,10759.8857434865,9,17,11,6,12,5,1,0,0,0,0,18,11,6,12,5,6,9.28358021502432,10.8996425146192,0.354547433309421,2020-03-02,2020,3
"631","AM",1,"Norte",13011,"Boca do Acre",54157,10759.8857434865,10,14,6,8,7,7,1,0,0,0,0,15,6,8,7,7,6,9.28358021502432,10.8996425146192,0.376069366344598,2020-03-09,2020,3
"632","AM",1,"Norte",13011,"Boca do Acre",54157,10759.8857434865,11,15,8,7,7,8,0,0,0,0,0,15,8,7,7,8,4,9.28358021502432,10.8996425146192,0.439415230933816,2020-03-16,2020,3
"633","AM",1,"Norte",13011,"Boca do Acre",54157,10759.8857434865,12,12,10,2,5,7,0,0,0,0,0,12,10,2,5,7,9,9.28358021502432,10.8996425146192,0.523869654222206,2020-03-23,2020,3
"634","AM",1,"Norte",13011,"Boca do Acre",54157,10759.8857434865,13,21,13,8,17,4,0,0,0,0,0,21,13,8,17,4,3,9.28358021502432,10.8996425146192,0.487837240924239,2020-03-30,2020,3
"635","AM",1,"Norte",13011,"Boca do Acre",54157,10759.8857434865,14,22,12,10,16,6,0,0,0,0,0,22,12,10,16,6,6,9.28358021502432,10.8996425146192,0.514019597460606,2020-04-06,2020,4
"636","AM",1,"Norte",13011,"Boca do Acre",54157,10759.8857434865,15,23,14,9,14,9,1,0,0,0,0,24,14,9,14,9,6,9.28358021502432,10.8996425146192,0.488977930790991,2020-04-13,2020,4
"637","AM",1,"Norte",13011,"Boca do Acre",54157,10759.8857434865,16,13,5,8,8,5,0,0,0,0,0,13,5,8,8,5,2,9.28358021502432,10.8996425146192,0.463862103847848,2020-04-20,2020,4
"638","AM",1,"Norte",13011,"Boca do Acre",54157,10759.8857434865,17,15,7,8,9,6,0,0,0,0,0,15,7,8,9,6,6,9.28358021502432,10.8996425146192,0.525268287408439,2020-04-27,2020,4
"639","AM",1,"Norte",13011,"Boca do Acre",54157,10759.8857434865,18,16,6,10,11,5,0,0,0,0,0,16,6,10,11,5,0,9.28358021502432,10.8996425146192,0.512972285848737,2020-05-04,2020,5
"640","AM",1,"Norte",13011,"Boca do Acre",54157,10759.8857434865,19,18,8,10,8,10,2,0,0,0,0,20,8,10,8,10,6,9.28358021502432,10.8996425146192,0.512334752438652,2020-05-11,2020,5
"641","AM",1,"Norte",13011,"Boca do Acre",54157,10759.8857434865,20,20,11,9,9,11,1,0,0,0,0,21,11,9,9,11,8,9.28358021502432,10.8996425146192,0.49828552183934,2020-05-18,2020,5
"642","AM",1,"Norte",13011,"Boca do Acre",54157,10759.8857434865,21,37,23,14,22,15,0,0,0,0,0,37,23,14,22,15,9,9.28358021502432,10.8996425146192,0.477920595890828,2020-05-25,2020,5
"643","AM",1,"Norte",13011,"Boca do Acre",54157,10759.8857434865,22,24,13,11,16,8,0,0,0,0,0,24,13,11,16,8,9,9.28358021502432,10.8996425146192,0.465328093471385,2020-06-01,2020,6
"644","AM",1,"Norte",13011,"Boca do Acre",54157,10759.8857434865,23,14,8,6,7,7,0,0,0,0,0,14,8,6,7,7,6,9.28358021502432,10.8996425146192,0.463773739403658,2020-06-08,2020,6
"645","AM",1,"Norte",13011,"Boca do Acre",54157,10759.8857434865,24,22,13,9,12,10,1,0,0,0,0,23,13,9,12,10,7,9.28358021502432,10.8996425146192,0.456569415349328,2020-06-15,2020,6
"646","AM",1,"Norte",13011,"Boca do Acre",54157,10759.8857434865,25,19,8,11,13,6,0,0,0,0,0,19,8,11,13,6,8,9.28358021502432,10.8996425146192,0.454438736358506,2020-06-22,2020,6
"647","AM",1,"Norte",13011,"Boca do Acre",54157,10759.8857434865,26,22,17,5,12,10,0,0,0,0,0,22,17,5,12,10,4,9.28358021502432,10.8996425146192,0.452409746825135,2020-06-29,2020,6
"648","AM",1,"Norte",13011,"Boca do Acre",54157,10759.8857434865,27,16,6,10,11,5,1,0,0,0,0,17,6,10,11,5,4,9.28358021502432,10.8996425146192,0.47765867601634,2020-07-06,2020,7
"649","AM",1,"Norte",13011,"Boca do Acre",54157,10759.8857434865,28,19,12,7,14,5,0,0,0,0,0,19,12,7,14,5,2,9.28358021502432,10.8996425146192,0.469021502115563,2020-07-13,2020,7
"650","AM",1,"Norte",13011,"Boca do Acre",54157,10759.8857434865,29,21,11,10,10,11,0,0,0,0,0,21,11,10,10,11,5,9.28358021502432,10.8996425146192,0.456329830295282,2020-07-20,2020,7
"651","AM",1,"Norte",13012,"Purus",79704,10871.8448153167,5,35,18,17,24,11,0,0,0,0,0,35,18,17,24,11,8,9.29393168193557,11.2860750517247,0.295694017567029,2020-02-03,2020,2
"652","AM",1,"Norte",13012,"Purus",79704,10871.8448153167,6,21,10,11,15,6,0,0,0,0,0,21,10,11,15,6,7,9.29393168193557,11.2860750517247,0.31587364873367,2020-02-10,2020,2
"653","AM",1,"Norte",13012,"Purus",79704,10871.8448153167,7,28,15,13,22,6,0,0,0,0,0,28,15,13,22,6,3,9.29393168193557,11.2860750517247,0.306112143027951,2020-02-17,2020,2
"654","AM",1,"Norte",13012,"Purus",79704,10871.8448153167,8,33,20,13,16,17,0,0,0,0,0,33,20,13,16,17,3,9.29393168193557,11.2860750517247,0.387843668719958,2020-02-24,2020,2
"655","AM",1,"Norte",13012,"Purus",79704,10871.8448153167,9,16,12,4,11,5,1,0,0,0,0,17,12,4,11,5,5,9.29393168193557,11.2860750517247,0.377430366474776,2020-03-02,2020,3
"656","AM",1,"Norte",13012,"Purus",79704,10871.8448153167,10,17,11,6,10,7,0,0,0,0,0,17,11,6,10,7,9,9.29393168193557,11.2860750517247,0.36327656431266,2020-03-09,2020,3
"657","AM",1,"Norte",13012,"Purus",79704,10871.8448153167,11,25,12,13,15,10,0,0,0,0,0,25,12,13,15,10,8,9.29393168193557,11.2860750517247,0.421488975789419,2020-03-16,2020,3
"658","AM",1,"Norte",13012,"Purus",79704,10871.8448153167,12,29,9,20,19,10,0,0,0,0,0,29,9,20,19,10,4,9.29393168193557,11.2860750517247,0.456870798902405,2020-03-23,2020,3
"659","AM",1,"Norte",13012,"Purus",79704,10871.8448153167,13,17,12,5,12,5,0,0,0,0,0,17,12,5,12,5,3,9.29393168193557,11.2860750517247,0.45585937284624,2020-03-30,2020,3
"660","AM",1,"Norte",13012,"Purus",79704,10871.8448153167,14,25,14,11,10,15,0,0,0,0,0,25,14,11,10,15,3,9.29393168193557,11.2860750517247,0.476109578655334,2020-04-06,2020,4
"661","AM",1,"Norte",13012,"Purus",79704,10871.8448153167,15,26,15,11,17,9,0,0,0,0,0,26,15,11,17,9,6,9.29393168193557,11.2860750517247,0.502721746892404,2020-04-13,2020,4
"662","AM",1,"Norte",13012,"Purus",79704,10871.8448153167,16,20,9,11,11,9,0,0,0,0,0,20,9,11,11,9,6,9.29393168193557,11.2860750517247,0.483715549997596,2020-04-20,2020,4
"663","AM",1,"Norte",13012,"Purus",79704,10871.8448153167,17,28,14,14,19,9,1,0,0,0,0,29,14,14,19,9,8,9.29393168193557,11.2860750517247,0.45545731610222,2020-04-27,2020,4
"664","AM",1,"Norte",13012,"Purus",79704,10871.8448153167,18,28,17,11,17,11,1,0,0,0,0,29,17,11,17,11,10,9.29393168193557,11.2860750517247,0.462686195489535,2020-05-04,2020,5
"665","AM",1,"Norte",13012,"Purus",79704,10871.8448153167,19,22,10,12,18,4,0,0,0,0,0,22,10,12,18,4,5,9.29393168193557,11.2860750517247,0.470155198779421,2020-05-11,2020,5
"666","AM",1,"Norte",13012,"Purus",79704,10871.8448153167,20,31,15,16,19,12,0,0,0,0,0,31,15,16,19,12,6,9.29393168193557,11.2860750517247,0.477405307838103,2020-05-18,2020,5
"667","AM",1,"Norte",13012,"Purus",79704,10871.8448153167,21,30,16,14,21,9,0,0,0,0,0,30,16,14,21,9,8,9.29393168193557,11.2860750517247,0.462023354209044,2020-05-25,2020,5
"668","AM",1,"Norte",13012,"Purus",79704,10871.8448153167,22,37,18,19,24,13,1,0,0,0,0,38,18,19,24,13,7,9.29393168193557,11.2860750517247,0.483511566501325,2020-06-01,2020,6
"669","AM",1,"Norte",13012,"Purus",79704,10871.8448153167,23,21,7,14,10,11,0,0,0,0,0,21,7,14,10,11,14,9.29393168193557,11.2860750517247,0.51512053307268,2020-06-08,2020,6
"670","AM",1,"Norte",13012,"Purus",79704,10871.8448153167,24,32,11,21,19,13,0,0,0,0,0,32,11,21,19,13,6,9.29393168193557,11.2860750517247,0.493733371289437,2020-06-15,2020,6
"671","AM",1,"Norte",13012,"Purus",79704,10871.8448153167,25,31,13,18,16,15,1,0,0,0,0,32,13,18,16,15,7,9.29393168193557,11.2860750517247,0.486760971062295,2020-06-22,2020,6
"672","AM",1,"Norte",13012,"Purus",79704,10871.8448153167,26,25,11,14,17,8,0,0,0,0,0,25,11,14,17,8,6,9.29393168193557,11.2860750517247,0.483069448706337,2020-06-29,2020,6
"673","AM",1,"Norte",13012,"Purus",79704,10871.8448153167,27,25,21,4,13,12,1,0,0,0,0,26,21,4,13,12,7,9.29393168193557,11.2860750517247,0.497013323686,2020-07-06,2020,7
"674","AM",1,"Norte",13012,"Purus",79704,10871.8448153167,28,34,15,19,21,13,0,0,0,0,0,34,15,19,21,13,5,9.29393168193557,11.2860750517247,0.470416475936793,2020-07-13,2020,7
"675","AM",1,"Norte",13012,"Purus",79704,10871.8448153167,29,19,10,9,9,10,0,0,0,0,0,19,10,9,9,10,4,9.29393168193557,11.2860750517247,0.489286023756647,2020-07-20,2020,7
"676","AM",1,"Norte",13013,"Madeira",202880,9502.379246944,5,66,28,38,36,30,0,0,0,0,0,66,28,38,36,30,13,9.15929749327874,12.220369950231,0.298530384306294,2020-02-03,2020,2
"677","AM",1,"Norte",13013,"Madeira",202880,9502.379246944,6,60,28,32,31,29,1,0,0,0,0,61,28,32,31,29,12,9.15929749327874,12.220369950231,0.288912651973315,2020-02-10,2020,2
"678","AM",1,"Norte",13013,"Madeira",202880,9502.379246944,7,66,30,36,32,34,1,0,0,0,0,67,30,36,32,34,9,9.15929749327874,12.220369950231,0.302269277761914,2020-02-17,2020,2
"679","AM",1,"Norte",13013,"Madeira",202880,9502.379246944,8,62,23,39,40,22,0,0,0,0,0,62,23,39,40,22,12,9.15929749327874,12.220369950231,0.348379423265556,2020-02-24,2020,2
"680","AM",1,"Norte",13013,"Madeira",202880,9502.379246944,9,69,32,37,37,32,0,0,0,0,0,69,32,37,37,32,16,9.15929749327874,12.220369950231,0.353648597219574,2020-03-02,2020,3
"681","AM",1,"Norte",13013,"Madeira",202880,9502.379246944,10,61,25,36,39,22,1,0,0,0,0,62,25,36,39,22,7,9.15929749327874,12.220369950231,0.341584407232647,2020-03-09,2020,3
"682","AM",1,"Norte",13013,"Madeira",202880,9502.379246944,11,64,34,30,33,31,3,0,0,0,0,67,34,30,33,31,16,9.15929749327874,12.220369950231,0.38855505440146,2020-03-16,2020,3
"683","AM",1,"Norte",13013,"Madeira",202880,9502.379246944,12,68,28,40,39,29,0,0,0,0,0,68,28,40,39,29,11,9.15929749327874,12.220369950231,0.475734436492283,2020-03-23,2020,3
"684","AM",1,"Norte",13013,"Madeira",202880,9502.379246944,13,49,22,27,32,17,0,0,0,0,0,49,22,27,32,17,7,9.15929749327874,12.220369950231,0.44087162218601,2020-03-30,2020,3
"685","AM",1,"Norte",13013,"Madeira",202880,9502.379246944,14,63,34,29,40,23,0,0,0,0,0,63,34,29,40,23,9,9.15929749327874,12.220369950231,0.458196992222917,2020-04-06,2020,4
"686","AM",1,"Norte",13013,"Madeira",202880,9502.379246944,15,45,20,25,27,18,1,0,0,0,0,46,20,25,27,18,14,9.15929749327874,12.220369950231,0.438255436456713,2020-04-13,2020,4
"687","AM",1,"Norte",13013,"Madeira",202880,9502.379246944,16,68,28,40,40,28,1,0,0,0,0,69,28,40,40,28,11,9.15929749327874,12.220369950231,0.446381998423353,2020-04-20,2020,4
"688","AM",1,"Norte",13013,"Madeira",202880,9502.379246944,17,74,32,42,46,28,0,0,0,0,0,74,32,42,46,28,19,9.15929749327874,12.220369950231,0.467958197671605,2020-04-27,2020,4
"689","AM",1,"Norte",13013,"Madeira",202880,9502.379246944,18,67,31,36,40,27,2,0,0,0,0,69,31,36,40,27,16,9.15929749327874,12.220369950231,0.451965822861633,2020-05-04,2020,5
"690","AM",1,"Norte",13013,"Madeira",202880,9502.379246944,19,75,34,41,40,35,2,0,0,0,0,77,34,41,40,35,17,9.15929749327874,12.220369950231,0.469308829060118,2020-05-11,2020,5
"691","AM",1,"Norte",13013,"Madeira",202880,9502.379246944,20,67,33,34,38,29,3,0,0,0,0,70,33,34,38,29,18,9.15929749327874,12.220369950231,0.471350665244045,2020-05-18,2020,5
"692","AM",1,"Norte",13013,"Madeira",202880,9502.379246944,21,73,31,42,46,27,1,0,0,0,0,74,31,42,46,27,20,9.15929749327874,12.220369950231,0.445939067462773,2020-05-25,2020,5
"693","AM",1,"Norte",13013,"Madeira",202880,9502.379246944,22,65,27,38,37,28,0,0,0,0,0,65,27,38,37,28,13,9.15929749327874,12.220369950231,0.428095338591445,2020-06-01,2020,6
"694","AM",1,"Norte",13013,"Madeira",202880,9502.379246944,23,81,28,53,45,36,0,0,0,0,0,81,28,53,45,36,23,9.15929749327874,12.220369950231,0.432066215377543,2020-06-08,2020,6
"695","AM",1,"Norte",13013,"Madeira",202880,9502.379246944,24,80,26,54,43,37,0,0,0,0,0,80,26,54,43,37,12,9.15929749327874,12.220369950231,0.428059712673361,2020-06-15,2020,6
"696","AM",1,"Norte",13013,"Madeira",202880,9502.379246944,25,67,30,37,44,23,3,0,0,0,0,70,30,37,44,23,17,9.15929749327874,12.220369950231,0.419967298479534,2020-06-22,2020,6
"697","AM",1,"Norte",13013,"Madeira",202880,9502.379246944,26,66,33,33,37,29,1,0,0,0,0,67,33,33,37,29,25,9.15929749327874,12.220369950231,0.424777169400662,2020-06-29,2020,6
"698","AM",1,"Norte",13013,"Madeira",202880,9502.379246944,27,64,26,38,36,28,1,0,0,0,0,65,26,38,36,28,36,9.15929749327874,12.220369950231,0.42742715172775,2020-07-06,2020,7
"699","AM",1,"Norte",13013,"Madeira",202880,9502.379246944,28,58,24,34,40,18,2,0,0,0,0,60,24,34,40,18,23,9.15929749327874,12.220369950231,0.437715600501592,2020-07-13,2020,7
"700","AM",1,"Norte",13013,"Madeira",202880,9502.379246944,29,53,23,30,27,26,0,0,0,0,0,53,23,30,27,26,30,9.15929749327874,12.220369950231,0.445764723964223,2020-07-20,2020,7
"701","AP",1,"Norte",16003,"Macapá",700690,21386.4680602121,5,197,69,128,84,113,2,0,0,0,0,199,69,128,84,113,49,9.97051366736776,13.4598208428139,0.300640696762255,2020-02-03,2020,2
"702","AP",1,"Norte",16003,"Macapá",700690,21386.4680602121,6,234,73,161,98,136,0,0,0,0,0,234,73,161,98,136,67,9.97051366736776,13.4598208428139,0.28717760010566,2020-02-10,2020,2
"703","AP",1,"Norte",16003,"Macapá",700690,21386.4680602121,7,210,56,154,109,101,2,0,0,0,0,212,56,154,109,101,45,9.97051366736776,13.4598208428139,0.30025518591497,2020-02-17,2020,2
"704","AP",1,"Norte",16003,"Macapá",700690,21386.4680602121,8,196,61,135,95,101,3,0,0,0,0,199,61,135,95,101,84,9.97051366736776,13.4598208428139,0.355930636151027,2020-02-24,2020,2
"705","AP",1,"Norte",16003,"Macapá",700690,21386.4680602121,9,218,69,149,106,112,3,0,0,0,0,221,69,149,106,112,65,9.97051366736776,13.4598208428139,0.325867266122831,2020-03-02,2020,3
"706","AP",1,"Norte",16003,"Macapá",700690,21386.4680602121,10,213,63,150,102,111,3,0,0,0,0,216,63,150,102,111,50,9.97051366736776,13.4598208428139,0.335774327007588,2020-03-09,2020,3
"707","AP",1,"Norte",16003,"Macapá",700690,21386.4680602121,11,187,60,127,82,105,1,0,0,0,0,188,60,127,82,105,53,9.97051366736776,13.4598208428139,0.449171288310685,2020-03-16,2020,3
"708","AP",1,"Norte",16003,"Macapá",700690,21386.4680602121,12,184,68,116,81,103,1,0,0,0,0,185,68,116,81,103,49,9.97051366736776,13.4598208428139,0.545052600775409,2020-03-23,2020,3
"709","AP",1,"Norte",16003,"Macapá",700690,21386.4680602121,13,182,64,118,98,84,2,0,0,0,0,184,64,118,98,84,68,9.97051366736776,13.4598208428139,0.499352874915744,2020-03-30,2020,3
"710","AP",1,"Norte",16003,"Macapá",700690,21386.4680602121,14,225,79,146,101,124,1,0,0,0,0,226,79,146,101,124,72,9.97051366736776,13.4598208428139,0.497703155383365,2020-04-06,2020,4
"711","AP",1,"Norte",16003,"Macapá",700690,21386.4680602121,15,209,70,139,100,109,0,0,0,0,0,209,70,139,100,109,80,9.97051366736776,13.4598208428139,0.481972046058043,2020-04-13,2020,4
"712","AP",1,"Norte",16003,"Macapá",700690,21386.4680602121,16,206,62,144,86,120,3,0,0,0,0,209,62,144,86,120,75,9.97051366736776,13.4598208428139,0.480097798924058,2020-04-20,2020,4
"713","AP",1,"Norte",16003,"Macapá",700690,21386.4680602121,17,201,53,148,105,96,7,0,0,0,0,208,53,148,105,96,91,9.97051366736776,13.4598208428139,0.487031443102114,2020-04-27,2020,4
"714","AP",1,"Norte",16003,"Macapá",700690,21386.4680602121,18,196,71,125,94,102,0,0,0,0,0,196,71,125,94,102,135,9.97051366736776,13.4598208428139,0.491083100133297,2020-05-04,2020,5
"715","AP",1,"Norte",16003,"Macapá",700690,21386.4680602121,19,233,69,164,106,127,1,0,0,0,0,234,69,164,106,127,185,9.97051366736776,13.4598208428139,0.523134258565008,2020-05-11,2020,5
"716","AP",1,"Norte",16003,"Macapá",700690,21386.4680602121,20,203,61,142,96,107,4,0,0,0,0,207,61,142,96,107,197,9.97051366736776,13.4598208428139,0.551421679718763,2020-05-18,2020,5
"717","AP",1,"Norte",16003,"Macapá",700690,21386.4680602121,21,215,46,169,102,113,1,0,0,0,0,216,46,169,102,113,160,9.97051366736776,13.4598208428139,0.517576499836846,2020-05-25,2020,5
"718","AP",1,"Norte",16003,"Macapá",700690,21386.4680602121,22,220,60,160,94,126,5,0,0,0,0,225,60,160,94,126,120,9.97051366736776,13.4598208428139,0.466611048955212,2020-06-01,2020,6
"719","AP",1,"Norte",16003,"Macapá",700690,21386.4680602121,23,234,86,148,111,123,2,0,0,0,0,236,86,148,111,123,105,9.97051366736776,13.4598208428139,0.445872039221591,2020-06-08,2020,6
"720","AP",1,"Norte",16003,"Macapá",700690,21386.4680602121,24,252,84,168,119,133,3,0,0,0,0,255,84,168,119,133,88,9.97051366736776,13.4598208428139,0.436703385755866,2020-06-15,2020,6
"721","AP",1,"Norte",16003,"Macapá",700690,21386.4680602121,25,221,71,150,82,139,3,0,0,0,0,224,71,150,82,139,86,9.97051366736776,13.4598208428139,0.439248704661768,2020-06-22,2020,6
"722","AP",1,"Norte",16003,"Macapá",700690,21386.4680602121,26,220,68,152,98,122,5,0,0,0,0,225,68,152,98,122,67,9.97051366736776,13.4598208428139,0.429654637997853,2020-06-29,2020,6
"723","AP",1,"Norte",16003,"Macapá",700690,21386.4680602121,27,189,63,126,88,101,7,0,0,0,0,196,63,126,88,101,75,9.97051366736776,13.4598208428139,0.424176022242311,2020-07-06,2020,7
"724","AP",1,"Norte",16003,"Macapá",700690,21386.4680602121,28,205,50,155,91,114,2,0,0,0,0,207,50,155,91,114,66,9.97051366736776,13.4598208428139,0.417545782455684,2020-07-13,2020,7
"725","AP",1,"Norte",16003,"Macapá",700690,21386.4680602121,29,214,72,142,89,125,3,0,0,0,0,217,72,142,89,125,53,9.97051366736776,13.4598208428139,0.424092310870694,2020-07-20,2020,7
"726","AP",1,"Norte",16004,"Mazagão",89669,15648.698856461,5,25,15,10,15,10,0,0,0,0,0,25,15,10,15,10,6,9.65814305234973,11.4038803918821,0.297122775027495,2020-02-03,2020,2
"727","AP",1,"Norte",16004,"Mazagão",89669,15648.698856461,6,31,11,20,22,9,0,0,0,0,0,31,11,20,22,9,7,9.65814305234973,11.4038803918821,0.292989365884496,2020-02-10,2020,2
"728","AP",1,"Norte",16004,"Mazagão",89669,15648.698856461,7,33,22,11,20,13,0,0,0,0,0,33,22,11,20,13,7,9.65814305234973,11.4038803918821,0.323583942934186,2020-02-17,2020,2
"729","AP",1,"Norte",16004,"Mazagão",89669,15648.698856461,8,32,15,17,18,14,0,0,0,0,0,32,15,17,18,14,6,9.65814305234973,11.4038803918821,0.340892060696514,2020-02-24,2020,2
"730","AP",1,"Norte",16004,"Mazagão",89669,15648.698856461,9,25,15,10,15,10,0,0,0,0,0,25,15,10,15,10,5,9.65814305234973,11.4038803918821,0.337749928856948,2020-03-02,2020,3
"731","AP",1,"Norte",16004,"Mazagão",89669,15648.698856461,10,27,13,14,16,11,0,0,0,0,0,27,13,14,16,11,3,9.65814305234973,11.4038803918821,0.3558110855186,2020-03-09,2020,3
"732","AP",1,"Norte",16004,"Mazagão",89669,15648.698856461,11,29,19,10,19,10,0,0,0,0,0,29,19,10,19,10,1,9.65814305234973,11.4038803918821,0.453836248906491,2020-03-16,2020,3
"733","AP",1,"Norte",16004,"Mazagão",89669,15648.698856461,12,24,12,12,11,13,0,0,0,0,0,24,12,12,11,13,5,9.65814305234973,11.4038803918821,0.516537048289587,2020-03-23,2020,3
"734","AP",1,"Norte",16004,"Mazagão",89669,15648.698856461,13,26,13,13,16,10,0,0,0,0,0,26,13,13,16,10,9,9.65814305234973,11.4038803918821,0.464935566687672,2020-03-30,2020,3
"735","AP",1,"Norte",16004,"Mazagão",89669,15648.698856461,14,28,14,14,19,9,1,0,0,0,0,29,14,14,19,9,5,9.65814305234973,11.4038803918821,0.474193190309502,2020-04-06,2020,4
"736","AP",1,"Norte",16004,"Mazagão",89669,15648.698856461,15,29,11,18,14,15,0,0,0,0,0,29,11,18,14,15,12,9.65814305234973,11.4038803918821,0.479334975546927,2020-04-13,2020,4
"737","AP",1,"Norte",16004,"Mazagão",89669,15648.698856461,16,23,9,14,10,13,0,0,0,0,0,23,9,14,10,13,9,9.65814305234973,11.4038803918821,0.490049667933181,2020-04-20,2020,4
"738","AP",1,"Norte",16004,"Mazagão",89669,15648.698856461,17,21,7,14,10,11,0,0,0,0,0,21,7,14,10,11,16,9.65814305234973,11.4038803918821,0.494889338358457,2020-04-27,2020,4
"739","AP",1,"Norte",16004,"Mazagão",89669,15648.698856461,18,25,12,13,12,13,1,0,0,0,0,26,12,13,12,13,21,9.65814305234973,11.4038803918821,0.482950903995365,2020-05-04,2020,5
"740","AP",1,"Norte",16004,"Mazagão",89669,15648.698856461,19,30,16,14,17,13,0,0,0,0,0,30,16,14,17,13,19,9.65814305234973,11.4038803918821,0.503447929249645,2020-05-11,2020,5
"741","AP",1,"Norte",16004,"Mazagão",89669,15648.698856461,20,28,16,12,17,11,0,0,0,0,0,28,16,12,17,11,15,9.65814305234973,11.4038803918821,0.518010956373547,2020-05-18,2020,5
"742","AP",1,"Norte",16004,"Mazagão",89669,15648.698856461,21,29,13,16,18,11,0,0,0,0,0,29,13,16,18,11,11,9.65814305234973,11.4038803918821,0.500257844768608,2020-05-25,2020,5
"743","AP",1,"Norte",16004,"Mazagão",89669,15648.698856461,22,26,12,14,10,16,1,0,0,0,0,27,12,14,10,16,15,9.65814305234973,11.4038803918821,0.452328213895819,2020-06-01,2020,6
"744","AP",1,"Norte",16004,"Mazagão",89669,15648.698856461,23,24,14,10,12,12,0,0,0,0,0,24,14,10,12,12,11,9.65814305234973,11.4038803918821,0.429574066671215,2020-06-08,2020,6
"745","AP",1,"Norte",16004,"Mazagão",89669,15648.698856461,24,37,19,18,21,16,0,0,0,0,0,37,19,18,21,16,5,9.65814305234973,11.4038803918821,0.420861137290958,2020-06-15,2020,6
"746","AP",1,"Norte",16004,"Mazagão",89669,15648.698856461,25,34,21,13,21,13,0,0,0,0,0,34,21,13,21,13,9,9.65814305234973,11.4038803918821,0.414077466415949,2020-06-22,2020,6
"747","AP",1,"Norte",16004,"Mazagão",89669,15648.698856461,26,30,16,14,14,16,0,0,0,0,0,30,16,14,14,16,4,9.65814305234973,11.4038803918821,0.418193634245748,2020-06-29,2020,6
"748","AP",1,"Norte",16004,"Mazagão",89669,15648.698856461,27,39,24,15,19,20,1,0,0,0,0,40,24,15,19,20,4,9.65814305234973,11.4038803918821,0.432170350605947,2020-07-06,2020,7
"749","AP",1,"Norte",16004,"Mazagão",89669,15648.698856461,28,35,21,14,21,14,0,0,0,0,0,35,21,14,21,14,8,9.65814305234973,11.4038803918821,0.408931559627143,2020-07-13,2020,7
"750","AP",1,"Norte",16004,"Mazagão",89669,15648.698856461,29,30,16,14,16,14,2,0,0,0,0,32,16,14,16,14,12,9.65814305234973,11.4038803918821,0.397665665049463,2020-07-20,2020,7
"751","BA",2,"Nordeste",29001,"Barreiras",347122,55239.4210031343,5,81,22,59,27,54,0,0,0,0,0,81,22,59,27,54,22,10.9194321259899,12.7574315821519,0.269760604807554,2020-02-03,2020,2
"752","BA",2,"Nordeste",29001,"Barreiras",347122,55239.4210031343,6,132,30,102,46,86,2,0,0,0,0,134,30,102,46,86,30,10.9194321259899,12.7574315821519,0.259076968933801,2020-02-10,2020,2
"753","BA",2,"Nordeste",29001,"Barreiras",347122,55239.4210031343,7,109,23,86,51,58,1,0,0,0,0,110,23,86,51,58,41,10.9194321259899,12.7574315821519,0.267304228019111,2020-02-17,2020,2
"754","BA",2,"Nordeste",29001,"Barreiras",347122,55239.4210031343,8,126,20,106,47,79,1,0,0,0,0,127,20,106,47,79,24,10.9194321259899,12.7574315821519,0.301937456729805,2020-02-24,2020,2
"755","BA",2,"Nordeste",29001,"Barreiras",347122,55239.4210031343,9,120,29,91,54,66,1,0,0,0,0,121,29,91,54,66,30,10.9194321259899,12.7574315821519,0.279076683183285,2020-03-02,2020,3
"756","BA",2,"Nordeste",29001,"Barreiras",347122,55239.4210031343,10,98,25,73,32,66,3,0,0,0,0,101,25,73,32,66,32,10.9194321259899,12.7574315821519,0.298873195841312,2020-03-09,2020,3
"757","BA",2,"Nordeste",29001,"Barreiras",347122,55239.4210031343,11,85,15,70,29,56,1,0,0,0,0,86,15,70,29,56,23,10.9194321259899,12.7574315821519,0.354137783442619,2020-03-16,2020,3
"758","BA",2,"Nordeste",29001,"Barreiras",347122,55239.4210031343,12,76,14,62,26,50,0,0,0,0,0,76,14,62,26,50,41,10.9194321259899,12.7574315821519,0.453683867705025,2020-03-23,2020,3
"759","BA",2,"Nordeste",29001,"Barreiras",347122,55239.4210031343,13,96,27,69,40,56,0,0,0,0,0,96,27,69,40,56,38,10.9194321259899,12.7574315821519,0.400742503744303,2020-03-30,2020,3
"760","BA",2,"Nordeste",29001,"Barreiras",347122,55239.4210031343,14,92,25,67,40,52,0,0,0,0,0,92,25,67,40,52,35,10.9194321259899,12.7574315821519,0.372410930915568,2020-04-06,2020,4
"761","BA",2,"Nordeste",29001,"Barreiras",347122,55239.4210031343,15,107,27,80,33,74,2,0,0,0,0,109,27,80,33,74,26,10.9194321259899,12.7574315821519,0.354364467062077,2020-04-13,2020,4
"762","BA",2,"Nordeste",29001,"Barreiras",347122,55239.4210031343,16,104,30,74,45,59,1,0,0,0,0,105,30,74,45,59,29,10.9194321259899,12.7574315821519,0.358953057604412,2020-04-20,2020,4
"763","BA",2,"Nordeste",29001,"Barreiras",347122,55239.4210031343,17,105,35,70,45,60,2,0,0,0,0,107,35,70,45,60,37,10.9194321259899,12.7574315821519,0.348529445208524,2020-04-27,2020,4
"764","BA",2,"Nordeste",29001,"Barreiras",347122,55239.4210031343,18,111,28,83,45,66,1,0,0,0,0,112,28,83,45,66,23,10.9194321259899,12.7574315821519,0.346147059221906,2020-05-04,2020,5
"765","BA",2,"Nordeste",29001,"Barreiras",347122,55239.4210031343,19,111,27,84,46,65,1,0,0,0,0,112,27,84,46,65,31,10.9194321259899,12.7574315821519,0.369068953378318,2020-05-11,2020,5
"766","BA",2,"Nordeste",29001,"Barreiras",347122,55239.4210031343,20,121,37,84,65,56,3,0,0,0,0,124,37,84,65,56,36,10.9194321259899,12.7574315821519,0.366591323451158,2020-05-18,2020,5
"767","BA",2,"Nordeste",29001,"Barreiras",347122,55239.4210031343,21,125,32,93,55,70,0,0,0,0,0,125,32,93,55,70,23,10.9194321259899,12.7574315821519,0.375424661485104,2020-05-25,2020,5
"768","BA",2,"Nordeste",29001,"Barreiras",347122,55239.4210031343,22,117,44,73,55,62,1,0,0,0,0,118,44,73,55,62,28,10.9194321259899,12.7574315821519,0.354748346673163,2020-06-01,2020,6
"769","BA",2,"Nordeste",29001,"Barreiras",347122,55239.4210031343,23,115,26,89,44,71,1,0,0,0,0,116,26,89,44,71,31,10.9194321259899,12.7574315821519,0.353047435648419,2020-06-08,2020,6
"770","BA",2,"Nordeste",29001,"Barreiras",347122,55239.4210031343,24,108,26,82,44,64,0,0,0,0,0,108,26,82,44,64,32,10.9194321259899,12.7574315821519,0.341489021511318,2020-06-15,2020,6
"771","BA",2,"Nordeste",29001,"Barreiras",347122,55239.4210031343,25,133,39,94,49,84,1,0,0,0,0,134,39,94,49,84,38,10.9194321259899,12.7574315821519,0.348091798293894,2020-06-22,2020,6
"772","BA",2,"Nordeste",29001,"Barreiras",347122,55239.4210031343,26,104,23,81,50,54,0,0,0,0,0,104,23,81,50,54,29,10.9194321259899,12.7574315821519,0.366208737183595,2020-06-29,2020,6
"773","BA",2,"Nordeste",29001,"Barreiras",347122,55239.4210031343,27,138,38,100,64,74,0,0,0,0,0,138,38,100,64,74,36,10.9194321259899,12.7574315821519,0.381679820055741,2020-07-06,2020,7
"774","BA",2,"Nordeste",29001,"Barreiras",347122,55239.4210031343,28,123,35,88,50,73,2,0,0,0,0,125,35,88,50,73,43,10.9194321259899,12.7574315821519,0.381951122479164,2020-07-13,2020,7
"775","BA",2,"Nordeste",29001,"Barreiras",347122,55239.4210031343,29,144,37,107,54,90,0,0,0,0,0,144,37,107,54,90,31,10.9194321259899,12.7574315821519,0.391597118715244,2020-07-20,2020,7
"776","BA",2,"Nordeste",29002,"Cotegipe",119183,8731.27373769749,5,28,12,16,13,15,0,0,0,0,0,28,12,16,13,15,11,9.07466654170709,11.6884154059929,0.283176611295988,2020-02-03,2020,2
"777","BA",2,"Nordeste",29002,"Cotegipe",119183,8731.27373769749,6,21,5,16,9,12,0,0,0,0,0,21,5,16,9,12,13,9.07466654170709,11.6884154059929,0.264279135430035,2020-02-10,2020,2
"778","BA",2,"Nordeste",29002,"Cotegipe",119183,8731.27373769749,7,22,7,15,13,9,0,0,0,0,0,22,7,15,13,9,9,9.07466654170709,11.6884154059929,0.273118804663762,2020-02-17,2020,2
"779","BA",2,"Nordeste",29002,"Cotegipe",119183,8731.27373769749,8,26,7,19,7,19,0,0,0,0,0,26,7,19,7,19,6,9.07466654170709,11.6884154059929,0.30269555195715,2020-02-24,2020,2
"780","BA",2,"Nordeste",29002,"Cotegipe",119183,8731.27373769749,9,25,8,17,15,10,1,0,0,0,0,26,8,17,15,10,7,9.07466654170709,11.6884154059929,0.287401009507191,2020-03-02,2020,3
"781","BA",2,"Nordeste",29002,"Cotegipe",119183,8731.27373769749,10,24,5,19,12,12,0,0,0,0,0,24,5,19,12,12,15,9.07466654170709,11.6884154059929,0.300431788520487,2020-03-09,2020,3
"782","BA",2,"Nordeste",29002,"Cotegipe",119183,8731.27373769749,11,18,7,11,9,9,0,0,0,0,0,18,7,11,9,9,13,9.07466654170709,11.6884154059929,0.371016038253663,2020-03-16,2020,3
"783","BA",2,"Nordeste",29002,"Cotegipe",119183,8731.27373769749,12,24,9,15,8,16,1,0,0,0,0,25,9,15,8,16,10,9.07466654170709,11.6884154059929,0.46745590259147,2020-03-23,2020,3
"784","BA",2,"Nordeste",29002,"Cotegipe",119183,8731.27373769749,13,13,1,12,7,6,0,0,0,0,0,13,1,12,7,6,6,9.07466654170709,11.6884154059929,0.39310171769792,2020-03-30,2020,3
"785","BA",2,"Nordeste",29002,"Cotegipe",119183,8731.27373769749,14,25,11,14,8,17,0,0,0,0,0,25,11,14,8,17,10,9.07466654170709,11.6884154059929,0.376202982367021,2020-04-06,2020,4
"786","BA",2,"Nordeste",29002,"Cotegipe",119183,8731.27373769749,15,25,8,17,11,14,2,0,0,0,0,27,8,17,11,14,6,9.07466654170709,11.6884154059929,0.345455287004652,2020-04-13,2020,4
"787","BA",2,"Nordeste",29002,"Cotegipe",119183,8731.27373769749,16,20,3,17,11,9,0,0,0,0,0,20,3,17,11,9,14,9.07466654170709,11.6884154059929,0.340528705967818,2020-04-20,2020,4
"788","BA",2,"Nordeste",29002,"Cotegipe",119183,8731.27373769749,17,20,6,14,9,11,0,0,0,0,0,20,6,14,9,11,7,9.07466654170709,11.6884154059929,0.355554793482605,2020-04-27,2020,4
"789","BA",2,"Nordeste",29002,"Cotegipe",119183,8731.27373769749,18,17,3,14,6,11,0,0,0,0,0,17,3,14,6,11,10,9.07466654170709,11.6884154059929,0.362568596318888,2020-05-04,2020,5
"790","BA",2,"Nordeste",29002,"Cotegipe",119183,8731.27373769749,19,30,7,23,14,16,0,0,0,0,0,30,7,23,14,16,9,9.07466654170709,11.6884154059929,0.389362142084638,2020-05-11,2020,5
"791","BA",2,"Nordeste",29002,"Cotegipe",119183,8731.27373769749,20,25,7,18,10,15,0,0,0,0,0,25,7,18,10,15,15,9.07466654170709,11.6884154059929,0.38954021092663,2020-05-18,2020,5
"792","BA",2,"Nordeste",29002,"Cotegipe",119183,8731.27373769749,21,30,10,20,14,16,1,0,0,0,0,31,10,20,14,16,10,9.07466654170709,11.6884154059929,0.378403904837836,2020-05-25,2020,5
"793","BA",2,"Nordeste",29002,"Cotegipe",119183,8731.27373769749,22,31,11,20,15,16,0,0,0,0,0,31,11,20,15,16,14,9.07466654170709,11.6884154059929,0.376900118575056,2020-06-01,2020,6
"794","BA",2,"Nordeste",29002,"Cotegipe",119183,8731.27373769749,23,28,13,15,15,13,1,0,0,0,0,29,13,15,15,13,15,9.07466654170709,11.6884154059929,0.376874451789708,2020-06-08,2020,6
"795","BA",2,"Nordeste",29002,"Cotegipe",119183,8731.27373769749,24,27,9,18,9,18,0,0,0,0,0,27,9,18,9,18,11,9.07466654170709,11.6884154059929,0.356792822747509,2020-06-15,2020,6
"796","BA",2,"Nordeste",29002,"Cotegipe",119183,8731.27373769749,25,25,10,15,12,13,0,0,0,0,0,25,10,15,12,13,14,9.07466654170709,11.6884154059929,0.371012391212436,2020-06-22,2020,6
"797","BA",2,"Nordeste",29002,"Cotegipe",119183,8731.27373769749,26,19,7,12,8,11,0,0,0,0,0,19,7,12,8,11,14,9.07466654170709,11.6884154059929,0.398548825716331,2020-06-29,2020,6
"798","BA",2,"Nordeste",29002,"Cotegipe",119183,8731.27373769749,27,38,5,33,16,22,0,0,0,0,0,38,5,33,16,22,14,9.07466654170709,11.6884154059929,0.415889244001854,2020-07-06,2020,7
"799","BA",2,"Nordeste",29002,"Cotegipe",119183,8731.27373769749,28,26,7,19,13,13,1,0,0,0,0,27,7,19,13,13,12,9.07466654170709,11.6884154059929,0.401258437427871,2020-07-13,2020,7
"800","BA",2,"Nordeste",29002,"Cotegipe",119183,8731.27373769749,29,24,10,14,8,16,1,0,0,0,0,25,10,14,8,16,23,9.07466654170709,11.6884154059929,0.413931914739953,2020-07-20,2020,7
"801","BA",2,"Nordeste",29003,"Santa Maria da Vitória",182396,22938.7488002478,5,32,7,25,15,17,0,0,0,0,0,32,7,25,15,17,19,10.0405828469225,12.1139354265573,0.281284526585828,2020-02-03,2020,2
"802","BA",2,"Nordeste",29003,"Santa Maria da Vitória",182396,22938.7488002478,6,26,7,19,13,13,0,0,0,0,0,26,7,19,13,13,17,10.0405828469225,12.1139354265573,0.269209867652688,2020-02-10,2020,2
"803","BA",2,"Nordeste",29003,"Santa Maria da Vitória",182396,22938.7488002478,7,22,9,13,8,14,1,0,0,0,0,23,9,13,8,14,14,10.0405828469225,12.1139354265573,0.278305399061151,2020-02-17,2020,2
"804","BA",2,"Nordeste",29003,"Santa Maria da Vitória",182396,22938.7488002478,8,30,7,23,15,15,0,0,0,0,0,30,7,23,15,15,21,10.0405828469225,12.1139354265573,0.312631286669307,2020-02-24,2020,2
"805","BA",2,"Nordeste",29003,"Santa Maria da Vitória",182396,22938.7488002478,9,18,6,12,7,11,0,0,0,0,0,18,6,12,7,11,23,10.0405828469225,12.1139354265573,0.306264203821659,2020-03-02,2020,3
"806","BA",2,"Nordeste",29003,"Santa Maria da Vitória",182396,22938.7488002478,10,19,10,9,7,12,1,0,0,0,0,20,10,9,7,12,20,10.0405828469225,12.1139354265573,0.317637597419269,2020-03-09,2020,3
"807","BA",2,"Nordeste",29003,"Santa Maria da Vitória",182396,22938.7488002478,11,16,6,10,5,11,1,0,0,0,0,17,6,10,5,11,26,10.0405828469225,12.1139354265573,0.367549247117038,2020-03-16,2020,3
"808","BA",2,"Nordeste",29003,"Santa Maria da Vitória",182396,22938.7488002478,12,14,4,10,3,11,0,0,0,0,0,14,4,10,3,11,19,10.0405828469225,12.1139354265573,0.470863385989869,2020-03-23,2020,3
"809","BA",2,"Nordeste",29003,"Santa Maria da Vitória",182396,22938.7488002478,13,22,5,17,8,14,0,0,0,0,0,22,5,17,8,14,18,10.0405828469225,12.1139354265573,0.416682436192773,2020-03-30,2020,3
"810","BA",2,"Nordeste",29003,"Santa Maria da Vitória",182396,22938.7488002478,14,18,5,13,6,12,1,0,0,0,0,19,5,13,6,12,19,10.0405828469225,12.1139354265573,0.415315067548235,2020-04-06,2020,4
"811","BA",2,"Nordeste",29003,"Santa Maria da Vitória",182396,22938.7488002478,15,27,9,18,12,15,1,0,0,0,0,28,9,18,12,15,22,10.0405828469225,12.1139354265573,0.378770979687641,2020-04-13,2020,4
"812","BA",2,"Nordeste",29003,"Santa Maria da Vitória",182396,22938.7488002478,16,21,5,16,7,14,1,0,0,0,0,22,5,16,7,14,13,10.0405828469225,12.1139354265573,0.367206927260988,2020-04-20,2020,4
"813","BA",2,"Nordeste",29003,"Santa Maria da Vitória",182396,22938.7488002478,17,35,12,23,21,14,0,0,0,0,0,35,12,23,21,14,18,10.0405828469225,12.1139354265573,0.371084261475766,2020-04-27,2020,4
"814","BA",2,"Nordeste",29003,"Santa Maria da Vitória",182396,22938.7488002478,18,30,8,22,16,14,0,0,0,0,0,30,8,22,16,14,13,10.0405828469225,12.1139354265573,0.360236296401011,2020-05-04,2020,5
"815","BA",2,"Nordeste",29003,"Santa Maria da Vitória",182396,22938.7488002478,19,30,8,22,10,20,0,0,0,0,0,30,8,22,10,20,17,10.0405828469225,12.1139354265573,0.391606745401821,2020-05-11,2020,5
"816","BA",2,"Nordeste",29003,"Santa Maria da Vitória",182396,22938.7488002478,20,24,6,18,13,11,0,0,0,0,0,24,6,18,13,11,19,10.0405828469225,12.1139354265573,0.382918843545811,2020-05-18,2020,5
"817","BA",2,"Nordeste",29003,"Santa Maria da Vitória",182396,22938.7488002478,21,34,11,23,18,16,1,0,0,0,0,35,11,23,18,16,12,10.0405828469225,12.1139354265573,0.386560986911227,2020-05-25,2020,5
"818","BA",2,"Nordeste",29003,"Santa Maria da Vitória",182396,22938.7488002478,22,30,5,25,13,17,0,0,0,0,0,30,5,25,13,17,20,10.0405828469225,12.1139354265573,0.359362713495282,2020-06-01,2020,6
"819","BA",2,"Nordeste",29003,"Santa Maria da Vitória",182396,22938.7488002478,23,18,4,14,6,12,1,0,0,0,0,19,4,14,6,12,21,10.0405828469225,12.1139354265573,0.345622370491337,2020-06-08,2020,6
"820","BA",2,"Nordeste",29003,"Santa Maria da Vitória",182396,22938.7488002478,24,39,8,31,15,24,1,0,0,0,0,40,8,31,15,24,27,10.0405828469225,12.1139354265573,0.351568112003989,2020-06-15,2020,6
"821","BA",2,"Nordeste",29003,"Santa Maria da Vitória",182396,22938.7488002478,25,35,14,21,11,24,1,0,0,0,0,36,14,21,11,24,17,10.0405828469225,12.1139354265573,0.359411435657147,2020-06-22,2020,6
"822","BA",2,"Nordeste",29003,"Santa Maria da Vitória",182396,22938.7488002478,26,31,12,19,10,21,0,0,0,0,0,31,12,19,10,21,15,10.0405828469225,12.1139354265573,0.387847033520696,2020-06-29,2020,6
"823","BA",2,"Nordeste",29003,"Santa Maria da Vitória",182396,22938.7488002478,27,29,7,22,9,20,0,0,0,0,0,29,7,22,9,20,13,10.0405828469225,12.1139354265573,0.408669485960684,2020-07-06,2020,7
"824","BA",2,"Nordeste",29003,"Santa Maria da Vitória",182396,22938.7488002478,28,31,12,19,12,19,0,0,0,0,0,31,12,19,12,19,18,10.0405828469225,12.1139354265573,0.412093675521689,2020-07-13,2020,7
"825","BA",2,"Nordeste",29003,"Santa Maria da Vitória",182396,22938.7488002478,29,25,3,22,6,19,3,0,0,0,0,28,3,22,6,19,23,10.0405828469225,12.1139354265573,0.415993090482846,2020-07-20,2020,7
"826","BA",2,"Nordeste",29004,"Juazeiro",494980,15408.4189687664,5,137,55,82,64,73,2,0,0,0,0,139,55,82,64,73,53,9.64266932530675,13.1122726366942,0.267285300359557,2020-02-03,2020,2
"827","BA",2,"Nordeste",29004,"Juazeiro",494980,15408.4189687664,6,138,57,81,67,71,1,0,0,0,0,139,57,81,67,71,60,9.64266932530675,13.1122726366942,0.26472158531489,2020-02-10,2020,2
"828","BA",2,"Nordeste",29004,"Juazeiro",494980,15408.4189687664,7,154,61,93,77,77,2,0,0,0,0,156,61,93,77,77,58,9.64266932530675,13.1122726366942,0.284217747373855,2020-02-17,2020,2
"829","BA",2,"Nordeste",29004,"Juazeiro",494980,15408.4189687664,8,153,64,89,71,82,2,0,0,0,0,155,64,89,71,82,64,9.64266932530675,13.1122726366942,0.318099725299967,2020-02-24,2020,2
"830","BA",2,"Nordeste",29004,"Juazeiro",494980,15408.4189687664,9,156,52,104,77,79,2,0,0,0,0,158,52,104,77,79,64,9.64266932530675,13.1122726366942,0.301776619416209,2020-03-02,2020,3
"831","BA",2,"Nordeste",29004,"Juazeiro",494980,15408.4189687664,10,134,46,88,63,71,2,0,0,0,0,136,46,88,63,71,58,9.64266932530675,13.1122726366942,0.3196005280909,2020-03-09,2020,3
"832","BA",2,"Nordeste",29004,"Juazeiro",494980,15408.4189687664,11,119,49,70,52,67,4,0,0,0,0,123,49,70,52,67,46,9.64266932530675,13.1122726366942,0.379411139874431,2020-03-16,2020,3
"833","BA",2,"Nordeste",29004,"Juazeiro",494980,15408.4189687664,12,157,58,99,74,83,2,0,0,0,0,159,58,99,74,83,74,9.64266932530675,13.1122726366942,0.467591600159474,2020-03-23,2020,3
"834","BA",2,"Nordeste",29004,"Juazeiro",494980,15408.4189687664,13,134,55,79,56,78,5,0,0,0,0,139,55,79,56,78,76,9.64266932530675,13.1122726366942,0.42186754462256,2020-03-30,2020,3
"835","BA",2,"Nordeste",29004,"Juazeiro",494980,15408.4189687664,14,152,59,93,82,70,1,0,0,0,0,153,59,93,82,70,53,9.64266932530675,13.1122726366942,0.404320909181706,2020-04-06,2020,4
"836","BA",2,"Nordeste",29004,"Juazeiro",494980,15408.4189687664,15,132,47,85,61,71,1,0,0,0,0,133,47,85,61,71,54,9.64266932530675,13.1122726366942,0.391994473657932,2020-04-13,2020,4
"837","BA",2,"Nordeste",29004,"Juazeiro",494980,15408.4189687664,16,140,66,74,62,78,3,0,0,0,0,143,66,74,62,78,46,9.64266932530675,13.1122726366942,0.386447344781905,2020-04-20,2020,4
"838","BA",2,"Nordeste",29004,"Juazeiro",494980,15408.4189687664,17,164,68,96,85,79,4,0,0,0,0,168,68,96,85,79,57,9.64266932530675,13.1122726366942,0.376666185068309,2020-04-27,2020,4
"839","BA",2,"Nordeste",29004,"Juazeiro",494980,15408.4189687664,18,150,51,99,77,73,3,0,0,0,0,153,51,99,77,73,59,9.64266932530675,13.1122726366942,0.386722020087607,2020-05-04,2020,5
"840","BA",2,"Nordeste",29004,"Juazeiro",494980,15408.4189687664,19,142,63,79,67,75,2,0,0,0,0,144,63,79,67,75,47,9.64266932530675,13.1122726366942,0.408570664559308,2020-05-11,2020,5
"841","BA",2,"Nordeste",29004,"Juazeiro",494980,15408.4189687664,20,148,63,85,61,87,3,0,0,0,0,151,63,85,61,87,67,9.64266932530675,13.1122726366942,0.400539774775137,2020-05-18,2020,5
"842","BA",2,"Nordeste",29004,"Juazeiro",494980,15408.4189687664,21,164,66,98,84,80,2,0,0,0,0,166,66,98,84,80,59,9.64266932530675,13.1122726366942,0.404458348800211,2020-05-25,2020,5
"843","BA",2,"Nordeste",29004,"Juazeiro",494980,15408.4189687664,22,155,58,97,75,80,1,0,0,0,0,156,58,97,75,80,52,9.64266932530675,13.1122726366942,0.374317889138028,2020-06-01,2020,6
"844","BA",2,"Nordeste",29004,"Juazeiro",494980,15408.4189687664,23,145,65,80,71,74,3,0,0,0,0,148,65,80,71,74,80,9.64266932530675,13.1122726366942,0.373317202372872,2020-06-08,2020,6
"845","BA",2,"Nordeste",29004,"Juazeiro",494980,15408.4189687664,24,142,53,89,66,76,2,0,0,0,0,144,53,89,66,76,51,9.64266932530675,13.1122726366942,0.375616312884187,2020-06-15,2020,6
"846","BA",2,"Nordeste",29004,"Juazeiro",494980,15408.4189687664,25,148,66,82,72,76,3,0,0,0,0,151,66,82,72,76,85,9.64266932530675,13.1122726366942,0.374299920955832,2020-06-22,2020,6
"847","BA",2,"Nordeste",29004,"Juazeiro",494980,15408.4189687664,26,150,59,91,80,70,3,0,0,0,0,153,59,91,80,70,67,9.64266932530675,13.1122726366942,0.395382917847965,2020-06-29,2020,6
"848","BA",2,"Nordeste",29004,"Juazeiro",494980,15408.4189687664,27,148,65,83,74,74,2,0,0,0,0,150,65,83,74,74,80,9.64266932530675,13.1122726366942,0.406977589832446,2020-07-06,2020,7
"849","BA",2,"Nordeste",29004,"Juazeiro",494980,15408.4189687664,28,132,50,82,71,61,1,0,0,0,0,133,50,82,71,61,65,9.64266932530675,13.1122726366942,0.416609093045451,2020-07-13,2020,7
"850","BA",2,"Nordeste",29004,"Juazeiro",494980,15408.4189687664,29,170,61,109,79,91,4,0,0,0,0,174,61,109,79,91,69,9.64266932530675,13.1122726366942,0.409157461429008,2020-07-20,2020,7
"851","BA",2,"Nordeste",29005,"Paulo Afonso",182526,22174.7689210304,5,46,15,31,19,27,0,0,0,0,0,46,15,31,19,27,18,10.0067103864259,12.1146479076108,0.280934202641983,2020-02-03,2020,2
"852","BA",2,"Nordeste",29005,"Paulo Afonso",182526,22174.7689210304,6,59,21,38,29,30,0,0,0,0,0,59,21,38,29,30,15,10.0067103864259,12.1146479076108,0.279344586961496,2020-02-10,2020,2
"853","BA",2,"Nordeste",29005,"Paulo Afonso",182526,22174.7689210304,7,49,18,31,24,25,0,0,0,0,0,49,18,31,24,25,12,10.0067103864259,12.1146479076108,0.290455351233438,2020-02-17,2020,2
"854","BA",2,"Nordeste",29005,"Paulo Afonso",182526,22174.7689210304,8,50,18,32,16,34,0,0,0,0,0,50,18,32,16,34,20,10.0067103864259,12.1146479076108,0.324937625900316,2020-02-24,2020,2
"855","BA",2,"Nordeste",29005,"Paulo Afonso",182526,22174.7689210304,9,42,22,20,16,26,0,0,0,0,0,42,22,20,16,26,16,10.0067103864259,12.1146479076108,0.301962732133085,2020-03-02,2020,3
"856","BA",2,"Nordeste",29005,"Paulo Afonso",182526,22174.7689210304,10,43,19,24,17,26,2,0,0,0,0,45,19,24,17,26,27,10.0067103864259,12.1146479076108,0.335912287080138,2020-03-09,2020,3
"857","BA",2,"Nordeste",29005,"Paulo Afonso",182526,22174.7689210304,11,58,20,38,27,31,0,0,0,0,0,58,20,38,27,31,24,10.0067103864259,12.1146479076108,0.397940151146668,2020-03-16,2020,3
"858","BA",2,"Nordeste",29005,"Paulo Afonso",182526,22174.7689210304,12,27,7,20,10,17,0,0,0,0,0,27,7,20,10,17,22,10.0067103864259,12.1146479076108,0.484672395421158,2020-03-23,2020,3
"859","BA",2,"Nordeste",29005,"Paulo Afonso",182526,22174.7689210304,13,45,17,28,25,20,1,0,0,0,0,46,17,28,25,20,24,10.0067103864259,12.1146479076108,0.43834503773509,2020-03-30,2020,3
"860","BA",2,"Nordeste",29005,"Paulo Afonso",182526,22174.7689210304,14,38,11,27,23,15,2,0,0,0,0,40,11,27,23,15,26,10.0067103864259,12.1146479076108,0.425508849859028,2020-04-06,2020,4
"861","BA",2,"Nordeste",29005,"Paulo Afonso",182526,22174.7689210304,15,56,19,37,28,28,0,0,0,0,0,56,19,37,28,28,21,10.0067103864259,12.1146479076108,0.41417083802363,2020-04-13,2020,4
"862","BA",2,"Nordeste",29005,"Paulo Afonso",182526,22174.7689210304,16,51,15,36,18,33,0,0,0,0,0,51,15,36,18,33,22,10.0067103864259,12.1146479076108,0.42501189379305,2020-04-20,2020,4
"863","BA",2,"Nordeste",29005,"Paulo Afonso",182526,22174.7689210304,17,45,14,31,17,28,1,0,0,0,0,46,14,31,17,28,19,10.0067103864259,12.1146479076108,0.416040599075488,2020-04-27,2020,4
"864","BA",2,"Nordeste",29005,"Paulo Afonso",182526,22174.7689210304,18,41,15,26,21,20,1,0,0,0,0,42,15,26,21,20,10,10.0067103864259,12.1146479076108,0.408135814313292,2020-05-04,2020,5
"865","BA",2,"Nordeste",29005,"Paulo Afonso",182526,22174.7689210304,19,47,17,30,18,29,1,0,0,0,0,48,17,30,18,29,24,10.0067103864259,12.1146479076108,0.435666359601102,2020-05-11,2020,5
"866","BA",2,"Nordeste",29005,"Paulo Afonso",182526,22174.7689210304,20,47,16,31,21,26,1,0,0,0,0,48,16,31,21,26,17,10.0067103864259,12.1146479076108,0.428145240947812,2020-05-18,2020,5
"867","BA",2,"Nordeste",29005,"Paulo Afonso",182526,22174.7689210304,21,43,12,31,13,30,1,0,0,0,0,44,12,31,13,30,28,10.0067103864259,12.1146479076108,0.432472344351715,2020-05-25,2020,5
"868","BA",2,"Nordeste",29005,"Paulo Afonso",182526,22174.7689210304,22,45,20,25,20,25,0,0,0,0,0,45,20,25,20,25,21,10.0067103864259,12.1146479076108,0.403761330820943,2020-06-01,2020,6
"869","BA",2,"Nordeste",29005,"Paulo Afonso",182526,22174.7689210304,23,65,22,43,34,31,0,0,0,0,0,65,22,43,34,31,26,10.0067103864259,12.1146479076108,0.41467285166931,2020-06-08,2020,6
"870","BA",2,"Nordeste",29005,"Paulo Afonso",182526,22174.7689210304,24,43,18,25,23,20,0,0,0,0,0,43,18,25,23,20,25,10.0067103864259,12.1146479076108,0.418121020558982,2020-06-15,2020,6
"871","BA",2,"Nordeste",29005,"Paulo Afonso",182526,22174.7689210304,25,63,21,42,27,36,0,0,0,0,0,63,21,42,27,36,24,10.0067103864259,12.1146479076108,0.405042623848715,2020-06-22,2020,6
"872","BA",2,"Nordeste",29005,"Paulo Afonso",182526,22174.7689210304,26,69,20,49,27,42,1,0,0,0,0,70,20,49,27,42,30,10.0067103864259,12.1146479076108,0.434086963080374,2020-06-29,2020,6
"873","BA",2,"Nordeste",29005,"Paulo Afonso",182526,22174.7689210304,27,62,23,39,36,26,0,0,0,0,0,62,23,39,36,26,31,10.0067103864259,12.1146479076108,0.457677729603582,2020-07-06,2020,7
"874","BA",2,"Nordeste",29005,"Paulo Afonso",182526,22174.7689210304,28,51,20,31,27,24,1,0,0,0,0,52,20,31,27,24,29,10.0067103864259,12.1146479076108,0.454424733684619,2020-07-13,2020,7
"875","BA",2,"Nordeste",29005,"Paulo Afonso",182526,22174.7689210304,29,52,18,34,17,35,0,0,0,0,0,52,18,34,17,35,26,10.0067103864259,12.1146479076108,0.447334478876184,2020-07-20,2020,7
"876","BA",2,"Nordeste",29006,"Barra",183168,8489.54721605302,5,44,17,27,23,21,2,0,0,0,0,46,17,27,23,21,12,9.0465909464407,12.1181590434761,0.261273830305725,2020-02-03,2020,2
"877","BA",2,"Nordeste",29006,"Barra",183168,8489.54721605302,6,56,19,37,31,25,0,0,0,0,0,56,19,37,31,25,15,9.0465909464407,12.1181590434761,0.253190226142189,2020-02-10,2020,2
"878","BA",2,"Nordeste",29006,"Barra",183168,8489.54721605302,7,44,18,26,19,25,0,0,0,0,0,44,18,26,19,25,9,9.0465909464407,12.1181590434761,0.264429915629641,2020-02-17,2020,2
"879","BA",2,"Nordeste",29006,"Barra",183168,8489.54721605302,8,58,24,34,28,30,0,0,0,0,0,58,24,34,28,30,18,9.0465909464407,12.1181590434761,0.293756743341664,2020-02-24,2020,2
"880","BA",2,"Nordeste",29006,"Barra",183168,8489.54721605302,9,55,18,37,18,37,0,0,0,0,0,55,18,37,18,37,19,9.0465909464407,12.1181590434761,0.280086209131697,2020-03-02,2020,3
"881","BA",2,"Nordeste",29006,"Barra",183168,8489.54721605302,10,60,29,31,27,33,0,0,0,0,0,60,29,31,27,33,27,9.0465909464407,12.1181590434761,0.301475040604888,2020-03-09,2020,3
"882","BA",2,"Nordeste",29006,"Barra",183168,8489.54721605302,11,44,12,32,16,28,0,0,0,0,0,44,12,32,16,28,23,9.0465909464407,12.1181590434761,0.365048776437826,2020-03-16,2020,3
"883","BA",2,"Nordeste",29006,"Barra",183168,8489.54721605302,12,43,14,29,19,24,2,0,0,0,0,45,14,29,19,24,19,9.0465909464407,12.1181590434761,0.439587159144904,2020-03-23,2020,3
"884","BA",2,"Nordeste",29006,"Barra",183168,8489.54721605302,13,44,19,25,24,20,1,0,0,0,0,45,19,25,24,20,19,9.0465909464407,12.1181590434761,0.403216510873223,2020-03-30,2020,3
"885","BA",2,"Nordeste",29006,"Barra",183168,8489.54721605302,14,44,11,33,21,23,1,0,0,0,0,45,11,33,21,23,26,9.0465909464407,12.1181590434761,0.401488908988735,2020-04-06,2020,4
"886","BA",2,"Nordeste",29006,"Barra",183168,8489.54721605302,15,48,19,29,18,30,0,0,0,0,0,48,19,29,18,30,15,9.0465909464407,12.1181590434761,0.374384597662618,2020-04-13,2020,4
"887","BA",2,"Nordeste",29006,"Barra",183168,8489.54721605302,16,49,16,33,16,33,0,0,0,0,0,49,16,33,16,33,16,9.0465909464407,12.1181590434761,0.352234001101558,2020-04-20,2020,4
"888","BA",2,"Nordeste",29006,"Barra",183168,8489.54721605302,17,56,12,44,33,23,2,0,0,0,0,58,12,44,33,23,18,9.0465909464407,12.1181590434761,0.355404532079992,2020-04-27,2020,4
"889","BA",2,"Nordeste",29006,"Barra",183168,8489.54721605302,18,54,22,32,33,21,3,0,0,0,0,57,22,32,33,21,29,9.0465909464407,12.1181590434761,0.35251745763768,2020-05-04,2020,5
"890","BA",2,"Nordeste",29006,"Barra",183168,8489.54721605302,19,55,16,39,30,25,1,0,0,0,0,56,16,39,30,25,25,9.0465909464407,12.1181590434761,0.375313741813523,2020-05-11,2020,5
"891","BA",2,"Nordeste",29006,"Barra",183168,8489.54721605302,20,60,25,35,33,27,0,0,0,0,0,60,25,35,33,27,21,9.0465909464407,12.1181590434761,0.379841609234249,2020-05-18,2020,5
"892","BA",2,"Nordeste",29006,"Barra",183168,8489.54721605302,21,68,21,47,30,38,1,0,0,0,0,69,21,47,30,38,15,9.0465909464407,12.1181590434761,0.404403926869118,2020-05-25,2020,5
"893","BA",2,"Nordeste",29006,"Barra",183168,8489.54721605302,22,81,33,48,42,39,2,0,0,0,0,83,33,48,42,39,28,9.0465909464407,12.1181590434761,0.360640010646695,2020-06-01,2020,6
"894","BA",2,"Nordeste",29006,"Barra",183168,8489.54721605302,23,69,28,41,30,39,0,0,0,0,0,69,28,41,30,39,14,9.0465909464407,12.1181590434761,0.354387368115472,2020-06-08,2020,6
"895","BA",2,"Nordeste",29006,"Barra",183168,8489.54721605302,24,69,22,47,30,39,1,0,0,0,0,70,22,47,30,39,19,9.0465909464407,12.1181590434761,0.35609430745836,2020-06-15,2020,6
"896","BA",2,"Nordeste",29006,"Barra",183168,8489.54721605302,25,57,19,38,31,26,0,0,0,0,0,57,19,38,31,26,23,9.0465909464407,12.1181590434761,0.35666295204365,2020-06-22,2020,6
"897","BA",2,"Nordeste",29006,"Barra",183168,8489.54721605302,26,53,18,35,26,27,0,0,0,0,0,53,18,35,26,27,18,9.0465909464407,12.1181590434761,0.37579093869298,2020-06-29,2020,6
"898","BA",2,"Nordeste",29006,"Barra",183168,8489.54721605302,27,55,20,35,23,32,1,0,0,0,0,56,20,35,23,32,12,9.0465909464407,12.1181590434761,0.396224331692486,2020-07-06,2020,7
"899","BA",2,"Nordeste",29006,"Barra",183168,8489.54721605302,28,53,24,29,25,28,0,0,0,0,0,53,24,29,25,28,28,9.0465909464407,12.1181590434761,0.391427062125911,2020-07-13,2020,7
"900","BA",2,"Nordeste",29006,"Barra",183168,8489.54721605302,29,40,18,22,20,20,1,0,0,0,0,41,18,22,20,20,17,9.0465909464407,12.1181590434761,0.38873844782869,2020-07-20,2020,7
"901","BA",2,"Nordeste",29007,"Bom Jesus da Lapa",181009,10383.8023523692,5,41,11,30,17,24,0,0,0,0,0,41,11,30,17,24,25,9.24800240489998,12.1063020327687,0.291450612557936,2020-02-03,2020,2
"902","BA",2,"Nordeste",29007,"Bom Jesus da Lapa",181009,10383.8023523692,6,45,8,37,19,26,1,0,0,0,0,46,8,37,19,26,14,9.24800240489998,12.1063020327687,0.272672805506507,2020-02-10,2020,2
"903","BA",2,"Nordeste",29007,"Bom Jesus da Lapa",181009,10383.8023523692,7,41,12,29,18,23,0,0,0,0,0,41,12,29,18,23,17,9.24800240489998,12.1063020327687,0.280538661286313,2020-02-17,2020,2
"904","BA",2,"Nordeste",29007,"Bom Jesus da Lapa",181009,10383.8023523692,8,44,9,35,24,20,0,0,0,0,0,44,9,35,24,20,18,9.24800240489998,12.1063020327687,0.316973223806743,2020-02-24,2020,2
"905","BA",2,"Nordeste",29007,"Bom Jesus da Lapa",181009,10383.8023523692,9,39,10,29,18,21,1,0,0,0,0,40,10,29,18,21,18,9.24800240489998,12.1063020327687,0.311386465205801,2020-03-02,2020,3
"906","BA",2,"Nordeste",29007,"Bom Jesus da Lapa",181009,10383.8023523692,10,41,9,32,15,26,0,0,0,0,0,41,9,32,15,26,25,9.24800240489998,12.1063020327687,0.328517925487702,2020-03-09,2020,3
"907","BA",2,"Nordeste",29007,"Bom Jesus da Lapa",181009,10383.8023523692,11,37,9,28,22,15,2,0,0,0,0,39,9,28,22,15,16,9.24800240489998,12.1063020327687,0.367138726695715,2020-03-16,2020,3
"908","BA",2,"Nordeste",29007,"Bom Jesus da Lapa",181009,10383.8023523692,12,33,11,22,16,17,2,0,0,0,0,35,11,22,16,17,22,9.24800240489998,12.1063020327687,0.473135293368512,2020-03-23,2020,3
"909","BA",2,"Nordeste",29007,"Bom Jesus da Lapa",181009,10383.8023523692,13,27,6,21,13,14,0,0,0,0,0,27,6,21,13,14,15,9.24800240489998,12.1063020327687,0.412263836880625,2020-03-30,2020,3
"910","BA",2,"Nordeste",29007,"Bom Jesus da Lapa",181009,10383.8023523692,14,38,10,28,18,20,1,0,0,0,0,39,10,28,18,20,26,9.24800240489998,12.1063020327687,0.405661645039467,2020-04-06,2020,4
"911","BA",2,"Nordeste",29007,"Bom Jesus da Lapa",181009,10383.8023523692,15,36,10,26,19,17,0,0,0,0,0,36,10,26,19,17,12,9.24800240489998,12.1063020327687,0.383840784265562,2020-04-13,2020,4
"912","BA",2,"Nordeste",29007,"Bom Jesus da Lapa",181009,10383.8023523692,16,41,15,26,12,29,0,0,0,0,0,41,15,26,12,29,18,9.24800240489998,12.1063020327687,0.373817489803645,2020-04-20,2020,4
"913","BA",2,"Nordeste",29007,"Bom Jesus da Lapa",181009,10383.8023523692,17,47,14,33,26,21,1,0,0,0,0,48,14,33,26,21,21,9.24800240489998,12.1063020327687,0.362297486729622,2020-04-27,2020,4
"914","BA",2,"Nordeste",29007,"Bom Jesus da Lapa",181009,10383.8023523692,18,53,17,36,15,38,1,0,0,0,0,54,17,36,15,38,23,9.24800240489998,12.1063020327687,0.372133545189815,2020-05-04,2020,5
"915","BA",2,"Nordeste",29007,"Bom Jesus da Lapa",181009,10383.8023523692,19,36,13,23,20,16,1,0,0,0,0,37,13,23,20,16,22,9.24800240489998,12.1063020327687,0.385776707265237,2020-05-11,2020,5
"916","BA",2,"Nordeste",29007,"Bom Jesus da Lapa",181009,10383.8023523692,20,38,12,26,13,25,1,0,0,0,0,39,12,26,13,25,17,9.24800240489998,12.1063020327687,0.397332896604892,2020-05-18,2020,5
"917","BA",2,"Nordeste",29007,"Bom Jesus da Lapa",181009,10383.8023523692,21,50,12,38,20,30,0,0,0,0,0,50,12,38,20,30,19,9.24800240489998,12.1063020327687,0.40705045085843,2020-05-25,2020,5
"918","BA",2,"Nordeste",29007,"Bom Jesus da Lapa",181009,10383.8023523692,22,45,14,31,18,27,1,0,0,0,0,46,14,31,18,27,22,9.24800240489998,12.1063020327687,0.389117893855497,2020-06-01,2020,6
"919","BA",2,"Nordeste",29007,"Bom Jesus da Lapa",181009,10383.8023523692,23,41,10,31,21,20,0,0,0,0,0,41,10,31,21,20,22,9.24800240489998,12.1063020327687,0.381107716740368,2020-06-08,2020,6
"920","BA",2,"Nordeste",29007,"Bom Jesus da Lapa",181009,10383.8023523692,24,42,9,33,24,18,0,0,0,0,0,42,9,33,24,18,10,9.24800240489998,12.1063020327687,0.374137713073047,2020-06-15,2020,6
"921","BA",2,"Nordeste",29007,"Bom Jesus da Lapa",181009,10383.8023523692,25,55,10,45,24,31,1,0,0,0,0,56,10,45,24,31,14,9.24800240489998,12.1063020327687,0.362540313926567,2020-06-22,2020,6
"922","BA",2,"Nordeste",29007,"Bom Jesus da Lapa",181009,10383.8023523692,26,48,11,37,18,30,2,0,0,0,0,50,11,37,18,30,19,9.24800240489998,12.1063020327687,0.390846302297328,2020-06-29,2020,6
"923","BA",2,"Nordeste",29007,"Bom Jesus da Lapa",181009,10383.8023523692,27,48,22,26,20,28,1,0,0,0,0,49,22,26,20,28,26,9.24800240489998,12.1063020327687,0.404442468819658,2020-07-06,2020,7
"924","BA",2,"Nordeste",29007,"Bom Jesus da Lapa",181009,10383.8023523692,28,39,12,27,22,17,0,0,0,0,0,39,12,27,22,17,22,9.24800240489998,12.1063020327687,0.406897346595842,2020-07-13,2020,7
"925","BA",2,"Nordeste",29007,"Bom Jesus da Lapa",181009,10383.8023523692,29,51,21,30,22,29,2,0,0,0,0,53,21,30,22,29,16,9.24800240489998,12.1063020327687,0.412501966938719,2020-07-20,2020,7
"926","BA",2,"Nordeste",29008,"Senhor do Bonfim",302999,11861.7717789498,5,68,24,44,27,41,1,0,0,0,0,69,24,44,27,41,31,9.38107605253645,12.621484784156,0.275027761230423,2020-02-03,2020,2
"927","BA",2,"Nordeste",29008,"Senhor do Bonfim",302999,11861.7717789498,6,92,22,70,37,55,0,0,0,0,0,92,22,70,37,55,41,9.38107605253645,12.621484784156,0.274079532479807,2020-02-10,2020,2
"928","BA",2,"Nordeste",29008,"Senhor do Bonfim",302999,11861.7717789498,7,68,20,48,27,41,0,0,0,0,0,68,20,48,27,41,33,9.38107605253645,12.621484784156,0.283848249318343,2020-02-17,2020,2
"929","BA",2,"Nordeste",29008,"Senhor do Bonfim",302999,11861.7717789498,8,70,15,55,30,40,0,0,0,0,0,70,15,55,30,40,53,9.38107605253645,12.621484784156,0.317387182026579,2020-02-24,2020,2
"930","BA",2,"Nordeste",29008,"Senhor do Bonfim",302999,11861.7717789498,9,77,23,54,36,41,2,0,0,0,0,79,23,54,36,41,36,9.38107605253645,12.621484784156,0.29717689297505,2020-03-02,2020,3
"931","BA",2,"Nordeste",29008,"Senhor do Bonfim",302999,11861.7717789498,10,71,22,49,34,37,0,0,0,0,0,71,22,49,34,37,47,9.38107605253645,12.621484784156,0.319640763288713,2020-03-09,2020,3
"932","BA",2,"Nordeste",29008,"Senhor do Bonfim",302999,11861.7717789498,11,62,26,36,28,34,1,0,0,0,0,63,26,36,28,34,36,9.38107605253645,12.621484784156,0.370556915308032,2020-03-16,2020,3
"933","BA",2,"Nordeste",29008,"Senhor do Bonfim",302999,11861.7717789498,12,66,23,43,27,39,0,0,0,0,0,66,23,43,27,39,43,9.38107605253645,12.621484784156,0.482974053089971,2020-03-23,2020,3
"934","BA",2,"Nordeste",29008,"Senhor do Bonfim",302999,11861.7717789498,13,56,14,42,23,33,1,0,0,0,0,57,14,42,23,33,44,9.38107605253645,12.621484784156,0.442849413288319,2020-03-30,2020,3
"935","BA",2,"Nordeste",29008,"Senhor do Bonfim",302999,11861.7717789498,14,66,16,50,34,32,2,0,0,0,0,68,16,50,34,32,35,9.38107605253645,12.621484784156,0.419953790335328,2020-04-06,2020,4
"936","BA",2,"Nordeste",29008,"Senhor do Bonfim",302999,11861.7717789498,15,63,23,40,36,27,2,0,0,0,0,65,23,40,36,27,32,9.38107605253645,12.621484784156,0.392914503297588,2020-04-13,2020,4
"937","BA",2,"Nordeste",29008,"Senhor do Bonfim",302999,11861.7717789498,16,67,30,37,31,36,1,0,0,0,0,68,30,37,31,36,36,9.38107605253645,12.621484784156,0.394342419718659,2020-04-20,2020,4
"938","BA",2,"Nordeste",29008,"Senhor do Bonfim",302999,11861.7717789498,17,71,24,47,32,39,1,0,0,0,0,72,24,47,32,39,33,9.38107605253645,12.621484784156,0.376578619954116,2020-04-27,2020,4
"939","BA",2,"Nordeste",29008,"Senhor do Bonfim",302999,11861.7717789498,18,71,27,44,29,42,2,0,0,0,0,73,27,44,29,42,41,9.38107605253645,12.621484784156,0.384193882240875,2020-05-04,2020,5
"940","BA",2,"Nordeste",29008,"Senhor do Bonfim",302999,11861.7717789498,19,73,22,51,35,38,1,0,0,0,0,74,22,51,35,38,39,9.38107605253645,12.621484784156,0.408811914368271,2020-05-11,2020,5
"941","BA",2,"Nordeste",29008,"Senhor do Bonfim",302999,11861.7717789498,20,80,39,41,44,36,0,0,0,0,0,80,39,41,44,36,39,9.38107605253645,12.621484784156,0.41844153913378,2020-05-18,2020,5
"942","BA",2,"Nordeste",29008,"Senhor do Bonfim",302999,11861.7717789498,21,76,19,57,28,48,1,0,0,0,0,77,19,57,28,48,35,9.38107605253645,12.621484784156,0.416858217717427,2020-05-25,2020,5
"943","BA",2,"Nordeste",29008,"Senhor do Bonfim",302999,11861.7717789498,22,74,21,53,39,35,0,0,0,0,0,74,21,53,39,35,36,9.38107605253645,12.621484784156,0.397363881380973,2020-06-01,2020,6
"944","BA",2,"Nordeste",29008,"Senhor do Bonfim",302999,11861.7717789498,23,59,14,45,25,34,1,0,0,0,0,60,14,45,25,34,32,9.38107605253645,12.621484784156,0.385569311924894,2020-06-08,2020,6
"945","BA",2,"Nordeste",29008,"Senhor do Bonfim",302999,11861.7717789498,24,80,27,53,36,44,0,0,0,0,0,80,27,53,36,44,45,9.38107605253645,12.621484784156,0.381696363099414,2020-06-15,2020,6
"946","BA",2,"Nordeste",29008,"Senhor do Bonfim",302999,11861.7717789498,25,82,29,53,35,47,0,0,0,0,0,82,29,53,35,47,43,9.38107605253645,12.621484784156,0.400361190951395,2020-06-22,2020,6
"947","BA",2,"Nordeste",29008,"Senhor do Bonfim",302999,11861.7717789498,26,74,27,47,34,40,2,0,0,0,0,76,27,47,34,40,35,9.38107605253645,12.621484784156,0.41981520425817,2020-06-29,2020,6
"948","BA",2,"Nordeste",29008,"Senhor do Bonfim",302999,11861.7717789498,27,88,29,59,37,51,0,0,0,0,0,88,29,59,37,51,32,9.38107605253645,12.621484784156,0.429764344478718,2020-07-06,2020,7
"949","BA",2,"Nordeste",29008,"Senhor do Bonfim",302999,11861.7717789498,28,85,25,60,34,51,1,0,0,0,0,86,25,60,34,51,49,9.38107605253645,12.621484784156,0.427414751069832,2020-07-13,2020,7
"950","BA",2,"Nordeste",29008,"Senhor do Bonfim",302999,11861.7717789498,29,78,26,52,43,35,1,0,0,0,0,79,26,52,43,35,48,9.38107605253645,12.621484784156,0.43171149145511,2020-07-20,2020,7
"951","BA",2,"Nordeste",29009,"Irecê",396256,10555.4974973754,5,100,25,75,36,64,0,0,0,0,0,100,25,75,36,64,50,9.26440209298269,12.8898157460148,0.28173579142088,2020-02-03,2020,2
"952","BA",2,"Nordeste",29009,"Irecê",396256,10555.4974973754,6,78,25,53,33,45,1,0,0,0,0,79,25,53,33,45,55,9.26440209298269,12.8898157460148,0.276733179657586,2020-02-10,2020,2
"953","BA",2,"Nordeste",29009,"Irecê",396256,10555.4974973754,7,96,25,71,40,56,0,0,0,0,0,96,25,71,40,56,60,9.26440209298269,12.8898157460148,0.298557808664513,2020-02-17,2020,2
"954","BA",2,"Nordeste",29009,"Irecê",396256,10555.4974973754,8,76,24,52,39,37,1,0,0,0,0,77,24,52,39,37,44,9.26440209298269,12.8898157460148,0.327552757464609,2020-02-24,2020,2
"955","BA",2,"Nordeste",29009,"Irecê",396256,10555.4974973754,9,83,23,60,38,45,0,0,0,0,0,83,23,60,38,45,49,9.26440209298269,12.8898157460148,0.309152663730736,2020-03-02,2020,3
"956","BA",2,"Nordeste",29009,"Irecê",396256,10555.4974973754,10,74,25,49,33,41,1,0,0,0,0,75,25,49,33,41,37,9.26440209298269,12.8898157460148,0.33424073855141,2020-03-09,2020,3
"957","BA",2,"Nordeste",29009,"Irecê",396256,10555.4974973754,11,70,20,50,26,44,1,0,0,0,0,71,20,50,26,44,51,9.26440209298269,12.8898157460148,0.389381785339032,2020-03-16,2020,3
"958","BA",2,"Nordeste",29009,"Irecê",396256,10555.4974973754,12,81,21,60,36,45,1,0,0,0,0,82,21,60,36,45,41,9.26440209298269,12.8898157460148,0.498461347961917,2020-03-23,2020,3
"959","BA",2,"Nordeste",29009,"Irecê",396256,10555.4974973754,13,76,20,56,34,42,3,0,0,0,0,79,20,56,34,42,39,9.26440209298269,12.8898157460148,0.447986024235835,2020-03-30,2020,3
"960","BA",2,"Nordeste",29009,"Irecê",396256,10555.4974973754,14,91,37,54,43,48,4,0,0,0,0,95,37,54,43,48,40,9.26440209298269,12.8898157460148,0.427818441414856,2020-04-06,2020,4
"961","BA",2,"Nordeste",29009,"Irecê",396256,10555.4974973754,15,94,27,67,34,60,3,0,0,0,0,97,27,67,34,60,51,9.26440209298269,12.8898157460148,0.414885018362114,2020-04-13,2020,4
"962","BA",2,"Nordeste",29009,"Irecê",396256,10555.4974973754,16,90,27,63,35,55,1,0,0,0,0,91,27,63,35,55,50,9.26440209298269,12.8898157460148,0.397864165266356,2020-04-20,2020,4
"963","BA",2,"Nordeste",29009,"Irecê",396256,10555.4974973754,17,104,41,63,49,55,0,0,0,0,0,104,41,63,49,55,69,9.26440209298269,12.8898157460148,0.378019993454718,2020-04-27,2020,4
"964","BA",2,"Nordeste",29009,"Irecê",396256,10555.4974973754,18,86,33,53,41,45,0,0,0,0,0,86,33,53,41,45,47,9.26440209298269,12.8898157460148,0.387043676390827,2020-05-04,2020,5
"965","BA",2,"Nordeste",29009,"Irecê",396256,10555.4974973754,19,111,29,82,51,60,2,0,0,0,0,113,29,82,51,60,70,9.26440209298269,12.8898157460148,0.410310539163748,2020-05-11,2020,5
"966","BA",2,"Nordeste",29009,"Irecê",396256,10555.4974973754,20,105,30,75,50,55,0,0,0,0,0,105,30,75,50,55,49,9.26440209298269,12.8898157460148,0.402528833780362,2020-05-18,2020,5
"967","BA",2,"Nordeste",29009,"Irecê",396256,10555.4974973754,21,131,39,92,49,82,3,0,0,0,0,134,39,92,49,82,40,9.26440209298269,12.8898157460148,0.407498273760131,2020-05-25,2020,5
"968","BA",2,"Nordeste",29009,"Irecê",396256,10555.4974973754,22,99,34,65,52,47,1,0,0,0,0,100,34,65,52,47,50,9.26440209298269,12.8898157460148,0.39117761566057,2020-06-01,2020,6
"969","BA",2,"Nordeste",29009,"Irecê",396256,10555.4974973754,23,96,33,63,37,59,0,0,0,0,0,96,33,63,37,59,45,9.26440209298269,12.8898157460148,0.381250398732475,2020-06-08,2020,6
"970","BA",2,"Nordeste",29009,"Irecê",396256,10555.4974973754,24,92,27,65,39,53,0,0,0,0,0,92,27,65,39,53,48,9.26440209298269,12.8898157460148,0.375575058530055,2020-06-15,2020,6
"971","BA",2,"Nordeste",29009,"Irecê",396256,10555.4974973754,25,88,30,58,42,46,1,0,0,0,0,89,30,58,42,46,57,9.26440209298269,12.8898157460148,0.381702437576449,2020-06-22,2020,6
"972","BA",2,"Nordeste",29009,"Irecê",396256,10555.4974973754,26,96,35,61,39,57,0,0,0,0,0,96,35,61,39,57,44,9.26440209298269,12.8898157460148,0.414926213430219,2020-06-29,2020,6
"973","BA",2,"Nordeste",29009,"Irecê",396256,10555.4974973754,27,104,25,79,46,58,1,0,0,0,0,105,25,79,46,58,50,9.26440209298269,12.8898157460148,0.429643643933621,2020-07-06,2020,7
"974","BA",2,"Nordeste",29009,"Irecê",396256,10555.4974973754,28,83,19,64,31,52,2,0,0,0,0,85,19,64,31,52,49,9.26440209298269,12.8898157460148,0.434712428777905,2020-07-13,2020,7
"975","BA",2,"Nordeste",29009,"Irecê",396256,10555.4974973754,29,87,28,59,41,46,2,0,0,0,0,89,28,59,41,46,45,9.26440209298269,12.8898157460148,0.426045415689857,2020-07-20,2020,7
"976","BA",2,"Nordeste",29010,"Jacobina",338733,10736.749558797,5,71,16,55,26,45,0,0,0,0,0,71,16,55,26,45,38,9.28142767409896,12.7329674654149,0.265547763869258,2020-02-03,2020,2
"977","BA",2,"Nordeste",29010,"Jacobina",338733,10736.749558797,6,79,27,52,32,47,0,0,0,0,0,79,27,52,32,47,47,9.28142767409896,12.7329674654149,0.261553685312273,2020-02-10,2020,2
"978","BA",2,"Nordeste",29010,"Jacobina",338733,10736.749558797,7,79,26,53,37,42,0,0,0,0,0,79,26,53,37,42,42,9.28142767409896,12.7329674654149,0.282108643440482,2020-02-17,2020,2
"979","BA",2,"Nordeste",29010,"Jacobina",338733,10736.749558797,8,62,25,37,26,36,0,0,0,0,0,62,25,37,26,36,47,9.28142767409896,12.7329674654149,0.310650997591176,2020-02-24,2020,2
"980","BA",2,"Nordeste",29010,"Jacobina",338733,10736.749558797,9,66,26,40,33,33,1,0,0,0,0,67,26,40,33,33,43,9.28142767409896,12.7329674654149,0.291787123490762,2020-03-02,2020,3
"981","BA",2,"Nordeste",29010,"Jacobina",338733,10736.749558797,10,74,32,42,27,47,0,0,0,0,0,74,32,42,27,47,46,9.28142767409896,12.7329674654149,0.314733941810375,2020-03-09,2020,3
"982","BA",2,"Nordeste",29010,"Jacobina",338733,10736.749558797,11,51,20,31,29,22,1,0,0,0,0,52,20,31,29,22,48,9.28142767409896,12.7329674654149,0.370794357292852,2020-03-16,2020,3
"983","BA",2,"Nordeste",29010,"Jacobina",338733,10736.749558797,12,68,24,44,35,33,2,0,0,0,0,70,24,44,35,33,42,9.28142767409896,12.7329674654149,0.466951191361533,2020-03-23,2020,3
"984","BA",2,"Nordeste",29010,"Jacobina",338733,10736.749558797,13,53,14,39,16,37,0,0,0,0,0,53,14,39,16,37,40,9.28142767409896,12.7329674654149,0.425301763135626,2020-03-30,2020,3
"985","BA",2,"Nordeste",29010,"Jacobina",338733,10736.749558797,14,80,27,53,31,49,0,0,0,0,0,80,27,53,31,49,35,9.28142767409896,12.7329674654149,0.406725458546642,2020-04-06,2020,4
"986","BA",2,"Nordeste",29010,"Jacobina",338733,10736.749558797,15,57,26,31,23,34,0,0,0,0,0,57,26,31,23,34,44,9.28142767409896,12.7329674654149,0.385067582712123,2020-04-13,2020,4
"987","BA",2,"Nordeste",29010,"Jacobina",338733,10736.749558797,16,66,30,36,25,41,1,0,0,0,0,67,30,36,25,41,51,9.28142767409896,12.7329674654149,0.376314280895369,2020-04-20,2020,4
"988","BA",2,"Nordeste",29010,"Jacobina",338733,10736.749558797,17,82,24,58,28,54,0,0,0,0,0,82,24,58,28,54,43,9.28142767409896,12.7329674654149,0.367407114415797,2020-04-27,2020,4
"989","BA",2,"Nordeste",29010,"Jacobina",338733,10736.749558797,18,64,23,41,26,38,0,0,0,0,0,64,23,41,26,38,43,9.28142767409896,12.7329674654149,0.379924027289158,2020-05-04,2020,5
"990","BA",2,"Nordeste",29010,"Jacobina",338733,10736.749558797,19,73,26,47,35,38,0,0,0,0,0,73,26,47,35,38,56,9.28142767409896,12.7329674654149,0.410401235452028,2020-05-11,2020,5
"991","BA",2,"Nordeste",29010,"Jacobina",338733,10736.749558797,20,81,26,55,37,44,0,0,0,0,0,81,26,55,37,44,47,9.28142767409896,12.7329674654149,0.407867512887122,2020-05-18,2020,5
"992","BA",2,"Nordeste",29010,"Jacobina",338733,10736.749558797,21,70,30,40,34,36,0,0,0,0,0,70,30,40,34,36,45,9.28142767409896,12.7329674654149,0.400219216769505,2020-05-25,2020,5
"993","BA",2,"Nordeste",29010,"Jacobina",338733,10736.749558797,22,76,25,51,37,39,0,0,0,0,0,76,25,51,37,39,48,9.28142767409896,12.7329674654149,0.375457257741253,2020-06-01,2020,6
"994","BA",2,"Nordeste",29010,"Jacobina",338733,10736.749558797,23,84,29,55,39,45,0,0,0,0,0,84,29,55,39,45,40,9.28142767409896,12.7329674654149,0.368753446511823,2020-06-08,2020,6
"995","BA",2,"Nordeste",29010,"Jacobina",338733,10736.749558797,24,84,27,57,40,44,2,0,0,0,0,86,27,57,40,44,39,9.28142767409896,12.7329674654149,0.364544485122952,2020-06-15,2020,6
"996","BA",2,"Nordeste",29010,"Jacobina",338733,10736.749558797,25,78,27,51,39,39,0,0,0,0,0,78,27,51,39,39,55,9.28142767409896,12.7329674654149,0.373885903179391,2020-06-22,2020,6
"997","BA",2,"Nordeste",29010,"Jacobina",338733,10736.749558797,26,68,34,34,32,36,1,0,0,0,0,69,34,34,32,36,50,9.28142767409896,12.7329674654149,0.394206740024927,2020-06-29,2020,6
"998","BA",2,"Nordeste",29010,"Jacobina",338733,10736.749558797,27,88,28,60,40,48,0,0,0,0,0,88,28,60,40,48,51,9.28142767409896,12.7329674654149,0.415525007479158,2020-07-06,2020,7
"999","BA",2,"Nordeste",29010,"Jacobina",338733,10736.749558797,28,84,26,58,34,50,0,0,0,0,0,84,26,58,34,50,36,9.28142767409896,12.7329674654149,0.413528388898061,2020-07-13,2020,7
"1000","BA",2,"Nordeste",29010,"Jacobina",338733,10736.749558797,29,86,31,55,49,37,1,0,0,0,0,87,31,55,49,37,48,9.28142767409896,12.7329674654149,0.417878684549728,2020-07-20,2020,7
"1001","BA",2,"Nordeste",29011,"Itaberaba",254407,9217.02920304866,5,45,15,30,20,25,1,0,0,0,0,46,15,30,20,25,29,9.12880805237843,12.4466906257928,0.265441272663372,2020-02-03,2020,2
"1002","BA",2,"Nordeste",29011,"Itaberaba",254407,9217.02920304866,6,39,13,26,20,19,0,0,0,0,0,39,13,26,20,19,27,9.12880805237843,12.4466906257928,0.262539489510451,2020-02-10,2020,2
"1003","BA",2,"Nordeste",29011,"Itaberaba",254407,9217.02920304866,7,58,18,40,22,36,1,0,0,0,0,59,18,40,22,36,32,9.12880805237843,12.4466906257928,0.272655832794178,2020-02-17,2020,2
"1004","BA",2,"Nordeste",29011,"Itaberaba",254407,9217.02920304866,8,53,16,37,29,24,0,0,0,0,0,53,16,37,29,24,35,9.12880805237843,12.4466906257928,0.305410558718724,2020-02-24,2020,2
"1005","BA",2,"Nordeste",29011,"Itaberaba",254407,9217.02920304866,9,45,20,25,19,26,0,0,0,0,0,45,20,25,19,26,44,9.12880805237843,12.4466906257928,0.281418701540315,2020-03-02,2020,3
"1006","BA",2,"Nordeste",29011,"Itaberaba",254407,9217.02920304866,10,41,8,33,23,18,2,0,0,0,0,43,8,33,23,18,27,9.12880805237843,12.4466906257928,0.306976432761337,2020-03-09,2020,3
"1007","BA",2,"Nordeste",29011,"Itaberaba",254407,9217.02920304866,11,43,23,20,22,21,1,0,0,0,0,44,23,20,22,21,34,9.12880805237843,12.4466906257928,0.363293711287349,2020-03-16,2020,3
"1008","BA",2,"Nordeste",29011,"Itaberaba",254407,9217.02920304866,12,40,12,28,15,25,0,0,0,0,0,40,12,28,15,25,32,9.12880805237843,12.4466906257928,0.446957594407689,2020-03-23,2020,3
"1009","BA",2,"Nordeste",29011,"Itaberaba",254407,9217.02920304866,13,43,12,31,21,22,0,0,0,0,0,43,12,31,21,22,38,9.12880805237843,12.4466906257928,0.400881471831919,2020-03-30,2020,3
"1010","BA",2,"Nordeste",29011,"Itaberaba",254407,9217.02920304866,14,48,20,28,20,28,1,0,0,0,0,49,20,28,20,28,34,9.12880805237843,12.4466906257928,0.384080030929968,2020-04-06,2020,4
"1011","BA",2,"Nordeste",29011,"Itaberaba",254407,9217.02920304866,15,41,16,25,21,20,0,0,0,0,0,41,16,25,21,20,36,9.12880805237843,12.4466906257928,0.370358158587408,2020-04-13,2020,4
"1012","BA",2,"Nordeste",29011,"Itaberaba",254407,9217.02920304866,16,37,12,25,15,22,0,0,0,0,0,37,12,25,15,22,26,9.12880805237843,12.4466906257928,0.374107125495855,2020-04-20,2020,4
"1013","BA",2,"Nordeste",29011,"Itaberaba",254407,9217.02920304866,17,55,23,32,23,32,0,0,0,0,0,55,23,32,23,32,32,9.12880805237843,12.4466906257928,0.353138408760229,2020-04-27,2020,4
"1014","BA",2,"Nordeste",29011,"Itaberaba",254407,9217.02920304866,18,43,13,30,18,25,1,0,0,0,0,44,13,30,18,25,41,9.12880805237843,12.4466906257928,0.359003836143479,2020-05-04,2020,5
"1015","BA",2,"Nordeste",29011,"Itaberaba",254407,9217.02920304866,19,55,18,37,22,33,2,0,0,0,0,57,18,37,22,33,36,9.12880805237843,12.4466906257928,0.389084502215856,2020-05-11,2020,5
"1016","BA",2,"Nordeste",29011,"Itaberaba",254407,9217.02920304866,20,52,16,36,24,28,0,0,0,0,0,52,16,36,24,28,36,9.12880805237843,12.4466906257928,0.397765867591089,2020-05-18,2020,5
"1017","BA",2,"Nordeste",29011,"Itaberaba",254407,9217.02920304866,21,41,14,27,19,22,0,0,0,0,0,41,14,27,19,22,35,9.12880805237843,12.4466906257928,0.389074854593133,2020-05-25,2020,5
"1018","BA",2,"Nordeste",29011,"Itaberaba",254407,9217.02920304866,22,59,17,42,25,34,0,0,0,0,0,59,17,42,25,34,34,9.12880805237843,12.4466906257928,0.368783892883202,2020-06-01,2020,6
"1019","BA",2,"Nordeste",29011,"Itaberaba",254407,9217.02920304866,23,61,21,40,28,33,1,0,0,0,0,62,21,40,28,33,43,9.12880805237843,12.4466906257928,0.371206676514831,2020-06-08,2020,6
"1020","BA",2,"Nordeste",29011,"Itaberaba",254407,9217.02920304866,24,50,14,36,23,27,0,0,0,0,0,50,14,36,23,27,34,9.12880805237843,12.4466906257928,0.371924030157925,2020-06-15,2020,6
"1021","BA",2,"Nordeste",29011,"Itaberaba",254407,9217.02920304866,25,49,15,34,24,25,1,0,0,0,0,50,15,34,24,25,51,9.12880805237843,12.4466906257928,0.380772264679019,2020-06-22,2020,6
"1022","BA",2,"Nordeste",29011,"Itaberaba",254407,9217.02920304866,26,41,15,26,17,24,1,0,0,0,0,42,15,26,17,24,44,9.12880805237843,12.4466906257928,0.405812214829116,2020-06-29,2020,6
"1023","BA",2,"Nordeste",29011,"Itaberaba",254407,9217.02920304866,27,63,23,40,25,38,0,0,0,0,0,63,23,40,25,38,40,9.12880805237843,12.4466906257928,0.412723653072299,2020-07-06,2020,7
"1024","BA",2,"Nordeste",29011,"Itaberaba",254407,9217.02920304866,28,48,14,34,19,29,2,0,0,0,0,50,14,34,19,29,38,9.12880805237843,12.4466906257928,0.419541404770125,2020-07-13,2020,7
"1025","BA",2,"Nordeste",29011,"Itaberaba",254407,9217.02920304866,29,45,18,27,17,28,0,0,0,0,0,45,18,27,17,28,43,9.12880805237843,12.4466906257928,0.413408189144547,2020-07-20,2020,7
"1026","BA",2,"Nordeste",29012,"Feira de Santana",1074399,20598.3030721268,5,226,63,163,77,149,1,0,0,0,0,227,63,163,77,149,130,9.93296397624518,13.8872719934387,0.256200837678845,2020-02-03,2020,2
"1027","BA",2,"Nordeste",29012,"Feira de Santana",1074399,20598.3030721268,6,202,64,138,79,123,3,0,0,0,0,205,64,138,79,123,127,9.93296397624518,13.8872719934387,0.252185257126057,2020-02-10,2020,2
"1028","BA",2,"Nordeste",29012,"Feira de Santana",1074399,20598.3030721268,7,197,65,132,79,118,2,0,0,0,0,199,65,132,79,118,124,9.93296397624518,13.8872719934387,0.272662081540647,2020-02-17,2020,2
"1029","BA",2,"Nordeste",29012,"Feira de Santana",1074399,20598.3030721268,8,223,64,159,72,151,2,0,0,0,0,225,64,159,72,151,144,9.93296397624518,13.8872719934387,0.31138488747203,2020-02-24,2020,2
"1030","BA",2,"Nordeste",29012,"Feira de Santana",1074399,20598.3030721268,9,229,69,160,77,152,1,0,0,0,0,230,69,160,77,152,133,9.93296397624518,13.8872719934387,0.285980047359649,2020-03-02,2020,3
"1031","BA",2,"Nordeste",29012,"Feira de Santana",1074399,20598.3030721268,10,207,50,157,65,142,1,0,0,0,0,208,50,157,65,142,146,9.93296397624518,13.8872719934387,0.307571488584294,2020-03-09,2020,3
"1032","BA",2,"Nordeste",29012,"Feira de Santana",1074399,20598.3030721268,11,210,65,145,78,132,1,0,0,0,0,211,65,145,78,132,156,9.93296397624518,13.8872719934387,0.37687798086221,2020-03-16,2020,3
"1033","BA",2,"Nordeste",29012,"Feira de Santana",1074399,20598.3030721268,12,198,54,144,74,124,4,0,0,0,0,202,54,144,74,124,149,9.93296397624518,13.8872719934387,0.482308545008787,2020-03-23,2020,3
"1034","BA",2,"Nordeste",29012,"Feira de Santana",1074399,20598.3030721268,13,181,46,135,68,113,2,0,0,0,0,183,46,135,68,113,149,9.93296397624518,13.8872719934387,0.429151628178048,2020-03-30,2020,3
"1035","BA",2,"Nordeste",29012,"Feira de Santana",1074399,20598.3030721268,14,200,56,144,62,138,1,0,0,0,0,201,56,144,62,138,151,9.93296397624518,13.8872719934387,0.421011348791236,2020-04-06,2020,4
"1036","BA",2,"Nordeste",29012,"Feira de Santana",1074399,20598.3030721268,15,196,48,148,67,129,3,0,0,0,0,199,48,148,67,129,120,9.93296397624518,13.8872719934387,0.399862465682148,2020-04-13,2020,4
"1037","BA",2,"Nordeste",29012,"Feira de Santana",1074399,20598.3030721268,16,201,52,149,64,137,2,0,0,0,0,203,52,149,64,137,158,9.93296397624518,13.8872719934387,0.410475049087012,2020-04-20,2020,4
"1038","BA",2,"Nordeste",29012,"Feira de Santana",1074399,20598.3030721268,17,197,63,134,79,118,2,0,0,0,0,199,63,134,79,118,133,9.93296397624518,13.8872719934387,0.38079708025698,2020-04-27,2020,4
"1039","BA",2,"Nordeste",29012,"Feira de Santana",1074399,20598.3030721268,18,207,54,153,70,137,3,0,0,0,0,210,54,153,70,137,127,9.93296397624518,13.8872719934387,0.37895687338796,2020-05-04,2020,5
"1040","BA",2,"Nordeste",29012,"Feira de Santana",1074399,20598.3030721268,19,209,51,158,66,143,1,0,0,0,0,210,51,158,66,143,145,9.93296397624518,13.8872719934387,0.391136997429104,2020-05-11,2020,5
"1041","BA",2,"Nordeste",29012,"Feira de Santana",1074399,20598.3030721268,20,188,48,140,74,114,3,0,0,0,0,191,48,140,74,114,154,9.93296397624518,13.8872719934387,0.394969891904516,2020-05-18,2020,5
"1042","BA",2,"Nordeste",29012,"Feira de Santana",1074399,20598.3030721268,21,214,56,158,70,144,3,0,0,0,0,217,56,158,70,144,156,9.93296397624518,13.8872719934387,0.404247278946652,2020-05-25,2020,5
"1043","BA",2,"Nordeste",29012,"Feira de Santana",1074399,20598.3030721268,22,259,64,195,100,159,2,0,0,0,0,261,64,195,100,159,156,9.93296397624518,13.8872719934387,0.383659005974786,2020-06-01,2020,6
"1044","BA",2,"Nordeste",29012,"Feira de Santana",1074399,20598.3030721268,23,250,77,173,87,163,3,0,0,0,0,253,77,173,87,163,189,9.93296397624518,13.8872719934387,0.374608166887214,2020-06-08,2020,6
"1045","BA",2,"Nordeste",29012,"Feira de Santana",1074399,20598.3030721268,24,231,66,165,80,151,1,0,0,0,0,232,66,165,80,151,169,9.93296397624518,13.8872719934387,0.367899822912914,2020-06-15,2020,6
"1046","BA",2,"Nordeste",29012,"Feira de Santana",1074399,20598.3030721268,25,249,72,177,93,156,2,0,0,0,0,251,72,177,93,156,169,9.93296397624518,13.8872719934387,0.380521379243528,2020-06-22,2020,6
"1047","BA",2,"Nordeste",29012,"Feira de Santana",1074399,20598.3030721268,26,207,52,155,78,129,6,0,0,0,0,213,52,155,78,129,155,9.93296397624518,13.8872719934387,0.390936771754697,2020-06-29,2020,6
"1048","BA",2,"Nordeste",29012,"Feira de Santana",1074399,20598.3030721268,27,220,58,162,77,143,1,0,0,0,0,221,58,162,77,143,189,9.93296397624518,13.8872719934387,0.41219386708658,2020-07-06,2020,7
"1049","BA",2,"Nordeste",29012,"Feira de Santana",1074399,20598.3030721268,28,227,50,177,83,144,3,0,0,0,0,230,50,177,83,144,197,9.93296397624518,13.8872719934387,0.409750607888295,2020-07-13,2020,7
"1050","BA",2,"Nordeste",29012,"Feira de Santana",1074399,20598.3030721268,29,239,54,185,92,147,3,0,0,0,0,242,54,185,92,147,189,9.93296397624518,13.8872719934387,0.396638998990384,2020-07-20,2020,7
"1051","BA",2,"Nordeste",29013,"Jeremoabo",96814,7472.34199919433,5,25,10,15,10,15,0,0,0,0,0,25,10,15,10,15,8,8.91896374963135,11.4805468909062,0.275676466242816,2020-02-03,2020,2
"1052","BA",2,"Nordeste",29013,"Jeremoabo",96814,7472.34199919433,6,15,6,9,5,10,0,0,0,0,0,15,6,9,5,10,3,8.91896374963135,11.4805468909062,0.27540574867214,2020-02-10,2020,2
"1053","BA",2,"Nordeste",29013,"Jeremoabo",96814,7472.34199919433,7,13,7,6,7,6,0,0,0,0,0,13,7,6,7,6,12,8.91896374963135,11.4805468909062,0.28384212038931,2020-02-17,2020,2
"1054","BA",2,"Nordeste",29013,"Jeremoabo",96814,7472.34199919433,8,19,8,11,6,13,0,0,0,0,0,19,8,11,6,13,14,8.91896374963135,11.4805468909062,0.321883393020921,2020-02-24,2020,2
"1055","BA",2,"Nordeste",29013,"Jeremoabo",96814,7472.34199919433,9,24,14,10,13,11,0,0,0,0,0,24,14,10,13,11,12,8.91896374963135,11.4805468909062,0.295242735693623,2020-03-02,2020,3
"1056","BA",2,"Nordeste",29013,"Jeremoabo",96814,7472.34199919433,10,19,10,9,10,9,0,0,0,0,0,19,10,9,10,9,12,8.91896374963135,11.4805468909062,0.333425674813725,2020-03-09,2020,3
"1057","BA",2,"Nordeste",29013,"Jeremoabo",96814,7472.34199919433,11,23,12,11,9,14,0,0,0,0,0,23,12,11,9,14,12,8.91896374963135,11.4805468909062,0.378302255394209,2020-03-16,2020,3
"1058","BA",2,"Nordeste",29013,"Jeremoabo",96814,7472.34199919433,12,12,6,6,4,8,0,0,0,0,0,12,6,6,4,8,5,8.91896374963135,11.4805468909062,0.464638557633884,2020-03-23,2020,3
"1059","BA",2,"Nordeste",29013,"Jeremoabo",96814,7472.34199919433,13,18,9,9,14,4,0,0,0,0,0,18,9,9,14,4,18,8.91896374963135,11.4805468909062,0.40784093601824,2020-03-30,2020,3
"1060","BA",2,"Nordeste",29013,"Jeremoabo",96814,7472.34199919433,14,21,12,9,13,8,0,0,0,0,0,21,12,9,13,8,12,8.91896374963135,11.4805468909062,0.402445587935162,2020-04-06,2020,4
"1061","BA",2,"Nordeste",29013,"Jeremoabo",96814,7472.34199919433,15,10,2,8,2,8,0,0,0,0,0,10,2,8,2,8,9,8.91896374963135,11.4805468909062,0.376345824982891,2020-04-13,2020,4
"1062","BA",2,"Nordeste",29013,"Jeremoabo",96814,7472.34199919433,16,20,12,8,12,8,0,0,0,0,0,20,12,8,12,8,11,8.91896374963135,11.4805468909062,0.388667506651861,2020-04-20,2020,4
"1063","BA",2,"Nordeste",29013,"Jeremoabo",96814,7472.34199919433,17,20,9,11,10,10,1,0,0,0,0,21,9,11,10,10,16,8.91896374963135,11.4805468909062,0.381769020356851,2020-04-27,2020,4
"1064","BA",2,"Nordeste",29013,"Jeremoabo",96814,7472.34199919433,18,13,4,9,7,6,0,0,0,0,0,13,4,9,7,6,9,8.91896374963135,11.4805468909062,0.399685199788823,2020-05-04,2020,5
"1065","BA",2,"Nordeste",29013,"Jeremoabo",96814,7472.34199919433,19,17,7,10,9,8,0,0,0,0,0,17,7,10,9,8,10,8.91896374963135,11.4805468909062,0.416481272270631,2020-05-11,2020,5
"1066","BA",2,"Nordeste",29013,"Jeremoabo",96814,7472.34199919433,20,24,15,9,8,16,0,0,0,0,0,24,15,9,8,16,10,8.91896374963135,11.4805468909062,0.412948635596799,2020-05-18,2020,5
"1067","BA",2,"Nordeste",29013,"Jeremoabo",96814,7472.34199919433,21,24,14,10,7,17,0,0,0,0,0,24,14,10,7,17,9,8.91896374963135,11.4805468909062,0.408439787940916,2020-05-25,2020,5
"1068","BA",2,"Nordeste",29013,"Jeremoabo",96814,7472.34199919433,22,28,15,13,15,13,1,0,0,0,0,29,15,13,15,13,6,8.91896374963135,11.4805468909062,0.39299348705978,2020-06-01,2020,6
"1069","BA",2,"Nordeste",29013,"Jeremoabo",96814,7472.34199919433,23,30,14,16,8,22,0,0,0,0,0,30,14,16,8,22,10,8.91896374963135,11.4805468909062,0.399270297045509,2020-06-08,2020,6
"1070","BA",2,"Nordeste",29013,"Jeremoabo",96814,7472.34199919433,24,19,9,10,10,9,1,0,0,0,0,20,9,10,10,9,20,8.91896374963135,11.4805468909062,0.38791759570633,2020-06-15,2020,6
"1071","BA",2,"Nordeste",29013,"Jeremoabo",96814,7472.34199919433,25,23,11,12,14,9,0,0,0,0,0,23,11,12,14,9,18,8.91896374963135,11.4805468909062,0.400581832591833,2020-06-22,2020,6
"1072","BA",2,"Nordeste",29013,"Jeremoabo",96814,7472.34199919433,26,20,11,9,12,8,0,0,0,0,0,20,11,9,12,8,10,8.91896374963135,11.4805468909062,0.404738596757586,2020-06-29,2020,6
"1073","BA",2,"Nordeste",29013,"Jeremoabo",96814,7472.34199919433,27,20,14,6,11,9,0,0,0,0,0,20,14,6,11,9,10,8.91896374963135,11.4805468909062,0.438431493227185,2020-07-06,2020,7
"1074","BA",2,"Nordeste",29013,"Jeremoabo",96814,7472.34199919433,28,20,8,12,8,12,1,0,0,0,0,21,8,12,8,12,17,8.91896374963135,11.4805468909062,0.449613146292791,2020-07-13,2020,7
"1075","BA",2,"Nordeste",29013,"Jeremoabo",96814,7472.34199919433,29,20,12,8,10,10,0,0,0,0,0,20,12,8,10,10,16,8.91896374963135,11.4805468909062,0.441535634466911,2020-07-20,2020,7
"1076","BA",2,"Nordeste",29014,"Euclides da Cunha",302905,8131.23719149568,5,60,25,35,30,30,0,0,0,0,0,60,25,35,30,30,38,9.00346836703998,12.6211745039771,0.278502324566193,2020-02-03,2020,2
"1077","BA",2,"Nordeste",29014,"Euclides da Cunha",302905,8131.23719149568,6,48,22,26,18,30,1,0,0,0,0,49,22,26,18,30,36,9.00346836703998,12.6211745039771,0.266522766395772,2020-02-10,2020,2
"1078","BA",2,"Nordeste",29014,"Euclides da Cunha",302905,8131.23719149568,7,67,27,40,30,37,0,0,0,0,0,67,27,40,30,37,44,9.00346836703998,12.6211745039771,0.280782822420355,2020-02-17,2020,2
"1079","BA",2,"Nordeste",29014,"Euclides da Cunha",302905,8131.23719149568,8,70,23,47,31,39,0,0,0,0,0,70,23,47,31,39,41,9.00346836703998,12.6211745039771,0.311457976067896,2020-02-24,2020,2
"1080","BA",2,"Nordeste",29014,"Euclides da Cunha",302905,8131.23719149568,9,60,16,44,24,36,1,0,0,0,0,61,16,44,24,36,34,9.00346836703998,12.6211745039771,0.296006260000623,2020-03-02,2020,3
"1081","BA",2,"Nordeste",29014,"Euclides da Cunha",302905,8131.23719149568,10,50,17,33,23,27,0,0,0,0,0,50,17,33,23,27,25,9.00346836703998,12.6211745039771,0.322164449494003,2020-03-09,2020,3
"1082","BA",2,"Nordeste",29014,"Euclides da Cunha",302905,8131.23719149568,11,55,24,31,32,23,2,0,0,0,0,57,24,31,32,23,33,9.00346836703998,12.6211745039771,0.37367710366669,2020-03-16,2020,3
"1083","BA",2,"Nordeste",29014,"Euclides da Cunha",302905,8131.23719149568,12,46,23,23,19,27,1,0,0,0,0,47,23,23,19,27,31,9.00346836703998,12.6211745039771,0.464920506665739,2020-03-23,2020,3
"1084","BA",2,"Nordeste",29014,"Euclides da Cunha",302905,8131.23719149568,13,57,19,38,32,25,0,0,0,0,0,57,19,38,32,25,31,9.00346836703998,12.6211745039771,0.421512766858692,2020-03-30,2020,3
"1085","BA",2,"Nordeste",29014,"Euclides da Cunha",302905,8131.23719149568,14,56,26,30,28,28,3,0,0,0,0,59,26,30,28,28,37,9.00346836703998,12.6211745039771,0.410113529353013,2020-04-06,2020,4
"1086","BA",2,"Nordeste",29014,"Euclides da Cunha",302905,8131.23719149568,15,61,19,42,24,37,1,0,0,0,0,62,19,42,24,37,40,9.00346836703998,12.6211745039771,0.396268872319404,2020-04-13,2020,4
"1087","BA",2,"Nordeste",29014,"Euclides da Cunha",302905,8131.23719149568,16,58,36,22,34,24,0,0,0,0,0,58,36,22,34,24,27,9.00346836703998,12.6211745039771,0.39281122395941,2020-04-20,2020,4
"1088","BA",2,"Nordeste",29014,"Euclides da Cunha",302905,8131.23719149568,17,88,33,55,39,49,3,0,0,0,0,91,33,55,39,49,27,9.00346836703998,12.6211745039771,0.374884860726565,2020-04-27,2020,4
"1089","BA",2,"Nordeste",29014,"Euclides da Cunha",302905,8131.23719149568,18,66,30,36,36,30,2,0,0,0,0,68,30,36,36,30,38,9.00346836703998,12.6211745039771,0.398452992071871,2020-05-04,2020,5
"1090","BA",2,"Nordeste",29014,"Euclides da Cunha",302905,8131.23719149568,19,77,27,50,39,38,0,0,0,0,0,77,27,50,39,38,46,9.00346836703998,12.6211745039771,0.420640032102934,2020-05-11,2020,5
"1091","BA",2,"Nordeste",29014,"Euclides da Cunha",302905,8131.23719149568,20,62,26,36,23,39,0,0,0,0,0,62,26,36,23,39,33,9.00346836703998,12.6211745039771,0.42708285672049,2020-05-18,2020,5
"1092","BA",2,"Nordeste",29014,"Euclides da Cunha",302905,8131.23719149568,21,77,37,40,36,41,0,0,0,0,0,77,37,40,36,41,29,9.00346836703998,12.6211745039771,0.411267548124878,2020-05-25,2020,5
"1093","BA",2,"Nordeste",29014,"Euclides da Cunha",302905,8131.23719149568,22,67,22,45,26,41,3,0,0,0,0,70,22,45,26,41,37,9.00346836703998,12.6211745039771,0.39958565352465,2020-06-01,2020,6
"1094","BA",2,"Nordeste",29014,"Euclides da Cunha",302905,8131.23719149568,23,57,24,33,31,26,0,0,0,0,0,57,24,33,31,26,38,9.00346836703998,12.6211745039771,0.395735593928315,2020-06-08,2020,6
"1095","BA",2,"Nordeste",29014,"Euclides da Cunha",302905,8131.23719149568,24,68,27,41,28,40,1,0,0,0,0,69,27,41,28,40,28,9.00346836703998,12.6211745039771,0.393777683872616,2020-06-15,2020,6
"1096","BA",2,"Nordeste",29014,"Euclides da Cunha",302905,8131.23719149568,25,69,32,37,35,34,0,0,0,0,0,69,32,37,35,34,50,9.00346836703998,12.6211745039771,0.421226014018573,2020-06-22,2020,6
"1097","BA",2,"Nordeste",29014,"Euclides da Cunha",302905,8131.23719149568,26,73,23,50,29,44,1,0,0,0,0,74,23,50,29,44,50,9.00346836703998,12.6211745039771,0.42614706262857,2020-06-29,2020,6
"1098","BA",2,"Nordeste",29014,"Euclides da Cunha",302905,8131.23719149568,27,64,28,36,30,34,1,0,0,0,0,65,28,36,30,34,54,9.00346836703998,12.6211745039771,0.447717982806878,2020-07-06,2020,7
"1099","BA",2,"Nordeste",29014,"Euclides da Cunha",302905,8131.23719149568,28,69,30,39,28,41,3,0,0,0,0,72,30,39,28,41,43,9.00346836703998,12.6211745039771,0.439283185727476,2020-07-13,2020,7
"1100","BA",2,"Nordeste",29014,"Euclides da Cunha",302905,8131.23719149568,29,77,27,50,37,40,1,0,0,0,0,78,27,50,37,40,40,9.00346836703998,12.6211745039771,0.440393161444395,2020-07-20,2020,7
"1101","BA",2,"Nordeste",29015,"Ribeira do Pombal",334859,8238.86776720948,5,52,19,33,22,30,0,0,0,0,0,52,19,33,22,30,39,9.01661820657027,12.7214648266834,0.266953693370573,2020-02-03,2020,2
"1102","BA",2,"Nordeste",29015,"Ribeira do Pombal",334859,8238.86776720948,6,57,21,36,25,32,0,0,0,0,0,57,21,36,25,32,27,9.01661820657027,12.7214648266834,0.260599029189948,2020-02-10,2020,2
"1103","BA",2,"Nordeste",29015,"Ribeira do Pombal",334859,8238.86776720948,7,75,28,47,32,43,0,0,0,0,0,75,28,47,32,43,26,9.01661820657027,12.7214648266834,0.277933532483517,2020-02-17,2020,2
"1104","BA",2,"Nordeste",29015,"Ribeira do Pombal",334859,8238.86776720948,8,65,27,38,34,31,0,0,0,0,0,65,27,38,34,31,38,9.01661820657027,12.7214648266834,0.314743847710497,2020-02-24,2020,2
"1105","BA",2,"Nordeste",29015,"Ribeira do Pombal",334859,8238.86776720948,9,62,23,39,29,33,0,0,0,0,0,62,23,39,29,33,28,9.01661820657027,12.7214648266834,0.292890647877383,2020-03-02,2020,3
"1106","BA",2,"Nordeste",29015,"Ribeira do Pombal",334859,8238.86776720948,10,43,20,23,17,26,2,0,0,0,0,45,20,23,17,26,40,9.01661820657027,12.7214648266834,0.312098908923563,2020-03-09,2020,3
"1107","BA",2,"Nordeste",29015,"Ribeira do Pombal",334859,8238.86776720948,11,49,26,23,25,24,1,0,0,0,0,50,26,23,25,24,34,9.01661820657027,12.7214648266834,0.37196928100859,2020-03-16,2020,3
"1108","BA",2,"Nordeste",29015,"Ribeira do Pombal",334859,8238.86776720948,12,39,15,24,15,24,0,0,0,0,0,39,15,24,15,24,37,9.01661820657027,12.7214648266834,0.473623233480342,2020-03-23,2020,3
"1109","BA",2,"Nordeste",29015,"Ribeira do Pombal",334859,8238.86776720948,13,60,20,40,31,29,0,0,0,0,0,60,20,40,31,29,39,9.01661820657027,12.7214648266834,0.423720887006719,2020-03-30,2020,3
"1110","BA",2,"Nordeste",29015,"Ribeira do Pombal",334859,8238.86776720948,14,43,18,25,15,28,0,0,0,0,0,43,18,25,15,28,34,9.01661820657027,12.7214648266834,0.409017791158271,2020-04-06,2020,4
"1111","BA",2,"Nordeste",29015,"Ribeira do Pombal",334859,8238.86776720948,15,55,25,30,24,31,0,0,0,0,0,55,25,30,24,31,30,9.01661820657027,12.7214648266834,0.396222737680929,2020-04-13,2020,4
"1112","BA",2,"Nordeste",29015,"Ribeira do Pombal",334859,8238.86776720948,16,59,26,33,32,27,1,0,0,0,0,60,26,33,32,27,33,9.01661820657027,12.7214648266834,0.393846469256811,2020-04-20,2020,4
"1113","BA",2,"Nordeste",29015,"Ribeira do Pombal",334859,8238.86776720948,17,66,37,29,28,38,2,0,0,0,0,68,37,29,28,38,47,9.01661820657027,12.7214648266834,0.367948587594403,2020-04-27,2020,4
"1114","BA",2,"Nordeste",29015,"Ribeira do Pombal",334859,8238.86776720948,18,60,30,30,18,42,0,0,0,0,0,60,30,30,18,42,26,9.01661820657027,12.7214648266834,0.388204133472966,2020-05-04,2020,5
"1115","BA",2,"Nordeste",29015,"Ribeira do Pombal",334859,8238.86776720948,19,57,19,38,27,30,0,0,0,0,0,57,19,38,27,30,40,9.01661820657027,12.7214648266834,0.398078328374774,2020-05-11,2020,5
"1116","BA",2,"Nordeste",29015,"Ribeira do Pombal",334859,8238.86776720948,20,73,28,45,33,40,1,0,0,0,0,74,28,45,33,40,39,9.01661820657027,12.7214648266834,0.410341785843346,2020-05-18,2020,5
"1117","BA",2,"Nordeste",29015,"Ribeira do Pombal",334859,8238.86776720948,21,72,32,40,25,47,0,0,0,0,0,72,32,40,25,47,40,9.01661820657027,12.7214648266834,0.394549863398925,2020-05-25,2020,5
"1118","BA",2,"Nordeste",29015,"Ribeira do Pombal",334859,8238.86776720948,22,94,34,60,40,54,0,0,0,0,0,94,34,60,40,54,34,9.01661820657027,12.7214648266834,0.385515158511276,2020-06-01,2020,6
"1119","BA",2,"Nordeste",29015,"Ribeira do Pombal",334859,8238.86776720948,23,62,29,33,30,32,0,0,0,0,0,62,29,33,30,32,49,9.01661820657027,12.7214648266834,0.377973479433231,2020-06-08,2020,6
"1120","BA",2,"Nordeste",29015,"Ribeira do Pombal",334859,8238.86776720948,24,66,30,36,33,33,1,0,0,0,0,67,30,36,33,33,45,9.01661820657027,12.7214648266834,0.378644468331954,2020-06-15,2020,6
"1121","BA",2,"Nordeste",29015,"Ribeira do Pombal",334859,8238.86776720948,25,80,28,52,38,42,0,0,0,0,0,80,28,52,38,42,51,9.01661820657027,12.7214648266834,0.401125682802655,2020-06-22,2020,6
"1122","BA",2,"Nordeste",29015,"Ribeira do Pombal",334859,8238.86776720948,26,81,39,42,36,45,4,0,0,0,0,85,39,42,36,45,40,9.01661820657027,12.7214648266834,0.412898804717144,2020-06-29,2020,6
"1123","BA",2,"Nordeste",29015,"Ribeira do Pombal",334859,8238.86776720948,27,78,35,43,30,48,1,0,0,0,0,79,35,43,30,48,41,9.01661820657027,12.7214648266834,0.43148139058065,2020-07-06,2020,7
"1124","BA",2,"Nordeste",29015,"Ribeira do Pombal",334859,8238.86776720948,28,62,25,37,25,37,0,0,0,0,0,62,25,37,25,37,34,9.01661820657027,12.7214648266834,0.413323662443171,2020-07-13,2020,7
"1125","BA",2,"Nordeste",29015,"Ribeira do Pombal",334859,8238.86776720948,29,62,27,35,29,33,2,0,0,0,0,64,27,35,29,33,40,9.01661820657027,12.7214648266834,0.408862948720996,2020-07-20,2020,7
"1126","BA",2,"Nordeste",29016,"Serrinha",440982,9477.76515841916,5,80,30,50,33,47,1,0,0,0,0,81,30,50,33,47,61,9.15670382467458,12.9967593372694,0.257190265939187,2020-02-03,2020,2
"1127","BA",2,"Nordeste",29016,"Serrinha",440982,9477.76515841916,6,91,28,63,42,49,0,0,0,0,0,91,28,63,42,49,54,9.15670382467458,12.9967593372694,0.24995253246744,2020-02-10,2020,2
"1128","BA",2,"Nordeste",29016,"Serrinha",440982,9477.76515841916,7,62,21,41,23,39,3,0,0,0,0,65,21,41,23,39,42,9.15670382467458,12.9967593372694,0.264266768979272,2020-02-17,2020,2
"1129","BA",2,"Nordeste",29016,"Serrinha",440982,9477.76515841916,8,92,29,63,35,57,0,0,0,0,0,92,29,63,35,57,57,9.15670382467458,12.9967593372694,0.29549110263829,2020-02-24,2020,2
"1130","BA",2,"Nordeste",29016,"Serrinha",440982,9477.76515841916,9,76,24,52,31,45,2,0,0,0,0,78,24,52,31,45,58,9.15670382467458,12.9967593372694,0.276875060973046,2020-03-02,2020,3
"1131","BA",2,"Nordeste",29016,"Serrinha",440982,9477.76515841916,10,86,41,45,34,52,4,0,0,0,0,90,41,45,34,52,52,9.15670382467458,12.9967593372694,0.302032740142452,2020-03-09,2020,3
"1132","BA",2,"Nordeste",29016,"Serrinha",440982,9477.76515841916,11,75,31,44,30,45,0,0,0,0,0,75,31,44,30,45,50,9.15670382467458,12.9967593372694,0.361249755180001,2020-03-16,2020,3
"1133","BA",2,"Nordeste",29016,"Serrinha",440982,9477.76515841916,12,88,27,61,29,59,1,0,0,0,0,89,27,61,29,59,49,9.15670382467458,12.9967593372694,0.463493029253628,2020-03-23,2020,3
"1134","BA",2,"Nordeste",29016,"Serrinha",440982,9477.76515841916,13,66,18,48,26,40,1,0,0,0,0,67,18,48,26,40,46,9.15670382467458,12.9967593372694,0.408194629091997,2020-03-30,2020,3
"1135","BA",2,"Nordeste",29016,"Serrinha",440982,9477.76515841916,14,65,27,38,32,33,0,0,0,0,0,65,27,38,32,33,71,9.15670382467458,12.9967593372694,0.398743767777768,2020-04-06,2020,4
"1136","BA",2,"Nordeste",29016,"Serrinha",440982,9477.76515841916,15,72,34,38,37,35,2,0,0,0,0,74,34,38,37,35,60,9.15670382467458,12.9967593372694,0.389494671976795,2020-04-13,2020,4
"1137","BA",2,"Nordeste",29016,"Serrinha",440982,9477.76515841916,16,99,41,58,41,58,2,0,0,0,0,101,41,58,41,58,46,9.15670382467458,12.9967593372694,0.378331645232781,2020-04-20,2020,4
"1138","BA",2,"Nordeste",29016,"Serrinha",440982,9477.76515841916,17,84,27,57,39,45,1,0,0,0,0,85,27,57,39,45,53,9.15670382467458,12.9967593372694,0.35440893947335,2020-04-27,2020,4
"1139","BA",2,"Nordeste",29016,"Serrinha",440982,9477.76515841916,18,91,30,61,37,54,2,0,0,0,0,93,30,61,37,54,65,9.15670382467458,12.9967593372694,0.363429793838185,2020-05-04,2020,5
"1140","BA",2,"Nordeste",29016,"Serrinha",440982,9477.76515841916,19,87,23,64,33,54,1,0,0,0,0,88,23,64,33,54,73,9.15670382467458,12.9967593372694,0.384043953001782,2020-05-11,2020,5
"1141","BA",2,"Nordeste",29016,"Serrinha",440982,9477.76515841916,20,77,32,45,30,47,0,0,0,0,0,77,32,45,30,47,67,9.15670382467458,12.9967593372694,0.396528412080998,2020-05-18,2020,5
"1142","BA",2,"Nordeste",29016,"Serrinha",440982,9477.76515841916,21,98,31,67,48,50,2,0,0,0,0,100,31,67,48,50,58,9.15670382467458,12.9967593372694,0.395717105426385,2020-05-25,2020,5
"1143","BA",2,"Nordeste",29016,"Serrinha",440982,9477.76515841916,22,97,26,71,41,56,3,0,0,0,0,100,26,71,41,56,78,9.15670382467458,12.9967593372694,0.380596411942057,2020-06-01,2020,6
"1144","BA",2,"Nordeste",29016,"Serrinha",440982,9477.76515841916,23,104,36,68,44,60,1,0,0,0,0,105,36,68,44,60,70,9.15670382467458,12.9967593372694,0.370150599780521,2020-06-08,2020,6
"1145","BA",2,"Nordeste",29016,"Serrinha",440982,9477.76515841916,24,109,35,74,48,61,2,0,0,0,0,111,35,74,48,61,64,9.15670382467458,12.9967593372694,0.351700650140527,2020-06-15,2020,6
"1146","BA",2,"Nordeste",29016,"Serrinha",440982,9477.76515841916,25,107,33,74,46,61,1,0,0,0,0,108,33,74,46,61,65,9.15670382467458,12.9967593372694,0.36296674930949,2020-06-22,2020,6
"1147","BA",2,"Nordeste",29016,"Serrinha",440982,9477.76515841916,26,109,35,74,43,66,2,0,0,0,0,111,35,74,43,66,59,9.15670382467458,12.9967593372694,0.386585368602266,2020-06-29,2020,6
"1148","BA",2,"Nordeste",29016,"Serrinha",440982,9477.76515841916,27,96,29,67,33,63,1,0,0,0,0,97,29,67,33,63,60,9.15670382467458,12.9967593372694,0.408572599906153,2020-07-06,2020,7
"1149","BA",2,"Nordeste",29016,"Serrinha",440982,9477.76515841916,28,96,27,69,36,60,1,0,0,0,0,97,27,69,36,60,54,9.15670382467458,12.9967593372694,0.406268097642881,2020-07-13,2020,7
"1150","BA",2,"Nordeste",29016,"Serrinha",440982,9477.76515841916,29,115,41,74,49,66,1,0,0,0,0,116,41,74,49,66,48,9.15670382467458,12.9967593372694,0.390770530976152,2020-07-20,2020,7
"1151","BA",2,"Nordeste",29017,"Alagoinhas",328745,19614.2631586792,5,57,24,33,28,29,0,0,0,0,0,57,24,33,28,29,35,9.884012292742,12.703037653233,0.266377204843586,2020-02-03,2020,2
"1152","BA",2,"Nordeste",29017,"Alagoinhas",328745,19614.2631586792,6,72,30,42,36,36,0,0,0,0,0,72,30,42,36,36,38,9.884012292742,12.703037653233,0.263842770007657,2020-02-10,2020,2
"1153","BA",2,"Nordeste",29017,"Alagoinhas",328745,19614.2631586792,7,61,16,45,21,40,0,0,0,0,0,61,16,45,21,40,40,9.884012292742,12.703037653233,0.281335848077995,2020-02-17,2020,2
"1154","BA",2,"Nordeste",29017,"Alagoinhas",328745,19614.2631586792,8,57,18,39,23,34,1,0,0,0,0,58,18,39,23,34,49,9.884012292742,12.703037653233,0.320185707518747,2020-02-24,2020,2
"1155","BA",2,"Nordeste",29017,"Alagoinhas",328745,19614.2631586792,9,58,24,34,26,32,0,0,0,0,0,58,24,34,26,32,46,9.884012292742,12.703037653233,0.290836975187677,2020-03-02,2020,3
"1156","BA",2,"Nordeste",29017,"Alagoinhas",328745,19614.2631586792,10,57,26,31,27,30,2,0,0,0,0,59,26,31,27,30,45,9.884012292742,12.703037653233,0.314081138131209,2020-03-09,2020,3
"1157","BA",2,"Nordeste",29017,"Alagoinhas",328745,19614.2631586792,11,57,24,33,24,33,0,0,0,0,0,57,24,33,24,33,45,9.884012292742,12.703037653233,0.373615628848745,2020-03-16,2020,3
"1158","BA",2,"Nordeste",29017,"Alagoinhas",328745,19614.2631586792,12,61,19,42,24,37,1,0,0,0,0,62,19,42,24,37,49,9.884012292742,12.703037653233,0.481885152279776,2020-03-23,2020,3
"1159","BA",2,"Nordeste",29017,"Alagoinhas",328745,19614.2631586792,13,56,15,41,21,35,0,0,0,0,0,56,15,41,21,35,44,9.884012292742,12.703037653233,0.436738136312185,2020-03-30,2020,3
"1160","BA",2,"Nordeste",29017,"Alagoinhas",328745,19614.2631586792,14,65,26,39,25,40,0,0,0,0,0,65,26,39,25,40,49,9.884012292742,12.703037653233,0.41706369715658,2020-04-06,2020,4
"1161","BA",2,"Nordeste",29017,"Alagoinhas",328745,19614.2631586792,15,74,28,46,29,45,0,0,0,0,0,74,28,46,29,45,48,9.884012292742,12.703037653233,0.397047073967213,2020-04-13,2020,4
"1162","BA",2,"Nordeste",29017,"Alagoinhas",328745,19614.2631586792,16,65,25,40,24,41,0,0,0,0,0,65,25,40,24,41,31,9.884012292742,12.703037653233,0.404519142578285,2020-04-20,2020,4
"1163","BA",2,"Nordeste",29017,"Alagoinhas",328745,19614.2631586792,17,68,26,42,29,39,2,0,0,0,0,70,26,42,29,39,45,9.884012292742,12.703037653233,0.382256321363271,2020-04-27,2020,4
"1164","BA",2,"Nordeste",29017,"Alagoinhas",328745,19614.2631586792,18,69,26,43,22,47,1,0,0,0,0,70,26,43,22,47,38,9.884012292742,12.703037653233,0.395118543637672,2020-05-04,2020,5
"1165","BA",2,"Nordeste",29017,"Alagoinhas",328745,19614.2631586792,19,59,25,34,26,33,1,0,0,0,0,60,25,34,26,33,43,9.884012292742,12.703037653233,0.410666531049652,2020-05-11,2020,5
"1166","BA",2,"Nordeste",29017,"Alagoinhas",328745,19614.2631586792,20,63,20,43,22,41,2,0,0,0,0,65,20,43,22,41,62,9.884012292742,12.703037653233,0.418962013279546,2020-05-18,2020,5
"1167","BA",2,"Nordeste",29017,"Alagoinhas",328745,19614.2631586792,21,70,24,46,25,45,2,0,0,0,0,72,24,46,25,45,46,9.884012292742,12.703037653233,0.40469509762884,2020-05-25,2020,5
"1168","BA",2,"Nordeste",29017,"Alagoinhas",328745,19614.2631586792,22,85,34,51,36,49,0,0,0,0,0,85,34,51,36,49,61,9.884012292742,12.703037653233,0.391973641605378,2020-06-01,2020,6
"1169","BA",2,"Nordeste",29017,"Alagoinhas",328745,19614.2631586792,23,85,25,60,30,55,1,0,0,0,0,86,25,60,30,55,52,9.884012292742,12.703037653233,0.378191635615599,2020-06-08,2020,6
"1170","BA",2,"Nordeste",29017,"Alagoinhas",328745,19614.2631586792,24,81,33,48,33,48,1,0,0,0,0,82,33,48,33,48,56,9.884012292742,12.703037653233,0.367887268998805,2020-06-15,2020,6
"1171","BA",2,"Nordeste",29017,"Alagoinhas",328745,19614.2631586792,25,74,19,55,31,43,1,0,0,0,0,75,19,55,31,43,61,9.884012292742,12.703037653233,0.381354706507988,2020-06-22,2020,6
"1172","BA",2,"Nordeste",29017,"Alagoinhas",328745,19614.2631586792,26,50,20,30,21,29,2,0,0,0,0,52,20,30,21,29,57,9.884012292742,12.703037653233,0.402980718930343,2020-06-29,2020,6
"1173","BA",2,"Nordeste",29017,"Alagoinhas",328745,19614.2631586792,27,81,29,52,28,53,1,0,0,0,0,82,29,52,28,53,82,9.884012292742,12.703037653233,0.423052914934945,2020-07-06,2020,7
"1174","BA",2,"Nordeste",29017,"Alagoinhas",328745,19614.2631586792,28,68,28,40,31,37,1,0,0,0,0,69,28,40,31,37,85,9.884012292742,12.703037653233,0.421293860520575,2020-07-13,2020,7
"1175","BA",2,"Nordeste",29017,"Alagoinhas",328745,19614.2631586792,29,84,27,57,30,54,0,0,0,0,0,84,27,57,30,54,57,9.884012292742,12.703037653233,0.411859599721852,2020-07-20,2020,7
"1176","BA",2,"Nordeste",29018,"Entre Rios",125586,13565.3670782571,5,32,11,21,12,20,0,0,0,0,0,32,11,21,12,20,10,9.5152752854167,11.7407460618354,0.263624250780333,2020-02-03,2020,2
"1177","BA",2,"Nordeste",29018,"Entre Rios",125586,13565.3670782571,6,30,13,17,16,14,1,0,0,0,0,31,13,17,16,14,20,9.5152752854167,11.7407460618354,0.254884376881263,2020-02-10,2020,2
"1178","BA",2,"Nordeste",29018,"Entre Rios",125586,13565.3670782571,7,22,12,10,9,13,1,0,0,0,0,23,12,10,9,13,8,9.5152752854167,11.7407460618354,0.272792831220714,2020-02-17,2020,2
"1179","BA",2,"Nordeste",29018,"Entre Rios",125586,13565.3670782571,8,18,4,14,6,12,0,0,0,0,0,18,4,14,6,12,16,9.5152752854167,11.7407460618354,0.309676885723744,2020-02-24,2020,2
"1180","BA",2,"Nordeste",29018,"Entre Rios",125586,13565.3670782571,9,20,6,14,9,11,1,0,0,0,0,21,6,14,9,11,11,9.5152752854167,11.7407460618354,0.288498910599885,2020-03-02,2020,3
"1181","BA",2,"Nordeste",29018,"Entre Rios",125586,13565.3670782571,10,25,11,14,11,14,0,0,0,0,0,25,11,14,11,14,14,9.5152752854167,11.7407460618354,0.313381884515503,2020-03-09,2020,3
"1182","BA",2,"Nordeste",29018,"Entre Rios",125586,13565.3670782571,11,24,9,15,11,13,0,0,0,0,0,24,9,15,11,13,13,9.5152752854167,11.7407460618354,0.371059768333962,2020-03-16,2020,3
"1183","BA",2,"Nordeste",29018,"Entre Rios",125586,13565.3670782571,12,18,10,8,3,15,0,0,0,0,0,18,10,8,3,15,10,9.5152752854167,11.7407460618354,0.504454957630527,2020-03-23,2020,3
"1184","BA",2,"Nordeste",29018,"Entre Rios",125586,13565.3670782571,13,19,6,13,10,9,1,0,0,0,0,20,6,13,10,9,9,9.5152752854167,11.7407460618354,0.42230281656438,2020-03-30,2020,3
"1185","BA",2,"Nordeste",29018,"Entre Rios",125586,13565.3670782571,14,21,8,13,11,10,1,0,0,0,0,22,8,13,11,10,8,9.5152752854167,11.7407460618354,0.405251794587862,2020-04-06,2020,4
"1186","BA",2,"Nordeste",29018,"Entre Rios",125586,13565.3670782571,15,16,7,9,6,10,0,0,0,0,0,16,7,9,6,10,12,9.5152752854167,11.7407460618354,0.397546105358228,2020-04-13,2020,4
"1187","BA",2,"Nordeste",29018,"Entre Rios",125586,13565.3670782571,16,26,11,15,16,10,0,0,0,0,0,26,11,15,16,10,6,9.5152752854167,11.7407460618354,0.398997509560429,2020-04-20,2020,4
"1188","BA",2,"Nordeste",29018,"Entre Rios",125586,13565.3670782571,17,20,9,11,8,12,1,0,0,0,0,21,9,11,8,12,10,9.5152752854167,11.7407460618354,0.379144977655325,2020-04-27,2020,4
"1189","BA",2,"Nordeste",29018,"Entre Rios",125586,13565.3670782571,18,18,7,11,7,11,0,0,0,0,0,18,7,11,7,11,12,9.5152752854167,11.7407460618354,0.387902539115829,2020-05-04,2020,5
"1190","BA",2,"Nordeste",29018,"Entre Rios",125586,13565.3670782571,19,26,15,11,16,10,0,0,0,0,0,26,15,11,16,10,13,9.5152752854167,11.7407460618354,0.398191716635756,2020-05-11,2020,5
"1191","BA",2,"Nordeste",29018,"Entre Rios",125586,13565.3670782571,20,28,12,16,21,7,2,0,0,0,0,30,12,16,21,7,17,9.5152752854167,11.7407460618354,0.423004453932244,2020-05-18,2020,5
"1192","BA",2,"Nordeste",29018,"Entre Rios",125586,13565.3670782571,21,31,9,22,14,17,0,0,0,0,0,31,9,22,14,17,15,9.5152752854167,11.7407460618354,0.404464904490217,2020-05-25,2020,5
"1193","BA",2,"Nordeste",29018,"Entre Rios",125586,13565.3670782571,22,28,7,21,17,11,1,0,0,0,0,29,7,21,17,11,14,9.5152752854167,11.7407460618354,0.393217731307036,2020-06-01,2020,6
"1194","BA",2,"Nordeste",29018,"Entre Rios",125586,13565.3670782571,23,25,9,16,14,11,0,0,0,0,0,25,9,16,14,11,10,9.5152752854167,11.7407460618354,0.375325389348115,2020-06-08,2020,6
"1195","BA",2,"Nordeste",29018,"Entre Rios",125586,13565.3670782571,24,27,15,12,13,14,0,0,0,0,0,27,15,12,13,14,12,9.5152752854167,11.7407460618354,0.372311918403062,2020-06-15,2020,6
"1196","BA",2,"Nordeste",29018,"Entre Rios",125586,13565.3670782571,25,20,8,12,6,14,0,0,0,0,0,20,8,12,6,14,26,9.5152752854167,11.7407460618354,0.389001742384394,2020-06-22,2020,6
"1197","BA",2,"Nordeste",29018,"Entre Rios",125586,13565.3670782571,26,25,13,12,11,14,0,0,0,0,0,25,13,12,11,14,11,9.5152752854167,11.7407460618354,0.403467775082673,2020-06-29,2020,6
"1198","BA",2,"Nordeste",29018,"Entre Rios",125586,13565.3670782571,27,21,6,15,7,14,0,0,0,0,0,21,6,15,7,14,16,9.5152752854167,11.7407460618354,0.423700101295146,2020-07-06,2020,7
"1199","BA",2,"Nordeste",29018,"Entre Rios",125586,13565.3670782571,28,26,10,16,13,13,1,0,0,0,0,27,10,16,13,13,15,9.5152752854167,11.7407460618354,0.418109270915342,2020-07-13,2020,7
"1200","BA",2,"Nordeste",29018,"Entre Rios",125586,13565.3670782571,29,19,9,10,8,11,0,0,0,0,0,19,9,10,8,11,18,9.5152752854167,11.7407460618354,0.420151601365731,2020-07-20,2020,7
"1201","BA",2,"Nordeste",29019,"Catu",231007,17164.5458881333,5,41,17,24,17,24,1,0,0,0,0,42,17,24,17,24,17,9.75060124985487,12.3502032920751,0.26406654638548,2020-02-03,2020,2
"1202","BA",2,"Nordeste",29019,"Catu",231007,17164.5458881333,6,48,18,30,20,28,0,0,0,0,0,48,18,30,20,28,33,9.75060124985487,12.3502032920751,0.249235866775844,2020-02-10,2020,2
"1203","BA",2,"Nordeste",29019,"Catu",231007,17164.5458881333,7,35,8,27,15,20,1,0,0,0,0,36,8,27,15,20,23,9.75060124985487,12.3502032920751,0.281451270979914,2020-02-17,2020,2
"1204","BA",2,"Nordeste",29019,"Catu",231007,17164.5458881333,8,49,20,29,25,24,1,0,0,0,0,50,20,29,25,24,31,9.75060124985487,12.3502032920751,0.312462668370669,2020-02-24,2020,2
"1205","BA",2,"Nordeste",29019,"Catu",231007,17164.5458881333,9,38,4,34,11,27,1,0,0,0,0,39,4,34,11,27,26,9.75060124985487,12.3502032920751,0.280877256305063,2020-03-02,2020,3
"1206","BA",2,"Nordeste",29019,"Catu",231007,17164.5458881333,10,39,14,25,8,31,1,0,0,0,0,40,14,25,8,31,18,9.75060124985487,12.3502032920751,0.302972037817405,2020-03-09,2020,3
"1207","BA",2,"Nordeste",29019,"Catu",231007,17164.5458881333,11,47,18,29,19,28,0,0,0,0,0,47,18,29,19,28,33,9.75060124985487,12.3502032920751,0.37704015554379,2020-03-16,2020,3
"1208","BA",2,"Nordeste",29019,"Catu",231007,17164.5458881333,12,41,16,25,16,25,4,0,0,0,0,45,16,25,16,25,26,9.75060124985487,12.3502032920751,0.478854625668607,2020-03-23,2020,3
"1209","BA",2,"Nordeste",29019,"Catu",231007,17164.5458881333,13,38,12,26,15,23,1,0,0,0,0,39,12,26,15,23,25,9.75060124985487,12.3502032920751,0.432350371946306,2020-03-30,2020,3
"1210","BA",2,"Nordeste",29019,"Catu",231007,17164.5458881333,14,48,19,29,14,34,0,0,0,0,0,48,19,29,14,34,22,9.75060124985487,12.3502032920751,0.416003850784979,2020-04-06,2020,4
"1211","BA",2,"Nordeste",29019,"Catu",231007,17164.5458881333,15,37,14,23,12,25,1,0,0,0,0,38,14,23,12,25,25,9.75060124985487,12.3502032920751,0.403100282032716,2020-04-13,2020,4
"1212","BA",2,"Nordeste",29019,"Catu",231007,17164.5458881333,16,49,13,36,20,29,1,0,0,0,0,50,13,36,20,29,21,9.75060124985487,12.3502032920751,0.412230879464824,2020-04-20,2020,4
"1213","BA",2,"Nordeste",29019,"Catu",231007,17164.5458881333,17,36,11,25,13,23,2,0,0,0,0,38,11,25,13,23,23,9.75060124985487,12.3502032920751,0.387723021459423,2020-04-27,2020,4
"1214","BA",2,"Nordeste",29019,"Catu",231007,17164.5458881333,18,42,11,31,11,31,1,0,0,0,0,43,11,31,11,31,26,9.75060124985487,12.3502032920751,0.403797336325235,2020-05-04,2020,5
"1215","BA",2,"Nordeste",29019,"Catu",231007,17164.5458881333,19,41,5,36,19,22,0,0,0,0,0,41,5,36,19,22,29,9.75060124985487,12.3502032920751,0.41114827840045,2020-05-11,2020,5
"1216","BA",2,"Nordeste",29019,"Catu",231007,17164.5458881333,20,45,8,37,18,27,0,0,0,0,0,45,8,37,18,27,26,9.75060124985487,12.3502032920751,0.42382808160538,2020-05-18,2020,5
"1217","BA",2,"Nordeste",29019,"Catu",231007,17164.5458881333,21,54,18,36,23,31,0,0,0,0,0,54,18,36,23,31,39,9.75060124985487,12.3502032920751,0.414156813856437,2020-05-25,2020,5
"1218","BA",2,"Nordeste",29019,"Catu",231007,17164.5458881333,22,52,15,37,22,30,1,0,0,0,0,53,15,37,22,30,26,9.75060124985487,12.3502032920751,0.391541297313265,2020-06-01,2020,6
"1219","BA",2,"Nordeste",29019,"Catu",231007,17164.5458881333,23,39,5,34,15,24,1,0,0,0,0,40,5,34,15,24,35,9.75060124985487,12.3502032920751,0.385673337718536,2020-06-08,2020,6
"1220","BA",2,"Nordeste",29019,"Catu",231007,17164.5458881333,24,46,12,34,22,24,0,0,0,0,0,46,12,34,22,24,31,9.75060124985487,12.3502032920751,0.370088846046298,2020-06-15,2020,6
"1221","BA",2,"Nordeste",29019,"Catu",231007,17164.5458881333,25,44,10,34,15,29,0,0,0,0,0,44,10,34,15,29,37,9.75060124985487,12.3502032920751,0.383370371624425,2020-06-22,2020,6
"1222","BA",2,"Nordeste",29019,"Catu",231007,17164.5458881333,26,39,12,27,15,24,1,0,0,0,0,40,12,27,15,24,21,9.75060124985487,12.3502032920751,0.394412046312379,2020-06-29,2020,6
"1223","BA",2,"Nordeste",29019,"Catu",231007,17164.5458881333,27,41,12,29,17,24,0,0,0,0,0,41,12,29,17,24,38,9.75060124985487,12.3502032920751,0.417946167770655,2020-07-06,2020,7
"1224","BA",2,"Nordeste",29019,"Catu",231007,17164.5458881333,28,39,6,33,11,28,2,0,0,0,0,41,6,33,11,28,40,9.75060124985487,12.3502032920751,0.412417475554103,2020-07-13,2020,7
"1225","BA",2,"Nordeste",29019,"Catu",231007,17164.5458881333,29,55,13,42,16,39,1,0,0,0,0,56,13,42,16,39,32,9.75060124985487,12.3502032920751,0.406566775284089,2020-07-20,2020,7
"1226","BA",2,"Nordeste",29020,"Santo Antônio de Jesus",574951,12813.4508244529,5,111,32,79,47,64,8,0,0,0,0,119,32,79,47,64,64,9.45825074381629,13.262040098757,0.268203558971208,2020-02-03,2020,2
"1227","BA",2,"Nordeste",29020,"Santo Antônio de Jesus",574951,12813.4508244529,6,96,26,70,38,58,2,0,0,0,0,98,26,70,38,58,73,9.45825074381629,13.262040098757,0.264886165424096,2020-02-10,2020,2
"1228","BA",2,"Nordeste",29020,"Santo Antônio de Jesus",574951,12813.4508244529,7,101,22,79,40,61,2,0,0,0,0,103,22,79,40,61,80,9.45825074381629,13.262040098757,0.287347750699052,2020-02-17,2020,2
"1229","BA",2,"Nordeste",29020,"Santo Antônio de Jesus",574951,12813.4508244529,8,92,25,67,28,64,2,0,0,0,0,94,25,67,28,64,82,9.45825074381629,13.262040098757,0.323873898025241,2020-02-24,2020,2
"1230","BA",2,"Nordeste",29020,"Santo Antônio de Jesus",574951,12813.4508244529,9,108,25,83,40,68,2,0,0,0,0,110,25,83,40,68,67,9.45825074381629,13.262040098757,0.293571845087252,2020-03-02,2020,3
"1231","BA",2,"Nordeste",29020,"Santo Antônio de Jesus",574951,12813.4508244529,10,101,26,75,35,66,4,0,0,0,0,105,26,75,35,66,85,9.45825074381629,13.262040098757,0.322355882514935,2020-03-09,2020,3
"1232","BA",2,"Nordeste",29020,"Santo Antônio de Jesus",574951,12813.4508244529,11,98,22,76,40,58,0,0,0,0,0,98,22,76,40,58,67,9.45825074381629,13.262040098757,0.39050416458179,2020-03-16,2020,3
"1233","BA",2,"Nordeste",29020,"Santo Antônio de Jesus",574951,12813.4508244529,12,92,22,70,35,57,2,0,0,0,0,94,22,70,35,57,83,9.45825074381629,13.262040098757,0.505227174085213,2020-03-23,2020,3
"1234","BA",2,"Nordeste",29020,"Santo Antônio de Jesus",574951,12813.4508244529,13,98,25,73,37,61,3,0,0,0,0,101,25,73,37,61,79,9.45825074381629,13.262040098757,0.45247034300757,2020-03-30,2020,3
"1235","BA",2,"Nordeste",29020,"Santo Antônio de Jesus",574951,12813.4508244529,14,101,21,80,35,66,2,0,0,0,0,103,21,80,35,66,76,9.45825074381629,13.262040098757,0.444299000697358,2020-04-06,2020,4
"1236","BA",2,"Nordeste",29020,"Santo Antônio de Jesus",574951,12813.4508244529,15,112,29,83,40,72,4,0,0,0,0,116,29,83,40,72,73,9.45825074381629,13.262040098757,0.418517323832057,2020-04-13,2020,4
"1237","BA",2,"Nordeste",29020,"Santo Antônio de Jesus",574951,12813.4508244529,16,111,19,92,37,74,1,0,0,0,0,112,19,92,37,74,63,9.45825074381629,13.262040098757,0.437399897936671,2020-04-20,2020,4
"1238","BA",2,"Nordeste",29020,"Santo Antônio de Jesus",574951,12813.4508244529,17,111,32,79,41,70,1,0,0,0,0,112,32,79,41,70,79,9.45825074381629,13.262040098757,0.40827190386794,2020-04-27,2020,4
"1239","BA",2,"Nordeste",29020,"Santo Antônio de Jesus",574951,12813.4508244529,18,117,29,88,39,78,2,0,0,0,0,119,29,88,39,78,73,9.45825074381629,13.262040098757,0.411346191092518,2020-05-04,2020,5
"1240","BA",2,"Nordeste",29020,"Santo Antônio de Jesus",574951,12813.4508244529,19,123,30,93,50,73,1,0,0,0,0,124,30,93,50,73,76,9.45825074381629,13.262040098757,0.424430705681033,2020-05-11,2020,5
"1241","BA",2,"Nordeste",29020,"Santo Antônio de Jesus",574951,12813.4508244529,20,116,38,78,46,70,3,0,0,0,0,119,38,78,46,70,80,9.45825074381629,13.262040098757,0.430949137710276,2020-05-18,2020,5
"1242","BA",2,"Nordeste",29020,"Santo Antônio de Jesus",574951,12813.4508244529,21,144,29,115,50,94,1,0,0,0,0,145,29,115,50,94,77,9.45825074381629,13.262040098757,0.431698526178352,2020-05-25,2020,5
"1243","BA",2,"Nordeste",29020,"Santo Antônio de Jesus",574951,12813.4508244529,22,114,20,94,45,69,4,0,0,0,0,118,20,94,45,69,92,9.45825074381629,13.262040098757,0.40810890439782,2020-06-01,2020,6
"1244","BA",2,"Nordeste",29020,"Santo Antônio de Jesus",574951,12813.4508244529,23,136,37,99,62,74,3,0,0,0,0,139,37,99,62,74,81,9.45825074381629,13.262040098757,0.396783182614052,2020-06-08,2020,6
"1245","BA",2,"Nordeste",29020,"Santo Antônio de Jesus",574951,12813.4508244529,24,129,28,101,40,89,2,0,0,0,0,131,28,101,40,89,80,9.45825074381629,13.262040098757,0.389767756823828,2020-06-15,2020,6
"1246","BA",2,"Nordeste",29020,"Santo Antônio de Jesus",574951,12813.4508244529,25,113,25,88,32,81,1,0,0,0,0,114,25,88,32,81,97,9.45825074381629,13.262040098757,0.405398040553455,2020-06-22,2020,6
"1247","BA",2,"Nordeste",29020,"Santo Antônio de Jesus",574951,12813.4508244529,26,116,30,86,46,70,2,0,0,0,0,118,30,86,46,70,127,9.45825074381629,13.262040098757,0.419593719277378,2020-06-29,2020,6
"1248","BA",2,"Nordeste",29020,"Santo Antônio de Jesus",574951,12813.4508244529,27,128,41,87,54,74,1,0,0,0,0,129,41,87,54,74,90,9.45825074381629,13.262040098757,0.449500518230266,2020-07-06,2020,7
"1249","BA",2,"Nordeste",29020,"Santo Antônio de Jesus",574951,12813.4508244529,28,110,29,81,41,69,0,0,0,0,0,110,29,81,41,69,87,9.45825074381629,13.262040098757,0.452461646819048,2020-07-13,2020,7
"1250","BA",2,"Nordeste",29020,"Santo Antônio de Jesus",574951,12813.4508244529,29,120,35,85,44,76,1,0,0,0,0,121,35,85,44,76,97,9.45825074381629,13.262040098757,0.435932358582448,2020-07-20,2020,7
"1251","BA",2,"Nordeste",29021,"Salvador",3826038,31161.6871200939,5,734,164,570,243,491,10,0,0,0,0,744,164,570,243,491,426,10.346944642296,15.1573403609769,0.264121578402834,2020-02-03,2020,2
"1252","BA",2,"Nordeste",29021,"Salvador",3826038,31161.6871200939,6,720,175,545,228,492,20,0,0,0,0,740,175,545,228,492,454,10.346944642296,15.1573403609769,0.264137072325412,2020-02-10,2020,2
"1253","BA",2,"Nordeste",29021,"Salvador",3826038,31161.6871200939,7,714,156,558,242,472,7,0,0,0,0,721,156,558,242,472,452,10.346944642296,15.1573403609769,0.287688204071055,2020-02-17,2020,2
"1254","BA",2,"Nordeste",29021,"Salvador",3826038,31161.6871200939,8,700,151,549,237,463,2,0,0,0,0,702,151,549,237,463,428,10.346944642296,15.1573403609769,0.340178868470988,2020-02-24,2020,2
"1255","BA",2,"Nordeste",29021,"Salvador",3826038,31161.6871200939,9,711,155,556,235,476,5,0,0,0,0,716,155,556,235,476,444,10.346944642296,15.1573403609769,0.306467327832749,2020-03-02,2020,3
"1256","BA",2,"Nordeste",29021,"Salvador",3826038,31161.6871200939,10,618,145,473,200,418,11,0,0,0,0,629,145,473,200,418,433,10.346944642296,15.1573403609769,0.316145465557148,2020-03-09,2020,3
"1257","BA",2,"Nordeste",29021,"Salvador",3826038,31161.6871200939,11,602,129,473,193,409,7,0,0,0,0,609,129,473,193,409,446,10.346944642296,15.1573403609769,0.415753969265788,2020-03-16,2020,3
"1258","BA",2,"Nordeste",29021,"Salvador",3826038,31161.6871200939,12,605,129,476,187,418,14,0,0,0,0,619,129,476,187,418,460,10.346944642296,15.1573403609769,0.551484139787375,2020-03-23,2020,3
"1259","BA",2,"Nordeste",29021,"Salvador",3826038,31161.6871200939,13,601,135,466,175,426,6,0,0,0,0,607,135,466,175,426,467,10.346944642296,15.1573403609769,0.502128726427669,2020-03-30,2020,3
"1260","BA",2,"Nordeste",29021,"Salvador",3826038,31161.6871200939,14,699,172,527,261,438,9,0,0,0,0,708,172,527,261,438,519,10.346944642296,15.1573403609769,0.501993166694267,2020-04-06,2020,4
"1261","BA",2,"Nordeste",29021,"Salvador",3826038,31161.6871200939,15,635,124,511,207,428,5,0,0,0,0,640,124,511,207,428,475,10.346944642296,15.1573403609769,0.480725947114658,2020-04-13,2020,4
"1262","BA",2,"Nordeste",29021,"Salvador",3826038,31161.6871200939,16,621,148,473,218,403,17,0,0,0,0,638,148,473,218,403,488,10.346944642296,15.1573403609769,0.5026346255093,2020-04-20,2020,4
"1263","BA",2,"Nordeste",29021,"Salvador",3826038,31161.6871200939,17,684,167,517,188,496,8,0,0,0,0,692,167,517,188,496,550,10.346944642296,15.1573403609769,0.471446304980051,2020-04-27,2020,4
"1264","BA",2,"Nordeste",29021,"Salvador",3826038,31161.6871200939,18,646,155,491,206,440,16,0,0,0,0,662,155,491,206,440,615,10.346944642296,15.1573403609769,0.459135511757972,2020-05-04,2020,5
"1265","BA",2,"Nordeste",29021,"Salvador",3826038,31161.6871200939,19,685,143,542,213,472,14,0,0,0,0,699,143,542,213,472,635,10.346944642296,15.1573403609769,0.469954785109663,2020-05-11,2020,5
"1266","BA",2,"Nordeste",29021,"Salvador",3826038,31161.6871200939,20,736,166,570,234,502,7,0,0,0,0,743,166,570,234,502,705,10.346944642296,15.1573403609769,0.473616989898025,2020-05-18,2020,5
"1267","BA",2,"Nordeste",29021,"Salvador",3826038,31161.6871200939,21,679,166,513,209,470,11,0,0,0,0,690,166,513,209,470,776,10.346944642296,15.1573403609769,0.477426740112833,2020-05-25,2020,5
"1268","BA",2,"Nordeste",29021,"Salvador",3826038,31161.6871200939,22,740,169,571,239,501,12,0,0,0,0,752,169,571,239,501,813,10.346944642296,15.1573403609769,0.441953504037985,2020-06-01,2020,6
"1269","BA",2,"Nordeste",29021,"Salvador",3826038,31161.6871200939,23,692,167,525,241,451,7,0,0,0,0,699,167,525,241,451,789,10.346944642296,15.1573403609769,0.433975301466754,2020-06-08,2020,6
"1270","BA",2,"Nordeste",29021,"Salvador",3826038,31161.6871200939,24,709,167,542,224,485,9,0,0,0,0,718,167,542,224,485,782,10.346944642296,15.1573403609769,0.417864909823803,2020-06-15,2020,6
"1271","BA",2,"Nordeste",29021,"Salvador",3826038,31161.6871200939,25,729,175,554,222,507,10,0,0,0,0,739,175,554,222,507,732,10.346944642296,15.1573403609769,0.432041299113309,2020-06-22,2020,6
"1272","BA",2,"Nordeste",29021,"Salvador",3826038,31161.6871200939,26,719,167,552,230,489,10,0,0,0,0,729,167,552,230,489,689,10.346944642296,15.1573403609769,0.431570522502198,2020-06-29,2020,6
"1273","BA",2,"Nordeste",29021,"Salvador",3826038,31161.6871200939,27,752,181,571,239,513,8,0,0,0,0,760,181,571,239,513,647,10.346944642296,15.1573403609769,0.436989712239268,2020-07-06,2020,7
"1274","BA",2,"Nordeste",29021,"Salvador",3826038,31161.6871200939,28,664,160,504,209,455,20,0,0,0,0,684,160,504,209,455,609,10.346944642296,15.1573403609769,0.431001525919748,2020-07-13,2020,7
"1275","BA",2,"Nordeste",29021,"Salvador",3826038,31161.6871200939,29,700,168,532,218,482,11,0,0,0,0,711,168,532,218,482,546,10.346944642296,15.1573403609769,0.428087595849892,2020-07-20,2020,7
"1276","BA",2,"Nordeste",29022,"Boquira",194269,7467.01143970474,5,39,13,26,19,20,1,0,0,0,0,40,13,26,19,20,21,8.91825012306945,12.1769990755444,0.258716108822376,2020-02-03,2020,2
"1277","BA",2,"Nordeste",29022,"Boquira",194269,7467.01143970474,6,27,8,19,15,12,0,0,0,0,0,27,8,19,15,12,25,8.91825012306945,12.1769990755444,0.244284737860821,2020-02-10,2020,2
"1278","BA",2,"Nordeste",29022,"Boquira",194269,7467.01143970474,7,35,16,19,12,23,1,0,0,0,0,36,16,19,12,23,23,8.91825012306945,12.1769990755444,0.269472287353645,2020-02-17,2020,2
"1279","BA",2,"Nordeste",29022,"Boquira",194269,7467.01143970474,8,38,9,29,13,25,0,0,0,0,0,38,9,29,13,25,22,8.91825012306945,12.1769990755444,0.290595593703648,2020-02-24,2020,2
"1280","BA",2,"Nordeste",29022,"Boquira",194269,7467.01143970474,9,32,4,28,12,20,0,0,0,0,0,32,4,28,12,20,19,8.91825012306945,12.1769990755444,0.269594338847235,2020-03-02,2020,3
"1281","BA",2,"Nordeste",29022,"Boquira",194269,7467.01143970474,10,41,12,29,15,26,0,0,0,0,0,41,12,29,15,26,21,8.91825012306945,12.1769990755444,0.298859676788968,2020-03-09,2020,3
"1282","BA",2,"Nordeste",29022,"Boquira",194269,7467.01143970474,11,26,6,20,8,18,0,0,0,0,0,26,6,20,8,18,31,8.91825012306945,12.1769990755444,0.328954239447978,2020-03-16,2020,3
"1283","BA",2,"Nordeste",29022,"Boquira",194269,7467.01143970474,12,28,11,17,9,19,0,0,0,0,0,28,11,17,9,19,28,8.91825012306945,12.1769990755444,0.452558335169817,2020-03-23,2020,3
"1284","BA",2,"Nordeste",29022,"Boquira",194269,7467.01143970474,13,25,6,19,7,18,1,0,0,0,0,26,6,19,7,18,31,8.91825012306945,12.1769990755444,0.39323540525981,2020-03-30,2020,3
"1285","BA",2,"Nordeste",29022,"Boquira",194269,7467.01143970474,14,32,10,22,14,18,0,0,0,0,0,32,10,22,14,18,23,8.91825012306945,12.1769990755444,0.395980656293374,2020-04-06,2020,4
"1286","BA",2,"Nordeste",29022,"Boquira",194269,7467.01143970474,15,45,9,36,19,26,0,0,0,0,0,45,9,36,19,26,17,8.91825012306945,12.1769990755444,0.368328606983776,2020-04-13,2020,4
"1287","BA",2,"Nordeste",29022,"Boquira",194269,7467.01143970474,16,34,12,22,13,21,2,0,0,0,0,36,12,22,13,21,24,8.91825012306945,12.1769990755444,0.344324456331984,2020-04-20,2020,4
"1288","BA",2,"Nordeste",29022,"Boquira",194269,7467.01143970474,17,31,7,24,13,18,0,0,0,0,0,31,7,24,13,18,27,8.91825012306945,12.1769990755444,0.365666940281,2020-04-27,2020,4
"1289","BA",2,"Nordeste",29022,"Boquira",194269,7467.01143970474,18,32,10,22,14,18,0,0,0,0,0,32,10,22,14,18,24,8.91825012306945,12.1769990755444,0.382675003618471,2020-05-04,2020,5
"1290","BA",2,"Nordeste",29022,"Boquira",194269,7467.01143970474,19,35,13,22,8,27,0,0,0,0,0,35,13,22,8,27,23,8.91825012306945,12.1769990755444,0.405420524555195,2020-05-11,2020,5
"1291","BA",2,"Nordeste",29022,"Boquira",194269,7467.01143970474,20,42,5,37,15,27,0,0,0,0,0,42,5,37,15,27,26,8.91825012306945,12.1769990755444,0.39009666906801,2020-05-18,2020,5
"1292","BA",2,"Nordeste",29022,"Boquira",194269,7467.01143970474,21,41,9,32,18,23,0,0,0,0,0,41,9,32,18,23,16,8.91825012306945,12.1769990755444,0.389524164595134,2020-05-25,2020,5
"1293","BA",2,"Nordeste",29022,"Boquira",194269,7467.01143970474,22,49,15,34,18,31,0,0,0,0,0,49,15,34,18,31,24,8.91825012306945,12.1769990755444,0.372627377743353,2020-06-01,2020,6
"1294","BA",2,"Nordeste",29022,"Boquira",194269,7467.01143970474,23,47,19,28,23,24,0,0,0,0,0,47,19,28,23,24,33,8.91825012306945,12.1769990755444,0.360048118516828,2020-06-08,2020,6
"1295","BA",2,"Nordeste",29022,"Boquira",194269,7467.01143970474,24,50,16,34,17,33,0,0,0,0,0,50,16,34,17,33,22,8.91825012306945,12.1769990755444,0.357980264115349,2020-06-15,2020,6
"1296","BA",2,"Nordeste",29022,"Boquira",194269,7467.01143970474,25,34,7,27,9,25,0,0,0,0,0,34,7,27,9,25,28,8.91825012306945,12.1769990755444,0.3650094555381,2020-06-22,2020,6
"1297","BA",2,"Nordeste",29022,"Boquira",194269,7467.01143970474,26,41,19,22,18,23,0,0,0,0,0,41,19,22,18,23,30,8.91825012306945,12.1769990755444,0.400953466029609,2020-06-29,2020,6
"1298","BA",2,"Nordeste",29022,"Boquira",194269,7467.01143970474,27,42,16,26,20,22,0,0,0,0,0,42,16,26,20,22,21,8.91825012306945,12.1769990755444,0.418985104762587,2020-07-06,2020,7
"1299","BA",2,"Nordeste",29022,"Boquira",194269,7467.01143970474,28,32,6,26,10,22,1,0,0,0,0,33,6,26,10,22,27,8.91825012306945,12.1769990755444,0.405887220244922,2020-07-13,2020,7
"1300","BA",2,"Nordeste",29022,"Boquira",194269,7467.01143970474,29,40,5,35,12,28,0,0,0,0,0,40,5,35,12,28,31,8.91825012306945,12.1769990755444,0.409206978239827,2020-07-20,2020,7
"1301","BA",2,"Nordeste",29023,"Seabra",260813,10600.1141977585,5,64,16,48,22,42,0,0,0,0,0,64,16,48,22,42,38,9.26862005341557,12.4715589544181,0.269332370993184,2020-02-03,2020,2
"1302","BA",2,"Nordeste",29023,"Seabra",260813,10600.1141977585,6,77,24,53,37,40,0,0,0,0,0,77,24,53,37,40,26,9.26862005341557,12.4715589544181,0.266693922375366,2020-02-10,2020,2
"1303","BA",2,"Nordeste",29023,"Seabra",260813,10600.1141977585,7,66,24,42,35,31,0,0,0,0,0,66,24,42,35,31,31,9.26862005341557,12.4715589544181,0.282600021410886,2020-02-17,2020,2
"1304","BA",2,"Nordeste",29023,"Seabra",260813,10600.1141977585,8,64,22,42,30,34,1,0,0,0,0,65,22,42,30,34,26,9.26862005341557,12.4715589544181,0.3166626532247,2020-02-24,2020,2
"1305","BA",2,"Nordeste",29023,"Seabra",260813,10600.1141977585,9,47,12,35,23,24,3,0,0,0,0,50,12,35,23,24,28,9.26862005341557,12.4715589544181,0.299818588917769,2020-03-02,2020,3
"1306","BA",2,"Nordeste",29023,"Seabra",260813,10600.1141977585,10,63,17,46,32,31,0,0,0,0,0,63,17,46,32,31,25,9.26862005341557,12.4715589544181,0.321801455246114,2020-03-09,2020,3
"1307","BA",2,"Nordeste",29023,"Seabra",260813,10600.1141977585,11,53,15,38,22,31,0,0,0,0,0,53,15,38,22,31,32,9.26862005341557,12.4715589544181,0.369136623616519,2020-03-16,2020,3
"1308","BA",2,"Nordeste",29023,"Seabra",260813,10600.1141977585,12,49,18,31,24,25,0,0,0,0,0,49,18,31,24,25,34,9.26862005341557,12.4715589544181,0.465737950313685,2020-03-23,2020,3
"1309","BA",2,"Nordeste",29023,"Seabra",260813,10600.1141977585,13,45,12,33,21,24,2,0,0,0,0,47,12,33,21,24,28,9.26862005341557,12.4715589544181,0.429391806618046,2020-03-30,2020,3
"1310","BA",2,"Nordeste",29023,"Seabra",260813,10600.1141977585,14,41,10,31,23,18,0,0,0,0,0,41,10,31,23,18,25,9.26862005341557,12.4715589544181,0.404860721011631,2020-04-06,2020,4
"1311","BA",2,"Nordeste",29023,"Seabra",260813,10600.1141977585,15,73,24,49,31,42,0,0,0,0,0,73,24,49,31,42,22,9.26862005341557,12.4715589544181,0.391454279375215,2020-04-13,2020,4
"1312","BA",2,"Nordeste",29023,"Seabra",260813,10600.1141977585,16,59,17,42,26,33,0,0,0,0,0,59,17,42,26,33,26,9.26862005341557,12.4715589544181,0.383338360246544,2020-04-20,2020,4
"1313","BA",2,"Nordeste",29023,"Seabra",260813,10600.1141977585,17,44,14,30,21,23,1,0,0,0,0,45,14,30,21,23,30,9.26862005341557,12.4715589544181,0.37942110597996,2020-04-27,2020,4
"1314","BA",2,"Nordeste",29023,"Seabra",260813,10600.1141977585,18,54,17,37,27,27,1,0,0,0,0,55,17,37,27,27,34,9.26862005341557,12.4715589544181,0.389353453599399,2020-05-04,2020,5
"1315","BA",2,"Nordeste",29023,"Seabra",260813,10600.1141977585,19,55,14,41,27,28,1,0,0,0,0,56,14,41,27,28,29,9.26862005341557,12.4715589544181,0.400403076327072,2020-05-11,2020,5
"1316","BA",2,"Nordeste",29023,"Seabra",260813,10600.1141977585,20,63,14,49,22,41,0,0,0,0,0,63,14,49,22,41,23,9.26862005341557,12.4715589544181,0.397393098330564,2020-05-18,2020,5
"1317","BA",2,"Nordeste",29023,"Seabra",260813,10600.1141977585,21,81,26,55,31,50,0,0,0,0,0,81,26,55,31,50,29,9.26862005341557,12.4715589544181,0.402825859895013,2020-05-25,2020,5
"1318","BA",2,"Nordeste",29023,"Seabra",260813,10600.1141977585,22,58,16,42,25,33,0,0,0,0,0,58,16,42,25,33,38,9.26862005341557,12.4715589544181,0.381850455084287,2020-06-01,2020,6
"1319","BA",2,"Nordeste",29023,"Seabra",260813,10600.1141977585,23,72,17,55,27,45,0,0,0,0,0,72,17,55,27,45,37,9.26862005341557,12.4715589544181,0.374644988367696,2020-06-08,2020,6
"1320","BA",2,"Nordeste",29023,"Seabra",260813,10600.1141977585,24,48,9,39,18,30,0,0,0,0,0,48,9,39,18,30,36,9.26862005341557,12.4715589544181,0.371985031045405,2020-06-15,2020,6
"1321","BA",2,"Nordeste",29023,"Seabra",260813,10600.1141977585,25,57,18,39,24,33,0,0,0,0,0,57,18,39,24,33,42,9.26862005341557,12.4715589544181,0.3756170099447,2020-06-22,2020,6
"1322","BA",2,"Nordeste",29023,"Seabra",260813,10600.1141977585,26,78,25,53,38,40,0,0,0,0,0,78,25,53,38,40,43,9.26862005341557,12.4715589544181,0.404175973889043,2020-06-29,2020,6
"1323","BA",2,"Nordeste",29023,"Seabra",260813,10600.1141977585,27,54,17,37,21,33,0,0,0,0,0,54,17,37,21,33,49,9.26862005341557,12.4715589544181,0.423411598340589,2020-07-06,2020,7
"1324","BA",2,"Nordeste",29023,"Seabra",260813,10600.1141977585,28,58,19,39,26,32,1,0,0,0,0,59,19,39,26,32,40,9.26862005341557,12.4715589544181,0.425132302023802,2020-07-13,2020,7
"1325","BA",2,"Nordeste",29023,"Seabra",260813,10600.1141977585,29,59,19,40,27,32,0,0,0,0,0,59,19,40,27,32,45,9.26862005341557,12.4715589544181,0.430195299913913,2020-07-20,2020,7
"1326","BA",2,"Nordeste",29024,"Jequié",513575,12710.1055946843,5,105,34,71,53,52,0,0,0,0,0,105,34,71,53,52,94,9.45015267214933,13.1491513541607,0.265523008815624,2020-02-03,2020,2
"1327","BA",2,"Nordeste",29024,"Jequié",513575,12710.1055946843,6,96,23,73,28,68,1,0,0,0,0,97,23,73,28,68,63,9.45015267214933,13.1491513541607,0.262432757387146,2020-02-10,2020,2
"1328","BA",2,"Nordeste",29024,"Jequié",513575,12710.1055946843,7,92,32,60,48,44,1,0,0,0,0,93,32,60,48,44,70,9.45015267214933,13.1491513541607,0.278818728597311,2020-02-17,2020,2
"1329","BA",2,"Nordeste",29024,"Jequié",513575,12710.1055946843,8,115,43,72,48,67,0,0,0,0,0,115,43,72,48,67,72,9.45015267214933,13.1491513541607,0.318257870392897,2020-02-24,2020,2
"1330","BA",2,"Nordeste",29024,"Jequié",513575,12710.1055946843,9,117,40,77,54,63,0,0,0,0,0,117,40,77,54,63,69,9.45015267214933,13.1491513541607,0.290271478931246,2020-03-02,2020,3
"1331","BA",2,"Nordeste",29024,"Jequié",513575,12710.1055946843,10,89,21,68,33,56,2,0,0,0,0,91,21,68,33,56,64,9.45015267214933,13.1491513541607,0.31483107798374,2020-03-09,2020,3
"1332","BA",2,"Nordeste",29024,"Jequié",513575,12710.1055946843,11,110,41,69,42,68,1,0,0,0,0,111,41,69,42,68,62,9.45015267214933,13.1491513541607,0.370848348897992,2020-03-16,2020,3
"1333","BA",2,"Nordeste",29024,"Jequié",513575,12710.1055946843,12,101,34,67,44,57,4,0,0,0,0,105,34,67,44,57,64,9.45015267214933,13.1491513541607,0.488985117299589,2020-03-23,2020,3
"1334","BA",2,"Nordeste",29024,"Jequié",513575,12710.1055946843,13,100,39,61,48,52,1,0,0,0,0,101,39,61,48,52,78,9.45015267214933,13.1491513541607,0.429755381580114,2020-03-30,2020,3
"1335","BA",2,"Nordeste",29024,"Jequié",513575,12710.1055946843,14,90,23,67,38,52,0,0,0,0,0,90,23,67,38,52,74,9.45015267214933,13.1491513541607,0.411027304186489,2020-04-06,2020,4
"1336","BA",2,"Nordeste",29024,"Jequié",513575,12710.1055946843,15,102,34,68,52,50,1,0,0,0,0,103,34,68,52,50,73,9.45015267214933,13.1491513541607,0.394480828075693,2020-04-13,2020,4
"1337","BA",2,"Nordeste",29024,"Jequié",513575,12710.1055946843,16,103,27,76,43,60,1,0,0,0,0,104,27,76,43,60,67,9.45015267214933,13.1491513541607,0.399429138547497,2020-04-20,2020,4
"1338","BA",2,"Nordeste",29024,"Jequié",513575,12710.1055946843,17,109,39,70,49,60,1,0,0,0,0,110,39,70,49,60,66,9.45015267214933,13.1491513541607,0.37952634216826,2020-04-27,2020,4
"1339","BA",2,"Nordeste",29024,"Jequié",513575,12710.1055946843,18,94,26,68,36,58,4,0,0,0,0,98,26,68,36,58,72,9.45015267214933,13.1491513541607,0.385102841225498,2020-05-04,2020,5
"1340","BA",2,"Nordeste",29024,"Jequié",513575,12710.1055946843,19,91,25,66,38,53,1,0,0,0,0,92,25,66,38,53,85,9.45015267214933,13.1491513541607,0.412223836149782,2020-05-11,2020,5
"1341","BA",2,"Nordeste",29024,"Jequié",513575,12710.1055946843,20,129,39,90,49,80,2,0,0,0,0,131,39,90,49,80,78,9.45015267214933,13.1491513541607,0.415445377116387,2020-05-18,2020,5
"1342","BA",2,"Nordeste",29024,"Jequié",513575,12710.1055946843,21,138,43,95,56,82,0,0,0,0,0,138,43,95,56,82,109,9.45015267214933,13.1491513541607,0.409811456134869,2020-05-25,2020,5
"1343","BA",2,"Nordeste",29024,"Jequié",513575,12710.1055946843,22,134,36,98,51,83,2,0,0,0,0,136,36,98,51,83,79,9.45015267214933,13.1491513541607,0.38748880606312,2020-06-01,2020,6
"1344","BA",2,"Nordeste",29024,"Jequié",513575,12710.1055946843,23,124,44,80,53,71,0,0,0,0,0,124,44,80,53,71,93,9.45015267214933,13.1491513541607,0.374904315260573,2020-06-08,2020,6
"1345","BA",2,"Nordeste",29024,"Jequié",513575,12710.1055946843,24,119,39,80,47,72,3,0,0,0,0,122,39,80,47,72,88,9.45015267214933,13.1491513541607,0.37506216483388,2020-06-15,2020,6
"1346","BA",2,"Nordeste",29024,"Jequié",513575,12710.1055946843,25,124,44,80,49,75,1,0,0,0,0,125,44,80,49,75,103,9.45015267214933,13.1491513541607,0.376963422571526,2020-06-22,2020,6
"1347","BA",2,"Nordeste",29024,"Jequié",513575,12710.1055946843,26,103,40,63,48,55,0,0,0,0,0,103,40,63,48,55,87,9.45015267214933,13.1491513541607,0.402823405548923,2020-06-29,2020,6
"1348","BA",2,"Nordeste",29024,"Jequié",513575,12710.1055946843,27,115,42,73,46,69,2,0,0,0,0,117,42,73,46,69,101,9.45015267214933,13.1491513541607,0.424014866373099,2020-07-06,2020,7
"1349","BA",2,"Nordeste",29024,"Jequié",513575,12710.1055946843,28,109,40,69,45,64,1,0,0,0,0,110,40,69,45,64,115,9.45015267214933,13.1491513541607,0.440226670354046,2020-07-13,2020,7
"1350","BA",2,"Nordeste",29024,"Jequié",513575,12710.1055946843,29,127,35,92,42,85,2,0,0,0,0,129,35,92,42,85,104,9.45015267214933,13.1491513541607,0.433783063254566,2020-07-20,2020,7
"1351","BA",2,"Nordeste",29025,"Livramento do Brumado",102220,9039.44955634905,5,15,3,12,3,12,0,0,0,0,0,15,3,12,3,12,12,9.10935356174797,11.5348826323223,0.256085850599077,2020-02-03,2020,2
"1352","BA",2,"Nordeste",29025,"Livramento do Brumado",102220,9039.44955634905,6,28,9,19,11,17,0,0,0,0,0,28,9,19,11,17,11,9.10935356174797,11.5348826323223,0.245699829012803,2020-02-10,2020,2
"1353","BA",2,"Nordeste",29025,"Livramento do Brumado",102220,9039.44955634905,7,16,3,13,5,11,1,0,0,0,0,17,3,13,5,11,7,9.10935356174797,11.5348826323223,0.268120150407188,2020-02-17,2020,2
"1354","BA",2,"Nordeste",29025,"Livramento do Brumado",102220,9039.44955634905,8,18,7,11,7,11,0,0,0,0,0,18,7,11,7,11,13,9.10935356174797,11.5348826323223,0.297744338600279,2020-02-24,2020,2
"1355","BA",2,"Nordeste",29025,"Livramento do Brumado",102220,9039.44955634905,9,15,7,8,5,10,0,0,0,0,0,15,7,8,5,10,9,9.10935356174797,11.5348826323223,0.288235046953883,2020-03-02,2020,3
"1356","BA",2,"Nordeste",29025,"Livramento do Brumado",102220,9039.44955634905,10,17,4,13,9,8,2,0,0,0,0,19,4,13,9,8,11,9.10935356174797,11.5348826323223,0.305715261133836,2020-03-09,2020,3
"1357","BA",2,"Nordeste",29025,"Livramento do Brumado",102220,9039.44955634905,11,16,3,13,3,13,0,0,0,0,0,16,3,13,3,13,16,9.10935356174797,11.5348826323223,0.351099382469567,2020-03-16,2020,3
"1358","BA",2,"Nordeste",29025,"Livramento do Brumado",102220,9039.44955634905,12,24,5,19,7,17,0,0,0,0,0,24,5,19,7,17,13,9.10935356174797,11.5348826323223,0.464051786366709,2020-03-23,2020,3
"1359","BA",2,"Nordeste",29025,"Livramento do Brumado",102220,9039.44955634905,13,12,2,10,3,9,0,0,0,0,0,12,2,10,3,9,5,9.10935356174797,11.5348826323223,0.414252944031142,2020-03-30,2020,3
"1360","BA",2,"Nordeste",29025,"Livramento do Brumado",102220,9039.44955634905,14,23,6,17,12,11,0,0,0,0,0,23,6,17,12,11,13,9.10935356174797,11.5348826323223,0.399910128139588,2020-04-06,2020,4
"1361","BA",2,"Nordeste",29025,"Livramento do Brumado",102220,9039.44955634905,15,14,3,11,6,8,0,0,0,0,0,14,3,11,6,8,16,9.10935356174797,11.5348826323223,0.390758713534951,2020-04-13,2020,4
"1362","BA",2,"Nordeste",29025,"Livramento do Brumado",102220,9039.44955634905,16,7,2,5,2,5,0,0,0,0,0,7,2,5,2,5,13,9.10935356174797,11.5348826323223,0.352198507579746,2020-04-20,2020,4
"1363","BA",2,"Nordeste",29025,"Livramento do Brumado",102220,9039.44955634905,17,12,4,8,4,8,0,0,0,0,0,12,4,8,4,8,8,9.10935356174797,11.5348826323223,0.364940276520966,2020-04-27,2020,4
"1364","BA",2,"Nordeste",29025,"Livramento do Brumado",102220,9039.44955634905,18,17,2,15,6,11,1,0,0,0,0,18,2,15,6,11,12,9.10935356174797,11.5348826323223,0.38141357413543,2020-05-04,2020,5
"1365","BA",2,"Nordeste",29025,"Livramento do Brumado",102220,9039.44955634905,19,16,7,9,4,12,0,0,0,0,0,16,7,9,4,12,16,9.10935356174797,11.5348826323223,0.388873504046994,2020-05-11,2020,5
"1366","BA",2,"Nordeste",29025,"Livramento do Brumado",102220,9039.44955634905,20,22,5,17,11,11,0,0,0,0,0,22,5,17,11,11,6,9.10935356174797,11.5348826323223,0.375251231181135,2020-05-18,2020,5
"1367","BA",2,"Nordeste",29025,"Livramento do Brumado",102220,9039.44955634905,21,24,7,17,5,19,0,0,0,0,0,24,7,17,5,19,11,9.10935356174797,11.5348826323223,0.354606082574267,2020-05-25,2020,5
"1368","BA",2,"Nordeste",29025,"Livramento do Brumado",102220,9039.44955634905,22,27,5,22,7,20,0,0,0,0,0,27,5,22,7,20,11,9.10935356174797,11.5348826323223,0.354910627698915,2020-06-01,2020,6
"1369","BA",2,"Nordeste",29025,"Livramento do Brumado",102220,9039.44955634905,23,14,5,9,6,8,0,0,0,0,0,14,5,9,6,8,16,9.10935356174797,11.5348826323223,0.344373068200731,2020-06-08,2020,6
"1370","BA",2,"Nordeste",29025,"Livramento do Brumado",102220,9039.44955634905,24,16,3,13,6,10,0,0,0,0,0,16,3,13,6,10,18,9.10935356174797,11.5348826323223,0.347704820895085,2020-06-15,2020,6
"1371","BA",2,"Nordeste",29025,"Livramento do Brumado",102220,9039.44955634905,25,20,6,14,6,14,0,0,0,0,0,20,6,14,6,14,14,9.10935356174797,11.5348826323223,0.341132355752983,2020-06-22,2020,6
"1372","BA",2,"Nordeste",29025,"Livramento do Brumado",102220,9039.44955634905,26,14,5,9,5,9,0,0,0,0,0,14,5,9,5,9,13,9.10935356174797,11.5348826323223,0.372816590203387,2020-06-29,2020,6
"1373","BA",2,"Nordeste",29025,"Livramento do Brumado",102220,9039.44955634905,27,24,2,22,12,12,0,0,0,0,0,24,2,22,12,12,20,9.10935356174797,11.5348826323223,0.40657689509321,2020-07-06,2020,7
"1374","BA",2,"Nordeste",29025,"Livramento do Brumado",102220,9039.44955634905,28,23,4,19,9,14,0,0,0,0,0,23,4,19,9,14,15,9.10935356174797,11.5348826323223,0.385937851627843,2020-07-13,2020,7
"1375","BA",2,"Nordeste",29025,"Livramento do Brumado",102220,9039.44955634905,29,21,6,15,11,10,0,0,0,0,0,21,6,15,11,10,13,9.10935356174797,11.5348826323223,0.382308237248112,2020-07-20,2020,7
"1376","BA",2,"Nordeste",29026,"Guanambi",395405,11164.2679674258,5,68,11,57,22,46,1,0,0,0,0,69,11,57,22,46,46,9.32047359718307,12.8876658350611,0.27020003960968,2020-02-03,2020,2
"1377","BA",2,"Nordeste",29026,"Guanambi",395405,11164.2679674258,6,84,22,62,26,58,1,0,0,0,0,85,22,62,26,58,43,9.32047359718307,12.8876658350611,0.259600377359004,2020-02-10,2020,2
"1378","BA",2,"Nordeste",29026,"Guanambi",395405,11164.2679674258,7,74,22,52,26,48,0,0,0,0,0,74,22,52,26,48,38,9.32047359718307,12.8876658350611,0.275872818827496,2020-02-17,2020,2
"1379","BA",2,"Nordeste",29026,"Guanambi",395405,11164.2679674258,8,73,18,55,25,48,0,0,0,0,0,73,18,55,25,48,42,9.32047359718307,12.8876658350611,0.311951490780325,2020-02-24,2020,2
"1380","BA",2,"Nordeste",29026,"Guanambi",395405,11164.2679674258,9,93,21,72,25,68,1,0,0,0,0,94,21,72,25,68,57,9.32047359718307,12.8876658350611,0.295558141067149,2020-03-02,2020,3
"1381","BA",2,"Nordeste",29026,"Guanambi",395405,11164.2679674258,10,69,19,50,28,41,1,0,0,0,0,70,19,50,28,41,51,9.32047359718307,12.8876658350611,0.311205084431365,2020-03-09,2020,3
"1382","BA",2,"Nordeste",29026,"Guanambi",395405,11164.2679674258,11,57,16,41,15,42,1,0,0,0,0,58,16,41,15,42,46,9.32047359718307,12.8876658350611,0.360118799871909,2020-03-16,2020,3
"1383","BA",2,"Nordeste",29026,"Guanambi",395405,11164.2679674258,12,82,29,53,31,51,0,0,0,0,0,82,29,53,31,51,44,9.32047359718307,12.8876658350611,0.467559788507436,2020-03-23,2020,3
"1384","BA",2,"Nordeste",29026,"Guanambi",395405,11164.2679674258,13,59,22,37,19,40,0,0,0,0,0,59,22,37,19,40,30,9.32047359718307,12.8876658350611,0.423967869981877,2020-03-30,2020,3
"1385","BA",2,"Nordeste",29026,"Guanambi",395405,11164.2679674258,14,62,15,47,24,38,1,0,0,0,0,63,15,47,24,38,44,9.32047359718307,12.8876658350611,0.39749227775127,2020-04-06,2020,4
"1386","BA",2,"Nordeste",29026,"Guanambi",395405,11164.2679674258,15,69,17,52,28,41,1,0,0,0,0,70,17,52,28,41,52,9.32047359718307,12.8876658350611,0.381877824469046,2020-04-13,2020,4
"1387","BA",2,"Nordeste",29026,"Guanambi",395405,11164.2679674258,16,68,17,51,18,50,0,0,0,0,0,68,17,51,18,50,41,9.32047359718307,12.8876658350611,0.369167156768054,2020-04-20,2020,4
"1388","BA",2,"Nordeste",29026,"Guanambi",395405,11164.2679674258,17,85,14,71,35,50,0,0,0,0,0,85,14,71,35,50,46,9.32047359718307,12.8876658350611,0.363418159289031,2020-04-27,2020,4
"1389","BA",2,"Nordeste",29026,"Guanambi",395405,11164.2679674258,18,76,23,53,27,49,3,0,0,0,0,79,23,53,27,49,43,9.32047359718307,12.8876658350611,0.366823301242719,2020-05-04,2020,5
"1390","BA",2,"Nordeste",29026,"Guanambi",395405,11164.2679674258,19,79,17,62,30,49,0,0,0,0,0,79,17,62,30,49,49,9.32047359718307,12.8876658350611,0.387533256797222,2020-05-11,2020,5
"1391","BA",2,"Nordeste",29026,"Guanambi",395405,11164.2679674258,20,77,26,51,31,46,0,0,0,0,0,77,26,51,31,46,45,9.32047359718307,12.8876658350611,0.399767100879653,2020-05-18,2020,5
"1392","BA",2,"Nordeste",29026,"Guanambi",395405,11164.2679674258,21,80,20,60,28,52,1,0,0,0,0,81,20,60,28,52,44,9.32047359718307,12.8876658350611,0.397611217554852,2020-05-25,2020,5
"1393","BA",2,"Nordeste",29026,"Guanambi",395405,11164.2679674258,22,101,25,76,36,65,0,0,0,0,0,101,25,76,36,65,56,9.32047359718307,12.8876658350611,0.368356917848446,2020-06-01,2020,6
"1394","BA",2,"Nordeste",29026,"Guanambi",395405,11164.2679674258,23,84,31,53,28,56,3,0,0,0,0,87,31,53,28,56,34,9.32047359718307,12.8876658350611,0.367935967736595,2020-06-08,2020,6
"1395","BA",2,"Nordeste",29026,"Guanambi",395405,11164.2679674258,24,83,23,60,28,55,2,0,0,0,0,85,23,60,28,55,44,9.32047359718307,12.8876658350611,0.35734684368984,2020-06-15,2020,6
"1396","BA",2,"Nordeste",29026,"Guanambi",395405,11164.2679674258,25,94,30,64,40,54,4,0,0,0,0,98,30,64,40,54,37,9.32047359718307,12.8876658350611,0.356781546540042,2020-06-22,2020,6
"1397","BA",2,"Nordeste",29026,"Guanambi",395405,11164.2679674258,26,80,21,59,31,49,0,0,0,0,0,80,21,59,31,49,45,9.32047359718307,12.8876658350611,0.385195303846604,2020-06-29,2020,6
"1398","BA",2,"Nordeste",29026,"Guanambi",395405,11164.2679674258,27,97,23,74,34,63,0,0,0,0,0,97,23,74,34,63,47,9.32047359718307,12.8876658350611,0.406575630318679,2020-07-06,2020,7
"1399","BA",2,"Nordeste",29026,"Guanambi",395405,11164.2679674258,28,73,14,59,30,43,0,0,0,0,0,73,14,59,30,43,34,9.32047359718307,12.8876658350611,0.402858008490785,2020-07-13,2020,7
"1400","BA",2,"Nordeste",29026,"Guanambi",395405,11164.2679674258,29,79,21,58,26,53,1,0,0,0,0,80,21,58,26,53,35,9.32047359718307,12.8876658350611,0.405587222494319,2020-07-20,2020,7
"1401","BA",2,"Nordeste",29027,"Brumado",226484,13245.7894827891,5,44,15,29,20,24,0,0,0,0,0,44,15,29,20,24,19,9.49143500602939,12.3304295812335,0.276926603324701,2020-02-03,2020,2
"1402","BA",2,"Nordeste",29027,"Brumado",226484,13245.7894827891,6,38,11,27,6,32,1,0,0,0,0,39,11,27,6,32,31,9.49143500602939,12.3304295812335,0.274272947201684,2020-02-10,2020,2
"1403","BA",2,"Nordeste",29027,"Brumado",226484,13245.7894827891,7,39,11,28,18,21,1,0,0,0,0,40,11,28,18,21,31,9.49143500602939,12.3304295812335,0.279772877610558,2020-02-17,2020,2
"1404","BA",2,"Nordeste",29027,"Brumado",226484,13245.7894827891,8,52,13,39,24,28,1,0,0,0,0,53,13,39,24,28,30,9.49143500602939,12.3304295812335,0.31419572407446,2020-02-24,2020,2
"1405","BA",2,"Nordeste",29027,"Brumado",226484,13245.7894827891,9,58,15,43,19,39,1,0,0,0,0,59,15,43,19,39,32,9.49143500602939,12.3304295812335,0.288890980801706,2020-03-02,2020,3
"1406","BA",2,"Nordeste",29027,"Brumado",226484,13245.7894827891,10,36,18,18,8,28,0,0,0,0,0,36,18,18,8,28,32,9.49143500602939,12.3304295812335,0.308160168923639,2020-03-09,2020,3
"1407","BA",2,"Nordeste",29027,"Brumado",226484,13245.7894827891,11,40,15,25,17,23,0,0,0,0,0,40,15,25,17,23,34,9.49143500602939,12.3304295812335,0.368047387697432,2020-03-16,2020,3
"1408","BA",2,"Nordeste",29027,"Brumado",226484,13245.7894827891,12,38,12,26,15,23,1,0,0,0,0,39,12,26,15,23,35,9.49143500602939,12.3304295812335,0.475750179259204,2020-03-23,2020,3
"1409","BA",2,"Nordeste",29027,"Brumado",226484,13245.7894827891,13,32,4,28,9,23,2,0,0,0,0,34,4,28,9,23,27,9.49143500602939,12.3304295812335,0.436443351602915,2020-03-30,2020,3
"1410","BA",2,"Nordeste",29027,"Brumado",226484,13245.7894827891,14,37,8,29,12,25,2,0,0,0,0,39,8,29,12,25,21,9.49143500602939,12.3304295812335,0.409271570262992,2020-04-06,2020,4
"1411","BA",2,"Nordeste",29027,"Brumado",226484,13245.7894827891,15,43,9,34,15,28,0,0,0,0,0,43,9,34,15,28,35,9.49143500602939,12.3304295812335,0.387774238093947,2020-04-13,2020,4
"1412","BA",2,"Nordeste",29027,"Brumado",226484,13245.7894827891,16,37,8,29,12,25,0,0,0,0,0,37,8,29,12,25,35,9.49143500602939,12.3304295812335,0.377195222669315,2020-04-20,2020,4
"1413","BA",2,"Nordeste",29027,"Brumado",226484,13245.7894827891,17,47,16,31,20,27,0,0,0,0,0,47,16,31,20,27,43,9.49143500602939,12.3304295812335,0.373751595321128,2020-04-27,2020,4
"1414","BA",2,"Nordeste",29027,"Brumado",226484,13245.7894827891,18,48,18,30,14,34,3,0,0,0,0,51,18,30,14,34,31,9.49143500602939,12.3304295812335,0.380695013666068,2020-05-04,2020,5
"1415","BA",2,"Nordeste",29027,"Brumado",226484,13245.7894827891,19,68,17,51,27,41,2,0,0,0,0,70,17,51,27,41,29,9.49143500602939,12.3304295812335,0.393552760111244,2020-05-11,2020,5
"1416","BA",2,"Nordeste",29027,"Brumado",226484,13245.7894827891,20,41,11,30,9,32,1,0,0,0,0,42,11,30,9,32,30,9.49143500602939,12.3304295812335,0.384536903345042,2020-05-18,2020,5
"1417","BA",2,"Nordeste",29027,"Brumado",226484,13245.7894827891,21,47,15,32,18,29,0,0,0,0,0,47,15,32,18,29,41,9.49143500602939,12.3304295812335,0.390588788476881,2020-05-25,2020,5
"1418","BA",2,"Nordeste",29027,"Brumado",226484,13245.7894827891,22,52,15,37,14,38,1,0,0,0,0,53,15,37,14,38,24,9.49143500602939,12.3304295812335,0.378968637922659,2020-06-01,2020,6
"1419","BA",2,"Nordeste",29027,"Brumado",226484,13245.7894827891,23,63,23,40,21,42,0,0,0,0,0,63,23,40,21,42,40,9.49143500602939,12.3304295812335,0.378016526207449,2020-06-08,2020,6
"1420","BA",2,"Nordeste",29027,"Brumado",226484,13245.7894827891,24,49,15,34,13,36,1,0,0,0,0,50,15,34,13,36,27,9.49143500602939,12.3304295812335,0.366317269929558,2020-06-15,2020,6
"1421","BA",2,"Nordeste",29027,"Brumado",226484,13245.7894827891,25,48,11,37,16,32,2,0,0,0,0,50,11,37,16,32,29,9.49143500602939,12.3304295812335,0.362914706340128,2020-06-22,2020,6
"1422","BA",2,"Nordeste",29027,"Brumado",226484,13245.7894827891,26,42,17,25,14,28,1,0,0,0,0,43,17,25,14,28,32,9.49143500602939,12.3304295812335,0.389330476418134,2020-06-29,2020,6
"1423","BA",2,"Nordeste",29027,"Brumado",226484,13245.7894827891,27,30,13,17,10,20,0,0,0,0,0,30,13,17,10,20,36,9.49143500602939,12.3304295812335,0.408875023988251,2020-07-06,2020,7
"1424","BA",2,"Nordeste",29027,"Brumado",226484,13245.7894827891,28,37,7,30,13,24,1,0,0,0,0,38,7,30,13,24,31,9.49143500602939,12.3304295812335,0.411243177103801,2020-07-13,2020,7
"1425","BA",2,"Nordeste",29027,"Brumado",226484,13245.7894827891,29,49,15,34,21,28,2,0,0,0,0,51,15,34,21,28,31,9.49143500602939,12.3304295812335,0.422558037139867,2020-07-20,2020,7
"1426","BA",2,"Nordeste",29028,"Vitória da Conquista",644383,15145.9906913901,5,140,50,90,49,91,2,0,0,0,0,142,50,90,49,91,88,9.62549113508161,13.3760485488072,0.267215942229233,2020-02-03,2020,2
"1427","BA",2,"Nordeste",29028,"Vitória da Conquista",644383,15145.9906913901,6,128,30,98,45,83,4,0,0,0,0,132,30,98,45,83,75,9.62549113508161,13.3760485488072,0.26150838323657,2020-02-10,2020,2
"1428","BA",2,"Nordeste",29028,"Vitória da Conquista",644383,15145.9906913901,7,139,44,95,51,88,2,0,0,0,0,141,44,95,51,88,63,9.62549113508161,13.3760485488072,0.283771729926326,2020-02-17,2020,2
"1429","BA",2,"Nordeste",29028,"Vitória da Conquista",644383,15145.9906913901,8,149,53,96,50,99,2,0,0,0,0,151,53,96,50,99,78,9.62549113508161,13.3760485488072,0.322561772051511,2020-02-24,2020,2
"1430","BA",2,"Nordeste",29028,"Vitória da Conquista",644383,15145.9906913901,9,153,56,97,55,98,2,0,0,0,0,155,56,97,55,98,93,9.62549113508161,13.3760485488072,0.298161433491224,2020-03-02,2020,3
"1431","BA",2,"Nordeste",29028,"Vitória da Conquista",644383,15145.9906913901,10,142,37,105,51,91,0,0,0,0,0,142,37,105,51,91,78,9.62549113508161,13.3760485488072,0.315011348641937,2020-03-09,2020,3
"1432","BA",2,"Nordeste",29028,"Vitória da Conquista",644383,15145.9906913901,11,140,57,83,53,87,3,0,0,0,0,143,57,83,53,87,73,9.62549113508161,13.3760485488072,0.369390613704924,2020-03-16,2020,3
"1433","BA",2,"Nordeste",29028,"Vitória da Conquista",644383,15145.9906913901,12,130,48,82,47,83,1,0,0,0,0,131,48,82,47,83,95,9.62549113508161,13.3760485488072,0.476042546275641,2020-03-23,2020,3
"1434","BA",2,"Nordeste",29028,"Vitória da Conquista",644383,15145.9906913901,13,133,47,86,64,69,2,0,0,0,0,135,47,86,64,69,94,9.62549113508161,13.3760485488072,0.430644916671207,2020-03-30,2020,3
"1435","BA",2,"Nordeste",29028,"Vitória da Conquista",644383,15145.9906913901,14,159,58,101,50,109,5,0,0,0,0,164,58,101,50,109,77,9.62549113508161,13.3760485488072,0.426183173892936,2020-04-06,2020,4
"1436","BA",2,"Nordeste",29028,"Vitória da Conquista",644383,15145.9906913901,15,128,39,89,38,90,1,0,0,0,0,129,39,89,38,90,64,9.62549113508161,13.3760485488072,0.401650151582606,2020-04-13,2020,4
"1437","BA",2,"Nordeste",29028,"Vitória da Conquista",644383,15145.9906913901,16,112,35,77,39,73,1,0,0,0,0,113,35,77,39,73,77,9.62549113508161,13.3760485488072,0.400219711957519,2020-04-20,2020,4
"1438","BA",2,"Nordeste",29028,"Vitória da Conquista",644383,15145.9906913901,17,118,39,79,34,84,2,0,0,0,0,120,39,79,34,84,96,9.62549113508161,13.3760485488072,0.385997674702809,2020-04-27,2020,4
"1439","BA",2,"Nordeste",29028,"Vitória da Conquista",644383,15145.9906913901,18,128,48,80,51,77,3,0,0,0,0,131,48,80,51,77,81,9.62549113508161,13.3760485488072,0.391186355939601,2020-05-04,2020,5
"1440","BA",2,"Nordeste",29028,"Vitória da Conquista",644383,15145.9906913901,19,147,50,97,64,83,2,0,0,0,0,149,50,97,64,83,89,9.62549113508161,13.3760485488072,0.411289542754254,2020-05-11,2020,5
"1441","BA",2,"Nordeste",29028,"Vitória da Conquista",644383,15145.9906913901,20,176,59,117,70,106,0,0,0,0,0,176,59,117,70,106,87,9.62549113508161,13.3760485488072,0.39287594097603,2020-05-18,2020,5
"1442","BA",2,"Nordeste",29028,"Vitória da Conquista",644383,15145.9906913901,21,170,62,108,66,104,1,0,0,0,0,171,62,108,66,104,72,9.62549113508161,13.3760485488072,0.395129852823902,2020-05-25,2020,5
"1443","BA",2,"Nordeste",29028,"Vitória da Conquista",644383,15145.9906913901,22,190,71,119,81,109,5,0,0,0,0,195,71,119,81,109,108,9.62549113508161,13.3760485488072,0.378325827608614,2020-06-01,2020,6
"1444","BA",2,"Nordeste",29028,"Vitória da Conquista",644383,15145.9906913901,23,194,65,129,86,108,3,0,0,0,0,197,65,129,86,108,81,9.62549113508161,13.3760485488072,0.374945098112458,2020-06-08,2020,6
"1445","BA",2,"Nordeste",29028,"Vitória da Conquista",644383,15145.9906913901,24,156,49,107,60,96,1,0,0,0,0,157,49,107,60,96,108,9.62549113508161,13.3760485488072,0.377041671055684,2020-06-15,2020,6
"1446","BA",2,"Nordeste",29028,"Vitória da Conquista",644383,15145.9906913901,25,165,53,112,60,105,4,0,0,0,0,169,53,112,60,105,122,9.62549113508161,13.3760485488072,0.375920766166153,2020-06-22,2020,6
"1447","BA",2,"Nordeste",29028,"Vitória da Conquista",644383,15145.9906913901,26,165,56,109,64,101,3,0,0,0,0,168,56,109,64,101,103,9.62549113508161,13.3760485488072,0.395946764958746,2020-06-29,2020,6
"1448","BA",2,"Nordeste",29028,"Vitória da Conquista",644383,15145.9906913901,27,150,52,98,48,102,3,0,0,0,0,153,52,98,48,102,99,9.62549113508161,13.3760485488072,0.407585566980797,2020-07-06,2020,7
"1449","BA",2,"Nordeste",29028,"Vitória da Conquista",644383,15145.9906913901,28,156,49,107,73,83,3,0,0,0,0,159,49,107,73,83,109,9.62549113508161,13.3760485488072,0.406584931915765,2020-07-13,2020,7
"1450","BA",2,"Nordeste",29028,"Vitória da Conquista",644383,15145.9906913901,29,159,59,100,67,92,2,0,0,0,0,161,59,100,67,92,105,9.62549113508161,13.3760485488072,0.409371991598021,2020-07-20,2020,7
"1451","BA",2,"Nordeste",29029,"Itapetinga",197600,12217.0712233806,5,43,20,23,21,22,0,0,0,0,0,43,20,23,21,22,32,9.41058953324551,12.1940000642959,0.275574713342845,2020-02-03,2020,2
"1452","BA",2,"Nordeste",29029,"Itapetinga",197600,12217.0712233806,6,48,25,23,26,22,1,0,0,0,0,49,25,23,26,22,29,9.41058953324551,12.1940000642959,0.26762518204812,2020-02-10,2020,2
"1453","BA",2,"Nordeste",29029,"Itapetinga",197600,12217.0712233806,7,41,17,24,18,23,1,0,0,0,0,42,17,24,18,23,20,9.41058953324551,12.1940000642959,0.290014119239701,2020-02-17,2020,2
"1454","BA",2,"Nordeste",29029,"Itapetinga",197600,12217.0712233806,8,58,23,35,23,35,1,0,0,0,0,59,23,35,23,35,24,9.41058953324551,12.1940000642959,0.322163028599934,2020-02-24,2020,2
"1455","BA",2,"Nordeste",29029,"Itapetinga",197600,12217.0712233806,9,39,13,26,14,25,0,0,0,0,0,39,13,26,14,25,29,9.41058953324551,12.1940000642959,0.296699952894307,2020-03-02,2020,3
"1456","BA",2,"Nordeste",29029,"Itapetinga",197600,12217.0712233806,10,42,18,24,16,26,0,0,0,0,0,42,18,24,16,26,30,9.41058953324551,12.1940000642959,0.318818929283369,2020-03-09,2020,3
"1457","BA",2,"Nordeste",29029,"Itapetinga",197600,12217.0712233806,11,31,15,16,11,20,0,0,0,0,0,31,15,16,11,20,23,9.41058953324551,12.1940000642959,0.371640778362416,2020-03-16,2020,3
"1458","BA",2,"Nordeste",29029,"Itapetinga",197600,12217.0712233806,12,32,15,17,19,13,0,0,0,0,0,32,15,17,19,13,24,9.41058953324551,12.1940000642959,0.464862724680451,2020-03-23,2020,3
"1459","BA",2,"Nordeste",29029,"Itapetinga",197600,12217.0712233806,13,25,9,16,13,12,0,0,0,0,0,25,9,16,13,12,27,9.41058953324551,12.1940000642959,0.420882443080855,2020-03-30,2020,3
"1460","BA",2,"Nordeste",29029,"Itapetinga",197600,12217.0712233806,14,32,14,18,17,15,0,0,0,0,0,32,14,18,17,15,27,9.41058953324551,12.1940000642959,0.404121587552609,2020-04-06,2020,4
"1461","BA",2,"Nordeste",29029,"Itapetinga",197600,12217.0712233806,15,31,9,22,17,14,0,0,0,0,0,31,9,22,17,14,25,9.41058953324551,12.1940000642959,0.378169204071848,2020-04-13,2020,4
"1462","BA",2,"Nordeste",29029,"Itapetinga",197600,12217.0712233806,16,31,12,19,12,19,1,0,0,0,0,32,12,19,12,19,25,9.41058953324551,12.1940000642959,0.36256271309428,2020-04-20,2020,4
"1463","BA",2,"Nordeste",29029,"Itapetinga",197600,12217.0712233806,17,45,15,30,21,24,0,0,0,0,0,45,15,30,21,24,34,9.41058953324551,12.1940000642959,0.351654345407725,2020-04-27,2020,4
"1464","BA",2,"Nordeste",29029,"Itapetinga",197600,12217.0712233806,18,27,12,15,11,16,0,0,0,0,0,27,12,15,11,16,27,9.41058953324551,12.1940000642959,0.358655133599895,2020-05-04,2020,5
"1465","BA",2,"Nordeste",29029,"Itapetinga",197600,12217.0712233806,19,46,19,27,23,23,1,0,0,0,0,47,19,27,23,23,29,9.41058953324551,12.1940000642959,0.389025962421974,2020-05-11,2020,5
"1466","BA",2,"Nordeste",29029,"Itapetinga",197600,12217.0712233806,20,54,25,29,27,27,1,0,0,0,0,55,25,29,27,27,19,9.41058953324551,12.1940000642959,0.373312359235104,2020-05-18,2020,5
"1467","BA",2,"Nordeste",29029,"Itapetinga",197600,12217.0712233806,21,45,19,26,19,26,0,0,0,0,0,45,19,26,19,26,29,9.41058953324551,12.1940000642959,0.361872783109798,2020-05-25,2020,5
"1468","BA",2,"Nordeste",29029,"Itapetinga",197600,12217.0712233806,22,42,20,22,22,20,0,0,0,0,0,42,20,22,22,20,32,9.41058953324551,12.1940000642959,0.354872941189173,2020-06-01,2020,6
"1469","BA",2,"Nordeste",29029,"Itapetinga",197600,12217.0712233806,23,54,23,31,23,31,1,0,0,0,0,55,23,31,23,31,31,9.41058953324551,12.1940000642959,0.351181296623908,2020-06-08,2020,6
"1470","BA",2,"Nordeste",29029,"Itapetinga",197600,12217.0712233806,24,37,13,24,17,20,0,0,0,0,0,37,13,24,17,20,29,9.41058953324551,12.1940000642959,0.377520092312408,2020-06-15,2020,6
"1471","BA",2,"Nordeste",29029,"Itapetinga",197600,12217.0712233806,25,52,22,30,24,28,2,0,0,0,0,54,22,30,24,28,36,9.41058953324551,12.1940000642959,0.369103783132599,2020-06-22,2020,6
"1472","BA",2,"Nordeste",29029,"Itapetinga",197600,12217.0712233806,26,63,27,36,33,30,0,0,0,0,0,63,27,36,33,30,36,9.41058953324551,12.1940000642959,0.392284192636579,2020-06-29,2020,6
"1473","BA",2,"Nordeste",29029,"Itapetinga",197600,12217.0712233806,27,33,11,22,19,14,1,0,0,0,0,34,11,22,19,14,27,9.41058953324551,12.1940000642959,0.403643957152453,2020-07-06,2020,7
"1474","BA",2,"Nordeste",29029,"Itapetinga",197600,12217.0712233806,28,38,13,25,21,17,0,0,0,0,0,38,13,25,21,17,39,9.41058953324551,12.1940000642959,0.409505177182113,2020-07-13,2020,7
"1475","BA",2,"Nordeste",29029,"Itapetinga",197600,12217.0712233806,29,41,15,26,26,15,0,0,0,0,0,41,15,26,26,15,45,9.41058953324551,12.1940000642959,0.401807517855425,2020-07-20,2020,7
"1476","BA",2,"Nordeste",29030,"Valença",286862,15022.1726685305,5,57,27,30,31,26,1,0,0,0,0,58,27,30,31,26,18,9.61728256655685,12.566756542866,0.276480775115713,2020-02-03,2020,2
"1477","BA",2,"Nordeste",29030,"Valença",286862,15022.1726685305,6,63,23,40,23,40,0,0,0,0,0,63,23,40,23,40,34,9.61728256655685,12.566756542866,0.260623093376914,2020-02-10,2020,2
"1478","BA",2,"Nordeste",29030,"Valença",286862,15022.1726685305,7,69,36,33,33,36,1,0,0,0,0,70,36,33,33,36,39,9.61728256655685,12.566756542866,0.28083797587877,2020-02-17,2020,2
"1479","BA",2,"Nordeste",29030,"Valença",286862,15022.1726685305,8,61,23,38,24,37,2,0,0,0,0,63,23,38,24,37,22,9.61728256655685,12.566756542866,0.315964082084829,2020-02-24,2020,2
"1480","BA",2,"Nordeste",29030,"Valença",286862,15022.1726685305,9,53,19,34,27,26,1,0,0,0,0,54,19,34,27,26,24,9.61728256655685,12.566756542866,0.296655005963537,2020-03-02,2020,3
"1481","BA",2,"Nordeste",29030,"Valença",286862,15022.1726685305,10,60,22,38,31,29,3,0,0,0,0,63,22,38,31,29,37,9.61728256655685,12.566756542866,0.321503980013144,2020-03-09,2020,3
"1482","BA",2,"Nordeste",29030,"Valença",286862,15022.1726685305,11,49,19,30,22,27,0,0,0,0,0,49,19,30,22,27,24,9.61728256655685,12.566756542866,0.38540439667326,2020-03-16,2020,3
"1483","BA",2,"Nordeste",29030,"Valença",286862,15022.1726685305,12,52,33,19,27,25,0,0,0,0,0,52,33,19,27,25,29,9.61728256655685,12.566756542866,0.508658120543746,2020-03-23,2020,3
"1484","BA",2,"Nordeste",29030,"Valença",286862,15022.1726685305,13,37,16,21,14,23,2,0,0,0,0,39,16,21,14,23,31,9.61728256655685,12.566756542866,0.458382361220836,2020-03-30,2020,3
"1485","BA",2,"Nordeste",29030,"Valença",286862,15022.1726685305,14,44,12,32,22,22,0,0,0,0,0,44,12,32,22,22,28,9.61728256655685,12.566756542866,0.443537563621561,2020-04-06,2020,4
"1486","BA",2,"Nordeste",29030,"Valença",286862,15022.1726685305,15,54,27,27,31,23,0,0,0,0,0,54,27,27,31,23,34,9.61728256655685,12.566756542866,0.428379436683907,2020-04-13,2020,4
"1487","BA",2,"Nordeste",29030,"Valença",286862,15022.1726685305,16,57,26,31,23,34,0,0,0,0,0,57,26,31,23,34,33,9.61728256655685,12.566756542866,0.447312716323206,2020-04-20,2020,4
"1488","BA",2,"Nordeste",29030,"Valença",286862,15022.1726685305,17,54,19,35,22,32,0,0,0,0,0,54,19,35,22,32,28,9.61728256655685,12.566756542866,0.407180080271889,2020-04-27,2020,4
"1489","BA",2,"Nordeste",29030,"Valença",286862,15022.1726685305,18,50,21,29,27,23,1,0,0,0,0,51,21,29,27,23,27,9.61728256655685,12.566756542866,0.409516493655217,2020-05-04,2020,5
"1490","BA",2,"Nordeste",29030,"Valença",286862,15022.1726685305,19,73,30,43,32,41,2,0,0,0,0,75,30,43,32,41,36,9.61728256655685,12.566756542866,0.441401455781173,2020-05-11,2020,5
"1491","BA",2,"Nordeste",29030,"Valença",286862,15022.1726685305,20,73,28,45,30,43,0,0,0,0,0,73,28,45,30,43,36,9.61728256655685,12.566756542866,0.440821614987114,2020-05-18,2020,5
"1492","BA",2,"Nordeste",29030,"Valença",286862,15022.1726685305,21,71,23,48,26,45,4,0,0,0,0,75,23,48,26,45,30,9.61728256655685,12.566756542866,0.431641729660733,2020-05-25,2020,5
"1493","BA",2,"Nordeste",29030,"Valença",286862,15022.1726685305,22,68,28,40,33,35,0,0,0,0,0,68,28,40,33,35,20,9.61728256655685,12.566756542866,0.419119247205621,2020-06-01,2020,6
"1494","BA",2,"Nordeste",29030,"Valença",286862,15022.1726685305,23,66,30,36,28,38,1,0,0,0,0,67,30,36,28,38,44,9.61728256655685,12.566756542866,0.415963231558232,2020-06-08,2020,6
"1495","BA",2,"Nordeste",29030,"Valença",286862,15022.1726685305,24,48,23,25,21,27,1,0,0,0,0,49,23,25,21,27,44,9.61728256655685,12.566756542866,0.406937004427012,2020-06-15,2020,6
"1496","BA",2,"Nordeste",29030,"Valença",286862,15022.1726685305,25,73,30,43,35,38,2,0,0,0,0,75,30,43,35,38,46,9.61728256655685,12.566756542866,0.414874358233897,2020-06-22,2020,6
"1497","BA",2,"Nordeste",29030,"Valença",286862,15022.1726685305,26,48,18,30,18,30,3,0,0,0,0,51,18,30,18,30,53,9.61728256655685,12.566756542866,0.448033323866277,2020-06-29,2020,6
"1498","BA",2,"Nordeste",29030,"Valença",286862,15022.1726685305,27,70,35,35,30,40,1,0,0,0,0,71,35,35,30,40,39,9.61728256655685,12.566756542866,0.498999278705414,2020-07-06,2020,7
"1499","BA",2,"Nordeste",29030,"Valença",286862,15022.1726685305,28,73,32,41,45,28,1,0,0,0,0,74,32,41,45,28,54,9.61728256655685,12.566756542866,0.468327636890308,2020-07-13,2020,7
"1500","BA",2,"Nordeste",29030,"Valença",286862,15022.1726685305,29,81,28,53,41,40,2,0,0,0,0,83,28,53,41,40,43,9.61728256655685,12.566756542866,0.452389863449356,2020-07-20,2020,7
"1501","BA",2,"Nordeste",29031,"Ilhéus-Itabuna",983168,14657.878565708,5,213,75,138,103,110,5,0,0,0,0,218,75,138,103,110,150,9.59273325594527,13.7985352899183,0.273280473369996,2020-02-03,2020,2
"1502","BA",2,"Nordeste",29031,"Ilhéus-Itabuna",983168,14657.878565708,6,189,67,122,89,100,3,0,0,0,0,192,67,122,89,100,116,9.59273325594527,13.7985352899183,0.270636297770832,2020-02-10,2020,2
"1503","BA",2,"Nordeste",29031,"Ilhéus-Itabuna",983168,14657.878565708,7,215,80,135,86,129,2,0,0,0,0,217,80,135,86,129,119,9.59273325594527,13.7985352899183,0.289193816501571,2020-02-17,2020,2
"1504","BA",2,"Nordeste",29031,"Ilhéus-Itabuna",983168,14657.878565708,8,206,79,127,98,108,0,0,0,0,0,206,79,127,98,108,144,9.59273325594527,13.7985352899183,0.329869117950469,2020-02-24,2020,2
"1505","BA",2,"Nordeste",29031,"Ilhéus-Itabuna",983168,14657.878565708,9,218,85,133,102,116,2,0,0,0,0,220,85,133,102,116,151,9.59273325594527,13.7985352899183,0.300989690741055,2020-03-02,2020,3
"1506","BA",2,"Nordeste",29031,"Ilhéus-Itabuna",983168,14657.878565708,10,196,76,120,83,113,1,0,0,0,0,197,76,120,83,113,145,9.59273325594527,13.7985352899183,0.326110961941517,2020-03-09,2020,3
"1507","BA",2,"Nordeste",29031,"Ilhéus-Itabuna",983168,14657.878565708,11,194,82,112,97,97,2,0,0,0,0,196,82,112,97,97,173,9.59273325594527,13.7985352899183,0.394741021017252,2020-03-16,2020,3
"1508","BA",2,"Nordeste",29031,"Ilhéus-Itabuna",983168,14657.878565708,12,183,82,101,80,103,3,0,0,0,0,186,82,101,80,103,149,9.59273325594527,13.7985352899183,0.503037389240299,2020-03-23,2020,3
"1509","BA",2,"Nordeste",29031,"Ilhéus-Itabuna",983168,14657.878565708,13,186,61,125,89,97,4,0,0,0,0,190,61,125,89,97,181,9.59273325594527,13.7985352899183,0.462149425258265,2020-03-30,2020,3
"1510","BA",2,"Nordeste",29031,"Ilhéus-Itabuna",983168,14657.878565708,14,197,82,115,103,94,3,0,0,0,0,200,82,115,103,94,152,9.59273325594527,13.7985352899183,0.452155751275024,2020-04-06,2020,4
"1511","BA",2,"Nordeste",29031,"Ilhéus-Itabuna",983168,14657.878565708,15,167,57,110,81,86,0,0,0,0,0,167,57,110,81,86,164,9.59273325594527,13.7985352899183,0.436553725969351,2020-04-13,2020,4
"1512","BA",2,"Nordeste",29031,"Ilhéus-Itabuna",983168,14657.878565708,16,204,72,132,86,118,4,0,0,0,0,208,72,132,86,118,173,9.59273325594527,13.7985352899183,0.435644863287917,2020-04-20,2020,4
"1513","BA",2,"Nordeste",29031,"Ilhéus-Itabuna",983168,14657.878565708,17,203,78,125,107,96,5,0,0,0,0,208,78,125,107,96,175,9.59273325594527,13.7985352899183,0.420698453997284,2020-04-27,2020,4
"1514","BA",2,"Nordeste",29031,"Ilhéus-Itabuna",983168,14657.878565708,18,231,80,151,117,114,5,0,0,0,0,236,80,151,117,114,171,9.59273325594527,13.7985352899183,0.412511125237598,2020-05-04,2020,5
"1515","BA",2,"Nordeste",29031,"Ilhéus-Itabuna",983168,14657.878565708,19,223,65,158,107,116,4,0,0,0,0,227,65,158,107,116,174,9.59273325594527,13.7985352899183,0.441343910019829,2020-05-11,2020,5
"1516","BA",2,"Nordeste",29031,"Ilhéus-Itabuna",983168,14657.878565708,20,236,95,141,113,123,5,0,0,0,0,241,95,141,113,123,154,9.59273325594527,13.7985352899183,0.429976597273295,2020-05-18,2020,5
"1517","BA",2,"Nordeste",29031,"Ilhéus-Itabuna",983168,14657.878565708,21,243,86,157,106,137,0,0,0,0,0,243,86,157,106,137,177,9.59273325594527,13.7985352899183,0.422765078195466,2020-05-25,2020,5
"1518","BA",2,"Nordeste",29031,"Ilhéus-Itabuna",983168,14657.878565708,22,238,92,146,109,129,6,0,0,0,0,244,92,146,109,129,171,9.59273325594527,13.7985352899183,0.397509267567913,2020-06-01,2020,6
"1519","BA",2,"Nordeste",29031,"Ilhéus-Itabuna",983168,14657.878565708,23,218,81,137,104,114,5,0,0,0,0,223,81,137,104,114,154,9.59273325594527,13.7985352899183,0.395552240693924,2020-06-08,2020,6
"1520","BA",2,"Nordeste",29031,"Ilhéus-Itabuna",983168,14657.878565708,24,219,86,133,98,121,2,0,0,0,0,221,86,133,98,121,167,9.59273325594527,13.7985352899183,0.398524231118627,2020-06-15,2020,6
"1521","BA",2,"Nordeste",29031,"Ilhéus-Itabuna",983168,14657.878565708,25,224,90,134,115,109,1,0,0,0,0,225,90,134,115,109,192,9.59273325594527,13.7985352899183,0.3955746942446,2020-06-22,2020,6
"1522","BA",2,"Nordeste",29031,"Ilhéus-Itabuna",983168,14657.878565708,26,252,89,163,122,130,3,0,0,0,0,255,89,163,122,130,221,9.59273325594527,13.7985352899183,0.418271345177693,2020-06-29,2020,6
"1523","BA",2,"Nordeste",29031,"Ilhéus-Itabuna",983168,14657.878565708,27,227,84,143,97,130,2,0,0,0,0,229,84,143,97,130,210,9.59273325594527,13.7985352899183,0.436612095575346,2020-07-06,2020,7
"1524","BA",2,"Nordeste",29031,"Ilhéus-Itabuna",983168,14657.878565708,28,231,77,154,96,135,3,0,0,0,0,234,77,154,96,135,224,9.59273325594527,13.7985352899183,0.425201690266465,2020-07-13,2020,7
"1525","BA",2,"Nordeste",29031,"Ilhéus-Itabuna",983168,14657.878565708,29,208,74,134,96,112,1,0,0,0,0,209,74,134,96,112,222,9.59273325594527,13.7985352899183,0.424840772731814,2020-07-20,2020,7
"1526","BA",2,"Nordeste",29032,"Porto Seguro",806790,19737.343856146,5,227,66,161,99,128,7,0,0,0,0,234,66,161,99,128,98,9.8902677475077,13.6008186903399,0.267472602698369,2020-02-03,2020,2
"1527","BA",2,"Nordeste",29032,"Porto Seguro",806790,19737.343856146,6,203,72,131,85,118,4,0,0,0,0,207,72,131,85,118,93,9.8902677475077,13.6008186903399,0.267237060986326,2020-02-10,2020,2
"1528","BA",2,"Nordeste",29032,"Porto Seguro",806790,19737.343856146,7,205,75,130,90,115,2,0,0,0,0,207,75,130,90,115,92,9.8902677475077,13.6008186903399,0.283278275528994,2020-02-17,2020,2
"1529","BA",2,"Nordeste",29032,"Porto Seguro",806790,19737.343856146,8,213,75,138,102,111,3,0,0,0,0,216,75,138,102,111,109,9.8902677475077,13.6008186903399,0.320732117107912,2020-02-24,2020,2
"1530","BA",2,"Nordeste",29032,"Porto Seguro",806790,19737.343856146,9,211,72,139,101,110,1,0,0,0,0,212,72,139,101,110,100,9.8902677475077,13.6008186903399,0.306959400464104,2020-03-02,2020,3
"1531","BA",2,"Nordeste",29032,"Porto Seguro",806790,19737.343856146,10,183,46,137,79,104,1,0,0,0,0,184,46,137,79,104,87,9.8902677475077,13.6008186903399,0.319085795792425,2020-03-09,2020,3
"1532","BA",2,"Nordeste",29032,"Porto Seguro",806790,19737.343856146,11,178,58,120,84,94,2,0,0,0,0,180,58,120,84,94,93,9.8902677475077,13.6008186903399,0.383248842833374,2020-03-16,2020,3
"1533","BA",2,"Nordeste",29032,"Porto Seguro",806790,19737.343856146,12,210,66,144,103,107,4,0,0,0,0,214,66,144,103,107,94,9.8902677475077,13.6008186903399,0.481825843768533,2020-03-23,2020,3
"1534","BA",2,"Nordeste",29032,"Porto Seguro",806790,19737.343856146,13,160,63,97,75,85,1,0,0,0,0,161,63,97,75,85,100,9.8902677475077,13.6008186903399,0.434975435895858,2020-03-30,2020,3
"1535","BA",2,"Nordeste",29032,"Porto Seguro",806790,19737.343856146,14,198,67,131,97,101,3,0,0,0,0,201,67,131,97,101,97,9.8902677475077,13.6008186903399,0.415319150008161,2020-04-06,2020,4
"1536","BA",2,"Nordeste",29032,"Porto Seguro",806790,19737.343856146,15,197,69,128,87,110,2,0,0,0,0,199,69,128,87,110,98,9.8902677475077,13.6008186903399,0.397818444298046,2020-04-13,2020,4
"1537","BA",2,"Nordeste",29032,"Porto Seguro",806790,19737.343856146,16,247,86,161,114,133,1,0,0,0,0,248,86,161,114,133,83,9.8902677475077,13.6008186903399,0.387735750359275,2020-04-20,2020,4
"1538","BA",2,"Nordeste",29032,"Porto Seguro",806790,19737.343856146,17,235,96,139,94,141,1,0,0,0,0,236,96,139,94,141,95,9.8902677475077,13.6008186903399,0.375748073508713,2020-04-27,2020,4
"1539","BA",2,"Nordeste",29032,"Porto Seguro",806790,19737.343856146,18,217,86,131,107,110,4,0,0,0,0,221,86,131,107,110,86,9.8902677475077,13.6008186903399,0.380397070223773,2020-05-04,2020,5
"1540","BA",2,"Nordeste",29032,"Porto Seguro",806790,19737.343856146,19,247,112,135,127,120,0,0,0,0,0,247,112,135,127,120,106,9.8902677475077,13.6008186903399,0.406387993011686,2020-05-11,2020,5
"1541","BA",2,"Nordeste",29032,"Porto Seguro",806790,19737.343856146,20,228,73,155,107,121,1,0,0,0,0,229,73,155,107,121,115,9.8902677475077,13.6008186903399,0.394687140819422,2020-05-18,2020,5
"1542","BA",2,"Nordeste",29032,"Porto Seguro",806790,19737.343856146,21,219,74,145,98,121,1,0,0,0,0,220,74,145,98,121,108,9.8902677475077,13.6008186903399,0.396439817167502,2020-05-25,2020,5
"1543","BA",2,"Nordeste",29032,"Porto Seguro",806790,19737.343856146,22,268,98,170,127,141,3,0,0,0,0,271,98,170,127,141,130,9.8902677475077,13.6008186903399,0.388420684393481,2020-06-01,2020,6
"1544","BA",2,"Nordeste",29032,"Porto Seguro",806790,19737.343856146,23,266,101,165,118,148,2,0,0,0,0,268,101,165,118,148,116,9.8902677475077,13.6008186903399,0.387214282966982,2020-06-08,2020,6
"1545","BA",2,"Nordeste",29032,"Porto Seguro",806790,19737.343856146,24,239,76,163,111,128,2,0,0,0,0,241,76,163,111,128,121,9.8902677475077,13.6008186903399,0.382014225996506,2020-06-15,2020,6
"1546","BA",2,"Nordeste",29032,"Porto Seguro",806790,19737.343856146,25,265,101,164,127,138,0,0,0,0,0,265,101,164,127,138,135,9.8902677475077,13.6008186903399,0.378661925007178,2020-06-22,2020,6
"1547","BA",2,"Nordeste",29032,"Porto Seguro",806790,19737.343856146,26,224,86,138,108,116,4,0,0,0,0,228,86,138,108,116,118,9.8902677475077,13.6008186903399,0.398938011016821,2020-06-29,2020,6
"1548","BA",2,"Nordeste",29032,"Porto Seguro",806790,19737.343856146,27,220,71,149,98,122,5,0,0,0,0,225,71,149,98,122,126,9.8902677475077,13.6008186903399,0.402298770406138,2020-07-06,2020,7
"1549","BA",2,"Nordeste",29032,"Porto Seguro",806790,19737.343856146,28,255,91,164,113,142,1,0,0,0,0,256,91,164,113,142,142,9.8902677475077,13.6008186903399,0.405645337918834,2020-07-13,2020,7
"1550","BA",2,"Nordeste",29032,"Porto Seguro",806790,19737.343856146,29,268,95,173,137,131,4,0,0,0,0,272,95,173,137,131,108,9.8902677475077,13.6008186903399,0.410333189427145,2020-07-20,2020,7
"1551","CE",2,"Nordeste",23001,"Litoral de Camocim e Acaraú",391710,9714.37656743509,5,115,30,85,51,64,0,0,0,0,0,115,30,85,51,64,56,9.18136218758928,12.8782770490702,0.292480595510034,2020-02-03,2020,2
"1552","CE",2,"Nordeste",23001,"Litoral de Camocim e Acaraú",391710,9714.37656743509,6,117,35,82,45,72,0,0,0,0,0,117,35,82,45,72,45,9.18136218758928,12.8782770490702,0.28978362703856,2020-02-10,2020,2
"1553","CE",2,"Nordeste",23001,"Litoral de Camocim e Acaraú",391710,9714.37656743509,7,141,51,90,58,83,3,0,0,0,0,144,51,90,58,83,54,9.18136218758928,12.8782770490702,0.302828411049082,2020-02-17,2020,2
"1554","CE",2,"Nordeste",23001,"Litoral de Camocim e Acaraú",391710,9714.37656743509,8,120,42,78,56,64,2,0,0,0,0,122,42,78,56,64,55,9.18136218758928,12.8782770490702,0.341843572018729,2020-02-24,2020,2
"1555","CE",2,"Nordeste",23001,"Litoral de Camocim e Acaraú",391710,9714.37656743509,9,116,32,84,47,69,0,0,0,0,0,116,32,84,47,69,44,9.18136218758928,12.8782770490702,0.333343538702379,2020-03-02,2020,3
"1556","CE",2,"Nordeste",23001,"Litoral de Camocim e Acaraú",391710,9714.37656743509,10,105,36,69,46,59,1,0,0,0,0,106,36,69,46,59,49,9.18136218758928,12.8782770490702,0.361334842096372,2020-03-09,2020,3
"1557","CE",2,"Nordeste",23001,"Litoral de Camocim e Acaraú",391710,9714.37656743509,11,101,32,69,41,60,2,0,0,0,0,103,32,69,41,60,53,9.18136218758928,12.8782770490702,0.439049933185581,2020-03-16,2020,3
"1558","CE",2,"Nordeste",23001,"Litoral de Camocim e Acaraú",391710,9714.37656743509,12,86,33,53,34,52,3,0,0,0,0,89,33,53,34,52,56,9.18136218758928,12.8782770490702,0.53986808022431,2020-03-23,2020,3
"1559","CE",2,"Nordeste",23001,"Litoral de Camocim e Acaraú",391710,9714.37656743509,13,83,33,50,34,49,1,0,0,0,0,84,33,50,34,49,53,9.18136218758928,12.8782770490702,0.487985568313676,2020-03-30,2020,3
"1560","CE",2,"Nordeste",23001,"Litoral de Camocim e Acaraú",391710,9714.37656743509,14,98,40,58,34,64,3,0,0,0,0,101,40,58,34,64,57,9.18136218758928,12.8782770490702,0.468067074737956,2020-04-06,2020,4
"1561","CE",2,"Nordeste",23001,"Litoral de Camocim e Acaraú",391710,9714.37656743509,15,104,37,67,50,54,1,0,0,0,0,105,37,67,50,54,44,9.18136218758928,12.8782770490702,0.453466343793343,2020-04-13,2020,4
"1562","CE",2,"Nordeste",23001,"Litoral de Camocim e Acaraú",391710,9714.37656743509,16,117,35,82,48,69,2,0,0,0,0,119,35,82,48,69,28,9.18136218758928,12.8782770490702,0.444617248208767,2020-04-20,2020,4
"1563","CE",2,"Nordeste",23001,"Litoral de Camocim e Acaraú",391710,9714.37656743509,17,112,30,82,52,60,1,0,0,0,0,113,30,82,52,60,44,9.18136218758928,12.8782770490702,0.438937427332383,2020-04-27,2020,4
"1564","CE",2,"Nordeste",23001,"Litoral de Camocim e Acaraú",391710,9714.37656743509,18,92,26,66,42,50,0,0,0,0,0,92,26,66,42,50,65,9.18136218758928,12.8782770490702,0.468880206529754,2020-05-04,2020,5
"1565","CE",2,"Nordeste",23001,"Litoral de Camocim e Acaraú",391710,9714.37656743509,19,114,42,72,54,60,2,0,0,0,0,116,42,72,54,60,81,9.18136218758928,12.8782770490702,0.499576421594873,2020-05-11,2020,5
"1566","CE",2,"Nordeste",23001,"Litoral de Camocim e Acaraú",391710,9714.37656743509,20,104,35,69,45,59,1,0,0,0,0,105,35,69,45,59,92,9.18136218758928,12.8782770490702,0.488618760919372,2020-05-18,2020,5
"1567","CE",2,"Nordeste",23001,"Litoral de Camocim e Acaraú",391710,9714.37656743509,21,121,44,77,46,75,2,0,0,0,0,123,44,77,46,75,86,9.18136218758928,12.8782770490702,0.476847514949269,2020-05-25,2020,5
"1568","CE",2,"Nordeste",23001,"Litoral de Camocim e Acaraú",391710,9714.37656743509,22,136,45,91,46,90,2,0,0,0,0,138,45,91,46,90,99,9.18136218758928,12.8782770490702,0.461489567464872,2020-06-01,2020,6
"1569","CE",2,"Nordeste",23001,"Litoral de Camocim e Acaraú",391710,9714.37656743509,23,99,30,69,47,52,1,0,0,0,0,100,30,69,47,52,88,9.18136218758928,12.8782770490702,0.4489022362251,2020-06-08,2020,6
"1570","CE",2,"Nordeste",23001,"Litoral de Camocim e Acaraú",391710,9714.37656743509,24,115,43,72,50,65,0,0,0,0,0,115,43,72,50,65,76,9.18136218758928,12.8782770490702,0.432283581232979,2020-06-15,2020,6
"1571","CE",2,"Nordeste",23001,"Litoral de Camocim e Acaraú",391710,9714.37656743509,25,112,39,73,43,69,1,0,0,0,0,113,39,73,43,69,73,9.18136218758928,12.8782770490702,0.431720827112253,2020-06-22,2020,6
"1572","CE",2,"Nordeste",23001,"Litoral de Camocim e Acaraú",391710,9714.37656743509,26,109,27,82,50,59,1,0,0,0,0,110,27,82,50,59,53,9.18136218758928,12.8782770490702,0.442695910416122,2020-06-29,2020,6
"1573","CE",2,"Nordeste",23001,"Litoral de Camocim e Acaraú",391710,9714.37656743509,27,109,37,72,45,64,3,0,0,0,0,112,37,72,45,64,59,9.18136218758928,12.8782770490702,0.455859115140919,2020-07-06,2020,7
"1574","CE",2,"Nordeste",23001,"Litoral de Camocim e Acaraú",391710,9714.37656743509,28,108,27,81,44,64,3,0,0,0,0,111,27,81,44,64,52,9.18136218758928,12.8782770490702,0.437576922213013,2020-07-13,2020,7
"1575","CE",2,"Nordeste",23001,"Litoral de Camocim e Acaraú",391710,9714.37656743509,29,136,46,90,53,83,1,0,0,0,0,137,46,90,53,83,48,9.18136218758928,12.8782770490702,0.432481359158177,2020-07-20,2020,7
"1576","CE",2,"Nordeste",23002,"Ibiapaba",322809,12119.7502263568,5,88,27,61,32,56,0,0,0,0,0,88,27,61,32,56,44,9.40259165102454,12.6848160960302,0.278817711718054,2020-02-03,2020,2
"1577","CE",2,"Nordeste",23002,"Ibiapaba",322809,12119.7502263568,6,91,27,64,31,60,0,0,0,0,0,91,27,64,31,60,33,9.40259165102454,12.6848160960302,0.271066070238201,2020-02-10,2020,2
"1578","CE",2,"Nordeste",23002,"Ibiapaba",322809,12119.7502263568,7,85,20,65,32,53,0,0,0,0,0,85,20,65,32,53,37,9.40259165102454,12.6848160960302,0.283903743135352,2020-02-17,2020,2
"1579","CE",2,"Nordeste",23002,"Ibiapaba",322809,12119.7502263568,8,118,40,78,54,64,0,0,0,0,0,118,40,78,54,64,53,9.40259165102454,12.6848160960302,0.328367168863012,2020-02-24,2020,2
"1580","CE",2,"Nordeste",23002,"Ibiapaba",322809,12119.7502263568,9,84,28,56,39,45,0,0,0,0,0,84,28,56,39,45,31,9.40259165102454,12.6848160960302,0.312005628464642,2020-03-02,2020,3
"1581","CE",2,"Nordeste",23002,"Ibiapaba",322809,12119.7502263568,10,79,33,46,33,46,1,0,0,0,0,80,33,46,33,46,51,9.40259165102454,12.6848160960302,0.340329799303676,2020-03-09,2020,3
"1582","CE",2,"Nordeste",23002,"Ibiapaba",322809,12119.7502263568,11,83,30,53,30,53,1,0,0,0,0,84,30,53,30,53,51,9.40259165102454,12.6848160960302,0.436379120438867,2020-03-16,2020,3
"1583","CE",2,"Nordeste",23002,"Ibiapaba",322809,12119.7502263568,12,77,20,57,26,51,0,0,0,0,0,77,20,57,26,51,40,9.40259165102454,12.6848160960302,0.533664242194735,2020-03-23,2020,3
"1584","CE",2,"Nordeste",23002,"Ibiapaba",322809,12119.7502263568,13,74,28,46,23,51,5,0,0,0,0,79,28,46,23,51,38,9.40259165102454,12.6848160960302,0.478854900374266,2020-03-30,2020,3
"1585","CE",2,"Nordeste",23002,"Ibiapaba",322809,12119.7502263568,14,70,24,46,26,44,1,0,0,0,0,71,24,46,26,44,40,9.40259165102454,12.6848160960302,0.46863397108662,2020-04-06,2020,4
"1586","CE",2,"Nordeste",23002,"Ibiapaba",322809,12119.7502263568,15,94,42,52,42,52,0,0,0,0,0,94,42,52,42,52,41,9.40259165102454,12.6848160960302,0.437650720296522,2020-04-13,2020,4
"1587","CE",2,"Nordeste",23002,"Ibiapaba",322809,12119.7502263568,16,82,26,56,42,40,3,0,0,0,0,85,26,56,42,40,29,9.40259165102454,12.6848160960302,0.435223164308615,2020-04-20,2020,4
"1588","CE",2,"Nordeste",23002,"Ibiapaba",322809,12119.7502263568,17,84,24,60,32,52,0,0,0,0,0,84,24,60,32,52,33,9.40259165102454,12.6848160960302,0.43514545247527,2020-04-27,2020,4
"1589","CE",2,"Nordeste",23002,"Ibiapaba",322809,12119.7502263568,18,70,22,48,32,38,1,0,0,0,0,71,22,48,32,38,46,9.40259165102454,12.6848160960302,0.446190452316435,2020-05-04,2020,5
"1590","CE",2,"Nordeste",23002,"Ibiapaba",322809,12119.7502263568,19,91,32,59,38,53,1,0,0,0,0,92,32,59,38,53,41,9.40259165102454,12.6848160960302,0.475586717626879,2020-05-11,2020,5
"1591","CE",2,"Nordeste",23002,"Ibiapaba",322809,12119.7502263568,20,86,37,49,32,54,0,0,0,0,0,86,37,49,32,54,56,9.40259165102454,12.6848160960302,0.46286569676948,2020-05-18,2020,5
"1592","CE",2,"Nordeste",23002,"Ibiapaba",322809,12119.7502263568,21,99,33,66,45,54,1,0,0,0,0,100,33,66,45,54,49,9.40259165102454,12.6848160960302,0.447182422695124,2020-05-25,2020,5
"1593","CE",2,"Nordeste",23002,"Ibiapaba",322809,12119.7502263568,22,98,43,55,40,58,1,0,0,0,0,99,43,55,40,58,57,9.40259165102454,12.6848160960302,0.429859522391797,2020-06-01,2020,6
"1594","CE",2,"Nordeste",23002,"Ibiapaba",322809,12119.7502263568,23,100,39,61,43,57,2,0,0,0,0,102,39,61,43,57,63,9.40259165102454,12.6848160960302,0.416320641553575,2020-06-08,2020,6
"1595","CE",2,"Nordeste",23002,"Ibiapaba",322809,12119.7502263568,24,97,37,60,40,57,1,0,0,0,0,98,37,60,40,57,58,9.40259165102454,12.6848160960302,0.409754992945194,2020-06-15,2020,6
"1596","CE",2,"Nordeste",23002,"Ibiapaba",322809,12119.7502263568,25,96,25,71,37,59,3,0,0,0,0,99,25,71,37,59,60,9.40259165102454,12.6848160960302,0.412938936781709,2020-06-22,2020,6
"1597","CE",2,"Nordeste",23002,"Ibiapaba",322809,12119.7502263568,26,97,26,71,42,55,0,0,0,0,0,97,26,71,42,55,54,9.40259165102454,12.6848160960302,0.444579246854634,2020-06-29,2020,6
"1598","CE",2,"Nordeste",23002,"Ibiapaba",322809,12119.7502263568,27,105,49,56,45,60,0,0,0,0,0,105,49,56,45,60,59,9.40259165102454,12.6848160960302,0.454354256295886,2020-07-06,2020,7
"1599","CE",2,"Nordeste",23002,"Ibiapaba",322809,12119.7502263568,28,99,31,68,40,59,3,0,0,0,0,102,31,68,40,59,48,9.40259165102454,12.6848160960302,0.448958892351284,2020-07-13,2020,7
"1600","CE",2,"Nordeste",23002,"Ibiapaba",322809,12119.7502263568,29,94,30,64,42,52,0,0,0,0,0,94,30,64,42,52,49,9.40259165102454,12.6848160960302,0.44154178677016,2020-07-20,2020,7
"1601","CE",2,"Nordeste",23003,"Coreaú",60067,10630.6434166847,5,13,1,12,5,8,0,0,0,0,0,13,1,12,5,8,4,9.27149599788472,11.0032158848624,0.294389400850916,2020-02-03,2020,2
"1602","CE",2,"Nordeste",23003,"Coreaú",60067,10630.6434166847,6,22,8,14,5,17,0,0,0,0,0,22,8,14,5,17,6,9.27149599788472,11.0032158848624,0.280901945037701,2020-02-10,2020,2
"1603","CE",2,"Nordeste",23003,"Coreaú",60067,10630.6434166847,7,14,3,11,8,6,0,0,0,0,0,14,3,11,8,6,5,9.27149599788472,11.0032158848624,0.289083269837758,2020-02-17,2020,2
"1604","CE",2,"Nordeste",23003,"Coreaú",60067,10630.6434166847,8,19,7,12,7,12,0,0,0,0,0,19,7,12,7,12,8,9.27149599788472,11.0032158848624,0.329001802966828,2020-02-24,2020,2
"1605","CE",2,"Nordeste",23003,"Coreaú",60067,10630.6434166847,9,14,3,11,5,9,0,0,0,0,0,14,3,11,5,9,8,9.27149599788472,11.0032158848624,0.318483338322447,2020-03-02,2020,3
"1606","CE",2,"Nordeste",23003,"Coreaú",60067,10630.6434166847,10,12,2,10,4,8,0,0,0,0,0,12,2,10,4,8,2,9.27149599788472,11.0032158848624,0.336715603961518,2020-03-09,2020,3
"1607","CE",2,"Nordeste",23003,"Coreaú",60067,10630.6434166847,11,14,8,6,7,7,0,0,0,0,0,14,8,6,7,7,6,9.27149599788472,11.0032158848624,0.439450641975643,2020-03-16,2020,3
"1608","CE",2,"Nordeste",23003,"Coreaú",60067,10630.6434166847,12,8,4,4,3,5,0,0,0,0,0,8,4,4,3,5,7,9.27149599788472,11.0032158848624,0.563552099221529,2020-03-23,2020,3
"1609","CE",2,"Nordeste",23003,"Coreaú",60067,10630.6434166847,13,20,8,12,7,13,0,0,0,0,0,20,8,12,7,13,9,9.27149599788472,11.0032158848624,0.48533471326937,2020-03-30,2020,3
"1610","CE",2,"Nordeste",23003,"Coreaú",60067,10630.6434166847,14,15,5,10,5,10,0,0,0,0,0,15,5,10,5,10,11,9.27149599788472,11.0032158848624,0.458142352074675,2020-04-06,2020,4
"1611","CE",2,"Nordeste",23003,"Coreaú",60067,10630.6434166847,15,11,4,7,7,4,0,0,0,0,0,11,4,7,7,4,9,9.27149599788472,11.0032158848624,0.462645858340307,2020-04-13,2020,4
"1612","CE",2,"Nordeste",23003,"Coreaú",60067,10630.6434166847,16,8,5,3,2,6,0,0,0,0,0,8,5,3,2,6,6,9.27149599788472,11.0032158848624,0.471741272765092,2020-04-20,2020,4
"1613","CE",2,"Nordeste",23003,"Coreaú",60067,10630.6434166847,17,15,8,7,7,8,0,0,0,0,0,15,8,7,7,8,5,9.27149599788472,11.0032158848624,0.474950973287156,2020-04-27,2020,4
"1614","CE",2,"Nordeste",23003,"Coreaú",60067,10630.6434166847,18,15,5,10,3,12,1,0,0,0,0,16,5,10,3,12,6,9.27149599788472,11.0032158848624,0.478892548653416,2020-05-04,2020,5
"1615","CE",2,"Nordeste",23003,"Coreaú",60067,10630.6434166847,19,12,4,8,2,10,0,0,0,0,0,12,4,8,2,10,7,9.27149599788472,11.0032158848624,0.490222852687154,2020-05-11,2020,5
"1616","CE",2,"Nordeste",23003,"Coreaú",60067,10630.6434166847,20,14,1,13,6,8,0,0,0,0,0,14,1,13,6,8,11,9.27149599788472,11.0032158848624,0.479612490048924,2020-05-18,2020,5
"1617","CE",2,"Nordeste",23003,"Coreaú",60067,10630.6434166847,21,20,6,14,5,15,2,0,0,0,0,22,6,14,5,15,12,9.27149599788472,11.0032158848624,0.472268288549673,2020-05-25,2020,5
"1618","CE",2,"Nordeste",23003,"Coreaú",60067,10630.6434166847,22,8,4,4,3,5,0,0,0,0,0,8,4,4,3,5,14,9.27149599788472,11.0032158848624,0.451679093876654,2020-06-01,2020,6
"1619","CE",2,"Nordeste",23003,"Coreaú",60067,10630.6434166847,23,16,5,11,10,6,0,0,0,0,0,16,5,11,10,6,13,9.27149599788472,11.0032158848624,0.442014071182583,2020-06-08,2020,6
"1620","CE",2,"Nordeste",23003,"Coreaú",60067,10630.6434166847,24,10,5,5,3,7,0,0,0,0,0,10,5,5,3,7,14,9.27149599788472,11.0032158848624,0.418402582271422,2020-06-15,2020,6
"1621","CE",2,"Nordeste",23003,"Coreaú",60067,10630.6434166847,25,14,6,8,8,6,0,0,0,0,0,14,6,8,8,6,13,9.27149599788472,11.0032158848624,0.429788922577425,2020-06-22,2020,6
"1622","CE",2,"Nordeste",23003,"Coreaú",60067,10630.6434166847,26,11,5,6,3,8,0,0,0,0,0,11,5,6,3,8,8,9.27149599788472,11.0032158848624,0.436182401381352,2020-06-29,2020,6
"1623","CE",2,"Nordeste",23003,"Coreaú",60067,10630.6434166847,27,16,6,10,7,9,0,0,0,0,0,16,6,10,7,9,15,9.27149599788472,11.0032158848624,0.471856247470352,2020-07-06,2020,7
"1624","CE",2,"Nordeste",23003,"Coreaú",60067,10630.6434166847,28,14,7,7,5,9,0,0,0,0,0,14,7,7,5,9,11,9.27149599788472,11.0032158848624,0.464299031513878,2020-07-13,2020,7
"1625","CE",2,"Nordeste",23003,"Coreaú",60067,10630.6434166847,29,14,4,10,4,10,1,0,0,0,0,15,4,10,4,10,7,9.27149599788472,11.0032158848624,0.459125196817613,2020-07-20,2020,7
"1626","CE",2,"Nordeste",23004,"Meruoca",26966,6605.30801379515,5,3,0,3,2,1,0,0,0,0,0,3,0,3,2,1,5,8.79562884929761,10.202332092194,0.294090089400959,2020-02-03,2020,2
"1627","CE",2,"Nordeste",23004,"Meruoca",26966,6605.30801379515,6,8,2,6,2,6,1,0,0,0,0,9,2,6,2,6,4,8.79562884929761,10.202332092194,0.261501503061969,2020-02-10,2020,2
"1628","CE",2,"Nordeste",23004,"Meruoca",26966,6605.30801379515,7,6,2,4,1,5,0,0,0,0,0,6,2,4,1,5,2,8.79562884929761,10.202332092194,0.290133134986001,2020-02-17,2020,2
"1629","CE",2,"Nordeste",23004,"Meruoca",26966,6605.30801379515,8,14,3,11,4,10,0,0,0,0,0,14,3,11,4,10,4,8.79562884929761,10.202332092194,0.346711824919873,2020-02-24,2020,2
"1630","CE",2,"Nordeste",23004,"Meruoca",26966,6605.30801379515,9,1,0,1,0,1,0,0,0,0,0,1,0,1,0,1,4,8.79562884929761,10.202332092194,0.307826966534799,2020-03-02,2020,3
"1631","CE",2,"Nordeste",23004,"Meruoca",26966,6605.30801379515,10,3,0,3,0,3,0,0,0,0,0,3,0,3,0,3,2,8.79562884929761,10.202332092194,0.354424823887957,2020-03-09,2020,3
"1632","CE",2,"Nordeste",23004,"Meruoca",26966,6605.30801379515,11,5,0,5,0,5,0,0,0,0,0,5,0,5,0,5,4,8.79562884929761,10.202332092194,0.44514880547062,2020-03-16,2020,3
"1633","CE",2,"Nordeste",23004,"Meruoca",26966,6605.30801379515,12,4,1,3,1,3,0,0,0,0,0,4,1,3,1,3,3,8.79562884929761,10.202332092194,0.546906855228939,2020-03-23,2020,3
"1634","CE",2,"Nordeste",23004,"Meruoca",26966,6605.30801379515,13,6,3,3,2,4,0,0,0,0,0,6,3,3,2,4,5,8.79562884929761,10.202332092194,0.483839987279607,2020-03-30,2020,3
"1635","CE",2,"Nordeste",23004,"Meruoca",26966,6605.30801379515,14,4,1,3,3,1,0,0,0,0,0,4,1,3,3,1,0,8.79562884929761,10.202332092194,0.476613457084848,2020-04-06,2020,4
"1636","CE",2,"Nordeste",23004,"Meruoca",26966,6605.30801379515,15,6,3,3,2,4,0,0,0,0,0,6,3,3,2,4,1,8.79562884929761,10.202332092194,0.465902169970161,2020-04-13,2020,4
"1637","CE",2,"Nordeste",23004,"Meruoca",26966,6605.30801379515,16,7,4,3,1,6,0,0,0,0,0,7,4,3,1,6,5,8.79562884929761,10.202332092194,0.485504762212896,2020-04-20,2020,4
"1638","CE",2,"Nordeste",23004,"Meruoca",26966,6605.30801379515,17,3,0,3,3,0,0,0,0,0,0,3,0,3,3,0,3,8.79562884929761,10.202332092194,0.456016688063339,2020-04-27,2020,4
"1639","CE",2,"Nordeste",23004,"Meruoca",26966,6605.30801379515,18,3,2,1,0,3,0,0,0,0,0,3,2,1,0,3,4,8.79562884929761,10.202332092194,0.478556436154112,2020-05-04,2020,5
"1640","CE",2,"Nordeste",23004,"Meruoca",26966,6605.30801379515,19,3,1,2,1,2,0,0,0,0,0,3,1,2,1,2,4,8.79562884929761,10.202332092194,0.508526252463749,2020-05-11,2020,5
"1641","CE",2,"Nordeste",23004,"Meruoca",26966,6605.30801379515,20,8,2,6,3,5,0,0,0,0,0,8,2,6,3,5,6,8.79562884929761,10.202332092194,0.495459305040596,2020-05-18,2020,5
"1642","CE",2,"Nordeste",23004,"Meruoca",26966,6605.30801379515,21,11,2,9,5,6,0,0,0,0,0,11,2,9,5,6,2,8.79562884929761,10.202332092194,0.500966686176024,2020-05-25,2020,5
"1643","CE",2,"Nordeste",23004,"Meruoca",26966,6605.30801379515,22,6,1,5,2,4,0,0,0,0,0,6,1,5,2,4,5,8.79562884929761,10.202332092194,0.483343554588808,2020-06-01,2020,6
"1644","CE",2,"Nordeste",23004,"Meruoca",26966,6605.30801379515,23,5,1,4,4,1,0,0,0,0,0,5,1,4,4,1,5,8.79562884929761,10.202332092194,0.470640782241403,2020-06-08,2020,6
"1645","CE",2,"Nordeste",23004,"Meruoca",26966,6605.30801379515,24,2,0,2,2,0,0,0,0,0,0,2,0,2,2,0,9,8.79562884929761,10.202332092194,0.441090629466854,2020-06-15,2020,6
"1646","CE",2,"Nordeste",23004,"Meruoca",26966,6605.30801379515,25,10,4,6,1,9,0,0,0,0,0,10,4,6,1,9,2,8.79562884929761,10.202332092194,0.438012945315258,2020-06-22,2020,6
"1647","CE",2,"Nordeste",23004,"Meruoca",26966,6605.30801379515,26,4,1,3,1,3,0,0,0,0,0,4,1,3,1,3,7,8.79562884929761,10.202332092194,0.459988811447727,2020-06-29,2020,6
"1648","CE",2,"Nordeste",23004,"Meruoca",26966,6605.30801379515,27,8,3,5,4,4,0,0,0,0,0,8,3,5,4,4,3,8.79562884929761,10.202332092194,0.494206968970051,2020-07-06,2020,7
"1649","CE",2,"Nordeste",23004,"Meruoca",26966,6605.30801379515,28,10,5,5,3,7,0,0,0,0,0,10,5,5,3,7,2,8.79562884929761,10.202332092194,0.461939848448329,2020-07-13,2020,7
"1650","CE",2,"Nordeste",23004,"Meruoca",26966,6605.30801379515,29,6,1,5,1,5,0,0,0,0,0,6,1,5,1,5,2,8.79562884929761,10.202332092194,0.45044505851119,2020-07-20,2020,7
"1651","CE",2,"Nordeste",23005,"Sobral",417859,15140.1240881015,5,103,20,83,34,69,1,0,0,0,0,104,20,83,34,69,51,9.62510372300154,12.9428993340273,0.291447265532892,2020-02-03,2020,2
"1652","CE",2,"Nordeste",23005,"Sobral",417859,15140.1240881015,6,118,15,103,41,77,2,0,0,0,0,120,15,103,41,77,56,9.62510372300154,12.9428993340273,0.28601815684608,2020-02-10,2020,2
"1653","CE",2,"Nordeste",23005,"Sobral",417859,15140.1240881015,7,130,35,95,46,84,1,0,0,0,0,131,35,95,46,84,53,9.62510372300154,12.9428993340273,0.293567990007395,2020-02-17,2020,2
"1654","CE",2,"Nordeste",23005,"Sobral",417859,15140.1240881015,8,120,26,94,43,77,0,0,0,0,0,120,26,94,43,77,51,9.62510372300154,12.9428993340273,0.349494424252503,2020-02-24,2020,2
"1655","CE",2,"Nordeste",23005,"Sobral",417859,15140.1240881015,9,104,26,78,46,58,0,0,0,0,0,104,26,78,46,58,60,9.62510372300154,12.9428993340273,0.319353069369957,2020-03-02,2020,3
"1656","CE",2,"Nordeste",23005,"Sobral",417859,15140.1240881015,10,102,21,81,39,63,1,0,0,0,0,103,21,81,39,63,54,9.62510372300154,12.9428993340273,0.348228064323542,2020-03-09,2020,3
"1657","CE",2,"Nordeste",23005,"Sobral",417859,15140.1240881015,11,107,21,86,53,54,0,0,0,0,0,107,21,86,53,54,64,9.62510372300154,12.9428993340273,0.443976244656726,2020-03-16,2020,3
"1658","CE",2,"Nordeste",23005,"Sobral",417859,15140.1240881015,12,103,21,82,41,62,0,0,0,0,0,103,21,82,41,62,49,9.62510372300154,12.9428993340273,0.551127418397862,2020-03-23,2020,3
"1659","CE",2,"Nordeste",23005,"Sobral",417859,15140.1240881015,13,99,21,78,28,71,1,0,0,0,0,100,21,78,28,71,53,9.62510372300154,12.9428993340273,0.492455685571951,2020-03-30,2020,3
"1660","CE",2,"Nordeste",23005,"Sobral",417859,15140.1240881015,14,93,18,75,39,54,0,0,0,0,0,93,18,75,39,54,49,9.62510372300154,12.9428993340273,0.477294634525288,2020-04-06,2020,4
"1661","CE",2,"Nordeste",23005,"Sobral",417859,15140.1240881015,15,99,22,77,43,56,0,0,0,0,0,99,22,77,43,56,58,9.62510372300154,12.9428993340273,0.458438434580566,2020-04-13,2020,4
"1662","CE",2,"Nordeste",23005,"Sobral",417859,15140.1240881015,16,94,17,77,41,53,2,0,0,0,0,96,17,77,41,53,50,9.62510372300154,12.9428993340273,0.458465259808975,2020-04-20,2020,4
"1663","CE",2,"Nordeste",23005,"Sobral",417859,15140.1240881015,17,101,20,81,42,59,1,0,0,0,0,102,20,81,42,59,75,9.62510372300154,12.9428993340273,0.445597588848746,2020-04-27,2020,4
"1664","CE",2,"Nordeste",23005,"Sobral",417859,15140.1240881015,18,118,24,94,42,76,1,0,0,0,0,119,24,94,42,76,64,9.62510372300154,12.9428993340273,0.48234600693406,2020-05-04,2020,5
"1665","CE",2,"Nordeste",23005,"Sobral",417859,15140.1240881015,19,104,27,77,36,68,2,0,0,0,0,106,27,77,36,68,96,9.62510372300154,12.9428993340273,0.525515011647085,2020-05-11,2020,5
"1666","CE",2,"Nordeste",23005,"Sobral",417859,15140.1240881015,20,98,18,80,45,53,1,0,0,0,0,99,18,80,45,53,83,9.62510372300154,12.9428993340273,0.508567366396739,2020-05-18,2020,5
"1667","CE",2,"Nordeste",23005,"Sobral",417859,15140.1240881015,21,99,30,69,40,59,1,0,0,0,0,100,30,69,40,59,116,9.62510372300154,12.9428993340273,0.490058806481559,2020-05-25,2020,5
"1668","CE",2,"Nordeste",23005,"Sobral",417859,15140.1240881015,22,122,31,91,49,73,0,0,0,0,0,122,31,91,49,73,118,9.62510372300154,12.9428993340273,0.469448490754387,2020-06-01,2020,6
"1669","CE",2,"Nordeste",23005,"Sobral",417859,15140.1240881015,23,89,23,66,26,63,1,0,0,0,0,90,23,66,26,63,105,9.62510372300154,12.9428993340273,0.458216572447461,2020-06-08,2020,6
"1670","CE",2,"Nordeste",23005,"Sobral",417859,15140.1240881015,24,93,21,72,36,57,3,0,0,0,0,96,21,72,36,57,99,9.62510372300154,12.9428993340273,0.442413481994179,2020-06-15,2020,6
"1671","CE",2,"Nordeste",23005,"Sobral",417859,15140.1240881015,25,94,22,72,36,58,4,0,0,0,0,98,22,72,36,58,80,9.62510372300154,12.9428993340273,0.444289150146629,2020-06-22,2020,6
"1672","CE",2,"Nordeste",23005,"Sobral",417859,15140.1240881015,26,103,29,74,35,68,1,0,0,0,0,104,29,74,35,68,87,9.62510372300154,12.9428993340273,0.457666903927846,2020-06-29,2020,6
"1673","CE",2,"Nordeste",23005,"Sobral",417859,15140.1240881015,27,126,27,99,42,84,0,0,0,0,0,126,27,99,42,84,69,9.62510372300154,12.9428993340273,0.472357156451687,2020-07-06,2020,7
"1674","CE",2,"Nordeste",23005,"Sobral",417859,15140.1240881015,28,101,21,80,45,56,0,0,0,0,0,101,21,80,45,56,70,9.62510372300154,12.9428993340273,0.46197031606749,2020-07-13,2020,7
"1675","CE",2,"Nordeste",23005,"Sobral",417859,15140.1240881015,29,109,30,79,39,70,2,0,0,0,0,111,30,79,39,70,74,9.62510372300154,12.9428993340273,0.452079669424885,2020-07-20,2020,7
"1676","CE",2,"Nordeste",23006,"Ipu",140376,8666.71946002166,5,31,12,19,11,20,0,0,0,0,0,31,12,19,11,20,27,9.06724561985792,11.852079815791,0.282709348563963,2020-02-03,2020,2
"1677","CE",2,"Nordeste",23006,"Ipu",140376,8666.71946002166,6,28,14,14,11,17,1,0,0,0,0,29,14,14,11,17,20,9.06724561985792,11.852079815791,0.279265784697991,2020-02-10,2020,2
"1678","CE",2,"Nordeste",23006,"Ipu",140376,8666.71946002166,7,34,13,21,13,21,0,0,0,0,0,34,13,21,13,21,24,9.06724561985792,11.852079815791,0.281085188545392,2020-02-17,2020,2
"1679","CE",2,"Nordeste",23006,"Ipu",140376,8666.71946002166,8,23,9,14,8,15,0,0,0,0,0,23,9,14,8,15,30,9.06724561985792,11.852079815791,0.327885721784025,2020-02-24,2020,2
"1680","CE",2,"Nordeste",23006,"Ipu",140376,8666.71946002166,9,23,10,13,9,14,0,0,0,0,0,23,10,13,9,14,20,9.06724561985792,11.852079815791,0.315334761346246,2020-03-02,2020,3
"1681","CE",2,"Nordeste",23006,"Ipu",140376,8666.71946002166,10,30,5,25,13,17,0,0,0,0,0,30,5,25,13,17,22,9.06724561985792,11.852079815791,0.341643884926097,2020-03-09,2020,3
"1682","CE",2,"Nordeste",23006,"Ipu",140376,8666.71946002166,11,33,13,20,12,21,1,0,0,0,0,34,13,20,12,21,17,9.06724561985792,11.852079815791,0.430530196795495,2020-03-16,2020,3
"1683","CE",2,"Nordeste",23006,"Ipu",140376,8666.71946002166,12,14,6,8,9,5,0,0,0,0,0,14,6,8,9,5,26,9.06724561985792,11.852079815791,0.522196346894574,2020-03-23,2020,3
"1684","CE",2,"Nordeste",23006,"Ipu",140376,8666.71946002166,13,22,11,11,14,8,1,0,0,0,0,23,11,11,14,8,19,9.06724561985792,11.852079815791,0.463986292920213,2020-03-30,2020,3
"1685","CE",2,"Nordeste",23006,"Ipu",140376,8666.71946002166,14,27,9,18,11,16,1,0,0,0,0,28,9,18,11,16,29,9.06724561985792,11.852079815791,0.466006941882505,2020-04-06,2020,4
"1686","CE",2,"Nordeste",23006,"Ipu",140376,8666.71946002166,15,15,4,11,6,9,3,0,0,0,0,18,4,11,6,9,19,9.06724561985792,11.852079815791,0.423474854002443,2020-04-13,2020,4
"1687","CE",2,"Nordeste",23006,"Ipu",140376,8666.71946002166,16,27,9,18,15,12,0,0,0,0,0,27,9,18,15,12,17,9.06724561985792,11.852079815791,0.415329811419747,2020-04-20,2020,4
"1688","CE",2,"Nordeste",23006,"Ipu",140376,8666.71946002166,17,17,7,10,9,8,0,0,0,0,0,17,7,10,9,8,23,9.06724561985792,11.852079815791,0.428334558620559,2020-04-27,2020,4
"1689","CE",2,"Nordeste",23006,"Ipu",140376,8666.71946002166,18,28,7,21,7,21,1,0,0,0,0,29,7,21,7,21,20,9.06724561985792,11.852079815791,0.436454578265249,2020-05-04,2020,5
"1690","CE",2,"Nordeste",23006,"Ipu",140376,8666.71946002166,19,25,9,16,12,13,0,0,0,0,0,25,9,16,12,13,18,9.06724561985792,11.852079815791,0.485488115164555,2020-05-11,2020,5
"1691","CE",2,"Nordeste",23006,"Ipu",140376,8666.71946002166,20,34,12,22,11,23,0,0,0,0,0,34,12,22,11,23,22,9.06724561985792,11.852079815791,0.447373499485943,2020-05-18,2020,5
"1692","CE",2,"Nordeste",23006,"Ipu",140376,8666.71946002166,21,23,7,16,10,13,0,0,0,0,0,23,7,16,10,13,26,9.06724561985792,11.852079815791,0.430950312618948,2020-05-25,2020,5
"1693","CE",2,"Nordeste",23006,"Ipu",140376,8666.71946002166,22,26,15,11,10,16,0,0,0,0,0,26,15,11,10,16,23,9.06724561985792,11.852079815791,0.419758636315665,2020-06-01,2020,6
"1694","CE",2,"Nordeste",23006,"Ipu",140376,8666.71946002166,23,32,9,23,16,16,0,0,0,0,0,32,9,23,16,16,19,9.06724561985792,11.852079815791,0.416476686563824,2020-06-08,2020,6
"1695","CE",2,"Nordeste",23006,"Ipu",140376,8666.71946002166,24,33,11,22,13,20,0,0,0,0,0,33,11,22,13,20,25,9.06724561985792,11.852079815791,0.410637146511006,2020-06-15,2020,6
"1696","CE",2,"Nordeste",23006,"Ipu",140376,8666.71946002166,25,38,14,24,14,24,0,0,0,0,0,38,14,24,14,24,23,9.06724561985792,11.852079815791,0.41243412845688,2020-06-22,2020,6
"1697","CE",2,"Nordeste",23006,"Ipu",140376,8666.71946002166,26,27,6,21,11,16,0,0,0,0,0,27,6,21,11,16,19,9.06724561985792,11.852079815791,0.45152099568669,2020-06-29,2020,6
"1698","CE",2,"Nordeste",23006,"Ipu",140376,8666.71946002166,27,28,6,22,9,19,0,0,0,0,0,28,6,22,9,19,18,9.06724561985792,11.852079815791,0.473088203177278,2020-07-06,2020,7
"1699","CE",2,"Nordeste",23006,"Ipu",140376,8666.71946002166,28,26,11,15,11,15,0,0,0,0,0,26,11,15,11,15,16,9.06724561985792,11.852079815791,0.453964515111668,2020-07-13,2020,7
"1700","CE",2,"Nordeste",23006,"Ipu",140376,8666.71946002166,29,20,7,13,6,14,0,0,0,0,0,20,7,13,6,14,28,9.06724561985792,11.852079815791,0.458987247868345,2020-07-20,2020,7
"1701","CE",2,"Nordeste",23007,"Santa Quitéria",74140,8936.2602611276,5,20,4,16,10,10,0,0,0,0,0,20,4,16,10,10,10,9.09787246533919,11.2137104767047,0.262009444775242,2020-02-03,2020,2
"1702","CE",2,"Nordeste",23007,"Santa Quitéria",74140,8936.2602611276,6,18,6,12,9,9,0,0,0,0,0,18,6,12,9,9,11,9.09787246533919,11.2137104767047,0.264824484326496,2020-02-10,2020,2
"1703","CE",2,"Nordeste",23007,"Santa Quitéria",74140,8936.2602611276,7,21,6,15,13,8,0,0,0,0,0,21,6,15,13,8,7,9.09787246533919,11.2137104767047,0.277735738963217,2020-02-17,2020,2
"1704","CE",2,"Nordeste",23007,"Santa Quitéria",74140,8936.2602611276,8,19,5,14,8,11,1,0,0,0,0,20,5,14,8,11,11,9.09787246533919,11.2137104767047,0.310391271287244,2020-02-24,2020,2
"1705","CE",2,"Nordeste",23007,"Santa Quitéria",74140,8936.2602611276,9,15,7,8,7,8,0,0,0,0,0,15,7,8,7,8,12,9.09787246533919,11.2137104767047,0.299668563957521,2020-03-02,2020,3
"1706","CE",2,"Nordeste",23007,"Santa Quitéria",74140,8936.2602611276,10,20,6,14,8,12,0,0,0,0,0,20,6,14,8,12,11,9.09787246533919,11.2137104767047,0.337202072707337,2020-03-09,2020,3
"1707","CE",2,"Nordeste",23007,"Santa Quitéria",74140,8936.2602611276,11,16,5,11,9,7,0,0,0,0,0,16,5,11,9,7,14,9.09787246533919,11.2137104767047,0.416436379046143,2020-03-16,2020,3
"1708","CE",2,"Nordeste",23007,"Santa Quitéria",74140,8936.2602611276,12,16,5,11,8,8,0,0,0,0,0,16,5,11,8,8,21,9.09787246533919,11.2137104767047,0.521905583629211,2020-03-23,2020,3
"1709","CE",2,"Nordeste",23007,"Santa Quitéria",74140,8936.2602611276,13,11,2,9,3,8,0,0,0,0,0,11,2,9,3,8,12,9.09787246533919,11.2137104767047,0.470850051088871,2020-03-30,2020,3
"1710","CE",2,"Nordeste",23007,"Santa Quitéria",74140,8936.2602611276,14,12,4,8,4,8,0,0,0,0,0,12,4,8,4,8,13,9.09787246533919,11.2137104767047,0.445020211230746,2020-04-06,2020,4
"1711","CE",2,"Nordeste",23007,"Santa Quitéria",74140,8936.2602611276,15,10,6,4,3,7,0,0,0,0,0,10,6,4,3,7,11,9.09787246533919,11.2137104767047,0.420414087424028,2020-04-13,2020,4
"1712","CE",2,"Nordeste",23007,"Santa Quitéria",74140,8936.2602611276,16,7,2,5,2,5,0,0,0,0,0,7,2,5,2,5,12,9.09787246533919,11.2137104767047,0.413114265534653,2020-04-20,2020,4
"1713","CE",2,"Nordeste",23007,"Santa Quitéria",74140,8936.2602611276,17,22,9,13,7,15,0,0,0,0,0,22,9,13,7,15,10,9.09787246533919,11.2137104767047,0.413165652718938,2020-04-27,2020,4
"1714","CE",2,"Nordeste",23007,"Santa Quitéria",74140,8936.2602611276,18,8,5,3,1,7,0,0,0,0,0,8,5,3,1,7,11,9.09787246533919,11.2137104767047,0.452258332880641,2020-05-04,2020,5
"1715","CE",2,"Nordeste",23007,"Santa Quitéria",74140,8936.2602611276,19,11,5,6,6,5,0,0,0,0,0,11,5,6,6,5,17,9.09787246533919,11.2137104767047,0.467087296383928,2020-05-11,2020,5
"1716","CE",2,"Nordeste",23007,"Santa Quitéria",74140,8936.2602611276,20,13,1,12,7,6,0,0,0,0,0,13,1,12,7,6,9,9.09787246533919,11.2137104767047,0.46796744112381,2020-05-18,2020,5
"1717","CE",2,"Nordeste",23007,"Santa Quitéria",74140,8936.2602611276,21,19,4,15,9,10,0,0,0,0,0,19,4,15,9,10,12,9.09787246533919,11.2137104767047,0.452226158623475,2020-05-25,2020,5
"1718","CE",2,"Nordeste",23007,"Santa Quitéria",74140,8936.2602611276,22,12,1,11,8,4,0,0,0,0,0,12,1,11,8,4,15,9.09787246533919,11.2137104767047,0.423032922643175,2020-06-01,2020,6
"1719","CE",2,"Nordeste",23007,"Santa Quitéria",74140,8936.2602611276,23,16,2,14,4,12,0,0,0,0,0,16,2,14,4,12,6,9.09787246533919,11.2137104767047,0.412467162126057,2020-06-08,2020,6
"1720","CE",2,"Nordeste",23007,"Santa Quitéria",74140,8936.2602611276,24,7,2,5,4,3,0,0,0,0,0,7,2,5,4,3,12,9.09787246533919,11.2137104767047,0.413956819672943,2020-06-15,2020,6
"1721","CE",2,"Nordeste",23007,"Santa Quitéria",74140,8936.2602611276,25,18,4,14,3,15,0,0,0,0,0,18,4,14,3,15,11,9.09787246533919,11.2137104767047,0.408672237657745,2020-06-22,2020,6
"1722","CE",2,"Nordeste",23007,"Santa Quitéria",74140,8936.2602611276,26,11,1,10,5,6,0,0,0,0,0,11,1,10,5,6,18,9.09787246533919,11.2137104767047,0.434107545246982,2020-06-29,2020,6
"1723","CE",2,"Nordeste",23007,"Santa Quitéria",74140,8936.2602611276,27,16,5,11,10,6,0,0,0,0,0,16,5,11,10,6,8,9.09787246533919,11.2137104767047,0.4610365662852,2020-07-06,2020,7
"1724","CE",2,"Nordeste",23007,"Santa Quitéria",74140,8936.2602611276,28,18,1,17,8,10,1,0,0,0,0,19,1,17,8,10,19,9.09787246533919,11.2137104767047,0.442141939043616,2020-07-13,2020,7
"1725","CE",2,"Nordeste",23007,"Santa Quitéria",74140,8936.2602611276,29,17,6,11,11,6,0,0,0,0,0,17,6,11,11,6,6,9.09787246533919,11.2137104767047,0.450622795469614,2020-07-20,2020,7
"1726","CE",2,"Nordeste",23008,"Itapipoca",230659,12822.7295793791,5,61,18,43,26,35,3,0,0,0,0,64,18,43,26,35,25,9.45897462351953,12.3486957083851,0.283316572285001,2020-02-03,2020,2
"1727","CE",2,"Nordeste",23008,"Itapipoca",230659,12822.7295793791,6,63,14,49,24,39,2,0,0,0,0,65,14,49,24,39,19,9.45897462351953,12.3486957083851,0.284173627428971,2020-02-10,2020,2
"1728","CE",2,"Nordeste",23008,"Itapipoca",230659,12822.7295793791,7,60,21,39,29,31,3,0,0,0,0,63,21,39,29,31,21,9.45897462351953,12.3486957083851,0.291251808152509,2020-02-17,2020,2
"1729","CE",2,"Nordeste",23008,"Itapipoca",230659,12822.7295793791,8,61,18,43,28,33,0,0,0,0,0,61,18,43,28,33,23,9.45897462351953,12.3486957083851,0.34404379690676,2020-02-24,2020,2
"1730","CE",2,"Nordeste",23008,"Itapipoca",230659,12822.7295793791,9,68,23,45,33,35,1,0,0,0,0,69,23,45,33,35,33,9.45897462351953,12.3486957083851,0.317570803762905,2020-03-02,2020,3
"1731","CE",2,"Nordeste",23008,"Itapipoca",230659,12822.7295793791,10,67,19,48,33,34,0,0,0,0,0,67,19,48,33,34,27,9.45897462351953,12.3486957083851,0.351411128895763,2020-03-09,2020,3
"1732","CE",2,"Nordeste",23008,"Itapipoca",230659,12822.7295793791,11,57,14,43,23,34,0,0,0,0,0,57,14,43,23,34,21,9.45897462351953,12.3486957083851,0.435301347022361,2020-03-16,2020,3
"1733","CE",2,"Nordeste",23008,"Itapipoca",230659,12822.7295793791,12,55,15,40,27,28,1,0,0,0,0,56,15,40,27,28,22,9.45897462351953,12.3486957083851,0.536049050386695,2020-03-23,2020,3
"1734","CE",2,"Nordeste",23008,"Itapipoca",230659,12822.7295793791,13,60,18,42,27,33,0,0,0,0,0,60,18,42,27,33,25,9.45897462351953,12.3486957083851,0.47566909068476,2020-03-30,2020,3
"1735","CE",2,"Nordeste",23008,"Itapipoca",230659,12822.7295793791,14,57,18,39,25,32,2,0,0,0,0,59,18,39,25,32,20,9.45897462351953,12.3486957083851,0.45558332411366,2020-04-06,2020,4
"1736","CE",2,"Nordeste",23008,"Itapipoca",230659,12822.7295793791,15,62,23,39,26,36,1,0,0,0,0,63,23,39,26,36,20,9.45897462351953,12.3486957083851,0.441047619862955,2020-04-13,2020,4
"1737","CE",2,"Nordeste",23008,"Itapipoca",230659,12822.7295793791,16,57,16,41,18,39,0,0,0,0,0,57,16,41,18,39,30,9.45897462351953,12.3486957083851,0.460982881771166,2020-04-20,2020,4
"1738","CE",2,"Nordeste",23008,"Itapipoca",230659,12822.7295793791,17,75,20,55,37,38,0,0,0,0,0,75,20,55,37,38,40,9.45897462351953,12.3486957083851,0.450710366809206,2020-04-27,2020,4
"1739","CE",2,"Nordeste",23008,"Itapipoca",230659,12822.7295793791,18,55,10,45,23,32,1,0,0,0,0,56,10,45,23,32,63,9.45897462351953,12.3486957083851,0.480182783155654,2020-05-04,2020,5
"1740","CE",2,"Nordeste",23008,"Itapipoca",230659,12822.7295793791,19,56,19,37,23,33,0,0,0,0,0,56,19,37,23,33,50,9.45897462351953,12.3486957083851,0.521412902273214,2020-05-11,2020,5
"1741","CE",2,"Nordeste",23008,"Itapipoca",230659,12822.7295793791,20,63,18,45,35,28,1,0,0,0,0,64,18,45,35,28,58,9.45897462351953,12.3486957083851,0.52082168454552,2020-05-18,2020,5
"1742","CE",2,"Nordeste",23008,"Itapipoca",230659,12822.7295793791,21,72,15,57,34,38,0,0,0,0,0,72,15,57,34,38,39,9.45897462351953,12.3486957083851,0.492306889627704,2020-05-25,2020,5
"1743","CE",2,"Nordeste",23008,"Itapipoca",230659,12822.7295793791,22,73,19,54,36,37,0,0,0,0,0,73,19,54,36,37,42,9.45897462351953,12.3486957083851,0.469775467468572,2020-06-01,2020,6
"1744","CE",2,"Nordeste",23008,"Itapipoca",230659,12822.7295793791,23,74,20,54,33,41,0,0,0,0,0,74,20,54,33,41,39,9.45897462351953,12.3486957083851,0.441591062454167,2020-06-08,2020,6
"1745","CE",2,"Nordeste",23008,"Itapipoca",230659,12822.7295793791,24,55,21,34,19,36,0,0,0,0,0,55,21,34,19,36,37,9.45897462351953,12.3486957083851,0.422975044825011,2020-06-15,2020,6
"1746","CE",2,"Nordeste",23008,"Itapipoca",230659,12822.7295793791,25,70,17,53,38,32,2,0,0,0,0,72,17,53,38,32,22,9.45897462351953,12.3486957083851,0.419976552571412,2020-06-22,2020,6
"1747","CE",2,"Nordeste",23008,"Itapipoca",230659,12822.7295793791,26,69,15,54,26,43,0,0,0,0,0,69,15,54,26,43,29,9.45897462351953,12.3486957083851,0.423531039184901,2020-06-29,2020,6
"1748","CE",2,"Nordeste",23008,"Itapipoca",230659,12822.7295793791,27,68,20,48,34,34,0,0,0,0,0,68,20,48,34,34,27,9.45897462351953,12.3486957083851,0.439824376925979,2020-07-06,2020,7
"1749","CE",2,"Nordeste",23008,"Itapipoca",230659,12822.7295793791,28,65,18,47,23,42,0,0,0,0,0,65,18,47,23,42,31,9.45897462351953,12.3486957083851,0.428101669165505,2020-07-13,2020,7
"1750","CE",2,"Nordeste",23008,"Itapipoca",230659,12822.7295793791,29,77,19,58,36,41,0,0,0,0,0,77,19,58,36,41,27,9.45897462351953,12.3486957083851,0.427916070232496,2020-07-20,2020,7
"1751","CE",2,"Nordeste",23009,"Baixo Curu",117165,43999.7775760679,5,40,8,32,23,17,0,0,0,0,0,40,8,32,23,17,13,10.6919398577983,11.6713384767125,0.268728580917139,2020-02-03,2020,2
"1752","CE",2,"Nordeste",23009,"Baixo Curu",117165,43999.7775760679,6,35,11,24,16,19,0,0,0,0,0,35,11,24,16,19,13,10.6919398577983,11.6713384767125,0.274300210244363,2020-02-10,2020,2
"1753","CE",2,"Nordeste",23009,"Baixo Curu",117165,43999.7775760679,7,32,7,25,13,19,0,0,0,0,0,32,7,25,13,19,14,10.6919398577983,11.6713384767125,0.282224923578946,2020-02-17,2020,2
"1754","CE",2,"Nordeste",23009,"Baixo Curu",117165,43999.7775760679,8,35,3,32,11,24,0,0,0,0,0,35,3,32,11,24,20,10.6919398577983,11.6713384767125,0.33181390238606,2020-02-24,2020,2
"1755","CE",2,"Nordeste",23009,"Baixo Curu",117165,43999.7775760679,9,37,11,26,13,24,0,0,0,0,0,37,11,26,13,24,12,10.6919398577983,11.6713384767125,0.302361808555682,2020-03-02,2020,3
"1756","CE",2,"Nordeste",23009,"Baixo Curu",117165,43999.7775760679,10,43,13,30,10,33,0,0,0,0,0,43,13,30,10,33,20,10.6919398577983,11.6713384767125,0.332455862581399,2020-03-09,2020,3
"1757","CE",2,"Nordeste",23009,"Baixo Curu",117165,43999.7775760679,11,33,8,25,14,19,1,0,0,0,0,34,8,25,14,19,15,10.6919398577983,11.6713384767125,0.401662594117839,2020-03-16,2020,3
"1758","CE",2,"Nordeste",23009,"Baixo Curu",117165,43999.7775760679,12,22,9,13,11,11,0,0,0,0,0,22,9,13,11,11,14,10.6919398577983,11.6713384767125,0.500011579192971,2020-03-23,2020,3
"1759","CE",2,"Nordeste",23009,"Baixo Curu",117165,43999.7775760679,13,31,5,26,10,21,0,0,0,0,0,31,5,26,10,21,19,10.6919398577983,11.6713384767125,0.459297385866301,2020-03-30,2020,3
"1760","CE",2,"Nordeste",23009,"Baixo Curu",117165,43999.7775760679,14,33,5,28,16,17,0,0,0,0,0,33,5,28,16,17,15,10.6919398577983,11.6713384767125,0.451003059296203,2020-04-06,2020,4
"1761","CE",2,"Nordeste",23009,"Baixo Curu",117165,43999.7775760679,15,24,4,20,9,15,0,0,0,0,0,24,4,20,9,15,18,10.6919398577983,11.6713384767125,0.440448596774675,2020-04-13,2020,4
"1762","CE",2,"Nordeste",23009,"Baixo Curu",117165,43999.7775760679,16,30,7,23,12,18,0,0,0,0,0,30,7,23,12,18,13,10.6919398577983,11.6713384767125,0.454309812815808,2020-04-20,2020,4
"1763","CE",2,"Nordeste",23009,"Baixo Curu",117165,43999.7775760679,17,26,7,19,12,14,1,0,0,0,0,27,7,19,12,14,16,10.6919398577983,11.6713384767125,0.421952223787927,2020-04-27,2020,4
"1764","CE",2,"Nordeste",23009,"Baixo Curu",117165,43999.7775760679,18,34,11,23,13,21,2,0,0,0,0,36,11,23,13,21,22,10.6919398577983,11.6713384767125,0.450619272985802,2020-05-04,2020,5
"1765","CE",2,"Nordeste",23009,"Baixo Curu",117165,43999.7775760679,19,25,5,20,13,12,0,0,0,0,0,25,5,20,13,12,32,10.6919398577983,11.6713384767125,0.477092250800267,2020-05-11,2020,5
"1766","CE",2,"Nordeste",23009,"Baixo Curu",117165,43999.7775760679,20,23,5,18,8,15,0,0,0,0,0,23,5,18,8,15,27,10.6919398577983,11.6713384767125,0.462741707786429,2020-05-18,2020,5
"1767","CE",2,"Nordeste",23009,"Baixo Curu",117165,43999.7775760679,21,26,6,20,8,18,0,0,0,0,0,26,6,20,8,18,28,10.6919398577983,11.6713384767125,0.43992630827104,2020-05-25,2020,5
"1768","CE",2,"Nordeste",23009,"Baixo Curu",117165,43999.7775760679,22,38,11,27,15,23,1,0,0,0,0,39,11,27,15,23,24,10.6919398577983,11.6713384767125,0.40995270236818,2020-06-01,2020,6
"1769","CE",2,"Nordeste",23009,"Baixo Curu",117165,43999.7775760679,23,27,8,19,9,18,0,0,0,0,0,27,8,19,9,18,15,10.6919398577983,11.6713384767125,0.392620956982434,2020-06-08,2020,6
"1770","CE",2,"Nordeste",23009,"Baixo Curu",117165,43999.7775760679,24,27,10,17,12,15,0,0,0,0,0,27,10,17,12,15,16,10.6919398577983,11.6713384767125,0.377037307777177,2020-06-15,2020,6
"1771","CE",2,"Nordeste",23009,"Baixo Curu",117165,43999.7775760679,25,33,10,23,15,18,0,0,0,0,0,33,10,23,15,18,12,10.6919398577983,11.6713384767125,0.383074453475166,2020-06-22,2020,6
"1772","CE",2,"Nordeste",23009,"Baixo Curu",117165,43999.7775760679,26,32,8,24,10,22,0,0,0,0,0,32,8,24,10,22,25,10.6919398577983,11.6713384767125,0.382892425330255,2020-06-29,2020,6
"1773","CE",2,"Nordeste",23009,"Baixo Curu",117165,43999.7775760679,27,34,10,24,16,18,0,0,0,0,0,34,10,24,16,18,26,10.6919398577983,11.6713384767125,0.39268985617554,2020-07-06,2020,7
"1774","CE",2,"Nordeste",23009,"Baixo Curu",117165,43999.7775760679,28,36,11,25,23,13,0,0,0,0,0,36,11,25,23,13,13,10.6919398577983,11.6713384767125,0.377246150419899,2020-07-13,2020,7
"1775","CE",2,"Nordeste",23009,"Baixo Curu",117165,43999.7775760679,29,37,11,26,18,19,0,0,0,0,0,37,11,26,18,19,13,10.6919398577983,11.6713384767125,0.386958855860387,2020-07-20,2020,7
"1776","CE",2,"Nordeste",23010,"Uruburetama",111441,10662.4538391615,5,38,18,20,20,18,1,0,0,0,0,39,18,20,20,18,12,9.27448386252084,11.621250581852,0.281538482930516,2020-02-03,2020,2
"1777","CE",2,"Nordeste",23010,"Uruburetama",111441,10662.4538391615,6,29,7,22,11,18,0,0,0,0,0,29,7,22,11,18,15,9.27448386252084,11.621250581852,0.280226941266807,2020-02-10,2020,2
"1778","CE",2,"Nordeste",23010,"Uruburetama",111441,10662.4538391615,7,28,9,19,12,16,0,0,0,0,0,28,9,19,12,16,14,9.27448386252084,11.621250581852,0.287887196475021,2020-02-17,2020,2
"1779","CE",2,"Nordeste",23010,"Uruburetama",111441,10662.4538391615,8,30,10,20,12,18,1,0,0,0,0,31,10,20,12,18,12,9.27448386252084,11.621250581852,0.335757419077598,2020-02-24,2020,2
"1780","CE",2,"Nordeste",23010,"Uruburetama",111441,10662.4538391615,9,34,11,23,15,19,1,0,0,0,0,35,11,23,15,19,22,9.27448386252084,11.621250581852,0.325939494732407,2020-03-02,2020,3
"1781","CE",2,"Nordeste",23010,"Uruburetama",111441,10662.4538391615,10,11,3,8,6,5,0,0,0,0,0,11,3,8,6,5,13,9.27448386252084,11.621250581852,0.341871364881195,2020-03-09,2020,3
"1782","CE",2,"Nordeste",23010,"Uruburetama",111441,10662.4538391615,11,17,6,11,3,14,2,0,0,0,0,19,6,11,3,14,13,9.27448386252084,11.621250581852,0.423466318880898,2020-03-16,2020,3
"1783","CE",2,"Nordeste",23010,"Uruburetama",111441,10662.4538391615,12,14,5,9,3,11,0,0,0,0,0,14,5,9,3,11,14,9.27448386252084,11.621250581852,0.515488890322008,2020-03-23,2020,3
"1784","CE",2,"Nordeste",23010,"Uruburetama",111441,10662.4538391615,13,26,3,23,12,14,0,0,0,0,0,26,3,23,12,14,20,9.27448386252084,11.621250581852,0.45710340807811,2020-03-30,2020,3
"1785","CE",2,"Nordeste",23010,"Uruburetama",111441,10662.4538391615,14,21,11,10,7,14,0,0,0,0,0,21,11,10,7,14,7,9.27448386252084,11.621250581852,0.451895176454854,2020-04-06,2020,4
"1786","CE",2,"Nordeste",23010,"Uruburetama",111441,10662.4538391615,15,23,8,15,16,7,0,0,0,0,0,23,8,15,16,7,14,9.27448386252084,11.621250581852,0.423711046088935,2020-04-13,2020,4
"1787","CE",2,"Nordeste",23010,"Uruburetama",111441,10662.4538391615,16,21,6,15,10,11,1,0,0,0,0,22,6,15,10,11,18,9.27448386252084,11.621250581852,0.444766967788945,2020-04-20,2020,4
"1788","CE",2,"Nordeste",23010,"Uruburetama",111441,10662.4538391615,17,20,4,16,10,10,0,0,0,0,0,20,4,16,10,10,19,9.27448386252084,11.621250581852,0.430139764293574,2020-04-27,2020,4
"1789","CE",2,"Nordeste",23010,"Uruburetama",111441,10662.4538391615,18,27,9,18,9,18,0,0,0,0,0,27,9,18,9,18,29,9.27448386252084,11.621250581852,0.487044992525444,2020-05-04,2020,5
"1790","CE",2,"Nordeste",23010,"Uruburetama",111441,10662.4538391615,19,27,10,17,14,13,0,0,0,0,0,27,10,17,14,13,34,9.27448386252084,11.621250581852,0.516880546306997,2020-05-11,2020,5
"1791","CE",2,"Nordeste",23010,"Uruburetama",111441,10662.4538391615,20,22,7,15,5,17,0,0,0,0,0,22,7,15,5,17,55,9.27448386252084,11.621250581852,0.499255873773572,2020-05-18,2020,5
"1792","CE",2,"Nordeste",23010,"Uruburetama",111441,10662.4538391615,21,28,12,16,9,19,0,0,0,0,0,28,12,16,9,19,28,9.27448386252084,11.621250581852,0.483195271120228,2020-05-25,2020,5
"1793","CE",2,"Nordeste",23010,"Uruburetama",111441,10662.4538391615,22,24,6,18,9,15,0,0,0,0,0,24,6,18,9,15,31,9.27448386252084,11.621250581852,0.439425186025584,2020-06-01,2020,6
"1794","CE",2,"Nordeste",23010,"Uruburetama",111441,10662.4538391615,23,21,8,13,7,14,0,0,0,0,0,21,8,13,7,14,21,9.27448386252084,11.621250581852,0.421632318260453,2020-06-08,2020,6
"1795","CE",2,"Nordeste",23010,"Uruburetama",111441,10662.4538391615,24,23,7,16,10,13,1,0,0,0,0,24,7,16,10,13,17,9.27448386252084,11.621250581852,0.406603541192374,2020-06-15,2020,6
"1796","CE",2,"Nordeste",23010,"Uruburetama",111441,10662.4538391615,25,33,6,27,15,18,0,0,0,0,0,33,6,27,15,18,23,9.27448386252084,11.621250581852,0.400572106903744,2020-06-22,2020,6
"1797","CE",2,"Nordeste",23010,"Uruburetama",111441,10662.4538391615,26,17,7,10,6,11,0,0,0,0,0,17,7,10,6,11,14,9.27448386252084,11.621250581852,0.415466838096945,2020-06-29,2020,6
"1798","CE",2,"Nordeste",23010,"Uruburetama",111441,10662.4538391615,27,31,8,23,11,20,0,0,0,0,0,31,8,23,11,20,11,9.27448386252084,11.621250581852,0.425969623681657,2020-07-06,2020,7
"1799","CE",2,"Nordeste",23010,"Uruburetama",111441,10662.4538391615,28,20,6,14,10,10,0,0,0,0,0,20,6,14,10,10,14,9.27448386252084,11.621250581852,0.418356919082471,2020-07-13,2020,7
"1800","CE",2,"Nordeste",23010,"Uruburetama",111441,10662.4538391615,29,15,5,10,7,8,0,0,0,0,0,15,5,10,7,8,7,9.27448386252084,11.621250581852,0.408811851154173,2020-07-20,2020,7
"1801","CE",2,"Nordeste",23011,"Médio Curu",92681,8530.01953464033,5,14,5,9,5,9,0,0,0,0,0,14,5,9,5,9,16,9.05134693059334,11.4369187683025,0.272396727938094,2020-02-03,2020,2
"1802","CE",2,"Nordeste",23011,"Médio Curu",92681,8530.01953464033,6,22,6,16,13,9,0,0,0,0,0,22,6,16,13,9,13,9.05134693059334,11.4369187683025,0.279707797608247,2020-02-10,2020,2
"1803","CE",2,"Nordeste",23011,"Médio Curu",92681,8530.01953464033,7,22,6,16,7,15,0,0,0,0,0,22,6,16,7,15,10,9.05134693059334,11.4369187683025,0.29892054522862,2020-02-17,2020,2
"1804","CE",2,"Nordeste",23011,"Médio Curu",92681,8530.01953464033,8,25,11,14,14,11,0,0,0,0,0,25,11,14,14,11,20,9.05134693059334,11.4369187683025,0.33597393179522,2020-02-24,2020,2
"1805","CE",2,"Nordeste",23011,"Médio Curu",92681,8530.01953464033,9,19,5,14,7,12,0,0,0,0,0,19,5,14,7,12,13,9.05134693059334,11.4369187683025,0.316746918383438,2020-03-02,2020,3
"1806","CE",2,"Nordeste",23011,"Médio Curu",92681,8530.01953464033,10,15,4,11,9,6,0,0,0,0,0,15,4,11,9,6,16,9.05134693059334,11.4369187683025,0.358127050076063,2020-03-09,2020,3
"1807","CE",2,"Nordeste",23011,"Médio Curu",92681,8530.01953464033,11,20,7,13,5,15,0,0,0,0,0,20,7,13,5,15,15,9.05134693059334,11.4369187683025,0.420458901363862,2020-03-16,2020,3
"1808","CE",2,"Nordeste",23011,"Médio Curu",92681,8530.01953464033,12,20,7,13,9,11,0,0,0,0,0,20,7,13,9,11,13,9.05134693059334,11.4369187683025,0.506021498265229,2020-03-23,2020,3
"1809","CE",2,"Nordeste",23011,"Médio Curu",92681,8530.01953464033,13,23,8,15,13,10,0,0,0,0,0,23,8,15,13,10,12,9.05134693059334,11.4369187683025,0.45928497033417,2020-03-30,2020,3
"1810","CE",2,"Nordeste",23011,"Médio Curu",92681,8530.01953464033,14,12,4,8,4,8,0,0,0,0,0,12,4,8,4,8,13,9.05134693059334,11.4369187683025,0.446289594075754,2020-04-06,2020,4
"1811","CE",2,"Nordeste",23011,"Médio Curu",92681,8530.01953464033,15,13,3,10,7,6,1,0,0,0,0,14,3,10,7,6,9,9.05134693059334,11.4369187683025,0.44266538175442,2020-04-13,2020,4
"1812","CE",2,"Nordeste",23011,"Médio Curu",92681,8530.01953464033,16,23,4,19,15,8,0,0,0,0,0,23,4,19,15,8,11,9.05134693059334,11.4369187683025,0.439401306939196,2020-04-20,2020,4
"1813","CE",2,"Nordeste",23011,"Médio Curu",92681,8530.01953464033,17,19,7,12,11,8,0,0,0,0,0,19,7,12,11,8,11,9.05134693059334,11.4369187683025,0.444501768325474,2020-04-27,2020,4
"1814","CE",2,"Nordeste",23011,"Médio Curu",92681,8530.01953464033,18,15,8,7,10,5,1,0,0,0,0,16,8,7,10,5,17,9.05134693059334,11.4369187683025,0.469459504233549,2020-05-04,2020,5
"1815","CE",2,"Nordeste",23011,"Médio Curu",92681,8530.01953464033,19,22,10,12,14,8,0,0,0,0,0,22,10,12,14,8,15,9.05134693059334,11.4369187683025,0.509863741616375,2020-05-11,2020,5
"1816","CE",2,"Nordeste",23011,"Médio Curu",92681,8530.01953464033,20,13,4,9,6,7,0,0,0,0,0,13,4,9,6,7,27,9.05134693059334,11.4369187683025,0.508396881685018,2020-05-18,2020,5
"1817","CE",2,"Nordeste",23011,"Médio Curu",92681,8530.01953464033,21,23,10,13,14,9,0,0,0,0,0,23,10,13,14,9,19,9.05134693059334,11.4369187683025,0.47167280448796,2020-05-25,2020,5
"1818","CE",2,"Nordeste",23011,"Médio Curu",92681,8530.01953464033,22,17,4,13,10,7,1,0,0,0,0,18,4,13,10,7,21,9.05134693059334,11.4369187683025,0.442182373241318,2020-06-01,2020,6
"1819","CE",2,"Nordeste",23011,"Médio Curu",92681,8530.01953464033,23,22,5,17,13,9,0,0,0,0,0,22,5,17,13,9,22,9.05134693059334,11.4369187683025,0.440059071618382,2020-06-08,2020,6
"1820","CE",2,"Nordeste",23011,"Médio Curu",92681,8530.01953464033,24,20,11,9,7,13,0,0,0,0,0,20,11,9,7,13,11,9.05134693059334,11.4369187683025,0.420741454991799,2020-06-15,2020,6
"1821","CE",2,"Nordeste",23011,"Médio Curu",92681,8530.01953464033,25,21,9,12,8,13,0,0,0,0,0,21,9,12,8,13,15,9.05134693059334,11.4369187683025,0.422500625681418,2020-06-22,2020,6
"1822","CE",2,"Nordeste",23011,"Médio Curu",92681,8530.01953464033,26,32,15,17,10,22,0,0,0,0,0,32,15,17,10,22,10,9.05134693059334,11.4369187683025,0.416637910013634,2020-06-29,2020,6
"1823","CE",2,"Nordeste",23011,"Médio Curu",92681,8530.01953464033,27,22,5,17,11,11,0,0,0,0,0,22,5,17,11,11,7,9.05134693059334,11.4369187683025,0.4357591423278,2020-07-06,2020,7
"1824","CE",2,"Nordeste",23011,"Médio Curu",92681,8530.01953464033,28,21,6,15,11,10,0,0,0,0,0,21,6,15,11,10,10,9.05134693059334,11.4369187683025,0.424740043410113,2020-07-13,2020,7
"1825","CE",2,"Nordeste",23011,"Médio Curu",92681,8530.01953464033,29,24,9,15,6,18,1,0,0,0,0,25,9,15,6,18,16,9.05134693059334,11.4369187683025,0.423895345748024,2020-07-20,2020,7
"1826","CE",2,"Nordeste",23012,"Canindé",134114,7315.1327163458,5,30,10,20,15,15,0,0,0,0,0,30,10,20,15,15,14,8.89770045633076,11.8064454635222,0.28135294881958,2020-02-03,2020,2
"1827","CE",2,"Nordeste",23012,"Canindé",134114,7315.1327163458,6,26,9,17,12,14,0,0,0,0,0,26,9,17,12,14,13,8.89770045633076,11.8064454635222,0.295473598780611,2020-02-10,2020,2
"1828","CE",2,"Nordeste",23012,"Canindé",134114,7315.1327163458,7,39,16,23,21,18,2,0,0,0,0,41,16,23,21,18,23,8.89770045633076,11.8064454635222,0.30068918267818,2020-02-17,2020,2
"1829","CE",2,"Nordeste",23012,"Canindé",134114,7315.1327163458,8,26,10,16,13,13,0,0,0,0,0,26,10,16,13,13,19,8.89770045633076,11.8064454635222,0.343392646766222,2020-02-24,2020,2
"1830","CE",2,"Nordeste",23012,"Canindé",134114,7315.1327163458,9,27,11,16,10,17,0,0,0,0,0,27,11,16,10,17,19,8.89770045633076,11.8064454635222,0.338090386096247,2020-03-02,2020,3
"1831","CE",2,"Nordeste",23012,"Canindé",134114,7315.1327163458,10,28,11,17,10,18,0,0,0,0,0,28,11,17,10,18,23,8.89770045633076,11.8064454635222,0.355416338099911,2020-03-09,2020,3
"1832","CE",2,"Nordeste",23012,"Canindé",134114,7315.1327163458,11,25,9,16,13,12,0,0,0,0,0,25,9,16,13,12,18,8.89770045633076,11.8064454635222,0.426562416227904,2020-03-16,2020,3
"1833","CE",2,"Nordeste",23012,"Canindé",134114,7315.1327163458,12,29,11,18,16,13,0,0,0,0,0,29,11,18,16,13,25,8.89770045633076,11.8064454635222,0.509522874544333,2020-03-23,2020,3
"1834","CE",2,"Nordeste",23012,"Canindé",134114,7315.1327163458,13,18,9,9,10,8,0,0,0,0,0,18,9,9,10,8,20,8.89770045633076,11.8064454635222,0.477497761655307,2020-03-30,2020,3
"1835","CE",2,"Nordeste",23012,"Canindé",134114,7315.1327163458,14,26,13,13,12,14,0,0,0,0,0,26,13,13,12,14,13,8.89770045633076,11.8064454635222,0.455599265553301,2020-04-06,2020,4
"1836","CE",2,"Nordeste",23012,"Canindé",134114,7315.1327163458,15,39,13,26,19,20,0,0,0,0,0,39,13,26,19,20,17,8.89770045633076,11.8064454635222,0.44073421944552,2020-04-13,2020,4
"1837","CE",2,"Nordeste",23012,"Canindé",134114,7315.1327163458,16,28,9,19,18,10,1,0,0,0,0,29,9,19,18,10,22,8.89770045633076,11.8064454635222,0.424988686874602,2020-04-20,2020,4
"1838","CE",2,"Nordeste",23012,"Canindé",134114,7315.1327163458,17,33,8,25,17,16,0,0,0,0,0,33,8,25,17,16,20,8.89770045633076,11.8064454635222,0.417773782231793,2020-04-27,2020,4
"1839","CE",2,"Nordeste",23012,"Canindé",134114,7315.1327163458,18,34,13,21,15,19,0,0,0,0,0,34,13,21,15,19,17,8.89770045633076,11.8064454635222,0.443772439173265,2020-05-04,2020,5
"1840","CE",2,"Nordeste",23012,"Canindé",134114,7315.1327163458,19,23,10,13,10,13,0,0,0,0,0,23,10,13,10,13,27,8.89770045633076,11.8064454635222,0.477361043771036,2020-05-11,2020,5
"1841","CE",2,"Nordeste",23012,"Canindé",134114,7315.1327163458,20,30,9,21,6,24,0,0,0,0,0,30,9,21,6,24,25,8.89770045633076,11.8064454635222,0.480832947694141,2020-05-18,2020,5
"1842","CE",2,"Nordeste",23012,"Canindé",134114,7315.1327163458,21,21,6,15,11,10,0,0,0,0,0,21,6,15,11,10,30,8.89770045633076,11.8064454635222,0.463583797994027,2020-05-25,2020,5
"1843","CE",2,"Nordeste",23012,"Canindé",134114,7315.1327163458,22,25,11,14,10,15,0,0,0,0,0,25,11,14,10,15,34,8.89770045633076,11.8064454635222,0.435284474958382,2020-06-01,2020,6
"1844","CE",2,"Nordeste",23012,"Canindé",134114,7315.1327163458,23,33,7,26,9,24,1,0,0,0,0,34,7,26,9,24,28,8.89770045633076,11.8064454635222,0.424789377147894,2020-06-08,2020,6
"1845","CE",2,"Nordeste",23012,"Canindé",134114,7315.1327163458,24,25,15,10,7,18,0,0,0,0,0,25,15,10,7,18,20,8.89770045633076,11.8064454635222,0.413299201181383,2020-06-15,2020,6
"1846","CE",2,"Nordeste",23012,"Canindé",134114,7315.1327163458,25,28,11,17,15,13,1,0,0,0,0,29,11,17,15,13,21,8.89770045633076,11.8064454635222,0.411370203950475,2020-06-22,2020,6
"1847","CE",2,"Nordeste",23012,"Canindé",134114,7315.1327163458,26,24,8,16,11,13,0,0,0,0,0,24,8,16,11,13,24,8.89770045633076,11.8064454635222,0.443624817956739,2020-06-29,2020,6
"1848","CE",2,"Nordeste",23012,"Canindé",134114,7315.1327163458,27,32,12,20,19,13,1,0,0,0,0,33,12,20,19,13,30,8.89770045633076,11.8064454635222,0.453327613381112,2020-07-06,2020,7
"1849","CE",2,"Nordeste",23012,"Canindé",134114,7315.1327163458,28,26,8,18,11,15,0,0,0,0,0,26,8,18,11,15,19,8.89770045633076,11.8064454635222,0.44098723215435,2020-07-13,2020,7
"1850","CE",2,"Nordeste",23012,"Canindé",134114,7315.1327163458,29,26,12,14,10,16,0,0,0,0,0,26,12,14,10,16,21,8.89770045633076,11.8064454635222,0.436663501384194,2020-07-20,2020,7
"1851","CE",2,"Nordeste",23013,"Baturité",198566,9842.68935421976,5,39,17,22,13,26,1,0,0,0,0,40,17,22,13,26,25,9.19448426106004,12.1988768175484,0.285984474464153,2020-02-03,2020,2
"1852","CE",2,"Nordeste",23013,"Baturité",198566,9842.68935421976,6,40,16,24,16,24,1,0,0,0,0,41,16,24,16,24,28,9.19448426106004,12.1988768175484,0.290286996985089,2020-02-10,2020,2
"1853","CE",2,"Nordeste",23013,"Baturité",198566,9842.68935421976,7,53,16,37,19,34,0,0,0,0,0,53,16,37,19,34,23,9.19448426106004,12.1988768175484,0.303167614306283,2020-02-17,2020,2
"1854","CE",2,"Nordeste",23013,"Baturité",198566,9842.68935421976,8,40,14,26,12,28,0,0,0,0,0,40,14,26,12,28,28,9.19448426106004,12.1988768175484,0.345263044360705,2020-02-24,2020,2
"1855","CE",2,"Nordeste",23013,"Baturité",198566,9842.68935421976,9,37,7,30,12,25,1,0,0,0,0,38,7,30,12,25,33,9.19448426106004,12.1988768175484,0.320207780109076,2020-03-02,2020,3
"1856","CE",2,"Nordeste",23013,"Baturité",198566,9842.68935421976,10,26,9,17,14,12,2,0,0,0,0,28,9,17,14,12,25,9.19448426106004,12.1988768175484,0.347134688229674,2020-03-09,2020,3
"1857","CE",2,"Nordeste",23013,"Baturité",198566,9842.68935421976,11,21,6,15,12,9,0,0,0,0,0,21,6,15,12,9,34,9.19448426106004,12.1988768175484,0.444561068352961,2020-03-16,2020,3
"1858","CE",2,"Nordeste",23013,"Baturité",198566,9842.68935421976,12,29,7,22,9,20,0,0,0,0,0,29,7,22,9,20,40,9.19448426106004,12.1988768175484,0.5347540861671,2020-03-23,2020,3
"1859","CE",2,"Nordeste",23013,"Baturité",198566,9842.68935421976,13,44,10,34,19,25,1,0,0,0,0,45,10,34,19,25,26,9.19448426106004,12.1988768175484,0.479534962215212,2020-03-30,2020,3
"1860","CE",2,"Nordeste",23013,"Baturité",198566,9842.68935421976,14,36,17,19,15,21,0,0,0,0,0,36,17,19,15,21,22,9.19448426106004,12.1988768175484,0.475248615951988,2020-04-06,2020,4
"1861","CE",2,"Nordeste",23013,"Baturité",198566,9842.68935421976,15,36,13,23,18,18,0,0,0,0,0,36,13,23,18,18,23,9.19448426106004,12.1988768175484,0.461203634127989,2020-04-13,2020,4
"1862","CE",2,"Nordeste",23013,"Baturité",198566,9842.68935421976,16,41,11,30,17,24,2,0,0,0,0,43,11,30,17,24,29,9.19448426106004,12.1988768175484,0.466480081540163,2020-04-20,2020,4
"1863","CE",2,"Nordeste",23013,"Baturité",198566,9842.68935421976,17,37,14,23,16,21,0,0,0,0,0,37,14,23,16,21,34,9.19448426106004,12.1988768175484,0.449112541264222,2020-04-27,2020,4
"1864","CE",2,"Nordeste",23013,"Baturité",198566,9842.68935421976,18,40,14,26,19,21,0,0,0,0,0,40,14,26,19,21,45,9.19448426106004,12.1988768175484,0.486860476387818,2020-05-04,2020,5
"1865","CE",2,"Nordeste",23013,"Baturité",198566,9842.68935421976,19,50,14,36,19,31,0,0,0,0,0,50,14,36,19,31,39,9.19448426106004,12.1988768175484,0.521520584906053,2020-05-11,2020,5
"1866","CE",2,"Nordeste",23013,"Baturité",198566,9842.68935421976,20,43,17,26,17,26,1,0,0,0,0,44,17,26,17,26,45,9.19448426106004,12.1988768175484,0.510400620209615,2020-05-18,2020,5
"1867","CE",2,"Nordeste",23013,"Baturité",198566,9842.68935421976,21,43,17,26,18,25,1,0,0,0,0,44,17,26,18,25,53,9.19448426106004,12.1988768175484,0.47685732853656,2020-05-25,2020,5
"1868","CE",2,"Nordeste",23013,"Baturité",198566,9842.68935421976,22,34,13,21,12,22,1,0,0,0,0,35,13,21,12,22,50,9.19448426106004,12.1988768175484,0.456077039089182,2020-06-01,2020,6
"1869","CE",2,"Nordeste",23013,"Baturité",198566,9842.68935421976,23,56,13,43,21,35,0,0,0,0,0,56,13,43,21,35,34,9.19448426106004,12.1988768175484,0.441370120150613,2020-06-08,2020,6
"1870","CE",2,"Nordeste",23013,"Baturité",198566,9842.68935421976,24,49,21,28,18,31,0,0,0,0,0,49,21,28,18,31,33,9.19448426106004,12.1988768175484,0.421535579463777,2020-06-15,2020,6
"1871","CE",2,"Nordeste",23013,"Baturité",198566,9842.68935421976,25,47,12,35,17,30,1,0,0,0,0,48,12,35,17,30,30,9.19448426106004,12.1988768175484,0.423246254582888,2020-06-22,2020,6
"1872","CE",2,"Nordeste",23013,"Baturité",198566,9842.68935421976,26,54,19,35,20,34,0,0,0,0,0,54,19,35,20,34,34,9.19448426106004,12.1988768175484,0.428909860738241,2020-06-29,2020,6
"1873","CE",2,"Nordeste",23013,"Baturité",198566,9842.68935421976,27,47,18,29,22,25,0,0,0,0,0,47,18,29,22,25,16,9.19448426106004,12.1988768175484,0.447877363727239,2020-07-06,2020,7
"1874","CE",2,"Nordeste",23013,"Baturité",198566,9842.68935421976,28,38,12,26,14,24,1,0,0,0,0,39,12,26,14,24,21,9.19448426106004,12.1988768175484,0.436846843442588,2020-07-13,2020,7
"1875","CE",2,"Nordeste",23013,"Baturité",198566,9842.68935421976,29,53,15,38,22,31,1,0,0,0,0,54,15,38,22,31,33,9.19448426106004,12.1988768175484,0.437802721367694,2020-07-20,2020,7
"1876","CE",2,"Nordeste",23014,"Chorozinho",68680,10273.1157574257,5,13,6,7,6,7,0,0,0,0,0,13,6,7,6,7,6,9.2372856412756,11.1372133150114,0.277788337012961,2020-02-03,2020,2
"1877","CE",2,"Nordeste",23014,"Chorozinho",68680,10273.1157574257,6,7,3,4,3,4,0,0,0,0,0,7,3,4,3,4,11,9.2372856412756,11.1372133150114,0.27561463154635,2020-02-10,2020,2
"1878","CE",2,"Nordeste",23014,"Chorozinho",68680,10273.1157574257,7,11,6,5,5,6,0,0,0,0,0,11,6,5,5,6,8,9.2372856412756,11.1372133150114,0.295509997693459,2020-02-17,2020,2
"1879","CE",2,"Nordeste",23014,"Chorozinho",68680,10273.1157574257,8,13,7,6,7,6,0,0,0,0,0,13,7,6,7,6,10,9.2372856412756,11.1372133150114,0.351453452297225,2020-02-24,2020,2
"1880","CE",2,"Nordeste",23014,"Chorozinho",68680,10273.1157574257,9,11,6,5,6,5,0,0,0,0,0,11,6,5,6,5,13,9.2372856412756,11.1372133150114,0.323535442350361,2020-03-02,2020,3
"1881","CE",2,"Nordeste",23014,"Chorozinho",68680,10273.1157574257,10,16,8,8,8,8,0,0,0,0,0,16,8,8,8,8,11,9.2372856412756,11.1372133150114,0.358800441902167,2020-03-09,2020,3
"1882","CE",2,"Nordeste",23014,"Chorozinho",68680,10273.1157574257,11,16,7,9,8,8,0,0,0,0,0,16,7,9,8,8,8,9.2372856412756,11.1372133150114,0.433531677787709,2020-03-16,2020,3
"1883","CE",2,"Nordeste",23014,"Chorozinho",68680,10273.1157574257,12,23,7,16,9,14,0,0,0,0,0,23,7,16,9,14,7,9.2372856412756,11.1372133150114,0.518807115603866,2020-03-23,2020,3
"1884","CE",2,"Nordeste",23014,"Chorozinho",68680,10273.1157574257,13,5,2,3,2,3,1,0,0,0,0,6,2,3,2,3,18,9.2372856412756,11.1372133150114,0.466609413832451,2020-03-30,2020,3
"1885","CE",2,"Nordeste",23014,"Chorozinho",68680,10273.1157574257,14,12,7,5,6,6,0,0,0,0,0,12,7,5,6,6,12,9.2372856412756,11.1372133150114,0.462656765982937,2020-04-06,2020,4
"1886","CE",2,"Nordeste",23014,"Chorozinho",68680,10273.1157574257,15,9,1,8,2,7,0,0,0,0,0,9,1,8,2,7,12,9.2372856412756,11.1372133150114,0.4576985822632,2020-04-13,2020,4
"1887","CE",2,"Nordeste",23014,"Chorozinho",68680,10273.1157574257,16,14,5,9,5,9,1,0,0,0,0,15,5,9,5,9,8,9.2372856412756,11.1372133150114,0.459981437739466,2020-04-20,2020,4
"1888","CE",2,"Nordeste",23014,"Chorozinho",68680,10273.1157574257,17,15,4,11,4,11,0,0,0,0,0,15,4,11,4,11,19,9.2372856412756,11.1372133150114,0.440380950754276,2020-04-27,2020,4
"1889","CE",2,"Nordeste",23014,"Chorozinho",68680,10273.1157574257,18,14,5,9,5,9,0,0,0,0,0,14,5,9,5,9,17,9.2372856412756,11.1372133150114,0.481935738308784,2020-05-04,2020,5
"1890","CE",2,"Nordeste",23014,"Chorozinho",68680,10273.1157574257,19,12,3,9,6,6,0,0,0,0,0,12,3,9,6,6,18,9.2372856412756,11.1372133150114,0.514595007129345,2020-05-11,2020,5
"1891","CE",2,"Nordeste",23014,"Chorozinho",68680,10273.1157574257,20,17,6,11,8,9,0,0,0,0,0,17,6,11,8,9,27,9.2372856412756,11.1372133150114,0.480221803804729,2020-05-18,2020,5
"1892","CE",2,"Nordeste",23014,"Chorozinho",68680,10273.1157574257,21,22,5,17,9,13,0,0,0,0,0,22,5,17,9,13,16,9.2372856412756,11.1372133150114,0.463714364167693,2020-05-25,2020,5
"1893","CE",2,"Nordeste",23014,"Chorozinho",68680,10273.1157574257,22,17,8,9,5,12,0,0,0,0,0,17,8,9,5,12,17,9.2372856412756,11.1372133150114,0.435146473081332,2020-06-01,2020,6
"1894","CE",2,"Nordeste",23014,"Chorozinho",68680,10273.1157574257,23,13,8,5,4,9,0,0,0,0,0,13,8,5,4,9,9,9.2372856412756,11.1372133150114,0.422656767804563,2020-06-08,2020,6
"1895","CE",2,"Nordeste",23014,"Chorozinho",68680,10273.1157574257,24,15,4,11,8,7,0,0,0,0,0,15,4,11,8,7,10,9.2372856412756,11.1372133150114,0.402546173530837,2020-06-15,2020,6
"1896","CE",2,"Nordeste",23014,"Chorozinho",68680,10273.1157574257,25,17,7,10,10,7,0,0,0,0,0,17,7,10,10,7,8,9.2372856412756,11.1372133150114,0.40280176476852,2020-06-22,2020,6
"1897","CE",2,"Nordeste",23014,"Chorozinho",68680,10273.1157574257,26,12,5,7,5,7,0,0,0,0,0,12,5,7,5,7,21,9.2372856412756,11.1372133150114,0.419842462646977,2020-06-29,2020,6
"1898","CE",2,"Nordeste",23014,"Chorozinho",68680,10273.1157574257,27,15,6,9,6,9,0,0,0,0,0,15,6,9,6,9,17,9.2372856412756,11.1372133150114,0.438019338624046,2020-07-06,2020,7
"1899","CE",2,"Nordeste",23014,"Chorozinho",68680,10273.1157574257,28,12,7,5,5,7,0,0,0,0,0,12,7,5,5,7,8,9.2372856412756,11.1372133150114,0.431431129741861,2020-07-13,2020,7
"1900","CE",2,"Nordeste",23014,"Chorozinho",68680,10273.1157574257,29,13,6,7,4,9,0,0,0,0,0,13,6,7,4,9,4,9.2372856412756,11.1372133150114,0.424901679417695,2020-07-20,2020,7
"1901","CE",2,"Nordeste",23015,"Cascavel",146950,11777.7388182375,5,30,9,21,16,14,0,0,0,0,0,30,9,21,16,14,26,9.37396648786702,11.8978476718471,0.278357715757232,2020-02-03,2020,2
"1902","CE",2,"Nordeste",23015,"Cascavel",146950,11777.7388182375,6,19,9,10,7,12,0,0,0,0,0,19,9,10,7,12,15,9.37396648786702,11.8978476718471,0.27966708181962,2020-02-10,2020,2
"1903","CE",2,"Nordeste",23015,"Cascavel",146950,11777.7388182375,7,26,11,15,12,14,0,0,0,0,0,26,11,15,12,14,12,9.37396648786702,11.8978476718471,0.294011528432434,2020-02-17,2020,2
"1904","CE",2,"Nordeste",23015,"Cascavel",146950,11777.7388182375,8,31,13,18,14,17,0,0,0,0,0,31,13,18,14,17,30,9.37396648786702,11.8978476718471,0.34601828248255,2020-02-24,2020,2
"1905","CE",2,"Nordeste",23015,"Cascavel",146950,11777.7388182375,9,24,8,16,8,16,0,0,0,0,0,24,8,16,8,16,25,9.37396648786702,11.8978476718471,0.31583760003843,2020-03-02,2020,3
"1906","CE",2,"Nordeste",23015,"Cascavel",146950,11777.7388182375,10,17,5,12,9,8,0,0,0,0,0,17,5,12,9,8,18,9.37396648786702,11.8978476718471,0.342640391204108,2020-03-09,2020,3
"1907","CE",2,"Nordeste",23015,"Cascavel",146950,11777.7388182375,11,17,6,11,8,9,1,0,0,0,0,18,6,11,8,9,18,9.37396648786702,11.8978476718471,0.424445395399863,2020-03-16,2020,3
"1908","CE",2,"Nordeste",23015,"Cascavel",146950,11777.7388182375,12,21,6,15,10,11,0,0,0,0,0,21,6,15,10,11,19,9.37396648786702,11.8978476718471,0.526149142060664,2020-03-23,2020,3
"1909","CE",2,"Nordeste",23015,"Cascavel",146950,11777.7388182375,13,28,11,17,13,15,0,0,0,0,0,28,11,17,13,15,18,9.37396648786702,11.8978476718471,0.477253631380911,2020-03-30,2020,3
"1910","CE",2,"Nordeste",23015,"Cascavel",146950,11777.7388182375,14,26,11,15,13,13,2,0,0,0,0,28,11,15,13,13,23,9.37396648786702,11.8978476718471,0.467206852706715,2020-04-06,2020,4
"1911","CE",2,"Nordeste",23015,"Cascavel",146950,11777.7388182375,15,22,8,14,10,12,0,0,0,0,0,22,8,14,10,12,11,9.37396648786702,11.8978476718471,0.457698104035637,2020-04-13,2020,4
"1912","CE",2,"Nordeste",23015,"Cascavel",146950,11777.7388182375,16,24,9,15,12,12,0,0,0,0,0,24,9,15,12,12,37,9.37396648786702,11.8978476718471,0.444606013097151,2020-04-20,2020,4
"1913","CE",2,"Nordeste",23015,"Cascavel",146950,11777.7388182375,17,37,9,28,20,17,1,0,0,0,0,38,9,28,20,17,25,9.37396648786702,11.8978476718471,0.436426061616555,2020-04-27,2020,4
"1914","CE",2,"Nordeste",23015,"Cascavel",146950,11777.7388182375,18,27,9,18,11,16,0,0,0,0,0,27,9,18,11,16,48,9.37396648786702,11.8978476718471,0.472573200644573,2020-05-04,2020,5
"1915","CE",2,"Nordeste",23015,"Cascavel",146950,11777.7388182375,19,19,1,18,6,13,0,0,0,0,0,19,1,18,6,13,43,9.37396648786702,11.8978476718471,0.516420053401076,2020-05-11,2020,5
"1916","CE",2,"Nordeste",23015,"Cascavel",146950,11777.7388182375,20,32,8,24,13,19,0,0,0,0,0,32,8,24,13,19,55,9.37396648786702,11.8978476718471,0.469622002348716,2020-05-18,2020,5
"1917","CE",2,"Nordeste",23015,"Cascavel",146950,11777.7388182375,21,41,11,30,18,23,1,0,0,0,0,42,11,30,18,23,42,9.37396648786702,11.8978476718471,0.451432043444722,2020-05-25,2020,5
"1918","CE",2,"Nordeste",23015,"Cascavel",146950,11777.7388182375,22,24,7,17,7,17,1,0,0,0,0,25,7,17,7,17,37,9.37396648786702,11.8978476718471,0.419166641601713,2020-06-01,2020,6
"1919","CE",2,"Nordeste",23015,"Cascavel",146950,11777.7388182375,23,25,7,18,9,16,1,0,0,0,0,26,7,18,9,16,22,9.37396648786702,11.8978476718471,0.401420155411041,2020-06-08,2020,6
"1920","CE",2,"Nordeste",23015,"Cascavel",146950,11777.7388182375,24,31,10,21,13,18,0,0,0,0,0,31,10,21,13,18,27,9.37396648786702,11.8978476718471,0.389082482725828,2020-06-15,2020,6
"1921","CE",2,"Nordeste",23015,"Cascavel",146950,11777.7388182375,25,36,11,25,12,24,1,0,0,0,0,37,11,25,12,24,29,9.37396648786702,11.8978476718471,0.390102806433174,2020-06-22,2020,6
"1922","CE",2,"Nordeste",23015,"Cascavel",146950,11777.7388182375,26,30,9,21,15,15,0,0,0,0,0,30,9,21,15,15,30,9.37396648786702,11.8978476718471,0.406681251458283,2020-06-29,2020,6
"1923","CE",2,"Nordeste",23015,"Cascavel",146950,11777.7388182375,27,29,10,19,8,21,0,0,0,0,0,29,10,19,8,21,22,9.37396648786702,11.8978476718471,0.411671208816353,2020-07-06,2020,7
"1924","CE",2,"Nordeste",23015,"Cascavel",146950,11777.7388182375,28,21,6,15,7,14,0,0,0,0,0,21,6,15,7,14,19,9.37396648786702,11.8978476718471,0.397792817100918,2020-07-13,2020,7
"1925","CE",2,"Nordeste",23015,"Cascavel",146950,11777.7388182375,29,27,9,18,8,19,0,0,0,0,0,27,9,18,8,19,28,9.37396648786702,11.8978476718471,0.397726064506246,2020-07-20,2020,7
"1926","CE",2,"Nordeste",23016,"Fortaleza",3696069,24883.3681333682,5,778,187,591,273,505,15,0,0,0,0,793,187,591,273,505,404,10.1219549128261,15.1227803804006,0.286984833489945,2020-02-03,2020,2
"1927","CE",2,"Nordeste",23016,"Fortaleza",3696069,24883.3681333682,6,735,161,574,266,469,7,0,0,0,0,742,161,574,266,469,448,10.1219549128261,15.1227803804006,0.285053303870689,2020-02-10,2020,2
"1928","CE",2,"Nordeste",23016,"Fortaleza",3696069,24883.3681333682,7,774,193,581,258,516,3,0,0,0,0,777,193,581,258,516,486,10.1219549128261,15.1227803804006,0.312078590396152,2020-02-17,2020,2
"1929","CE",2,"Nordeste",23016,"Fortaleza",3696069,24883.3681333682,8,781,191,590,280,501,4,0,0,0,0,785,191,590,280,501,517,10.1219549128261,15.1227803804006,0.373850463748565,2020-02-24,2020,2
"1930","CE",2,"Nordeste",23016,"Fortaleza",3696069,24883.3681333682,9,754,192,562,271,483,8,0,0,0,0,762,192,562,271,483,418,10.1219549128261,15.1227803804006,0.333472514364931,2020-03-02,2020,3
"1931","CE",2,"Nordeste",23016,"Fortaleza",3696069,24883.3681333682,10,722,156,566,271,451,6,0,0,0,0,728,156,566,271,451,485,10.1219549128261,15.1227803804006,0.353766599285767,2020-03-09,2020,3
"1932","CE",2,"Nordeste",23016,"Fortaleza",3696069,24883.3681333682,11,720,160,560,282,438,4,0,0,0,0,724,160,560,282,438,518,10.1219549128261,15.1227803804006,0.461552986606687,2020-03-16,2020,3
"1933","CE",2,"Nordeste",23016,"Fortaleza",3696069,24883.3681333682,12,729,189,540,279,450,5,0,0,0,0,734,189,540,279,450,510,10.1219549128261,15.1227803804006,0.58175229124528,2020-03-23,2020,3
"1934","CE",2,"Nordeste",23016,"Fortaleza",3696069,24883.3681333682,13,668,151,517,239,429,5,0,0,0,0,673,151,517,239,429,505,10.1219549128261,15.1227803804006,0.529990181856985,2020-03-30,2020,3
"1935","CE",2,"Nordeste",23016,"Fortaleza",3696069,24883.3681333682,14,659,161,498,225,434,9,0,0,0,0,668,161,498,225,434,601,10.1219549128261,15.1227803804006,0.522319972532655,2020-04-06,2020,4
"1936","CE",2,"Nordeste",23016,"Fortaleza",3696069,24883.3681333682,15,709,160,549,234,475,9,0,0,0,0,718,160,549,234,475,613,10.1219549128261,15.1227803804006,0.507210425605356,2020-04-13,2020,4
"1937","CE",2,"Nordeste",23016,"Fortaleza",3696069,24883.3681333682,16,661,176,485,240,421,8,0,0,0,0,669,176,485,240,421,809,10.1219549128261,15.1227803804006,0.517319582112685,2020-04-20,2020,4
"1938","CE",2,"Nordeste",23016,"Fortaleza",3696069,24883.3681333682,17,664,173,491,265,399,9,0,0,0,0,673,173,491,265,399,1207,10.1219549128261,15.1227803804006,0.497336318997784,2020-04-27,2020,4
"1939","CE",2,"Nordeste",23016,"Fortaleza",3696069,24883.3681333682,18,745,163,582,271,474,7,0,0,0,0,752,163,582,271,474,1575,10.1219549128261,15.1227803804006,0.511649113350681,2020-05-04,2020,5
"1940","CE",2,"Nordeste",23016,"Fortaleza",3696069,24883.3681333682,19,737,174,563,277,460,7,0,0,0,0,744,174,563,277,460,1567,10.1219549128261,15.1227803804006,0.53623898420847,2020-05-11,2020,5
"1941","CE",2,"Nordeste",23016,"Fortaleza",3696069,24883.3681333682,20,808,201,607,320,488,8,0,0,0,0,816,201,607,320,488,1314,10.1219549128261,15.1227803804006,0.506104766886502,2020-05-18,2020,5
"1942","CE",2,"Nordeste",23016,"Fortaleza",3696069,24883.3681333682,21,836,216,620,309,527,6,0,0,0,0,842,216,620,309,527,944,10.1219549128261,15.1227803804006,0.488014823761842,2020-05-25,2020,5
"1943","CE",2,"Nordeste",23016,"Fortaleza",3696069,24883.3681333682,22,864,211,653,326,538,5,0,0,0,0,869,211,653,326,538,709,10.1219549128261,15.1227803804006,0.447877267031486,2020-06-01,2020,6
"1944","CE",2,"Nordeste",23016,"Fortaleza",3696069,24883.3681333682,23,854,234,620,320,534,10,0,0,0,0,864,234,620,320,534,616,10.1219549128261,15.1227803804006,0.424972271653233,2020-06-08,2020,6
"1945","CE",2,"Nordeste",23016,"Fortaleza",3696069,24883.3681333682,24,891,207,684,325,566,6,0,0,0,0,897,207,684,325,566,549,10.1219549128261,15.1227803804006,0.410607442260046,2020-06-15,2020,6
"1946","CE",2,"Nordeste",23016,"Fortaleza",3696069,24883.3681333682,25,781,191,590,273,508,7,0,0,0,0,788,191,590,273,508,491,10.1219549128261,15.1227803804006,0.4139361477523,2020-06-22,2020,6
"1947","CE",2,"Nordeste",23016,"Fortaleza",3696069,24883.3681333682,26,877,209,668,305,572,8,0,0,0,0,885,209,668,305,572,415,10.1219549128261,15.1227803804006,0.418786938316158,2020-06-29,2020,6
"1948","CE",2,"Nordeste",23016,"Fortaleza",3696069,24883.3681333682,27,840,197,643,283,557,6,0,0,0,0,846,197,643,283,557,444,10.1219549128261,15.1227803804006,0.42280690866422,2020-07-06,2020,7
"1949","CE",2,"Nordeste",23016,"Fortaleza",3696069,24883.3681333682,28,909,199,710,339,570,4,0,0,0,0,913,199,710,339,570,423,10.1219549128261,15.1227803804006,0.416701141711491,2020-07-13,2020,7
"1950","CE",2,"Nordeste",23016,"Fortaleza",3696069,24883.3681333682,29,858,205,653,311,547,9,0,0,0,0,867,205,653,311,547,354,10.1219549128261,15.1227803804006,0.419983853396863,2020-07-20,2020,7
"1951","CE",2,"Nordeste",23017,"Pacajus",141717,20754.7362202841,5,31,8,23,10,21,0,0,0,0,0,31,8,23,10,21,13,9.94052975119337,11.8615873902541,0.28153534281285,2020-02-03,2020,2
"1952","CE",2,"Nordeste",23017,"Pacajus",141717,20754.7362202841,6,34,11,23,14,20,0,0,0,0,0,34,11,23,14,20,21,9.94052975119337,11.8615873902541,0.280196047355824,2020-02-10,2020,2
"1953","CE",2,"Nordeste",23017,"Pacajus",141717,20754.7362202841,7,34,9,25,20,14,0,0,0,0,0,34,9,25,20,14,18,9.94052975119337,11.8615873902541,0.304013449153459,2020-02-17,2020,2
"1954","CE",2,"Nordeste",23017,"Pacajus",141717,20754.7362202841,8,23,10,13,12,11,1,0,0,0,0,24,10,13,12,11,22,9.94052975119337,11.8615873902541,0.353318378735051,2020-02-24,2020,2
"1955","CE",2,"Nordeste",23017,"Pacajus",141717,20754.7362202841,9,35,7,28,9,26,0,0,0,0,0,35,7,28,9,26,20,9.94052975119337,11.8615873902541,0.334401783883305,2020-03-02,2020,3
"1956","CE",2,"Nordeste",23017,"Pacajus",141717,20754.7362202841,10,33,7,26,13,20,1,0,0,0,0,34,7,26,13,20,18,9.94052975119337,11.8615873902541,0.352461198571921,2020-03-09,2020,3
"1957","CE",2,"Nordeste",23017,"Pacajus",141717,20754.7362202841,11,32,8,24,13,19,1,0,0,0,0,33,8,24,13,19,21,9.94052975119337,11.8615873902541,0.430504088895696,2020-03-16,2020,3
"1958","CE",2,"Nordeste",23017,"Pacajus",141717,20754.7362202841,12,26,6,20,7,19,0,0,0,0,0,26,6,20,7,19,19,9.94052975119337,11.8615873902541,0.545788903074582,2020-03-23,2020,3
"1959","CE",2,"Nordeste",23017,"Pacajus",141717,20754.7362202841,13,20,5,15,7,13,0,0,0,0,0,20,5,15,7,13,22,9.94052975119337,11.8615873902541,0.492371149681372,2020-03-30,2020,3
"1960","CE",2,"Nordeste",23017,"Pacajus",141717,20754.7362202841,14,29,12,17,9,20,0,0,0,0,0,29,12,17,9,20,17,9.94052975119337,11.8615873902541,0.483136105449939,2020-04-06,2020,4
"1961","CE",2,"Nordeste",23017,"Pacajus",141717,20754.7362202841,15,40,8,32,16,24,0,0,0,0,0,40,8,32,16,24,24,9.94052975119337,11.8615873902541,0.470967760866236,2020-04-13,2020,4
"1962","CE",2,"Nordeste",23017,"Pacajus",141717,20754.7362202841,16,37,12,25,16,21,0,0,0,0,0,37,12,25,16,21,18,9.94052975119337,11.8615873902541,0.471907325206716,2020-04-20,2020,4
"1963","CE",2,"Nordeste",23017,"Pacajus",141717,20754.7362202841,17,29,8,21,13,16,0,0,0,0,0,29,8,21,13,16,29,9.94052975119337,11.8615873902541,0.448829276226803,2020-04-27,2020,4
"1964","CE",2,"Nordeste",23017,"Pacajus",141717,20754.7362202841,18,37,15,22,14,23,0,0,0,0,0,37,15,22,14,23,29,9.94052975119337,11.8615873902541,0.475994518695428,2020-05-04,2020,5
"1965","CE",2,"Nordeste",23017,"Pacajus",141717,20754.7362202841,19,26,13,13,10,16,1,0,0,0,0,27,13,13,10,16,36,9.94052975119337,11.8615873902541,0.514398020102845,2020-05-11,2020,5
"1966","CE",2,"Nordeste",23017,"Pacajus",141717,20754.7362202841,20,43,19,24,16,27,0,0,0,0,0,43,19,24,16,27,29,9.94052975119337,11.8615873902541,0.48832989257711,2020-05-18,2020,5
"1967","CE",2,"Nordeste",23017,"Pacajus",141717,20754.7362202841,21,31,7,24,11,20,1,0,0,0,0,32,7,24,11,20,27,9.94052975119337,11.8615873902541,0.45929618792981,2020-05-25,2020,5
"1968","CE",2,"Nordeste",23017,"Pacajus",141717,20754.7362202841,22,40,11,29,22,18,1,0,0,0,0,41,11,29,22,18,35,9.94052975119337,11.8615873902541,0.420784333195435,2020-06-01,2020,6
"1969","CE",2,"Nordeste",23017,"Pacajus",141717,20754.7362202841,23,36,10,26,11,25,0,0,0,0,0,36,10,26,11,25,30,9.94052975119337,11.8615873902541,0.412106687877558,2020-06-08,2020,6
"1970","CE",2,"Nordeste",23017,"Pacajus",141717,20754.7362202841,24,45,11,34,10,35,0,0,0,0,0,45,11,34,10,35,19,9.94052975119337,11.8615873902541,0.39741910150642,2020-06-15,2020,6
"1971","CE",2,"Nordeste",23017,"Pacajus",141717,20754.7362202841,25,35,14,21,19,16,0,0,0,0,0,35,14,21,19,16,25,9.94052975119337,11.8615873902541,0.395380128750207,2020-06-22,2020,6
"1972","CE",2,"Nordeste",23017,"Pacajus",141717,20754.7362202841,26,37,10,27,10,27,2,0,0,0,0,39,10,27,10,27,21,9.94052975119337,11.8615873902541,0.403399021704245,2020-06-29,2020,6
"1973","CE",2,"Nordeste",23017,"Pacajus",141717,20754.7362202841,27,45,15,30,15,30,0,0,0,0,0,45,15,30,15,30,22,9.94052975119337,11.8615873902541,0.410563615773986,2020-07-06,2020,7
"1974","CE",2,"Nordeste",23017,"Pacajus",141717,20754.7362202841,28,31,9,22,9,22,0,0,0,0,0,31,9,22,9,22,13,9.94052975119337,11.8615873902541,0.405180701317462,2020-07-13,2020,7
"1975","CE",2,"Nordeste",23017,"Pacajus",141717,20754.7362202841,29,39,16,23,19,20,0,0,0,0,0,39,16,23,19,20,10,9.94052975119337,11.8615873902541,0.406504335165591,2020-07-20,2020,7
"1976","CE",2,"Nordeste",23018,"Sertão de Cratéus",249622,8115.62354896604,5,13,5,8,6,7,0,0,0,0,0,13,5,8,6,7,33,9.001546316056,12.4277030526189,0.276274391176957,2020-02-03,2020,2
"1977","CE",2,"Nordeste",23018,"Sertão de Cratéus",249622,8115.62354896604,6,13,4,9,3,10,0,0,0,0,0,13,4,9,3,10,39,9.001546316056,12.4277030526189,0.274265766208647,2020-02-10,2020,2
"1978","CE",2,"Nordeste",23018,"Sertão de Cratéus",249622,8115.62354896604,7,12,5,7,4,8,0,0,0,0,0,12,5,7,4,8,45,9.001546316056,12.4277030526189,0.279705980300535,2020-02-17,2020,2
"1979","CE",2,"Nordeste",23018,"Sertão de Cratéus",249622,8115.62354896604,8,15,5,10,5,10,0,0,0,0,0,15,5,10,5,10,31,9.001546316056,12.4277030526189,0.326047823098076,2020-02-24,2020,2
"1980","CE",2,"Nordeste",23018,"Sertão de Cratéus",249622,8115.62354896604,9,10,6,4,3,7,0,0,0,0,0,10,6,4,3,7,35,9.001546316056,12.4277030526189,0.312382440685725,2020-03-02,2020,3
"1981","CE",2,"Nordeste",23018,"Sertão de Cratéus",249622,8115.62354896604,10,15,4,11,5,10,2,0,0,0,0,17,4,11,5,10,42,9.001546316056,12.4277030526189,0.336502113962019,2020-03-09,2020,3
"1982","CE",2,"Nordeste",23018,"Sertão de Cratéus",249622,8115.62354896604,11,11,4,7,5,6,0,0,0,0,0,11,4,7,5,6,38,9.001546316056,12.4277030526189,0.411747734611184,2020-03-16,2020,3
"1983","CE",2,"Nordeste",23018,"Sertão de Cratéus",249622,8115.62354896604,12,12,6,6,1,11,2,0,0,0,0,14,6,6,1,11,45,9.001546316056,12.4277030526189,0.492263016119933,2020-03-23,2020,3
"1984","CE",2,"Nordeste",23018,"Sertão de Cratéus",249622,8115.62354896604,13,10,4,6,3,7,1,0,0,0,0,11,4,6,3,7,44,9.001546316056,12.4277030526189,0.444444579288644,2020-03-30,2020,3
"1985","CE",2,"Nordeste",23018,"Sertão de Cratéus",249622,8115.62354896604,14,6,2,4,2,4,0,0,0,0,0,6,2,4,2,4,44,9.001546316056,12.4277030526189,0.443918743297237,2020-04-06,2020,4
"1986","CE",2,"Nordeste",23018,"Sertão de Cratéus",249622,8115.62354896604,15,15,5,10,4,11,1,0,0,0,0,16,5,10,4,11,35,9.001546316056,12.4277030526189,0.424055678947284,2020-04-13,2020,4
"1987","CE",2,"Nordeste",23018,"Sertão de Cratéus",249622,8115.62354896604,16,12,6,6,4,8,1,0,0,0,0,13,6,6,4,8,36,9.001546316056,12.4277030526189,0.409288645519587,2020-04-20,2020,4
"1988","CE",2,"Nordeste",23018,"Sertão de Cratéus",249622,8115.62354896604,17,14,3,11,4,10,0,0,0,0,0,14,3,11,4,10,43,9.001546316056,12.4277030526189,0.40201543991011,2020-04-27,2020,4
"1989","CE",2,"Nordeste",23018,"Sertão de Cratéus",249622,8115.62354896604,18,15,4,11,7,8,0,0,0,0,0,15,4,11,7,8,42,9.001546316056,12.4277030526189,0.431362517508888,2020-05-04,2020,5
"1990","CE",2,"Nordeste",23018,"Sertão de Cratéus",249622,8115.62354896604,19,12,8,4,4,8,0,0,0,0,0,12,8,4,4,8,50,9.001546316056,12.4277030526189,0.459632238102261,2020-05-11,2020,5
"1991","CE",2,"Nordeste",23018,"Sertão de Cratéus",249622,8115.62354896604,20,13,5,8,3,10,2,0,0,0,0,15,5,8,3,10,45,9.001546316056,12.4277030526189,0.446512718979328,2020-05-18,2020,5
"1992","CE",2,"Nordeste",23018,"Sertão de Cratéus",249622,8115.62354896604,21,17,7,10,8,9,0,0,0,0,0,17,7,10,8,9,31,9.001546316056,12.4277030526189,0.428947610201899,2020-05-25,2020,5
"1993","CE",2,"Nordeste",23018,"Sertão de Cratéus",249622,8115.62354896604,22,14,7,7,2,12,0,0,0,0,0,14,7,7,2,12,37,9.001546316056,12.4277030526189,0.413159147322563,2020-06-01,2020,6
"1994","CE",2,"Nordeste",23018,"Sertão de Cratéus",249622,8115.62354896604,23,15,7,8,5,10,2,0,0,0,0,17,7,8,5,10,33,9.001546316056,12.4277030526189,0.409303809860231,2020-06-08,2020,6
"1995","CE",2,"Nordeste",23018,"Sertão de Cratéus",249622,8115.62354896604,24,15,5,10,5,10,3,0,0,0,0,18,5,10,5,10,48,9.001546316056,12.4277030526189,0.404368185285948,2020-06-15,2020,6
"1996","CE",2,"Nordeste",23018,"Sertão de Cratéus",249622,8115.62354896604,25,15,6,9,3,12,0,0,0,0,0,15,6,9,3,12,37,9.001546316056,12.4277030526189,0.402970844253429,2020-06-22,2020,6
"1997","CE",2,"Nordeste",23018,"Sertão de Cratéus",249622,8115.62354896604,26,16,4,12,4,12,4,0,0,0,0,20,4,12,4,12,42,9.001546316056,12.4277030526189,0.424882644180505,2020-06-29,2020,6
"1998","CE",2,"Nordeste",23018,"Sertão de Cratéus",249622,8115.62354896604,27,17,8,9,9,8,1,0,0,0,0,18,8,9,9,8,42,9.001546316056,12.4277030526189,0.447868596743373,2020-07-06,2020,7
"1999","CE",2,"Nordeste",23018,"Sertão de Cratéus",249622,8115.62354896604,28,18,5,13,5,13,2,0,0,0,0,20,5,13,5,13,50,9.001546316056,12.4277030526189,0.435753927230725,2020-07-13,2020,7
"2000","CE",2,"Nordeste",23018,"Sertão de Cratéus",249622,8115.62354896604,29,8,2,6,2,6,0,0,0,0,0,8,2,6,2,6,49,9.001546316056,12.4277030526189,0.438055516874645,2020-07-20,2020,7
"2001","CE",2,"Nordeste",23019,"Sertão de Quixeramobim",289730,10352.9883678942,5,41,15,26,15,26,0,0,0,0,0,41,15,26,15,26,34,9.2450304882162,12.5767047337981,0.277614369156874,2020-02-03,2020,2
"2002","CE",2,"Nordeste",23019,"Sertão de Quixeramobim",289730,10352.9883678942,6,40,15,25,14,26,0,0,0,0,0,40,15,25,14,26,27,9.2450304882162,12.5767047337981,0.27541479778206,2020-02-10,2020,2
"2003","CE",2,"Nordeste",23019,"Sertão de Quixeramobim",289730,10352.9883678942,7,47,18,29,15,32,0,0,0,0,0,47,18,29,15,32,26,9.2450304882162,12.5767047337981,0.290884452643158,2020-02-17,2020,2
"2004","CE",2,"Nordeste",23019,"Sertão de Quixeramobim",289730,10352.9883678942,8,33,11,22,13,20,0,0,0,0,0,33,11,22,13,20,47,9.2450304882162,12.5767047337981,0.331383639266749,2020-02-24,2020,2
"2005","CE",2,"Nordeste",23019,"Sertão de Quixeramobim",289730,10352.9883678942,9,46,13,33,22,24,0,0,0,0,0,46,13,33,22,24,35,9.2450304882162,12.5767047337981,0.305342058379652,2020-03-02,2020,3
"2006","CE",2,"Nordeste",23019,"Sertão de Quixeramobim",289730,10352.9883678942,10,38,16,22,12,26,1,0,0,0,0,39,16,22,12,26,40,9.2450304882162,12.5767047337981,0.337784235598179,2020-03-09,2020,3
"2007","CE",2,"Nordeste",23019,"Sertão de Quixeramobim",289730,10352.9883678942,11,26,9,17,8,18,0,0,0,0,0,26,9,17,8,18,41,9.2450304882162,12.5767047337981,0.417005072219135,2020-03-16,2020,3
"2008","CE",2,"Nordeste",23019,"Sertão de Quixeramobim",289730,10352.9883678942,12,27,7,20,12,15,0,0,0,0,0,27,7,20,12,15,38,9.2450304882162,12.5767047337981,0.507800679865093,2020-03-23,2020,3
"2009","CE",2,"Nordeste",23019,"Sertão de Quixeramobim",289730,10352.9883678942,13,31,7,24,11,20,0,0,0,0,0,31,7,24,11,20,37,9.2450304882162,12.5767047337981,0.462574524114648,2020-03-30,2020,3
"2010","CE",2,"Nordeste",23019,"Sertão de Quixeramobim",289730,10352.9883678942,14,37,11,26,13,24,2,0,0,0,0,39,11,26,13,24,41,9.2450304882162,12.5767047337981,0.447167342644364,2020-04-06,2020,4
"2011","CE",2,"Nordeste",23019,"Sertão de Quixeramobim",289730,10352.9883678942,15,30,11,19,12,18,0,0,0,0,0,30,11,19,12,18,38,9.2450304882162,12.5767047337981,0.434287050275372,2020-04-13,2020,4
"2012","CE",2,"Nordeste",23019,"Sertão de Quixeramobim",289730,10352.9883678942,16,34,11,23,17,17,2,0,0,0,0,36,11,23,17,17,56,9.2450304882162,12.5767047337981,0.429267694767686,2020-04-20,2020,4
"2013","CE",2,"Nordeste",23019,"Sertão de Quixeramobim",289730,10352.9883678942,17,40,11,29,21,19,1,0,0,0,0,41,11,29,21,19,43,9.2450304882162,12.5767047337981,0.423568779661381,2020-04-27,2020,4
"2014","CE",2,"Nordeste",23019,"Sertão de Quixeramobim",289730,10352.9883678942,18,34,11,23,18,16,1,0,0,0,0,35,11,23,18,16,35,9.2450304882162,12.5767047337981,0.443696728206915,2020-05-04,2020,5
"2015","CE",2,"Nordeste",23019,"Sertão de Quixeramobim",289730,10352.9883678942,19,33,14,19,14,19,2,0,0,0,0,35,14,19,14,19,59,9.2450304882162,12.5767047337981,0.481568705475472,2020-05-11,2020,5
"2016","CE",2,"Nordeste",23019,"Sertão de Quixeramobim",289730,10352.9883678942,20,31,15,16,14,17,1,0,0,0,0,32,15,16,14,17,51,9.2450304882162,12.5767047337981,0.459802864357251,2020-05-18,2020,5
"2017","CE",2,"Nordeste",23019,"Sertão de Quixeramobim",289730,10352.9883678942,21,37,12,25,12,25,1,0,0,0,0,38,12,25,12,25,45,9.2450304882162,12.5767047337981,0.451335183283983,2020-05-25,2020,5
"2018","CE",2,"Nordeste",23019,"Sertão de Quixeramobim",289730,10352.9883678942,22,46,17,29,21,25,0,0,0,0,0,46,17,29,21,25,51,9.2450304882162,12.5767047337981,0.424171602350193,2020-06-01,2020,6
"2019","CE",2,"Nordeste",23019,"Sertão de Quixeramobim",289730,10352.9883678942,23,41,18,23,16,25,0,0,0,0,0,41,18,23,16,25,48,9.2450304882162,12.5767047337981,0.411669575774,2020-06-08,2020,6
"2020","CE",2,"Nordeste",23019,"Sertão de Quixeramobim",289730,10352.9883678942,24,39,17,22,14,25,0,0,0,0,0,39,17,22,14,25,44,9.2450304882162,12.5767047337981,0.404306079278631,2020-06-15,2020,6
"2021","CE",2,"Nordeste",23019,"Sertão de Quixeramobim",289730,10352.9883678942,25,29,14,15,12,17,1,0,0,0,0,30,14,15,12,17,44,9.2450304882162,12.5767047337981,0.405074141711775,2020-06-22,2020,6
"2022","CE",2,"Nordeste",23019,"Sertão de Quixeramobim",289730,10352.9883678942,26,46,17,29,20,26,0,0,0,0,0,46,17,29,20,26,44,9.2450304882162,12.5767047337981,0.424810709845319,2020-06-29,2020,6
"2023","CE",2,"Nordeste",23019,"Sertão de Quixeramobim",289730,10352.9883678942,27,36,13,23,13,23,1,0,0,0,0,37,13,23,13,23,49,9.2450304882162,12.5767047337981,0.441789218535257,2020-07-06,2020,7
"2024","CE",2,"Nordeste",23019,"Sertão de Quixeramobim",289730,10352.9883678942,28,38,13,25,14,24,0,0,0,0,0,38,13,25,14,24,48,9.2450304882162,12.5767047337981,0.431944209564767,2020-07-13,2020,7
"2025","CE",2,"Nordeste",23019,"Sertão de Quixeramobim",289730,10352.9883678942,29,41,12,29,16,25,1,0,0,0,0,42,12,29,16,25,52,9.2450304882162,12.5767047337981,0.435323612666901,2020-07-20,2020,7
"2026","CE",2,"Nordeste",23020,"Sertão de Inhamuns",152513,8071.97277759929,5,28,7,21,13,15,1,0,0,0,0,29,7,21,13,15,15,8.9961531895797,11.935005117298,0.264385329495595,2020-02-03,2020,2
"2027","CE",2,"Nordeste",23020,"Sertão de Inhamuns",152513,8071.97277759929,6,37,12,25,14,23,0,0,0,0,0,37,12,25,14,23,14,8.9961531895797,11.935005117298,0.270498404952119,2020-02-10,2020,2
"2028","CE",2,"Nordeste",23020,"Sertão de Inhamuns",152513,8071.97277759929,7,39,8,31,19,20,0,0,0,0,0,39,8,31,19,20,18,8.9961531895797,11.935005117298,0.274405652285002,2020-02-17,2020,2
"2029","CE",2,"Nordeste",23020,"Sertão de Inhamuns",152513,8071.97277759929,8,29,8,21,10,19,0,0,0,0,0,29,8,21,10,19,19,8.9961531895797,11.935005117298,0.300513681068088,2020-02-24,2020,2
"2030","CE",2,"Nordeste",23020,"Sertão de Inhamuns",152513,8071.97277759929,9,33,14,19,9,24,0,0,0,0,0,33,14,19,9,24,17,8.9961531895797,11.935005117298,0.283714578851285,2020-03-02,2020,3
"2031","CE",2,"Nordeste",23020,"Sertão de Inhamuns",152513,8071.97277759929,10,29,12,17,11,18,0,0,0,0,0,29,12,17,11,18,24,8.9961531895797,11.935005117298,0.314483586856506,2020-03-09,2020,3
"2032","CE",2,"Nordeste",23020,"Sertão de Inhamuns",152513,8071.97277759929,11,25,9,16,11,14,1,0,0,0,0,26,9,16,11,14,27,8.9961531895797,11.935005117298,0.369725924265351,2020-03-16,2020,3
"2033","CE",2,"Nordeste",23020,"Sertão de Inhamuns",152513,8071.97277759929,12,33,12,21,21,12,0,0,0,0,0,33,12,21,21,12,21,8.9961531895797,11.935005117298,0.455578767279737,2020-03-23,2020,3
"2034","CE",2,"Nordeste",23020,"Sertão de Inhamuns",152513,8071.97277759929,13,29,10,19,10,19,0,0,0,0,0,29,10,19,10,19,19,8.9961531895797,11.935005117298,0.410295574724533,2020-03-30,2020,3
"2035","CE",2,"Nordeste",23020,"Sertão de Inhamuns",152513,8071.97277759929,14,38,15,23,13,25,0,0,0,0,0,38,15,23,13,25,23,8.9961531895797,11.935005117298,0.407065787566846,2020-04-06,2020,4
"2036","CE",2,"Nordeste",23020,"Sertão de Inhamuns",152513,8071.97277759929,15,27,5,22,12,15,1,0,0,0,0,28,5,22,12,15,22,8.9961531895797,11.935005117298,0.383241681838425,2020-04-13,2020,4
"2037","CE",2,"Nordeste",23020,"Sertão de Inhamuns",152513,8071.97277759929,16,32,11,21,13,19,0,0,0,0,0,32,11,21,13,19,21,8.9961531895797,11.935005117298,0.382633358957236,2020-04-20,2020,4
"2038","CE",2,"Nordeste",23020,"Sertão de Inhamuns",152513,8071.97277759929,17,34,12,22,15,19,0,0,0,0,0,34,12,22,15,19,22,8.9961531895797,11.935005117298,0.381974676020452,2020-04-27,2020,4
"2039","CE",2,"Nordeste",23020,"Sertão de Inhamuns",152513,8071.97277759929,18,29,15,14,11,18,0,0,0,0,0,29,15,14,11,18,15,8.9961531895797,11.935005117298,0.40555780877718,2020-05-04,2020,5
"2040","CE",2,"Nordeste",23020,"Sertão de Inhamuns",152513,8071.97277759929,19,31,9,22,13,18,2,0,0,0,0,33,9,22,13,18,23,8.9961531895797,11.935005117298,0.430388229068305,2020-05-11,2020,5
"2041","CE",2,"Nordeste",23020,"Sertão de Inhamuns",152513,8071.97277759929,20,27,6,21,10,17,1,0,0,0,0,28,6,21,10,17,17,8.9961531895797,11.935005117298,0.418007037746223,2020-05-18,2020,5
"2042","CE",2,"Nordeste",23020,"Sertão de Inhamuns",152513,8071.97277759929,21,37,8,29,20,17,0,0,0,0,0,37,8,29,20,17,31,8.9961531895797,11.935005117298,0.410417353183698,2020-05-25,2020,5
"2043","CE",2,"Nordeste",23020,"Sertão de Inhamuns",152513,8071.97277759929,22,41,7,34,18,23,1,0,0,0,0,42,7,34,18,23,17,8.9961531895797,11.935005117298,0.388185611091061,2020-06-01,2020,6
"2044","CE",2,"Nordeste",23020,"Sertão de Inhamuns",152513,8071.97277759929,23,32,9,23,10,22,1,0,0,0,0,33,9,23,10,22,22,8.9961531895797,11.935005117298,0.376988248033737,2020-06-08,2020,6
"2045","CE",2,"Nordeste",23020,"Sertão de Inhamuns",152513,8071.97277759929,24,36,15,21,18,18,1,0,0,0,0,37,15,21,18,18,18,8.9961531895797,11.935005117298,0.377128845020422,2020-06-15,2020,6
"2046","CE",2,"Nordeste",23020,"Sertão de Inhamuns",152513,8071.97277759929,25,30,11,19,9,21,1,0,0,0,0,31,11,19,9,21,26,8.9961531895797,11.935005117298,0.373526389998089,2020-06-22,2020,6
"2047","CE",2,"Nordeste",23020,"Sertão de Inhamuns",152513,8071.97277759929,26,33,7,26,16,17,1,0,0,0,0,34,7,26,16,17,20,8.9961531895797,11.935005117298,0.397416297221568,2020-06-29,2020,6
"2048","CE",2,"Nordeste",23020,"Sertão de Inhamuns",152513,8071.97277759929,27,36,10,26,17,19,0,0,0,0,0,36,10,26,17,19,15,8.9961531895797,11.935005117298,0.415233228851052,2020-07-06,2020,7
"2049","CE",2,"Nordeste",23020,"Sertão de Inhamuns",152513,8071.97277759929,28,34,14,20,9,25,0,0,0,0,0,34,14,20,9,25,18,8.9961531895797,11.935005117298,0.401424200382952,2020-07-13,2020,7
"2050","CE",2,"Nordeste",23020,"Sertão de Inhamuns",152513,8071.97277759929,29,40,11,29,16,24,0,0,0,0,0,40,11,29,16,24,19,8.9961531895797,11.935005117298,0.411868481305643,2020-07-20,2020,7
"2051","CE",2,"Nordeste",23021,"Sertão de Senador Pompeu",225351,7966.90005573528,5,41,16,25,18,23,0,0,0,0,0,41,16,25,18,23,24,8.98305074452137,12.3254144656505,0.262634918639703,2020-02-03,2020,2
"2052","CE",2,"Nordeste",23021,"Sertão de Senador Pompeu",225351,7966.90005573528,6,35,14,21,12,23,0,0,0,0,0,35,14,21,12,23,27,8.98305074452137,12.3254144656505,0.260807471455655,2020-02-10,2020,2
"2053","CE",2,"Nordeste",23021,"Sertão de Senador Pompeu",225351,7966.90005573528,7,23,9,14,10,13,2,0,0,0,0,25,9,14,10,13,26,8.98305074452137,12.3254144656505,0.270097829628647,2020-02-17,2020,2
"2054","CE",2,"Nordeste",23021,"Sertão de Senador Pompeu",225351,7966.90005573528,8,27,9,18,16,11,1,0,0,0,0,28,9,18,16,11,23,8.98305074452137,12.3254144656505,0.312453811508691,2020-02-24,2020,2
"2055","CE",2,"Nordeste",23021,"Sertão de Senador Pompeu",225351,7966.90005573528,9,31,10,21,16,15,0,0,0,0,0,31,10,21,16,15,30,8.98305074452137,12.3254144656505,0.296275958653917,2020-03-02,2020,3
"2056","CE",2,"Nordeste",23021,"Sertão de Senador Pompeu",225351,7966.90005573528,10,21,8,13,10,11,0,0,0,0,0,21,8,13,10,11,44,8.98305074452137,12.3254144656505,0.32226959957785,2020-03-09,2020,3
"2057","CE",2,"Nordeste",23021,"Sertão de Senador Pompeu",225351,7966.90005573528,11,34,10,24,14,20,0,0,0,0,0,34,10,24,14,20,31,8.98305074452137,12.3254144656505,0.397984653966925,2020-03-16,2020,3
"2058","CE",2,"Nordeste",23021,"Sertão de Senador Pompeu",225351,7966.90005573528,12,28,9,19,14,14,2,0,0,0,0,30,9,19,14,14,30,8.98305074452137,12.3254144656505,0.481676927809595,2020-03-23,2020,3
"2059","CE",2,"Nordeste",23021,"Sertão de Senador Pompeu",225351,7966.90005573528,13,18,6,12,7,11,0,0,0,0,0,18,6,12,7,11,40,8.98305074452137,12.3254144656505,0.42636354655826,2020-03-30,2020,3
"2060","CE",2,"Nordeste",23021,"Sertão de Senador Pompeu",225351,7966.90005573528,14,32,16,16,8,24,0,0,0,0,0,32,16,16,8,24,38,8.98305074452137,12.3254144656505,0.434791432533464,2020-04-06,2020,4
"2061","CE",2,"Nordeste",23021,"Sertão de Senador Pompeu",225351,7966.90005573528,15,26,12,14,13,13,2,0,0,0,0,28,12,14,13,13,27,8.98305074452137,12.3254144656505,0.419275360395041,2020-04-13,2020,4
"2062","CE",2,"Nordeste",23021,"Sertão de Senador Pompeu",225351,7966.90005573528,16,33,8,25,12,21,0,0,0,0,0,33,8,25,12,21,38,8.98305074452137,12.3254144656505,0.409045412931796,2020-04-20,2020,4
"2063","CE",2,"Nordeste",23021,"Sertão de Senador Pompeu",225351,7966.90005573528,17,42,14,28,22,20,1,0,0,0,0,43,14,28,22,20,31,8.98305074452137,12.3254144656505,0.400680544140124,2020-04-27,2020,4
"2064","CE",2,"Nordeste",23021,"Sertão de Senador Pompeu",225351,7966.90005573528,18,36,8,28,16,20,1,0,0,0,0,37,8,28,16,20,31,8.98305074452137,12.3254144656505,0.418804030933747,2020-05-04,2020,5
"2065","CE",2,"Nordeste",23021,"Sertão de Senador Pompeu",225351,7966.90005573528,19,35,12,23,15,20,1,0,0,0,0,36,12,23,15,20,37,8.98305074452137,12.3254144656505,0.450188734453526,2020-05-11,2020,5
"2066","CE",2,"Nordeste",23021,"Sertão de Senador Pompeu",225351,7966.90005573528,20,42,17,25,21,21,0,0,0,0,0,42,17,25,21,21,32,8.98305074452137,12.3254144656505,0.428524706004864,2020-05-18,2020,5
"2067","CE",2,"Nordeste",23021,"Sertão de Senador Pompeu",225351,7966.90005573528,21,44,19,25,13,31,1,0,0,0,0,45,19,25,13,31,37,8.98305074452137,12.3254144656505,0.422764720889883,2020-05-25,2020,5
"2068","CE",2,"Nordeste",23021,"Sertão de Senador Pompeu",225351,7966.90005573528,22,43,19,24,23,20,1,0,0,0,0,44,19,24,23,20,33,8.98305074452137,12.3254144656505,0.402819453973717,2020-06-01,2020,6
"2069","CE",2,"Nordeste",23021,"Sertão de Senador Pompeu",225351,7966.90005573528,23,40,14,26,10,30,1,0,0,0,0,41,14,26,10,30,34,8.98305074452137,12.3254144656505,0.397593022647828,2020-06-08,2020,6
"2070","CE",2,"Nordeste",23021,"Sertão de Senador Pompeu",225351,7966.90005573528,24,46,22,24,20,26,0,0,0,0,0,46,22,24,20,26,30,8.98305074452137,12.3254144656505,0.382343549974425,2020-06-15,2020,6
"2071","CE",2,"Nordeste",23021,"Sertão de Senador Pompeu",225351,7966.90005573528,25,29,12,17,16,13,1,0,0,0,0,30,12,17,16,13,40,8.98305074452137,12.3254144656505,0.410917950181013,2020-06-22,2020,6
"2072","CE",2,"Nordeste",23021,"Sertão de Senador Pompeu",225351,7966.90005573528,26,50,21,29,23,27,0,0,0,0,0,50,21,29,23,27,29,8.98305074452137,12.3254144656505,0.421429532356172,2020-06-29,2020,6
"2073","CE",2,"Nordeste",23021,"Sertão de Senador Pompeu",225351,7966.90005573528,27,35,20,15,14,21,2,0,0,0,0,37,20,15,14,21,30,8.98305074452137,12.3254144656505,0.445411579829537,2020-07-06,2020,7
"2074","CE",2,"Nordeste",23021,"Sertão de Senador Pompeu",225351,7966.90005573528,28,39,19,20,15,24,1,0,0,0,0,40,19,20,15,24,45,8.98305074452137,12.3254144656505,0.434775312396612,2020-07-13,2020,7
"2075","CE",2,"Nordeste",23021,"Sertão de Senador Pompeu",225351,7966.90005573528,29,37,10,27,17,20,1,0,0,0,0,38,10,27,17,20,43,8.98305074452137,12.3254144656505,0.434212363985319,2020-07-20,2020,7
"2076","CE",2,"Nordeste",23022,"Litoral de Aracati",119532,14310.8845137704,5,26,9,17,15,11,0,0,0,0,0,26,9,17,15,11,11,9.5687756815257,11.6913393969332,0.273490357387546,2020-02-03,2020,2
"2077","CE",2,"Nordeste",23022,"Litoral de Aracati",119532,14310.8845137704,6,30,4,26,13,17,1,0,0,0,0,31,4,26,13,17,15,9.5687756815257,11.6913393969332,0.277642164690024,2020-02-10,2020,2
"2078","CE",2,"Nordeste",23022,"Litoral de Aracati",119532,14310.8845137704,7,20,8,12,7,13,0,0,0,0,0,20,8,12,7,13,19,9.5687756815257,11.6913393969332,0.292103594349455,2020-02-17,2020,2
"2079","CE",2,"Nordeste",23022,"Litoral de Aracati",119532,14310.8845137704,8,28,5,23,12,16,0,0,0,0,0,28,5,23,12,16,9,9.5687756815257,11.6913393969332,0.344332309360146,2020-02-24,2020,2
"2080","CE",2,"Nordeste",23022,"Litoral de Aracati",119532,14310.8845137704,9,30,6,24,13,17,1,0,0,0,0,31,6,24,13,17,9,9.5687756815257,11.6913393969332,0.323125943883201,2020-03-02,2020,3
"2081","CE",2,"Nordeste",23022,"Litoral de Aracati",119532,14310.8845137704,10,17,2,15,7,10,0,0,0,0,0,17,2,15,7,10,19,9.5687756815257,11.6913393969332,0.347655309744028,2020-03-09,2020,3
"2082","CE",2,"Nordeste",23022,"Litoral de Aracati",119532,14310.8845137704,11,33,8,25,13,20,0,0,0,0,0,33,8,25,13,20,25,9.5687756815257,11.6913393969332,0.435580161865565,2020-03-16,2020,3
"2083","CE",2,"Nordeste",23022,"Litoral de Aracati",119532,14310.8845137704,12,26,8,18,12,14,0,0,0,0,0,26,8,18,12,14,14,9.5687756815257,11.6913393969332,0.542623615689148,2020-03-23,2020,3
"2084","CE",2,"Nordeste",23022,"Litoral de Aracati",119532,14310.8845137704,13,21,6,15,10,11,0,0,0,0,0,21,6,15,10,11,7,9.5687756815257,11.6913393969332,0.487091338510857,2020-03-30,2020,3
"2085","CE",2,"Nordeste",23022,"Litoral de Aracati",119532,14310.8845137704,14,12,2,10,3,9,0,0,0,0,0,12,2,10,3,9,11,9.5687756815257,11.6913393969332,0.472880521723678,2020-04-06,2020,4
"2086","CE",2,"Nordeste",23022,"Litoral de Aracati",119532,14310.8845137704,15,35,13,22,9,26,0,0,0,0,0,35,13,22,9,26,17,9.5687756815257,11.6913393969332,0.441612474126178,2020-04-13,2020,4
"2087","CE",2,"Nordeste",23022,"Litoral de Aracati",119532,14310.8845137704,16,17,8,9,9,8,0,0,0,0,0,17,8,9,9,8,15,9.5687756815257,11.6913393969332,0.443188283409783,2020-04-20,2020,4
"2088","CE",2,"Nordeste",23022,"Litoral de Aracati",119532,14310.8845137704,17,27,7,20,14,13,0,0,0,0,0,27,7,20,14,13,17,9.5687756815257,11.6913393969332,0.423037742606626,2020-04-27,2020,4
"2089","CE",2,"Nordeste",23022,"Litoral de Aracati",119532,14310.8845137704,18,21,5,16,7,14,0,0,0,0,0,21,5,16,7,14,17,9.5687756815257,11.6913393969332,0.452056230643413,2020-05-04,2020,5
"2090","CE",2,"Nordeste",23022,"Litoral de Aracati",119532,14310.8845137704,19,26,10,16,11,15,0,0,0,0,0,26,10,16,11,15,21,9.5687756815257,11.6913393969332,0.487378994938229,2020-05-11,2020,5
"2091","CE",2,"Nordeste",23022,"Litoral de Aracati",119532,14310.8845137704,20,10,4,6,6,4,0,0,0,0,0,10,4,6,6,4,24,9.5687756815257,11.6913393969332,0.473490850898076,2020-05-18,2020,5
"2092","CE",2,"Nordeste",23022,"Litoral de Aracati",119532,14310.8845137704,21,15,5,10,3,12,0,0,0,0,0,15,5,10,3,12,25,9.5687756815257,11.6913393969332,0.457092463911494,2020-05-25,2020,5
"2093","CE",2,"Nordeste",23022,"Litoral de Aracati",119532,14310.8845137704,22,57,23,34,26,31,0,0,0,0,0,57,23,34,26,31,16,9.5687756815257,11.6913393969332,0.43113917365719,2020-06-01,2020,6
"2094","CE",2,"Nordeste",23022,"Litoral de Aracati",119532,14310.8845137704,23,11,6,5,3,8,0,0,0,0,0,11,6,5,3,8,17,9.5687756815257,11.6913393969332,0.429964243357763,2020-06-08,2020,6
"2095","CE",2,"Nordeste",23022,"Litoral de Aracati",119532,14310.8845137704,24,17,2,15,7,10,0,0,0,0,0,17,2,15,7,10,16,9.5687756815257,11.6913393969332,0.400853490835715,2020-06-15,2020,6
"2096","CE",2,"Nordeste",23022,"Litoral de Aracati",119532,14310.8845137704,25,10,4,6,3,7,1,0,0,0,0,11,4,6,3,7,17,9.5687756815257,11.6913393969332,0.399316660609293,2020-06-22,2020,6
"2097","CE",2,"Nordeste",23022,"Litoral de Aracati",119532,14310.8845137704,26,41,5,36,16,25,0,0,0,0,0,41,5,36,16,25,21,9.5687756815257,11.6913393969332,0.413671865978457,2020-06-29,2020,6
"2098","CE",2,"Nordeste",23022,"Litoral de Aracati",119532,14310.8845137704,27,36,10,26,10,26,0,0,0,0,0,36,10,26,10,26,14,9.5687756815257,11.6913393969332,0.439456844523214,2020-07-06,2020,7
"2099","CE",2,"Nordeste",23022,"Litoral de Aracati",119532,14310.8845137704,28,14,3,11,3,11,0,0,0,0,0,14,3,11,3,11,11,9.5687756815257,11.6913393969332,0.428620833343078,2020-07-13,2020,7
"2100","CE",2,"Nordeste",23022,"Litoral de Aracati",119532,14310.8845137704,29,27,13,14,10,17,0,0,0,0,0,27,13,14,10,17,12,9.5687756815257,11.6913393969332,0.433938728081856,2020-07-20,2020,7
"2101","CE",2,"Nordeste",23023,"Baixo Jaguaribe",334292,13715.9173785792,5,62,24,38,20,42,0,0,0,0,0,62,24,38,20,42,40,9.52631228983903,12.7197701415206,0.277784259861251,2020-02-03,2020,2
"2102","CE",2,"Nordeste",23023,"Baixo Jaguaribe",334292,13715.9173785792,6,72,15,57,22,50,1,0,0,0,0,73,15,57,22,50,38,9.52631228983903,12.7197701415206,0.279381263263937,2020-02-10,2020,2
"2103","CE",2,"Nordeste",23023,"Baixo Jaguaribe",334292,13715.9173785792,7,59,23,36,23,36,0,0,0,0,0,59,23,36,23,36,30,9.52631228983903,12.7197701415206,0.295943796947969,2020-02-17,2020,2
"2104","CE",2,"Nordeste",23023,"Baixo Jaguaribe",334292,13715.9173785792,8,56,15,41,20,36,2,0,0,0,0,58,15,41,20,36,51,9.52631228983903,12.7197701415206,0.334248496905872,2020-02-24,2020,2
"2105","CE",2,"Nordeste",23023,"Baixo Jaguaribe",334292,13715.9173785792,9,69,22,47,30,39,0,0,0,0,0,69,22,47,30,39,38,9.52631228983903,12.7197701415206,0.321448304169641,2020-03-02,2020,3
"2106","CE",2,"Nordeste",23023,"Baixo Jaguaribe",334292,13715.9173785792,10,81,19,62,31,50,0,0,0,0,0,81,19,62,31,50,45,9.52631228983903,12.7197701415206,0.346652135708622,2020-03-09,2020,3
"2107","CE",2,"Nordeste",23023,"Baixo Jaguaribe",334292,13715.9173785792,11,59,15,44,24,35,0,0,0,0,0,59,15,44,24,35,42,9.52631228983903,12.7197701415206,0.412687999741571,2020-03-16,2020,3
"2108","CE",2,"Nordeste",23023,"Baixo Jaguaribe",334292,13715.9173785792,12,53,21,32,24,29,1,0,0,0,0,54,21,32,24,29,46,9.52631228983903,12.7197701415206,0.509625031307176,2020-03-23,2020,3
"2109","CE",2,"Nordeste",23023,"Baixo Jaguaribe",334292,13715.9173785792,13,41,12,29,17,24,2,0,0,0,0,43,12,29,17,24,51,9.52631228983903,12.7197701415206,0.460594823783735,2020-03-30,2020,3
"2110","CE",2,"Nordeste",23023,"Baixo Jaguaribe",334292,13715.9173785792,14,59,15,44,20,39,0,0,0,0,0,59,15,44,20,39,60,9.52631228983903,12.7197701415206,0.446772776387773,2020-04-06,2020,4
"2111","CE",2,"Nordeste",23023,"Baixo Jaguaribe",334292,13715.9173785792,15,61,16,45,18,43,0,0,0,0,0,61,16,45,18,43,45,9.52631228983903,12.7197701415206,0.422389479298133,2020-04-13,2020,4
"2112","CE",2,"Nordeste",23023,"Baixo Jaguaribe",334292,13715.9173785792,16,54,15,39,21,33,1,0,0,0,0,55,15,39,21,33,55,9.52631228983903,12.7197701415206,0.417102854248644,2020-04-20,2020,4
"2113","CE",2,"Nordeste",23023,"Baixo Jaguaribe",334292,13715.9173785792,17,57,24,33,25,32,2,0,0,0,0,59,24,33,25,32,55,9.52631228983903,12.7197701415206,0.402783038953193,2020-04-27,2020,4
"2114","CE",2,"Nordeste",23023,"Baixo Jaguaribe",334292,13715.9173785792,18,60,19,41,24,36,0,0,0,0,0,60,19,41,24,36,45,9.52631228983903,12.7197701415206,0.429889927335047,2020-05-04,2020,5
"2115","CE",2,"Nordeste",23023,"Baixo Jaguaribe",334292,13715.9173785792,19,69,19,50,26,43,0,0,0,0,0,69,19,50,26,43,43,9.52631228983903,12.7197701415206,0.455315760125006,2020-05-11,2020,5
"2116","CE",2,"Nordeste",23023,"Baixo Jaguaribe",334292,13715.9173785792,20,70,23,47,28,42,0,0,0,0,0,70,23,47,28,42,57,9.52631228983903,12.7197701415206,0.444023108859971,2020-05-18,2020,5
"2117","CE",2,"Nordeste",23023,"Baixo Jaguaribe",334292,13715.9173785792,21,80,27,53,31,49,2,0,0,0,0,82,27,53,31,49,51,9.52631228983903,12.7197701415206,0.426534680434815,2020-05-25,2020,5
"2118","CE",2,"Nordeste",23023,"Baixo Jaguaribe",334292,13715.9173785792,22,69,26,43,27,42,1,0,0,0,0,70,26,43,27,42,50,9.52631228983903,12.7197701415206,0.397503287439528,2020-06-01,2020,6
"2119","CE",2,"Nordeste",23023,"Baixo Jaguaribe",334292,13715.9173785792,23,79,26,53,29,50,0,0,0,0,0,79,26,53,29,50,49,9.52631228983903,12.7197701415206,0.393539942267505,2020-06-08,2020,6
"2120","CE",2,"Nordeste",23023,"Baixo Jaguaribe",334292,13715.9173785792,24,75,18,57,33,42,3,0,0,0,0,78,18,57,33,42,66,9.52631228983903,12.7197701415206,0.38822789106678,2020-06-15,2020,6
"2121","CE",2,"Nordeste",23023,"Baixo Jaguaribe",334292,13715.9173785792,25,80,22,58,29,51,0,0,0,0,0,80,22,58,29,51,46,9.52631228983903,12.7197701415206,0.392997325704107,2020-06-22,2020,6
"2122","CE",2,"Nordeste",23023,"Baixo Jaguaribe",334292,13715.9173785792,26,61,19,42,21,40,0,0,0,0,0,61,19,42,21,40,61,9.52631228983903,12.7197701415206,0.413200519039471,2020-06-29,2020,6
"2123","CE",2,"Nordeste",23023,"Baixo Jaguaribe",334292,13715.9173785792,27,50,12,38,20,30,1,0,0,0,0,51,12,38,20,30,50,9.52631228983903,12.7197701415206,0.432609674064721,2020-07-06,2020,7
"2124","CE",2,"Nordeste",23023,"Baixo Jaguaribe",334292,13715.9173785792,28,69,21,48,24,45,0,0,0,0,0,69,21,48,24,45,57,9.52631228983903,12.7197701415206,0.424565441714413,2020-07-13,2020,7
"2125","CE",2,"Nordeste",23023,"Baixo Jaguaribe",334292,13715.9173785792,29,70,29,41,35,35,0,0,0,0,0,70,29,41,35,35,61,9.52631228983903,12.7197701415206,0.418123594002944,2020-07-20,2020,7
"2126","CE",2,"Nordeste",23024,"Médio Jaguaribe",64275,13475.0672903928,5,16,5,11,8,8,0,0,0,0,0,16,5,11,8,8,8,9.50859638948591,11.0709260321341,0.247289308608263,2020-02-03,2020,2
"2127","CE",2,"Nordeste",23024,"Médio Jaguaribe",64275,13475.0672903928,6,12,2,10,4,8,0,0,0,0,0,12,2,10,4,8,5,9.50859638948591,11.0709260321341,0.255485530952539,2020-02-10,2020,2
"2128","CE",2,"Nordeste",23024,"Médio Jaguaribe",64275,13475.0672903928,7,14,6,8,7,7,0,0,0,0,0,14,6,8,7,7,4,9.50859638948591,11.0709260321341,0.25477748351817,2020-02-17,2020,2
"2129","CE",2,"Nordeste",23024,"Médio Jaguaribe",64275,13475.0672903928,8,15,5,10,12,3,0,0,0,0,0,15,5,10,12,3,10,9.50859638948591,11.0709260321341,0.304915379594169,2020-02-24,2020,2
"2130","CE",2,"Nordeste",23024,"Médio Jaguaribe",64275,13475.0672903928,9,15,5,10,6,9,0,0,0,0,0,15,5,10,6,9,11,9.50859638948591,11.0709260321341,0.263293261978975,2020-03-02,2020,3
"2131","CE",2,"Nordeste",23024,"Médio Jaguaribe",64275,13475.0672903928,10,12,8,4,2,10,0,0,0,0,0,12,8,4,2,10,5,9.50859638948591,11.0709260321341,0.304500621230917,2020-03-09,2020,3
"2132","CE",2,"Nordeste",23024,"Médio Jaguaribe",64275,13475.0672903928,11,12,2,10,3,9,0,0,0,0,0,12,2,10,3,9,13,9.50859638948591,11.0709260321341,0.373961683361302,2020-03-16,2020,3
"2133","CE",2,"Nordeste",23024,"Médio Jaguaribe",64275,13475.0672903928,12,6,0,6,3,3,0,0,0,0,0,6,0,6,3,3,12,9.50859638948591,11.0709260321341,0.453914575274804,2020-03-23,2020,3
"2134","CE",2,"Nordeste",23024,"Médio Jaguaribe",64275,13475.0672903928,13,15,9,6,3,12,0,0,0,0,0,15,9,6,3,12,7,9.50859638948591,11.0709260321341,0.406227728096974,2020-03-30,2020,3
"2135","CE",2,"Nordeste",23024,"Médio Jaguaribe",64275,13475.0672903928,14,10,2,8,6,4,0,0,0,0,0,10,2,8,6,4,7,9.50859638948591,11.0709260321341,0.400904723520583,2020-04-06,2020,4
"2136","CE",2,"Nordeste",23024,"Médio Jaguaribe",64275,13475.0672903928,15,15,4,11,4,11,0,0,0,0,0,15,4,11,4,11,5,9.50859638948591,11.0709260321341,0.381394160448534,2020-04-13,2020,4
"2137","CE",2,"Nordeste",23024,"Médio Jaguaribe",64275,13475.0672903928,16,10,4,6,3,7,0,0,0,0,0,10,4,6,3,7,12,9.50859638948591,11.0709260321341,0.381734951890797,2020-04-20,2020,4
"2138","CE",2,"Nordeste",23024,"Médio Jaguaribe",64275,13475.0672903928,17,9,2,7,3,6,0,0,0,0,0,9,2,7,3,6,11,9.50859638948591,11.0709260321341,0.368374379393696,2020-04-27,2020,4
"2139","CE",2,"Nordeste",23024,"Médio Jaguaribe",64275,13475.0672903928,18,10,3,7,2,8,0,0,0,0,0,10,3,7,2,8,15,9.50859638948591,11.0709260321341,0.401786482408816,2020-05-04,2020,5
"2140","CE",2,"Nordeste",23024,"Médio Jaguaribe",64275,13475.0672903928,19,15,5,10,9,6,0,0,0,0,0,15,5,10,9,6,17,9.50859638948591,11.0709260321341,0.42714307504772,2020-05-11,2020,5
"2141","CE",2,"Nordeste",23024,"Médio Jaguaribe",64275,13475.0672903928,20,17,4,13,9,8,0,0,0,0,0,17,4,13,9,8,8,9.50859638948591,11.0709260321341,0.417868179392306,2020-05-18,2020,5
"2142","CE",2,"Nordeste",23024,"Médio Jaguaribe",64275,13475.0672903928,21,16,4,12,6,10,0,0,0,0,0,16,4,12,6,10,10,9.50859638948591,11.0709260321341,0.414901616393741,2020-05-25,2020,5
"2143","CE",2,"Nordeste",23024,"Médio Jaguaribe",64275,13475.0672903928,22,27,12,15,15,12,0,0,0,0,0,27,12,15,15,12,11,9.50859638948591,11.0709260321341,0.390721990667936,2020-06-01,2020,6
"2144","CE",2,"Nordeste",23024,"Médio Jaguaribe",64275,13475.0672903928,23,17,7,10,8,9,0,0,0,0,0,17,7,10,8,9,11,9.50859638948591,11.0709260321341,0.367023091887723,2020-06-08,2020,6
"2145","CE",2,"Nordeste",23024,"Médio Jaguaribe",64275,13475.0672903928,24,14,4,10,4,10,0,0,0,0,0,14,4,10,4,10,10,9.50859638948591,11.0709260321341,0.369549710510423,2020-06-15,2020,6
"2146","CE",2,"Nordeste",23024,"Médio Jaguaribe",64275,13475.0672903928,25,18,6,12,5,13,0,0,0,0,0,18,6,12,5,13,8,9.50859638948591,11.0709260321341,0.370180971819189,2020-06-22,2020,6
"2147","CE",2,"Nordeste",23024,"Médio Jaguaribe",64275,13475.0672903928,26,15,2,13,7,8,0,0,0,0,0,15,2,13,7,8,12,9.50859638948591,11.0709260321341,0.396468187913903,2020-06-29,2020,6
"2148","CE",2,"Nordeste",23024,"Médio Jaguaribe",64275,13475.0672903928,27,13,3,10,5,8,0,0,0,0,0,13,3,10,5,8,15,9.50859638948591,11.0709260321341,0.406621339696987,2020-07-06,2020,7
"2149","CE",2,"Nordeste",23024,"Médio Jaguaribe",64275,13475.0672903928,28,14,6,8,7,7,0,0,0,0,0,14,6,8,7,7,12,9.50859638948591,11.0709260321341,0.404978739979053,2020-07-13,2020,7
"2150","CE",2,"Nordeste",23024,"Médio Jaguaribe",64275,13475.0672903928,29,10,5,5,6,4,0,0,0,0,0,10,5,5,6,4,20,9.50859638948591,11.0709260321341,0.410196172414413,2020-07-20,2020,7
"2151","CE",2,"Nordeste",23025,"Serra do Pereiro",44319,12547.3834542747,5,6,0,6,2,4,0,0,0,0,0,6,0,6,2,4,6,9.4372674331237,10.6991687579897,0.2655453395794,2020-02-03,2020,2
"2152","CE",2,"Nordeste",23025,"Serra do Pereiro",44319,12547.3834542747,6,8,2,6,4,4,0,0,0,0,0,8,2,6,4,4,3,9.4372674331237,10.6991687579897,0.258930446234607,2020-02-10,2020,2
"2153","CE",2,"Nordeste",23025,"Serra do Pereiro",44319,12547.3834542747,7,9,0,9,7,2,0,0,0,0,0,9,0,9,7,2,9,9.4372674331237,10.6991687579897,0.27110609805353,2020-02-17,2020,2
"2154","CE",2,"Nordeste",23025,"Serra do Pereiro",44319,12547.3834542747,8,5,1,4,0,5,0,0,0,0,0,5,1,4,0,5,3,9.4372674331237,10.6991687579897,0.306783730503454,2020-02-24,2020,2
"2155","CE",2,"Nordeste",23025,"Serra do Pereiro",44319,12547.3834542747,9,5,1,4,2,3,0,0,0,0,0,5,1,4,2,3,5,9.4372674331237,10.6991687579897,0.292166906385388,2020-03-02,2020,3
"2156","CE",2,"Nordeste",23025,"Serra do Pereiro",44319,12547.3834542747,10,6,3,3,1,5,0,0,0,0,0,6,3,3,1,5,8,9.4372674331237,10.6991687579897,0.3254852396774,2020-03-09,2020,3
"2157","CE",2,"Nordeste",23025,"Serra do Pereiro",44319,12547.3834542747,11,9,3,6,1,8,0,0,0,0,0,9,3,6,1,8,4,9.4372674331237,10.6991687579897,0.389792544437638,2020-03-16,2020,3
"2158","CE",2,"Nordeste",23025,"Serra do Pereiro",44319,12547.3834542747,12,7,4,3,3,4,0,0,0,0,0,7,4,3,3,4,3,9.4372674331237,10.6991687579897,0.471929124422472,2020-03-23,2020,3
"2159","CE",2,"Nordeste",23025,"Serra do Pereiro",44319,12547.3834542747,13,6,1,5,2,4,1,0,0,0,0,7,1,5,2,4,9,9.4372674331237,10.6991687579897,0.438476767667559,2020-03-30,2020,3
"2160","CE",2,"Nordeste",23025,"Serra do Pereiro",44319,12547.3834542747,14,10,3,7,5,5,0,0,0,0,0,10,3,7,5,5,6,9.4372674331237,10.6991687579897,0.417880205024689,2020-04-06,2020,4
"2161","CE",2,"Nordeste",23025,"Serra do Pereiro",44319,12547.3834542747,15,6,2,4,4,2,0,0,0,0,0,6,2,4,4,2,5,9.4372674331237,10.6991687579897,0.394665432531221,2020-04-13,2020,4
"2162","CE",2,"Nordeste",23025,"Serra do Pereiro",44319,12547.3834542747,16,7,3,4,3,4,0,0,0,0,0,7,3,4,3,4,2,9.4372674331237,10.6991687579897,0.406044859694184,2020-04-20,2020,4
"2163","CE",2,"Nordeste",23025,"Serra do Pereiro",44319,12547.3834542747,17,11,1,10,4,7,0,0,0,0,0,11,1,10,4,7,5,9.4372674331237,10.6991687579897,0.389297613346198,2020-04-27,2020,4
"2164","CE",2,"Nordeste",23025,"Serra do Pereiro",44319,12547.3834542747,18,7,2,5,2,5,0,0,0,0,0,7,2,5,2,5,6,9.4372674331237,10.6991687579897,0.415752984906735,2020-05-04,2020,5
"2165","CE",2,"Nordeste",23025,"Serra do Pereiro",44319,12547.3834542747,19,9,3,6,2,7,0,0,0,0,0,9,3,6,2,7,4,9.4372674331237,10.6991687579897,0.452456873406725,2020-05-11,2020,5
"2166","CE",2,"Nordeste",23025,"Serra do Pereiro",44319,12547.3834542747,20,12,3,9,5,7,0,0,0,0,0,12,3,9,5,7,9,9.4372674331237,10.6991687579897,0.439759760715975,2020-05-18,2020,5
"2167","CE",2,"Nordeste",23025,"Serra do Pereiro",44319,12547.3834542747,21,7,1,6,1,6,0,0,0,0,0,7,1,6,1,6,2,9.4372674331237,10.6991687579897,0.438656146620748,2020-05-25,2020,5
"2168","CE",2,"Nordeste",23025,"Serra do Pereiro",44319,12547.3834542747,22,14,5,9,9,5,0,0,0,0,0,14,5,9,9,5,7,9.4372674331237,10.6991687579897,0.400629436885158,2020-06-01,2020,6
"2169","CE",2,"Nordeste",23025,"Serra do Pereiro",44319,12547.3834542747,23,9,3,6,5,4,0,0,0,0,0,9,3,6,5,4,2,9.4372674331237,10.6991687579897,0.397933820129926,2020-06-08,2020,6
"2170","CE",2,"Nordeste",23025,"Serra do Pereiro",44319,12547.3834542747,24,5,3,2,1,4,0,0,0,0,0,5,3,2,1,4,3,9.4372674331237,10.6991687579897,0.392821381010113,2020-06-15,2020,6
"2171","CE",2,"Nordeste",23025,"Serra do Pereiro",44319,12547.3834542747,25,7,2,5,4,3,0,0,0,0,0,7,2,5,4,3,6,9.4372674331237,10.6991687579897,0.382624649288246,2020-06-22,2020,6
"2172","CE",2,"Nordeste",23025,"Serra do Pereiro",44319,12547.3834542747,26,9,3,6,2,7,0,0,0,0,0,9,3,6,2,7,2,9.4372674331237,10.6991687579897,0.430408371445311,2020-06-29,2020,6
"2173","CE",2,"Nordeste",23025,"Serra do Pereiro",44319,12547.3834542747,27,5,3,2,0,5,0,0,0,0,0,5,3,2,0,5,4,9.4372674331237,10.6991687579897,0.433602659445355,2020-07-06,2020,7
"2174","CE",2,"Nordeste",23025,"Serra do Pereiro",44319,12547.3834542747,28,11,3,8,3,8,0,0,0,0,0,11,3,8,3,8,8,9.4372674331237,10.6991687579897,0.43236332397154,2020-07-13,2020,7
"2175","CE",2,"Nordeste",23025,"Serra do Pereiro",44319,12547.3834542747,29,14,5,9,3,11,0,0,0,0,0,14,5,9,3,11,3,9.4372674331237,10.6991687579897,0.451231913890329,2020-07-20,2020,7
"2176","CE",2,"Nordeste",23026,"Iguatu",234352,11288.7940684099,5,56,18,38,24,32,1,0,0,0,0,57,18,38,24,32,46,9.33156583730315,12.3645795375581,0.27845981829948,2020-02-03,2020,2
"2177","CE",2,"Nordeste",23026,"Iguatu",234352,11288.7940684099,6,43,15,28,19,24,0,0,0,0,0,43,15,28,19,24,34,9.33156583730315,12.3645795375581,0.268360833251221,2020-02-10,2020,2
"2178","CE",2,"Nordeste",23026,"Iguatu",234352,11288.7940684099,7,48,16,32,26,22,1,0,0,0,0,49,16,32,26,22,35,9.33156583730315,12.3645795375581,0.276207262315782,2020-02-17,2020,2
"2179","CE",2,"Nordeste",23026,"Iguatu",234352,11288.7940684099,8,55,13,42,21,34,0,0,0,0,0,55,13,42,21,34,40,9.33156583730315,12.3645795375581,0.32070517877119,2020-02-24,2020,2
"2180","CE",2,"Nordeste",23026,"Iguatu",234352,11288.7940684099,9,55,16,39,20,35,0,0,0,0,0,55,16,39,20,35,28,9.33156583730315,12.3645795375581,0.295197705562448,2020-03-02,2020,3
"2181","CE",2,"Nordeste",23026,"Iguatu",234352,11288.7940684099,10,36,12,24,21,15,1,0,0,0,0,37,12,24,21,15,34,9.33156583730315,12.3645795375581,0.322070760524111,2020-03-09,2020,3
"2182","CE",2,"Nordeste",23026,"Iguatu",234352,11288.7940684099,11,54,18,36,21,33,0,0,0,0,0,54,18,36,21,33,42,9.33156583730315,12.3645795375581,0.409611341783065,2020-03-16,2020,3
"2183","CE",2,"Nordeste",23026,"Iguatu",234352,11288.7940684099,12,41,9,32,16,25,0,0,0,0,0,41,9,32,16,25,30,9.33156583730315,12.3645795375581,0.503802545497892,2020-03-23,2020,3
"2184","CE",2,"Nordeste",23026,"Iguatu",234352,11288.7940684099,13,50,16,34,15,35,1,0,0,0,0,51,16,34,15,35,32,9.33156583730315,12.3645795375581,0.457478576603059,2020-03-30,2020,3
"2185","CE",2,"Nordeste",23026,"Iguatu",234352,11288.7940684099,14,39,10,29,16,23,0,0,0,0,0,39,10,29,16,23,29,9.33156583730315,12.3645795375581,0.455544329023575,2020-04-06,2020,4
"2186","CE",2,"Nordeste",23026,"Iguatu",234352,11288.7940684099,15,43,18,25,21,22,1,0,0,0,0,44,18,25,21,22,21,9.33156583730315,12.3645795375581,0.430342251518935,2020-04-13,2020,4
"2187","CE",2,"Nordeste",23026,"Iguatu",234352,11288.7940684099,16,62,25,37,25,37,0,0,0,0,0,62,25,37,25,37,29,9.33156583730315,12.3645795375581,0.418485361817282,2020-04-20,2020,4
"2188","CE",2,"Nordeste",23026,"Iguatu",234352,11288.7940684099,17,60,18,42,25,35,0,0,0,0,0,60,18,42,25,35,37,9.33156583730315,12.3645795375581,0.397832887691826,2020-04-27,2020,4
"2189","CE",2,"Nordeste",23026,"Iguatu",234352,11288.7940684099,18,66,25,41,31,35,0,0,0,0,0,66,25,41,31,35,38,9.33156583730315,12.3645795375581,0.423748970166901,2020-05-04,2020,5
"2190","CE",2,"Nordeste",23026,"Iguatu",234352,11288.7940684099,19,50,14,36,18,32,1,0,0,0,0,51,14,36,18,32,33,9.33156583730315,12.3645795375581,0.450376843337942,2020-05-11,2020,5
"2191","CE",2,"Nordeste",23026,"Iguatu",234352,11288.7940684099,20,48,18,30,26,22,0,0,0,0,0,48,18,30,26,22,35,9.33156583730315,12.3645795375581,0.424976338777696,2020-05-18,2020,5
"2192","CE",2,"Nordeste",23026,"Iguatu",234352,11288.7940684099,21,45,16,29,12,33,0,0,0,0,0,45,16,29,12,33,29,9.33156583730315,12.3645795375581,0.415489081496683,2020-05-25,2020,5
"2193","CE",2,"Nordeste",23026,"Iguatu",234352,11288.7940684099,22,67,25,42,26,41,1,0,0,0,0,68,25,42,26,41,49,9.33156583730315,12.3645795375581,0.399629554138482,2020-06-01,2020,6
"2194","CE",2,"Nordeste",23026,"Iguatu",234352,11288.7940684099,23,75,22,53,29,46,0,0,0,0,0,75,22,53,29,46,34,9.33156583730315,12.3645795375581,0.394795987415961,2020-06-08,2020,6
"2195","CE",2,"Nordeste",23026,"Iguatu",234352,11288.7940684099,24,50,21,29,19,31,1,0,0,0,0,51,21,29,19,31,29,9.33156583730315,12.3645795375581,0.382375423500716,2020-06-15,2020,6
"2196","CE",2,"Nordeste",23026,"Iguatu",234352,11288.7940684099,25,57,23,34,22,35,1,0,0,0,0,58,23,34,22,35,43,9.33156583730315,12.3645795375581,0.405939063408083,2020-06-22,2020,6
"2197","CE",2,"Nordeste",23026,"Iguatu",234352,11288.7940684099,26,58,9,49,23,35,2,0,0,0,0,60,9,49,23,35,51,9.33156583730315,12.3645795375581,0.434440238312121,2020-06-29,2020,6
"2198","CE",2,"Nordeste",23026,"Iguatu",234352,11288.7940684099,27,59,17,42,20,39,1,0,0,0,0,60,17,42,20,39,42,9.33156583730315,12.3645795375581,0.432642438751777,2020-07-06,2020,7
"2199","CE",2,"Nordeste",23026,"Iguatu",234352,11288.7940684099,28,52,16,36,17,35,0,0,0,0,0,52,16,36,17,35,28,9.33156583730315,12.3645795375581,0.425063524237623,2020-07-13,2020,7
"2200","CE",2,"Nordeste",23026,"Iguatu",234352,11288.7940684099,29,47,11,36,18,29,0,0,0,0,0,47,11,36,18,29,52,9.33156583730315,12.3645795375581,0.416666422498493,2020-07-20,2020,7
"2201","CE",2,"Nordeste",23027,"Várzea Alegre",100445,8270.08914749365,5,17,6,11,6,11,0,0,0,0,0,17,6,11,6,11,12,9.02040056758402,11.5173655929962,0.273460827726987,2020-02-03,2020,2
"2202","CE",2,"Nordeste",23027,"Várzea Alegre",100445,8270.08914749365,6,29,13,16,14,15,0,0,0,0,0,29,13,16,14,15,15,9.02040056758402,11.5173655929962,0.264148801978942,2020-02-10,2020,2
"2203","CE",2,"Nordeste",23027,"Várzea Alegre",100445,8270.08914749365,7,24,4,20,6,18,1,0,0,0,0,25,4,20,6,18,14,9.02040056758402,11.5173655929962,0.283760230236178,2020-02-17,2020,2
"2204","CE",2,"Nordeste",23027,"Várzea Alegre",100445,8270.08914749365,8,25,10,15,10,15,0,0,0,0,0,25,10,15,10,15,12,9.02040056758402,11.5173655929962,0.324233535150259,2020-02-24,2020,2
"2205","CE",2,"Nordeste",23027,"Várzea Alegre",100445,8270.08914749365,9,34,14,20,18,16,2,0,0,0,0,36,14,20,18,16,17,9.02040056758402,11.5173655929962,0.306516910493364,2020-03-02,2020,3
"2206","CE",2,"Nordeste",23027,"Várzea Alegre",100445,8270.08914749365,10,19,1,18,7,12,0,0,0,0,0,19,1,18,7,12,18,9.02040056758402,11.5173655929962,0.344672644790069,2020-03-09,2020,3
"2207","CE",2,"Nordeste",23027,"Várzea Alegre",100445,8270.08914749365,11,19,9,10,9,10,1,0,0,0,0,20,9,10,9,10,15,9.02040056758402,11.5173655929962,0.404737391966181,2020-03-16,2020,3
"2208","CE",2,"Nordeste",23027,"Várzea Alegre",100445,8270.08914749365,12,27,6,21,11,16,0,0,0,0,0,27,6,21,11,16,15,9.02040056758402,11.5173655929962,0.507719099397367,2020-03-23,2020,3
"2209","CE",2,"Nordeste",23027,"Várzea Alegre",100445,8270.08914749365,13,16,5,11,2,14,1,0,0,0,0,17,5,11,2,14,15,9.02040056758402,11.5173655929962,0.448892758548184,2020-03-30,2020,3
"2210","CE",2,"Nordeste",23027,"Várzea Alegre",100445,8270.08914749365,14,19,5,14,7,12,0,0,0,0,0,19,5,14,7,12,13,9.02040056758402,11.5173655929962,0.450213044901942,2020-04-06,2020,4
"2211","CE",2,"Nordeste",23027,"Várzea Alegre",100445,8270.08914749365,15,11,7,4,5,6,0,0,0,0,0,11,7,4,5,6,15,9.02040056758402,11.5173655929962,0.42591669631338,2020-04-13,2020,4
"2212","CE",2,"Nordeste",23027,"Várzea Alegre",100445,8270.08914749365,16,24,9,15,9,15,0,0,0,0,0,24,9,15,9,15,12,9.02040056758402,11.5173655929962,0.41071675108257,2020-04-20,2020,4
"2213","CE",2,"Nordeste",23027,"Várzea Alegre",100445,8270.08914749365,17,20,7,13,9,11,0,0,0,0,0,20,7,13,9,11,14,9.02040056758402,11.5173655929962,0.390124107623851,2020-04-27,2020,4
"2214","CE",2,"Nordeste",23027,"Várzea Alegre",100445,8270.08914749365,18,22,10,12,11,11,1,0,0,0,0,23,10,12,11,11,13,9.02040056758402,11.5173655929962,0.417707282035958,2020-05-04,2020,5
"2215","CE",2,"Nordeste",23027,"Várzea Alegre",100445,8270.08914749365,19,14,5,9,7,7,0,0,0,0,0,14,5,9,7,7,14,9.02040056758402,11.5173655929962,0.427654239049595,2020-05-11,2020,5
"2216","CE",2,"Nordeste",23027,"Várzea Alegre",100445,8270.08914749365,20,21,3,18,11,10,0,0,0,0,0,21,3,18,11,10,9,9.02040056758402,11.5173655929962,0.416661399613833,2020-05-18,2020,5
"2217","CE",2,"Nordeste",23027,"Várzea Alegre",100445,8270.08914749365,21,20,4,16,8,12,0,0,0,0,0,20,4,16,8,12,12,9.02040056758402,11.5173655929962,0.40646577559297,2020-05-25,2020,5
"2218","CE",2,"Nordeste",23027,"Várzea Alegre",100445,8270.08914749365,22,32,11,21,16,16,0,0,0,0,0,32,11,21,16,16,23,9.02040056758402,11.5173655929962,0.402513587661143,2020-06-01,2020,6
"2219","CE",2,"Nordeste",23027,"Várzea Alegre",100445,8270.08914749365,23,13,3,10,4,9,0,0,0,0,0,13,3,10,4,9,22,9.02040056758402,11.5173655929962,0.407726091433865,2020-06-08,2020,6
"2220","CE",2,"Nordeste",23027,"Várzea Alegre",100445,8270.08914749365,24,22,8,14,8,14,0,0,0,0,0,22,8,14,8,14,8,9.02040056758402,11.5173655929962,0.39509713166591,2020-06-15,2020,6
"2221","CE",2,"Nordeste",23027,"Várzea Alegre",100445,8270.08914749365,25,18,6,12,5,13,0,0,0,0,0,18,6,12,5,13,18,9.02040056758402,11.5173655929962,0.382243072226134,2020-06-22,2020,6
"2222","CE",2,"Nordeste",23027,"Várzea Alegre",100445,8270.08914749365,26,28,9,19,12,16,0,0,0,0,0,28,9,19,12,16,18,9.02040056758402,11.5173655929962,0.416016319055157,2020-06-29,2020,6
"2223","CE",2,"Nordeste",23027,"Várzea Alegre",100445,8270.08914749365,27,25,11,14,5,20,0,0,0,0,0,25,11,14,5,20,21,9.02040056758402,11.5173655929962,0.43794382841846,2020-07-06,2020,7
"2224","CE",2,"Nordeste",23027,"Várzea Alegre",100445,8270.08914749365,28,30,11,19,14,16,0,0,0,0,0,30,11,19,14,16,21,9.02040056758402,11.5173655929962,0.42458503790759,2020-07-13,2020,7
"2225","CE",2,"Nordeste",23027,"Várzea Alegre",100445,8270.08914749365,29,23,10,13,7,16,0,0,0,0,0,23,10,13,7,16,22,9.02040056758402,11.5173655929962,0.422274467681618,2020-07-20,2020,7
"2226","CE",2,"Nordeste",23028,"Lavras da Mangabeira",58016,8289.62951634032,5,5,3,2,2,3,0,0,0,0,0,5,3,2,2,3,6,9.0227605567013,10.9684741135546,0.262096214839431,2020-02-03,2020,2
"2227","CE",2,"Nordeste",23028,"Lavras da Mangabeira",58016,8289.62951634032,6,15,7,8,7,8,0,0,0,0,0,15,7,8,7,8,8,9.0227605567013,10.9684741135546,0.249958747183086,2020-02-10,2020,2
"2228","CE",2,"Nordeste",23028,"Lavras da Mangabeira",58016,8289.62951634032,7,13,3,10,6,7,0,0,0,0,0,13,3,10,6,7,5,9.0227605567013,10.9684741135546,0.27272225181611,2020-02-17,2020,2
"2229","CE",2,"Nordeste",23028,"Lavras da Mangabeira",58016,8289.62951634032,8,13,5,8,6,7,0,0,0,0,0,13,5,8,6,7,6,9.0227605567013,10.9684741135546,0.311922215790048,2020-02-24,2020,2
"2230","CE",2,"Nordeste",23028,"Lavras da Mangabeira",58016,8289.62951634032,9,7,1,6,4,3,0,0,0,0,0,7,1,6,4,3,8,9.0227605567013,10.9684741135546,0.300612758377914,2020-03-02,2020,3
"2231","CE",2,"Nordeste",23028,"Lavras da Mangabeira",58016,8289.62951634032,10,10,5,5,5,5,0,0,0,0,0,10,5,5,5,5,7,9.0227605567013,10.9684741135546,0.324909560465824,2020-03-09,2020,3
"2232","CE",2,"Nordeste",23028,"Lavras da Mangabeira",58016,8289.62951634032,11,11,3,8,7,4,0,0,0,0,0,11,3,8,7,4,3,9.0227605567013,10.9684741135546,0.428833284125514,2020-03-16,2020,3
"2233","CE",2,"Nordeste",23028,"Lavras da Mangabeira",58016,8289.62951634032,12,10,4,6,4,6,0,0,0,0,0,10,4,6,4,6,6,9.0227605567013,10.9684741135546,0.508201950280674,2020-03-23,2020,3
"2234","CE",2,"Nordeste",23028,"Lavras da Mangabeira",58016,8289.62951634032,13,10,3,7,4,6,1,0,0,0,0,11,3,7,4,6,2,9.0227605567013,10.9684741135546,0.466375858055435,2020-03-30,2020,3
"2235","CE",2,"Nordeste",23028,"Lavras da Mangabeira",58016,8289.62951634032,14,10,3,7,5,5,0,0,0,0,0,10,3,7,5,5,11,9.0227605567013,10.9684741135546,0.442584849925401,2020-04-06,2020,4
"2236","CE",2,"Nordeste",23028,"Lavras da Mangabeira",58016,8289.62951634032,15,6,3,3,2,4,0,0,0,0,0,6,3,3,2,4,10,9.0227605567013,10.9684741135546,0.412630151917587,2020-04-13,2020,4
"2237","CE",2,"Nordeste",23028,"Lavras da Mangabeira",58016,8289.62951634032,16,11,4,7,6,5,0,0,0,0,0,11,4,7,6,5,4,9.0227605567013,10.9684741135546,0.391413774179621,2020-04-20,2020,4
"2238","CE",2,"Nordeste",23028,"Lavras da Mangabeira",58016,8289.62951634032,17,6,2,4,1,5,0,0,0,0,0,6,2,4,1,5,6,9.0227605567013,10.9684741135546,0.400396724755927,2020-04-27,2020,4
"2239","CE",2,"Nordeste",23028,"Lavras da Mangabeira",58016,8289.62951634032,18,11,3,8,8,3,0,0,0,0,0,11,3,8,8,3,8,9.0227605567013,10.9684741135546,0.435487670988843,2020-05-04,2020,5
"2240","CE",2,"Nordeste",23028,"Lavras da Mangabeira",58016,8289.62951634032,19,8,3,5,4,4,0,0,0,0,0,8,3,5,4,4,7,9.0227605567013,10.9684741135546,0.455638650361984,2020-05-11,2020,5
"2241","CE",2,"Nordeste",23028,"Lavras da Mangabeira",58016,8289.62951634032,20,10,2,8,5,5,0,0,0,0,0,10,2,8,5,5,15,9.0227605567013,10.9684741135546,0.446344660010102,2020-05-18,2020,5
"2242","CE",2,"Nordeste",23028,"Lavras da Mangabeira",58016,8289.62951634032,21,7,2,5,3,4,0,0,0,0,0,7,2,5,3,4,11,9.0227605567013,10.9684741135546,0.438208171482062,2020-05-25,2020,5
"2243","CE",2,"Nordeste",23028,"Lavras da Mangabeira",58016,8289.62951634032,22,10,3,7,5,5,0,0,0,0,0,10,3,7,5,5,5,9.0227605567013,10.9684741135546,0.405683074857225,2020-06-01,2020,6
"2244","CE",2,"Nordeste",23028,"Lavras da Mangabeira",58016,8289.62951634032,23,13,6,7,8,5,0,0,0,0,0,13,6,7,8,5,8,9.0227605567013,10.9684741135546,0.423064267656837,2020-06-08,2020,6
"2245","CE",2,"Nordeste",23028,"Lavras da Mangabeira",58016,8289.62951634032,24,12,7,5,8,4,1,0,0,0,0,13,7,5,8,4,11,9.0227605567013,10.9684741135546,0.412491502284519,2020-06-15,2020,6
"2246","CE",2,"Nordeste",23028,"Lavras da Mangabeira",58016,8289.62951634032,25,12,5,7,6,6,0,0,0,0,0,12,5,7,6,6,6,9.0227605567013,10.9684741135546,0.400675732780345,2020-06-22,2020,6
"2247","CE",2,"Nordeste",23028,"Lavras da Mangabeira",58016,8289.62951634032,26,10,6,4,5,5,0,0,0,0,0,10,6,4,5,5,3,9.0227605567013,10.9684741135546,0.426265527049004,2020-06-29,2020,6
"2248","CE",2,"Nordeste",23028,"Lavras da Mangabeira",58016,8289.62951634032,27,6,0,6,4,2,0,0,0,0,0,6,0,6,4,2,8,9.0227605567013,10.9684741135546,0.4545435353629,2020-07-06,2020,7
"2249","CE",2,"Nordeste",23028,"Lavras da Mangabeira",58016,8289.62951634032,28,10,5,5,2,8,0,0,0,0,0,10,5,5,2,8,13,9.0227605567013,10.9684741135546,0.446885501395577,2020-07-13,2020,7
"2250","CE",2,"Nordeste",23028,"Lavras da Mangabeira",58016,8289.62951634032,29,12,2,10,4,8,0,0,0,0,0,12,2,10,4,8,11,9.0227605567013,10.9684741135546,0.42784640410435,2020-07-20,2020,7
"2251","CE",2,"Nordeste",23029,"Chapada do Araripe",100343,6939.77772211315,5,25,8,17,12,13,1,0,0,0,0,26,8,17,12,13,13,8.84502502447397,11.5163495959369,0.252058671876406,2020-02-03,2020,2
"2252","CE",2,"Nordeste",23029,"Chapada do Araripe",100343,6939.77772211315,6,18,11,7,6,12,1,0,0,0,0,19,11,7,6,12,14,8.84502502447397,11.5163495959369,0.238005760244256,2020-02-10,2020,2
"2253","CE",2,"Nordeste",23029,"Chapada do Araripe",100343,6939.77772211315,7,28,8,20,9,19,1,0,0,0,0,29,8,20,9,19,24,8.84502502447397,11.5163495959369,0.270889299631885,2020-02-17,2020,2
"2254","CE",2,"Nordeste",23029,"Chapada do Araripe",100343,6939.77772211315,8,29,11,18,13,16,2,0,0,0,0,31,11,18,13,16,16,8.84502502447397,11.5163495959369,0.306560354086908,2020-02-24,2020,2
"2255","CE",2,"Nordeste",23029,"Chapada do Araripe",100343,6939.77772211315,9,30,14,16,12,18,0,0,0,0,0,30,14,16,12,18,8,8.84502502447397,11.5163495959369,0.279365453547057,2020-03-02,2020,3
"2256","CE",2,"Nordeste",23029,"Chapada do Araripe",100343,6939.77772211315,10,16,5,11,2,14,0,0,0,0,0,16,5,11,2,14,12,8.84502502447397,11.5163495959369,0.30131683226726,2020-03-09,2020,3
"2257","CE",2,"Nordeste",23029,"Chapada do Araripe",100343,6939.77772211315,11,20,8,12,13,7,1,0,0,0,0,21,8,12,13,7,15,8.84502502447397,11.5163495959369,0.373010489511018,2020-03-16,2020,3
"2258","CE",2,"Nordeste",23029,"Chapada do Araripe",100343,6939.77772211315,12,24,10,14,14,10,0,0,0,0,0,24,10,14,14,10,17,8.84502502447397,11.5163495959369,0.462250219263754,2020-03-23,2020,3
"2259","CE",2,"Nordeste",23029,"Chapada do Araripe",100343,6939.77772211315,13,24,8,16,13,11,0,0,0,0,0,24,8,16,13,11,25,8.84502502447397,11.5163495959369,0.409407665642771,2020-03-30,2020,3
"2260","CE",2,"Nordeste",23029,"Chapada do Araripe",100343,6939.77772211315,14,21,3,18,11,10,0,0,0,0,0,21,3,18,11,10,15,8.84502502447397,11.5163495959369,0.381006910791912,2020-04-06,2020,4
"2261","CE",2,"Nordeste",23029,"Chapada do Araripe",100343,6939.77772211315,15,23,9,14,12,11,1,0,0,0,0,24,9,14,12,11,14,8.84502502447397,11.5163495959369,0.373098493384819,2020-04-13,2020,4
"2262","CE",2,"Nordeste",23029,"Chapada do Araripe",100343,6939.77772211315,16,22,10,12,6,16,0,0,0,0,0,22,10,12,6,16,14,8.84502502447397,11.5163495959369,0.365264607940192,2020-04-20,2020,4
"2263","CE",2,"Nordeste",23029,"Chapada do Araripe",100343,6939.77772211315,17,27,15,12,13,14,0,0,0,0,0,27,15,12,13,14,9,8.84502502447397,11.5163495959369,0.36571044175859,2020-04-27,2020,4
"2264","CE",2,"Nordeste",23029,"Chapada do Araripe",100343,6939.77772211315,18,25,10,15,8,17,0,0,0,0,0,25,10,15,8,17,12,8.84502502447397,11.5163495959369,0.385585585990513,2020-05-04,2020,5
"2265","CE",2,"Nordeste",23029,"Chapada do Araripe",100343,6939.77772211315,19,31,11,20,21,10,0,0,0,0,0,31,11,20,21,10,13,8.84502502447397,11.5163495959369,0.42109310497094,2020-05-11,2020,5
"2266","CE",2,"Nordeste",23029,"Chapada do Araripe",100343,6939.77772211315,20,22,9,13,8,14,0,0,0,0,0,22,9,13,8,14,11,8.84502502447397,11.5163495959369,0.398245130618784,2020-05-18,2020,5
"2267","CE",2,"Nordeste",23029,"Chapada do Araripe",100343,6939.77772211315,21,35,12,23,19,16,0,0,0,0,0,35,12,23,19,16,14,8.84502502447397,11.5163495959369,0.390229949435156,2020-05-25,2020,5
"2268","CE",2,"Nordeste",23029,"Chapada do Araripe",100343,6939.77772211315,22,24,7,17,14,10,0,0,0,0,0,24,7,17,14,10,19,8.84502502447397,11.5163495959369,0.390087043856995,2020-06-01,2020,6
"2269","CE",2,"Nordeste",23029,"Chapada do Araripe",100343,6939.77772211315,23,31,11,20,13,18,3,0,0,0,0,34,11,20,13,18,15,8.84502502447397,11.5163495959369,0.382719356968053,2020-06-08,2020,6
"2270","CE",2,"Nordeste",23029,"Chapada do Araripe",100343,6939.77772211315,24,31,10,21,12,19,1,0,0,0,0,32,10,21,12,19,9,8.84502502447397,11.5163495959369,0.379186136918484,2020-06-15,2020,6
"2271","CE",2,"Nordeste",23029,"Chapada do Araripe",100343,6939.77772211315,25,28,7,21,14,14,0,0,0,0,0,28,7,21,14,14,14,8.84502502447397,11.5163495959369,0.390925487282784,2020-06-22,2020,6
"2272","CE",2,"Nordeste",23029,"Chapada do Araripe",100343,6939.77772211315,26,24,12,12,13,11,0,0,0,0,0,24,12,12,13,11,16,8.84502502447397,11.5163495959369,0.401681103838978,2020-06-29,2020,6
"2273","CE",2,"Nordeste",23029,"Chapada do Araripe",100343,6939.77772211315,27,22,7,15,15,7,0,0,0,0,0,22,7,15,15,7,16,8.84502502447397,11.5163495959369,0.432386415082744,2020-07-06,2020,7
"2274","CE",2,"Nordeste",23029,"Chapada do Araripe",100343,6939.77772211315,28,24,11,13,12,12,1,0,0,0,0,25,11,13,12,12,15,8.84502502447397,11.5163495959369,0.414353538326351,2020-07-13,2020,7
"2275","CE",2,"Nordeste",23029,"Chapada do Araripe",100343,6939.77772211315,29,30,7,23,13,17,0,0,0,0,0,30,7,23,13,17,20,8.84502502447397,11.5163495959369,0.415008212832969,2020-07-20,2020,7
"2276","CE",2,"Nordeste",23030,"Caririaçu",58840,7765.83331033311,5,19,8,11,12,7,0,0,0,0,0,19,8,11,12,7,5,8.95748904602998,10.9825771747154,0.252402595664432,2020-02-03,2020,2
"2277","CE",2,"Nordeste",23030,"Caririaçu",58840,7765.83331033311,6,15,8,7,5,10,1,0,0,0,0,16,8,7,5,10,13,8.95748904602998,10.9825771747154,0.260130558978529,2020-02-10,2020,2
"2278","CE",2,"Nordeste",23030,"Caririaçu",58840,7765.83331033311,7,11,2,9,6,5,0,0,0,0,0,11,2,9,6,5,6,8.95748904602998,10.9825771747154,0.269496246100476,2020-02-17,2020,2
"2279","CE",2,"Nordeste",23030,"Caririaçu",58840,7765.83331033311,8,19,5,14,11,8,0,0,0,0,0,19,5,14,11,8,11,8.95748904602998,10.9825771747154,0.310184765879184,2020-02-24,2020,2
"2280","CE",2,"Nordeste",23030,"Caririaçu",58840,7765.83331033311,9,15,6,9,7,8,0,0,0,0,0,15,6,9,7,8,8,8.95748904602998,10.9825771747154,0.293619066252139,2020-03-02,2020,3
"2281","CE",2,"Nordeste",23030,"Caririaçu",58840,7765.83331033311,10,10,4,6,2,8,1,0,0,0,0,11,4,6,2,8,9,8.95748904602998,10.9825771747154,0.30024063942903,2020-03-09,2020,3
"2282","CE",2,"Nordeste",23030,"Caririaçu",58840,7765.83331033311,11,14,4,10,5,9,0,0,0,0,0,14,4,10,5,9,16,8.95748904602998,10.9825771747154,0.38051236961879,2020-03-16,2020,3
"2283","CE",2,"Nordeste",23030,"Caririaçu",58840,7765.83331033311,12,11,4,7,5,6,0,0,0,0,0,11,4,7,5,6,14,8.95748904602998,10.9825771747154,0.487380287996643,2020-03-23,2020,3
"2284","CE",2,"Nordeste",23030,"Caririaçu",58840,7765.83331033311,13,16,5,11,7,9,0,0,0,0,0,16,5,11,7,9,8,8.95748904602998,10.9825771747154,0.443694279331218,2020-03-30,2020,3
"2285","CE",2,"Nordeste",23030,"Caririaçu",58840,7765.83331033311,14,11,5,6,7,4,0,0,0,0,0,11,5,6,7,4,11,8.95748904602998,10.9825771747154,0.416790578174846,2020-04-06,2020,4
"2286","CE",2,"Nordeste",23030,"Caririaçu",58840,7765.83331033311,15,10,3,7,5,5,0,0,0,0,0,10,3,7,5,5,13,8.95748904602998,10.9825771747154,0.404198310560268,2020-04-13,2020,4
"2287","CE",2,"Nordeste",23030,"Caririaçu",58840,7765.83331033311,16,14,5,9,7,7,0,0,0,0,0,14,5,9,7,7,11,8.95748904602998,10.9825771747154,0.409095046258864,2020-04-20,2020,4
"2288","CE",2,"Nordeste",23030,"Caririaçu",58840,7765.83331033311,17,11,5,6,8,3,0,0,0,0,0,11,5,6,8,3,11,8.95748904602998,10.9825771747154,0.392208099008311,2020-04-27,2020,4
"2289","CE",2,"Nordeste",23030,"Caririaçu",58840,7765.83331033311,18,16,5,11,6,10,0,0,0,0,0,16,5,11,6,10,12,8.95748904602998,10.9825771747154,0.416800047205329,2020-05-04,2020,5
"2290","CE",2,"Nordeste",23030,"Caririaçu",58840,7765.83331033311,19,11,3,8,5,6,0,0,0,0,0,11,3,8,5,6,6,8.95748904602998,10.9825771747154,0.455217009911895,2020-05-11,2020,5
"2291","CE",2,"Nordeste",23030,"Caririaçu",58840,7765.83331033311,20,16,2,14,6,10,0,0,0,0,0,16,2,14,6,10,4,8.95748904602998,10.9825771747154,0.419492661099035,2020-05-18,2020,5
"2292","CE",2,"Nordeste",23030,"Caririaçu",58840,7765.83331033311,21,11,3,8,3,8,0,0,0,0,0,11,3,8,3,8,7,8.95748904602998,10.9825771747154,0.413337873972593,2020-05-25,2020,5
"2293","CE",2,"Nordeste",23030,"Caririaçu",58840,7765.83331033311,22,18,5,13,8,10,0,0,0,0,0,18,5,13,8,10,6,8.95748904602998,10.9825771747154,0.394774443416126,2020-06-01,2020,6
"2294","CE",2,"Nordeste",23030,"Caririaçu",58840,7765.83331033311,23,11,4,7,5,6,0,0,0,0,0,11,4,7,5,6,8,8.95748904602998,10.9825771747154,0.396508463177416,2020-06-08,2020,6
"2295","CE",2,"Nordeste",23030,"Caririaçu",58840,7765.83331033311,24,21,6,15,7,14,0,0,0,0,0,21,6,15,7,14,12,8.95748904602998,10.9825771747154,0.381167477447291,2020-06-15,2020,6
"2296","CE",2,"Nordeste",23030,"Caririaçu",58840,7765.83331033311,25,15,6,9,7,8,1,0,0,0,0,16,6,9,7,8,11,8.95748904602998,10.9825771747154,0.404810952272194,2020-06-22,2020,6
"2297","CE",2,"Nordeste",23030,"Caririaçu",58840,7765.83331033311,26,10,2,8,3,7,0,0,0,0,0,10,2,8,3,7,12,8.95748904602998,10.9825771747154,0.419622161791625,2020-06-29,2020,6
"2298","CE",2,"Nordeste",23030,"Caririaçu",58840,7765.83331033311,27,18,3,15,8,10,0,0,0,0,0,18,3,15,8,10,12,8.95748904602998,10.9825771747154,0.433995341835336,2020-07-06,2020,7
"2299","CE",2,"Nordeste",23030,"Caririaçu",58840,7765.83331033311,28,29,9,20,14,15,0,0,0,0,0,29,9,20,14,15,6,8.95748904602998,10.9825771747154,0.423202359393355,2020-07-13,2020,7
"2300","CE",2,"Nordeste",23030,"Caririaçu",58840,7765.83331033311,29,23,4,19,6,17,0,0,0,0,0,23,4,19,6,17,12,8.95748904602998,10.9825771747154,0.429043914409088,2020-07-20,2020,7
"2301","CE",2,"Nordeste",23031,"Barro",95536,8111.27226616145,5,18,7,11,7,11,0,0,0,0,0,18,7,11,7,11,13,9.0010100110278,11.4672584187868,0.244805057346732,2020-02-03,2020,2
"2302","CE",2,"Nordeste",23031,"Barro",95536,8111.27226616145,6,17,6,11,7,10,0,0,0,0,0,17,6,11,7,10,10,9.0010100110278,11.4672584187868,0.235034678388507,2020-02-10,2020,2
"2303","CE",2,"Nordeste",23031,"Barro",95536,8111.27226616145,7,15,6,9,6,9,0,0,0,0,0,15,6,9,6,9,6,9.0010100110278,11.4672584187868,0.248085105561595,2020-02-17,2020,2
"2304","CE",2,"Nordeste",23031,"Barro",95536,8111.27226616145,8,19,4,15,7,12,0,0,0,0,0,19,4,15,7,12,8,9.0010100110278,11.4672584187868,0.296020985339678,2020-02-24,2020,2
"2305","CE",2,"Nordeste",23031,"Barro",95536,8111.27226616145,9,11,5,6,4,7,0,0,0,0,0,11,5,6,4,7,8,9.0010100110278,11.4672584187868,0.29863369644305,2020-03-02,2020,3
"2306","CE",2,"Nordeste",23031,"Barro",95536,8111.27226616145,10,30,9,21,12,18,1,0,0,0,0,31,9,21,12,18,11,9.0010100110278,11.4672584187868,0.322511901554202,2020-03-09,2020,3
"2307","CE",2,"Nordeste",23031,"Barro",95536,8111.27226616145,11,38,19,19,18,20,1,0,0,0,0,39,19,19,18,20,13,9.0010100110278,11.4672584187868,0.390634779538401,2020-03-16,2020,3
"2308","CE",2,"Nordeste",23031,"Barro",95536,8111.27226616145,12,13,8,5,6,7,0,0,0,0,0,13,8,5,6,7,7,9.0010100110278,11.4672584187868,0.485885009540891,2020-03-23,2020,3
"2309","CE",2,"Nordeste",23031,"Barro",95536,8111.27226616145,13,19,7,12,9,10,0,0,0,0,0,19,7,12,9,10,12,9.0010100110278,11.4672584187868,0.424277074900187,2020-03-30,2020,3
"2310","CE",2,"Nordeste",23031,"Barro",95536,8111.27226616145,14,16,5,11,5,11,0,0,0,0,0,16,5,11,5,11,16,9.0010100110278,11.4672584187868,0.39938280874153,2020-04-06,2020,4
"2311","CE",2,"Nordeste",23031,"Barro",95536,8111.27226616145,15,20,7,13,9,11,0,0,0,0,0,20,7,13,9,11,7,9.0010100110278,11.4672584187868,0.385866731693379,2020-04-13,2020,4
"2312","CE",2,"Nordeste",23031,"Barro",95536,8111.27226616145,16,20,9,11,8,12,1,0,0,0,0,21,9,11,8,12,8,9.0010100110278,11.4672584187868,0.373254372069646,2020-04-20,2020,4
"2313","CE",2,"Nordeste",23031,"Barro",95536,8111.27226616145,17,35,12,23,19,16,0,0,0,0,0,35,12,23,19,16,16,9.0010100110278,11.4672584187868,0.377936134434597,2020-04-27,2020,4
"2314","CE",2,"Nordeste",23031,"Barro",95536,8111.27226616145,18,22,4,18,9,13,0,0,0,0,0,22,4,18,9,13,8,9.0010100110278,11.4672584187868,0.408226742835643,2020-05-04,2020,5
"2315","CE",2,"Nordeste",23031,"Barro",95536,8111.27226616145,19,16,5,11,3,13,0,0,0,0,0,16,5,11,3,13,10,9.0010100110278,11.4672584187868,0.434028157130361,2020-05-11,2020,5
"2316","CE",2,"Nordeste",23031,"Barro",95536,8111.27226616145,20,20,8,12,10,10,0,0,0,0,0,20,8,12,10,10,16,9.0010100110278,11.4672584187868,0.428959831462101,2020-05-18,2020,5
"2317","CE",2,"Nordeste",23031,"Barro",95536,8111.27226616145,21,27,7,20,12,15,0,0,0,0,0,27,7,20,12,15,10,9.0010100110278,11.4672584187868,0.408739632835644,2020-05-25,2020,5
"2318","CE",2,"Nordeste",23031,"Barro",95536,8111.27226616145,22,26,8,18,10,16,0,0,0,0,0,26,8,18,10,16,9,9.0010100110278,11.4672584187868,0.388554642906905,2020-06-01,2020,6
"2319","CE",2,"Nordeste",23031,"Barro",95536,8111.27226616145,23,34,15,19,8,26,0,0,0,0,0,34,15,19,8,26,11,9.0010100110278,11.4672584187868,0.383220278675714,2020-06-08,2020,6
"2320","CE",2,"Nordeste",23031,"Barro",95536,8111.27226616145,24,20,6,14,10,10,0,0,0,0,0,20,6,14,10,10,14,9.0010100110278,11.4672584187868,0.383787551105449,2020-06-15,2020,6
"2321","CE",2,"Nordeste",23031,"Barro",95536,8111.27226616145,25,30,7,23,13,17,0,0,0,0,0,30,7,23,13,17,17,9.0010100110278,11.4672584187868,0.379679647663889,2020-06-22,2020,6
"2322","CE",2,"Nordeste",23031,"Barro",95536,8111.27226616145,26,23,10,13,8,15,0,0,0,0,0,23,10,13,8,15,12,9.0010100110278,11.4672584187868,0.409170533235127,2020-06-29,2020,6
"2323","CE",2,"Nordeste",23031,"Barro",95536,8111.27226616145,27,26,9,17,14,12,0,0,0,0,0,26,9,17,14,12,26,9.0010100110278,11.4672584187868,0.433767244379826,2020-07-06,2020,7
"2324","CE",2,"Nordeste",23031,"Barro",95536,8111.27226616145,28,30,12,18,12,18,0,0,0,0,0,30,12,18,12,18,11,9.0010100110278,11.4672584187868,0.418599881594044,2020-07-13,2020,7
"2325","CE",2,"Nordeste",23031,"Barro",95536,8111.27226616145,29,20,8,12,12,8,0,0,0,0,0,20,8,12,12,8,20,9.0010100110278,11.4672584187868,0.406522511211848,2020-07-20,2020,7
"2326","CE",2,"Nordeste",23032,"Cariri",581538,14144.995371618,5,144,34,110,61,83,0,0,0,0,0,144,34,110,61,83,72,9.55711615652586,13.2734315970431,0.268195020064017,2020-02-03,2020,2
"2327","CE",2,"Nordeste",23032,"Cariri",581538,14144.995371618,6,154,44,110,55,99,0,0,0,0,0,154,44,110,55,99,90,9.55711615652586,13.2734315970431,0.265703556489077,2020-02-10,2020,2
"2328","CE",2,"Nordeste",23032,"Cariri",581538,14144.995371618,7,168,41,127,62,106,2,0,0,0,0,170,41,127,62,106,90,9.55711615652586,13.2734315970431,0.282020669461133,2020-02-17,2020,2
"2329","CE",2,"Nordeste",23032,"Cariri",581538,14144.995371618,8,172,48,124,69,103,3,0,0,0,0,175,48,124,69,103,92,9.55711615652586,13.2734315970431,0.329563527631594,2020-02-24,2020,2
"2330","CE",2,"Nordeste",23032,"Cariri",581538,14144.995371618,9,184,33,151,67,117,1,0,0,0,0,185,33,151,67,117,84,9.55711615652586,13.2734315970431,0.302139834437344,2020-03-02,2020,3
"2331","CE",2,"Nordeste",23032,"Cariri",581538,14144.995371618,10,134,39,95,58,76,3,0,0,0,0,137,39,95,58,76,87,9.55711615652586,13.2734315970431,0.323131233890808,2020-03-09,2020,3
"2332","CE",2,"Nordeste",23032,"Cariri",581538,14144.995371618,11,181,48,133,66,115,1,0,0,0,0,182,48,133,66,115,85,9.55711615652586,13.2734315970431,0.420458438639329,2020-03-16,2020,3
"2333","CE",2,"Nordeste",23032,"Cariri",581538,14144.995371618,12,155,52,103,61,94,3,0,0,0,0,158,52,103,61,94,96,9.55711615652586,13.2734315970431,0.541968206381414,2020-03-23,2020,3
"2334","CE",2,"Nordeste",23032,"Cariri",581538,14144.995371618,13,159,44,115,55,104,4,0,0,0,0,163,44,115,55,104,78,9.55711615652586,13.2734315970431,0.474699477167944,2020-03-30,2020,3
"2335","CE",2,"Nordeste",23032,"Cariri",581538,14144.995371618,14,169,38,131,71,98,1,0,0,0,0,170,38,131,71,98,81,9.55711615652586,13.2734315970431,0.465894400188098,2020-04-06,2020,4
"2336","CE",2,"Nordeste",23032,"Cariri",581538,14144.995371618,15,150,36,114,65,85,1,0,0,0,0,151,36,114,65,85,68,9.55711615652586,13.2734315970431,0.440837252826973,2020-04-13,2020,4
"2337","CE",2,"Nordeste",23032,"Cariri",581538,14144.995371618,16,168,48,120,72,96,2,0,0,0,0,170,48,120,72,96,87,9.55711615652586,13.2734315970431,0.440781688363165,2020-04-20,2020,4
"2338","CE",2,"Nordeste",23032,"Cariri",581538,14144.995371618,17,163,40,123,56,107,1,0,0,0,0,164,40,123,56,107,91,9.55711615652586,13.2734315970431,0.415459537269331,2020-04-27,2020,4
"2339","CE",2,"Nordeste",23032,"Cariri",581538,14144.995371618,18,159,47,112,58,101,4,0,0,0,0,163,47,112,58,101,82,9.55711615652586,13.2734315970431,0.422410625205884,2020-05-04,2020,5
"2340","CE",2,"Nordeste",23032,"Cariri",581538,14144.995371618,19,163,51,112,62,101,6,0,0,0,0,169,51,112,62,101,84,9.55711615652586,13.2734315970431,0.452515005461914,2020-05-11,2020,5
"2341","CE",2,"Nordeste",23032,"Cariri",581538,14144.995371618,20,161,51,110,61,100,2,0,0,0,0,163,51,110,61,100,76,9.55711615652586,13.2734315970431,0.436593741378064,2020-05-18,2020,5
"2342","CE",2,"Nordeste",23032,"Cariri",581538,14144.995371618,21,163,46,117,70,93,1,0,0,0,0,164,46,117,70,93,79,9.55711615652586,13.2734315970431,0.423095334967477,2020-05-25,2020,5
"2343","CE",2,"Nordeste",23032,"Cariri",581538,14144.995371618,22,158,33,125,75,83,0,0,0,0,0,158,33,125,75,83,95,9.55711615652586,13.2734315970431,0.406519561718495,2020-06-01,2020,6
"2344","CE",2,"Nordeste",23032,"Cariri",581538,14144.995371618,23,179,49,130,64,115,5,0,0,0,0,184,49,130,64,115,102,9.55711615652586,13.2734315970431,0.405727832469105,2020-06-08,2020,6
"2345","CE",2,"Nordeste",23032,"Cariri",581538,14144.995371618,24,157,35,122,61,96,4,0,0,0,0,161,35,122,61,96,108,9.55711615652586,13.2734315970431,0.392798011715884,2020-06-15,2020,6
"2346","CE",2,"Nordeste",23032,"Cariri",581538,14144.995371618,25,165,41,124,56,109,0,0,0,0,0,165,41,124,56,109,131,9.55711615652586,13.2734315970431,0.407337037740241,2020-06-22,2020,6
"2347","CE",2,"Nordeste",23032,"Cariri",581538,14144.995371618,26,182,44,138,59,123,0,0,0,0,0,182,44,138,59,123,156,9.55711615652586,13.2734315970431,0.433500581130279,2020-06-29,2020,6
"2348","CE",2,"Nordeste",23032,"Cariri",581538,14144.995371618,27,181,49,132,74,107,1,0,0,0,0,182,49,132,74,107,127,9.55711615652586,13.2734315970431,0.44312653876322,2020-07-06,2020,7
"2349","CE",2,"Nordeste",23032,"Cariri",581538,14144.995371618,28,193,48,145,81,112,3,0,0,0,0,196,48,145,81,112,115,9.55711615652586,13.2734315970431,0.438200351288961,2020-07-13,2020,7
"2350","CE",2,"Nordeste",23032,"Cariri",581538,14144.995371618,29,186,44,142,76,110,1,0,0,0,0,187,44,142,76,110,117,9.55711615652586,13.2734315970431,0.438732613779995,2020-07-20,2020,7
"2351","CE",2,"Nordeste",23033,"Brejo Santo",106430,10621.9126110119,5,25,7,18,9,16,0,0,0,0,0,25,7,18,9,16,11,9.2706743737796,11.5752427710351,0.252443114065277,2020-02-03,2020,2
"2352","CE",2,"Nordeste",23033,"Brejo Santo",106430,10621.9126110119,6,25,6,19,12,13,0,0,0,0,0,25,6,19,12,13,11,9.2706743737796,11.5752427710351,0.259751599820353,2020-02-10,2020,2
"2353","CE",2,"Nordeste",23033,"Brejo Santo",106430,10621.9126110119,7,28,7,21,9,19,0,0,0,0,0,28,7,21,9,19,13,9.2706743737796,11.5752427710351,0.265411667145315,2020-02-17,2020,2
"2354","CE",2,"Nordeste",23033,"Brejo Santo",106430,10621.9126110119,8,25,8,17,10,15,1,0,0,0,0,26,8,17,10,15,24,9.2706743737796,11.5752427710351,0.309669140598286,2020-02-24,2020,2
"2355","CE",2,"Nordeste",23033,"Brejo Santo",106430,10621.9126110119,9,28,9,19,14,14,0,0,0,0,0,28,9,19,14,14,7,9.2706743737796,11.5752427710351,0.295616660093064,2020-03-02,2020,3
"2356","CE",2,"Nordeste",23033,"Brejo Santo",106430,10621.9126110119,10,32,10,22,13,19,0,0,0,0,0,32,10,22,13,19,12,9.2706743737796,11.5752427710351,0.31372296782087,2020-03-09,2020,3
"2357","CE",2,"Nordeste",23033,"Brejo Santo",106430,10621.9126110119,11,22,4,18,9,13,1,0,0,0,0,23,4,18,9,13,18,9.2706743737796,11.5752427710351,0.407630121000487,2020-03-16,2020,3
"2358","CE",2,"Nordeste",23033,"Brejo Santo",106430,10621.9126110119,12,26,12,14,13,13,1,0,0,0,0,27,12,14,13,13,6,9.2706743737796,11.5752427710351,0.523524392563293,2020-03-23,2020,3
"2359","CE",2,"Nordeste",23033,"Brejo Santo",106430,10621.9126110119,13,26,6,20,11,15,0,0,0,0,0,26,6,20,11,15,13,9.2706743737796,11.5752427710351,0.448363353295425,2020-03-30,2020,3
"2360","CE",2,"Nordeste",23033,"Brejo Santo",106430,10621.9126110119,14,32,10,22,16,16,0,0,0,0,0,32,10,22,16,16,18,9.2706743737796,11.5752427710351,0.430529614603987,2020-04-06,2020,4
"2361","CE",2,"Nordeste",23033,"Brejo Santo",106430,10621.9126110119,15,29,10,19,12,17,0,0,0,0,0,29,10,19,12,17,17,9.2706743737796,11.5752427710351,0.401999646553359,2020-04-13,2020,4
"2362","CE",2,"Nordeste",23033,"Brejo Santo",106430,10621.9126110119,16,29,5,24,15,14,0,0,0,0,0,29,5,24,15,14,14,9.2706743737796,11.5752427710351,0.400501967236259,2020-04-20,2020,4
"2363","CE",2,"Nordeste",23033,"Brejo Santo",106430,10621.9126110119,17,19,4,15,11,8,1,0,0,0,0,20,4,15,11,8,14,9.2706743737796,11.5752427710351,0.384090378519084,2020-04-27,2020,4
"2364","CE",2,"Nordeste",23033,"Brejo Santo",106430,10621.9126110119,18,29,9,20,13,16,0,0,0,0,0,29,9,20,13,16,13,9.2706743737796,11.5752427710351,0.391534587487336,2020-05-04,2020,5
"2365","CE",2,"Nordeste",23033,"Brejo Santo",106430,10621.9126110119,19,25,9,16,8,17,0,0,0,0,0,25,9,16,8,17,10,9.2706743737796,11.5752427710351,0.431666988056093,2020-05-11,2020,5
"2366","CE",2,"Nordeste",23033,"Brejo Santo",106430,10621.9126110119,20,18,3,15,4,14,0,0,0,0,0,18,3,15,4,14,15,9.2706743737796,11.5752427710351,0.423273021501618,2020-05-18,2020,5
"2367","CE",2,"Nordeste",23033,"Brejo Santo",106430,10621.9126110119,21,31,12,19,14,17,0,0,0,0,0,31,12,19,14,17,14,9.2706743737796,11.5752427710351,0.410874899679808,2020-05-25,2020,5
"2368","CE",2,"Nordeste",23033,"Brejo Santo",106430,10621.9126110119,22,32,9,23,12,20,2,0,0,0,0,34,9,23,12,20,17,9.2706743737796,11.5752427710351,0.394285749118337,2020-06-01,2020,6
"2369","CE",2,"Nordeste",23033,"Brejo Santo",106430,10621.9126110119,23,21,6,15,14,7,1,0,0,0,0,22,6,15,14,7,17,9.2706743737796,11.5752427710351,0.389057009489309,2020-06-08,2020,6
"2370","CE",2,"Nordeste",23033,"Brejo Santo",106430,10621.9126110119,24,34,12,22,15,19,0,0,0,0,0,34,12,22,15,19,14,9.2706743737796,11.5752427710351,0.372828253619163,2020-06-15,2020,6
"2371","CE",2,"Nordeste",23033,"Brejo Santo",106430,10621.9126110119,25,24,8,16,9,15,0,0,0,0,0,24,8,16,9,15,17,9.2706743737796,11.5752427710351,0.376211084991406,2020-06-22,2020,6
"2372","CE",2,"Nordeste",23033,"Brejo Santo",106430,10621.9126110119,26,24,3,21,13,11,1,0,0,0,0,25,3,21,13,11,16,9.2706743737796,11.5752427710351,0.410110399283843,2020-06-29,2020,6
"2373","CE",2,"Nordeste",23033,"Brejo Santo",106430,10621.9126110119,27,23,5,18,9,14,0,0,0,0,0,23,5,18,9,14,16,9.2706743737796,11.5752427710351,0.418448913135742,2020-07-06,2020,7
"2374","CE",2,"Nordeste",23033,"Brejo Santo",106430,10621.9126110119,28,33,13,20,13,20,0,0,0,0,0,33,13,20,13,20,19,9.2706743737796,11.5752427710351,0.414716832998674,2020-07-13,2020,7
"2375","CE",2,"Nordeste",23033,"Brejo Santo",106430,10621.9126110119,29,28,8,20,14,14,0,0,0,0,0,28,8,20,14,14,16,9.2706743737796,11.5752427710351,0.408368397720068,2020-07-20,2020,7
"2376","DF",5,"Centro-oeste",53001,"Brasília",3055149,85661.39,5,735,131,604,233,502,2,0,0,0,0,737,131,604,233,502,235,11.3581574779814,14.9323389219026,0.279846322826282,2020-02-03,2020,2
"2377","DF",5,"Centro-oeste",53001,"Brasília",3055149,85661.39,6,750,105,645,195,555,6,0,0,0,0,756,105,645,195,555,234,11.3581574779814,14.9323389219026,0.269451852678484,2020-02-10,2020,2
"2378","DF",5,"Centro-oeste",53001,"Brasília",3055149,85661.39,7,681,105,576,205,476,2,0,0,0,0,683,105,576,205,476,219,11.3581574779814,14.9323389219026,0.286012226865458,2020-02-17,2020,2
"2379","DF",5,"Centro-oeste",53001,"Brasília",3055149,85661.39,8,739,112,627,227,512,4,0,0,0,0,743,112,627,227,512,232,11.3581574779814,14.9323389219026,0.347837778256708,2020-02-24,2020,2
"2380","DF",5,"Centro-oeste",53001,"Brasília",3055149,85661.39,9,685,109,576,192,493,7,0,0,0,0,692,109,576,192,493,235,11.3581574779814,14.9323389219026,0.307165222704111,2020-03-02,2020,3
"2381","DF",5,"Centro-oeste",53001,"Brasília",3055149,85661.39,10,651,105,546,198,453,6,0,0,0,0,657,105,546,198,453,272,11.3581574779814,14.9323389219026,0.326482700182253,2020-03-09,2020,3
"2382","DF",5,"Centro-oeste",53001,"Brasília",3055149,85661.39,11,623,83,540,186,437,6,0,0,0,0,629,83,540,186,437,268,11.3581574779814,14.9323389219026,0.445364715060973,2020-03-16,2020,3
"2383","DF",5,"Centro-oeste",53001,"Brasília",3055149,85661.39,12,575,86,489,169,406,9,0,0,0,0,584,86,489,169,406,255,11.3581574779814,14.9323389219026,0.565743023569479,2020-03-23,2020,3
"2384","DF",5,"Centro-oeste",53001,"Brasília",3055149,85661.39,13,563,78,485,163,400,4,0,0,0,0,567,78,485,163,400,247,11.3581574779814,14.9323389219026,0.506954437980085,2020-03-30,2020,3
"2385","DF",5,"Centro-oeste",53001,"Brasília",3055149,85661.39,14,584,93,491,185,399,6,0,0,0,0,590,93,491,185,399,270,11.3581574779814,14.9323389219026,0.490274136597215,2020-04-06,2020,4
"2386","DF",5,"Centro-oeste",53001,"Brasília",3055149,85661.39,15,666,94,572,206,460,4,0,0,0,0,670,94,572,206,460,210,11.3581574779814,14.9323389219026,0.474934845489021,2020-04-13,2020,4
"2387","DF",5,"Centro-oeste",53001,"Brasília",3055149,85661.39,16,688,116,572,202,486,10,0,0,0,0,698,116,572,202,486,227,11.3581574779814,14.9323389219026,0.475505925985453,2020-04-20,2020,4
"2388","DF",5,"Centro-oeste",53001,"Brasília",3055149,85661.39,17,683,117,566,181,502,7,0,0,0,0,690,117,566,181,502,227,11.3581574779814,14.9323389219026,0.453058541911849,2020-04-27,2020,4
"2389","DF",5,"Centro-oeste",53001,"Brasília",3055149,85661.39,18,655,123,532,181,474,10,0,0,0,0,665,123,532,181,474,240,11.3581574779814,14.9323389219026,0.427403154843524,2020-05-04,2020,5
"2390","DF",5,"Centro-oeste",53001,"Brasília",3055149,85661.39,19,733,121,612,212,521,8,0,0,0,0,741,121,612,212,521,257,11.3581574779814,14.9323389219026,0.439239055743983,2020-05-11,2020,5
"2391","DF",5,"Centro-oeste",53001,"Brasília",3055149,85661.39,20,741,103,638,240,501,4,0,0,0,0,745,103,638,240,501,255,11.3581574779814,14.9323389219026,0.430709666554938,2020-05-18,2020,5
"2392","DF",5,"Centro-oeste",53001,"Brasília",3055149,85661.39,21,741,124,617,229,512,4,0,0,0,0,745,124,617,229,512,299,11.3581574779814,14.9323389219026,0.422331114077378,2020-05-25,2020,5
"2393","DF",5,"Centro-oeste",53001,"Brasília",3055149,85661.39,22,817,127,690,228,589,10,0,0,0,0,827,127,690,228,589,332,11.3581574779814,14.9323389219026,0.408340471349179,2020-06-01,2020,6
"2394","DF",5,"Centro-oeste",53001,"Brasília",3055149,85661.39,23,828,144,684,249,579,3,0,0,0,0,831,144,684,249,579,362,11.3581574779814,14.9323389219026,0.410774810764744,2020-06-08,2020,6
"2395","DF",5,"Centro-oeste",53001,"Brasília",3055149,85661.39,24,741,115,626,211,530,5,0,0,0,0,746,115,626,211,530,372,11.3581574779814,14.9323389219026,0.404106540976177,2020-06-15,2020,6
"2396","DF",5,"Centro-oeste",53001,"Brasília",3055149,85661.39,25,776,130,646,232,544,8,0,0,0,0,784,130,646,232,544,373,11.3581574779814,14.9323389219026,0.411538274151244,2020-06-22,2020,6
"2397","DF",5,"Centro-oeste",53001,"Brasília",3055149,85661.39,26,694,113,581,189,505,7,0,0,0,0,701,113,581,189,505,407,11.3581574779814,14.9323389219026,0.416377009398701,2020-06-29,2020,6
"2398","DF",5,"Centro-oeste",53001,"Brasília",3055149,85661.39,27,689,93,596,209,480,2,0,0,0,0,691,93,596,209,480,438,11.3581574779814,14.9323389219026,0.413539136900325,2020-07-06,2020,7
"2399","DF",5,"Centro-oeste",53001,"Brasília",3055149,85661.39,28,739,116,623,215,524,4,0,0,0,0,743,116,623,215,524,461,11.3581574779814,14.9323389219026,0.409427166881841,2020-07-13,2020,7
"2400","DF",5,"Centro-oeste",53001,"Brasília",3055149,85661.39,29,737,118,619,203,534,7,0,0,0,0,744,118,619,203,534,460,11.3581574779814,14.9323389219026,0.412517143830336,2020-07-20,2020,7
"2401","ES",3,"Sudeste",32001,"Barra de São Francisco",94226,15821.9177356568,5,20,7,13,7,13,0,0,0,0,0,20,7,13,7,13,15,9.66915145620345,11.4534514309737,0.29722237742939,2020-02-03,2020,2
"2402","ES",3,"Sudeste",32001,"Barra de São Francisco",94226,15821.9177356568,6,29,6,23,9,20,0,0,0,0,0,29,6,23,9,20,9,9.66915145620345,11.4534514309737,0.284211658889847,2020-02-10,2020,2
"2403","ES",3,"Sudeste",32001,"Barra de São Francisco",94226,15821.9177356568,7,14,8,6,6,8,0,0,0,0,0,14,8,6,6,8,9,9.66915145620345,11.4534514309737,0.307695954755298,2020-02-17,2020,2
"2404","ES",3,"Sudeste",32001,"Barra de São Francisco",94226,15821.9177356568,8,18,6,12,7,11,0,0,0,0,0,18,6,12,7,11,16,9.66915145620345,11.4534514309737,0.34575014500048,2020-02-24,2020,2
"2405","ES",3,"Sudeste",32001,"Barra de São Francisco",94226,15821.9177356568,9,36,13,23,17,19,0,0,0,0,0,36,13,23,17,19,8,9.66915145620345,11.4534514309737,0.339367928016448,2020-03-02,2020,3
"2406","ES",3,"Sudeste",32001,"Barra de São Francisco",94226,15821.9177356568,10,24,8,16,10,14,0,0,0,0,0,24,8,16,10,14,13,9.66915145620345,11.4534514309737,0.330027525285795,2020-03-09,2020,3
"2407","ES",3,"Sudeste",32001,"Barra de São Francisco",94226,15821.9177356568,11,20,3,17,4,16,0,0,0,0,0,20,3,17,4,16,9,9.66915145620345,11.4534514309737,0.382081327567256,2020-03-16,2020,3
"2408","ES",3,"Sudeste",32001,"Barra de São Francisco",94226,15821.9177356568,12,18,9,9,11,7,1,0,0,0,0,19,9,9,11,7,18,9.66915145620345,11.4534514309737,0.482115623276309,2020-03-23,2020,3
"2409","ES",3,"Sudeste",32001,"Barra de São Francisco",94226,15821.9177356568,13,17,6,11,7,10,0,0,0,0,0,17,6,11,7,10,13,9.66915145620345,11.4534514309737,0.441890856021945,2020-03-30,2020,3
"2410","ES",3,"Sudeste",32001,"Barra de São Francisco",94226,15821.9177356568,14,33,7,26,14,19,1,0,0,0,0,34,7,26,14,19,13,9.66915145620345,11.4534514309737,0.433484791343688,2020-04-06,2020,4
"2411","ES",3,"Sudeste",32001,"Barra de São Francisco",94226,15821.9177356568,15,33,4,29,13,20,0,0,0,0,0,33,4,29,13,20,13,9.66915145620345,11.4534514309737,0.400663002459634,2020-04-13,2020,4
"2412","ES",3,"Sudeste",32001,"Barra de São Francisco",94226,15821.9177356568,16,19,7,12,7,12,0,0,0,0,0,19,7,12,7,12,9,9.66915145620345,11.4534514309737,0.410502041257737,2020-04-20,2020,4
"2413","ES",3,"Sudeste",32001,"Barra de São Francisco",94226,15821.9177356568,17,22,7,15,7,15,0,0,0,0,0,22,7,15,7,15,13,9.66915145620345,11.4534514309737,0.420265821090608,2020-04-27,2020,4
"2414","ES",3,"Sudeste",32001,"Barra de São Francisco",94226,15821.9177356568,18,34,13,21,12,22,0,0,0,0,0,34,13,21,12,22,16,9.66915145620345,11.4534514309737,0.414454714495715,2020-05-04,2020,5
"2415","ES",3,"Sudeste",32001,"Barra de São Francisco",94226,15821.9177356568,19,34,16,18,15,19,1,0,0,0,0,35,16,18,15,19,19,9.66915145620345,11.4534514309737,0.433561823585124,2020-05-11,2020,5
"2416","ES",3,"Sudeste",32001,"Barra de São Francisco",94226,15821.9177356568,20,19,6,13,6,13,0,0,0,0,0,19,6,13,6,13,19,9.66915145620345,11.4534514309737,0.437950673144517,2020-05-18,2020,5
"2417","ES",3,"Sudeste",32001,"Barra de São Francisco",94226,15821.9177356568,21,22,5,17,9,13,1,0,0,0,0,23,5,17,9,13,12,9.66915145620345,11.4534514309737,0.419364531387354,2020-05-25,2020,5
"2418","ES",3,"Sudeste",32001,"Barra de São Francisco",94226,15821.9177356568,22,34,13,21,13,21,1,0,0,0,0,35,13,21,13,21,10,9.66915145620345,11.4534514309737,0.416820164794493,2020-06-01,2020,6
"2419","ES",3,"Sudeste",32001,"Barra de São Francisco",94226,15821.9177356568,23,21,7,14,7,14,0,0,0,0,0,21,7,14,7,14,16,9.66915145620345,11.4534514309737,0.410308397864595,2020-06-08,2020,6
"2420","ES",3,"Sudeste",32001,"Barra de São Francisco",94226,15821.9177356568,24,19,5,14,6,13,0,0,0,0,0,19,5,14,6,13,12,9.66915145620345,11.4534514309737,0.397885537298306,2020-06-15,2020,6
"2421","ES",3,"Sudeste",32001,"Barra de São Francisco",94226,15821.9177356568,25,26,8,18,13,13,0,0,0,0,0,26,8,18,13,13,6,9.66915145620345,11.4534514309737,0.391785600521329,2020-06-22,2020,6
"2422","ES",3,"Sudeste",32001,"Barra de São Francisco",94226,15821.9177356568,26,22,10,12,9,13,0,0,0,0,0,22,10,12,9,13,16,9.66915145620345,11.4534514309737,0.412427023092497,2020-06-29,2020,6
"2423","ES",3,"Sudeste",32001,"Barra de São Francisco",94226,15821.9177356568,27,23,7,16,8,15,1,0,0,0,0,24,7,16,8,15,16,9.66915145620345,11.4534514309737,0.42154488122483,2020-07-06,2020,7
"2424","ES",3,"Sudeste",32001,"Barra de São Francisco",94226,15821.9177356568,28,22,4,18,10,12,0,0,0,0,0,22,4,18,10,12,15,9.66915145620345,11.4534514309737,0.416826998583908,2020-07-13,2020,7
"2425","ES",3,"Sudeste",32001,"Barra de São Francisco",94226,15821.9177356568,29,16,5,11,5,11,0,0,0,0,0,16,5,11,5,11,17,9.66915145620345,11.4534514309737,0.415722869107605,2020-07-20,2020,7
"2426","ES",3,"Sudeste",32002,"Nova Venécia",136996,17968.7450348185,5,40,9,31,15,25,0,0,0,0,0,40,9,31,15,25,14,9.79638914065658,11.8277070073037,0.273378243576261,2020-02-03,2020,2
"2427","ES",3,"Sudeste",32002,"Nova Venécia",136996,17968.7450348185,6,33,11,22,17,16,0,0,0,0,0,33,11,22,17,16,19,9.79638914065658,11.8277070073037,0.273882181515686,2020-02-10,2020,2
"2428","ES",3,"Sudeste",32002,"Nova Venécia",136996,17968.7450348185,7,23,6,17,11,12,0,0,0,0,0,23,6,17,11,12,20,9.79638914065658,11.8277070073037,0.284097755210579,2020-02-17,2020,2
"2429","ES",3,"Sudeste",32002,"Nova Venécia",136996,17968.7450348185,8,45,12,33,19,26,0,0,0,0,0,45,12,33,19,26,16,9.79638914065658,11.8277070073037,0.32546114404022,2020-02-24,2020,2
"2430","ES",3,"Sudeste",32002,"Nova Venécia",136996,17968.7450348185,9,24,6,18,9,15,0,0,0,0,0,24,6,18,9,15,12,9.79638914065658,11.8277070073037,0.302054049665735,2020-03-02,2020,3
"2431","ES",3,"Sudeste",32002,"Nova Venécia",136996,17968.7450348185,10,28,4,24,10,18,0,0,0,0,0,28,4,24,10,18,15,9.79638914065658,11.8277070073037,0.299261789754961,2020-03-09,2020,3
"2432","ES",3,"Sudeste",32002,"Nova Venécia",136996,17968.7450348185,11,27,11,16,13,14,2,0,0,0,0,29,11,16,13,14,17,9.79638914065658,11.8277070073037,0.36141029139587,2020-03-16,2020,3
"2433","ES",3,"Sudeste",32002,"Nova Venécia",136996,17968.7450348185,12,26,8,18,8,18,0,0,0,0,0,26,8,18,8,18,19,9.79638914065658,11.8277070073037,0.443932812364112,2020-03-23,2020,3
"2434","ES",3,"Sudeste",32002,"Nova Venécia",136996,17968.7450348185,13,33,10,23,11,22,1,0,0,0,0,34,10,23,11,22,12,9.79638914065658,11.8277070073037,0.406899688593518,2020-03-30,2020,3
"2435","ES",3,"Sudeste",32002,"Nova Venécia",136996,17968.7450348185,14,35,14,21,17,18,1,0,0,0,0,36,14,21,17,18,9,9.79638914065658,11.8277070073037,0.411760364606025,2020-04-06,2020,4
"2436","ES",3,"Sudeste",32002,"Nova Venécia",136996,17968.7450348185,15,25,9,16,10,15,0,0,0,0,0,25,9,16,10,15,12,9.79638914065658,11.8277070073037,0.370096345908977,2020-04-13,2020,4
"2437","ES",3,"Sudeste",32002,"Nova Venécia",136996,17968.7450348185,16,40,12,28,12,28,0,0,0,0,0,40,12,28,12,28,11,9.79638914065658,11.8277070073037,0.389117954805909,2020-04-20,2020,4
"2438","ES",3,"Sudeste",32002,"Nova Venécia",136996,17968.7450348185,17,26,8,18,12,14,0,0,0,0,0,26,8,18,12,14,11,9.79638914065658,11.8277070073037,0.379955900250375,2020-04-27,2020,4
"2439","ES",3,"Sudeste",32002,"Nova Venécia",136996,17968.7450348185,18,39,9,30,13,26,0,0,0,0,0,39,9,30,13,26,10,9.79638914065658,11.8277070073037,0.365466461363136,2020-05-04,2020,5
"2440","ES",3,"Sudeste",32002,"Nova Venécia",136996,17968.7450348185,19,32,11,21,10,22,0,0,0,0,0,32,11,21,10,22,13,9.79638914065658,11.8277070073037,0.383759977319192,2020-05-11,2020,5
"2441","ES",3,"Sudeste",32002,"Nova Venécia",136996,17968.7450348185,20,33,14,19,15,18,0,0,0,0,0,33,14,19,15,18,20,9.79638914065658,11.8277070073037,0.373669270705133,2020-05-18,2020,5
"2442","ES",3,"Sudeste",32002,"Nova Venécia",136996,17968.7450348185,21,38,14,24,17,21,0,0,0,0,0,38,14,24,17,21,17,9.79638914065658,11.8277070073037,0.371983477385449,2020-05-25,2020,5
"2443","ES",3,"Sudeste",32002,"Nova Venécia",136996,17968.7450348185,22,34,9,25,15,19,1,0,0,0,0,35,9,25,15,19,19,9.79638914065658,11.8277070073037,0.378405807674699,2020-06-01,2020,6
"2444","ES",3,"Sudeste",32002,"Nova Venécia",136996,17968.7450348185,23,37,11,26,16,21,0,0,0,0,0,37,11,26,16,21,21,9.79638914065658,11.8277070073037,0.376764248312383,2020-06-08,2020,6
"2445","ES",3,"Sudeste",32002,"Nova Venécia",136996,17968.7450348185,24,35,7,28,19,16,0,0,0,0,0,35,7,28,19,16,22,9.79638914065658,11.8277070073037,0.366352547091505,2020-06-15,2020,6
"2446","ES",3,"Sudeste",32002,"Nova Venécia",136996,17968.7450348185,25,29,6,23,11,18,0,0,0,0,0,29,6,23,11,18,15,9.79638914065658,11.8277070073037,0.37241720017278,2020-06-22,2020,6
"2447","ES",3,"Sudeste",32002,"Nova Venécia",136996,17968.7450348185,26,34,7,27,12,22,0,0,0,0,0,34,7,27,12,22,30,9.79638914065658,11.8277070073037,0.3777938767863,2020-06-29,2020,6
"2448","ES",3,"Sudeste",32002,"Nova Venécia",136996,17968.7450348185,27,25,6,19,9,16,0,0,0,0,0,25,6,19,9,16,16,9.79638914065658,11.8277070073037,0.379681173243383,2020-07-06,2020,7
"2449","ES",3,"Sudeste",32002,"Nova Venécia",136996,17968.7450348185,28,29,8,21,7,22,0,0,0,0,0,29,8,21,7,22,20,9.79638914065658,11.8277070073037,0.377329715074214,2020-07-13,2020,7
"2450","ES",3,"Sudeste",32002,"Nova Venécia",136996,17968.7450348185,29,30,6,24,11,19,0,0,0,0,0,30,6,24,11,19,24,9.79638914065658,11.8277070073037,0.376991105262273,2020-07-20,2020,7
"2451","ES",3,"Sudeste",32003,"Colatina",220242,24391.7459638943,5,53,11,42,16,37,0,0,0,0,0,53,11,42,16,37,26,10.1020000738834,12.3024822207778,0.2837563812322,2020-02-03,2020,2
"2452","ES",3,"Sudeste",32003,"Colatina",220242,24391.7459638943,6,51,15,36,20,31,0,0,0,0,0,51,15,36,20,31,32,10.1020000738834,12.3024822207778,0.287955083573475,2020-02-10,2020,2
"2453","ES",3,"Sudeste",32003,"Colatina",220242,24391.7459638943,7,50,14,36,18,32,0,0,0,0,0,50,14,36,18,32,20,10.1020000738834,12.3024822207778,0.30263300926603,2020-02-17,2020,2
"2454","ES",3,"Sudeste",32003,"Colatina",220242,24391.7459638943,8,56,16,40,19,37,0,0,0,0,0,56,16,40,19,37,21,10.1020000738834,12.3024822207778,0.360971526660209,2020-02-24,2020,2
"2455","ES",3,"Sudeste",32003,"Colatina",220242,24391.7459638943,9,41,11,30,13,28,1,0,0,0,0,42,11,30,13,28,25,10.1020000738834,12.3024822207778,0.321113044157293,2020-03-02,2020,3
"2456","ES",3,"Sudeste",32003,"Colatina",220242,24391.7459638943,10,56,15,41,22,34,0,0,0,0,0,56,15,41,22,34,24,10.1020000738834,12.3024822207778,0.3251246407709,2020-03-09,2020,3
"2457","ES",3,"Sudeste",32003,"Colatina",220242,24391.7459638943,11,48,14,34,15,33,0,0,0,0,0,48,14,34,15,33,25,10.1020000738834,12.3024822207778,0.412062545013881,2020-03-16,2020,3
"2458","ES",3,"Sudeste",32003,"Colatina",220242,24391.7459638943,12,47,12,35,7,40,0,0,0,0,0,47,12,35,7,40,29,10.1020000738834,12.3024822207778,0.510264094485055,2020-03-23,2020,3
"2459","ES",3,"Sudeste",32003,"Colatina",220242,24391.7459638943,13,39,9,30,11,28,0,0,0,0,0,39,9,30,11,28,19,10.1020000738834,12.3024822207778,0.465870160810917,2020-03-30,2020,3
"2460","ES",3,"Sudeste",32003,"Colatina",220242,24391.7459638943,14,46,7,39,14,32,0,0,0,0,0,46,7,39,14,32,27,10.1020000738834,12.3024822207778,0.46834874220508,2020-04-06,2020,4
"2461","ES",3,"Sudeste",32003,"Colatina",220242,24391.7459638943,15,37,9,28,19,18,1,0,0,0,0,38,9,28,19,18,20,10.1020000738834,12.3024822207778,0.427566579052636,2020-04-13,2020,4
"2462","ES",3,"Sudeste",32003,"Colatina",220242,24391.7459638943,16,50,13,37,13,37,2,0,0,0,0,52,13,37,13,37,30,10.1020000738834,12.3024822207778,0.440835023852013,2020-04-20,2020,4
"2463","ES",3,"Sudeste",32003,"Colatina",220242,24391.7459638943,17,57,15,42,22,35,0,0,0,0,0,57,15,42,22,35,22,10.1020000738834,12.3024822207778,0.419461133826047,2020-04-27,2020,4
"2464","ES",3,"Sudeste",32003,"Colatina",220242,24391.7459638943,18,45,13,32,17,28,3,0,0,0,0,48,13,32,17,28,25,10.1020000738834,12.3024822207778,0.410005176236539,2020-05-04,2020,5
"2465","ES",3,"Sudeste",32003,"Colatina",220242,24391.7459638943,19,51,10,41,16,35,0,0,0,0,0,51,10,41,16,35,20,10.1020000738834,12.3024822207778,0.434228135181184,2020-05-11,2020,5
"2466","ES",3,"Sudeste",32003,"Colatina",220242,24391.7459638943,20,55,11,44,18,37,0,0,0,0,0,55,11,44,18,37,33,10.1020000738834,12.3024822207778,0.42139261725268,2020-05-18,2020,5
"2467","ES",3,"Sudeste",32003,"Colatina",220242,24391.7459638943,21,64,15,49,22,42,0,0,0,0,0,64,15,49,22,42,32,10.1020000738834,12.3024822207778,0.418335206886463,2020-05-25,2020,5
"2468","ES",3,"Sudeste",32003,"Colatina",220242,24391.7459638943,22,54,14,40,12,42,0,0,0,0,0,54,14,40,12,42,37,10.1020000738834,12.3024822207778,0.409673170492978,2020-06-01,2020,6
"2469","ES",3,"Sudeste",32003,"Colatina",220242,24391.7459638943,23,54,15,39,17,37,0,0,0,0,0,54,15,39,17,37,40,10.1020000738834,12.3024822207778,0.415429122813656,2020-06-08,2020,6
"2470","ES",3,"Sudeste",32003,"Colatina",220242,24391.7459638943,24,50,15,35,16,34,1,0,0,0,0,51,15,35,16,34,38,10.1020000738834,12.3024822207778,0.411683425329191,2020-06-15,2020,6
"2471","ES",3,"Sudeste",32003,"Colatina",220242,24391.7459638943,25,45,11,34,21,24,0,0,0,0,0,45,11,34,21,24,38,10.1020000738834,12.3024822207778,0.403581840173404,2020-06-22,2020,6
"2472","ES",3,"Sudeste",32003,"Colatina",220242,24391.7459638943,26,51,12,39,15,36,0,0,0,0,0,51,12,39,15,36,46,10.1020000738834,12.3024822207778,0.408598031774941,2020-06-29,2020,6
"2473","ES",3,"Sudeste",32003,"Colatina",220242,24391.7459638943,27,65,20,45,19,46,1,0,0,0,0,66,20,45,19,46,35,10.1020000738834,12.3024822207778,0.407600593031141,2020-07-06,2020,7
"2474","ES",3,"Sudeste",32003,"Colatina",220242,24391.7459638943,28,54,12,42,15,39,1,0,0,0,0,55,12,42,15,39,49,10.1020000738834,12.3024822207778,0.410828540482675,2020-07-13,2020,7
"2475","ES",3,"Sudeste",32003,"Colatina",220242,24391.7459638943,29,47,17,30,18,29,0,0,0,0,0,47,17,30,18,29,44,10.1020000738834,12.3024822207778,0.406422714414056,2020-07-20,2020,7
"2476","ES",3,"Sudeste",32004,"Montanha",59657,16674.9510617363,5,16,4,12,8,8,0,0,0,0,0,16,4,12,8,8,8,9.72166293595111,10.9963667718564,0.251706843418912,2020-02-03,2020,2
"2477","ES",3,"Sudeste",32004,"Montanha",59657,16674.9510617363,6,15,12,3,7,8,0,0,0,0,0,15,12,3,7,8,4,9.72166293595111,10.9963667718564,0.24676719892055,2020-02-10,2020,2
"2478","ES",3,"Sudeste",32004,"Montanha",59657,16674.9510617363,7,13,6,7,10,3,0,0,0,0,0,13,6,7,10,3,11,9.72166293595111,10.9963667718564,0.264383432340946,2020-02-17,2020,2
"2479","ES",3,"Sudeste",32004,"Montanha",59657,16674.9510617363,8,19,8,11,8,11,0,0,0,0,0,19,8,11,8,11,10,9.72166293595111,10.9963667718564,0.318408049523795,2020-02-24,2020,2
"2480","ES",3,"Sudeste",32004,"Montanha",59657,16674.9510617363,9,12,3,9,5,7,0,0,0,0,0,12,3,9,5,7,3,9.72166293595111,10.9963667718564,0.293846097037889,2020-03-02,2020,3
"2481","ES",3,"Sudeste",32004,"Montanha",59657,16674.9510617363,10,8,4,4,3,5,0,0,0,0,0,8,4,4,3,5,17,9.72166293595111,10.9963667718564,0.300881923586279,2020-03-09,2020,3
"2482","ES",3,"Sudeste",32004,"Montanha",59657,16674.9510617363,11,15,6,9,7,8,0,0,0,0,0,15,6,9,7,8,5,9.72166293595111,10.9963667718564,0.356651180164037,2020-03-16,2020,3
"2483","ES",3,"Sudeste",32004,"Montanha",59657,16674.9510617363,12,12,5,7,9,3,1,0,0,0,0,13,5,7,9,3,8,9.72166293595111,10.9963667718564,0.456598275891527,2020-03-23,2020,3
"2484","ES",3,"Sudeste",32004,"Montanha",59657,16674.9510617363,13,13,3,10,7,6,0,0,0,0,0,13,3,10,7,6,5,9.72166293595111,10.9963667718564,0.409187406730201,2020-03-30,2020,3
"2485","ES",3,"Sudeste",32004,"Montanha",59657,16674.9510617363,14,9,1,8,3,6,0,0,0,0,0,9,1,8,3,6,7,9.72166293595111,10.9963667718564,0.391426093498508,2020-04-06,2020,4
"2486","ES",3,"Sudeste",32004,"Montanha",59657,16674.9510617363,15,12,6,6,8,4,0,0,0,0,0,12,6,6,8,4,5,9.72166293595111,10.9963667718564,0.364170576689924,2020-04-13,2020,4
"2487","ES",3,"Sudeste",32004,"Montanha",59657,16674.9510617363,16,11,3,8,3,8,0,0,0,0,0,11,3,8,3,8,12,9.72166293595111,10.9963667718564,0.379299119408468,2020-04-20,2020,4
"2488","ES",3,"Sudeste",32004,"Montanha",59657,16674.9510617363,17,11,6,5,6,5,0,0,0,0,0,11,6,5,6,5,7,9.72166293595111,10.9963667718564,0.368883613271627,2020-04-27,2020,4
"2489","ES",3,"Sudeste",32004,"Montanha",59657,16674.9510617363,18,15,1,14,9,6,0,0,0,0,0,15,1,14,9,6,4,9.72166293595111,10.9963667718564,0.359881742953059,2020-05-04,2020,5
"2490","ES",3,"Sudeste",32004,"Montanha",59657,16674.9510617363,19,12,5,7,4,8,0,0,0,0,0,12,5,7,4,8,10,9.72166293595111,10.9963667718564,0.369478447858687,2020-05-11,2020,5
"2491","ES",3,"Sudeste",32004,"Montanha",59657,16674.9510617363,20,18,6,12,9,9,1,0,0,0,0,19,6,12,9,9,8,9.72166293595111,10.9963667718564,0.366816464402026,2020-05-18,2020,5
"2492","ES",3,"Sudeste",32004,"Montanha",59657,16674.9510617363,21,11,4,7,2,9,1,0,0,0,0,12,4,7,2,9,10,9.72166293595111,10.9963667718564,0.360715210432253,2020-05-25,2020,5
"2493","ES",3,"Sudeste",32004,"Montanha",59657,16674.9510617363,22,16,7,9,9,7,0,0,0,0,0,16,7,9,9,7,12,9.72166293595111,10.9963667718564,0.346915418347792,2020-06-01,2020,6
"2494","ES",3,"Sudeste",32004,"Montanha",59657,16674.9510617363,23,24,7,17,8,16,0,0,0,0,0,24,7,17,8,16,11,9.72166293595111,10.9963667718564,0.363120799199854,2020-06-08,2020,6
"2495","ES",3,"Sudeste",32004,"Montanha",59657,16674.9510617363,24,17,2,15,8,9,1,0,0,0,0,18,2,15,8,9,4,9.72166293595111,10.9963667718564,0.371670459069805,2020-06-15,2020,6
"2496","ES",3,"Sudeste",32004,"Montanha",59657,16674.9510617363,25,19,7,12,10,9,0,0,0,0,0,19,7,12,10,9,14,9.72166293595111,10.9963667718564,0.349686214734868,2020-06-22,2020,6
"2497","ES",3,"Sudeste",32004,"Montanha",59657,16674.9510617363,26,18,5,13,9,9,0,0,0,0,0,18,5,13,9,9,7,9.72166293595111,10.9963667718564,0.362438998089336,2020-06-29,2020,6
"2498","ES",3,"Sudeste",32004,"Montanha",59657,16674.9510617363,27,16,6,10,7,9,0,0,0,0,0,16,6,10,7,9,15,9.72166293595111,10.9963667718564,0.373789275508909,2020-07-06,2020,7
"2499","ES",3,"Sudeste",32004,"Montanha",59657,16674.9510617363,28,21,7,14,10,11,1,0,0,0,0,22,7,14,10,11,12,9.72166293595111,10.9963667718564,0.379105993439498,2020-07-13,2020,7
"2500","ES",3,"Sudeste",32004,"Montanha",59657,16674.9510617363,29,19,7,12,8,11,1,0,0,0,0,20,7,12,8,11,8,9.72166293595111,10.9963667718564,0.372791394050847,2020-07-20,2020,7
"2501","ES",3,"Sudeste",32005,"São Mateus",221335,17644.5943101633,5,72,15,57,25,47,0,0,0,0,0,72,15,57,25,47,23,9.77818474407194,12.3074326698826,0.28639641659797,2020-02-03,2020,2
"2502","ES",3,"Sudeste",32005,"São Mateus",221335,17644.5943101633,6,49,24,25,26,23,0,0,0,0,0,49,24,25,26,23,19,9.77818474407194,12.3074326698826,0.28546234122512,2020-02-10,2020,2
"2503","ES",3,"Sudeste",32005,"São Mateus",221335,17644.5943101633,7,56,15,41,11,45,0,0,0,0,0,56,15,41,11,45,26,9.77818474407194,12.3074326698826,0.286627466093723,2020-02-17,2020,2
"2504","ES",3,"Sudeste",32005,"São Mateus",221335,17644.5943101633,8,53,11,42,19,34,1,0,0,0,0,54,11,42,19,34,21,9.77818474407194,12.3074326698826,0.341615701793024,2020-02-24,2020,2
"2505","ES",3,"Sudeste",32005,"São Mateus",221335,17644.5943101633,9,52,9,43,21,31,0,0,0,0,0,52,9,43,21,31,26,9.77818474407194,12.3074326698826,0.325274391192065,2020-03-02,2020,3
"2506","ES",3,"Sudeste",32005,"São Mateus",221335,17644.5943101633,10,62,15,47,19,43,1,0,0,0,0,63,15,47,19,43,20,9.77818474407194,12.3074326698826,0.33554563104616,2020-03-09,2020,3
"2507","ES",3,"Sudeste",32005,"São Mateus",221335,17644.5943101633,11,41,10,31,16,25,1,0,0,0,0,42,10,31,16,25,26,9.77818474407194,12.3074326698826,0.401669306457116,2020-03-16,2020,3
"2508","ES",3,"Sudeste",32005,"São Mateus",221335,17644.5943101633,12,45,12,33,12,33,1,0,0,0,0,46,12,33,12,33,22,9.77818474407194,12.3074326698826,0.492525118029131,2020-03-23,2020,3
"2509","ES",3,"Sudeste",32005,"São Mateus",221335,17644.5943101633,13,55,18,37,23,32,1,0,0,0,0,56,18,37,23,32,29,9.77818474407194,12.3074326698826,0.470290462654617,2020-03-30,2020,3
"2510","ES",3,"Sudeste",32005,"São Mateus",221335,17644.5943101633,14,63,17,46,29,34,0,0,0,0,0,63,17,46,29,34,23,9.77818474407194,12.3074326698826,0.450920487706803,2020-04-06,2020,4
"2511","ES",3,"Sudeste",32005,"São Mateus",221335,17644.5943101633,15,60,14,46,27,33,1,0,0,0,0,61,14,46,27,33,21,9.77818474407194,12.3074326698826,0.417631821660756,2020-04-13,2020,4
"2512","ES",3,"Sudeste",32005,"São Mateus",221335,17644.5943101633,16,67,16,51,24,43,2,0,0,0,0,69,16,51,24,43,18,9.77818474407194,12.3074326698826,0.425396211130086,2020-04-20,2020,4
"2513","ES",3,"Sudeste",32005,"São Mateus",221335,17644.5943101633,17,67,20,47,31,36,1,0,0,0,0,68,20,47,31,36,16,9.77818474407194,12.3074326698826,0.399590779691658,2020-04-27,2020,4
"2514","ES",3,"Sudeste",32005,"São Mateus",221335,17644.5943101633,18,66,17,49,23,43,0,0,0,0,0,66,17,49,23,43,22,9.77818474407194,12.3074326698826,0.394243027738565,2020-05-04,2020,5
"2515","ES",3,"Sudeste",32005,"São Mateus",221335,17644.5943101633,19,61,18,43,25,36,2,0,0,0,0,63,18,43,25,36,25,9.77818474407194,12.3074326698826,0.41508463461274,2020-05-11,2020,5
"2516","ES",3,"Sudeste",32005,"São Mateus",221335,17644.5943101633,20,68,20,48,35,33,1,0,0,0,0,69,20,48,35,33,21,9.77818474407194,12.3074326698826,0.398347331389754,2020-05-18,2020,5
"2517","ES",3,"Sudeste",32005,"São Mateus",221335,17644.5943101633,21,68,22,46,29,39,2,0,0,0,0,70,22,46,29,39,18,9.77818474407194,12.3074326698826,0.388948985036417,2020-05-25,2020,5
"2518","ES",3,"Sudeste",32005,"São Mateus",221335,17644.5943101633,22,64,18,46,31,33,1,0,0,0,0,65,18,46,31,33,36,9.77818474407194,12.3074326698826,0.390282465260314,2020-06-01,2020,6
"2519","ES",3,"Sudeste",32005,"São Mateus",221335,17644.5943101633,23,54,15,39,23,31,0,0,0,0,0,54,15,39,23,31,33,9.77818474407194,12.3074326698826,0.385957880525607,2020-06-08,2020,6
"2520","ES",3,"Sudeste",32005,"São Mateus",221335,17644.5943101633,24,61,15,46,23,38,0,0,0,0,0,61,15,46,23,38,29,9.77818474407194,12.3074326698826,0.380670276098458,2020-06-15,2020,6
"2521","ES",3,"Sudeste",32005,"São Mateus",221335,17644.5943101633,25,71,31,40,34,37,0,0,0,0,0,71,31,40,34,37,29,9.77818474407194,12.3074326698826,0.383095540389931,2020-06-22,2020,6
"2522","ES",3,"Sudeste",32005,"São Mateus",221335,17644.5943101633,26,64,23,41,33,31,1,0,0,0,0,65,23,41,33,31,41,9.77818474407194,12.3074326698826,0.388931216826299,2020-06-29,2020,6
"2523","ES",3,"Sudeste",32005,"São Mateus",221335,17644.5943101633,27,61,21,40,19,42,1,0,0,0,0,62,21,40,19,42,40,9.77818474407194,12.3074326698826,0.393718956680205,2020-07-06,2020,7
"2524","ES",3,"Sudeste",32005,"São Mateus",221335,17644.5943101633,28,63,16,47,23,40,1,0,0,0,0,64,16,47,23,40,38,9.77818474407194,12.3074326698826,0.396399621590792,2020-07-13,2020,7
"2525","ES",3,"Sudeste",32005,"São Mateus",221335,17644.5943101633,29,64,14,50,19,45,1,0,0,0,0,65,14,50,19,45,32,9.77818474407194,12.3074326698826,0.401437924458451,2020-07-20,2020,7
"2526","ES",3,"Sudeste",32006,"Linhares",381001,36720.4282588235,5,96,30,66,36,60,1,0,0,0,0,97,30,66,36,60,25,10.5110885074884,12.8505572787773,0.272221978914303,2020-02-03,2020,2
"2527","ES",3,"Sudeste",32006,"Linhares",381001,36720.4282588235,6,96,21,75,30,66,0,0,0,0,0,96,21,75,30,66,36,10.5110885074884,12.8505572787773,0.278885569301934,2020-02-10,2020,2
"2528","ES",3,"Sudeste",32006,"Linhares",381001,36720.4282588235,7,90,22,68,33,57,0,0,0,0,0,90,22,68,33,57,34,10.5110885074884,12.8505572787773,0.290311778077966,2020-02-17,2020,2
"2529","ES",3,"Sudeste",32006,"Linhares",381001,36720.4282588235,8,89,31,58,37,52,0,0,0,0,0,89,31,58,37,52,35,10.5110885074884,12.8505572787773,0.349575449824598,2020-02-24,2020,2
"2530","ES",3,"Sudeste",32006,"Linhares",381001,36720.4282588235,9,87,19,68,23,64,0,0,0,0,0,87,19,68,23,64,31,10.5110885074884,12.8505572787773,0.312802680507162,2020-03-02,2020,3
"2531","ES",3,"Sudeste",32006,"Linhares",381001,36720.4282588235,10,93,25,68,36,57,2,0,0,0,0,95,25,68,36,57,50,10.5110885074884,12.8505572787773,0.314566143366119,2020-03-09,2020,3
"2532","ES",3,"Sudeste",32006,"Linhares",381001,36720.4282588235,11,74,23,51,28,46,0,0,0,0,0,74,23,51,28,46,43,10.5110885074884,12.8505572787773,0.411137487188328,2020-03-16,2020,3
"2533","ES",3,"Sudeste",32006,"Linhares",381001,36720.4282588235,12,94,27,67,32,62,0,0,0,0,0,94,27,67,32,62,38,10.5110885074884,12.8505572787773,0.503772774235672,2020-03-23,2020,3
"2534","ES",3,"Sudeste",32006,"Linhares",381001,36720.4282588235,13,72,20,52,28,44,0,0,0,0,0,72,20,52,28,44,47,10.5110885074884,12.8505572787773,0.474357863454608,2020-03-30,2020,3
"2535","ES",3,"Sudeste",32006,"Linhares",381001,36720.4282588235,14,100,18,82,40,60,2,0,0,0,0,102,18,82,40,60,39,10.5110885074884,12.8505572787773,0.455183757694094,2020-04-06,2020,4
"2536","ES",3,"Sudeste",32006,"Linhares",381001,36720.4282588235,15,99,28,71,34,65,2,0,0,0,0,101,28,71,34,65,43,10.5110885074884,12.8505572787773,0.427799721897631,2020-04-13,2020,4
"2537","ES",3,"Sudeste",32006,"Linhares",381001,36720.4282588235,16,111,28,83,40,71,1,0,0,0,0,112,28,83,40,71,23,10.5110885074884,12.8505572787773,0.440089234304247,2020-04-20,2020,4
"2538","ES",3,"Sudeste",32006,"Linhares",381001,36720.4282588235,17,119,33,86,42,77,1,0,0,0,0,120,33,86,42,77,38,10.5110885074884,12.8505572787773,0.419802767745663,2020-04-27,2020,4
"2539","ES",3,"Sudeste",32006,"Linhares",381001,36720.4282588235,18,101,32,69,39,62,2,0,0,0,0,103,32,69,39,62,39,10.5110885074884,12.8505572787773,0.391102476423246,2020-05-04,2020,5
"2540","ES",3,"Sudeste",32006,"Linhares",381001,36720.4282588235,19,106,22,84,46,60,1,0,0,0,0,107,22,84,46,60,33,10.5110885074884,12.8505572787773,0.40759729501136,2020-05-11,2020,5
"2541","ES",3,"Sudeste",32006,"Linhares",381001,36720.4282588235,20,108,32,76,39,69,0,0,0,0,0,108,32,76,39,69,49,10.5110885074884,12.8505572787773,0.394198359835216,2020-05-18,2020,5
"2542","ES",3,"Sudeste",32006,"Linhares",381001,36720.4282588235,21,108,21,87,41,67,1,0,0,0,0,109,21,87,41,67,41,10.5110885074884,12.8505572787773,0.395948769009001,2020-05-25,2020,5
"2543","ES",3,"Sudeste",32006,"Linhares",381001,36720.4282588235,22,140,39,101,63,77,1,0,0,0,0,141,39,101,63,77,50,10.5110885074884,12.8505572787773,0.392832120881183,2020-06-01,2020,6
"2544","ES",3,"Sudeste",32006,"Linhares",381001,36720.4282588235,23,114,34,80,54,60,0,0,0,0,0,114,34,80,54,60,56,10.5110885074884,12.8505572787773,0.39221796499469,2020-06-08,2020,6
"2545","ES",3,"Sudeste",32006,"Linhares",381001,36720.4282588235,24,95,24,71,35,60,1,0,0,0,0,96,24,71,35,60,65,10.5110885074884,12.8505572787773,0.387031482822778,2020-06-15,2020,6
"2546","ES",3,"Sudeste",32006,"Linhares",381001,36720.4282588235,25,111,27,84,45,66,0,0,0,0,0,111,27,84,45,66,75,10.5110885074884,12.8505572787773,0.392888335598412,2020-06-22,2020,6
"2547","ES",3,"Sudeste",32006,"Linhares",381001,36720.4282588235,26,104,27,77,39,65,2,0,0,0,0,106,27,77,39,65,56,10.5110885074884,12.8505572787773,0.405757893333425,2020-06-29,2020,6
"2548","ES",3,"Sudeste",32006,"Linhares",381001,36720.4282588235,27,98,26,72,37,61,2,0,0,0,0,100,26,72,37,61,41,10.5110885074884,12.8505572787773,0.39671807442354,2020-07-06,2020,7
"2549","ES",3,"Sudeste",32006,"Linhares",381001,36720.4282588235,28,98,22,76,35,63,0,0,0,0,0,98,22,76,35,63,67,10.5110885074884,12.8505572787773,0.404622982597947,2020-07-13,2020,7
"2550","ES",3,"Sudeste",32006,"Linhares",381001,36720.4282588235,29,106,25,81,41,65,0,0,0,0,0,106,25,81,41,65,48,10.5110885074884,12.8505572787773,0.395603622066243,2020-07-20,2020,7
"2551","ES",3,"Sudeste",32007,"Afonso Cláudio",143272,20117.4018022363,5,44,14,30,19,25,1,0,0,0,0,45,14,30,19,25,22,9.9093404807973,11.8725002004466,0.275639947362149,2020-02-03,2020,2
"2552","ES",3,"Sudeste",32007,"Afonso Cláudio",143272,20117.4018022363,6,48,14,34,19,29,1,0,0,0,0,49,14,34,19,29,26,9.9093404807973,11.8725002004466,0.278891652520972,2020-02-10,2020,2
"2553","ES",3,"Sudeste",32007,"Afonso Cláudio",143272,20117.4018022363,7,28,9,19,8,20,0,0,0,0,0,28,9,19,8,20,19,9.9093404807973,11.8725002004466,0.293418477977015,2020-02-17,2020,2
"2554","ES",3,"Sudeste",32007,"Afonso Cláudio",143272,20117.4018022363,8,27,12,15,9,18,0,0,0,0,0,27,12,15,9,18,13,9.9093404807973,11.8725002004466,0.347611558140357,2020-02-24,2020,2
"2555","ES",3,"Sudeste",32007,"Afonso Cláudio",143272,20117.4018022363,9,43,12,31,18,25,1,0,0,0,0,44,12,31,18,25,19,9.9093404807973,11.8725002004466,0.320096340965143,2020-03-02,2020,3
"2556","ES",3,"Sudeste",32007,"Afonso Cláudio",143272,20117.4018022363,10,32,11,21,11,21,1,0,0,0,0,33,11,21,11,21,15,9.9093404807973,11.8725002004466,0.321567164956516,2020-03-09,2020,3
"2557","ES",3,"Sudeste",32007,"Afonso Cláudio",143272,20117.4018022363,11,38,15,23,10,28,0,0,0,0,0,38,15,23,10,28,11,9.9093404807973,11.8725002004466,0.392041817452012,2020-03-16,2020,3
"2558","ES",3,"Sudeste",32007,"Afonso Cláudio",143272,20117.4018022363,12,30,16,14,14,16,0,0,0,0,0,30,16,14,14,16,26,9.9093404807973,11.8725002004466,0.487637371531219,2020-03-23,2020,3
"2559","ES",3,"Sudeste",32007,"Afonso Cláudio",143272,20117.4018022363,13,29,7,22,12,17,0,0,0,0,0,29,7,22,12,17,14,9.9093404807973,11.8725002004466,0.450429864821711,2020-03-30,2020,3
"2560","ES",3,"Sudeste",32007,"Afonso Cláudio",143272,20117.4018022363,14,37,7,30,14,23,0,0,0,0,0,37,7,30,14,23,17,9.9093404807973,11.8725002004466,0.450058979681425,2020-04-06,2020,4
"2561","ES",3,"Sudeste",32007,"Afonso Cláudio",143272,20117.4018022363,15,32,11,21,12,20,0,0,0,0,0,32,11,21,12,20,13,9.9093404807973,11.8725002004466,0.414909237707873,2020-04-13,2020,4
"2562","ES",3,"Sudeste",32007,"Afonso Cláudio",143272,20117.4018022363,16,32,8,24,6,26,0,0,0,0,0,32,8,24,6,26,14,9.9093404807973,11.8725002004466,0.430394352590498,2020-04-20,2020,4
"2563","ES",3,"Sudeste",32007,"Afonso Cláudio",143272,20117.4018022363,17,32,12,20,11,21,0,0,0,0,0,32,12,20,11,21,25,9.9093404807973,11.8725002004466,0.42691214639665,2020-04-27,2020,4
"2564","ES",3,"Sudeste",32007,"Afonso Cláudio",143272,20117.4018022363,18,37,13,24,12,25,0,0,0,0,0,37,13,24,12,25,13,9.9093404807973,11.8725002004466,0.415168460376478,2020-05-04,2020,5
"2565","ES",3,"Sudeste",32007,"Afonso Cláudio",143272,20117.4018022363,19,40,17,23,17,23,1,0,0,0,0,41,17,23,17,23,20,9.9093404807973,11.8725002004466,0.416978604261342,2020-05-11,2020,5
"2566","ES",3,"Sudeste",32007,"Afonso Cláudio",143272,20117.4018022363,20,31,6,25,8,23,1,0,0,0,0,32,6,25,8,23,19,9.9093404807973,11.8725002004466,0.402636773494391,2020-05-18,2020,5
"2567","ES",3,"Sudeste",32007,"Afonso Cláudio",143272,20117.4018022363,21,35,13,22,14,21,1,0,0,0,0,36,13,22,14,21,25,9.9093404807973,11.8725002004466,0.404332123299416,2020-05-25,2020,5
"2568","ES",3,"Sudeste",32007,"Afonso Cláudio",143272,20117.4018022363,22,49,18,31,21,28,0,0,0,0,0,49,18,31,21,28,22,9.9093404807973,11.8725002004466,0.391968075668455,2020-06-01,2020,6
"2569","ES",3,"Sudeste",32007,"Afonso Cláudio",143272,20117.4018022363,23,34,9,25,12,22,0,0,0,0,0,34,9,25,12,22,21,9.9093404807973,11.8725002004466,0.401256029391114,2020-06-08,2020,6
"2570","ES",3,"Sudeste",32007,"Afonso Cláudio",143272,20117.4018022363,24,36,12,24,11,25,0,0,0,0,0,36,12,24,11,25,26,9.9093404807973,11.8725002004466,0.387193654288675,2020-06-15,2020,6
"2571","ES",3,"Sudeste",32007,"Afonso Cláudio",143272,20117.4018022363,25,29,3,26,8,21,0,0,0,0,0,29,3,26,8,21,18,9.9093404807973,11.8725002004466,0.392759607961139,2020-06-22,2020,6
"2572","ES",3,"Sudeste",32007,"Afonso Cláudio",143272,20117.4018022363,26,44,11,33,15,29,1,0,0,0,0,45,11,33,15,29,21,9.9093404807973,11.8725002004466,0.411760050759966,2020-06-29,2020,6
"2573","ES",3,"Sudeste",32007,"Afonso Cláudio",143272,20117.4018022363,27,36,13,23,15,21,0,0,0,0,0,36,13,23,15,21,18,9.9093404807973,11.8725002004466,0.396621869763294,2020-07-06,2020,7
"2574","ES",3,"Sudeste",32007,"Afonso Cláudio",143272,20117.4018022363,28,37,15,22,14,23,0,0,0,0,0,37,15,22,14,23,21,9.9093404807973,11.8725002004466,0.406988466977598,2020-07-13,2020,7
"2575","ES",3,"Sudeste",32007,"Afonso Cláudio",143272,20117.4018022363,29,40,11,29,15,25,1,0,0,0,0,41,11,29,15,25,33,9.9093404807973,11.8725002004466,0.39520691942017,2020-07-20,2020,7
"2576","ES",3,"Sudeste",32008,"Santa Teresa",113963,24297.5523238244,5,22,8,14,9,13,0,0,0,0,0,22,8,14,9,13,4,10.0981308968407,11.6436291132917,0.280483177102733,2020-02-03,2020,2
"2577","ES",3,"Sudeste",32008,"Santa Teresa",113963,24297.5523238244,6,17,8,9,6,11,0,0,0,0,0,17,8,9,6,11,13,10.0981308968407,11.6436291132917,0.281879597326222,2020-02-10,2020,2
"2578","ES",3,"Sudeste",32008,"Santa Teresa",113963,24297.5523238244,7,31,8,23,9,22,0,0,0,0,0,31,8,23,9,22,19,10.0981308968407,11.6436291132917,0.306017531288583,2020-02-17,2020,2
"2579","ES",3,"Sudeste",32008,"Santa Teresa",113963,24297.5523238244,8,20,10,10,7,13,0,0,0,0,0,20,10,10,7,13,9,10.0981308968407,11.6436291132917,0.345723138325779,2020-02-24,2020,2
"2580","ES",3,"Sudeste",32008,"Santa Teresa",113963,24297.5523238244,9,30,10,20,9,21,0,0,0,0,0,30,10,20,9,21,15,10.0981308968407,11.6436291132917,0.323342985853933,2020-03-02,2020,3
"2581","ES",3,"Sudeste",32008,"Santa Teresa",113963,24297.5523238244,10,16,5,11,4,12,0,0,0,0,0,16,5,11,4,12,14,10.0981308968407,11.6436291132917,0.324942835009447,2020-03-09,2020,3
"2582","ES",3,"Sudeste",32008,"Santa Teresa",113963,24297.5523238244,11,29,11,18,11,18,0,0,0,0,0,29,11,18,11,18,18,10.0981308968407,11.6436291132917,0.393011475033198,2020-03-16,2020,3
"2583","ES",3,"Sudeste",32008,"Santa Teresa",113963,24297.5523238244,12,16,5,11,6,10,0,0,0,0,0,16,5,11,6,10,13,10.0981308968407,11.6436291132917,0.492265398717869,2020-03-23,2020,3
"2584","ES",3,"Sudeste",32008,"Santa Teresa",113963,24297.5523238244,13,18,8,10,8,10,0,0,0,0,0,18,8,10,8,10,20,10.0981308968407,11.6436291132917,0.453695632271165,2020-03-30,2020,3
"2585","ES",3,"Sudeste",32008,"Santa Teresa",113963,24297.5523238244,14,25,9,16,10,15,1,0,0,0,0,26,9,16,10,15,11,10.0981308968407,11.6436291132917,0.452823671104358,2020-04-06,2020,4
"2586","ES",3,"Sudeste",32008,"Santa Teresa",113963,24297.5523238244,15,25,7,18,10,15,0,0,0,0,0,25,7,18,10,15,12,10.0981308968407,11.6436291132917,0.413785980710114,2020-04-13,2020,4
"2587","ES",3,"Sudeste",32008,"Santa Teresa",113963,24297.5523238244,16,21,8,13,7,14,0,0,0,0,0,21,8,13,7,14,16,10.0981308968407,11.6436291132917,0.432283130402629,2020-04-20,2020,4
"2588","ES",3,"Sudeste",32008,"Santa Teresa",113963,24297.5523238244,17,29,11,18,9,20,0,0,0,0,0,29,11,18,9,20,15,10.0981308968407,11.6436291132917,0.427252384529284,2020-04-27,2020,4
"2589","ES",3,"Sudeste",32008,"Santa Teresa",113963,24297.5523238244,18,27,13,14,8,19,0,0,0,0,0,27,13,14,8,19,17,10.0981308968407,11.6436291132917,0.427817387556653,2020-05-04,2020,5
"2590","ES",3,"Sudeste",32008,"Santa Teresa",113963,24297.5523238244,19,34,13,21,12,22,0,0,0,0,0,34,13,21,12,22,12,10.0981308968407,11.6436291132917,0.437918077151695,2020-05-11,2020,5
"2591","ES",3,"Sudeste",32008,"Santa Teresa",113963,24297.5523238244,20,36,14,22,18,18,2,0,0,0,0,38,14,22,18,18,27,10.0981308968407,11.6436291132917,0.434060566873567,2020-05-18,2020,5
"2592","ES",3,"Sudeste",32008,"Santa Teresa",113963,24297.5523238244,21,26,11,15,8,18,0,0,0,0,0,26,11,15,8,18,15,10.0981308968407,11.6436291132917,0.428080759325245,2020-05-25,2020,5
"2593","ES",3,"Sudeste",32008,"Santa Teresa",113963,24297.5523238244,22,32,9,23,12,20,0,0,0,0,0,32,9,23,12,20,17,10.0981308968407,11.6436291132917,0.412877867576562,2020-06-01,2020,6
"2594","ES",3,"Sudeste",32008,"Santa Teresa",113963,24297.5523238244,23,38,12,26,12,26,1,0,0,0,0,39,12,26,12,26,18,10.0981308968407,11.6436291132917,0.423153190546508,2020-06-08,2020,6
"2595","ES",3,"Sudeste",32008,"Santa Teresa",113963,24297.5523238244,24,25,11,14,11,14,1,0,0,0,0,26,11,14,11,14,15,10.0981308968407,11.6436291132917,0.413102828297741,2020-06-15,2020,6
"2596","ES",3,"Sudeste",32008,"Santa Teresa",113963,24297.5523238244,25,27,5,22,15,12,0,0,0,0,0,27,5,22,15,12,19,10.0981308968407,11.6436291132917,0.412341004736397,2020-06-22,2020,6
"2597","ES",3,"Sudeste",32008,"Santa Teresa",113963,24297.5523238244,26,32,6,26,11,21,1,0,0,0,0,33,6,26,11,21,16,10.0981308968407,11.6436291132917,0.417134910850058,2020-06-29,2020,6
"2598","ES",3,"Sudeste",32008,"Santa Teresa",113963,24297.5523238244,27,30,8,22,12,18,0,0,0,0,0,30,8,22,12,18,16,10.0981308968407,11.6436291132917,0.417361968311831,2020-07-06,2020,7
"2599","ES",3,"Sudeste",32008,"Santa Teresa",113963,24297.5523238244,28,34,12,22,16,18,0,0,0,0,0,34,12,22,16,18,10,10.0981308968407,11.6436291132917,0.407330175081282,2020-07-13,2020,7
"2600","ES",3,"Sudeste",32008,"Santa Teresa",113963,24297.5523238244,29,25,15,10,10,15,1,0,0,0,0,26,15,10,10,15,17,10.0981308968407,11.6436291132917,0.420150497452446,2020-07-20,2020,7
"2601","ES",3,"Sudeste",32009,"Vitória",1857837,40867.8144563759,5,461,102,359,148,313,4,0,0,0,0,465,102,359,148,313,194,10.6180980996299,14.4349234657669,0.27550720356163,2020-02-03,2020,2
"2602","ES",3,"Sudeste",32009,"Vitória",1857837,40867.8144563759,6,484,87,397,155,329,2,0,0,0,0,486,87,397,155,329,192,10.6180980996299,14.4349234657669,0.277261469284803,2020-02-10,2020,2
"2603","ES",3,"Sudeste",32009,"Vitória",1857837,40867.8144563759,7,420,85,335,134,286,3,0,0,0,0,423,85,335,134,286,212,10.6180980996299,14.4349234657669,0.293571082296533,2020-02-17,2020,2
"2604","ES",3,"Sudeste",32009,"Vitória",1857837,40867.8144563759,8,422,76,346,125,297,6,0,0,0,0,428,76,346,125,297,200,10.6180980996299,14.4349234657669,0.354512691218006,2020-02-24,2020,2
"2605","ES",3,"Sudeste",32009,"Vitória",1857837,40867.8144563759,9,436,104,332,151,285,3,0,0,0,0,439,104,332,151,285,194,10.6180980996299,14.4349234657669,0.319281490237626,2020-03-02,2020,3
"2606","ES",3,"Sudeste",32009,"Vitória",1857837,40867.8144563759,10,422,109,313,147,275,2,0,0,0,0,424,109,313,147,275,240,10.6180980996299,14.4349234657669,0.322845903320252,2020-03-09,2020,3
"2607","ES",3,"Sudeste",32009,"Vitória",1857837,40867.8144563759,11,384,102,282,134,250,2,0,0,0,0,386,102,282,134,250,229,10.6180980996299,14.4349234657669,0.423133032642706,2020-03-16,2020,3
"2608","ES",3,"Sudeste",32009,"Vitória",1857837,40867.8144563759,12,391,77,314,132,259,5,0,0,0,0,396,77,314,132,259,228,10.6180980996299,14.4349234657669,0.538254902265865,2020-03-23,2020,3
"2609","ES",3,"Sudeste",32009,"Vitória",1857837,40867.8144563759,13,425,81,344,139,286,5,0,0,0,0,430,81,344,139,286,234,10.6180980996299,14.4349234657669,0.494047218380339,2020-03-30,2020,3
"2610","ES",3,"Sudeste",32009,"Vitória",1857837,40867.8144563759,14,395,82,313,128,267,2,0,0,0,0,397,82,313,128,267,225,10.6180980996299,14.4349234657669,0.476717942720146,2020-04-06,2020,4
"2611","ES",3,"Sudeste",32009,"Vitória",1857837,40867.8144563759,15,493,98,395,173,320,3,0,0,0,0,496,98,395,173,320,221,10.6180980996299,14.4349234657669,0.456165789269991,2020-04-13,2020,4
"2612","ES",3,"Sudeste",32009,"Vitória",1857837,40867.8144563759,16,475,113,362,165,310,2,0,0,0,0,477,113,362,165,310,225,10.6180980996299,14.4349234657669,0.472380397075783,2020-04-20,2020,4
"2613","ES",3,"Sudeste",32009,"Vitória",1857837,40867.8144563759,17,455,116,339,154,301,3,0,0,0,0,458,116,339,154,301,265,10.6180980996299,14.4349234657669,0.449895618661217,2020-04-27,2020,4
"2614","ES",3,"Sudeste",32009,"Vitória",1857837,40867.8144563759,18,449,85,364,143,306,4,0,0,0,0,453,85,364,143,306,244,10.6180980996299,14.4349234657669,0.425804308143289,2020-05-04,2020,5
"2615","ES",3,"Sudeste",32009,"Vitória",1857837,40867.8144563759,19,470,95,375,167,303,5,0,0,0,0,475,95,375,167,303,343,10.6180980996299,14.4349234657669,0.438845976984444,2020-05-11,2020,5
"2616","ES",3,"Sudeste",32009,"Vitória",1857837,40867.8144563759,20,440,102,338,144,296,5,0,0,0,0,445,102,338,144,296,334,10.6180980996299,14.4349234657669,0.425358310600957,2020-05-18,2020,5
"2617","ES",3,"Sudeste",32009,"Vitória",1857837,40867.8144563759,21,521,125,396,184,337,9,0,0,0,0,530,125,396,184,337,377,10.6180980996299,14.4349234657669,0.423553082709683,2020-05-25,2020,5
"2618","ES",3,"Sudeste",32009,"Vitória",1857837,40867.8144563759,22,532,114,418,191,341,3,0,0,0,0,535,114,418,191,341,398,10.6180980996299,14.4349234657669,0.409233766859524,2020-06-01,2020,6
"2619","ES",3,"Sudeste",32009,"Vitória",1857837,40867.8144563759,23,474,94,380,165,309,8,0,0,0,0,482,94,380,165,309,337,10.6180980996299,14.4349234657669,0.407802979845961,2020-06-08,2020,6
"2620","ES",3,"Sudeste",32009,"Vitória",1857837,40867.8144563759,24,472,105,367,166,306,2,0,0,0,0,474,105,367,166,306,351,10.6180980996299,14.4349234657669,0.402220192482936,2020-06-15,2020,6
"2621","ES",3,"Sudeste",32009,"Vitória",1857837,40867.8144563759,25,455,100,355,145,310,4,0,0,0,0,459,100,355,145,310,319,10.6180980996299,14.4349234657669,0.402129081692176,2020-06-22,2020,6
"2622","ES",3,"Sudeste",32009,"Vitória",1857837,40867.8144563759,26,436,89,347,149,287,2,0,0,0,0,438,89,347,149,287,307,10.6180980996299,14.4349234657669,0.415055663726344,2020-06-29,2020,6
"2623","ES",3,"Sudeste",32009,"Vitória",1857837,40867.8144563759,27,505,117,388,171,334,2,0,0,0,0,507,117,388,171,334,325,10.6180980996299,14.4349234657669,0.39746260360617,2020-07-06,2020,7
"2624","ES",3,"Sudeste",32009,"Vitória",1857837,40867.8144563759,28,497,97,400,180,317,1,0,0,0,0,498,97,400,180,317,291,10.6180980996299,14.4349234657669,0.402982868190379,2020-07-13,2020,7
"2625","ES",3,"Sudeste",32009,"Vitória",1857837,40867.8144563759,29,470,97,373,143,327,2,0,0,0,0,472,97,373,143,327,279,10.6180980996299,14.4349234657669,0.400930437258822,2020-07-20,2020,7
"2626","ES",3,"Sudeste",32010,"Guarapari",218768,22300.0289937742,5,48,13,35,22,26,0,0,0,0,0,48,13,35,22,26,18,10.0123432576166,12.2957670865489,0.279682990841574,2020-02-03,2020,2
"2627","ES",3,"Sudeste",32010,"Guarapari",218768,22300.0289937742,6,63,22,41,24,39,0,0,0,0,0,63,22,41,24,39,21,10.0123432576166,12.2957670865489,0.279862677729173,2020-02-10,2020,2
"2628","ES",3,"Sudeste",32010,"Guarapari",218768,22300.0289937742,7,58,20,38,15,43,1,0,0,0,0,59,20,38,15,43,25,10.0123432576166,12.2957670865489,0.283448898507832,2020-02-17,2020,2
"2629","ES",3,"Sudeste",32010,"Guarapari",218768,22300.0289937742,8,53,22,31,17,36,1,0,0,0,0,54,22,31,17,36,19,10.0123432576166,12.2957670865489,0.336373325564473,2020-02-24,2020,2
"2630","ES",3,"Sudeste",32010,"Guarapari",218768,22300.0289937742,9,44,9,35,11,33,0,0,0,0,0,44,9,35,11,33,18,10.0123432576166,12.2957670865489,0.322214876732706,2020-03-02,2020,3
"2631","ES",3,"Sudeste",32010,"Guarapari",218768,22300.0289937742,10,41,14,27,20,21,0,0,0,0,0,41,14,27,20,21,27,10.0123432576166,12.2957670865489,0.326187536188071,2020-03-09,2020,3
"2632","ES",3,"Sudeste",32010,"Guarapari",218768,22300.0289937742,11,52,16,36,25,27,0,0,0,0,0,52,16,36,25,27,21,10.0123432576166,12.2957670865489,0.412915609012222,2020-03-16,2020,3
"2633","ES",3,"Sudeste",32010,"Guarapari",218768,22300.0289937742,12,58,13,45,24,34,0,0,0,0,0,58,13,45,24,34,29,10.0123432576166,12.2957670865489,0.511409216605555,2020-03-23,2020,3
"2634","ES",3,"Sudeste",32010,"Guarapari",218768,22300.0289937742,13,56,10,46,22,34,0,0,0,0,0,56,10,46,22,34,24,10.0123432576166,12.2957670865489,0.4694130176052,2020-03-30,2020,3
"2635","ES",3,"Sudeste",32010,"Guarapari",218768,22300.0289937742,14,39,11,28,10,29,2,0,0,0,0,41,11,28,10,29,33,10.0123432576166,12.2957670865489,0.462936538904711,2020-04-06,2020,4
"2636","ES",3,"Sudeste",32010,"Guarapari",218768,22300.0289937742,15,74,14,60,36,38,1,0,0,0,0,75,14,60,36,38,24,10.0123432576166,12.2957670865489,0.437553792280894,2020-04-13,2020,4
"2637","ES",3,"Sudeste",32010,"Guarapari",218768,22300.0289937742,16,71,20,51,19,52,0,0,0,0,0,71,20,51,19,52,25,10.0123432576166,12.2957670865489,0.448562351422412,2020-04-20,2020,4
"2638","ES",3,"Sudeste",32010,"Guarapari",218768,22300.0289937742,17,46,16,30,16,30,1,0,0,0,0,47,16,30,16,30,17,10.0123432576166,12.2957670865489,0.427439092169084,2020-04-27,2020,4
"2639","ES",3,"Sudeste",32010,"Guarapari",218768,22300.0289937742,18,50,17,33,22,28,1,0,0,0,0,51,17,33,22,28,29,10.0123432576166,12.2957670865489,0.408875793775093,2020-05-04,2020,5
"2640","ES",3,"Sudeste",32010,"Guarapari",218768,22300.0289937742,19,53,16,37,18,35,0,0,0,0,0,53,16,37,18,35,20,10.0123432576166,12.2957670865489,0.425510235598979,2020-05-11,2020,5
"2641","ES",3,"Sudeste",32010,"Guarapari",218768,22300.0289937742,20,67,20,47,25,42,0,0,0,0,0,67,20,47,25,42,32,10.0123432576166,12.2957670865489,0.408710552896663,2020-05-18,2020,5
"2642","ES",3,"Sudeste",32010,"Guarapari",218768,22300.0289937742,21,46,10,36,18,28,1,0,0,0,0,47,10,36,18,28,34,10.0123432576166,12.2957670865489,0.40724503050041,2020-05-25,2020,5
"2643","ES",3,"Sudeste",32010,"Guarapari",218768,22300.0289937742,22,52,16,36,16,36,0,0,0,0,0,52,16,36,16,36,38,10.0123432576166,12.2957670865489,0.402580938623524,2020-06-01,2020,6
"2644","ES",3,"Sudeste",32010,"Guarapari",218768,22300.0289937742,23,62,17,45,18,44,0,0,0,0,0,62,17,45,18,44,30,10.0123432576166,12.2957670865489,0.401908709471094,2020-06-08,2020,6
"2645","ES",3,"Sudeste",32010,"Guarapari",218768,22300.0289937742,24,62,17,45,22,40,0,0,0,0,0,62,17,45,22,40,38,10.0123432576166,12.2957670865489,0.401298112010459,2020-06-15,2020,6
"2646","ES",3,"Sudeste",32010,"Guarapari",218768,22300.0289937742,25,57,21,36,22,35,0,0,0,0,0,57,21,36,22,35,23,10.0123432576166,12.2957670865489,0.390567836048185,2020-06-22,2020,6
"2647","ES",3,"Sudeste",32010,"Guarapari",218768,22300.0289937742,26,58,11,47,20,38,1,0,0,0,0,59,11,47,20,38,40,10.0123432576166,12.2957670865489,0.416178696042842,2020-06-29,2020,6
"2648","ES",3,"Sudeste",32010,"Guarapari",218768,22300.0289937742,27,58,12,46,19,39,0,0,0,0,0,58,12,46,19,39,54,10.0123432576166,12.2957670865489,0.398768097833958,2020-07-06,2020,7
"2649","ES",3,"Sudeste",32010,"Guarapari",218768,22300.0289937742,28,50,17,33,18,32,0,0,0,0,0,50,17,33,18,32,32,10.0123432576166,12.2957670865489,0.403605523057077,2020-07-13,2020,7
"2650","ES",3,"Sudeste",32010,"Guarapari",218768,22300.0289937742,29,60,20,40,14,46,2,0,0,0,0,62,20,40,14,46,34,10.0123432576166,12.2957670865489,0.393607497724204,2020-07-20,2020,7
"2651","ES",3,"Sudeste",32011,"Alegre",167558,15914.4316392533,5,42,20,22,11,31,0,0,0,0,0,42,20,22,11,31,25,9.6749816268104,12.0290848389668,0.296727286813733,2020-02-03,2020,2
"2652","ES",3,"Sudeste",32011,"Alegre",167558,15914.4316392533,6,31,15,16,12,19,1,0,0,0,0,32,15,16,12,19,22,9.6749816268104,12.0290848389668,0.301619934529044,2020-02-10,2020,2
"2653","ES",3,"Sudeste",32011,"Alegre",167558,15914.4316392533,7,41,12,29,11,30,0,0,0,0,0,41,12,29,11,30,16,9.6749816268104,12.0290848389668,0.301819084178297,2020-02-17,2020,2
"2654","ES",3,"Sudeste",32011,"Alegre",167558,15914.4316392533,8,37,9,28,13,24,0,0,0,0,0,37,9,28,13,24,28,9.6749816268104,12.0290848389668,0.348568793678043,2020-02-24,2020,2
"2655","ES",3,"Sudeste",32011,"Alegre",167558,15914.4316392533,9,32,9,23,11,21,0,0,0,0,0,32,9,23,11,21,10,9.6749816268104,12.0290848389668,0.322391666001749,2020-03-02,2020,3
"2656","ES",3,"Sudeste",32011,"Alegre",167558,15914.4316392533,10,39,11,28,9,30,1,0,0,0,0,40,11,28,9,30,37,9.6749816268104,12.0290848389668,0.321328788449737,2020-03-09,2020,3
"2657","ES",3,"Sudeste",32011,"Alegre",167558,15914.4316392533,11,36,13,23,13,23,0,0,0,0,0,36,13,23,13,23,22,9.6749816268104,12.0290848389668,0.414591959090273,2020-03-16,2020,3
"2658","ES",3,"Sudeste",32011,"Alegre",167558,15914.4316392533,12,34,17,17,18,16,0,0,0,0,0,34,17,17,18,16,27,9.6749816268104,12.0290848389668,0.519102289448771,2020-03-23,2020,3
"2659","ES",3,"Sudeste",32011,"Alegre",167558,15914.4316392533,13,31,13,18,13,18,1,0,0,0,0,32,13,18,13,18,18,9.6749816268104,12.0290848389668,0.466754168292261,2020-03-30,2020,3
"2660","ES",3,"Sudeste",32011,"Alegre",167558,15914.4316392533,14,37,12,25,16,21,0,0,0,0,0,37,12,25,16,21,14,9.6749816268104,12.0290848389668,0.453163372918647,2020-04-06,2020,4
"2661","ES",3,"Sudeste",32011,"Alegre",167558,15914.4316392533,15,36,15,21,11,25,0,0,0,0,0,36,15,21,11,25,18,9.6749816268104,12.0290848389668,0.410299435220744,2020-04-13,2020,4
"2662","ES",3,"Sudeste",32011,"Alegre",167558,15914.4316392533,16,49,20,29,21,28,0,0,0,0,0,49,20,29,21,28,32,9.6749816268104,12.0290848389668,0.430637079895572,2020-04-20,2020,4
"2663","ES",3,"Sudeste",32011,"Alegre",167558,15914.4316392533,17,42,15,27,14,28,0,0,0,0,0,42,15,27,14,28,23,9.6749816268104,12.0290848389668,0.420547730420132,2020-04-27,2020,4
"2664","ES",3,"Sudeste",32011,"Alegre",167558,15914.4316392533,18,40,15,25,18,22,0,0,0,0,0,40,15,25,18,22,21,9.6749816268104,12.0290848389668,0.404582025885932,2020-05-04,2020,5
"2665","ES",3,"Sudeste",32011,"Alegre",167558,15914.4316392533,19,33,13,20,13,20,0,0,0,0,0,33,13,20,13,20,22,9.6749816268104,12.0290848389668,0.422727814901655,2020-05-11,2020,5
"2666","ES",3,"Sudeste",32011,"Alegre",167558,15914.4316392533,20,43,18,25,17,26,0,0,0,0,0,43,18,25,17,26,28,9.6749816268104,12.0290848389668,0.405773320522738,2020-05-18,2020,5
"2667","ES",3,"Sudeste",32011,"Alegre",167558,15914.4316392533,21,45,20,25,18,27,1,0,0,0,0,46,20,25,18,27,30,9.6749816268104,12.0290848389668,0.405339257673695,2020-05-25,2020,5
"2668","ES",3,"Sudeste",32011,"Alegre",167558,15914.4316392533,22,44,13,31,24,20,1,0,0,0,0,45,13,31,24,20,21,9.6749816268104,12.0290848389668,0.403092852125848,2020-06-01,2020,6
"2669","ES",3,"Sudeste",32011,"Alegre",167558,15914.4316392533,23,48,19,29,22,26,0,0,0,0,0,48,19,29,22,26,30,9.6749816268104,12.0290848389668,0.416468584285244,2020-06-08,2020,6
"2670","ES",3,"Sudeste",32011,"Alegre",167558,15914.4316392533,24,45,15,30,17,28,0,0,0,0,0,45,15,30,17,28,32,9.6749816268104,12.0290848389668,0.410110742548879,2020-06-15,2020,6
"2671","ES",3,"Sudeste",32011,"Alegre",167558,15914.4316392533,25,35,16,19,12,23,0,0,0,0,0,35,16,19,12,23,23,9.6749816268104,12.0290848389668,0.414732290940632,2020-06-22,2020,6
"2672","ES",3,"Sudeste",32011,"Alegre",167558,15914.4316392533,26,43,15,28,14,29,2,0,0,0,0,45,15,28,14,29,24,9.6749816268104,12.0290848389668,0.427911587445767,2020-06-29,2020,6
"2673","ES",3,"Sudeste",32011,"Alegre",167558,15914.4316392533,27,41,18,23,14,27,1,0,0,0,0,42,18,23,14,27,32,9.6749816268104,12.0290848389668,0.424670453229184,2020-07-06,2020,7
"2674","ES",3,"Sudeste",32011,"Alegre",167558,15914.4316392533,28,44,12,32,23,21,2,0,0,0,0,46,12,32,23,21,35,9.6749816268104,12.0290848389668,0.414730161219425,2020-07-13,2020,7
"2675","ES",3,"Sudeste",32011,"Alegre",167558,15914.4316392533,29,47,23,24,20,27,0,0,0,0,0,47,23,24,20,27,23,9.6749816268104,12.0290848389668,0.404194806342745,2020-07-20,2020,7
"2676","ES",3,"Sudeste",32012,"Cachoeiro de Itapemirim",364000,21578.5494701923,5,63,14,49,19,44,0,0,0,0,0,63,14,49,19,44,42,9.97945502015784,12.8049091466189,0.294762285997376,2020-02-03,2020,2
"2677","ES",3,"Sudeste",32012,"Cachoeiro de Itapemirim",364000,21578.5494701923,6,71,15,56,28,43,0,0,0,0,0,71,15,56,28,43,32,9.97945502015784,12.8049091466189,0.288138325581274,2020-02-10,2020,2
"2678","ES",3,"Sudeste",32012,"Cachoeiro de Itapemirim",364000,21578.5494701923,7,70,19,51,22,48,0,0,0,0,0,70,19,51,22,48,45,9.97945502015784,12.8049091466189,0.301792396669828,2020-02-17,2020,2
"2679","ES",3,"Sudeste",32012,"Cachoeiro de Itapemirim",364000,21578.5494701923,8,76,22,54,19,57,1,0,0,0,0,77,22,54,19,57,55,9.97945502015784,12.8049091466189,0.361763506541295,2020-02-24,2020,2
"2680","ES",3,"Sudeste",32012,"Cachoeiro de Itapemirim",364000,21578.5494701923,9,70,20,50,23,47,0,0,0,0,0,70,20,50,23,47,43,9.97945502015784,12.8049091466189,0.323717099855852,2020-03-02,2020,3
"2681","ES",3,"Sudeste",32012,"Cachoeiro de Itapemirim",364000,21578.5494701923,10,84,24,60,32,52,1,0,0,0,0,85,24,60,32,52,42,9.97945502015784,12.8049091466189,0.320863767076697,2020-03-09,2020,3
"2682","ES",3,"Sudeste",32012,"Cachoeiro de Itapemirim",364000,21578.5494701923,11,72,16,56,22,50,0,0,0,0,0,72,16,56,22,50,45,9.97945502015784,12.8049091466189,0.416389385643636,2020-03-16,2020,3
"2683","ES",3,"Sudeste",32012,"Cachoeiro de Itapemirim",364000,21578.5494701923,12,73,16,57,21,52,1,0,0,0,0,74,16,57,21,52,50,9.97945502015784,12.8049091466189,0.512904151281,2020-03-23,2020,3
"2684","ES",3,"Sudeste",32012,"Cachoeiro de Itapemirim",364000,21578.5494701923,13,65,8,57,24,41,0,0,0,0,0,65,8,57,24,41,45,9.97945502015784,12.8049091466189,0.463125969218297,2020-03-30,2020,3
"2685","ES",3,"Sudeste",32012,"Cachoeiro de Itapemirim",364000,21578.5494701923,14,72,16,56,28,44,0,0,0,0,0,72,16,56,28,44,46,9.97945502015784,12.8049091466189,0.456232857727489,2020-04-06,2020,4
"2686","ES",3,"Sudeste",32012,"Cachoeiro de Itapemirim",364000,21578.5494701923,15,105,20,85,39,66,1,0,0,0,0,106,20,85,39,66,47,9.97945502015784,12.8049091466189,0.42089025518291,2020-04-13,2020,4
"2687","ES",3,"Sudeste",32012,"Cachoeiro de Itapemirim",364000,21578.5494701923,16,79,19,60,25,54,1,0,0,0,0,80,19,60,25,54,47,9.97945502015784,12.8049091466189,0.438993642789396,2020-04-20,2020,4
"2688","ES",3,"Sudeste",32012,"Cachoeiro de Itapemirim",364000,21578.5494701923,17,81,15,66,29,52,0,0,0,0,0,81,15,66,29,52,35,9.97945502015784,12.8049091466189,0.420611251037821,2020-04-27,2020,4
"2689","ES",3,"Sudeste",32012,"Cachoeiro de Itapemirim",364000,21578.5494701923,18,85,26,59,26,59,1,0,0,0,0,86,26,59,26,59,48,9.97945502015784,12.8049091466189,0.399846344069931,2020-05-04,2020,5
"2690","ES",3,"Sudeste",32012,"Cachoeiro de Itapemirim",364000,21578.5494701923,19,71,23,48,27,44,1,0,0,0,0,72,23,48,27,44,47,9.97945502015784,12.8049091466189,0.41653223166487,2020-05-11,2020,5
"2691","ES",3,"Sudeste",32012,"Cachoeiro de Itapemirim",364000,21578.5494701923,20,87,18,69,31,56,0,0,0,0,0,87,18,69,31,56,51,9.97945502015784,12.8049091466189,0.404063975910539,2020-05-18,2020,5
"2692","ES",3,"Sudeste",32012,"Cachoeiro de Itapemirim",364000,21578.5494701923,21,83,28,55,36,47,0,0,0,0,0,83,28,55,36,47,58,9.97945502015784,12.8049091466189,0.4020357744903,2020-05-25,2020,5
"2693","ES",3,"Sudeste",32012,"Cachoeiro de Itapemirim",364000,21578.5494701923,22,119,31,88,45,74,0,0,0,0,0,119,31,88,45,74,62,9.97945502015784,12.8049091466189,0.392431974868373,2020-06-01,2020,6
"2694","ES",3,"Sudeste",32012,"Cachoeiro de Itapemirim",364000,21578.5494701923,23,87,18,69,21,66,0,0,0,0,0,87,18,69,21,66,46,9.97945502015784,12.8049091466189,0.405159460746079,2020-06-08,2020,6
"2695","ES",3,"Sudeste",32012,"Cachoeiro de Itapemirim",364000,21578.5494701923,24,94,17,77,30,64,0,0,0,0,0,94,17,77,30,64,63,9.97945502015784,12.8049091466189,0.400750719807608,2020-06-15,2020,6
"2696","ES",3,"Sudeste",32012,"Cachoeiro de Itapemirim",364000,21578.5494701923,25,108,28,80,36,72,1,0,0,0,0,109,28,80,36,72,63,9.97945502015784,12.8049091466189,0.397324987533291,2020-06-22,2020,6
"2697","ES",3,"Sudeste",32012,"Cachoeiro de Itapemirim",364000,21578.5494701923,26,84,16,68,25,59,2,0,0,0,0,86,16,68,25,59,57,9.97945502015784,12.8049091466189,0.416541891860112,2020-06-29,2020,6
"2698","ES",3,"Sudeste",32012,"Cachoeiro de Itapemirim",364000,21578.5494701923,27,83,17,66,20,63,0,0,0,0,0,83,17,66,20,63,61,9.97945502015784,12.8049091466189,0.399844613152004,2020-07-06,2020,7
"2699","ES",3,"Sudeste",32012,"Cachoeiro de Itapemirim",364000,21578.5494701923,28,87,26,61,34,53,1,0,0,0,0,88,26,61,34,53,58,9.97945502015784,12.8049091466189,0.393449578735734,2020-07-13,2020,7
"2700","ES",3,"Sudeste",32012,"Cachoeiro de Itapemirim",364000,21578.5494701923,29,100,21,79,35,65,0,0,0,0,0,100,21,79,35,65,62,9.97945502015784,12.8049091466189,0.387552215042945,2020-07-20,2020,7
"2701","ES",3,"Sudeste",32013,"Itapemirim",85197,178417.389445403,5,31,13,18,13,18,0,0,0,0,0,31,13,18,13,18,10,12.0918809688475,11.3527215009299,0.317321317084518,2020-02-03,2020,2
"2702","ES",3,"Sudeste",32013,"Itapemirim",85197,178417.389445403,6,27,5,22,13,14,0,0,0,0,0,27,5,22,13,14,9,12.0918809688475,11.3527215009299,0.294906824307822,2020-02-10,2020,2
"2703","ES",3,"Sudeste",32013,"Itapemirim",85197,178417.389445403,7,26,8,18,14,12,0,0,0,0,0,26,8,18,14,12,13,12.0918809688475,11.3527215009299,0.320312293529613,2020-02-17,2020,2
"2704","ES",3,"Sudeste",32013,"Itapemirim",85197,178417.389445403,8,23,7,16,6,17,0,0,0,0,0,23,7,16,6,17,12,12.0918809688475,11.3527215009299,0.370048480492744,2020-02-24,2020,2
"2705","ES",3,"Sudeste",32013,"Itapemirim",85197,178417.389445403,9,19,5,14,5,14,0,0,0,0,0,19,5,14,5,14,9,12.0918809688475,11.3527215009299,0.341644501878833,2020-03-02,2020,3
"2706","ES",3,"Sudeste",32013,"Itapemirim",85197,178417.389445403,10,24,12,12,11,13,0,0,0,0,0,24,12,12,11,13,6,12.0918809688475,11.3527215009299,0.352112539802454,2020-03-09,2020,3
"2707","ES",3,"Sudeste",32013,"Itapemirim",85197,178417.389445403,11,28,7,21,13,15,0,0,0,0,0,28,7,21,13,15,12,12.0918809688475,11.3527215009299,0.416647641232513,2020-03-16,2020,3
"2708","ES",3,"Sudeste",32013,"Itapemirim",85197,178417.389445403,12,23,7,16,6,17,0,0,0,0,0,23,7,16,6,17,7,12.0918809688475,11.3527215009299,0.509267727693925,2020-03-23,2020,3
"2709","ES",3,"Sudeste",32013,"Itapemirim",85197,178417.389445403,13,15,5,10,3,12,0,0,0,0,0,15,5,10,3,12,8,12.0918809688475,11.3527215009299,0.472703195781045,2020-03-30,2020,3
"2710","ES",3,"Sudeste",32013,"Itapemirim",85197,178417.389445403,14,34,14,20,16,18,0,0,0,0,0,34,14,20,16,18,6,12.0918809688475,11.3527215009299,0.461978212420035,2020-04-06,2020,4
"2711","ES",3,"Sudeste",32013,"Itapemirim",85197,178417.389445403,15,26,5,21,11,15,0,0,0,0,0,26,5,21,11,15,12,12.0918809688475,11.3527215009299,0.43708273337208,2020-04-13,2020,4
"2712","ES",3,"Sudeste",32013,"Itapemirim",85197,178417.389445403,16,27,2,25,10,17,1,0,0,0,0,28,2,25,10,17,16,12.0918809688475,11.3527215009299,0.448934837208256,2020-04-20,2020,4
"2713","ES",3,"Sudeste",32013,"Itapemirim",85197,178417.389445403,17,21,4,17,7,14,0,0,0,0,0,21,4,17,7,14,14,12.0918809688475,11.3527215009299,0.432875745433019,2020-04-27,2020,4
"2714","ES",3,"Sudeste",32013,"Itapemirim",85197,178417.389445403,18,32,8,24,8,24,1,0,0,0,0,33,8,24,8,24,15,12.0918809688475,11.3527215009299,0.430480429111324,2020-05-04,2020,5
"2715","ES",3,"Sudeste",32013,"Itapemirim",85197,178417.389445403,19,26,5,21,9,17,0,0,0,0,0,26,5,21,9,17,16,12.0918809688475,11.3527215009299,0.459653486913539,2020-05-11,2020,5
"2716","ES",3,"Sudeste",32013,"Itapemirim",85197,178417.389445403,20,27,6,21,13,14,1,0,0,0,0,28,6,21,13,14,22,12.0918809688475,11.3527215009299,0.462670772101967,2020-05-18,2020,5
"2717","ES",3,"Sudeste",32013,"Itapemirim",85197,178417.389445403,21,20,5,15,11,9,0,0,0,0,0,20,5,15,11,9,23,12.0918809688475,11.3527215009299,0.443099076746601,2020-05-25,2020,5
"2718","ES",3,"Sudeste",32013,"Itapemirim",85197,178417.389445403,22,23,7,16,9,14,0,0,0,0,0,23,7,16,9,14,26,12.0918809688475,11.3527215009299,0.427185339812169,2020-06-01,2020,6
"2719","ES",3,"Sudeste",32013,"Itapemirim",85197,178417.389445403,23,35,12,23,16,19,0,0,0,0,0,35,12,23,16,19,29,12.0918809688475,11.3527215009299,0.426801377268663,2020-06-08,2020,6
"2720","ES",3,"Sudeste",32013,"Itapemirim",85197,178417.389445403,24,19,5,14,9,10,0,0,0,0,0,19,5,14,9,10,23,12.0918809688475,11.3527215009299,0.428487850782959,2020-06-15,2020,6
"2721","ES",3,"Sudeste",32013,"Itapemirim",85197,178417.389445403,25,24,10,14,11,13,0,0,0,0,0,24,10,14,11,13,11,12.0918809688475,11.3527215009299,0.414403513245423,2020-06-22,2020,6
"2722","ES",3,"Sudeste",32013,"Itapemirim",85197,178417.389445403,26,33,7,26,14,19,0,0,0,0,0,33,7,26,14,19,18,12.0918809688475,11.3527215009299,0.420737182969627,2020-06-29,2020,6
"2723","ES",3,"Sudeste",32013,"Itapemirim",85197,178417.389445403,27,30,8,22,7,23,0,0,0,0,0,30,8,22,7,23,15,12.0918809688475,11.3527215009299,0.414989523052207,2020-07-06,2020,7
"2724","ES",3,"Sudeste",32013,"Itapemirim",85197,178417.389445403,28,25,4,21,13,12,0,0,0,0,0,25,4,21,13,12,12,12.0918809688475,11.3527215009299,0.413889512260794,2020-07-13,2020,7
"2725","ES",3,"Sudeste",32013,"Itapemirim",85197,178417.389445403,29,37,11,26,19,18,0,0,0,0,0,37,11,26,19,18,15,12.0918809688475,11.3527215009299,0.400156412308942,2020-07-20,2020,7
"2726","GO",5,"Centro-oeste",52001,"São Miguel do Araguaia",79876,26953.2661020832,5,14,2,12,3,11,0,0,0,0,0,14,2,12,3,11,10,10.201859760166,11.2882307111633,0.326158193184515,2020-02-03,2020,2
"2727","GO",5,"Centro-oeste",52001,"São Miguel do Araguaia",79876,26953.2661020832,6,19,5,14,5,14,0,0,0,0,0,19,5,14,5,14,12,10.201859760166,11.2882307111633,0.310121964163399,2020-02-10,2020,2
"2728","GO",5,"Centro-oeste",52001,"São Miguel do Araguaia",79876,26953.2661020832,7,30,5,25,11,19,0,0,0,0,0,30,5,25,11,19,10,10.201859760166,11.2882307111633,0.310606229164917,2020-02-17,2020,2
"2729","GO",5,"Centro-oeste",52001,"São Miguel do Araguaia",79876,26953.2661020832,8,16,2,14,5,11,0,0,0,0,0,16,2,14,5,11,8,10.201859760166,11.2882307111633,0.348479616705732,2020-02-24,2020,2
"2730","GO",5,"Centro-oeste",52001,"São Miguel do Araguaia",79876,26953.2661020832,9,20,6,14,9,11,0,0,0,0,0,20,6,14,9,11,15,10.201859760166,11.2882307111633,0.338170504330657,2020-03-02,2020,3
"2731","GO",5,"Centro-oeste",52001,"São Miguel do Araguaia",79876,26953.2661020832,10,20,10,10,10,10,0,0,0,0,0,20,10,10,10,10,9,10.201859760166,11.2882307111633,0.351220067072625,2020-03-09,2020,3
"2732","GO",5,"Centro-oeste",52001,"São Miguel do Araguaia",79876,26953.2661020832,11,25,4,21,13,12,0,0,0,0,0,25,4,21,13,12,3,10.201859760166,11.2882307111633,0.412999952184673,2020-03-16,2020,3
"2733","GO",5,"Centro-oeste",52001,"São Miguel do Araguaia",79876,26953.2661020832,12,19,3,16,10,9,0,0,0,0,0,19,3,16,10,9,8,10.201859760166,11.2882307111633,0.480240938657937,2020-03-23,2020,3
"2734","GO",5,"Centro-oeste",52001,"São Miguel do Araguaia",79876,26953.2661020832,13,11,2,9,6,5,0,0,0,0,0,11,2,9,6,5,11,10.201859760166,11.2882307111633,0.435067171224686,2020-03-30,2020,3
"2735","GO",5,"Centro-oeste",52001,"São Miguel do Araguaia",79876,26953.2661020832,14,21,1,20,13,8,0,0,0,0,0,21,1,20,13,8,15,10.201859760166,11.2882307111633,0.419736997136139,2020-04-06,2020,4
"2736","GO",5,"Centro-oeste",52001,"São Miguel do Araguaia",79876,26953.2661020832,15,19,4,15,9,10,0,0,0,0,0,19,4,15,9,10,6,10.201859760166,11.2882307111633,0.405468651277462,2020-04-13,2020,4
"2737","GO",5,"Centro-oeste",52001,"São Miguel do Araguaia",79876,26953.2661020832,16,23,7,16,9,14,0,0,0,0,0,23,7,16,9,14,7,10.201859760166,11.2882307111633,0.409512810733641,2020-04-20,2020,4
"2738","GO",5,"Centro-oeste",52001,"São Miguel do Araguaia",79876,26953.2661020832,17,19,2,17,6,13,0,0,0,0,0,19,2,17,6,13,11,10.201859760166,11.2882307111633,0.400423732095611,2020-04-27,2020,4
"2739","GO",5,"Centro-oeste",52001,"São Miguel do Araguaia",79876,26953.2661020832,18,26,9,17,16,10,0,0,0,0,0,26,9,17,16,10,4,10.201859760166,11.2882307111633,0.383130913581564,2020-05-04,2020,5
"2740","GO",5,"Centro-oeste",52001,"São Miguel do Araguaia",79876,26953.2661020832,19,15,3,12,8,7,0,0,0,0,0,15,3,12,8,7,12,10.201859760166,11.2882307111633,0.401425315795885,2020-05-11,2020,5
"2741","GO",5,"Centro-oeste",52001,"São Miguel do Araguaia",79876,26953.2661020832,20,26,5,21,16,10,0,0,0,0,0,26,5,21,16,10,8,10.201859760166,11.2882307111633,0.386390608292043,2020-05-18,2020,5
"2742","GO",5,"Centro-oeste",52001,"São Miguel do Araguaia",79876,26953.2661020832,21,23,4,19,10,13,0,0,0,0,0,23,4,19,10,13,7,10.201859760166,11.2882307111633,0.402234146349948,2020-05-25,2020,5
"2743","GO",5,"Centro-oeste",52001,"São Miguel do Araguaia",79876,26953.2661020832,22,21,4,17,8,13,0,0,0,0,0,21,4,17,8,13,9,10.201859760166,11.2882307111633,0.388703772988669,2020-06-01,2020,6
"2744","GO",5,"Centro-oeste",52001,"São Miguel do Araguaia",79876,26953.2661020832,23,22,2,20,11,11,0,0,0,0,0,22,2,20,11,11,7,10.201859760166,11.2882307111633,0.396154809183508,2020-06-08,2020,6
"2745","GO",5,"Centro-oeste",52001,"São Miguel do Araguaia",79876,26953.2661020832,24,17,1,16,11,6,0,0,0,0,0,17,1,16,11,6,7,10.201859760166,11.2882307111633,0.395942220809726,2020-06-15,2020,6
"2746","GO",5,"Centro-oeste",52001,"São Miguel do Araguaia",79876,26953.2661020832,25,15,1,14,5,10,1,0,0,0,0,16,1,14,5,10,7,10.201859760166,11.2882307111633,0.413754806943047,2020-06-22,2020,6
"2747","GO",5,"Centro-oeste",52001,"São Miguel do Araguaia",79876,26953.2661020832,26,25,6,19,11,14,1,0,0,0,0,26,6,19,11,14,5,10.201859760166,11.2882307111633,0.4171797665446,2020-06-29,2020,6
"2748","GO",5,"Centro-oeste",52001,"São Miguel do Araguaia",79876,26953.2661020832,27,23,6,17,9,14,0,0,0,0,0,23,6,17,9,14,13,10.201859760166,11.2882307111633,0.427687095836519,2020-07-06,2020,7
"2749","GO",5,"Centro-oeste",52001,"São Miguel do Araguaia",79876,26953.2661020832,28,20,6,14,12,8,0,0,0,0,0,20,6,14,12,8,9,10.201859760166,11.2882307111633,0.420648274143617,2020-07-13,2020,7
"2750","GO",5,"Centro-oeste",52001,"São Miguel do Araguaia",79876,26953.2661020832,29,25,4,21,11,14,0,0,0,0,0,25,4,21,11,14,18,10.201859760166,11.2882307111633,0.42437234570488,2020-07-20,2020,7
"2751","GO",5,"Centro-oeste",52002,"Rio Vermelho",85562,23240.3530130198,5,29,2,27,14,15,0,0,0,0,0,29,2,27,14,15,9,10.0536454007395,11.3569965383322,0.270015154646162,2020-02-03,2020,2
"2752","GO",5,"Centro-oeste",52002,"Rio Vermelho",85562,23240.3530130198,6,14,7,7,9,5,0,0,0,0,0,14,7,7,9,5,14,10.0536454007395,11.3569965383322,0.27157380116888,2020-02-10,2020,2
"2753","GO",5,"Centro-oeste",52002,"Rio Vermelho",85562,23240.3530130198,7,20,4,16,8,12,0,0,0,0,0,20,4,16,8,12,7,10.0536454007395,11.3569965383322,0.283299112346791,2020-02-17,2020,2
"2754","GO",5,"Centro-oeste",52002,"Rio Vermelho",85562,23240.3530130198,8,15,5,10,6,9,0,0,0,0,0,15,5,10,6,9,11,10.0536454007395,11.3569965383322,0.333111568137483,2020-02-24,2020,2
"2755","GO",5,"Centro-oeste",52002,"Rio Vermelho",85562,23240.3530130198,9,15,3,12,6,9,0,0,0,0,0,15,3,12,6,9,16,10.0536454007395,11.3569965383322,0.311309083427569,2020-03-02,2020,3
"2756","GO",5,"Centro-oeste",52002,"Rio Vermelho",85562,23240.3530130198,10,19,2,17,10,9,1,0,0,0,0,20,2,17,10,9,13,10.0536454007395,11.3569965383322,0.326324334965723,2020-03-09,2020,3
"2757","GO",5,"Centro-oeste",52002,"Rio Vermelho",85562,23240.3530130198,11,17,1,16,7,10,0,0,0,0,0,17,1,16,7,10,14,10.0536454007395,11.3569965383322,0.396392823115498,2020-03-16,2020,3
"2758","GO",5,"Centro-oeste",52002,"Rio Vermelho",85562,23240.3530130198,12,15,1,14,6,9,0,0,0,0,0,15,1,14,6,9,12,10.0536454007395,11.3569965383322,0.490775856207844,2020-03-23,2020,3
"2759","GO",5,"Centro-oeste",52002,"Rio Vermelho",85562,23240.3530130198,13,17,4,13,4,13,0,0,0,0,0,17,4,13,4,13,12,10.0536454007395,11.3569965383322,0.436838021715675,2020-03-30,2020,3
"2760","GO",5,"Centro-oeste",52002,"Rio Vermelho",85562,23240.3530130198,14,26,6,20,14,12,0,0,0,0,0,26,6,20,14,12,12,10.0536454007395,11.3569965383322,0.434368065933994,2020-04-06,2020,4
"2761","GO",5,"Centro-oeste",52002,"Rio Vermelho",85562,23240.3530130198,15,18,4,14,9,9,0,0,0,0,0,18,4,14,9,9,8,10.0536454007395,11.3569965383322,0.408120849158049,2020-04-13,2020,4
"2762","GO",5,"Centro-oeste",52002,"Rio Vermelho",85562,23240.3530130198,16,14,1,13,7,7,1,0,0,0,0,15,1,13,7,7,10,10.0536454007395,11.3569965383322,0.401269968292972,2020-04-20,2020,4
"2763","GO",5,"Centro-oeste",52002,"Rio Vermelho",85562,23240.3530130198,17,15,5,10,9,6,0,0,0,0,0,15,5,10,9,6,12,10.0536454007395,11.3569965383322,0.405176091112319,2020-04-27,2020,4
"2764","GO",5,"Centro-oeste",52002,"Rio Vermelho",85562,23240.3530130198,18,17,6,11,7,10,0,0,0,0,0,17,6,11,7,10,14,10.0536454007395,11.3569965383322,0.383714777680702,2020-05-04,2020,5
"2765","GO",5,"Centro-oeste",52002,"Rio Vermelho",85562,23240.3530130198,19,13,1,12,8,5,0,0,0,0,0,13,1,12,8,5,14,10.0536454007395,11.3569965383322,0.393342407264032,2020-05-11,2020,5
"2766","GO",5,"Centro-oeste",52002,"Rio Vermelho",85562,23240.3530130198,20,12,2,10,2,10,0,0,0,0,0,12,2,10,2,10,17,10.0536454007395,11.3569965383322,0.389563220984818,2020-05-18,2020,5
"2767","GO",5,"Centro-oeste",52002,"Rio Vermelho",85562,23240.3530130198,21,20,4,16,7,13,0,0,0,0,0,20,4,16,7,13,12,10.0536454007395,11.3569965383322,0.38442411094909,2020-05-25,2020,5
"2768","GO",5,"Centro-oeste",52002,"Rio Vermelho",85562,23240.3530130198,22,30,6,24,11,19,1,0,0,0,0,31,6,24,11,19,11,10.0536454007395,11.3569965383322,0.386124786339749,2020-06-01,2020,6
"2769","GO",5,"Centro-oeste",52002,"Rio Vermelho",85562,23240.3530130198,23,19,3,16,6,13,0,0,0,0,0,19,3,16,6,13,13,10.0536454007395,11.3569965383322,0.384121540856983,2020-06-08,2020,6
"2770","GO",5,"Centro-oeste",52002,"Rio Vermelho",85562,23240.3530130198,24,25,4,21,12,13,0,0,0,0,0,25,4,21,12,13,7,10.0536454007395,11.3569965383322,0.375862156739957,2020-06-15,2020,6
"2771","GO",5,"Centro-oeste",52002,"Rio Vermelho",85562,23240.3530130198,25,21,6,15,12,9,1,0,0,0,0,22,6,15,12,9,12,10.0536454007395,11.3569965383322,0.382428862802594,2020-06-22,2020,6
"2772","GO",5,"Centro-oeste",52002,"Rio Vermelho",85562,23240.3530130198,26,14,4,10,8,6,0,0,0,0,0,14,4,10,8,6,10,10.0536454007395,11.3569965383322,0.412967401478749,2020-06-29,2020,6
"2773","GO",5,"Centro-oeste",52002,"Rio Vermelho",85562,23240.3530130198,27,14,3,11,7,7,0,0,0,0,0,14,3,11,7,7,14,10.0536454007395,11.3569965383322,0.417063381792999,2020-07-06,2020,7
"2774","GO",5,"Centro-oeste",52002,"Rio Vermelho",85562,23240.3530130198,28,15,3,12,8,7,0,0,0,0,0,15,3,12,8,7,14,10.0536454007395,11.3569965383322,0.39898578383445,2020-07-13,2020,7
"2775","GO",5,"Centro-oeste",52002,"Rio Vermelho",85562,23240.3530130198,29,22,5,17,10,12,0,0,0,0,0,22,5,17,10,12,14,10.0536454007395,11.3569965383322,0.402779210698067,2020-07-20,2020,7
"2776","GO",5,"Centro-oeste",52003,"Aragarças",57756,23419.4107495325,5,9,1,8,2,7,0,0,0,0,0,9,1,8,2,7,7,10.0613204766957,10.9639825190911,0.288306374007293,2020-02-03,2020,2
"2777","GO",5,"Centro-oeste",52003,"Aragarças",57756,23419.4107495325,6,11,1,10,6,5,0,0,0,0,0,11,1,10,6,5,4,10.0613204766957,10.9639825190911,0.290101413489276,2020-02-10,2020,2
"2778","GO",5,"Centro-oeste",52003,"Aragarças",57756,23419.4107495325,7,12,3,9,4,8,0,0,0,0,0,12,3,9,4,8,4,10.0613204766957,10.9639825190911,0.293853992237854,2020-02-17,2020,2
"2779","GO",5,"Centro-oeste",52003,"Aragarças",57756,23419.4107495325,8,17,3,14,12,5,0,0,0,0,0,17,3,14,12,5,7,10.0613204766957,10.9639825190911,0.340569840223697,2020-02-24,2020,2
"2780","GO",5,"Centro-oeste",52003,"Aragarças",57756,23419.4107495325,9,7,1,6,1,6,0,0,0,0,0,7,1,6,1,6,3,10.0613204766957,10.9639825190911,0.321085493490346,2020-03-02,2020,3
"2781","GO",5,"Centro-oeste",52003,"Aragarças",57756,23419.4107495325,10,9,2,7,3,6,0,0,0,0,0,9,2,7,3,6,7,10.0613204766957,10.9639825190911,0.339910702934669,2020-03-09,2020,3
"2782","GO",5,"Centro-oeste",52003,"Aragarças",57756,23419.4107495325,11,6,2,4,2,4,0,0,0,0,0,6,2,4,2,4,12,10.0613204766957,10.9639825190911,0.405698561842819,2020-03-16,2020,3
"2783","GO",5,"Centro-oeste",52003,"Aragarças",57756,23419.4107495325,12,5,2,3,3,2,1,0,0,0,0,6,2,3,3,2,6,10.0613204766957,10.9639825190911,0.465225918757394,2020-03-23,2020,3
"2784","GO",5,"Centro-oeste",52003,"Aragarças",57756,23419.4107495325,13,9,1,8,4,5,0,0,0,0,0,9,1,8,4,5,7,10.0613204766957,10.9639825190911,0.427011409765356,2020-03-30,2020,3
"2785","GO",5,"Centro-oeste",52003,"Aragarças",57756,23419.4107495325,14,10,3,7,6,4,0,0,0,0,0,10,3,7,6,4,10,10.0613204766957,10.9639825190911,0.412607723309775,2020-04-06,2020,4
"2786","GO",5,"Centro-oeste",52003,"Aragarças",57756,23419.4107495325,15,11,0,11,4,7,0,0,0,0,0,11,0,11,4,7,7,10.0613204766957,10.9639825190911,0.393594059478679,2020-04-13,2020,4
"2787","GO",5,"Centro-oeste",52003,"Aragarças",57756,23419.4107495325,16,10,2,8,4,6,0,0,0,0,0,10,2,8,4,6,6,10.0613204766957,10.9639825190911,0.410805818493758,2020-04-20,2020,4
"2788","GO",5,"Centro-oeste",52003,"Aragarças",57756,23419.4107495325,17,9,2,7,5,4,0,0,0,0,0,9,2,7,5,4,6,10.0613204766957,10.9639825190911,0.401881513861072,2020-04-27,2020,4
"2789","GO",5,"Centro-oeste",52003,"Aragarças",57756,23419.4107495325,18,8,3,5,3,5,0,0,0,0,0,8,3,5,3,5,11,10.0613204766957,10.9639825190911,0.385355894315271,2020-05-04,2020,5
"2790","GO",5,"Centro-oeste",52003,"Aragarças",57756,23419.4107495325,19,17,2,15,4,13,0,0,0,0,0,17,2,15,4,13,8,10.0613204766957,10.9639825190911,0.413662410668161,2020-05-11,2020,5
"2791","GO",5,"Centro-oeste",52003,"Aragarças",57756,23419.4107495325,20,11,2,9,8,3,0,0,0,0,0,11,2,9,8,3,4,10.0613204766957,10.9639825190911,0.40552652515506,2020-05-18,2020,5
"2792","GO",5,"Centro-oeste",52003,"Aragarças",57756,23419.4107495325,21,14,4,10,9,5,0,0,0,0,0,14,4,10,9,5,10,10.0613204766957,10.9639825190911,0.398791107227921,2020-05-25,2020,5
"2793","GO",5,"Centro-oeste",52003,"Aragarças",57756,23419.4107495325,22,18,3,15,11,7,0,0,0,0,0,18,3,15,11,7,12,10.0613204766957,10.9639825190911,0.369515455331818,2020-06-01,2020,6
"2794","GO",5,"Centro-oeste",52003,"Aragarças",57756,23419.4107495325,23,14,2,12,5,9,0,0,0,0,0,14,2,12,5,9,12,10.0613204766957,10.9639825190911,0.398296113641787,2020-06-08,2020,6
"2795","GO",5,"Centro-oeste",52003,"Aragarças",57756,23419.4107495325,24,20,4,16,7,13,0,0,0,0,0,20,4,16,7,13,11,10.0613204766957,10.9639825190911,0.373605790118635,2020-06-15,2020,6
"2796","GO",5,"Centro-oeste",52003,"Aragarças",57756,23419.4107495325,25,13,2,11,5,8,0,0,0,0,0,13,2,11,5,8,8,10.0613204766957,10.9639825190911,0.359543592663763,2020-06-22,2020,6
"2797","GO",5,"Centro-oeste",52003,"Aragarças",57756,23419.4107495325,26,11,1,10,3,8,1,0,0,0,0,12,1,10,3,8,10,10.0613204766957,10.9639825190911,0.38047876970076,2020-06-29,2020,6
"2798","GO",5,"Centro-oeste",52003,"Aragarças",57756,23419.4107495325,27,14,3,11,7,7,0,0,0,0,0,14,3,11,7,7,16,10.0613204766957,10.9639825190911,0.39243246177165,2020-07-06,2020,7
"2799","GO",5,"Centro-oeste",52003,"Aragarças",57756,23419.4107495325,28,11,0,11,7,4,0,0,0,0,0,11,0,11,7,4,15,10.0613204766957,10.9639825190911,0.393991533885116,2020-07-13,2020,7
"2800","GO",5,"Centro-oeste",52003,"Aragarças",57756,23419.4107495325,29,10,4,6,5,5,0,0,0,0,0,10,4,6,5,5,11,10.0613204766957,10.9639825190911,0.400241013501417,2020-07-20,2020,7
"2801","GO",5,"Centro-oeste",52004,"Porangatu",238511,25626.3679325901,5,53,17,36,24,29,1,0,0,0,0,54,17,36,24,29,20,10.1513770977511,12.3821707098403,0.296932895717529,2020-02-03,2020,2
"2802","GO",5,"Centro-oeste",52004,"Porangatu",238511,25626.3679325901,6,47,5,42,23,24,1,0,0,0,0,48,5,42,23,24,39,10.1513770977511,12.3821707098403,0.277770387229149,2020-02-10,2020,2
"2803","GO",5,"Centro-oeste",52004,"Porangatu",238511,25626.3679325901,7,54,7,47,20,34,1,0,0,0,0,55,7,47,20,34,33,10.1513770977511,12.3821707098403,0.287385396115012,2020-02-17,2020,2
"2804","GO",5,"Centro-oeste",52004,"Porangatu",238511,25626.3679325901,8,38,5,33,19,19,1,0,0,0,0,39,5,33,19,19,28,10.1513770977511,12.3821707098403,0.332821206909774,2020-02-24,2020,2
"2805","GO",5,"Centro-oeste",52004,"Porangatu",238511,25626.3679325901,9,31,2,29,17,14,1,0,0,0,0,32,2,29,17,14,26,10.1513770977511,12.3821707098403,0.311545484891117,2020-03-02,2020,3
"2806","GO",5,"Centro-oeste",52004,"Porangatu",238511,25626.3679325901,10,29,8,21,12,17,0,0,0,0,0,29,8,21,12,17,31,10.1513770977511,12.3821707098403,0.320102425329103,2020-03-09,2020,3
"2807","GO",5,"Centro-oeste",52004,"Porangatu",238511,25626.3679325901,11,48,9,39,18,30,1,0,0,0,0,49,9,39,18,30,39,10.1513770977511,12.3821707098403,0.402438317228997,2020-03-16,2020,3
"2808","GO",5,"Centro-oeste",52004,"Porangatu",238511,25626.3679325901,12,41,8,33,21,20,0,0,0,0,0,41,8,33,21,20,24,10.1513770977511,12.3821707098403,0.473681209926459,2020-03-23,2020,3
"2809","GO",5,"Centro-oeste",52004,"Porangatu",238511,25626.3679325901,13,41,10,31,18,23,1,0,0,0,0,42,10,31,18,23,38,10.1513770977511,12.3821707098403,0.423524045212159,2020-03-30,2020,3
"2810","GO",5,"Centro-oeste",52004,"Porangatu",238511,25626.3679325901,14,49,11,38,32,17,0,0,0,0,0,49,11,38,32,17,29,10.1513770977511,12.3821707098403,0.432422769436597,2020-04-06,2020,4
"2811","GO",5,"Centro-oeste",52004,"Porangatu",238511,25626.3679325901,15,62,10,52,29,33,2,0,0,0,0,64,10,52,29,33,24,10.1513770977511,12.3821707098403,0.398467171267486,2020-04-13,2020,4
"2812","GO",5,"Centro-oeste",52004,"Porangatu",238511,25626.3679325901,16,50,10,40,26,24,0,0,0,0,0,50,10,40,26,24,26,10.1513770977511,12.3821707098403,0.395906417928154,2020-04-20,2020,4
"2813","GO",5,"Centro-oeste",52004,"Porangatu",238511,25626.3679325901,17,57,9,48,31,26,0,0,0,0,0,57,9,48,31,26,20,10.1513770977511,12.3821707098403,0.389714467020829,2020-04-27,2020,4
"2814","GO",5,"Centro-oeste",52004,"Porangatu",238511,25626.3679325901,18,53,8,45,21,32,0,0,0,0,0,53,8,45,21,32,25,10.1513770977511,12.3821707098403,0.375920290839321,2020-05-04,2020,5
"2815","GO",5,"Centro-oeste",52004,"Porangatu",238511,25626.3679325901,19,56,10,46,29,27,0,0,0,0,0,56,10,46,29,27,36,10.1513770977511,12.3821707098403,0.389199975421387,2020-05-11,2020,5
"2816","GO",5,"Centro-oeste",52004,"Porangatu",238511,25626.3679325901,20,53,12,41,20,33,0,0,0,0,0,53,12,41,20,33,24,10.1513770977511,12.3821707098403,0.395266769820645,2020-05-18,2020,5
"2817","GO",5,"Centro-oeste",52004,"Porangatu",238511,25626.3679325901,21,58,9,49,23,35,0,0,0,0,0,58,9,49,23,35,29,10.1513770977511,12.3821707098403,0.387378993166385,2020-05-25,2020,5
"2818","GO",5,"Centro-oeste",52004,"Porangatu",238511,25626.3679325901,22,62,15,47,27,35,1,0,0,0,0,63,15,47,27,35,33,10.1513770977511,12.3821707098403,0.371979698222466,2020-06-01,2020,6
"2819","GO",5,"Centro-oeste",52004,"Porangatu",238511,25626.3679325901,23,56,12,44,22,34,0,0,0,0,0,56,12,44,22,34,37,10.1513770977511,12.3821707098403,0.371812712502863,2020-06-08,2020,6
"2820","GO",5,"Centro-oeste",52004,"Porangatu",238511,25626.3679325901,24,72,19,53,25,47,0,0,0,0,0,72,19,53,25,47,30,10.1513770977511,12.3821707098403,0.368666650995155,2020-06-15,2020,6
"2821","GO",5,"Centro-oeste",52004,"Porangatu",238511,25626.3679325901,25,56,9,47,20,36,1,0,0,0,0,57,9,47,20,36,24,10.1513770977511,12.3821707098403,0.373539920675191,2020-06-22,2020,6
"2822","GO",5,"Centro-oeste",52004,"Porangatu",238511,25626.3679325901,26,54,12,42,23,31,1,0,0,0,0,55,12,42,23,31,35,10.1513770977511,12.3821707098403,0.39271466428231,2020-06-29,2020,6
"2823","GO",5,"Centro-oeste",52004,"Porangatu",238511,25626.3679325901,27,62,14,48,28,34,1,0,0,0,0,63,14,48,28,34,36,10.1513770977511,12.3821707098403,0.401587388254565,2020-07-06,2020,7
"2824","GO",5,"Centro-oeste",52004,"Porangatu",238511,25626.3679325901,28,54,6,48,25,29,1,0,0,0,0,55,6,48,25,29,42,10.1513770977511,12.3821707098403,0.385052914405651,2020-07-13,2020,7
"2825","GO",5,"Centro-oeste",52004,"Porangatu",238511,25626.3679325901,29,56,10,46,29,27,0,0,0,0,0,56,10,46,29,27,36,10.1513770977511,12.3821707098403,0.396107226782794,2020-07-20,2020,7
"2826","GO",5,"Centro-oeste",52005,"Chapada dos Veadeiros",70283,17227.2224920678,5,20,9,11,9,11,0,0,0,0,0,20,9,11,9,11,9,9.75424611467427,11.1602852277873,0.28982920794306,2020-02-03,2020,2
"2827","GO",5,"Centro-oeste",52005,"Chapada dos Veadeiros",70283,17227.2224920678,6,20,5,15,11,9,0,0,0,0,0,20,5,15,11,9,9,9.75424611467427,11.1602852277873,0.267217195870521,2020-02-10,2020,2
"2828","GO",5,"Centro-oeste",52005,"Chapada dos Veadeiros",70283,17227.2224920678,7,16,7,9,10,6,1,0,0,0,0,17,7,9,10,6,7,9.75424611467427,11.1602852277873,0.284832674601671,2020-02-17,2020,2
"2829","GO",5,"Centro-oeste",52005,"Chapada dos Veadeiros",70283,17227.2224920678,8,22,7,15,5,17,0,0,0,0,0,22,7,15,5,17,9,9.75424611467427,11.1602852277873,0.311707394966323,2020-02-24,2020,2
"2830","GO",5,"Centro-oeste",52005,"Chapada dos Veadeiros",70283,17227.2224920678,9,23,4,19,10,13,0,0,0,0,0,23,4,19,10,13,6,9.75424611467427,11.1602852277873,0.313171060109056,2020-03-02,2020,3
"2831","GO",5,"Centro-oeste",52005,"Chapada dos Veadeiros",70283,17227.2224920678,10,18,5,13,7,11,0,0,0,0,0,18,5,13,7,11,8,9.75424611467427,11.1602852277873,0.312925003097852,2020-03-09,2020,3
"2832","GO",5,"Centro-oeste",52005,"Chapada dos Veadeiros",70283,17227.2224920678,11,15,1,14,6,9,0,0,0,0,0,15,1,14,6,9,3,9.75424611467427,11.1602852277873,0.390709450642522,2020-03-16,2020,3
"2833","GO",5,"Centro-oeste",52005,"Chapada dos Veadeiros",70283,17227.2224920678,12,15,2,13,7,8,0,0,0,0,0,15,2,13,7,8,6,9.75424611467427,11.1602852277873,0.47702310098539,2020-03-23,2020,3
"2834","GO",5,"Centro-oeste",52005,"Chapada dos Veadeiros",70283,17227.2224920678,13,16,5,11,10,6,0,0,0,0,0,16,5,11,10,6,5,9.75424611467427,11.1602852277873,0.411230357502716,2020-03-30,2020,3
"2835","GO",5,"Centro-oeste",52005,"Chapada dos Veadeiros",70283,17227.2224920678,14,20,2,18,8,12,0,0,0,0,0,20,2,18,8,12,6,9.75424611467427,11.1602852277873,0.416345310487565,2020-04-06,2020,4
"2836","GO",5,"Centro-oeste",52005,"Chapada dos Veadeiros",70283,17227.2224920678,15,14,2,12,3,11,1,0,0,0,0,15,2,12,3,11,5,9.75424611467427,11.1602852277873,0.388978737864249,2020-04-13,2020,4
"2837","GO",5,"Centro-oeste",52005,"Chapada dos Veadeiros",70283,17227.2224920678,16,10,1,9,3,7,0,0,0,0,0,10,1,9,3,7,9,9.75424611467427,11.1602852277873,0.393263745176338,2020-04-20,2020,4
"2838","GO",5,"Centro-oeste",52005,"Chapada dos Veadeiros",70283,17227.2224920678,17,13,6,7,2,11,0,0,0,0,0,13,6,7,2,11,8,9.75424611467427,11.1602852277873,0.386595917217927,2020-04-27,2020,4
"2839","GO",5,"Centro-oeste",52005,"Chapada dos Veadeiros",70283,17227.2224920678,18,18,5,13,9,9,0,0,0,0,0,18,5,13,9,9,4,9.75424611467427,11.1602852277873,0.398523108007773,2020-05-04,2020,5
"2840","GO",5,"Centro-oeste",52005,"Chapada dos Veadeiros",70283,17227.2224920678,19,14,7,7,6,8,0,0,0,0,0,14,7,7,6,8,5,9.75424611467427,11.1602852277873,0.403409138927993,2020-05-11,2020,5
"2841","GO",5,"Centro-oeste",52005,"Chapada dos Veadeiros",70283,17227.2224920678,20,21,7,14,13,8,0,0,0,0,0,21,7,14,13,8,7,9.75424611467427,11.1602852277873,0.396261260163827,2020-05-18,2020,5
"2842","GO",5,"Centro-oeste",52005,"Chapada dos Veadeiros",70283,17227.2224920678,21,21,9,12,11,10,0,0,0,0,0,21,9,12,11,10,10,9.75424611467427,11.1602852277873,0.388864594690295,2020-05-25,2020,5
"2843","GO",5,"Centro-oeste",52005,"Chapada dos Veadeiros",70283,17227.2224920678,22,17,6,11,6,11,0,0,0,0,0,17,6,11,6,11,5,9.75424611467427,11.1602852277873,0.373180691961981,2020-06-01,2020,6
"2844","GO",5,"Centro-oeste",52005,"Chapada dos Veadeiros",70283,17227.2224920678,23,20,7,13,10,10,0,0,0,0,0,20,7,13,10,10,2,9.75424611467427,11.1602852277873,0.370918199785081,2020-06-08,2020,6
"2845","GO",5,"Centro-oeste",52005,"Chapada dos Veadeiros",70283,17227.2224920678,24,14,1,13,6,8,1,0,0,0,0,15,1,13,6,8,5,9.75424611467427,11.1602852277873,0.376492127384814,2020-06-15,2020,6
"2846","GO",5,"Centro-oeste",52005,"Chapada dos Veadeiros",70283,17227.2224920678,25,17,6,11,7,10,0,0,0,0,0,17,6,11,7,10,7,9.75424611467427,11.1602852277873,0.382042026681254,2020-06-22,2020,6
"2847","GO",5,"Centro-oeste",52005,"Chapada dos Veadeiros",70283,17227.2224920678,26,27,7,20,14,13,0,0,0,0,0,27,7,20,14,13,7,9.75424611467427,11.1602852277873,0.392291648656144,2020-06-29,2020,6
"2848","GO",5,"Centro-oeste",52005,"Chapada dos Veadeiros",70283,17227.2224920678,27,21,5,16,9,12,0,0,0,0,0,21,5,16,9,12,3,9.75424611467427,11.1602852277873,0.399725115737506,2020-07-06,2020,7
"2849","GO",5,"Centro-oeste",52005,"Chapada dos Veadeiros",70283,17227.2224920678,28,18,9,9,9,9,0,0,0,0,0,18,9,9,9,9,12,9.75424611467427,11.1602852277873,0.39079518027884,2020-07-13,2020,7
"2850","GO",5,"Centro-oeste",52005,"Chapada dos Veadeiros",70283,17227.2224920678,29,20,3,17,5,15,1,0,0,0,0,21,3,17,5,15,11,9.75424611467427,11.1602852277873,0.381812074871221,2020-07-20,2020,7
"2851","GO",5,"Centro-oeste",52006,"Ceres",253005,23051.9189190727,5,66,7,59,23,43,0,0,0,0,0,66,7,59,23,43,36,10.0455042952448,12.4411645303602,0.306550491936535,2020-02-03,2020,2
"2852","GO",5,"Centro-oeste",52006,"Ceres",253005,23051.9189190727,6,51,7,44,22,29,0,0,0,0,0,51,7,44,22,29,42,10.0455042952448,12.4411645303602,0.292965597844796,2020-02-10,2020,2
"2853","GO",5,"Centro-oeste",52006,"Ceres",253005,23051.9189190727,7,52,7,45,21,31,0,0,0,0,0,52,7,45,21,31,24,10.0455042952448,12.4411645303602,0.293549367609152,2020-02-17,2020,2
"2854","GO",5,"Centro-oeste",52006,"Ceres",253005,23051.9189190727,8,48,4,44,19,29,2,0,0,0,0,50,4,44,19,29,36,10.0455042952448,12.4411645303602,0.336284103382258,2020-02-24,2020,2
"2855","GO",5,"Centro-oeste",52006,"Ceres",253005,23051.9189190727,9,57,10,47,15,42,1,0,0,0,0,58,10,47,15,42,28,10.0455042952448,12.4411645303602,0.323606389000024,2020-03-02,2020,3
"2856","GO",5,"Centro-oeste",52006,"Ceres",253005,23051.9189190727,10,43,7,36,16,27,1,0,0,0,0,44,7,36,16,27,40,10.0455042952448,12.4411645303602,0.32849819936069,2020-03-09,2020,3
"2857","GO",5,"Centro-oeste",52006,"Ceres",253005,23051.9189190727,11,50,8,42,30,20,2,0,0,0,0,52,8,42,30,20,38,10.0455042952448,12.4411645303602,0.410145466658291,2020-03-16,2020,3
"2858","GO",5,"Centro-oeste",52006,"Ceres",253005,23051.9189190727,12,47,5,42,21,26,0,0,0,0,0,47,5,42,21,26,36,10.0455042952448,12.4411645303602,0.495474521685752,2020-03-23,2020,3
"2859","GO",5,"Centro-oeste",52006,"Ceres",253005,23051.9189190727,13,33,4,29,13,20,0,0,0,0,0,33,4,29,13,20,24,10.0455042952448,12.4411645303602,0.444959080458118,2020-03-30,2020,3
"2860","GO",5,"Centro-oeste",52006,"Ceres",253005,23051.9189190727,14,53,16,37,19,34,0,0,0,0,0,53,16,37,19,34,34,10.0455042952448,12.4411645303602,0.435257439114642,2020-04-06,2020,4
"2861","GO",5,"Centro-oeste",52006,"Ceres",253005,23051.9189190727,15,38,8,30,15,23,0,0,0,0,0,38,8,30,15,23,27,10.0455042952448,12.4411645303602,0.418576199954841,2020-04-13,2020,4
"2862","GO",5,"Centro-oeste",52006,"Ceres",253005,23051.9189190727,16,54,9,45,24,30,0,0,0,0,0,54,9,45,24,30,33,10.0455042952448,12.4411645303602,0.418170458666936,2020-04-20,2020,4
"2863","GO",5,"Centro-oeste",52006,"Ceres",253005,23051.9189190727,17,45,3,42,14,31,2,0,0,0,0,47,3,42,14,31,35,10.0455042952448,12.4411645303602,0.396437963338456,2020-04-27,2020,4
"2864","GO",5,"Centro-oeste",52006,"Ceres",253005,23051.9189190727,18,48,10,38,20,28,1,0,0,0,0,49,10,38,20,28,32,10.0455042952448,12.4411645303602,0.376162829041994,2020-05-04,2020,5
"2865","GO",5,"Centro-oeste",52006,"Ceres",253005,23051.9189190727,19,61,10,51,22,39,2,0,0,0,0,63,10,51,22,39,32,10.0455042952448,12.4411645303602,0.386455890901431,2020-05-11,2020,5
"2866","GO",5,"Centro-oeste",52006,"Ceres",253005,23051.9189190727,20,80,11,69,26,54,0,0,0,0,0,80,11,69,26,54,26,10.0455042952448,12.4411645303602,0.38747578708475,2020-05-18,2020,5
"2867","GO",5,"Centro-oeste",52006,"Ceres",253005,23051.9189190727,21,63,16,47,27,36,2,0,0,0,0,65,16,47,27,36,33,10.0455042952448,12.4411645303602,0.374974223592196,2020-05-25,2020,5
"2868","GO",5,"Centro-oeste",52006,"Ceres",253005,23051.9189190727,22,62,5,57,24,38,0,0,0,0,0,62,5,57,24,38,22,10.0455042952448,12.4411645303602,0.368803422359812,2020-06-01,2020,6
"2869","GO",5,"Centro-oeste",52006,"Ceres",253005,23051.9189190727,23,76,14,62,30,46,0,0,0,0,0,76,14,62,30,46,28,10.0455042952448,12.4411645303602,0.368956962267217,2020-06-08,2020,6
"2870","GO",5,"Centro-oeste",52006,"Ceres",253005,23051.9189190727,24,62,10,52,21,41,1,0,0,0,0,63,10,52,21,41,34,10.0455042952448,12.4411645303602,0.363631983429424,2020-06-15,2020,6
"2871","GO",5,"Centro-oeste",52006,"Ceres",253005,23051.9189190727,25,67,19,48,28,39,0,0,0,0,0,67,19,48,28,39,34,10.0455042952448,12.4411645303602,0.368161343500549,2020-06-22,2020,6
"2872","GO",5,"Centro-oeste",52006,"Ceres",253005,23051.9189190727,26,67,10,57,30,37,4,0,0,0,0,71,10,57,30,37,38,10.0455042952448,12.4411645303602,0.391309929868871,2020-06-29,2020,6
"2873","GO",5,"Centro-oeste",52006,"Ceres",253005,23051.9189190727,27,66,11,55,19,47,0,0,0,0,0,66,11,55,19,47,57,10.0455042952448,12.4411645303602,0.381393999710563,2020-07-06,2020,7
"2874","GO",5,"Centro-oeste",52006,"Ceres",253005,23051.9189190727,28,56,12,44,19,37,0,0,0,0,0,56,12,44,19,37,40,10.0455042952448,12.4411645303602,0.377879122047518,2020-07-13,2020,7
"2875","GO",5,"Centro-oeste",52006,"Ceres",253005,23051.9189190727,29,78,17,61,34,44,1,0,0,0,0,79,17,61,34,44,41,10.0455042952448,12.4411645303602,0.385812817848705,2020-07-20,2020,7
"2876","GO",5,"Centro-oeste",52007,"Anápolis",624349,30789.8985494331,5,171,27,144,75,96,1,0,0,0,0,172,27,144,75,96,69,10.3349419459938,13.3444647858763,0.287627969788398,2020-02-03,2020,2
"2877","GO",5,"Centro-oeste",52007,"Anápolis",624349,30789.8985494331,6,153,16,137,48,105,3,0,0,0,0,156,16,137,48,105,65,10.3349419459938,13.3444647858763,0.279967220216502,2020-02-10,2020,2
"2878","GO",5,"Centro-oeste",52007,"Anápolis",624349,30789.8985494331,7,149,18,131,48,101,1,0,0,0,0,150,18,131,48,101,79,10.3349419459938,13.3444647858763,0.293542001921637,2020-02-17,2020,2
"2879","GO",5,"Centro-oeste",52007,"Anápolis",624349,30789.8985494331,8,120,21,99,44,76,2,0,0,0,0,122,21,99,44,76,74,10.3349419459938,13.3444647858763,0.337108620658443,2020-02-24,2020,2
"2880","GO",5,"Centro-oeste",52007,"Anápolis",624349,30789.8985494331,9,124,23,101,42,82,0,0,0,0,0,124,23,101,42,82,91,10.3349419459938,13.3444647858763,0.307829755927877,2020-03-02,2020,3
"2881","GO",5,"Centro-oeste",52007,"Anápolis",624349,30789.8985494331,10,134,24,110,49,85,0,0,0,0,0,134,24,110,49,85,93,10.3349419459938,13.3444647858763,0.31810475999067,2020-03-09,2020,3
"2882","GO",5,"Centro-oeste",52007,"Anápolis",624349,30789.8985494331,11,126,30,96,38,88,0,0,0,0,0,126,30,96,38,88,85,10.3349419459938,13.3444647858763,0.412256209500315,2020-03-16,2020,3
"2883","GO",5,"Centro-oeste",52007,"Anápolis",624349,30789.8985494331,12,111,18,93,40,71,1,0,0,0,0,112,18,93,40,71,78,10.3349419459938,13.3444647858763,0.497324621362049,2020-03-23,2020,3
"2884","GO",5,"Centro-oeste",52007,"Anápolis",624349,30789.8985494331,13,121,16,105,35,86,1,0,0,0,0,122,16,105,35,86,85,10.3349419459938,13.3444647858763,0.443567830818404,2020-03-30,2020,3
"2885","GO",5,"Centro-oeste",52007,"Anápolis",624349,30789.8985494331,14,139,24,115,57,82,3,0,0,0,0,142,24,115,57,82,69,10.3349419459938,13.3444647858763,0.43193739782626,2020-04-06,2020,4
"2886","GO",5,"Centro-oeste",52007,"Anápolis",624349,30789.8985494331,15,150,26,124,56,94,2,0,0,0,0,152,26,124,56,94,70,10.3349419459938,13.3444647858763,0.41405479091145,2020-04-13,2020,4
"2887","GO",5,"Centro-oeste",52007,"Anápolis",624349,30789.8985494331,16,189,43,146,73,116,1,0,0,0,0,190,43,146,73,116,77,10.3349419459938,13.3444647858763,0.410405725109069,2020-04-20,2020,4
"2888","GO",5,"Centro-oeste",52007,"Anápolis",624349,30789.8985494331,17,158,16,142,59,99,3,0,0,0,0,161,16,142,59,99,59,10.3349419459938,13.3444647858763,0.390968078212486,2020-04-27,2020,4
"2889","GO",5,"Centro-oeste",52007,"Anápolis",624349,30789.8985494331,18,172,22,150,60,112,1,0,0,0,0,173,22,150,60,112,97,10.3349419459938,13.3444647858763,0.367239685780803,2020-05-04,2020,5
"2890","GO",5,"Centro-oeste",52007,"Anápolis",624349,30789.8985494331,19,159,20,139,58,101,0,0,0,0,0,159,20,139,58,101,89,10.3349419459938,13.3444647858763,0.37511225505991,2020-05-11,2020,5
"2891","GO",5,"Centro-oeste",52007,"Anápolis",624349,30789.8985494331,20,166,28,138,64,102,0,0,0,0,0,166,28,138,64,102,71,10.3349419459938,13.3444647858763,0.372099841370631,2020-05-18,2020,5
"2892","GO",5,"Centro-oeste",52007,"Anápolis",624349,30789.8985494331,21,161,25,136,73,88,1,0,0,0,0,162,25,136,73,88,68,10.3349419459938,13.3444647858763,0.365232738378077,2020-05-25,2020,5
"2893","GO",5,"Centro-oeste",52007,"Anápolis",624349,30789.8985494331,22,170,30,140,63,107,4,0,0,0,0,174,30,140,63,107,67,10.3349419459938,13.3444647858763,0.359024797598381,2020-06-01,2020,6
"2894","GO",5,"Centro-oeste",52007,"Anápolis",624349,30789.8985494331,23,172,22,150,72,100,0,0,0,0,0,172,22,150,72,100,72,10.3349419459938,13.3444647858763,0.364430586874878,2020-06-08,2020,6
"2895","GO",5,"Centro-oeste",52007,"Anápolis",624349,30789.8985494331,24,165,20,145,54,111,5,0,0,0,0,170,20,145,54,111,69,10.3349419459938,13.3444647858763,0.349861225945895,2020-06-15,2020,6
"2896","GO",5,"Centro-oeste",52007,"Anápolis",624349,30789.8985494331,25,165,24,141,63,102,4,0,0,0,0,169,24,141,63,102,93,10.3349419459938,13.3444647858763,0.357325023679841,2020-06-22,2020,6
"2897","GO",5,"Centro-oeste",52007,"Anápolis",624349,30789.8985494331,26,175,29,146,57,118,1,0,0,0,0,176,29,146,57,118,102,10.3349419459938,13.3444647858763,0.373194415991174,2020-06-29,2020,6
"2898","GO",5,"Centro-oeste",52007,"Anápolis",624349,30789.8985494331,27,148,27,121,71,77,2,0,0,0,0,150,27,121,71,77,92,10.3349419459938,13.3444647858763,0.381047047506209,2020-07-06,2020,7
"2899","GO",5,"Centro-oeste",52007,"Anápolis",624349,30789.8985494331,28,210,25,185,73,137,1,0,0,0,0,211,25,185,73,137,127,10.3349419459938,13.3444647858763,0.37134624182509,2020-07-13,2020,7
"2900","GO",5,"Centro-oeste",52007,"Anápolis",624349,30789.8985494331,29,169,24,145,56,113,0,0,0,0,0,169,24,145,56,113,133,10.3349419459938,13.3444647858763,0.372974924925569,2020-07-20,2020,7
"2901","GO",5,"Centro-oeste",52008,"Iporá",56077,20533.9594086702,5,18,2,16,5,13,1,0,0,0,0,19,2,16,5,13,7,9.92983535107066,10.9344810252704,0.281673456742966,2020-02-03,2020,2
"2902","GO",5,"Centro-oeste",52008,"Iporá",56077,20533.9594086702,6,10,2,8,3,7,0,0,0,0,0,10,2,8,3,7,7,9.92983535107066,10.9344810252704,0.266114792032644,2020-02-10,2020,2
"2903","GO",5,"Centro-oeste",52008,"Iporá",56077,20533.9594086702,7,10,0,10,9,1,0,0,0,0,0,10,0,10,9,1,3,9.92983535107066,10.9344810252704,0.286993510949893,2020-02-17,2020,2
"2904","GO",5,"Centro-oeste",52008,"Iporá",56077,20533.9594086702,8,15,0,15,4,11,1,0,0,0,0,16,0,15,4,11,11,9.92983535107066,10.9344810252704,0.325854996148398,2020-02-24,2020,2
"2905","GO",5,"Centro-oeste",52008,"Iporá",56077,20533.9594086702,9,6,0,6,3,3,0,0,0,0,0,6,0,6,3,3,9,9.92983535107066,10.9344810252704,0.29369240000227,2020-03-02,2020,3
"2906","GO",5,"Centro-oeste",52008,"Iporá",56077,20533.9594086702,10,7,2,5,2,5,0,0,0,0,0,7,2,5,2,5,8,9.92983535107066,10.9344810252704,0.301609936768473,2020-03-09,2020,3
"2907","GO",5,"Centro-oeste",52008,"Iporá",56077,20533.9594086702,11,5,0,5,2,3,0,0,0,0,0,5,0,5,2,3,8,9.92983535107066,10.9344810252704,0.374517376584016,2020-03-16,2020,3
"2908","GO",5,"Centro-oeste",52008,"Iporá",56077,20533.9594086702,12,11,0,11,1,10,0,0,0,0,0,11,0,11,1,10,4,9.92983535107066,10.9344810252704,0.456091747213924,2020-03-23,2020,3
"2909","GO",5,"Centro-oeste",52008,"Iporá",56077,20533.9594086702,13,10,0,10,3,7,0,0,0,0,0,10,0,10,3,7,8,9.92983535107066,10.9344810252704,0.393783714221193,2020-03-30,2020,3
"2910","GO",5,"Centro-oeste",52008,"Iporá",56077,20533.9594086702,14,14,1,13,2,12,0,0,0,0,0,14,1,13,2,12,7,9.92983535107066,10.9344810252704,0.380556000003533,2020-04-06,2020,4
"2911","GO",5,"Centro-oeste",52008,"Iporá",56077,20533.9594086702,15,14,1,13,5,9,0,0,0,0,0,14,1,13,5,9,6,9.92983535107066,10.9344810252704,0.368971158168699,2020-04-13,2020,4
"2912","GO",5,"Centro-oeste",52008,"Iporá",56077,20533.9594086702,16,11,1,10,4,7,0,0,0,0,0,11,1,10,4,7,7,9.92983535107066,10.9344810252704,0.371129937845578,2020-04-20,2020,4
"2913","GO",5,"Centro-oeste",52008,"Iporá",56077,20533.9594086702,17,11,0,11,5,6,0,0,0,0,0,11,0,11,5,6,12,9.92983535107066,10.9344810252704,0.357531354816505,2020-04-27,2020,4
"2914","GO",5,"Centro-oeste",52008,"Iporá",56077,20533.9594086702,18,9,0,9,5,4,0,0,0,0,0,9,0,9,5,4,8,9.92983535107066,10.9344810252704,0.350427663237911,2020-05-04,2020,5
"2915","GO",5,"Centro-oeste",52008,"Iporá",56077,20533.9594086702,19,11,0,11,6,5,0,0,0,0,0,11,0,11,6,5,12,9.92983535107066,10.9344810252704,0.335327659818317,2020-05-11,2020,5
"2916","GO",5,"Centro-oeste",52008,"Iporá",56077,20533.9594086702,20,15,4,11,5,10,0,0,0,0,0,15,4,11,5,10,9,9.92983535107066,10.9344810252704,0.347456562973082,2020-05-18,2020,5
"2917","GO",5,"Centro-oeste",52008,"Iporá",56077,20533.9594086702,21,12,3,9,6,6,0,0,0,0,0,12,3,9,6,6,11,9.92983535107066,10.9344810252704,0.354669509681593,2020-05-25,2020,5
"2918","GO",5,"Centro-oeste",52008,"Iporá",56077,20533.9594086702,22,16,0,16,5,11,0,0,0,0,0,16,0,16,5,11,7,9.92983535107066,10.9344810252704,0.3495551337708,2020-06-01,2020,6
"2919","GO",5,"Centro-oeste",52008,"Iporá",56077,20533.9594086702,23,16,3,13,4,12,1,0,0,0,0,17,3,13,4,12,10,9.92983535107066,10.9344810252704,0.377414590309763,2020-06-08,2020,6
"2920","GO",5,"Centro-oeste",52008,"Iporá",56077,20533.9594086702,24,13,0,13,5,8,0,0,0,0,0,13,0,13,5,8,3,9.92983535107066,10.9344810252704,0.356957546420398,2020-06-15,2020,6
"2921","GO",5,"Centro-oeste",52008,"Iporá",56077,20533.9594086702,25,15,2,13,8,7,0,0,0,0,0,15,2,13,8,7,7,9.92983535107066,10.9344810252704,0.358612705752377,2020-06-22,2020,6
"2922","GO",5,"Centro-oeste",52008,"Iporá",56077,20533.9594086702,26,15,1,14,8,7,0,0,0,0,0,15,1,14,8,7,17,9.92983535107066,10.9344810252704,0.359959370423646,2020-06-29,2020,6
"2923","GO",5,"Centro-oeste",52008,"Iporá",56077,20533.9594086702,27,21,2,19,10,11,0,0,0,0,0,21,2,19,10,11,11,9.92983535107066,10.9344810252704,0.352772289215692,2020-07-06,2020,7
"2924","GO",5,"Centro-oeste",52008,"Iporá",56077,20533.9594086702,28,15,1,14,5,10,0,0,0,0,0,15,1,14,5,10,13,9.92983535107066,10.9344810252704,0.348919636409123,2020-07-13,2020,7
"2925","GO",5,"Centro-oeste",52008,"Iporá",56077,20533.9594086702,29,12,1,11,4,8,0,0,0,0,0,12,1,11,4,8,8,9.92983535107066,10.9344810252704,0.351191375910888,2020-07-20,2020,7
"2926","GO",5,"Centro-oeste",52009,"Anicuns",118506,18972.7094585084,5,33,4,29,12,21,0,0,0,0,0,33,4,29,12,21,19,9.85075688132826,11.6827188711869,0.294511000493825,2020-02-03,2020,2
"2927","GO",5,"Centro-oeste",52009,"Anicuns",118506,18972.7094585084,6,17,3,14,6,11,0,0,0,0,0,17,3,14,6,11,23,9.85075688132826,11.6827188711869,0.281683989874143,2020-02-10,2020,2
"2928","GO",5,"Centro-oeste",52009,"Anicuns",118506,18972.7094585084,7,26,3,23,15,11,0,0,0,0,0,26,3,23,15,11,15,9.85075688132826,11.6827188711869,0.29555091260365,2020-02-17,2020,2
"2929","GO",5,"Centro-oeste",52009,"Anicuns",118506,18972.7094585084,8,23,5,18,14,9,0,0,0,0,0,23,5,18,14,9,18,9.85075688132826,11.6827188711869,0.334167509958534,2020-02-24,2020,2
"2930","GO",5,"Centro-oeste",52009,"Anicuns",118506,18972.7094585084,9,18,3,15,5,13,0,0,0,0,0,18,3,15,5,13,8,9.85075688132826,11.6827188711869,0.314612406667454,2020-03-02,2020,3
"2931","GO",5,"Centro-oeste",52009,"Anicuns",118506,18972.7094585084,10,12,2,10,5,7,0,0,0,0,0,12,2,10,5,7,14,9.85075688132826,11.6827188711869,0.331269771025176,2020-03-09,2020,3
"2932","GO",5,"Centro-oeste",52009,"Anicuns",118506,18972.7094585084,11,17,5,12,5,12,0,0,0,0,0,17,5,12,5,12,17,9.85075688132826,11.6827188711869,0.415287026790244,2020-03-16,2020,3
"2933","GO",5,"Centro-oeste",52009,"Anicuns",118506,18972.7094585084,12,15,2,13,7,8,0,0,0,0,0,15,2,13,7,8,11,9.85075688132826,11.6827188711869,0.49223305059069,2020-03-23,2020,3
"2934","GO",5,"Centro-oeste",52009,"Anicuns",118506,18972.7094585084,13,19,2,17,6,13,1,0,0,0,0,20,2,17,6,13,14,9.85075688132826,11.6827188711869,0.43272370520967,2020-03-30,2020,3
"2935","GO",5,"Centro-oeste",52009,"Anicuns",118506,18972.7094585084,14,24,4,20,11,13,1,0,0,0,0,25,4,20,11,13,16,9.85075688132826,11.6827188711869,0.422208141506552,2020-04-06,2020,4
"2936","GO",5,"Centro-oeste",52009,"Anicuns",118506,18972.7094585084,15,19,2,17,7,12,0,0,0,0,0,19,2,17,7,12,10,9.85075688132826,11.6827188711869,0.412243326847251,2020-04-13,2020,4
"2937","GO",5,"Centro-oeste",52009,"Anicuns",118506,18972.7094585084,16,25,6,19,11,14,0,0,0,0,0,25,6,19,11,14,13,9.85075688132826,11.6827188711869,0.398349006683287,2020-04-20,2020,4
"2938","GO",5,"Centro-oeste",52009,"Anicuns",118506,18972.7094585084,17,28,2,26,10,18,0,0,0,0,0,28,2,26,10,18,16,9.85075688132826,11.6827188711869,0.386435758591902,2020-04-27,2020,4
"2939","GO",5,"Centro-oeste",52009,"Anicuns",118506,18972.7094585084,18,14,4,10,3,11,1,0,0,0,0,15,4,10,3,11,13,9.85075688132826,11.6827188711869,0.367352102027448,2020-05-04,2020,5
"2940","GO",5,"Centro-oeste",52009,"Anicuns",118506,18972.7094585084,19,18,1,17,5,13,0,0,0,0,0,18,1,17,5,13,16,9.85075688132826,11.6827188711869,0.367654450375768,2020-05-11,2020,5
"2941","GO",5,"Centro-oeste",52009,"Anicuns",118506,18972.7094585084,20,24,1,23,6,18,1,0,0,0,0,25,1,23,6,18,17,9.85075688132826,11.6827188711869,0.3614777075311,2020-05-18,2020,5
"2942","GO",5,"Centro-oeste",52009,"Anicuns",118506,18972.7094585084,21,24,4,20,9,15,0,0,0,0,0,24,4,20,9,15,23,9.85075688132826,11.6827188711869,0.368642718837531,2020-05-25,2020,5
"2943","GO",5,"Centro-oeste",52009,"Anicuns",118506,18972.7094585084,22,24,2,22,14,10,0,0,0,0,0,24,2,22,14,10,22,9.85075688132826,11.6827188711869,0.369880251936539,2020-06-01,2020,6
"2944","GO",5,"Centro-oeste",52009,"Anicuns",118506,18972.7094585084,23,28,3,25,14,14,0,0,0,0,0,28,3,25,14,14,14,9.85075688132826,11.6827188711869,0.358026732067219,2020-06-08,2020,6
"2945","GO",5,"Centro-oeste",52009,"Anicuns",118506,18972.7094585084,24,30,5,25,13,17,1,0,0,0,0,31,5,25,13,17,17,9.85075688132826,11.6827188711869,0.352059134163914,2020-06-15,2020,6
"2946","GO",5,"Centro-oeste",52009,"Anicuns",118506,18972.7094585084,25,31,3,28,11,20,0,0,0,0,0,31,3,28,11,20,21,9.85075688132826,11.6827188711869,0.371429563988616,2020-06-22,2020,6
"2947","GO",5,"Centro-oeste",52009,"Anicuns",118506,18972.7094585084,26,25,4,21,8,17,0,0,0,0,0,25,4,21,8,17,11,9.85075688132826,11.6827188711869,0.378327087700395,2020-06-29,2020,6
"2948","GO",5,"Centro-oeste",52009,"Anicuns",118506,18972.7094585084,27,20,2,18,5,15,0,0,0,0,0,20,2,18,5,15,14,9.85075688132826,11.6827188711869,0.391664942569467,2020-07-06,2020,7
"2949","GO",5,"Centro-oeste",52009,"Anicuns",118506,18972.7094585084,28,32,7,25,13,19,0,0,0,0,0,32,7,25,13,19,19,9.85075688132826,11.6827188711869,0.376731465135363,2020-07-13,2020,7
"2950","GO",5,"Centro-oeste",52009,"Anicuns",118506,18972.7094585084,29,27,2,25,13,14,0,0,0,0,0,27,2,25,13,14,13,9.85075688132826,11.6827188711869,0.370245536056658,2020-07-20,2020,7
"2951","GO",5,"Centro-oeste",52010,"Goiânia",2583753,29461.4870868887,5,616,89,527,207,409,4,0,0,0,0,620,89,527,207,409,277,10.2908391669127,14.7647535510805,0.267713908518357,2020-02-03,2020,2
"2952","GO",5,"Centro-oeste",52010,"Goiânia",2583753,29461.4870868887,6,585,99,486,189,396,3,0,0,0,0,588,99,486,189,396,272,10.2908391669127,14.7647535510805,0.263188672198417,2020-02-10,2020,2
"2953","GO",5,"Centro-oeste",52010,"Goiânia",2583753,29461.4870868887,7,600,101,499,207,393,3,0,0,0,0,603,101,499,207,393,270,10.2908391669127,14.7647535510805,0.278569715782545,2020-02-17,2020,2
"2954","GO",5,"Centro-oeste",52010,"Goiânia",2583753,29461.4870868887,8,506,83,423,174,332,6,0,0,0,0,512,83,423,174,332,270,10.2908391669127,14.7647535510805,0.330403632091647,2020-02-24,2020,2
"2955","GO",5,"Centro-oeste",52010,"Goiânia",2583753,29461.4870868887,9,559,87,472,217,342,6,0,0,0,0,565,87,472,217,342,263,10.2908391669127,14.7647535510805,0.296157579852456,2020-03-02,2020,3
"2956","GO",5,"Centro-oeste",52010,"Goiânia",2583753,29461.4870868887,10,546,108,438,190,356,8,0,0,0,0,554,108,438,190,356,281,10.2908391669127,14.7647535510805,0.305613086274785,2020-03-09,2020,3
"2957","GO",5,"Centro-oeste",52010,"Goiânia",2583753,29461.4870868887,11,629,99,530,236,393,5,0,0,0,0,634,99,530,236,393,282,10.2908391669127,14.7647535510805,0.413558179347375,2020-03-16,2020,3
"2958","GO",5,"Centro-oeste",52010,"Goiânia",2583753,29461.4870868887,12,555,89,466,199,356,5,0,0,0,0,560,89,466,199,356,272,10.2908391669127,14.7647535510805,0.525602299396998,2020-03-23,2020,3
"2959","GO",5,"Centro-oeste",52010,"Goiânia",2583753,29461.4870868887,13,541,92,449,187,354,8,0,0,0,0,549,92,449,187,354,280,10.2908391669127,14.7647535510805,0.470119026189295,2020-03-30,2020,3
"2960","GO",5,"Centro-oeste",52010,"Goiânia",2583753,29461.4870868887,14,587,98,489,209,378,5,0,0,0,0,592,98,489,209,378,278,10.2908391669127,14.7647535510805,0.451832698527617,2020-04-06,2020,4
"2961","GO",5,"Centro-oeste",52010,"Goiânia",2583753,29461.4870868887,15,573,89,484,211,362,5,0,0,0,0,578,89,484,211,362,270,10.2908391669127,14.7647535510805,0.4382836655505,2020-04-13,2020,4
"2962","GO",5,"Centro-oeste",52010,"Goiânia",2583753,29461.4870868887,16,628,107,521,228,400,2,0,0,0,0,630,107,521,228,400,252,10.2908391669127,14.7647535510805,0.423460889863201,2020-04-20,2020,4
"2963","GO",5,"Centro-oeste",52010,"Goiânia",2583753,29461.4870868887,17,564,88,476,197,367,2,0,0,0,0,566,88,476,197,367,263,10.2908391669127,14.7647535510805,0.404678324262708,2020-04-27,2020,4
"2964","GO",5,"Centro-oeste",52010,"Goiânia",2583753,29461.4870868887,18,646,109,537,201,445,5,0,0,0,0,651,109,537,201,445,289,10.2908391669127,14.7647535510805,0.376409979114888,2020-05-04,2020,5
"2965","GO",5,"Centro-oeste",52010,"Goiânia",2583753,29461.4870868887,19,627,98,529,216,411,4,0,0,0,0,631,98,529,216,411,275,10.2908391669127,14.7647535510805,0.385346609958745,2020-05-11,2020,5
"2966","GO",5,"Centro-oeste",52010,"Goiânia",2583753,29461.4870868887,20,630,116,514,231,399,6,0,0,0,0,636,116,514,231,399,274,10.2908391669127,14.7647535510805,0.38152961437462,2020-05-18,2020,5
"2967","GO",5,"Centro-oeste",52010,"Goiânia",2583753,29461.4870868887,21,676,111,565,212,464,8,0,0,0,0,684,111,565,212,464,288,10.2908391669127,14.7647535510805,0.374888061175994,2020-05-25,2020,5
"2968","GO",5,"Centro-oeste",52010,"Goiânia",2583753,29461.4870868887,22,730,110,620,272,458,3,0,0,0,0,733,110,620,272,458,308,10.2908391669127,14.7647535510805,0.365318868623463,2020-06-01,2020,6
"2969","GO",5,"Centro-oeste",52010,"Goiânia",2583753,29461.4870868887,23,642,108,534,230,412,2,0,0,0,0,644,108,534,230,412,316,10.2908391669127,14.7647535510805,0.371280779243492,2020-06-08,2020,6
"2970","GO",5,"Centro-oeste",52010,"Goiânia",2583753,29461.4870868887,24,675,94,581,222,453,5,0,0,0,0,680,94,581,222,453,336,10.2908391669127,14.7647535510805,0.359767635056564,2020-06-15,2020,6
"2971","GO",5,"Centro-oeste",52010,"Goiânia",2583753,29461.4870868887,25,667,97,570,221,446,4,0,0,0,0,671,97,570,221,446,377,10.2908391669127,14.7647535510805,0.371880569921513,2020-06-22,2020,6
"2972","GO",5,"Centro-oeste",52010,"Goiânia",2583753,29461.4870868887,26,637,102,535,215,422,10,0,0,0,0,647,102,535,215,422,440,10.2908391669127,14.7647535510805,0.388136113061973,2020-06-29,2020,6
"2973","GO",5,"Centro-oeste",52010,"Goiânia",2583753,29461.4870868887,27,609,106,503,218,391,6,0,0,0,0,615,106,503,218,391,469,10.2908391669127,14.7647535510805,0.391806320423554,2020-07-06,2020,7
"2974","GO",5,"Centro-oeste",52010,"Goiânia",2583753,29461.4870868887,28,631,100,531,199,432,7,0,0,0,0,638,100,531,199,432,496,10.2908391669127,14.7647535510805,0.377634302750136,2020-07-13,2020,7
"2975","GO",5,"Centro-oeste",52010,"Goiânia",2583753,29461.4870868887,29,678,109,569,234,444,4,0,0,0,0,682,109,569,234,444,531,10.2908391669127,14.7647535510805,0.381034471212671,2020-07-20,2020,7
"2976","GO",5,"Centro-oeste",52011,"Vão do Paranã",124483,12811.3651725135,5,33,7,26,16,17,2,0,0,0,0,35,7,26,16,17,8,9.45808796005666,11.7319244393789,0.266183711578058,2020-02-03,2020,2
"2977","GO",5,"Centro-oeste",52011,"Vão do Paranã",124483,12811.3651725135,6,36,5,31,10,26,0,0,0,0,0,36,5,31,10,26,7,9.45808796005666,11.7319244393789,0.264305779205909,2020-02-10,2020,2
"2978","GO",5,"Centro-oeste",52011,"Vão do Paranã",124483,12811.3651725135,7,20,8,12,7,13,0,0,0,0,0,20,8,12,7,13,10,9.45808796005666,11.7319244393789,0.279809711500094,2020-02-17,2020,2
"2979","GO",5,"Centro-oeste",52011,"Vão do Paranã",124483,12811.3651725135,8,23,8,15,13,10,0,0,0,0,0,23,8,15,13,10,10,9.45808796005666,11.7319244393789,0.303967772824052,2020-02-24,2020,2
"2980","GO",5,"Centro-oeste",52011,"Vão do Paranã",124483,12811.3651725135,9,25,9,16,14,11,0,0,0,0,0,25,9,16,14,11,13,9.45808796005666,11.7319244393789,0.281390237924302,2020-03-02,2020,3
"2981","GO",5,"Centro-oeste",52011,"Vão do Paranã",124483,12811.3651725135,10,22,8,14,13,9,0,0,0,0,0,22,8,14,13,9,13,9.45808796005666,11.7319244393789,0.284238558856856,2020-03-09,2020,3
"2982","GO",5,"Centro-oeste",52011,"Vão do Paranã",124483,12811.3651725135,11,32,6,26,12,20,0,0,0,0,0,32,6,26,12,20,16,9.45808796005666,11.7319244393789,0.358727719275757,2020-03-16,2020,3
"2983","GO",5,"Centro-oeste",52011,"Vão do Paranã",124483,12811.3651725135,12,28,12,16,11,17,0,0,0,0,0,28,12,16,11,17,10,9.45808796005666,11.7319244393789,0.463485187128131,2020-03-23,2020,3
"2984","GO",5,"Centro-oeste",52011,"Vão do Paranã",124483,12811.3651725135,13,26,3,23,13,13,0,0,0,0,0,26,3,23,13,13,11,9.45808796005666,11.7319244393789,0.40716175278777,2020-03-30,2020,3
"2985","GO",5,"Centro-oeste",52011,"Vão do Paranã",124483,12811.3651725135,14,16,5,11,7,9,0,0,0,0,0,16,5,11,7,9,12,9.45808796005666,11.7319244393789,0.403643881646402,2020-04-06,2020,4
"2986","GO",5,"Centro-oeste",52011,"Vão do Paranã",124483,12811.3651725135,15,22,6,16,7,15,0,0,0,0,0,22,6,16,7,15,15,9.45808796005666,11.7319244393789,0.389722103532413,2020-04-13,2020,4
"2987","GO",5,"Centro-oeste",52011,"Vão do Paranã",124483,12811.3651725135,16,23,7,16,7,16,1,0,0,0,0,24,7,16,7,16,16,9.45808796005666,11.7319244393789,0.375076781657167,2020-04-20,2020,4
"2988","GO",5,"Centro-oeste",52011,"Vão do Paranã",124483,12811.3651725135,17,33,7,26,20,13,1,0,0,0,0,34,7,26,20,13,14,9.45808796005666,11.7319244393789,0.378992602493544,2020-04-27,2020,4
"2989","GO",5,"Centro-oeste",52011,"Vão do Paranã",124483,12811.3651725135,18,30,5,25,8,22,0,0,0,0,0,30,5,25,8,22,14,9.45808796005666,11.7319244393789,0.352606134613326,2020-05-04,2020,5
"2990","GO",5,"Centro-oeste",52011,"Vão do Paranã",124483,12811.3651725135,19,29,10,19,13,16,0,0,0,0,0,29,10,19,13,16,11,9.45808796005666,11.7319244393789,0.351767283768761,2020-05-11,2020,5
"2991","GO",5,"Centro-oeste",52011,"Vão do Paranã",124483,12811.3651725135,20,31,4,27,15,16,1,0,0,0,0,32,4,27,15,16,10,9.45808796005666,11.7319244393789,0.368257539555701,2020-05-18,2020,5
"2992","GO",5,"Centro-oeste",52011,"Vão do Paranã",124483,12811.3651725135,21,29,4,25,16,13,0,0,0,0,0,29,4,25,16,13,11,9.45808796005666,11.7319244393789,0.343353990397281,2020-05-25,2020,5
"2993","GO",5,"Centro-oeste",52011,"Vão do Paranã",124483,12811.3651725135,22,41,5,36,22,19,0,0,0,0,0,41,5,36,22,19,12,9.45808796005666,11.7319244393789,0.370246751814563,2020-06-01,2020,6
"2994","GO",5,"Centro-oeste",52011,"Vão do Paranã",124483,12811.3651725135,23,27,4,23,14,13,2,0,0,0,0,29,4,23,14,13,10,9.45808796005666,11.7319244393789,0.35905128162998,2020-06-08,2020,6
"2995","GO",5,"Centro-oeste",52011,"Vão do Paranã",124483,12811.3651725135,24,33,8,25,20,13,0,0,0,0,0,33,8,25,20,13,8,9.45808796005666,11.7319244393789,0.333046982323353,2020-06-15,2020,6
"2996","GO",5,"Centro-oeste",52011,"Vão do Paranã",124483,12811.3651725135,25,25,7,18,9,16,0,0,0,0,0,25,7,18,9,16,13,9.45808796005666,11.7319244393789,0.358088377668612,2020-06-22,2020,6
"2997","GO",5,"Centro-oeste",52011,"Vão do Paranã",124483,12811.3651725135,26,35,7,28,14,21,0,0,0,0,0,35,7,28,14,21,13,9.45808796005666,11.7319244393789,0.369404012759561,2020-06-29,2020,6
"2998","GO",5,"Centro-oeste",52011,"Vão do Paranã",124483,12811.3651725135,27,25,6,19,14,11,0,0,0,0,0,25,6,19,14,11,12,9.45808796005666,11.7319244393789,0.369255239442169,2020-07-06,2020,7
"2999","GO",5,"Centro-oeste",52011,"Vão do Paranã",124483,12811.3651725135,28,46,3,43,24,22,0,0,0,0,0,46,3,43,24,22,12,9.45808796005666,11.7319244393789,0.375522875151323,2020-07-13,2020,7
"3000","GO",5,"Centro-oeste",52011,"Vão do Paranã",124483,12811.3651725135,29,24,6,18,17,7,2,0,0,0,0,26,6,18,17,7,9,9.45808796005666,11.7319244393789,0.364850262099558,2020-07-20,2020,7
"3001","GO",5,"Centro-oeste",52012,"Entorno de Brasília",1310551,15468.7519384671,5,314,79,235,110,204,7,0,0,0,0,321,79,235,110,204,110,9.64657726406614,14.0859582174325,0.283332629241889,2020-02-03,2020,2
"3002","GO",5,"Centro-oeste",52012,"Entorno de Brasília",1310551,15468.7519384671,6,331,91,240,117,214,6,0,0,0,0,337,91,240,117,214,95,9.64657726406614,14.0859582174325,0.273914388003343,2020-02-10,2020,2
"3003","GO",5,"Centro-oeste",52012,"Entorno de Brasília",1310551,15468.7519384671,7,298,81,217,127,171,3,0,0,0,0,301,81,217,127,171,95,9.64657726406614,14.0859582174325,0.289043993218124,2020-02-17,2020,2
"3004","GO",5,"Centro-oeste",52012,"Entorno de Brasília",1310551,15468.7519384671,8,327,87,240,137,190,2,0,0,0,0,329,87,240,137,190,121,9.64657726406614,14.0859582174325,0.340859175498835,2020-02-24,2020,2
"3005","GO",5,"Centro-oeste",52012,"Entorno de Brasília",1310551,15468.7519384671,9,300,76,224,132,168,2,0,0,0,0,302,76,224,132,168,104,9.64657726406614,14.0859582174325,0.310904647948949,2020-03-02,2020,3
"3006","GO",5,"Centro-oeste",52012,"Entorno de Brasília",1310551,15468.7519384671,10,312,96,216,119,193,3,0,0,0,0,315,96,216,119,193,139,9.64657726406614,14.0859582174325,0.317819056004499,2020-03-09,2020,3
"3007","GO",5,"Centro-oeste",52012,"Entorno de Brasília",1310551,15468.7519384671,11,306,69,237,132,174,1,0,0,0,0,307,69,237,132,174,101,9.64657726406614,14.0859582174325,0.40880690322737,2020-03-16,2020,3
"3008","GO",5,"Centro-oeste",52012,"Entorno de Brasília",1310551,15468.7519384671,12,323,80,243,118,205,1,0,0,0,0,324,80,243,118,205,113,9.64657726406614,14.0859582174325,0.5113986603069,2020-03-23,2020,3
"3009","GO",5,"Centro-oeste",52012,"Entorno de Brasília",1310551,15468.7519384671,13,291,64,227,123,168,4,0,0,0,0,295,64,227,123,168,100,9.64657726406614,14.0859582174325,0.454842409747651,2020-03-30,2020,3
"3010","GO",5,"Centro-oeste",52012,"Entorno de Brasília",1310551,15468.7519384671,14,305,84,221,132,173,4,0,0,0,0,309,84,221,132,173,115,9.64657726406614,14.0859582174325,0.438422945458684,2020-04-06,2020,4
"3011","GO",5,"Centro-oeste",52012,"Entorno de Brasília",1310551,15468.7519384671,15,311,78,233,143,168,4,0,0,0,0,315,78,233,143,168,95,9.64657726406614,14.0859582174325,0.424405574673422,2020-04-13,2020,4
"3012","GO",5,"Centro-oeste",52012,"Entorno de Brasília",1310551,15468.7519384671,16,355,90,265,146,209,4,0,0,0,0,359,90,265,146,209,93,9.64657726406614,14.0859582174325,0.415741495174207,2020-04-20,2020,4
"3013","GO",5,"Centro-oeste",52012,"Entorno de Brasília",1310551,15468.7519384671,17,342,85,257,147,195,1,0,0,0,0,343,85,257,147,195,115,9.64657726406614,14.0859582174325,0.401516722892758,2020-04-27,2020,4
"3014","GO",5,"Centro-oeste",52012,"Entorno de Brasília",1310551,15468.7519384671,18,322,84,238,127,195,3,0,0,0,0,325,84,238,127,195,112,9.64657726406614,14.0859582174325,0.38236394559049,2020-05-04,2020,5
"3015","GO",5,"Centro-oeste",52012,"Entorno de Brasília",1310551,15468.7519384671,19,345,105,240,140,205,5,0,0,0,0,350,105,240,140,205,132,9.64657726406614,14.0859582174325,0.392899809213469,2020-05-11,2020,5
"3016","GO",5,"Centro-oeste",52012,"Entorno de Brasília",1310551,15468.7519384671,20,318,85,233,136,182,1,0,0,0,0,319,85,233,136,182,112,9.64657726406614,14.0859582174325,0.38961413033537,2020-05-18,2020,5
"3017","GO",5,"Centro-oeste",52012,"Entorno de Brasília",1310551,15468.7519384671,21,348,93,255,160,188,8,0,0,0,0,356,93,255,160,188,136,9.64657726406614,14.0859582174325,0.382529053886857,2020-05-25,2020,5
"3018","GO",5,"Centro-oeste",52012,"Entorno de Brasília",1310551,15468.7519384671,22,369,81,288,152,217,1,0,0,0,0,370,81,288,152,217,123,9.64657726406614,14.0859582174325,0.373777670813333,2020-06-01,2020,6
"3019","GO",5,"Centro-oeste",52012,"Entorno de Brasília",1310551,15468.7519384671,23,391,94,297,166,225,5,0,0,0,0,396,94,297,166,225,120,9.64657726406614,14.0859582174325,0.377558235211677,2020-06-08,2020,6
"3020","GO",5,"Centro-oeste",52012,"Entorno de Brasília",1310551,15468.7519384671,24,350,91,259,144,206,4,0,0,0,0,354,91,259,144,206,150,9.64657726406614,14.0859582174325,0.370138239694641,2020-06-15,2020,6
"3021","GO",5,"Centro-oeste",52012,"Entorno de Brasília",1310551,15468.7519384671,25,363,91,272,149,214,7,0,0,0,0,370,91,272,149,214,137,9.64657726406614,14.0859582174325,0.376615778356417,2020-06-22,2020,6
"3022","GO",5,"Centro-oeste",52012,"Entorno de Brasília",1310551,15468.7519384671,26,342,79,263,154,188,3,0,0,0,0,345,79,263,154,188,149,9.64657726406614,14.0859582174325,0.386164870323329,2020-06-29,2020,6
"3023","GO",5,"Centro-oeste",52012,"Entorno de Brasília",1310551,15468.7519384671,27,359,90,269,149,210,2,0,0,0,0,361,90,269,149,210,155,9.64657726406614,14.0859582174325,0.388280684210777,2020-07-06,2020,7
"3024","GO",5,"Centro-oeste",52012,"Entorno de Brasília",1310551,15468.7519384671,28,341,81,260,125,216,4,0,0,0,0,345,81,260,125,216,172,9.64657726406614,14.0859582174325,0.38554420946128,2020-07-13,2020,7
"3025","GO",5,"Centro-oeste",52012,"Entorno de Brasília",1310551,15468.7519384671,29,376,93,283,149,227,6,0,0,0,0,382,93,283,149,227,176,9.64657726406614,14.0859582174325,0.386262384646088,2020-07-20,2020,7
"3026","GO",5,"Centro-oeste",52013,"Sudoeste de Goiás",558560,42364.6450934725,5,143,28,115,53,90,0,0,0,0,0,143,28,115,53,90,64,10.6540694512452,13.2331173223389,0.280042333653993,2020-02-03,2020,2
"3027","GO",5,"Centro-oeste",52013,"Sudoeste de Goiás",558560,42364.6450934725,6,139,31,108,55,84,1,0,0,0,0,140,31,108,55,84,51,10.6540694512452,13.2331173223389,0.275279836469861,2020-02-10,2020,2
"3028","GO",5,"Centro-oeste",52013,"Sudoeste de Goiás",558560,42364.6450934725,7,140,28,112,66,74,0,0,0,0,0,140,28,112,66,74,55,10.6540694512452,13.2331173223389,0.289475123061394,2020-02-17,2020,2
"3029","GO",5,"Centro-oeste",52013,"Sudoeste de Goiás",558560,42364.6450934725,8,150,30,120,68,82,1,0,0,0,0,151,30,120,68,82,48,10.6540694512452,13.2331173223389,0.335623357064381,2020-02-24,2020,2
"3030","GO",5,"Centro-oeste",52013,"Sudoeste de Goiás",558560,42364.6450934725,9,124,25,99,44,80,1,0,0,0,0,125,25,99,44,80,52,10.6540694512452,13.2331173223389,0.299895737956009,2020-03-02,2020,3
"3031","GO",5,"Centro-oeste",52013,"Sudoeste de Goiás",558560,42364.6450934725,10,138,18,120,60,78,2,0,0,0,0,140,18,120,60,78,67,10.6540694512452,13.2331173223389,0.311449593244486,2020-03-09,2020,3
"3032","GO",5,"Centro-oeste",52013,"Sudoeste de Goiás",558560,42364.6450934725,11,124,29,95,62,62,1,0,0,0,0,125,29,95,62,62,68,10.6540694512452,13.2331173223389,0.403446628305359,2020-03-16,2020,3
"3033","GO",5,"Centro-oeste",52013,"Sudoeste de Goiás",558560,42364.6450934725,12,140,31,109,65,75,1,0,0,0,0,141,31,109,65,75,55,10.6540694512452,13.2331173223389,0.480601741691576,2020-03-23,2020,3
"3034","GO",5,"Centro-oeste",52013,"Sudoeste de Goiás",558560,42364.6450934725,13,125,25,100,48,77,1,0,0,0,0,126,25,100,48,77,44,10.6540694512452,13.2331173223389,0.433472205477927,2020-03-30,2020,3
"3035","GO",5,"Centro-oeste",52013,"Sudoeste de Goiás",558560,42364.6450934725,14,123,20,103,49,74,0,0,0,0,0,123,20,103,49,74,47,10.6540694512452,13.2331173223389,0.422056325730058,2020-04-06,2020,4
"3036","GO",5,"Centro-oeste",52013,"Sudoeste de Goiás",558560,42364.6450934725,15,141,31,110,59,82,2,0,0,0,0,143,31,110,59,82,44,10.6540694512452,13.2331173223389,0.397194411342318,2020-04-13,2020,4
"3037","GO",5,"Centro-oeste",52013,"Sudoeste de Goiás",558560,42364.6450934725,16,164,38,126,72,92,0,0,0,0,0,164,38,126,72,92,43,10.6540694512452,13.2331173223389,0.398453152994714,2020-04-20,2020,4
"3038","GO",5,"Centro-oeste",52013,"Sudoeste de Goiás",558560,42364.6450934725,17,140,31,109,52,88,2,0,0,0,0,142,31,109,52,88,59,10.6540694512452,13.2331173223389,0.386003383193139,2020-04-27,2020,4
"3039","GO",5,"Centro-oeste",52013,"Sudoeste de Goiás",558560,42364.6450934725,18,156,34,122,55,101,1,0,0,0,0,157,34,122,55,101,41,10.6540694512452,13.2331173223389,0.366854429562436,2020-05-04,2020,5
"3040","GO",5,"Centro-oeste",52013,"Sudoeste de Goiás",558560,42364.6450934725,19,136,25,111,63,73,0,0,0,0,0,136,25,111,63,73,54,10.6540694512452,13.2331173223389,0.376184447121476,2020-05-11,2020,5
"3041","GO",5,"Centro-oeste",52013,"Sudoeste de Goiás",558560,42364.6450934725,20,153,25,128,53,100,1,0,0,0,0,154,25,128,53,100,48,10.6540694512452,13.2331173223389,0.38226175493224,2020-05-18,2020,5
"3042","GO",5,"Centro-oeste",52013,"Sudoeste de Goiás",558560,42364.6450934725,21,150,28,122,57,93,0,0,0,0,0,150,28,122,57,93,64,10.6540694512452,13.2331173223389,0.374778344602678,2020-05-25,2020,5
"3043","GO",5,"Centro-oeste",52013,"Sudoeste de Goiás",558560,42364.6450934725,22,158,21,137,75,83,4,0,0,0,0,162,21,137,75,83,51,10.6540694512452,13.2331173223389,0.370677561675406,2020-06-01,2020,6
"3044","GO",5,"Centro-oeste",52013,"Sudoeste de Goiás",558560,42364.6450934725,23,132,26,106,49,83,1,0,0,0,0,133,26,106,49,83,66,10.6540694512452,13.2331173223389,0.425881258161836,2020-06-08,2020,6
"3045","GO",5,"Centro-oeste",52013,"Sudoeste de Goiás",558560,42364.6450934725,24,148,35,113,62,86,3,0,0,0,0,151,35,113,62,86,87,10.6540694512452,13.2331173223389,0.397231530861443,2020-06-15,2020,6
"3046","GO",5,"Centro-oeste",52013,"Sudoeste de Goiás",558560,42364.6450934725,25,139,29,110,57,82,1,0,0,0,0,140,29,110,57,82,100,10.6540694512452,13.2331173223389,0.380060759660785,2020-06-22,2020,6
"3047","GO",5,"Centro-oeste",52013,"Sudoeste de Goiás",558560,42364.6450934725,26,135,28,107,54,81,1,0,0,0,0,136,28,107,54,81,96,10.6540694512452,13.2331173223389,0.380174644796139,2020-06-29,2020,6
"3048","GO",5,"Centro-oeste",52013,"Sudoeste de Goiás",558560,42364.6450934725,27,149,30,119,54,95,1,0,0,0,0,150,30,119,54,95,97,10.6540694512452,13.2331173223389,0.398402630281263,2020-07-06,2020,7
"3049","GO",5,"Centro-oeste",52013,"Sudoeste de Goiás",558560,42364.6450934725,28,160,23,137,50,110,1,0,0,0,0,161,23,137,50,110,87,10.6540694512452,13.2331173223389,0.394813407912239,2020-07-13,2020,7
"3050","GO",5,"Centro-oeste",52013,"Sudoeste de Goiás",558560,42364.6450934725,29,140,21,119,61,79,2,0,0,0,0,142,21,119,61,79,68,10.6540694512452,13.2331173223389,0.379344716640951,2020-07-20,2020,7
"3051","GO",5,"Centro-oeste",52014,"Vale do Rio dos Bois",127367,41381.7026994433,5,22,3,19,8,14,0,0,0,0,0,22,3,19,8,14,24,10.6305940983371,11.7548279618794,0.291232036100611,2020-02-03,2020,2
"3052","GO",5,"Centro-oeste",52014,"Vale do Rio dos Bois",127367,41381.7026994433,6,25,2,23,11,14,0,0,0,0,0,25,2,23,11,14,8,10.6305940983371,11.7548279618794,0.277764064596066,2020-02-10,2020,2
"3053","GO",5,"Centro-oeste",52014,"Vale do Rio dos Bois",127367,41381.7026994433,7,21,5,16,12,9,0,0,0,0,0,21,5,16,12,9,16,10.6305940983371,11.7548279618794,0.289017741939357,2020-02-17,2020,2
"3054","GO",5,"Centro-oeste",52014,"Vale do Rio dos Bois",127367,41381.7026994433,8,35,9,26,10,25,0,0,0,0,0,35,9,26,10,25,14,10.6305940983371,11.7548279618794,0.321082574997023,2020-02-24,2020,2
"3055","GO",5,"Centro-oeste",52014,"Vale do Rio dos Bois",127367,41381.7026994433,9,25,4,21,9,16,0,0,0,0,0,25,4,21,9,16,20,10.6305940983371,11.7548279618794,0.304182407448009,2020-03-02,2020,3
"3056","GO",5,"Centro-oeste",52014,"Vale do Rio dos Bois",127367,41381.7026994433,10,17,7,10,9,8,0,0,0,0,0,17,7,10,9,8,14,10.6305940983371,11.7548279618794,0.318893414251883,2020-03-09,2020,3
"3057","GO",5,"Centro-oeste",52014,"Vale do Rio dos Bois",127367,41381.7026994433,11,23,5,18,10,13,0,0,0,0,0,23,5,18,10,13,12,10.6305940983371,11.7548279618794,0.384600671645053,2020-03-16,2020,3
"3058","GO",5,"Centro-oeste",52014,"Vale do Rio dos Bois",127367,41381.7026994433,12,31,7,24,14,17,0,0,0,0,0,31,7,24,14,17,14,10.6305940983371,11.7548279618794,0.45752176447037,2020-03-23,2020,3
"3059","GO",5,"Centro-oeste",52014,"Vale do Rio dos Bois",127367,41381.7026994433,13,21,6,15,10,11,0,0,0,0,0,21,6,15,10,11,16,10.6305940983371,11.7548279618794,0.414979916314044,2020-03-30,2020,3
"3060","GO",5,"Centro-oeste",52014,"Vale do Rio dos Bois",127367,41381.7026994433,14,34,8,26,14,20,0,0,0,0,0,34,8,26,14,20,14,10.6305940983371,11.7548279618794,0.410897666286598,2020-04-06,2020,4
"3061","GO",5,"Centro-oeste",52014,"Vale do Rio dos Bois",127367,41381.7026994433,15,18,3,15,8,10,1,0,0,0,0,19,3,15,8,10,15,10.6305940983371,11.7548279618794,0.397135167429184,2020-04-13,2020,4
"3062","GO",5,"Centro-oeste",52014,"Vale do Rio dos Bois",127367,41381.7026994433,16,29,5,24,9,20,0,0,0,0,0,29,5,24,9,20,15,10.6305940983371,11.7548279618794,0.381344562942823,2020-04-20,2020,4
"3063","GO",5,"Centro-oeste",52014,"Vale do Rio dos Bois",127367,41381.7026994433,17,34,8,26,16,18,1,0,0,0,0,35,8,26,16,18,12,10.6305940983371,11.7548279618794,0.389831980033586,2020-04-27,2020,4
"3064","GO",5,"Centro-oeste",52014,"Vale do Rio dos Bois",127367,41381.7026994433,18,30,8,22,14,16,0,0,0,0,0,30,8,22,14,16,25,10.6305940983371,11.7548279618794,0.365473231420526,2020-05-04,2020,5
"3065","GO",5,"Centro-oeste",52014,"Vale do Rio dos Bois",127367,41381.7026994433,19,40,5,35,23,17,0,0,0,0,0,40,5,35,23,17,17,10.6305940983371,11.7548279618794,0.376166715446691,2020-05-11,2020,5
"3066","GO",5,"Centro-oeste",52014,"Vale do Rio dos Bois",127367,41381.7026994433,20,25,4,21,10,15,0,0,0,0,0,25,4,21,10,15,18,10.6305940983371,11.7548279618794,0.387771821322228,2020-05-18,2020,5
"3067","GO",5,"Centro-oeste",52014,"Vale do Rio dos Bois",127367,41381.7026994433,21,41,5,36,19,22,0,0,0,0,0,41,5,36,19,22,15,10.6305940983371,11.7548279618794,0.373442705576477,2020-05-25,2020,5
"3068","GO",5,"Centro-oeste",52014,"Vale do Rio dos Bois",127367,41381.7026994433,22,34,6,28,13,21,0,0,0,0,0,34,6,28,13,21,20,10.6305940983371,11.7548279618794,0.369986940438527,2020-06-01,2020,6
"3069","GO",5,"Centro-oeste",52014,"Vale do Rio dos Bois",127367,41381.7026994433,23,31,8,23,15,16,0,0,0,0,0,31,8,23,15,16,16,10.6305940983371,11.7548279618794,0.367836919976711,2020-06-08,2020,6
"3070","GO",5,"Centro-oeste",52014,"Vale do Rio dos Bois",127367,41381.7026994433,24,36,10,26,21,15,1,0,0,0,0,37,10,26,21,15,21,10.6305940983371,11.7548279618794,0.378421418555182,2020-06-15,2020,6
"3071","GO",5,"Centro-oeste",52014,"Vale do Rio dos Bois",127367,41381.7026994433,25,32,6,26,15,17,0,0,0,0,0,32,6,26,15,17,16,10.6305940983371,11.7548279618794,0.380743530170778,2020-06-22,2020,6
"3072","GO",5,"Centro-oeste",52014,"Vale do Rio dos Bois",127367,41381.7026994433,26,35,8,27,12,23,0,0,0,0,0,35,8,27,12,23,23,10.6305940983371,11.7548279618794,0.387920369975675,2020-06-29,2020,6
"3073","GO",5,"Centro-oeste",52014,"Vale do Rio dos Bois",127367,41381.7026994433,27,24,7,17,10,14,0,0,0,0,0,24,7,17,10,14,19,10.6305940983371,11.7548279618794,0.389392007992022,2020-07-06,2020,7
"3074","GO",5,"Centro-oeste",52014,"Vale do Rio dos Bois",127367,41381.7026994433,28,36,5,31,13,23,1,0,0,0,0,37,5,31,13,23,20,10.6305940983371,11.7548279618794,0.373146145422705,2020-07-13,2020,7
"3075","GO",5,"Centro-oeste",52014,"Vale do Rio dos Bois",127367,41381.7026994433,29,22,4,18,13,9,0,0,0,0,0,22,4,18,13,9,25,10.6305940983371,11.7548279618794,0.385625281314611,2020-07-20,2020,7
"3076","GO",5,"Centro-oeste",52015,"Meia Ponte",414086,35848.4591213419,5,113,23,90,55,58,2,0,0,0,0,115,23,90,55,58,61,10.4870558638305,12.9338289607033,0.291156125046697,2020-02-03,2020,2
"3077","GO",5,"Centro-oeste",52015,"Meia Ponte",414086,35848.4591213419,6,76,21,55,32,44,1,0,0,0,0,77,21,55,32,44,51,10.4870558638305,12.9338289607033,0.290820635194471,2020-02-10,2020,2
"3078","GO",5,"Centro-oeste",52015,"Meia Ponte",414086,35848.4591213419,7,89,16,73,31,58,0,0,0,0,0,89,16,73,31,58,64,10.4870558638305,12.9338289607033,0.299186472551468,2020-02-17,2020,2
"3079","GO",5,"Centro-oeste",52015,"Meia Ponte",414086,35848.4591213419,8,73,11,62,28,45,1,0,0,0,0,74,11,62,28,45,45,10.4870558638305,12.9338289607033,0.335356696481927,2020-02-24,2020,2
"3080","GO",5,"Centro-oeste",52015,"Meia Ponte",414086,35848.4591213419,9,100,23,77,47,53,2,0,0,0,0,102,23,77,47,53,61,10.4870558638305,12.9338289607033,0.316413032043701,2020-03-02,2020,3
"3081","GO",5,"Centro-oeste",52015,"Meia Ponte",414086,35848.4591213419,10,74,17,57,33,41,0,0,0,0,0,74,17,57,33,41,56,10.4870558638305,12.9338289607033,0.327698034038843,2020-03-09,2020,3
"3082","GO",5,"Centro-oeste",52015,"Meia Ponte",414086,35848.4591213419,11,94,24,70,32,62,2,0,0,0,0,96,24,70,32,62,59,10.4870558638305,12.9338289607033,0.40276425641954,2020-03-16,2020,3
"3083","GO",5,"Centro-oeste",52015,"Meia Ponte",414086,35848.4591213419,12,90,22,68,35,55,1,0,0,0,0,91,22,68,35,55,43,10.4870558638305,12.9338289607033,0.504270976665398,2020-03-23,2020,3
"3084","GO",5,"Centro-oeste",52015,"Meia Ponte",414086,35848.4591213419,13,85,21,64,35,50,1,0,0,0,0,86,21,64,35,50,38,10.4870558638305,12.9338289607033,0.4627901087214,2020-03-30,2020,3
"3085","GO",5,"Centro-oeste",52015,"Meia Ponte",414086,35848.4591213419,14,97,26,71,42,55,0,0,0,0,0,97,26,71,42,55,62,10.4870558638305,12.9338289607033,0.445084371586476,2020-04-06,2020,4
"3086","GO",5,"Centro-oeste",52015,"Meia Ponte",414086,35848.4591213419,15,84,15,69,31,53,0,0,0,0,0,84,15,69,31,53,66,10.4870558638305,12.9338289607033,0.425103472428865,2020-04-13,2020,4
"3087","GO",5,"Centro-oeste",52015,"Meia Ponte",414086,35848.4591213419,16,93,15,78,35,58,0,0,0,0,0,93,15,78,35,58,46,10.4870558638305,12.9338289607033,0.415176299477132,2020-04-20,2020,4
"3088","GO",5,"Centro-oeste",52015,"Meia Ponte",414086,35848.4591213419,17,92,24,68,50,42,0,0,0,0,0,92,24,68,50,42,65,10.4870558638305,12.9338289607033,0.403155255052699,2020-04-27,2020,4
"3089","GO",5,"Centro-oeste",52015,"Meia Ponte",414086,35848.4591213419,18,96,22,74,32,64,0,0,0,0,0,96,22,74,32,64,78,10.4870558638305,12.9338289607033,0.381981238744403,2020-05-04,2020,5
"3090","GO",5,"Centro-oeste",52015,"Meia Ponte",414086,35848.4591213419,19,109,27,82,49,60,1,0,0,0,0,110,27,82,49,60,57,10.4870558638305,12.9338289607033,0.392690595184865,2020-05-11,2020,5
"3091","GO",5,"Centro-oeste",52015,"Meia Ponte",414086,35848.4591213419,20,101,23,78,34,67,1,0,0,0,0,102,23,78,34,67,52,10.4870558638305,12.9338289607033,0.398203315265577,2020-05-18,2020,5
"3092","GO",5,"Centro-oeste",52015,"Meia Ponte",414086,35848.4591213419,21,109,21,88,45,64,1,0,0,0,0,110,21,88,45,64,63,10.4870558638305,12.9338289607033,0.37993572473713,2020-05-25,2020,5
"3093","GO",5,"Centro-oeste",52015,"Meia Ponte",414086,35848.4591213419,22,129,20,109,48,81,2,0,0,0,0,131,20,109,48,81,72,10.4870558638305,12.9338289607033,0.377324220964301,2020-06-01,2020,6
"3094","GO",5,"Centro-oeste",52015,"Meia Ponte",414086,35848.4591213419,23,106,25,81,44,62,0,0,0,0,0,106,25,81,44,62,43,10.4870558638305,12.9338289607033,0.378749597170671,2020-06-08,2020,6
"3095","GO",5,"Centro-oeste",52015,"Meia Ponte",414086,35848.4591213419,24,104,24,80,38,66,1,0,0,0,0,105,24,80,38,66,64,10.4870558638305,12.9338289607033,0.372357501791849,2020-06-15,2020,6
"3096","GO",5,"Centro-oeste",52015,"Meia Ponte",414086,35848.4591213419,25,105,20,85,46,59,0,0,0,0,0,105,20,85,46,59,52,10.4870558638305,12.9338289607033,0.381667892401563,2020-06-22,2020,6
"3097","GO",5,"Centro-oeste",52015,"Meia Ponte",414086,35848.4591213419,26,88,16,72,26,62,1,0,0,0,0,89,16,72,26,62,60,10.4870558638305,12.9338289607033,0.393645782080887,2020-06-29,2020,6
"3098","GO",5,"Centro-oeste",52015,"Meia Ponte",414086,35848.4591213419,27,94,22,72,37,57,1,0,0,0,0,95,22,72,37,57,65,10.4870558638305,12.9338289607033,0.40113524687898,2020-07-06,2020,7
"3099","GO",5,"Centro-oeste",52015,"Meia Ponte",414086,35848.4591213419,28,123,28,95,55,68,2,0,0,0,0,125,28,95,55,68,79,10.4870558638305,12.9338289607033,0.389677758137935,2020-07-13,2020,7
"3100","GO",5,"Centro-oeste",52015,"Meia Ponte",414086,35848.4591213419,29,104,22,82,48,56,0,0,0,0,0,104,22,82,48,56,71,10.4870558638305,12.9338289607033,0.385736023947715,2020-07-20,2020,7
"3101","GO",5,"Centro-oeste",52016,"Pires do Rio",101396,32181.7704471577,5,18,7,11,9,9,0,0,0,0,0,18,7,11,9,9,14,10.379155436036,11.5267889216294,0.272053173612275,2020-02-03,2020,2
"3102","GO",5,"Centro-oeste",52016,"Pires do Rio",101396,32181.7704471577,6,13,3,10,6,7,0,0,0,0,0,13,3,10,6,7,19,10.379155436036,11.5267889216294,0.269083676984023,2020-02-10,2020,2
"3103","GO",5,"Centro-oeste",52016,"Pires do Rio",101396,32181.7704471577,7,20,2,18,7,13,0,0,0,0,0,20,2,18,7,13,16,10.379155436036,11.5267889216294,0.292861453744902,2020-02-17,2020,2
"3104","GO",5,"Centro-oeste",52016,"Pires do Rio",101396,32181.7704471577,8,16,4,12,7,9,0,0,0,0,0,16,4,12,7,9,10,10.379155436036,11.5267889216294,0.323926561368717,2020-02-24,2020,2
"3105","GO",5,"Centro-oeste",52016,"Pires do Rio",101396,32181.7704471577,9,8,1,7,6,2,0,0,0,0,0,8,1,7,6,2,16,10.379155436036,11.5267889216294,0.300834933815713,2020-03-02,2020,3
"3106","GO",5,"Centro-oeste",52016,"Pires do Rio",101396,32181.7704471577,10,21,4,17,12,9,0,0,0,0,0,21,4,17,12,9,15,10.379155436036,11.5267889216294,0.310782381970268,2020-03-09,2020,3
"3107","GO",5,"Centro-oeste",52016,"Pires do Rio",101396,32181.7704471577,11,11,4,7,4,7,0,0,0,0,0,11,4,7,4,7,12,10.379155436036,11.5267889216294,0.393523687373397,2020-03-16,2020,3
"3108","GO",5,"Centro-oeste",52016,"Pires do Rio",101396,32181.7704471577,12,20,4,16,6,14,0,0,0,0,0,20,4,16,6,14,13,10.379155436036,11.5267889216294,0.469631155328662,2020-03-23,2020,3
"3109","GO",5,"Centro-oeste",52016,"Pires do Rio",101396,32181.7704471577,13,13,1,12,8,5,0,0,0,0,0,13,1,12,8,5,13,10.379155436036,11.5267889216294,0.425812672120485,2020-03-30,2020,3
"3110","GO",5,"Centro-oeste",52016,"Pires do Rio",101396,32181.7704471577,14,16,4,12,9,7,0,0,0,0,0,16,4,12,9,7,10,10.379155436036,11.5267889216294,0.424659468480031,2020-04-06,2020,4
"3111","GO",5,"Centro-oeste",52016,"Pires do Rio",101396,32181.7704471577,15,22,5,17,6,16,1,0,0,0,0,23,5,17,6,16,10,10.379155436036,11.5267889216294,0.394867357968573,2020-04-13,2020,4
"3112","GO",5,"Centro-oeste",52016,"Pires do Rio",101396,32181.7704471577,16,22,4,18,11,11,0,0,0,0,0,22,4,18,11,11,25,10.379155436036,11.5267889216294,0.392809192322014,2020-04-20,2020,4
"3113","GO",5,"Centro-oeste",52016,"Pires do Rio",101396,32181.7704471577,17,21,5,16,9,12,0,0,0,0,0,21,5,16,9,12,18,10.379155436036,11.5267889216294,0.389422261157188,2020-04-27,2020,4
"3114","GO",5,"Centro-oeste",52016,"Pires do Rio",101396,32181.7704471577,18,22,2,20,9,13,0,0,0,0,0,22,2,20,9,13,20,10.379155436036,11.5267889216294,0.371043967385772,2020-05-04,2020,5
"3115","GO",5,"Centro-oeste",52016,"Pires do Rio",101396,32181.7704471577,19,23,2,21,9,14,1,0,0,0,0,24,2,21,9,14,11,10.379155436036,11.5267889216294,0.379982719143781,2020-05-11,2020,5
"3116","GO",5,"Centro-oeste",52016,"Pires do Rio",101396,32181.7704471577,20,20,7,13,6,14,0,0,0,0,0,20,7,13,6,14,14,10.379155436036,11.5267889216294,0.369399347676369,2020-05-18,2020,5
"3117","GO",5,"Centro-oeste",52016,"Pires do Rio",101396,32181.7704471577,21,33,4,29,13,20,0,0,0,0,0,33,4,29,13,20,13,10.379155436036,11.5267889216294,0.379113382998841,2020-05-25,2020,5
"3118","GO",5,"Centro-oeste",52016,"Pires do Rio",101396,32181.7704471577,22,31,5,26,14,17,0,0,0,0,0,31,5,26,14,17,12,10.379155436036,11.5267889216294,0.378733639975425,2020-06-01,2020,6
"3119","GO",5,"Centro-oeste",52016,"Pires do Rio",101396,32181.7704471577,23,27,3,24,14,13,0,0,0,0,0,27,3,24,14,13,15,10.379155436036,11.5267889216294,0.398999332804994,2020-06-08,2020,6
"3120","GO",5,"Centro-oeste",52016,"Pires do Rio",101396,32181.7704471577,24,17,5,12,8,9,0,0,0,0,0,17,5,12,8,9,17,10.379155436036,11.5267889216294,0.374599872050056,2020-06-15,2020,6
"3121","GO",5,"Centro-oeste",52016,"Pires do Rio",101396,32181.7704471577,25,18,6,12,3,15,0,0,0,0,0,18,6,12,3,15,13,10.379155436036,11.5267889216294,0.378848252440679,2020-06-22,2020,6
"3122","GO",5,"Centro-oeste",52016,"Pires do Rio",101396,32181.7704471577,26,21,5,16,9,12,0,0,0,0,0,21,5,16,9,12,14,10.379155436036,11.5267889216294,0.391732815295927,2020-06-29,2020,6
"3123","GO",5,"Centro-oeste",52016,"Pires do Rio",101396,32181.7704471577,27,26,7,19,14,12,0,0,0,0,0,26,7,19,14,12,22,10.379155436036,11.5267889216294,0.387071876206949,2020-07-06,2020,7
"3124","GO",5,"Centro-oeste",52016,"Pires do Rio",101396,32181.7704471577,28,32,5,27,10,22,0,0,0,0,0,32,5,27,10,22,23,10.379155436036,11.5267889216294,0.376585434800697,2020-07-13,2020,7
"3125","GO",5,"Centro-oeste",52016,"Pires do Rio",101396,32181.7704471577,29,24,5,19,7,17,0,0,0,0,0,24,5,19,7,17,15,10.379155436036,11.5267889216294,0.381477522015558,2020-07-20,2020,7
"3126","GO",5,"Centro-oeste",52017,"Catalão",179314,57933.2896768239,5,38,8,30,15,23,0,0,0,0,0,38,8,30,15,23,23,10.9670474495804,12.0968937379728,0.286975386031441,2020-02-03,2020,2
"3127","GO",5,"Centro-oeste",52017,"Catalão",179314,57933.2896768239,6,27,2,25,8,19,0,0,0,0,0,27,2,25,8,19,24,10.9670474495804,12.0968937379728,0.271196639000938,2020-02-10,2020,2
"3128","GO",5,"Centro-oeste",52017,"Catalão",179314,57933.2896768239,7,52,7,45,21,31,1,0,0,0,0,53,7,45,21,31,14,10.9670474495804,12.0968937379728,0.289451490369531,2020-02-17,2020,2
"3129","GO",5,"Centro-oeste",52017,"Catalão",179314,57933.2896768239,8,45,6,39,11,34,0,0,0,0,0,45,6,39,11,34,23,10.9670474495804,12.0968937379728,0.335981281835601,2020-02-24,2020,2
"3130","GO",5,"Centro-oeste",52017,"Catalão",179314,57933.2896768239,9,36,4,32,13,23,1,0,0,0,0,37,4,32,13,23,21,10.9670474495804,12.0968937379728,0.301355246260264,2020-03-02,2020,3
"3131","GO",5,"Centro-oeste",52017,"Catalão",179314,57933.2896768239,10,41,4,37,17,24,0,0,0,0,0,41,4,37,17,24,17,10.9670474495804,12.0968937379728,0.313497778714625,2020-03-09,2020,3
"3132","GO",5,"Centro-oeste",52017,"Catalão",179314,57933.2896768239,11,37,4,33,13,24,0,0,0,0,0,37,4,33,13,24,25,10.9670474495804,12.0968937379728,0.405830768201207,2020-03-16,2020,3
"3133","GO",5,"Centro-oeste",52017,"Catalão",179314,57933.2896768239,12,28,8,20,13,15,1,0,0,0,0,29,8,20,13,15,22,10.9670474495804,12.0968937379728,0.495968497794647,2020-03-23,2020,3
"3134","GO",5,"Centro-oeste",52017,"Catalão",179314,57933.2896768239,13,45,12,33,20,25,1,0,0,0,0,46,12,33,20,25,13,10.9670474495804,12.0968937379728,0.456204947268828,2020-03-30,2020,3
"3135","GO",5,"Centro-oeste",52017,"Catalão",179314,57933.2896768239,14,40,8,32,16,24,0,0,0,0,0,40,8,32,16,24,13,10.9670474495804,12.0968937379728,0.435778696454611,2020-04-06,2020,4
"3136","GO",5,"Centro-oeste",52017,"Catalão",179314,57933.2896768239,15,26,3,23,11,15,0,0,0,0,0,26,3,23,11,15,16,10.9670474495804,12.0968937379728,0.42112716826511,2020-04-13,2020,4
"3137","GO",5,"Centro-oeste",52017,"Catalão",179314,57933.2896768239,16,50,13,37,19,31,0,0,0,0,0,50,13,37,19,31,18,10.9670474495804,12.0968937379728,0.408643539856444,2020-04-20,2020,4
"3138","GO",5,"Centro-oeste",52017,"Catalão",179314,57933.2896768239,17,37,10,27,14,23,0,0,0,0,0,37,10,27,14,23,18,10.9670474495804,12.0968937379728,0.398129427495804,2020-04-27,2020,4
"3139","GO",5,"Centro-oeste",52017,"Catalão",179314,57933.2896768239,18,35,5,30,14,21,0,0,0,0,0,35,5,30,14,21,20,10.9670474495804,12.0968937379728,0.375256248262646,2020-05-04,2020,5
"3140","GO",5,"Centro-oeste",52017,"Catalão",179314,57933.2896768239,19,42,11,31,15,27,0,0,0,0,0,42,11,31,15,27,21,10.9670474495804,12.0968937379728,0.387420036379713,2020-05-11,2020,5
"3141","GO",5,"Centro-oeste",52017,"Catalão",179314,57933.2896768239,20,37,10,27,11,26,1,0,0,0,0,38,10,27,11,26,20,10.9670474495804,12.0968937379728,0.388844494993933,2020-05-18,2020,5
"3142","GO",5,"Centro-oeste",52017,"Catalão",179314,57933.2896768239,21,31,5,26,10,21,0,0,0,0,0,31,5,26,10,21,21,10.9670474495804,12.0968937379728,0.388565152703407,2020-05-25,2020,5
"3143","GO",5,"Centro-oeste",52017,"Catalão",179314,57933.2896768239,22,54,13,41,20,34,0,0,0,0,0,54,13,41,20,34,24,10.9670474495804,12.0968937379728,0.384383190441557,2020-06-01,2020,6
"3144","GO",5,"Centro-oeste",52017,"Catalão",179314,57933.2896768239,23,57,8,49,20,37,0,0,0,0,0,57,8,49,20,37,29,10.9670474495804,12.0968937379728,0.395842208275943,2020-06-08,2020,6
"3145","GO",5,"Centro-oeste",52017,"Catalão",179314,57933.2896768239,24,42,6,36,19,23,0,0,0,0,0,42,6,36,19,23,16,10.9670474495804,12.0968937379728,0.386056295608446,2020-06-15,2020,6
"3146","GO",5,"Centro-oeste",52017,"Catalão",179314,57933.2896768239,25,35,5,30,14,21,0,0,0,0,0,35,5,30,14,21,22,10.9670474495804,12.0968937379728,0.387655030092612,2020-06-22,2020,6
"3147","GO",5,"Centro-oeste",52017,"Catalão",179314,57933.2896768239,26,40,10,30,9,31,0,0,0,0,0,40,10,30,9,31,29,10.9670474495804,12.0968937379728,0.37987136028535,2020-06-29,2020,6
"3148","GO",5,"Centro-oeste",52017,"Catalão",179314,57933.2896768239,27,52,16,36,14,38,1,0,0,0,0,53,16,36,14,38,25,10.9670474495804,12.0968937379728,0.390570604236874,2020-07-06,2020,7
"3149","GO",5,"Centro-oeste",52017,"Catalão",179314,57933.2896768239,28,48,7,41,11,37,1,0,0,0,0,49,7,41,11,37,25,10.9670474495804,12.0968937379728,0.385358242037777,2020-07-13,2020,7
"3150","GO",5,"Centro-oeste",52017,"Catalão",179314,57933.2896768239,29,41,10,31,14,27,1,0,0,0,0,42,10,31,14,27,30,10.9670474495804,12.0968937379728,0.385899667895794,2020-07-20,2020,7
"3151","GO",5,"Centro-oeste",52018,"Quirinópolis",130105,34383.6517256062,5,18,1,17,7,11,0,0,0,0,0,18,1,17,7,11,17,10.4453364898642,11.7760970957375,0.282244936802831,2020-02-03,2020,2
"3152","GO",5,"Centro-oeste",52018,"Quirinópolis",130105,34383.6517256062,6,37,7,30,14,23,0,0,0,0,0,37,7,30,14,23,19,10.4453364898642,11.7760970957375,0.286925892965225,2020-02-10,2020,2
"3153","GO",5,"Centro-oeste",52018,"Quirinópolis",130105,34383.6517256062,7,23,5,18,10,13,0,0,0,0,0,23,5,18,10,13,20,10.4453364898642,11.7760970957375,0.303265168725104,2020-02-17,2020,2
"3154","GO",5,"Centro-oeste",52018,"Quirinópolis",130105,34383.6517256062,8,21,2,19,12,9,0,0,0,0,0,21,2,19,12,9,13,10.4453364898642,11.7760970957375,0.333907952721361,2020-02-24,2020,2
"3155","GO",5,"Centro-oeste",52018,"Quirinópolis",130105,34383.6517256062,9,22,3,19,12,10,0,0,0,0,0,22,3,19,12,10,12,10.4453364898642,11.7760970957375,0.323380808792085,2020-03-02,2020,3
"3156","GO",5,"Centro-oeste",52018,"Quirinópolis",130105,34383.6517256062,10,25,7,18,11,14,0,0,0,0,0,25,7,18,11,14,19,10.4453364898642,11.7760970957375,0.328715291597954,2020-03-09,2020,3
"3157","GO",5,"Centro-oeste",52018,"Quirinópolis",130105,34383.6517256062,11,15,4,11,5,10,0,0,0,0,0,15,4,11,5,10,15,10.4453364898642,11.7760970957375,0.393779953403299,2020-03-16,2020,3
"3158","GO",5,"Centro-oeste",52018,"Quirinópolis",130105,34383.6517256062,12,20,1,19,9,11,0,0,0,0,0,20,1,19,9,11,22,10.4453364898642,11.7760970957375,0.473412410832306,2020-03-23,2020,3
"3159","GO",5,"Centro-oeste",52018,"Quirinópolis",130105,34383.6517256062,13,19,4,15,7,12,1,0,0,0,0,20,4,15,7,12,10,10.4453364898642,11.7760970957375,0.431634714970757,2020-03-30,2020,3
"3160","GO",5,"Centro-oeste",52018,"Quirinópolis",130105,34383.6517256062,14,26,10,16,10,16,1,0,0,0,0,27,10,16,10,16,14,10.4453364898642,11.7760970957375,0.404245962437295,2020-04-06,2020,4
"3161","GO",5,"Centro-oeste",52018,"Quirinópolis",130105,34383.6517256062,15,38,5,33,18,20,0,0,0,0,0,38,5,33,18,20,8,10.4453364898642,11.7760970957375,0.386972280250322,2020-04-13,2020,4
"3162","GO",5,"Centro-oeste",52018,"Quirinópolis",130105,34383.6517256062,16,17,3,14,9,8,1,0,0,0,0,18,3,14,9,8,13,10.4453364898642,11.7760970957375,0.390504932250464,2020-04-20,2020,4
"3163","GO",5,"Centro-oeste",52018,"Quirinópolis",130105,34383.6517256062,17,29,8,21,14,15,0,0,0,0,0,29,8,21,14,15,10,10.4453364898642,11.7760970957375,0.391309864785111,2020-04-27,2020,4
"3164","GO",5,"Centro-oeste",52018,"Quirinópolis",130105,34383.6517256062,18,30,9,21,16,14,1,0,0,0,0,31,9,21,16,14,18,10.4453364898642,11.7760970957375,0.370095987959867,2020-05-04,2020,5
"3165","GO",5,"Centro-oeste",52018,"Quirinópolis",130105,34383.6517256062,19,20,2,18,8,12,0,0,0,0,0,20,2,18,8,12,13,10.4453364898642,11.7760970957375,0.390197856416202,2020-05-11,2020,5
"3166","GO",5,"Centro-oeste",52018,"Quirinópolis",130105,34383.6517256062,20,42,4,38,15,27,0,0,0,0,0,42,4,38,15,27,21,10.4453364898642,11.7760970957375,0.393367747378304,2020-05-18,2020,5
"3167","GO",5,"Centro-oeste",52018,"Quirinópolis",130105,34383.6517256062,21,41,10,31,14,27,0,0,0,0,0,41,10,31,14,27,12,10.4453364898642,11.7760970957375,0.392028513859476,2020-05-25,2020,5
"3168","GO",5,"Centro-oeste",52018,"Quirinópolis",130105,34383.6517256062,22,26,4,22,8,18,0,0,0,0,0,26,4,22,8,18,17,10.4453364898642,11.7760970957375,0.377035350321277,2020-06-01,2020,6
"3169","GO",5,"Centro-oeste",52018,"Quirinópolis",130105,34383.6517256062,23,26,2,24,8,18,0,0,0,0,0,26,2,24,8,18,15,10.4453364898642,11.7760970957375,0.383821948468397,2020-06-08,2020,6
"3170","GO",5,"Centro-oeste",52018,"Quirinópolis",130105,34383.6517256062,24,24,4,20,9,15,2,0,0,0,0,26,4,20,9,15,18,10.4453364898642,11.7760970957375,0.374359205227579,2020-06-15,2020,6
"3171","GO",5,"Centro-oeste",52018,"Quirinópolis",130105,34383.6517256062,25,29,7,22,12,17,0,0,0,0,0,29,7,22,12,17,16,10.4453364898642,11.7760970957375,0.384822855927235,2020-06-22,2020,6
"3172","GO",5,"Centro-oeste",52018,"Quirinópolis",130105,34383.6517256062,26,22,5,17,9,13,2,0,0,0,0,24,5,17,9,13,23,10.4453364898642,11.7760970957375,0.386761391442755,2020-06-29,2020,6
"3173","GO",5,"Centro-oeste",52018,"Quirinópolis",130105,34383.6517256062,27,20,5,15,11,9,1,0,0,0,0,21,5,15,11,9,21,10.4453364898642,11.7760970957375,0.404698350532878,2020-07-06,2020,7
"3174","GO",5,"Centro-oeste",52018,"Quirinópolis",130105,34383.6517256062,28,38,4,34,17,21,0,0,0,0,0,38,4,34,17,21,15,10.4453364898642,11.7760970957375,0.396965758508414,2020-07-13,2020,7
"3175","GO",5,"Centro-oeste",52018,"Quirinópolis",130105,34383.6517256062,29,36,9,27,21,15,0,0,0,0,0,36,9,27,21,15,24,10.4453364898642,11.7760970957375,0.386601148809386,2020-07-20,2020,7
"3176","MA",2,"Nordeste",21001,"Litoral Ocidental Maranhense",191685,6300.01745008738,5,45,10,35,21,24,1,0,0,0,0,46,10,35,21,24,15,8.74830768223093,12.1636086787109,0.272480437555589,2020-02-03,2020,2
"3177","MA",2,"Nordeste",21001,"Litoral Ocidental Maranhense",191685,6300.01745008738,6,48,9,39,23,25,0,0,0,0,0,48,9,39,23,25,15,8.74830768223093,12.1636086787109,0.276546603040758,2020-02-10,2020,2
"3178","MA",2,"Nordeste",21001,"Litoral Ocidental Maranhense",191685,6300.01745008738,7,50,18,32,32,18,0,0,0,0,0,50,18,32,32,18,23,8.74830768223093,12.1636086787109,0.274419995445342,2020-02-17,2020,2
"3179","MA",2,"Nordeste",21001,"Litoral Ocidental Maranhense",191685,6300.01745008738,8,42,13,29,23,19,0,0,0,0,0,42,13,29,23,19,13,8.74830768223093,12.1636086787109,0.333124157303291,2020-02-24,2020,2
"3180","MA",2,"Nordeste",21001,"Litoral Ocidental Maranhense",191685,6300.01745008738,9,33,10,23,20,13,0,0,0,0,0,33,10,23,20,13,19,8.74830768223093,12.1636086787109,0.307599409393235,2020-03-02,2020,3
"3181","MA",2,"Nordeste",21001,"Litoral Ocidental Maranhense",191685,6300.01745008738,10,29,10,19,14,15,0,0,0,0,0,29,10,19,14,15,18,8.74830768223093,12.1636086787109,0.34000085547627,2020-03-09,2020,3
"3182","MA",2,"Nordeste",21001,"Litoral Ocidental Maranhense",191685,6300.01745008738,11,35,8,27,20,15,0,0,0,0,0,35,8,27,20,15,17,8.74830768223093,12.1636086787109,0.365509983113665,2020-03-16,2020,3
"3183","MA",2,"Nordeste",21001,"Litoral Ocidental Maranhense",191685,6300.01745008738,12,34,11,23,16,18,3,0,0,0,0,37,11,23,16,18,15,8.74830768223093,12.1636086787109,0.44788509886582,2020-03-23,2020,3
"3184","MA",2,"Nordeste",21001,"Litoral Ocidental Maranhense",191685,6300.01745008738,13,23,11,12,11,12,2,0,0,0,0,25,11,12,11,12,23,8.74830768223093,12.1636086787109,0.436377414533751,2020-03-30,2020,3
"3185","MA",2,"Nordeste",21001,"Litoral Ocidental Maranhense",191685,6300.01745008738,14,36,11,25,23,13,1,0,0,0,0,37,11,25,23,13,14,8.74830768223093,12.1636086787109,0.426413105157574,2020-04-06,2020,4
"3186","MA",2,"Nordeste",21001,"Litoral Ocidental Maranhense",191685,6300.01745008738,15,41,17,24,27,14,2,0,0,0,0,43,17,24,27,14,16,8.74830768223093,12.1636086787109,0.404385327536188,2020-04-13,2020,4
"3187","MA",2,"Nordeste",21001,"Litoral Ocidental Maranhense",191685,6300.01745008738,16,37,15,22,25,12,0,0,0,0,0,37,15,22,25,12,13,8.74830768223093,12.1636086787109,0.418451252383567,2020-04-20,2020,4
"3188","MA",2,"Nordeste",21001,"Litoral Ocidental Maranhense",191685,6300.01745008738,17,41,12,29,23,18,0,0,0,0,0,41,12,29,23,18,22,8.74830768223093,12.1636086787109,0.43028583177719,2020-04-27,2020,4
"3189","MA",2,"Nordeste",21001,"Litoral Ocidental Maranhense",191685,6300.01745008738,18,45,18,27,32,13,0,0,0,0,0,45,18,27,32,13,28,8.74830768223093,12.1636086787109,0.45506936194733,2020-05-04,2020,5
"3190","MA",2,"Nordeste",21001,"Litoral Ocidental Maranhense",191685,6300.01745008738,19,40,16,24,19,21,0,0,0,0,0,40,16,24,19,21,27,8.74830768223093,12.1636086787109,0.479516175325528,2020-05-11,2020,5
"3191","MA",2,"Nordeste",21001,"Litoral Ocidental Maranhense",191685,6300.01745008738,20,37,17,20,21,16,1,0,0,0,0,38,17,20,21,16,31,8.74830768223093,12.1636086787109,0.468211628512852,2020-05-18,2020,5
"3192","MA",2,"Nordeste",21001,"Litoral Ocidental Maranhense",191685,6300.01745008738,21,48,13,35,23,25,0,0,0,0,0,48,13,35,23,25,34,8.74830768223093,12.1636086787109,0.443914434489949,2020-05-25,2020,5
"3193","MA",2,"Nordeste",21001,"Litoral Ocidental Maranhense",191685,6300.01745008738,22,52,18,34,29,23,0,0,0,0,0,52,18,34,29,23,34,8.74830768223093,12.1636086787109,0.428872600355686,2020-06-01,2020,6
"3194","MA",2,"Nordeste",21001,"Litoral Ocidental Maranhense",191685,6300.01745008738,23,44,14,30,24,20,0,0,0,0,0,44,14,30,24,20,25,8.74830768223093,12.1636086787109,0.416266634240661,2020-06-08,2020,6
"3195","MA",2,"Nordeste",21001,"Litoral Ocidental Maranhense",191685,6300.01745008738,24,49,17,32,23,26,2,0,0,0,0,51,17,32,23,26,27,8.74830768223093,12.1636086787109,0.399761168690231,2020-06-15,2020,6
"3196","MA",2,"Nordeste",21001,"Litoral Ocidental Maranhense",191685,6300.01745008738,25,40,14,26,17,23,0,0,0,0,0,40,14,26,17,23,9,8.74830768223093,12.1636086787109,0.396525089453649,2020-06-22,2020,6
"3197","MA",2,"Nordeste",21001,"Litoral Ocidental Maranhense",191685,6300.01745008738,26,49,18,31,32,17,0,0,0,0,0,49,18,31,32,17,21,8.74830768223093,12.1636086787109,0.422340704923854,2020-06-29,2020,6
"3198","MA",2,"Nordeste",21001,"Litoral Ocidental Maranhense",191685,6300.01745008738,27,47,21,26,25,22,0,0,0,0,0,47,21,26,25,22,20,8.74830768223093,12.1636086787109,0.41320523048481,2020-07-06,2020,7
"3199","MA",2,"Nordeste",21001,"Litoral Ocidental Maranhense",191685,6300.01745008738,28,43,21,22,23,20,0,0,0,0,0,43,21,22,23,20,14,8.74830768223093,12.1636086787109,0.39936585338742,2020-07-13,2020,7
"3200","MA",2,"Nordeste",21001,"Litoral Ocidental Maranhense",191685,6300.01745008738,29,65,20,45,39,26,1,0,0,0,0,66,20,45,39,26,18,8.74830768223093,12.1636086787109,0.416112065115132,2020-07-20,2020,7
"3201","MA",2,"Nordeste",21002,"Aglomeração Urbana de São Luís",1442927,25961.4162950517,5,379,66,313,144,235,3,0,0,0,0,382,66,313,144,235,153,10.16436672615,14.1821842474258,0.279747269687902,2020-02-03,2020,2
"3202","MA",2,"Nordeste",21002,"Aglomeração Urbana de São Luís",1442927,25961.4162950517,6,403,65,338,151,252,2,0,0,0,0,405,65,338,151,252,159,10.16436672615,14.1821842474258,0.276965117108452,2020-02-10,2020,2
"3203","MA",2,"Nordeste",21002,"Aglomeração Urbana de São Luís",1442927,25961.4162950517,7,379,72,307,148,231,4,0,0,0,0,383,72,307,148,231,133,10.16436672615,14.1821842474258,0.293125717305804,2020-02-17,2020,2
"3204","MA",2,"Nordeste",21002,"Aglomeração Urbana de São Luís",1442927,25961.4162950517,8,375,69,306,155,220,3,0,0,0,0,378,69,306,155,220,153,10.16436672615,14.1821842474258,0.349804576470072,2020-02-24,2020,2
"3205","MA",2,"Nordeste",21002,"Aglomeração Urbana de São Luís",1442927,25961.4162950517,9,355,61,294,150,205,4,0,0,0,0,359,61,294,150,205,151,10.16436672615,14.1821842474258,0.318444764208368,2020-03-02,2020,3
"3206","MA",2,"Nordeste",21002,"Aglomeração Urbana de São Luís",1442927,25961.4162950517,10,356,62,294,129,227,3,0,0,0,0,359,62,294,129,227,159,10.16436672615,14.1821842474258,0.337440088508862,2020-03-09,2020,3
"3207","MA",2,"Nordeste",21002,"Aglomeração Urbana de São Luís",1442927,25961.4162950517,11,306,57,249,122,184,1,0,0,0,0,307,57,249,122,184,156,10.16436672615,14.1821842474258,0.399337792752538,2020-03-16,2020,3
"3208","MA",2,"Nordeste",21002,"Aglomeração Urbana de São Luís",1442927,25961.4162950517,12,314,61,253,126,188,2,0,0,0,0,316,61,253,126,188,202,10.16436672615,14.1821842474258,0.518996411940748,2020-03-23,2020,3
"3209","MA",2,"Nordeste",21002,"Aglomeração Urbana de São Luís",1442927,25961.4162950517,13,288,61,227,108,180,2,0,0,0,0,290,61,227,108,180,153,10.16436672615,14.1821842474258,0.48246052902692,2020-03-30,2020,3
"3210","MA",2,"Nordeste",21002,"Aglomeração Urbana de São Luís",1442927,25961.4162950517,14,314,53,261,133,181,4,0,0,0,0,318,53,261,133,181,218,10.16436672615,14.1821842474258,0.486296835045058,2020-04-06,2020,4
"3211","MA",2,"Nordeste",21002,"Aglomeração Urbana de São Luís",1442927,25961.4162950517,15,326,57,269,129,197,2,0,0,0,0,328,57,269,129,197,274,10.16436672615,14.1821842474258,0.479579595934433,2020-04-13,2020,4
"3212","MA",2,"Nordeste",21002,"Aglomeração Urbana de São Luís",1442927,25961.4162950517,16,291,46,245,122,169,2,0,0,0,0,293,46,245,122,169,468,10.16436672615,14.1821842474258,0.500299603393805,2020-04-20,2020,4
"3213","MA",2,"Nordeste",21002,"Aglomeração Urbana de São Luís",1442927,25961.4162950517,17,326,62,264,141,185,2,0,0,0,0,328,62,264,141,185,639,10.16436672615,14.1821842474258,0.484364688771661,2020-04-27,2020,4
"3214","MA",2,"Nordeste",21002,"Aglomeração Urbana de São Luís",1442927,25961.4162950517,18,307,56,251,118,189,2,0,0,0,0,309,56,251,118,189,511,10.16436672615,14.1821842474258,0.516981791295742,2020-05-04,2020,5
"3215","MA",2,"Nordeste",21002,"Aglomeração Urbana de São Luís",1442927,25961.4162950517,19,368,71,297,121,247,2,0,0,0,0,370,71,297,121,247,426,10.16436672615,14.1821842474258,0.522810779474323,2020-05-11,2020,5
"3216","MA",2,"Nordeste",21002,"Aglomeração Urbana de São Luís",1442927,25961.4162950517,20,366,54,312,139,227,4,0,0,0,0,370,54,312,139,227,303,10.16436672615,14.1821842474258,0.449386044185702,2020-05-18,2020,5
"3217","MA",2,"Nordeste",21002,"Aglomeração Urbana de São Luís",1442927,25961.4162950517,21,370,78,292,141,229,3,0,0,0,0,373,78,292,141,229,241,10.16436672615,14.1821842474258,0.427191341842423,2020-05-25,2020,5
"3218","MA",2,"Nordeste",21002,"Aglomeração Urbana de São Luís",1442927,25961.4162950517,22,420,75,345,151,269,2,0,0,0,0,422,75,345,151,269,193,10.16436672615,14.1821842474258,0.396984745198437,2020-06-01,2020,6
"3219","MA",2,"Nordeste",21002,"Aglomeração Urbana de São Luís",1442927,25961.4162950517,23,437,80,357,163,274,2,0,0,0,0,439,80,357,163,274,173,10.16436672615,14.1821842474258,0.390100711586204,2020-06-08,2020,6
"3220","MA",2,"Nordeste",21002,"Aglomeração Urbana de São Luís",1442927,25961.4162950517,24,381,56,325,154,227,3,0,0,0,0,384,56,325,154,227,159,10.16436672615,14.1821842474258,0.375709514491885,2020-06-15,2020,6
"3221","MA",2,"Nordeste",21002,"Aglomeração Urbana de São Luís",1442927,25961.4162950517,25,405,65,340,158,247,7,0,0,0,0,412,65,340,158,247,137,10.16436672615,14.1821842474258,0.380588587684796,2020-06-22,2020,6
"3222","MA",2,"Nordeste",21002,"Aglomeração Urbana de São Luís",1442927,25961.4162950517,26,361,65,296,136,225,4,0,0,0,0,365,65,296,136,225,148,10.16436672615,14.1821842474258,0.389693690651487,2020-06-29,2020,6
"3223","MA",2,"Nordeste",21002,"Aglomeração Urbana de São Luís",1442927,25961.4162950517,27,368,55,313,134,234,6,0,0,0,0,374,55,313,134,234,124,10.16436672615,14.1821842474258,0.383351186806726,2020-07-06,2020,7
"3224","MA",2,"Nordeste",21002,"Aglomeração Urbana de São Luís",1442927,25961.4162950517,28,373,60,313,153,220,3,0,0,0,0,376,60,313,153,220,131,10.16436672615,14.1821842474258,0.383043090084667,2020-07-13,2020,7
"3225","MA",2,"Nordeste",21002,"Aglomeração Urbana de São Luís",1442927,25961.4162950517,29,385,69,316,154,231,5,0,0,0,0,390,69,316,154,231,124,10.16436672615,14.1821842474258,0.388785342537755,2020-07-20,2020,7
"3226","MA",2,"Nordeste",21003,"Rosário",179884,8098.3421388228,5,48,14,34,35,13,0,0,0,0,0,48,14,34,35,13,13,8.9994146454925,12.1000674776843,0.263312593775675,2020-02-03,2020,2
"3227","MA",2,"Nordeste",21003,"Rosário",179884,8098.3421388228,6,37,13,24,19,18,1,0,0,0,0,38,13,24,19,18,15,8.9994146454925,12.1000674776843,0.268780836762648,2020-02-10,2020,2
"3228","MA",2,"Nordeste",21003,"Rosário",179884,8098.3421388228,7,49,11,38,28,21,0,0,0,0,0,49,11,38,28,21,18,8.9994146454925,12.1000674776843,0.280214941617906,2020-02-17,2020,2
"3229","MA",2,"Nordeste",21003,"Rosário",179884,8098.3421388228,8,42,14,28,24,18,2,0,0,0,0,44,14,28,24,18,27,8.9994146454925,12.1000674776843,0.32190452125722,2020-02-24,2020,2
"3230","MA",2,"Nordeste",21003,"Rosário",179884,8098.3421388228,9,55,17,38,32,23,2,0,0,0,0,57,17,38,32,23,15,8.9994146454925,12.1000674776843,0.304967342136497,2020-03-02,2020,3
"3231","MA",2,"Nordeste",21003,"Rosário",179884,8098.3421388228,10,42,13,29,22,20,1,0,0,0,0,43,13,29,22,20,15,8.9994146454925,12.1000674776843,0.33255160750638,2020-03-09,2020,3
"3232","MA",2,"Nordeste",21003,"Rosário",179884,8098.3421388228,11,42,11,31,24,18,1,0,0,0,0,43,11,31,24,18,13,8.9994146454925,12.1000674776843,0.359880336096401,2020-03-16,2020,3
"3233","MA",2,"Nordeste",21003,"Rosário",179884,8098.3421388228,12,26,7,19,13,13,1,0,0,0,0,27,7,19,13,13,19,8.9994146454925,12.1000674776843,0.429818873093416,2020-03-23,2020,3
"3234","MA",2,"Nordeste",21003,"Rosário",179884,8098.3421388228,13,39,19,20,20,19,0,0,0,0,0,39,19,20,20,19,16,8.9994146454925,12.1000674776843,0.397897488403325,2020-03-30,2020,3
"3235","MA",2,"Nordeste",21003,"Rosário",179884,8098.3421388228,14,44,12,32,22,22,0,0,0,0,0,44,12,32,22,22,16,8.9994146454925,12.1000674776843,0.395823605773988,2020-04-06,2020,4
"3236","MA",2,"Nordeste",21003,"Rosário",179884,8098.3421388228,15,31,15,16,19,12,0,0,0,0,0,31,15,16,19,12,18,8.9994146454925,12.1000674776843,0.386717988619647,2020-04-13,2020,4
"3237","MA",2,"Nordeste",21003,"Rosário",179884,8098.3421388228,16,43,13,30,25,18,0,0,0,0,0,43,13,30,25,18,19,8.9994146454925,12.1000674776843,0.408682861033236,2020-04-20,2020,4
"3238","MA",2,"Nordeste",21003,"Rosário",179884,8098.3421388228,17,48,14,34,31,17,0,0,0,0,0,48,14,34,31,17,24,8.9994146454925,12.1000674776843,0.403413023330762,2020-04-27,2020,4
"3239","MA",2,"Nordeste",21003,"Rosário",179884,8098.3421388228,18,32,12,20,19,13,2,0,0,0,0,34,12,20,19,13,39,8.9994146454925,12.1000674776843,0.409628953681497,2020-05-04,2020,5
"3240","MA",2,"Nordeste",21003,"Rosário",179884,8098.3421388228,19,37,14,23,23,14,0,0,0,0,0,37,14,23,23,14,43,8.9994146454925,12.1000674776843,0.417905765655137,2020-05-11,2020,5
"3241","MA",2,"Nordeste",21003,"Rosário",179884,8098.3421388228,20,38,11,27,19,19,2,0,0,0,0,40,11,27,19,19,32,8.9994146454925,12.1000674776843,0.395174546283818,2020-05-18,2020,5
"3242","MA",2,"Nordeste",21003,"Rosário",179884,8098.3421388228,21,46,13,33,25,21,0,0,0,0,0,46,13,33,25,21,31,8.9994146454925,12.1000674776843,0.364748032143522,2020-05-25,2020,5
"3243","MA",2,"Nordeste",21003,"Rosário",179884,8098.3421388228,22,51,25,26,25,26,0,0,0,0,0,51,25,26,25,26,16,8.9994146454925,12.1000674776843,0.344369603352766,2020-06-01,2020,6
"3244","MA",2,"Nordeste",21003,"Rosário",179884,8098.3421388228,23,35,8,27,19,16,1,0,0,0,0,36,8,27,19,16,18,8.9994146454925,12.1000674776843,0.330057907104739,2020-06-08,2020,6
"3245","MA",2,"Nordeste",21003,"Rosário",179884,8098.3421388228,24,31,4,27,17,14,0,0,0,0,0,31,4,27,17,14,20,8.9994146454925,12.1000674776843,0.335570603707508,2020-06-15,2020,6
"3246","MA",2,"Nordeste",21003,"Rosário",179884,8098.3421388228,25,33,11,22,18,15,2,0,0,0,0,35,11,22,18,15,23,8.9994146454925,12.1000674776843,0.338864638584818,2020-06-22,2020,6
"3247","MA",2,"Nordeste",21003,"Rosário",179884,8098.3421388228,26,34,9,25,14,20,1,0,0,0,0,35,9,25,14,20,16,8.9994146454925,12.1000674776843,0.343853142379127,2020-06-29,2020,6
"3248","MA",2,"Nordeste",21003,"Rosário",179884,8098.3421388228,27,34,11,23,20,14,0,0,0,0,0,34,11,23,20,14,23,8.9994146454925,12.1000674776843,0.352843359505416,2020-07-06,2020,7
"3249","MA",2,"Nordeste",21003,"Rosário",179884,8098.3421388228,28,30,11,19,16,14,0,0,0,0,0,30,11,19,16,14,13,8.9994146454925,12.1000674776843,0.358262740499358,2020-07-13,2020,7
"3250","MA",2,"Nordeste",21003,"Rosário",179884,8098.3421388228,29,25,9,16,15,10,1,0,0,0,0,26,9,16,15,10,17,8.9994146454925,12.1000674776843,0.348284212744876,2020-07-20,2020,7
"3251","MA",2,"Nordeste",21004,"Lençóis Maranhenses",199178,6719.86770039864,5,67,24,43,40,27,1,0,0,0,0,68,24,43,40,27,12,8.81282374588272,12.2019541762664,0.261256494101368,2020-02-03,2020,2
"3252","MA",2,"Nordeste",21004,"Lençóis Maranhenses",199178,6719.86770039864,6,80,30,50,42,38,0,0,0,0,0,80,30,50,42,38,12,8.81282374588272,12.2019541762664,0.27139477845346,2020-02-10,2020,2
"3253","MA",2,"Nordeste",21004,"Lençóis Maranhenses",199178,6719.86770039864,7,67,32,35,37,30,0,0,0,0,0,67,32,35,37,30,14,8.81282374588272,12.2019541762664,0.276861272525458,2020-02-17,2020,2
"3254","MA",2,"Nordeste",21004,"Lençóis Maranhenses",199178,6719.86770039864,8,68,30,38,39,29,0,0,0,0,0,68,30,38,39,29,12,8.81282374588272,12.2019541762664,0.307333208844039,2020-02-24,2020,2
"3255","MA",2,"Nordeste",21004,"Lençóis Maranhenses",199178,6719.86770039864,9,62,23,39,32,30,3,0,0,0,0,65,23,39,32,30,15,8.81282374588272,12.2019541762664,0.292214432385547,2020-03-02,2020,3
"3256","MA",2,"Nordeste",21004,"Lençóis Maranhenses",199178,6719.86770039864,10,44,17,27,24,20,0,0,0,0,0,44,17,27,24,20,14,8.81282374588272,12.2019541762664,0.306030765168775,2020-03-09,2020,3
"3257","MA",2,"Nordeste",21004,"Lençóis Maranhenses",199178,6719.86770039864,11,52,23,29,28,24,0,0,0,0,0,52,23,29,28,24,29,8.81282374588272,12.2019541762664,0.369820840924911,2020-03-16,2020,3
"3258","MA",2,"Nordeste",21004,"Lençóis Maranhenses",199178,6719.86770039864,12,68,26,42,37,31,1,0,0,0,0,69,26,42,37,31,15,8.81282374588272,12.2019541762664,0.432109606493465,2020-03-23,2020,3
"3259","MA",2,"Nordeste",21004,"Lençóis Maranhenses",199178,6719.86770039864,13,46,28,18,28,18,1,0,0,0,0,47,28,18,28,18,15,8.81282374588272,12.2019541762664,0.414443524928043,2020-03-30,2020,3
"3260","MA",2,"Nordeste",21004,"Lençóis Maranhenses",199178,6719.86770039864,14,49,19,30,28,21,1,0,0,0,0,50,19,30,28,21,17,8.81282374588272,12.2019541762664,0.406780451378112,2020-04-06,2020,4
"3261","MA",2,"Nordeste",21004,"Lençóis Maranhenses",199178,6719.86770039864,15,55,22,33,22,33,0,0,0,0,0,55,22,33,22,33,16,8.81282374588272,12.2019541762664,0.373967874687489,2020-04-13,2020,4
"3262","MA",2,"Nordeste",21004,"Lençóis Maranhenses",199178,6719.86770039864,16,67,28,39,34,33,1,0,0,0,0,68,28,39,34,33,15,8.81282374588272,12.2019541762664,0.381642060302531,2020-04-20,2020,4
"3263","MA",2,"Nordeste",21004,"Lençóis Maranhenses",199178,6719.86770039864,17,58,18,40,27,31,3,0,0,0,0,61,18,40,27,31,25,8.81282374588272,12.2019541762664,0.412971290592188,2020-04-27,2020,4
"3264","MA",2,"Nordeste",21004,"Lençóis Maranhenses",199178,6719.86770039864,18,48,20,28,26,22,1,0,0,0,0,49,20,28,26,22,29,8.81282374588272,12.2019541762664,0.449896899355027,2020-05-04,2020,5
"3265","MA",2,"Nordeste",21004,"Lençóis Maranhenses",199178,6719.86770039864,19,56,23,33,28,28,0,0,0,0,0,56,23,33,28,28,46,8.81282374588272,12.2019541762664,0.469994603053376,2020-05-11,2020,5
"3266","MA",2,"Nordeste",21004,"Lençóis Maranhenses",199178,6719.86770039864,20,65,26,39,29,36,1,0,0,0,0,66,26,39,29,36,48,8.81282374588272,12.2019541762664,0.430480737938723,2020-05-18,2020,5
"3267","MA",2,"Nordeste",21004,"Lençóis Maranhenses",199178,6719.86770039864,21,64,19,45,37,27,0,0,0,0,0,64,19,45,37,27,34,8.81282374588272,12.2019541762664,0.401105260638566,2020-05-25,2020,5
"3268","MA",2,"Nordeste",21004,"Lençóis Maranhenses",199178,6719.86770039864,22,71,28,43,35,36,0,0,0,0,0,71,28,43,35,36,27,8.81282374588272,12.2019541762664,0.390514742510686,2020-06-01,2020,6
"3269","MA",2,"Nordeste",21004,"Lençóis Maranhenses",199178,6719.86770039864,23,56,20,36,36,20,0,0,0,0,0,56,20,36,36,20,20,8.81282374588272,12.2019541762664,0.374351049945681,2020-06-08,2020,6
"3270","MA",2,"Nordeste",21004,"Lençóis Maranhenses",199178,6719.86770039864,24,67,27,40,37,30,0,0,0,0,0,67,27,40,37,30,24,8.81282374588272,12.2019541762664,0.370548545394731,2020-06-15,2020,6
"3271","MA",2,"Nordeste",21004,"Lençóis Maranhenses",199178,6719.86770039864,25,57,19,38,29,28,1,0,0,0,0,58,19,38,29,28,15,8.81282374588272,12.2019541762664,0.367698942154899,2020-06-22,2020,6
"3272","MA",2,"Nordeste",21004,"Lençóis Maranhenses",199178,6719.86770039864,26,51,19,32,31,20,0,0,0,0,0,51,19,32,31,20,16,8.81282374588272,12.2019541762664,0.381373142222786,2020-06-29,2020,6
"3273","MA",2,"Nordeste",21004,"Lençóis Maranhenses",199178,6719.86770039864,27,58,20,38,34,24,1,0,0,0,0,59,20,38,34,24,25,8.81282374588272,12.2019541762664,0.389406391822525,2020-07-06,2020,7
"3274","MA",2,"Nordeste",21004,"Lençóis Maranhenses",199178,6719.86770039864,28,49,19,30,26,23,1,0,0,0,0,50,19,30,26,23,19,8.81282374588272,12.2019541762664,0.392075237159938,2020-07-13,2020,7
"3275","MA",2,"Nordeste",21004,"Lençóis Maranhenses",199178,6719.86770039864,29,73,31,42,45,28,2,0,0,0,0,75,31,42,45,28,14,8.81282374588272,12.2019541762664,0.401414500793203,2020-07-20,2020,7
"3276","MA",2,"Nordeste",21005,"Baixada Maranhense",608061,7301.79371903477,5,138,46,92,85,53,3,0,0,0,0,141,46,92,85,53,64,8.89587531188978,13.3180304848631,0.273382888176337,2020-02-03,2020,2
"3277","MA",2,"Nordeste",21005,"Baixada Maranhense",608061,7301.79371903477,6,151,53,98,83,68,0,0,0,0,0,151,53,98,83,68,67,8.89587531188978,13.3180304848631,0.269738797766368,2020-02-10,2020,2
"3278","MA",2,"Nordeste",21005,"Baixada Maranhense",608061,7301.79371903477,7,142,41,101,79,63,1,0,0,0,0,143,41,101,79,63,58,8.89587531188978,13.3180304848631,0.287382981761637,2020-02-17,2020,2
"3279","MA",2,"Nordeste",21005,"Baixada Maranhense",608061,7301.79371903477,8,161,63,98,86,75,4,0,0,0,0,165,63,98,86,75,55,8.89587531188978,13.3180304848631,0.335695729733786,2020-02-24,2020,2
"3280","MA",2,"Nordeste",21005,"Baixada Maranhense",608061,7301.79371903477,9,140,49,91,78,62,3,0,0,0,0,143,49,91,78,62,58,8.89587531188978,13.3180304848631,0.30379691039143,2020-03-02,2020,3
"3281","MA",2,"Nordeste",21005,"Baixada Maranhense",608061,7301.79371903477,10,127,34,93,80,47,1,0,0,0,0,128,34,93,80,47,66,8.89587531188978,13.3180304848631,0.327754964176111,2020-03-09,2020,3
"3282","MA",2,"Nordeste",21005,"Baixada Maranhense",608061,7301.79371903477,11,128,34,94,73,55,2,0,0,0,0,130,34,94,73,55,58,8.89587531188978,13.3180304848631,0.365235952713252,2020-03-16,2020,3
"3283","MA",2,"Nordeste",21005,"Baixada Maranhense",608061,7301.79371903477,12,120,42,78,49,71,2,0,0,0,0,122,42,78,49,71,57,8.89587531188978,13.3180304848631,0.45257520281935,2020-03-23,2020,3
"3284","MA",2,"Nordeste",21005,"Baixada Maranhense",608061,7301.79371903477,13,107,31,76,59,48,2,0,0,0,0,109,31,76,59,48,59,8.89587531188978,13.3180304848631,0.418639238424325,2020-03-30,2020,3
"3285","MA",2,"Nordeste",21005,"Baixada Maranhense",608061,7301.79371903477,14,150,53,97,93,57,2,0,0,0,0,152,53,97,93,57,62,8.89587531188978,13.3180304848631,0.407784786298017,2020-04-06,2020,4
"3286","MA",2,"Nordeste",21005,"Baixada Maranhense",608061,7301.79371903477,15,114,38,76,62,52,1,0,0,0,0,115,38,76,62,52,44,8.89587531188978,13.3180304848631,0.39471456217769,2020-04-13,2020,4
"3287","MA",2,"Nordeste",21005,"Baixada Maranhense",608061,7301.79371903477,16,143,56,87,76,67,2,0,0,0,0,145,56,87,76,67,65,8.89587531188978,13.3180304848631,0.401853054755907,2020-04-20,2020,4
"3288","MA",2,"Nordeste",21005,"Baixada Maranhense",608061,7301.79371903477,17,124,58,66,70,54,2,0,0,0,0,126,58,66,70,54,97,8.89587531188978,13.3180304848631,0.411050050722761,2020-04-27,2020,4
"3289","MA",2,"Nordeste",21005,"Baixada Maranhense",608061,7301.79371903477,18,118,37,81,66,52,1,0,0,0,0,119,37,81,66,52,131,8.89587531188978,13.3180304848631,0.448274219244365,2020-05-04,2020,5
"3290","MA",2,"Nordeste",21005,"Baixada Maranhense",608061,7301.79371903477,19,130,43,87,72,58,2,0,0,0,0,132,43,87,72,58,108,8.89587531188978,13.3180304848631,0.465172421347188,2020-05-11,2020,5
"3291","MA",2,"Nordeste",21005,"Baixada Maranhense",608061,7301.79371903477,20,151,56,95,85,66,0,0,0,0,0,151,56,95,85,66,120,8.89587531188978,13.3180304848631,0.44689935202321,2020-05-18,2020,5
"3292","MA",2,"Nordeste",21005,"Baixada Maranhense",608061,7301.79371903477,21,134,50,84,74,60,5,0,0,0,0,139,50,84,74,60,101,8.89587531188978,13.3180304848631,0.423491371695989,2020-05-25,2020,5
"3293","MA",2,"Nordeste",21005,"Baixada Maranhense",608061,7301.79371903477,22,161,51,110,94,67,2,0,0,0,0,163,51,110,94,67,84,8.89587531188978,13.3180304848631,0.389172196581512,2020-06-01,2020,6
"3294","MA",2,"Nordeste",21005,"Baixada Maranhense",608061,7301.79371903477,23,159,51,108,96,63,1,0,0,0,0,160,51,108,96,63,65,8.89587531188978,13.3180304848631,0.376679060264008,2020-06-08,2020,6
"3295","MA",2,"Nordeste",21005,"Baixada Maranhense",608061,7301.79371903477,24,160,59,101,84,76,0,0,0,0,0,160,59,101,84,76,59,8.89587531188978,13.3180304848631,0.372154756091004,2020-06-15,2020,6
"3296","MA",2,"Nordeste",21005,"Baixada Maranhense",608061,7301.79371903477,25,155,51,104,91,64,3,0,0,0,0,158,51,104,91,64,48,8.89587531188978,13.3180304848631,0.36966988855281,2020-06-22,2020,6
"3297","MA",2,"Nordeste",21005,"Baixada Maranhense",608061,7301.79371903477,26,164,54,110,92,72,3,0,0,0,0,167,54,110,92,72,58,8.89587531188978,13.3180304848631,0.37992404208809,2020-06-29,2020,6
"3298","MA",2,"Nordeste",21005,"Baixada Maranhense",608061,7301.79371903477,27,161,53,108,92,69,1,0,0,0,0,162,53,108,92,69,46,8.89587531188978,13.3180304848631,0.387280978966867,2020-07-06,2020,7
"3299","MA",2,"Nordeste",21005,"Baixada Maranhense",608061,7301.79371903477,28,165,57,108,98,67,3,0,0,0,0,168,57,108,98,67,56,8.89587531188978,13.3180304848631,0.396552667635756,2020-07-13,2020,7
"3300","MA",2,"Nordeste",21005,"Baixada Maranhense",608061,7301.79371903477,29,156,53,103,82,74,1,0,0,0,0,157,53,103,82,74,56,8.89587531188978,13.3180304848631,0.396893860822554,2020-07-20,2020,7
"3301","MA",2,"Nordeste",21006,"Itapecuru Mirim",238418,8164.85092031642,5,73,29,44,39,34,1,0,0,0,0,74,29,44,39,34,35,9.00759374685655,12.3817807146788,0.257414584854608,2020-02-03,2020,2
"3302","MA",2,"Nordeste",21006,"Itapecuru Mirim",238418,8164.85092031642,6,58,23,35,32,26,0,0,0,0,0,58,23,35,32,26,22,9.00759374685655,12.3817807146788,0.255418319360421,2020-02-10,2020,2
"3303","MA",2,"Nordeste",21006,"Itapecuru Mirim",238418,8164.85092031642,7,65,21,44,34,31,0,0,0,0,0,65,21,44,34,31,22,9.00759374685655,12.3817807146788,0.257412173823312,2020-02-17,2020,2
"3304","MA",2,"Nordeste",21006,"Itapecuru Mirim",238418,8164.85092031642,8,75,30,45,41,34,2,0,0,0,0,77,30,45,41,34,17,9.00759374685655,12.3817807146788,0.303927338168176,2020-02-24,2020,2
"3305","MA",2,"Nordeste",21006,"Itapecuru Mirim",238418,8164.85092031642,9,58,19,39,41,17,0,0,0,0,0,58,19,39,41,17,20,9.00759374685655,12.3817807146788,0.297347259393399,2020-03-02,2020,3
"3306","MA",2,"Nordeste",21006,"Itapecuru Mirim",238418,8164.85092031642,10,62,24,38,36,26,1,0,0,0,0,63,24,38,36,26,30,9.00759374685655,12.3817807146788,0.311581733222153,2020-03-09,2020,3
"3307","MA",2,"Nordeste",21006,"Itapecuru Mirim",238418,8164.85092031642,11,39,14,25,19,20,0,0,0,0,0,39,14,25,19,20,28,9.00759374685655,12.3817807146788,0.336328589059485,2020-03-16,2020,3
"3308","MA",2,"Nordeste",21006,"Itapecuru Mirim",238418,8164.85092031642,12,46,17,29,22,24,0,0,0,0,0,46,17,29,22,24,10,9.00759374685655,12.3817807146788,0.423133584978943,2020-03-23,2020,3
"3309","MA",2,"Nordeste",21006,"Itapecuru Mirim",238418,8164.85092031642,13,43,18,25,24,19,1,0,0,0,0,44,18,25,24,19,19,9.00759374685655,12.3817807146788,0.382879218600771,2020-03-30,2020,3
"3310","MA",2,"Nordeste",21006,"Itapecuru Mirim",238418,8164.85092031642,14,62,22,40,34,28,0,0,0,0,0,62,22,40,34,28,17,9.00759374685655,12.3817807146788,0.385994091510681,2020-04-06,2020,4
"3311","MA",2,"Nordeste",21006,"Itapecuru Mirim",238418,8164.85092031642,15,67,27,40,36,31,2,0,0,0,0,69,27,40,36,31,13,9.00759374685655,12.3817807146788,0.370473355419408,2020-04-13,2020,4
"3312","MA",2,"Nordeste",21006,"Itapecuru Mirim",238418,8164.85092031642,16,49,12,37,28,21,1,0,0,0,0,50,12,37,28,21,21,9.00759374685655,12.3817807146788,0.375431916868569,2020-04-20,2020,4
"3313","MA",2,"Nordeste",21006,"Itapecuru Mirim",238418,8164.85092031642,17,46,23,23,24,22,1,0,0,0,0,47,23,23,24,22,18,9.00759374685655,12.3817807146788,0.38310601147243,2020-04-27,2020,4
"3314","MA",2,"Nordeste",21006,"Itapecuru Mirim",238418,8164.85092031642,18,53,19,34,25,28,0,0,0,0,0,53,19,34,25,28,27,9.00759374685655,12.3817807146788,0.391362094694984,2020-05-04,2020,5
"3315","MA",2,"Nordeste",21006,"Itapecuru Mirim",238418,8164.85092031642,19,58,26,32,29,29,1,0,0,0,0,59,26,32,29,29,39,9.00759374685655,12.3817807146788,0.422333703281763,2020-05-11,2020,5
"3316","MA",2,"Nordeste",21006,"Itapecuru Mirim",238418,8164.85092031642,20,61,15,46,32,29,0,0,0,0,0,61,15,46,32,29,34,9.00759374685655,12.3817807146788,0.388747911839084,2020-05-18,2020,5
"3317","MA",2,"Nordeste",21006,"Itapecuru Mirim",238418,8164.85092031642,21,65,18,47,40,25,0,0,0,0,0,65,18,47,40,25,34,9.00759374685655,12.3817807146788,0.382275823068341,2020-05-25,2020,5
"3318","MA",2,"Nordeste",21006,"Itapecuru Mirim",238418,8164.85092031642,22,70,23,47,31,39,2,0,0,0,0,72,23,47,31,39,29,9.00759374685655,12.3817807146788,0.365369181130553,2020-06-01,2020,6
"3319","MA",2,"Nordeste",21006,"Itapecuru Mirim",238418,8164.85092031642,23,65,23,42,33,32,1,0,0,0,0,66,23,42,33,32,26,9.00759374685655,12.3817807146788,0.344999189798652,2020-06-08,2020,6
"3320","MA",2,"Nordeste",21006,"Itapecuru Mirim",238418,8164.85092031642,24,69,27,42,37,32,0,0,0,0,0,69,27,42,37,32,35,9.00759374685655,12.3817807146788,0.335404566362835,2020-06-15,2020,6
"3321","MA",2,"Nordeste",21006,"Itapecuru Mirim",238418,8164.85092031642,25,52,20,32,32,20,1,0,0,0,0,53,20,32,32,20,25,9.00759374685655,12.3817807146788,0.342968377979476,2020-06-22,2020,6
"3322","MA",2,"Nordeste",21006,"Itapecuru Mirim",238418,8164.85092031642,26,56,22,34,33,23,0,0,0,0,0,56,22,34,33,23,18,9.00759374685655,12.3817807146788,0.36144281887296,2020-06-29,2020,6
"3323","MA",2,"Nordeste",21006,"Itapecuru Mirim",238418,8164.85092031642,27,64,21,43,24,40,1,0,0,0,0,65,21,43,24,40,19,9.00759374685655,12.3817807146788,0.358877273695256,2020-07-06,2020,7
"3324","MA",2,"Nordeste",21006,"Itapecuru Mirim",238418,8164.85092031642,28,67,23,44,43,24,1,0,0,0,0,68,23,44,43,24,28,9.00759374685655,12.3817807146788,0.357595542595276,2020-07-13,2020,7
"3325","MA",2,"Nordeste",21006,"Itapecuru Mirim",238418,8164.85092031642,29,57,20,37,27,30,0,0,0,0,0,57,20,37,27,30,17,9.00759374685655,12.3817807146788,0.365187836171772,2020-07-20,2020,7
"3326","MA",2,"Nordeste",21007,"Gurupi",243679,7322.4424563873,5,57,18,39,33,24,1,0,0,0,0,58,18,39,33,24,15,8.89869922020564,12.403607064378,0.286989283017173,2020-02-03,2020,2
"3327","MA",2,"Nordeste",21007,"Gurupi",243679,7322.4424563873,6,56,16,40,30,26,0,0,0,0,0,56,16,40,30,26,11,8.89869922020564,12.403607064378,0.276488753067769,2020-02-10,2020,2
"3328","MA",2,"Nordeste",21007,"Gurupi",243679,7322.4424563873,7,49,23,26,32,17,0,0,0,0,0,49,23,26,32,17,8,8.89869922020564,12.403607064378,0.300141796329599,2020-02-17,2020,2
"3329","MA",2,"Nordeste",21007,"Gurupi",243679,7322.4424563873,8,51,25,26,36,15,1,0,0,0,0,52,25,26,36,15,21,8.89869922020564,12.403607064378,0.337283972217001,2020-02-24,2020,2
"3330","MA",2,"Nordeste",21007,"Gurupi",243679,7322.4424563873,9,46,22,24,22,24,1,0,0,0,0,47,22,24,22,24,15,8.89869922020564,12.403607064378,0.316401142190936,2020-03-02,2020,3
"3331","MA",2,"Nordeste",21007,"Gurupi",243679,7322.4424563873,10,44,19,25,20,24,1,0,0,0,0,45,19,25,20,24,16,8.89869922020564,12.403607064378,0.360821112977581,2020-03-09,2020,3
"3332","MA",2,"Nordeste",21007,"Gurupi",243679,7322.4424563873,11,29,12,17,13,16,0,0,0,0,0,29,12,17,13,16,14,8.89869922020564,12.403607064378,0.387513995446178,2020-03-16,2020,3
"3333","MA",2,"Nordeste",21007,"Gurupi",243679,7322.4424563873,12,34,10,24,20,14,0,0,0,0,0,34,10,24,20,14,12,8.89869922020564,12.403607064378,0.471224442348288,2020-03-23,2020,3
"3334","MA",2,"Nordeste",21007,"Gurupi",243679,7322.4424563873,13,26,12,14,15,11,0,0,0,0,0,26,12,14,15,11,25,8.89869922020564,12.403607064378,0.432423646525771,2020-03-30,2020,3
"3335","MA",2,"Nordeste",21007,"Gurupi",243679,7322.4424563873,14,38,16,22,22,16,2,0,0,0,0,40,16,22,22,16,12,8.89869922020564,12.403607064378,0.423400332695576,2020-04-06,2020,4
"3336","MA",2,"Nordeste",21007,"Gurupi",243679,7322.4424563873,15,39,15,24,18,21,0,0,0,0,0,39,15,24,18,21,17,8.89869922020564,12.403607064378,0.408232928847951,2020-04-13,2020,4
"3337","MA",2,"Nordeste",21007,"Gurupi",243679,7322.4424563873,16,50,20,30,25,25,0,0,0,0,0,50,20,30,25,25,17,8.89869922020564,12.403607064378,0.408108153952116,2020-04-20,2020,4
"3338","MA",2,"Nordeste",21007,"Gurupi",243679,7322.4424563873,17,36,14,22,19,17,0,0,0,0,0,36,14,22,19,17,16,8.89869922020564,12.403607064378,0.423518123721681,2020-04-27,2020,4
"3339","MA",2,"Nordeste",21007,"Gurupi",243679,7322.4424563873,18,34,13,21,19,15,0,0,0,0,0,34,13,21,19,15,22,8.89869922020564,12.403607064378,0.472572421452341,2020-05-04,2020,5
"3340","MA",2,"Nordeste",21007,"Gurupi",243679,7322.4424563873,19,35,16,19,16,19,0,0,0,0,0,35,16,19,16,19,34,8.89869922020564,12.403607064378,0.498465262843331,2020-05-11,2020,5
"3341","MA",2,"Nordeste",21007,"Gurupi",243679,7322.4424563873,20,38,16,22,23,15,3,0,0,0,0,41,16,22,23,15,36,8.89869922020564,12.403607064378,0.467298967244533,2020-05-18,2020,5
"3342","MA",2,"Nordeste",21007,"Gurupi",243679,7322.4424563873,21,41,14,27,29,12,0,0,0,0,0,41,14,27,29,12,27,8.89869922020564,12.403607064378,0.44254429451334,2020-05-25,2020,5
"3343","MA",2,"Nordeste",21007,"Gurupi",243679,7322.4424563873,22,46,18,28,27,19,1,0,0,0,0,47,18,28,27,19,28,8.89869922020564,12.403607064378,0.408807429557186,2020-06-01,2020,6
"3344","MA",2,"Nordeste",21007,"Gurupi",243679,7322.4424563873,23,38,15,23,26,12,1,0,0,0,0,39,15,23,26,12,23,8.89869922020564,12.403607064378,0.378386472025069,2020-06-08,2020,6
"3345","MA",2,"Nordeste",21007,"Gurupi",243679,7322.4424563873,24,53,16,37,26,27,0,0,0,0,0,53,16,37,26,27,29,8.89869922020564,12.403607064378,0.367128491366061,2020-06-15,2020,6
"3346","MA",2,"Nordeste",21007,"Gurupi",243679,7322.4424563873,25,52,18,34,27,25,2,0,0,0,0,54,18,34,27,25,19,8.89869922020564,12.403607064378,0.377294263368976,2020-06-22,2020,6
"3347","MA",2,"Nordeste",21007,"Gurupi",243679,7322.4424563873,26,45,16,29,29,16,0,0,0,0,0,45,16,29,29,16,19,8.89869922020564,12.403607064378,0.400504464047653,2020-06-29,2020,6
"3348","MA",2,"Nordeste",21007,"Gurupi",243679,7322.4424563873,27,42,18,24,24,18,0,0,0,0,0,42,18,24,24,18,16,8.89869922020564,12.403607064378,0.411497842907748,2020-07-06,2020,7
"3349","MA",2,"Nordeste",21007,"Gurupi",243679,7322.4424563873,28,49,21,28,26,23,0,0,0,0,0,49,21,28,26,23,22,8.89869922020564,12.403607064378,0.417898443242125,2020-07-13,2020,7
"3350","MA",2,"Nordeste",21007,"Gurupi",243679,7322.4424563873,29,46,32,14,25,21,0,0,0,0,0,46,32,14,25,21,18,8.89869922020564,12.403607064378,0.412425908512836,2020-07-20,2020,7
"3351","MA",2,"Nordeste",21008,"Pindaré",669222,8530.96601978118,5,184,66,118,101,83,1,0,0,0,0,185,66,118,101,83,61,9.05145788375473,13.4138711226291,0.286815247334273,2020-02-03,2020,2
"3352","MA",2,"Nordeste",21008,"Pindaré",669222,8530.96601978118,6,174,77,97,105,69,2,0,0,0,0,176,77,97,105,69,63,9.05145788375473,13.4138711226291,0.281543445049828,2020-02-10,2020,2
"3353","MA",2,"Nordeste",21008,"Pindaré",669222,8530.96601978118,7,183,77,106,99,84,0,0,0,0,0,183,77,106,99,84,48,9.05145788375473,13.4138711226291,0.294906833929285,2020-02-17,2020,2
"3354","MA",2,"Nordeste",21008,"Pindaré",669222,8530.96601978118,8,179,82,97,100,79,3,0,0,0,0,182,82,97,100,79,62,9.05145788375473,13.4138711226291,0.335863445359761,2020-02-24,2020,2
"3355","MA",2,"Nordeste",21008,"Pindaré",669222,8530.96601978118,9,179,61,118,102,77,2,0,0,0,0,181,61,118,102,77,65,9.05145788375473,13.4138711226291,0.319792767733783,2020-03-02,2020,3
"3356","MA",2,"Nordeste",21008,"Pindaré",669222,8530.96601978118,10,166,61,105,98,68,3,0,0,0,0,169,61,105,98,68,57,9.05145788375473,13.4138711226291,0.342393082885443,2020-03-09,2020,3
"3357","MA",2,"Nordeste",21008,"Pindaré",669222,8530.96601978118,11,162,68,94,91,71,2,0,0,0,0,164,68,94,91,71,78,9.05145788375473,13.4138711226291,0.386187034351516,2020-03-16,2020,3
"3358","MA",2,"Nordeste",21008,"Pindaré",669222,8530.96601978118,12,124,46,78,65,59,4,0,0,0,0,128,46,78,65,59,59,9.05145788375473,13.4138711226291,0.477014169644873,2020-03-23,2020,3
"3359","MA",2,"Nordeste",21008,"Pindaré",669222,8530.96601978118,13,129,44,85,68,61,1,0,0,0,0,130,44,85,68,61,67,9.05145788375473,13.4138711226291,0.4308557851067,2020-03-30,2020,3
"3360","MA",2,"Nordeste",21008,"Pindaré",669222,8530.96601978118,14,153,54,99,89,64,4,0,0,0,0,157,54,99,89,64,74,9.05145788375473,13.4138711226291,0.423914055962723,2020-04-06,2020,4
"3361","MA",2,"Nordeste",21008,"Pindaré",669222,8530.96601978118,15,166,71,95,102,64,6,0,0,0,0,172,71,95,102,64,50,9.05145788375473,13.4138711226291,0.393349305460533,2020-04-13,2020,4
"3362","MA",2,"Nordeste",21008,"Pindaré",669222,8530.96601978118,16,164,64,100,94,70,2,0,0,0,0,166,64,100,94,70,73,9.05145788375473,13.4138711226291,0.393648410583549,2020-04-20,2020,4
"3363","MA",2,"Nordeste",21008,"Pindaré",669222,8530.96601978118,17,159,55,104,90,69,3,0,0,0,0,162,55,104,90,69,61,9.05145788375473,13.4138711226291,0.403192700624586,2020-04-27,2020,4
"3364","MA",2,"Nordeste",21008,"Pindaré",669222,8530.96601978118,18,158,57,101,94,64,1,0,0,0,0,159,57,101,94,64,106,9.05145788375473,13.4138711226291,0.42950124585925,2020-05-04,2020,5
"3365","MA",2,"Nordeste",21008,"Pindaré",669222,8530.96601978118,19,150,62,88,89,61,2,0,0,0,0,152,62,88,89,61,108,9.05145788375473,13.4138711226291,0.470684682657562,2020-05-11,2020,5
"3366","MA",2,"Nordeste",21008,"Pindaré",669222,8530.96601978118,20,150,71,79,89,61,1,0,0,0,0,151,71,79,89,61,138,9.05145788375473,13.4138711226291,0.459556782847655,2020-05-18,2020,5
"3367","MA",2,"Nordeste",21008,"Pindaré",669222,8530.96601978118,21,167,64,103,105,62,2,0,0,0,0,169,64,103,105,62,131,9.05145788375473,13.4138711226291,0.441192516516953,2020-05-25,2020,5
"3368","MA",2,"Nordeste",21008,"Pindaré",669222,8530.96601978118,22,169,64,105,103,66,3,0,0,0,0,172,64,105,103,66,127,9.05145788375473,13.4138711226291,0.41745645107677,2020-06-01,2020,6
"3369","MA",2,"Nordeste",21008,"Pindaré",669222,8530.96601978118,23,176,62,114,105,71,1,0,0,0,0,177,62,114,105,71,130,9.05145788375473,13.4138711226291,0.395783188395076,2020-06-08,2020,6
"3370","MA",2,"Nordeste",21008,"Pindaré",669222,8530.96601978118,24,172,66,106,99,73,3,0,0,0,0,175,66,106,99,73,127,9.05145788375473,13.4138711226291,0.392856797922631,2020-06-15,2020,6
"3371","MA",2,"Nordeste",21008,"Pindaré",669222,8530.96601978118,25,177,77,100,101,76,2,0,0,0,0,179,77,100,101,76,101,9.05145788375473,13.4138711226291,0.392992666236833,2020-06-22,2020,6
"3372","MA",2,"Nordeste",21008,"Pindaré",669222,8530.96601978118,26,183,61,122,105,78,1,0,0,0,0,184,61,122,105,78,78,9.05145788375473,13.4138711226291,0.409100228258839,2020-06-29,2020,6
"3373","MA",2,"Nordeste",21008,"Pindaré",669222,8530.96601978118,27,172,63,109,106,66,2,0,0,0,0,174,63,109,106,66,90,9.05145788375473,13.4138711226291,0.420478594868182,2020-07-06,2020,7
"3374","MA",2,"Nordeste",21008,"Pindaré",669222,8530.96601978118,28,156,51,105,86,70,3,0,0,0,0,159,51,105,86,70,71,9.05145788375473,13.4138711226291,0.414494198465748,2020-07-13,2020,7
"3375","MA",2,"Nordeste",21008,"Pindaré",669222,8530.96601978118,29,177,64,113,98,79,3,0,0,0,0,180,64,113,98,79,73,9.05145788375473,13.4138711226291,0.42056943458521,2020-07-20,2020,7
"3376","MA",2,"Nordeste",21009,"Imperatriz",602537,20451.6003666829,5,74,16,58,32,42,1,0,0,0,0,75,16,58,32,42,77,9.92581641594849,13.3089043532498,0.290041935336054,2020-02-03,2020,2
"3377","MA",2,"Nordeste",21009,"Imperatriz",602537,20451.6003666829,6,56,20,36,21,35,1,0,0,0,0,57,20,36,21,35,75,9.92581641594849,13.3089043532498,0.279051239780639,2020-02-10,2020,2
"3378","MA",2,"Nordeste",21009,"Imperatriz",602537,20451.6003666829,7,95,26,69,41,54,1,0,0,0,0,96,26,69,41,54,81,9.92581641594849,13.3089043532498,0.299894687416052,2020-02-17,2020,2
"3379","MA",2,"Nordeste",21009,"Imperatriz",602537,20451.6003666829,8,64,16,48,31,33,3,0,0,0,0,67,16,48,31,33,75,9.92581641594849,13.3089043532498,0.342057602955697,2020-02-24,2020,2
"3380","MA",2,"Nordeste",21009,"Imperatriz",602537,20451.6003666829,9,75,22,53,27,48,3,0,0,0,0,78,22,53,27,48,62,9.92581641594849,13.3089043532498,0.315303758316773,2020-03-02,2020,3
"3381","MA",2,"Nordeste",21009,"Imperatriz",602537,20451.6003666829,10,71,22,49,31,40,1,0,0,0,0,72,22,49,31,40,83,9.92581641594849,13.3089043532498,0.33829789550285,2020-03-09,2020,3
"3382","MA",2,"Nordeste",21009,"Imperatriz",602537,20451.6003666829,11,70,20,50,29,41,0,0,0,0,0,70,20,50,29,41,81,9.92581641594849,13.3089043532498,0.396498131683996,2020-03-16,2020,3
"3383","MA",2,"Nordeste",21009,"Imperatriz",602537,20451.6003666829,12,88,23,65,41,47,0,0,0,0,0,88,23,65,41,47,49,9.92581641594849,13.3089043532498,0.502222403022204,2020-03-23,2020,3
"3384","MA",2,"Nordeste",21009,"Imperatriz",602537,20451.6003666829,13,54,11,43,20,34,1,0,0,0,0,55,11,43,20,34,82,9.92581641594849,13.3089043532498,0.456744616745206,2020-03-30,2020,3
"3385","MA",2,"Nordeste",21009,"Imperatriz",602537,20451.6003666829,14,84,30,54,38,46,0,0,0,0,0,84,30,54,38,46,59,9.92581641594849,13.3089043532498,0.442422605497549,2020-04-06,2020,4
"3386","MA",2,"Nordeste",21009,"Imperatriz",602537,20451.6003666829,15,75,22,53,31,44,1,0,0,0,0,76,22,53,31,44,71,9.92581641594849,13.3089043532498,0.420398757852767,2020-04-13,2020,4
"3387","MA",2,"Nordeste",21009,"Imperatriz",602537,20451.6003666829,16,97,29,68,37,60,1,0,0,0,0,98,29,68,37,60,68,9.92581641594849,13.3089043532498,0.432712740646308,2020-04-20,2020,4
"3388","MA",2,"Nordeste",21009,"Imperatriz",602537,20451.6003666829,17,72,19,53,28,44,1,0,0,0,0,73,19,53,28,44,108,9.92581641594849,13.3089043532498,0.423664976828336,2020-04-27,2020,4
"3389","MA",2,"Nordeste",21009,"Imperatriz",602537,20451.6003666829,18,70,21,49,26,44,2,0,0,0,0,72,21,49,26,44,133,9.92581641594849,13.3089043532498,0.432512507904658,2020-05-04,2020,5
"3390","MA",2,"Nordeste",21009,"Imperatriz",602537,20451.6003666829,19,72,26,46,29,43,2,0,0,0,0,74,26,46,29,43,163,9.92581641594849,13.3089043532498,0.465632178114333,2020-05-11,2020,5
"3391","MA",2,"Nordeste",21009,"Imperatriz",602537,20451.6003666829,20,85,31,54,37,48,4,0,0,0,0,89,31,54,37,48,193,9.92581641594849,13.3089043532498,0.457400296243235,2020-05-18,2020,5
"3392","MA",2,"Nordeste",21009,"Imperatriz",602537,20451.6003666829,21,104,31,73,42,62,3,0,0,0,0,107,31,73,42,62,164,9.92581641594849,13.3089043532498,0.43146552450734,2020-05-25,2020,5
"3393","MA",2,"Nordeste",21009,"Imperatriz",602537,20451.6003666829,22,82,28,54,27,55,1,0,0,0,0,83,28,54,27,55,141,9.92581641594849,13.3089043532498,0.406472158991481,2020-06-01,2020,6
"3394","MA",2,"Nordeste",21009,"Imperatriz",602537,20451.6003666829,23,86,21,65,39,47,0,0,0,0,0,86,21,65,39,47,109,9.92581641594849,13.3089043532498,0.392067364816578,2020-06-08,2020,6
"3395","MA",2,"Nordeste",21009,"Imperatriz",602537,20451.6003666829,24,84,22,62,35,49,1,0,0,0,0,85,22,62,35,49,114,9.92581641594849,13.3089043532498,0.3824935417724,2020-06-15,2020,6
"3396","MA",2,"Nordeste",21009,"Imperatriz",602537,20451.6003666829,25,88,24,64,40,48,1,0,0,0,0,89,24,64,40,48,91,9.92581641594849,13.3089043532498,0.382301244583891,2020-06-22,2020,6
"3397","MA",2,"Nordeste",21009,"Imperatriz",602537,20451.6003666829,26,86,24,62,32,54,4,0,0,0,0,90,24,62,32,54,76,9.92581641594849,13.3089043532498,0.386886936663033,2020-06-29,2020,6
"3398","MA",2,"Nordeste",21009,"Imperatriz",602537,20451.6003666829,27,82,22,60,38,44,2,0,0,0,0,84,22,60,38,44,81,9.92581641594849,13.3089043532498,0.394540409736573,2020-07-06,2020,7
"3399","MA",2,"Nordeste",21009,"Imperatriz",602537,20451.6003666829,28,107,27,80,40,67,4,0,0,0,0,111,27,80,40,67,98,9.92581641594849,13.3089043532498,0.403263127368518,2020-07-13,2020,7
"3400","MA",2,"Nordeste",21009,"Imperatriz",602537,20451.6003666829,29,101,25,76,40,61,2,0,0,0,0,103,25,76,40,61,68,9.92581641594849,13.3089043532498,0.402442321988623,2020-07-20,2020,7
"3401","MA",2,"Nordeste",21010,"Médio Mearim",424432,13723.5915067431,5,112,50,62,59,53,1,0,0,0,0,113,50,62,59,53,42,9.52687163865217,12.958507083445,0.270291143933132,2020-02-03,2020,2
"3402","MA",2,"Nordeste",21010,"Médio Mearim",424432,13723.5915067431,6,110,37,73,61,49,1,0,0,0,0,111,37,73,61,49,44,9.52687163865217,12.958507083445,0.256361806769942,2020-02-10,2020,2
"3403","MA",2,"Nordeste",21010,"Médio Mearim",424432,13723.5915067431,7,120,41,79,66,54,1,0,0,0,0,121,41,79,66,54,44,9.52687163865217,12.958507083445,0.265050587804341,2020-02-17,2020,2
"3404","MA",2,"Nordeste",21010,"Médio Mearim",424432,13723.5915067431,8,118,37,81,65,53,1,0,0,0,0,119,37,81,65,53,42,9.52687163865217,12.958507083445,0.322370877541356,2020-02-24,2020,2
"3405","MA",2,"Nordeste",21010,"Médio Mearim",424432,13723.5915067431,9,126,33,93,55,71,0,0,0,0,0,126,33,93,55,71,47,9.52687163865217,12.958507083445,0.300283707375602,2020-03-02,2020,3
"3406","MA",2,"Nordeste",21010,"Médio Mearim",424432,13723.5915067431,10,97,37,60,49,48,2,0,0,0,0,99,37,60,49,48,59,9.52687163865217,12.958507083445,0.324519949150293,2020-03-09,2020,3
"3407","MA",2,"Nordeste",21010,"Médio Mearim",424432,13723.5915067431,11,104,33,71,59,45,2,0,0,0,0,106,33,71,59,45,43,9.52687163865217,12.958507083445,0.375481232532286,2020-03-16,2020,3
"3408","MA",2,"Nordeste",21010,"Médio Mearim",424432,13723.5915067431,12,103,35,68,54,49,0,0,0,0,0,103,35,68,54,49,64,9.52687163865217,12.958507083445,0.482997019474482,2020-03-23,2020,3
"3409","MA",2,"Nordeste",21010,"Médio Mearim",424432,13723.5915067431,13,71,24,47,42,29,0,0,0,0,0,71,24,47,42,29,45,9.52687163865217,12.958507083445,0.42111676021376,2020-03-30,2020,3
"3410","MA",2,"Nordeste",21010,"Médio Mearim",424432,13723.5915067431,14,106,27,79,62,44,0,0,0,0,0,106,27,79,62,44,35,9.52687163865217,12.958507083445,0.413397326720123,2020-04-06,2020,4
"3411","MA",2,"Nordeste",21010,"Médio Mearim",424432,13723.5915067431,15,101,34,67,57,44,0,0,0,0,0,101,34,67,57,44,40,9.52687163865217,12.958507083445,0.398575691221891,2020-04-13,2020,4
"3412","MA",2,"Nordeste",21010,"Médio Mearim",424432,13723.5915067431,16,112,31,81,61,51,3,0,0,0,0,115,31,81,61,51,39,9.52687163865217,12.958507083445,0.394688857865842,2020-04-20,2020,4
"3413","MA",2,"Nordeste",21010,"Médio Mearim",424432,13723.5915067431,17,93,34,59,49,44,1,0,0,0,0,94,34,59,49,44,62,9.52687163865217,12.958507083445,0.396388129069119,2020-04-27,2020,4
"3414","MA",2,"Nordeste",21010,"Médio Mearim",424432,13723.5915067431,18,77,29,48,46,31,0,0,0,0,0,77,29,48,46,31,77,9.52687163865217,12.958507083445,0.423116153132546,2020-05-04,2020,5
"3415","MA",2,"Nordeste",21010,"Médio Mearim",424432,13723.5915067431,19,91,32,59,44,47,2,0,0,0,0,93,32,59,44,47,93,9.52687163865217,12.958507083445,0.467896252514005,2020-05-11,2020,5
"3416","MA",2,"Nordeste",21010,"Médio Mearim",424432,13723.5915067431,20,99,35,64,52,47,0,0,0,0,0,99,35,64,52,47,119,9.52687163865217,12.958507083445,0.456030897754156,2020-05-18,2020,5
"3417","MA",2,"Nordeste",21010,"Médio Mearim",424432,13723.5915067431,21,107,27,80,59,48,3,0,0,0,0,110,27,80,59,48,119,9.52687163865217,12.958507083445,0.451124577405637,2020-05-25,2020,5
"3418","MA",2,"Nordeste",21010,"Médio Mearim",424432,13723.5915067431,22,122,54,68,72,50,2,0,0,0,0,124,54,68,72,50,99,9.52687163865217,12.958507083445,0.423968106561027,2020-06-01,2020,6
"3419","MA",2,"Nordeste",21010,"Médio Mearim",424432,13723.5915067431,23,116,42,74,64,52,2,0,0,0,0,118,42,74,64,52,76,9.52687163865217,12.958507083445,0.397305255889628,2020-06-08,2020,6
"3420","MA",2,"Nordeste",21010,"Médio Mearim",424432,13723.5915067431,24,112,40,72,67,45,1,0,0,0,0,113,40,72,67,45,69,9.52687163865217,12.958507083445,0.383226218879016,2020-06-15,2020,6
"3421","MA",2,"Nordeste",21010,"Médio Mearim",424432,13723.5915067431,25,108,36,72,57,51,2,0,0,0,0,110,36,72,57,51,71,9.52687163865217,12.958507083445,0.375369627881048,2020-06-22,2020,6
"3422","MA",2,"Nordeste",21010,"Médio Mearim",424432,13723.5915067431,26,119,38,81,61,58,4,0,0,0,0,123,38,81,61,58,63,9.52687163865217,12.958507083445,0.39419602575533,2020-06-29,2020,6
"3423","MA",2,"Nordeste",21010,"Médio Mearim",424432,13723.5915067431,27,116,31,85,53,63,3,0,0,0,0,119,31,85,53,63,72,9.52687163865217,12.958507083445,0.402420276006345,2020-07-06,2020,7
"3424","MA",2,"Nordeste",21010,"Médio Mearim",424432,13723.5915067431,28,126,43,83,67,59,1,0,0,0,0,127,43,83,67,59,70,9.52687163865217,12.958507083445,0.396205701965068,2020-07-13,2020,7
"3425","MA",2,"Nordeste",21010,"Médio Mearim",424432,13723.5915067431,29,119,47,72,63,56,1,0,0,0,0,120,47,72,63,56,61,9.52687163865217,12.958507083445,0.397507642533154,2020-07-20,2020,7
"3426","MA",2,"Nordeste",21011,"Alto Mearim e Grajaú",338308,8119.02497975218,5,102,44,58,52,50,2,0,0,0,0,104,44,58,52,50,35,9.00196534956078,12.7317120021392,0.275606160273423,2020-02-03,2020,2
"3427","MA",2,"Nordeste",21011,"Alto Mearim e Grajaú",338308,8119.02497975218,6,94,46,48,46,48,2,0,0,0,0,96,46,48,46,48,30,9.00196534956078,12.7317120021392,0.272169809941789,2020-02-10,2020,2
"3428","MA",2,"Nordeste",21011,"Alto Mearim e Grajaú",338308,8119.02497975218,7,82,47,35,56,26,0,0,0,0,0,82,47,35,56,26,33,9.00196534956078,12.7317120021392,0.277370324081158,2020-02-17,2020,2
"3429","MA",2,"Nordeste",21011,"Alto Mearim e Grajaú",338308,8119.02497975218,8,81,41,40,49,32,1,0,0,0,0,82,41,40,49,32,35,9.00196534956078,12.7317120021392,0.32690816192959,2020-02-24,2020,2
"3430","MA",2,"Nordeste",21011,"Alto Mearim e Grajaú",338308,8119.02497975218,9,90,50,40,48,42,1,0,0,0,0,91,50,40,48,42,36,9.00196534956078,12.7317120021392,0.305207487540878,2020-03-02,2020,3
"3431","MA",2,"Nordeste",21011,"Alto Mearim e Grajaú",338308,8119.02497975218,10,70,35,35,36,34,1,0,0,0,0,71,35,35,36,34,37,9.00196534956078,12.7317120021392,0.322203352189129,2020-03-09,2020,3
"3432","MA",2,"Nordeste",21011,"Alto Mearim e Grajaú",338308,8119.02497975218,11,79,35,44,44,35,0,0,0,0,0,79,35,44,44,35,43,9.00196534956078,12.7317120021392,0.378126188106774,2020-03-16,2020,3
"3433","MA",2,"Nordeste",21011,"Alto Mearim e Grajaú",338308,8119.02497975218,12,82,50,32,44,38,1,0,0,0,0,83,50,32,44,38,33,9.00196534956078,12.7317120021392,0.459259237446151,2020-03-23,2020,3
"3434","MA",2,"Nordeste",21011,"Alto Mearim e Grajaú",338308,8119.02497975218,13,51,28,23,24,27,0,0,0,0,0,51,28,23,24,27,38,9.00196534956078,12.7317120021392,0.414403526206514,2020-03-30,2020,3
"3435","MA",2,"Nordeste",21011,"Alto Mearim e Grajaú",338308,8119.02497975218,14,79,33,46,40,39,3,0,0,0,0,82,33,46,40,39,21,9.00196534956078,12.7317120021392,0.406214191080695,2020-04-06,2020,4
"3436","MA",2,"Nordeste",21011,"Alto Mearim e Grajaú",338308,8119.02497975218,15,88,38,50,46,42,2,0,0,0,0,90,38,50,46,42,26,9.00196534956078,12.7317120021392,0.376806496569381,2020-04-13,2020,4
"3437","MA",2,"Nordeste",21011,"Alto Mearim e Grajaú",338308,8119.02497975218,16,73,37,36,42,31,3,0,0,0,0,76,37,36,42,31,24,9.00196534956078,12.7317120021392,0.366142193333544,2020-04-20,2020,4
"3438","MA",2,"Nordeste",21011,"Alto Mearim e Grajaú",338308,8119.02497975218,17,95,42,53,48,47,1,0,0,0,0,96,42,53,48,47,23,9.00196534956078,12.7317120021392,0.375089553790711,2020-04-27,2020,4
"3439","MA",2,"Nordeste",21011,"Alto Mearim e Grajaú",338308,8119.02497975218,18,84,46,38,41,43,1,0,0,0,0,85,46,38,41,43,39,9.00196534956078,12.7317120021392,0.427118149508901,2020-05-04,2020,5
"3440","MA",2,"Nordeste",21011,"Alto Mearim e Grajaú",338308,8119.02497975218,19,61,29,32,36,25,2,0,0,0,0,63,29,32,36,25,39,9.00196534956078,12.7317120021392,0.471214027049156,2020-05-11,2020,5
"3441","MA",2,"Nordeste",21011,"Alto Mearim e Grajaú",338308,8119.02497975218,20,108,56,52,56,52,1,0,0,0,0,109,56,52,56,52,42,9.00196534956078,12.7317120021392,0.445453734049407,2020-05-18,2020,5
"3442","MA",2,"Nordeste",21011,"Alto Mearim e Grajaú",338308,8119.02497975218,21,110,58,52,56,54,1,0,0,0,0,111,58,52,56,54,26,9.00196534956078,12.7317120021392,0.413010619921012,2020-05-25,2020,5
"3443","MA",2,"Nordeste",21011,"Alto Mearim e Grajaú",338308,8119.02497975218,22,117,62,55,57,60,4,0,0,0,0,121,62,55,57,60,50,9.00196534956078,12.7317120021392,0.398189658898068,2020-06-01,2020,6
"3444","MA",2,"Nordeste",21011,"Alto Mearim e Grajaú",338308,8119.02497975218,23,96,47,49,47,49,2,0,0,0,0,98,47,49,47,49,53,9.00196534956078,12.7317120021392,0.386199664870693,2020-06-08,2020,6
"3445","MA",2,"Nordeste",21011,"Alto Mearim e Grajaú",338308,8119.02497975218,24,109,55,54,66,43,0,0,0,0,0,109,55,54,66,43,61,9.00196534956078,12.7317120021392,0.385831026202116,2020-06-15,2020,6
"3446","MA",2,"Nordeste",21011,"Alto Mearim e Grajaú",338308,8119.02497975218,25,104,49,55,67,37,1,0,0,0,0,105,49,55,67,37,68,9.00196534956078,12.7317120021392,0.372552031334696,2020-06-22,2020,6
"3447","MA",2,"Nordeste",21011,"Alto Mearim e Grajaú",338308,8119.02497975218,26,84,42,42,51,33,1,0,0,0,0,85,42,42,51,33,60,9.00196534956078,12.7317120021392,0.395702907711689,2020-06-29,2020,6
"3448","MA",2,"Nordeste",21011,"Alto Mearim e Grajaú",338308,8119.02497975218,27,114,56,58,65,49,3,0,0,0,0,117,56,58,65,49,54,9.00196534956078,12.7317120021392,0.421192274262252,2020-07-06,2020,7
"3449","MA",2,"Nordeste",21011,"Alto Mearim e Grajaú",338308,8119.02497975218,28,113,51,62,68,45,2,0,0,0,0,115,51,62,68,45,57,9.00196534956078,12.7317120021392,0.4121404191972,2020-07-13,2020,7
"3450","MA",2,"Nordeste",21011,"Alto Mearim e Grajaú",338308,8119.02497975218,29,120,62,58,68,52,1,0,0,0,0,121,62,58,68,52,58,9.00196534956078,12.7317120021392,0.415574977011705,2020-07-20,2020,7
"3451","MA",2,"Nordeste",21012,"Presidente Dutra",200027,8772.30029561009,5,54,21,33,31,23,0,0,0,0,0,54,21,33,31,23,21,9.07935434237751,12.2062076364185,0.281979228258353,2020-02-03,2020,2
"3452","MA",2,"Nordeste",21012,"Presidente Dutra",200027,8772.30029561009,6,55,23,32,28,27,0,0,0,0,0,55,23,32,28,27,19,9.07935434237751,12.2062076364185,0.278054413444836,2020-02-10,2020,2
"3453","MA",2,"Nordeste",21012,"Presidente Dutra",200027,8772.30029561009,7,56,17,39,28,28,1,0,0,0,0,57,17,39,28,28,21,9.07935434237751,12.2062076364185,0.287210895904142,2020-02-17,2020,2
"3454","MA",2,"Nordeste",21012,"Presidente Dutra",200027,8772.30029561009,8,55,18,37,26,29,1,0,0,0,0,56,18,37,26,29,22,9.07935434237751,12.2062076364185,0.328845853021004,2020-02-24,2020,2
"3455","MA",2,"Nordeste",21012,"Presidente Dutra",200027,8772.30029561009,9,56,13,43,28,28,0,0,0,0,0,56,13,43,28,28,23,9.07935434237751,12.2062076364185,0.317128461771913,2020-03-02,2020,3
"3456","MA",2,"Nordeste",21012,"Presidente Dutra",200027,8772.30029561009,10,42,15,27,22,20,0,0,0,0,0,42,15,27,22,20,25,9.07935434237751,12.2062076364185,0.343881774255701,2020-03-09,2020,3
"3457","MA",2,"Nordeste",21012,"Presidente Dutra",200027,8772.30029561009,11,44,15,29,22,22,2,0,0,0,0,46,15,29,22,22,30,9.07935434237751,12.2062076364185,0.376782234152449,2020-03-16,2020,3
"3458","MA",2,"Nordeste",21012,"Presidente Dutra",200027,8772.30029561009,12,35,12,23,13,22,0,0,0,0,0,35,12,23,13,22,26,9.07935434237751,12.2062076364185,0.495957453537362,2020-03-23,2020,3
"3459","MA",2,"Nordeste",21012,"Presidente Dutra",200027,8772.30029561009,13,48,12,36,25,23,0,0,0,0,0,48,12,36,25,23,17,9.07935434237751,12.2062076364185,0.436027582358009,2020-03-30,2020,3
"3460","MA",2,"Nordeste",21012,"Presidente Dutra",200027,8772.30029561009,14,52,18,34,24,28,0,0,0,0,0,52,18,34,24,28,28,9.07935434237751,12.2062076364185,0.414826006413681,2020-04-06,2020,4
"3461","MA",2,"Nordeste",21012,"Presidente Dutra",200027,8772.30029561009,15,57,18,39,32,25,0,0,0,0,0,57,18,39,32,25,19,9.07935434237751,12.2062076364185,0.388149579226776,2020-04-13,2020,4
"3462","MA",2,"Nordeste",21012,"Presidente Dutra",200027,8772.30029561009,16,44,16,28,29,15,0,0,0,0,0,44,16,28,29,15,22,9.07935434237751,12.2062076364185,0.381609720893974,2020-04-20,2020,4
"3463","MA",2,"Nordeste",21012,"Presidente Dutra",200027,8772.30029561009,17,40,14,26,20,20,1,0,0,0,0,41,14,26,20,20,20,9.07935434237751,12.2062076364185,0.390572496654284,2020-04-27,2020,4
"3464","MA",2,"Nordeste",21012,"Presidente Dutra",200027,8772.30029561009,18,43,15,28,22,21,0,0,0,0,0,43,15,28,22,21,37,9.07935434237751,12.2062076364185,0.430529435831377,2020-05-04,2020,5
"3465","MA",2,"Nordeste",21012,"Presidente Dutra",200027,8772.30029561009,19,55,20,35,32,23,0,0,0,0,0,55,20,35,32,23,29,9.07935434237751,12.2062076364185,0.459136967817353,2020-05-11,2020,5
"3466","MA",2,"Nordeste",21012,"Presidente Dutra",200027,8772.30029561009,20,58,23,35,29,29,0,0,0,0,0,58,23,35,29,29,34,9.07935434237751,12.2062076364185,0.440755062379593,2020-05-18,2020,5
"3467","MA",2,"Nordeste",21012,"Presidente Dutra",200027,8772.30029561009,21,63,20,43,34,29,0,0,0,0,0,63,20,43,34,29,32,9.07935434237751,12.2062076364185,0.417499863214572,2020-05-25,2020,5
"3468","MA",2,"Nordeste",21012,"Presidente Dutra",200027,8772.30029561009,22,56,21,35,27,29,2,0,0,0,0,58,21,35,27,29,42,9.07935434237751,12.2062076364185,0.392099089532196,2020-06-01,2020,6
"3469","MA",2,"Nordeste",21012,"Presidente Dutra",200027,8772.30029561009,23,49,17,32,23,26,2,0,0,0,0,51,17,32,23,26,30,9.07935434237751,12.2062076364185,0.380130689839463,2020-06-08,2020,6
"3470","MA",2,"Nordeste",21012,"Presidente Dutra",200027,8772.30029561009,24,61,22,39,32,29,0,0,0,0,0,61,22,39,32,29,32,9.07935434237751,12.2062076364185,0.367435585018942,2020-06-15,2020,6
"3471","MA",2,"Nordeste",21012,"Presidente Dutra",200027,8772.30029561009,25,50,20,30,29,21,0,0,0,0,0,50,20,30,29,21,31,9.07935434237751,12.2062076364185,0.381472371675145,2020-06-22,2020,6
"3472","MA",2,"Nordeste",21012,"Presidente Dutra",200027,8772.30029561009,26,55,18,37,32,23,1,0,0,0,0,56,18,37,32,23,42,9.07935434237751,12.2062076364185,0.402510692740282,2020-06-29,2020,6
"3473","MA",2,"Nordeste",21012,"Presidente Dutra",200027,8772.30029561009,27,75,25,50,38,37,1,0,0,0,0,76,25,50,38,37,25,9.07935434237751,12.2062076364185,0.420278656026145,2020-07-06,2020,7
"3474","MA",2,"Nordeste",21012,"Presidente Dutra",200027,8772.30029561009,28,53,20,33,27,26,0,0,0,0,0,53,20,33,27,26,31,9.07935434237751,12.2062076364185,0.404631968278871,2020-07-13,2020,7
"3475","MA",2,"Nordeste",21012,"Presidente Dutra",200027,8772.30029561009,29,67,19,48,34,33,1,0,0,0,0,68,19,48,34,33,29,9.07935434237751,12.2062076364185,0.403638620007868,2020-07-20,2020,7
"3476","MA",2,"Nordeste",21013,"Baixo Parnaíba Maranhense",147430,6765.65990646408,5,31,13,18,21,10,0,0,0,0,0,31,13,18,21,10,14,8.81961508299664,11.9011087658439,0.305737667719788,2020-02-03,2020,2
"3477","MA",2,"Nordeste",21013,"Baixo Parnaíba Maranhense",147430,6765.65990646408,6,26,12,14,15,11,2,0,0,0,0,28,12,14,15,11,11,8.81961508299664,11.9011087658439,0.280912418115869,2020-02-10,2020,2
"3478","MA",2,"Nordeste",21013,"Baixo Parnaíba Maranhense",147430,6765.65990646408,7,31,10,21,15,16,0,0,0,0,0,31,10,21,15,16,7,8.81961508299664,11.9011087658439,0.312358868807886,2020-02-17,2020,2
"3479","MA",2,"Nordeste",21013,"Baixo Parnaíba Maranhense",147430,6765.65990646408,8,36,20,16,18,18,0,0,0,0,0,36,20,16,18,18,8,8.81961508299664,11.9011087658439,0.343798582284332,2020-02-24,2020,2
"3480","MA",2,"Nordeste",21013,"Baixo Parnaíba Maranhense",147430,6765.65990646408,9,34,10,24,19,15,0,0,0,0,0,34,10,24,19,15,12,8.81961508299664,11.9011087658439,0.328694759244921,2020-03-02,2020,3
"3481","MA",2,"Nordeste",21013,"Baixo Parnaíba Maranhense",147430,6765.65990646408,10,26,10,16,14,12,0,0,0,0,0,26,10,16,14,12,14,8.81961508299664,11.9011087658439,0.357390013209951,2020-03-09,2020,3
"3482","MA",2,"Nordeste",21013,"Baixo Parnaíba Maranhense",147430,6765.65990646408,11,35,13,22,24,11,0,0,0,0,0,35,13,22,24,11,12,8.81961508299664,11.9011087658439,0.427153709925248,2020-03-16,2020,3
"3483","MA",2,"Nordeste",21013,"Baixo Parnaíba Maranhense",147430,6765.65990646408,12,24,9,15,17,7,2,0,0,0,0,26,9,15,17,7,13,8.81961508299664,11.9011087658439,0.523028781947563,2020-03-23,2020,3
"3484","MA",2,"Nordeste",21013,"Baixo Parnaíba Maranhense",147430,6765.65990646408,13,21,10,11,13,8,0,0,0,0,0,21,10,11,13,8,9,8.81961508299664,11.9011087658439,0.463951177820691,2020-03-30,2020,3
"3485","MA",2,"Nordeste",21013,"Baixo Parnaíba Maranhense",147430,6765.65990646408,14,31,14,17,16,15,1,0,0,0,0,32,14,17,16,15,17,8.81961508299664,11.9011087658439,0.435228532447759,2020-04-06,2020,4
"3486","MA",2,"Nordeste",21013,"Baixo Parnaíba Maranhense",147430,6765.65990646408,15,28,13,15,18,10,0,0,0,0,0,28,13,15,18,10,18,8.81961508299664,11.9011087658439,0.42326982136211,2020-04-13,2020,4
"3487","MA",2,"Nordeste",21013,"Baixo Parnaíba Maranhense",147430,6765.65990646408,16,24,14,10,14,10,0,0,0,0,0,24,14,10,14,10,10,8.81961508299664,11.9011087658439,0.429444915968667,2020-04-20,2020,4
"3488","MA",2,"Nordeste",21013,"Baixo Parnaíba Maranhense",147430,6765.65990646408,17,42,17,25,21,21,0,0,0,0,0,42,17,25,21,21,14,8.81961508299664,11.9011087658439,0.461844465586724,2020-04-27,2020,4
"3489","MA",2,"Nordeste",21013,"Baixo Parnaíba Maranhense",147430,6765.65990646408,18,28,7,21,17,11,2,0,0,0,0,30,7,21,17,11,11,8.81961508299664,11.9011087658439,0.496281442781024,2020-05-04,2020,5
"3490","MA",2,"Nordeste",21013,"Baixo Parnaíba Maranhense",147430,6765.65990646408,19,27,13,14,14,13,0,0,0,0,0,27,13,14,14,13,9,8.81961508299664,11.9011087658439,0.535251726727811,2020-05-11,2020,5
"3491","MA",2,"Nordeste",21013,"Baixo Parnaíba Maranhense",147430,6765.65990646408,20,29,8,21,13,16,0,0,0,0,0,29,8,21,13,16,21,8.81961508299664,11.9011087658439,0.508010040980716,2020-05-18,2020,5
"3492","MA",2,"Nordeste",21013,"Baixo Parnaíba Maranhense",147430,6765.65990646408,21,27,15,12,15,12,0,0,0,0,0,27,15,12,15,12,23,8.81961508299664,11.9011087658439,0.496151917559264,2020-05-25,2020,5
"3493","MA",2,"Nordeste",21013,"Baixo Parnaíba Maranhense",147430,6765.65990646408,22,30,12,18,16,14,0,0,0,0,0,30,12,18,16,14,24,8.81961508299664,11.9011087658439,0.470431512648357,2020-06-01,2020,6
"3494","MA",2,"Nordeste",21013,"Baixo Parnaíba Maranhense",147430,6765.65990646408,23,28,17,11,16,12,0,0,0,0,0,28,17,11,16,12,24,8.81961508299664,11.9011087658439,0.455848555958715,2020-06-08,2020,6
"3495","MA",2,"Nordeste",21013,"Baixo Parnaíba Maranhense",147430,6765.65990646408,24,32,13,19,20,12,0,0,0,0,0,32,13,19,20,12,26,8.81961508299664,11.9011087658439,0.441845275344556,2020-06-15,2020,6
"3496","MA",2,"Nordeste",21013,"Baixo Parnaíba Maranhense",147430,6765.65990646408,25,30,14,16,14,16,1,0,0,0,0,31,14,16,14,16,28,8.81961508299664,11.9011087658439,0.437781555664835,2020-06-22,2020,6
"3497","MA",2,"Nordeste",21013,"Baixo Parnaíba Maranhense",147430,6765.65990646408,26,28,11,17,15,13,0,0,0,0,0,28,11,17,15,13,32,8.81961508299664,11.9011087658439,0.466150004616303,2020-06-29,2020,6
"3498","MA",2,"Nordeste",21013,"Baixo Parnaíba Maranhense",147430,6765.65990646408,27,41,12,29,23,18,1,0,0,0,0,42,12,29,23,18,16,8.81961508299664,11.9011087658439,0.481663058925587,2020-07-06,2020,7
"3499","MA",2,"Nordeste",21013,"Baixo Parnaíba Maranhense",147430,6765.65990646408,28,39,19,20,20,19,1,0,0,0,0,40,19,20,20,19,17,8.81961508299664,11.9011087658439,0.478188615815407,2020-07-13,2020,7
"3500","MA",2,"Nordeste",21013,"Baixo Parnaíba Maranhense",147430,6765.65990646408,29,35,19,16,17,18,0,0,0,0,0,35,19,16,17,18,15,8.81961508299664,11.9011087658439,0.481011085604534,2020-07-20,2020,7
"3501","MA",2,"Nordeste",21014,"Chapadinha",246702,7786.55126330553,5,74,36,38,41,33,0,0,0,0,0,74,36,38,41,33,17,8.96015332752709,12.4159364094972,0.269006107559611,2020-02-03,2020,2
"3502","MA",2,"Nordeste",21014,"Chapadinha",246702,7786.55126330553,6,73,20,53,35,38,0,0,0,0,0,73,20,53,35,38,19,8.96015332752709,12.4159364094972,0.25905566897453,2020-02-10,2020,2
"3503","MA",2,"Nordeste",21014,"Chapadinha",246702,7786.55126330553,7,82,28,54,49,33,2,0,0,0,0,84,28,54,49,33,24,8.96015332752709,12.4159364094972,0.268121636017483,2020-02-17,2020,2
"3504","MA",2,"Nordeste",21014,"Chapadinha",246702,7786.55126330553,8,79,29,50,44,35,0,0,0,0,0,79,29,50,44,35,24,8.96015332752709,12.4159364094972,0.316313820067003,2020-02-24,2020,2
"3505","MA",2,"Nordeste",21014,"Chapadinha",246702,7786.55126330553,9,67,33,34,45,22,1,0,0,0,0,68,33,34,45,22,20,8.96015332752709,12.4159364094972,0.29874727124776,2020-03-02,2020,3
"3506","MA",2,"Nordeste",21014,"Chapadinha",246702,7786.55126330553,10,66,24,42,35,31,1,0,0,0,0,67,24,42,35,31,24,8.96015332752709,12.4159364094972,0.327313152448933,2020-03-09,2020,3
"3507","MA",2,"Nordeste",21014,"Chapadinha",246702,7786.55126330553,11,49,27,22,27,22,0,0,0,0,0,49,27,22,27,22,19,8.96015332752709,12.4159364094972,0.383401388930786,2020-03-16,2020,3
"3508","MA",2,"Nordeste",21014,"Chapadinha",246702,7786.55126330553,12,53,22,31,31,22,1,0,0,0,0,54,22,31,31,22,29,8.96015332752709,12.4159364094972,0.460028733070458,2020-03-23,2020,3
"3509","MA",2,"Nordeste",21014,"Chapadinha",246702,7786.55126330553,13,51,20,31,32,19,0,0,0,0,0,51,20,31,32,19,28,8.96015332752709,12.4159364094972,0.410471096980459,2020-03-30,2020,3
"3510","MA",2,"Nordeste",21014,"Chapadinha",246702,7786.55126330553,14,70,26,44,34,36,0,0,0,0,0,70,26,44,34,36,20,8.96015332752709,12.4159364094972,0.416340607567889,2020-04-06,2020,4
"3511","MA",2,"Nordeste",21014,"Chapadinha",246702,7786.55126330553,15,70,30,40,41,29,2,0,0,0,0,72,30,40,41,29,25,8.96015332752709,12.4159364094972,0.387236570645596,2020-04-13,2020,4
"3512","MA",2,"Nordeste",21014,"Chapadinha",246702,7786.55126330553,16,68,31,37,34,34,1,0,0,0,0,69,31,37,34,34,27,8.96015332752709,12.4159364094972,0.385977920097558,2020-04-20,2020,4
"3513","MA",2,"Nordeste",21014,"Chapadinha",246702,7786.55126330553,17,65,33,32,37,28,1,0,0,0,0,66,33,32,37,28,18,8.96015332752709,12.4159364094972,0.387390614402575,2020-04-27,2020,4
"3514","MA",2,"Nordeste",21014,"Chapadinha",246702,7786.55126330553,18,65,29,36,46,19,4,0,0,0,0,69,29,36,46,19,29,8.96015332752709,12.4159364094972,0.426510074238438,2020-05-04,2020,5
"3515","MA",2,"Nordeste",21014,"Chapadinha",246702,7786.55126330553,19,65,36,29,40,25,1,0,0,0,0,66,36,29,40,25,40,8.96015332752709,12.4159364094972,0.457662745276421,2020-05-11,2020,5
"3516","MA",2,"Nordeste",21014,"Chapadinha",246702,7786.55126330553,20,67,22,45,31,36,0,0,0,0,0,67,22,45,31,36,48,8.96015332752709,12.4159364094972,0.433772629639621,2020-05-18,2020,5
"3517","MA",2,"Nordeste",21014,"Chapadinha",246702,7786.55126330553,21,61,25,36,37,24,2,0,0,0,0,63,25,36,37,24,46,8.96015332752709,12.4159364094972,0.417417142169093,2020-05-25,2020,5
"3518","MA",2,"Nordeste",21014,"Chapadinha",246702,7786.55126330553,22,75,31,44,47,28,1,0,0,0,0,76,31,44,47,28,48,8.96015332752709,12.4159364094972,0.399194074122397,2020-06-01,2020,6
"3519","MA",2,"Nordeste",21014,"Chapadinha",246702,7786.55126330553,23,64,27,37,38,26,0,0,0,0,0,64,27,37,38,26,43,8.96015332752709,12.4159364094972,0.392571977137513,2020-06-08,2020,6
"3520","MA",2,"Nordeste",21014,"Chapadinha",246702,7786.55126330553,24,91,40,51,46,45,1,0,0,0,0,92,40,51,46,45,37,8.96015332752709,12.4159364094972,0.365152223454194,2020-06-15,2020,6
"3521","MA",2,"Nordeste",21014,"Chapadinha",246702,7786.55126330553,25,71,33,38,38,33,2,0,0,0,0,73,33,38,38,33,29,8.96015332752709,12.4159364094972,0.365863408944535,2020-06-22,2020,6
"3522","MA",2,"Nordeste",21014,"Chapadinha",246702,7786.55126330553,26,85,38,47,56,29,1,0,0,0,0,86,38,47,56,29,36,8.96015332752709,12.4159364094972,0.375118507502921,2020-06-29,2020,6
"3523","MA",2,"Nordeste",21014,"Chapadinha",246702,7786.55126330553,27,73,39,34,34,39,0,0,0,0,0,73,39,34,34,39,33,8.96015332752709,12.4159364094972,0.38276116974042,2020-07-06,2020,7
"3524","MA",2,"Nordeste",21014,"Chapadinha",246702,7786.55126330553,28,84,27,57,48,36,1,0,0,0,0,85,27,57,48,36,24,8.96015332752709,12.4159364094972,0.375091736005694,2020-07-13,2020,7
"3525","MA",2,"Nordeste",21014,"Chapadinha",246702,7786.55126330553,29,89,39,50,50,39,1,0,0,0,0,90,39,50,50,39,14,8.96015332752709,12.4159364094972,0.374940849985169,2020-07-20,2020,7
"3526","MA",2,"Nordeste",21015,"Codó",280000,8002.86739585714,5,73,31,42,42,31,2,0,0,0,0,75,31,42,42,31,18,8.98755518092541,12.5425448821514,0.287787842489319,2020-02-03,2020,2
"3527","MA",2,"Nordeste",21015,"Codó",280000,8002.86739585714,6,86,36,50,44,42,2,0,0,0,0,88,36,50,44,42,26,8.98755518092541,12.5425448821514,0.278527511037543,2020-02-10,2020,2
"3528","MA",2,"Nordeste",21015,"Codó",280000,8002.86739585714,7,97,41,56,43,54,0,0,0,0,0,97,41,56,43,54,24,8.98755518092541,12.5425448821514,0.291219527876783,2020-02-17,2020,2
"3529","MA",2,"Nordeste",21015,"Codó",280000,8002.86739585714,8,75,30,45,34,41,0,0,0,0,0,75,30,45,34,41,44,8.98755518092541,12.5425448821514,0.338904523437352,2020-02-24,2020,2
"3530","MA",2,"Nordeste",21015,"Codó",280000,8002.86739585714,9,76,32,44,45,31,1,0,0,0,0,77,32,44,45,31,34,8.98755518092541,12.5425448821514,0.315634822893606,2020-03-02,2020,3
"3531","MA",2,"Nordeste",21015,"Codó",280000,8002.86739585714,10,72,24,48,31,41,2,0,0,0,0,74,24,48,31,41,36,8.98755518092541,12.5425448821514,0.348312843327841,2020-03-09,2020,3
"3532","MA",2,"Nordeste",21015,"Codó",280000,8002.86739585714,11,71,31,40,36,35,1,0,0,0,0,72,31,40,36,35,42,8.98755518092541,12.5425448821514,0.400681059491045,2020-03-16,2020,3
"3533","MA",2,"Nordeste",21015,"Codó",280000,8002.86739585714,12,58,22,36,27,31,1,0,0,0,0,59,22,36,27,31,26,8.98755518092541,12.5425448821514,0.495188441756808,2020-03-23,2020,3
"3534","MA",2,"Nordeste",21015,"Codó",280000,8002.86739585714,13,66,33,33,40,26,2,0,0,0,0,68,33,33,40,26,28,8.98755518092541,12.5425448821514,0.442566487048836,2020-03-30,2020,3
"3535","MA",2,"Nordeste",21015,"Codó",280000,8002.86739585714,14,59,24,35,37,22,0,0,0,0,0,59,24,35,37,22,23,8.98755518092541,12.5425448821514,0.422923851362177,2020-04-06,2020,4
"3536","MA",2,"Nordeste",21015,"Codó",280000,8002.86739585714,15,74,22,52,40,34,0,0,0,0,0,74,22,52,40,34,23,8.98755518092541,12.5425448821514,0.401614634114842,2020-04-13,2020,4
"3537","MA",2,"Nordeste",21015,"Codó",280000,8002.86739585714,16,74,32,42,37,37,0,0,0,0,0,74,32,42,37,37,32,8.98755518092541,12.5425448821514,0.401630722225044,2020-04-20,2020,4
"3538","MA",2,"Nordeste",21015,"Codó",280000,8002.86739585714,17,73,28,45,47,26,0,0,0,0,0,73,28,45,47,26,37,8.98755518092541,12.5425448821514,0.405605071077046,2020-04-27,2020,4
"3539","MA",2,"Nordeste",21015,"Codó",280000,8002.86739585714,18,53,24,29,36,17,3,0,0,0,0,56,24,29,36,17,42,8.98755518092541,12.5425448821514,0.438605145048012,2020-05-04,2020,5
"3540","MA",2,"Nordeste",21015,"Codó",280000,8002.86739585714,19,79,38,41,46,33,0,0,0,0,0,79,38,41,46,33,80,8.98755518092541,12.5425448821514,0.481299128951992,2020-05-11,2020,5
"3541","MA",2,"Nordeste",21015,"Codó",280000,8002.86739585714,20,64,21,43,39,25,1,0,0,0,0,65,21,43,39,25,59,8.98755518092541,12.5425448821514,0.458890625112402,2020-05-18,2020,5
"3542","MA",2,"Nordeste",21015,"Codó",280000,8002.86739585714,21,85,33,52,49,36,1,0,0,0,0,86,33,52,49,36,52,8.98755518092541,12.5425448821514,0.433116773013599,2020-05-25,2020,5
"3543","MA",2,"Nordeste",21015,"Codó",280000,8002.86739585714,22,98,36,62,58,40,0,0,0,0,0,98,36,62,58,40,78,8.98755518092541,12.5425448821514,0.402588643764297,2020-06-01,2020,6
"3544","MA",2,"Nordeste",21015,"Codó",280000,8002.86739585714,23,85,35,50,53,32,0,0,0,0,0,85,35,50,53,32,56,8.98755518092541,12.5425448821514,0.394212311116094,2020-06-08,2020,6
"3545","MA",2,"Nordeste",21015,"Codó",280000,8002.86739585714,24,70,28,42,41,29,1,0,0,0,0,71,28,42,41,29,44,8.98755518092541,12.5425448821514,0.38515795631791,2020-06-15,2020,6
"3546","MA",2,"Nordeste",21015,"Codó",280000,8002.86739585714,25,67,30,37,43,24,0,0,0,0,0,67,30,37,43,24,35,8.98755518092541,12.5425448821514,0.386047453815489,2020-06-22,2020,6
"3547","MA",2,"Nordeste",21015,"Codó",280000,8002.86739585714,26,94,40,54,52,42,0,0,0,0,0,94,40,54,52,42,31,8.98755518092541,12.5425448821514,0.403815361773246,2020-06-29,2020,6
"3548","MA",2,"Nordeste",21015,"Codó",280000,8002.86739585714,27,71,29,42,35,36,0,0,0,0,0,71,29,42,35,36,40,8.98755518092541,12.5425448821514,0.416584132838887,2020-07-06,2020,7
"3549","MA",2,"Nordeste",21015,"Codó",280000,8002.86739585714,28,87,40,47,55,32,2,0,0,0,0,89,40,47,55,32,30,8.98755518092541,12.5425448821514,0.412348370143048,2020-07-13,2020,7
"3550","MA",2,"Nordeste",21015,"Codó",280000,8002.86739585714,29,90,36,54,55,35,2,0,0,0,0,92,36,54,55,35,38,8.98755518092541,12.5425448821514,0.412231715369906,2020-07-20,2020,7
"3551","MA",2,"Nordeste",21016,"Coelho Neto",94357,7245.19526267262,5,25,13,12,13,12,2,0,0,0,0,27,13,12,13,12,7,8.88809380576118,11.4548407398835,0.283874845288577,2020-02-03,2020,2
"3552","MA",2,"Nordeste",21016,"Coelho Neto",94357,7245.19526267262,6,22,12,10,16,6,0,0,0,0,0,22,12,10,16,6,10,8.88809380576118,11.4548407398835,0.277769740928059,2020-02-10,2020,2
"3553","MA",2,"Nordeste",21016,"Coelho Neto",94357,7245.19526267262,7,24,11,13,8,16,1,0,0,0,0,25,11,13,8,16,11,8.88809380576118,11.4548407398835,0.289950792287609,2020-02-17,2020,2
"3554","MA",2,"Nordeste",21016,"Coelho Neto",94357,7245.19526267262,8,33,18,15,19,14,1,0,0,0,0,34,18,15,19,14,15,8.88809380576118,11.4548407398835,0.335229761177588,2020-02-24,2020,2
"3555","MA",2,"Nordeste",21016,"Coelho Neto",94357,7245.19526267262,9,24,12,12,14,10,0,0,0,0,0,24,12,12,14,10,11,8.88809380576118,11.4548407398835,0.317878250607291,2020-03-02,2020,3
"3556","MA",2,"Nordeste",21016,"Coelho Neto",94357,7245.19526267262,10,25,8,17,13,12,0,0,0,0,0,25,8,17,13,12,15,8.88809380576118,11.4548407398835,0.341185890978497,2020-03-09,2020,3
"3557","MA",2,"Nordeste",21016,"Coelho Neto",94357,7245.19526267262,11,26,13,13,18,8,1,0,0,0,0,27,13,13,18,8,7,8.88809380576118,11.4548407398835,0.397391931201026,2020-03-16,2020,3
"3558","MA",2,"Nordeste",21016,"Coelho Neto",94357,7245.19526267262,12,24,17,7,13,11,0,0,0,0,0,24,17,7,13,11,12,8.88809380576118,11.4548407398835,0.487263074376,2020-03-23,2020,3
"3559","MA",2,"Nordeste",21016,"Coelho Neto",94357,7245.19526267262,13,32,13,19,15,17,0,0,0,0,0,32,13,19,15,17,10,8.88809380576118,11.4548407398835,0.431126132775398,2020-03-30,2020,3
"3560","MA",2,"Nordeste",21016,"Coelho Neto",94357,7245.19526267262,14,19,7,12,10,9,2,0,0,0,0,21,7,12,10,9,4,8.88809380576118,11.4548407398835,0.415815122691502,2020-04-06,2020,4
"3561","MA",2,"Nordeste",21016,"Coelho Neto",94357,7245.19526267262,15,19,6,13,16,3,0,0,0,0,0,19,6,13,16,3,9,8.88809380576118,11.4548407398835,0.405628794725255,2020-04-13,2020,4
"3562","MA",2,"Nordeste",21016,"Coelho Neto",94357,7245.19526267262,16,21,11,10,10,11,0,0,0,0,0,21,11,10,10,11,9,8.88809380576118,11.4548407398835,0.404399011364699,2020-04-20,2020,4
"3563","MA",2,"Nordeste",21016,"Coelho Neto",94357,7245.19526267262,17,28,13,15,16,12,0,0,0,0,0,28,13,15,16,12,8,8.88809380576118,11.4548407398835,0.422107625273647,2020-04-27,2020,4
"3564","MA",2,"Nordeste",21016,"Coelho Neto",94357,7245.19526267262,18,23,13,10,10,13,0,0,0,0,0,23,13,10,10,13,7,8.88809380576118,11.4548407398835,0.427137396338061,2020-05-04,2020,5
"3565","MA",2,"Nordeste",21016,"Coelho Neto",94357,7245.19526267262,19,25,15,10,11,14,1,0,0,0,0,26,15,10,11,14,11,8.88809380576118,11.4548407398835,0.445560183352986,2020-05-11,2020,5
"3566","MA",2,"Nordeste",21016,"Coelho Neto",94357,7245.19526267262,20,25,10,15,11,14,0,0,0,0,0,25,10,15,11,14,14,8.88809380576118,11.4548407398835,0.438964885098539,2020-05-18,2020,5
"3567","MA",2,"Nordeste",21016,"Coelho Neto",94357,7245.19526267262,21,26,14,12,13,13,0,0,0,0,0,26,14,12,13,13,16,8.88809380576118,11.4548407398835,0.435659058905164,2020-05-25,2020,5
"3568","MA",2,"Nordeste",21016,"Coelho Neto",94357,7245.19526267262,22,28,17,11,14,14,0,0,0,0,0,28,17,11,14,14,22,8.88809380576118,11.4548407398835,0.427009386016973,2020-06-01,2020,6
"3569","MA",2,"Nordeste",21016,"Coelho Neto",94357,7245.19526267262,23,34,18,16,19,15,0,0,0,0,0,34,18,16,19,15,19,8.88809380576118,11.4548407398835,0.426655644399599,2020-06-08,2020,6
"3570","MA",2,"Nordeste",21016,"Coelho Neto",94357,7245.19526267262,24,26,9,17,13,13,1,0,0,0,0,27,9,17,13,13,20,8.88809380576118,11.4548407398835,0.39826847388645,2020-06-15,2020,6
"3571","MA",2,"Nordeste",21016,"Coelho Neto",94357,7245.19526267262,25,28,16,12,14,14,3,0,0,0,0,31,16,12,14,14,13,8.88809380576118,11.4548407398835,0.397891904389422,2020-06-22,2020,6
"3572","MA",2,"Nordeste",21016,"Coelho Neto",94357,7245.19526267262,26,25,12,13,13,12,0,0,0,0,0,25,12,13,13,12,15,8.88809380576118,11.4548407398835,0.398853144777705,2020-06-29,2020,6
"3573","MA",2,"Nordeste",21016,"Coelho Neto",94357,7245.19526267262,27,21,6,15,12,9,0,0,0,0,0,21,6,15,12,9,13,8.88809380576118,11.4548407398835,0.402896090970671,2020-07-06,2020,7
"3574","MA",2,"Nordeste",21016,"Coelho Neto",94357,7245.19526267262,28,29,12,17,12,17,0,0,0,0,0,29,12,17,12,17,16,8.88809380576118,11.4548407398835,0.400001418350397,2020-07-13,2020,7
"3575","MA",2,"Nordeste",21016,"Coelho Neto",94357,7245.19526267262,29,29,14,15,16,13,0,0,0,0,0,29,14,15,16,13,15,8.88809380576118,11.4548407398835,0.421211527651173,2020-07-20,2020,7
"3576","MA",2,"Nordeste",21017,"Caxias",447282,9863.4951416556,5,117,39,78,57,60,0,0,0,0,0,117,39,78,57,60,57,9.19659586162595,13.0109445471625,0.272933581492119,2020-02-03,2020,2
"3577","MA",2,"Nordeste",21017,"Caxias",447282,9863.4951416556,6,104,31,73,42,62,0,0,0,0,0,104,31,73,42,62,45,9.19659586162595,13.0109445471625,0.266620551211519,2020-02-10,2020,2
"3578","MA",2,"Nordeste",21017,"Caxias",447282,9863.4951416556,7,115,37,78,62,53,2,0,0,0,0,117,37,78,62,53,34,9.19659586162595,13.0109445471625,0.279537695265626,2020-02-17,2020,2
"3579","MA",2,"Nordeste",21017,"Caxias",447282,9863.4951416556,8,154,45,109,79,75,3,0,0,0,0,157,45,109,79,75,61,9.19659586162595,13.0109445471625,0.335480332823116,2020-02-24,2020,2
"3580","MA",2,"Nordeste",21017,"Caxias",447282,9863.4951416556,9,119,41,78,64,55,0,0,0,0,0,119,41,78,64,55,63,9.19659586162595,13.0109445471625,0.309392804551286,2020-03-02,2020,3
"3581","MA",2,"Nordeste",21017,"Caxias",447282,9863.4951416556,10,124,38,86,63,61,1,0,0,0,0,125,38,86,63,61,61,9.19659586162595,13.0109445471625,0.329770369351022,2020-03-09,2020,3
"3582","MA",2,"Nordeste",21017,"Caxias",447282,9863.4951416556,11,120,41,79,61,59,2,0,0,0,0,122,41,79,61,59,67,9.19659586162595,13.0109445471625,0.404892934308322,2020-03-16,2020,3
"3583","MA",2,"Nordeste",21017,"Caxias",447282,9863.4951416556,12,131,42,89,73,58,1,0,0,0,0,132,42,89,73,58,58,9.19659586162595,13.0109445471625,0.516033059757471,2020-03-23,2020,3
"3584","MA",2,"Nordeste",21017,"Caxias",447282,9863.4951416556,13,95,33,62,38,57,1,0,0,0,0,96,33,62,38,57,41,9.19659586162595,13.0109445471625,0.465208952865351,2020-03-30,2020,3
"3585","MA",2,"Nordeste",21017,"Caxias",447282,9863.4951416556,14,112,44,68,63,49,1,0,0,0,0,113,44,68,63,49,42,9.19659586162595,13.0109445471625,0.455272503110291,2020-04-06,2020,4
"3586","MA",2,"Nordeste",21017,"Caxias",447282,9863.4951416556,15,99,45,54,48,51,2,0,0,0,0,101,45,54,48,51,55,9.19659586162595,13.0109445471625,0.434714260956721,2020-04-13,2020,4
"3587","MA",2,"Nordeste",21017,"Caxias",447282,9863.4951416556,16,116,41,75,58,58,0,0,0,0,0,116,41,75,58,58,66,9.19659586162595,13.0109445471625,0.433977391445904,2020-04-20,2020,4
"3588","MA",2,"Nordeste",21017,"Caxias",447282,9863.4951416556,17,113,36,77,53,60,3,0,0,0,0,116,36,77,53,60,65,9.19659586162595,13.0109445471625,0.422643214795474,2020-04-27,2020,4
"3589","MA",2,"Nordeste",21017,"Caxias",447282,9863.4951416556,18,117,37,80,61,56,0,0,0,0,0,117,37,80,61,56,64,9.19659586162595,13.0109445471625,0.426225963542985,2020-05-04,2020,5
"3590","MA",2,"Nordeste",21017,"Caxias",447282,9863.4951416556,19,114,34,80,59,55,1,0,0,0,0,115,34,80,59,55,43,9.19659586162595,13.0109445471625,0.464390094612673,2020-05-11,2020,5
"3591","MA",2,"Nordeste",21017,"Caxias",447282,9863.4951416556,20,116,42,74,69,47,2,0,0,0,0,118,42,74,69,47,72,9.19659586162595,13.0109445471625,0.456890319428312,2020-05-18,2020,5
"3592","MA",2,"Nordeste",21017,"Caxias",447282,9863.4951416556,21,140,43,97,83,57,3,0,0,0,0,143,43,97,83,57,90,9.19659586162595,13.0109445471625,0.445585964615713,2020-05-25,2020,5
"3593","MA",2,"Nordeste",21017,"Caxias",447282,9863.4951416556,22,111,32,79,53,58,2,0,0,0,0,113,32,79,53,58,81,9.19659586162595,13.0109445471625,0.432885202066418,2020-06-01,2020,6
"3594","MA",2,"Nordeste",21017,"Caxias",447282,9863.4951416556,23,136,45,91,74,62,0,0,0,0,0,136,45,91,74,62,95,9.19659586162595,13.0109445471625,0.421020838577763,2020-06-08,2020,6
"3595","MA",2,"Nordeste",21017,"Caxias",447282,9863.4951416556,24,139,53,86,65,74,2,0,0,0,0,141,53,86,65,74,88,9.19659586162595,13.0109445471625,0.412905022648293,2020-06-15,2020,6
"3596","MA",2,"Nordeste",21017,"Caxias",447282,9863.4951416556,25,113,44,69,58,55,2,0,0,0,0,115,44,69,58,55,88,9.19659586162595,13.0109445471625,0.413375032880838,2020-06-22,2020,6
"3597","MA",2,"Nordeste",21017,"Caxias",447282,9863.4951416556,26,129,39,90,59,70,1,0,0,0,0,130,39,90,59,70,106,9.19659586162595,13.0109445471625,0.443270280969259,2020-06-29,2020,6
"3598","MA",2,"Nordeste",21017,"Caxias",447282,9863.4951416556,27,140,47,93,74,66,0,0,0,0,0,140,47,93,74,66,96,9.19659586162595,13.0109445471625,0.45272368404307,2020-07-06,2020,7
"3599","MA",2,"Nordeste",21017,"Caxias",447282,9863.4951416556,28,129,49,80,73,56,0,0,0,0,0,129,49,80,73,56,74,9.19659586162595,13.0109445471625,0.44954412936347,2020-07-13,2020,7
"3600","MA",2,"Nordeste",21017,"Caxias",447282,9863.4951416556,29,143,47,96,73,70,1,0,0,0,0,144,47,96,73,70,83,9.19659586162595,13.0109445471625,0.450683217854153,2020-07-20,2020,7
"3601","MA",2,"Nordeste",21018,"Chapadas do Alto Itapecuru",222247,8708.47669354367,5,51,17,34,30,21,0,0,0,0,0,51,17,34,30,21,25,9.07205216288,12.3115446549723,0.254715694402758,2020-02-03,2020,2
"3602","MA",2,"Nordeste",21018,"Chapadas do Alto Itapecuru",222247,8708.47669354367,6,48,22,26,23,25,1,0,0,0,0,49,22,26,23,25,18,9.07205216288,12.3115446549723,0.24741326513024,2020-02-10,2020,2
"3603","MA",2,"Nordeste",21018,"Chapadas do Alto Itapecuru",222247,8708.47669354367,7,41,16,25,24,17,0,0,0,0,0,41,16,25,24,17,25,9.07205216288,12.3115446549723,0.260042058719977,2020-02-17,2020,2
"3604","MA",2,"Nordeste",21018,"Chapadas do Alto Itapecuru",222247,8708.47669354367,8,56,20,36,33,23,0,0,0,0,0,56,20,36,33,23,30,9.07205216288,12.3115446549723,0.29543517685515,2020-02-24,2020,2
"3605","MA",2,"Nordeste",21018,"Chapadas do Alto Itapecuru",222247,8708.47669354367,9,67,24,43,24,43,0,0,0,0,0,67,24,43,24,43,24,9.07205216288,12.3115446549723,0.27870368173155,2020-03-02,2020,3
"3606","MA",2,"Nordeste",21018,"Chapadas do Alto Itapecuru",222247,8708.47669354367,10,67,20,47,33,34,2,0,0,0,0,69,20,47,33,34,23,9.07205216288,12.3115446549723,0.311625409716217,2020-03-09,2020,3
"3607","MA",2,"Nordeste",21018,"Chapadas do Alto Itapecuru",222247,8708.47669354367,11,50,16,34,24,26,1,0,0,0,0,51,16,34,24,26,31,9.07205216288,12.3115446549723,0.364845526748986,2020-03-16,2020,3
"3608","MA",2,"Nordeste",21018,"Chapadas do Alto Itapecuru",222247,8708.47669354367,12,35,13,22,15,20,0,0,0,0,0,35,13,22,15,20,31,9.07205216288,12.3115446549723,0.465052326549085,2020-03-23,2020,3
"3609","MA",2,"Nordeste",21018,"Chapadas do Alto Itapecuru",222247,8708.47669354367,13,49,15,34,31,18,0,0,0,0,0,49,15,34,31,18,18,9.07205216288,12.3115446549723,0.399124626332913,2020-03-30,2020,3
"3610","MA",2,"Nordeste",21018,"Chapadas do Alto Itapecuru",222247,8708.47669354367,14,45,16,29,25,20,2,0,0,0,0,47,16,29,25,20,25,9.07205216288,12.3115446549723,0.406065906055968,2020-04-06,2020,4
"3611","MA",2,"Nordeste",21018,"Chapadas do Alto Itapecuru",222247,8708.47669354367,15,40,17,23,29,11,0,0,0,0,0,40,17,23,29,11,28,9.07205216288,12.3115446549723,0.379522516022408,2020-04-13,2020,4
"3612","MA",2,"Nordeste",21018,"Chapadas do Alto Itapecuru",222247,8708.47669354367,16,61,19,42,29,32,0,0,0,0,0,61,19,42,29,32,16,9.07205216288,12.3115446549723,0.376768240391214,2020-04-20,2020,4
"3613","MA",2,"Nordeste",21018,"Chapadas do Alto Itapecuru",222247,8708.47669354367,17,44,17,27,31,13,1,0,0,0,0,45,17,27,31,13,32,9.07205216288,12.3115446549723,0.375651664169494,2020-04-27,2020,4
"3614","MA",2,"Nordeste",21018,"Chapadas do Alto Itapecuru",222247,8708.47669354367,18,60,28,32,33,27,3,0,0,0,0,63,28,32,33,27,22,9.07205216288,12.3115446549723,0.383304088924382,2020-05-04,2020,5
"3615","MA",2,"Nordeste",21018,"Chapadas do Alto Itapecuru",222247,8708.47669354367,19,42,17,25,23,19,0,0,0,0,0,42,17,25,23,19,29,9.07205216288,12.3115446549723,0.402834428269086,2020-05-11,2020,5
"3616","MA",2,"Nordeste",21018,"Chapadas do Alto Itapecuru",222247,8708.47669354367,20,43,17,26,22,21,1,0,0,0,0,44,17,26,22,21,36,9.07205216288,12.3115446549723,0.400483934315138,2020-05-18,2020,5
"3617","MA",2,"Nordeste",21018,"Chapadas do Alto Itapecuru",222247,8708.47669354367,21,54,25,29,29,25,0,0,0,0,0,54,25,29,29,25,20,9.07205216288,12.3115446549723,0.388760676041868,2020-05-25,2020,5
"3618","MA",2,"Nordeste",21018,"Chapadas do Alto Itapecuru",222247,8708.47669354367,22,83,38,45,40,43,0,0,0,0,0,83,38,45,40,43,19,9.07205216288,12.3115446549723,0.367129186752828,2020-06-01,2020,6
"3619","MA",2,"Nordeste",21018,"Chapadas do Alto Itapecuru",222247,8708.47669354367,23,45,14,31,26,19,0,0,0,0,0,45,14,31,26,19,25,9.07205216288,12.3115446549723,0.366684765385595,2020-06-08,2020,6
"3620","MA",2,"Nordeste",21018,"Chapadas do Alto Itapecuru",222247,8708.47669354367,24,58,22,36,29,29,1,0,0,0,0,59,22,36,29,29,30,9.07205216288,12.3115446549723,0.350864596362315,2020-06-15,2020,6
"3621","MA",2,"Nordeste",21018,"Chapadas do Alto Itapecuru",222247,8708.47669354367,25,56,13,43,29,27,0,0,0,0,0,56,13,43,29,27,30,9.07205216288,12.3115446549723,0.356788583903977,2020-06-22,2020,6
"3622","MA",2,"Nordeste",21018,"Chapadas do Alto Itapecuru",222247,8708.47669354367,26,56,20,36,32,24,0,0,0,0,0,56,20,36,32,24,36,9.07205216288,12.3115446549723,0.375257731940087,2020-06-29,2020,6
"3623","MA",2,"Nordeste",21018,"Chapadas do Alto Itapecuru",222247,8708.47669354367,27,60,22,38,34,26,0,0,0,0,0,60,22,38,34,26,23,9.07205216288,12.3115446549723,0.38876799376643,2020-07-06,2020,7
"3624","MA",2,"Nordeste",21018,"Chapadas do Alto Itapecuru",222247,8708.47669354367,28,59,18,41,27,32,2,0,0,0,0,61,18,41,27,32,39,9.07205216288,12.3115446549723,0.384336759262704,2020-07-13,2020,7
"3625","MA",2,"Nordeste",21018,"Chapadas do Alto Itapecuru",222247,8708.47669354367,29,74,31,43,29,45,1,0,0,0,0,75,31,43,29,45,32,9.07205216288,12.3115446549723,0.391639371552116,2020-07-20,2020,7
"3626","MA",2,"Nordeste",21019,"Porto Franco",121114,18269.4480973298,5,25,10,15,14,11,0,0,0,0,0,25,10,15,14,11,10,9.81298544077838,11.7044875297956,0.274069587099115,2020-02-03,2020,2
"3627","MA",2,"Nordeste",21019,"Porto Franco",121114,18269.4480973298,6,36,11,25,21,15,0,0,0,0,0,36,11,25,21,15,13,9.81298544077838,11.7044875297956,0.282455739826975,2020-02-10,2020,2
"3628","MA",2,"Nordeste",21019,"Porto Franco",121114,18269.4480973298,7,38,11,27,20,18,1,0,0,0,0,39,11,27,20,18,12,9.81298544077838,11.7044875297956,0.281047880672534,2020-02-17,2020,2
"3629","MA",2,"Nordeste",21019,"Porto Franco",121114,18269.4480973298,8,29,11,18,16,13,2,0,0,0,0,31,11,18,16,13,9,9.81298544077838,11.7044875297956,0.316827045155978,2020-02-24,2020,2
"3630","MA",2,"Nordeste",21019,"Porto Franco",121114,18269.4480973298,9,31,10,21,15,16,1,0,0,0,0,32,10,21,15,16,12,9.81298544077838,11.7044875297956,0.311143818492665,2020-03-02,2020,3
"3631","MA",2,"Nordeste",21019,"Porto Franco",121114,18269.4480973298,10,30,10,20,15,15,0,0,0,0,0,30,10,20,15,15,12,9.81298544077838,11.7044875297956,0.321570788096044,2020-03-09,2020,3
"3632","MA",2,"Nordeste",21019,"Porto Franco",121114,18269.4480973298,11,19,6,13,9,10,1,0,0,0,0,20,6,13,9,10,9,9.81298544077838,11.7044875297956,0.369830806394652,2020-03-16,2020,3
"3633","MA",2,"Nordeste",21019,"Porto Franco",121114,18269.4480973298,12,24,10,14,14,10,0,0,0,0,0,24,10,14,14,10,12,9.81298544077838,11.7044875297956,0.438037800073918,2020-03-23,2020,3
"3634","MA",2,"Nordeste",21019,"Porto Franco",121114,18269.4480973298,13,19,5,14,8,11,0,0,0,0,0,19,5,14,8,11,13,9.81298544077838,11.7044875297956,0.388084413944125,2020-03-30,2020,3
"3635","MA",2,"Nordeste",21019,"Porto Franco",121114,18269.4480973298,14,14,4,10,6,8,1,0,0,0,0,15,4,10,6,8,11,9.81298544077838,11.7044875297956,0.388475157800934,2020-04-06,2020,4
"3636","MA",2,"Nordeste",21019,"Porto Franco",121114,18269.4480973298,15,21,5,16,9,12,0,0,0,0,0,21,5,16,9,12,14,9.81298544077838,11.7044875297956,0.370027361612442,2020-04-13,2020,4
"3637","MA",2,"Nordeste",21019,"Porto Franco",121114,18269.4480973298,16,34,8,26,16,18,0,0,0,0,0,34,8,26,16,18,10,9.81298544077838,11.7044875297956,0.373197818412026,2020-04-20,2020,4
"3638","MA",2,"Nordeste",21019,"Porto Franco",121114,18269.4480973298,17,21,5,16,10,11,0,0,0,0,0,21,5,16,10,11,9,9.81298544077838,11.7044875297956,0.380362944840551,2020-04-27,2020,4
"3639","MA",2,"Nordeste",21019,"Porto Franco",121114,18269.4480973298,18,30,10,20,12,18,1,0,0,0,0,31,10,20,12,18,14,9.81298544077838,11.7044875297956,0.388213721918416,2020-05-04,2020,5
"3640","MA",2,"Nordeste",21019,"Porto Franco",121114,18269.4480973298,19,24,9,15,9,15,0,0,0,0,0,24,9,15,9,15,23,9.81298544077838,11.7044875297956,0.436138627783396,2020-05-11,2020,5
"3641","MA",2,"Nordeste",21019,"Porto Franco",121114,18269.4480973298,20,27,9,18,17,10,0,0,0,0,0,27,9,18,17,10,20,9.81298544077838,11.7044875297956,0.42393006741501,2020-05-18,2020,5
"3642","MA",2,"Nordeste",21019,"Porto Franco",121114,18269.4480973298,21,23,6,17,14,9,0,0,0,0,0,23,6,17,14,9,15,9.81298544077838,11.7044875297956,0.385625068664115,2020-05-25,2020,5
"3643","MA",2,"Nordeste",21019,"Porto Franco",121114,18269.4480973298,22,33,11,22,18,15,0,0,0,0,0,33,11,22,18,15,15,9.81298544077838,11.7044875297956,0.376883421544051,2020-06-01,2020,6
"3644","MA",2,"Nordeste",21019,"Porto Franco",121114,18269.4480973298,23,26,9,17,11,15,0,0,0,0,0,26,9,17,11,15,9,9.81298544077838,11.7044875297956,0.38103748888567,2020-06-08,2020,6
"3645","MA",2,"Nordeste",21019,"Porto Franco",121114,18269.4480973298,24,36,14,22,20,16,0,0,0,0,0,36,14,22,20,16,12,9.81298544077838,11.7044875297956,0.372884377496735,2020-06-15,2020,6
"3646","MA",2,"Nordeste",21019,"Porto Franco",121114,18269.4480973298,25,39,16,23,18,21,0,0,0,0,0,39,16,23,18,21,15,9.81298544077838,11.7044875297956,0.375892117329891,2020-06-22,2020,6
"3647","MA",2,"Nordeste",21019,"Porto Franco",121114,18269.4480973298,26,41,16,25,28,13,0,0,0,0,0,41,16,25,28,13,12,9.81298544077838,11.7044875297956,0.377767595708142,2020-06-29,2020,6
"3648","MA",2,"Nordeste",21019,"Porto Franco",121114,18269.4480973298,27,25,7,18,17,8,0,0,0,0,0,25,7,18,17,8,22,9.81298544077838,11.7044875297956,0.39318914885814,2020-07-06,2020,7
"3649","MA",2,"Nordeste",21019,"Porto Franco",121114,18269.4480973298,28,41,14,27,21,20,0,0,0,0,0,41,14,27,21,20,22,9.81298544077838,11.7044875297956,0.383213857302083,2020-07-13,2020,7
"3650","MA",2,"Nordeste",21019,"Porto Franco",121114,18269.4480973298,29,41,11,30,19,22,0,0,0,0,0,41,11,30,19,22,17,9.81298544077838,11.7044875297956,0.397909173822831,2020-07-20,2020,7
"3651","MA",2,"Nordeste",21020,"Gerais de Balsas",144541,38035.8491120167,5,52,16,36,23,29,0,0,0,0,0,52,16,36,23,29,16,10.5462843916733,11.8813184833131,0.269493416358214,2020-02-03,2020,2
"3652","MA",2,"Nordeste",21020,"Gerais de Balsas",144541,38035.8491120167,6,52,17,35,26,26,2,0,0,0,0,54,17,35,26,26,13,10.5462843916733,11.8813184833131,0.273159600458798,2020-02-10,2020,2
"3653","MA",2,"Nordeste",21020,"Gerais de Balsas",144541,38035.8491120167,7,44,15,29,21,23,1,0,0,0,0,45,15,29,21,23,14,10.5462843916733,11.8813184833131,0.282813320359852,2020-02-17,2020,2
"3654","MA",2,"Nordeste",21020,"Gerais de Balsas",144541,38035.8491120167,8,71,25,46,36,35,0,0,0,0,0,71,25,46,36,35,10,10.5462843916733,11.8813184833131,0.315223854658118,2020-02-24,2020,2
"3655","MA",2,"Nordeste",21020,"Gerais de Balsas",144541,38035.8491120167,9,37,14,23,12,25,0,0,0,0,0,37,14,23,12,25,22,10.5462843916733,11.8813184833131,0.295159974248776,2020-03-02,2020,3
"3656","MA",2,"Nordeste",21020,"Gerais de Balsas",144541,38035.8491120167,10,45,15,30,22,23,0,0,0,0,0,45,15,30,22,23,21,10.5462843916733,11.8813184833131,0.323502648150168,2020-03-09,2020,3
"3657","MA",2,"Nordeste",21020,"Gerais de Balsas",144541,38035.8491120167,11,56,19,37,30,26,1,0,0,0,0,57,19,37,30,26,17,10.5462843916733,11.8813184833131,0.372828159375802,2020-03-16,2020,3
"3658","MA",2,"Nordeste",21020,"Gerais de Balsas",144541,38035.8491120167,12,50,17,33,25,25,0,0,0,0,0,50,17,33,25,25,14,10.5462843916733,11.8813184833131,0.438922032036624,2020-03-23,2020,3
"3659","MA",2,"Nordeste",21020,"Gerais de Balsas",144541,38035.8491120167,13,37,14,23,17,20,0,0,0,0,0,37,14,23,17,20,13,10.5462843916733,11.8813184833131,0.396410264879659,2020-03-30,2020,3
"3660","MA",2,"Nordeste",21020,"Gerais de Balsas",144541,38035.8491120167,14,54,18,36,26,28,0,0,0,0,0,54,18,36,26,28,11,10.5462843916733,11.8813184833131,0.385071207444422,2020-04-06,2020,4
"3661","MA",2,"Nordeste",21020,"Gerais de Balsas",144541,38035.8491120167,15,42,13,29,18,24,1,0,0,0,0,43,13,29,18,24,10,10.5462843916733,11.8813184833131,0.349632476224797,2020-04-13,2020,4
"3662","MA",2,"Nordeste",21020,"Gerais de Balsas",144541,38035.8491120167,16,41,15,26,18,23,0,0,0,0,0,41,15,26,18,23,17,10.5462843916733,11.8813184833131,0.368927287641948,2020-04-20,2020,4
"3663","MA",2,"Nordeste",21020,"Gerais de Balsas",144541,38035.8491120167,17,32,15,17,12,20,0,0,0,0,0,32,15,17,12,20,14,10.5462843916733,11.8813184833131,0.353568979206115,2020-04-27,2020,4
"3664","MA",2,"Nordeste",21020,"Gerais de Balsas",144541,38035.8491120167,18,47,14,33,24,23,0,0,0,0,0,47,14,33,24,23,17,10.5462843916733,11.8813184833131,0.376152056317353,2020-05-04,2020,5
"3665","MA",2,"Nordeste",21020,"Gerais de Balsas",144541,38035.8491120167,19,36,11,25,20,16,0,0,0,0,0,36,11,25,20,16,12,10.5462843916733,11.8813184833131,0.405170828536815,2020-05-11,2020,5
"3666","MA",2,"Nordeste",21020,"Gerais de Balsas",144541,38035.8491120167,20,45,13,32,23,22,0,0,0,0,0,45,13,32,23,22,12,10.5462843916733,11.8813184833131,0.381502285554261,2020-05-18,2020,5
"3667","MA",2,"Nordeste",21020,"Gerais de Balsas",144541,38035.8491120167,21,56,20,36,33,23,1,0,0,0,0,57,20,36,33,23,27,10.5462843916733,11.8813184833131,0.374906736987009,2020-05-25,2020,5
"3668","MA",2,"Nordeste",21020,"Gerais de Balsas",144541,38035.8491120167,22,51,20,31,26,25,0,0,0,0,0,51,20,31,26,25,18,10.5462843916733,11.8813184833131,0.365432072773592,2020-06-01,2020,6
"3669","MA",2,"Nordeste",21020,"Gerais de Balsas",144541,38035.8491120167,23,45,18,27,23,22,1,0,0,0,0,46,18,27,23,22,20,10.5462843916733,11.8813184833131,0.369157376394804,2020-06-08,2020,6
"3670","MA",2,"Nordeste",21020,"Gerais de Balsas",144541,38035.8491120167,24,45,16,29,24,21,0,0,0,0,0,45,16,29,24,21,14,10.5462843916733,11.8813184833131,0.365226495238472,2020-06-15,2020,6
"3671","MA",2,"Nordeste",21020,"Gerais de Balsas",144541,38035.8491120167,25,46,24,22,28,18,0,0,0,0,0,46,24,22,28,18,23,10.5462843916733,11.8813184833131,0.369318518804723,2020-06-22,2020,6
"3672","MA",2,"Nordeste",21020,"Gerais de Balsas",144541,38035.8491120167,26,39,14,25,16,23,3,0,0,0,0,42,14,25,16,23,18,10.5462843916733,11.8813184833131,0.380119518504356,2020-06-29,2020,6
"3673","MA",2,"Nordeste",21020,"Gerais de Balsas",144541,38035.8491120167,27,38,8,30,24,14,0,0,0,0,0,38,8,30,24,14,22,10.5462843916733,11.8813184833131,0.402021041326744,2020-07-06,2020,7
"3674","MA",2,"Nordeste",21020,"Gerais de Balsas",144541,38035.8491120167,28,63,15,48,32,31,0,0,0,0,0,63,15,48,32,31,29,10.5462843916733,11.8813184833131,0.391725563445546,2020-07-13,2020,7
"3675","MA",2,"Nordeste",21020,"Gerais de Balsas",144541,38035.8491120167,29,54,13,41,23,31,0,0,0,0,0,54,13,41,23,31,31,10.5462843916733,11.8813184833131,0.396845654548632,2020-07-20,2020,7
"3676","MA",2,"Nordeste",21021,"Chapadas das Mangabeiras",72567,19660.7131692091,5,23,13,10,13,10,0,0,0,0,0,23,13,10,13,10,7,9.88637766818103,11.1922655520212,0.286735978520606,2020-02-03,2020,2
"3677","MA",2,"Nordeste",21021,"Chapadas das Mangabeiras",72567,19660.7131692091,6,14,7,7,9,5,1,0,0,0,0,15,7,7,9,5,11,9.88637766818103,11.1922655520212,0.277687862791415,2020-02-10,2020,2
"3678","MA",2,"Nordeste",21021,"Chapadas das Mangabeiras",72567,19660.7131692091,7,12,3,9,7,5,0,0,0,0,0,12,3,9,7,5,9,9.88637766818103,11.1922655520212,0.270154819803514,2020-02-17,2020,2
"3679","MA",2,"Nordeste",21021,"Chapadas das Mangabeiras",72567,19660.7131692091,8,26,6,20,15,11,0,0,0,0,0,26,6,20,15,11,8,9.88637766818103,11.1922655520212,0.311939485380397,2020-02-24,2020,2
"3680","MA",2,"Nordeste",21021,"Chapadas das Mangabeiras",72567,19660.7131692091,9,18,4,14,11,7,1,0,0,0,0,19,4,14,11,7,11,9.88637766818103,11.1922655520212,0.306158577118866,2020-03-02,2020,3
"3681","MA",2,"Nordeste",21021,"Chapadas das Mangabeiras",72567,19660.7131692091,10,17,7,10,9,8,0,0,0,0,0,17,7,10,9,8,10,9.88637766818103,11.1922655520212,0.329341121352606,2020-03-09,2020,3
"3682","MA",2,"Nordeste",21021,"Chapadas das Mangabeiras",72567,19660.7131692091,11,16,5,11,8,8,0,0,0,0,0,16,5,11,8,8,15,9.88637766818103,11.1922655520212,0.379424684514214,2020-03-16,2020,3
"3683","MA",2,"Nordeste",21021,"Chapadas das Mangabeiras",72567,19660.7131692091,12,13,7,6,9,4,0,0,0,0,0,13,7,6,9,4,8,9.88637766818103,11.1922655520212,0.44470180844175,2020-03-23,2020,3
"3684","MA",2,"Nordeste",21021,"Chapadas das Mangabeiras",72567,19660.7131692091,13,8,3,5,5,3,0,0,0,0,0,8,3,5,5,3,9,9.88637766818103,11.1922655520212,0.384669231640538,2020-03-30,2020,3
"3685","MA",2,"Nordeste",21021,"Chapadas das Mangabeiras",72567,19660.7131692091,14,15,6,9,7,8,1,0,0,0,0,16,6,9,7,8,8,9.88637766818103,11.1922655520212,0.392154043159816,2020-04-06,2020,4
"3686","MA",2,"Nordeste",21021,"Chapadas das Mangabeiras",72567,19660.7131692091,15,21,8,13,14,7,1,0,0,0,0,22,8,13,14,7,3,9.88637766818103,11.1922655520212,0.383714851407035,2020-04-13,2020,4
"3687","MA",2,"Nordeste",21021,"Chapadas das Mangabeiras",72567,19660.7131692091,16,20,4,16,13,7,0,0,0,0,0,20,4,16,13,7,7,9.88637766818103,11.1922655520212,0.364740832493442,2020-04-20,2020,4
"3688","MA",2,"Nordeste",21021,"Chapadas das Mangabeiras",72567,19660.7131692091,17,17,7,10,8,9,0,0,0,0,0,17,7,10,8,9,6,9.88637766818103,11.1922655520212,0.35284356322959,2020-04-27,2020,4
"3689","MA",2,"Nordeste",21021,"Chapadas das Mangabeiras",72567,19660.7131692091,18,11,3,8,5,6,0,0,0,0,0,11,3,8,5,6,8,9.88637766818103,11.1922655520212,0.37306912789969,2020-05-04,2020,5
"3690","MA",2,"Nordeste",21021,"Chapadas das Mangabeiras",72567,19660.7131692091,19,20,4,16,7,13,0,0,0,0,0,20,4,16,7,13,8,9.88637766818103,11.1922655520212,0.406825001804907,2020-05-11,2020,5
"3691","MA",2,"Nordeste",21021,"Chapadas das Mangabeiras",72567,19660.7131692091,20,26,9,17,14,12,0,0,0,0,0,26,9,17,14,12,8,9.88637766818103,11.1922655520212,0.380330059760075,2020-05-18,2020,5
"3692","MA",2,"Nordeste",21021,"Chapadas das Mangabeiras",72567,19660.7131692091,21,21,5,16,13,8,0,0,0,0,0,21,5,16,13,8,2,9.88637766818103,11.1922655520212,0.380705635144221,2020-05-25,2020,5
"3693","MA",2,"Nordeste",21021,"Chapadas das Mangabeiras",72567,19660.7131692091,22,17,4,13,8,9,0,0,0,0,0,17,4,13,8,9,9,9.88637766818103,11.1922655520212,0.374196570543606,2020-06-01,2020,6
"3694","MA",2,"Nordeste",21021,"Chapadas das Mangabeiras",72567,19660.7131692091,23,24,6,18,10,14,0,0,0,0,0,24,6,18,10,14,11,9.88637766818103,11.1922655520212,0.362288017231698,2020-06-08,2020,6
"3695","MA",2,"Nordeste",21021,"Chapadas das Mangabeiras",72567,19660.7131692091,24,20,10,10,13,7,0,0,0,0,0,20,10,10,13,7,7,9.88637766818103,11.1922655520212,0.350008086905742,2020-06-15,2020,6
"3696","MA",2,"Nordeste",21021,"Chapadas das Mangabeiras",72567,19660.7131692091,25,16,4,12,9,7,0,0,0,0,0,16,4,12,9,7,11,9.88637766818103,11.1922655520212,0.357125608499655,2020-06-22,2020,6
"3697","MA",2,"Nordeste",21021,"Chapadas das Mangabeiras",72567,19660.7131692091,26,25,8,17,13,12,0,0,0,0,0,25,8,17,13,12,12,9.88637766818103,11.1922655520212,0.391082340546496,2020-06-29,2020,6
"3698","MA",2,"Nordeste",21021,"Chapadas das Mangabeiras",72567,19660.7131692091,27,18,8,10,8,10,0,0,0,0,0,18,8,10,8,10,12,9.88637766818103,11.1922655520212,0.423965095470529,2020-07-06,2020,7
"3699","MA",2,"Nordeste",21021,"Chapadas das Mangabeiras",72567,19660.7131692091,28,15,3,12,8,7,0,0,0,0,0,15,3,12,8,7,11,9.88637766818103,11.1922655520212,0.413444431608109,2020-07-13,2020,7
"3700","MA",2,"Nordeste",21021,"Chapadas das Mangabeiras",72567,19660.7131692091,29,20,8,12,10,10,1,0,0,0,0,21,8,12,10,10,13,9.88637766818103,11.1922655520212,0.437872318930524,2020-07-20,2020,7
"3701","MG",3,"Sudeste",31001,"Unaí",160148,32386.4492253416,5,41,5,36,20,21,0,0,0,0,0,41,5,36,20,21,13,10.3854953805105,11.9838536666671,0.276485478624335,2020-02-03,2020,2
"3702","MG",3,"Sudeste",31001,"Unaí",160148,32386.4492253416,6,29,7,22,15,14,0,0,0,0,0,29,7,22,15,14,17,10.3854953805105,11.9838536666671,0.265468065072911,2020-02-10,2020,2
"3703","MG",3,"Sudeste",31001,"Unaí",160148,32386.4492253416,7,39,11,28,15,24,0,0,0,0,0,39,11,28,15,24,17,10.3854953805105,11.9838536666671,0.278829662159327,2020-02-17,2020,2
"3704","MG",3,"Sudeste",31001,"Unaí",160148,32386.4492253416,8,36,9,27,15,21,1,0,0,0,0,37,9,27,15,21,22,10.3854953805105,11.9838536666671,0.31724559388494,2020-02-24,2020,2
"3705","MG",3,"Sudeste",31001,"Unaí",160148,32386.4492253416,9,35,6,29,15,20,0,0,0,0,0,35,6,29,15,20,18,10.3854953805105,11.9838536666671,0.293522995472042,2020-03-02,2020,3
"3706","MG",3,"Sudeste",31001,"Unaí",160148,32386.4492253416,10,31,9,22,12,19,0,0,0,0,0,31,9,22,12,19,13,10.3854953805105,11.9838536666671,0.309676773883539,2020-03-09,2020,3
"3707","MG",3,"Sudeste",31001,"Unaí",160148,32386.4492253416,11,30,3,27,10,20,0,0,0,0,0,30,3,27,10,20,15,10.3854953805105,11.9838536666671,0.381558241346598,2020-03-16,2020,3
"3708","MG",3,"Sudeste",31001,"Unaí",160148,32386.4492253416,12,26,6,20,13,13,0,0,0,0,0,26,6,20,13,13,17,10.3854953805105,11.9838536666671,0.475473559837065,2020-03-23,2020,3
"3709","MG",3,"Sudeste",31001,"Unaí",160148,32386.4492253416,13,32,9,23,7,25,1,0,0,0,0,33,9,23,7,25,17,10.3854953805105,11.9838536666671,0.412886481261441,2020-03-30,2020,3
"3710","MG",3,"Sudeste",31001,"Unaí",160148,32386.4492253416,14,38,5,33,18,20,0,0,0,0,0,38,5,33,18,20,24,10.3854953805105,11.9838536666671,0.403124408852465,2020-04-06,2020,4
"3711","MG",3,"Sudeste",31001,"Unaí",160148,32386.4492253416,15,22,7,15,8,14,0,0,0,0,0,22,7,15,8,14,12,10.3854953805105,11.9838536666671,0.37717463933187,2020-04-13,2020,4
"3712","MG",3,"Sudeste",31001,"Unaí",160148,32386.4492253416,16,49,11,38,19,30,0,0,0,0,0,49,11,38,19,30,17,10.3854953805105,11.9838536666671,0.390284032165834,2020-04-20,2020,4
"3713","MG",3,"Sudeste",31001,"Unaí",160148,32386.4492253416,17,35,7,28,13,22,0,0,0,0,0,35,7,28,13,22,13,10.3854953805105,11.9838536666671,0.384212978903129,2020-04-27,2020,4
"3714","MG",3,"Sudeste",31001,"Unaí",160148,32386.4492253416,18,28,3,25,11,17,0,0,0,0,0,28,3,25,11,17,20,10.3854953805105,11.9838536666671,0.369037802999846,2020-05-04,2020,5
"3715","MG",3,"Sudeste",31001,"Unaí",160148,32386.4492253416,19,39,10,29,13,26,0,0,0,0,0,39,10,29,13,26,9,10.3854953805105,11.9838536666671,0.369560954675528,2020-05-11,2020,5
"3716","MG",3,"Sudeste",31001,"Unaí",160148,32386.4492253416,20,49,11,38,19,30,0,0,0,0,0,49,11,38,19,30,11,10.3854953805105,11.9838536666671,0.361550791976504,2020-05-18,2020,5
"3717","MG",3,"Sudeste",31001,"Unaí",160148,32386.4492253416,21,37,7,30,16,21,1,0,0,0,0,38,7,30,16,21,16,10.3854953805105,11.9838536666671,0.361333340624338,2020-05-25,2020,5
"3718","MG",3,"Sudeste",31001,"Unaí",160148,32386.4492253416,22,54,7,47,22,32,0,0,0,0,0,54,7,47,22,32,16,10.3854953805105,11.9838536666671,0.367360293442853,2020-06-01,2020,6
"3719","MG",3,"Sudeste",31001,"Unaí",160148,32386.4492253416,23,46,10,36,18,28,0,0,0,0,0,46,10,36,18,28,14,10.3854953805105,11.9838536666671,0.374364997861791,2020-06-08,2020,6
"3720","MG",3,"Sudeste",31001,"Unaí",160148,32386.4492253416,24,44,11,33,18,26,0,0,0,0,0,44,11,33,18,26,15,10.3854953805105,11.9838536666671,0.35775702140408,2020-06-15,2020,6
"3721","MG",3,"Sudeste",31001,"Unaí",160148,32386.4492253416,25,51,14,37,23,28,0,0,0,0,0,51,14,37,23,28,18,10.3854953805105,11.9838536666671,0.372950273305408,2020-06-22,2020,6
"3722","MG",3,"Sudeste",31001,"Unaí",160148,32386.4492253416,26,33,5,28,17,16,1,0,0,0,0,34,5,28,17,16,13,10.3854953805105,11.9838536666671,0.36957284870859,2020-06-29,2020,6
"3723","MG",3,"Sudeste",31001,"Unaí",160148,32386.4492253416,27,31,5,26,16,15,1,0,0,0,0,32,5,26,16,15,24,10.3854953805105,11.9838536666671,0.373223737286559,2020-07-06,2020,7
"3724","MG",3,"Sudeste",31001,"Unaí",160148,32386.4492253416,28,50,6,44,16,34,0,0,0,0,0,50,6,44,16,34,26,10.3854953805105,11.9838536666671,0.360869419150231,2020-07-13,2020,7
"3725","MG",3,"Sudeste",31001,"Unaí",160148,32386.4492253416,29,36,10,26,14,22,0,0,0,0,0,36,10,26,14,22,12,10.3854953805105,11.9838536666671,0.376474389127123,2020-07-20,2020,7
"3726","MG",3,"Sudeste",31002,"Paracatu",237979,35543.4443576534,5,52,15,37,27,25,0,0,0,0,0,52,15,37,27,25,27,10.478511011972,12.3799377134665,0.297184655057013,2020-02-03,2020,2
"3727","MG",3,"Sudeste",31002,"Paracatu",237979,35543.4443576534,6,56,10,46,20,36,1,0,0,0,0,57,10,46,20,36,29,10.478511011972,12.3799377134665,0.283130470647271,2020-02-10,2020,2
"3728","MG",3,"Sudeste",31002,"Paracatu",237979,35543.4443576534,7,57,7,50,20,37,0,0,0,0,0,57,7,50,20,37,26,10.478511011972,12.3799377134665,0.298889719762815,2020-02-17,2020,2
"3729","MG",3,"Sudeste",31002,"Paracatu",237979,35543.4443576534,8,53,10,43,20,33,2,0,0,0,0,55,10,43,20,33,21,10.478511011972,12.3799377134665,0.343216792769595,2020-02-24,2020,2
"3730","MG",3,"Sudeste",31002,"Paracatu",237979,35543.4443576534,9,51,11,40,21,30,0,0,0,0,0,51,11,40,21,30,21,10.478511011972,12.3799377134665,0.311710128554893,2020-03-02,2020,3
"3731","MG",3,"Sudeste",31002,"Paracatu",237979,35543.4443576534,10,53,12,41,24,29,0,0,0,0,0,53,12,41,24,29,24,10.478511011972,12.3799377134665,0.330610828540981,2020-03-09,2020,3
"3732","MG",3,"Sudeste",31002,"Paracatu",237979,35543.4443576534,11,51,12,39,18,33,1,0,0,0,0,52,12,39,18,33,26,10.478511011972,12.3799377134665,0.391874848761775,2020-03-16,2020,3
"3733","MG",3,"Sudeste",31002,"Paracatu",237979,35543.4443576534,12,50,11,39,15,35,0,0,0,0,0,50,11,39,15,35,23,10.478511011972,12.3799377134665,0.472048433331913,2020-03-23,2020,3
"3734","MG",3,"Sudeste",31002,"Paracatu",237979,35543.4443576534,13,38,4,34,14,24,0,0,0,0,0,38,4,34,14,24,30,10.478511011972,12.3799377134665,0.430492350465213,2020-03-30,2020,3
"3735","MG",3,"Sudeste",31002,"Paracatu",237979,35543.4443576534,14,54,12,42,23,31,1,0,0,0,0,55,12,42,23,31,21,10.478511011972,12.3799377134665,0.427024935147143,2020-04-06,2020,4
"3736","MG",3,"Sudeste",31002,"Paracatu",237979,35543.4443576534,15,56,6,50,20,36,0,0,0,0,0,56,6,50,20,36,20,10.478511011972,12.3799377134665,0.396360287881719,2020-04-13,2020,4
"3737","MG",3,"Sudeste",31002,"Paracatu",237979,35543.4443576534,16,48,4,44,24,24,0,0,0,0,0,48,4,44,24,24,37,10.478511011972,12.3799377134665,0.399627383950521,2020-04-20,2020,4
"3738","MG",3,"Sudeste",31002,"Paracatu",237979,35543.4443576534,17,50,11,39,20,30,1,0,0,0,0,51,11,39,20,30,21,10.478511011972,12.3799377134665,0.391030313180527,2020-04-27,2020,4
"3739","MG",3,"Sudeste",31002,"Paracatu",237979,35543.4443576534,18,47,11,36,13,34,1,0,0,0,0,48,11,36,13,34,16,10.478511011972,12.3799377134665,0.37814913933571,2020-05-04,2020,5
"3740","MG",3,"Sudeste",31002,"Paracatu",237979,35543.4443576534,19,70,19,51,22,48,0,0,0,0,0,70,19,51,22,48,20,10.478511011972,12.3799377134665,0.391730786265521,2020-05-11,2020,5
"3741","MG",3,"Sudeste",31002,"Paracatu",237979,35543.4443576534,20,70,16,54,30,40,1,0,0,0,0,71,16,54,30,40,20,10.478511011972,12.3799377134665,0.390143521072332,2020-05-18,2020,5
"3742","MG",3,"Sudeste",31002,"Paracatu",237979,35543.4443576534,21,58,10,48,19,39,1,0,0,0,0,59,10,48,19,39,31,10.478511011972,12.3799377134665,0.378639845428037,2020-05-25,2020,5
"3743","MG",3,"Sudeste",31002,"Paracatu",237979,35543.4443576534,22,75,20,55,24,51,1,0,0,0,0,76,20,55,24,51,21,10.478511011972,12.3799377134665,0.381155059095866,2020-06-01,2020,6
"3744","MG",3,"Sudeste",31002,"Paracatu",237979,35543.4443576534,23,64,11,53,22,42,0,0,0,0,0,64,11,53,22,42,28,10.478511011972,12.3799377134665,0.377325221862632,2020-06-08,2020,6
"3745","MG",3,"Sudeste",31002,"Paracatu",237979,35543.4443576534,24,64,12,52,28,36,1,0,0,0,0,65,12,52,28,36,21,10.478511011972,12.3799377134665,0.36866197576422,2020-06-15,2020,6
"3746","MG",3,"Sudeste",31002,"Paracatu",237979,35543.4443576534,25,50,12,38,25,25,1,0,0,0,0,51,12,38,25,25,30,10.478511011972,12.3799377134665,0.380958475852204,2020-06-22,2020,6
"3747","MG",3,"Sudeste",31002,"Paracatu",237979,35543.4443576534,26,61,14,47,20,41,0,0,0,0,0,61,14,47,20,41,35,10.478511011972,12.3799377134665,0.378003036930693,2020-06-29,2020,6
"3748","MG",3,"Sudeste",31002,"Paracatu",237979,35543.4443576534,27,60,12,48,27,33,1,0,0,0,0,61,12,48,27,33,22,10.478511011972,12.3799377134665,0.384301004834056,2020-07-06,2020,7
"3749","MG",3,"Sudeste",31002,"Paracatu",237979,35543.4443576534,28,53,11,42,20,33,0,0,0,0,0,53,11,42,20,33,25,10.478511011972,12.3799377134665,0.383199309856603,2020-07-13,2020,7
"3750","MG",3,"Sudeste",31002,"Paracatu",237979,35543.4443576534,29,58,15,43,21,37,1,0,0,0,0,59,15,43,21,37,28,10.478511011972,12.3799377134665,0.393475270537316,2020-07-20,2020,7
"3751","MG",3,"Sudeste",31003,"Januária",292494,9226.47937550856,5,65,22,43,27,38,0,0,0,0,0,65,22,43,27,38,36,9.12983282196028,12.5861994326231,0.28968136922717,2020-02-03,2020,2
"3752","MG",3,"Sudeste",31003,"Januária",292494,9226.47937550856,6,69,23,46,28,41,1,0,0,0,0,70,23,46,28,41,22,9.12983282196028,12.5861994326231,0.274575414757824,2020-02-10,2020,2
"3753","MG",3,"Sudeste",31003,"Januária",292494,9226.47937550856,7,62,15,47,25,37,0,0,0,0,0,62,15,47,25,37,24,9.12983282196028,12.5861994326231,0.285053076942521,2020-02-17,2020,2
"3754","MG",3,"Sudeste",31003,"Januária",292494,9226.47937550856,8,55,14,41,19,36,0,0,0,0,0,55,14,41,19,36,33,9.12983282196028,12.5861994326231,0.31358599815348,2020-02-24,2020,2
"3755","MG",3,"Sudeste",31003,"Januária",292494,9226.47937550856,9,70,21,49,28,42,2,0,0,0,0,72,21,49,28,42,25,9.12983282196028,12.5861994326231,0.305596794035566,2020-03-02,2020,3
"3756","MG",3,"Sudeste",31003,"Januária",292494,9226.47937550856,10,60,19,41,26,34,1,0,0,0,0,61,19,41,26,34,26,9.12983282196028,12.5861994326231,0.308418754014489,2020-03-09,2020,3
"3757","MG",3,"Sudeste",31003,"Januária",292494,9226.47937550856,11,62,22,40,27,35,0,0,0,0,0,62,22,40,27,35,28,9.12983282196028,12.5861994326231,0.373801821640456,2020-03-16,2020,3
"3758","MG",3,"Sudeste",31003,"Januária",292494,9226.47937550856,12,57,19,38,22,35,0,0,0,0,0,57,19,38,22,35,30,9.12983282196028,12.5861994326231,0.493194659325437,2020-03-23,2020,3
"3759","MG",3,"Sudeste",31003,"Januária",292494,9226.47937550856,13,53,18,35,22,31,0,0,0,0,0,53,18,35,22,31,38,9.12983282196028,12.5861994326231,0.4393593556526,2020-03-30,2020,3
"3760","MG",3,"Sudeste",31003,"Januária",292494,9226.47937550856,14,67,20,47,27,40,0,0,0,0,0,67,20,47,27,40,31,9.12983282196028,12.5861994326231,0.430013127783489,2020-04-06,2020,4
"3761","MG",3,"Sudeste",31003,"Januária",292494,9226.47937550856,15,54,18,36,25,29,0,0,0,0,0,54,18,36,25,29,28,9.12983282196028,12.5861994326231,0.408140406718547,2020-04-13,2020,4
"3762","MG",3,"Sudeste",31003,"Januária",292494,9226.47937550856,16,74,17,57,28,46,0,0,0,0,0,74,17,57,28,46,35,9.12983282196028,12.5861994326231,0.404508293856813,2020-04-20,2020,4
"3763","MG",3,"Sudeste",31003,"Januária",292494,9226.47937550856,17,58,15,43,25,33,0,0,0,0,0,58,15,43,25,33,23,9.12983282196028,12.5861994326231,0.399671728076482,2020-04-27,2020,4
"3764","MG",3,"Sudeste",31003,"Januária",292494,9226.47937550856,18,59,15,44,24,35,1,0,0,0,0,60,15,44,24,35,40,9.12983282196028,12.5861994326231,0.386216974181548,2020-05-04,2020,5
"3765","MG",3,"Sudeste",31003,"Januária",292494,9226.47937550856,19,60,19,41,24,36,1,0,0,0,0,61,19,41,24,36,30,9.12983282196028,12.5861994326231,0.391900026091852,2020-05-11,2020,5
"3766","MG",3,"Sudeste",31003,"Januária",292494,9226.47937550856,20,78,16,62,31,47,0,0,0,0,0,78,16,62,31,47,29,9.12983282196028,12.5861994326231,0.377624845303736,2020-05-18,2020,5
"3767","MG",3,"Sudeste",31003,"Januária",292494,9226.47937550856,21,81,25,56,37,44,2,0,0,0,0,83,25,56,37,44,45,9.12983282196028,12.5861994326231,0.382894198490351,2020-05-25,2020,5
"3768","MG",3,"Sudeste",31003,"Januária",292494,9226.47937550856,22,83,18,65,42,41,0,0,0,0,0,83,18,65,42,41,38,9.12983282196028,12.5861994326231,0.372382043972106,2020-06-01,2020,6
"3769","MG",3,"Sudeste",31003,"Januária",292494,9226.47937550856,23,74,20,54,33,41,3,0,0,0,0,77,20,54,33,41,31,9.12983282196028,12.5861994326231,0.371045468006032,2020-06-08,2020,6
"3770","MG",3,"Sudeste",31003,"Januária",292494,9226.47937550856,24,75,18,57,31,44,1,0,0,0,0,76,18,57,31,44,36,9.12983282196028,12.5861994326231,0.356754170077843,2020-06-15,2020,6
"3771","MG",3,"Sudeste",31003,"Januária",292494,9226.47937550856,25,81,20,61,29,52,2,0,0,0,0,83,20,61,29,52,38,9.12983282196028,12.5861994326231,0.366636746764677,2020-06-22,2020,6
"3772","MG",3,"Sudeste",31003,"Januária",292494,9226.47937550856,26,70,18,52,30,40,0,0,0,0,0,70,18,52,30,40,37,9.12983282196028,12.5861994326231,0.380204258337144,2020-06-29,2020,6
"3773","MG",3,"Sudeste",31003,"Januária",292494,9226.47937550856,27,74,14,60,29,45,0,0,0,0,0,74,14,60,29,45,26,9.12983282196028,12.5861994326231,0.390474376947016,2020-07-06,2020,7
"3774","MG",3,"Sudeste",31003,"Januária",292494,9226.47937550856,28,87,20,67,36,51,2,0,0,0,0,89,20,67,36,51,38,9.12983282196028,12.5861994326231,0.390710067230468,2020-07-13,2020,7
"3775","MG",3,"Sudeste",31003,"Januária",292494,9226.47937550856,29,86,19,67,39,47,1,0,0,0,0,87,19,67,39,47,25,9.12983282196028,12.5861994326231,0.378308593299158,2020-07-20,2020,7
"3776","MG",3,"Sudeste",31004,"Janaúba",258479,12571.1388016048,5,51,7,44,25,26,1,0,0,0,0,52,7,44,25,26,18,9.43915889426703,12.4625697317196,0.275470582956002,2020-02-03,2020,2
"3777","MG",3,"Sudeste",31004,"Janaúba",258479,12571.1388016048,6,58,15,43,28,30,2,0,0,0,0,60,15,43,28,30,16,9.43915889426703,12.4625697317196,0.271333536789784,2020-02-10,2020,2
"3778","MG",3,"Sudeste",31004,"Janaúba",258479,12571.1388016048,7,78,18,60,33,45,0,0,0,0,0,78,18,60,33,45,25,9.43915889426703,12.4625697317196,0.281238317480653,2020-02-17,2020,2
"3779","MG",3,"Sudeste",31004,"Janaúba",258479,12571.1388016048,8,70,18,52,28,42,1,0,0,0,0,71,18,52,28,42,29,9.43915889426703,12.4625697317196,0.319154835062686,2020-02-24,2020,2
"3780","MG",3,"Sudeste",31004,"Janaúba",258479,12571.1388016048,9,54,11,43,15,39,2,0,0,0,0,56,11,43,15,39,30,9.43915889426703,12.4625697317196,0.305682087059339,2020-03-02,2020,3
"3781","MG",3,"Sudeste",31004,"Janaúba",258479,12571.1388016048,10,47,11,36,20,27,1,0,0,0,0,48,11,36,20,27,23,9.43915889426703,12.4625697317196,0.314676976407081,2020-03-09,2020,3
"3782","MG",3,"Sudeste",31004,"Janaúba",258479,12571.1388016048,11,43,9,34,11,32,1,0,0,0,0,44,9,34,11,32,32,9.43915889426703,12.4625697317196,0.374518430253734,2020-03-16,2020,3
"3783","MG",3,"Sudeste",31004,"Janaúba",258479,12571.1388016048,12,41,10,31,14,27,2,0,0,0,0,43,10,31,14,27,28,9.43915889426703,12.4625697317196,0.472263591637471,2020-03-23,2020,3
"3784","MG",3,"Sudeste",31004,"Janaúba",258479,12571.1388016048,13,62,10,52,21,41,1,0,0,0,0,63,10,52,21,41,30,9.43915889426703,12.4625697317196,0.418540884096479,2020-03-30,2020,3
"3785","MG",3,"Sudeste",31004,"Janaúba",258479,12571.1388016048,14,53,10,43,21,32,1,0,0,0,0,54,10,43,21,32,32,9.43915889426703,12.4625697317196,0.410852996714264,2020-04-06,2020,4
"3786","MG",3,"Sudeste",31004,"Janaúba",258479,12571.1388016048,15,50,9,41,21,29,1,0,0,0,0,51,9,41,21,29,31,9.43915889426703,12.4625697317196,0.376892130512499,2020-04-13,2020,4
"3787","MG",3,"Sudeste",31004,"Janaúba",258479,12571.1388016048,16,50,7,43,22,28,0,0,0,0,0,50,7,43,22,28,27,9.43915889426703,12.4625697317196,0.375664150964471,2020-04-20,2020,4
"3788","MG",3,"Sudeste",31004,"Janaúba",258479,12571.1388016048,17,64,15,49,28,36,1,0,0,0,0,65,15,49,28,36,29,9.43915889426703,12.4625697317196,0.377262813063327,2020-04-27,2020,4
"3789","MG",3,"Sudeste",31004,"Janaúba",258479,12571.1388016048,18,71,20,51,26,45,1,0,0,0,0,72,20,51,26,45,37,9.43915889426703,12.4625697317196,0.362192269551392,2020-05-04,2020,5
"3790","MG",3,"Sudeste",31004,"Janaúba",258479,12571.1388016048,19,55,5,50,26,29,1,0,0,0,0,56,5,50,26,29,20,9.43915889426703,12.4625697317196,0.375869739060255,2020-05-11,2020,5
"3791","MG",3,"Sudeste",31004,"Janaúba",258479,12571.1388016048,20,81,19,62,32,49,0,0,0,0,0,81,19,62,32,49,30,9.43915889426703,12.4625697317196,0.368763598087455,2020-05-18,2020,5
"3792","MG",3,"Sudeste",31004,"Janaúba",258479,12571.1388016048,21,65,16,49,24,41,0,0,0,0,0,65,16,49,24,41,32,9.43915889426703,12.4625697317196,0.375876009614291,2020-05-25,2020,5
"3793","MG",3,"Sudeste",31004,"Janaúba",258479,12571.1388016048,22,67,10,57,21,46,0,0,0,0,0,67,10,57,21,46,28,9.43915889426703,12.4625697317196,0.363231934999795,2020-06-01,2020,6
"3794","MG",3,"Sudeste",31004,"Janaúba",258479,12571.1388016048,23,66,15,51,25,41,0,0,0,0,0,66,15,51,25,41,28,9.43915889426703,12.4625697317196,0.363831609991568,2020-06-08,2020,6
"3795","MG",3,"Sudeste",31004,"Janaúba",258479,12571.1388016048,24,66,11,55,23,43,3,0,0,0,0,69,11,55,23,43,32,9.43915889426703,12.4625697317196,0.35150635635872,2020-06-15,2020,6
"3796","MG",3,"Sudeste",31004,"Janaúba",258479,12571.1388016048,25,65,17,48,23,42,0,0,0,0,0,65,17,48,23,42,36,9.43915889426703,12.4625697317196,0.36629157801197,2020-06-22,2020,6
"3797","MG",3,"Sudeste",31004,"Janaúba",258479,12571.1388016048,26,72,15,57,30,42,0,0,0,0,0,72,15,57,30,42,31,9.43915889426703,12.4625697317196,0.367304725101647,2020-06-29,2020,6
"3798","MG",3,"Sudeste",31004,"Janaúba",258479,12571.1388016048,27,63,10,53,17,46,0,0,0,0,0,63,10,53,17,46,29,9.43915889426703,12.4625697317196,0.379261933963357,2020-07-06,2020,7
"3799","MG",3,"Sudeste",31004,"Janaúba",258479,12571.1388016048,28,62,13,49,23,39,1,0,0,0,0,63,13,49,23,39,41,9.43915889426703,12.4625697317196,0.378523212408311,2020-07-13,2020,7
"3800","MG",3,"Sudeste",31004,"Janaúba",258479,12571.1388016048,29,71,17,54,27,44,0,0,0,0,0,71,17,54,27,44,30,9.43915889426703,12.4625697317196,0.380139670549167,2020-07-20,2020,7
"3801","MG",3,"Sudeste",31005,"Salinas",222711,11000.4331305144,5,48,12,36,17,31,0,0,0,0,0,48,12,36,17,31,24,9.30568992650663,12.3136302458289,0.281473311174639,2020-02-03,2020,2
"3802","MG",3,"Sudeste",31005,"Salinas",222711,11000.4331305144,6,40,6,34,13,27,0,0,0,0,0,40,6,34,13,27,26,9.30568992650663,12.3136302458289,0.269269516711777,2020-02-10,2020,2
"3803","MG",3,"Sudeste",31005,"Salinas",222711,11000.4331305144,7,51,11,40,16,35,0,0,0,0,0,51,11,40,16,35,21,9.30568992650663,12.3136302458289,0.285150133954417,2020-02-17,2020,2
"3804","MG",3,"Sudeste",31005,"Salinas",222711,11000.4331305144,8,50,13,37,16,34,0,0,0,0,0,50,13,37,16,34,28,9.30568992650663,12.3136302458289,0.312562749771598,2020-02-24,2020,2
"3805","MG",3,"Sudeste",31005,"Salinas",222711,11000.4331305144,9,57,12,45,15,42,0,0,0,0,0,57,12,45,15,42,21,9.30568992650663,12.3136302458289,0.298255382967878,2020-03-02,2020,3
"3806","MG",3,"Sudeste",31005,"Salinas",222711,11000.4331305144,10,34,7,27,18,16,1,0,0,0,0,35,7,27,18,16,36,9.30568992650663,12.3136302458289,0.319607597571804,2020-03-09,2020,3
"3807","MG",3,"Sudeste",31005,"Salinas",222711,11000.4331305144,11,51,10,41,21,30,1,0,0,0,0,52,10,41,21,30,25,9.30568992650663,12.3136302458289,0.376479750694719,2020-03-16,2020,3
"3808","MG",3,"Sudeste",31005,"Salinas",222711,11000.4331305144,12,48,14,34,13,35,0,0,0,0,0,48,14,34,13,35,29,9.30568992650663,12.3136302458289,0.46593041705092,2020-03-23,2020,3
"3809","MG",3,"Sudeste",31005,"Salinas",222711,11000.4331305144,13,33,7,26,13,20,2,0,0,0,0,35,7,26,13,20,33,9.30568992650663,12.3136302458289,0.416728411682585,2020-03-30,2020,3
"3810","MG",3,"Sudeste",31005,"Salinas",222711,11000.4331305144,14,43,6,37,18,25,0,0,0,0,0,43,6,37,18,25,26,9.30568992650663,12.3136302458289,0.39916892123252,2020-04-06,2020,4
"3811","MG",3,"Sudeste",31005,"Salinas",222711,11000.4331305144,15,51,17,34,22,29,0,0,0,0,0,51,17,34,22,29,22,9.30568992650663,12.3136302458289,0.363782738104361,2020-04-13,2020,4
"3812","MG",3,"Sudeste",31005,"Salinas",222711,11000.4331305144,16,55,13,42,19,36,0,0,0,0,0,55,13,42,19,36,36,9.30568992650663,12.3136302458289,0.369894192778698,2020-04-20,2020,4
"3813","MG",3,"Sudeste",31005,"Salinas",222711,11000.4331305144,17,53,11,42,25,28,0,0,0,0,0,53,11,42,25,28,20,9.30568992650663,12.3136302458289,0.346273037735701,2020-04-27,2020,4
"3814","MG",3,"Sudeste",31005,"Salinas",222711,11000.4331305144,18,38,10,28,13,25,0,0,0,0,0,38,10,28,13,25,27,9.30568992650663,12.3136302458289,0.363362525494107,2020-05-04,2020,5
"3815","MG",3,"Sudeste",31005,"Salinas",222711,11000.4331305144,19,47,13,34,10,37,2,0,0,0,0,49,13,34,10,37,24,9.30568992650663,12.3136302458289,0.371317685649136,2020-05-11,2020,5
"3816","MG",3,"Sudeste",31005,"Salinas",222711,11000.4331305144,20,56,10,46,19,37,0,0,0,0,0,56,10,46,19,37,14,9.30568992650663,12.3136302458289,0.357795037864538,2020-05-18,2020,5
"3817","MG",3,"Sudeste",31005,"Salinas",222711,11000.4331305144,21,50,11,39,18,32,0,0,0,0,0,50,11,39,18,32,25,9.30568992650663,12.3136302458289,0.364074109461182,2020-05-25,2020,5
"3818","MG",3,"Sudeste",31005,"Salinas",222711,11000.4331305144,22,49,7,42,21,28,1,0,0,0,0,50,7,42,21,28,23,9.30568992650663,12.3136302458289,0.363898713482237,2020-06-01,2020,6
"3819","MG",3,"Sudeste",31005,"Salinas",222711,11000.4331305144,23,51,6,45,22,29,0,0,0,0,0,51,6,45,22,29,27,9.30568992650663,12.3136302458289,0.401148658365387,2020-06-08,2020,6
"3820","MG",3,"Sudeste",31005,"Salinas",222711,11000.4331305144,24,50,13,37,24,26,1,0,0,0,0,51,13,37,24,26,33,9.30568992650663,12.3136302458289,0.389049601055358,2020-06-15,2020,6
"3821","MG",3,"Sudeste",31005,"Salinas",222711,11000.4331305144,25,32,6,26,13,19,0,0,0,0,0,32,6,26,13,19,28,9.30568992650663,12.3136302458289,0.373944641346024,2020-06-22,2020,6
"3822","MG",3,"Sudeste",31005,"Salinas",222711,11000.4331305144,26,48,8,40,16,32,1,0,0,0,0,49,8,40,16,32,27,9.30568992650663,12.3136302458289,0.373435286153319,2020-06-29,2020,6
"3823","MG",3,"Sudeste",31005,"Salinas",222711,11000.4331305144,27,47,13,34,19,28,0,0,0,0,0,47,13,34,19,28,31,9.30568992650663,12.3136302458289,0.389470741773947,2020-07-06,2020,7
"3824","MG",3,"Sudeste",31005,"Salinas",222711,11000.4331305144,28,35,6,29,10,25,0,0,0,0,0,35,6,29,10,25,30,9.30568992650663,12.3136302458289,0.390645822909494,2020-07-13,2020,7
"3825","MG",3,"Sudeste",31005,"Salinas",222711,11000.4331305144,29,60,13,47,29,31,1,0,0,0,0,61,13,47,29,31,18,9.30568992650663,12.3136302458289,0.383323369905473,2020-07-20,2020,7
"3826","MG",3,"Sudeste",31006,"Pirapora",175543,23235.2541581835,5,28,8,20,14,14,0,0,0,0,0,28,8,20,14,14,22,10.0534259800512,12.075639306122,0.298620363494075,2020-02-03,2020,2
"3827","MG",3,"Sudeste",31006,"Pirapora",175543,23235.2541581835,6,39,10,29,17,22,0,0,0,0,0,39,10,29,17,22,25,10.0534259800512,12.075639306122,0.295383573192651,2020-02-10,2020,2
"3828","MG",3,"Sudeste",31006,"Pirapora",175543,23235.2541581835,7,32,7,25,10,22,1,0,0,0,0,33,7,25,10,22,17,10.0534259800512,12.075639306122,0.296935965597075,2020-02-17,2020,2
"3829","MG",3,"Sudeste",31006,"Pirapora",175543,23235.2541581835,8,32,9,23,15,17,0,0,0,0,0,32,9,23,15,17,13,10.0534259800512,12.075639306122,0.339017386481919,2020-02-24,2020,2
"3830","MG",3,"Sudeste",31006,"Pirapora",175543,23235.2541581835,9,28,6,22,13,15,1,0,0,0,0,29,6,22,13,15,14,10.0534259800512,12.075639306122,0.325816665822653,2020-03-02,2020,3
"3831","MG",3,"Sudeste",31006,"Pirapora",175543,23235.2541581835,10,34,10,24,16,18,0,0,0,0,0,34,10,24,16,18,14,10.0534259800512,12.075639306122,0.326354970793197,2020-03-09,2020,3
"3832","MG",3,"Sudeste",31006,"Pirapora",175543,23235.2541581835,11,41,17,24,14,27,2,0,0,0,0,43,17,24,14,27,15,10.0534259800512,12.075639306122,0.382398710890425,2020-03-16,2020,3
"3833","MG",3,"Sudeste",31006,"Pirapora",175543,23235.2541581835,12,32,8,24,13,19,0,0,0,0,0,32,8,24,13,19,11,10.0534259800512,12.075639306122,0.479999036723168,2020-03-23,2020,3
"3834","MG",3,"Sudeste",31006,"Pirapora",175543,23235.2541581835,13,27,8,19,12,15,0,0,0,0,0,27,8,19,12,15,18,10.0534259800512,12.075639306122,0.443050371357794,2020-03-30,2020,3
"3835","MG",3,"Sudeste",31006,"Pirapora",175543,23235.2541581835,14,36,5,31,12,24,1,0,0,0,0,37,5,31,12,24,16,10.0534259800512,12.075639306122,0.412400342276024,2020-04-06,2020,4
"3836","MG",3,"Sudeste",31006,"Pirapora",175543,23235.2541581835,15,53,16,37,24,29,0,0,0,0,0,53,16,37,24,29,14,10.0534259800512,12.075639306122,0.393530801152123,2020-04-13,2020,4
"3837","MG",3,"Sudeste",31006,"Pirapora",175543,23235.2541581835,16,45,16,29,23,22,0,0,0,0,0,45,16,29,23,22,12,10.0534259800512,12.075639306122,0.405801979767559,2020-04-20,2020,4
"3838","MG",3,"Sudeste",31006,"Pirapora",175543,23235.2541581835,17,35,5,30,15,20,0,0,0,0,0,35,5,30,15,20,18,10.0534259800512,12.075639306122,0.405040450852683,2020-04-27,2020,4
"3839","MG",3,"Sudeste",31006,"Pirapora",175543,23235.2541581835,18,43,12,31,29,14,0,0,0,0,0,43,12,31,29,14,17,10.0534259800512,12.075639306122,0.381170244240939,2020-05-04,2020,5
"3840","MG",3,"Sudeste",31006,"Pirapora",175543,23235.2541581835,19,48,10,38,19,29,0,0,0,0,0,48,10,38,19,29,22,10.0534259800512,12.075639306122,0.389048779392759,2020-05-11,2020,5
"3841","MG",3,"Sudeste",31006,"Pirapora",175543,23235.2541581835,20,43,14,29,21,22,0,0,0,0,0,43,14,29,21,22,22,10.0534259800512,12.075639306122,0.384294769719528,2020-05-18,2020,5
"3842","MG",3,"Sudeste",31006,"Pirapora",175543,23235.2541581835,21,38,8,30,17,21,0,0,0,0,0,38,8,30,17,21,24,10.0534259800512,12.075639306122,0.382332614694659,2020-05-25,2020,5
"3843","MG",3,"Sudeste",31006,"Pirapora",175543,23235.2541581835,22,46,17,29,17,29,2,0,0,0,0,48,17,29,17,29,24,10.0534259800512,12.075639306122,0.384430674740973,2020-06-01,2020,6
"3844","MG",3,"Sudeste",31006,"Pirapora",175543,23235.2541581835,23,44,7,37,15,29,1,0,0,0,0,45,7,37,15,29,23,10.0534259800512,12.075639306122,0.370948831014733,2020-06-08,2020,6
"3845","MG",3,"Sudeste",31006,"Pirapora",175543,23235.2541581835,24,40,11,29,14,26,0,0,0,0,0,40,11,29,14,26,18,10.0534259800512,12.075639306122,0.366664033940609,2020-06-15,2020,6
"3846","MG",3,"Sudeste",31006,"Pirapora",175543,23235.2541581835,25,36,6,30,10,26,0,0,0,0,0,36,6,30,10,26,20,10.0534259800512,12.075639306122,0.377263389507433,2020-06-22,2020,6
"3847","MG",3,"Sudeste",31006,"Pirapora",175543,23235.2541581835,26,47,13,34,16,31,0,0,0,0,0,47,13,34,16,31,24,10.0534259800512,12.075639306122,0.373735349295643,2020-06-29,2020,6
"3848","MG",3,"Sudeste",31006,"Pirapora",175543,23235.2541581835,27,42,8,34,19,23,1,0,0,0,0,43,8,34,19,23,21,10.0534259800512,12.075639306122,0.382607490118564,2020-07-06,2020,7
"3849","MG",3,"Sudeste",31006,"Pirapora",175543,23235.2541581835,28,35,11,24,10,25,1,0,0,0,0,36,11,24,10,25,23,10.0534259800512,12.075639306122,0.391323593861722,2020-07-13,2020,7
"3850","MG",3,"Sudeste",31006,"Pirapora",175543,23235.2541581835,29,41,9,32,19,22,0,0,0,0,0,41,9,32,19,22,23,10.0534259800512,12.075639306122,0.392468313767772,2020-07-20,2020,7
"3851","MG",3,"Sudeste",31007,"Montes Claros",662545,18197.3918723558,5,142,22,120,43,99,1,0,0,0,0,143,22,120,43,99,62,9.80903355907922,13.403843759064,0.27210487268815,2020-02-03,2020,2
"3852","MG",3,"Sudeste",31007,"Montes Claros",662545,18197.3918723558,6,178,23,155,63,115,2,0,0,0,0,180,23,155,63,115,73,9.80903355907922,13.403843759064,0.263336043500748,2020-02-10,2020,2
"3853","MG",3,"Sudeste",31007,"Montes Claros",662545,18197.3918723558,7,163,35,128,53,110,1,0,0,0,0,164,35,128,53,110,69,9.80903355907922,13.403843759064,0.280819810319502,2020-02-17,2020,2
"3854","MG",3,"Sudeste",31007,"Montes Claros",662545,18197.3918723558,8,187,34,153,53,134,3,0,0,0,0,190,34,153,53,134,62,9.80903355907922,13.403843759064,0.323675648650106,2020-02-24,2020,2
"3855","MG",3,"Sudeste",31007,"Montes Claros",662545,18197.3918723558,9,158,26,132,54,104,4,0,0,0,0,162,26,132,54,104,64,9.80903355907922,13.403843759064,0.30780062337229,2020-03-02,2020,3
"3856","MG",3,"Sudeste",31007,"Montes Claros",662545,18197.3918723558,10,150,25,125,51,99,2,0,0,0,0,152,25,125,51,99,75,9.80903355907922,13.403843759064,0.308951031481509,2020-03-09,2020,3
"3857","MG",3,"Sudeste",31007,"Montes Claros",662545,18197.3918723558,11,147,29,118,46,101,3,0,0,0,0,150,29,118,46,101,91,9.80903355907922,13.403843759064,0.372384326864079,2020-03-16,2020,3
"3858","MG",3,"Sudeste",31007,"Montes Claros",662545,18197.3918723558,12,147,23,124,45,102,1,0,0,0,0,148,23,124,45,102,72,9.80903355907922,13.403843759064,0.499376630330056,2020-03-23,2020,3
"3859","MG",3,"Sudeste",31007,"Montes Claros",662545,18197.3918723558,13,149,31,118,51,98,1,0,0,0,0,150,31,118,51,98,63,9.80903355907922,13.403843759064,0.450563326719789,2020-03-30,2020,3
"3860","MG",3,"Sudeste",31007,"Montes Claros",662545,18197.3918723558,14,183,29,154,53,130,3,0,0,0,0,186,29,154,53,130,69,9.80903355907922,13.403843759064,0.443196506048719,2020-04-06,2020,4
"3861","MG",3,"Sudeste",31007,"Montes Claros",662545,18197.3918723558,15,161,33,128,57,104,1,0,0,0,0,162,33,128,57,104,61,9.80903355907922,13.403843759064,0.415713656231358,2020-04-13,2020,4
"3862","MG",3,"Sudeste",31007,"Montes Claros",662545,18197.3918723558,16,175,25,150,65,110,2,0,0,0,0,177,25,150,65,110,66,9.80903355907922,13.403843759064,0.417042064188156,2020-04-20,2020,4
"3863","MG",3,"Sudeste",31007,"Montes Claros",662545,18197.3918723558,17,178,24,154,57,121,2,0,0,0,0,180,24,154,57,121,75,9.80903355907922,13.403843759064,0.405027967027828,2020-04-27,2020,4
"3864","MG",3,"Sudeste",31007,"Montes Claros",662545,18197.3918723558,18,151,24,127,67,84,1,0,0,0,0,152,24,127,67,84,73,9.80903355907922,13.403843759064,0.381064863836222,2020-05-04,2020,5
"3865","MG",3,"Sudeste",31007,"Montes Claros",662545,18197.3918723558,19,185,28,157,60,125,4,0,0,0,0,189,28,157,60,125,82,9.80903355907922,13.403843759064,0.383071513676268,2020-05-11,2020,5
"3866","MG",3,"Sudeste",31007,"Montes Claros",662545,18197.3918723558,20,181,23,158,65,116,3,0,0,0,0,184,23,158,65,116,77,9.80903355907922,13.403843759064,0.377352238620859,2020-05-18,2020,5
"3867","MG",3,"Sudeste",31007,"Montes Claros",662545,18197.3918723558,21,156,29,127,53,103,3,0,0,0,0,159,29,127,53,103,71,9.80903355907922,13.403843759064,0.374095562322243,2020-05-25,2020,5
"3868","MG",3,"Sudeste",31007,"Montes Claros",662545,18197.3918723558,22,169,21,148,61,108,2,0,0,0,0,171,21,148,61,108,81,9.80903355907922,13.403843759064,0.36291300763569,2020-06-01,2020,6
"3869","MG",3,"Sudeste",31007,"Montes Claros",662545,18197.3918723558,23,165,25,140,60,105,1,0,0,0,0,166,25,140,60,105,95,9.80903355907922,13.403843759064,0.36485496705885,2020-06-08,2020,6
"3870","MG",3,"Sudeste",31007,"Montes Claros",662545,18197.3918723558,24,175,29,146,62,113,2,0,0,0,0,177,29,146,62,113,69,9.80903355907922,13.403843759064,0.350826804393274,2020-06-15,2020,6
"3871","MG",3,"Sudeste",31007,"Montes Claros",662545,18197.3918723558,25,189,33,156,53,136,3,0,0,0,0,192,33,156,53,136,75,9.80903355907922,13.403843759064,0.360791124199926,2020-06-22,2020,6
"3872","MG",3,"Sudeste",31007,"Montes Claros",662545,18197.3918723558,26,192,28,164,56,136,1,0,0,0,0,193,28,164,56,136,73,9.80903355907922,13.403843759064,0.371099372650008,2020-06-29,2020,6
"3873","MG",3,"Sudeste",31007,"Montes Claros",662545,18197.3918723558,27,174,25,149,52,122,3,0,0,0,0,177,25,149,52,122,80,9.80903355907922,13.403843759064,0.369621930013551,2020-07-06,2020,7
"3874","MG",3,"Sudeste",31007,"Montes Claros",662545,18197.3918723558,28,175,21,154,51,124,1,0,0,0,0,176,21,154,51,124,85,9.80903355907922,13.403843759064,0.371450240727321,2020-07-13,2020,7
"3875","MG",3,"Sudeste",31007,"Montes Claros",662545,18197.3918723558,29,185,28,157,66,119,3,0,0,0,0,188,28,157,66,119,81,9.80903355907922,13.403843759064,0.37752425854047,2020-07-20,2020,7
"3876","MG",3,"Sudeste",31008,"Grão Mogol",44889,19653.7347768941,5,9,1,8,3,6,0,0,0,0,0,9,1,8,3,6,6,9.88602266421924,10.7119480548515,0.315856759675921,2020-02-03,2020,2
"3877","MG",3,"Sudeste",31008,"Grão Mogol",44889,19653.7347768941,6,10,4,6,5,5,0,0,0,0,0,10,4,6,5,5,3,9.88602266421924,10.7119480548515,0.301190602648805,2020-02-10,2020,2
"3878","MG",3,"Sudeste",31008,"Grão Mogol",44889,19653.7347768941,7,9,5,4,2,7,0,0,0,0,0,9,5,4,2,7,4,9.88602266421924,10.7119480548515,0.289552264497812,2020-02-17,2020,2
"3879","MG",3,"Sudeste",31008,"Grão Mogol",44889,19653.7347768941,8,6,1,5,3,3,0,0,0,0,0,6,1,5,3,3,2,9.88602266421924,10.7119480548515,0.319943630922113,2020-02-24,2020,2
"3880","MG",3,"Sudeste",31008,"Grão Mogol",44889,19653.7347768941,9,3,1,2,1,2,1,0,0,0,0,4,1,2,1,2,4,9.88602266421924,10.7119480548515,0.336899126860102,2020-03-02,2020,3
"3881","MG",3,"Sudeste",31008,"Grão Mogol",44889,19653.7347768941,10,4,2,2,3,1,0,0,0,0,0,4,2,2,3,1,5,9.88602266421924,10.7119480548515,0.357145765591603,2020-03-09,2020,3
"3882","MG",3,"Sudeste",31008,"Grão Mogol",44889,19653.7347768941,11,6,2,4,2,4,0,0,0,0,0,6,2,4,2,4,1,9.88602266421924,10.7119480548515,0.360067091744601,2020-03-16,2020,3
"3883","MG",3,"Sudeste",31008,"Grão Mogol",44889,19653.7347768941,12,8,1,7,4,4,0,0,0,0,0,8,1,7,4,4,6,9.88602266421924,10.7119480548515,0.477350332331031,2020-03-23,2020,3
"3884","MG",3,"Sudeste",31008,"Grão Mogol",44889,19653.7347768941,13,8,1,7,3,5,0,0,0,0,0,8,1,7,3,5,5,9.88602266421924,10.7119480548515,0.412345308157699,2020-03-30,2020,3
"3885","MG",3,"Sudeste",31008,"Grão Mogol",44889,19653.7347768941,14,9,1,8,5,4,0,0,0,0,0,9,1,8,5,4,4,9.88602266421924,10.7119480548515,0.429670073423999,2020-04-06,2020,4
"3886","MG",3,"Sudeste",31008,"Grão Mogol",44889,19653.7347768941,15,9,1,8,3,6,0,0,0,0,0,9,1,8,3,6,4,9.88602266421924,10.7119480548515,0.392674177507297,2020-04-13,2020,4
"3887","MG",3,"Sudeste",31008,"Grão Mogol",44889,19653.7347768941,16,12,5,7,4,8,0,0,0,0,0,12,5,7,4,8,2,9.88602266421924,10.7119480548515,0.401974564456433,2020-04-20,2020,4
"3888","MG",3,"Sudeste",31008,"Grão Mogol",44889,19653.7347768941,17,12,1,11,8,4,0,0,0,0,0,12,1,11,8,4,4,9.88602266421924,10.7119480548515,0.39434423155683,2020-04-27,2020,4
"3889","MG",3,"Sudeste",31008,"Grão Mogol",44889,19653.7347768941,18,9,3,6,1,8,0,0,0,0,0,9,3,6,1,8,7,9.88602266421924,10.7119480548515,0.394029067163552,2020-05-04,2020,5
"3890","MG",3,"Sudeste",31008,"Grão Mogol",44889,19653.7347768941,19,9,0,9,6,3,0,0,0,0,0,9,0,9,6,3,4,9.88602266421924,10.7119480548515,0.417055263273417,2020-05-11,2020,5
"3891","MG",3,"Sudeste",31008,"Grão Mogol",44889,19653.7347768941,20,16,4,12,9,7,1,0,0,0,0,17,4,12,9,7,4,9.88602266421924,10.7119480548515,0.353896116534889,2020-05-18,2020,5
"3892","MG",3,"Sudeste",31008,"Grão Mogol",44889,19653.7347768941,21,11,2,9,4,7,0,0,0,0,0,11,2,9,4,7,1,9.88602266421924,10.7119480548515,0.384112897510676,2020-05-25,2020,5
"3893","MG",3,"Sudeste",31008,"Grão Mogol",44889,19653.7347768941,22,7,2,5,2,5,0,0,0,0,0,7,2,5,2,5,3,9.88602266421924,10.7119480548515,0.377786005483552,2020-06-01,2020,6
"3894","MG",3,"Sudeste",31008,"Grão Mogol",44889,19653.7347768941,23,9,3,6,1,8,0,0,0,0,0,9,3,6,1,8,4,9.88602266421924,10.7119480548515,0.388176594783719,2020-06-08,2020,6
"3895","MG",3,"Sudeste",31008,"Grão Mogol",44889,19653.7347768941,24,13,3,10,5,8,0,0,0,0,0,13,3,10,5,8,11,9.88602266421924,10.7119480548515,0.390517930944259,2020-06-15,2020,6
"3896","MG",3,"Sudeste",31008,"Grão Mogol",44889,19653.7347768941,25,11,2,9,5,6,0,0,0,0,0,11,2,9,5,6,7,9.88602266421924,10.7119480548515,0.384994288902209,2020-06-22,2020,6
"3897","MG",3,"Sudeste",31008,"Grão Mogol",44889,19653.7347768941,26,2,0,2,0,2,1,0,0,0,0,3,0,2,0,2,6,9.88602266421924,10.7119480548515,0.382091080293334,2020-06-29,2020,6
"3898","MG",3,"Sudeste",31008,"Grão Mogol",44889,19653.7347768941,27,13,5,8,5,8,0,0,0,0,0,13,5,8,5,8,3,9.88602266421924,10.7119480548515,0.403120459519838,2020-07-06,2020,7
"3899","MG",3,"Sudeste",31008,"Grão Mogol",44889,19653.7347768941,28,12,4,8,4,8,0,0,0,0,0,12,4,8,4,8,8,9.88602266421924,10.7119480548515,0.395734065243946,2020-07-13,2020,7
"3900","MG",3,"Sudeste",31008,"Grão Mogol",44889,19653.7347768941,29,6,1,5,2,4,1,0,0,0,0,7,1,5,2,4,9,9.88602266421924,10.7119480548515,0.403686012343372,2020-07-20,2020,7
"3901","MG",3,"Sudeste",31009,"Bocaiúva",73899,16238.9657776154,5,21,3,18,8,13,0,0,0,0,0,21,3,18,8,13,7,9.69516892804341,11.210454575045,0.265799660388931,2020-02-03,2020,2
"3902","MG",3,"Sudeste",31009,"Bocaiúva",73899,16238.9657776154,6,14,3,11,6,8,1,0,0,0,0,15,3,11,6,8,6,9.69516892804341,11.210454575045,0.26983834138005,2020-02-10,2020,2
"3903","MG",3,"Sudeste",31009,"Bocaiúva",73899,16238.9657776154,7,19,5,14,5,14,1,0,0,0,0,20,5,14,5,14,10,9.69516892804341,11.210454575045,0.279994274659513,2020-02-17,2020,2
"3904","MG",3,"Sudeste",31009,"Bocaiúva",73899,16238.9657776154,8,23,8,15,9,14,0,0,0,0,0,23,8,15,9,14,7,9.69516892804341,11.210454575045,0.334803243606357,2020-02-24,2020,2
"3905","MG",3,"Sudeste",31009,"Bocaiúva",73899,16238.9657776154,9,13,1,12,7,6,0,0,0,0,0,13,1,12,7,6,4,9.69516892804341,11.210454575045,0.301471943924925,2020-03-02,2020,3
"3906","MG",3,"Sudeste",31009,"Bocaiúva",73899,16238.9657776154,10,25,4,21,10,15,0,0,0,0,0,25,4,21,10,15,5,9.69516892804341,11.210454575045,0.301153720873872,2020-03-09,2020,3
"3907","MG",3,"Sudeste",31009,"Bocaiúva",73899,16238.9657776154,11,11,5,6,4,7,0,0,0,0,0,11,5,6,4,7,10,9.69516892804341,11.210454575045,0.365401739707747,2020-03-16,2020,3
"3908","MG",3,"Sudeste",31009,"Bocaiúva",73899,16238.9657776154,12,19,2,17,6,13,0,0,0,0,0,19,2,17,6,13,8,9.69516892804341,11.210454575045,0.470098959263652,2020-03-23,2020,3
"3909","MG",3,"Sudeste",31009,"Bocaiúva",73899,16238.9657776154,13,13,4,9,3,10,0,0,0,0,0,13,4,9,3,10,9,9.69516892804341,11.210454575045,0.438291861896846,2020-03-30,2020,3
"3910","MG",3,"Sudeste",31009,"Bocaiúva",73899,16238.9657776154,14,6,1,5,0,6,0,0,0,0,0,6,1,5,0,6,12,9.69516892804341,11.210454575045,0.422150607344986,2020-04-06,2020,4
"3911","MG",3,"Sudeste",31009,"Bocaiúva",73899,16238.9657776154,15,11,1,10,3,8,0,0,0,0,0,11,1,10,3,8,8,9.69516892804341,11.210454575045,0.390657890432622,2020-04-13,2020,4
"3912","MG",3,"Sudeste",31009,"Bocaiúva",73899,16238.9657776154,16,19,2,17,7,12,0,0,0,0,0,19,2,17,7,12,12,9.69516892804341,11.210454575045,0.389265234974994,2020-04-20,2020,4
"3913","MG",3,"Sudeste",31009,"Bocaiúva",73899,16238.9657776154,17,12,2,10,4,8,0,0,0,0,0,12,2,10,4,8,6,9.69516892804341,11.210454575045,0.376241689516953,2020-04-27,2020,4
"3914","MG",3,"Sudeste",31009,"Bocaiúva",73899,16238.9657776154,18,25,5,20,10,15,0,0,0,0,0,25,5,20,10,15,11,9.69516892804341,11.210454575045,0.368946635031301,2020-05-04,2020,5
"3915","MG",3,"Sudeste",31009,"Bocaiúva",73899,16238.9657776154,19,16,2,14,9,7,0,0,0,0,0,16,2,14,9,7,12,9.69516892804341,11.210454575045,0.380890130271455,2020-05-11,2020,5
"3916","MG",3,"Sudeste",31009,"Bocaiúva",73899,16238.9657776154,20,19,5,14,6,13,0,0,0,0,0,19,5,14,6,13,4,9.69516892804341,11.210454575045,0.378491416147397,2020-05-18,2020,5
"3917","MG",3,"Sudeste",31009,"Bocaiúva",73899,16238.9657776154,21,19,7,12,8,11,0,0,0,0,0,19,7,12,8,11,13,9.69516892804341,11.210454575045,0.369186649347029,2020-05-25,2020,5
"3918","MG",3,"Sudeste",31009,"Bocaiúva",73899,16238.9657776154,22,27,5,22,12,15,0,0,0,0,0,27,5,22,12,15,13,9.69516892804341,11.210454575045,0.337959281258769,2020-06-01,2020,6
"3919","MG",3,"Sudeste",31009,"Bocaiúva",73899,16238.9657776154,23,15,5,10,5,10,0,0,0,0,0,15,5,10,5,10,10,9.69516892804341,11.210454575045,0.344455280753632,2020-06-08,2020,6
"3920","MG",3,"Sudeste",31009,"Bocaiúva",73899,16238.9657776154,24,21,4,17,8,13,0,0,0,0,0,21,4,17,8,13,11,9.69516892804341,11.210454575045,0.330655463542604,2020-06-15,2020,6
"3921","MG",3,"Sudeste",31009,"Bocaiúva",73899,16238.9657776154,25,16,1,15,5,11,0,0,0,0,0,16,1,15,5,11,8,9.69516892804341,11.210454575045,0.334257690228028,2020-06-22,2020,6
"3922","MG",3,"Sudeste",31009,"Bocaiúva",73899,16238.9657776154,26,16,3,13,7,9,1,0,0,0,0,17,3,13,7,9,8,9.69516892804341,11.210454575045,0.353892927465011,2020-06-29,2020,6
"3923","MG",3,"Sudeste",31009,"Bocaiúva",73899,16238.9657776154,27,15,6,9,8,7,0,0,0,0,0,15,6,9,8,7,6,9.69516892804341,11.210454575045,0.346830878080736,2020-07-06,2020,7
"3924","MG",3,"Sudeste",31009,"Bocaiúva",73899,16238.9657776154,28,14,2,12,4,10,0,0,0,0,0,14,2,12,4,10,8,9.69516892804341,11.210454575045,0.363152941393225,2020-07-13,2020,7
"3925","MG",3,"Sudeste",31009,"Bocaiúva",73899,16238.9657776154,29,14,3,11,8,6,0,0,0,0,0,14,3,11,8,6,8,9.69516892804341,11.210454575045,0.354515013145309,2020-07-20,2020,7
"3926","MG",3,"Sudeste",31010,"Diamantina",84470,14016.3793440275,5,20,6,14,11,9,0,0,0,0,0,20,6,14,11,9,14,9.54798187788037,11.3441517207215,0.313435472495081,2020-02-03,2020,2
"3927","MG",3,"Sudeste",31010,"Diamantina",84470,14016.3793440275,6,27,5,22,8,19,0,0,0,0,0,27,5,22,8,19,9,9.54798187788037,11.3441517207215,0.291800762238157,2020-02-10,2020,2
"3928","MG",3,"Sudeste",31010,"Diamantina",84470,14016.3793440275,7,14,3,11,4,10,0,0,0,0,0,14,3,11,4,10,6,9.54798187788037,11.3441517207215,0.301434924331649,2020-02-17,2020,2
"3929","MG",3,"Sudeste",31010,"Diamantina",84470,14016.3793440275,8,27,5,22,7,20,0,0,0,0,0,27,5,22,7,20,14,9.54798187788037,11.3441517207215,0.379329234716013,2020-02-24,2020,2
"3930","MG",3,"Sudeste",31010,"Diamantina",84470,14016.3793440275,9,11,2,9,7,4,0,0,0,0,0,11,2,9,7,4,5,9.54798187788037,11.3441517207215,0.349432056210331,2020-03-02,2020,3
"3931","MG",3,"Sudeste",31010,"Diamantina",84470,14016.3793440275,10,19,3,16,5,14,0,0,0,0,0,19,3,16,5,14,14,9.54798187788037,11.3441517207215,0.332905792014282,2020-03-09,2020,3
"3932","MG",3,"Sudeste",31010,"Diamantina",84470,14016.3793440275,11,15,3,12,4,11,1,0,0,0,0,16,3,12,4,11,18,9.54798187788037,11.3441517207215,0.446467619873276,2020-03-16,2020,3
"3933","MG",3,"Sudeste",31010,"Diamantina",84470,14016.3793440275,12,25,2,23,12,13,0,0,0,0,0,25,2,23,12,13,20,9.54798187788037,11.3441517207215,0.535787491383393,2020-03-23,2020,3
"3934","MG",3,"Sudeste",31010,"Diamantina",84470,14016.3793440275,13,17,4,13,7,10,0,0,0,0,0,17,4,13,7,10,11,9.54798187788037,11.3441517207215,0.504371946690451,2020-03-30,2020,3
"3935","MG",3,"Sudeste",31010,"Diamantina",84470,14016.3793440275,14,25,6,19,7,18,0,0,0,0,0,25,6,19,7,18,7,9.54798187788037,11.3441517207215,0.503457718472174,2020-04-06,2020,4
"3936","MG",3,"Sudeste",31010,"Diamantina",84470,14016.3793440275,15,18,4,14,4,14,0,0,0,0,0,18,4,14,4,14,11,9.54798187788037,11.3441517207215,0.446451622910095,2020-04-13,2020,4
"3937","MG",3,"Sudeste",31010,"Diamantina",84470,14016.3793440275,16,14,3,11,5,9,0,0,0,0,0,14,3,11,5,9,6,9.54798187788037,11.3441517207215,0.4676755654435,2020-04-20,2020,4
"3938","MG",3,"Sudeste",31010,"Diamantina",84470,14016.3793440275,17,29,5,24,14,15,0,0,0,0,0,29,5,24,14,15,9,9.54798187788037,11.3441517207215,0.448407798262848,2020-04-27,2020,4
"3939","MG",3,"Sudeste",31010,"Diamantina",84470,14016.3793440275,18,16,1,15,7,9,0,0,0,0,0,16,1,15,7,9,12,9.54798187788037,11.3441517207215,0.43550296082343,2020-05-04,2020,5
"3940","MG",3,"Sudeste",31010,"Diamantina",84470,14016.3793440275,19,23,5,18,6,17,1,0,0,0,0,24,5,18,6,17,17,9.54798187788037,11.3441517207215,0.474214486793299,2020-05-11,2020,5
"3941","MG",3,"Sudeste",31010,"Diamantina",84470,14016.3793440275,20,12,3,9,1,11,0,0,0,0,0,12,3,9,1,11,8,9.54798187788037,11.3441517207215,0.465123119334434,2020-05-18,2020,5
"3942","MG",3,"Sudeste",31010,"Diamantina",84470,14016.3793440275,21,23,4,19,7,16,0,0,0,0,0,23,4,19,7,16,16,9.54798187788037,11.3441517207215,0.443236529519651,2020-05-25,2020,5
"3943","MG",3,"Sudeste",31010,"Diamantina",84470,14016.3793440275,22,24,6,18,10,14,0,0,0,0,0,24,6,18,10,14,12,9.54798187788037,11.3441517207215,0.437570005378881,2020-06-01,2020,6
"3944","MG",3,"Sudeste",31010,"Diamantina",84470,14016.3793440275,23,24,4,20,6,18,0,0,0,0,0,24,4,20,6,18,11,9.54798187788037,11.3441517207215,0.422991554795589,2020-06-08,2020,6
"3945","MG",3,"Sudeste",31010,"Diamantina",84470,14016.3793440275,24,26,6,20,9,17,0,0,0,0,0,26,6,20,9,17,10,9.54798187788037,11.3441517207215,0.420865070865439,2020-06-15,2020,6
"3946","MG",3,"Sudeste",31010,"Diamantina",84470,14016.3793440275,25,18,3,15,5,13,0,0,0,0,0,18,3,15,5,13,10,9.54798187788037,11.3441517207215,0.425913357201158,2020-06-22,2020,6
"3947","MG",3,"Sudeste",31010,"Diamantina",84470,14016.3793440275,26,24,5,19,10,14,0,0,0,0,0,24,5,19,10,14,13,9.54798187788037,11.3441517207215,0.426155328606661,2020-06-29,2020,6
"3948","MG",3,"Sudeste",31010,"Diamantina",84470,14016.3793440275,27,22,3,19,9,13,0,0,0,0,0,22,3,19,9,13,9,9.54798187788037,11.3441517207215,0.415977576062703,2020-07-06,2020,7
"3949","MG",3,"Sudeste",31010,"Diamantina",84470,14016.3793440275,28,25,5,20,11,14,0,0,0,0,0,25,5,20,11,14,14,9.54798187788037,11.3441517207215,0.406547138793743,2020-07-13,2020,7
"3950","MG",3,"Sudeste",31010,"Diamantina",84470,14016.3793440275,29,22,4,18,7,15,1,0,0,0,0,23,4,18,7,15,13,9.54798187788037,11.3441517207215,0.404171375316189,2020-07-20,2020,7
"3951","MG",3,"Sudeste",31011,"Capelinha",208265,12813.5604166327,5,32,12,20,12,20,0,0,0,0,0,32,12,20,12,20,16,9.45825929668098,12.2465665862467,0.28388140893788,2020-02-03,2020,2
"3952","MG",3,"Sudeste",31011,"Capelinha",208265,12813.5604166327,6,23,4,19,8,15,0,0,0,0,0,23,4,19,8,15,18,9.45825929668098,12.2465665862467,0.27705400738473,2020-02-10,2020,2
"3953","MG",3,"Sudeste",31011,"Capelinha",208265,12813.5604166327,7,48,14,34,16,32,0,0,0,0,0,48,14,34,16,32,13,9.45825929668098,12.2465665862467,0.284236505493523,2020-02-17,2020,2
"3954","MG",3,"Sudeste",31011,"Capelinha",208265,12813.5604166327,8,38,11,27,9,29,0,0,0,0,0,38,11,27,9,29,24,9.45825929668098,12.2465665862467,0.324762193859142,2020-02-24,2020,2
"3955","MG",3,"Sudeste",31011,"Capelinha",208265,12813.5604166327,9,28,6,22,9,19,0,0,0,0,0,28,6,22,9,19,23,9.45825929668098,12.2465665862467,0.324622998811639,2020-03-02,2020,3
"3956","MG",3,"Sudeste",31011,"Capelinha",208265,12813.5604166327,10,52,9,43,22,30,0,0,0,0,0,52,9,43,22,30,20,9.45825929668098,12.2465665862467,0.321293945584724,2020-03-09,2020,3
"3957","MG",3,"Sudeste",31011,"Capelinha",208265,12813.5604166327,11,36,12,24,12,24,1,0,0,0,0,37,12,24,12,24,19,9.45825929668098,12.2465665862467,0.374322688444142,2020-03-16,2020,3
"3958","MG",3,"Sudeste",31011,"Capelinha",208265,12813.5604166327,12,32,10,22,13,19,0,0,0,0,0,32,10,22,13,19,16,9.45825929668098,12.2465665862467,0.482502093545234,2020-03-23,2020,3
"3959","MG",3,"Sudeste",31011,"Capelinha",208265,12813.5604166327,13,32,11,21,13,19,0,0,0,0,0,32,11,21,13,19,22,9.45825929668098,12.2465665862467,0.413827466175639,2020-03-30,2020,3
"3960","MG",3,"Sudeste",31011,"Capelinha",208265,12813.5604166327,14,33,10,23,11,22,0,0,0,0,0,33,10,23,11,22,23,9.45825929668098,12.2465665862467,0.419009558317724,2020-04-06,2020,4
"3961","MG",3,"Sudeste",31011,"Capelinha",208265,12813.5604166327,15,35,7,28,11,24,0,0,0,0,0,35,7,28,11,24,7,9.45825929668098,12.2465665862467,0.378872729539759,2020-04-13,2020,4
"3962","MG",3,"Sudeste",31011,"Capelinha",208265,12813.5604166327,16,29,10,19,14,15,0,0,0,0,0,29,10,19,14,15,16,9.45825929668098,12.2465665862467,0.377662570714766,2020-04-20,2020,4
"3963","MG",3,"Sudeste",31011,"Capelinha",208265,12813.5604166327,17,24,6,18,7,17,0,0,0,0,0,24,6,18,7,17,23,9.45825929668098,12.2465665862467,0.392599424854917,2020-04-27,2020,4
"3964","MG",3,"Sudeste",31011,"Capelinha",208265,12813.5604166327,18,28,5,23,14,14,0,0,0,0,0,28,5,23,14,14,17,9.45825929668098,12.2465665862467,0.36774584121779,2020-05-04,2020,5
"3965","MG",3,"Sudeste",31011,"Capelinha",208265,12813.5604166327,19,22,9,13,7,15,1,0,0,0,0,23,9,13,7,15,21,9.45825929668098,12.2465665862467,0.380020758175838,2020-05-11,2020,5
"3966","MG",3,"Sudeste",31011,"Capelinha",208265,12813.5604166327,20,25,3,22,6,19,0,0,0,0,0,25,3,22,6,19,17,9.45825929668098,12.2465665862467,0.362914454859021,2020-05-18,2020,5
"3967","MG",3,"Sudeste",31011,"Capelinha",208265,12813.5604166327,21,45,10,35,12,33,0,0,0,0,0,45,10,35,12,33,15,9.45825929668098,12.2465665862467,0.348534912457927,2020-05-25,2020,5
"3968","MG",3,"Sudeste",31011,"Capelinha",208265,12813.5604166327,22,42,11,31,13,29,0,0,0,0,0,42,11,31,13,29,17,9.45825929668098,12.2465665862467,0.342359122865415,2020-06-01,2020,6
"3969","MG",3,"Sudeste",31011,"Capelinha",208265,12813.5604166327,23,36,7,29,11,25,1,0,0,0,0,37,7,29,11,25,15,9.45825929668098,12.2465665862467,0.357192743314341,2020-06-08,2020,6
"3970","MG",3,"Sudeste",31011,"Capelinha",208265,12813.5604166327,24,34,12,22,13,21,0,0,0,0,0,34,12,22,13,21,15,9.45825929668098,12.2465665862467,0.35443220650745,2020-06-15,2020,6
"3971","MG",3,"Sudeste",31011,"Capelinha",208265,12813.5604166327,25,42,11,31,19,23,0,0,0,0,0,42,11,31,19,23,19,9.45825929668098,12.2465665862467,0.367186659957136,2020-06-22,2020,6
"3972","MG",3,"Sudeste",31011,"Capelinha",208265,12813.5604166327,26,34,11,23,11,23,2,0,0,0,0,36,11,23,11,23,24,9.45825929668098,12.2465665862467,0.382829087801676,2020-06-29,2020,6
"3973","MG",3,"Sudeste",31011,"Capelinha",208265,12813.5604166327,27,32,5,27,11,21,0,0,0,0,0,32,5,27,11,21,17,9.45825929668098,12.2465665862467,0.378012304670644,2020-07-06,2020,7
"3974","MG",3,"Sudeste",31011,"Capelinha",208265,12813.5604166327,28,39,8,31,11,28,0,0,0,0,0,39,8,31,11,28,19,9.45825929668098,12.2465665862467,0.380443312310778,2020-07-13,2020,7
"3975","MG",3,"Sudeste",31011,"Capelinha",208265,12813.5604166327,29,49,10,39,15,34,0,0,0,0,0,49,10,39,15,34,13,9.45825929668098,12.2465665862467,0.38002436557511,2020-07-20,2020,7
"3976","MG",3,"Sudeste",31012,"Araçuaí",162235,8471.39294695966,5,31,12,19,12,19,3,0,0,0,0,34,12,19,12,19,21,9.04445023067238,11.9968011803696,0.288762977018204,2020-02-03,2020,2
"3977","MG",3,"Sudeste",31012,"Araçuaí",162235,8471.39294695966,6,27,9,18,11,16,0,0,0,0,0,27,9,18,11,16,21,9.04445023067238,11.9968011803696,0.268896366423803,2020-02-10,2020,2
"3978","MG",3,"Sudeste",31012,"Araçuaí",162235,8471.39294695966,7,25,9,16,10,15,3,0,0,0,0,28,9,16,10,15,18,9.04445023067238,11.9968011803696,0.285527866624501,2020-02-17,2020,2
"3979","MG",3,"Sudeste",31012,"Araçuaí",162235,8471.39294695966,8,29,11,18,14,15,1,0,0,0,0,30,11,18,14,15,27,9.04445023067238,11.9968011803696,0.334040229766826,2020-02-24,2020,2
"3980","MG",3,"Sudeste",31012,"Araçuaí",162235,8471.39294695966,9,24,8,16,5,19,0,0,0,0,0,24,8,16,5,19,20,9.04445023067238,11.9968011803696,0.305107802735498,2020-03-02,2020,3
"3981","MG",3,"Sudeste",31012,"Araçuaí",162235,8471.39294695966,10,21,10,11,9,12,0,0,0,0,0,21,10,11,9,12,30,9.04445023067238,11.9968011803696,0.325022624711654,2020-03-09,2020,3
"3982","MG",3,"Sudeste",31012,"Araçuaí",162235,8471.39294695966,11,26,9,17,8,18,0,0,0,0,0,26,9,17,8,18,12,9.04445023067238,11.9968011803696,0.379304173332993,2020-03-16,2020,3
"3983","MG",3,"Sudeste",31012,"Araçuaí",162235,8471.39294695966,12,24,6,18,10,14,0,0,0,0,0,24,6,18,10,14,21,9.04445023067238,11.9968011803696,0.475707107117103,2020-03-23,2020,3
"3984","MG",3,"Sudeste",31012,"Araçuaí",162235,8471.39294695966,13,27,9,18,12,15,1,0,0,0,0,28,9,18,12,15,18,9.04445023067238,11.9968011803696,0.447195171230175,2020-03-30,2020,3
"3985","MG",3,"Sudeste",31012,"Araçuaí",162235,8471.39294695966,14,26,5,21,16,10,0,0,0,0,0,26,5,21,16,10,20,9.04445023067238,11.9968011803696,0.425788083250532,2020-04-06,2020,4
"3986","MG",3,"Sudeste",31012,"Araçuaí",162235,8471.39294695966,15,34,10,24,16,18,1,0,0,0,0,35,10,24,16,18,19,9.04445023067238,11.9968011803696,0.396999161201073,2020-04-13,2020,4
"3987","MG",3,"Sudeste",31012,"Araçuaí",162235,8471.39294695966,16,29,9,20,13,16,0,0,0,0,0,29,9,20,13,16,14,9.04445023067238,11.9968011803696,0.392257966882547,2020-04-20,2020,4
"3988","MG",3,"Sudeste",31012,"Araçuaí",162235,8471.39294695966,17,26,7,19,10,16,0,0,0,0,0,26,7,19,10,16,18,9.04445023067238,11.9968011803696,0.395163717049992,2020-04-27,2020,4
"3989","MG",3,"Sudeste",31012,"Araçuaí",162235,8471.39294695966,18,37,9,28,12,25,0,0,0,0,0,37,9,28,12,25,14,9.04445023067238,11.9968011803696,0.385308146462614,2020-05-04,2020,5
"3990","MG",3,"Sudeste",31012,"Araçuaí",162235,8471.39294695966,19,34,11,23,14,20,0,0,0,0,0,34,11,23,14,20,19,9.04445023067238,11.9968011803696,0.394409956560572,2020-05-11,2020,5
"3991","MG",3,"Sudeste",31012,"Araçuaí",162235,8471.39294695966,20,35,14,21,14,21,0,0,0,0,0,35,14,21,14,21,21,9.04445023067238,11.9968011803696,0.389447520135403,2020-05-18,2020,5
"3992","MG",3,"Sudeste",31012,"Araçuaí",162235,8471.39294695966,21,30,11,19,11,19,2,0,0,0,0,32,11,19,11,19,26,9.04445023067238,11.9968011803696,0.394204006530838,2020-05-25,2020,5
"3993","MG",3,"Sudeste",31012,"Araçuaí",162235,8471.39294695966,22,40,14,26,19,21,1,0,0,0,0,41,14,26,19,21,14,9.04445023067238,11.9968011803696,0.37143038472508,2020-06-01,2020,6
"3994","MG",3,"Sudeste",31012,"Araçuaí",162235,8471.39294695966,23,36,9,27,20,16,1,0,0,0,0,37,9,27,20,16,23,9.04445023067238,11.9968011803696,0.37681219984757,2020-06-08,2020,6
"3995","MG",3,"Sudeste",31012,"Araçuaí",162235,8471.39294695966,24,40,14,26,13,27,1,0,0,0,0,41,14,26,13,27,20,9.04445023067238,11.9968011803696,0.366853262500278,2020-06-15,2020,6
"3996","MG",3,"Sudeste",31012,"Araçuaí",162235,8471.39294695966,25,30,2,28,12,18,0,0,0,0,0,30,2,28,12,18,21,9.04445023067238,11.9968011803696,0.36704267132504,2020-06-22,2020,6
"3997","MG",3,"Sudeste",31012,"Araçuaí",162235,8471.39294695966,26,25,5,20,8,17,0,0,0,0,0,25,5,20,8,17,15,9.04445023067238,11.9968011803696,0.380841459677822,2020-06-29,2020,6
"3998","MG",3,"Sudeste",31012,"Araçuaí",162235,8471.39294695966,27,32,10,22,11,21,0,0,0,0,0,32,10,22,11,21,18,9.04445023067238,11.9968011803696,0.397063718780308,2020-07-06,2020,7
"3999","MG",3,"Sudeste",31012,"Araçuaí",162235,8471.39294695966,28,25,4,21,7,18,1,0,0,0,0,26,4,21,7,18,23,9.04445023067238,11.9968011803696,0.401909970473617,2020-07-13,2020,7
"4000","MG",3,"Sudeste",31012,"Araçuaí",162235,8471.39294695966,29,28,13,15,16,12,0,0,0,0,0,28,13,15,16,12,22,9.04445023067238,11.9968011803696,0.404688160512843,2020-07-20,2020,7
"4001","MG",3,"Sudeste",31013,"Pedra Azul",82333,11275.2297120231,5,9,1,8,5,4,0,0,0,0,0,9,1,8,5,4,7,9.33036353773524,11.3185272783508,0.269965580196519,2020-02-03,2020,2
"4002","MG",3,"Sudeste",31013,"Pedra Azul",82333,11275.2297120231,6,6,3,3,3,3,0,0,0,0,0,6,3,3,3,3,8,9.33036353773524,11.3185272783508,0.259743710754936,2020-02-10,2020,2
"4003","MG",3,"Sudeste",31013,"Pedra Azul",82333,11275.2297120231,7,3,1,2,2,1,0,0,0,0,0,3,1,2,2,1,13,9.33036353773524,11.3185272783508,0.272108108360708,2020-02-17,2020,2
"4004","MG",3,"Sudeste",31013,"Pedra Azul",82333,11275.2297120231,8,5,4,1,3,2,0,0,0,0,0,5,4,1,3,2,11,9.33036353773524,11.3185272783508,0.310733169563732,2020-02-24,2020,2
"4005","MG",3,"Sudeste",31013,"Pedra Azul",82333,11275.2297120231,9,3,0,3,1,2,0,0,0,0,0,3,0,3,1,2,9,9.33036353773524,11.3185272783508,0.285906357827711,2020-03-02,2020,3
"4006","MG",3,"Sudeste",31013,"Pedra Azul",82333,11275.2297120231,10,10,1,9,4,6,0,0,0,0,0,10,1,9,4,6,9,9.33036353773524,11.3185272783508,0.324311541471459,2020-03-09,2020,3
"4007","MG",3,"Sudeste",31013,"Pedra Azul",82333,11275.2297120231,11,7,2,5,1,6,0,0,0,0,0,7,2,5,1,6,13,9.33036353773524,11.3185272783508,0.358656178232873,2020-03-16,2020,3
"4008","MG",3,"Sudeste",31013,"Pedra Azul",82333,11275.2297120231,12,2,0,2,0,2,0,0,0,0,0,2,0,2,0,2,11,9.33036353773524,11.3185272783508,0.464786318599242,2020-03-23,2020,3
"4009","MG",3,"Sudeste",31013,"Pedra Azul",82333,11275.2297120231,13,6,1,5,2,4,0,0,0,0,0,6,1,5,2,4,10,9.33036353773524,11.3185272783508,0.422825345687872,2020-03-30,2020,3
"4010","MG",3,"Sudeste",31013,"Pedra Azul",82333,11275.2297120231,14,7,3,4,3,4,0,0,0,0,0,7,3,4,3,4,15,9.33036353773524,11.3185272783508,0.414015834223693,2020-04-06,2020,4
"4011","MG",3,"Sudeste",31013,"Pedra Azul",82333,11275.2297120231,15,9,5,4,2,7,0,0,0,0,0,9,5,4,2,7,11,9.33036353773524,11.3185272783508,0.373946158015473,2020-04-13,2020,4
"4012","MG",3,"Sudeste",31013,"Pedra Azul",82333,11275.2297120231,16,8,3,5,3,5,0,0,0,0,0,8,3,5,3,5,9,9.33036353773524,11.3185272783508,0.380495028538514,2020-04-20,2020,4
"4013","MG",3,"Sudeste",31013,"Pedra Azul",82333,11275.2297120231,17,9,3,6,3,6,0,0,0,0,0,9,3,6,3,6,9,9.33036353773524,11.3185272783508,0.36259112797644,2020-04-27,2020,4
"4014","MG",3,"Sudeste",31013,"Pedra Azul",82333,11275.2297120231,18,6,1,5,1,5,0,0,0,0,0,6,1,5,1,5,10,9.33036353773524,11.3185272783508,0.380701113564635,2020-05-04,2020,5
"4015","MG",3,"Sudeste",31013,"Pedra Azul",82333,11275.2297120231,19,7,2,5,2,5,0,0,0,0,0,7,2,5,2,5,16,9.33036353773524,11.3185272783508,0.390788103729982,2020-05-11,2020,5
"4016","MG",3,"Sudeste",31013,"Pedra Azul",82333,11275.2297120231,20,8,5,3,1,7,1,0,0,0,0,9,5,3,1,7,10,9.33036353773524,11.3185272783508,0.363106812203922,2020-05-18,2020,5
"4017","MG",3,"Sudeste",31013,"Pedra Azul",82333,11275.2297120231,21,18,3,15,13,5,1,0,0,0,0,19,3,15,13,5,6,9.33036353773524,11.3185272783508,0.35455120623303,2020-05-25,2020,5
"4018","MG",3,"Sudeste",31013,"Pedra Azul",82333,11275.2297120231,22,8,2,6,5,3,0,0,0,0,0,8,2,6,5,3,15,9.33036353773524,11.3185272783508,0.348697326043428,2020-06-01,2020,6
"4019","MG",3,"Sudeste",31013,"Pedra Azul",82333,11275.2297120231,23,8,3,5,3,5,0,0,0,0,0,8,3,5,3,5,17,9.33036353773524,11.3185272783508,0.362425761264001,2020-06-08,2020,6
"4020","MG",3,"Sudeste",31013,"Pedra Azul",82333,11275.2297120231,24,4,1,3,2,2,0,0,0,0,0,4,1,3,2,2,15,9.33036353773524,11.3185272783508,0.353377812316447,2020-06-15,2020,6
"4021","MG",3,"Sudeste",31013,"Pedra Azul",82333,11275.2297120231,25,16,9,7,7,9,0,0,0,0,0,16,9,7,7,9,13,9.33036353773524,11.3185272783508,0.365276717837364,2020-06-22,2020,6
"4022","MG",3,"Sudeste",31013,"Pedra Azul",82333,11275.2297120231,26,9,4,5,3,6,0,0,0,0,0,9,4,5,3,6,11,9.33036353773524,11.3185272783508,0.38818894290149,2020-06-29,2020,6
"4023","MG",3,"Sudeste",31013,"Pedra Azul",82333,11275.2297120231,27,7,1,6,2,5,0,0,0,0,0,7,1,6,2,5,18,9.33036353773524,11.3185272783508,0.398381436474776,2020-07-06,2020,7
"4024","MG",3,"Sudeste",31013,"Pedra Azul",82333,11275.2297120231,28,13,2,11,4,9,0,0,0,0,0,13,2,11,4,9,5,9.33036353773524,11.3185272783508,0.395508997145353,2020-07-13,2020,7
"4025","MG",3,"Sudeste",31013,"Pedra Azul",82333,11275.2297120231,29,8,3,5,5,3,0,0,0,0,0,8,3,5,5,3,18,9.33036353773524,11.3185272783508,0.407868785090249,2020-07-20,2020,7
"4026","MG",3,"Sudeste",31014,"Almenara",187856,9500.65506930841,5,9,3,6,4,5,0,0,0,0,0,9,3,6,4,5,26,9.15911602987541,12.14343099087,0.2749181776392,2020-02-03,2020,2
"4027","MG",3,"Sudeste",31014,"Almenara",187856,9500.65506930841,6,5,1,4,2,3,1,0,0,0,0,6,1,4,2,3,35,9.15911602987541,12.14343099087,0.263144825112358,2020-02-10,2020,2
"4028","MG",3,"Sudeste",31014,"Almenara",187856,9500.65506930841,7,6,3,3,4,2,0,0,0,0,0,6,3,3,4,2,25,9.15911602987541,12.14343099087,0.286518990286405,2020-02-17,2020,2
"4029","MG",3,"Sudeste",31014,"Almenara",187856,9500.65506930841,8,5,0,5,1,4,0,0,0,0,0,5,0,5,1,4,26,9.15911602987541,12.14343099087,0.333010077295766,2020-02-24,2020,2
"4030","MG",3,"Sudeste",31014,"Almenara",187856,9500.65506930841,9,9,3,6,3,6,0,0,0,0,0,9,3,6,3,6,32,9.15911602987541,12.14343099087,0.303550281166949,2020-03-02,2020,3
"4031","MG",3,"Sudeste",31014,"Almenara",187856,9500.65506930841,10,9,0,9,5,4,0,0,0,0,0,9,0,9,5,4,20,9.15911602987541,12.14343099087,0.312631661170271,2020-03-09,2020,3
"4032","MG",3,"Sudeste",31014,"Almenara",187856,9500.65506930841,11,11,2,9,5,6,0,0,0,0,0,11,2,9,5,6,26,9.15911602987541,12.14343099087,0.365600791005178,2020-03-16,2020,3
"4033","MG",3,"Sudeste",31014,"Almenara",187856,9500.65506930841,12,4,4,0,1,3,1,0,0,0,0,5,4,0,1,3,23,9.15911602987541,12.14343099087,0.442889963619366,2020-03-23,2020,3
"4034","MG",3,"Sudeste",31014,"Almenara",187856,9500.65506930841,13,12,3,9,5,7,0,0,0,0,0,12,3,9,5,7,25,9.15911602987541,12.14343099087,0.394568251828992,2020-03-30,2020,3
"4035","MG",3,"Sudeste",31014,"Almenara",187856,9500.65506930841,14,15,8,7,8,7,0,0,0,0,0,15,8,7,8,7,15,9.15911602987541,12.14343099087,0.394366162301092,2020-04-06,2020,4
"4036","MG",3,"Sudeste",31014,"Almenara",187856,9500.65506930841,15,13,6,7,7,6,0,0,0,0,0,13,6,7,7,6,17,9.15911602987541,12.14343099087,0.368653037321331,2020-04-13,2020,4
"4037","MG",3,"Sudeste",31014,"Almenara",187856,9500.65506930841,16,19,10,9,8,11,0,0,0,0,0,19,10,9,8,11,13,9.15911602987541,12.14343099087,0.37488390650515,2020-04-20,2020,4
"4038","MG",3,"Sudeste",31014,"Almenara",187856,9500.65506930841,17,28,14,14,14,14,0,0,0,0,0,28,14,14,14,14,29,9.15911602987541,12.14343099087,0.356767313064054,2020-04-27,2020,4
"4039","MG",3,"Sudeste",31014,"Almenara",187856,9500.65506930841,18,21,14,7,11,10,1,0,0,0,0,22,14,7,11,10,20,9.15911602987541,12.14343099087,0.359070512676521,2020-05-04,2020,5
"4040","MG",3,"Sudeste",31014,"Almenara",187856,9500.65506930841,19,28,15,13,12,16,1,0,0,0,0,29,15,13,12,16,21,9.15911602987541,12.14343099087,0.376242704192274,2020-05-11,2020,5
"4041","MG",3,"Sudeste",31014,"Almenara",187856,9500.65506930841,20,23,10,13,9,14,0,0,0,0,0,23,10,13,9,14,17,9.15911602987541,12.14343099087,0.373956474200647,2020-05-18,2020,5
"4042","MG",3,"Sudeste",31014,"Almenara",187856,9500.65506930841,21,30,17,13,9,21,0,0,0,0,0,30,17,13,9,21,18,9.15911602987541,12.14343099087,0.365236824058066,2020-05-25,2020,5
"4043","MG",3,"Sudeste",31014,"Almenara",187856,9500.65506930841,22,27,17,10,12,15,0,0,0,0,0,27,17,10,12,15,24,9.15911602987541,12.14343099087,0.36071873003273,2020-06-01,2020,6
"4044","MG",3,"Sudeste",31014,"Almenara",187856,9500.65506930841,23,19,12,7,9,10,1,0,0,0,0,20,12,7,9,10,27,9.15911602987541,12.14343099087,0.353358178845512,2020-06-08,2020,6
"4045","MG",3,"Sudeste",31014,"Almenara",187856,9500.65506930841,24,22,12,10,12,10,1,0,0,0,0,23,12,10,12,10,25,9.15911602987541,12.14343099087,0.360055928022397,2020-06-15,2020,6
"4046","MG",3,"Sudeste",31014,"Almenara",187856,9500.65506930841,25,31,14,17,17,14,1,0,0,0,0,32,14,17,17,14,20,9.15911602987541,12.14343099087,0.359727025038805,2020-06-22,2020,6
"4047","MG",3,"Sudeste",31014,"Almenara",187856,9500.65506930841,26,25,14,11,13,12,1,0,0,0,0,26,14,11,13,12,33,9.15911602987541,12.14343099087,0.383542206150188,2020-06-29,2020,6
"4048","MG",3,"Sudeste",31014,"Almenara",187856,9500.65506930841,27,20,9,11,6,14,0,0,0,0,0,20,9,11,6,14,26,9.15911602987541,12.14343099087,0.387442214389907,2020-07-06,2020,7
"4049","MG",3,"Sudeste",31014,"Almenara",187856,9500.65506930841,28,18,10,8,11,7,0,0,0,0,0,18,10,8,11,7,23,9.15911602987541,12.14343099087,0.387922842270455,2020-07-13,2020,7
"4050","MG",3,"Sudeste",31014,"Almenara",187856,9500.65506930841,29,19,10,9,7,12,1,0,0,0,0,20,10,9,7,12,34,9.15911602987541,12.14343099087,0.395609784354468,2020-07-20,2020,7
"4051","MG",3,"Sudeste",31015,"Teófilo Otoni",274815,13404.6157955352,5,49,16,33,17,32,0,0,0,0,0,49,16,33,17,32,40,9.50335438897884,12.5238534229935,0.283798687727735,2020-02-03,2020,2
"4052","MG",3,"Sudeste",31015,"Teófilo Otoni",274815,13404.6157955352,6,67,20,47,23,44,1,0,0,0,0,68,20,47,23,44,44,9.50335438897884,12.5238534229935,0.2690108107445,2020-02-10,2020,2
"4053","MG",3,"Sudeste",31015,"Teófilo Otoni",274815,13404.6157955352,7,50,14,36,21,29,0,0,0,0,0,50,14,36,21,29,32,9.50335438897884,12.5238534229935,0.291731591063761,2020-02-17,2020,2
"4054","MG",3,"Sudeste",31015,"Teófilo Otoni",274815,13404.6157955352,8,64,15,49,37,27,0,0,0,0,0,64,15,49,37,27,30,9.50335438897884,12.5238534229935,0.341327626481491,2020-02-24,2020,2
"4055","MG",3,"Sudeste",31015,"Teófilo Otoni",274815,13404.6157955352,9,68,13,55,20,48,1,0,0,0,0,69,13,55,20,48,39,9.50335438897884,12.5238534229935,0.313449406877754,2020-03-02,2020,3
"4056","MG",3,"Sudeste",31015,"Teófilo Otoni",274815,13404.6157955352,10,60,20,40,25,35,0,0,0,0,0,60,20,40,25,35,34,9.50335438897884,12.5238534229935,0.318363084218171,2020-03-09,2020,3
"4057","MG",3,"Sudeste",31015,"Teófilo Otoni",274815,13404.6157955352,11,60,20,40,25,35,1,0,0,0,0,61,20,40,25,35,42,9.50335438897884,12.5238534229935,0.394849588783365,2020-03-16,2020,3
"4058","MG",3,"Sudeste",31015,"Teófilo Otoni",274815,13404.6157955352,12,47,14,33,16,31,1,0,0,0,0,48,14,33,16,31,35,9.50335438897884,12.5238534229935,0.508813970620828,2020-03-23,2020,3
"4059","MG",3,"Sudeste",31015,"Teófilo Otoni",274815,13404.6157955352,13,44,5,39,19,25,0,0,0,0,0,44,5,39,19,25,32,9.50335438897884,12.5238534229935,0.452062354754505,2020-03-30,2020,3
"4060","MG",3,"Sudeste",31015,"Teófilo Otoni",274815,13404.6157955352,14,64,18,46,21,43,2,0,0,0,0,66,18,46,21,43,27,9.50335438897884,12.5238534229935,0.453441982045907,2020-04-06,2020,4
"4061","MG",3,"Sudeste",31015,"Teófilo Otoni",274815,13404.6157955352,15,52,14,38,25,27,1,0,0,0,0,53,14,38,25,27,23,9.50335438897884,12.5238534229935,0.406165744820424,2020-04-13,2020,4
"4062","MG",3,"Sudeste",31015,"Teófilo Otoni",274815,13404.6157955352,16,51,16,35,20,31,0,0,0,0,0,51,16,35,20,31,48,9.50335438897884,12.5238534229935,0.41589334178898,2020-04-20,2020,4
"4063","MG",3,"Sudeste",31015,"Teófilo Otoni",274815,13404.6157955352,17,48,18,30,27,21,1,0,0,0,0,49,18,30,27,21,47,9.50335438897884,12.5238534229935,0.410724111538026,2020-04-27,2020,4
"4064","MG",3,"Sudeste",31015,"Teófilo Otoni",274815,13404.6157955352,18,84,27,57,28,56,0,0,0,0,0,84,27,57,28,56,38,9.50335438897884,12.5238534229935,0.388035203785011,2020-05-04,2020,5
"4065","MG",3,"Sudeste",31015,"Teófilo Otoni",274815,13404.6157955352,19,71,23,48,24,47,0,0,0,0,0,71,23,48,24,47,51,9.50335438897884,12.5238534229935,0.405179138283897,2020-05-11,2020,5
"4066","MG",3,"Sudeste",31015,"Teófilo Otoni",274815,13404.6157955352,20,57,16,41,21,36,1,0,0,0,0,58,16,41,21,36,53,9.50335438897884,12.5238534229935,0.398218292019155,2020-05-18,2020,5
"4067","MG",3,"Sudeste",31015,"Teófilo Otoni",274815,13404.6157955352,21,79,21,58,39,40,1,0,0,0,0,80,21,58,39,40,42,9.50335438897884,12.5238534229935,0.414563706966355,2020-05-25,2020,5
"4068","MG",3,"Sudeste",31015,"Teófilo Otoni",274815,13404.6157955352,22,60,11,49,31,29,0,0,0,0,0,60,11,49,31,29,50,9.50335438897884,12.5238534229935,0.418818069146174,2020-06-01,2020,6
"4069","MG",3,"Sudeste",31015,"Teófilo Otoni",274815,13404.6157955352,23,65,14,51,33,32,0,0,0,0,0,65,14,51,33,32,44,9.50335438897884,12.5238534229935,0.392160069771921,2020-06-08,2020,6
"4070","MG",3,"Sudeste",31015,"Teófilo Otoni",274815,13404.6157955352,24,64,16,48,24,40,0,0,0,0,0,64,16,48,24,40,50,9.50335438897884,12.5238534229935,0.385566650364211,2020-06-15,2020,6
"4071","MG",3,"Sudeste",31015,"Teófilo Otoni",274815,13404.6157955352,25,71,23,48,32,39,2,0,0,0,0,73,23,48,32,39,40,9.50335438897884,12.5238534229935,0.380724259236152,2020-06-22,2020,6
"4072","MG",3,"Sudeste",31015,"Teófilo Otoni",274815,13404.6157955352,26,64,17,47,26,38,2,0,0,0,0,66,17,47,26,38,36,9.50335438897884,12.5238534229935,0.392873920043209,2020-06-29,2020,6
"4073","MG",3,"Sudeste",31015,"Teófilo Otoni",274815,13404.6157955352,27,67,18,49,35,32,1,0,0,0,0,68,18,49,35,32,57,9.50335438897884,12.5238534229935,0.383341758688856,2020-07-06,2020,7
"4074","MG",3,"Sudeste",31015,"Teófilo Otoni",274815,13404.6157955352,28,68,14,54,28,40,1,0,0,0,0,69,14,54,28,40,47,9.50335438897884,12.5238534229935,0.390937235605094,2020-07-13,2020,7
"4075","MG",3,"Sudeste",31015,"Teófilo Otoni",274815,13404.6157955352,29,76,22,54,34,42,0,0,0,0,0,76,22,54,34,42,53,9.50335438897884,12.5238534229935,0.400667833880109,2020-07-20,2020,7
"4076","MG",3,"Sudeste",31016,"Nanuque",119320,13788.8414259135,5,25,13,12,10,15,0,0,0,0,0,25,13,12,10,15,18,9.53161495173308,11.6895642386287,0.287881957585999,2020-02-03,2020,2
"4077","MG",3,"Sudeste",31016,"Nanuque",119320,13788.8414259135,6,25,6,19,9,16,0,0,0,0,0,25,6,19,9,16,16,9.53161495173308,11.6895642386287,0.280353033320231,2020-02-10,2020,2
"4078","MG",3,"Sudeste",31016,"Nanuque",119320,13788.8414259135,7,15,6,9,9,6,0,0,0,0,0,15,6,9,9,6,16,9.53161495173308,11.6895642386287,0.290617095189332,2020-02-17,2020,2
"4079","MG",3,"Sudeste",31016,"Nanuque",119320,13788.8414259135,8,22,10,12,5,17,1,0,0,0,0,23,10,12,5,17,16,9.53161495173308,11.6895642386287,0.341037083491877,2020-02-24,2020,2
"4080","MG",3,"Sudeste",31016,"Nanuque",119320,13788.8414259135,9,22,10,12,10,12,1,0,0,0,0,23,10,12,10,12,25,9.53161495173308,11.6895642386287,0.335984757245056,2020-03-02,2020,3
"4081","MG",3,"Sudeste",31016,"Nanuque",119320,13788.8414259135,10,27,8,19,13,14,0,0,0,0,0,27,8,19,13,14,20,9.53161495173308,11.6895642386287,0.331125773779306,2020-03-09,2020,3
"4082","MG",3,"Sudeste",31016,"Nanuque",119320,13788.8414259135,11,16,3,13,7,9,0,0,0,0,0,16,3,13,7,9,17,9.53161495173308,11.6895642386287,0.394784110891239,2020-03-16,2020,3
"4083","MG",3,"Sudeste",31016,"Nanuque",119320,13788.8414259135,12,22,10,12,7,15,1,0,0,0,0,23,10,12,7,15,23,9.53161495173308,11.6895642386287,0.49479052731195,2020-03-23,2020,3
"4084","MG",3,"Sudeste",31016,"Nanuque",119320,13788.8414259135,13,25,10,15,12,13,1,0,0,0,0,26,10,15,12,13,19,9.53161495173308,11.6895642386287,0.439611451019861,2020-03-30,2020,3
"4085","MG",3,"Sudeste",31016,"Nanuque",119320,13788.8414259135,14,27,8,19,13,14,0,0,0,0,0,27,8,19,13,14,19,9.53161495173308,11.6895642386287,0.441413097316859,2020-04-06,2020,4
"4086","MG",3,"Sudeste",31016,"Nanuque",119320,13788.8414259135,15,24,6,18,8,16,0,0,0,0,0,24,6,18,8,16,16,9.53161495173308,11.6895642386287,0.388576852534555,2020-04-13,2020,4
"4087","MG",3,"Sudeste",31016,"Nanuque",119320,13788.8414259135,16,18,9,9,5,13,0,0,0,0,0,18,9,9,5,13,15,9.53161495173308,11.6895642386287,0.404842732406335,2020-04-20,2020,4
"4088","MG",3,"Sudeste",31016,"Nanuque",119320,13788.8414259135,17,22,6,16,10,12,0,0,0,0,0,22,6,16,10,12,20,9.53161495173308,11.6895642386287,0.38814468844662,2020-04-27,2020,4
"4089","MG",3,"Sudeste",31016,"Nanuque",119320,13788.8414259135,18,24,11,13,11,13,0,0,0,0,0,24,11,13,11,13,22,9.53161495173308,11.6895642386287,0.373298171246428,2020-05-04,2020,5
"4090","MG",3,"Sudeste",31016,"Nanuque",119320,13788.8414259135,19,32,8,24,13,19,0,0,0,0,0,32,8,24,13,19,14,9.53161495173308,11.6895642386287,0.400800656528188,2020-05-11,2020,5
"4091","MG",3,"Sudeste",31016,"Nanuque",119320,13788.8414259135,20,26,7,19,15,11,0,0,0,0,0,26,7,19,15,11,20,9.53161495173308,11.6895642386287,0.380438411717321,2020-05-18,2020,5
"4092","MG",3,"Sudeste",31016,"Nanuque",119320,13788.8414259135,21,27,7,20,12,15,0,0,0,0,0,27,7,20,12,15,18,9.53161495173308,11.6895642386287,0.375678778268217,2020-05-25,2020,5
"4093","MG",3,"Sudeste",31016,"Nanuque",119320,13788.8414259135,22,31,6,25,10,21,0,0,0,0,0,31,6,25,10,21,26,9.53161495173308,11.6895642386287,0.381254576627398,2020-06-01,2020,6
"4094","MG",3,"Sudeste",31016,"Nanuque",119320,13788.8414259135,23,33,9,24,14,19,0,0,0,0,0,33,9,24,14,19,23,9.53161495173308,11.6895642386287,0.381837180193554,2020-06-08,2020,6
"4095","MG",3,"Sudeste",31016,"Nanuque",119320,13788.8414259135,24,32,10,22,16,16,0,0,0,0,0,32,10,22,16,16,14,9.53161495173308,11.6895642386287,0.370459199053623,2020-06-15,2020,6
"4096","MG",3,"Sudeste",31016,"Nanuque",119320,13788.8414259135,25,24,10,14,14,10,0,0,0,0,0,24,10,14,14,10,29,9.53161495173308,11.6895642386287,0.366262699624707,2020-06-22,2020,6
"4097","MG",3,"Sudeste",31016,"Nanuque",119320,13788.8414259135,26,34,8,26,16,18,1,0,0,0,0,35,8,26,16,18,21,9.53161495173308,11.6895642386287,0.390714868308948,2020-06-29,2020,6
"4098","MG",3,"Sudeste",31016,"Nanuque",119320,13788.8414259135,27,26,12,14,10,16,1,0,0,0,0,27,12,14,10,16,18,9.53161495173308,11.6895642386287,0.399596610661056,2020-07-06,2020,7
"4099","MG",3,"Sudeste",31016,"Nanuque",119320,13788.8414259135,28,29,10,19,8,21,0,0,0,0,0,29,10,19,8,21,31,9.53161495173308,11.6895642386287,0.40533611533801,2020-07-13,2020,7
"4100","MG",3,"Sudeste",31016,"Nanuque",119320,13788.8414259135,29,38,14,24,16,22,1,0,0,0,0,39,14,24,16,22,19,9.53161495173308,11.6895642386287,0.419305171574144,2020-07-20,2020,7
"4101","MG",3,"Sudeste",31017,"Ituiutaba",153869,31579.0094150869,5,19,3,16,9,10,0,0,0,0,0,19,3,16,9,10,17,10.360247919841,11.9438568700376,0.278186043450787,2020-02-03,2020,2
"4102","MG",3,"Sudeste",31017,"Ituiutaba",153869,31579.0094150869,6,20,5,15,7,13,0,0,0,0,0,20,5,15,7,13,18,10.360247919841,11.9438568700376,0.271853010908668,2020-02-10,2020,2
"4103","MG",3,"Sudeste",31017,"Ituiutaba",153869,31579.0094150869,7,22,4,18,10,12,0,0,0,0,0,22,4,18,10,12,25,10.360247919841,11.9438568700376,0.287874041800248,2020-02-17,2020,2
"4104","MG",3,"Sudeste",31017,"Ituiutaba",153869,31579.0094150869,8,28,6,22,12,16,0,0,0,0,0,28,6,22,12,16,19,10.360247919841,11.9438568700376,0.342776578553643,2020-02-24,2020,2
"4105","MG",3,"Sudeste",31017,"Ituiutaba",153869,31579.0094150869,9,23,6,17,9,14,0,0,0,0,0,23,6,17,9,14,26,10.360247919841,11.9438568700376,0.311462256564105,2020-03-02,2020,3
"4106","MG",3,"Sudeste",31017,"Ituiutaba",153869,31579.0094150869,10,26,4,22,13,13,0,0,0,0,0,26,4,22,13,13,17,10.360247919841,11.9438568700376,0.312924396284871,2020-03-09,2020,3
"4107","MG",3,"Sudeste",31017,"Ituiutaba",153869,31579.0094150869,11,18,6,12,8,10,0,0,0,0,0,18,6,12,8,10,30,10.360247919841,11.9438568700376,0.395037751194766,2020-03-16,2020,3
"4108","MG",3,"Sudeste",31017,"Ituiutaba",153869,31579.0094150869,12,28,8,20,12,16,0,0,0,0,0,28,8,20,12,16,30,10.360247919841,11.9438568700376,0.471045552469736,2020-03-23,2020,3
"4109","MG",3,"Sudeste",31017,"Ituiutaba",153869,31579.0094150869,13,23,2,21,10,13,0,0,0,0,0,23,2,21,10,13,20,10.360247919841,11.9438568700376,0.433744627677707,2020-03-30,2020,3
"4110","MG",3,"Sudeste",31017,"Ituiutaba",153869,31579.0094150869,14,34,9,25,13,21,1,0,0,0,0,35,9,25,13,21,15,10.360247919841,11.9438568700376,0.420266029606584,2020-04-06,2020,4
"4111","MG",3,"Sudeste",31017,"Ituiutaba",153869,31579.0094150869,15,30,6,24,11,19,0,0,0,0,0,30,6,24,11,19,11,10.360247919841,11.9438568700376,0.407856265660767,2020-04-13,2020,4
"4112","MG",3,"Sudeste",31017,"Ituiutaba",153869,31579.0094150869,16,33,9,24,10,23,0,0,0,0,0,33,9,24,10,23,16,10.360247919841,11.9438568700376,0.403451589189337,2020-04-20,2020,4
"4113","MG",3,"Sudeste",31017,"Ituiutaba",153869,31579.0094150869,17,30,4,26,14,16,0,0,0,0,0,30,4,26,14,16,25,10.360247919841,11.9438568700376,0.386970405170039,2020-04-27,2020,4
"4114","MG",3,"Sudeste",31017,"Ituiutaba",153869,31579.0094150869,18,28,4,24,12,16,0,0,0,0,0,28,4,24,12,16,30,10.360247919841,11.9438568700376,0.363624847956304,2020-05-04,2020,5
"4115","MG",3,"Sudeste",31017,"Ituiutaba",153869,31579.0094150869,19,44,5,39,19,25,0,0,0,0,0,44,5,39,19,25,15,10.360247919841,11.9438568700376,0.372719933430946,2020-05-11,2020,5
"4116","MG",3,"Sudeste",31017,"Ituiutaba",153869,31579.0094150869,20,29,4,25,12,17,0,0,0,0,0,29,4,25,12,17,16,10.360247919841,11.9438568700376,0.387259895358755,2020-05-18,2020,5
"4117","MG",3,"Sudeste",31017,"Ituiutaba",153869,31579.0094150869,21,21,3,18,4,17,2,0,0,0,0,23,3,18,4,17,29,10.360247919841,11.9438568700376,0.373621486287708,2020-05-25,2020,5
"4118","MG",3,"Sudeste",31017,"Ituiutaba",153869,31579.0094150869,22,35,5,30,18,17,0,0,0,0,0,35,5,30,18,17,26,10.360247919841,11.9438568700376,0.355554742164738,2020-06-01,2020,6
"4119","MG",3,"Sudeste",31017,"Ituiutaba",153869,31579.0094150869,23,33,6,27,13,20,0,0,0,0,0,33,6,27,13,20,23,10.360247919841,11.9438568700376,0.363827744034793,2020-06-08,2020,6
"4120","MG",3,"Sudeste",31017,"Ituiutaba",153869,31579.0094150869,24,32,3,29,7,25,2,0,0,0,0,34,3,29,7,25,27,10.360247919841,11.9438568700376,0.358167526034158,2020-06-15,2020,6
"4121","MG",3,"Sudeste",31017,"Ituiutaba",153869,31579.0094150869,25,34,7,27,10,24,0,0,0,0,0,34,7,27,10,24,31,10.360247919841,11.9438568700376,0.368066003771625,2020-06-22,2020,6
"4122","MG",3,"Sudeste",31017,"Ituiutaba",153869,31579.0094150869,26,28,2,26,10,18,0,0,0,0,0,28,2,26,10,18,22,10.360247919841,11.9438568700376,0.366649817641685,2020-06-29,2020,6
"4123","MG",3,"Sudeste",31017,"Ituiutaba",153869,31579.0094150869,27,27,4,23,9,18,1,0,0,0,0,28,4,23,9,18,25,10.360247919841,11.9438568700376,0.377113075049169,2020-07-06,2020,7
"4124","MG",3,"Sudeste",31017,"Ituiutaba",153869,31579.0094150869,28,38,9,29,20,18,0,0,0,0,0,38,9,29,20,18,22,10.360247919841,11.9438568700376,0.372599365980561,2020-07-13,2020,7
"4125","MG",3,"Sudeste",31017,"Ituiutaba",153869,31579.0094150869,29,26,2,24,6,20,0,0,0,0,0,26,2,24,6,20,21,10.360247919841,11.9438568700376,0.371565324338857,2020-07-20,2020,7
"4126","MG",3,"Sudeste",31018,"Uberlândia",931094,51116.6857810919,5,201,26,175,72,129,2,0,0,0,0,203,26,175,72,129,118,10.8418662548115,13.7441155178649,0.279720643060395,2020-02-03,2020,2
"4127","MG",3,"Sudeste",31018,"Uberlândia",931094,51116.6857810919,6,202,25,177,75,127,0,0,0,0,0,202,25,177,75,127,110,10.8418662548115,13.7441155178649,0.27497156778873,2020-02-10,2020,2
"4128","MG",3,"Sudeste",31018,"Uberlândia",931094,51116.6857810919,7,207,29,178,81,126,1,0,0,0,0,208,29,178,81,126,101,10.8418662548115,13.7441155178649,0.285113611625921,2020-02-17,2020,2
"4129","MG",3,"Sudeste",31018,"Uberlândia",931094,51116.6857810919,8,176,26,150,50,126,4,0,0,0,0,180,26,150,50,126,106,10.8418662548115,13.7441155178649,0.335668315023835,2020-02-24,2020,2
"4130","MG",3,"Sudeste",31018,"Uberlândia",931094,51116.6857810919,9,205,29,176,75,130,1,0,0,0,0,206,29,176,75,130,118,10.8418662548115,13.7441155178649,0.305338425129145,2020-03-02,2020,3
"4131","MG",3,"Sudeste",31018,"Uberlândia",931094,51116.6857810919,10,188,27,161,61,127,0,0,0,0,0,188,27,161,61,127,115,10.8418662548115,13.7441155178649,0.312676733503307,2020-03-09,2020,3
"4132","MG",3,"Sudeste",31018,"Uberlândia",931094,51116.6857810919,11,199,25,174,61,138,0,0,0,0,0,199,25,174,61,138,109,10.8418662548115,13.7441155178649,0.396431705856911,2020-03-16,2020,3
"4133","MG",3,"Sudeste",31018,"Uberlândia",931094,51116.6857810919,12,190,25,165,66,124,3,0,0,0,0,193,25,165,66,124,99,10.8418662548115,13.7441155178649,0.509723224300359,2020-03-23,2020,3
"4134","MG",3,"Sudeste",31018,"Uberlândia",931094,51116.6857810919,13,224,38,186,77,147,0,0,0,0,0,224,38,186,77,147,96,10.8418662548115,13.7441155178649,0.461755118670272,2020-03-30,2020,3
"4135","MG",3,"Sudeste",31018,"Uberlândia",931094,51116.6857810919,14,184,21,163,72,112,1,0,0,0,0,185,21,163,72,112,111,10.8418662548115,13.7441155178649,0.44769820067294,2020-04-06,2020,4
"4136","MG",3,"Sudeste",31018,"Uberlândia",931094,51116.6857810919,15,195,25,170,64,131,2,0,0,0,0,197,25,170,64,131,103,10.8418662548115,13.7441155178649,0.429761230051087,2020-04-13,2020,4
"4137","MG",3,"Sudeste",31018,"Uberlândia",931094,51116.6857810919,16,183,31,152,56,127,2,0,0,0,0,185,31,152,56,127,95,10.8418662548115,13.7441155178649,0.427408249412239,2020-04-20,2020,4
"4138","MG",3,"Sudeste",31018,"Uberlândia",931094,51116.6857810919,17,220,37,183,68,152,1,0,0,0,0,221,37,183,68,152,91,10.8418662548115,13.7441155178649,0.409339451481552,2020-04-27,2020,4
"4139","MG",3,"Sudeste",31018,"Uberlândia",931094,51116.6857810919,18,214,30,184,74,140,1,0,0,0,0,215,30,184,74,140,82,10.8418662548115,13.7441155178649,0.380347182152721,2020-05-04,2020,5
"4140","MG",3,"Sudeste",31018,"Uberlândia",931094,51116.6857810919,19,236,30,206,69,167,1,0,0,0,0,237,30,206,69,167,109,10.8418662548115,13.7441155178649,0.386813633668432,2020-05-11,2020,5
"4141","MG",3,"Sudeste",31018,"Uberlândia",931094,51116.6857810919,20,241,30,211,86,155,1,0,0,0,0,242,30,211,86,155,105,10.8418662548115,13.7441155178649,0.395252526896784,2020-05-18,2020,5
"4142","MG",3,"Sudeste",31018,"Uberlândia",931094,51116.6857810919,21,237,27,210,71,166,1,0,0,0,0,238,27,210,71,166,125,10.8418662548115,13.7441155178649,0.380264125777433,2020-05-25,2020,5
"4143","MG",3,"Sudeste",31018,"Uberlândia",931094,51116.6857810919,22,239,34,205,78,161,3,0,0,0,0,242,34,205,78,161,135,10.8418662548115,13.7441155178649,0.374135630949686,2020-06-01,2020,6
"4144","MG",3,"Sudeste",31018,"Uberlândia",931094,51116.6857810919,23,256,45,211,92,164,5,0,0,0,0,261,45,211,92,164,130,10.8418662548115,13.7441155178649,0.389097672762191,2020-06-08,2020,6
"4145","MG",3,"Sudeste",31018,"Uberlândia",931094,51116.6857810919,24,226,35,191,72,154,6,0,0,0,0,232,35,191,72,154,119,10.8418662548115,13.7441155178649,0.371370714512656,2020-06-15,2020,6
"4146","MG",3,"Sudeste",31018,"Uberlândia",931094,51116.6857810919,25,209,34,175,78,131,3,0,0,0,0,212,34,175,78,131,155,10.8418662548115,13.7441155178649,0.398189036823994,2020-06-22,2020,6
"4147","MG",3,"Sudeste",31018,"Uberlândia",931094,51116.6857810919,26,192,27,165,66,126,3,0,0,0,0,195,27,165,66,126,132,10.8418662548115,13.7441155178649,0.390899318094014,2020-06-29,2020,6
"4148","MG",3,"Sudeste",31018,"Uberlândia",931094,51116.6857810919,27,225,36,189,67,158,2,0,0,0,0,227,36,189,67,158,156,10.8418662548115,13.7441155178649,0.388419938887569,2020-07-06,2020,7
"4149","MG",3,"Sudeste",31018,"Uberlândia",931094,51116.6857810919,28,229,46,183,73,156,0,0,0,0,0,229,46,183,73,156,168,10.8418662548115,13.7441155178649,0.383616381124309,2020-07-13,2020,7
"4150","MG",3,"Sudeste",31018,"Uberlândia",931094,51116.6857810919,29,225,36,189,76,149,0,0,0,0,0,225,36,189,76,149,149,10.8418662548115,13.7441155178649,0.38021962247923,2020-07-20,2020,7
"4151","MG",3,"Sudeste",31019,"Patrocínio",211523,32151.866117018,5,53,18,35,18,35,0,0,0,0,0,53,18,35,18,35,25,10.3782257720565,12.2620890186009,0.297161727238193,2020-02-03,2020,2
"4152","MG",3,"Sudeste",31019,"Patrocínio",211523,32151.866117018,6,34,14,20,11,23,0,0,0,0,0,34,14,20,11,23,30,10.3782257720565,12.2620890186009,0.284757172989822,2020-02-10,2020,2
"4153","MG",3,"Sudeste",31019,"Patrocínio",211523,32151.866117018,7,54,13,41,22,32,0,0,0,0,0,54,13,41,22,32,26,10.3782257720565,12.2620890186009,0.293475138542413,2020-02-17,2020,2
"4154","MG",3,"Sudeste",31019,"Patrocínio",211523,32151.866117018,8,45,12,33,12,33,0,0,0,0,0,45,12,33,12,33,13,10.3782257720565,12.2620890186009,0.339877938009262,2020-02-24,2020,2
"4155","MG",3,"Sudeste",31019,"Patrocínio",211523,32151.866117018,9,43,10,33,19,24,0,0,0,0,0,43,10,33,19,24,37,10.3782257720565,12.2620890186009,0.309894706942467,2020-03-02,2020,3
"4156","MG",3,"Sudeste",31019,"Patrocínio",211523,32151.866117018,10,31,10,21,11,20,1,0,0,0,0,32,10,21,11,20,25,10.3782257720565,12.2620890186009,0.321460777511976,2020-03-09,2020,3
"4157","MG",3,"Sudeste",31019,"Patrocínio",211523,32151.866117018,11,43,13,30,17,26,0,0,0,0,0,43,13,30,17,26,17,10.3782257720565,12.2620890186009,0.396459144504807,2020-03-16,2020,3
"4158","MG",3,"Sudeste",31019,"Patrocínio",211523,32151.866117018,12,41,9,32,14,27,0,0,0,0,0,41,9,32,14,27,27,10.3782257720565,12.2620890186009,0.486813874816815,2020-03-23,2020,3
"4159","MG",3,"Sudeste",31019,"Patrocínio",211523,32151.866117018,13,42,6,36,16,26,0,0,0,0,0,42,6,36,16,26,26,10.3782257720565,12.2620890186009,0.433665823259401,2020-03-30,2020,3
"4160","MG",3,"Sudeste",31019,"Patrocínio",211523,32151.866117018,14,35,10,25,10,25,1,0,0,0,0,36,10,25,10,25,18,10.3782257720565,12.2620890186009,0.430784224809658,2020-04-06,2020,4
"4161","MG",3,"Sudeste",31019,"Patrocínio",211523,32151.866117018,15,52,13,39,19,33,0,0,0,0,0,52,13,39,19,33,21,10.3782257720565,12.2620890186009,0.401159013328355,2020-04-13,2020,4
"4162","MG",3,"Sudeste",31019,"Patrocínio",211523,32151.866117018,16,51,5,46,26,25,0,0,0,0,0,51,5,46,26,25,27,10.3782257720565,12.2620890186009,0.389615086707984,2020-04-20,2020,4
"4163","MG",3,"Sudeste",31019,"Patrocínio",211523,32151.866117018,17,41,10,31,17,24,0,0,0,0,0,41,10,31,17,24,23,10.3782257720565,12.2620890186009,0.38640214317424,2020-04-27,2020,4
"4164","MG",3,"Sudeste",31019,"Patrocínio",211523,32151.866117018,18,51,14,37,16,35,0,0,0,0,0,51,14,37,16,35,22,10.3782257720565,12.2620890186009,0.37078301589729,2020-05-04,2020,5
"4165","MG",3,"Sudeste",31019,"Patrocínio",211523,32151.866117018,19,50,10,40,18,32,1,0,0,0,0,51,10,40,18,32,22,10.3782257720565,12.2620890186009,0.369770714290308,2020-05-11,2020,5
"4166","MG",3,"Sudeste",31019,"Patrocínio",211523,32151.866117018,20,60,12,48,23,37,0,0,0,0,0,60,12,48,23,37,21,10.3782257720565,12.2620890186009,0.365941580632415,2020-05-18,2020,5
"4167","MG",3,"Sudeste",31019,"Patrocínio",211523,32151.866117018,21,52,9,43,24,28,1,0,0,0,0,53,9,43,24,28,26,10.3782257720565,12.2620890186009,0.361797701642963,2020-05-25,2020,5
"4168","MG",3,"Sudeste",31019,"Patrocínio",211523,32151.866117018,22,61,14,47,26,35,0,0,0,0,0,61,14,47,26,35,25,10.3782257720565,12.2620890186009,0.3594725143361,2020-06-01,2020,6
"4169","MG",3,"Sudeste",31019,"Patrocínio",211523,32151.866117018,23,57,14,43,15,42,1,0,0,0,0,58,14,43,15,42,22,10.3782257720565,12.2620890186009,0.374236633100399,2020-06-08,2020,6
"4170","MG",3,"Sudeste",31019,"Patrocínio",211523,32151.866117018,24,48,9,39,16,32,0,0,0,0,0,48,9,39,16,32,28,10.3782257720565,12.2620890186009,0.367692678094099,2020-06-15,2020,6
"4171","MG",3,"Sudeste",31019,"Patrocínio",211523,32151.866117018,25,50,8,42,22,28,1,0,0,0,0,51,8,42,22,28,32,10.3782257720565,12.2620890186009,0.380752453035515,2020-06-22,2020,6
"4172","MG",3,"Sudeste",31019,"Patrocínio",211523,32151.866117018,26,41,7,34,17,24,0,0,0,0,0,41,7,34,17,24,30,10.3782257720565,12.2620890186009,0.387189611253594,2020-06-29,2020,6
"4173","MG",3,"Sudeste",31019,"Patrocínio",211523,32151.866117018,27,63,11,52,20,43,0,0,0,0,0,63,11,52,20,43,29,10.3782257720565,12.2620890186009,0.381136018970892,2020-07-06,2020,7
"4174","MG",3,"Sudeste",31019,"Patrocínio",211523,32151.866117018,28,59,15,44,17,42,0,0,0,0,0,59,15,44,17,42,22,10.3782257720565,12.2620890186009,0.376389959638922,2020-07-13,2020,7
"4175","MG",3,"Sudeste",31019,"Patrocínio",211523,32151.866117018,29,50,10,40,23,27,0,0,0,0,0,50,10,40,23,27,26,10.3782257720565,12.2620890186009,0.37232174635662,2020-07-20,2020,7
"4176","MG",3,"Sudeste",31020,"Patos de Minas",274609,28366.3427680447,5,60,16,44,22,38,1,0,0,0,0,61,16,44,22,38,37,10.2529586075454,12.5231035467243,0.301400073158569,2020-02-03,2020,2
"4177","MG",3,"Sudeste",31020,"Patos de Minas",274609,28366.3427680447,6,64,17,47,21,43,0,0,0,0,0,64,17,47,21,43,44,10.2529586075454,12.5231035467243,0.300303846572662,2020-02-10,2020,2
"4178","MG",3,"Sudeste",31020,"Patos de Minas",274609,28366.3427680447,7,59,16,43,15,44,1,0,0,0,0,60,16,43,15,44,42,10.2529586075454,12.5231035467243,0.30675413474532,2020-02-17,2020,2
"4179","MG",3,"Sudeste",31020,"Patos de Minas",274609,28366.3427680447,8,73,13,60,21,52,1,0,0,0,0,74,13,60,21,52,37,10.2529586075454,12.5231035467243,0.347189054536118,2020-02-24,2020,2
"4180","MG",3,"Sudeste",31020,"Patos de Minas",274609,28366.3427680447,9,72,16,56,26,46,0,0,0,0,0,72,16,56,26,46,42,10.2529586075454,12.5231035467243,0.321116452088814,2020-03-02,2020,3
"4181","MG",3,"Sudeste",31020,"Patos de Minas",274609,28366.3427680447,10,56,16,40,16,40,1,0,0,0,0,57,16,40,16,40,33,10.2529586075454,12.5231035467243,0.324150311846549,2020-03-09,2020,3
"4182","MG",3,"Sudeste",31020,"Patos de Minas",274609,28366.3427680447,11,55,10,45,16,39,0,0,0,0,0,55,10,45,16,39,41,10.2529586075454,12.5231035467243,0.408322865921245,2020-03-16,2020,3
"4183","MG",3,"Sudeste",31020,"Patos de Minas",274609,28366.3427680447,12,48,10,38,10,38,2,0,0,0,0,50,10,38,10,38,30,10.2529586075454,12.5231035467243,0.499558605981991,2020-03-23,2020,3
"4184","MG",3,"Sudeste",31020,"Patos de Minas",274609,28366.3427680447,13,56,10,46,14,42,3,0,0,0,0,59,10,46,14,42,25,10.2529586075454,12.5231035467243,0.452237378985723,2020-03-30,2020,3
"4185","MG",3,"Sudeste",31020,"Patos de Minas",274609,28366.3427680447,14,69,17,52,21,48,0,0,0,0,0,69,17,52,21,48,36,10.2529586075454,12.5231035467243,0.442190640134656,2020-04-06,2020,4
"4186","MG",3,"Sudeste",31020,"Patos de Minas",274609,28366.3427680447,15,54,11,43,15,39,1,0,0,0,0,55,11,43,15,39,20,10.2529586075454,12.5231035467243,0.41019373456338,2020-04-13,2020,4
"4187","MG",3,"Sudeste",31020,"Patos de Minas",274609,28366.3427680447,16,36,8,28,16,20,0,0,0,0,0,36,8,28,16,20,40,10.2529586075454,12.5231035467243,0.421530457387421,2020-04-20,2020,4
"4188","MG",3,"Sudeste",31020,"Patos de Minas",274609,28366.3427680447,17,71,19,52,19,52,0,0,0,0,0,71,19,52,19,52,36,10.2529586075454,12.5231035467243,0.413295014008193,2020-04-27,2020,4
"4189","MG",3,"Sudeste",31020,"Patos de Minas",274609,28366.3427680447,18,60,15,45,23,37,2,0,0,0,0,62,15,45,23,37,56,10.2529586075454,12.5231035467243,0.387223288447583,2020-05-04,2020,5
"4190","MG",3,"Sudeste",31020,"Patos de Minas",274609,28366.3427680447,19,68,24,44,25,43,1,0,0,0,0,69,24,44,25,43,30,10.2529586075454,12.5231035467243,0.397934053162353,2020-05-11,2020,5
"4191","MG",3,"Sudeste",31020,"Patos de Minas",274609,28366.3427680447,20,60,14,46,28,32,3,0,0,0,0,63,14,46,28,32,41,10.2529586075454,12.5231035467243,0.397870459225541,2020-05-18,2020,5
"4192","MG",3,"Sudeste",31020,"Patos de Minas",274609,28366.3427680447,21,81,16,65,25,56,0,0,0,0,0,81,16,65,25,56,36,10.2529586075454,12.5231035467243,0.397401930397841,2020-05-25,2020,5
"4193","MG",3,"Sudeste",31020,"Patos de Minas",274609,28366.3427680447,22,77,19,58,31,46,1,0,0,0,0,78,19,58,31,46,35,10.2529586075454,12.5231035467243,0.392523538221709,2020-06-01,2020,6
"4194","MG",3,"Sudeste",31020,"Patos de Minas",274609,28366.3427680447,23,70,21,49,26,44,0,0,0,0,0,70,21,49,26,44,47,10.2529586075454,12.5231035467243,0.399840465232331,2020-06-08,2020,6
"4195","MG",3,"Sudeste",31020,"Patos de Minas",274609,28366.3427680447,24,94,26,68,37,57,0,0,0,0,0,94,26,68,37,57,41,10.2529586075454,12.5231035467243,0.379153995456137,2020-06-15,2020,6
"4196","MG",3,"Sudeste",31020,"Patos de Minas",274609,28366.3427680447,25,64,15,49,29,35,2,0,0,0,0,66,15,49,29,35,32,10.2529586075454,12.5231035467243,0.391194923945727,2020-06-22,2020,6
"4197","MG",3,"Sudeste",31020,"Patos de Minas",274609,28366.3427680447,26,65,22,43,24,41,0,0,0,0,0,65,22,43,24,41,42,10.2529586075454,12.5231035467243,0.391875841228397,2020-06-29,2020,6
"4198","MG",3,"Sudeste",31020,"Patos de Minas",274609,28366.3427680447,27,72,23,49,29,43,4,0,0,0,0,76,23,49,29,43,38,10.2529586075454,12.5231035467243,0.393596025895988,2020-07-06,2020,7
"4199","MG",3,"Sudeste",31020,"Patos de Minas",274609,28366.3427680447,28,77,26,51,28,49,1,0,0,0,0,78,26,51,28,49,38,10.2529586075454,12.5231035467243,0.391630520619265,2020-07-13,2020,7
"4200","MG",3,"Sudeste",31020,"Patos de Minas",274609,28366.3427680447,29,45,9,36,20,25,0,0,0,0,0,45,9,36,20,25,38,10.2529586075454,12.5231035467243,0.386426939759772,2020-07-20,2020,7
"4201","MG",3,"Sudeste",31021,"Frutal",203298,38762.0155049238,5,36,11,25,13,23,0,0,0,0,0,36,11,25,13,23,32,10.5651960642638,12.2224281618897,0.295745658211781,2020-02-03,2020,2
"4202","MG",3,"Sudeste",31021,"Frutal",203298,38762.0155049238,6,45,7,38,18,27,0,0,0,0,0,45,7,38,18,27,19,10.5651960642638,12.2224281618897,0.290745396976532,2020-02-10,2020,2
"4203","MG",3,"Sudeste",31021,"Frutal",203298,38762.0155049238,7,33,12,21,15,18,0,0,0,0,0,33,12,21,15,18,27,10.5651960642638,12.2224281618897,0.294386070070137,2020-02-17,2020,2
"4204","MG",3,"Sudeste",31021,"Frutal",203298,38762.0155049238,8,35,12,23,13,22,1,0,0,0,0,36,12,23,13,22,28,10.5651960642638,12.2224281618897,0.33549873176405,2020-02-24,2020,2
"4205","MG",3,"Sudeste",31021,"Frutal",203298,38762.0155049238,9,25,6,19,14,11,0,0,0,0,0,25,6,19,14,11,22,10.5651960642638,12.2224281618897,0.315187362815348,2020-03-02,2020,3
"4206","MG",3,"Sudeste",31021,"Frutal",203298,38762.0155049238,10,37,7,30,12,25,0,0,0,0,0,37,7,30,12,25,23,10.5651960642638,12.2224281618897,0.33009223639156,2020-03-09,2020,3
"4207","MG",3,"Sudeste",31021,"Frutal",203298,38762.0155049238,11,43,8,35,15,28,0,0,0,0,0,43,8,35,15,28,36,10.5651960642638,12.2224281618897,0.385152365659077,2020-03-16,2020,3
"4208","MG",3,"Sudeste",31021,"Frutal",203298,38762.0155049238,12,31,7,24,15,16,0,0,0,0,0,31,7,24,15,16,20,10.5651960642638,12.2224281618897,0.46998030887586,2020-03-23,2020,3
"4209","MG",3,"Sudeste",31021,"Frutal",203298,38762.0155049238,13,39,11,28,16,23,0,0,0,0,0,39,11,28,16,23,22,10.5651960642638,12.2224281618897,0.423310781666581,2020-03-30,2020,3
"4210","MG",3,"Sudeste",31021,"Frutal",203298,38762.0155049238,14,25,7,18,13,12,0,0,0,0,0,25,7,18,13,12,22,10.5651960642638,12.2224281618897,0.407373321740357,2020-04-06,2020,4
"4211","MG",3,"Sudeste",31021,"Frutal",203298,38762.0155049238,15,30,9,21,9,21,0,0,0,0,0,30,9,21,9,21,29,10.5651960642638,12.2224281618897,0.393883999637587,2020-04-13,2020,4
"4212","MG",3,"Sudeste",31021,"Frutal",203298,38762.0155049238,16,37,6,31,13,24,0,0,0,0,0,37,6,31,13,24,28,10.5651960642638,12.2224281618897,0.394434503909762,2020-04-20,2020,4
"4213","MG",3,"Sudeste",31021,"Frutal",203298,38762.0155049238,17,42,12,30,19,23,0,0,0,0,0,42,12,30,19,23,23,10.5651960642638,12.2224281618897,0.392924585137945,2020-04-27,2020,4
"4214","MG",3,"Sudeste",31021,"Frutal",203298,38762.0155049238,18,40,8,32,16,24,0,0,0,0,0,40,8,32,16,24,27,10.5651960642638,12.2224281618897,0.377063384983061,2020-05-04,2020,5
"4215","MG",3,"Sudeste",31021,"Frutal",203298,38762.0155049238,19,46,13,33,23,23,1,0,0,0,0,47,13,33,23,23,30,10.5651960642638,12.2224281618897,0.385685112003252,2020-05-11,2020,5
"4216","MG",3,"Sudeste",31021,"Frutal",203298,38762.0155049238,20,48,8,40,11,37,0,0,0,0,0,48,8,40,11,37,27,10.5651960642638,12.2224281618897,0.388495449360761,2020-05-18,2020,5
"4217","MG",3,"Sudeste",31021,"Frutal",203298,38762.0155049238,21,27,9,18,14,13,0,0,0,0,0,27,9,18,14,13,30,10.5651960642638,12.2224281618897,0.383095579104954,2020-05-25,2020,5
"4218","MG",3,"Sudeste",31021,"Frutal",203298,38762.0155049238,22,45,12,33,17,28,0,0,0,0,0,45,12,33,17,28,37,10.5651960642638,12.2224281618897,0.378906655554245,2020-06-01,2020,6
"4219","MG",3,"Sudeste",31021,"Frutal",203298,38762.0155049238,23,42,7,35,10,32,0,0,0,0,0,42,7,35,10,32,29,10.5651960642638,12.2224281618897,0.377555946741877,2020-06-08,2020,6
"4220","MG",3,"Sudeste",31021,"Frutal",203298,38762.0155049238,24,37,9,28,20,17,0,0,0,0,0,37,9,28,20,17,19,10.5651960642638,12.2224281618897,0.367581946465081,2020-06-15,2020,6
"4221","MG",3,"Sudeste",31021,"Frutal",203298,38762.0155049238,25,31,8,23,14,17,0,0,0,0,0,31,8,23,14,17,15,10.5651960642638,12.2224281618897,0.379845739719794,2020-06-22,2020,6
"4222","MG",3,"Sudeste",31021,"Frutal",203298,38762.0155049238,26,53,11,42,18,35,0,0,0,0,0,53,11,42,18,35,32,10.5651960642638,12.2224281618897,0.38223277833738,2020-06-29,2020,6
"4223","MG",3,"Sudeste",31021,"Frutal",203298,38762.0155049238,27,30,5,25,14,16,2,0,0,0,0,32,5,25,14,16,29,10.5651960642638,12.2224281618897,0.386794431371808,2020-07-06,2020,7
"4224","MG",3,"Sudeste",31021,"Frutal",203298,38762.0155049238,28,49,11,38,18,31,0,0,0,0,0,49,11,38,18,31,37,10.5651960642638,12.2224281618897,0.389775967087276,2020-07-13,2020,7
"4225","MG",3,"Sudeste",31021,"Frutal",203298,38762.0155049238,29,39,8,31,14,25,0,0,0,0,0,39,8,31,14,25,35,10.5651960642638,12.2224281618897,0.392239833574591,2020-07-20,2020,7
"4226","MG",3,"Sudeste",31022,"Uberaba",397481,43784.6534503536,5,82,17,65,30,52,1,0,0,0,0,83,17,65,30,52,51,10.6870386571221,12.892902413192,0.286714995489708,2020-02-03,2020,2
"4227","MG",3,"Sudeste",31022,"Uberaba",397481,43784.6534503536,6,77,18,59,28,49,0,0,0,0,0,77,18,59,28,49,55,10.6870386571221,12.892902413192,0.282459845119261,2020-02-10,2020,2
"4228","MG",3,"Sudeste",31022,"Uberaba",397481,43784.6534503536,7,68,18,50,29,39,1,0,0,0,0,69,18,50,29,39,36,10.6870386571221,12.892902413192,0.298339729656019,2020-02-17,2020,2
"4229","MG",3,"Sudeste",31022,"Uberaba",397481,43784.6534503536,8,93,22,71,28,65,0,0,0,0,0,93,22,71,28,65,45,10.6870386571221,12.892902413192,0.346964007950766,2020-02-24,2020,2
"4230","MG",3,"Sudeste",31022,"Uberaba",397481,43784.6534503536,9,91,16,75,29,62,1,0,0,0,0,92,16,75,29,62,43,10.6870386571221,12.892902413192,0.319927658363497,2020-03-02,2020,3
"4231","MG",3,"Sudeste",31022,"Uberaba",397481,43784.6534503536,10,58,14,44,26,32,0,0,0,0,0,58,14,44,26,32,48,10.6870386571221,12.892902413192,0.322013609038975,2020-03-09,2020,3
"4232","MG",3,"Sudeste",31022,"Uberaba",397481,43784.6534503536,11,86,17,69,30,56,0,0,0,0,0,86,17,69,30,56,44,10.6870386571221,12.892902413192,0.399305387100072,2020-03-16,2020,3
"4233","MG",3,"Sudeste",31022,"Uberaba",397481,43784.6534503536,12,82,16,66,25,57,1,0,0,0,0,83,16,66,25,57,44,10.6870386571221,12.892902413192,0.498917455133014,2020-03-23,2020,3
"4234","MG",3,"Sudeste",31022,"Uberaba",397481,43784.6534503536,13,70,18,52,23,47,1,0,0,0,0,71,18,52,23,47,40,10.6870386571221,12.892902413192,0.460985053616117,2020-03-30,2020,3
"4235","MG",3,"Sudeste",31022,"Uberaba",397481,43784.6534503536,14,89,23,66,33,56,1,0,0,0,0,90,23,66,33,56,51,10.6870386571221,12.892902413192,0.448821344321846,2020-04-06,2020,4
"4236","MG",3,"Sudeste",31022,"Uberaba",397481,43784.6534503536,15,72,14,58,29,43,2,0,0,0,0,74,14,58,29,43,53,10.6870386571221,12.892902413192,0.430454258569746,2020-04-13,2020,4
"4237","MG",3,"Sudeste",31022,"Uberaba",397481,43784.6534503536,16,92,17,75,29,63,1,0,0,0,0,93,17,75,29,63,53,10.6870386571221,12.892902413192,0.436076889262191,2020-04-20,2020,4
"4238","MG",3,"Sudeste",31022,"Uberaba",397481,43784.6534503536,17,75,12,63,25,50,0,0,0,0,0,75,12,63,25,50,35,10.6870386571221,12.892902413192,0.415767544271329,2020-04-27,2020,4
"4239","MG",3,"Sudeste",31022,"Uberaba",397481,43784.6534503536,18,101,26,75,42,59,1,0,0,0,0,102,26,75,42,59,50,10.6870386571221,12.892902413192,0.393393572377295,2020-05-04,2020,5
"4240","MG",3,"Sudeste",31022,"Uberaba",397481,43784.6534503536,19,85,12,73,27,58,1,0,0,0,0,86,12,73,27,58,48,10.6870386571221,12.892902413192,0.401054172403022,2020-05-11,2020,5
"4241","MG",3,"Sudeste",31022,"Uberaba",397481,43784.6534503536,20,102,19,83,23,79,1,0,0,0,0,103,19,83,23,79,47,10.6870386571221,12.892902413192,0.409045251549107,2020-05-18,2020,5
"4242","MG",3,"Sudeste",31022,"Uberaba",397481,43784.6534503536,21,110,22,88,40,70,4,0,0,0,0,114,22,88,40,70,58,10.6870386571221,12.892902413192,0.393140194208268,2020-05-25,2020,5
"4243","MG",3,"Sudeste",31022,"Uberaba",397481,43784.6534503536,22,122,32,90,47,75,1,0,0,0,0,123,32,90,47,75,70,10.6870386571221,12.892902413192,0.376475340874385,2020-06-01,2020,6
"4244","MG",3,"Sudeste",31022,"Uberaba",397481,43784.6534503536,23,87,16,71,36,51,1,0,0,0,0,88,16,71,36,51,61,10.6870386571221,12.892902413192,0.380596857639219,2020-06-08,2020,6
"4245","MG",3,"Sudeste",31022,"Uberaba",397481,43784.6534503536,24,88,20,68,39,49,0,0,0,0,0,88,20,68,39,49,55,10.6870386571221,12.892902413192,0.373199546699362,2020-06-15,2020,6
"4246","MG",3,"Sudeste",31022,"Uberaba",397481,43784.6534503536,25,101,24,77,39,62,1,0,0,0,0,102,24,77,39,62,57,10.6870386571221,12.892902413192,0.382744252614374,2020-06-22,2020,6
"4247","MG",3,"Sudeste",31022,"Uberaba",397481,43784.6534503536,26,100,21,79,33,67,0,0,0,0,0,100,21,79,33,67,54,10.6870386571221,12.892902413192,0.383036270301768,2020-06-29,2020,6
"4248","MG",3,"Sudeste",31022,"Uberaba",397481,43784.6534503536,27,81,18,63,36,45,0,0,0,0,0,81,18,63,36,45,66,10.6870386571221,12.892902413192,0.382140430258236,2020-07-06,2020,7
"4249","MG",3,"Sudeste",31022,"Uberaba",397481,43784.6534503536,28,70,10,60,25,45,0,0,0,0,0,70,10,60,25,45,60,10.6870386571221,12.892902413192,0.375810126519524,2020-07-13,2020,7
"4250","MG",3,"Sudeste",31022,"Uberaba",397481,43784.6534503536,29,106,32,74,36,70,1,0,0,0,0,107,32,74,36,70,55,10.6870386571221,12.892902413192,0.382069331610753,2020-07-20,2020,7
"4251","MG",3,"Sudeste",31023,"Araxá",233114,54719.6650569678,5,47,13,34,25,22,0,0,0,0,0,47,13,34,25,22,26,10.9099784312428,12.3592828832804,0.306197074861858,2020-02-03,2020,2
"4252","MG",3,"Sudeste",31023,"Araxá",233114,54719.6650569678,6,61,16,45,21,40,1,0,0,0,0,62,16,45,21,40,26,10.9099784312428,12.3592828832804,0.28784884080121,2020-02-10,2020,2
"4253","MG",3,"Sudeste",31023,"Araxá",233114,54719.6650569678,7,57,11,46,20,37,0,0,0,0,0,57,11,46,20,37,32,10.9099784312428,12.3592828832804,0.306701823910773,2020-02-17,2020,2
"4254","MG",3,"Sudeste",31023,"Araxá",233114,54719.6650569678,8,43,10,33,19,24,0,0,0,0,0,43,10,33,19,24,33,10.9099784312428,12.3592828832804,0.350593751210713,2020-02-24,2020,2
"4255","MG",3,"Sudeste",31023,"Araxá",233114,54719.6650569678,9,57,13,44,22,35,1,0,0,0,0,58,13,44,22,35,32,10.9099784312428,12.3592828832804,0.324239891468896,2020-03-02,2020,3
"4256","MG",3,"Sudeste",31023,"Araxá",233114,54719.6650569678,10,47,11,36,18,29,1,0,0,0,0,48,11,36,18,29,33,10.9099784312428,12.3592828832804,0.329276583607494,2020-03-09,2020,3
"4257","MG",3,"Sudeste",31023,"Araxá",233114,54719.6650569678,11,62,11,51,17,45,2,0,0,0,0,64,11,51,17,45,22,10.9099784312428,12.3592828832804,0.392141582190897,2020-03-16,2020,3
"4258","MG",3,"Sudeste",31023,"Araxá",233114,54719.6650569678,12,35,5,30,11,24,1,0,0,0,0,36,5,30,11,24,30,10.9099784312428,12.3592828832804,0.500251659824728,2020-03-23,2020,3
"4259","MG",3,"Sudeste",31023,"Araxá",233114,54719.6650569678,13,36,9,27,16,20,2,0,0,0,0,38,9,27,16,20,29,10.9099784312428,12.3592828832804,0.453356657753714,2020-03-30,2020,3
"4260","MG",3,"Sudeste",31023,"Araxá",233114,54719.6650569678,14,39,10,29,11,28,0,0,0,0,0,39,10,29,11,28,26,10.9099784312428,12.3592828832804,0.432393744839132,2020-04-06,2020,4
"4261","MG",3,"Sudeste",31023,"Araxá",233114,54719.6650569678,15,51,9,42,22,29,0,0,0,0,0,51,9,42,22,29,25,10.9099784312428,12.3592828832804,0.413513636550579,2020-04-13,2020,4
"4262","MG",3,"Sudeste",31023,"Araxá",233114,54719.6650569678,16,52,9,43,24,28,0,0,0,0,0,52,9,43,24,28,29,10.9099784312428,12.3592828832804,0.415563079996433,2020-04-20,2020,4
"4263","MG",3,"Sudeste",31023,"Araxá",233114,54719.6650569678,17,61,9,52,25,36,1,0,0,0,0,62,9,52,25,36,33,10.9099784312428,12.3592828832804,0.404165317616678,2020-04-27,2020,4
"4264","MG",3,"Sudeste",31023,"Araxá",233114,54719.6650569678,18,49,6,43,19,30,0,0,0,0,0,49,6,43,19,30,22,10.9099784312428,12.3592828832804,0.386583164721631,2020-05-04,2020,5
"4265","MG",3,"Sudeste",31023,"Araxá",233114,54719.6650569678,19,63,16,47,27,36,2,0,0,0,0,65,16,47,27,36,23,10.9099784312428,12.3592828832804,0.396746963195077,2020-05-11,2020,5
"4266","MG",3,"Sudeste",31023,"Araxá",233114,54719.6650569678,20,59,9,50,27,32,1,0,0,0,0,60,9,50,27,32,46,10.9099784312428,12.3592828832804,0.412609119679108,2020-05-18,2020,5
"4267","MG",3,"Sudeste",31023,"Araxá",233114,54719.6650569678,21,61,9,52,19,42,1,0,0,0,0,62,9,52,19,42,37,10.9099784312428,12.3592828832804,0.39648681708293,2020-05-25,2020,5
"4268","MG",3,"Sudeste",31023,"Araxá",233114,54719.6650569678,22,61,6,55,25,36,1,0,0,0,0,62,6,55,25,36,23,10.9099784312428,12.3592828832804,0.383149133583736,2020-06-01,2020,6
"4269","MG",3,"Sudeste",31023,"Araxá",233114,54719.6650569678,23,56,14,42,22,34,1,0,0,0,0,57,14,42,22,34,28,10.9099784312428,12.3592828832804,0.381221022738407,2020-06-08,2020,6
"4270","MG",3,"Sudeste",31023,"Araxá",233114,54719.6650569678,24,66,17,49,24,42,0,0,0,0,0,66,17,49,24,42,41,10.9099784312428,12.3592828832804,0.372109859463797,2020-06-15,2020,6
"4271","MG",3,"Sudeste",31023,"Araxá",233114,54719.6650569678,25,48,9,39,20,28,1,0,0,0,0,49,9,39,20,28,30,10.9099784312428,12.3592828832804,0.389647824715619,2020-06-22,2020,6
"4272","MG",3,"Sudeste",31023,"Araxá",233114,54719.6650569678,26,63,17,46,21,42,1,0,0,0,0,64,17,46,21,42,35,10.9099784312428,12.3592828832804,0.381848021468533,2020-06-29,2020,6
"4273","MG",3,"Sudeste",31023,"Araxá",233114,54719.6650569678,27,54,9,45,22,32,0,0,0,0,0,54,9,45,22,32,26,10.9099784312428,12.3592828832804,0.381133298371367,2020-07-06,2020,7
"4274","MG",3,"Sudeste",31023,"Araxá",233114,54719.6650569678,28,60,19,41,22,38,0,0,0,0,0,60,19,41,22,38,25,10.9099784312428,12.3592828832804,0.386592215371423,2020-07-13,2020,7
"4275","MG",3,"Sudeste",31023,"Araxá",233114,54719.6650569678,29,48,7,41,14,34,0,0,0,0,0,48,7,41,14,34,16,10.9099784312428,12.3592828832804,0.38128830682331,2020-07-20,2020,7
"4276","MG",3,"Sudeste",31024,"Três Marias",105028,42710.7782095251,5,20,4,16,6,14,0,0,0,0,0,20,4,16,6,14,10,10.6622065844498,11.5619822602571,0.292905370227129,2020-02-03,2020,2
"4277","MG",3,"Sudeste",31024,"Três Marias",105028,42710.7782095251,6,23,7,16,10,13,0,0,0,0,0,23,7,16,10,13,10,10.6622065844498,11.5619822602571,0.273735790520699,2020-02-10,2020,2
"4278","MG",3,"Sudeste",31024,"Três Marias",105028,42710.7782095251,7,11,4,7,3,8,0,0,0,0,0,11,4,7,3,8,15,10.6622065844498,11.5619822602571,0.281991291640441,2020-02-17,2020,2
"4279","MG",3,"Sudeste",31024,"Três Marias",105028,42710.7782095251,8,22,4,18,8,14,0,0,0,0,0,22,4,18,8,14,7,10.6622065844498,11.5619822602571,0.322966173006255,2020-02-24,2020,2
"4280","MG",3,"Sudeste",31024,"Três Marias",105028,42710.7782095251,9,19,5,14,7,12,0,0,0,0,0,19,5,14,7,12,15,10.6622065844498,11.5619822602571,0.304323986133215,2020-03-02,2020,3
"4281","MG",3,"Sudeste",31024,"Três Marias",105028,42710.7782095251,10,12,5,7,4,8,0,0,0,0,0,12,5,7,4,8,19,10.6622065844498,11.5619822602571,0.301188793829273,2020-03-09,2020,3
"4282","MG",3,"Sudeste",31024,"Três Marias",105028,42710.7782095251,11,15,2,13,4,11,0,0,0,0,0,15,2,13,4,11,15,10.6622065844498,11.5619822602571,0.371674666422658,2020-03-16,2020,3
"4283","MG",3,"Sudeste",31024,"Três Marias",105028,42710.7782095251,12,12,2,10,4,8,0,0,0,0,0,12,2,10,4,8,18,10.6622065844498,11.5619822602571,0.450585912924942,2020-03-23,2020,3
"4284","MG",3,"Sudeste",31024,"Três Marias",105028,42710.7782095251,13,13,2,11,6,7,0,0,0,0,0,13,2,11,6,7,8,10.6622065844498,11.5619822602571,0.416300109627539,2020-03-30,2020,3
"4285","MG",3,"Sudeste",31024,"Três Marias",105028,42710.7782095251,14,25,11,14,10,15,0,0,0,0,0,25,11,14,10,15,14,10.6622065844498,11.5619822602571,0.407018020633171,2020-04-06,2020,4
"4286","MG",3,"Sudeste",31024,"Três Marias",105028,42710.7782095251,15,15,3,12,5,10,0,0,0,0,0,15,3,12,5,10,17,10.6622065844498,11.5619822602571,0.375818837469608,2020-04-13,2020,4
"4287","MG",3,"Sudeste",31024,"Três Marias",105028,42710.7782095251,16,24,6,18,14,10,0,0,0,0,0,24,6,18,14,10,16,10.6622065844498,11.5619822602571,0.385354382337232,2020-04-20,2020,4
"4288","MG",3,"Sudeste",31024,"Três Marias",105028,42710.7782095251,17,12,6,6,8,4,0,0,0,0,0,12,6,6,8,4,7,10.6622065844498,11.5619822602571,0.379834768652552,2020-04-27,2020,4
"4289","MG",3,"Sudeste",31024,"Três Marias",105028,42710.7782095251,18,25,6,19,8,17,0,0,0,0,0,25,6,19,8,17,10,10.6622065844498,11.5619822602571,0.346521665997373,2020-05-04,2020,5
"4290","MG",3,"Sudeste",31024,"Três Marias",105028,42710.7782095251,19,15,6,9,9,6,0,0,0,0,0,15,6,9,9,6,15,10.6622065844498,11.5619822602571,0.367655822343825,2020-05-11,2020,5
"4291","MG",3,"Sudeste",31024,"Três Marias",105028,42710.7782095251,20,24,5,19,12,12,0,0,0,0,0,24,5,19,12,12,4,10.6622065844498,11.5619822602571,0.361477320950753,2020-05-18,2020,5
"4292","MG",3,"Sudeste",31024,"Três Marias",105028,42710.7782095251,21,19,5,14,5,14,0,0,0,0,0,19,5,14,5,14,14,10.6622065844498,11.5619822602571,0.376756152767504,2020-05-25,2020,5
"4293","MG",3,"Sudeste",31024,"Três Marias",105028,42710.7782095251,22,19,8,11,13,6,0,0,0,0,0,19,8,11,13,6,10,10.6622065844498,11.5619822602571,0.366352720846431,2020-06-01,2020,6
"4294","MG",3,"Sudeste",31024,"Três Marias",105028,42710.7782095251,23,23,8,15,10,13,0,0,0,0,0,23,8,15,10,13,7,10.6622065844498,11.5619822602571,0.366790404147212,2020-06-08,2020,6
"4295","MG",3,"Sudeste",31024,"Três Marias",105028,42710.7782095251,24,32,6,26,12,20,0,0,0,0,0,32,6,26,12,20,13,10.6622065844498,11.5619822602571,0.359587823594343,2020-06-15,2020,6
"4296","MG",3,"Sudeste",31024,"Três Marias",105028,42710.7782095251,25,16,6,10,13,3,1,0,0,0,0,17,6,10,13,3,13,10.6622065844498,11.5619822602571,0.375265870168784,2020-06-22,2020,6
"4297","MG",3,"Sudeste",31024,"Três Marias",105028,42710.7782095251,26,26,5,21,9,17,0,0,0,0,0,26,5,21,9,17,11,10.6622065844498,11.5619822602571,0.37387312259483,2020-06-29,2020,6
"4298","MG",3,"Sudeste",31024,"Três Marias",105028,42710.7782095251,27,21,3,18,6,15,0,0,0,0,0,21,3,18,6,15,16,10.6622065844498,11.5619822602571,0.378536183192321,2020-07-06,2020,7
"4299","MG",3,"Sudeste",31024,"Três Marias",105028,42710.7782095251,28,22,5,17,8,14,0,0,0,0,0,22,5,17,8,14,16,10.6622065844498,11.5619822602571,0.365490747062457,2020-07-13,2020,7
"4300","MG",3,"Sudeste",31024,"Três Marias",105028,42710.7782095251,29,20,10,10,9,11,0,0,0,0,0,20,10,10,9,11,15,10.6622065844498,11.5619822602571,0.375782009105759,2020-07-20,2020,7
"4301","MG",3,"Sudeste",31025,"Curvelo",158518,16157.1108908767,5,37,9,28,14,23,1,0,0,0,0,38,9,28,14,23,24,9.69011553458662,11.9736234305203,0.308867572725422,2020-02-03,2020,2
"4302","MG",3,"Sudeste",31025,"Curvelo",158518,16157.1108908767,6,26,6,20,13,13,0,0,0,0,0,26,6,20,13,13,20,9.69011553458662,11.9736234305203,0.286318034607436,2020-02-10,2020,2
"4303","MG",3,"Sudeste",31025,"Curvelo",158518,16157.1108908767,7,30,9,21,17,13,0,0,0,0,0,30,9,21,17,13,18,9.69011553458662,11.9736234305203,0.312396777913394,2020-02-17,2020,2
"4304","MG",3,"Sudeste",31025,"Curvelo",158518,16157.1108908767,8,37,10,27,19,18,0,0,0,0,0,37,10,27,19,18,18,9.69011553458662,11.9736234305203,0.342714271632406,2020-02-24,2020,2
"4305","MG",3,"Sudeste",31025,"Curvelo",158518,16157.1108908767,9,33,12,21,15,18,0,0,0,0,0,33,12,21,15,18,20,9.69011553458662,11.9736234305203,0.326810703153161,2020-03-02,2020,3
"4306","MG",3,"Sudeste",31025,"Curvelo",158518,16157.1108908767,10,37,5,32,19,18,1,0,0,0,0,38,5,32,19,18,21,9.69011553458662,11.9736234305203,0.332247359580002,2020-03-09,2020,3
"4307","MG",3,"Sudeste",31025,"Curvelo",158518,16157.1108908767,11,33,3,30,18,15,0,0,0,0,0,33,3,30,18,15,32,9.69011553458662,11.9736234305203,0.379764890237154,2020-03-16,2020,3
"4308","MG",3,"Sudeste",31025,"Curvelo",158518,16157.1108908767,12,21,6,15,10,11,0,0,0,0,0,21,6,15,10,11,17,9.69011553458662,11.9736234305203,0.476411808785812,2020-03-23,2020,3
"4309","MG",3,"Sudeste",31025,"Curvelo",158518,16157.1108908767,13,33,12,21,12,21,0,0,0,0,0,33,12,21,12,21,12,9.69011553458662,11.9736234305203,0.441096857668626,2020-03-30,2020,3
"4310","MG",3,"Sudeste",31025,"Curvelo",158518,16157.1108908767,14,25,8,17,13,12,1,0,0,0,0,26,8,17,13,12,23,9.69011553458662,11.9736234305203,0.431803602468944,2020-04-06,2020,4
"4311","MG",3,"Sudeste",31025,"Curvelo",158518,16157.1108908767,15,32,6,26,9,23,0,0,0,0,0,32,6,26,9,23,22,9.69011553458662,11.9736234305203,0.401410681273605,2020-04-13,2020,4
"4312","MG",3,"Sudeste",31025,"Curvelo",158518,16157.1108908767,16,34,9,25,15,19,0,0,0,0,0,34,9,25,15,19,21,9.69011553458662,11.9736234305203,0.418506999687005,2020-04-20,2020,4
"4313","MG",3,"Sudeste",31025,"Curvelo",158518,16157.1108908767,17,29,8,21,12,17,0,0,0,0,0,29,8,21,12,17,25,9.69011553458662,11.9736234305203,0.410270888392986,2020-04-27,2020,4
"4314","MG",3,"Sudeste",31025,"Curvelo",158518,16157.1108908767,18,35,9,26,14,21,0,0,0,0,0,35,9,26,14,21,25,9.69011553458662,11.9736234305203,0.386601702368218,2020-05-04,2020,5
"4315","MG",3,"Sudeste",31025,"Curvelo",158518,16157.1108908767,19,45,15,30,26,19,0,0,0,0,0,45,15,30,26,19,27,9.69011553458662,11.9736234305203,0.415010003271144,2020-05-11,2020,5
"4316","MG",3,"Sudeste",31025,"Curvelo",158518,16157.1108908767,20,32,11,21,11,21,0,0,0,0,0,32,11,21,11,21,16,9.69011553458662,11.9736234305203,0.40138311574653,2020-05-18,2020,5
"4317","MG",3,"Sudeste",31025,"Curvelo",158518,16157.1108908767,21,35,12,23,17,18,1,0,0,0,0,36,12,23,17,18,18,9.69011553458662,11.9736234305203,0.392985830483701,2020-05-25,2020,5
"4318","MG",3,"Sudeste",31025,"Curvelo",158518,16157.1108908767,22,44,13,31,15,29,0,0,0,0,0,44,13,31,15,29,27,9.69011553458662,11.9736234305203,0.378911814045129,2020-06-01,2020,6
"4319","MG",3,"Sudeste",31025,"Curvelo",158518,16157.1108908767,23,39,13,26,15,24,0,0,0,0,0,39,13,26,15,24,31,9.69011553458662,11.9736234305203,0.382712350440722,2020-06-08,2020,6
"4320","MG",3,"Sudeste",31025,"Curvelo",158518,16157.1108908767,24,36,7,29,12,24,0,0,0,0,0,36,7,29,12,24,16,9.69011553458662,11.9736234305203,0.374492681673054,2020-06-15,2020,6
"4321","MG",3,"Sudeste",31025,"Curvelo",158518,16157.1108908767,25,41,6,35,20,21,1,0,0,0,0,42,6,35,20,21,23,9.69011553458662,11.9736234305203,0.378747651251232,2020-06-22,2020,6
"4322","MG",3,"Sudeste",31025,"Curvelo",158518,16157.1108908767,26,39,13,26,18,21,1,0,0,0,0,40,13,26,18,21,30,9.69011553458662,11.9736234305203,0.376666020990504,2020-06-29,2020,6
"4323","MG",3,"Sudeste",31025,"Curvelo",158518,16157.1108908767,27,28,14,14,17,11,0,0,0,0,0,28,14,14,17,11,24,9.69011553458662,11.9736234305203,0.382226092847445,2020-07-06,2020,7
"4324","MG",3,"Sudeste",31025,"Curvelo",158518,16157.1108908767,28,42,12,30,14,28,0,0,0,0,0,42,12,30,14,28,28,9.69011553458662,11.9736234305203,0.378513191447518,2020-07-13,2020,7
"4325","MG",3,"Sudeste",31025,"Curvelo",158518,16157.1108908767,29,32,7,25,14,18,0,0,0,0,0,32,7,25,14,18,29,9.69011553458662,11.9736234305203,0.382426742568928,2020-07-20,2020,7
"4326","MG",3,"Sudeste",31026,"Bom Despacho",181282,27405.0519412849,5,29,6,23,10,19,0,0,0,0,0,29,6,23,10,19,21,10.2184826527999,12.1078091088576,0.289701515147624,2020-02-03,2020,2
"4327","MG",3,"Sudeste",31026,"Bom Despacho",181282,27405.0519412849,6,38,4,34,8,30,1,0,0,0,0,39,4,34,8,30,16,10.2184826527999,12.1078091088576,0.27665933010413,2020-02-10,2020,2
"4328","MG",3,"Sudeste",31026,"Bom Despacho",181282,27405.0519412849,7,29,2,27,11,18,0,0,0,0,0,29,2,27,11,18,25,10.2184826527999,12.1078091088576,0.291231222816481,2020-02-17,2020,2
"4329","MG",3,"Sudeste",31026,"Bom Despacho",181282,27405.0519412849,8,35,11,24,11,24,0,0,0,0,0,35,11,24,11,24,22,10.2184826527999,12.1078091088576,0.33668672127062,2020-02-24,2020,2
"4330","MG",3,"Sudeste",31026,"Bom Despacho",181282,27405.0519412849,9,42,10,32,15,27,0,0,0,0,0,42,10,32,15,27,31,10.2184826527999,12.1078091088576,0.309956481733312,2020-03-02,2020,3
"4331","MG",3,"Sudeste",31026,"Bom Despacho",181282,27405.0519412849,10,30,8,22,9,21,0,0,0,0,0,30,8,22,9,21,29,10.2184826527999,12.1078091088576,0.314708021137558,2020-03-09,2020,3
"4332","MG",3,"Sudeste",31026,"Bom Despacho",181282,27405.0519412849,11,32,7,25,13,19,0,0,0,0,0,32,7,25,13,19,23,10.2184826527999,12.1078091088576,0.378220878703795,2020-03-16,2020,3
"4333","MG",3,"Sudeste",31026,"Bom Despacho",181282,27405.0519412849,12,24,5,19,11,13,0,0,0,0,0,24,5,19,11,13,21,10.2184826527999,12.1078091088576,0.481085778251319,2020-03-23,2020,3
"4334","MG",3,"Sudeste",31026,"Bom Despacho",181282,27405.0519412849,13,23,5,18,9,14,0,0,0,0,0,23,5,18,9,14,30,10.2184826527999,12.1078091088576,0.431262021887606,2020-03-30,2020,3
"4335","MG",3,"Sudeste",31026,"Bom Despacho",181282,27405.0519412849,14,27,6,21,10,17,1,0,0,0,0,28,6,21,10,17,29,10.2184826527999,12.1078091088576,0.425726065920763,2020-04-06,2020,4
"4336","MG",3,"Sudeste",31026,"Bom Despacho",181282,27405.0519412849,15,30,6,24,9,21,0,0,0,0,0,30,6,24,9,21,19,10.2184826527999,12.1078091088576,0.393602843446086,2020-04-13,2020,4
"4337","MG",3,"Sudeste",31026,"Bom Despacho",181282,27405.0519412849,16,28,6,22,14,14,0,0,0,0,0,28,6,22,14,14,21,10.2184826527999,12.1078091088576,0.39010436533541,2020-04-20,2020,4
"4338","MG",3,"Sudeste",31026,"Bom Despacho",181282,27405.0519412849,17,40,8,32,9,31,0,0,0,0,0,40,8,32,9,31,18,10.2184826527999,12.1078091088576,0.388623767368873,2020-04-27,2020,4
"4339","MG",3,"Sudeste",31026,"Bom Despacho",181282,27405.0519412849,18,30,6,24,10,20,0,0,0,0,0,30,6,24,10,20,27,10.2184826527999,12.1078091088576,0.361025078994744,2020-05-04,2020,5
"4340","MG",3,"Sudeste",31026,"Bom Despacho",181282,27405.0519412849,19,37,9,28,11,26,0,0,0,0,0,37,9,28,11,26,28,10.2184826527999,12.1078091088576,0.36188147326874,2020-05-11,2020,5
"4341","MG",3,"Sudeste",31026,"Bom Despacho",181282,27405.0519412849,20,57,11,46,20,37,0,0,0,0,0,57,11,46,20,37,25,10.2184826527999,12.1078091088576,0.366868858341796,2020-05-18,2020,5
"4342","MG",3,"Sudeste",31026,"Bom Despacho",181282,27405.0519412849,21,47,12,35,18,29,0,0,0,0,0,47,12,35,18,29,30,10.2184826527999,12.1078091088576,0.356334836191224,2020-05-25,2020,5
"4343","MG",3,"Sudeste",31026,"Bom Despacho",181282,27405.0519412849,22,55,8,47,22,33,0,0,0,0,0,55,8,47,22,33,32,10.2184826527999,12.1078091088576,0.354834497869726,2020-06-01,2020,6
"4344","MG",3,"Sudeste",31026,"Bom Despacho",181282,27405.0519412849,23,44,6,38,14,30,0,0,0,0,0,44,6,38,14,30,20,10.2184826527999,12.1078091088576,0.352193180571336,2020-06-08,2020,6
"4345","MG",3,"Sudeste",31026,"Bom Despacho",181282,27405.0519412849,24,41,11,30,13,28,0,0,0,0,0,41,11,30,13,28,28,10.2184826527999,12.1078091088576,0.344026374500474,2020-06-15,2020,6
"4346","MG",3,"Sudeste",31026,"Bom Despacho",181282,27405.0519412849,25,43,9,34,16,27,0,0,0,0,0,43,9,34,16,27,21,10.2184826527999,12.1078091088576,0.338673444019386,2020-06-22,2020,6
"4347","MG",3,"Sudeste",31026,"Bom Despacho",181282,27405.0519412849,26,39,6,33,14,25,1,0,0,0,0,40,6,33,14,25,19,10.2184826527999,12.1078091088576,0.347930014882194,2020-06-29,2020,6
"4348","MG",3,"Sudeste",31026,"Bom Despacho",181282,27405.0519412849,27,40,13,27,17,23,0,0,0,0,0,40,13,27,17,23,27,10.2184826527999,12.1078091088576,0.348115173310284,2020-07-06,2020,7
"4349","MG",3,"Sudeste",31026,"Bom Despacho",181282,27405.0519412849,28,47,13,34,15,32,0,0,0,0,0,47,13,34,15,32,31,10.2184826527999,12.1078091088576,0.342468502985081,2020-07-13,2020,7
"4350","MG",3,"Sudeste",31026,"Bom Despacho",181282,27405.0519412849,29,46,10,36,13,33,1,0,0,0,0,47,10,36,13,33,28,10.2184826527999,12.1078091088576,0.350542154814149,2020-07-20,2020,7
"4351","MG",3,"Sudeste",31027,"Sete Lagoas",439218,28288.6806938468,5,68,12,56,21,47,0,0,0,0,0,68,12,56,21,47,56,10.2502170281374,12.9927511519442,0.276712194133825,2020-02-03,2020,2
"4352","MG",3,"Sudeste",31027,"Sete Lagoas",439218,28288.6806938468,6,99,16,83,40,59,0,0,0,0,0,99,16,83,40,59,45,10.2502170281374,12.9927511519442,0.267336263200422,2020-02-10,2020,2
"4353","MG",3,"Sudeste",31027,"Sete Lagoas",439218,28288.6806938468,7,97,13,84,29,68,0,0,0,0,0,97,13,84,29,68,52,10.2502170281374,12.9927511519442,0.280345098202419,2020-02-17,2020,2
"4354","MG",3,"Sudeste",31027,"Sete Lagoas",439218,28288.6806938468,8,60,14,46,19,41,2,0,0,0,0,62,14,46,19,41,53,10.2502170281374,12.9927511519442,0.337427385976233,2020-02-24,2020,2
"4355","MG",3,"Sudeste",31027,"Sete Lagoas",439218,28288.6806938468,9,89,12,77,25,64,1,0,0,0,0,90,12,77,25,64,54,10.2502170281374,12.9927511519442,0.306346993755035,2020-03-02,2020,3
"4356","MG",3,"Sudeste",31027,"Sete Lagoas",439218,28288.6806938468,10,67,10,57,20,47,1,0,0,0,0,68,10,57,20,47,44,10.2502170281374,12.9927511519442,0.304447330249882,2020-03-09,2020,3
"4357","MG",3,"Sudeste",31027,"Sete Lagoas",439218,28288.6806938468,11,64,13,51,26,38,1,0,0,0,0,65,13,51,26,38,71,10.2502170281374,12.9927511519442,0.391979440252167,2020-03-16,2020,3
"4358","MG",3,"Sudeste",31027,"Sete Lagoas",439218,28288.6806938468,12,56,7,49,19,37,1,0,0,0,0,57,7,49,19,37,52,10.2502170281374,12.9927511519442,0.487827512442906,2020-03-23,2020,3
"4359","MG",3,"Sudeste",31027,"Sete Lagoas",439218,28288.6806938468,13,56,12,44,24,32,0,0,0,0,0,56,12,44,24,32,40,10.2502170281374,12.9927511519442,0.44287880841283,2020-03-30,2020,3
"4360","MG",3,"Sudeste",31027,"Sete Lagoas",439218,28288.6806938468,14,86,10,76,27,59,0,0,0,0,0,86,10,76,27,59,34,10.2502170281374,12.9927511519442,0.438119602978239,2020-04-06,2020,4
"4361","MG",3,"Sudeste",31027,"Sete Lagoas",439218,28288.6806938468,15,74,7,67,37,37,0,0,0,0,0,74,7,67,37,37,46,10.2502170281374,12.9927511519442,0.409902739821751,2020-04-13,2020,4
"4362","MG",3,"Sudeste",31027,"Sete Lagoas",439218,28288.6806938468,16,86,11,75,30,56,1,0,0,0,0,87,11,75,30,56,54,10.2502170281374,12.9927511519442,0.41313071251146,2020-04-20,2020,4
"4363","MG",3,"Sudeste",31027,"Sete Lagoas",439218,28288.6806938468,17,99,20,79,35,64,0,0,0,0,0,99,20,79,35,64,56,10.2502170281374,12.9927511519442,0.40054921012812,2020-04-27,2020,4
"4364","MG",3,"Sudeste",31027,"Sete Lagoas",439218,28288.6806938468,18,98,17,81,34,64,0,0,0,0,0,98,17,81,34,64,43,10.2502170281374,12.9927511519442,0.368848217147882,2020-05-04,2020,5
"4365","MG",3,"Sudeste",31027,"Sete Lagoas",439218,28288.6806938468,19,88,12,76,34,54,0,0,0,0,0,88,12,76,34,54,45,10.2502170281374,12.9927511519442,0.381818692556547,2020-05-11,2020,5
"4366","MG",3,"Sudeste",31027,"Sete Lagoas",439218,28288.6806938468,20,101,14,87,36,65,0,0,0,0,0,101,14,87,36,65,58,10.2502170281374,12.9927511519442,0.372559347587504,2020-05-18,2020,5
"4367","MG",3,"Sudeste",31027,"Sete Lagoas",439218,28288.6806938468,21,98,15,83,30,68,0,0,0,0,0,98,15,83,30,68,58,10.2502170281374,12.9927511519442,0.372422053371357,2020-05-25,2020,5
"4368","MG",3,"Sudeste",31027,"Sete Lagoas",439218,28288.6806938468,22,99,11,88,29,70,0,0,0,0,0,99,11,88,29,70,43,10.2502170281374,12.9927511519442,0.363331318091487,2020-06-01,2020,6
"4369","MG",3,"Sudeste",31027,"Sete Lagoas",439218,28288.6806938468,23,99,14,85,28,71,3,0,0,0,0,102,14,85,28,71,47,10.2502170281374,12.9927511519442,0.36479508662804,2020-06-08,2020,6
"4370","MG",3,"Sudeste",31027,"Sete Lagoas",439218,28288.6806938468,24,98,21,77,30,68,2,0,0,0,0,100,21,77,30,68,41,10.2502170281374,12.9927511519442,0.353634950675097,2020-06-15,2020,6
"4371","MG",3,"Sudeste",31027,"Sete Lagoas",439218,28288.6806938468,25,93,15,78,28,65,1,0,0,0,0,94,15,78,28,65,44,10.2502170281374,12.9927511519442,0.361522140713195,2020-06-22,2020,6
"4372","MG",3,"Sudeste",31027,"Sete Lagoas",439218,28288.6806938468,26,94,14,80,20,74,0,0,0,0,0,94,14,80,20,74,83,10.2502170281374,12.9927511519442,0.368952669403437,2020-06-29,2020,6
"4373","MG",3,"Sudeste",31027,"Sete Lagoas",439218,28288.6806938468,27,106,26,80,30,76,2,0,0,0,0,108,26,80,30,76,61,10.2502170281374,12.9927511519442,0.365151513088487,2020-07-06,2020,7
"4374","MG",3,"Sudeste",31027,"Sete Lagoas",439218,28288.6806938468,28,106,16,90,32,74,1,0,0,0,0,107,16,90,32,74,52,10.2502170281374,12.9927511519442,0.362612430521813,2020-07-13,2020,7
"4375","MG",3,"Sudeste",31027,"Sete Lagoas",439218,28288.6806938468,29,101,14,87,41,60,0,0,0,0,0,101,14,87,41,60,64,10.2502170281374,12.9927511519442,0.368751943556896,2020-07-20,2020,7
"4376","MG",3,"Sudeste",31028,"Conceição do Mato Dentro",82469,16820.5259873407,5,22,7,15,4,18,0,0,0,0,0,22,7,15,4,18,10,9.73035520458025,11.3201777441324,0.301344338605656,2020-02-03,2020,2
"4377","MG",3,"Sudeste",31028,"Conceição do Mato Dentro",82469,16820.5259873407,6,17,5,12,9,8,0,0,0,0,0,17,5,12,9,8,9,9.73035520458025,11.3201777441324,0.300329655797742,2020-02-10,2020,2
"4378","MG",3,"Sudeste",31028,"Conceição do Mato Dentro",82469,16820.5259873407,7,17,5,12,9,8,0,0,0,0,0,17,5,12,9,8,10,9.73035520458025,11.3201777441324,0.304805815761689,2020-02-17,2020,2
"4379","MG",3,"Sudeste",31028,"Conceição do Mato Dentro",82469,16820.5259873407,8,19,10,9,9,10,1,0,0,0,0,20,10,9,9,10,12,9.73035520458025,11.3201777441324,0.346570020308182,2020-02-24,2020,2
"4380","MG",3,"Sudeste",31028,"Conceição do Mato Dentro",82469,16820.5259873407,9,13,7,6,5,8,0,0,0,0,0,13,7,6,5,8,14,9.73035520458025,11.3201777441324,0.340611725718771,2020-03-02,2020,3
"4381","MG",3,"Sudeste",31028,"Conceição do Mato Dentro",82469,16820.5259873407,10,23,6,17,10,13,0,0,0,0,0,23,6,17,10,13,15,9.73035520458025,11.3201777441324,0.322029507545248,2020-03-09,2020,3
"4382","MG",3,"Sudeste",31028,"Conceição do Mato Dentro",82469,16820.5259873407,11,12,4,8,4,8,0,0,0,0,0,12,4,8,4,8,15,9.73035520458025,11.3201777441324,0.398107761289059,2020-03-16,2020,3
"4383","MG",3,"Sudeste",31028,"Conceição do Mato Dentro",82469,16820.5259873407,12,13,1,12,5,8,0,0,0,0,0,13,1,12,5,8,12,9.73035520458025,11.3201777441324,0.506304941044248,2020-03-23,2020,3
"4384","MG",3,"Sudeste",31028,"Conceição do Mato Dentro",82469,16820.5259873407,13,15,4,11,7,8,0,0,0,0,0,15,4,11,7,8,16,9.73035520458025,11.3201777441324,0.477137993688042,2020-03-30,2020,3
"4385","MG",3,"Sudeste",31028,"Conceição do Mato Dentro",82469,16820.5259873407,14,14,4,10,5,9,0,0,0,0,0,14,4,10,5,9,9,9.73035520458025,11.3201777441324,0.464401114674305,2020-04-06,2020,4
"4386","MG",3,"Sudeste",31028,"Conceição do Mato Dentro",82469,16820.5259873407,15,17,4,13,6,11,0,0,0,0,0,17,4,13,6,11,15,9.73035520458025,11.3201777441324,0.421472854326802,2020-04-13,2020,4
"4387","MG",3,"Sudeste",31028,"Conceição do Mato Dentro",82469,16820.5259873407,16,8,0,8,3,5,0,0,0,0,0,8,0,8,3,5,6,9.73035520458025,11.3201777441324,0.426596270727833,2020-04-20,2020,4
"4388","MG",3,"Sudeste",31028,"Conceição do Mato Dentro",82469,16820.5259873407,17,19,2,17,7,12,0,0,0,0,0,19,2,17,7,12,6,9.73035520458025,11.3201777441324,0.412557337077646,2020-04-27,2020,4
"4389","MG",3,"Sudeste",31028,"Conceição do Mato Dentro",82469,16820.5259873407,18,15,2,13,5,10,0,0,0,0,0,15,2,13,5,10,11,9.73035520458025,11.3201777441324,0.396652988588328,2020-05-04,2020,5
"4390","MG",3,"Sudeste",31028,"Conceição do Mato Dentro",82469,16820.5259873407,19,19,9,10,3,16,0,0,0,0,0,19,9,10,3,16,9,9.73035520458025,11.3201777441324,0.418903287882658,2020-05-11,2020,5
"4391","MG",3,"Sudeste",31028,"Conceição do Mato Dentro",82469,16820.5259873407,20,20,7,13,10,10,0,0,0,0,0,20,7,13,10,10,8,9.73035520458025,11.3201777441324,0.413192515718147,2020-05-18,2020,5
"4392","MG",3,"Sudeste",31028,"Conceição do Mato Dentro",82469,16820.5259873407,21,22,5,17,8,14,0,0,0,0,0,22,5,17,8,14,14,9.73035520458025,11.3201777441324,0.424232590891504,2020-05-25,2020,5
"4393","MG",3,"Sudeste",31028,"Conceição do Mato Dentro",82469,16820.5259873407,22,25,6,19,10,15,0,0,0,0,0,25,6,19,10,15,15,9.73035520458025,11.3201777441324,0.390264367254986,2020-06-01,2020,6
"4394","MG",3,"Sudeste",31028,"Conceição do Mato Dentro",82469,16820.5259873407,23,9,2,7,4,5,0,0,0,0,0,9,2,7,4,5,12,9.73035520458025,11.3201777441324,0.410786243358629,2020-06-08,2020,6
"4395","MG",3,"Sudeste",31028,"Conceição do Mato Dentro",82469,16820.5259873407,24,18,3,15,5,13,0,0,0,0,0,18,3,15,5,13,11,9.73035520458025,11.3201777441324,0.389453452176844,2020-06-15,2020,6
"4396","MG",3,"Sudeste",31028,"Conceição do Mato Dentro",82469,16820.5259873407,25,29,9,20,12,17,0,0,0,0,0,29,9,20,12,17,7,9.73035520458025,11.3201777441324,0.413990759364356,2020-06-22,2020,6
"4397","MG",3,"Sudeste",31028,"Conceição do Mato Dentro",82469,16820.5259873407,26,17,3,14,6,11,0,0,0,0,0,17,3,14,6,11,7,9.73035520458025,11.3201777441324,0.421591909774792,2020-06-29,2020,6
"4398","MG",3,"Sudeste",31028,"Conceição do Mato Dentro",82469,16820.5259873407,27,11,2,9,5,6,0,0,0,0,0,11,2,9,5,6,9,9.73035520458025,11.3201777441324,0.416408639042115,2020-07-06,2020,7
"4399","MG",3,"Sudeste",31028,"Conceição do Mato Dentro",82469,16820.5259873407,28,22,5,17,7,15,0,0,0,0,0,22,5,17,7,15,13,9.73035520458025,11.3201777441324,0.411812825678553,2020-07-13,2020,7
"4400","MG",3,"Sudeste",31028,"Conceição do Mato Dentro",82469,16820.5259873407,29,20,4,16,3,17,0,0,0,0,0,20,4,16,3,17,11,9.73035520458025,11.3201777441324,0.42512156703154,2020-07-20,2020,7
"4401","MG",3,"Sudeste",31029,"Pará de Minas",138787,26897.8420863626,5,23,3,20,7,16,0,0,0,0,0,23,3,20,7,16,14,10.1998013425343,11.8406956627261,0.284857750727413,2020-02-03,2020,2
"4402","MG",3,"Sudeste",31029,"Pará de Minas",138787,26897.8420863626,6,29,4,25,9,20,0,0,0,0,0,29,4,25,9,20,11,10.1998013425343,11.8406956627261,0.273394423162584,2020-02-10,2020,2
"4403","MG",3,"Sudeste",31029,"Pará de Minas",138787,26897.8420863626,7,23,6,17,11,12,0,0,0,0,0,23,6,17,11,12,17,10.1998013425343,11.8406956627261,0.277203757310051,2020-02-17,2020,2
"4404","MG",3,"Sudeste",31029,"Pará de Minas",138787,26897.8420863626,8,19,3,16,5,14,0,0,0,0,0,19,3,16,5,14,16,10.1998013425343,11.8406956627261,0.327918933295144,2020-02-24,2020,2
"4405","MG",3,"Sudeste",31029,"Pará de Minas",138787,26897.8420863626,9,28,1,27,10,18,1,0,0,0,0,29,1,27,10,18,19,10.1998013425343,11.8406956627261,0.303649784194851,2020-03-02,2020,3
"4406","MG",3,"Sudeste",31029,"Pará de Minas",138787,26897.8420863626,10,29,6,23,8,21,0,0,0,0,0,29,6,23,8,21,20,10.1998013425343,11.8406956627261,0.312683106303835,2020-03-09,2020,3
"4407","MG",3,"Sudeste",31029,"Pará de Minas",138787,26897.8420863626,11,16,4,12,5,11,0,0,0,0,0,16,4,12,5,11,20,10.1998013425343,11.8406956627261,0.370370722436392,2020-03-16,2020,3
"4408","MG",3,"Sudeste",31029,"Pará de Minas",138787,26897.8420863626,12,29,2,27,9,20,0,0,0,0,0,29,2,27,9,20,19,10.1998013425343,11.8406956627261,0.472307924309034,2020-03-23,2020,3
"4409","MG",3,"Sudeste",31029,"Pará de Minas",138787,26897.8420863626,13,21,2,19,8,13,0,0,0,0,0,21,2,19,8,13,18,10.1998013425343,11.8406956627261,0.430985008350634,2020-03-30,2020,3
"4410","MG",3,"Sudeste",31029,"Pará de Minas",138787,26897.8420863626,14,27,5,22,14,13,1,0,0,0,0,28,5,22,14,13,10,10.1998013425343,11.8406956627261,0.432728924983181,2020-04-06,2020,4
"4411","MG",3,"Sudeste",31029,"Pará de Minas",138787,26897.8420863626,15,25,6,19,9,16,0,0,0,0,0,25,6,19,9,16,16,10.1998013425343,11.8406956627261,0.403701681804875,2020-04-13,2020,4
"4412","MG",3,"Sudeste",31029,"Pará de Minas",138787,26897.8420863626,16,27,4,23,10,17,0,0,0,0,0,27,4,23,10,17,21,10.1998013425343,11.8406956627261,0.398539548912468,2020-04-20,2020,4
"4413","MG",3,"Sudeste",31029,"Pará de Minas",138787,26897.8420863626,17,29,8,21,10,19,0,0,0,0,0,29,8,21,10,19,13,10.1998013425343,11.8406956627261,0.394967407083206,2020-04-27,2020,4
"4414","MG",3,"Sudeste",31029,"Pará de Minas",138787,26897.8420863626,18,34,6,28,6,28,0,0,0,0,0,34,6,28,6,28,14,10.1998013425343,11.8406956627261,0.364860654389972,2020-05-04,2020,5
"4415","MG",3,"Sudeste",31029,"Pará de Minas",138787,26897.8420863626,19,33,6,27,13,20,1,0,0,0,0,34,6,27,13,20,16,10.1998013425343,11.8406956627261,0.367310187064187,2020-05-11,2020,5
"4416","MG",3,"Sudeste",31029,"Pará de Minas",138787,26897.8420863626,20,36,8,28,16,20,1,0,0,0,0,37,8,28,16,20,17,10.1998013425343,11.8406956627261,0.3666003421408,2020-05-18,2020,5
"4417","MG",3,"Sudeste",31029,"Pará de Minas",138787,26897.8420863626,21,31,7,24,14,17,1,0,0,0,0,32,7,24,14,17,11,10.1998013425343,11.8406956627261,0.361923146575672,2020-05-25,2020,5
"4418","MG",3,"Sudeste",31029,"Pará de Minas",138787,26897.8420863626,22,39,9,30,10,29,1,0,0,0,0,40,9,30,10,29,17,10.1998013425343,11.8406956627261,0.355361568673177,2020-06-01,2020,6
"4419","MG",3,"Sudeste",31029,"Pará de Minas",138787,26897.8420863626,23,32,4,28,7,25,0,0,0,0,0,32,4,28,7,25,14,10.1998013425343,11.8406956627261,0.368238250309253,2020-06-08,2020,6
"4420","MG",3,"Sudeste",31029,"Pará de Minas",138787,26897.8420863626,24,33,8,25,10,23,1,0,0,0,0,34,8,25,10,23,11,10.1998013425343,11.8406956627261,0.35015142904258,2020-06-15,2020,6
"4421","MG",3,"Sudeste",31029,"Pará de Minas",138787,26897.8420863626,25,25,5,20,10,15,1,0,0,0,0,26,5,20,10,15,9,10.1998013425343,11.8406956627261,0.354029064449346,2020-06-22,2020,6
"4422","MG",3,"Sudeste",31029,"Pará de Minas",138787,26897.8420863626,26,32,6,26,12,20,0,0,0,0,0,32,6,26,12,20,10,10.1998013425343,11.8406956627261,0.354742695775784,2020-06-29,2020,6
"4423","MG",3,"Sudeste",31029,"Pará de Minas",138787,26897.8420863626,27,41,7,34,12,29,0,0,0,0,0,41,7,34,12,29,19,10.1998013425343,11.8406956627261,0.353608253134007,2020-07-06,2020,7
"4424","MG",3,"Sudeste",31029,"Pará de Minas",138787,26897.8420863626,28,40,12,28,12,28,1,0,0,0,0,41,12,28,12,28,13,10.1998013425343,11.8406956627261,0.348605681608896,2020-07-13,2020,7
"4425","MG",3,"Sudeste",31029,"Pará de Minas",138787,26897.8420863626,29,28,4,24,8,20,1,0,0,0,0,29,4,24,8,20,8,10.1998013425343,11.8406956627261,0.350749121470554,2020-07-20,2020,7
"4426","MG",3,"Sudeste",31030,"Belo Horizonte",5268308,35549.2591819954,5,1051,147,904,293,758,14,0,0,0,0,1065,147,904,293,758,544,10.4786745962518,15.4772198063473,0.277700616535216,2020-02-03,2020,2
"4427","MG",3,"Sudeste",31030,"Belo Horizonte",5268308,35549.2591819954,6,1098,148,950,327,771,14,0,0,0,0,1112,148,950,327,771,618,10.4786745962518,15.4772198063473,0.270276668137376,2020-02-10,2020,2
"4428","MG",3,"Sudeste",31030,"Belo Horizonte",5268308,35549.2591819954,7,1133,164,969,334,799,11,0,0,0,0,1144,164,969,334,799,590,10.4786745962518,15.4772198063473,0.285388040370428,2020-02-17,2020,2
"4429","MG",3,"Sudeste",31030,"Belo Horizonte",5268308,35549.2591819954,8,1097,160,937,339,758,20,0,0,0,0,1117,160,937,339,758,586,10.4786745962518,15.4772198063473,0.348065933794253,2020-02-24,2020,2
"4430","MG",3,"Sudeste",31030,"Belo Horizonte",5268308,35549.2591819954,9,1126,162,964,357,769,14,0,0,0,0,1140,162,964,357,769,606,10.4786745962518,15.4772198063473,0.311808877505996,2020-03-02,2020,3
"4431","MG",3,"Sudeste",31030,"Belo Horizonte",5268308,35549.2591819954,10,1079,160,919,333,746,9,0,0,0,0,1088,160,919,333,746,634,10.4786745962518,15.4772198063473,0.311833133617278,2020-03-09,2020,3
"4432","MG",3,"Sudeste",31030,"Belo Horizonte",5268308,35549.2591819954,11,1090,161,929,348,742,13,0,0,0,0,1103,161,929,348,742,628,10.4786745962518,15.4772198063473,0.406044774818167,2020-03-16,2020,3
"4433","MG",3,"Sudeste",31030,"Belo Horizonte",5268308,35549.2591819954,12,984,140,844,335,649,17,0,0,0,0,1001,140,844,335,649,628,10.4786745962518,15.4772198063473,0.520119882260502,2020-03-23,2020,3
"4434","MG",3,"Sudeste",31030,"Belo Horizonte",5268308,35549.2591819954,13,1003,144,859,298,705,10,0,0,0,0,1013,144,859,298,705,625,10.4786745962518,15.4772198063473,0.483132108377291,2020-03-30,2020,3
"4435","MG",3,"Sudeste",31030,"Belo Horizonte",5268308,35549.2591819954,14,1050,150,900,321,729,12,0,0,0,0,1062,150,900,321,729,551,10.4786745962518,15.4772198063473,0.472036730159616,2020-04-06,2020,4
"4436","MG",3,"Sudeste",31030,"Belo Horizonte",5268308,35549.2591819954,15,1124,160,964,343,781,18,0,0,0,0,1142,160,964,343,781,531,10.4786745962518,15.4772198063473,0.452560318120687,2020-04-13,2020,4
"4437","MG",3,"Sudeste",31030,"Belo Horizonte",5268308,35549.2591819954,16,1117,172,945,358,759,22,0,0,0,0,1139,172,945,358,759,536,10.4786745962518,15.4772198063473,0.454039158520606,2020-04-20,2020,4
"4438","MG",3,"Sudeste",31030,"Belo Horizonte",5268308,35549.2591819954,17,1116,164,952,363,753,8,0,0,0,0,1124,164,952,363,753,536,10.4786745962518,15.4772198063473,0.438369337987402,2020-04-27,2020,4
"4439","MG",3,"Sudeste",31030,"Belo Horizonte",5268308,35549.2591819954,18,1107,170,937,360,747,16,0,0,0,0,1123,170,937,360,747,529,10.4786745962518,15.4772198063473,0.409641768588358,2020-05-04,2020,5
"4440","MG",3,"Sudeste",31030,"Belo Horizonte",5268308,35549.2591819954,19,1096,174,922,318,778,14,0,0,0,0,1110,174,922,318,778,565,10.4786745962518,15.4772198063473,0.417649825734265,2020-05-11,2020,5
"4441","MG",3,"Sudeste",31030,"Belo Horizonte",5268308,35549.2591819954,20,1251,173,1078,384,867,11,0,0,0,0,1262,173,1078,384,867,574,10.4786745962518,15.4772198063473,0.409573895927147,2020-05-18,2020,5
"4442","MG",3,"Sudeste",31030,"Belo Horizonte",5268308,35549.2591819954,21,1251,181,1070,368,883,13,0,0,0,0,1264,181,1070,368,883,605,10.4786745962518,15.4772198063473,0.396354309000181,2020-05-25,2020,5
"4443","MG",3,"Sudeste",31030,"Belo Horizonte",5268308,35549.2591819954,22,1291,194,1097,381,910,18,0,0,0,0,1309,194,1097,381,910,618,10.4786745962518,15.4772198063473,0.385499797476576,2020-06-01,2020,6
"4444","MG",3,"Sudeste",31030,"Belo Horizonte",5268308,35549.2591819954,23,1215,184,1031,358,857,9,0,0,0,0,1224,184,1031,358,857,661,10.4786745962518,15.4772198063473,0.386886759852322,2020-06-08,2020,6
"4445","MG",3,"Sudeste",31030,"Belo Horizonte",5268308,35549.2591819954,24,1218,175,1043,355,863,11,0,0,0,0,1229,175,1043,355,863,652,10.4786745962518,15.4772198063473,0.377344289205188,2020-06-15,2020,6
"4446","MG",3,"Sudeste",31030,"Belo Horizonte",5268308,35549.2591819954,25,1138,151,987,317,821,11,0,0,0,0,1149,151,987,317,821,735,10.4786745962518,15.4772198063473,0.386384223896576,2020-06-22,2020,6
"4447","MG",3,"Sudeste",31030,"Belo Horizonte",5268308,35549.2591819954,26,1151,149,1002,332,819,10,0,0,0,0,1161,149,1002,332,819,838,10.4786745962518,15.4772198063473,0.401125867767264,2020-06-29,2020,6
"4448","MG",3,"Sudeste",31030,"Belo Horizonte",5268308,35549.2591819954,27,1196,194,1002,364,832,13,0,0,0,0,1209,194,1002,364,832,848,10.4786745962518,15.4772198063473,0.394523887801264,2020-07-06,2020,7
"4449","MG",3,"Sudeste",31030,"Belo Horizonte",5268308,35549.2591819954,28,1215,155,1060,352,863,10,0,0,0,0,1225,155,1060,352,863,837,10.4786745962518,15.4772198063473,0.393979618025176,2020-07-13,2020,7
"4450","MG",3,"Sudeste",31030,"Belo Horizonte",5268308,35549.2591819954,29,1219,167,1052,351,868,17,0,0,0,0,1236,167,1052,351,868,847,10.4786745962518,15.4772198063473,0.395387751485558,2020-07-20,2020,7
"4451","MG",3,"Sudeste",31031,"Itabira",406384,43806.278840604,5,82,17,65,31,51,0,0,0,0,0,82,17,65,31,51,45,10.6875324386158,12.9150538043926,0.293414493094205,2020-02-03,2020,2
"4452","MG",3,"Sudeste",31031,"Itabira",406384,43806.278840604,6,61,6,55,20,41,0,0,0,0,0,61,6,55,20,41,45,10.6875324386158,12.9150538043926,0.286315533774308,2020-02-10,2020,2
"4453","MG",3,"Sudeste",31031,"Itabira",406384,43806.278840604,7,67,14,53,21,46,0,0,0,0,0,67,14,53,21,46,43,10.6875324386158,12.9150538043926,0.303966580074896,2020-02-17,2020,2
"4454","MG",3,"Sudeste",31031,"Itabira",406384,43806.278840604,8,83,14,69,20,63,1,0,0,0,0,84,14,69,20,63,50,10.6875324386158,12.9150538043926,0.354452279074843,2020-02-24,2020,2
"4455","MG",3,"Sudeste",31031,"Itabira",406384,43806.278840604,9,86,15,71,32,54,0,0,0,0,0,86,15,71,32,54,55,10.6875324386158,12.9150538043926,0.338543695712706,2020-03-02,2020,3
"4456","MG",3,"Sudeste",31031,"Itabira",406384,43806.278840604,10,74,12,62,24,50,0,0,0,0,0,74,12,62,24,50,61,10.6875324386158,12.9150538043926,0.325656021280447,2020-03-09,2020,3
"4457","MG",3,"Sudeste",31031,"Itabira",406384,43806.278840604,11,74,9,65,17,57,0,0,0,0,0,74,9,65,17,57,56,10.6875324386158,12.9150538043926,0.415815353906082,2020-03-16,2020,3
"4458","MG",3,"Sudeste",31031,"Itabira",406384,43806.278840604,12,69,13,56,17,52,0,0,0,0,0,69,13,56,17,52,52,10.6875324386158,12.9150538043926,0.52536663802916,2020-03-23,2020,3
"4459","MG",3,"Sudeste",31031,"Itabira",406384,43806.278840604,13,65,10,55,22,43,1,0,0,0,0,66,10,55,22,43,55,10.6875324386158,12.9150538043926,0.484761894094984,2020-03-30,2020,3
"4460","MG",3,"Sudeste",31031,"Itabira",406384,43806.278840604,14,74,8,66,23,51,1,0,0,0,0,75,8,66,23,51,41,10.6875324386158,12.9150538043926,0.471095597427391,2020-04-06,2020,4
"4461","MG",3,"Sudeste",31031,"Itabira",406384,43806.278840604,15,61,12,49,24,37,1,0,0,0,0,62,12,49,24,37,39,10.6875324386158,12.9150538043926,0.443188093545846,2020-04-13,2020,4
"4462","MG",3,"Sudeste",31031,"Itabira",406384,43806.278840604,16,67,11,56,18,49,0,0,0,0,0,67,11,56,18,49,38,10.6875324386158,12.9150538043926,0.451361639251679,2020-04-20,2020,4
"4463","MG",3,"Sudeste",31031,"Itabira",406384,43806.278840604,17,78,11,67,19,59,0,0,0,0,0,78,11,67,19,59,51,10.6875324386158,12.9150538043926,0.429465607879413,2020-04-27,2020,4
"4464","MG",3,"Sudeste",31031,"Itabira",406384,43806.278840604,18,83,14,69,33,50,1,0,0,0,0,84,14,69,33,50,61,10.6875324386158,12.9150538043926,0.403206180014317,2020-05-04,2020,5
"4465","MG",3,"Sudeste",31031,"Itabira",406384,43806.278840604,19,85,9,76,30,55,0,0,0,0,0,85,9,76,30,55,44,10.6875324386158,12.9150538043926,0.417479686248728,2020-05-11,2020,5
"4466","MG",3,"Sudeste",31031,"Itabira",406384,43806.278840604,20,87,14,73,32,55,1,0,0,0,0,88,14,73,32,55,52,10.6875324386158,12.9150538043926,0.415945334980976,2020-05-18,2020,5
"4467","MG",3,"Sudeste",31031,"Itabira",406384,43806.278840604,21,85,10,75,25,60,0,0,0,0,0,85,10,75,25,60,51,10.6875324386158,12.9150538043926,0.404509006325568,2020-05-25,2020,5
"4468","MG",3,"Sudeste",31031,"Itabira",406384,43806.278840604,22,117,10,107,31,86,0,0,0,0,0,117,10,107,31,86,50,10.6875324386158,12.9150538043926,0.397715069077,2020-06-01,2020,6
"4469","MG",3,"Sudeste",31031,"Itabira",406384,43806.278840604,23,86,15,71,29,57,1,0,0,0,0,87,15,71,29,57,53,10.6875324386158,12.9150538043926,0.396436592134014,2020-06-08,2020,6
"4470","MG",3,"Sudeste",31031,"Itabira",406384,43806.278840604,24,79,7,72,19,60,1,0,0,0,0,80,7,72,19,60,47,10.6875324386158,12.9150538043926,0.38360210070114,2020-06-15,2020,6
"4471","MG",3,"Sudeste",31031,"Itabira",406384,43806.278840604,25,86,17,69,19,67,0,0,0,0,0,86,17,69,19,67,56,10.6875324386158,12.9150538043926,0.385425628555255,2020-06-22,2020,6
"4472","MG",3,"Sudeste",31031,"Itabira",406384,43806.278840604,26,69,10,59,24,45,0,0,0,0,0,69,10,59,24,45,54,10.6875324386158,12.9150538043926,0.387929332505852,2020-06-29,2020,6
"4473","MG",3,"Sudeste",31031,"Itabira",406384,43806.278840604,27,77,10,67,20,57,3,0,0,0,0,80,10,67,20,57,50,10.6875324386158,12.9150538043926,0.383579215808351,2020-07-06,2020,7
"4474","MG",3,"Sudeste",31031,"Itabira",406384,43806.278840604,28,93,18,75,31,62,1,0,0,0,0,94,18,75,31,62,47,10.6875324386158,12.9150538043926,0.387030291675985,2020-07-13,2020,7
"4475","MG",3,"Sudeste",31031,"Itabira",406384,43806.278840604,29,85,15,70,28,57,0,0,0,0,0,85,15,70,28,57,49,10.6875324386158,12.9150538043926,0.395147927051194,2020-07-20,2020,7
"4476","MG",3,"Sudeste",31032,"Itaguara",64994,51768.6299898452,5,9,3,6,1,8,0,0,0,0,0,9,3,6,1,8,7,10.854539646147,11.0820502369248,0.30250693561496,2020-02-03,2020,2
"4477","MG",3,"Sudeste",31032,"Itaguara",64994,51768.6299898452,6,10,1,9,3,7,0,0,0,0,0,10,1,9,3,7,8,10.854539646147,11.0820502369248,0.274631368832142,2020-02-10,2020,2
"4478","MG",3,"Sudeste",31032,"Itaguara",64994,51768.6299898452,7,10,3,7,2,8,1,0,0,0,0,11,3,7,2,8,8,10.854539646147,11.0820502369248,0.29125482338236,2020-02-17,2020,2
"4479","MG",3,"Sudeste",31032,"Itaguara",64994,51768.6299898452,8,19,4,15,6,13,0,0,0,0,0,19,4,15,6,13,11,10.854539646147,11.0820502369248,0.343404198860059,2020-02-24,2020,2
"4480","MG",3,"Sudeste",31032,"Itaguara",64994,51768.6299898452,9,21,3,18,7,14,0,0,0,0,0,21,3,18,7,14,6,10.854539646147,11.0820502369248,0.334243499117639,2020-03-02,2020,3
"4481","MG",3,"Sudeste",31032,"Itaguara",64994,51768.6299898452,10,11,3,8,4,7,0,0,0,0,0,11,3,8,4,7,5,10.854539646147,11.0820502369248,0.330779700294527,2020-03-09,2020,3
"4482","MG",3,"Sudeste",31032,"Itaguara",64994,51768.6299898452,11,12,3,9,6,6,0,0,0,0,0,12,3,9,6,6,5,10.854539646147,11.0820502369248,0.398863459775464,2020-03-16,2020,3
"4483","MG",3,"Sudeste",31032,"Itaguara",64994,51768.6299898452,12,13,3,10,8,5,0,0,0,0,0,13,3,10,8,5,9,10.854539646147,11.0820502369248,0.460096048627698,2020-03-23,2020,3
"4484","MG",3,"Sudeste",31032,"Itaguara",64994,51768.6299898452,13,9,1,8,5,4,0,0,0,0,0,9,1,8,5,4,8,10.854539646147,11.0820502369248,0.436516489368099,2020-03-30,2020,3
"4485","MG",3,"Sudeste",31032,"Itaguara",64994,51768.6299898452,14,5,1,4,2,3,0,0,0,0,0,5,1,4,2,3,10,10.854539646147,11.0820502369248,0.446286584070926,2020-04-06,2020,4
"4486","MG",3,"Sudeste",31032,"Itaguara",64994,51768.6299898452,15,9,2,7,1,8,0,0,0,0,0,9,2,7,1,8,9,10.854539646147,11.0820502369248,0.408772096482525,2020-04-13,2020,4
"4487","MG",3,"Sudeste",31032,"Itaguara",64994,51768.6299898452,16,14,2,12,3,11,0,0,0,0,0,14,2,12,3,11,9,10.854539646147,11.0820502369248,0.406352462816441,2020-04-20,2020,4
"4488","MG",3,"Sudeste",31032,"Itaguara",64994,51768.6299898452,17,15,1,14,5,10,0,0,0,0,0,15,1,14,5,10,7,10.854539646147,11.0820502369248,0.394540544781405,2020-04-27,2020,4
"4489","MG",3,"Sudeste",31032,"Itaguara",64994,51768.6299898452,18,15,3,12,5,10,0,0,0,0,0,15,3,12,5,10,11,10.854539646147,11.0820502369248,0.387650437006427,2020-05-04,2020,5
"4490","MG",3,"Sudeste",31032,"Itaguara",64994,51768.6299898452,19,16,7,9,8,8,1,0,0,0,0,17,7,9,8,8,10,10.854539646147,11.0820502369248,0.393123234027362,2020-05-11,2020,5
"4491","MG",3,"Sudeste",31032,"Itaguara",64994,51768.6299898452,20,11,4,7,4,7,0,0,0,0,0,11,4,7,4,7,6,10.854539646147,11.0820502369248,0.386454296247908,2020-05-18,2020,5
"4492","MG",3,"Sudeste",31032,"Itaguara",64994,51768.6299898452,21,14,2,12,5,9,0,0,0,0,0,14,2,12,5,9,9,10.854539646147,11.0820502369248,0.392481449393842,2020-05-25,2020,5
"4493","MG",3,"Sudeste",31032,"Itaguara",64994,51768.6299898452,22,21,6,15,9,12,0,0,0,0,0,21,6,15,9,12,9,10.854539646147,11.0820502369248,0.365796766375287,2020-06-01,2020,6
"4494","MG",3,"Sudeste",31032,"Itaguara",64994,51768.6299898452,23,11,1,10,2,9,0,0,0,0,0,11,1,10,2,9,10,10.854539646147,11.0820502369248,0.385521064293744,2020-06-08,2020,6
"4495","MG",3,"Sudeste",31032,"Itaguara",64994,51768.6299898452,24,20,3,17,4,16,0,0,0,0,0,20,3,17,4,16,10,10.854539646147,11.0820502369248,0.360361438470843,2020-06-15,2020,6
"4496","MG",3,"Sudeste",31032,"Itaguara",64994,51768.6299898452,25,17,3,14,7,10,0,0,0,0,0,17,3,14,7,10,6,10.854539646147,11.0820502369248,0.375052917100233,2020-06-22,2020,6
"4497","MG",3,"Sudeste",31032,"Itaguara",64994,51768.6299898452,26,14,4,10,5,9,0,0,0,0,0,14,4,10,5,9,11,10.854539646147,11.0820502369248,0.380896050618717,2020-06-29,2020,6
"4498","MG",3,"Sudeste",31032,"Itaguara",64994,51768.6299898452,27,18,5,13,4,14,1,0,0,0,0,19,5,13,4,14,9,10.854539646147,11.0820502369248,0.377101210131262,2020-07-06,2020,7
"4499","MG",3,"Sudeste",31032,"Itaguara",64994,51768.6299898452,28,12,3,9,1,11,0,0,0,0,0,12,3,9,1,11,14,10.854539646147,11.0820502369248,0.37790932635765,2020-07-13,2020,7
"4500","MG",3,"Sudeste",31032,"Itaguara",64994,51768.6299898452,29,4,1,3,1,3,0,0,0,0,0,4,1,3,1,3,7,10.854539646147,11.0820502369248,0.371109596020862,2020-07-20,2020,7
"4501","MG",3,"Sudeste",31033,"Ouro Preto",192082,77287.5391509876,5,42,11,31,16,26,0,0,0,0,0,42,11,31,16,26,24,11.2552880204297,12.1656776431691,0.291122990223488,2020-02-03,2020,2
"4502","MG",3,"Sudeste",31033,"Ouro Preto",192082,77287.5391509876,6,33,5,28,11,22,0,0,0,0,0,33,5,28,11,22,21,11.2552880204297,12.1656776431691,0.281870087211583,2020-02-10,2020,2
"4503","MG",3,"Sudeste",31033,"Ouro Preto",192082,77287.5391509876,7,40,9,31,13,27,0,0,0,0,0,40,9,31,13,27,19,11.2552880204297,12.1656776431691,0.287859585264001,2020-02-17,2020,2
"4504","MG",3,"Sudeste",31033,"Ouro Preto",192082,77287.5391509876,8,55,6,49,17,38,0,0,0,0,0,55,6,49,17,38,23,11.2552880204297,12.1656776431691,0.359907770975788,2020-02-24,2020,2
"4505","MG",3,"Sudeste",31033,"Ouro Preto",192082,77287.5391509876,9,36,6,30,12,24,0,0,0,0,0,36,6,30,12,24,21,11.2552880204297,12.1656776431691,0.315638046194532,2020-03-02,2020,3
"4506","MG",3,"Sudeste",31033,"Ouro Preto",192082,77287.5391509876,10,32,5,27,11,21,0,0,0,0,0,32,5,27,11,21,19,11.2552880204297,12.1656776431691,0.315875974409136,2020-03-09,2020,3
"4507","MG",3,"Sudeste",31033,"Ouro Preto",192082,77287.5391509876,11,33,13,20,12,21,0,0,0,0,0,33,13,20,12,21,20,11.2552880204297,12.1656776431691,0.418819194787523,2020-03-16,2020,3
"4508","MG",3,"Sudeste",31033,"Ouro Preto",192082,77287.5391509876,12,43,6,37,15,28,0,0,0,0,0,43,6,37,15,28,23,11.2552880204297,12.1656776431691,0.542642291685753,2020-03-23,2020,3
"4509","MG",3,"Sudeste",31033,"Ouro Preto",192082,77287.5391509876,13,24,5,19,10,14,0,0,0,0,0,24,5,19,10,14,26,11.2552880204297,12.1656776431691,0.507741409889601,2020-03-30,2020,3
"4510","MG",3,"Sudeste",31033,"Ouro Preto",192082,77287.5391509876,14,33,7,26,14,19,0,0,0,0,0,33,7,26,14,19,22,11.2552880204297,12.1656776431691,0.488452794801294,2020-04-06,2020,4
"4511","MG",3,"Sudeste",31033,"Ouro Preto",192082,77287.5391509876,15,30,11,19,8,22,0,0,0,0,0,30,11,19,8,22,28,11.2552880204297,12.1656776431691,0.458648255473166,2020-04-13,2020,4
"4512","MG",3,"Sudeste",31033,"Ouro Preto",192082,77287.5391509876,16,34,10,24,14,20,0,0,0,0,0,34,10,24,14,20,20,11.2552880204297,12.1656776431691,0.466697276751275,2020-04-20,2020,4
"4513","MG",3,"Sudeste",31033,"Ouro Preto",192082,77287.5391509876,17,37,5,32,7,30,0,0,0,0,0,37,5,32,7,30,21,11.2552880204297,12.1656776431691,0.448897068889507,2020-04-27,2020,4
"4514","MG",3,"Sudeste",31033,"Ouro Preto",192082,77287.5391509876,18,41,5,36,13,28,1,0,0,0,0,42,5,36,13,28,24,11.2552880204297,12.1656776431691,0.423701185735013,2020-05-04,2020,5
"4515","MG",3,"Sudeste",31033,"Ouro Preto",192082,77287.5391509876,19,48,8,40,13,35,0,0,0,0,0,48,8,40,13,35,19,11.2552880204297,12.1656776431691,0.43269813417868,2020-05-11,2020,5
"4516","MG",3,"Sudeste",31033,"Ouro Preto",192082,77287.5391509876,20,44,7,37,15,29,0,0,0,0,0,44,7,37,15,29,30,11.2552880204297,12.1656776431691,0.425830875975005,2020-05-18,2020,5
"4517","MG",3,"Sudeste",31033,"Ouro Preto",192082,77287.5391509876,21,45,9,36,12,33,0,0,0,0,0,45,9,36,12,33,25,11.2552880204297,12.1656776431691,0.417664458213021,2020-05-25,2020,5
"4518","MG",3,"Sudeste",31033,"Ouro Preto",192082,77287.5391509876,22,51,8,43,14,37,0,0,0,0,0,51,8,43,14,37,23,11.2552880204297,12.1656776431691,0.416374749052588,2020-06-01,2020,6
"4519","MG",3,"Sudeste",31033,"Ouro Preto",192082,77287.5391509876,23,43,7,36,10,33,0,0,0,0,0,43,7,36,10,33,28,11.2552880204297,12.1656776431691,0.406200301505801,2020-06-08,2020,6
"4520","MG",3,"Sudeste",31033,"Ouro Preto",192082,77287.5391509876,24,42,10,32,19,23,0,0,0,0,0,42,10,32,19,23,17,11.2552880204297,12.1656776431691,0.39490118185924,2020-06-15,2020,6
"4521","MG",3,"Sudeste",31033,"Ouro Preto",192082,77287.5391509876,25,45,10,35,13,32,0,0,0,0,0,45,10,35,13,32,19,11.2552880204297,12.1656776431691,0.393475710034589,2020-06-22,2020,6
"4522","MG",3,"Sudeste",31033,"Ouro Preto",192082,77287.5391509876,26,46,9,37,16,30,0,0,0,0,0,46,9,37,16,30,23,11.2552880204297,12.1656776431691,0.402514552141906,2020-06-29,2020,6
"4523","MG",3,"Sudeste",31033,"Ouro Preto",192082,77287.5391509876,27,38,5,33,10,28,1,0,0,0,0,39,5,33,10,28,23,11.2552880204297,12.1656776431691,0.401164064153037,2020-07-06,2020,7
"4524","MG",3,"Sudeste",31033,"Ouro Preto",192082,77287.5391509876,28,43,8,35,13,30,0,0,0,0,0,43,8,35,13,30,26,11.2552880204297,12.1656776431691,0.393633578782785,2020-07-13,2020,7
"4525","MG",3,"Sudeste",31033,"Ouro Preto",192082,77287.5391509876,29,37,4,33,11,26,0,0,0,0,0,37,4,33,11,26,30,11.2552880204297,12.1656776431691,0.399631485011437,2020-07-20,2020,7
"4526","MG",3,"Sudeste",31034,"Conselheiro Lafaiete",273311,31862.5782602969,5,59,12,47,20,39,0,0,0,0,0,59,12,47,20,39,34,10.3691875048696,12.518365619917,0.279578206321562,2020-02-03,2020,2
"4527","MG",3,"Sudeste",31034,"Conselheiro Lafaiete",273311,31862.5782602969,6,62,9,53,21,41,0,0,0,0,0,62,9,53,21,41,33,10.3691875048696,12.518365619917,0.277448652805658,2020-02-10,2020,2
"4528","MG",3,"Sudeste",31034,"Conselheiro Lafaiete",273311,31862.5782602969,7,53,11,42,12,41,1,0,0,0,0,54,11,42,12,41,40,10.3691875048696,12.518365619917,0.287435569948456,2020-02-17,2020,2
"4529","MG",3,"Sudeste",31034,"Conselheiro Lafaiete",273311,31862.5782602969,8,47,7,40,16,31,2,0,0,0,0,49,7,40,16,31,36,10.3691875048696,12.518365619917,0.33583100756243,2020-02-24,2020,2
"4530","MG",3,"Sudeste",31034,"Conselheiro Lafaiete",273311,31862.5782602969,9,58,9,49,14,44,1,0,0,0,0,59,9,49,14,44,42,10.3691875048696,12.518365619917,0.308907488489798,2020-03-02,2020,3
"4531","MG",3,"Sudeste",31034,"Conselheiro Lafaiete",273311,31862.5782602969,10,60,9,51,14,46,1,0,0,0,0,61,9,51,14,46,29,10.3691875048696,12.518365619917,0.309085735816524,2020-03-09,2020,3
"4532","MG",3,"Sudeste",31034,"Conselheiro Lafaiete",273311,31862.5782602969,11,49,10,39,15,34,0,0,0,0,0,49,10,39,15,34,48,10.3691875048696,12.518365619917,0.397075619262665,2020-03-16,2020,3
"4533","MG",3,"Sudeste",31034,"Conselheiro Lafaiete",273311,31862.5782602969,12,60,15,45,17,43,0,0,0,0,0,60,15,45,17,43,30,10.3691875048696,12.518365619917,0.499402104826168,2020-03-23,2020,3
"4534","MG",3,"Sudeste",31034,"Conselheiro Lafaiete",273311,31862.5782602969,13,46,6,40,14,32,1,0,0,0,0,47,6,40,14,32,27,10.3691875048696,12.518365619917,0.456940779925941,2020-03-30,2020,3
"4535","MG",3,"Sudeste",31034,"Conselheiro Lafaiete",273311,31862.5782602969,14,54,8,46,18,36,0,0,0,0,0,54,8,46,18,36,28,10.3691875048696,12.518365619917,0.455414997062977,2020-04-06,2020,4
"4536","MG",3,"Sudeste",31034,"Conselheiro Lafaiete",273311,31862.5782602969,15,39,2,37,10,29,0,0,0,0,0,39,2,37,10,29,30,10.3691875048696,12.518365619917,0.433448785018809,2020-04-13,2020,4
"4537","MG",3,"Sudeste",31034,"Conselheiro Lafaiete",273311,31862.5782602969,16,69,10,59,22,47,1,0,0,0,0,70,10,59,22,47,19,10.3691875048696,12.518365619917,0.442765868222841,2020-04-20,2020,4
"4538","MG",3,"Sudeste",31034,"Conselheiro Lafaiete",273311,31862.5782602969,17,71,10,61,23,48,0,0,0,0,0,71,10,61,23,48,40,10.3691875048696,12.518365619917,0.424701086988312,2020-04-27,2020,4
"4539","MG",3,"Sudeste",31034,"Conselheiro Lafaiete",273311,31862.5782602969,18,63,11,52,20,43,0,0,0,0,0,63,11,52,20,43,24,10.3691875048696,12.518365619917,0.404593705666175,2020-05-04,2020,5
"4540","MG",3,"Sudeste",31034,"Conselheiro Lafaiete",273311,31862.5782602969,19,78,10,68,24,54,1,0,0,0,0,79,10,68,24,54,31,10.3691875048696,12.518365619917,0.415991361052676,2020-05-11,2020,5
"4541","MG",3,"Sudeste",31034,"Conselheiro Lafaiete",273311,31862.5782602969,20,63,13,50,20,43,1,0,0,0,0,64,13,50,20,43,28,10.3691875048696,12.518365619917,0.403506672492724,2020-05-18,2020,5
"4542","MG",3,"Sudeste",31034,"Conselheiro Lafaiete",273311,31862.5782602969,21,79,12,67,29,50,0,0,0,0,0,79,12,67,29,50,39,10.3691875048696,12.518365619917,0.392268031469182,2020-05-25,2020,5
"4543","MG",3,"Sudeste",31034,"Conselheiro Lafaiete",273311,31862.5782602969,22,71,10,61,23,48,0,0,0,0,0,71,10,61,23,48,37,10.3691875048696,12.518365619917,0.383155388492988,2020-06-01,2020,6
"4544","MG",3,"Sudeste",31034,"Conselheiro Lafaiete",273311,31862.5782602969,23,68,14,54,16,52,2,0,0,0,0,70,14,54,16,52,42,10.3691875048696,12.518365619917,0.37853854348699,2020-06-08,2020,6
"4545","MG",3,"Sudeste",31034,"Conselheiro Lafaiete",273311,31862.5782602969,24,70,12,58,21,49,1,0,0,0,0,71,12,58,21,49,34,10.3691875048696,12.518365619917,0.375128118030163,2020-06-15,2020,6
"4546","MG",3,"Sudeste",31034,"Conselheiro Lafaiete",273311,31862.5782602969,25,39,6,33,14,25,1,0,0,0,0,40,6,33,14,25,26,10.3691875048696,12.518365619917,0.371828217043747,2020-06-22,2020,6
"4547","MG",3,"Sudeste",31034,"Conselheiro Lafaiete",273311,31862.5782602969,26,62,10,52,13,49,2,0,0,0,0,64,10,52,13,49,27,10.3691875048696,12.518365619917,0.382361412218949,2020-06-29,2020,6
"4548","MG",3,"Sudeste",31034,"Conselheiro Lafaiete",273311,31862.5782602969,27,64,9,55,21,43,1,0,0,0,0,65,9,55,21,43,28,10.3691875048696,12.518365619917,0.380962186380866,2020-07-06,2020,7
"4549","MG",3,"Sudeste",31034,"Conselheiro Lafaiete",273311,31862.5782602969,28,62,12,50,16,46,1,0,0,0,0,63,12,50,16,46,37,10.3691875048696,12.518365619917,0.379190584769893,2020-07-13,2020,7
"4550","MG",3,"Sudeste",31034,"Conselheiro Lafaiete",273311,31862.5782602969,29,52,5,47,19,33,0,0,0,0,0,52,5,47,19,33,35,10.3691875048696,12.518365619917,0.379612425882103,2020-07-20,2020,7
"4551","MG",3,"Sudeste",31035,"Guanhães",134944,14934.2025669908,5,23,6,17,6,17,0,0,0,0,0,23,6,17,6,17,21,9.61140933565196,11.8126151565463,0.30189838115386,2020-02-03,2020,2
"4552","MG",3,"Sudeste",31035,"Guanhães",134944,14934.2025669908,6,26,9,17,7,19,0,0,0,0,0,26,9,17,7,19,19,9.61140933565196,11.8126151565463,0.295557466554133,2020-02-10,2020,2
"4553","MG",3,"Sudeste",31035,"Guanhães",134944,14934.2025669908,7,30,12,18,11,19,0,0,0,0,0,30,12,18,11,19,28,9.61140933565196,11.8126151565463,0.298093222026419,2020-02-17,2020,2
"4554","MG",3,"Sudeste",31035,"Guanhães",134944,14934.2025669908,8,31,12,19,15,16,0,0,0,0,0,31,12,19,15,16,21,9.61140933565196,11.8126151565463,0.342895939749417,2020-02-24,2020,2
"4555","MG",3,"Sudeste",31035,"Guanhães",134944,14934.2025669908,9,32,12,20,13,19,0,0,0,0,0,32,12,20,13,19,23,9.61140933565196,11.8126151565463,0.337428146892639,2020-03-02,2020,3
"4556","MG",3,"Sudeste",31035,"Guanhães",134944,14934.2025669908,10,27,6,21,9,18,0,0,0,0,0,27,6,21,9,18,23,9.61140933565196,11.8126151565463,0.325126473441691,2020-03-09,2020,3
"4557","MG",3,"Sudeste",31035,"Guanhães",134944,14934.2025669908,11,15,2,13,8,7,0,0,0,0,0,15,2,13,8,7,23,9.61140933565196,11.8126151565463,0.403273971225627,2020-03-16,2020,3
"4558","MG",3,"Sudeste",31035,"Guanhães",134944,14934.2025669908,12,22,6,16,7,15,0,0,0,0,0,22,6,16,7,15,15,9.61140933565196,11.8126151565463,0.522899466810038,2020-03-23,2020,3
"4559","MG",3,"Sudeste",31035,"Guanhães",134944,14934.2025669908,13,21,4,17,2,19,0,0,0,0,0,21,4,17,2,19,12,9.61140933565196,11.8126151565463,0.489589957421358,2020-03-30,2020,3
"4560","MG",3,"Sudeste",31035,"Guanhães",134944,14934.2025669908,14,32,8,24,13,19,0,0,0,0,0,32,8,24,13,19,20,9.61140933565196,11.8126151565463,0.46188223104267,2020-04-06,2020,4
"4561","MG",3,"Sudeste",31035,"Guanhães",134944,14934.2025669908,15,22,7,15,10,12,0,0,0,0,0,22,7,15,10,12,12,9.61140933565196,11.8126151565463,0.436300343200885,2020-04-13,2020,4
"4562","MG",3,"Sudeste",31035,"Guanhães",134944,14934.2025669908,16,27,4,23,12,15,1,0,0,0,0,28,4,23,12,15,23,9.61140933565196,11.8126151565463,0.435199120780893,2020-04-20,2020,4
"4563","MG",3,"Sudeste",31035,"Guanhães",134944,14934.2025669908,17,30,10,20,11,19,1,0,0,0,0,31,10,20,11,19,20,9.61140933565196,11.8126151565463,0.414517008403865,2020-04-27,2020,4
"4564","MG",3,"Sudeste",31035,"Guanhães",134944,14934.2025669908,18,35,8,27,19,16,1,0,0,0,0,36,8,27,19,16,16,9.61140933565196,11.8126151565463,0.389224160915573,2020-05-04,2020,5
"4565","MG",3,"Sudeste",31035,"Guanhães",134944,14934.2025669908,19,33,7,26,10,23,0,0,0,0,0,33,7,26,10,23,15,9.61140933565196,11.8126151565463,0.41450636530487,2020-05-11,2020,5
"4566","MG",3,"Sudeste",31035,"Guanhães",134944,14934.2025669908,20,36,6,30,11,25,0,0,0,0,0,36,6,30,11,25,12,9.61140933565196,11.8126151565463,0.408159374820322,2020-05-18,2020,5
"4567","MG",3,"Sudeste",31035,"Guanhães",134944,14934.2025669908,21,39,14,25,12,27,0,0,0,0,0,39,14,25,12,27,16,9.61140933565196,11.8126151565463,0.40419034865184,2020-05-25,2020,5
"4568","MG",3,"Sudeste",31035,"Guanhães",134944,14934.2025669908,22,39,10,29,15,24,0,0,0,0,0,39,10,29,15,24,19,9.61140933565196,11.8126151565463,0.397589406574292,2020-06-01,2020,6
"4569","MG",3,"Sudeste",31035,"Guanhães",134944,14934.2025669908,23,32,5,27,13,19,1,0,0,0,0,33,5,27,13,19,25,9.61140933565196,11.8126151565463,0.394558783234499,2020-06-08,2020,6
"4570","MG",3,"Sudeste",31035,"Guanhães",134944,14934.2025669908,24,27,13,14,9,18,1,0,0,0,0,28,13,14,9,18,21,9.61140933565196,11.8126151565463,0.389662650632682,2020-06-15,2020,6
"4571","MG",3,"Sudeste",31035,"Guanhães",134944,14934.2025669908,25,19,4,15,7,12,0,0,0,0,0,19,4,15,7,12,17,9.61140933565196,11.8126151565463,0.400200662255147,2020-06-22,2020,6
"4572","MG",3,"Sudeste",31035,"Guanhães",134944,14934.2025669908,26,16,5,11,3,13,0,0,0,0,0,16,5,11,3,13,19,9.61140933565196,11.8126151565463,0.416931718930114,2020-06-29,2020,6
"4573","MG",3,"Sudeste",31035,"Guanhães",134944,14934.2025669908,27,19,4,15,9,10,0,0,0,0,0,19,4,15,9,10,21,9.61140933565196,11.8126151565463,0.417904308932055,2020-07-06,2020,7
"4574","MG",3,"Sudeste",31035,"Guanhães",134944,14934.2025669908,28,39,9,30,9,30,1,0,0,0,0,40,9,30,9,30,20,9.61140933565196,11.8126151565463,0.410712824713787,2020-07-13,2020,7
"4575","MG",3,"Sudeste",31035,"Guanhães",134944,14934.2025669908,29,27,7,20,10,17,0,0,0,0,0,27,7,20,10,17,27,9.61140933565196,11.8126151565463,0.400966192099755,2020-07-20,2020,7
"4576","MG",3,"Sudeste",31036,"Peçanha",80355,9899.13954178334,5,22,10,12,13,9,0,0,0,0,0,22,10,12,13,9,10,9.20020311737398,11.2942095969832,0.304507792205683,2020-02-03,2020,2
"4577","MG",3,"Sudeste",31036,"Peçanha",80355,9899.13954178334,6,20,9,11,9,11,3,0,0,0,0,23,9,11,9,11,7,9.20020311737398,11.2942095969832,0.291377862695256,2020-02-10,2020,2
"4578","MG",3,"Sudeste",31036,"Peçanha",80355,9899.13954178334,7,15,4,11,4,11,0,0,0,0,0,15,4,11,4,11,14,9.20020311737398,11.2942095969832,0.324970181831036,2020-02-17,2020,2
"4579","MG",3,"Sudeste",31036,"Peçanha",80355,9899.13954178334,8,14,5,9,7,7,0,0,0,0,0,14,5,9,7,7,13,9.20020311737398,11.2942095969832,0.370069260195342,2020-02-24,2020,2
"4580","MG",3,"Sudeste",31036,"Peçanha",80355,9899.13954178334,9,9,5,4,5,4,0,0,0,0,0,9,5,4,5,4,11,9.20020311737398,11.2942095969832,0.346204790913014,2020-03-02,2020,3
"4581","MG",3,"Sudeste",31036,"Peçanha",80355,9899.13954178334,10,16,6,10,5,11,2,0,0,0,0,18,6,10,5,11,11,9.20020311737398,11.2942095969832,0.347419600494703,2020-03-09,2020,3
"4582","MG",3,"Sudeste",31036,"Peçanha",80355,9899.13954178334,11,15,5,10,7,8,0,0,0,0,0,15,5,10,7,8,14,9.20020311737398,11.2942095969832,0.409899195049614,2020-03-16,2020,3
"4583","MG",3,"Sudeste",31036,"Peçanha",80355,9899.13954178334,12,16,4,12,5,11,1,0,0,0,0,17,4,12,5,11,6,9.20020311737398,11.2942095969832,0.542482852730558,2020-03-23,2020,3
"4584","MG",3,"Sudeste",31036,"Peçanha",80355,9899.13954178334,13,13,3,10,3,10,0,0,0,0,0,13,3,10,3,10,7,9.20020311737398,11.2942095969832,0.452065352346626,2020-03-30,2020,3
"4585","MG",3,"Sudeste",31036,"Peçanha",80355,9899.13954178334,14,10,3,7,3,7,0,0,0,0,0,10,3,7,3,7,8,9.20020311737398,11.2942095969832,0.486162545003163,2020-04-06,2020,4
"4586","MG",3,"Sudeste",31036,"Peçanha",80355,9899.13954178334,15,12,5,7,7,5,0,0,0,0,0,12,5,7,7,5,13,9.20020311737398,11.2942095969832,0.400390007904321,2020-04-13,2020,4
"4587","MG",3,"Sudeste",31036,"Peçanha",80355,9899.13954178334,16,17,6,11,8,9,1,0,0,0,0,18,6,11,8,9,8,9.20020311737398,11.2942095969832,0.414193079675235,2020-04-20,2020,4
"4588","MG",3,"Sudeste",31036,"Peçanha",80355,9899.13954178334,17,16,5,11,6,10,0,0,0,0,0,16,5,11,6,10,9,9.20020311737398,11.2942095969832,0.397589856589494,2020-04-27,2020,4
"4589","MG",3,"Sudeste",31036,"Peçanha",80355,9899.13954178334,18,15,8,7,8,7,0,0,0,0,0,15,8,7,8,7,6,9.20020311737398,11.2942095969832,0.378295710625956,2020-05-04,2020,5
"4590","MG",3,"Sudeste",31036,"Peçanha",80355,9899.13954178334,19,14,3,11,8,6,0,0,0,0,0,14,3,11,8,6,9,9.20020311737398,11.2942095969832,0.423856564295404,2020-05-11,2020,5
"4591","MG",3,"Sudeste",31036,"Peçanha",80355,9899.13954178334,20,25,7,18,11,14,0,0,0,0,0,25,7,18,11,14,8,9.20020311737398,11.2942095969832,0.378597423534681,2020-05-18,2020,5
"4592","MG",3,"Sudeste",31036,"Peçanha",80355,9899.13954178334,21,16,2,14,2,14,0,0,0,0,0,16,2,14,2,14,7,9.20020311737398,11.2942095969832,0.373229702063519,2020-05-25,2020,5
"4593","MG",3,"Sudeste",31036,"Peçanha",80355,9899.13954178334,22,19,8,11,10,9,0,0,0,0,0,19,8,11,10,9,13,9.20020311737398,11.2942095969832,0.380010586312853,2020-06-01,2020,6
"4594","MG",3,"Sudeste",31036,"Peçanha",80355,9899.13954178334,23,16,7,9,8,8,0,0,0,0,0,16,7,9,8,8,12,9.20020311737398,11.2942095969832,0.372466623120554,2020-06-08,2020,6
"4595","MG",3,"Sudeste",31036,"Peçanha",80355,9899.13954178334,24,21,7,14,9,12,1,0,0,0,0,22,7,14,9,12,10,9.20020311737398,11.2942095969832,0.369745432917036,2020-06-15,2020,6
"4596","MG",3,"Sudeste",31036,"Peçanha",80355,9899.13954178334,25,22,9,13,12,10,0,0,0,0,0,22,9,13,12,10,14,9.20020311737398,11.2942095969832,0.377238859221697,2020-06-22,2020,6
"4597","MG",3,"Sudeste",31036,"Peçanha",80355,9899.13954178334,26,22,7,15,12,10,0,0,0,0,0,22,7,15,12,10,15,9.20020311737398,11.2942095969832,0.410175477819633,2020-06-29,2020,6
"4598","MG",3,"Sudeste",31036,"Peçanha",80355,9899.13954178334,27,19,8,11,8,11,0,0,0,0,0,19,8,11,8,11,7,9.20020311737398,11.2942095969832,0.446019295169481,2020-07-06,2020,7
"4599","MG",3,"Sudeste",31036,"Peçanha",80355,9899.13954178334,28,14,3,11,11,3,0,0,0,0,0,14,3,11,11,3,13,9.20020311737398,11.2942095969832,0.416875508132675,2020-07-13,2020,7
"4600","MG",3,"Sudeste",31036,"Peçanha",80355,9899.13954178334,29,23,6,17,14,9,1,0,0,0,0,24,6,17,14,9,14,9.20020311737398,11.2942095969832,0.42812083138373,2020-07-20,2020,7
"4601","MG",3,"Sudeste",31037,"Governador Valadares",436696,18010.6600367304,5,90,15,75,31,59,1,0,0,0,0,91,15,75,31,59,66,9.79871908584552,12.9869925798256,0.291650495297489,2020-02-03,2020,2
"4602","MG",3,"Sudeste",31037,"Governador Valadares",436696,18010.6600367304,6,89,23,66,28,61,0,0,0,0,0,89,23,66,28,61,65,9.79871908584552,12.9869925798256,0.280304548639886,2020-02-10,2020,2
"4603","MG",3,"Sudeste",31037,"Governador Valadares",436696,18010.6600367304,7,84,18,66,27,57,0,0,0,0,0,84,18,66,27,57,55,9.79871908584552,12.9869925798256,0.299840542120079,2020-02-17,2020,2
"4604","MG",3,"Sudeste",31037,"Governador Valadares",436696,18010.6600367304,8,79,9,70,25,54,0,0,0,0,0,79,9,70,25,54,56,9.79871908584552,12.9869925798256,0.350517690646729,2020-02-24,2020,2
"4605","MG",3,"Sudeste",31037,"Governador Valadares",436696,18010.6600367304,9,97,22,75,37,60,1,0,0,0,0,98,22,75,37,60,64,9.79871908584552,12.9869925798256,0.334263843398114,2020-03-02,2020,3
"4606","MG",3,"Sudeste",31037,"Governador Valadares",436696,18010.6600367304,10,91,22,69,28,63,0,0,0,0,0,91,22,69,28,63,69,9.79871908584552,12.9869925798256,0.322680615928029,2020-03-09,2020,3
"4607","MG",3,"Sudeste",31037,"Governador Valadares",436696,18010.6600367304,11,92,20,72,37,55,0,0,0,0,0,92,20,72,37,55,67,9.79871908584552,12.9869925798256,0.401533769171015,2020-03-16,2020,3
"4608","MG",3,"Sudeste",31037,"Governador Valadares",436696,18010.6600367304,12,79,21,58,28,51,1,0,0,0,0,80,21,58,28,51,65,9.79871908584552,12.9869925798256,0.52037813039777,2020-03-23,2020,3
"4609","MG",3,"Sudeste",31037,"Governador Valadares",436696,18010.6600367304,13,77,14,63,33,44,2,0,0,0,0,79,14,63,33,44,71,9.79871908584552,12.9869925798256,0.466632893756926,2020-03-30,2020,3
"4610","MG",3,"Sudeste",31037,"Governador Valadares",436696,18010.6600367304,14,77,16,61,38,39,1,0,0,0,0,78,16,61,38,39,70,9.79871908584552,12.9869925798256,0.456623446992095,2020-04-06,2020,4
"4611","MG",3,"Sudeste",31037,"Governador Valadares",436696,18010.6600367304,15,112,22,90,38,74,0,0,0,0,0,112,22,90,38,74,53,9.79871908584552,12.9869925798256,0.415597141239814,2020-04-13,2020,4
"4612","MG",3,"Sudeste",31037,"Governador Valadares",436696,18010.6600367304,16,104,27,77,46,58,2,0,0,0,0,106,27,77,46,58,64,9.79871908584552,12.9869925798256,0.415620264649738,2020-04-20,2020,4
"4613","MG",3,"Sudeste",31037,"Governador Valadares",436696,18010.6600367304,17,102,29,73,41,61,2,0,0,0,0,104,29,73,41,61,57,9.79871908584552,12.9869925798256,0.4071316472049,2020-04-27,2020,4
"4614","MG",3,"Sudeste",31037,"Governador Valadares",436696,18010.6600367304,18,102,26,76,34,68,2,0,0,0,0,104,26,76,34,68,68,9.79871908584552,12.9869925798256,0.377513398669691,2020-05-04,2020,5
"4615","MG",3,"Sudeste",31037,"Governador Valadares",436696,18010.6600367304,19,122,34,88,42,80,1,0,0,0,0,123,34,88,42,80,69,9.79871908584552,12.9869925798256,0.396761087022283,2020-05-11,2020,5
"4616","MG",3,"Sudeste",31037,"Governador Valadares",436696,18010.6600367304,20,141,33,108,61,80,2,0,0,0,0,143,33,108,61,80,65,9.79871908584552,12.9869925798256,0.380781565961101,2020-05-18,2020,5
"4617","MG",3,"Sudeste",31037,"Governador Valadares",436696,18010.6600367304,21,102,31,71,49,53,2,0,0,0,0,104,31,71,49,53,80,9.79871908584552,12.9869925798256,0.387404743943181,2020-05-25,2020,5
"4618","MG",3,"Sudeste",31037,"Governador Valadares",436696,18010.6600367304,22,124,29,95,48,76,1,0,0,0,0,125,29,95,48,76,67,9.79871908584552,12.9869925798256,0.374741543346723,2020-06-01,2020,6
"4619","MG",3,"Sudeste",31037,"Governador Valadares",436696,18010.6600367304,23,102,24,78,39,63,1,0,0,0,0,103,24,78,39,63,80,9.79871908584552,12.9869925798256,0.382801864603697,2020-06-08,2020,6
"4620","MG",3,"Sudeste",31037,"Governador Valadares",436696,18010.6600367304,24,123,21,102,48,75,0,0,0,0,0,123,21,102,48,75,81,9.79871908584552,12.9869925798256,0.382098797580296,2020-06-15,2020,6
"4621","MG",3,"Sudeste",31037,"Governador Valadares",436696,18010.6600367304,25,116,29,87,38,78,0,0,0,0,0,116,29,87,38,78,68,9.79871908584552,12.9869925798256,0.387036153665769,2020-06-22,2020,6
"4622","MG",3,"Sudeste",31037,"Governador Valadares",436696,18010.6600367304,26,88,12,76,38,50,1,0,0,0,0,89,12,76,38,50,91,9.79871908584552,12.9869925798256,0.3966596300423,2020-06-29,2020,6
"4623","MG",3,"Sudeste",31037,"Governador Valadares",436696,18010.6600367304,27,118,23,95,42,76,3,0,0,0,0,121,23,95,42,76,87,9.79871908584552,12.9869925798256,0.395278681600794,2020-07-06,2020,7
"4624","MG",3,"Sudeste",31037,"Governador Valadares",436696,18010.6600367304,28,113,23,90,38,75,1,0,0,0,0,114,23,90,38,75,110,9.79871908584552,12.9869925798256,0.391103790139128,2020-07-13,2020,7
"4625","MG",3,"Sudeste",31037,"Governador Valadares",436696,18010.6600367304,29,107,19,88,42,65,0,0,0,0,0,107,19,88,42,65,78,9.79871908584552,12.9869925798256,0.397300396425446,2020-07-20,2020,7
"4626","MG",3,"Sudeste",31038,"Mantena",65123,11860.1728530627,5,14,5,9,7,7,0,0,0,0,0,14,5,9,7,7,9,9.38094124690273,11.0840330684114,0.281411221713567,2020-02-03,2020,2
"4627","MG",3,"Sudeste",31038,"Mantena",65123,11860.1728530627,6,12,3,9,4,8,0,0,0,0,0,12,3,9,4,8,17,9.38094124690273,11.0840330684114,0.273762465478701,2020-02-10,2020,2
"4628","MG",3,"Sudeste",31038,"Mantena",65123,11860.1728530627,7,11,3,8,4,7,2,0,0,0,0,13,3,8,4,7,7,9.38094124690273,11.0840330684114,0.295167701057831,2020-02-17,2020,2
"4629","MG",3,"Sudeste",31038,"Mantena",65123,11860.1728530627,8,12,2,10,4,8,0,0,0,0,0,12,2,10,4,8,9,9.38094124690273,11.0840330684114,0.336514342528205,2020-02-24,2020,2
"4630","MG",3,"Sudeste",31038,"Mantena",65123,11860.1728530627,9,11,5,6,5,6,0,0,0,0,0,11,5,6,5,6,7,9.38094124690273,11.0840330684114,0.324839967156172,2020-03-02,2020,3
"4631","MG",3,"Sudeste",31038,"Mantena",65123,11860.1728530627,10,10,1,9,6,4,0,0,0,0,0,10,1,9,6,4,7,9.38094124690273,11.0840330684114,0.315567587762903,2020-03-09,2020,3
"4632","MG",3,"Sudeste",31038,"Mantena",65123,11860.1728530627,11,19,4,15,8,11,1,0,0,0,0,20,4,15,8,11,6,9.38094124690273,11.0840330684114,0.367880404213064,2020-03-16,2020,3
"4633","MG",3,"Sudeste",31038,"Mantena",65123,11860.1728530627,12,11,3,8,5,6,0,0,0,0,0,11,3,8,5,6,6,9.38094124690273,11.0840330684114,0.490312506274255,2020-03-23,2020,3
"4634","MG",3,"Sudeste",31038,"Mantena",65123,11860.1728530627,13,7,2,5,6,1,0,0,0,0,0,7,2,5,6,1,6,9.38094124690273,11.0840330684114,0.420280280689222,2020-03-30,2020,3
"4635","MG",3,"Sudeste",31038,"Mantena",65123,11860.1728530627,14,12,2,10,3,9,0,0,0,0,0,12,2,10,3,9,2,9.38094124690273,11.0840330684114,0.426925136849951,2020-04-06,2020,4
"4636","MG",3,"Sudeste",31038,"Mantena",65123,11860.1728530627,15,16,2,14,10,6,0,0,0,0,0,16,2,14,10,6,6,9.38094124690273,11.0840330684114,0.382711263916316,2020-04-13,2020,4
"4637","MG",3,"Sudeste",31038,"Mantena",65123,11860.1728530627,16,18,1,17,4,14,1,0,0,0,0,19,1,17,4,14,7,9.38094124690273,11.0840330684114,0.405524386934113,2020-04-20,2020,4
"4638","MG",3,"Sudeste",31038,"Mantena",65123,11860.1728530627,17,11,4,7,5,6,0,0,0,0,0,11,4,7,5,6,11,9.38094124690273,11.0840330684114,0.392222116885179,2020-04-27,2020,4
"4639","MG",3,"Sudeste",31038,"Mantena",65123,11860.1728530627,18,14,3,11,5,9,0,0,0,0,0,14,3,11,5,9,7,9.38094124690273,11.0840330684114,0.380427694708634,2020-05-04,2020,5
"4640","MG",3,"Sudeste",31038,"Mantena",65123,11860.1728530627,19,18,5,13,11,7,0,0,0,0,0,18,5,13,11,7,3,9.38094124690273,11.0840330684114,0.406691991626374,2020-05-11,2020,5
"4641","MG",3,"Sudeste",31038,"Mantena",65123,11860.1728530627,20,11,3,8,4,7,0,0,0,0,0,11,3,8,4,7,12,9.38094124690273,11.0840330684114,0.386917271940491,2020-05-18,2020,5
"4642","MG",3,"Sudeste",31038,"Mantena",65123,11860.1728530627,21,19,5,14,6,13,0,0,0,0,0,19,5,14,6,13,13,9.38094124690273,11.0840330684114,0.396011355038949,2020-05-25,2020,5
"4643","MG",3,"Sudeste",31038,"Mantena",65123,11860.1728530627,22,15,3,12,5,10,1,0,0,0,0,16,3,12,5,10,12,9.38094124690273,11.0840330684114,0.36355595242443,2020-06-01,2020,6
"4644","MG",3,"Sudeste",31038,"Mantena",65123,11860.1728530627,23,25,6,19,10,15,0,0,0,0,0,25,6,19,10,15,18,9.38094124690273,11.0840330684114,0.387189874313402,2020-06-08,2020,6
"4645","MG",3,"Sudeste",31038,"Mantena",65123,11860.1728530627,24,19,4,15,9,10,0,0,0,0,0,19,4,15,9,10,6,9.38094124690273,11.0840330684114,0.374539106239919,2020-06-15,2020,6
"4646","MG",3,"Sudeste",31038,"Mantena",65123,11860.1728530627,25,15,2,13,6,9,0,0,0,0,0,15,2,13,6,9,15,9.38094124690273,11.0840330684114,0.386588523542968,2020-06-22,2020,6
"4647","MG",3,"Sudeste",31038,"Mantena",65123,11860.1728530627,26,11,4,7,4,7,1,0,0,0,0,12,4,7,4,7,11,9.38094124690273,11.0840330684114,0.408402926225075,2020-06-29,2020,6
"4648","MG",3,"Sudeste",31038,"Mantena",65123,11860.1728530627,27,15,4,11,5,10,0,0,0,0,0,15,4,11,5,10,3,9.38094124690273,11.0840330684114,0.378560355940901,2020-07-06,2020,7
"4649","MG",3,"Sudeste",31038,"Mantena",65123,11860.1728530627,28,25,5,20,9,16,0,0,0,0,0,25,5,20,9,16,9,9.38094124690273,11.0840330684114,0.398174577164663,2020-07-13,2020,7
"4650","MG",3,"Sudeste",31038,"Mantena",65123,11860.1728530627,29,23,9,14,12,11,0,0,0,0,0,23,9,14,12,11,8,9.38094124690273,11.0840330684114,0.387630010861681,2020-07-20,2020,7
"4651","MG",3,"Sudeste",31039,"Ipatinga",578295,34166.7528004565,5,117,19,98,29,88,3,0,0,0,0,120,19,98,29,88,49,10.4390083098783,13.2678393980775,0.296090033141473,2020-02-03,2020,2
"4652","MG",3,"Sudeste",31039,"Ipatinga",578295,34166.7528004565,6,135,16,119,46,89,0,0,0,0,0,135,16,119,46,89,68,10.4390083098783,13.2678393980775,0.293400695817068,2020-02-10,2020,2
"4653","MG",3,"Sudeste",31039,"Ipatinga",578295,34166.7528004565,7,112,13,99,31,81,3,0,0,0,0,115,13,99,31,81,80,10.4390083098783,13.2678393980775,0.30661606743927,2020-02-17,2020,2
"4654","MG",3,"Sudeste",31039,"Ipatinga",578295,34166.7528004565,8,101,10,91,24,77,0,0,0,0,0,101,10,91,24,77,53,10.4390083098783,13.2678393980775,0.356645090189998,2020-02-24,2020,2
"4655","MG",3,"Sudeste",31039,"Ipatinga",578295,34166.7528004565,9,118,27,91,44,74,2,0,0,0,0,120,27,91,44,74,74,10.4390083098783,13.2678393980775,0.336036904088938,2020-03-02,2020,3
"4656","MG",3,"Sudeste",31039,"Ipatinga",578295,34166.7528004565,10,118,23,95,40,78,1,0,0,0,0,119,23,95,40,78,78,10.4390083098783,13.2678393980775,0.331267445786091,2020-03-09,2020,3
"4657","MG",3,"Sudeste",31039,"Ipatinga",578295,34166.7528004565,11,108,8,100,30,78,1,0,0,0,0,109,8,100,30,78,64,10.4390083098783,13.2678393980775,0.431234883927341,2020-03-16,2020,3
"4658","MG",3,"Sudeste",31039,"Ipatinga",578295,34166.7528004565,12,105,15,90,36,69,2,0,0,0,0,107,15,90,36,69,58,10.4390083098783,13.2678393980775,0.542234499602701,2020-03-23,2020,3
"4659","MG",3,"Sudeste",31039,"Ipatinga",578295,34166.7528004565,13,102,16,86,38,64,1,0,0,0,0,103,16,86,38,64,64,10.4390083098783,13.2678393980775,0.484174774845995,2020-03-30,2020,3
"4660","MG",3,"Sudeste",31039,"Ipatinga",578295,34166.7528004565,14,120,20,100,29,91,0,0,0,0,0,120,20,100,29,91,56,10.4390083098783,13.2678393980775,0.472571719102073,2020-04-06,2020,4
"4661","MG",3,"Sudeste",31039,"Ipatinga",578295,34166.7528004565,15,120,12,108,39,81,2,0,0,0,0,122,12,108,39,81,61,10.4390083098783,13.2678393980775,0.430456151955359,2020-04-13,2020,4
"4662","MG",3,"Sudeste",31039,"Ipatinga",578295,34166.7528004565,16,140,26,114,40,100,3,0,0,0,0,143,26,114,40,100,73,10.4390083098783,13.2678393980775,0.438189411654787,2020-04-20,2020,4
"4663","MG",3,"Sudeste",31039,"Ipatinga",578295,34166.7528004565,17,118,20,98,45,73,0,0,0,0,0,118,20,98,45,73,51,10.4390083098783,13.2678393980775,0.426730056668846,2020-04-27,2020,4
"4664","MG",3,"Sudeste",31039,"Ipatinga",578295,34166.7528004565,18,121,25,96,32,89,0,0,0,0,0,121,25,96,32,89,55,10.4390083098783,13.2678393980775,0.391922842359473,2020-05-04,2020,5
"4665","MG",3,"Sudeste",31039,"Ipatinga",578295,34166.7528004565,19,140,26,114,38,102,0,0,0,0,0,140,26,114,38,102,70,10.4390083098783,13.2678393980775,0.410867573110809,2020-05-11,2020,5
"4666","MG",3,"Sudeste",31039,"Ipatinga",578295,34166.7528004565,20,163,28,135,44,119,1,0,0,0,0,164,28,135,44,119,53,10.4390083098783,13.2678393980775,0.396902145129844,2020-05-18,2020,5
"4667","MG",3,"Sudeste",31039,"Ipatinga",578295,34166.7528004565,21,131,18,113,39,92,1,0,0,0,0,132,18,113,39,92,74,10.4390083098783,13.2678393980775,0.406106148706991,2020-05-25,2020,5
"4668","MG",3,"Sudeste",31039,"Ipatinga",578295,34166.7528004565,22,167,32,135,53,114,1,0,0,0,0,168,32,135,53,114,81,10.4390083098783,13.2678393980775,0.402451763598973,2020-06-01,2020,6
"4669","MG",3,"Sudeste",31039,"Ipatinga",578295,34166.7528004565,23,125,13,112,29,96,1,0,0,0,0,126,13,112,29,96,83,10.4390083098783,13.2678393980775,0.400080521869476,2020-06-08,2020,6
"4670","MG",3,"Sudeste",31039,"Ipatinga",578295,34166.7528004565,24,130,23,107,31,99,1,0,0,0,0,131,23,107,31,99,95,10.4390083098783,13.2678393980775,0.392226835107787,2020-06-15,2020,6
"4671","MG",3,"Sudeste",31039,"Ipatinga",578295,34166.7528004565,25,117,23,94,45,72,0,0,0,0,0,117,23,94,45,72,89,10.4390083098783,13.2678393980775,0.396774685119041,2020-06-22,2020,6
"4672","MG",3,"Sudeste",31039,"Ipatinga",578295,34166.7528004565,26,123,16,107,34,89,0,0,0,0,0,123,16,107,34,89,90,10.4390083098783,13.2678393980775,0.401619916059868,2020-06-29,2020,6
"4673","MG",3,"Sudeste",31039,"Ipatinga",578295,34166.7528004565,27,133,15,118,38,95,1,0,0,0,0,134,15,118,38,95,104,10.4390083098783,13.2678393980775,0.397808103751044,2020-07-06,2020,7
"4674","MG",3,"Sudeste",31039,"Ipatinga",578295,34166.7528004565,28,137,18,119,43,94,0,0,0,0,0,137,18,119,43,94,81,10.4390083098783,13.2678393980775,0.395647340245458,2020-07-13,2020,7
"4675","MG",3,"Sudeste",31039,"Ipatinga",578295,34166.7528004565,29,130,31,99,36,94,0,0,0,0,0,130,31,99,36,94,122,10.4390083098783,13.2678393980775,0.398323465362007,2020-07-20,2020,7
"4676","MG",3,"Sudeste",31040,"Caratinga",267565,13146.9932309906,5,58,18,40,17,41,0,0,0,0,0,58,18,40,17,41,29,9.48394835982544,12.497117806455,0.326339588180414,2020-02-03,2020,2
"4677","MG",3,"Sudeste",31040,"Caratinga",267565,13146.9932309906,6,60,17,43,25,35,0,0,0,0,0,60,17,43,25,35,35,9.48394835982544,12.497117806455,0.310884613451896,2020-02-10,2020,2
"4678","MG",3,"Sudeste",31040,"Caratinga",267565,13146.9932309906,7,69,20,49,24,45,0,0,0,0,0,69,20,49,24,45,40,9.48394835982544,12.497117806455,0.332205329446999,2020-02-17,2020,2
"4679","MG",3,"Sudeste",31040,"Caratinga",267565,13146.9932309906,8,52,21,31,20,32,0,0,0,0,0,52,21,31,20,32,33,9.48394835982544,12.497117806455,0.384431359168641,2020-02-24,2020,2
"4680","MG",3,"Sudeste",31040,"Caratinga",267565,13146.9932309906,9,67,19,48,24,43,1,0,0,0,0,68,19,48,24,43,33,9.48394835982544,12.497117806455,0.376278384330336,2020-03-02,2020,3
"4681","MG",3,"Sudeste",31040,"Caratinga",267565,13146.9932309906,10,56,17,39,17,39,0,0,0,0,0,56,17,39,17,39,39,9.48394835982544,12.497117806455,0.356185039776292,2020-03-09,2020,3
"4682","MG",3,"Sudeste",31040,"Caratinga",267565,13146.9932309906,11,65,22,43,31,34,0,0,0,0,0,65,22,43,31,34,31,9.48394835982544,12.497117806455,0.433880713567932,2020-03-16,2020,3
"4683","MG",3,"Sudeste",31040,"Caratinga",267565,13146.9932309906,12,54,14,40,19,35,1,0,0,0,0,55,14,40,19,35,33,9.48394835982544,12.497117806455,0.537330357219614,2020-03-23,2020,3
"4684","MG",3,"Sudeste",31040,"Caratinga",267565,13146.9932309906,13,38,9,29,17,21,1,0,0,0,0,39,9,29,17,21,31,9.48394835982544,12.497117806455,0.488814907565621,2020-03-30,2020,3
"4685","MG",3,"Sudeste",31040,"Caratinga",267565,13146.9932309906,14,59,14,45,28,31,1,0,0,0,0,60,14,45,28,31,34,9.48394835982544,12.497117806455,0.47302515263292,2020-04-06,2020,4
"4686","MG",3,"Sudeste",31040,"Caratinga",267565,13146.9932309906,15,43,12,31,13,30,0,0,0,0,0,43,12,31,13,30,39,9.48394835982544,12.497117806455,0.426211258031508,2020-04-13,2020,4
"4687","MG",3,"Sudeste",31040,"Caratinga",267565,13146.9932309906,16,73,17,56,28,45,1,0,0,0,0,74,17,56,28,45,29,9.48394835982544,12.497117806455,0.44089099452583,2020-04-20,2020,4
"4688","MG",3,"Sudeste",31040,"Caratinga",267565,13146.9932309906,17,61,15,46,21,40,0,0,0,0,0,61,15,46,21,40,31,9.48394835982544,12.497117806455,0.445137931878418,2020-04-27,2020,4
"4689","MG",3,"Sudeste",31040,"Caratinga",267565,13146.9932309906,18,55,12,43,21,34,0,0,0,0,0,55,12,43,21,34,38,9.48394835982544,12.497117806455,0.416492822068961,2020-05-04,2020,5
"4690","MG",3,"Sudeste",31040,"Caratinga",267565,13146.9932309906,19,84,23,61,28,56,2,0,0,0,0,86,23,61,28,56,34,9.48394835982544,12.497117806455,0.428165485673596,2020-05-11,2020,5
"4691","MG",3,"Sudeste",31040,"Caratinga",267565,13146.9932309906,20,92,32,60,33,59,1,0,0,0,0,93,32,60,33,59,40,9.48394835982544,12.497117806455,0.411190409418567,2020-05-18,2020,5
"4692","MG",3,"Sudeste",31040,"Caratinga",267565,13146.9932309906,21,64,21,43,23,41,1,0,0,0,0,65,21,43,23,41,35,9.48394835982544,12.497117806455,0.426342283778168,2020-05-25,2020,5
"4693","MG",3,"Sudeste",31040,"Caratinga",267565,13146.9932309906,22,84,24,60,33,51,1,0,0,0,0,85,24,60,33,51,37,9.48394835982544,12.497117806455,0.41292859704549,2020-06-01,2020,6
"4694","MG",3,"Sudeste",31040,"Caratinga",267565,13146.9932309906,23,74,21,53,23,51,0,0,0,0,0,74,21,53,23,51,47,9.48394835982544,12.497117806455,0.427328219906453,2020-06-08,2020,6
"4695","MG",3,"Sudeste",31040,"Caratinga",267565,13146.9932309906,24,72,27,45,29,43,0,0,0,0,0,72,27,45,29,43,43,9.48394835982544,12.497117806455,0.409451655246198,2020-06-15,2020,6
"4696","MG",3,"Sudeste",31040,"Caratinga",267565,13146.9932309906,25,66,17,49,24,42,1,0,0,0,0,67,17,49,24,42,42,9.48394835982544,12.497117806455,0.425212440165091,2020-06-22,2020,6
"4697","MG",3,"Sudeste",31040,"Caratinga",267565,13146.9932309906,26,46,11,35,22,24,1,0,0,0,0,47,11,35,22,24,51,9.48394835982544,12.497117806455,0.427212506768347,2020-06-29,2020,6
"4698","MG",3,"Sudeste",31040,"Caratinga",267565,13146.9932309906,27,53,14,39,23,30,0,0,0,0,0,53,14,39,23,30,56,9.48394835982544,12.497117806455,0.426743369862224,2020-07-06,2020,7
"4699","MG",3,"Sudeste",31040,"Caratinga",267565,13146.9932309906,28,79,26,53,29,50,0,0,0,0,0,79,26,53,29,50,43,9.48394835982544,12.497117806455,0.422241416891978,2020-07-13,2020,7
"4700","MG",3,"Sudeste",31040,"Caratinga",267565,13146.9932309906,29,67,25,42,29,38,0,0,0,0,0,67,25,42,29,38,42,9.48394835982544,12.497117806455,0.439629619080759,2020-07-20,2020,7
"4701","MG",3,"Sudeste",31041,"Aimorés",152232,13311.2223726286,5,26,9,17,11,15,1,0,0,0,0,27,9,17,11,15,24,9.49636274583706,11.9331609519818,0.311376166463079,2020-02-03,2020,2
"4702","MG",3,"Sudeste",31041,"Aimorés",152232,13311.2223726286,6,34,11,23,16,18,0,0,0,0,0,34,11,23,16,18,19,9.49636274583706,11.9331609519818,0.309989506622291,2020-02-10,2020,2
"4703","MG",3,"Sudeste",31041,"Aimorés",152232,13311.2223726286,7,29,11,18,7,22,1,0,0,0,0,30,11,18,7,22,29,9.49636274583706,11.9331609519818,0.316642255534676,2020-02-17,2020,2
"4704","MG",3,"Sudeste",31041,"Aimorés",152232,13311.2223726286,8,42,15,27,18,24,1,0,0,0,0,43,15,27,18,24,27,9.49636274583706,11.9331609519818,0.356396123064428,2020-02-24,2020,2
"4705","MG",3,"Sudeste",31041,"Aimorés",152232,13311.2223726286,9,38,13,25,17,21,0,0,0,0,0,38,13,25,17,21,21,9.49636274583706,11.9331609519818,0.347272104068773,2020-03-02,2020,3
"4706","MG",3,"Sudeste",31041,"Aimorés",152232,13311.2223726286,10,30,8,22,14,16,1,0,0,0,0,31,8,22,14,16,26,9.49636274583706,11.9331609519818,0.350349500352664,2020-03-09,2020,3
"4707","MG",3,"Sudeste",31041,"Aimorés",152232,13311.2223726286,11,33,12,21,10,23,0,0,0,0,0,33,12,21,10,23,23,9.49636274583706,11.9331609519818,0.4136420257544,2020-03-16,2020,3
"4708","MG",3,"Sudeste",31041,"Aimorés",152232,13311.2223726286,12,43,20,23,12,31,0,0,0,0,0,43,20,23,12,31,29,9.49636274583706,11.9331609519818,0.520392232823141,2020-03-23,2020,3
"4709","MG",3,"Sudeste",31041,"Aimorés",152232,13311.2223726286,13,30,14,16,10,20,0,0,0,0,0,30,14,16,10,20,24,9.49636274583706,11.9331609519818,0.458061498912582,2020-03-30,2020,3
"4710","MG",3,"Sudeste",31041,"Aimorés",152232,13311.2223726286,14,25,5,20,12,13,0,0,0,0,0,25,5,20,12,13,16,9.49636274583706,11.9331609519818,0.460708030641313,2020-04-06,2020,4
"4711","MG",3,"Sudeste",31041,"Aimorés",152232,13311.2223726286,15,41,14,27,14,27,0,0,0,0,0,41,14,27,14,27,21,9.49636274583706,11.9331609519818,0.419888325318189,2020-04-13,2020,4
"4712","MG",3,"Sudeste",31041,"Aimorés",152232,13311.2223726286,16,38,11,27,10,28,0,0,0,0,0,38,11,27,10,28,22,9.49636274583706,11.9331609519818,0.425832060463877,2020-04-20,2020,4
"4713","MG",3,"Sudeste",31041,"Aimorés",152232,13311.2223726286,17,40,10,30,17,23,0,0,0,0,0,40,10,30,17,23,14,9.49636274583706,11.9331609519818,0.414198383763661,2020-04-27,2020,4
"4714","MG",3,"Sudeste",31041,"Aimorés",152232,13311.2223726286,18,28,12,16,15,13,0,0,0,0,0,28,12,16,15,13,25,9.49636274583706,11.9331609519818,0.408394315788149,2020-05-04,2020,5
"4715","MG",3,"Sudeste",31041,"Aimorés",152232,13311.2223726286,19,27,9,18,9,18,0,0,0,0,0,27,9,18,9,18,24,9.49636274583706,11.9331609519818,0.424946626944316,2020-05-11,2020,5
"4716","MG",3,"Sudeste",31041,"Aimorés",152232,13311.2223726286,20,45,12,33,13,32,0,0,0,0,0,45,12,33,13,32,28,9.49636274583706,11.9331609519818,0.406875591460261,2020-05-18,2020,5
"4717","MG",3,"Sudeste",31041,"Aimorés",152232,13311.2223726286,21,33,12,21,14,19,0,0,0,0,0,33,12,21,14,19,18,9.49636274583706,11.9331609519818,0.437993846487946,2020-05-25,2020,5
"4718","MG",3,"Sudeste",31041,"Aimorés",152232,13311.2223726286,22,43,11,32,17,26,2,0,0,0,0,45,11,32,17,26,32,9.49636274583706,11.9331609519818,0.414552563669621,2020-06-01,2020,6
"4719","MG",3,"Sudeste",31041,"Aimorés",152232,13311.2223726286,23,39,14,25,20,19,0,0,0,0,0,39,14,25,20,19,26,9.49636274583706,11.9331609519818,0.420715206813919,2020-06-08,2020,6
"4720","MG",3,"Sudeste",31041,"Aimorés",152232,13311.2223726286,24,45,13,32,19,26,0,0,0,0,0,45,13,32,19,26,24,9.49636274583706,11.9331609519818,0.396903532621275,2020-06-15,2020,6
"4721","MG",3,"Sudeste",31041,"Aimorés",152232,13311.2223726286,25,49,22,27,17,32,0,0,0,0,0,49,22,27,17,32,21,9.49636274583706,11.9331609519818,0.404345939860412,2020-06-22,2020,6
"4722","MG",3,"Sudeste",31041,"Aimorés",152232,13311.2223726286,26,33,11,22,13,20,0,0,0,0,0,33,11,22,13,20,22,9.49636274583706,11.9331609519818,0.417809584205453,2020-06-29,2020,6
"4723","MG",3,"Sudeste",31041,"Aimorés",152232,13311.2223726286,27,33,13,20,15,18,0,0,0,0,0,33,13,20,15,18,20,9.49636274583706,11.9331609519818,0.420230244214,2020-07-06,2020,7
"4724","MG",3,"Sudeste",31041,"Aimorés",152232,13311.2223726286,28,41,17,24,14,27,0,0,0,0,0,41,17,24,14,27,23,9.49636274583706,11.9331609519818,0.414517039888157,2020-07-13,2020,7
"4725","MG",3,"Sudeste",31041,"Aimorés",152232,13311.2223726286,29,42,13,29,18,24,0,0,0,0,0,42,13,29,18,24,29,9.49636274583706,11.9331609519818,0.429397275201614,2020-07-20,2020,7
"4726","MG",3,"Sudeste",31042,"Piuí",86391,27126.6196672107,5,17,2,15,9,8,0,0,0,0,0,17,2,15,9,8,15,10.2082708002937,11.3666387826998,0.297606621513044,2020-02-03,2020,2
"4727","MG",3,"Sudeste",31042,"Piuí",86391,27126.6196672107,6,16,2,14,6,10,0,0,0,0,0,16,2,14,6,10,12,10.2082708002937,11.3666387826998,0.271120554362304,2020-02-10,2020,2
"4728","MG",3,"Sudeste",31042,"Piuí",86391,27126.6196672107,7,12,1,11,4,8,0,0,0,0,0,12,1,11,4,8,12,10.2082708002937,11.3666387826998,0.285482432994878,2020-02-17,2020,2
"4729","MG",3,"Sudeste",31042,"Piuí",86391,27126.6196672107,8,17,2,15,7,10,0,0,0,0,0,17,2,15,7,10,9,10.2082708002937,11.3666387826998,0.338909855098521,2020-02-24,2020,2
"4730","MG",3,"Sudeste",31042,"Piuí",86391,27126.6196672107,9,22,7,15,8,14,1,0,0,0,0,23,7,15,8,14,8,10.2082708002937,11.3666387826998,0.30312899923467,2020-03-02,2020,3
"4731","MG",3,"Sudeste",31042,"Piuí",86391,27126.6196672107,10,19,4,15,8,11,0,0,0,0,0,19,4,15,8,11,16,10.2082708002937,11.3666387826998,0.312027264584482,2020-03-09,2020,3
"4732","MG",3,"Sudeste",31042,"Piuí",86391,27126.6196672107,11,11,0,11,4,7,0,0,0,0,0,11,0,11,4,7,13,10.2082708002937,11.3666387826998,0.393944440321422,2020-03-16,2020,3
"4733","MG",3,"Sudeste",31042,"Piuí",86391,27126.6196672107,12,17,2,15,6,11,0,0,0,0,0,17,2,15,6,11,7,10.2082708002937,11.3666387826998,0.476819577036906,2020-03-23,2020,3
"4734","MG",3,"Sudeste",31042,"Piuí",86391,27126.6196672107,13,9,1,8,3,6,0,0,0,0,0,9,1,8,3,6,17,10.2082708002937,11.3666387826998,0.441662952401149,2020-03-30,2020,3
"4735","MG",3,"Sudeste",31042,"Piuí",86391,27126.6196672107,14,19,3,16,9,10,0,0,0,0,0,19,3,16,9,10,12,10.2082708002937,11.3666387826998,0.429572840890264,2020-04-06,2020,4
"4736","MG",3,"Sudeste",31042,"Piuí",86391,27126.6196672107,15,14,4,10,7,7,0,0,0,0,0,14,4,10,7,7,13,10.2082708002937,11.3666387826998,0.412419734792288,2020-04-13,2020,4
"4737","MG",3,"Sudeste",31042,"Piuí",86391,27126.6196672107,16,19,4,15,6,13,0,0,0,0,0,19,4,15,6,13,18,10.2082708002937,11.3666387826998,0.404940958036849,2020-04-20,2020,4
"4738","MG",3,"Sudeste",31042,"Piuí",86391,27126.6196672107,17,15,4,11,4,11,0,0,0,0,0,15,4,11,4,11,12,10.2082708002937,11.3666387826998,0.399585804777926,2020-04-27,2020,4
"4739","MG",3,"Sudeste",31042,"Piuí",86391,27126.6196672107,18,14,7,7,4,10,0,0,0,0,0,14,7,7,4,10,17,10.2082708002937,11.3666387826998,0.364001796862253,2020-05-04,2020,5
"4740","MG",3,"Sudeste",31042,"Piuí",86391,27126.6196672107,19,19,6,13,5,14,0,0,0,0,0,19,6,13,5,14,20,10.2082708002937,11.3666387826998,0.376127129224194,2020-05-11,2020,5
"4741","MG",3,"Sudeste",31042,"Piuí",86391,27126.6196672107,20,16,5,11,8,8,0,0,0,0,0,16,5,11,8,8,12,10.2082708002937,11.3666387826998,0.394155436434809,2020-05-18,2020,5
"4742","MG",3,"Sudeste",31042,"Piuí",86391,27126.6196672107,21,21,4,17,8,13,0,0,0,0,0,21,4,17,8,13,10,10.2082708002937,11.3666387826998,0.376098097101829,2020-05-25,2020,5
"4743","MG",3,"Sudeste",31042,"Piuí",86391,27126.6196672107,22,18,3,15,7,11,0,0,0,0,0,18,3,15,7,11,18,10.2082708002937,11.3666387826998,0.362378053794282,2020-06-01,2020,6
"4744","MG",3,"Sudeste",31042,"Piuí",86391,27126.6196672107,23,21,8,13,8,13,0,0,0,0,0,21,8,13,8,13,13,10.2082708002937,11.3666387826998,0.371817699463878,2020-06-08,2020,6
"4745","MG",3,"Sudeste",31042,"Piuí",86391,27126.6196672107,24,16,2,14,6,10,0,0,0,0,0,16,2,14,6,10,9,10.2082708002937,11.3666387826998,0.355049129144852,2020-06-15,2020,6
"4746","MG",3,"Sudeste",31042,"Piuí",86391,27126.6196672107,25,15,5,10,7,8,0,0,0,0,0,15,5,10,7,8,11,10.2082708002937,11.3666387826998,0.365478081419397,2020-06-22,2020,6
"4747","MG",3,"Sudeste",31042,"Piuí",86391,27126.6196672107,26,11,1,10,3,8,0,0,0,0,0,11,1,10,3,8,8,10.2082708002937,11.3666387826998,0.358448272644667,2020-06-29,2020,6
"4748","MG",3,"Sudeste",31042,"Piuí",86391,27126.6196672107,27,21,8,13,6,15,0,0,0,0,0,21,8,13,6,15,9,10.2082708002937,11.3666387826998,0.38215638844091,2020-07-06,2020,7
"4749","MG",3,"Sudeste",31042,"Piuí",86391,27126.6196672107,28,22,4,18,8,14,0,0,0,0,0,22,4,18,8,14,12,10.2082708002937,11.3666387826998,0.36220617202806,2020-07-13,2020,7
"4750","MG",3,"Sudeste",31042,"Piuí",86391,27126.6196672107,29,10,2,8,2,8,0,0,0,0,0,10,2,8,2,8,12,10.2082708002937,11.3666387826998,0.366638790268208,2020-07-20,2020,7
"4751","MG",3,"Sudeste",31043,"Divinópolis",567507,27258.1728047407,5,122,22,100,42,80,2,0,0,0,0,124,22,100,42,80,51,10.2131086745646,13.2490083630634,0.281023952120473,2020-02-03,2020,2
"4752","MG",3,"Sudeste",31043,"Divinópolis",567507,27258.1728047407,6,135,18,117,33,102,1,0,0,0,0,136,18,117,33,102,56,10.2131086745646,13.2490083630634,0.278268516883831,2020-02-10,2020,2
"4753","MG",3,"Sudeste",31043,"Divinópolis",567507,27258.1728047407,7,116,20,96,32,84,1,0,0,0,0,117,20,96,32,84,50,10.2131086745646,13.2490083630634,0.287233440593803,2020-02-17,2020,2
"4754","MG",3,"Sudeste",31043,"Divinópolis",567507,27258.1728047407,8,132,18,114,30,102,2,0,0,0,0,134,18,114,30,102,68,10.2131086745646,13.2490083630634,0.341886113942348,2020-02-24,2020,2
"4755","MG",3,"Sudeste",31043,"Divinópolis",567507,27258.1728047407,9,128,25,103,37,91,3,0,0,0,0,131,25,103,37,91,64,10.2131086745646,13.2490083630634,0.304984754850175,2020-03-02,2020,3
"4756","MG",3,"Sudeste",31043,"Divinópolis",567507,27258.1728047407,10,136,22,114,39,97,0,0,0,0,0,136,22,114,39,97,50,10.2131086745646,13.2490083630634,0.312529625299481,2020-03-09,2020,3
"4757","MG",3,"Sudeste",31043,"Divinópolis",567507,27258.1728047407,11,121,19,102,36,85,2,0,0,0,0,123,19,102,36,85,71,10.2131086745646,13.2490083630634,0.390754745380967,2020-03-16,2020,3
"4758","MG",3,"Sudeste",31043,"Divinópolis",567507,27258.1728047407,12,109,31,78,37,72,2,0,0,0,0,111,31,78,37,72,63,10.2131086745646,13.2490083630634,0.513797251032031,2020-03-23,2020,3
"4759","MG",3,"Sudeste",31043,"Divinópolis",567507,27258.1728047407,13,113,19,94,33,80,0,0,0,0,0,113,19,94,33,80,59,10.2131086745646,13.2490083630634,0.47468521640007,2020-03-30,2020,3
"4760","MG",3,"Sudeste",31043,"Divinópolis",567507,27258.1728047407,14,132,24,108,45,87,3,0,0,0,0,135,24,108,45,87,56,10.2131086745646,13.2490083630634,0.452182879539902,2020-04-06,2020,4
"4761","MG",3,"Sudeste",31043,"Divinópolis",567507,27258.1728047407,15,108,19,89,38,70,1,0,0,0,0,109,19,89,38,70,52,10.2131086745646,13.2490083630634,0.421475939884949,2020-04-13,2020,4
"4762","MG",3,"Sudeste",31043,"Divinópolis",567507,27258.1728047407,16,139,16,123,40,99,0,0,0,0,0,139,16,123,40,99,67,10.2131086745646,13.2490083630634,0.425952573883079,2020-04-20,2020,4
"4763","MG",3,"Sudeste",31043,"Divinópolis",567507,27258.1728047407,17,134,22,112,40,94,1,0,0,0,0,135,22,112,40,94,64,10.2131086745646,13.2490083630634,0.40960066098829,2020-04-27,2020,4
"4764","MG",3,"Sudeste",31043,"Divinópolis",567507,27258.1728047407,18,130,34,96,36,94,0,0,0,0,0,130,34,96,36,94,50,10.2131086745646,13.2490083630634,0.37904150582636,2020-05-04,2020,5
"4765","MG",3,"Sudeste",31043,"Divinópolis",567507,27258.1728047407,19,142,29,113,45,97,0,0,0,0,0,142,29,113,45,97,55,10.2131086745646,13.2490083630634,0.382792064712948,2020-05-11,2020,5
"4766","MG",3,"Sudeste",31043,"Divinópolis",567507,27258.1728047407,20,135,24,111,46,89,2,0,0,0,0,137,24,111,46,89,49,10.2131086745646,13.2490083630634,0.381349207190808,2020-05-18,2020,5
"4767","MG",3,"Sudeste",31043,"Divinópolis",567507,27258.1728047407,21,168,17,151,47,121,1,0,0,0,0,169,17,151,47,121,58,10.2131086745646,13.2490083630634,0.369946324851983,2020-05-25,2020,5
"4768","MG",3,"Sudeste",31043,"Divinópolis",567507,27258.1728047407,22,174,31,143,43,131,3,0,0,0,0,177,31,143,43,131,73,10.2131086745646,13.2490083630634,0.365870599875947,2020-06-01,2020,6
"4769","MG",3,"Sudeste",31043,"Divinópolis",567507,27258.1728047407,23,176,22,154,57,119,2,0,0,0,0,178,22,154,57,119,80,10.2131086745646,13.2490083630634,0.360159649860241,2020-06-08,2020,6
"4770","MG",3,"Sudeste",31043,"Divinópolis",567507,27258.1728047407,24,141,26,115,36,105,0,0,0,0,0,141,26,115,36,105,60,10.2131086745646,13.2490083630634,0.342930935757593,2020-06-15,2020,6
"4771","MG",3,"Sudeste",31043,"Divinópolis",567507,27258.1728047407,25,120,16,104,41,79,0,0,0,0,0,120,16,104,41,79,60,10.2131086745646,13.2490083630634,0.342403670580279,2020-06-22,2020,6
"4772","MG",3,"Sudeste",31043,"Divinópolis",567507,27258.1728047407,26,153,26,127,42,111,1,0,0,0,0,154,26,127,42,111,59,10.2131086745646,13.2490083630634,0.353529360036738,2020-06-29,2020,6
"4773","MG",3,"Sudeste",31043,"Divinópolis",567507,27258.1728047407,27,137,19,118,29,108,1,0,0,0,0,138,19,118,29,108,77,10.2131086745646,13.2490083630634,0.349923118169356,2020-07-06,2020,7
"4774","MG",3,"Sudeste",31043,"Divinópolis",567507,27258.1728047407,28,135,21,114,33,102,1,0,0,0,0,136,21,114,33,102,67,10.2131086745646,13.2490083630634,0.34521966209629,2020-07-13,2020,7
"4775","MG",3,"Sudeste",31043,"Divinópolis",567507,27258.1728047407,29,159,23,136,43,116,3,0,0,0,0,162,23,136,43,116,57,10.2131086745646,13.2490083630634,0.347681012792674,2020-07-20,2020,7
"4776","MG",3,"Sudeste",31044,"Formiga",160172,26563.2997733062,5,27,3,24,3,24,0,0,0,0,0,27,3,24,3,24,20,10.1872858343262,11.9840035168172,0.296855778022677,2020-02-03,2020,2
"4777","MG",3,"Sudeste",31044,"Formiga",160172,26563.2997733062,6,23,8,15,3,20,1,0,0,0,0,24,8,15,3,20,27,10.1872858343262,11.9840035168172,0.29020579122497,2020-02-10,2020,2
"4778","MG",3,"Sudeste",31044,"Formiga",160172,26563.2997733062,7,23,4,19,4,19,2,0,0,0,0,25,4,19,4,19,23,10.1872858343262,11.9840035168172,0.293855876614979,2020-02-17,2020,2
"4779","MG",3,"Sudeste",31044,"Formiga",160172,26563.2997733062,8,39,6,33,11,28,0,0,0,0,0,39,6,33,11,28,22,10.1872858343262,11.9840035168172,0.346570698301551,2020-02-24,2020,2
"4780","MG",3,"Sudeste",31044,"Formiga",160172,26563.2997733062,9,25,3,22,5,20,0,0,0,0,0,25,3,22,5,20,32,10.1872858343262,11.9840035168172,0.325131090106934,2020-03-02,2020,3
"4781","MG",3,"Sudeste",31044,"Formiga",160172,26563.2997733062,10,28,1,27,10,18,0,0,0,0,0,28,1,27,10,18,28,10.1872858343262,11.9840035168172,0.323655817541077,2020-03-09,2020,3
"4782","MG",3,"Sudeste",31044,"Formiga",160172,26563.2997733062,11,37,5,32,11,26,0,0,0,0,0,37,5,32,11,26,24,10.1872858343262,11.9840035168172,0.394124901653313,2020-03-16,2020,3
"4783","MG",3,"Sudeste",31044,"Formiga",160172,26563.2997733062,12,17,3,14,4,13,0,0,0,0,0,17,3,14,4,13,20,10.1872858343262,11.9840035168172,0.493122479793936,2020-03-23,2020,3
"4784","MG",3,"Sudeste",31044,"Formiga",160172,26563.2997733062,13,41,9,32,14,27,1,0,0,0,0,42,9,32,14,27,26,10.1872858343262,11.9840035168172,0.458650307527366,2020-03-30,2020,3
"4785","MG",3,"Sudeste",31044,"Formiga",160172,26563.2997733062,14,22,3,19,8,14,0,0,0,0,0,22,3,19,8,14,15,10.1872858343262,11.9840035168172,0.450950043325646,2020-04-06,2020,4
"4786","MG",3,"Sudeste",31044,"Formiga",160172,26563.2997733062,15,32,8,24,6,26,1,0,0,0,0,33,8,24,6,26,22,10.1872858343262,11.9840035168172,0.411626675503377,2020-04-13,2020,4
"4787","MG",3,"Sudeste",31044,"Formiga",160172,26563.2997733062,16,40,8,32,8,32,0,0,0,0,0,40,8,32,8,32,27,10.1872858343262,11.9840035168172,0.424424990786508,2020-04-20,2020,4
"4788","MG",3,"Sudeste",31044,"Formiga",160172,26563.2997733062,17,23,5,18,6,17,0,0,0,0,0,23,5,18,6,17,26,10.1872858343262,11.9840035168172,0.411247750668131,2020-04-27,2020,4
"4789","MG",3,"Sudeste",31044,"Formiga",160172,26563.2997733062,18,27,3,24,3,24,0,0,0,0,0,27,3,24,3,24,19,10.1872858343262,11.9840035168172,0.374178417429812,2020-05-04,2020,5
"4790","MG",3,"Sudeste",31044,"Formiga",160172,26563.2997733062,19,32,5,27,6,26,0,0,0,0,0,32,5,27,6,26,22,10.1872858343262,11.9840035168172,0.386928545692366,2020-05-11,2020,5
"4791","MG",3,"Sudeste",31044,"Formiga",160172,26563.2997733062,20,22,5,17,11,11,0,0,0,0,0,22,5,17,11,11,20,10.1872858343262,11.9840035168172,0.381138895532076,2020-05-18,2020,5
"4792","MG",3,"Sudeste",31044,"Formiga",160172,26563.2997733062,21,25,2,23,9,16,0,0,0,0,0,25,2,23,9,16,22,10.1872858343262,11.9840035168172,0.37209423374654,2020-05-25,2020,5
"4793","MG",3,"Sudeste",31044,"Formiga",160172,26563.2997733062,22,42,8,34,12,30,0,0,0,0,0,42,8,34,12,30,24,10.1872858343262,11.9840035168172,0.370617919132307,2020-06-01,2020,6
"4794","MG",3,"Sudeste",31044,"Formiga",160172,26563.2997733062,23,32,3,29,6,26,1,0,0,0,0,33,3,29,6,26,20,10.1872858343262,11.9840035168172,0.37370190713474,2020-06-08,2020,6
"4795","MG",3,"Sudeste",31044,"Formiga",160172,26563.2997733062,24,45,10,35,16,29,0,0,0,0,0,45,10,35,16,29,21,10.1872858343262,11.9840035168172,0.355101610175308,2020-06-15,2020,6
"4796","MG",3,"Sudeste",31044,"Formiga",160172,26563.2997733062,25,39,8,31,15,24,0,0,0,0,0,39,8,31,15,24,37,10.1872858343262,11.9840035168172,0.364959616123623,2020-06-22,2020,6
"4797","MG",3,"Sudeste",31044,"Formiga",160172,26563.2997733062,26,28,5,23,4,24,0,0,0,0,0,28,5,23,4,24,34,10.1872858343262,11.9840035168172,0.367790822961007,2020-06-29,2020,6
"4798","MG",3,"Sudeste",31044,"Formiga",160172,26563.2997733062,27,32,5,27,11,21,0,0,0,0,0,32,5,27,11,21,26,10.1872858343262,11.9840035168172,0.36642413503722,2020-07-06,2020,7
"4799","MG",3,"Sudeste",31044,"Formiga",160172,26563.2997733062,28,24,2,22,8,16,0,0,0,0,0,24,2,22,8,16,28,10.1872858343262,11.9840035168172,0.361348402282501,2020-07-13,2020,7
"4800","MG",3,"Sudeste",31044,"Formiga",160172,26563.2997733062,29,29,6,23,9,20,1,0,0,0,0,30,6,23,9,20,22,10.1872858343262,11.9840035168172,0.361606925182902,2020-07-20,2020,7
"4801","MG",3,"Sudeste",31045,"Campo Belo",118440,18279.7296636271,5,20,3,17,7,13,0,0,0,0,0,20,3,17,7,13,19,9.81354805625695,11.6821617822155,0.28204849472077,2020-02-03,2020,2
"4802","MG",3,"Sudeste",31045,"Campo Belo",118440,18279.7296636271,6,19,4,15,8,11,0,0,0,0,0,19,4,15,8,11,21,9.81354805625695,11.6821617822155,0.266285468199572,2020-02-10,2020,2
"4803","MG",3,"Sudeste",31045,"Campo Belo",118440,18279.7296636271,7,13,2,11,3,10,0,0,0,0,0,13,2,11,3,10,22,9.81354805625695,11.6821617822155,0.28131468804315,2020-02-17,2020,2
"4804","MG",3,"Sudeste",31045,"Campo Belo",118440,18279.7296636271,8,28,8,20,9,19,0,0,0,0,0,28,8,20,9,19,11,9.81354805625695,11.6821617822155,0.327390770313543,2020-02-24,2020,2
"4805","MG",3,"Sudeste",31045,"Campo Belo",118440,18279.7296636271,9,26,4,22,7,19,0,0,0,0,0,26,4,22,7,19,19,9.81354805625695,11.6821617822155,0.310720635559122,2020-03-02,2020,3
"4806","MG",3,"Sudeste",31045,"Campo Belo",118440,18279.7296636271,10,16,5,11,10,6,0,0,0,0,0,16,5,11,10,6,18,9.81354805625695,11.6821617822155,0.311337161788374,2020-03-09,2020,3
"4807","MG",3,"Sudeste",31045,"Campo Belo",118440,18279.7296636271,11,15,5,10,5,10,0,0,0,0,0,15,5,10,5,10,24,9.81354805625695,11.6821617822155,0.375238103182625,2020-03-16,2020,3
"4808","MG",3,"Sudeste",31045,"Campo Belo",118440,18279.7296636271,12,21,6,15,10,11,0,0,0,0,0,21,6,15,10,11,17,9.81354805625695,11.6821617822155,0.511382356601596,2020-03-23,2020,3
"4809","MG",3,"Sudeste",31045,"Campo Belo",118440,18279.7296636271,13,16,4,12,5,11,1,0,0,0,0,17,4,12,5,11,14,9.81354805625695,11.6821617822155,0.438899797130277,2020-03-30,2020,3
"4810","MG",3,"Sudeste",31045,"Campo Belo",118440,18279.7296636271,14,19,5,14,3,16,0,0,0,0,0,19,5,14,3,16,15,9.81354805625695,11.6821617822155,0.41565657638659,2020-04-06,2020,4
"4811","MG",3,"Sudeste",31045,"Campo Belo",118440,18279.7296636271,15,25,6,19,11,14,0,0,0,0,0,25,6,19,11,14,13,9.81354805625695,11.6821617822155,0.380648423752379,2020-04-13,2020,4
"4812","MG",3,"Sudeste",31045,"Campo Belo",118440,18279.7296636271,16,28,4,24,16,12,0,0,0,0,0,28,4,24,16,12,14,9.81354805625695,11.6821617822155,0.377884757393592,2020-04-20,2020,4
"4813","MG",3,"Sudeste",31045,"Campo Belo",118440,18279.7296636271,17,24,8,16,5,19,0,0,0,0,0,24,8,16,5,19,10,9.81354805625695,11.6821617822155,0.369879764998182,2020-04-27,2020,4
"4814","MG",3,"Sudeste",31045,"Campo Belo",118440,18279.7296636271,18,21,4,17,7,14,0,0,0,0,0,21,4,17,7,14,25,9.81354805625695,11.6821617822155,0.352215612857836,2020-05-04,2020,5
"4815","MG",3,"Sudeste",31045,"Campo Belo",118440,18279.7296636271,19,36,8,28,16,20,1,0,0,0,0,37,8,28,16,20,10,9.81354805625695,11.6821617822155,0.352985033391257,2020-05-11,2020,5
"4816","MG",3,"Sudeste",31045,"Campo Belo",118440,18279.7296636271,20,27,10,17,9,18,1,0,0,0,0,28,10,17,9,18,18,9.81354805625695,11.6821617822155,0.368945289503815,2020-05-18,2020,5
"4817","MG",3,"Sudeste",31045,"Campo Belo",118440,18279.7296636271,21,26,8,18,9,17,0,0,0,0,0,26,8,18,9,17,22,9.81354805625695,11.6821617822155,0.346137014935569,2020-05-25,2020,5
"4818","MG",3,"Sudeste",31045,"Campo Belo",118440,18279.7296636271,22,24,9,15,8,16,0,0,0,0,0,24,9,15,8,16,24,9.81354805625695,11.6821617822155,0.351534814814212,2020-06-01,2020,6
"4819","MG",3,"Sudeste",31045,"Campo Belo",118440,18279.7296636271,23,31,6,25,11,20,1,0,0,0,0,32,6,25,11,20,31,9.81354805625695,11.6821617822155,0.360762237710854,2020-06-08,2020,6
"4820","MG",3,"Sudeste",31045,"Campo Belo",118440,18279.7296636271,24,18,6,12,10,8,0,0,0,0,0,18,6,12,10,8,23,9.81354805625695,11.6821617822155,0.346065707758292,2020-06-15,2020,6
"4821","MG",3,"Sudeste",31045,"Campo Belo",118440,18279.7296636271,25,25,2,23,7,18,0,0,0,0,0,25,2,23,7,18,14,9.81354805625695,11.6821617822155,0.352182252964259,2020-06-22,2020,6
"4822","MG",3,"Sudeste",31045,"Campo Belo",118440,18279.7296636271,26,24,6,18,8,16,0,0,0,0,0,24,6,18,8,16,12,9.81354805625695,11.6821617822155,0.363022855644003,2020-06-29,2020,6
"4823","MG",3,"Sudeste",31045,"Campo Belo",118440,18279.7296636271,27,16,4,12,10,6,0,0,0,0,0,16,4,12,10,6,23,9.81354805625695,11.6821617822155,0.364151447622413,2020-07-06,2020,7
"4824","MG",3,"Sudeste",31045,"Campo Belo",118440,18279.7296636271,28,33,7,26,9,24,0,0,0,0,0,33,7,26,9,24,24,9.81354805625695,11.6821617822155,0.35168461751667,2020-07-13,2020,7
"4825","MG",3,"Sudeste",31045,"Campo Belo",118440,18279.7296636271,29,29,9,20,6,23,0,0,0,0,0,29,9,20,6,23,23,9.81354805625695,11.6821617822155,0.341556029848511,2020-07-20,2020,7
"4826","MG",3,"Sudeste",31046,"Oliveira",133101,19258.5326804457,5,20,5,15,8,12,0,0,0,0,0,20,5,15,8,12,11,9.865709497634,11.798863517503,0.284517328514881,2020-02-03,2020,2
"4827","MG",3,"Sudeste",31046,"Oliveira",133101,19258.5326804457,6,24,4,20,5,19,1,0,0,0,0,25,4,20,5,19,24,9.865709497634,11.798863517503,0.272783621882465,2020-02-10,2020,2
"4828","MG",3,"Sudeste",31046,"Oliveira",133101,19258.5326804457,7,26,3,23,11,15,0,0,0,0,0,26,3,23,11,15,21,9.865709497634,11.798863517503,0.274808279144898,2020-02-17,2020,2
"4829","MG",3,"Sudeste",31046,"Oliveira",133101,19258.5326804457,8,22,3,19,4,18,0,0,0,0,0,22,3,19,4,18,19,9.865709497634,11.798863517503,0.328339775591283,2020-02-24,2020,2
"4830","MG",3,"Sudeste",31046,"Oliveira",133101,19258.5326804457,9,27,5,22,14,13,0,0,0,0,0,27,5,22,14,13,17,9.865709497634,11.798863517503,0.316689184501625,2020-03-02,2020,3
"4831","MG",3,"Sudeste",31046,"Oliveira",133101,19258.5326804457,10,32,4,28,12,20,0,0,0,0,0,32,4,28,12,20,16,9.865709497634,11.798863517503,0.306519262438444,2020-03-09,2020,3
"4832","MG",3,"Sudeste",31046,"Oliveira",133101,19258.5326804457,11,20,2,18,8,12,0,0,0,0,0,20,2,18,8,12,21,9.865709497634,11.798863517503,0.370224475981028,2020-03-16,2020,3
"4833","MG",3,"Sudeste",31046,"Oliveira",133101,19258.5326804457,12,24,3,21,8,16,0,0,0,0,0,24,3,21,8,16,22,9.865709497634,11.798863517503,0.45052939268159,2020-03-23,2020,3
"4834","MG",3,"Sudeste",31046,"Oliveira",133101,19258.5326804457,13,27,4,23,10,17,0,0,0,0,0,27,4,23,10,17,14,9.865709497634,11.798863517503,0.406180734498445,2020-03-30,2020,3
"4835","MG",3,"Sudeste",31046,"Oliveira",133101,19258.5326804457,14,20,3,17,3,17,2,0,0,0,0,22,3,17,3,17,24,9.865709497634,11.798863517503,0.408596105437411,2020-04-06,2020,4
"4836","MG",3,"Sudeste",31046,"Oliveira",133101,19258.5326804457,15,27,3,24,10,17,0,0,0,0,0,27,3,24,10,17,25,9.865709497634,11.798863517503,0.371793654872392,2020-04-13,2020,4
"4837","MG",3,"Sudeste",31046,"Oliveira",133101,19258.5326804457,16,25,4,21,8,17,2,0,0,0,0,27,4,21,8,17,20,9.865709497634,11.798863517503,0.384432095446153,2020-04-20,2020,4
"4838","MG",3,"Sudeste",31046,"Oliveira",133101,19258.5326804457,17,23,2,21,5,18,0,0,0,0,0,23,2,21,5,18,17,9.865709497634,11.798863517503,0.380637098607498,2020-04-27,2020,4
"4839","MG",3,"Sudeste",31046,"Oliveira",133101,19258.5326804457,18,26,5,21,12,14,0,0,0,0,0,26,5,21,12,14,20,9.865709497634,11.798863517503,0.354752399652046,2020-05-04,2020,5
"4840","MG",3,"Sudeste",31046,"Oliveira",133101,19258.5326804457,19,16,4,12,8,8,0,0,0,0,0,16,4,12,8,8,20,9.865709497634,11.798863517503,0.37253740834459,2020-05-11,2020,5
"4841","MG",3,"Sudeste",31046,"Oliveira",133101,19258.5326804457,20,21,1,20,6,15,0,0,0,0,0,21,1,20,6,15,16,9.865709497634,11.798863517503,0.369172615394548,2020-05-18,2020,5
"4842","MG",3,"Sudeste",31046,"Oliveira",133101,19258.5326804457,21,24,7,17,8,16,1,0,0,0,0,25,7,17,8,16,17,9.865709497634,11.798863517503,0.356784027918667,2020-05-25,2020,5
"4843","MG",3,"Sudeste",31046,"Oliveira",133101,19258.5326804457,22,28,7,21,9,19,0,0,0,0,0,28,7,21,9,19,25,9.865709497634,11.798863517503,0.365461639080569,2020-06-01,2020,6
"4844","MG",3,"Sudeste",31046,"Oliveira",133101,19258.5326804457,23,24,4,20,7,17,2,0,0,0,0,26,4,20,7,17,18,9.865709497634,11.798863517503,0.356716289347079,2020-06-08,2020,6
"4845","MG",3,"Sudeste",31046,"Oliveira",133101,19258.5326804457,24,22,6,16,2,20,0,0,0,0,0,22,6,16,2,20,14,9.865709497634,11.798863517503,0.342487090361177,2020-06-15,2020,6
"4846","MG",3,"Sudeste",31046,"Oliveira",133101,19258.5326804457,25,16,2,14,8,8,0,0,0,0,0,16,2,14,8,8,17,9.865709497634,11.798863517503,0.34244618539812,2020-06-22,2020,6
"4847","MG",3,"Sudeste",31046,"Oliveira",133101,19258.5326804457,26,20,5,15,6,14,1,0,0,0,0,21,5,15,6,14,28,9.865709497634,11.798863517503,0.346724672754115,2020-06-29,2020,6
"4848","MG",3,"Sudeste",31046,"Oliveira",133101,19258.5326804457,27,31,6,25,13,18,0,0,0,0,0,31,6,25,13,18,25,9.865709497634,11.798863517503,0.344897914491154,2020-07-06,2020,7
"4849","MG",3,"Sudeste",31046,"Oliveira",133101,19258.5326804457,28,29,4,25,13,16,0,0,0,0,0,29,4,25,13,16,24,9.865709497634,11.798863517503,0.342806032897553,2020-07-13,2020,7
"4850","MG",3,"Sudeste",31046,"Oliveira",133101,19258.5326804457,29,21,1,20,4,17,0,0,0,0,0,21,1,20,4,17,22,9.865709497634,11.798863517503,0.346139246253313,2020-07-20,2020,7
"4851","MG",3,"Sudeste",31047,"Passos",242982,24515.7969224881,5,41,9,32,20,21,0,0,0,0,0,41,9,32,20,21,30,10.1070729611029,12.400742645505,0.306028604619684,2020-02-03,2020,2
"4852","MG",3,"Sudeste",31047,"Passos",242982,24515.7969224881,6,47,9,38,15,32,2,0,0,0,0,49,9,38,15,32,22,10.1070729611029,12.400742645505,0.294179754449612,2020-02-10,2020,2
"4853","MG",3,"Sudeste",31047,"Passos",242982,24515.7969224881,7,59,22,37,18,41,0,0,0,0,0,59,22,37,18,41,29,10.1070729611029,12.400742645505,0.303638456072679,2020-02-17,2020,2
"4854","MG",3,"Sudeste",31047,"Passos",242982,24515.7969224881,8,63,20,43,21,42,0,0,0,0,0,63,20,43,21,42,21,10.1070729611029,12.400742645505,0.343765775497374,2020-02-24,2020,2
"4855","MG",3,"Sudeste",31047,"Passos",242982,24515.7969224881,9,44,15,29,12,32,1,0,0,0,0,45,15,29,12,32,31,10.1070729611029,12.400742645505,0.312003701249007,2020-03-02,2020,3
"4856","MG",3,"Sudeste",31047,"Passos",242982,24515.7969224881,10,42,10,32,14,28,0,0,0,0,0,42,10,32,14,28,28,10.1070729611029,12.400742645505,0.322413750165278,2020-03-09,2020,3
"4857","MG",3,"Sudeste",31047,"Passos",242982,24515.7969224881,11,52,20,32,13,39,0,0,0,0,0,52,20,32,13,39,37,10.1070729611029,12.400742645505,0.407375617803559,2020-03-16,2020,3
"4858","MG",3,"Sudeste",31047,"Passos",242982,24515.7969224881,12,42,10,32,18,24,0,0,0,0,0,42,10,32,18,24,34,10.1070729611029,12.400742645505,0.52116341754441,2020-03-23,2020,3
"4859","MG",3,"Sudeste",31047,"Passos",242982,24515.7969224881,13,36,3,33,11,25,0,0,0,0,0,36,3,33,11,25,23,10.1070729611029,12.400742645505,0.477380719707628,2020-03-30,2020,3
"4860","MG",3,"Sudeste",31047,"Passos",242982,24515.7969224881,14,56,15,41,23,33,1,0,0,0,0,57,15,41,23,33,36,10.1070729611029,12.400742645505,0.458251537345751,2020-04-06,2020,4
"4861","MG",3,"Sudeste",31047,"Passos",242982,24515.7969224881,15,45,12,33,14,31,0,0,0,0,0,45,12,33,14,31,31,10.1070729611029,12.400742645505,0.419071785488441,2020-04-13,2020,4
"4862","MG",3,"Sudeste",31047,"Passos",242982,24515.7969224881,16,56,9,47,26,30,0,0,0,0,0,56,9,47,26,30,24,10.1070729611029,12.400742645505,0.431635700448778,2020-04-20,2020,4
"4863","MG",3,"Sudeste",31047,"Passos",242982,24515.7969224881,17,49,14,35,17,32,1,0,0,0,0,50,14,35,17,32,25,10.1070729611029,12.400742645505,0.412970368699452,2020-04-27,2020,4
"4864","MG",3,"Sudeste",31047,"Passos",242982,24515.7969224881,18,58,14,44,32,26,1,0,0,0,0,59,14,44,32,26,37,10.1070729611029,12.400742645505,0.385189572466867,2020-05-04,2020,5
"4865","MG",3,"Sudeste",31047,"Passos",242982,24515.7969224881,19,49,11,38,22,27,0,0,0,0,0,49,11,38,22,27,27,10.1070729611029,12.400742645505,0.399456731753169,2020-05-11,2020,5
"4866","MG",3,"Sudeste",31047,"Passos",242982,24515.7969224881,20,69,17,52,27,42,0,0,0,0,0,69,17,52,27,42,35,10.1070729611029,12.400742645505,0.407454155974503,2020-05-18,2020,5
"4867","MG",3,"Sudeste",31047,"Passos",242982,24515.7969224881,21,67,11,56,21,46,1,0,0,0,0,68,11,56,21,46,44,10.1070729611029,12.400742645505,0.39493433472314,2020-05-25,2020,5
"4868","MG",3,"Sudeste",31047,"Passos",242982,24515.7969224881,22,69,13,56,16,53,1,0,0,0,0,70,13,56,16,53,42,10.1070729611029,12.400742645505,0.383485830171756,2020-06-01,2020,6
"4869","MG",3,"Sudeste",31047,"Passos",242982,24515.7969224881,23,55,10,45,23,32,1,0,0,0,0,56,10,45,23,32,25,10.1070729611029,12.400742645505,0.388648763536605,2020-06-08,2020,6
"4870","MG",3,"Sudeste",31047,"Passos",242982,24515.7969224881,24,60,13,47,23,37,0,0,0,0,0,60,13,47,23,37,26,10.1070729611029,12.400742645505,0.377828877875051,2020-06-15,2020,6
"4871","MG",3,"Sudeste",31047,"Passos",242982,24515.7969224881,25,47,11,36,25,22,0,0,0,0,0,47,11,36,25,22,34,10.1070729611029,12.400742645505,0.375121438926007,2020-06-22,2020,6
"4872","MG",3,"Sudeste",31047,"Passos",242982,24515.7969224881,26,49,13,36,19,30,0,0,0,0,0,49,13,36,19,30,29,10.1070729611029,12.400742645505,0.389120668683918,2020-06-29,2020,6
"4873","MG",3,"Sudeste",31047,"Passos",242982,24515.7969224881,27,47,11,36,21,26,0,0,0,0,0,47,11,36,21,26,31,10.1070729611029,12.400742645505,0.390164765025531,2020-07-06,2020,7
"4874","MG",3,"Sudeste",31047,"Passos",242982,24515.7969224881,28,51,17,34,20,31,1,0,0,0,0,52,17,34,20,31,20,10.1070729611029,12.400742645505,0.385323842008555,2020-07-13,2020,7
"4875","MG",3,"Sudeste",31047,"Passos",242982,24515.7969224881,29,56,9,47,12,44,0,0,0,0,0,56,9,47,12,44,45,10.1070729611029,12.400742645505,0.396372490384945,2020-07-20,2020,7
"4876","MG",3,"Sudeste",31048,"São Sebastião do Paraíso",279679,24149.0316262572,5,55,15,40,18,37,0,0,0,0,0,55,15,40,18,37,48,10.0919995599851,12.541397795928,0.306005585861943,2020-02-03,2020,2
"4877","MG",3,"Sudeste",31048,"São Sebastião do Paraíso",279679,24149.0316262572,6,57,18,39,17,40,1,0,0,0,0,58,18,39,17,40,38,10.0919995599851,12.541397795928,0.297391035601748,2020-02-10,2020,2
"4878","MG",3,"Sudeste",31048,"São Sebastião do Paraíso",279679,24149.0316262572,7,52,13,39,14,38,0,0,0,0,0,52,13,39,14,38,54,10.0919995599851,12.541397795928,0.301942770502755,2020-02-17,2020,2
"4879","MG",3,"Sudeste",31048,"São Sebastião do Paraíso",279679,24149.0316262572,8,58,17,41,19,39,1,0,0,0,0,59,17,41,19,39,37,10.0919995599851,12.541397795928,0.357942387444748,2020-02-24,2020,2
"4880","MG",3,"Sudeste",31048,"São Sebastião do Paraíso",279679,24149.0316262572,9,45,9,36,19,26,0,0,0,0,0,45,9,36,19,26,36,10.0919995599851,12.541397795928,0.320616237574062,2020-03-02,2020,3
"4881","MG",3,"Sudeste",31048,"São Sebastião do Paraíso",279679,24149.0316262572,10,52,19,33,18,34,0,0,0,0,0,52,19,33,18,34,43,10.0919995599851,12.541397795928,0.329364174110963,2020-03-09,2020,3
"4882","MG",3,"Sudeste",31048,"São Sebastião do Paraíso",279679,24149.0316262572,11,45,12,33,11,34,0,0,0,0,0,45,12,33,11,34,36,10.0919995599851,12.541397795928,0.410132064450669,2020-03-16,2020,3
"4883","MG",3,"Sudeste",31048,"São Sebastião do Paraíso",279679,24149.0316262572,12,51,14,37,18,33,0,0,0,0,0,51,14,37,18,33,43,10.0919995599851,12.541397795928,0.506364595730831,2020-03-23,2020,3
"4884","MG",3,"Sudeste",31048,"São Sebastião do Paraíso",279679,24149.0316262572,13,50,10,40,18,32,0,0,0,0,0,50,10,40,18,32,36,10.0919995599851,12.541397795928,0.456384407938127,2020-03-30,2020,3
"4885","MG",3,"Sudeste",31048,"São Sebastião do Paraíso",279679,24149.0316262572,14,44,9,35,14,30,1,0,0,0,0,45,9,35,14,30,47,10.0919995599851,12.541397795928,0.452113448706796,2020-04-06,2020,4
"4886","MG",3,"Sudeste",31048,"São Sebastião do Paraíso",279679,24149.0316262572,15,52,22,30,20,32,0,0,0,0,0,52,22,30,20,32,32,10.0919995599851,12.541397795928,0.427458587064076,2020-04-13,2020,4
"4887","MG",3,"Sudeste",31048,"São Sebastião do Paraíso",279679,24149.0316262572,16,56,15,41,18,38,0,0,0,0,0,56,15,41,18,38,54,10.0919995599851,12.541397795928,0.428870937597396,2020-04-20,2020,4
"4888","MG",3,"Sudeste",31048,"São Sebastião do Paraíso",279679,24149.0316262572,17,55,12,43,19,36,1,0,0,0,0,56,12,43,19,36,42,10.0919995599851,12.541397795928,0.412801774606669,2020-04-27,2020,4
"4889","MG",3,"Sudeste",31048,"São Sebastião do Paraíso",279679,24149.0316262572,18,44,3,41,9,35,0,0,0,0,0,44,3,41,9,35,42,10.0919995599851,12.541397795928,0.394316006518922,2020-05-04,2020,5
"4890","MG",3,"Sudeste",31048,"São Sebastião do Paraíso",279679,24149.0316262572,19,64,13,51,26,38,1,0,0,0,0,65,13,51,26,38,30,10.0919995599851,12.541397795928,0.386167795821071,2020-05-11,2020,5
"4891","MG",3,"Sudeste",31048,"São Sebastião do Paraíso",279679,24149.0316262572,20,60,18,42,30,30,0,0,0,0,0,60,18,42,30,30,43,10.0919995599851,12.541397795928,0.395319465931128,2020-05-18,2020,5
"4892","MG",3,"Sudeste",31048,"São Sebastião do Paraíso",279679,24149.0316262572,21,61,11,50,22,39,0,0,0,0,0,61,11,50,22,39,44,10.0919995599851,12.541397795928,0.38738118126749,2020-05-25,2020,5
"4893","MG",3,"Sudeste",31048,"São Sebastião do Paraíso",279679,24149.0316262572,22,78,19,59,23,55,1,0,0,0,0,79,19,59,23,55,46,10.0919995599851,12.541397795928,0.387600978856724,2020-06-01,2020,6
"4894","MG",3,"Sudeste",31048,"São Sebastião do Paraíso",279679,24149.0316262572,23,67,21,46,28,39,0,0,0,0,0,67,21,46,28,39,45,10.0919995599851,12.541397795928,0.379516516419816,2020-06-08,2020,6
"4895","MG",3,"Sudeste",31048,"São Sebastião do Paraíso",279679,24149.0316262572,24,61,15,46,25,36,0,0,0,0,0,61,15,46,25,36,47,10.0919995599851,12.541397795928,0.369860123153191,2020-06-15,2020,6
"4896","MG",3,"Sudeste",31048,"São Sebastião do Paraíso",279679,24149.0316262572,25,74,21,53,25,49,0,0,0,0,0,74,21,53,25,49,41,10.0919995599851,12.541397795928,0.380391147756206,2020-06-22,2020,6
"4897","MG",3,"Sudeste",31048,"São Sebastião do Paraíso",279679,24149.0316262572,26,50,12,38,15,35,1,0,0,0,0,51,12,38,15,35,43,10.0919995599851,12.541397795928,0.393563571964373,2020-06-29,2020,6
"4898","MG",3,"Sudeste",31048,"São Sebastião do Paraíso",279679,24149.0316262572,27,54,17,37,13,41,0,0,0,0,0,54,17,37,13,41,29,10.0919995599851,12.541397795928,0.389395500249294,2020-07-06,2020,7
"4899","MG",3,"Sudeste",31048,"São Sebastião do Paraíso",279679,24149.0316262572,28,59,9,50,18,41,0,0,0,0,0,59,9,50,18,41,30,10.0919995599851,12.541397795928,0.381178392624934,2020-07-13,2020,7
"4900","MG",3,"Sudeste",31048,"São Sebastião do Paraíso",279679,24149.0316262572,29,64,15,49,29,35,0,0,0,0,0,64,15,49,29,35,50,10.0919995599851,12.541397795928,0.385624144488502,2020-07-20,2020,7
"4901","MG",3,"Sudeste",31049,"Alfenas",242312,24410.5343431196,5,60,12,48,14,46,0,0,0,0,0,60,12,48,14,46,32,10.1027700534841,12.39798143096,0.305650323482613,2020-02-03,2020,2
"4902","MG",3,"Sudeste",31049,"Alfenas",242312,24410.5343431196,6,47,11,36,14,33,0,0,0,0,0,47,11,36,14,33,27,10.1027700534841,12.39798143096,0.294129387418493,2020-02-10,2020,2
"4903","MG",3,"Sudeste",31049,"Alfenas",242312,24410.5343431196,7,44,10,34,16,28,0,0,0,0,0,44,10,34,16,28,39,10.1027700534841,12.39798143096,0.299374232394675,2020-02-17,2020,2
"4904","MG",3,"Sudeste",31049,"Alfenas",242312,24410.5343431196,8,47,16,31,22,25,0,0,0,0,0,47,16,31,22,25,26,10.1027700534841,12.39798143096,0.355753238370273,2020-02-24,2020,2
"4905","MG",3,"Sudeste",31049,"Alfenas",242312,24410.5343431196,9,65,17,48,24,41,0,0,0,0,0,65,17,48,24,41,29,10.1027700534841,12.39798143096,0.324716155904281,2020-03-02,2020,3
"4906","MG",3,"Sudeste",31049,"Alfenas",242312,24410.5343431196,10,38,8,30,9,29,0,0,0,0,0,38,8,30,9,29,24,10.1027700534841,12.39798143096,0.316916420970097,2020-03-09,2020,3
"4907","MG",3,"Sudeste",31049,"Alfenas",242312,24410.5343431196,11,48,17,31,19,29,0,0,0,0,0,48,17,31,19,29,37,10.1027700534841,12.39798143096,0.405218844970397,2020-03-16,2020,3
"4908","MG",3,"Sudeste",31049,"Alfenas",242312,24410.5343431196,12,36,10,26,11,25,0,0,0,0,0,36,10,26,11,25,35,10.1027700534841,12.39798143096,0.508547265845078,2020-03-23,2020,3
"4909","MG",3,"Sudeste",31049,"Alfenas",242312,24410.5343431196,13,38,9,29,15,23,0,0,0,0,0,38,9,29,15,23,36,10.1027700534841,12.39798143096,0.457849220355163,2020-03-30,2020,3
"4910","MG",3,"Sudeste",31049,"Alfenas",242312,24410.5343431196,14,34,6,28,13,21,0,0,0,0,0,34,6,28,13,21,38,10.1027700534841,12.39798143096,0.452525150953511,2020-04-06,2020,4
"4911","MG",3,"Sudeste",31049,"Alfenas",242312,24410.5343431196,15,51,9,42,15,36,1,0,0,0,0,52,9,42,15,36,22,10.1027700534841,12.39798143096,0.420469773265557,2020-04-13,2020,4
"4912","MG",3,"Sudeste",31049,"Alfenas",242312,24410.5343431196,16,55,9,46,29,26,0,0,0,0,0,55,9,46,29,26,30,10.1027700534841,12.39798143096,0.418714591355403,2020-04-20,2020,4
"4913","MG",3,"Sudeste",31049,"Alfenas",242312,24410.5343431196,17,47,19,28,15,32,0,0,0,0,0,47,19,28,15,32,34,10.1027700534841,12.39798143096,0.404718706401742,2020-04-27,2020,4
"4914","MG",3,"Sudeste",31049,"Alfenas",242312,24410.5343431196,18,55,17,38,13,42,0,0,0,0,0,55,17,38,13,42,19,10.1027700534841,12.39798143096,0.385633547734763,2020-05-04,2020,5
"4915","MG",3,"Sudeste",31049,"Alfenas",242312,24410.5343431196,19,53,11,42,14,39,0,0,0,0,0,53,11,42,14,39,35,10.1027700534841,12.39798143096,0.38962992754171,2020-05-11,2020,5
"4916","MG",3,"Sudeste",31049,"Alfenas",242312,24410.5343431196,20,64,15,49,23,41,0,0,0,0,0,64,15,49,23,41,34,10.1027700534841,12.39798143096,0.394909951812758,2020-05-18,2020,5
"4917","MG",3,"Sudeste",31049,"Alfenas",242312,24410.5343431196,21,63,17,46,27,36,0,0,0,0,0,63,17,46,27,36,33,10.1027700534841,12.39798143096,0.376859477009907,2020-05-25,2020,5
"4918","MG",3,"Sudeste",31049,"Alfenas",242312,24410.5343431196,22,57,14,43,16,41,0,0,0,0,0,57,14,43,16,41,35,10.1027700534841,12.39798143096,0.382204804610507,2020-06-01,2020,6
"4919","MG",3,"Sudeste",31049,"Alfenas",242312,24410.5343431196,23,64,17,47,25,39,0,0,0,0,0,64,17,47,25,39,36,10.1027700534841,12.39798143096,0.377902497122602,2020-06-08,2020,6
"4920","MG",3,"Sudeste",31049,"Alfenas",242312,24410.5343431196,24,52,7,45,20,32,0,0,0,0,0,52,7,45,20,32,24,10.1027700534841,12.39798143096,0.365986871779817,2020-06-15,2020,6
"4921","MG",3,"Sudeste",31049,"Alfenas",242312,24410.5343431196,25,45,13,32,21,24,1,0,0,0,0,46,13,32,21,24,32,10.1027700534841,12.39798143096,0.373306413150873,2020-06-22,2020,6
"4922","MG",3,"Sudeste",31049,"Alfenas",242312,24410.5343431196,26,54,12,42,22,32,1,0,0,0,0,55,12,42,22,32,30,10.1027700534841,12.39798143096,0.37793139022172,2020-06-29,2020,6
"4923","MG",3,"Sudeste",31049,"Alfenas",242312,24410.5343431196,27,55,13,42,23,32,0,0,0,0,0,55,13,42,23,32,35,10.1027700534841,12.39798143096,0.377678022102219,2020-07-06,2020,7
"4924","MG",3,"Sudeste",31049,"Alfenas",242312,24410.5343431196,28,47,12,35,18,29,0,0,0,0,0,47,12,35,18,29,40,10.1027700534841,12.39798143096,0.376584181277152,2020-07-13,2020,7
"4925","MG",3,"Sudeste",31049,"Alfenas",242312,24410.5343431196,29,66,17,49,30,36,0,0,0,0,0,66,17,49,30,36,34,10.1027700534841,12.39798143096,0.371313196367844,2020-07-20,2020,7
"4926","MG",3,"Sudeste",31050,"Varginha",475649,27088.3329892421,5,130,27,103,43,87,1,0,0,0,0,131,27,103,43,87,60,10.2068583971666,13.0724354662462,0.292476749780996,2020-02-03,2020,2
"4927","MG",3,"Sudeste",31050,"Varginha",475649,27088.3329892421,6,91,16,75,34,57,1,0,0,0,0,92,16,75,34,57,69,10.2068583971666,13.0724354662462,0.289860685523342,2020-02-10,2020,2
"4928","MG",3,"Sudeste",31050,"Varginha",475649,27088.3329892421,7,97,17,80,28,69,1,0,0,0,0,98,17,80,28,69,47,10.2068583971666,13.0724354662462,0.294548488370402,2020-02-17,2020,2
"4929","MG",3,"Sudeste",31050,"Varginha",475649,27088.3329892421,8,113,28,85,39,74,0,0,0,0,0,113,28,85,39,74,49,10.2068583971666,13.0724354662462,0.346666374215102,2020-02-24,2020,2
"4930","MG",3,"Sudeste",31050,"Varginha",475649,27088.3329892421,9,96,17,79,35,61,1,0,0,0,0,97,17,79,35,61,86,10.2068583971666,13.0724354662462,0.312103934277603,2020-03-02,2020,3
"4931","MG",3,"Sudeste",31050,"Varginha",475649,27088.3329892421,10,116,19,97,48,68,2,0,0,0,0,118,19,97,48,68,49,10.2068583971666,13.0724354662462,0.311841963300579,2020-03-09,2020,3
"4932","MG",3,"Sudeste",31050,"Varginha",475649,27088.3329892421,11,112,22,90,44,68,2,0,0,0,0,114,22,90,44,68,73,10.2068583971666,13.0724354662462,0.398937363205413,2020-03-16,2020,3
"4933","MG",3,"Sudeste",31050,"Varginha",475649,27088.3329892421,12,94,19,75,31,63,0,0,0,0,0,94,19,75,31,63,72,10.2068583971666,13.0724354662462,0.49714507617106,2020-03-23,2020,3
"4934","MG",3,"Sudeste",31050,"Varginha",475649,27088.3329892421,13,97,17,80,36,61,0,0,0,0,0,97,17,80,36,61,51,10.2068583971666,13.0724354662462,0.453673651085968,2020-03-30,2020,3
"4935","MG",3,"Sudeste",31050,"Varginha",475649,27088.3329892421,14,95,19,76,32,63,0,0,0,0,0,95,19,76,32,63,46,10.2068583971666,13.0724354662462,0.447392623558393,2020-04-06,2020,4
"4936","MG",3,"Sudeste",31050,"Varginha",475649,27088.3329892421,15,102,23,79,40,62,0,0,0,0,0,102,23,79,40,62,51,10.2068583971666,13.0724354662462,0.418825160116779,2020-04-13,2020,4
"4937","MG",3,"Sudeste",31050,"Varginha",475649,27088.3329892421,16,93,25,68,31,62,0,0,0,0,0,93,25,68,31,62,50,10.2068583971666,13.0724354662462,0.413812685666748,2020-04-20,2020,4
"4938","MG",3,"Sudeste",31050,"Varginha",475649,27088.3329892421,17,107,27,80,35,72,0,0,0,0,0,107,27,80,35,72,58,10.2068583971666,13.0724354662462,0.405319507777844,2020-04-27,2020,4
"4939","MG",3,"Sudeste",31050,"Varginha",475649,27088.3329892421,18,113,27,86,41,72,0,0,0,0,0,113,27,86,41,72,53,10.2068583971666,13.0724354662462,0.376595184078247,2020-05-04,2020,5
"4940","MG",3,"Sudeste",31050,"Varginha",475649,27088.3329892421,19,130,29,101,46,84,2,0,0,0,0,132,29,101,46,84,78,10.2068583971666,13.0724354662462,0.388322177027798,2020-05-11,2020,5
"4941","MG",3,"Sudeste",31050,"Varginha",475649,27088.3329892421,20,101,19,82,47,54,0,0,0,0,0,101,19,82,47,54,57,10.2068583971666,13.0724354662462,0.387393058928061,2020-05-18,2020,5
"4942","MG",3,"Sudeste",31050,"Varginha",475649,27088.3329892421,21,119,29,90,30,89,0,0,0,0,0,119,29,90,30,89,65,10.2068583971666,13.0724354662462,0.376404821937786,2020-05-25,2020,5
"4943","MG",3,"Sudeste",31050,"Varginha",475649,27088.3329892421,22,113,21,92,38,75,0,0,0,0,0,113,21,92,38,75,71,10.2068583971666,13.0724354662462,0.376268992455453,2020-06-01,2020,6
"4944","MG",3,"Sudeste",31050,"Varginha",475649,27088.3329892421,23,139,25,114,50,89,1,0,0,0,0,140,25,114,50,89,65,10.2068583971666,13.0724354662462,0.37203525602427,2020-06-08,2020,6
"4945","MG",3,"Sudeste",31050,"Varginha",475649,27088.3329892421,24,109,23,86,32,77,2,0,0,0,0,111,23,86,32,77,60,10.2068583971666,13.0724354662462,0.359996469458666,2020-06-15,2020,6
"4946","MG",3,"Sudeste",31050,"Varginha",475649,27088.3329892421,25,114,31,83,43,71,0,0,0,0,0,114,31,83,43,71,63,10.2068583971666,13.0724354662462,0.368741096250927,2020-06-22,2020,6
"4947","MG",3,"Sudeste",31050,"Varginha",475649,27088.3329892421,26,105,24,81,40,65,0,0,0,0,0,105,24,81,40,65,57,10.2068583971666,13.0724354662462,0.368728912435798,2020-06-29,2020,6
"4948","MG",3,"Sudeste",31050,"Varginha",475649,27088.3329892421,27,94,18,76,36,58,0,0,0,0,0,94,18,76,36,58,82,10.2068583971666,13.0724354662462,0.364315051261921,2020-07-06,2020,7
"4949","MG",3,"Sudeste",31050,"Varginha",475649,27088.3329892421,28,121,37,84,53,68,1,0,0,0,0,122,37,84,53,68,66,10.2068583971666,13.0724354662462,0.362295066687057,2020-07-13,2020,7
"4950","MG",3,"Sudeste",31050,"Varginha",475649,27088.3329892421,29,92,15,77,25,67,0,0,0,0,0,92,15,77,25,67,72,10.2068583971666,13.0724354662462,0.363703236292217,2020-07-20,2020,7
"4951","MG",3,"Sudeste",31051,"Poços de Caldas",373228,31537.837201255,5,65,16,49,21,44,0,0,0,0,0,65,16,49,21,44,54,10.3589432849652,12.8299447719362,0.301873642748475,2020-02-03,2020,2
"4952","MG",3,"Sudeste",31051,"Poços de Caldas",373228,31537.837201255,6,61,17,44,18,43,0,0,0,0,0,61,17,44,18,43,62,10.3589432849652,12.8299447719362,0.294746291014301,2020-02-10,2020,2
"4953","MG",3,"Sudeste",31051,"Poços de Caldas",373228,31537.837201255,7,76,21,55,26,50,0,0,0,0,0,76,21,55,26,50,69,10.3589432849652,12.8299447719362,0.295527066096232,2020-02-17,2020,2
"4954","MG",3,"Sudeste",31051,"Poços de Caldas",373228,31537.837201255,8,64,13,51,28,36,0,0,0,0,0,64,13,51,28,36,51,10.3589432849652,12.8299447719362,0.342145073980823,2020-02-24,2020,2
"4955","MG",3,"Sudeste",31051,"Poços de Caldas",373228,31537.837201255,9,70,23,47,22,48,0,0,0,0,0,70,23,47,22,48,53,10.3589432849652,12.8299447719362,0.31390779728267,2020-03-02,2020,3
"4956","MG",3,"Sudeste",31051,"Poços de Caldas",373228,31537.837201255,10,74,11,63,27,47,0,0,0,0,0,74,11,63,27,47,49,10.3589432849652,12.8299447719362,0.323434590155204,2020-03-09,2020,3
"4957","MG",3,"Sudeste",31051,"Poços de Caldas",373228,31537.837201255,11,61,13,48,25,36,0,0,0,0,0,61,13,48,25,36,51,10.3589432849652,12.8299447719362,0.425047669472753,2020-03-16,2020,3
"4958","MG",3,"Sudeste",31051,"Poços de Caldas",373228,31537.837201255,12,57,8,49,19,38,0,0,0,0,0,57,8,49,19,38,58,10.3589432849652,12.8299447719362,0.542940727475494,2020-03-23,2020,3
"4959","MG",3,"Sudeste",31051,"Poços de Caldas",373228,31537.837201255,13,62,13,49,27,35,0,0,0,0,0,62,13,49,27,35,50,10.3589432849652,12.8299447719362,0.490083569203536,2020-03-30,2020,3
"4960","MG",3,"Sudeste",31051,"Poços de Caldas",373228,31537.837201255,14,56,14,42,17,39,0,0,0,0,0,56,14,42,17,39,47,10.3589432849652,12.8299447719362,0.471971257090056,2020-04-06,2020,4
"4961","MG",3,"Sudeste",31051,"Poços de Caldas",373228,31537.837201255,15,64,14,50,21,43,0,0,0,0,0,64,14,50,21,43,36,10.3589432849652,12.8299447719362,0.438188316873742,2020-04-13,2020,4
"4962","MG",3,"Sudeste",31051,"Poços de Caldas",373228,31537.837201255,16,64,23,41,23,41,1,0,0,0,0,65,23,41,23,41,52,10.3589432849652,12.8299447719362,0.439375658330748,2020-04-20,2020,4
"4963","MG",3,"Sudeste",31051,"Poços de Caldas",373228,31537.837201255,17,69,16,53,24,45,0,0,0,0,0,69,16,53,24,45,42,10.3589432849652,12.8299447719362,0.425630377155945,2020-04-27,2020,4
"4964","MG",3,"Sudeste",31051,"Poços de Caldas",373228,31537.837201255,18,73,16,57,18,55,1,0,0,0,0,74,16,57,18,55,48,10.3589432849652,12.8299447719362,0.398464145443028,2020-05-04,2020,5
"4965","MG",3,"Sudeste",31051,"Poços de Caldas",373228,31537.837201255,19,67,15,52,30,37,0,0,0,0,0,67,15,52,30,37,70,10.3589432849652,12.8299447719362,0.403344714871622,2020-05-11,2020,5
"4966","MG",3,"Sudeste",31051,"Poços de Caldas",373228,31537.837201255,20,70,16,54,23,47,0,0,0,0,0,70,16,54,23,47,48,10.3589432849652,12.8299447719362,0.406083332377576,2020-05-18,2020,5
"4967","MG",3,"Sudeste",31051,"Poços de Caldas",373228,31537.837201255,21,87,19,68,34,53,1,0,0,0,0,88,19,68,34,53,62,10.3589432849652,12.8299447719362,0.391325157895853,2020-05-25,2020,5
"4968","MG",3,"Sudeste",31051,"Poços de Caldas",373228,31537.837201255,22,82,21,61,20,62,1,0,0,0,0,83,21,61,20,62,53,10.3589432849652,12.8299447719362,0.392804379583062,2020-06-01,2020,6
"4969","MG",3,"Sudeste",31051,"Poços de Caldas",373228,31537.837201255,23,78,19,59,32,46,1,0,0,0,0,79,19,59,32,46,54,10.3589432849652,12.8299447719362,0.390143310994566,2020-06-08,2020,6
"4970","MG",3,"Sudeste",31051,"Poços de Caldas",373228,31537.837201255,24,79,11,68,30,49,0,0,0,0,0,79,11,68,30,49,52,10.3589432849652,12.8299447719362,0.36776481443631,2020-06-15,2020,6
"4971","MG",3,"Sudeste",31051,"Poços de Caldas",373228,31537.837201255,25,73,21,52,24,49,1,0,0,0,0,74,21,52,24,49,49,10.3589432849652,12.8299447719362,0.379810877932803,2020-06-22,2020,6
"4972","MG",3,"Sudeste",31051,"Poços de Caldas",373228,31537.837201255,26,71,12,59,22,49,0,0,0,0,0,71,12,59,22,49,56,10.3589432849652,12.8299447719362,0.380121659885082,2020-06-29,2020,6
"4973","MG",3,"Sudeste",31051,"Poços de Caldas",373228,31537.837201255,27,65,11,54,18,47,0,0,0,0,0,65,11,54,18,47,62,10.3589432849652,12.8299447719362,0.377978948169527,2020-07-06,2020,7
"4974","MG",3,"Sudeste",31051,"Poços de Caldas",373228,31537.837201255,28,61,10,51,18,43,0,0,0,0,0,61,10,51,18,43,44,10.3589432849652,12.8299447719362,0.370368454749154,2020-07-13,2020,7
"4975","MG",3,"Sudeste",31051,"Poços de Caldas",373228,31537.837201255,29,83,22,61,24,59,0,0,0,0,0,83,22,61,24,59,50,10.3589432849652,12.8299447719362,0.378127686287377,2020-07-20,2020,7
"4976","MG",3,"Sudeste",31052,"Pouso Alegre",368694,59014.1243828758,5,78,18,60,30,48,1,0,0,0,0,79,18,60,30,48,44,10.9855320905571,12.8177223106968,0.289046101310831,2020-02-03,2020,2
"4977","MG",3,"Sudeste",31052,"Pouso Alegre",368694,59014.1243828758,6,69,18,51,17,52,0,0,0,0,0,69,18,51,17,52,31,10.9855320905571,12.8177223106968,0.282608201366989,2020-02-10,2020,2
"4978","MG",3,"Sudeste",31052,"Pouso Alegre",368694,59014.1243828758,7,98,20,78,32,66,0,0,0,0,0,98,20,78,32,66,35,10.9855320905571,12.8177223106968,0.292510199039573,2020-02-17,2020,2
"4979","MG",3,"Sudeste",31052,"Pouso Alegre",368694,59014.1243828758,8,76,12,64,23,53,0,0,0,0,0,76,12,64,23,53,46,10.9855320905571,12.8177223106968,0.343590341423745,2020-02-24,2020,2
"4980","MG",3,"Sudeste",31052,"Pouso Alegre",368694,59014.1243828758,9,90,19,71,43,47,0,0,0,0,0,90,19,71,43,47,53,10.9855320905571,12.8177223106968,0.313707465119822,2020-03-02,2020,3
"4981","MG",3,"Sudeste",31052,"Pouso Alegre",368694,59014.1243828758,10,79,14,65,24,55,2,0,0,0,0,81,14,65,24,55,40,10.9855320905571,12.8177223106968,0.325117024747874,2020-03-09,2020,3
"4982","MG",3,"Sudeste",31052,"Pouso Alegre",368694,59014.1243828758,11,72,13,59,17,55,1,0,0,0,0,73,13,59,17,55,43,10.9855320905571,12.8177223106968,0.405583635290693,2020-03-16,2020,3
"4983","MG",3,"Sudeste",31052,"Pouso Alegre",368694,59014.1243828758,12,86,20,66,33,53,0,0,0,0,0,86,20,66,33,53,33,10.9855320905571,12.8177223106968,0.505226786912715,2020-03-23,2020,3
"4984","MG",3,"Sudeste",31052,"Pouso Alegre",368694,59014.1243828758,13,74,15,59,19,55,1,0,0,0,0,75,15,59,19,55,43,10.9855320905571,12.8177223106968,0.450044221105042,2020-03-30,2020,3
"4985","MG",3,"Sudeste",31052,"Pouso Alegre",368694,59014.1243828758,14,77,18,59,27,50,0,0,0,0,0,77,18,59,27,50,37,10.9855320905571,12.8177223106968,0.448632625179444,2020-04-06,2020,4
"4986","MG",3,"Sudeste",31052,"Pouso Alegre",368694,59014.1243828758,15,69,22,47,29,40,0,0,0,0,0,69,22,47,29,40,47,10.9855320905571,12.8177223106968,0.420017133094134,2020-04-13,2020,4
"4987","MG",3,"Sudeste",31052,"Pouso Alegre",368694,59014.1243828758,16,79,15,64,21,58,2,0,0,0,0,81,15,64,21,58,44,10.9855320905571,12.8177223106968,0.423937598370151,2020-04-20,2020,4
"4988","MG",3,"Sudeste",31052,"Pouso Alegre",368694,59014.1243828758,17,88,14,74,29,59,0,0,0,0,0,88,14,74,29,59,45,10.9855320905571,12.8177223106968,0.410759060541495,2020-04-27,2020,4
"4989","MG",3,"Sudeste",31052,"Pouso Alegre",368694,59014.1243828758,18,77,22,55,32,45,0,0,0,0,0,77,22,55,32,45,44,10.9855320905571,12.8177223106968,0.391654668579989,2020-05-04,2020,5
"4990","MG",3,"Sudeste",31052,"Pouso Alegre",368694,59014.1243828758,19,90,24,66,26,64,0,0,0,0,0,90,24,66,26,64,51,10.9855320905571,12.8177223106968,0.397326143657731,2020-05-11,2020,5
"4991","MG",3,"Sudeste",31052,"Pouso Alegre",368694,59014.1243828758,20,93,13,80,27,66,1,0,0,0,0,94,13,80,27,66,54,10.9855320905571,12.8177223106968,0.395973608061952,2020-05-18,2020,5
"4992","MG",3,"Sudeste",31052,"Pouso Alegre",368694,59014.1243828758,21,109,21,88,44,65,1,0,0,0,0,110,21,88,44,65,44,10.9855320905571,12.8177223106968,0.389134593327056,2020-05-25,2020,5
"4993","MG",3,"Sudeste",31052,"Pouso Alegre",368694,59014.1243828758,22,111,20,91,38,73,1,0,0,0,0,112,20,91,38,73,51,10.9855320905571,12.8177223106968,0.384973628065569,2020-06-01,2020,6
"4994","MG",3,"Sudeste",31052,"Pouso Alegre",368694,59014.1243828758,23,108,21,87,32,76,1,0,0,0,0,109,21,87,32,76,54,10.9855320905571,12.8177223106968,0.37742834488805,2020-06-08,2020,6
"4995","MG",3,"Sudeste",31052,"Pouso Alegre",368694,59014.1243828758,24,98,17,81,36,62,0,0,0,0,0,98,17,81,36,62,62,10.9855320905571,12.8177223106968,0.359725704496276,2020-06-15,2020,6
"4996","MG",3,"Sudeste",31052,"Pouso Alegre",368694,59014.1243828758,25,101,28,73,38,63,0,0,0,0,0,101,28,73,38,63,49,10.9855320905571,12.8177223106968,0.370621050316877,2020-06-22,2020,6
"4997","MG",3,"Sudeste",31052,"Pouso Alegre",368694,59014.1243828758,26,91,22,69,32,59,0,0,0,0,0,91,22,69,32,59,43,10.9855320905571,12.8177223106968,0.374748585977356,2020-06-29,2020,6
"4998","MG",3,"Sudeste",31052,"Pouso Alegre",368694,59014.1243828758,27,95,21,74,34,61,0,0,0,0,0,95,21,74,34,61,66,10.9855320905571,12.8177223106968,0.372521361326088,2020-07-06,2020,7
"4999","MG",3,"Sudeste",31052,"Pouso Alegre",368694,59014.1243828758,28,99,20,79,33,66,1,0,0,0,0,100,20,79,33,66,56,10.9855320905571,12.8177223106968,0.368448849000187,2020-07-13,2020,7
"5000","MG",3,"Sudeste",31052,"Pouso Alegre",368694,59014.1243828758,29,89,15,74,28,61,1,0,0,0,0,90,15,74,28,61,41,10.9855320905571,12.8177223106968,0.377688114075794,2020-07-20,2020,7
"5001","MG",3,"Sudeste",31053,"Santa Rita do Sapucaí",152079,24997.8316473675,5,31,7,24,10,21,0,0,0,0,0,31,7,24,10,21,15,10.1265443659834,11.9321554016541,0.289824216548768,2020-02-03,2020,2
"5002","MG",3,"Sudeste",31053,"Santa Rita do Sapucaí",152079,24997.8316473675,6,29,7,22,9,20,0,0,0,0,0,29,7,22,9,20,17,10.1265443659834,11.9321554016541,0.294481839643974,2020-02-10,2020,2
"5003","MG",3,"Sudeste",31053,"Santa Rita do Sapucaí",152079,24997.8316473675,7,26,2,24,12,14,0,0,0,0,0,26,2,24,12,14,11,10.1265443659834,11.9321554016541,0.292027830790302,2020-02-17,2020,2
"5004","MG",3,"Sudeste",31053,"Santa Rita do Sapucaí",152079,24997.8316473675,8,22,5,17,6,16,0,0,0,0,0,22,5,17,6,16,15,10.1265443659834,11.9321554016541,0.343733855406137,2020-02-24,2020,2
"5005","MG",3,"Sudeste",31053,"Santa Rita do Sapucaí",152079,24997.8316473675,9,37,10,27,13,24,0,0,0,0,0,37,10,27,13,24,21,10.1265443659834,11.9321554016541,0.313333726154271,2020-03-02,2020,3
"5006","MG",3,"Sudeste",31053,"Santa Rita do Sapucaí",152079,24997.8316473675,10,28,3,25,14,14,0,0,0,0,0,28,3,25,14,14,22,10.1265443659834,11.9321554016541,0.322492142041054,2020-03-09,2020,3
"5007","MG",3,"Sudeste",31053,"Santa Rita do Sapucaí",152079,24997.8316473675,11,25,9,16,7,18,0,0,0,0,0,25,9,16,7,18,23,10.1265443659834,11.9321554016541,0.401419017131765,2020-03-16,2020,3
"5008","MG",3,"Sudeste",31053,"Santa Rita do Sapucaí",152079,24997.8316473675,12,19,5,14,3,16,0,0,0,0,0,19,5,14,3,16,25,10.1265443659834,11.9321554016541,0.490987378320964,2020-03-23,2020,3
"5009","MG",3,"Sudeste",31053,"Santa Rita do Sapucaí",152079,24997.8316473675,13,27,7,20,8,19,0,0,0,0,0,27,7,20,8,19,16,10.1265443659834,11.9321554016541,0.449466408685322,2020-03-30,2020,3
"5010","MG",3,"Sudeste",31053,"Santa Rita do Sapucaí",152079,24997.8316473675,14,37,13,24,12,25,0,0,0,0,0,37,13,24,12,25,27,10.1265443659834,11.9321554016541,0.456358269934614,2020-04-06,2020,4
"5011","MG",3,"Sudeste",31053,"Santa Rita do Sapucaí",152079,24997.8316473675,15,25,5,20,8,17,0,0,0,0,0,25,5,20,8,17,8,10.1265443659834,11.9321554016541,0.415726422207682,2020-04-13,2020,4
"5012","MG",3,"Sudeste",31053,"Santa Rita do Sapucaí",152079,24997.8316473675,16,33,7,26,12,21,0,0,0,0,0,33,7,26,12,21,17,10.1265443659834,11.9321554016541,0.430878466887224,2020-04-20,2020,4
"5013","MG",3,"Sudeste",31053,"Santa Rita do Sapucaí",152079,24997.8316473675,17,31,6,25,5,26,1,0,0,0,0,32,6,25,5,26,11,10.1265443659834,11.9321554016541,0.412922428156354,2020-04-27,2020,4
"5014","MG",3,"Sudeste",31053,"Santa Rita do Sapucaí",152079,24997.8316473675,18,35,13,22,16,19,0,0,0,0,0,35,13,22,16,19,23,10.1265443659834,11.9321554016541,0.383382408464568,2020-05-04,2020,5
"5015","MG",3,"Sudeste",31053,"Santa Rita do Sapucaí",152079,24997.8316473675,19,40,11,29,11,29,0,0,0,0,0,40,11,29,11,29,15,10.1265443659834,11.9321554016541,0.388041517914272,2020-05-11,2020,5
"5016","MG",3,"Sudeste",31053,"Santa Rita do Sapucaí",152079,24997.8316473675,20,32,6,26,12,20,0,0,0,0,0,32,6,26,12,20,26,10.1265443659834,11.9321554016541,0.406766455218457,2020-05-18,2020,5
"5017","MG",3,"Sudeste",31053,"Santa Rita do Sapucaí",152079,24997.8316473675,21,29,4,25,8,21,0,0,0,0,0,29,4,25,8,21,23,10.1265443659834,11.9321554016541,0.384665029346423,2020-05-25,2020,5
"5018","MG",3,"Sudeste",31053,"Santa Rita do Sapucaí",152079,24997.8316473675,22,45,6,39,14,31,1,0,0,0,0,46,6,39,14,31,24,10.1265443659834,11.9321554016541,0.383038648607339,2020-06-01,2020,6
"5019","MG",3,"Sudeste",31053,"Santa Rita do Sapucaí",152079,24997.8316473675,23,24,7,17,8,16,0,0,0,0,0,24,7,17,8,16,25,10.1265443659834,11.9321554016541,0.385838673594337,2020-06-08,2020,6
"5020","MG",3,"Sudeste",31053,"Santa Rita do Sapucaí",152079,24997.8316473675,24,42,9,33,11,31,0,0,0,0,0,42,9,33,11,31,27,10.1265443659834,11.9321554016541,0.368424427620782,2020-06-15,2020,6
"5021","MG",3,"Sudeste",31053,"Santa Rita do Sapucaí",152079,24997.8316473675,25,28,9,19,11,17,0,0,0,0,0,28,9,19,11,17,18,10.1265443659834,11.9321554016541,0.37615078314508,2020-06-22,2020,6
"5022","MG",3,"Sudeste",31053,"Santa Rita do Sapucaí",152079,24997.8316473675,26,35,8,27,14,21,0,0,0,0,0,35,8,27,14,21,29,10.1265443659834,11.9321554016541,0.376633873412923,2020-06-29,2020,6
"5023","MG",3,"Sudeste",31053,"Santa Rita do Sapucaí",152079,24997.8316473675,27,32,5,27,13,19,0,0,0,0,0,32,5,27,13,19,22,10.1265443659834,11.9321554016541,0.370094361472618,2020-07-06,2020,7
"5024","MG",3,"Sudeste",31053,"Santa Rita do Sapucaí",152079,24997.8316473675,28,21,5,16,7,14,0,0,0,0,0,21,5,16,7,14,22,10.1265443659834,11.9321554016541,0.372195583448482,2020-07-13,2020,7
"5025","MG",3,"Sudeste",31053,"Santa Rita do Sapucaí",152079,24997.8316473675,29,36,8,28,9,27,0,0,0,0,0,36,8,28,9,27,18,10.1265443659834,11.9321554016541,0.367329475825388,2020-07-20,2020,7
"5026","MG",3,"Sudeste",31054,"São Lourenço",221484,21430.0492157447,5,45,12,33,20,25,0,0,0,0,0,45,12,33,20,25,28,9.97254938504663,12.3081056310953,0.303908086994912,2020-02-03,2020,2
"5027","MG",3,"Sudeste",31054,"São Lourenço",221484,21430.0492157447,6,32,7,25,7,25,0,0,0,0,0,32,7,25,7,25,23,9.97254938504663,12.3081056310953,0.303064940098682,2020-02-10,2020,2
"5028","MG",3,"Sudeste",31054,"São Lourenço",221484,21430.0492157447,7,48,14,34,21,27,0,0,0,0,0,48,14,34,21,27,41,9.97254938504663,12.3081056310953,0.30266013274602,2020-02-17,2020,2
"5029","MG",3,"Sudeste",31054,"São Lourenço",221484,21430.0492157447,8,39,16,23,12,27,0,0,0,0,0,39,16,23,12,27,30,9.97254938504663,12.3081056310953,0.351970979139087,2020-02-24,2020,2
"5030","MG",3,"Sudeste",31054,"São Lourenço",221484,21430.0492157447,9,40,7,33,13,27,0,0,0,0,0,40,7,33,13,27,41,9.97254938504663,12.3081056310953,0.335008470941808,2020-03-02,2020,3
"5031","MG",3,"Sudeste",31054,"São Lourenço",221484,21430.0492157447,10,41,13,28,11,30,0,0,0,0,0,41,13,28,11,30,37,9.97254938504663,12.3081056310953,0.339655498617053,2020-03-09,2020,3
"5032","MG",3,"Sudeste",31054,"São Lourenço",221484,21430.0492157447,11,40,12,28,15,25,0,0,0,0,0,40,12,28,15,25,36,9.97254938504663,12.3081056310953,0.4426606666561,2020-03-16,2020,3
"5033","MG",3,"Sudeste",31054,"São Lourenço",221484,21430.0492157447,12,33,6,27,10,23,0,0,0,0,0,33,6,27,10,23,37,9.97254938504663,12.3081056310953,0.558566935351173,2020-03-23,2020,3
"5034","MG",3,"Sudeste",31054,"São Lourenço",221484,21430.0492157447,13,43,11,32,24,19,0,0,0,0,0,43,11,32,24,19,40,9.97254938504663,12.3081056310953,0.502189999828231,2020-03-30,2020,3
"5035","MG",3,"Sudeste",31054,"São Lourenço",221484,21430.0492157447,14,32,10,22,15,17,0,0,0,0,0,32,10,22,15,17,28,9.97254938504663,12.3081056310953,0.490347471078147,2020-04-06,2020,4
"5036","MG",3,"Sudeste",31054,"São Lourenço",221484,21430.0492157447,15,41,10,31,17,24,0,0,0,0,0,41,10,31,17,24,27,9.97254938504663,12.3081056310953,0.459459216610625,2020-04-13,2020,4
"5037","MG",3,"Sudeste",31054,"São Lourenço",221484,21430.0492157447,16,36,7,29,15,21,1,0,0,0,0,37,7,29,15,21,20,9.97254938504663,12.3081056310953,0.461807163115892,2020-04-20,2020,4
"5038","MG",3,"Sudeste",31054,"São Lourenço",221484,21430.0492157447,17,27,4,23,11,16,0,0,0,0,0,27,4,23,11,16,31,9.97254938504663,12.3081056310953,0.452701239392189,2020-04-27,2020,4
"5039","MG",3,"Sudeste",31054,"São Lourenço",221484,21430.0492157447,18,52,7,45,21,31,0,0,0,0,0,52,7,45,21,31,37,9.97254938504663,12.3081056310953,0.420359392698461,2020-05-04,2020,5
"5040","MG",3,"Sudeste",31054,"São Lourenço",221484,21430.0492157447,19,51,17,34,17,34,0,0,0,0,0,51,17,34,17,34,40,9.97254938504663,12.3081056310953,0.435281099421701,2020-05-11,2020,5
"5041","MG",3,"Sudeste",31054,"São Lourenço",221484,21430.0492157447,20,52,13,39,14,38,0,0,0,0,0,52,13,39,14,38,21,9.97254938504663,12.3081056310953,0.438042823868578,2020-05-18,2020,5
"5042","MG",3,"Sudeste",31054,"São Lourenço",221484,21430.0492157447,21,52,15,37,18,34,1,0,0,0,0,53,15,37,18,34,35,9.97254938504663,12.3081056310953,0.421758593059105,2020-05-25,2020,5
"5043","MG",3,"Sudeste",31054,"São Lourenço",221484,21430.0492157447,22,64,15,49,25,39,0,0,0,0,0,64,15,49,25,39,32,9.97254938504663,12.3081056310953,0.417256778993487,2020-06-01,2020,6
"5044","MG",3,"Sudeste",31054,"São Lourenço",221484,21430.0492157447,23,55,17,38,25,30,0,0,0,0,0,55,17,38,25,30,23,9.97254938504663,12.3081056310953,0.403701691205346,2020-06-08,2020,6
"5045","MG",3,"Sudeste",31054,"São Lourenço",221484,21430.0492157447,24,49,10,39,16,33,0,0,0,0,0,49,10,39,16,33,37,9.97254938504663,12.3081056310953,0.388268022821781,2020-06-15,2020,6
"5046","MG",3,"Sudeste",31054,"São Lourenço",221484,21430.0492157447,25,43,10,33,19,24,2,0,0,0,0,45,10,33,19,24,39,9.97254938504663,12.3081056310953,0.402481967425832,2020-06-22,2020,6
"5047","MG",3,"Sudeste",31054,"São Lourenço",221484,21430.0492157447,26,44,12,32,17,27,0,0,0,0,0,44,12,32,17,27,35,9.97254938504663,12.3081056310953,0.408183507191751,2020-06-29,2020,6
"5048","MG",3,"Sudeste",31054,"São Lourenço",221484,21430.0492157447,27,46,13,33,15,31,0,0,0,0,0,46,13,33,15,31,32,9.97254938504663,12.3081056310953,0.410979666311811,2020-07-06,2020,7
"5049","MG",3,"Sudeste",31054,"São Lourenço",221484,21430.0492157447,28,46,10,36,12,34,1,0,0,0,0,47,10,36,12,34,38,9.97254938504663,12.3081056310953,0.401358516730435,2020-07-13,2020,7
"5050","MG",3,"Sudeste",31054,"São Lourenço",221484,21430.0492157447,29,40,8,32,13,27,0,0,0,0,0,40,8,32,13,27,43,9.97254938504663,12.3081056310953,0.404063180747668,2020-07-20,2020,7
"5051","MG",3,"Sudeste",31055,"Andrelândia",75032,16353.3070255358,5,11,2,9,5,6,0,0,0,0,0,11,2,9,5,6,15,9.70218542043144,11.2256699681888,0.30876339291145,2020-02-03,2020,2
"5052","MG",3,"Sudeste",31055,"Andrelândia",75032,16353.3070255358,6,11,2,9,4,7,0,0,0,0,0,11,2,9,4,7,9,9.70218542043144,11.2256699681888,0.293392684325332,2020-02-10,2020,2
"5053","MG",3,"Sudeste",31055,"Andrelândia",75032,16353.3070255358,7,13,4,9,5,8,0,0,0,0,0,13,4,9,5,8,13,9.70218542043144,11.2256699681888,0.291994291804147,2020-02-17,2020,2
"5054","MG",3,"Sudeste",31055,"Andrelândia",75032,16353.3070255358,8,15,2,13,7,8,0,0,0,0,0,15,2,13,7,8,15,9.70218542043144,11.2256699681888,0.357370933852454,2020-02-24,2020,2
"5055","MG",3,"Sudeste",31055,"Andrelândia",75032,16353.3070255358,9,20,6,14,8,12,0,0,0,0,0,20,6,14,8,12,11,9.70218542043144,11.2256699681888,0.337297973233716,2020-03-02,2020,3
"5056","MG",3,"Sudeste",31055,"Andrelândia",75032,16353.3070255358,10,10,3,7,4,6,0,0,0,0,0,10,3,7,4,6,18,9.70218542043144,11.2256699681888,0.342880761929468,2020-03-09,2020,3
"5057","MG",3,"Sudeste",31055,"Andrelândia",75032,16353.3070255358,11,8,3,5,4,4,0,0,0,0,0,8,3,5,4,4,10,9.70218542043144,11.2256699681888,0.426844527162928,2020-03-16,2020,3
"5058","MG",3,"Sudeste",31055,"Andrelândia",75032,16353.3070255358,12,10,4,6,3,7,0,0,0,0,0,10,4,6,3,7,15,9.70218542043144,11.2256699681888,0.54370994873264,2020-03-23,2020,3
"5059","MG",3,"Sudeste",31055,"Andrelândia",75032,16353.3070255358,13,16,5,11,6,10,1,0,0,0,0,17,5,11,6,10,6,9.70218542043144,11.2256699681888,0.462411518749467,2020-03-30,2020,3
"5060","MG",3,"Sudeste",31055,"Andrelândia",75032,16353.3070255358,14,12,2,10,3,9,0,0,0,0,0,12,2,10,3,9,9,9.70218542043144,11.2256699681888,0.47792312563867,2020-04-06,2020,4
"5061","MG",3,"Sudeste",31055,"Andrelândia",75032,16353.3070255358,15,9,1,8,5,4,1,0,0,0,0,10,1,8,5,4,13,9.70218542043144,11.2256699681888,0.446781552682392,2020-04-13,2020,4
"5062","MG",3,"Sudeste",31055,"Andrelândia",75032,16353.3070255358,16,16,4,12,4,12,0,0,0,0,0,16,4,12,4,12,16,9.70218542043144,11.2256699681888,0.431308851333771,2020-04-20,2020,4
"5063","MG",3,"Sudeste",31055,"Andrelândia",75032,16353.3070255358,17,12,3,9,4,8,0,0,0,0,0,12,3,9,4,8,8,9.70218542043144,11.2256699681888,0.441884073424738,2020-04-27,2020,4
"5064","MG",3,"Sudeste",31055,"Andrelândia",75032,16353.3070255358,18,14,6,8,5,9,0,0,0,0,0,14,6,8,5,9,13,9.70218542043144,11.2256699681888,0.419673384903082,2020-05-04,2020,5
"5065","MG",3,"Sudeste",31055,"Andrelândia",75032,16353.3070255358,19,14,3,11,2,12,0,0,0,0,0,14,3,11,2,12,17,9.70218542043144,11.2256699681888,0.445674010847715,2020-05-11,2020,5
"5066","MG",3,"Sudeste",31055,"Andrelândia",75032,16353.3070255358,20,15,4,11,5,10,0,0,0,0,0,15,4,11,5,10,14,9.70218542043144,11.2256699681888,0.442513406928863,2020-05-18,2020,5
"5067","MG",3,"Sudeste",31055,"Andrelândia",75032,16353.3070255358,21,19,6,13,7,12,0,0,0,0,0,19,6,13,7,12,16,9.70218542043144,11.2256699681888,0.424985012283743,2020-05-25,2020,5
"5068","MG",3,"Sudeste",31055,"Andrelândia",75032,16353.3070255358,22,18,4,14,8,10,0,0,0,0,0,18,4,14,8,10,9,9.70218542043144,11.2256699681888,0.420896340227178,2020-06-01,2020,6
"5069","MG",3,"Sudeste",31055,"Andrelândia",75032,16353.3070255358,23,13,3,10,4,9,0,0,0,0,0,13,3,10,4,9,13,9.70218542043144,11.2256699681888,0.415572460432662,2020-06-08,2020,6
"5070","MG",3,"Sudeste",31055,"Andrelândia",75032,16353.3070255358,24,21,4,17,12,9,0,0,0,0,0,21,4,17,12,9,11,9.70218542043144,11.2256699681888,0.395750022722737,2020-06-15,2020,6
"5071","MG",3,"Sudeste",31055,"Andrelândia",75032,16353.3070255358,25,20,4,16,8,12,0,0,0,0,0,20,4,16,8,12,11,9.70218542043144,11.2256699681888,0.402001857866331,2020-06-22,2020,6
"5072","MG",3,"Sudeste",31055,"Andrelândia",75032,16353.3070255358,26,16,4,12,5,11,0,0,0,0,0,16,4,12,5,11,16,9.70218542043144,11.2256699681888,0.406418776131798,2020-06-29,2020,6
"5073","MG",3,"Sudeste",31055,"Andrelândia",75032,16353.3070255358,27,16,4,12,6,10,0,0,0,0,0,16,4,12,6,10,11,9.70218542043144,11.2256699681888,0.398180621891703,2020-07-06,2020,7
"5074","MG",3,"Sudeste",31055,"Andrelândia",75032,16353.3070255358,28,17,5,12,5,12,0,0,0,0,0,17,5,12,5,12,19,9.70218542043144,11.2256699681888,0.403143309281758,2020-07-13,2020,7
"5075","MG",3,"Sudeste",31055,"Andrelândia",75032,16353.3070255358,29,14,2,12,1,13,0,0,0,0,0,14,2,12,1,13,14,9.70218542043144,11.2256699681888,0.406089667643356,2020-07-20,2020,7
"5076","MG",3,"Sudeste",31056,"Itajubá",198111,22832.1261559934,5,49,10,39,15,34,0,0,0,0,0,49,10,39,15,34,28,10.035923865104,12.1965827586564,0.309469266022661,2020-02-03,2020,2
"5077","MG",3,"Sudeste",31056,"Itajubá",198111,22832.1261559934,6,52,16,36,16,36,0,0,0,0,0,52,16,36,16,36,35,10.035923865104,12.1965827586564,0.314978764038425,2020-02-10,2020,2
"5078","MG",3,"Sudeste",31056,"Itajubá",198111,22832.1261559934,7,42,6,36,17,25,0,0,0,0,0,42,6,36,17,25,29,10.035923865104,12.1965827586564,0.309263713090924,2020-02-17,2020,2
"5079","MG",3,"Sudeste",31056,"Itajubá",198111,22832.1261559934,8,44,8,36,18,26,0,0,0,0,0,44,8,36,18,26,22,10.035923865104,12.1965827586564,0.367286901518156,2020-02-24,2020,2
"5080","MG",3,"Sudeste",31056,"Itajubá",198111,22832.1261559934,9,38,9,29,10,28,0,0,0,0,0,38,9,29,10,28,29,10.035923865104,12.1965827586564,0.338161732501631,2020-03-02,2020,3
"5081","MG",3,"Sudeste",31056,"Itajubá",198111,22832.1261559934,10,44,7,37,14,30,0,0,0,0,0,44,7,37,14,30,30,10.035923865104,12.1965827586564,0.343910690657363,2020-03-09,2020,3
"5082","MG",3,"Sudeste",31056,"Itajubá",198111,22832.1261559934,11,35,7,28,14,21,0,0,0,0,0,35,7,28,14,21,30,10.035923865104,12.1965827586564,0.453313051845705,2020-03-16,2020,3
"5083","MG",3,"Sudeste",31056,"Itajubá",198111,22832.1261559934,12,31,5,26,11,20,0,0,0,0,0,31,5,26,11,20,25,10.035923865104,12.1965827586564,0.547450114551541,2020-03-23,2020,3
"5084","MG",3,"Sudeste",31056,"Itajubá",198111,22832.1261559934,13,40,9,31,12,28,0,0,0,0,0,40,9,31,12,28,23,10.035923865104,12.1965827586564,0.505842446378749,2020-03-30,2020,3
"5085","MG",3,"Sudeste",31056,"Itajubá",198111,22832.1261559934,14,21,2,19,12,9,0,0,0,0,0,21,2,19,12,9,33,10.035923865104,12.1965827586564,0.497075325561183,2020-04-06,2020,4
"5086","MG",3,"Sudeste",31056,"Itajubá",198111,22832.1261559934,15,27,4,23,7,20,0,0,0,0,0,27,4,23,7,20,28,10.035923865104,12.1965827586564,0.461082503235661,2020-04-13,2020,4
"5087","MG",3,"Sudeste",31056,"Itajubá",198111,22832.1261559934,16,41,7,34,13,28,1,0,0,0,0,42,7,34,13,28,22,10.035923865104,12.1965827586564,0.457399799164395,2020-04-20,2020,4
"5088","MG",3,"Sudeste",31056,"Itajubá",198111,22832.1261559934,17,42,9,33,15,27,1,0,0,0,0,43,9,33,15,27,23,10.035923865104,12.1965827586564,0.444864951297829,2020-04-27,2020,4
"5089","MG",3,"Sudeste",31056,"Itajubá",198111,22832.1261559934,18,41,5,36,7,34,0,0,0,0,0,41,5,36,7,34,31,10.035923865104,12.1965827586564,0.430045812382986,2020-05-04,2020,5
"5090","MG",3,"Sudeste",31056,"Itajubá",198111,22832.1261559934,19,37,8,29,9,28,0,0,0,0,0,37,8,29,9,28,34,10.035923865104,12.1965827586564,0.43282288055659,2020-05-11,2020,5
"5091","MG",3,"Sudeste",31056,"Itajubá",198111,22832.1261559934,20,40,6,34,12,28,1,0,0,0,0,41,6,34,12,28,24,10.035923865104,12.1965827586564,0.428774468896604,2020-05-18,2020,5
"5092","MG",3,"Sudeste",31056,"Itajubá",198111,22832.1261559934,21,48,10,38,18,30,0,0,0,0,0,48,10,38,18,30,22,10.035923865104,12.1965827586564,0.422627257987069,2020-05-25,2020,5
"5093","MG",3,"Sudeste",31056,"Itajubá",198111,22832.1261559934,22,34,2,32,11,23,0,0,0,0,0,34,2,32,11,23,32,10.035923865104,12.1965827586564,0.414706257949344,2020-06-01,2020,6
"5094","MG",3,"Sudeste",31056,"Itajubá",198111,22832.1261559934,23,52,9,43,15,37,1,0,0,0,0,53,9,43,15,37,30,10.035923865104,12.1965827586564,0.412429408428133,2020-06-08,2020,6
"5095","MG",3,"Sudeste",31056,"Itajubá",198111,22832.1261559934,24,37,2,35,13,24,0,0,0,0,0,37,2,35,13,24,21,10.035923865104,12.1965827586564,0.399446689402444,2020-06-15,2020,6
"5096","MG",3,"Sudeste",31056,"Itajubá",198111,22832.1261559934,25,48,6,42,18,30,0,0,0,0,0,48,6,42,18,30,29,10.035923865104,12.1965827586564,0.411017771493863,2020-06-22,2020,6
"5097","MG",3,"Sudeste",31056,"Itajubá",198111,22832.1261559934,26,36,6,30,13,23,0,0,0,0,0,36,6,30,13,23,33,10.035923865104,12.1965827586564,0.410636561291819,2020-06-29,2020,6
"5098","MG",3,"Sudeste",31056,"Itajubá",198111,22832.1261559934,27,38,10,28,13,25,1,0,0,0,0,39,10,28,13,25,31,10.035923865104,12.1965827586564,0.411754130811203,2020-07-06,2020,7
"5099","MG",3,"Sudeste",31056,"Itajubá",198111,22832.1261559934,28,42,10,32,12,30,0,0,0,0,0,42,10,32,12,30,28,10.035923865104,12.1965827586564,0.413977333631455,2020-07-13,2020,7
"5100","MG",3,"Sudeste",31056,"Itajubá",198111,22832.1261559934,29,41,7,34,11,30,0,0,0,0,0,41,7,34,11,30,30,10.035923865104,12.1965827586564,0.410392699529268,2020-07-20,2020,7
"5101","MG",3,"Sudeste",31057,"Lavras",164297,23814.5967222773,5,32,5,27,10,22,2,0,0,0,0,34,5,27,10,22,18,10.078053979322,12.0094310445769,0.28781329357191,2020-02-03,2020,2
"5102","MG",3,"Sudeste",31057,"Lavras",164297,23814.5967222773,6,34,10,24,12,22,1,0,0,0,0,35,10,24,12,22,21,10.078053979322,12.0094310445769,0.283837857689794,2020-02-10,2020,2
"5103","MG",3,"Sudeste",31057,"Lavras",164297,23814.5967222773,7,32,6,26,3,29,3,0,0,0,0,35,6,26,3,29,20,10.078053979322,12.0094310445769,0.292455849625966,2020-02-17,2020,2
"5104","MG",3,"Sudeste",31057,"Lavras",164297,23814.5967222773,8,36,5,31,9,27,1,0,0,0,0,37,5,31,9,27,16,10.078053979322,12.0094310445769,0.339154416983035,2020-02-24,2020,2
"5105","MG",3,"Sudeste",31057,"Lavras",164297,23814.5967222773,9,44,10,34,11,33,0,0,0,0,0,44,10,34,11,33,24,10.078053979322,12.0094310445769,0.305425706712401,2020-03-02,2020,3
"5106","MG",3,"Sudeste",31057,"Lavras",164297,23814.5967222773,10,40,6,34,11,29,1,0,0,0,0,41,6,34,11,29,24,10.078053979322,12.0094310445769,0.307680686696377,2020-03-09,2020,3
"5107","MG",3,"Sudeste",31057,"Lavras",164297,23814.5967222773,11,41,10,31,12,29,0,0,0,0,0,41,10,31,12,29,18,10.078053979322,12.0094310445769,0.40461534558967,2020-03-16,2020,3
"5108","MG",3,"Sudeste",31057,"Lavras",164297,23814.5967222773,12,28,7,21,6,22,1,0,0,0,0,29,7,21,6,22,21,10.078053979322,12.0094310445769,0.521256244883454,2020-03-23,2020,3
"5109","MG",3,"Sudeste",31057,"Lavras",164297,23814.5967222773,13,35,5,30,6,29,0,0,0,0,0,35,5,30,6,29,23,10.078053979322,12.0094310445769,0.489776941719668,2020-03-30,2020,3
"5110","MG",3,"Sudeste",31057,"Lavras",164297,23814.5967222773,14,39,9,30,18,21,0,0,0,0,0,39,9,30,18,21,20,10.078053979322,12.0094310445769,0.477592201635506,2020-04-06,2020,4
"5111","MG",3,"Sudeste",31057,"Lavras",164297,23814.5967222773,15,24,5,19,9,15,0,0,0,0,0,24,5,19,9,15,15,10.078053979322,12.0094310445769,0.447217023356938,2020-04-13,2020,4
"5112","MG",3,"Sudeste",31057,"Lavras",164297,23814.5967222773,16,40,10,30,17,23,0,0,0,0,0,40,10,30,17,23,25,10.078053979322,12.0094310445769,0.444357398269563,2020-04-20,2020,4
"5113","MG",3,"Sudeste",31057,"Lavras",164297,23814.5967222773,17,29,5,24,6,23,0,0,0,0,0,29,5,24,6,23,19,10.078053979322,12.0094310445769,0.426979987764229,2020-04-27,2020,4
"5114","MG",3,"Sudeste",31057,"Lavras",164297,23814.5967222773,18,26,7,19,11,15,0,0,0,0,0,26,7,19,11,15,20,10.078053979322,12.0094310445769,0.399413040123087,2020-05-04,2020,5
"5115","MG",3,"Sudeste",31057,"Lavras",164297,23814.5967222773,19,38,9,29,19,19,1,0,0,0,0,39,9,29,19,19,25,10.078053979322,12.0094310445769,0.407132943142599,2020-05-11,2020,5
"5116","MG",3,"Sudeste",31057,"Lavras",164297,23814.5967222773,20,43,9,34,18,25,0,0,0,0,0,43,9,34,18,25,20,10.078053979322,12.0094310445769,0.419277442532362,2020-05-18,2020,5
"5117","MG",3,"Sudeste",31057,"Lavras",164297,23814.5967222773,21,47,14,33,22,25,1,0,0,0,0,48,14,33,22,25,21,10.078053979322,12.0094310445769,0.399304587145358,2020-05-25,2020,5
"5118","MG",3,"Sudeste",31057,"Lavras",164297,23814.5967222773,22,33,7,26,12,21,1,0,0,0,0,34,7,26,12,21,30,10.078053979322,12.0094310445769,0.4049636887805,2020-06-01,2020,6
"5119","MG",3,"Sudeste",31057,"Lavras",164297,23814.5967222773,23,38,8,30,13,25,0,0,0,0,0,38,8,30,13,25,26,10.078053979322,12.0094310445769,0.391870928530988,2020-06-08,2020,6
"5120","MG",3,"Sudeste",31057,"Lavras",164297,23814.5967222773,24,35,8,27,9,26,1,0,0,0,0,36,8,27,9,26,26,10.078053979322,12.0094310445769,0.394507435555071,2020-06-15,2020,6
"5121","MG",3,"Sudeste",31057,"Lavras",164297,23814.5967222773,25,43,7,36,19,24,1,0,0,0,0,44,7,36,19,24,25,10.078053979322,12.0094310445769,0.404611976052855,2020-06-22,2020,6
"5122","MG",3,"Sudeste",31057,"Lavras",164297,23814.5967222773,26,40,7,33,6,34,1,0,0,0,0,41,7,33,6,34,24,10.078053979322,12.0094310445769,0.398388995623462,2020-06-29,2020,6
"5123","MG",3,"Sudeste",31057,"Lavras",164297,23814.5967222773,27,38,11,27,19,19,0,0,0,0,0,38,11,27,19,19,34,10.078053979322,12.0094310445769,0.413570585857043,2020-07-06,2020,7
"5124","MG",3,"Sudeste",31057,"Lavras",164297,23814.5967222773,28,42,3,39,14,28,0,0,0,0,0,42,3,39,14,28,20,10.078053979322,12.0094310445769,0.395814345401945,2020-07-13,2020,7
"5125","MG",3,"Sudeste",31057,"Lavras",164297,23814.5967222773,29,25,5,20,4,21,1,0,0,0,0,26,5,20,4,21,23,10.078053979322,12.0094310445769,0.388242100484374,2020-07-20,2020,7
"5126","MG",3,"Sudeste",31058,"São João Del Rei",194759,21463.4161050837,5,50,11,39,18,32,0,0,0,0,0,50,11,39,18,32,20,9.97410518828239,12.1795181757589,0.30940608772809,2020-02-03,2020,2
"5127","MG",3,"Sudeste",31058,"São João Del Rei",194759,21463.4161050837,6,53,12,41,21,32,1,0,0,0,0,54,12,41,21,32,27,9.97410518828239,12.1795181757589,0.3085239015669,2020-02-10,2020,2
"5128","MG",3,"Sudeste",31058,"São João Del Rei",194759,21463.4161050837,7,35,5,30,11,24,0,0,0,0,0,35,5,30,11,24,33,9.97410518828239,12.1795181757589,0.304305194635661,2020-02-17,2020,2
"5129","MG",3,"Sudeste",31058,"São João Del Rei",194759,21463.4161050837,8,30,4,26,8,22,1,0,0,0,0,31,4,26,8,22,19,9.97410518828239,12.1795181757589,0.367214181038093,2020-02-24,2020,2
"5130","MG",3,"Sudeste",31058,"São João Del Rei",194759,21463.4161050837,9,48,7,41,14,34,0,0,0,0,0,48,7,41,14,34,30,9.97410518828239,12.1795181757589,0.341915432658277,2020-03-02,2020,3
"5131","MG",3,"Sudeste",31058,"São João Del Rei",194759,21463.4161050837,10,33,5,28,5,28,0,0,0,0,0,33,5,28,5,28,34,9.97410518828239,12.1795181757589,0.346076606929235,2020-03-09,2020,3
"5132","MG",3,"Sudeste",31058,"São João Del Rei",194759,21463.4161050837,11,45,6,39,16,29,0,0,0,0,0,45,6,39,16,29,34,9.97410518828239,12.1795181757589,0.434412791180301,2020-03-16,2020,3
"5133","MG",3,"Sudeste",31058,"São João Del Rei",194759,21463.4161050837,12,28,8,20,10,18,0,0,0,0,0,28,8,20,10,18,28,9.97410518828239,12.1795181757589,0.549361914534644,2020-03-23,2020,3
"5134","MG",3,"Sudeste",31058,"São João Del Rei",194759,21463.4161050837,13,25,5,20,7,18,0,0,0,0,0,25,5,20,7,18,22,9.97410518828239,12.1795181757589,0.510024931980808,2020-03-30,2020,3
"5135","MG",3,"Sudeste",31058,"São João Del Rei",194759,21463.4161050837,14,36,6,30,11,25,0,0,0,0,0,36,6,30,11,25,23,9.97410518828239,12.1795181757589,0.50376862693631,2020-04-06,2020,4
"5136","MG",3,"Sudeste",31058,"São João Del Rei",194759,21463.4161050837,15,30,4,26,11,19,1,0,0,0,0,31,4,26,11,19,13,9.97410518828239,12.1795181757589,0.468694629213667,2020-04-13,2020,4
"5137","MG",3,"Sudeste",31058,"São João Del Rei",194759,21463.4161050837,16,24,11,13,8,16,0,0,0,0,0,24,11,13,8,16,19,9.97410518828239,12.1795181757589,0.475016922645446,2020-04-20,2020,4
"5138","MG",3,"Sudeste",31058,"São João Del Rei",194759,21463.4161050837,17,29,6,23,13,16,0,0,0,0,0,29,6,23,13,16,27,9.97410518828239,12.1795181757589,0.457453633673227,2020-04-27,2020,4
"5139","MG",3,"Sudeste",31058,"São João Del Rei",194759,21463.4161050837,18,32,6,26,12,20,0,0,0,0,0,32,6,26,12,20,23,9.97410518828239,12.1795181757589,0.435055462788774,2020-05-04,2020,5
"5140","MG",3,"Sudeste",31058,"São João Del Rei",194759,21463.4161050837,19,33,7,26,12,21,0,0,0,0,0,33,7,26,12,21,23,9.97410518828239,12.1795181757589,0.448378818429718,2020-05-11,2020,5
"5141","MG",3,"Sudeste",31058,"São João Del Rei",194759,21463.4161050837,20,44,12,32,21,23,0,0,0,0,0,44,12,32,21,23,24,9.97410518828239,12.1795181757589,0.447543341390981,2020-05-18,2020,5
"5142","MG",3,"Sudeste",31058,"São João Del Rei",194759,21463.4161050837,21,37,4,33,14,23,0,0,0,0,0,37,4,33,14,23,41,9.97410518828239,12.1795181757589,0.433606948821599,2020-05-25,2020,5
"5143","MG",3,"Sudeste",31058,"São João Del Rei",194759,21463.4161050837,22,39,7,32,12,27,1,0,0,0,0,40,7,32,12,27,28,9.97410518828239,12.1795181757589,0.427217081042539,2020-06-01,2020,6
"5144","MG",3,"Sudeste",31058,"São João Del Rei",194759,21463.4161050837,23,35,8,27,9,26,0,0,0,0,0,35,8,27,9,26,33,9.97410518828239,12.1795181757589,0.426345439220166,2020-06-08,2020,6
"5145","MG",3,"Sudeste",31058,"São João Del Rei",194759,21463.4161050837,24,44,4,40,13,31,0,0,0,0,0,44,4,40,13,31,31,9.97410518828239,12.1795181757589,0.41219423544667,2020-06-15,2020,6
"5146","MG",3,"Sudeste",31058,"São João Del Rei",194759,21463.4161050837,25,44,9,35,5,39,0,0,0,0,0,44,9,35,5,39,30,9.97410518828239,12.1795181757589,0.416435498441256,2020-06-22,2020,6
"5147","MG",3,"Sudeste",31058,"São João Del Rei",194759,21463.4161050837,26,33,2,31,10,23,0,0,0,0,0,33,2,31,10,23,36,9.97410518828239,12.1795181757589,0.425544825345591,2020-06-29,2020,6
"5148","MG",3,"Sudeste",31058,"São João Del Rei",194759,21463.4161050837,27,40,8,32,15,25,1,0,0,0,0,41,8,32,15,25,28,9.97410518828239,12.1795181757589,0.431776752537683,2020-07-06,2020,7
"5149","MG",3,"Sudeste",31058,"São João Del Rei",194759,21463.4161050837,28,42,9,33,13,29,0,0,0,0,0,42,9,33,13,29,30,9.97410518828239,12.1795181757589,0.41210906196276,2020-07-13,2020,7
"5150","MG",3,"Sudeste",31058,"São João Del Rei",194759,21463.4161050837,29,29,8,21,10,19,0,0,0,0,0,29,8,21,10,19,30,9.97410518828239,12.1795181757589,0.405286524718351,2020-07-20,2020,7
"5151","MG",3,"Sudeste",31059,"Barbacena",238595,19128.8204793059,5,33,8,25,8,25,0,0,0,0,0,33,8,25,8,25,40,9.85895140236848,12.3825228328522,0.300149588860338,2020-02-03,2020,2
"5152","MG",3,"Sudeste",31059,"Barbacena",238595,19128.8204793059,6,48,8,40,16,32,0,0,0,0,0,48,8,40,16,32,37,9.85895140236848,12.3825228328522,0.294723623015538,2020-02-10,2020,2
"5153","MG",3,"Sudeste",31059,"Barbacena",238595,19128.8204793059,7,56,7,49,13,43,1,0,0,0,0,57,7,49,13,43,42,9.85895140236848,12.3825228328522,0.299675306508923,2020-02-17,2020,2
"5154","MG",3,"Sudeste",31059,"Barbacena",238595,19128.8204793059,8,37,9,28,7,30,1,0,0,0,0,38,9,28,7,30,28,9.85895140236848,12.3825228328522,0.365396009040342,2020-02-24,2020,2
"5155","MG",3,"Sudeste",31059,"Barbacena",238595,19128.8204793059,9,46,4,42,10,36,0,0,0,0,0,46,4,42,10,36,34,9.85895140236848,12.3825228328522,0.333408483046802,2020-03-02,2020,3
"5156","MG",3,"Sudeste",31059,"Barbacena",238595,19128.8204793059,10,48,13,35,18,30,1,0,0,0,0,49,13,35,18,30,32,9.85895140236848,12.3825228328522,0.332248238372113,2020-03-09,2020,3
"5157","MG",3,"Sudeste",31059,"Barbacena",238595,19128.8204793059,11,46,8,38,18,28,1,0,0,0,0,47,8,38,18,28,37,9.85895140236848,12.3825228328522,0.429910479684105,2020-03-16,2020,3
"5158","MG",3,"Sudeste",31059,"Barbacena",238595,19128.8204793059,12,32,5,27,10,22,0,0,0,0,0,32,5,27,10,22,29,9.85895140236848,12.3825228328522,0.518767124498378,2020-03-23,2020,3
"5159","MG",3,"Sudeste",31059,"Barbacena",238595,19128.8204793059,13,40,1,39,10,30,0,0,0,0,0,40,1,39,10,30,40,9.85895140236848,12.3825228328522,0.478961262888809,2020-03-30,2020,3
"5160","MG",3,"Sudeste",31059,"Barbacena",238595,19128.8204793059,14,31,8,23,10,21,1,0,0,0,0,32,8,23,10,21,30,9.85895140236848,12.3825228328522,0.47943768133919,2020-04-06,2020,4
"5161","MG",3,"Sudeste",31059,"Barbacena",238595,19128.8204793059,15,53,6,47,13,40,1,0,0,0,0,54,6,47,13,40,32,9.85895140236848,12.3825228328522,0.450254655761289,2020-04-13,2020,4
"5162","MG",3,"Sudeste",31059,"Barbacena",238595,19128.8204793059,16,45,11,34,14,31,1,0,0,0,0,46,11,34,14,31,38,9.85895140236848,12.3825228328522,0.45840654609665,2020-04-20,2020,4
"5163","MG",3,"Sudeste",31059,"Barbacena",238595,19128.8204793059,17,51,8,43,15,36,0,0,0,0,0,51,8,43,15,36,34,9.85895140236848,12.3825228328522,0.450890593705844,2020-04-27,2020,4
"5164","MG",3,"Sudeste",31059,"Barbacena",238595,19128.8204793059,18,56,9,47,14,42,1,0,0,0,0,57,9,47,14,42,35,9.85895140236848,12.3825228328522,0.433534306468487,2020-05-04,2020,5
"5165","MG",3,"Sudeste",31059,"Barbacena",238595,19128.8204793059,19,41,9,32,16,25,2,0,0,0,0,43,9,32,16,25,26,9.85895140236848,12.3825228328522,0.44255925224153,2020-05-11,2020,5
"5166","MG",3,"Sudeste",31059,"Barbacena",238595,19128.8204793059,20,47,14,33,16,31,0,0,0,0,0,47,14,33,16,31,40,9.85895140236848,12.3825228328522,0.429341835720139,2020-05-18,2020,5
"5167","MG",3,"Sudeste",31059,"Barbacena",238595,19128.8204793059,21,50,10,40,14,36,0,0,0,0,0,50,10,40,14,36,34,9.85895140236848,12.3825228328522,0.416249395470794,2020-05-25,2020,5
"5168","MG",3,"Sudeste",31059,"Barbacena",238595,19128.8204793059,22,42,9,33,9,33,1,0,0,0,0,43,9,33,9,33,30,9.85895140236848,12.3825228328522,0.407359269675508,2020-06-01,2020,6
"5169","MG",3,"Sudeste",31059,"Barbacena",238595,19128.8204793059,23,51,12,39,18,33,1,0,0,0,0,52,12,39,18,33,36,9.85895140236848,12.3825228328522,0.40565728132811,2020-06-08,2020,6
"5170","MG",3,"Sudeste",31059,"Barbacena",238595,19128.8204793059,24,45,11,34,14,31,0,0,0,0,0,45,11,34,14,31,36,9.85895140236848,12.3825228328522,0.387750264830846,2020-06-15,2020,6
"5171","MG",3,"Sudeste",31059,"Barbacena",238595,19128.8204793059,25,43,6,37,9,34,0,0,0,0,0,43,6,37,9,34,46,9.85895140236848,12.3825228328522,0.391984297396119,2020-06-22,2020,6
"5172","MG",3,"Sudeste",31059,"Barbacena",238595,19128.8204793059,26,47,4,43,19,28,1,0,0,0,0,48,4,43,19,28,36,9.85895140236848,12.3825228328522,0.404306168474131,2020-06-29,2020,6
"5173","MG",3,"Sudeste",31059,"Barbacena",238595,19128.8204793059,27,53,6,47,14,39,0,0,0,0,0,53,6,47,14,39,24,9.85895140236848,12.3825228328522,0.398526089307464,2020-07-06,2020,7
"5174","MG",3,"Sudeste",31059,"Barbacena",238595,19128.8204793059,28,45,7,38,12,33,0,0,0,0,0,45,7,38,12,33,33,9.85895140236848,12.3825228328522,0.396707913604045,2020-07-13,2020,7
"5175","MG",3,"Sudeste",31059,"Barbacena",238595,19128.8204793059,29,47,10,37,13,34,0,0,0,0,0,47,10,37,13,34,34,9.85895140236848,12.3825228328522,0.394942517008478,2020-07-20,2020,7
"5176","MG",3,"Sudeste",31060,"Ponte Nova",186800,17466.6734867773,5,27,11,16,10,17,0,0,0,0,0,27,11,16,10,17,32,9.7680499721053,12.1377938047769,0.296436676962955,2020-02-03,2020,2
"5177","MG",3,"Sudeste",31060,"Ponte Nova",186800,17466.6734867773,6,32,13,19,12,20,0,0,0,0,0,32,13,19,12,20,26,9.7680499721053,12.1377938047769,0.302386777288471,2020-02-10,2020,2
"5178","MG",3,"Sudeste",31060,"Ponte Nova",186800,17466.6734867773,7,22,5,17,5,17,0,0,0,0,0,22,5,17,5,17,26,9.7680499721053,12.1377938047769,0.313459103927076,2020-02-17,2020,2
"5179","MG",3,"Sudeste",31060,"Ponte Nova",186800,17466.6734867773,8,33,12,21,14,19,1,0,0,0,0,34,12,21,14,19,28,9.7680499721053,12.1377938047769,0.351660582637367,2020-02-24,2020,2
"5180","MG",3,"Sudeste",31060,"Ponte Nova",186800,17466.6734867773,9,22,5,17,5,17,0,0,0,0,0,22,5,17,5,17,31,9.7680499721053,12.1377938047769,0.342757986024882,2020-03-02,2020,3
"5181","MG",3,"Sudeste",31060,"Ponte Nova",186800,17466.6734867773,10,47,10,37,20,27,2,0,0,0,0,49,10,37,20,27,34,9.7680499721053,12.1377938047769,0.321491005845864,2020-03-09,2020,3
"5182","MG",3,"Sudeste",31060,"Ponte Nova",186800,17466.6734867773,11,35,10,25,15,20,3,0,0,0,0,38,10,25,15,20,35,9.7680499721053,12.1377938047769,0.4177797116176,2020-03-16,2020,3
"5183","MG",3,"Sudeste",31060,"Ponte Nova",186800,17466.6734867773,12,30,3,27,10,20,0,0,0,0,0,30,3,27,10,20,41,9.7680499721053,12.1377938047769,0.556242153930109,2020-03-23,2020,3
"5184","MG",3,"Sudeste",31060,"Ponte Nova",186800,17466.6734867773,13,22,4,18,4,18,0,0,0,0,0,22,4,18,4,18,19,9.7680499721053,12.1377938047769,0.493726543351781,2020-03-30,2020,3
"5185","MG",3,"Sudeste",31060,"Ponte Nova",186800,17466.6734867773,14,22,5,17,5,17,0,0,0,0,0,22,5,17,5,17,29,9.7680499721053,12.1377938047769,0.478686578599328,2020-04-06,2020,4
"5186","MG",3,"Sudeste",31060,"Ponte Nova",186800,17466.6734867773,15,39,11,28,14,25,0,0,0,0,0,39,11,28,14,25,17,9.7680499721053,12.1377938047769,0.445059174942895,2020-04-13,2020,4
"5187","MG",3,"Sudeste",31060,"Ponte Nova",186800,17466.6734867773,16,45,13,32,19,26,1,0,0,0,0,46,13,32,19,26,25,9.7680499721053,12.1377938047769,0.446589196988235,2020-04-20,2020,4
"5188","MG",3,"Sudeste",31060,"Ponte Nova",186800,17466.6734867773,17,33,10,23,11,22,0,0,0,0,0,33,10,23,11,22,24,9.7680499721053,12.1377938047769,0.442863848452242,2020-04-27,2020,4
"5189","MG",3,"Sudeste",31060,"Ponte Nova",186800,17466.6734867773,18,39,17,22,13,26,0,0,0,0,0,39,17,22,13,26,23,9.7680499721053,12.1377938047769,0.429325157992139,2020-05-04,2020,5
"5190","MG",3,"Sudeste",31060,"Ponte Nova",186800,17466.6734867773,19,40,9,31,11,29,0,0,0,0,0,40,9,31,11,29,35,9.7680499721053,12.1377938047769,0.429468380830961,2020-05-11,2020,5
"5191","MG",3,"Sudeste",31060,"Ponte Nova",186800,17466.6734867773,20,40,9,31,11,29,0,0,0,0,0,40,9,31,11,29,29,9.7680499721053,12.1377938047769,0.431461460783036,2020-05-18,2020,5
"5192","MG",3,"Sudeste",31060,"Ponte Nova",186800,17466.6734867773,21,41,14,27,15,26,0,0,0,0,0,41,14,27,15,26,29,9.7680499721053,12.1377938047769,0.427999986397476,2020-05-25,2020,5
"5193","MG",3,"Sudeste",31060,"Ponte Nova",186800,17466.6734867773,22,53,17,36,17,36,2,0,0,0,0,55,17,36,17,36,28,9.7680499721053,12.1377938047769,0.416056978653649,2020-06-01,2020,6
"5194","MG",3,"Sudeste",31060,"Ponte Nova",186800,17466.6734867773,23,42,12,30,14,28,1,0,0,0,0,43,12,30,14,28,32,9.7680499721053,12.1377938047769,0.413484831357956,2020-06-08,2020,6
"5195","MG",3,"Sudeste",31060,"Ponte Nova",186800,17466.6734867773,24,39,7,32,17,22,0,0,0,0,0,39,7,32,17,22,32,9.7680499721053,12.1377938047769,0.403308416218986,2020-06-15,2020,6
"5196","MG",3,"Sudeste",31060,"Ponte Nova",186800,17466.6734867773,25,38,13,25,16,22,0,0,0,0,0,38,13,25,16,22,27,9.7680499721053,12.1377938047769,0.412522230241526,2020-06-22,2020,6
"5197","MG",3,"Sudeste",31060,"Ponte Nova",186800,17466.6734867773,26,28,9,19,13,15,0,0,0,0,0,28,9,19,13,15,29,9.7680499721053,12.1377938047769,0.422718447572846,2020-06-29,2020,6
"5198","MG",3,"Sudeste",31060,"Ponte Nova",186800,17466.6734867773,27,35,13,22,6,29,1,0,0,0,0,36,13,22,6,29,27,9.7680499721053,12.1377938047769,0.427942396142708,2020-07-06,2020,7
"5199","MG",3,"Sudeste",31060,"Ponte Nova",186800,17466.6734867773,28,46,12,34,16,30,0,0,0,0,0,46,12,34,16,30,34,9.7680499721053,12.1377938047769,0.418309948563765,2020-07-13,2020,7
"5200","MG",3,"Sudeste",31060,"Ponte Nova",186800,17466.6734867773,29,40,9,31,12,28,2,0,0,0,0,42,9,31,12,28,21,9.7680499721053,12.1377938047769,0.416915748347067,2020-07-20,2020,7
"5201","MG",3,"Sudeste",31061,"Manhuaçu",297164,17429.7507299673,5,73,16,57,28,45,2,0,0,0,0,75,16,57,28,45,41,9.76593383720511,12.602039453937,0.324458393699309,2020-02-03,2020,2
"5202","MG",3,"Sudeste",31061,"Manhuaçu",297164,17429.7507299673,6,73,25,48,30,43,0,0,0,0,0,73,25,48,30,43,39,9.76593383720511,12.602039453937,0.316257756902971,2020-02-10,2020,2
"5203","MG",3,"Sudeste",31061,"Manhuaçu",297164,17429.7507299673,7,75,29,46,28,47,0,0,0,0,0,75,29,46,28,47,39,9.76593383720511,12.602039453937,0.318244991550596,2020-02-17,2020,2
"5204","MG",3,"Sudeste",31061,"Manhuaçu",297164,17429.7507299673,8,73,25,48,27,46,1,0,0,0,0,74,25,48,27,46,32,9.76593383720511,12.602039453937,0.376400683167997,2020-02-24,2020,2
"5205","MG",3,"Sudeste",31061,"Manhuaçu",297164,17429.7507299673,9,70,25,45,36,34,1,0,0,0,0,71,25,45,36,34,27,9.76593383720511,12.602039453937,0.359996315629007,2020-03-02,2020,3
"5206","MG",3,"Sudeste",31061,"Manhuaçu",297164,17429.7507299673,10,93,39,54,38,55,0,0,0,0,0,93,39,54,38,55,48,9.76593383720511,12.602039453937,0.348436984314475,2020-03-09,2020,3
"5207","MG",3,"Sudeste",31061,"Manhuaçu",297164,17429.7507299673,11,69,17,52,34,35,2,0,0,0,0,71,17,52,34,35,37,9.76593383720511,12.602039453937,0.435396320141158,2020-03-16,2020,3
"5208","MG",3,"Sudeste",31061,"Manhuaçu",297164,17429.7507299673,12,71,25,46,29,42,0,0,0,0,0,71,25,46,29,42,32,9.76593383720511,12.602039453937,0.546932570693486,2020-03-23,2020,3
"5209","MG",3,"Sudeste",31061,"Manhuaçu",297164,17429.7507299673,13,58,18,40,24,34,1,0,0,0,0,59,18,40,24,34,30,9.76593383720511,12.602039453937,0.471519439232255,2020-03-30,2020,3
"5210","MG",3,"Sudeste",31061,"Manhuaçu",297164,17429.7507299673,14,80,30,50,31,49,0,0,0,0,0,80,30,50,31,49,33,9.76593383720511,12.602039453937,0.469004501629137,2020-04-06,2020,4
"5211","MG",3,"Sudeste",31061,"Manhuaçu",297164,17429.7507299673,15,82,24,58,34,48,0,0,0,0,0,82,24,58,34,48,28,9.76593383720511,12.602039453937,0.43144856925321,2020-04-13,2020,4
"5212","MG",3,"Sudeste",31061,"Manhuaçu",297164,17429.7507299673,16,70,26,44,29,41,1,0,0,0,0,71,26,44,29,41,42,9.76593383720511,12.602039453937,0.433561074148377,2020-04-20,2020,4
"5213","MG",3,"Sudeste",31061,"Manhuaçu",297164,17429.7507299673,17,70,31,39,36,34,2,0,0,0,0,72,31,39,36,34,40,9.76593383720511,12.602039453937,0.435069996384316,2020-04-27,2020,4
"5214","MG",3,"Sudeste",31061,"Manhuaçu",297164,17429.7507299673,18,74,26,48,30,44,0,0,0,0,0,74,26,48,30,44,35,9.76593383720511,12.602039453937,0.420785879331922,2020-05-04,2020,5
"5215","MG",3,"Sudeste",31061,"Manhuaçu",297164,17429.7507299673,19,77,24,53,29,48,2,0,0,0,0,79,24,53,29,48,42,9.76593383720511,12.602039453937,0.43676717649768,2020-05-11,2020,5
"5216","MG",3,"Sudeste",31061,"Manhuaçu",297164,17429.7507299673,20,110,43,67,42,68,0,0,0,0,0,110,43,67,42,68,35,9.76593383720511,12.602039453937,0.418959659704939,2020-05-18,2020,5
"5217","MG",3,"Sudeste",31061,"Manhuaçu",297164,17429.7507299673,21,101,34,67,46,55,0,0,0,0,0,101,34,67,46,55,43,9.76593383720511,12.602039453937,0.419369652869378,2020-05-25,2020,5
"5218","MG",3,"Sudeste",31061,"Manhuaçu",297164,17429.7507299673,22,89,25,64,36,53,2,0,0,0,0,91,25,64,36,53,33,9.76593383720511,12.602039453937,0.413836206032557,2020-06-01,2020,6
"5219","MG",3,"Sudeste",31061,"Manhuaçu",297164,17429.7507299673,23,110,31,79,35,75,0,0,0,0,0,110,31,79,35,75,41,9.76593383720511,12.602039453937,0.410893749323979,2020-06-08,2020,6
"5220","MG",3,"Sudeste",31061,"Manhuaçu",297164,17429.7507299673,24,100,33,67,43,57,0,0,0,0,0,100,33,67,43,57,38,9.76593383720511,12.602039453937,0.397520508064504,2020-06-15,2020,6
"5221","MG",3,"Sudeste",31061,"Manhuaçu",297164,17429.7507299673,25,89,32,57,38,51,3,0,0,0,0,92,32,57,38,51,34,9.76593383720511,12.602039453937,0.423365323347799,2020-06-22,2020,6
"5222","MG",3,"Sudeste",31061,"Manhuaçu",297164,17429.7507299673,26,86,35,51,36,50,0,0,0,0,0,86,35,51,36,50,33,9.76593383720511,12.602039453937,0.432862850200834,2020-06-29,2020,6
"5223","MG",3,"Sudeste",31061,"Manhuaçu",297164,17429.7507299673,27,75,22,53,23,52,2,0,0,0,0,77,22,53,23,52,35,9.76593383720511,12.602039453937,0.429942916452701,2020-07-06,2020,7
"5224","MG",3,"Sudeste",31061,"Manhuaçu",297164,17429.7507299673,28,85,26,59,31,54,3,0,0,0,0,88,26,59,31,54,36,9.76593383720511,12.602039453937,0.415020606273755,2020-07-13,2020,7
"5225","MG",3,"Sudeste",31061,"Manhuaçu",297164,17429.7507299673,29,76,24,52,32,44,1,0,0,0,0,77,24,52,32,44,51,9.76593383720511,12.602039453937,0.412084264543487,2020-07-20,2020,7
"5226","MG",3,"Sudeste",31062,"Viçosa",229637,14733.6298364375,5,46,10,36,11,35,0,0,0,0,0,46,10,36,11,35,31,9.59788790384026,12.3442550802701,0.306036662356653,2020-02-03,2020,2
"5227","MG",3,"Sudeste",31062,"Viçosa",229637,14733.6298364375,6,40,7,33,11,29,0,0,0,0,0,40,7,33,11,29,29,9.59788790384026,12.3442550802701,0.298606034350666,2020-02-10,2020,2
"5228","MG",3,"Sudeste",31062,"Viçosa",229637,14733.6298364375,7,38,4,34,16,22,0,0,0,0,0,38,4,34,16,22,22,9.59788790384026,12.3442550802701,0.308390219287107,2020-02-17,2020,2
"5229","MG",3,"Sudeste",31062,"Viçosa",229637,14733.6298364375,8,46,13,33,16,30,0,0,0,0,0,46,13,33,16,30,27,9.59788790384026,12.3442550802701,0.369513330547727,2020-02-24,2020,2
"5230","MG",3,"Sudeste",31062,"Viçosa",229637,14733.6298364375,9,42,8,34,10,32,0,0,0,0,0,42,8,34,10,32,37,9.59788790384026,12.3442550802701,0.318573713432343,2020-03-02,2020,3
"5231","MG",3,"Sudeste",31062,"Viçosa",229637,14733.6298364375,10,45,7,38,21,24,0,0,0,0,0,45,7,38,21,24,44,9.59788790384026,12.3442550802701,0.316223609031099,2020-03-09,2020,3
"5232","MG",3,"Sudeste",31062,"Viçosa",229637,14733.6298364375,11,33,9,24,11,22,1,0,0,0,0,34,9,24,11,22,33,9.59788790384026,12.3442550802701,0.449961607851812,2020-03-16,2020,3
"5233","MG",3,"Sudeste",31062,"Viçosa",229637,14733.6298364375,12,41,12,29,11,30,0,0,0,0,0,41,12,29,11,30,27,9.59788790384026,12.3442550802701,0.596550812406496,2020-03-23,2020,3
"5234","MG",3,"Sudeste",31062,"Viçosa",229637,14733.6298364375,13,24,6,18,4,20,0,0,0,0,0,24,6,18,4,20,29,9.59788790384026,12.3442550802701,0.541089393455562,2020-03-30,2020,3
"5235","MG",3,"Sudeste",31062,"Viçosa",229637,14733.6298364375,14,27,4,23,6,21,0,0,0,0,0,27,4,23,6,21,25,9.59788790384026,12.3442550802701,0.523646035935673,2020-04-06,2020,4
"5236","MG",3,"Sudeste",31062,"Viçosa",229637,14733.6298364375,15,59,16,43,16,43,0,0,0,0,0,59,16,43,16,43,33,9.59788790384026,12.3442550802701,0.494893547517988,2020-04-13,2020,4
"5237","MG",3,"Sudeste",31062,"Viçosa",229637,14733.6298364375,16,41,9,32,17,24,0,0,0,0,0,41,9,32,17,24,46,9.59788790384026,12.3442550802701,0.50837468282804,2020-04-20,2020,4
"5238","MG",3,"Sudeste",31062,"Viçosa",229637,14733.6298364375,17,23,5,18,10,13,0,0,0,0,0,23,5,18,10,13,38,9.59788790384026,12.3442550802701,0.47949411824612,2020-04-27,2020,4
"5239","MG",3,"Sudeste",31062,"Viçosa",229637,14733.6298364375,18,37,10,27,14,23,0,0,0,0,0,37,10,27,14,23,22,9.59788790384026,12.3442550802701,0.458795528465641,2020-05-04,2020,5
"5240","MG",3,"Sudeste",31062,"Viçosa",229637,14733.6298364375,19,35,14,21,6,29,0,0,0,0,0,35,14,21,6,29,29,9.59788790384026,12.3442550802701,0.460013977110769,2020-05-11,2020,5
"5241","MG",3,"Sudeste",31062,"Viçosa",229637,14733.6298364375,20,46,10,36,17,29,0,0,0,0,0,46,10,36,17,29,24,9.59788790384026,12.3442550802701,0.470224685608196,2020-05-18,2020,5
"5242","MG",3,"Sudeste",31062,"Viçosa",229637,14733.6298364375,21,57,12,45,20,37,0,0,0,0,0,57,12,45,20,37,29,9.59788790384026,12.3442550802701,0.449415676460303,2020-05-25,2020,5
"5243","MG",3,"Sudeste",31062,"Viçosa",229637,14733.6298364375,22,46,9,37,12,34,5,0,0,0,0,51,9,37,12,34,33,9.59788790384026,12.3442550802701,0.442304758695677,2020-06-01,2020,6
"5244","MG",3,"Sudeste",31062,"Viçosa",229637,14733.6298364375,23,57,11,46,17,40,0,0,0,0,0,57,11,46,17,40,33,9.59788790384026,12.3442550802701,0.431028847501269,2020-06-08,2020,6
"5245","MG",3,"Sudeste",31062,"Viçosa",229637,14733.6298364375,24,56,9,47,22,34,0,0,0,0,0,56,9,47,22,34,39,9.59788790384026,12.3442550802701,0.41725031997587,2020-06-15,2020,6
"5246","MG",3,"Sudeste",31062,"Viçosa",229637,14733.6298364375,25,28,4,24,8,20,2,0,0,0,0,30,4,24,8,20,37,9.59788790384026,12.3442550802701,0.435143414941682,2020-06-22,2020,6
"5247","MG",3,"Sudeste",31062,"Viçosa",229637,14733.6298364375,26,46,11,35,16,30,0,0,0,0,0,46,11,35,16,30,24,9.59788790384026,12.3442550802701,0.43144524239424,2020-06-29,2020,6
"5248","MG",3,"Sudeste",31062,"Viçosa",229637,14733.6298364375,27,55,13,42,16,39,0,0,0,0,0,55,13,42,16,39,26,9.59788790384026,12.3442550802701,0.428052671185774,2020-07-06,2020,7
"5249","MG",3,"Sudeste",31062,"Viçosa",229637,14733.6298364375,28,45,6,39,14,31,1,0,0,0,0,46,6,39,14,31,30,9.59788790384026,12.3442550802701,0.427989200526834,2020-07-13,2020,7
"5250","MG",3,"Sudeste",31062,"Viçosa",229637,14733.6298364375,29,39,10,29,15,24,1,0,0,0,0,40,10,29,15,24,26,9.59788790384026,12.3442550802701,0.428836866002316,2020-07-20,2020,7
"5251","MG",3,"Sudeste",31063,"Muriaé",291697,16109.5650779405,5,46,12,34,17,29,0,0,0,0,0,46,12,34,17,29,41,9.68716847878241,12.583470871264,0.303582975074334,2020-02-03,2020,2
"5252","MG",3,"Sudeste",31063,"Muriaé",291697,16109.5650779405,6,42,12,30,21,21,0,0,0,0,0,42,12,30,21,21,32,9.68716847878241,12.583470871264,0.306370422512382,2020-02-10,2020,2
"5253","MG",3,"Sudeste",31063,"Muriaé",291697,16109.5650779405,7,57,18,39,15,42,1,0,0,0,0,58,18,39,15,42,46,9.68716847878241,12.583470871264,0.304458989141701,2020-02-17,2020,2
"5254","MG",3,"Sudeste",31063,"Muriaé",291697,16109.5650779405,8,45,15,30,18,27,0,0,0,0,0,45,15,30,18,27,36,9.68716847878241,12.583470871264,0.362577369098208,2020-02-24,2020,2
"5255","MG",3,"Sudeste",31063,"Muriaé",291697,16109.5650779405,9,62,16,46,19,43,0,0,0,0,0,62,16,46,19,43,36,9.68716847878241,12.583470871264,0.323039289576514,2020-03-02,2020,3
"5256","MG",3,"Sudeste",31063,"Muriaé",291697,16109.5650779405,10,73,18,55,26,47,0,0,0,0,0,73,18,55,26,47,52,9.68716847878241,12.583470871264,0.324004958259584,2020-03-09,2020,3
"5257","MG",3,"Sudeste",31063,"Muriaé",291697,16109.5650779405,11,57,15,42,23,34,0,0,0,0,0,57,15,42,23,34,61,9.68716847878241,12.583470871264,0.413205349886994,2020-03-16,2020,3
"5258","MG",3,"Sudeste",31063,"Muriaé",291697,16109.5650779405,12,51,11,40,17,34,0,0,0,0,0,51,11,40,17,34,37,9.68716847878241,12.583470871264,0.526836890340153,2020-03-23,2020,3
"5259","MG",3,"Sudeste",31063,"Muriaé",291697,16109.5650779405,13,42,19,23,17,25,0,0,0,0,0,42,19,23,17,25,37,9.68716847878241,12.583470871264,0.497862079866066,2020-03-30,2020,3
"5260","MG",3,"Sudeste",31063,"Muriaé",291697,16109.5650779405,14,48,19,29,27,21,0,0,0,0,0,48,19,29,27,21,51,9.68716847878241,12.583470871264,0.482496785098614,2020-04-06,2020,4
"5261","MG",3,"Sudeste",31063,"Muriaé",291697,16109.5650779405,15,51,15,36,21,30,1,0,0,0,0,52,15,36,21,30,31,9.68716847878241,12.583470871264,0.4345283910248,2020-04-13,2020,4
"5262","MG",3,"Sudeste",31063,"Muriaé",291697,16109.5650779405,16,72,14,58,25,47,2,0,0,0,0,74,14,58,25,47,49,9.68716847878241,12.583470871264,0.439262158224919,2020-04-20,2020,4
"5263","MG",3,"Sudeste",31063,"Muriaé",291697,16109.5650779405,17,66,16,50,33,33,0,0,0,0,0,66,16,50,33,33,41,9.68716847878241,12.583470871264,0.424878976809921,2020-04-27,2020,4
"5264","MG",3,"Sudeste",31063,"Muriaé",291697,16109.5650779405,18,48,12,36,24,24,0,0,0,0,0,48,12,36,24,24,43,9.68716847878241,12.583470871264,0.411868210261908,2020-05-04,2020,5
"5265","MG",3,"Sudeste",31063,"Muriaé",291697,16109.5650779405,19,73,21,52,26,47,1,0,0,0,0,74,21,52,26,47,44,9.68716847878241,12.583470871264,0.432302039351849,2020-05-11,2020,5
"5266","MG",3,"Sudeste",31063,"Muriaé",291697,16109.5650779405,20,74,19,55,35,39,0,0,0,0,0,74,19,55,35,39,46,9.68716847878241,12.583470871264,0.414551732642512,2020-05-18,2020,5
"5267","MG",3,"Sudeste",31063,"Muriaé",291697,16109.5650779405,21,74,16,58,25,49,1,0,0,0,0,75,16,58,25,49,53,9.68716847878241,12.583470871264,0.407246702591037,2020-05-25,2020,5
"5268","MG",3,"Sudeste",31063,"Muriaé",291697,16109.5650779405,22,77,17,60,23,54,1,0,0,0,0,78,17,60,23,54,50,9.68716847878241,12.583470871264,0.407285144758288,2020-06-01,2020,6
"5269","MG",3,"Sudeste",31063,"Muriaé",291697,16109.5650779405,23,55,14,41,19,36,0,0,0,0,0,55,14,41,19,36,45,9.68716847878241,12.583470871264,0.405544940948497,2020-06-08,2020,6
"5270","MG",3,"Sudeste",31063,"Muriaé",291697,16109.5650779405,24,63,12,51,28,35,1,0,0,0,0,64,12,51,28,35,53,9.68716847878241,12.583470871264,0.400874427173586,2020-06-15,2020,6
"5271","MG",3,"Sudeste",31063,"Muriaé",291697,16109.5650779405,25,85,20,65,33,52,0,0,0,0,0,85,20,65,33,52,57,9.68716847878241,12.583470871264,0.421072719631928,2020-06-22,2020,6
"5272","MG",3,"Sudeste",31063,"Muriaé",291697,16109.5650779405,26,48,17,31,13,35,1,0,0,0,0,49,17,31,13,35,69,9.68716847878241,12.583470871264,0.438540292229272,2020-06-29,2020,6
"5273","MG",3,"Sudeste",31063,"Muriaé",291697,16109.5650779405,27,53,13,40,24,29,0,0,0,0,0,53,13,40,24,29,52,9.68716847878241,12.583470871264,0.419332155366593,2020-07-06,2020,7
"5274","MG",3,"Sudeste",31063,"Muriaé",291697,16109.5650779405,28,79,20,59,33,46,0,0,0,0,0,79,20,59,33,46,61,9.68716847878241,12.583470871264,0.409989313050358,2020-07-13,2020,7
"5275","MG",3,"Sudeste",31063,"Muriaé",291697,16109.5650779405,29,61,22,39,23,38,0,0,0,0,0,61,22,39,23,38,45,9.68716847878241,12.583470871264,0.407304407930947,2020-07-20,2020,7
"5276","MG",3,"Sudeste",31064,"Ubá",296805,21114.7754751436,5,48,18,30,21,27,0,0,0,0,0,48,18,30,21,27,40,9.95772833388236,12.6008306364946,0.295197007127461,2020-02-03,2020,2
"5277","MG",3,"Sudeste",31064,"Ubá",296805,21114.7754751436,6,52,15,37,20,32,0,0,0,0,0,52,15,37,20,32,43,9.95772833388236,12.6008306364946,0.295944339772241,2020-02-10,2020,2
"5278","MG",3,"Sudeste",31064,"Ubá",296805,21114.7754751436,7,46,12,34,12,34,0,0,0,0,0,46,12,34,12,34,37,9.95772833388236,12.6008306364946,0.300551556184295,2020-02-17,2020,2
"5279","MG",3,"Sudeste",31064,"Ubá",296805,21114.7754751436,8,56,17,39,16,40,0,0,0,0,0,56,17,39,16,40,45,9.95772833388236,12.6008306364946,0.384603452206088,2020-02-24,2020,2
"5280","MG",3,"Sudeste",31064,"Ubá",296805,21114.7754751436,9,62,22,40,23,39,1,0,0,0,0,63,22,40,23,39,39,9.95772833388236,12.6008306364946,0.340242811902616,2020-03-02,2020,3
"5281","MG",3,"Sudeste",31064,"Ubá",296805,21114.7754751436,10,60,16,44,14,46,0,0,0,0,0,60,16,44,14,46,40,9.95772833388236,12.6008306364946,0.333170668822843,2020-03-09,2020,3
"5282","MG",3,"Sudeste",31064,"Ubá",296805,21114.7754751436,11,49,19,30,17,32,0,0,0,0,0,49,19,30,17,32,48,9.95772833388236,12.6008306364946,0.416268110777725,2020-03-16,2020,3
"5283","MG",3,"Sudeste",31064,"Ubá",296805,21114.7754751436,12,50,13,37,12,38,1,0,0,0,0,51,13,37,12,38,34,9.95772833388236,12.6008306364946,0.534552261335832,2020-03-23,2020,3
"5284","MG",3,"Sudeste",31064,"Ubá",296805,21114.7754751436,13,57,11,46,19,38,0,0,0,0,0,57,11,46,19,38,18,9.95772833388236,12.6008306364946,0.502140622329598,2020-03-30,2020,3
"5285","MG",3,"Sudeste",31064,"Ubá",296805,21114.7754751436,14,52,17,35,19,33,0,0,0,0,0,52,17,35,19,33,32,9.95772833388236,12.6008306364946,0.498749285886183,2020-04-06,2020,4
"5286","MG",3,"Sudeste",31064,"Ubá",296805,21114.7754751436,15,53,19,34,20,33,0,0,0,0,0,53,19,34,20,33,31,9.95772833388236,12.6008306364946,0.450655648459174,2020-04-13,2020,4
"5287","MG",3,"Sudeste",31064,"Ubá",296805,21114.7754751436,16,62,19,43,23,39,1,0,0,0,0,63,19,43,23,39,30,9.95772833388236,12.6008306364946,0.445037298772822,2020-04-20,2020,4
"5288","MG",3,"Sudeste",31064,"Ubá",296805,21114.7754751436,17,56,21,35,20,36,2,0,0,0,0,58,21,35,20,36,35,9.95772833388236,12.6008306364946,0.432620464609608,2020-04-27,2020,4
"5289","MG",3,"Sudeste",31064,"Ubá",296805,21114.7754751436,18,64,12,52,21,43,0,0,0,0,0,64,12,52,21,43,53,9.95772833388236,12.6008306364946,0.416616824352753,2020-05-04,2020,5
"5290","MG",3,"Sudeste",31064,"Ubá",296805,21114.7754751436,19,52,14,38,21,31,1,0,0,0,0,53,14,38,21,31,36,9.95772833388236,12.6008306364946,0.434725374816395,2020-05-11,2020,5
"5291","MG",3,"Sudeste",31064,"Ubá",296805,21114.7754751436,20,68,17,51,28,40,1,0,0,0,0,69,17,51,28,40,41,9.95772833388236,12.6008306364946,0.41369829067756,2020-05-18,2020,5
"5292","MG",3,"Sudeste",31064,"Ubá",296805,21114.7754751436,21,71,26,45,27,44,1,0,0,0,0,72,26,45,27,44,37,9.95772833388236,12.6008306364946,0.401082325923941,2020-05-25,2020,5
"5293","MG",3,"Sudeste",31064,"Ubá",296805,21114.7754751436,22,67,18,49,23,44,1,0,0,0,0,68,18,49,23,44,49,9.95772833388236,12.6008306364946,0.392598520363847,2020-06-01,2020,6
"5294","MG",3,"Sudeste",31064,"Ubá",296805,21114.7754751436,23,71,27,44,29,42,1,0,0,0,0,72,27,44,29,42,48,9.95772833388236,12.6008306364946,0.396483684077836,2020-06-08,2020,6
"5295","MG",3,"Sudeste",31064,"Ubá",296805,21114.7754751436,24,67,14,53,17,50,1,0,0,0,0,68,14,53,17,50,38,9.95772833388236,12.6008306364946,0.376800725547989,2020-06-15,2020,6
"5296","MG",3,"Sudeste",31064,"Ubá",296805,21114.7754751436,25,67,17,50,22,45,0,0,0,0,0,67,17,50,22,45,46,9.95772833388236,12.6008306364946,0.387996235562562,2020-06-22,2020,6
"5297","MG",3,"Sudeste",31064,"Ubá",296805,21114.7754751436,26,60,23,37,25,35,1,0,0,0,0,61,23,37,25,35,41,9.95772833388236,12.6008306364946,0.401910975459956,2020-06-29,2020,6
"5298","MG",3,"Sudeste",31064,"Ubá",296805,21114.7754751436,27,52,16,36,17,35,0,0,0,0,0,52,16,36,17,35,53,9.95772833388236,12.6008306364946,0.396726799765421,2020-07-06,2020,7
"5299","MG",3,"Sudeste",31064,"Ubá",296805,21114.7754751436,28,47,9,38,16,31,0,0,0,0,0,47,9,38,16,31,35,9.95772833388236,12.6008306364946,0.393493775313264,2020-07-13,2020,7
"5300","MG",3,"Sudeste",31064,"Ubá",296805,21114.7754751436,29,60,14,46,19,41,0,0,0,0,0,60,14,46,19,41,41,9.95772833388236,12.6008306364946,0.392251339768047,2020-07-20,2020,7
"5301","MG",3,"Sudeste",31065,"Juiz de Fora",792397,26441.4531930964,5,142,23,119,45,97,0,0,0,0,0,142,23,119,45,97,112,10.1826882543727,13.5828178078327,0.257074180133828,2020-02-03,2020,2
"5302","MG",3,"Sudeste",31065,"Juiz de Fora",792397,26441.4531930964,6,149,28,121,43,106,3,0,0,0,0,152,28,121,43,106,121,10.1826882543727,13.5828178078327,0.264565011284408,2020-02-10,2020,2
"5303","MG",3,"Sudeste",31065,"Juiz de Fora",792397,26441.4531930964,7,122,25,97,43,79,2,0,0,0,0,124,25,97,43,79,112,10.1826882543727,13.5828178078327,0.276654039885536,2020-02-17,2020,2
"5304","MG",3,"Sudeste",31065,"Juiz de Fora",792397,26441.4531930964,8,139,28,111,37,102,1,0,0,0,0,140,28,111,37,102,131,10.1826882543727,13.5828178078327,0.356674979166827,2020-02-24,2020,2
"5305","MG",3,"Sudeste",31065,"Juiz de Fora",792397,26441.4531930964,9,130,29,101,39,91,2,0,0,0,0,132,29,101,39,91,105,10.1826882543727,13.5828178078327,0.291896866330942,2020-03-02,2020,3
"5306","MG",3,"Sudeste",31065,"Juiz de Fora",792397,26441.4531930964,10,146,29,117,50,96,2,0,0,0,0,148,29,117,50,96,117,10.1826882543727,13.5828178078327,0.294664349724598,2020-03-09,2020,3
"5307","MG",3,"Sudeste",31065,"Juiz de Fora",792397,26441.4531930964,11,133,40,93,62,71,1,0,0,0,0,134,40,93,62,71,127,10.1826882543727,13.5828178078327,0.430659805572672,2020-03-16,2020,3
"5308","MG",3,"Sudeste",31065,"Juiz de Fora",792397,26441.4531930964,12,117,29,88,34,83,0,0,0,0,0,117,29,88,34,83,125,10.1826882543727,13.5828178078327,0.550828995528665,2020-03-23,2020,3
"5309","MG",3,"Sudeste",31065,"Juiz de Fora",792397,26441.4531930964,13,138,38,100,36,102,3,0,0,0,0,141,38,100,36,102,98,10.1826882543727,13.5828178078327,0.511008955265254,2020-03-30,2020,3
"5310","MG",3,"Sudeste",31065,"Juiz de Fora",792397,26441.4531930964,14,150,35,115,44,106,0,0,0,0,0,150,35,115,44,106,88,10.1826882543727,13.5828178078327,0.502176263945596,2020-04-06,2020,4
"5311","MG",3,"Sudeste",31065,"Juiz de Fora",792397,26441.4531930964,15,157,21,136,57,100,1,0,0,0,0,158,21,136,57,100,125,10.1826882543727,13.5828178078327,0.480631144531192,2020-04-13,2020,4
"5312","MG",3,"Sudeste",31065,"Juiz de Fora",792397,26441.4531930964,16,163,53,110,50,113,0,0,0,0,0,163,53,110,50,113,117,10.1826882543727,13.5828178078327,0.48227802073785,2020-04-20,2020,4
"5313","MG",3,"Sudeste",31065,"Juiz de Fora",792397,26441.4531930964,17,154,35,119,57,97,0,0,0,0,0,154,35,119,57,97,119,10.1826882543727,13.5828178078327,0.464431725076603,2020-04-27,2020,4
"5314","MG",3,"Sudeste",31065,"Juiz de Fora",792397,26441.4531930964,18,133,28,105,47,86,0,0,0,0,0,133,28,105,47,86,116,10.1826882543727,13.5828178078327,0.43871015764893,2020-05-04,2020,5
"5315","MG",3,"Sudeste",31065,"Juiz de Fora",792397,26441.4531930964,19,136,32,104,53,83,1,0,0,0,0,137,32,104,53,83,127,10.1826882543727,13.5828178078327,0.454772188128727,2020-05-11,2020,5
"5316","MG",3,"Sudeste",31065,"Juiz de Fora",792397,26441.4531930964,20,131,37,94,44,87,0,0,0,0,0,131,37,94,44,87,123,10.1826882543727,13.5828178078327,0.440331408745037,2020-05-18,2020,5
"5317","MG",3,"Sudeste",31065,"Juiz de Fora",792397,26441.4531930964,21,166,42,124,50,116,2,0,0,0,0,168,42,124,50,116,106,10.1826882543727,13.5828178078327,0.426691422942852,2020-05-25,2020,5
"5318","MG",3,"Sudeste",31065,"Juiz de Fora",792397,26441.4531930964,22,174,33,141,60,114,3,0,0,0,0,177,33,141,60,114,139,10.1826882543727,13.5828178078327,0.410808393955049,2020-06-01,2020,6
"5319","MG",3,"Sudeste",31065,"Juiz de Fora",792397,26441.4531930964,23,183,41,142,48,135,1,0,0,0,0,184,41,142,48,135,122,10.1826882543727,13.5828178078327,0.407329268195507,2020-06-08,2020,6
"5320","MG",3,"Sudeste",31065,"Juiz de Fora",792397,26441.4531930964,24,154,42,112,56,98,2,0,0,0,0,156,42,112,56,98,124,10.1826882543727,13.5828178078327,0.396910173701038,2020-06-15,2020,6
"5321","MG",3,"Sudeste",31065,"Juiz de Fora",792397,26441.4531930964,25,161,38,123,55,106,1,0,0,0,0,162,38,123,55,106,128,10.1826882543727,13.5828178078327,0.403767757910346,2020-06-22,2020,6
"5322","MG",3,"Sudeste",31065,"Juiz de Fora",792397,26441.4531930964,26,147,32,115,51,96,1,0,0,0,0,148,32,115,51,96,129,10.1826882543727,13.5828178078327,0.414674561905346,2020-06-29,2020,6
"5323","MG",3,"Sudeste",31065,"Juiz de Fora",792397,26441.4531930964,27,164,34,130,54,110,2,0,0,0,0,166,34,130,54,110,141,10.1826882543727,13.5828178078327,0.402995795776678,2020-07-06,2020,7
"5324","MG",3,"Sudeste",31065,"Juiz de Fora",792397,26441.4531930964,28,159,29,130,53,106,1,0,0,0,0,160,29,130,53,106,134,10.1826882543727,13.5828178078327,0.403243406174023,2020-07-13,2020,7
"5325","MG",3,"Sudeste",31065,"Juiz de Fora",792397,26441.4531930964,29,170,39,131,43,127,2,0,0,0,0,172,39,131,43,127,125,10.1826882543727,13.5828178078327,0.408647668821161,2020-07-20,2020,7
"5326","MG",3,"Sudeste",31066,"Cataguases",227094,20092.893563106,5,45,10,35,18,27,0,0,0,0,0,45,10,35,18,27,39,9.90812147745786,12.3331193076654,0.299452355780856,2020-02-03,2020,2
"5327","MG",3,"Sudeste",31066,"Cataguases",227094,20092.893563106,6,43,9,34,14,29,0,0,0,0,0,43,9,34,14,29,37,9.90812147745786,12.3331193076654,0.305769619351059,2020-02-10,2020,2
"5328","MG",3,"Sudeste",31066,"Cataguases",227094,20092.893563106,7,27,10,17,11,16,1,0,0,0,0,28,10,17,11,16,41,9.90812147745786,12.3331193076654,0.308622236864348,2020-02-17,2020,2
"5329","MG",3,"Sudeste",31066,"Cataguases",227094,20092.893563106,8,35,5,30,9,26,0,0,0,0,0,35,5,30,9,26,30,9.90812147745786,12.3331193076654,0.381456519645712,2020-02-24,2020,2
"5330","MG",3,"Sudeste",31066,"Cataguases",227094,20092.893563106,9,50,11,39,19,31,0,0,0,0,0,50,11,39,19,31,42,9.90812147745786,12.3331193076654,0.334558596779959,2020-03-02,2020,3
"5331","MG",3,"Sudeste",31066,"Cataguases",227094,20092.893563106,10,39,10,29,9,30,0,0,0,0,0,39,10,29,9,30,42,9.90812147745786,12.3331193076654,0.332776990718948,2020-03-09,2020,3
"5332","MG",3,"Sudeste",31066,"Cataguases",227094,20092.893563106,11,34,8,26,15,19,0,0,0,0,0,34,8,26,15,19,34,9.90812147745786,12.3331193076654,0.427806960270378,2020-03-16,2020,3
"5333","MG",3,"Sudeste",31066,"Cataguases",227094,20092.893563106,12,36,15,21,14,22,0,0,0,0,0,36,15,21,14,22,29,9.90812147745786,12.3331193076654,0.564144811187984,2020-03-23,2020,3
"5334","MG",3,"Sudeste",31066,"Cataguases",227094,20092.893563106,13,31,9,22,11,20,1,0,0,0,0,32,9,22,11,20,38,9.90812147745786,12.3331193076654,0.514002481288126,2020-03-30,2020,3
"5335","MG",3,"Sudeste",31066,"Cataguases",227094,20092.893563106,14,33,9,24,12,21,0,0,0,0,0,33,9,24,12,21,38,9.90812147745786,12.3331193076654,0.497979431019733,2020-04-06,2020,4
"5336","MG",3,"Sudeste",31066,"Cataguases",227094,20092.893563106,15,42,5,37,5,37,0,0,0,0,0,42,5,37,5,37,23,9.90812147745786,12.3331193076654,0.471267430631394,2020-04-13,2020,4
"5337","MG",3,"Sudeste",31066,"Cataguases",227094,20092.893563106,16,40,8,32,13,27,0,0,0,0,0,40,8,32,13,27,36,9.90812147745786,12.3331193076654,0.484335970319594,2020-04-20,2020,4
"5338","MG",3,"Sudeste",31066,"Cataguases",227094,20092.893563106,17,56,14,42,26,30,0,0,0,0,0,56,14,42,26,30,31,9.90812147745786,12.3331193076654,0.473959945891152,2020-04-27,2020,4
"5339","MG",3,"Sudeste",31066,"Cataguases",227094,20092.893563106,18,39,8,31,12,27,0,0,0,0,0,39,8,31,12,27,37,9.90812147745786,12.3331193076654,0.450212322982964,2020-05-04,2020,5
"5340","MG",3,"Sudeste",31066,"Cataguases",227094,20092.893563106,19,47,11,36,20,27,0,0,0,0,0,47,11,36,20,27,43,9.90812147745786,12.3331193076654,0.460672057966162,2020-05-11,2020,5
"5341","MG",3,"Sudeste",31066,"Cataguases",227094,20092.893563106,20,47,11,36,17,30,0,0,0,0,0,47,11,36,17,30,40,9.90812147745786,12.3331193076654,0.449993635946825,2020-05-18,2020,5
"5342","MG",3,"Sudeste",31066,"Cataguases",227094,20092.893563106,21,51,11,40,21,30,0,0,0,0,0,51,11,40,21,30,32,9.90812147745786,12.3331193076654,0.431156633525136,2020-05-25,2020,5
"5343","MG",3,"Sudeste",31066,"Cataguases",227094,20092.893563106,22,63,12,51,21,42,2,0,0,0,0,65,12,51,21,42,30,9.90812147745786,12.3331193076654,0.426179327923342,2020-06-01,2020,6
"5344","MG",3,"Sudeste",31066,"Cataguases",227094,20092.893563106,23,51,17,34,22,29,0,0,0,0,0,51,17,34,22,29,41,9.90812147745786,12.3331193076654,0.418496513652744,2020-06-08,2020,6
"5345","MG",3,"Sudeste",31066,"Cataguases",227094,20092.893563106,24,35,5,30,10,25,0,0,0,0,0,35,5,30,10,25,50,9.90812147745786,12.3331193076654,0.417393335272109,2020-06-15,2020,6
"5346","MG",3,"Sudeste",31066,"Cataguases",227094,20092.893563106,25,55,12,43,16,39,0,0,0,0,0,55,12,43,16,39,42,9.90812147745786,12.3331193076654,0.422649838460357,2020-06-22,2020,6
"5347","MG",3,"Sudeste",31066,"Cataguases",227094,20092.893563106,26,32,5,27,14,18,1,0,0,0,0,33,5,27,14,18,45,9.90812147745786,12.3331193076654,0.438740743304749,2020-06-29,2020,6
"5348","MG",3,"Sudeste",31066,"Cataguases",227094,20092.893563106,27,42,7,35,16,26,0,0,0,0,0,42,7,35,16,26,33,9.90812147745786,12.3331193076654,0.43243104223332,2020-07-06,2020,7
"5349","MG",3,"Sudeste",31066,"Cataguases",227094,20092.893563106,28,35,7,28,11,24,0,0,0,0,0,35,7,28,11,24,51,9.90812147745786,12.3331193076654,0.428930917806306,2020-07-13,2020,7
"5350","MG",3,"Sudeste",31066,"Cataguases",227094,20092.893563106,29,43,8,35,8,35,1,0,0,0,0,44,8,35,8,35,39,9.90812147745786,12.3331193076654,0.428290659443091,2020-07-20,2020,7
"5351","MS",5,"Centro-oeste",50001,"Baixo Pantanal",153045,24658.7393311771,5,41,11,30,14,27,0,0,0,0,0,41,11,30,14,27,20,10.1128866533993,11.9384872747775,0.29816374564549,2020-02-03,2020,2
"5352","MS",5,"Centro-oeste",50001,"Baixo Pantanal",153045,24658.7393311771,6,39,14,25,14,25,1,0,0,0,0,40,14,25,14,25,24,10.1128866533993,11.9384872747775,0.279350135384797,2020-02-10,2020,2
"5353","MS",5,"Centro-oeste",50001,"Baixo Pantanal",153045,24658.7393311771,7,35,12,23,15,20,0,0,0,0,0,35,12,23,15,20,33,10.1128866533993,11.9384872747775,0.294930293544819,2020-02-17,2020,2
"5354","MS",5,"Centro-oeste",50001,"Baixo Pantanal",153045,24658.7393311771,8,34,14,20,17,17,0,0,0,0,0,34,14,20,17,17,22,10.1128866533993,11.9384872747775,0.346099599178117,2020-02-24,2020,2
"5355","MS",5,"Centro-oeste",50001,"Baixo Pantanal",153045,24658.7393311771,9,42,14,28,13,29,1,0,0,0,0,43,14,28,13,29,25,10.1128866533993,11.9384872747775,0.319584332786642,2020-03-02,2020,3
"5356","MS",5,"Centro-oeste",50001,"Baixo Pantanal",153045,24658.7393311771,10,34,8,26,9,25,1,0,0,0,0,35,8,26,9,25,37,10.1128866533993,11.9384872747775,0.317982413078617,2020-03-09,2020,3
"5357","MS",5,"Centro-oeste",50001,"Baixo Pantanal",153045,24658.7393311771,11,50,21,29,23,27,0,0,0,0,0,50,21,29,23,27,16,10.1128866533993,11.9384872747775,0.415313420024687,2020-03-16,2020,3
"5358","MS",5,"Centro-oeste",50001,"Baixo Pantanal",153045,24658.7393311771,12,42,16,26,21,21,0,0,0,0,0,42,16,26,21,21,17,10.1128866533993,11.9384872747775,0.464926904891467,2020-03-23,2020,3
"5359","MS",5,"Centro-oeste",50001,"Baixo Pantanal",153045,24658.7393311771,13,32,17,15,14,18,0,0,0,0,0,32,17,15,14,18,14,10.1128866533993,11.9384872747775,0.436319034173045,2020-03-30,2020,3
"5360","MS",5,"Centro-oeste",50001,"Baixo Pantanal",153045,24658.7393311771,14,45,13,32,19,26,0,0,0,0,0,45,13,32,19,26,21,10.1128866533993,11.9384872747775,0.439529584001098,2020-04-06,2020,4
"5361","MS",5,"Centro-oeste",50001,"Baixo Pantanal",153045,24658.7393311771,15,41,12,29,14,27,2,0,0,0,0,43,12,29,14,27,15,10.1128866533993,11.9384872747775,0.413973087664098,2020-04-13,2020,4
"5362","MS",5,"Centro-oeste",50001,"Baixo Pantanal",153045,24658.7393311771,16,56,25,31,21,35,0,0,0,0,0,56,25,31,21,35,15,10.1128866533993,11.9384872747775,0.4289591822548,2020-04-20,2020,4
"5363","MS",5,"Centro-oeste",50001,"Baixo Pantanal",153045,24658.7393311771,17,51,17,34,20,31,1,0,0,0,0,52,17,34,20,31,13,10.1128866533993,11.9384872747775,0.413070220583728,2020-04-27,2020,4
"5364","MS",5,"Centro-oeste",50001,"Baixo Pantanal",153045,24658.7393311771,18,44,11,33,22,22,0,0,0,0,0,44,11,33,22,22,11,10.1128866533993,11.9384872747775,0.410553487657445,2020-05-04,2020,5
"5365","MS",5,"Centro-oeste",50001,"Baixo Pantanal",153045,24658.7393311771,19,44,21,23,23,21,2,0,0,0,0,46,21,23,23,21,9,10.1128866533993,11.9384872747775,0.424156669805121,2020-05-11,2020,5
"5366","MS",5,"Centro-oeste",50001,"Baixo Pantanal",153045,24658.7393311771,20,62,23,39,24,38,1,0,0,0,0,63,23,39,24,38,9,10.1128866533993,11.9384872747775,0.426212177472695,2020-05-18,2020,5
"5367","MS",5,"Centro-oeste",50001,"Baixo Pantanal",153045,24658.7393311771,21,54,18,36,25,29,0,0,0,0,0,54,18,36,25,29,20,10.1128866533993,11.9384872747775,0.412289303505978,2020-05-25,2020,5
"5368","MS",5,"Centro-oeste",50001,"Baixo Pantanal",153045,24658.7393311771,22,67,17,50,25,42,2,0,0,0,0,69,17,50,25,42,13,10.1128866533993,11.9384872747775,0.414475005626357,2020-06-01,2020,6
"5369","MS",5,"Centro-oeste",50001,"Baixo Pantanal",153045,24658.7393311771,23,69,24,45,37,32,0,0,0,0,0,69,24,45,37,32,9,10.1128866533993,11.9384872747775,0.416844475352055,2020-06-08,2020,6
"5370","MS",5,"Centro-oeste",50001,"Baixo Pantanal",153045,24658.7393311771,24,62,20,42,29,33,0,0,0,0,0,62,20,42,29,33,11,10.1128866533993,11.9384872747775,0.409829616807942,2020-06-15,2020,6
"5371","MS",5,"Centro-oeste",50001,"Baixo Pantanal",153045,24658.7393311771,25,51,18,33,24,27,0,0,0,0,0,51,18,33,24,27,22,10.1128866533993,11.9384872747775,0.42635352131624,2020-06-22,2020,6
"5372","MS",5,"Centro-oeste",50001,"Baixo Pantanal",153045,24658.7393311771,26,57,22,35,28,29,0,0,0,0,0,57,22,35,28,29,17,10.1128866533993,11.9384872747775,0.416525631303654,2020-06-29,2020,6
"5373","MS",5,"Centro-oeste",50001,"Baixo Pantanal",153045,24658.7393311771,27,54,18,36,19,35,0,0,0,0,0,54,18,36,19,35,25,10.1128866533993,11.9384872747775,0.418138757553213,2020-07-06,2020,7
"5374","MS",5,"Centro-oeste",50001,"Baixo Pantanal",153045,24658.7393311771,28,51,25,26,21,30,0,0,0,0,0,51,25,26,21,30,32,10.1128866533993,11.9384872747775,0.406946536796597,2020-07-13,2020,7
"5375","MS",5,"Centro-oeste",50001,"Baixo Pantanal",153045,24658.7393311771,29,52,20,32,29,23,0,0,0,0,0,52,20,32,29,23,20,10.1128866533993,11.9384872747775,0.424783245569795,2020-07-20,2020,7
"5376","MS",5,"Centro-oeste",50002,"Aquidauana",112953,18657.7559819571,5,19,7,12,9,10,0,0,0,0,0,19,7,12,9,10,14,9.83401720896808,11.6347270819684,0.296506267820331,2020-02-03,2020,2
"5377","MS",5,"Centro-oeste",50002,"Aquidauana",112953,18657.7559819571,6,21,7,14,14,7,1,0,0,0,0,22,7,14,14,7,10,9.83401720896808,11.6347270819684,0.290966284985203,2020-02-10,2020,2
"5378","MS",5,"Centro-oeste",50002,"Aquidauana",112953,18657.7559819571,7,21,7,14,8,13,0,0,0,0,0,21,7,14,8,13,10,9.83401720896808,11.6347270819684,0.287995193877657,2020-02-17,2020,2
"5379","MS",5,"Centro-oeste",50002,"Aquidauana",112953,18657.7559819571,8,29,12,17,11,18,0,0,0,0,0,29,12,17,11,18,9,9.83401720896808,11.6347270819684,0.341823462020746,2020-02-24,2020,2
"5380","MS",5,"Centro-oeste",50002,"Aquidauana",112953,18657.7559819571,9,28,13,15,17,11,0,0,0,0,0,28,13,15,17,11,20,9.83401720896808,11.6347270819684,0.312743301023007,2020-03-02,2020,3
"5381","MS",5,"Centro-oeste",50002,"Aquidauana",112953,18657.7559819571,10,28,4,24,12,16,1,0,0,0,0,29,4,24,12,16,20,9.83401720896808,11.6347270819684,0.317787322982613,2020-03-09,2020,3
"5382","MS",5,"Centro-oeste",50002,"Aquidauana",112953,18657.7559819571,11,30,9,21,15,15,0,0,0,0,0,30,9,21,15,15,15,9.83401720896808,11.6347270819684,0.38184634197767,2020-03-16,2020,3
"5383","MS",5,"Centro-oeste",50002,"Aquidauana",112953,18657.7559819571,12,26,11,15,10,16,0,0,0,0,0,26,11,15,10,16,17,9.83401720896808,11.6347270819684,0.468721102732126,2020-03-23,2020,3
"5384","MS",5,"Centro-oeste",50002,"Aquidauana",112953,18657.7559819571,13,24,12,12,14,10,1,0,0,0,0,25,12,12,14,10,17,9.83401720896808,11.6347270819684,0.405063942387161,2020-03-30,2020,3
"5385","MS",5,"Centro-oeste",50002,"Aquidauana",112953,18657.7559819571,14,28,12,16,13,15,1,0,0,0,0,29,12,16,13,15,15,9.83401720896808,11.6347270819684,0.415642351922265,2020-04-06,2020,4
"5386","MS",5,"Centro-oeste",50002,"Aquidauana",112953,18657.7559819571,15,39,12,27,17,22,0,0,0,0,0,39,12,27,17,22,12,9.83401720896808,11.6347270819684,0.397060029807613,2020-04-13,2020,4
"5387","MS",5,"Centro-oeste",50002,"Aquidauana",112953,18657.7559819571,16,42,17,25,21,21,0,0,0,0,0,42,17,25,21,21,8,9.83401720896808,11.6347270819684,0.399879006296661,2020-04-20,2020,4
"5388","MS",5,"Centro-oeste",50002,"Aquidauana",112953,18657.7559819571,17,30,10,20,19,11,1,0,0,0,0,31,10,20,19,11,13,9.83401720896808,11.6347270819684,0.40968753782038,2020-04-27,2020,4
"5389","MS",5,"Centro-oeste",50002,"Aquidauana",112953,18657.7559819571,18,35,15,20,16,19,0,0,0,0,0,35,15,20,16,19,15,9.83401720896808,11.6347270819684,0.388140607460105,2020-05-04,2020,5
"5390","MS",5,"Centro-oeste",50002,"Aquidauana",112953,18657.7559819571,19,48,17,31,26,22,0,0,0,0,0,48,17,31,26,22,17,9.83401720896808,11.6347270819684,0.410261756021423,2020-05-11,2020,5
"5391","MS",5,"Centro-oeste",50002,"Aquidauana",112953,18657.7559819571,20,32,5,27,18,14,1,0,0,0,0,33,5,27,18,14,14,9.83401720896808,11.6347270819684,0.408555056511244,2020-05-18,2020,5
"5392","MS",5,"Centro-oeste",50002,"Aquidauana",112953,18657.7559819571,21,42,22,20,21,21,0,0,0,0,0,42,22,20,21,21,19,9.83401720896808,11.6347270819684,0.398469174263956,2020-05-25,2020,5
"5393","MS",5,"Centro-oeste",50002,"Aquidauana",112953,18657.7559819571,22,49,17,32,16,33,0,0,0,0,0,49,17,32,16,33,17,9.83401720896808,11.6347270819684,0.398084135794871,2020-06-01,2020,6
"5394","MS",5,"Centro-oeste",50002,"Aquidauana",112953,18657.7559819571,23,32,11,21,16,16,0,0,0,0,0,32,11,21,16,16,12,9.83401720896808,11.6347270819684,0.390423816460092,2020-06-08,2020,6
"5395","MS",5,"Centro-oeste",50002,"Aquidauana",112953,18657.7559819571,24,33,14,19,13,20,0,0,0,0,0,33,14,19,13,20,13,9.83401720896808,11.6347270819684,0.376716922107628,2020-06-15,2020,6
"5396","MS",5,"Centro-oeste",50002,"Aquidauana",112953,18657.7559819571,25,38,16,22,18,20,1,0,0,0,0,39,16,22,18,20,14,9.83401720896808,11.6347270819684,0.396068102075821,2020-06-22,2020,6
"5397","MS",5,"Centro-oeste",50002,"Aquidauana",112953,18657.7559819571,26,34,13,21,15,19,0,0,0,0,0,34,13,21,15,19,10,9.83401720896808,11.6347270819684,0.377894914557556,2020-06-29,2020,6
"5398","MS",5,"Centro-oeste",50002,"Aquidauana",112953,18657.7559819571,27,45,14,31,19,26,0,0,0,0,0,45,14,31,19,26,15,9.83401720896808,11.6347270819684,0.390876389009651,2020-07-06,2020,7
"5399","MS",5,"Centro-oeste",50002,"Aquidauana",112953,18657.7559819571,28,26,10,16,16,10,2,0,0,0,0,28,10,16,16,10,22,9.83401720896808,11.6347270819684,0.392251188797337,2020-07-13,2020,7
"5400","MS",5,"Centro-oeste",50002,"Aquidauana",112953,18657.7559819571,29,35,19,16,12,23,2,0,0,0,0,37,19,16,12,23,27,9.83401720896808,11.6347270819684,0.41869468802494,2020-07-20,2020,7
"5401","MS",5,"Centro-oeste",50003,"Alto Taquari",130164,36891.8419460834,5,19,7,12,11,8,0,0,0,0,0,19,7,12,11,8,21,10.5157457201136,11.7765504728282,0.28475185781609,2020-02-03,2020,2
"5402","MS",5,"Centro-oeste",50003,"Alto Taquari",130164,36891.8419460834,6,29,8,21,15,14,0,0,0,0,0,29,8,21,15,14,16,10.5157457201136,11.7765504728282,0.281172380342259,2020-02-10,2020,2
"5403","MS",5,"Centro-oeste",50003,"Alto Taquari",130164,36891.8419460834,7,42,19,23,15,27,0,0,0,0,0,42,19,23,15,27,14,10.5157457201136,11.7765504728282,0.295104427644517,2020-02-17,2020,2
"5404","MS",5,"Centro-oeste",50003,"Alto Taquari",130164,36891.8419460834,8,34,12,22,18,16,0,0,0,0,0,34,12,22,18,16,10,10.5157457201136,11.7765504728282,0.328501002504666,2020-02-24,2020,2
"5405","MS",5,"Centro-oeste",50003,"Alto Taquari",130164,36891.8419460834,9,27,8,19,10,17,1,0,0,0,0,28,8,19,10,17,14,10.5157457201136,11.7765504728282,0.30407482387388,2020-03-02,2020,3
"5406","MS",5,"Centro-oeste",50003,"Alto Taquari",130164,36891.8419460834,10,25,11,14,12,13,1,0,0,0,0,26,11,14,12,13,19,10.5157457201136,11.7765504728282,0.316957490011416,2020-03-09,2020,3
"5407","MS",5,"Centro-oeste",50003,"Alto Taquari",130164,36891.8419460834,11,31,8,23,11,20,0,0,0,0,0,31,8,23,11,20,15,10.5157457201136,11.7765504728282,0.366802003810069,2020-03-16,2020,3
"5408","MS",5,"Centro-oeste",50003,"Alto Taquari",130164,36891.8419460834,12,30,4,26,13,17,1,0,0,0,0,31,4,26,13,17,13,10.5157457201136,11.7765504728282,0.460997184152632,2020-03-23,2020,3
"5409","MS",5,"Centro-oeste",50003,"Alto Taquari",130164,36891.8419460834,13,28,9,19,8,20,0,0,0,0,0,28,9,19,8,20,19,10.5157457201136,11.7765504728282,0.41472972143413,2020-03-30,2020,3
"5410","MS",5,"Centro-oeste",50003,"Alto Taquari",130164,36891.8419460834,14,37,15,22,17,20,1,0,0,0,0,38,15,22,17,20,9,10.5157457201136,11.7765504728282,0.391271708482445,2020-04-06,2020,4
"5411","MS",5,"Centro-oeste",50003,"Alto Taquari",130164,36891.8419460834,15,28,4,24,19,9,0,0,0,0,0,28,4,24,19,9,12,10.5157457201136,11.7765504728282,0.378815577952109,2020-04-13,2020,4
"5412","MS",5,"Centro-oeste",50003,"Alto Taquari",130164,36891.8419460834,16,31,10,21,16,15,0,0,0,0,0,31,10,21,16,15,15,10.5157457201136,11.7765504728282,0.385674751089651,2020-04-20,2020,4
"5413","MS",5,"Centro-oeste",50003,"Alto Taquari",130164,36891.8419460834,17,54,18,36,27,27,0,0,0,0,0,54,18,36,27,27,13,10.5157457201136,11.7765504728282,0.377650916443674,2020-04-27,2020,4
"5414","MS",5,"Centro-oeste",50003,"Alto Taquari",130164,36891.8419460834,18,38,10,28,22,16,1,0,0,0,0,39,10,28,22,16,13,10.5157457201136,11.7765504728282,0.373808309929323,2020-05-04,2020,5
"5415","MS",5,"Centro-oeste",50003,"Alto Taquari",130164,36891.8419460834,19,39,11,28,19,20,1,0,0,0,0,40,11,28,19,20,12,10.5157457201136,11.7765504728282,0.390137549698552,2020-05-11,2020,5
"5416","MS",5,"Centro-oeste",50003,"Alto Taquari",130164,36891.8419460834,20,46,16,30,18,28,1,0,0,0,0,47,16,30,18,28,16,10.5157457201136,11.7765504728282,0.383563739229451,2020-05-18,2020,5
"5417","MS",5,"Centro-oeste",50003,"Alto Taquari",130164,36891.8419460834,21,51,7,44,21,30,0,0,0,0,0,51,7,44,21,30,16,10.5157457201136,11.7765504728282,0.361939242046048,2020-05-25,2020,5
"5418","MS",5,"Centro-oeste",50003,"Alto Taquari",130164,36891.8419460834,22,43,6,37,19,24,0,0,0,0,0,43,6,37,19,24,11,10.5157457201136,11.7765504728282,0.359646576550958,2020-06-01,2020,6
"5419","MS",5,"Centro-oeste",50003,"Alto Taquari",130164,36891.8419460834,23,33,8,25,18,15,1,0,0,0,0,34,8,25,18,15,13,10.5157457201136,11.7765504728282,0.370816918243743,2020-06-08,2020,6
"5420","MS",5,"Centro-oeste",50003,"Alto Taquari",130164,36891.8419460834,24,36,16,20,17,19,3,0,0,0,0,39,16,20,17,19,12,10.5157457201136,11.7765504728282,0.362522620230019,2020-06-15,2020,6
"5421","MS",5,"Centro-oeste",50003,"Alto Taquari",130164,36891.8419460834,25,27,9,18,11,16,0,0,0,0,0,27,9,18,11,16,8,10.5157457201136,11.7765504728282,0.365111588467286,2020-06-22,2020,6
"5422","MS",5,"Centro-oeste",50003,"Alto Taquari",130164,36891.8419460834,26,30,10,20,10,20,1,0,0,0,0,31,10,20,10,20,13,10.5157457201136,11.7765504728282,0.364638350932182,2020-06-29,2020,6
"5423","MS",5,"Centro-oeste",50003,"Alto Taquari",130164,36891.8419460834,27,30,4,26,9,21,0,0,0,0,0,30,4,26,9,21,18,10.5157457201136,11.7765504728282,0.38311239551374,2020-07-06,2020,7
"5424","MS",5,"Centro-oeste",50003,"Alto Taquari",130164,36891.8419460834,28,28,15,13,13,15,1,0,0,0,0,29,15,13,13,15,15,10.5157457201136,11.7765504728282,0.396668397590918,2020-07-13,2020,7
"5425","MS",5,"Centro-oeste",50003,"Alto Taquari",130164,36891.8419460834,29,39,14,25,23,16,1,0,0,0,0,40,14,25,23,16,19,10.5157457201136,11.7765504728282,0.419409242946964,2020-07-20,2020,7
"5426","MS",5,"Centro-oeste",50004,"Campo Grande",1018063,33371.2627431996,5,246,44,202,77,169,0,0,0,0,0,246,44,202,77,169,103,10.4154504117007,13.8334123602288,0.283306604622483,2020-02-03,2020,2
"5427","MS",5,"Centro-oeste",50004,"Campo Grande",1018063,33371.2627431996,6,264,53,211,89,175,3,0,0,0,0,267,53,211,89,175,112,10.4154504117007,13.8334123602288,0.279557901545702,2020-02-10,2020,2
"5428","MS",5,"Centro-oeste",50004,"Campo Grande",1018063,33371.2627431996,7,229,42,187,84,145,3,0,0,0,0,232,42,187,84,145,111,10.4154504117007,13.8334123602288,0.293207808857629,2020-02-17,2020,2
"5429","MS",5,"Centro-oeste",50004,"Campo Grande",1018063,33371.2627431996,8,185,34,151,62,123,4,0,0,0,0,189,34,151,62,123,103,10.4154504117007,13.8334123602288,0.341800543298944,2020-02-24,2020,2
"5430","MS",5,"Centro-oeste",50004,"Campo Grande",1018063,33371.2627431996,9,161,35,126,59,102,3,0,0,0,0,164,35,126,59,102,110,10.4154504117007,13.8334123602288,0.31005755408192,2020-03-02,2020,3
"5431","MS",5,"Centro-oeste",50004,"Campo Grande",1018063,33371.2627431996,10,222,48,174,83,139,3,0,0,0,0,225,48,174,83,139,124,10.4154504117007,13.8334123602288,0.323387615416629,2020-03-09,2020,3
"5432","MS",5,"Centro-oeste",50004,"Campo Grande",1018063,33371.2627431996,11,220,36,184,89,131,4,0,0,0,0,224,36,184,89,131,143,10.4154504117007,13.8334123602288,0.41517512876071,2020-03-16,2020,3
"5433","MS",5,"Centro-oeste",50004,"Campo Grande",1018063,33371.2627431996,12,234,44,190,85,149,1,0,0,0,0,235,44,190,85,149,100,10.4154504117007,13.8334123602288,0.537059593800135,2020-03-23,2020,3
"5434","MS",5,"Centro-oeste",50004,"Campo Grande",1018063,33371.2627431996,13,269,53,216,99,170,5,0,0,0,0,274,53,216,99,170,103,10.4154504117007,13.8334123602288,0.472285833751034,2020-03-30,2020,3
"5435","MS",5,"Centro-oeste",50004,"Campo Grande",1018063,33371.2627431996,14,250,55,195,92,158,3,0,0,0,0,253,55,195,92,158,114,10.4154504117007,13.8334123602288,0.44430438979799,2020-04-06,2020,4
"5436","MS",5,"Centro-oeste",50004,"Campo Grande",1018063,33371.2627431996,15,275,66,209,109,166,4,0,0,0,0,279,66,209,109,166,105,10.4154504117007,13.8334123602288,0.423661420421811,2020-04-13,2020,4
"5437","MS",5,"Centro-oeste",50004,"Campo Grande",1018063,33371.2627431996,16,267,57,210,97,170,4,0,0,0,0,271,57,210,97,170,90,10.4154504117007,13.8334123602288,0.426013730814786,2020-04-20,2020,4
"5438","MS",5,"Centro-oeste",50004,"Campo Grande",1018063,33371.2627431996,17,255,60,195,105,150,3,0,0,0,0,258,60,195,105,150,109,10.4154504117007,13.8334123602288,0.414604467338255,2020-04-27,2020,4
"5439","MS",5,"Centro-oeste",50004,"Campo Grande",1018063,33371.2627431996,18,324,63,261,119,205,0,0,0,0,0,324,63,261,119,205,112,10.4154504117007,13.8334123602288,0.389784988335796,2020-05-04,2020,5
"5440","MS",5,"Centro-oeste",50004,"Campo Grande",1018063,33371.2627431996,19,311,69,242,133,178,1,0,0,0,0,312,69,242,133,178,98,10.4154504117007,13.8334123602288,0.404108314202271,2020-05-11,2020,5
"5441","MS",5,"Centro-oeste",50004,"Campo Grande",1018063,33371.2627431996,20,320,60,260,109,211,4,0,0,0,0,324,60,260,109,211,121,10.4154504117007,13.8334123602288,0.395384177680516,2020-05-18,2020,5
"5442","MS",5,"Centro-oeste",50004,"Campo Grande",1018063,33371.2627431996,21,307,74,233,105,202,1,0,0,0,0,308,74,233,105,202,119,10.4154504117007,13.8334123602288,0.38505338680443,2020-05-25,2020,5
"5443","MS",5,"Centro-oeste",50004,"Campo Grande",1018063,33371.2627431996,22,329,66,263,129,200,5,0,0,0,0,334,66,263,129,200,94,10.4154504117007,13.8334123602288,0.387599419155866,2020-06-01,2020,6
"5444","MS",5,"Centro-oeste",50004,"Campo Grande",1018063,33371.2627431996,23,292,66,226,127,165,2,0,0,0,0,294,66,226,127,165,128,10.4154504117007,13.8334123602288,0.378539636023012,2020-06-08,2020,6
"5445","MS",5,"Centro-oeste",50004,"Campo Grande",1018063,33371.2627431996,24,268,57,211,98,170,3,0,0,0,0,271,57,211,98,170,110,10.4154504117007,13.8334123602288,0.369111273845037,2020-06-15,2020,6
"5446","MS",5,"Centro-oeste",50004,"Campo Grande",1018063,33371.2627431996,25,254,52,202,98,156,4,0,0,0,0,258,52,202,98,156,101,10.4154504117007,13.8334123602288,0.398459886014083,2020-06-22,2020,6
"5447","MS",5,"Centro-oeste",50004,"Campo Grande",1018063,33371.2627431996,26,264,53,211,78,186,3,0,0,0,0,267,53,211,78,186,129,10.4154504117007,13.8334123602288,0.387458023465332,2020-06-29,2020,6
"5448","MS",5,"Centro-oeste",50004,"Campo Grande",1018063,33371.2627431996,27,301,48,253,93,208,1,0,0,0,0,302,48,253,93,208,141,10.4154504117007,13.8334123602288,0.387285278975604,2020-07-06,2020,7
"5449","MS",5,"Centro-oeste",50004,"Campo Grande",1018063,33371.2627431996,28,266,46,220,87,179,3,0,0,0,0,269,46,220,87,179,169,10.4154504117007,13.8334123602288,0.395654810509261,2020-07-13,2020,7
"5450","MS",5,"Centro-oeste",50004,"Campo Grande",1018063,33371.2627431996,29,258,46,212,102,156,3,0,0,0,0,261,46,212,102,156,169,10.4154504117007,13.8334123602288,0.398120645698699,2020-07-20,2020,7
"5451","MS",5,"Centro-oeste",50005,"Cassilândia",74663,67997.1133210559,5,30,7,23,16,14,0,0,0,0,0,30,7,23,16,14,9,11.1272205320962,11.2207399338204,0.29776946723378,2020-02-03,2020,2
"5452","MS",5,"Centro-oeste",50005,"Cassilândia",74663,67997.1133210559,6,15,4,11,4,11,0,0,0,0,0,15,4,11,4,11,5,11.1272205320962,11.2207399338204,0.291555040901202,2020-02-10,2020,2
"5453","MS",5,"Centro-oeste",50005,"Cassilândia",74663,67997.1133210559,7,19,2,17,6,13,0,0,0,0,0,19,2,17,6,13,6,11.1272205320962,11.2207399338204,0.308889439325938,2020-02-17,2020,2
"5454","MS",5,"Centro-oeste",50005,"Cassilândia",74663,67997.1133210559,8,14,5,9,7,7,0,0,0,0,0,14,5,9,7,7,3,11.1272205320962,11.2207399338204,0.331031771559446,2020-02-24,2020,2
"5455","MS",5,"Centro-oeste",50005,"Cassilândia",74663,67997.1133210559,9,26,7,19,12,14,0,0,0,0,0,26,7,19,12,14,9,11.1272205320962,11.2207399338204,0.322532597114462,2020-03-02,2020,3
"5456","MS",5,"Centro-oeste",50005,"Cassilândia",74663,67997.1133210559,10,21,4,17,10,11,0,0,0,0,0,21,4,17,10,11,11,11.1272205320962,11.2207399338204,0.327702739393804,2020-03-09,2020,3
"5457","MS",5,"Centro-oeste",50005,"Cassilândia",74663,67997.1133210559,11,26,8,18,10,16,0,0,0,0,0,26,8,18,10,16,9,11.1272205320962,11.2207399338204,0.374884135347574,2020-03-16,2020,3
"5458","MS",5,"Centro-oeste",50005,"Cassilândia",74663,67997.1133210559,12,17,3,14,9,8,0,0,0,0,0,17,3,14,9,8,10,11.1272205320962,11.2207399338204,0.46010264692894,2020-03-23,2020,3
"5459","MS",5,"Centro-oeste",50005,"Cassilândia",74663,67997.1133210559,13,24,5,19,14,10,0,0,0,0,0,24,5,19,14,10,7,11.1272205320962,11.2207399338204,0.418075343402262,2020-03-30,2020,3
"5460","MS",5,"Centro-oeste",50005,"Cassilândia",74663,67997.1133210559,14,26,7,19,14,12,0,0,0,0,0,26,7,19,14,12,7,11.1272205320962,11.2207399338204,0.419566023118911,2020-04-06,2020,4
"5461","MS",5,"Centro-oeste",50005,"Cassilândia",74663,67997.1133210559,15,24,5,19,12,12,0,0,0,0,0,24,5,19,12,12,7,11.1272205320962,11.2207399338204,0.388466766316676,2020-04-13,2020,4
"5462","MS",5,"Centro-oeste",50005,"Cassilândia",74663,67997.1133210559,16,29,8,21,10,19,0,0,0,0,0,29,8,21,10,19,5,11.1272205320962,11.2207399338204,0.388136605947543,2020-04-20,2020,4
"5463","MS",5,"Centro-oeste",50005,"Cassilândia",74663,67997.1133210559,17,21,8,13,11,10,0,0,0,0,0,21,8,13,11,10,7,11.1272205320962,11.2207399338204,0.392429552342667,2020-04-27,2020,4
"5464","MS",5,"Centro-oeste",50005,"Cassilândia",74663,67997.1133210559,18,27,8,19,12,15,0,0,0,0,0,27,8,19,12,15,10,11.1272205320962,11.2207399338204,0.382462227441895,2020-05-04,2020,5
"5465","MS",5,"Centro-oeste",50005,"Cassilândia",74663,67997.1133210559,19,26,4,22,11,15,0,0,0,0,0,26,4,22,11,15,8,11.1272205320962,11.2207399338204,0.379653304036263,2020-05-11,2020,5
"5466","MS",5,"Centro-oeste",50005,"Cassilândia",74663,67997.1133210559,20,24,7,17,12,12,0,0,0,0,0,24,7,17,12,12,2,11.1272205320962,11.2207399338204,0.377902356772896,2020-05-18,2020,5
"5467","MS",5,"Centro-oeste",50005,"Cassilândia",74663,67997.1133210559,21,20,2,18,8,12,0,0,0,0,0,20,2,18,8,12,13,11.1272205320962,11.2207399338204,0.371936626058096,2020-05-25,2020,5
"5468","MS",5,"Centro-oeste",50005,"Cassilândia",74663,67997.1133210559,22,36,8,28,19,17,0,0,0,0,0,36,8,28,19,17,9,11.1272205320962,11.2207399338204,0.368998478053159,2020-06-01,2020,6
"5469","MS",5,"Centro-oeste",50005,"Cassilândia",74663,67997.1133210559,23,24,6,18,13,11,0,0,0,0,0,24,6,18,13,11,10,11.1272205320962,11.2207399338204,0.379149640665549,2020-06-08,2020,6
"5470","MS",5,"Centro-oeste",50005,"Cassilândia",74663,67997.1133210559,24,18,5,13,8,10,0,0,0,0,0,18,5,13,8,10,9,11.1272205320962,11.2207399338204,0.374534587057227,2020-06-15,2020,6
"5471","MS",5,"Centro-oeste",50005,"Cassilândia",74663,67997.1133210559,25,34,13,21,15,19,0,0,0,0,0,34,13,21,15,19,10,11.1272205320962,11.2207399338204,0.385358188318962,2020-06-22,2020,6
"5472","MS",5,"Centro-oeste",50005,"Cassilândia",74663,67997.1133210559,26,29,10,19,8,21,0,0,0,0,0,29,10,19,8,21,12,11.1272205320962,11.2207399338204,0.404495772091436,2020-06-29,2020,6
"5473","MS",5,"Centro-oeste",50005,"Cassilândia",74663,67997.1133210559,27,28,6,22,9,19,1,0,0,0,0,29,6,22,9,19,9,11.1272205320962,11.2207399338204,0.394227484522593,2020-07-06,2020,7
"5474","MS",5,"Centro-oeste",50005,"Cassilândia",74663,67997.1133210559,28,30,11,19,9,21,0,0,0,0,0,30,11,19,9,21,5,11.1272205320962,11.2207399338204,0.379979988809257,2020-07-13,2020,7
"5475","MS",5,"Centro-oeste",50005,"Cassilândia",74663,67997.1133210559,29,21,5,16,11,10,0,0,0,0,0,21,5,16,11,10,10,11.1272205320962,11.2207399338204,0.370852699021046,2020-07-20,2020,7
"5476","MS",5,"Centro-oeste",50006,"Paranaíba",82475,64283.5510931797,5,22,6,16,8,14,0,0,0,0,0,22,6,16,8,14,9,11.0710590624634,11.3202504960968,0.300371769814667,2020-02-03,2020,2
"5477","MS",5,"Centro-oeste",50006,"Paranaíba",82475,64283.5510931797,6,13,2,11,4,9,0,0,0,0,0,13,2,11,4,9,9,11.0710590624634,11.3202504960968,0.302333531905445,2020-02-10,2020,2
"5478","MS",5,"Centro-oeste",50006,"Paranaíba",82475,64283.5510931797,7,20,4,16,8,12,0,0,0,0,0,20,4,16,8,12,14,11.0710590624634,11.3202504960968,0.317856403061297,2020-02-17,2020,2
"5479","MS",5,"Centro-oeste",50006,"Paranaíba",82475,64283.5510931797,8,14,1,13,3,11,0,0,0,0,0,14,1,13,3,11,16,11.0710590624634,11.3202504960968,0.341239939907935,2020-02-24,2020,2
"5480","MS",5,"Centro-oeste",50006,"Paranaíba",82475,64283.5510931797,9,16,2,14,7,9,0,0,0,0,0,16,2,14,7,9,16,11.0710590624634,11.3202504960968,0.327202420892595,2020-03-02,2020,3
"5481","MS",5,"Centro-oeste",50006,"Paranaíba",82475,64283.5510931797,10,16,6,10,5,11,0,0,0,0,0,16,6,10,5,11,12,11.0710590624634,11.3202504960968,0.345709323680719,2020-03-09,2020,3
"5482","MS",5,"Centro-oeste",50006,"Paranaíba",82475,64283.5510931797,11,15,4,11,4,11,0,0,0,0,0,15,4,11,4,11,9,11.0710590624634,11.3202504960968,0.402004300339687,2020-03-16,2020,3
"5483","MS",5,"Centro-oeste",50006,"Paranaíba",82475,64283.5510931797,12,14,2,12,5,9,1,0,0,0,0,15,2,12,5,9,18,11.0710590624634,11.3202504960968,0.470890945003315,2020-03-23,2020,3
"5484","MS",5,"Centro-oeste",50006,"Paranaíba",82475,64283.5510931797,13,20,8,12,7,13,0,0,0,0,0,20,8,12,7,13,16,11.0710590624634,11.3202504960968,0.447031465975935,2020-03-30,2020,3
"5485","MS",5,"Centro-oeste",50006,"Paranaíba",82475,64283.5510931797,14,18,4,14,5,13,0,0,0,0,0,18,4,14,5,13,17,11.0710590624634,11.3202504960968,0.433027271963813,2020-04-06,2020,4
"5486","MS",5,"Centro-oeste",50006,"Paranaíba",82475,64283.5510931797,15,24,10,14,12,12,0,0,0,0,0,24,10,14,12,12,12,11.0710590624634,11.3202504960968,0.431637629811624,2020-04-13,2020,4
"5487","MS",5,"Centro-oeste",50006,"Paranaíba",82475,64283.5510931797,16,18,1,17,8,10,0,0,0,0,0,18,1,17,8,10,15,11.0710590624634,11.3202504960968,0.412326957773298,2020-04-20,2020,4
"5488","MS",5,"Centro-oeste",50006,"Paranaíba",82475,64283.5510931797,17,23,8,15,16,7,1,0,0,0,0,24,8,15,16,7,10,11.0710590624634,11.3202504960968,0.400813286715218,2020-04-27,2020,4
"5489","MS",5,"Centro-oeste",50006,"Paranaíba",82475,64283.5510931797,18,22,8,14,10,12,0,0,0,0,0,22,8,14,10,12,14,11.0710590624634,11.3202504960968,0.386303423881058,2020-05-04,2020,5
"5490","MS",5,"Centro-oeste",50006,"Paranaíba",82475,64283.5510931797,19,23,9,14,13,10,0,0,0,0,0,23,9,14,13,10,11,11.0710590624634,11.3202504960968,0.399030232792596,2020-05-11,2020,5
"5491","MS",5,"Centro-oeste",50006,"Paranaíba",82475,64283.5510931797,20,25,11,14,11,14,0,0,0,0,0,25,11,14,11,14,18,11.0710590624634,11.3202504960968,0.395074806723915,2020-05-18,2020,5
"5492","MS",5,"Centro-oeste",50006,"Paranaíba",82475,64283.5510931797,21,24,9,15,9,15,1,0,0,0,0,25,9,15,9,15,10,11.0710590624634,11.3202504960968,0.387605185389528,2020-05-25,2020,5
"5493","MS",5,"Centro-oeste",50006,"Paranaíba",82475,64283.5510931797,22,20,11,9,9,11,0,0,0,0,0,20,11,9,9,11,13,11.0710590624634,11.3202504960968,0.387710225187877,2020-06-01,2020,6
"5494","MS",5,"Centro-oeste",50006,"Paranaíba",82475,64283.5510931797,23,9,4,5,5,4,0,0,0,0,0,9,4,5,5,4,10,11.0710590624634,11.3202504960968,0.395253594743784,2020-06-08,2020,6
"5495","MS",5,"Centro-oeste",50006,"Paranaíba",82475,64283.5510931797,24,24,9,15,10,14,0,0,0,0,0,24,9,15,10,14,11,11.0710590624634,11.3202504960968,0.37925760645495,2020-06-15,2020,6
"5496","MS",5,"Centro-oeste",50006,"Paranaíba",82475,64283.5510931797,25,25,3,22,11,14,1,0,0,0,0,26,3,22,11,14,7,11.0710590624634,11.3202504960968,0.392862001351875,2020-06-22,2020,6
"5497","MS",5,"Centro-oeste",50006,"Paranaíba",82475,64283.5510931797,26,23,10,13,7,16,1,0,0,0,0,24,10,13,7,16,16,11.0710590624634,11.3202504960968,0.386222854260867,2020-06-29,2020,6
"5498","MS",5,"Centro-oeste",50006,"Paranaíba",82475,64283.5510931797,27,16,5,11,5,11,0,0,0,0,0,16,5,11,5,11,12,11.0710590624634,11.3202504960968,0.386799193199769,2020-07-06,2020,7
"5499","MS",5,"Centro-oeste",50006,"Paranaíba",82475,64283.5510931797,28,20,6,14,4,16,0,0,0,0,0,20,6,14,4,16,15,11.0710590624634,11.3202504960968,0.398143291191035,2020-07-13,2020,7
"5500","MS",5,"Centro-oeste",50006,"Paranaíba",82475,64283.5510931797,29,21,7,14,11,10,0,0,0,0,0,21,7,14,11,10,16,11.0710590624634,11.3202504960968,0.396553162283578,2020-07-20,2020,7
"5501","MS",5,"Centro-oeste",50007,"Três Lagoas",183776,82129.0708067974,5,49,9,40,24,25,0,0,0,0,0,49,9,40,24,25,23,11.3160473229822,12.121472903664,0.30966813963456,2020-02-03,2020,2
"5502","MS",5,"Centro-oeste",50007,"Três Lagoas",183776,82129.0708067974,6,47,12,35,25,22,0,0,0,0,0,47,12,35,25,22,16,11.3160473229822,12.121472903664,0.296131416898724,2020-02-10,2020,2
"5503","MS",5,"Centro-oeste",50007,"Três Lagoas",183776,82129.0708067974,7,50,11,39,20,30,0,0,0,0,0,50,11,39,20,30,10,11.3160473229822,12.121472903664,0.312770107196304,2020-02-17,2020,2
"5504","MS",5,"Centro-oeste",50007,"Três Lagoas",183776,82129.0708067974,8,34,11,23,20,14,0,0,0,0,0,34,11,23,20,14,17,11.3160473229822,12.121472903664,0.35509830564355,2020-02-24,2020,2
"5505","MS",5,"Centro-oeste",50007,"Três Lagoas",183776,82129.0708067974,9,40,8,32,21,19,1,0,0,0,0,41,8,32,21,19,17,11.3160473229822,12.121472903664,0.315292852188008,2020-03-02,2020,3
"5506","MS",5,"Centro-oeste",50007,"Três Lagoas",183776,82129.0708067974,10,47,10,37,15,32,0,0,0,0,0,47,10,37,15,32,19,11.3160473229822,12.121472903664,0.337099704592083,2020-03-09,2020,3
"5507","MS",5,"Centro-oeste",50007,"Três Lagoas",183776,82129.0708067974,11,49,18,31,22,27,0,0,0,0,0,49,18,31,22,27,21,11.3160473229822,12.121472903664,0.393619346842937,2020-03-16,2020,3
"5508","MS",5,"Centro-oeste",50007,"Três Lagoas",183776,82129.0708067974,12,46,16,30,20,26,0,0,0,0,0,46,16,30,20,26,22,11.3160473229822,12.121472903664,0.502355420945243,2020-03-23,2020,3
"5509","MS",5,"Centro-oeste",50007,"Três Lagoas",183776,82129.0708067974,13,47,8,39,13,34,0,0,0,0,0,47,8,39,13,34,22,11.3160473229822,12.121472903664,0.466388533308765,2020-03-30,2020,3
"5510","MS",5,"Centro-oeste",50007,"Três Lagoas",183776,82129.0708067974,14,41,12,29,22,19,0,0,0,0,0,41,12,29,22,19,15,11.3160473229822,12.121472903664,0.44743454669174,2020-04-06,2020,4
"5511","MS",5,"Centro-oeste",50007,"Três Lagoas",183776,82129.0708067974,15,41,13,28,11,30,0,0,0,0,0,41,13,28,11,30,18,11.3160473229822,12.121472903664,0.419889145991753,2020-04-13,2020,4
"5512","MS",5,"Centro-oeste",50007,"Três Lagoas",183776,82129.0708067974,16,56,14,42,27,29,0,0,0,0,0,56,14,42,27,29,27,11.3160473229822,12.121472903664,0.433787122207488,2020-04-20,2020,4
"5513","MS",5,"Centro-oeste",50007,"Três Lagoas",183776,82129.0708067974,17,59,18,41,21,38,0,0,0,0,0,59,18,41,21,38,15,11.3160473229822,12.121472903664,0.431745903984475,2020-04-27,2020,4
"5514","MS",5,"Centro-oeste",50007,"Três Lagoas",183776,82129.0708067974,18,48,8,40,11,37,0,0,0,0,0,48,8,40,11,37,22,11.3160473229822,12.121472903664,0.414845335137423,2020-05-04,2020,5
"5515","MS",5,"Centro-oeste",50007,"Três Lagoas",183776,82129.0708067974,19,63,25,38,24,39,1,0,0,0,0,64,25,38,24,39,29,11.3160473229822,12.121472903664,0.431301608953492,2020-05-11,2020,5
"5516","MS",5,"Centro-oeste",50007,"Três Lagoas",183776,82129.0708067974,20,51,15,36,18,33,0,0,0,0,0,51,15,36,18,33,16,11.3160473229822,12.121472903664,0.427793751441356,2020-05-18,2020,5
"5517","MS",5,"Centro-oeste",50007,"Três Lagoas",183776,82129.0708067974,21,49,20,29,20,29,0,0,0,0,0,49,20,29,20,29,30,11.3160473229822,12.121472903664,0.416185571643379,2020-05-25,2020,5
"5518","MS",5,"Centro-oeste",50007,"Três Lagoas",183776,82129.0708067974,22,77,22,55,29,48,1,0,0,0,0,78,22,55,29,48,19,11.3160473229822,12.121472903664,0.406951665592729,2020-06-01,2020,6
"5519","MS",5,"Centro-oeste",50007,"Três Lagoas",183776,82129.0708067974,23,54,15,39,23,31,1,0,0,0,0,55,15,39,23,31,9,11.3160473229822,12.121472903664,0.402333799848237,2020-06-08,2020,6
"5520","MS",5,"Centro-oeste",50007,"Três Lagoas",183776,82129.0708067974,24,48,15,33,14,34,0,0,0,0,0,48,15,33,14,34,15,11.3160473229822,12.121472903664,0.399922538491055,2020-06-15,2020,6
"5521","MS",5,"Centro-oeste",50007,"Três Lagoas",183776,82129.0708067974,25,49,17,32,20,29,0,0,0,0,0,49,17,32,20,29,17,11.3160473229822,12.121472903664,0.409646175127185,2020-06-22,2020,6
"5522","MS",5,"Centro-oeste",50007,"Três Lagoas",183776,82129.0708067974,26,34,13,21,10,24,0,0,0,0,0,34,13,21,10,24,19,11.3160473229822,12.121472903664,0.399167855578574,2020-06-29,2020,6
"5523","MS",5,"Centro-oeste",50007,"Três Lagoas",183776,82129.0708067974,27,58,14,44,21,37,2,0,0,0,0,60,14,44,21,37,10,11.3160473229822,12.121472903664,0.403711490307027,2020-07-06,2020,7
"5524","MS",5,"Centro-oeste",50007,"Três Lagoas",183776,82129.0708067974,28,40,13,27,16,24,1,0,0,0,0,41,13,27,16,24,19,11.3160473229822,12.121472903664,0.402712955388568,2020-07-13,2020,7
"5525","MS",5,"Centro-oeste",50007,"Três Lagoas",183776,82129.0708067974,29,54,13,41,18,36,0,0,0,0,0,54,13,41,18,36,15,11.3160473229822,12.121472903664,0.407279189616031,2020-07-20,2020,7
"5526","MS",5,"Centro-oeste",50008,"Nova Andradina",102562,36446.336365223,5,21,9,12,7,14,0,0,0,0,0,21,9,12,7,14,12,10.503596221143,11.5382227727444,0.29932286984028,2020-02-03,2020,2
"5527","MS",5,"Centro-oeste",50008,"Nova Andradina",102562,36446.336365223,6,22,9,13,5,17,0,0,0,0,0,22,9,13,5,17,14,10.503596221143,11.5382227727444,0.290307961738585,2020-02-10,2020,2
"5528","MS",5,"Centro-oeste",50008,"Nova Andradina",102562,36446.336365223,7,25,6,19,7,18,0,0,0,0,0,25,6,19,7,18,14,10.503596221143,11.5382227727444,0.292242029771734,2020-02-17,2020,2
"5529","MS",5,"Centro-oeste",50008,"Nova Andradina",102562,36446.336365223,8,19,8,11,9,10,0,0,0,0,0,19,8,11,9,10,12,10.503596221143,11.5382227727444,0.331847671517085,2020-02-24,2020,2
"5530","MS",5,"Centro-oeste",50008,"Nova Andradina",102562,36446.336365223,9,26,9,17,9,17,0,0,0,0,0,26,9,17,9,17,3,10.503596221143,11.5382227727444,0.310312516463662,2020-03-02,2020,3
"5531","MS",5,"Centro-oeste",50008,"Nova Andradina",102562,36446.336365223,10,34,10,24,14,20,0,0,0,0,0,34,10,24,14,20,13,10.503596221143,11.5382227727444,0.320906369373928,2020-03-09,2020,3
"5532","MS",5,"Centro-oeste",50008,"Nova Andradina",102562,36446.336365223,11,35,14,21,13,22,0,0,0,0,0,35,14,21,13,22,7,10.503596221143,11.5382227727444,0.379146786796218,2020-03-16,2020,3
"5533","MS",5,"Centro-oeste",50008,"Nova Andradina",102562,36446.336365223,12,27,6,21,13,14,0,0,0,0,0,27,6,21,13,14,8,10.503596221143,11.5382227727444,0.477213568003815,2020-03-23,2020,3
"5534","MS",5,"Centro-oeste",50008,"Nova Andradina",102562,36446.336365223,13,22,6,16,8,14,0,0,0,0,0,22,6,16,8,14,7,10.503596221143,11.5382227727444,0.463000945436206,2020-03-30,2020,3
"5535","MS",5,"Centro-oeste",50008,"Nova Andradina",102562,36446.336365223,14,29,9,20,15,14,0,0,0,0,0,29,9,20,15,14,11,10.503596221143,11.5382227727444,0.428159105197716,2020-04-06,2020,4
"5536","MS",5,"Centro-oeste",50008,"Nova Andradina",102562,36446.336365223,15,27,10,17,12,15,1,0,0,0,0,28,10,17,12,15,12,10.503596221143,11.5382227727444,0.398948309693715,2020-04-13,2020,4
"5537","MS",5,"Centro-oeste",50008,"Nova Andradina",102562,36446.336365223,16,35,10,25,16,19,0,0,0,0,0,35,10,25,16,19,13,10.503596221143,11.5382227727444,0.41604290436588,2020-04-20,2020,4
"5538","MS",5,"Centro-oeste",50008,"Nova Andradina",102562,36446.336365223,17,32,10,22,12,20,0,0,0,0,0,32,10,22,12,20,7,10.503596221143,11.5382227727444,0.422919403177541,2020-04-27,2020,4
"5539","MS",5,"Centro-oeste",50008,"Nova Andradina",102562,36446.336365223,18,22,10,12,9,13,0,0,0,0,0,22,10,12,9,13,13,10.503596221143,11.5382227727444,0.376474209723434,2020-05-04,2020,5
"5540","MS",5,"Centro-oeste",50008,"Nova Andradina",102562,36446.336365223,19,26,7,19,15,11,0,0,0,0,0,26,7,19,15,11,7,10.503596221143,11.5382227727444,0.40639920946866,2020-05-11,2020,5
"5541","MS",5,"Centro-oeste",50008,"Nova Andradina",102562,36446.336365223,20,22,13,9,7,15,0,0,0,0,0,22,13,9,7,15,9,10.503596221143,11.5382227727444,0.398725014168724,2020-05-18,2020,5
"5542","MS",5,"Centro-oeste",50008,"Nova Andradina",102562,36446.336365223,21,33,12,21,12,21,0,0,0,0,0,33,12,21,12,21,6,10.503596221143,11.5382227727444,0.382819067089686,2020-05-25,2020,5
"5543","MS",5,"Centro-oeste",50008,"Nova Andradina",102562,36446.336365223,22,26,7,19,8,18,0,0,0,0,0,26,7,19,8,18,10,10.503596221143,11.5382227727444,0.398238677864043,2020-06-01,2020,6
"5544","MS",5,"Centro-oeste",50008,"Nova Andradina",102562,36446.336365223,23,28,13,15,12,16,0,0,0,0,0,28,13,15,12,16,13,10.503596221143,11.5382227727444,0.379758527635266,2020-06-08,2020,6
"5545","MS",5,"Centro-oeste",50008,"Nova Andradina",102562,36446.336365223,24,24,9,15,12,12,0,0,0,0,0,24,9,15,12,12,14,10.503596221143,11.5382227727444,0.377191285665583,2020-06-15,2020,6
"5546","MS",5,"Centro-oeste",50008,"Nova Andradina",102562,36446.336365223,25,22,7,15,10,12,1,0,0,0,0,23,7,15,10,12,9,10.503596221143,11.5382227727444,0.411671769903606,2020-06-22,2020,6
"5547","MS",5,"Centro-oeste",50008,"Nova Andradina",102562,36446.336365223,26,25,9,16,8,17,0,0,0,0,0,25,9,16,8,17,7,10.503596221143,11.5382227727444,0.38816274674075,2020-06-29,2020,6
"5548","MS",5,"Centro-oeste",50008,"Nova Andradina",102562,36446.336365223,27,31,12,19,13,18,0,0,0,0,0,31,12,19,13,18,10,10.503596221143,11.5382227727444,0.384736848951946,2020-07-06,2020,7
"5549","MS",5,"Centro-oeste",50008,"Nova Andradina",102562,36446.336365223,28,30,8,22,16,14,0,0,0,0,0,30,8,22,16,14,16,10.503596221143,11.5382227727444,0.39372216721012,2020-07-13,2020,7
"5550","MS",5,"Centro-oeste",50008,"Nova Andradina",102562,36446.336365223,29,38,9,29,20,18,0,0,0,0,0,38,9,29,20,18,20,10.503596221143,11.5382227727444,0.396033757871562,2020-07-20,2020,7
"5551","MS",5,"Centro-oeste",50009,"Bodoquena",110869,25248.9355663892,5,29,12,17,15,14,0,0,0,0,0,29,12,17,15,14,17,10.1365392780284,11.6161046031532,0.297062455952748,2020-02-03,2020,2
"5552","MS",5,"Centro-oeste",50009,"Bodoquena",110869,25248.9355663892,6,28,10,18,11,17,0,0,0,0,0,28,10,18,11,17,17,10.1365392780284,11.6161046031532,0.29674493680294,2020-02-10,2020,2
"5553","MS",5,"Centro-oeste",50009,"Bodoquena",110869,25248.9355663892,7,37,7,30,17,20,0,0,0,0,0,37,7,30,17,20,12,10.1365392780284,11.6161046031532,0.305853277636489,2020-02-17,2020,2
"5554","MS",5,"Centro-oeste",50009,"Bodoquena",110869,25248.9355663892,8,34,11,23,13,21,0,0,0,0,0,34,11,23,13,21,11,10.1365392780284,11.6161046031532,0.339485181619094,2020-02-24,2020,2
"5555","MS",5,"Centro-oeste",50009,"Bodoquena",110869,25248.9355663892,9,16,5,11,7,9,1,0,0,0,0,17,5,11,7,9,10,10.1365392780284,11.6161046031532,0.31888129767583,2020-03-02,2020,3
"5556","MS",5,"Centro-oeste",50009,"Bodoquena",110869,25248.9355663892,10,19,4,15,8,11,1,0,0,0,0,20,4,15,8,11,23,10.1365392780284,11.6161046031532,0.312433935338529,2020-03-09,2020,3
"5557","MS",5,"Centro-oeste",50009,"Bodoquena",110869,25248.9355663892,11,15,8,7,5,10,0,0,0,0,0,15,8,7,5,10,13,10.1365392780284,11.6161046031532,0.390154265248919,2020-03-16,2020,3
"5558","MS",5,"Centro-oeste",50009,"Bodoquena",110869,25248.9355663892,12,19,7,12,11,8,0,0,0,0,0,19,7,12,11,8,14,10.1365392780284,11.6161046031532,0.479813493037313,2020-03-23,2020,3
"5559","MS",5,"Centro-oeste",50009,"Bodoquena",110869,25248.9355663892,13,13,2,11,4,9,0,0,0,0,0,13,2,11,4,9,10,10.1365392780284,11.6161046031532,0.446170945009566,2020-03-30,2020,3
"5560","MS",5,"Centro-oeste",50009,"Bodoquena",110869,25248.9355663892,14,25,11,14,12,13,0,0,0,0,0,25,11,14,12,13,13,10.1365392780284,11.6161046031532,0.438842759161406,2020-04-06,2020,4
"5561","MS",5,"Centro-oeste",50009,"Bodoquena",110869,25248.9355663892,15,32,12,20,12,20,1,0,0,0,0,33,12,20,12,20,7,10.1365392780284,11.6161046031532,0.40909007609032,2020-04-13,2020,4
"5562","MS",5,"Centro-oeste",50009,"Bodoquena",110869,25248.9355663892,16,20,7,13,8,12,2,0,0,0,0,22,7,13,8,12,9,10.1365392780284,11.6161046031532,0.402406509573641,2020-04-20,2020,4
"5563","MS",5,"Centro-oeste",50009,"Bodoquena",110869,25248.9355663892,17,38,12,26,19,19,1,0,0,0,0,39,12,26,19,19,7,10.1365392780284,11.6161046031532,0.407442451454958,2020-04-27,2020,4
"5564","MS",5,"Centro-oeste",50009,"Bodoquena",110869,25248.9355663892,18,38,17,21,22,16,1,0,0,0,0,39,17,21,22,16,13,10.1365392780284,11.6161046031532,0.431767565698279,2020-05-04,2020,5
"5565","MS",5,"Centro-oeste",50009,"Bodoquena",110869,25248.9355663892,19,40,16,24,22,18,0,0,0,0,0,40,16,24,22,18,19,10.1365392780284,11.6161046031532,0.450814354761243,2020-05-11,2020,5
"5566","MS",5,"Centro-oeste",50009,"Bodoquena",110869,25248.9355663892,20,34,16,18,13,21,1,0,0,0,0,35,16,18,13,21,16,10.1365392780284,11.6161046031532,0.434724751655181,2020-05-18,2020,5
"5567","MS",5,"Centro-oeste",50009,"Bodoquena",110869,25248.9355663892,21,41,15,26,19,22,2,0,0,0,0,43,15,26,19,22,17,10.1365392780284,11.6161046031532,0.414257291730817,2020-05-25,2020,5
"5568","MS",5,"Centro-oeste",50009,"Bodoquena",110869,25248.9355663892,22,42,12,30,16,26,1,0,0,0,0,43,12,30,16,26,13,10.1365392780284,11.6161046031532,0.40591868374593,2020-06-01,2020,6
"5569","MS",5,"Centro-oeste",50009,"Bodoquena",110869,25248.9355663892,23,46,17,29,21,25,0,0,0,0,0,46,17,29,21,25,13,10.1365392780284,11.6161046031532,0.391534944095782,2020-06-08,2020,6
"5570","MS",5,"Centro-oeste",50009,"Bodoquena",110869,25248.9355663892,24,34,13,21,16,18,0,0,0,0,0,34,13,21,16,18,11,10.1365392780284,11.6161046031532,0.37175636071799,2020-06-15,2020,6
"5571","MS",5,"Centro-oeste",50009,"Bodoquena",110869,25248.9355663892,25,33,13,20,14,19,0,0,0,0,0,33,13,20,14,19,10,10.1365392780284,11.6161046031532,0.388547080310603,2020-06-22,2020,6
"5572","MS",5,"Centro-oeste",50009,"Bodoquena",110869,25248.9355663892,26,32,13,19,14,18,0,0,0,0,0,32,13,19,14,18,9,10.1365392780284,11.6161046031532,0.392288515981366,2020-06-29,2020,6
"5573","MS",5,"Centro-oeste",50009,"Bodoquena",110869,25248.9355663892,27,44,21,23,16,28,0,0,0,0,0,44,21,23,16,28,12,10.1365392780284,11.6161046031532,0.399379907711509,2020-07-06,2020,7
"5574","MS",5,"Centro-oeste",50009,"Bodoquena",110869,25248.9355663892,28,41,8,33,13,28,0,0,0,0,0,41,8,33,13,28,9,10.1365392780284,11.6161046031532,0.402561733891667,2020-07-13,2020,7
"5575","MS",5,"Centro-oeste",50009,"Bodoquena",110869,25248.9355663892,29,38,8,30,19,19,0,0,0,0,0,38,8,30,19,19,9,10.1365392780284,11.6161046031532,0.400228689035986,2020-07-20,2020,7
"5576","MS",5,"Centro-oeste",50010,"Dourados",590463,42214.4648154753,5,133,53,80,55,78,1,0,0,0,0,134,53,80,55,78,78,10.6505182094318,13.2886622538927,0.312345168372768,2020-02-03,2020,2
"5577","MS",5,"Centro-oeste",50010,"Dourados",590463,42214.4648154753,6,132,33,99,43,89,0,0,0,0,0,132,33,99,43,89,66,10.6505182094318,13.2886622538927,0.301451028182971,2020-02-10,2020,2
"5578","MS",5,"Centro-oeste",50010,"Dourados",590463,42214.4648154753,7,149,48,101,59,90,1,0,0,0,0,150,48,101,59,90,57,10.6505182094318,13.2886622538927,0.318166858347457,2020-02-17,2020,2
"5579","MS",5,"Centro-oeste",50010,"Dourados",590463,42214.4648154753,8,146,44,102,44,102,1,0,0,0,0,147,44,102,44,102,60,10.6505182094318,13.2886622538927,0.356091909075212,2020-02-24,2020,2
"5580","MS",5,"Centro-oeste",50010,"Dourados",590463,42214.4648154753,9,139,46,93,68,71,2,0,0,0,0,141,46,93,68,71,71,10.6505182094318,13.2886622538927,0.329884459719062,2020-03-02,2020,3
"5581","MS",5,"Centro-oeste",50010,"Dourados",590463,42214.4648154753,10,152,47,105,60,92,5,0,0,0,0,157,47,105,60,92,85,10.6505182094318,13.2886622538927,0.342323229867494,2020-03-09,2020,3
"5582","MS",5,"Centro-oeste",50010,"Dourados",590463,42214.4648154753,11,162,52,110,67,95,2,0,0,0,0,164,52,110,67,95,69,10.6505182094318,13.2886622538927,0.419640545589037,2020-03-16,2020,3
"5583","MS",5,"Centro-oeste",50010,"Dourados",590463,42214.4648154753,12,171,69,102,74,97,2,0,0,0,0,173,69,102,74,97,69,10.6505182094318,13.2886622538927,0.520831985979067,2020-03-23,2020,3
"5584","MS",5,"Centro-oeste",50010,"Dourados",590463,42214.4648154753,13,135,42,93,56,79,1,0,0,0,0,136,42,93,56,79,82,10.6505182094318,13.2886622538927,0.467205861976432,2020-03-30,2020,3
"5585","MS",5,"Centro-oeste",50010,"Dourados",590463,42214.4648154753,14,172,50,122,62,110,2,0,0,0,0,174,50,122,62,110,65,10.6505182094318,13.2886622538927,0.452397357708442,2020-04-06,2020,4
"5586","MS",5,"Centro-oeste",50010,"Dourados",590463,42214.4648154753,15,177,50,127,83,94,2,0,0,0,0,179,50,127,83,94,59,10.6505182094318,13.2886622538927,0.426139230962824,2020-04-13,2020,4
"5587","MS",5,"Centro-oeste",50010,"Dourados",590463,42214.4648154753,16,212,73,139,80,132,2,0,0,0,0,214,73,139,80,132,66,10.6505182094318,13.2886622538927,0.428300332767881,2020-04-20,2020,4
"5588","MS",5,"Centro-oeste",50010,"Dourados",590463,42214.4648154753,17,178,54,124,72,106,1,0,0,0,0,179,54,124,72,106,60,10.6505182094318,13.2886622538927,0.414000385841949,2020-04-27,2020,4
"5589","MS",5,"Centro-oeste",50010,"Dourados",590463,42214.4648154753,18,167,62,105,72,95,4,0,0,0,0,171,62,105,72,95,64,10.6505182094318,13.2886622538927,0.40202435176791,2020-05-04,2020,5
"5590","MS",5,"Centro-oeste",50010,"Dourados",590463,42214.4648154753,19,181,63,118,74,107,4,0,0,0,0,185,63,118,74,107,53,10.6505182094318,13.2886622538927,0.42318223372274,2020-05-11,2020,5
"5591","MS",5,"Centro-oeste",50010,"Dourados",590463,42214.4648154753,20,206,67,139,86,120,1,0,0,0,0,207,67,139,86,120,63,10.6505182094318,13.2886622538927,0.419397886251351,2020-05-18,2020,5
"5592","MS",5,"Centro-oeste",50010,"Dourados",590463,42214.4648154753,21,210,67,143,86,124,1,0,0,0,0,211,67,143,86,124,77,10.6505182094318,13.2886622538927,0.413711598140694,2020-05-25,2020,5
"5593","MS",5,"Centro-oeste",50010,"Dourados",590463,42214.4648154753,22,212,62,150,87,125,2,0,0,0,0,214,62,150,87,125,65,10.6505182094318,13.2886622538927,0.42739906321633,2020-06-01,2020,6
"5594","MS",5,"Centro-oeste",50010,"Dourados",590463,42214.4648154753,23,224,76,148,91,133,1,0,0,0,0,225,76,148,91,133,82,10.6505182094318,13.2886622538927,0.409533175697836,2020-06-08,2020,6
"5595","MS",5,"Centro-oeste",50010,"Dourados",590463,42214.4648154753,24,187,72,115,77,110,4,0,0,0,0,191,72,115,77,110,79,10.6505182094318,13.2886622538927,0.40250250781135,2020-06-15,2020,6
"5596","MS",5,"Centro-oeste",50010,"Dourados",590463,42214.4648154753,25,208,61,147,97,111,2,0,0,0,0,210,61,147,97,111,87,10.6505182094318,13.2886622538927,0.422568177923429,2020-06-22,2020,6
"5597","MS",5,"Centro-oeste",50010,"Dourados",590463,42214.4648154753,26,175,66,109,72,103,1,0,0,0,0,176,66,109,72,103,78,10.6505182094318,13.2886622538927,0.411061692867786,2020-06-29,2020,6
"5598","MS",5,"Centro-oeste",50010,"Dourados",590463,42214.4648154753,27,199,72,127,81,118,2,0,0,0,0,201,72,127,81,118,78,10.6505182094318,13.2886622538927,0.417714053152279,2020-07-06,2020,7
"5599","MS",5,"Centro-oeste",50010,"Dourados",590463,42214.4648154753,28,210,68,142,87,123,0,0,0,0,0,210,68,142,87,123,81,10.6505182094318,13.2886622538927,0.409561457693752,2020-07-13,2020,7
"5600","MS",5,"Centro-oeste",50010,"Dourados",590463,42214.4648154753,29,231,76,155,100,131,2,0,0,0,0,233,76,155,100,131,59,10.6505182094318,13.2886622538927,0.414246495415046,2020-07-20,2020,7
"5601","MS",5,"Centro-oeste",50011,"Iguatemi",250361,31999.0284356589,5,51,20,31,18,33,0,0,0,0,0,51,20,31,18,33,17,10.3734608199353,12.4306591552789,0.308068385627751,2020-02-03,2020,2
"5602","MS",5,"Centro-oeste",50011,"Iguatemi",250361,31999.0284356589,6,46,23,23,19,27,1,0,0,0,0,47,23,23,19,27,19,10.3734608199353,12.4306591552789,0.300679264469701,2020-02-10,2020,2
"5603","MS",5,"Centro-oeste",50011,"Iguatemi",250361,31999.0284356589,7,37,14,23,19,18,2,0,0,0,0,39,14,23,19,18,36,10.3734608199353,12.4306591552789,0.316519360048261,2020-02-17,2020,2
"5604","MS",5,"Centro-oeste",50011,"Iguatemi",250361,31999.0284356589,8,38,14,24,17,21,1,0,0,0,0,39,14,24,17,21,30,10.3734608199353,12.4306591552789,0.349612951017163,2020-02-24,2020,2
"5605","MS",5,"Centro-oeste",50011,"Iguatemi",250361,31999.0284356589,9,48,22,26,23,25,0,0,0,0,0,48,22,26,23,25,34,10.3734608199353,12.4306591552789,0.333691332280656,2020-03-02,2020,3
"5606","MS",5,"Centro-oeste",50011,"Iguatemi",250361,31999.0284356589,10,58,26,32,31,27,1,0,0,0,0,59,26,32,31,27,25,10.3734608199353,12.4306591552789,0.339280112478435,2020-03-09,2020,3
"5607","MS",5,"Centro-oeste",50011,"Iguatemi",250361,31999.0284356589,11,51,22,29,21,30,0,0,0,0,0,51,22,29,21,30,34,10.3734608199353,12.4306591552789,0.390662182323612,2020-03-16,2020,3
"5608","MS",5,"Centro-oeste",50011,"Iguatemi",250361,31999.0284356589,12,58,25,33,18,40,2,0,0,0,0,60,25,33,18,40,35,10.3734608199353,12.4306591552789,0.488114370769158,2020-03-23,2020,3
"5609","MS",5,"Centro-oeste",50011,"Iguatemi",250361,31999.0284356589,13,66,18,48,34,32,0,0,0,0,0,66,18,48,34,32,20,10.3734608199353,12.4306591552789,0.442037569080401,2020-03-30,2020,3
"5610","MS",5,"Centro-oeste",50011,"Iguatemi",250361,31999.0284356589,14,65,26,39,30,35,1,0,0,0,0,66,26,39,30,35,32,10.3734608199353,12.4306591552789,0.424531093319409,2020-04-06,2020,4
"5611","MS",5,"Centro-oeste",50011,"Iguatemi",250361,31999.0284356589,15,66,21,45,31,35,1,0,0,0,0,67,21,45,31,35,36,10.3734608199353,12.4306591552789,0.400192206135696,2020-04-13,2020,4
"5612","MS",5,"Centro-oeste",50011,"Iguatemi",250361,31999.0284356589,16,92,35,57,43,49,2,0,0,0,0,94,35,57,43,49,32,10.3734608199353,12.4306591552789,0.4036803890076,2020-04-20,2020,4
"5613","MS",5,"Centro-oeste",50011,"Iguatemi",250361,31999.0284356589,17,86,35,51,32,54,1,0,0,0,0,87,35,51,32,54,27,10.3734608199353,12.4306591552789,0.404791771879065,2020-04-27,2020,4
"5614","MS",5,"Centro-oeste",50011,"Iguatemi",250361,31999.0284356589,18,75,35,40,35,40,2,0,0,0,0,77,35,40,35,40,20,10.3734608199353,12.4306591552789,0.38214724873697,2020-05-04,2020,5
"5615","MS",5,"Centro-oeste",50011,"Iguatemi",250361,31999.0284356589,19,87,28,59,43,44,1,0,0,0,0,88,28,59,43,44,27,10.3734608199353,12.4306591552789,0.400216332867092,2020-05-11,2020,5
"5616","MS",5,"Centro-oeste",50011,"Iguatemi",250361,31999.0284356589,20,84,32,52,34,50,0,0,0,0,0,84,32,52,34,50,38,10.3734608199353,12.4306591552789,0.413459349406974,2020-05-18,2020,5
"5617","MS",5,"Centro-oeste",50011,"Iguatemi",250361,31999.0284356589,21,80,32,48,23,57,0,0,0,0,0,80,32,48,23,57,38,10.3734608199353,12.4306591552789,0.394301883680361,2020-05-25,2020,5
"5618","MS",5,"Centro-oeste",50011,"Iguatemi",250361,31999.0284356589,22,87,31,56,35,52,2,0,0,0,0,89,31,56,35,52,25,10.3734608199353,12.4306591552789,0.418191075517165,2020-06-01,2020,6
"5619","MS",5,"Centro-oeste",50011,"Iguatemi",250361,31999.0284356589,23,84,38,46,39,45,3,0,0,0,0,87,38,46,39,45,47,10.3734608199353,12.4306591552789,0.39975907722618,2020-06-08,2020,6
"5620","MS",5,"Centro-oeste",50011,"Iguatemi",250361,31999.0284356589,24,78,28,50,43,35,0,0,0,0,0,78,28,50,43,35,34,10.3734608199353,12.4306591552789,0.391432235801631,2020-06-15,2020,6
"5621","MS",5,"Centro-oeste",50011,"Iguatemi",250361,31999.0284356589,25,79,34,45,38,41,1,0,0,0,0,80,34,45,38,41,26,10.3734608199353,12.4306591552789,0.406483516806485,2020-06-22,2020,6
"5622","MS",5,"Centro-oeste",50011,"Iguatemi",250361,31999.0284356589,26,83,30,53,42,41,0,0,0,0,0,83,30,53,42,41,45,10.3734608199353,12.4306591552789,0.413264127646729,2020-06-29,2020,6
"5623","MS",5,"Centro-oeste",50011,"Iguatemi",250361,31999.0284356589,27,84,33,51,41,43,1,0,0,0,0,85,33,51,41,43,45,10.3734608199353,12.4306591552789,0.411056042175827,2020-07-06,2020,7
"5624","MS",5,"Centro-oeste",50011,"Iguatemi",250361,31999.0284356589,28,86,30,56,41,45,1,0,0,0,0,87,30,56,41,45,37,10.3734608199353,12.4306591552789,0.401577782526764,2020-07-13,2020,7
"5625","MS",5,"Centro-oeste",50011,"Iguatemi",250361,31999.0284356589,29,79,28,51,40,39,0,0,0,0,0,79,28,51,40,39,34,10.3734608199353,12.4306591552789,0.411250739243685,2020-07-20,2020,7
"5626","MT",5,"Centro-oeste",51001,"Aripuanã",173174,23696.2444560962,5,30,9,21,21,9,0,0,0,0,0,30,9,21,21,9,14,10.0730718527987,12.0620521483686,0.341692668369642,2020-02-03,2020,2
"5627","MT",5,"Centro-oeste",51001,"Aripuanã",173174,23696.2444560962,6,32,8,24,17,15,2,0,0,0,0,34,8,24,17,15,12,10.0730718527987,12.0620521483686,0.329969826781905,2020-02-10,2020,2
"5628","MT",5,"Centro-oeste",51001,"Aripuanã",173174,23696.2444560962,7,33,6,27,17,16,2,0,0,0,0,35,6,27,17,16,13,10.0730718527987,12.0620521483686,0.332164281316885,2020-02-17,2020,2
"5629","MT",5,"Centro-oeste",51001,"Aripuanã",173174,23696.2444560962,8,31,6,25,9,22,0,0,0,0,0,31,6,25,9,22,17,10.0730718527987,12.0620521483686,0.372606709267308,2020-02-24,2020,2
"5630","MT",5,"Centro-oeste",51001,"Aripuanã",173174,23696.2444560962,9,33,10,23,14,19,0,0,0,0,0,33,10,23,14,19,16,10.0730718527987,12.0620521483686,0.359786249565731,2020-03-02,2020,3
"5631","MT",5,"Centro-oeste",51001,"Aripuanã",173174,23696.2444560962,10,38,12,26,18,20,0,0,0,0,0,38,12,26,18,20,18,10.0730718527987,12.0620521483686,0.368312263306777,2020-03-09,2020,3
"5632","MT",5,"Centro-oeste",51001,"Aripuanã",173174,23696.2444560962,11,38,13,25,25,13,0,0,0,0,0,38,13,25,25,13,12,10.0730718527987,12.0620521483686,0.406943126046813,2020-03-16,2020,3
"5633","MT",5,"Centro-oeste",51001,"Aripuanã",173174,23696.2444560962,12,33,6,27,14,19,0,0,0,0,0,33,6,27,14,19,6,10.0730718527987,12.0620521483686,0.508958215909246,2020-03-23,2020,3
"5634","MT",5,"Centro-oeste",51001,"Aripuanã",173174,23696.2444560962,13,25,6,19,12,13,0,0,0,0,0,25,6,19,12,13,8,10.0730718527987,12.0620521483686,0.455255450204135,2020-03-30,2020,3
"5635","MT",5,"Centro-oeste",51001,"Aripuanã",173174,23696.2444560962,14,30,8,22,19,11,0,0,0,0,0,30,8,22,19,11,15,10.0730718527987,12.0620521483686,0.432419540350337,2020-04-06,2020,4
"5636","MT",5,"Centro-oeste",51001,"Aripuanã",173174,23696.2444560962,15,30,5,25,12,18,0,0,0,0,0,30,5,25,12,18,9,10.0730718527987,12.0620521483686,0.421542153451481,2020-04-13,2020,4
"5637","MT",5,"Centro-oeste",51001,"Aripuanã",173174,23696.2444560962,16,36,10,26,13,23,0,0,0,0,0,36,10,26,13,23,13,10.0730718527987,12.0620521483686,0.425192282974435,2020-04-20,2020,4
"5638","MT",5,"Centro-oeste",51001,"Aripuanã",173174,23696.2444560962,17,42,16,26,20,22,0,0,0,0,0,42,16,26,20,22,11,10.0730718527987,12.0620521483686,0.428851700518126,2020-04-27,2020,4
"5639","MT",5,"Centro-oeste",51001,"Aripuanã",173174,23696.2444560962,18,31,5,26,17,14,0,0,0,0,0,31,5,26,17,14,16,10.0730718527987,12.0620521483686,0.411237276852082,2020-05-04,2020,5
"5640","MT",5,"Centro-oeste",51001,"Aripuanã",173174,23696.2444560962,19,27,8,19,14,13,0,0,0,0,0,27,8,19,14,13,16,10.0730718527987,12.0620521483686,0.421916203063775,2020-05-11,2020,5
"5641","MT",5,"Centro-oeste",51001,"Aripuanã",173174,23696.2444560962,20,43,10,33,17,26,0,0,0,0,0,43,10,33,17,26,15,10.0730718527987,12.0620521483686,0.423038511157789,2020-05-18,2020,5
"5642","MT",5,"Centro-oeste",51001,"Aripuanã",173174,23696.2444560962,21,39,5,34,19,20,1,0,0,0,0,40,5,34,19,20,15,10.0730718527987,12.0620521483686,0.418433680116227,2020-05-25,2020,5
"5643","MT",5,"Centro-oeste",51001,"Aripuanã",173174,23696.2444560962,22,39,5,34,21,18,0,0,0,0,0,39,5,34,21,18,11,10.0730718527987,12.0620521483686,0.411855971646283,2020-06-01,2020,6
"5644","MT",5,"Centro-oeste",51001,"Aripuanã",173174,23696.2444560962,23,44,10,34,23,21,1,0,0,0,0,45,10,34,23,21,16,10.0730718527987,12.0620521483686,0.416421456654734,2020-06-08,2020,6
"5645","MT",5,"Centro-oeste",51001,"Aripuanã",173174,23696.2444560962,24,47,11,36,25,22,1,0,0,0,0,48,11,36,25,22,18,10.0730718527987,12.0620521483686,0.408349769124483,2020-06-15,2020,6
"5646","MT",5,"Centro-oeste",51001,"Aripuanã",173174,23696.2444560962,25,25,9,16,12,13,1,0,0,0,0,26,9,16,12,13,17,10.0730718527987,12.0620521483686,0.408423004624706,2020-06-22,2020,6
"5647","MT",5,"Centro-oeste",51001,"Aripuanã",173174,23696.2444560962,26,34,10,24,19,15,0,0,0,0,0,34,10,24,19,15,18,10.0730718527987,12.0620521483686,0.424998747272256,2020-06-29,2020,6
"5648","MT",5,"Centro-oeste",51001,"Aripuanã",173174,23696.2444560962,27,34,4,30,19,15,0,0,0,0,0,34,4,30,19,15,15,10.0730718527987,12.0620521483686,0.432319785046719,2020-07-06,2020,7
"5649","MT",5,"Centro-oeste",51001,"Aripuanã",173174,23696.2444560962,28,33,7,26,19,14,0,0,0,0,0,33,7,26,19,14,16,10.0730718527987,12.0620521483686,0.448247702672003,2020-07-13,2020,7
"5650","MT",5,"Centro-oeste",51001,"Aripuanã",173174,23696.2444560962,29,31,5,26,12,19,0,0,0,0,0,31,5,26,12,19,25,10.0730718527987,12.0620521483686,0.438377344255232,2020-07-20,2020,7
"5651","MT",5,"Centro-oeste",51002,"Alta Floresta",108647,26432.3705890637,5,24,6,18,11,13,0,0,0,0,0,24,6,18,11,13,9,10.1823446966924,11.5958593737065,0.317310795610742,2020-02-03,2020,2
"5652","MT",5,"Centro-oeste",51002,"Alta Floresta",108647,26432.3705890637,6,37,10,27,16,21,0,0,0,0,0,37,10,27,16,21,7,10.1823446966924,11.5958593737065,0.312025402916518,2020-02-10,2020,2
"5653","MT",5,"Centro-oeste",51002,"Alta Floresta",108647,26432.3705890637,7,31,10,21,10,21,0,0,0,0,0,31,10,21,10,21,6,10.1823446966924,11.5958593737065,0.327668976328812,2020-02-17,2020,2
"5654","MT",5,"Centro-oeste",51002,"Alta Floresta",108647,26432.3705890637,8,30,2,28,20,10,0,0,0,0,0,30,2,28,20,10,11,10.1823446966924,11.5958593737065,0.373578610548345,2020-02-24,2020,2
"5655","MT",5,"Centro-oeste",51002,"Alta Floresta",108647,26432.3705890637,9,30,6,24,9,21,0,0,0,0,0,30,6,24,9,21,11,10.1823446966924,11.5958593737065,0.353064748093797,2020-03-02,2020,3
"5656","MT",5,"Centro-oeste",51002,"Alta Floresta",108647,26432.3705890637,10,17,4,13,9,8,0,0,0,0,0,17,4,13,9,8,11,10.1823446966924,11.5958593737065,0.37600981012197,2020-03-09,2020,3
"5657","MT",5,"Centro-oeste",51002,"Alta Floresta",108647,26432.3705890637,11,35,4,31,16,19,0,0,0,0,0,35,4,31,16,19,15,10.1823446966924,11.5958593737065,0.426779769065559,2020-03-16,2020,3
"5658","MT",5,"Centro-oeste",51002,"Alta Floresta",108647,26432.3705890637,12,29,6,23,13,16,0,0,0,0,0,29,6,23,13,16,6,10.1823446966924,11.5958593737065,0.531021260365116,2020-03-23,2020,3
"5659","MT",5,"Centro-oeste",51002,"Alta Floresta",108647,26432.3705890637,13,28,7,21,10,18,1,0,0,0,0,29,7,21,10,18,12,10.1823446966924,11.5958593737065,0.451401298805436,2020-03-30,2020,3
"5660","MT",5,"Centro-oeste",51002,"Alta Floresta",108647,26432.3705890637,14,21,6,15,10,11,0,0,0,0,0,21,6,15,10,11,12,10.1823446966924,11.5958593737065,0.452361988384052,2020-04-06,2020,4
"5661","MT",5,"Centro-oeste",51002,"Alta Floresta",108647,26432.3705890637,15,30,9,21,12,18,0,0,0,0,0,30,9,21,12,18,8,10.1823446966924,11.5958593737065,0.432832035955392,2020-04-13,2020,4
"5662","MT",5,"Centro-oeste",51002,"Alta Floresta",108647,26432.3705890637,16,36,4,32,16,20,0,0,0,0,0,36,4,32,16,20,15,10.1823446966924,11.5958593737065,0.444433421175905,2020-04-20,2020,4
"5663","MT",5,"Centro-oeste",51002,"Alta Floresta",108647,26432.3705890637,17,24,1,23,13,11,0,0,0,0,0,24,1,23,13,11,15,10.1823446966924,11.5958593737065,0.421346665740956,2020-04-27,2020,4
"5664","MT",5,"Centro-oeste",51002,"Alta Floresta",108647,26432.3705890637,18,22,1,21,12,10,0,0,0,0,0,22,1,21,12,10,8,10.1823446966924,11.5958593737065,0.421196059117754,2020-05-04,2020,5
"5665","MT",5,"Centro-oeste",51002,"Alta Floresta",108647,26432.3705890637,19,35,11,24,14,21,0,0,0,0,0,35,11,24,14,21,9,10.1823446966924,11.5958593737065,0.415337496260828,2020-05-11,2020,5
"5666","MT",5,"Centro-oeste",51002,"Alta Floresta",108647,26432.3705890637,20,34,13,21,18,16,0,0,0,0,0,34,13,21,18,16,9,10.1823446966924,11.5958593737065,0.435431134193927,2020-05-18,2020,5
"5667","MT",5,"Centro-oeste",51002,"Alta Floresta",108647,26432.3705890637,21,28,4,24,10,18,0,0,0,0,0,28,4,24,10,18,13,10.1823446966924,11.5958593737065,0.429433553458517,2020-05-25,2020,5
"5668","MT",5,"Centro-oeste",51002,"Alta Floresta",108647,26432.3705890637,22,33,6,27,14,19,0,0,0,0,0,33,6,27,14,19,14,10.1823446966924,11.5958593737065,0.411283939455362,2020-06-01,2020,6
"5669","MT",5,"Centro-oeste",51002,"Alta Floresta",108647,26432.3705890637,23,31,5,26,11,20,0,0,0,0,0,31,5,26,11,20,13,10.1823446966924,11.5958593737065,0.421404670733091,2020-06-08,2020,6
"5670","MT",5,"Centro-oeste",51002,"Alta Floresta",108647,26432.3705890637,24,33,6,27,7,26,0,0,0,0,0,33,6,27,7,26,14,10.1823446966924,11.5958593737065,0.422928051030429,2020-06-15,2020,6
"5671","MT",5,"Centro-oeste",51002,"Alta Floresta",108647,26432.3705890637,25,27,6,21,10,17,1,0,0,0,0,28,6,21,10,17,11,10.1823446966924,11.5958593737065,0.425468988061668,2020-06-22,2020,6
"5672","MT",5,"Centro-oeste",51002,"Alta Floresta",108647,26432.3705890637,26,25,8,17,9,16,0,0,0,0,0,25,8,17,9,16,17,10.1823446966924,11.5958593737065,0.419029677389729,2020-06-29,2020,6
"5673","MT",5,"Centro-oeste",51002,"Alta Floresta",108647,26432.3705890637,27,32,4,28,17,15,0,0,0,0,0,32,4,28,17,15,13,10.1823446966924,11.5958593737065,0.428078136113872,2020-07-06,2020,7
"5674","MT",5,"Centro-oeste",51002,"Alta Floresta",108647,26432.3705890637,28,35,6,29,16,19,0,0,0,0,0,35,6,29,16,19,27,10.1823446966924,11.5958593737065,0.438100710461709,2020-07-13,2020,7
"5675","MT",5,"Centro-oeste",51002,"Alta Floresta",108647,26432.3705890637,29,34,9,25,13,21,0,0,0,0,0,34,9,25,13,21,15,10.1823446966924,11.5958593737065,0.432116024353861,2020-07-20,2020,7
"5676","MT",5,"Centro-oeste",51003,"Colíder",158041,25639.2465598168,5,35,5,30,18,17,1,0,0,0,0,36,5,30,18,17,9,10.1518795252603,11.9706097720173,0.331682738904126,2020-02-03,2020,2
"5677","MT",5,"Centro-oeste",51003,"Colíder",158041,25639.2465598168,6,53,11,42,21,32,1,0,0,0,0,54,11,42,21,32,20,10.1518795252603,11.9706097720173,0.312111067886333,2020-02-10,2020,2
"5678","MT",5,"Centro-oeste",51003,"Colíder",158041,25639.2465598168,7,43,11,32,22,21,0,0,0,0,0,43,11,32,22,21,13,10.1518795252603,11.9706097720173,0.331143846883506,2020-02-17,2020,2
"5679","MT",5,"Centro-oeste",51003,"Colíder",158041,25639.2465598168,8,38,11,27,20,18,0,0,0,0,0,38,11,27,20,18,8,10.1518795252603,11.9706097720173,0.351501067765259,2020-02-24,2020,2
"5680","MT",5,"Centro-oeste",51003,"Colíder",158041,25639.2465598168,9,62,16,46,23,39,0,0,0,0,0,62,16,46,23,39,21,10.1518795252603,11.9706097720173,0.333822781568623,2020-03-02,2020,3
"5681","MT",5,"Centro-oeste",51003,"Colíder",158041,25639.2465598168,10,35,7,28,15,20,0,0,0,0,0,35,7,28,15,20,20,10.1518795252603,11.9706097720173,0.351353053367858,2020-03-09,2020,3
"5682","MT",5,"Centro-oeste",51003,"Colíder",158041,25639.2465598168,11,43,13,30,23,20,1,0,0,0,0,44,13,30,23,20,16,10.1518795252603,11.9706097720173,0.394040620709176,2020-03-16,2020,3
"5683","MT",5,"Centro-oeste",51003,"Colíder",158041,25639.2465598168,12,41,13,28,14,27,1,0,0,0,0,42,13,28,14,27,21,10.1518795252603,11.9706097720173,0.469830864154273,2020-03-23,2020,3
"5684","MT",5,"Centro-oeste",51003,"Colíder",158041,25639.2465598168,13,45,8,37,20,25,0,0,0,0,0,45,8,37,20,25,16,10.1518795252603,11.9706097720173,0.408825705153237,2020-03-30,2020,3
"5685","MT",5,"Centro-oeste",51003,"Colíder",158041,25639.2465598168,14,37,7,30,15,22,2,0,0,0,0,39,7,30,15,22,19,10.1518795252603,11.9706097720173,0.420060601342798,2020-04-06,2020,4
"5686","MT",5,"Centro-oeste",51003,"Colíder",158041,25639.2465598168,15,40,9,31,21,19,1,0,0,0,0,41,9,31,21,19,17,10.1518795252603,11.9706097720173,0.40612314815915,2020-04-13,2020,4
"5687","MT",5,"Centro-oeste",51003,"Colíder",158041,25639.2465598168,16,40,9,31,19,21,0,0,0,0,0,40,9,31,19,21,20,10.1518795252603,11.9706097720173,0.399621780768201,2020-04-20,2020,4
"5688","MT",5,"Centro-oeste",51003,"Colíder",158041,25639.2465598168,17,44,9,35,18,26,0,0,0,0,0,44,9,35,18,26,16,10.1518795252603,11.9706097720173,0.400331243707412,2020-04-27,2020,4
"5689","MT",5,"Centro-oeste",51003,"Colíder",158041,25639.2465598168,18,48,15,33,20,28,0,0,0,0,0,48,15,33,20,28,9,10.1518795252603,11.9706097720173,0.38001461279608,2020-05-04,2020,5
"5690","MT",5,"Centro-oeste",51003,"Colíder",158041,25639.2465598168,19,37,11,26,13,24,0,0,0,0,0,37,11,26,13,24,17,10.1518795252603,11.9706097720173,0.399024949676706,2020-05-11,2020,5
"5691","MT",5,"Centro-oeste",51003,"Colíder",158041,25639.2465598168,20,47,13,34,21,26,0,0,0,0,0,47,13,34,21,26,10,10.1518795252603,11.9706097720173,0.39392889239229,2020-05-18,2020,5
"5692","MT",5,"Centro-oeste",51003,"Colíder",158041,25639.2465598168,21,56,13,43,28,28,0,0,0,0,0,56,13,43,28,28,17,10.1518795252603,11.9706097720173,0.393977001754785,2020-05-25,2020,5
"5693","MT",5,"Centro-oeste",51003,"Colíder",158041,25639.2465598168,22,47,11,36,15,32,1,0,0,0,0,48,11,36,15,32,18,10.1518795252603,11.9706097720173,0.399695433765635,2020-06-01,2020,6
"5694","MT",5,"Centro-oeste",51003,"Colíder",158041,25639.2465598168,23,56,11,45,17,39,2,0,0,0,0,58,11,45,17,39,14,10.1518795252603,11.9706097720173,0.401578174555014,2020-06-08,2020,6
"5695","MT",5,"Centro-oeste",51003,"Colíder",158041,25639.2465598168,24,48,10,38,26,22,1,0,0,0,0,49,10,38,26,22,22,10.1518795252603,11.9706097720173,0.387319867319101,2020-06-15,2020,6
"5696","MT",5,"Centro-oeste",51003,"Colíder",158041,25639.2465598168,25,44,13,31,20,24,0,0,0,0,0,44,13,31,20,24,29,10.1518795252603,11.9706097720173,0.400411526836482,2020-06-22,2020,6
"5697","MT",5,"Centro-oeste",51003,"Colíder",158041,25639.2465598168,26,49,13,36,20,29,0,0,0,0,0,49,13,36,20,29,19,10.1518795252603,11.9706097720173,0.409091730626475,2020-06-29,2020,6
"5698","MT",5,"Centro-oeste",51003,"Colíder",158041,25639.2465598168,27,57,12,45,24,33,0,0,0,0,0,57,12,45,24,33,26,10.1518795252603,11.9706097720173,0.417754301920489,2020-07-06,2020,7
"5699","MT",5,"Centro-oeste",51003,"Colíder",158041,25639.2465598168,28,56,16,40,25,31,1,0,0,0,0,57,16,40,25,31,20,10.1518795252603,11.9706097720173,0.416299379562154,2020-07-13,2020,7
"5700","MT",5,"Centro-oeste",51003,"Colíder",158041,25639.2465598168,29,40,8,32,20,20,0,0,0,0,0,40,8,32,20,20,25,10.1518795252603,11.9706097720173,0.414902391741144,2020-07-20,2020,7
"5701","MT",5,"Centro-oeste",51004,"Parecis",113087,100824.873209918,5,46,15,31,20,26,0,0,0,0,0,46,15,31,20,26,8,11.5211403622146,11.6359127129691,0.313512756828225,2020-02-03,2020,2
"5702","MT",5,"Centro-oeste",51004,"Parecis",113087,100824.873209918,6,31,5,26,15,16,1,0,0,0,0,32,5,26,15,16,5,11.5211403622146,11.6359127129691,0.299357164621124,2020-02-10,2020,2
"5703","MT",5,"Centro-oeste",51004,"Parecis",113087,100824.873209918,7,46,13,33,22,24,0,0,0,0,0,46,13,33,22,24,10,11.5211403622146,11.6359127129691,0.310384019184031,2020-02-17,2020,2
"5704","MT",5,"Centro-oeste",51004,"Parecis",113087,100824.873209918,8,35,8,27,14,21,0,0,0,0,0,35,8,27,14,21,6,11.5211403622146,11.6359127129691,0.342864194293309,2020-02-24,2020,2
"5705","MT",5,"Centro-oeste",51004,"Parecis",113087,100824.873209918,9,43,13,30,23,20,0,0,0,0,0,43,13,30,23,20,15,11.5211403622146,11.6359127129691,0.321304874796719,2020-03-02,2020,3
"5706","MT",5,"Centro-oeste",51004,"Parecis",113087,100824.873209918,10,41,13,28,24,17,0,0,0,0,0,41,13,28,24,17,10,11.5211403622146,11.6359127129691,0.342080550785601,2020-03-09,2020,3
"5707","MT",5,"Centro-oeste",51004,"Parecis",113087,100824.873209918,11,28,12,16,14,14,0,0,0,0,0,28,12,16,14,14,7,11.5211403622146,11.6359127129691,0.375576621993391,2020-03-16,2020,3
"5708","MT",5,"Centro-oeste",51004,"Parecis",113087,100824.873209918,12,40,12,28,18,22,0,0,0,0,0,40,12,28,18,22,10,11.5211403622146,11.6359127129691,0.46541064340279,2020-03-23,2020,3
"5709","MT",5,"Centro-oeste",51004,"Parecis",113087,100824.873209918,13,30,13,17,16,14,0,0,0,0,0,30,13,17,16,14,7,11.5211403622146,11.6359127129691,0.415432333039452,2020-03-30,2020,3
"5710","MT",5,"Centro-oeste",51004,"Parecis",113087,100824.873209918,14,43,17,26,21,22,0,0,0,0,0,43,17,26,21,22,8,11.5211403622146,11.6359127129691,0.410970538598811,2020-04-06,2020,4
"5711","MT",5,"Centro-oeste",51004,"Parecis",113087,100824.873209918,15,28,8,20,14,14,0,0,0,0,0,28,8,20,14,14,9,11.5211403622146,11.6359127129691,0.383823010126696,2020-04-13,2020,4
"5712","MT",5,"Centro-oeste",51004,"Parecis",113087,100824.873209918,16,46,12,34,20,26,1,0,0,0,0,47,12,34,20,26,6,11.5211403622146,11.6359127129691,0.399450171878311,2020-04-20,2020,4
"5713","MT",5,"Centro-oeste",51004,"Parecis",113087,100824.873209918,17,28,13,15,12,16,0,0,0,0,0,28,13,15,12,16,12,11.5211403622146,11.6359127129691,0.400666974222963,2020-04-27,2020,4
"5714","MT",5,"Centro-oeste",51004,"Parecis",113087,100824.873209918,18,31,8,23,11,20,0,0,0,0,0,31,8,23,11,20,5,11.5211403622146,11.6359127129691,0.384239215331568,2020-05-04,2020,5
"5715","MT",5,"Centro-oeste",51004,"Parecis",113087,100824.873209918,19,49,14,35,16,33,0,0,0,0,0,49,14,35,16,33,6,11.5211403622146,11.6359127129691,0.392798165326404,2020-05-11,2020,5
"5716","MT",5,"Centro-oeste",51004,"Parecis",113087,100824.873209918,20,40,15,25,20,20,0,0,0,0,0,40,15,25,20,20,6,11.5211403622146,11.6359127129691,0.401622408971276,2020-05-18,2020,5
"5717","MT",5,"Centro-oeste",51004,"Parecis",113087,100824.873209918,21,44,16,28,20,24,0,0,0,0,0,44,16,28,20,24,9,11.5211403622146,11.6359127129691,0.400007075216659,2020-05-25,2020,5
"5718","MT",5,"Centro-oeste",51004,"Parecis",113087,100824.873209918,22,40,11,29,16,24,2,0,0,0,0,42,11,29,16,24,15,11.5211403622146,11.6359127129691,0.397817263530839,2020-06-01,2020,6
"5719","MT",5,"Centro-oeste",51004,"Parecis",113087,100824.873209918,23,39,6,33,13,26,0,0,0,0,0,39,6,33,13,26,15,11.5211403622146,11.6359127129691,0.398104587830147,2020-06-08,2020,6
"5720","MT",5,"Centro-oeste",51004,"Parecis",113087,100824.873209918,24,41,9,32,20,21,1,0,0,0,0,42,9,32,20,21,16,11.5211403622146,11.6359127129691,0.38972940794141,2020-06-15,2020,6
"5721","MT",5,"Centro-oeste",51004,"Parecis",113087,100824.873209918,25,36,6,30,13,23,0,0,0,0,0,36,6,30,13,23,7,11.5211403622146,11.6359127129691,0.392647235991538,2020-06-22,2020,6
"5722","MT",5,"Centro-oeste",51004,"Parecis",113087,100824.873209918,26,44,13,31,17,27,0,0,0,0,0,44,13,31,17,27,15,11.5211403622146,11.6359127129691,0.419969678635821,2020-06-29,2020,6
"5723","MT",5,"Centro-oeste",51004,"Parecis",113087,100824.873209918,27,43,17,26,23,20,0,0,0,0,0,43,17,26,23,20,9,11.5211403622146,11.6359127129691,0.424479456108228,2020-07-06,2020,7
"5724","MT",5,"Centro-oeste",51004,"Parecis",113087,100824.873209918,28,44,11,33,19,25,3,0,0,0,0,47,11,33,19,25,12,11.5211403622146,11.6359127129691,0.421286205742351,2020-07-13,2020,7
"5725","MT",5,"Centro-oeste",51004,"Parecis",113087,100824.873209918,29,34,7,27,14,20,1,0,0,0,0,35,7,27,14,20,12,11.5211403622146,11.6359127129691,0.428245728162136,2020-07-20,2020,7
"5726","MT",5,"Centro-oeste",51005,"Arinos",83825,35837.2945287205,5,22,8,14,10,12,0,0,0,0,0,22,8,14,10,12,7,10.4867443767596,11.3364865713344,0.321325628982919,2020-02-03,2020,2
"5727","MT",5,"Centro-oeste",51005,"Arinos",83825,35837.2945287205,6,28,4,24,14,14,0,0,0,0,0,28,4,24,14,14,15,10.4867443767596,11.3364865713344,0.30647924949596,2020-02-10,2020,2
"5728","MT",5,"Centro-oeste",51005,"Arinos",83825,35837.2945287205,7,23,6,17,12,11,0,0,0,0,0,23,6,17,12,11,5,10.4867443767596,11.3364865713344,0.301563904996504,2020-02-17,2020,2
"5729","MT",5,"Centro-oeste",51005,"Arinos",83825,35837.2945287205,8,28,7,21,14,14,0,0,0,0,0,28,7,21,14,14,9,10.4867443767596,11.3364865713344,0.350360543577031,2020-02-24,2020,2
"5730","MT",5,"Centro-oeste",51005,"Arinos",83825,35837.2945287205,9,19,6,13,7,12,0,0,0,0,0,19,6,13,7,12,7,10.4867443767596,11.3364865713344,0.332811204477144,2020-03-02,2020,3
"5731","MT",5,"Centro-oeste",51005,"Arinos",83825,35837.2945287205,10,13,2,11,4,9,0,0,0,0,0,13,2,11,4,9,8,10.4867443767596,11.3364865713344,0.349606021992995,2020-03-09,2020,3
"5732","MT",5,"Centro-oeste",51005,"Arinos",83825,35837.2945287205,11,23,8,15,13,10,0,0,0,0,0,23,8,15,13,10,8,10.4867443767596,11.3364865713344,0.384115559677815,2020-03-16,2020,3
"5733","MT",5,"Centro-oeste",51005,"Arinos",83825,35837.2945287205,12,12,4,8,6,6,1,0,0,0,0,13,4,8,6,6,5,10.4867443767596,11.3364865713344,0.453980936833145,2020-03-23,2020,3
"5734","MT",5,"Centro-oeste",51005,"Arinos",83825,35837.2945287205,13,15,4,11,9,6,0,0,0,0,0,15,4,11,9,6,3,10.4867443767596,11.3364865713344,0.406971935577984,2020-03-30,2020,3
"5735","MT",5,"Centro-oeste",51005,"Arinos",83825,35837.2945287205,14,22,1,21,12,10,0,0,0,0,0,22,1,21,12,10,3,10.4867443767596,11.3364865713344,0.381702752083333,2020-04-06,2020,4
"5736","MT",5,"Centro-oeste",51005,"Arinos",83825,35837.2945287205,15,21,2,19,12,9,0,0,0,0,0,21,2,19,12,9,3,10.4867443767596,11.3364865713344,0.380305715452345,2020-04-13,2020,4
"5737","MT",5,"Centro-oeste",51005,"Arinos",83825,35837.2945287205,16,22,10,12,11,11,1,0,0,0,0,23,10,12,11,11,9,10.4867443767596,11.3364865713344,0.386322413865434,2020-04-20,2020,4
"5738","MT",5,"Centro-oeste",51005,"Arinos",83825,35837.2945287205,17,24,7,17,14,10,1,0,0,0,0,25,7,17,14,10,5,10.4867443767596,11.3364865713344,0.382285910071384,2020-04-27,2020,4
"5739","MT",5,"Centro-oeste",51005,"Arinos",83825,35837.2945287205,18,23,4,19,15,8,0,0,0,0,0,23,4,19,15,8,14,10.4867443767596,11.3364865713344,0.382395242357442,2020-05-04,2020,5
"5740","MT",5,"Centro-oeste",51005,"Arinos",83825,35837.2945287205,19,30,4,26,13,17,0,0,0,0,0,30,4,26,13,17,4,10.4867443767596,11.3364865713344,0.383483378974811,2020-05-11,2020,5
"5741","MT",5,"Centro-oeste",51005,"Arinos",83825,35837.2945287205,20,32,4,28,16,16,0,0,0,0,0,32,4,28,16,16,7,10.4867443767596,11.3364865713344,0.385177129765276,2020-05-18,2020,5
"5742","MT",5,"Centro-oeste",51005,"Arinos",83825,35837.2945287205,21,29,8,21,10,19,0,0,0,0,0,29,8,21,10,19,10,10.4867443767596,11.3364865713344,0.392601961290876,2020-05-25,2020,5
"5743","MT",5,"Centro-oeste",51005,"Arinos",83825,35837.2945287205,22,29,8,21,14,15,1,0,0,0,0,30,8,21,14,15,5,10.4867443767596,11.3364865713344,0.396322142230156,2020-06-01,2020,6
"5744","MT",5,"Centro-oeste",51005,"Arinos",83825,35837.2945287205,23,26,11,15,11,15,0,0,0,0,0,26,11,15,11,15,10,10.4867443767596,11.3364865713344,0.397633338996469,2020-06-08,2020,6
"5745","MT",5,"Centro-oeste",51005,"Arinos",83825,35837.2945287205,24,15,4,11,3,12,0,0,0,0,0,15,4,11,3,12,7,10.4867443767596,11.3364865713344,0.40823137270972,2020-06-15,2020,6
"5746","MT",5,"Centro-oeste",51005,"Arinos",83825,35837.2945287205,25,27,9,18,15,12,0,0,0,0,0,27,9,18,15,12,13,10.4867443767596,11.3364865713344,0.422982763611178,2020-06-22,2020,6
"5747","MT",5,"Centro-oeste",51005,"Arinos",83825,35837.2945287205,26,18,5,13,8,10,2,0,0,0,0,20,5,13,8,10,5,10.4867443767596,11.3364865713344,0.405664788219546,2020-06-29,2020,6
"5748","MT",5,"Centro-oeste",51005,"Arinos",83825,35837.2945287205,27,26,6,20,12,14,0,0,0,0,0,26,6,20,12,14,5,10.4867443767596,11.3364865713344,0.431233317459495,2020-07-06,2020,7
"5749","MT",5,"Centro-oeste",51005,"Arinos",83825,35837.2945287205,28,26,7,19,13,13,0,0,0,0,0,26,7,19,13,13,7,10.4867443767596,11.3364865713344,0.440211024563599,2020-07-13,2020,7
"5750","MT",5,"Centro-oeste",51005,"Arinos",83825,35837.2945287205,29,25,8,17,13,12,0,0,0,0,0,25,8,17,13,12,7,10.4867443767596,11.3364865713344,0.428691791886825,2020-07-20,2020,7
"5751","MT",5,"Centro-oeste",51006,"Alto Teles Pires",267191,72465.2071640138,5,90,13,77,36,54,0,0,0,0,0,90,13,77,36,54,17,11.1908618244673,12.4957190374426,0.303823323648735,2020-02-03,2020,2
"5752","MT",5,"Centro-oeste",51006,"Alto Teles Pires",267191,72465.2071640138,6,99,10,89,39,60,0,0,0,0,0,99,10,89,39,60,17,11.1908618244673,12.4957190374426,0.304619451219727,2020-02-10,2020,2
"5753","MT",5,"Centro-oeste",51006,"Alto Teles Pires",267191,72465.2071640138,7,86,14,72,35,51,1,0,0,0,0,87,14,72,35,51,22,11.1908618244673,12.4957190374426,0.318276875558261,2020-02-17,2020,2
"5754","MT",5,"Centro-oeste",51006,"Alto Teles Pires",267191,72465.2071640138,8,99,28,71,36,63,1,0,0,0,0,100,28,71,36,63,27,11.1908618244673,12.4957190374426,0.343605151098745,2020-02-24,2020,2
"5755","MT",5,"Centro-oeste",51006,"Alto Teles Pires",267191,72465.2071640138,9,89,25,64,37,52,0,0,0,0,0,89,25,64,37,52,25,11.1908618244673,12.4957190374426,0.325067434323632,2020-03-02,2020,3
"5756","MT",5,"Centro-oeste",51006,"Alto Teles Pires",267191,72465.2071640138,10,91,20,71,30,61,1,0,0,0,0,92,20,71,30,61,17,11.1908618244673,12.4957190374426,0.334665683062393,2020-03-09,2020,3
"5757","MT",5,"Centro-oeste",51006,"Alto Teles Pires",267191,72465.2071640138,11,86,22,64,37,49,0,0,0,0,0,86,22,64,37,49,23,11.1908618244673,12.4957190374426,0.393016645235551,2020-03-16,2020,3
"5758","MT",5,"Centro-oeste",51006,"Alto Teles Pires",267191,72465.2071640138,12,73,19,54,28,45,1,0,0,0,0,74,19,54,28,45,25,11.1908618244673,12.4957190374426,0.481532275692896,2020-03-23,2020,3
"5759","MT",5,"Centro-oeste",51006,"Alto Teles Pires",267191,72465.2071640138,13,81,20,61,35,46,2,0,0,0,0,83,20,61,35,46,29,11.1908618244673,12.4957190374426,0.422584703792836,2020-03-30,2020,3
"5760","MT",5,"Centro-oeste",51006,"Alto Teles Pires",267191,72465.2071640138,14,94,20,74,38,56,3,0,0,0,0,97,20,74,38,56,28,11.1908618244673,12.4957190374426,0.426825287975349,2020-04-06,2020,4
"5761","MT",5,"Centro-oeste",51006,"Alto Teles Pires",267191,72465.2071640138,15,99,25,74,32,67,1,0,0,0,0,100,25,74,32,67,20,11.1908618244673,12.4957190374426,0.396963114829082,2020-04-13,2020,4
"5762","MT",5,"Centro-oeste",51006,"Alto Teles Pires",267191,72465.2071640138,16,87,18,69,34,53,1,0,0,0,0,88,18,69,34,53,14,11.1908618244673,12.4957190374426,0.402412589982216,2020-04-20,2020,4
"5763","MT",5,"Centro-oeste",51006,"Alto Teles Pires",267191,72465.2071640138,17,100,18,82,48,52,1,0,0,0,0,101,18,82,48,52,13,11.1908618244673,12.4957190374426,0.408913069602865,2020-04-27,2020,4
"5764","MT",5,"Centro-oeste",51006,"Alto Teles Pires",267191,72465.2071640138,18,96,19,77,40,56,2,0,0,0,0,98,19,77,40,56,20,11.1908618244673,12.4957190374426,0.396387792313044,2020-05-04,2020,5
"5765","MT",5,"Centro-oeste",51006,"Alto Teles Pires",267191,72465.2071640138,19,100,16,84,50,50,1,0,0,0,0,101,16,84,50,50,15,11.1908618244673,12.4957190374426,0.410172300393338,2020-05-11,2020,5
"5766","MT",5,"Centro-oeste",51006,"Alto Teles Pires",267191,72465.2071640138,20,110,24,86,46,64,1,0,0,0,0,111,24,86,46,64,20,11.1908618244673,12.4957190374426,0.402525986852776,2020-05-18,2020,5
"5767","MT",5,"Centro-oeste",51006,"Alto Teles Pires",267191,72465.2071640138,21,107,17,90,36,71,0,0,0,0,0,107,17,90,36,71,22,11.1908618244673,12.4957190374426,0.398678668041044,2020-05-25,2020,5
"5768","MT",5,"Centro-oeste",51006,"Alto Teles Pires",267191,72465.2071640138,22,122,29,93,45,77,0,0,0,0,0,122,29,93,45,77,21,11.1908618244673,12.4957190374426,0.399553866112473,2020-06-01,2020,6
"5769","MT",5,"Centro-oeste",51006,"Alto Teles Pires",267191,72465.2071640138,23,114,17,97,40,74,1,0,0,0,0,115,17,97,40,74,20,11.1908618244673,12.4957190374426,0.40811594654882,2020-06-08,2020,6
"5770","MT",5,"Centro-oeste",51006,"Alto Teles Pires",267191,72465.2071640138,24,108,14,94,51,57,2,0,0,0,0,110,14,94,51,57,31,11.1908618244673,12.4957190374426,0.402434702278351,2020-06-15,2020,6
"5771","MT",5,"Centro-oeste",51006,"Alto Teles Pires",267191,72465.2071640138,25,98,23,75,33,65,1,0,0,0,0,99,23,75,33,65,43,11.1908618244673,12.4957190374426,0.416220077064013,2020-06-22,2020,6
"5772","MT",5,"Centro-oeste",51006,"Alto Teles Pires",267191,72465.2071640138,26,88,17,71,35,53,2,0,0,0,0,90,17,71,35,53,45,11.1908618244673,12.4957190374426,0.424351007936976,2020-06-29,2020,6
"5773","MT",5,"Centro-oeste",51006,"Alto Teles Pires",267191,72465.2071640138,27,110,23,87,45,65,0,0,0,0,0,110,23,87,45,65,39,11.1908618244673,12.4957190374426,0.423863948351867,2020-07-06,2020,7
"5774","MT",5,"Centro-oeste",51006,"Alto Teles Pires",267191,72465.2071640138,28,108,17,91,44,64,1,0,0,0,0,109,17,91,44,64,39,11.1908618244673,12.4957190374426,0.415982514915582,2020-07-13,2020,7
"5775","MT",5,"Centro-oeste",51006,"Alto Teles Pires",267191,72465.2071640138,29,114,22,92,49,65,0,0,0,0,0,114,22,92,49,65,47,11.1908618244673,12.4957190374426,0.416526588165223,2020-07-20,2020,7
"5776","MT",5,"Centro-oeste",51007,"Sinop",209969,43868.8872591668,5,83,13,70,31,52,2,0,0,0,0,85,13,70,31,52,14,10.6889606293336,12.2547151797552,0.309535027604122,2020-02-03,2020,2
"5777","MT",5,"Centro-oeste",51007,"Sinop",209969,43868.8872591668,6,73,17,56,31,42,0,0,0,0,0,73,17,56,31,42,11,10.6889606293336,12.2547151797552,0.303352755656784,2020-02-10,2020,2
"5778","MT",5,"Centro-oeste",51007,"Sinop",209969,43868.8872591668,7,76,21,55,34,42,0,0,0,0,0,76,21,55,34,42,16,10.6889606293336,12.2547151797552,0.323058535575185,2020-02-17,2020,2
"5779","MT",5,"Centro-oeste",51007,"Sinop",209969,43868.8872591668,8,76,14,62,36,40,0,0,0,0,0,76,14,62,36,40,15,10.6889606293336,12.2547151797552,0.348130646248807,2020-02-24,2020,2
"5780","MT",5,"Centro-oeste",51007,"Sinop",209969,43868.8872591668,9,78,16,62,25,53,0,0,0,0,0,78,16,62,25,53,22,10.6889606293336,12.2547151797552,0.327752960875903,2020-03-02,2020,3
"5781","MT",5,"Centro-oeste",51007,"Sinop",209969,43868.8872591668,10,75,8,67,29,46,0,0,0,0,0,75,8,67,29,46,25,10.6889606293336,12.2547151797552,0.339630922677342,2020-03-09,2020,3
"5782","MT",5,"Centro-oeste",51007,"Sinop",209969,43868.8872591668,11,68,12,56,30,38,1,0,0,0,0,69,12,56,30,38,20,10.6889606293336,12.2547151797552,0.398022903217488,2020-03-16,2020,3
"5783","MT",5,"Centro-oeste",51007,"Sinop",209969,43868.8872591668,12,84,16,68,45,39,0,0,0,0,0,84,16,68,45,39,21,10.6889606293336,12.2547151797552,0.512245375675657,2020-03-23,2020,3
"5784","MT",5,"Centro-oeste",51007,"Sinop",209969,43868.8872591668,13,72,13,59,29,43,0,0,0,0,0,72,13,59,29,43,31,10.6889606293336,12.2547151797552,0.461648016572571,2020-03-30,2020,3
"5785","MT",5,"Centro-oeste",51007,"Sinop",209969,43868.8872591668,14,61,11,50,25,36,1,0,0,0,0,62,11,50,25,36,27,10.6889606293336,12.2547151797552,0.434365950953653,2020-04-06,2020,4
"5786","MT",5,"Centro-oeste",51007,"Sinop",209969,43868.8872591668,15,76,17,59,33,43,1,0,0,0,0,77,17,59,33,43,23,10.6889606293336,12.2547151797552,0.419135682866316,2020-04-13,2020,4
"5787","MT",5,"Centro-oeste",51007,"Sinop",209969,43868.8872591668,16,84,21,63,43,41,1,0,0,0,0,85,21,63,43,41,16,10.6889606293336,12.2547151797552,0.419399886186411,2020-04-20,2020,4
"5788","MT",5,"Centro-oeste",51007,"Sinop",209969,43868.8872591668,17,78,18,60,31,47,0,0,0,0,0,78,18,60,31,47,22,10.6889606293336,12.2547151797552,0.404185395249091,2020-04-27,2020,4
"5789","MT",5,"Centro-oeste",51007,"Sinop",209969,43868.8872591668,18,79,14,65,40,39,1,0,0,0,0,80,14,65,40,39,26,10.6889606293336,12.2547151797552,0.38515516204783,2020-05-04,2020,5
"5790","MT",5,"Centro-oeste",51007,"Sinop",209969,43868.8872591668,19,94,15,79,41,53,0,0,0,0,0,94,15,79,41,53,19,10.6889606293336,12.2547151797552,0.390002655570003,2020-05-11,2020,5
"5791","MT",5,"Centro-oeste",51007,"Sinop",209969,43868.8872591668,20,91,19,72,35,56,0,0,0,0,0,91,19,72,35,56,16,10.6889606293336,12.2547151797552,0.393125393461006,2020-05-18,2020,5
"5792","MT",5,"Centro-oeste",51007,"Sinop",209969,43868.8872591668,21,86,14,72,39,47,0,0,0,0,0,86,14,72,39,47,26,10.6889606293336,12.2547151797552,0.386590718807844,2020-05-25,2020,5
"5793","MT",5,"Centro-oeste",51007,"Sinop",209969,43868.8872591668,22,85,14,71,33,52,0,0,0,0,0,85,14,71,33,52,17,10.6889606293336,12.2547151797552,0.396785272296525,2020-06-01,2020,6
"5794","MT",5,"Centro-oeste",51007,"Sinop",209969,43868.8872591668,23,95,22,73,48,47,1,0,0,0,0,96,22,73,48,47,17,10.6889606293336,12.2547151797552,0.407773881165476,2020-06-08,2020,6
"5795","MT",5,"Centro-oeste",51007,"Sinop",209969,43868.8872591668,24,69,12,57,22,47,0,0,0,0,0,69,12,57,22,47,31,10.6889606293336,12.2547151797552,0.397521515077964,2020-06-15,2020,6
"5796","MT",5,"Centro-oeste",51007,"Sinop",209969,43868.8872591668,25,94,21,73,32,62,0,0,0,0,0,94,21,73,32,62,34,10.6889606293336,12.2547151797552,0.403841853490205,2020-06-22,2020,6
"5797","MT",5,"Centro-oeste",51007,"Sinop",209969,43868.8872591668,26,77,12,65,35,42,0,0,0,0,0,77,12,65,35,42,32,10.6889606293336,12.2547151797552,0.407074302070898,2020-06-29,2020,6
"5798","MT",5,"Centro-oeste",51007,"Sinop",209969,43868.8872591668,27,77,18,59,34,43,0,0,0,0,0,77,18,59,34,43,28,10.6889606293336,12.2547151797552,0.408934207869422,2020-07-06,2020,7
"5799","MT",5,"Centro-oeste",51007,"Sinop",209969,43868.8872591668,28,78,18,60,38,40,3,0,0,0,0,81,18,60,38,40,27,10.6889606293336,12.2547151797552,0.400372860997801,2020-07-13,2020,7
"5800","MT",5,"Centro-oeste",51007,"Sinop",209969,43868.8872591668,29,94,20,74,41,53,1,0,0,0,0,95,20,74,41,53,30,10.6889606293336,12.2547151797552,0.406279887814313,2020-07-20,2020,7
"5801","MT",5,"Centro-oeste",51008,"Paranatinga",37097,31368.118397175,5,14,8,6,6,8,0,0,0,0,0,14,8,6,6,8,3,10.3535473184223,10.5212913827923,0.337468209255756,2020-02-03,2020,2
"5802","MT",5,"Centro-oeste",51008,"Paranatinga",37097,31368.118397175,6,11,2,9,5,6,0,0,0,0,0,11,2,9,5,6,4,10.3535473184223,10.5212913827923,0.302129961881287,2020-02-10,2020,2
"5803","MT",5,"Centro-oeste",51008,"Paranatinga",37097,31368.118397175,7,11,6,5,5,6,0,0,0,0,0,11,6,5,5,6,3,10.3535473184223,10.5212913827923,0.32386489008975,2020-02-17,2020,2
"5804","MT",5,"Centro-oeste",51008,"Paranatinga",37097,31368.118397175,8,9,2,7,7,2,0,0,0,0,0,9,2,7,7,2,2,10.3535473184223,10.5212913827923,0.380517735220741,2020-02-24,2020,2
"5805","MT",5,"Centro-oeste",51008,"Paranatinga",37097,31368.118397175,9,6,1,5,5,1,0,0,0,0,0,6,1,5,5,1,5,10.3535473184223,10.5212913827923,0.345056995917003,2020-03-02,2020,3
"5806","MT",5,"Centro-oeste",51008,"Paranatinga",37097,31368.118397175,10,15,4,11,8,7,0,0,0,0,0,15,4,11,8,7,4,10.3535473184223,10.5212913827923,0.365263646869836,2020-03-09,2020,3
"5807","MT",5,"Centro-oeste",51008,"Paranatinga",37097,31368.118397175,11,9,5,4,5,4,0,0,0,0,0,9,5,4,5,4,3,10.3535473184223,10.5212913827923,0.406025909818168,2020-03-16,2020,3
"5808","MT",5,"Centro-oeste",51008,"Paranatinga",37097,31368.118397175,12,10,3,7,6,4,0,0,0,0,0,10,3,7,6,4,4,10.3535473184223,10.5212913827923,0.49363465743634,2020-03-23,2020,3
"5809","MT",5,"Centro-oeste",51008,"Paranatinga",37097,31368.118397175,13,9,3,6,5,4,0,0,0,0,0,9,3,6,5,4,0,10.3535473184223,10.5212913827923,0.439074443079561,2020-03-30,2020,3
"5810","MT",5,"Centro-oeste",51008,"Paranatinga",37097,31368.118397175,14,9,3,6,5,4,0,0,0,0,0,9,3,6,5,4,2,10.3535473184223,10.5212913827923,0.449169825358333,2020-04-06,2020,4
"5811","MT",5,"Centro-oeste",51008,"Paranatinga",37097,31368.118397175,15,8,3,5,4,4,0,0,0,0,0,8,3,5,4,4,3,10.3535473184223,10.5212913827923,0.406301855877684,2020-04-13,2020,4
"5812","MT",5,"Centro-oeste",51008,"Paranatinga",37097,31368.118397175,16,10,3,7,3,7,1,0,0,0,0,11,3,7,3,7,7,10.3535473184223,10.5212913827923,0.403739643368067,2020-04-20,2020,4
"5813","MT",5,"Centro-oeste",51008,"Paranatinga",37097,31368.118397175,17,12,4,8,4,8,1,0,0,0,0,13,4,8,4,8,3,10.3535473184223,10.5212913827923,0.395153957936364,2020-04-27,2020,4
"5814","MT",5,"Centro-oeste",51008,"Paranatinga",37097,31368.118397175,18,8,2,6,4,4,0,0,0,0,0,8,2,6,4,4,9,10.3535473184223,10.5212913827923,0.417005839376062,2020-05-04,2020,5
"5815","MT",5,"Centro-oeste",51008,"Paranatinga",37097,31368.118397175,19,6,4,2,4,2,0,0,0,0,0,6,4,2,4,2,3,10.3535473184223,10.5212913827923,0.42926513961746,2020-05-11,2020,5
"5816","MT",5,"Centro-oeste",51008,"Paranatinga",37097,31368.118397175,20,12,6,6,5,7,0,0,0,0,0,12,6,6,5,7,5,10.3535473184223,10.5212913827923,0.420737324941663,2020-05-18,2020,5
"5817","MT",5,"Centro-oeste",51008,"Paranatinga",37097,31368.118397175,21,7,3,4,4,3,0,0,0,0,0,7,3,4,4,3,4,10.3535473184223,10.5212913827923,0.446045228151366,2020-05-25,2020,5
"5818","MT",5,"Centro-oeste",51008,"Paranatinga",37097,31368.118397175,22,9,2,7,3,6,0,0,0,0,0,9,2,7,3,6,3,10.3535473184223,10.5212913827923,0.416035755807376,2020-06-01,2020,6
"5819","MT",5,"Centro-oeste",51008,"Paranatinga",37097,31368.118397175,23,12,3,9,6,6,1,0,0,0,0,13,3,9,6,6,1,10.3535473184223,10.5212913827923,0.419494100719796,2020-06-08,2020,6
"5820","MT",5,"Centro-oeste",51008,"Paranatinga",37097,31368.118397175,24,12,7,5,5,7,0,0,0,0,0,12,7,5,5,7,4,10.3535473184223,10.5212913827923,0.420041478356755,2020-06-15,2020,6
"5821","MT",5,"Centro-oeste",51008,"Paranatinga",37097,31368.118397175,25,15,5,10,7,8,0,0,0,0,0,15,5,10,7,8,5,10.3535473184223,10.5212913827923,0.44538508305175,2020-06-22,2020,6
"5822","MT",5,"Centro-oeste",51008,"Paranatinga",37097,31368.118397175,26,13,1,12,6,7,0,0,0,0,0,13,1,12,6,7,0,10.3535473184223,10.5212913827923,0.452047544260735,2020-06-29,2020,6
"5823","MT",5,"Centro-oeste",51008,"Paranatinga",37097,31368.118397175,27,11,1,10,7,4,0,0,0,0,0,11,1,10,7,4,8,10.3535473184223,10.5212913827923,0.44135739005027,2020-07-06,2020,7
"5824","MT",5,"Centro-oeste",51008,"Paranatinga",37097,31368.118397175,28,16,3,13,9,7,0,0,0,0,0,16,3,13,9,7,4,10.3535473184223,10.5212913827923,0.432522627925323,2020-07-13,2020,7
"5825","MT",5,"Centro-oeste",51008,"Paranatinga",37097,31368.118397175,29,14,8,6,7,7,0,0,0,0,0,14,8,6,7,7,14,10.3535473184223,10.5212913827923,0.45826738285438,2020-07-20,2020,7
"5826","MT",5,"Centro-oeste",51009,"Norte Araguaia",134387,29288.1462439075,5,32,11,21,18,14,0,0,0,0,0,32,11,21,18,14,13,10.2849381480923,11.8084789762024,0.324039848820587,2020-02-03,2020,2
"5827","MT",5,"Centro-oeste",51009,"Norte Araguaia",134387,29288.1462439075,6,40,11,29,23,17,0,0,0,0,0,40,11,29,23,17,10,10.2849381480923,11.8084789762024,0.318754761568404,2020-02-10,2020,2
"5828","MT",5,"Centro-oeste",51009,"Norte Araguaia",134387,29288.1462439075,7,50,13,37,27,23,0,0,0,0,0,50,13,37,27,23,7,10.2849381480923,11.8084789762024,0.329089200572136,2020-02-17,2020,2
"5829","MT",5,"Centro-oeste",51009,"Norte Araguaia",134387,29288.1462439075,8,41,11,30,22,19,0,0,0,0,0,41,11,30,22,19,8,10.2849381480923,11.8084789762024,0.351305393265937,2020-02-24,2020,2
"5830","MT",5,"Centro-oeste",51009,"Norte Araguaia",134387,29288.1462439075,9,44,12,32,25,19,1,0,0,0,0,45,12,32,25,19,5,10.2849381480923,11.8084789762024,0.329406767737439,2020-03-02,2020,3
"5831","MT",5,"Centro-oeste",51009,"Norte Araguaia",134387,29288.1462439075,10,43,15,28,25,18,0,0,0,0,0,43,15,28,25,18,10,10.2849381480923,11.8084789762024,0.346447462655797,2020-03-09,2020,3
"5832","MT",5,"Centro-oeste",51009,"Norte Araguaia",134387,29288.1462439075,11,34,9,25,23,11,0,0,0,0,0,34,9,25,23,11,11,10.2849381480923,11.8084789762024,0.38811970919853,2020-03-16,2020,3
"5833","MT",5,"Centro-oeste",51009,"Norte Araguaia",134387,29288.1462439075,12,45,13,32,21,24,0,0,0,0,0,45,13,32,21,24,8,10.2849381480923,11.8084789762024,0.477418887367206,2020-03-23,2020,3
"5834","MT",5,"Centro-oeste",51009,"Norte Araguaia",134387,29288.1462439075,13,20,4,16,10,10,0,0,0,0,0,20,4,16,10,10,12,10.2849381480923,11.8084789762024,0.39549710979859,2020-03-30,2020,3
"5835","MT",5,"Centro-oeste",51009,"Norte Araguaia",134387,29288.1462439075,14,29,9,20,15,14,0,0,0,0,0,29,9,20,15,14,12,10.2849381480923,11.8084789762024,0.394899547529456,2020-04-06,2020,4
"5836","MT",5,"Centro-oeste",51009,"Norte Araguaia",134387,29288.1462439075,15,41,9,32,21,20,0,0,0,0,0,41,9,32,21,20,8,10.2849381480923,11.8084789762024,0.386715921498989,2020-04-13,2020,4
"5837","MT",5,"Centro-oeste",51009,"Norte Araguaia",134387,29288.1462439075,16,30,7,23,11,19,0,0,0,0,0,30,7,23,11,19,12,10.2849381480923,11.8084789762024,0.395635550174108,2020-04-20,2020,4
"5838","MT",5,"Centro-oeste",51009,"Norte Araguaia",134387,29288.1462439075,17,27,7,20,13,14,0,0,0,0,0,27,7,20,13,14,9,10.2849381480923,11.8084789762024,0.387629189735994,2020-04-27,2020,4
"5839","MT",5,"Centro-oeste",51009,"Norte Araguaia",134387,29288.1462439075,18,32,10,22,16,16,0,0,0,0,0,32,10,22,16,16,15,10.2849381480923,11.8084789762024,0.38590603510678,2020-05-04,2020,5
"5840","MT",5,"Centro-oeste",51009,"Norte Araguaia",134387,29288.1462439075,19,33,12,21,19,14,0,0,0,0,0,33,12,21,19,14,11,10.2849381480923,11.8084789762024,0.41126097817647,2020-05-11,2020,5
"5841","MT",5,"Centro-oeste",51009,"Norte Araguaia",134387,29288.1462439075,20,33,8,25,18,15,0,0,0,0,0,33,8,25,18,15,7,10.2849381480923,11.8084789762024,0.399282745994224,2020-05-18,2020,5
"5842","MT",5,"Centro-oeste",51009,"Norte Araguaia",134387,29288.1462439075,21,48,11,37,27,21,0,0,0,0,0,48,11,37,27,21,11,10.2849381480923,11.8084789762024,0.418832224279682,2020-05-25,2020,5
"5843","MT",5,"Centro-oeste",51009,"Norte Araguaia",134387,29288.1462439075,22,47,14,33,19,28,0,0,0,0,0,47,14,33,19,28,12,10.2849381480923,11.8084789762024,0.403861714844558,2020-06-01,2020,6
"5844","MT",5,"Centro-oeste",51009,"Norte Araguaia",134387,29288.1462439075,23,45,10,35,27,18,0,0,0,0,0,45,10,35,27,18,15,10.2849381480923,11.8084789762024,0.429714030789973,2020-06-08,2020,6
"5845","MT",5,"Centro-oeste",51009,"Norte Araguaia",134387,29288.1462439075,24,38,10,28,25,13,0,0,0,0,0,38,10,28,25,13,13,10.2849381480923,11.8084789762024,0.407426543471275,2020-06-15,2020,6
"5846","MT",5,"Centro-oeste",51009,"Norte Araguaia",134387,29288.1462439075,25,38,9,29,21,17,0,0,0,0,0,38,9,29,21,17,14,10.2849381480923,11.8084789762024,0.409517055795389,2020-06-22,2020,6
"5847","MT",5,"Centro-oeste",51009,"Norte Araguaia",134387,29288.1462439075,26,46,9,37,27,19,3,0,0,0,0,49,9,37,27,19,18,10.2849381480923,11.8084789762024,0.405145539664251,2020-06-29,2020,6
"5848","MT",5,"Centro-oeste",51009,"Norte Araguaia",134387,29288.1462439075,27,39,10,29,18,21,0,0,0,0,0,39,10,29,18,21,15,10.2849381480923,11.8084789762024,0.411433969489466,2020-07-06,2020,7
"5849","MT",5,"Centro-oeste",51009,"Norte Araguaia",134387,29288.1462439075,28,40,10,30,24,16,0,0,0,0,0,40,10,30,24,16,17,10.2849381480923,11.8084789762024,0.421382649323264,2020-07-13,2020,7
"5850","MT",5,"Centro-oeste",51009,"Norte Araguaia",134387,29288.1462439075,29,54,15,39,32,22,0,0,0,0,0,54,15,39,32,22,12,10.2849381480923,11.8084789762024,0.418002913606726,2020-07-20,2020,7
"5851","MT",5,"Centro-oeste",51010,"Canarana",118050,50135.6243762812,5,35,16,19,16,19,0,0,0,0,0,35,16,19,16,19,15,10.8224870997806,11.6788635425137,0.311732915767854,2020-02-03,2020,2
"5852","MT",5,"Centro-oeste",51010,"Canarana",118050,50135.6243762812,6,29,10,19,15,14,0,0,0,0,0,29,10,19,15,14,4,10.8224870997806,11.6788635425137,0.297947747387976,2020-02-10,2020,2
"5853","MT",5,"Centro-oeste",51010,"Canarana",118050,50135.6243762812,7,38,10,28,21,17,0,0,0,0,0,38,10,28,21,17,12,10.8224870997806,11.6788635425137,0.313220931278759,2020-02-17,2020,2
"5854","MT",5,"Centro-oeste",51010,"Canarana",118050,50135.6243762812,8,35,9,26,13,22,0,0,0,0,0,35,9,26,13,22,10,10.8224870997806,11.6788635425137,0.345794520787134,2020-02-24,2020,2
"5855","MT",5,"Centro-oeste",51010,"Canarana",118050,50135.6243762812,9,42,12,30,16,26,0,0,0,0,0,42,12,30,16,26,14,10.8224870997806,11.6788635425137,0.32096732050591,2020-03-02,2020,3
"5856","MT",5,"Centro-oeste",51010,"Canarana",118050,50135.6243762812,10,34,7,27,18,16,0,0,0,0,0,34,7,27,18,16,14,10.8224870997806,11.6788635425137,0.350357586855638,2020-03-09,2020,3
"5857","MT",5,"Centro-oeste",51010,"Canarana",118050,50135.6243762812,11,43,15,28,24,19,1,0,0,0,0,44,15,28,24,19,9,10.8224870997806,11.6788635425137,0.382996801215817,2020-03-16,2020,3
"5858","MT",5,"Centro-oeste",51010,"Canarana",118050,50135.6243762812,12,31,12,19,18,13,0,0,0,0,0,31,12,19,18,13,11,10.8224870997806,11.6788635425137,0.465042177445102,2020-03-23,2020,3
"5859","MT",5,"Centro-oeste",51010,"Canarana",118050,50135.6243762812,13,28,7,21,8,20,0,0,0,0,0,28,7,21,8,20,14,10.8224870997806,11.6788635425137,0.424865502737774,2020-03-30,2020,3
"5860","MT",5,"Centro-oeste",51010,"Canarana",118050,50135.6243762812,14,47,9,38,27,20,0,0,0,0,0,47,9,38,27,20,10,10.8224870997806,11.6788635425137,0.428248643157938,2020-04-06,2020,4
"5861","MT",5,"Centro-oeste",51010,"Canarana",118050,50135.6243762812,15,34,12,22,16,18,0,0,0,0,0,34,12,22,16,18,9,10.8224870997806,11.6788635425137,0.392795696737193,2020-04-13,2020,4
"5862","MT",5,"Centro-oeste",51010,"Canarana",118050,50135.6243762812,16,31,10,21,16,15,0,0,0,0,0,31,10,21,16,15,17,10.8224870997806,11.6788635425137,0.405801520370091,2020-04-20,2020,4
"5863","MT",5,"Centro-oeste",51010,"Canarana",118050,50135.6243762812,17,38,10,28,20,18,1,0,0,0,0,39,10,28,20,18,7,10.8224870997806,11.6788635425137,0.397212959496388,2020-04-27,2020,4
"5864","MT",5,"Centro-oeste",51010,"Canarana",118050,50135.6243762812,18,22,9,13,8,14,1,0,0,0,0,23,9,13,8,14,15,10.8224870997806,11.6788635425137,0.395949573447765,2020-05-04,2020,5
"5865","MT",5,"Centro-oeste",51010,"Canarana",118050,50135.6243762812,19,35,11,24,18,17,0,0,0,0,0,35,11,24,18,17,4,10.8224870997806,11.6788635425137,0.399412802314689,2020-05-11,2020,5
"5866","MT",5,"Centro-oeste",51010,"Canarana",118050,50135.6243762812,20,48,11,37,22,26,0,0,0,0,0,48,11,37,22,26,18,10.8224870997806,11.6788635425137,0.39451541330799,2020-05-18,2020,5
"5867","MT",5,"Centro-oeste",51010,"Canarana",118050,50135.6243762812,21,43,10,33,18,25,0,0,0,0,0,43,10,33,18,25,6,10.8224870997806,11.6788635425137,0.379543047296072,2020-05-25,2020,5
"5868","MT",5,"Centro-oeste",51010,"Canarana",118050,50135.6243762812,22,37,12,25,18,19,1,0,0,0,0,38,12,25,18,19,14,10.8224870997806,11.6788635425137,0.373516719958442,2020-06-01,2020,6
"5869","MT",5,"Centro-oeste",51010,"Canarana",118050,50135.6243762812,23,41,11,30,17,24,1,0,0,0,0,42,11,30,17,24,16,10.8224870997806,11.6788635425137,0.389346853806321,2020-06-08,2020,6
"5870","MT",5,"Centro-oeste",51010,"Canarana",118050,50135.6243762812,24,29,5,24,14,15,0,0,0,0,0,29,5,24,14,15,12,10.8224870997806,11.6788635425137,0.380894631029721,2020-06-15,2020,6
"5871","MT",5,"Centro-oeste",51010,"Canarana",118050,50135.6243762812,25,41,16,25,21,20,0,0,0,0,0,41,16,25,21,20,14,10.8224870997806,11.6788635425137,0.38674823858856,2020-06-22,2020,6
"5872","MT",5,"Centro-oeste",51010,"Canarana",118050,50135.6243762812,26,23,6,17,16,7,0,0,0,0,0,23,6,17,16,7,16,10.8224870997806,11.6788635425137,0.395394298576679,2020-06-29,2020,6
"5873","MT",5,"Centro-oeste",51010,"Canarana",118050,50135.6243762812,27,37,9,28,14,23,2,0,0,0,0,39,9,28,14,23,18,10.8224870997806,11.6788635425137,0.393471910514687,2020-07-06,2020,7
"5874","MT",5,"Centro-oeste",51010,"Canarana",118050,50135.6243762812,28,38,8,30,16,22,0,0,0,0,0,38,8,30,16,22,16,10.8224870997806,11.6788635425137,0.404132270265262,2020-07-13,2020,7
"5875","MT",5,"Centro-oeste",51010,"Canarana",118050,50135.6243762812,29,38,7,31,21,17,0,0,0,0,0,38,7,31,21,17,14,10.8224870997806,11.6788635425137,0.405156766118681,2020-07-20,2020,7
"5876","MT",5,"Centro-oeste",51011,"Médio Araguaia",69925,30491.3265196997,5,25,9,16,11,14,0,0,0,0,0,25,9,16,11,14,11,10.3251975457496,11.1551785180702,0.284637441832238,2020-02-03,2020,2
"5877","MT",5,"Centro-oeste",51011,"Médio Araguaia",69925,30491.3265196997,6,30,7,23,10,20,0,0,0,0,0,30,7,23,10,20,8,10.3251975457496,11.1551785180702,0.283725331141419,2020-02-10,2020,2
"5878","MT",5,"Centro-oeste",51011,"Médio Araguaia",69925,30491.3265196997,7,20,5,15,5,15,0,0,0,0,0,20,5,15,5,15,6,10.3251975457496,11.1551785180702,0.280498373029046,2020-02-17,2020,2
"5879","MT",5,"Centro-oeste",51011,"Médio Araguaia",69925,30491.3265196997,8,19,3,16,9,10,0,0,0,0,0,19,3,16,9,10,6,10.3251975457496,11.1551785180702,0.335258828149889,2020-02-24,2020,2
"5880","MT",5,"Centro-oeste",51011,"Médio Araguaia",69925,30491.3265196997,9,25,5,20,6,19,0,0,0,0,0,25,5,20,6,19,8,10.3251975457496,11.1551785180702,0.302610018585672,2020-03-02,2020,3
"5881","MT",5,"Centro-oeste",51011,"Médio Araguaia",69925,30491.3265196997,10,19,2,17,10,9,0,0,0,0,0,19,2,17,10,9,9,10.3251975457496,11.1551785180702,0.317599952835168,2020-03-09,2020,3
"5882","MT",5,"Centro-oeste",51011,"Médio Araguaia",69925,30491.3265196997,11,21,9,12,5,16,0,0,0,0,0,21,9,12,5,16,13,10.3251975457496,11.1551785180702,0.410827004800836,2020-03-16,2020,3
"5883","MT",5,"Centro-oeste",51011,"Médio Araguaia",69925,30491.3265196997,12,30,7,23,11,19,0,0,0,0,0,30,7,23,11,19,11,10.3251975457496,11.1551785180702,0.500033220979649,2020-03-23,2020,3
"5884","MT",5,"Centro-oeste",51011,"Médio Araguaia",69925,30491.3265196997,13,21,5,16,9,12,0,0,0,0,0,21,5,16,9,12,7,10.3251975457496,11.1551785180702,0.430142420818977,2020-03-30,2020,3
"5885","MT",5,"Centro-oeste",51011,"Médio Araguaia",69925,30491.3265196997,14,12,5,7,5,7,0,0,0,0,0,12,5,7,5,7,12,10.3251975457496,11.1551785180702,0.439837593484401,2020-04-06,2020,4
"5886","MT",5,"Centro-oeste",51011,"Médio Araguaia",69925,30491.3265196997,15,23,3,20,9,14,0,0,0,0,0,23,3,20,9,14,6,10.3251975457496,11.1551785180702,0.414027116137721,2020-04-13,2020,4
"5887","MT",5,"Centro-oeste",51011,"Médio Araguaia",69925,30491.3265196997,16,11,2,9,4,7,0,0,0,0,0,11,2,9,4,7,10,10.3251975457496,11.1551785180702,0.432795911074908,2020-04-20,2020,4
"5888","MT",5,"Centro-oeste",51011,"Médio Araguaia",69925,30491.3265196997,17,17,2,15,7,10,0,0,0,0,0,17,2,15,7,10,5,10.3251975457496,11.1551785180702,0.396097958501959,2020-04-27,2020,4
"5889","MT",5,"Centro-oeste",51011,"Médio Araguaia",69925,30491.3265196997,18,26,5,21,12,14,0,0,0,0,0,26,5,21,12,14,11,10.3251975457496,11.1551785180702,0.393833279910335,2020-05-04,2020,5
"5890","MT",5,"Centro-oeste",51011,"Médio Araguaia",69925,30491.3265196997,19,22,7,15,7,15,0,0,0,0,0,22,7,15,7,15,3,10.3251975457496,11.1551785180702,0.436049346941776,2020-05-11,2020,5
"5891","MT",5,"Centro-oeste",51011,"Médio Araguaia",69925,30491.3265196997,20,22,8,14,13,9,0,0,0,0,0,22,8,14,13,9,12,10.3251975457496,11.1551785180702,0.446155874504328,2020-05-18,2020,5
"5892","MT",5,"Centro-oeste",51011,"Médio Araguaia",69925,30491.3265196997,21,29,4,25,11,18,1,0,0,0,0,30,4,25,11,18,12,10.3251975457496,11.1551785180702,0.430757568480327,2020-05-25,2020,5
"5893","MT",5,"Centro-oeste",51011,"Médio Araguaia",69925,30491.3265196997,22,25,4,21,10,15,0,0,0,0,0,25,4,21,10,15,11,10.3251975457496,11.1551785180702,0.422444337883779,2020-06-01,2020,6
"5894","MT",5,"Centro-oeste",51011,"Médio Araguaia",69925,30491.3265196997,23,34,10,24,17,17,0,0,0,0,0,34,10,24,17,17,12,10.3251975457496,11.1551785180702,0.419300382066152,2020-06-08,2020,6
"5895","MT",5,"Centro-oeste",51011,"Médio Araguaia",69925,30491.3265196997,24,34,11,23,11,23,1,0,0,0,0,35,11,23,11,23,17,10.3251975457496,11.1551785180702,0.403943838053067,2020-06-15,2020,6
"5896","MT",5,"Centro-oeste",51011,"Médio Araguaia",69925,30491.3265196997,25,25,6,19,15,10,1,0,0,0,0,26,6,19,15,10,21,10.3251975457496,11.1551785180702,0.405646129267399,2020-06-22,2020,6
"5897","MT",5,"Centro-oeste",51011,"Médio Araguaia",69925,30491.3265196997,26,19,2,17,8,11,0,0,0,0,0,19,2,17,8,11,17,10.3251975457496,11.1551785180702,0.398799695423507,2020-06-29,2020,6
"5898","MT",5,"Centro-oeste",51011,"Médio Araguaia",69925,30491.3265196997,27,17,5,12,10,7,1,0,0,0,0,18,5,12,10,7,16,10.3251975457496,11.1551785180702,0.411062357367158,2020-07-06,2020,7
"5899","MT",5,"Centro-oeste",51011,"Médio Araguaia",69925,30491.3265196997,28,23,8,15,10,13,0,0,0,0,0,23,8,15,10,13,15,10.3251975457496,11.1551785180702,0.414425640022118,2020-07-13,2020,7
"5900","MT",5,"Centro-oeste",51011,"Médio Araguaia",69925,30491.3265196997,29,20,2,18,9,11,0,0,0,0,0,20,2,18,9,11,13,10.3251975457496,11.1551785180702,0.438672117274418,2020-07-20,2020,7
"5901","MT",5,"Centro-oeste",51012,"Alto Guaporé",76023,26608.0097744104,5,26,6,20,18,8,0,0,0,0,0,26,6,20,18,8,4,10.1889675687812,11.2387912050637,0.320722606197795,2020-02-03,2020,2
"5902","MT",5,"Centro-oeste",51012,"Alto Guaporé",76023,26608.0097744104,6,19,9,10,6,13,0,0,0,0,0,19,9,10,6,13,4,10.1889675687812,11.2387912050637,0.323028263243328,2020-02-10,2020,2
"5903","MT",5,"Centro-oeste",51012,"Alto Guaporé",76023,26608.0097744104,7,25,3,22,15,10,1,0,0,0,0,26,3,22,15,10,4,10.1889675687812,11.2387912050637,0.325763962824389,2020-02-17,2020,2
"5904","MT",5,"Centro-oeste",51012,"Alto Guaporé",76023,26608.0097744104,8,26,9,17,15,11,0,0,0,0,0,26,9,17,15,11,9,10.1889675687812,11.2387912050637,0.367510582883499,2020-02-24,2020,2
"5905","MT",5,"Centro-oeste",51012,"Alto Guaporé",76023,26608.0097744104,9,18,4,14,10,8,1,0,0,0,0,19,4,14,10,8,6,10.1889675687812,11.2387912050637,0.331974891499141,2020-03-02,2020,3
"5906","MT",5,"Centro-oeste",51012,"Alto Guaporé",76023,26608.0097744104,10,24,7,17,9,15,0,0,0,0,0,24,7,17,9,15,7,10.1889675687812,11.2387912050637,0.357604242626804,2020-03-09,2020,3
"5907","MT",5,"Centro-oeste",51012,"Alto Guaporé",76023,26608.0097744104,11,17,5,12,6,11,0,0,0,0,0,17,5,12,6,11,7,10.1889675687812,11.2387912050637,0.429087999004918,2020-03-16,2020,3
"5908","MT",5,"Centro-oeste",51012,"Alto Guaporé",76023,26608.0097744104,12,19,3,16,9,10,0,0,0,0,0,19,3,16,9,10,6,10.1889675687812,11.2387912050637,0.458640484508293,2020-03-23,2020,3
"5909","MT",5,"Centro-oeste",51012,"Alto Guaporé",76023,26608.0097744104,13,9,2,7,2,7,2,0,0,0,0,11,2,7,2,7,7,10.1889675687812,11.2387912050637,0.438097395549908,2020-03-30,2020,3
"5910","MT",5,"Centro-oeste",51012,"Alto Guaporé",76023,26608.0097744104,14,28,7,21,13,15,0,0,0,0,0,28,7,21,13,15,11,10.1889675687812,11.2387912050637,0.432906444894497,2020-04-06,2020,4
"5911","MT",5,"Centro-oeste",51012,"Alto Guaporé",76023,26608.0097744104,15,33,8,25,17,16,1,0,0,0,0,34,8,25,17,16,7,10.1889675687812,11.2387912050637,0.420500545826819,2020-04-13,2020,4
"5912","MT",5,"Centro-oeste",51012,"Alto Guaporé",76023,26608.0097744104,16,18,5,13,7,11,0,0,0,0,0,18,5,13,7,11,10,10.1889675687812,11.2387912050637,0.433158005740718,2020-04-20,2020,4
"5913","MT",5,"Centro-oeste",51012,"Alto Guaporé",76023,26608.0097744104,17,24,2,22,9,15,0,0,0,0,0,24,2,22,9,15,5,10.1889675687812,11.2387912050637,0.404960938576222,2020-04-27,2020,4
"5914","MT",5,"Centro-oeste",51012,"Alto Guaporé",76023,26608.0097744104,18,25,6,19,13,12,1,0,0,0,0,26,6,19,13,12,6,10.1889675687812,11.2387912050637,0.407920068473734,2020-05-04,2020,5
"5915","MT",5,"Centro-oeste",51012,"Alto Guaporé",76023,26608.0097744104,19,25,7,18,14,11,0,0,0,0,0,25,7,18,14,11,3,10.1889675687812,11.2387912050637,0.404129086875628,2020-05-11,2020,5
"5916","MT",5,"Centro-oeste",51012,"Alto Guaporé",76023,26608.0097744104,20,23,8,15,8,15,0,0,0,0,0,23,8,15,8,15,9,10.1889675687812,11.2387912050637,0.428069388884809,2020-05-18,2020,5
"5917","MT",5,"Centro-oeste",51012,"Alto Guaporé",76023,26608.0097744104,21,20,6,14,11,9,0,0,0,0,0,20,6,14,11,9,9,10.1889675687812,11.2387912050637,0.429011795370341,2020-05-25,2020,5
"5918","MT",5,"Centro-oeste",51012,"Alto Guaporé",76023,26608.0097744104,22,29,7,22,14,15,0,0,0,0,0,29,7,22,14,15,12,10.1889675687812,11.2387912050637,0.410898902704891,2020-06-01,2020,6
"5919","MT",5,"Centro-oeste",51012,"Alto Guaporé",76023,26608.0097744104,23,21,9,12,10,11,0,0,0,0,0,21,9,12,10,11,15,10.1889675687812,11.2387912050637,0.401288696720593,2020-06-08,2020,6
"5920","MT",5,"Centro-oeste",51012,"Alto Guaporé",76023,26608.0097744104,24,24,7,17,10,14,0,0,0,0,0,24,7,17,10,14,16,10.1889675687812,11.2387912050637,0.405770478734324,2020-06-15,2020,6
"5921","MT",5,"Centro-oeste",51012,"Alto Guaporé",76023,26608.0097744104,25,22,6,16,14,8,0,0,0,0,0,22,6,16,14,8,20,10.1889675687812,11.2387912050637,0.434029579888067,2020-06-22,2020,6
"5922","MT",5,"Centro-oeste",51012,"Alto Guaporé",76023,26608.0097744104,26,22,4,18,10,12,1,0,0,0,0,23,4,18,10,12,19,10.1889675687812,11.2387912050637,0.444078042992058,2020-06-29,2020,6
"5923","MT",5,"Centro-oeste",51012,"Alto Guaporé",76023,26608.0097744104,27,29,3,26,12,17,0,0,0,0,0,29,3,26,12,17,15,10.1889675687812,11.2387912050637,0.430516717388355,2020-07-06,2020,7
"5924","MT",5,"Centro-oeste",51012,"Alto Guaporé",76023,26608.0097744104,28,30,9,21,15,15,0,0,0,0,0,30,9,21,15,15,19,10.1889675687812,11.2387912050637,0.413557423742361,2020-07-13,2020,7
"5925","MT",5,"Centro-oeste",51012,"Alto Guaporé",76023,26608.0097744104,29,30,5,25,16,14,1,0,0,0,0,31,5,25,16,14,10,10.1889675687812,11.2387912050637,0.425616341535349,2020-07-20,2020,7
"5926","MT",5,"Centro-oeste",51013,"Tangará da Serra",174002,34748.9320906081,5,43,5,38,10,33,0,0,0,0,0,43,5,38,10,33,15,10.4559041193152,12.0668220723835,0.325133115798349,2020-02-03,2020,2
"5927","MT",5,"Centro-oeste",51013,"Tangará da Serra",174002,34748.9320906081,6,53,10,43,20,33,0,0,0,0,0,53,10,43,20,33,21,10.4559041193152,12.0668220723835,0.308202967530761,2020-02-10,2020,2
"5928","MT",5,"Centro-oeste",51013,"Tangará da Serra",174002,34748.9320906081,7,46,6,40,19,27,0,0,0,0,0,46,6,40,19,27,14,10.4559041193152,12.0668220723835,0.333935630019237,2020-02-17,2020,2
"5929","MT",5,"Centro-oeste",51013,"Tangará da Serra",174002,34748.9320906081,8,47,6,41,23,24,0,0,0,0,0,47,6,41,23,24,21,10.4559041193152,12.0668220723835,0.353310557710075,2020-02-24,2020,2
"5930","MT",5,"Centro-oeste",51013,"Tangará da Serra",174002,34748.9320906081,9,46,12,34,23,23,1,0,0,0,0,47,12,34,23,23,22,10.4559041193152,12.0668220723835,0.338336008832175,2020-03-02,2020,3
"5931","MT",5,"Centro-oeste",51013,"Tangará da Serra",174002,34748.9320906081,10,41,8,33,23,18,0,0,0,0,0,41,8,33,23,18,15,10.4559041193152,12.0668220723835,0.348086474857385,2020-03-09,2020,3
"5932","MT",5,"Centro-oeste",51013,"Tangará da Serra",174002,34748.9320906081,11,43,3,40,17,26,1,0,0,0,0,44,3,40,17,26,20,10.4559041193152,12.0668220723835,0.409151480322794,2020-03-16,2020,3
"5933","MT",5,"Centro-oeste",51013,"Tangará da Serra",174002,34748.9320906081,12,49,9,40,18,31,1,0,0,0,0,50,9,40,18,31,19,10.4559041193152,12.0668220723835,0.517147921101463,2020-03-23,2020,3
"5934","MT",5,"Centro-oeste",51013,"Tangará da Serra",174002,34748.9320906081,13,43,9,34,23,20,1,0,0,0,0,44,9,34,23,20,16,10.4559041193152,12.0668220723835,0.477684147595493,2020-03-30,2020,3
"5935","MT",5,"Centro-oeste",51013,"Tangará da Serra",174002,34748.9320906081,14,49,7,42,18,31,0,0,0,0,0,49,7,42,18,31,21,10.4559041193152,12.0668220723835,0.459239759584599,2020-04-06,2020,4
"5936","MT",5,"Centro-oeste",51013,"Tangará da Serra",174002,34748.9320906081,15,46,12,34,18,28,0,0,0,0,0,46,12,34,18,28,16,10.4559041193152,12.0668220723835,0.4435855934738,2020-04-13,2020,4
"5937","MT",5,"Centro-oeste",51013,"Tangará da Serra",174002,34748.9320906081,16,57,10,47,29,28,0,0,0,0,0,57,10,47,29,28,19,10.4559041193152,12.0668220723835,0.441115061229248,2020-04-20,2020,4
"5938","MT",5,"Centro-oeste",51013,"Tangará da Serra",174002,34748.9320906081,17,49,8,41,21,28,0,0,0,0,0,49,8,41,21,28,12,10.4559041193152,12.0668220723835,0.417214391714068,2020-04-27,2020,4
"5939","MT",5,"Centro-oeste",51013,"Tangará da Serra",174002,34748.9320906081,18,45,9,36,21,24,0,0,0,0,0,45,9,36,21,24,8,10.4559041193152,12.0668220723835,0.410389473113333,2020-05-04,2020,5
"5940","MT",5,"Centro-oeste",51013,"Tangará da Serra",174002,34748.9320906081,19,48,9,39,29,19,0,0,0,0,0,48,9,39,29,19,21,10.4559041193152,12.0668220723835,0.422446151276798,2020-05-11,2020,5
"5941","MT",5,"Centro-oeste",51013,"Tangará da Serra",174002,34748.9320906081,20,61,10,51,14,47,1,0,0,0,0,62,10,51,14,47,15,10.4559041193152,12.0668220723835,0.415076102482456,2020-05-18,2020,5
"5942","MT",5,"Centro-oeste",51013,"Tangará da Serra",174002,34748.9320906081,21,47,8,39,22,25,1,0,0,0,0,48,8,39,22,25,17,10.4559041193152,12.0668220723835,0.415201474364029,2020-05-25,2020,5
"5943","MT",5,"Centro-oeste",51013,"Tangará da Serra",174002,34748.9320906081,22,67,12,55,31,36,1,0,0,0,0,68,12,55,31,36,13,10.4559041193152,12.0668220723835,0.412631996162194,2020-06-01,2020,6
"5944","MT",5,"Centro-oeste",51013,"Tangará da Serra",174002,34748.9320906081,23,74,10,64,35,39,0,0,0,0,0,74,10,64,35,39,27,10.4559041193152,12.0668220723835,0.419057988435535,2020-06-08,2020,6
"5945","MT",5,"Centro-oeste",51013,"Tangará da Serra",174002,34748.9320906081,24,54,9,45,27,27,0,0,0,0,0,54,9,45,27,27,18,10.4559041193152,12.0668220723835,0.407214307558204,2020-06-15,2020,6
"5946","MT",5,"Centro-oeste",51013,"Tangará da Serra",174002,34748.9320906081,25,49,8,41,19,30,0,0,0,0,0,49,8,41,19,30,16,10.4559041193152,12.0668220723835,0.415517196888074,2020-06-22,2020,6
"5947","MT",5,"Centro-oeste",51013,"Tangará da Serra",174002,34748.9320906081,26,38,6,32,19,19,0,0,0,0,0,38,6,32,19,19,22,10.4559041193152,12.0668220723835,0.415373862767658,2020-06-29,2020,6
"5948","MT",5,"Centro-oeste",51013,"Tangará da Serra",174002,34748.9320906081,27,53,5,48,25,28,1,0,0,0,0,54,5,48,25,28,17,10.4559041193152,12.0668220723835,0.425873752923564,2020-07-06,2020,7
"5949","MT",5,"Centro-oeste",51013,"Tangará da Serra",174002,34748.9320906081,28,44,11,33,20,24,2,0,0,0,0,46,11,33,20,24,22,10.4559041193152,12.0668220723835,0.420661292725141,2020-07-13,2020,7
"5950","MT",5,"Centro-oeste",51013,"Tangará da Serra",174002,34748.9320906081,29,40,7,33,22,18,1,0,0,0,0,41,7,33,22,18,29,10.4559041193152,12.0668220723835,0.436556047375932,2020-07-20,2020,7
"5951","MT",5,"Centro-oeste",51014,"Jauru",111030,24009.4011543727,5,23,1,22,7,16,0,0,0,0,0,23,1,22,7,16,22,10.0862007473954,11.6175557140483,0.2709039583433,2020-02-03,2020,2
"5952","MT",5,"Centro-oeste",51014,"Jauru",111030,24009.4011543727,6,32,5,27,8,24,1,0,0,0,0,33,5,27,8,24,13,10.0862007473954,11.6175557140483,0.285016083759352,2020-02-10,2020,2
"5953","MT",5,"Centro-oeste",51014,"Jauru",111030,24009.4011543727,7,24,2,22,11,13,0,0,0,0,0,24,2,22,11,13,12,10.0862007473954,11.6175557140483,0.306844581929697,2020-02-17,2020,2
"5954","MT",5,"Centro-oeste",51014,"Jauru",111030,24009.4011543727,8,29,5,24,8,21,0,0,0,0,0,29,5,24,8,21,24,10.0862007473954,11.6175557140483,0.30898197207237,2020-02-24,2020,2
"5955","MT",5,"Centro-oeste",51014,"Jauru",111030,24009.4011543727,9,27,5,22,11,16,0,0,0,0,0,27,5,22,11,16,13,10.0862007473954,11.6175557140483,0.321302392296679,2020-03-02,2020,3
"5956","MT",5,"Centro-oeste",51014,"Jauru",111030,24009.4011543727,10,14,2,12,3,11,0,0,0,0,0,14,2,12,3,11,19,10.0862007473954,11.6175557140483,0.325085778374945,2020-03-09,2020,3
"5957","MT",5,"Centro-oeste",51014,"Jauru",111030,24009.4011543727,11,24,2,22,11,13,0,0,0,0,0,24,2,22,11,13,13,10.0862007473954,11.6175557140483,0.373592790605238,2020-03-16,2020,3
"5958","MT",5,"Centro-oeste",51014,"Jauru",111030,24009.4011543727,12,16,3,13,9,7,0,0,0,0,0,16,3,13,9,7,10,10.0862007473954,11.6175557140483,0.422535282466262,2020-03-23,2020,3
"5959","MT",5,"Centro-oeste",51014,"Jauru",111030,24009.4011543727,13,16,3,13,7,9,0,0,0,0,0,16,3,13,7,9,12,10.0862007473954,11.6175557140483,0.400312337627229,2020-03-30,2020,3
"5960","MT",5,"Centro-oeste",51014,"Jauru",111030,24009.4011543727,14,25,3,22,11,14,0,0,0,0,0,25,3,22,11,14,10,10.0862007473954,11.6175557140483,0.427193484266266,2020-04-06,2020,4
"5961","MT",5,"Centro-oeste",51014,"Jauru",111030,24009.4011543727,15,33,8,25,14,19,0,0,0,0,0,33,8,25,14,19,8,10.0862007473954,11.6175557140483,0.395498259458466,2020-04-13,2020,4
"5962","MT",5,"Centro-oeste",51014,"Jauru",111030,24009.4011543727,16,21,5,16,12,9,0,0,0,0,0,21,5,16,12,9,16,10.0862007473954,11.6175557140483,0.416952728038871,2020-04-20,2020,4
"5963","MT",5,"Centro-oeste",51014,"Jauru",111030,24009.4011543727,17,22,5,17,11,11,0,0,0,0,0,22,5,17,11,11,12,10.0862007473954,11.6175557140483,0.388285361658187,2020-04-27,2020,4
"5964","MT",5,"Centro-oeste",51014,"Jauru",111030,24009.4011543727,18,33,6,27,15,18,2,0,0,0,0,35,6,27,15,18,13,10.0862007473954,11.6175557140483,0.381610307253721,2020-05-04,2020,5
"5965","MT",5,"Centro-oeste",51014,"Jauru",111030,24009.4011543727,19,26,6,20,16,10,0,0,0,0,0,26,6,20,16,10,12,10.0862007473954,11.6175557140483,0.391695066474351,2020-05-11,2020,5
"5966","MT",5,"Centro-oeste",51014,"Jauru",111030,24009.4011543727,20,26,2,24,7,19,0,0,0,0,0,26,2,24,7,19,15,10.0862007473954,11.6175557140483,0.374104021927239,2020-05-18,2020,5
"5967","MT",5,"Centro-oeste",51014,"Jauru",111030,24009.4011543727,21,33,10,23,15,18,0,0,0,0,0,33,10,23,15,18,14,10.0862007473954,11.6175557140483,0.370619497022703,2020-05-25,2020,5
"5968","MT",5,"Centro-oeste",51014,"Jauru",111030,24009.4011543727,22,33,6,27,11,22,0,0,0,0,0,33,6,27,11,22,15,10.0862007473954,11.6175557140483,0.360379903300779,2020-06-01,2020,6
"5969","MT",5,"Centro-oeste",51014,"Jauru",111030,24009.4011543727,23,39,9,30,17,22,0,0,0,0,0,39,9,30,17,22,12,10.0862007473954,11.6175557140483,0.371567142987055,2020-06-08,2020,6
"5970","MT",5,"Centro-oeste",51014,"Jauru",111030,24009.4011543727,24,33,9,24,11,22,0,0,0,0,0,33,9,24,11,22,14,10.0862007473954,11.6175557140483,0.361797373550088,2020-06-15,2020,6
"5971","MT",5,"Centro-oeste",51014,"Jauru",111030,24009.4011543727,25,34,6,28,12,22,0,0,0,0,0,34,6,28,12,22,10,10.0862007473954,11.6175557140483,0.373245938536778,2020-06-22,2020,6
"5972","MT",5,"Centro-oeste",51014,"Jauru",111030,24009.4011543727,26,17,3,14,8,9,1,0,0,0,0,18,3,14,8,9,14,10.0862007473954,11.6175557140483,0.407968032120049,2020-06-29,2020,6
"5973","MT",5,"Centro-oeste",51014,"Jauru",111030,24009.4011543727,27,26,4,22,16,10,0,0,0,0,0,26,4,22,16,10,15,10.0862007473954,11.6175557140483,0.414457784558371,2020-07-06,2020,7
"5974","MT",5,"Centro-oeste",51014,"Jauru",111030,24009.4011543727,28,37,4,33,12,25,1,0,0,0,0,38,4,33,12,25,14,10.0862007473954,11.6175557140483,0.395872384362071,2020-07-13,2020,7
"5975","MT",5,"Centro-oeste",51014,"Jauru",111030,24009.4011543727,29,36,7,29,14,22,0,0,0,0,0,36,7,29,14,22,19,10.0862007473954,11.6175557140483,0.398743708734519,2020-07-20,2020,7
"5976","MT",5,"Centro-oeste",51015,"Alto Paraguai",33357,20154.8931426687,5,6,3,3,2,4,0,0,0,0,0,6,3,3,2,4,5,9.91120237375942,10.4150229243714,0.248309388968125,2020-02-03,2020,2
"5977","MT",5,"Centro-oeste",51015,"Alto Paraguai",33357,20154.8931426687,6,2,0,2,1,1,0,0,0,0,0,2,0,2,1,1,2,9.91120237375942,10.4150229243714,0.265510705751435,2020-02-10,2020,2
"5978","MT",5,"Centro-oeste",51015,"Alto Paraguai",33357,20154.8931426687,7,6,2,4,3,3,0,0,0,0,0,6,2,4,3,3,5,9.91120237375942,10.4150229243714,0.296795958941905,2020-02-17,2020,2
"5979","MT",5,"Centro-oeste",51015,"Alto Paraguai",33357,20154.8931426687,8,7,0,7,3,4,0,0,0,0,0,7,0,7,3,4,7,9.91120237375942,10.4150229243714,0.293750355463193,2020-02-24,2020,2
"5980","MT",5,"Centro-oeste",51015,"Alto Paraguai",33357,20154.8931426687,9,9,1,8,7,2,1,0,0,0,0,10,1,8,7,2,4,9.91120237375942,10.4150229243714,0.277738992357219,2020-03-02,2020,3
"5981","MT",5,"Centro-oeste",51015,"Alto Paraguai",33357,20154.8931426687,10,7,2,5,4,3,0,0,0,0,0,7,2,5,4,3,5,9.91120237375942,10.4150229243714,0.249975826807479,2020-03-09,2020,3
"5982","MT",5,"Centro-oeste",51015,"Alto Paraguai",33357,20154.8931426687,11,7,1,6,1,6,0,0,0,0,0,7,1,6,1,6,3,9.91120237375942,10.4150229243714,0.347015035210582,2020-03-16,2020,3
"5983","MT",5,"Centro-oeste",51015,"Alto Paraguai",33357,20154.8931426687,12,8,4,4,4,4,0,0,0,0,0,8,4,4,4,4,8,9.91120237375942,10.4150229243714,0.457897968262435,2020-03-23,2020,3
"5984","MT",5,"Centro-oeste",51015,"Alto Paraguai",33357,20154.8931426687,13,5,2,3,2,3,0,0,0,0,0,5,2,3,2,3,5,9.91120237375942,10.4150229243714,0.344426296039194,2020-03-30,2020,3
"5985","MT",5,"Centro-oeste",51015,"Alto Paraguai",33357,20154.8931426687,14,4,0,4,2,2,0,0,0,0,0,4,0,4,2,2,1,9.91120237375942,10.4150229243714,0.366159580394808,2020-04-06,2020,4
"5986","MT",5,"Centro-oeste",51015,"Alto Paraguai",33357,20154.8931426687,15,12,1,11,8,4,0,0,0,0,0,12,1,11,8,4,2,9.91120237375942,10.4150229243714,0.328609924393511,2020-04-13,2020,4
"5987","MT",5,"Centro-oeste",51015,"Alto Paraguai",33357,20154.8931426687,16,7,1,6,2,5,0,0,0,0,0,7,1,6,2,5,9,9.91120237375942,10.4150229243714,0.366416863052211,2020-04-20,2020,4
"5988","MT",5,"Centro-oeste",51015,"Alto Paraguai",33357,20154.8931426687,17,10,0,10,4,6,0,0,0,0,0,10,0,10,4,6,3,9.91120237375942,10.4150229243714,0.39058822495244,2020-04-27,2020,4
"5989","MT",5,"Centro-oeste",51015,"Alto Paraguai",33357,20154.8931426687,18,10,0,10,3,7,0,0,0,0,0,10,0,10,3,7,1,9.91120237375942,10.4150229243714,0.357697284170342,2020-05-04,2020,5
"5990","MT",5,"Centro-oeste",51015,"Alto Paraguai",33357,20154.8931426687,19,5,1,4,0,5,0,0,0,0,0,5,1,4,0,5,5,9.91120237375942,10.4150229243714,0.363551432721175,2020-05-11,2020,5
"5991","MT",5,"Centro-oeste",51015,"Alto Paraguai",33357,20154.8931426687,20,8,2,6,4,4,0,0,0,0,0,8,2,6,4,4,1,9.91120237375942,10.4150229243714,0.401910594813156,2020-05-18,2020,5
"5992","MT",5,"Centro-oeste",51015,"Alto Paraguai",33357,20154.8931426687,21,13,0,13,5,8,0,0,0,0,0,13,0,13,5,8,4,9.91120237375942,10.4150229243714,0.364963473468287,2020-05-25,2020,5
"5993","MT",5,"Centro-oeste",51015,"Alto Paraguai",33357,20154.8931426687,22,11,3,8,3,8,0,0,0,0,0,11,3,8,3,8,3,9.91120237375942,10.4150229243714,0.37893860602238,2020-06-01,2020,6
"5994","MT",5,"Centro-oeste",51015,"Alto Paraguai",33357,20154.8931426687,23,9,1,8,5,4,1,0,0,0,0,10,1,8,5,4,1,9.91120237375942,10.4150229243714,0.355739772986034,2020-06-08,2020,6
"5995","MT",5,"Centro-oeste",51015,"Alto Paraguai",33357,20154.8931426687,24,8,0,8,5,3,0,0,0,0,0,8,0,8,5,3,7,9.91120237375942,10.4150229243714,0.330593533569013,2020-06-15,2020,6
"5996","MT",5,"Centro-oeste",51015,"Alto Paraguai",33357,20154.8931426687,25,8,1,7,5,3,0,0,0,0,0,8,1,7,5,3,6,9.91120237375942,10.4150229243714,0.376190600843529,2020-06-22,2020,6
"5997","MT",5,"Centro-oeste",51015,"Alto Paraguai",33357,20154.8931426687,26,8,2,6,5,3,0,0,0,0,0,8,2,6,5,3,4,9.91120237375942,10.4150229243714,0.358949862359082,2020-06-29,2020,6
"5998","MT",5,"Centro-oeste",51015,"Alto Paraguai",33357,20154.8931426687,27,5,2,3,3,2,0,0,0,0,0,5,2,3,3,2,3,9.91120237375942,10.4150229243714,0.329484935947885,2020-07-06,2020,7
"5999","MT",5,"Centro-oeste",51015,"Alto Paraguai",33357,20154.8931426687,28,10,2,8,7,3,0,0,0,0,0,10,2,8,7,3,4,9.91120237375942,10.4150229243714,0.352901258582847,2020-07-13,2020,7
"6000","MT",5,"Centro-oeste",51015,"Alto Paraguai",33357,20154.8931426687,29,6,2,4,3,3,0,0,0,0,0,6,2,4,3,3,6,9.91120237375942,10.4150229243714,0.360353362266999,2020-07-20,2020,7
"6001","MT",5,"Centro-oeste",51016,"Rosário Oeste",30839,18466.0716699634,5,3,0,3,2,1,0,0,0,0,0,3,0,3,2,1,2,9.8236903635101,10.33653540173,0.317230982616426,2020-02-03,2020,2
"6002","MT",5,"Centro-oeste",51016,"Rosário Oeste",30839,18466.0716699634,6,8,0,8,6,2,0,0,0,0,0,8,0,8,6,2,4,9.8236903635101,10.33653540173,0.329571873810664,2020-02-10,2020,2
"6003","MT",5,"Centro-oeste",51016,"Rosário Oeste",30839,18466.0716699634,7,6,2,4,1,5,0,0,0,0,0,6,2,4,1,5,3,9.8236903635101,10.33653540173,0.313775350543241,2020-02-17,2020,2
"6004","MT",5,"Centro-oeste",51016,"Rosário Oeste",30839,18466.0716699634,8,4,0,4,2,2,0,0,0,0,0,4,0,4,2,2,1,9.8236903635101,10.33653540173,0.346350376456991,2020-02-24,2020,2
"6005","MT",5,"Centro-oeste",51016,"Rosário Oeste",30839,18466.0716699634,9,6,0,6,2,4,0,0,0,0,0,6,0,6,2,4,3,9.8236903635101,10.33653540173,0.31042508872263,2020-03-02,2020,3
"6006","MT",5,"Centro-oeste",51016,"Rosário Oeste",30839,18466.0716699634,10,5,0,5,0,5,0,0,0,0,0,5,0,5,0,5,5,9.8236903635101,10.33653540173,0.328878703883413,2020-03-09,2020,3
"6007","MT",5,"Centro-oeste",51016,"Rosário Oeste",30839,18466.0716699634,11,12,1,11,10,2,0,0,0,0,0,12,1,11,10,2,2,9.8236903635101,10.33653540173,0.406692738088327,2020-03-16,2020,3
"6008","MT",5,"Centro-oeste",51016,"Rosário Oeste",30839,18466.0716699634,12,5,1,4,2,3,0,0,0,0,0,5,1,4,2,3,4,9.8236903635101,10.33653540173,0.474251351340573,2020-03-23,2020,3
"6009","MT",5,"Centro-oeste",51016,"Rosário Oeste",30839,18466.0716699634,13,7,2,5,2,5,0,0,0,0,0,7,2,5,2,5,3,9.8236903635101,10.33653540173,0.409813606672937,2020-03-30,2020,3
"6010","MT",5,"Centro-oeste",51016,"Rosário Oeste",30839,18466.0716699634,14,7,1,6,4,3,0,0,0,0,0,7,1,6,4,3,4,9.8236903635101,10.33653540173,0.420641973635871,2020-04-06,2020,4
"6011","MT",5,"Centro-oeste",51016,"Rosário Oeste",30839,18466.0716699634,15,10,1,9,7,3,0,0,0,0,0,10,1,9,7,3,2,9.8236903635101,10.33653540173,0.401509864641449,2020-04-13,2020,4
"6012","MT",5,"Centro-oeste",51016,"Rosário Oeste",30839,18466.0716699634,16,8,2,6,3,5,0,0,0,0,0,8,2,6,3,5,5,9.8236903635101,10.33653540173,0.411357918494046,2020-04-20,2020,4
"6013","MT",5,"Centro-oeste",51016,"Rosário Oeste",30839,18466.0716699634,17,3,0,3,2,1,1,0,0,0,0,4,0,3,2,1,4,9.8236903635101,10.33653540173,0.409671532155418,2020-04-27,2020,4
"6014","MT",5,"Centro-oeste",51016,"Rosário Oeste",30839,18466.0716699634,18,8,1,7,4,4,0,0,0,0,0,8,1,7,4,4,2,9.8236903635101,10.33653540173,0.4184956390424,2020-05-04,2020,5
"6015","MT",5,"Centro-oeste",51016,"Rosário Oeste",30839,18466.0716699634,19,8,0,8,3,5,0,0,0,0,0,8,0,8,3,5,4,9.8236903635101,10.33653540173,0.423225607049451,2020-05-11,2020,5
"6016","MT",5,"Centro-oeste",51016,"Rosário Oeste",30839,18466.0716699634,20,4,0,4,1,3,0,0,0,0,0,4,0,4,1,3,1,9.8236903635101,10.33653540173,0.436882165847858,2020-05-18,2020,5
"6017","MT",5,"Centro-oeste",51016,"Rosário Oeste",30839,18466.0716699634,21,4,1,3,2,2,0,0,0,0,0,4,1,3,2,2,5,9.8236903635101,10.33653540173,0.416430139601094,2020-05-25,2020,5
"6018","MT",5,"Centro-oeste",51016,"Rosário Oeste",30839,18466.0716699634,22,8,0,8,7,1,0,0,0,0,0,8,0,8,7,1,9,9.8236903635101,10.33653540173,0.436889482646741,2020-06-01,2020,6
"6019","MT",5,"Centro-oeste",51016,"Rosário Oeste",30839,18466.0716699634,23,4,1,3,1,3,0,0,0,0,0,4,1,3,1,3,4,9.8236903635101,10.33653540173,0.443187244415234,2020-06-08,2020,6
"6020","MT",5,"Centro-oeste",51016,"Rosário Oeste",30839,18466.0716699634,24,6,1,5,3,3,0,0,0,0,0,6,1,5,3,3,4,9.8236903635101,10.33653540173,0.410114637153692,2020-06-15,2020,6
"6021","MT",5,"Centro-oeste",51016,"Rosário Oeste",30839,18466.0716699634,25,6,1,5,2,4,0,0,0,0,0,6,1,5,2,4,6,9.8236903635101,10.33653540173,0.455859709387213,2020-06-22,2020,6
"6022","MT",5,"Centro-oeste",51016,"Rosário Oeste",30839,18466.0716699634,26,6,0,6,2,4,0,0,0,0,0,6,0,6,2,4,4,9.8236903635101,10.33653540173,0.488907957096819,2020-06-29,2020,6
"6023","MT",5,"Centro-oeste",51016,"Rosário Oeste",30839,18466.0716699634,27,4,0,4,3,1,0,0,0,0,0,4,0,4,3,1,7,9.8236903635101,10.33653540173,0.507478485108955,2020-07-06,2020,7
"6024","MT",5,"Centro-oeste",51016,"Rosário Oeste",30839,18466.0716699634,28,5,2,3,3,2,0,0,0,0,0,5,2,3,3,2,8,9.8236903635101,10.33653540173,0.478692135404881,2020-07-13,2020,7
"6025","MT",5,"Centro-oeste",51016,"Rosário Oeste",30839,18466.0716699634,29,10,1,9,5,5,0,0,0,0,0,10,1,9,5,5,4,9.8236903635101,10.33653540173,0.461084554498613,2020-07-20,2020,7
"6026","MT",5,"Centro-oeste",51017,"Cuiabá",955206,35399.3458204722,5,275,24,251,100,175,1,0,0,0,0,276,24,251,100,175,109,10.4744486193034,13.7696823030078,0.2778087193937,2020-02-03,2020,2
"6027","MT",5,"Centro-oeste",51017,"Cuiabá",955206,35399.3458204722,6,299,35,264,110,189,4,0,0,0,0,303,35,264,110,189,114,10.4744486193034,13.7696823030078,0.273833832782682,2020-02-10,2020,2
"6028","MT",5,"Centro-oeste",51017,"Cuiabá",955206,35399.3458204722,7,261,39,222,95,166,5,0,0,0,0,266,39,222,95,166,112,10.4744486193034,13.7696823030078,0.290760820505499,2020-02-17,2020,2
"6029","MT",5,"Centro-oeste",51017,"Cuiabá",955206,35399.3458204722,8,242,29,213,85,157,2,0,0,0,0,244,29,213,85,157,96,10.4744486193034,13.7696823030078,0.334893977065349,2020-02-24,2020,2
"6030","MT",5,"Centro-oeste",51017,"Cuiabá",955206,35399.3458204722,9,206,23,183,77,129,2,0,0,0,0,208,23,183,77,129,101,10.4744486193034,13.7696823030078,0.312969496377576,2020-03-02,2020,3
"6031","MT",5,"Centro-oeste",51017,"Cuiabá",955206,35399.3458204722,10,260,26,234,101,159,6,0,0,0,0,266,26,234,101,159,131,10.4744486193034,13.7696823030078,0.324728217169773,2020-03-09,2020,3
"6032","MT",5,"Centro-oeste",51017,"Cuiabá",955206,35399.3458204722,11,314,35,279,124,190,3,0,0,0,0,317,35,279,124,190,116,10.4744486193034,13.7696823030078,0.394842095785517,2020-03-16,2020,3
"6033","MT",5,"Centro-oeste",51017,"Cuiabá",955206,35399.3458204722,12,228,27,201,88,140,1,0,0,0,0,229,27,201,88,140,109,10.4744486193034,13.7696823030078,0.515003776802323,2020-03-23,2020,3
"6034","MT",5,"Centro-oeste",51017,"Cuiabá",955206,35399.3458204722,13,235,24,211,86,149,2,0,0,0,0,237,24,211,86,149,84,10.4744486193034,13.7696823030078,0.464833364254247,2020-03-30,2020,3
"6035","MT",5,"Centro-oeste",51017,"Cuiabá",955206,35399.3458204722,14,280,28,252,110,170,4,0,0,0,0,284,28,252,110,170,101,10.4744486193034,13.7696823030078,0.456722818294018,2020-04-06,2020,4
"6036","MT",5,"Centro-oeste",51017,"Cuiabá",955206,35399.3458204722,15,290,42,248,112,178,4,0,0,0,0,294,42,248,112,178,92,10.4744486193034,13.7696823030078,0.430458057220667,2020-04-13,2020,4
"6037","MT",5,"Centro-oeste",51017,"Cuiabá",955206,35399.3458204722,16,281,28,253,106,175,3,0,0,0,0,284,28,253,106,175,96,10.4744486193034,13.7696823030078,0.430092973341061,2020-04-20,2020,4
"6038","MT",5,"Centro-oeste",51017,"Cuiabá",955206,35399.3458204722,17,251,30,221,98,153,4,0,0,0,0,255,30,221,98,153,108,10.4744486193034,13.7696823030078,0.411854231198369,2020-04-27,2020,4
"6039","MT",5,"Centro-oeste",51017,"Cuiabá",955206,35399.3458204722,18,257,22,235,97,160,4,0,0,0,0,261,22,235,97,160,87,10.4744486193034,13.7696823030078,0.388295054534472,2020-05-04,2020,5
"6040","MT",5,"Centro-oeste",51017,"Cuiabá",955206,35399.3458204722,19,261,25,236,105,156,2,0,0,0,0,263,25,236,105,156,93,10.4744486193034,13.7696823030078,0.396483463404133,2020-05-11,2020,5
"6041","MT",5,"Centro-oeste",51017,"Cuiabá",955206,35399.3458204722,20,280,22,258,98,182,1,0,0,0,0,281,22,258,98,182,101,10.4744486193034,13.7696823030078,0.394149507040284,2020-05-18,2020,5
"6042","MT",5,"Centro-oeste",51017,"Cuiabá",955206,35399.3458204722,21,307,24,283,119,188,4,0,0,0,0,311,24,283,119,188,123,10.4744486193034,13.7696823030078,0.385656567820202,2020-05-25,2020,5
"6043","MT",5,"Centro-oeste",51017,"Cuiabá",955206,35399.3458204722,22,320,27,293,122,198,1,0,0,0,0,321,27,293,122,198,156,10.4744486193034,13.7696823030078,0.382819340713375,2020-06-01,2020,6
"6044","MT",5,"Centro-oeste",51017,"Cuiabá",955206,35399.3458204722,23,318,30,288,104,214,2,0,0,0,0,320,30,288,104,214,190,10.4744486193034,13.7696823030078,0.395196512980564,2020-06-08,2020,6
"6045","MT",5,"Centro-oeste",51017,"Cuiabá",955206,35399.3458204722,24,270,23,247,101,169,3,0,0,0,0,273,23,247,101,169,249,10.4744486193034,13.7696823030078,0.387553153469803,2020-06-15,2020,6
"6046","MT",5,"Centro-oeste",51017,"Cuiabá",955206,35399.3458204722,25,283,27,256,107,176,2,0,0,0,0,285,27,256,107,176,262,10.4744486193034,13.7696823030078,0.418429925603903,2020-06-22,2020,6
"6047","MT",5,"Centro-oeste",51017,"Cuiabá",955206,35399.3458204722,26,284,22,262,104,180,3,0,0,0,0,287,22,262,104,180,282,10.4744486193034,13.7696823030078,0.423160073590173,2020-06-29,2020,6
"6048","MT",5,"Centro-oeste",51017,"Cuiabá",955206,35399.3458204722,27,255,19,236,94,161,0,0,0,0,0,255,19,236,94,161,251,10.4744486193034,13.7696823030078,0.419981221721399,2020-07-06,2020,7
"6049","MT",5,"Centro-oeste",51017,"Cuiabá",955206,35399.3458204722,28,277,23,254,105,172,5,0,0,0,0,282,23,254,105,172,269,10.4744486193034,13.7696823030078,0.410728946985345,2020-07-13,2020,7
"6050","MT",5,"Centro-oeste",51017,"Cuiabá",955206,35399.3458204722,29,334,27,307,149,185,1,0,0,0,0,335,27,307,149,185,218,10.4744486193034,13.7696823030078,0.410209629144221,2020-07-20,2020,7
"6051","MT",5,"Centro-oeste",51018,"Alto Pantanal",141581,18770.7337252174,5,38,6,32,23,15,2,0,0,0,0,40,6,32,23,15,17,9.8400542191318,11.8606272704477,0.291471530864167,2020-02-03,2020,2
"6052","MT",5,"Centro-oeste",51018,"Alto Pantanal",141581,18770.7337252174,6,55,8,47,25,30,0,0,0,0,0,55,8,47,25,30,14,9.8400542191318,11.8606272704477,0.265508338059529,2020-02-10,2020,2
"6053","MT",5,"Centro-oeste",51018,"Alto Pantanal",141581,18770.7337252174,7,44,12,32,21,23,0,0,0,0,0,44,12,32,21,23,25,9.8400542191318,11.8606272704477,0.295228051551091,2020-02-17,2020,2
"6054","MT",5,"Centro-oeste",51018,"Alto Pantanal",141581,18770.7337252174,8,53,12,41,25,28,0,0,0,0,0,53,12,41,25,28,18,9.8400542191318,11.8606272704477,0.305609657866264,2020-02-24,2020,2
"6055","MT",5,"Centro-oeste",51018,"Alto Pantanal",141581,18770.7337252174,9,33,12,21,17,16,0,0,0,0,0,33,12,21,17,16,23,9.8400542191318,11.8606272704477,0.290334697852103,2020-03-02,2020,3
"6056","MT",5,"Centro-oeste",51018,"Alto Pantanal",141581,18770.7337252174,10,22,5,17,13,9,1,0,0,0,0,23,5,17,13,9,26,9.8400542191318,11.8606272704477,0.30632038012215,2020-03-09,2020,3
"6057","MT",5,"Centro-oeste",51018,"Alto Pantanal",141581,18770.7337252174,11,29,4,25,11,18,0,0,0,0,0,29,4,25,11,18,24,9.8400542191318,11.8606272704477,0.370221724332448,2020-03-16,2020,3
"6058","MT",5,"Centro-oeste",51018,"Alto Pantanal",141581,18770.7337252174,12,36,9,27,17,19,2,0,0,0,0,38,9,27,17,19,19,9.8400542191318,11.8606272704477,0.455924824173937,2020-03-23,2020,3
"6059","MT",5,"Centro-oeste",51018,"Alto Pantanal",141581,18770.7337252174,13,31,4,27,13,18,1,0,0,0,0,32,4,27,13,18,24,9.8400542191318,11.8606272704477,0.426957444858423,2020-03-30,2020,3
"6060","MT",5,"Centro-oeste",51018,"Alto Pantanal",141581,18770.7337252174,14,33,8,25,12,21,0,0,0,0,0,33,8,25,12,21,20,9.8400542191318,11.8606272704477,0.416636841324944,2020-04-06,2020,4
"6061","MT",5,"Centro-oeste",51018,"Alto Pantanal",141581,18770.7337252174,15,37,10,27,19,18,0,0,0,0,0,37,10,27,19,18,15,9.8400542191318,11.8606272704477,0.401013892903088,2020-04-13,2020,4
"6062","MT",5,"Centro-oeste",51018,"Alto Pantanal",141581,18770.7337252174,16,33,6,27,15,18,0,0,0,0,0,33,6,27,15,18,14,9.8400542191318,11.8606272704477,0.403357314946689,2020-04-20,2020,4
"6063","MT",5,"Centro-oeste",51018,"Alto Pantanal",141581,18770.7337252174,17,35,7,28,11,24,0,0,0,0,0,35,7,28,11,24,12,9.8400542191318,11.8606272704477,0.390387836445804,2020-04-27,2020,4
"6064","MT",5,"Centro-oeste",51018,"Alto Pantanal",141581,18770.7337252174,18,42,12,30,19,23,0,0,0,0,0,42,12,30,19,23,16,9.8400542191318,11.8606272704477,0.390088192284464,2020-05-04,2020,5
"6065","MT",5,"Centro-oeste",51018,"Alto Pantanal",141581,18770.7337252174,19,49,12,37,18,31,1,0,0,0,0,50,12,37,18,31,13,9.8400542191318,11.8606272704477,0.398995217682038,2020-05-11,2020,5
"6066","MT",5,"Centro-oeste",51018,"Alto Pantanal",141581,18770.7337252174,20,50,4,46,25,25,0,0,0,0,0,50,4,46,25,25,18,9.8400542191318,11.8606272704477,0.378020788885907,2020-05-18,2020,5
"6067","MT",5,"Centro-oeste",51018,"Alto Pantanal",141581,18770.7337252174,21,47,9,38,21,26,1,0,0,0,0,48,9,38,21,26,17,9.8400542191318,11.8606272704477,0.372976559839053,2020-05-25,2020,5
"6068","MT",5,"Centro-oeste",51018,"Alto Pantanal",141581,18770.7337252174,22,50,9,41,32,18,0,0,0,0,0,50,9,41,32,18,24,9.8400542191318,11.8606272704477,0.386129027772053,2020-06-01,2020,6
"6069","MT",5,"Centro-oeste",51018,"Alto Pantanal",141581,18770.7337252174,23,45,8,37,22,23,1,0,0,0,0,46,8,37,22,23,18,9.8400542191318,11.8606272704477,0.375806148426382,2020-06-08,2020,6
"6070","MT",5,"Centro-oeste",51018,"Alto Pantanal",141581,18770.7337252174,24,55,8,47,24,31,0,0,0,0,0,55,8,47,24,31,25,9.8400542191318,11.8606272704477,0.392266483884995,2020-06-15,2020,6
"6071","MT",5,"Centro-oeste",51018,"Alto Pantanal",141581,18770.7337252174,25,60,14,46,26,34,0,0,0,0,0,60,14,46,26,34,19,9.8400542191318,11.8606272704477,0.472168304595373,2020-06-22,2020,6
"6072","MT",5,"Centro-oeste",51018,"Alto Pantanal",141581,18770.7337252174,26,40,10,30,19,21,1,0,0,0,0,41,10,30,19,21,24,9.8400542191318,11.8606272704477,0.428409498130518,2020-06-29,2020,6
"6073","MT",5,"Centro-oeste",51018,"Alto Pantanal",141581,18770.7337252174,27,43,5,38,24,19,1,0,0,0,0,44,5,38,24,19,22,9.8400542191318,11.8606272704477,0.437016971655085,2020-07-06,2020,7
"6074","MT",5,"Centro-oeste",51018,"Alto Pantanal",141581,18770.7337252174,28,41,4,37,19,22,1,0,0,0,0,42,4,37,19,22,28,9.8400542191318,11.8606272704477,0.427624865226488,2020-07-13,2020,7
"6075","MT",5,"Centro-oeste",51018,"Alto Pantanal",141581,18770.7337252174,29,56,10,46,30,26,1,0,0,0,0,57,10,46,30,26,26,9.8400542191318,11.8606272704477,0.409397922644701,2020-07-20,2020,7
"6076","MT",5,"Centro-oeste",51019,"Primavera do Leste",108832,61484.5574731697,5,56,7,49,26,30,0,0,0,0,0,56,7,49,26,30,10,11.026541324267,11.5975606878069,0.29842215225209,2020-02-03,2020,2
"6077","MT",5,"Centro-oeste",51019,"Primavera do Leste",108832,61484.5574731697,6,54,6,48,20,34,0,0,0,0,0,54,6,48,20,34,18,11.026541324267,11.5975606878069,0.29277433978454,2020-02-10,2020,2
"6078","MT",5,"Centro-oeste",51019,"Primavera do Leste",108832,61484.5574731697,7,29,7,22,11,18,0,0,0,0,0,29,7,22,11,18,12,11.026541324267,11.5975606878069,0.308679702884663,2020-02-17,2020,2
"6079","MT",5,"Centro-oeste",51019,"Primavera do Leste",108832,61484.5574731697,8,40,12,28,16,24,0,0,0,0,0,40,12,28,16,24,8,11.026541324267,11.5975606878069,0.350068940184849,2020-02-24,2020,2
"6080","MT",5,"Centro-oeste",51019,"Primavera do Leste",108832,61484.5574731697,9,46,9,37,19,27,0,0,0,0,0,46,9,37,19,27,13,11.026541324267,11.5975606878069,0.321761297661348,2020-03-02,2020,3
"6081","MT",5,"Centro-oeste",51019,"Primavera do Leste",108832,61484.5574731697,10,34,7,27,13,21,0,0,0,0,0,34,7,27,13,21,12,11.026541324267,11.5975606878069,0.336406519369357,2020-03-09,2020,3
"6082","MT",5,"Centro-oeste",51019,"Primavera do Leste",108832,61484.5574731697,11,29,6,23,9,20,0,0,0,0,0,29,6,23,9,20,11,11.026541324267,11.5975606878069,0.394517567004049,2020-03-16,2020,3
"6083","MT",5,"Centro-oeste",51019,"Primavera do Leste",108832,61484.5574731697,12,51,9,42,25,26,0,0,0,0,0,51,9,42,25,26,7,11.026541324267,11.5975606878069,0.473239121459559,2020-03-23,2020,3
"6084","MT",5,"Centro-oeste",51019,"Primavera do Leste",108832,61484.5574731697,13,29,5,24,14,15,0,0,0,0,0,29,5,24,14,15,7,11.026541324267,11.5975606878069,0.426560728557325,2020-03-30,2020,3
"6085","MT",5,"Centro-oeste",51019,"Primavera do Leste",108832,61484.5574731697,14,41,6,35,18,23,1,0,0,0,0,42,6,35,18,23,10,11.026541324267,11.5975606878069,0.424574039111888,2020-04-06,2020,4
"6086","MT",5,"Centro-oeste",51019,"Primavera do Leste",108832,61484.5574731697,15,41,4,37,15,26,0,0,0,0,0,41,4,37,15,26,5,11.026541324267,11.5975606878069,0.40203086136295,2020-04-13,2020,4
"6087","MT",5,"Centro-oeste",51019,"Primavera do Leste",108832,61484.5574731697,16,31,4,27,13,18,0,0,0,0,0,31,4,27,13,18,12,11.026541324267,11.5975606878069,0.404295208700923,2020-04-20,2020,4
"6088","MT",5,"Centro-oeste",51019,"Primavera do Leste",108832,61484.5574731697,17,27,5,22,12,15,0,0,0,0,0,27,5,22,12,15,7,11.026541324267,11.5975606878069,0.398409562456595,2020-04-27,2020,4
"6089","MT",5,"Centro-oeste",51019,"Primavera do Leste",108832,61484.5574731697,18,39,7,32,12,27,0,0,0,0,0,39,7,32,12,27,9,11.026541324267,11.5975606878069,0.3757660362472,2020-05-04,2020,5
"6090","MT",5,"Centro-oeste",51019,"Primavera do Leste",108832,61484.5574731697,19,46,8,38,22,24,0,0,0,0,0,46,8,38,22,24,7,11.026541324267,11.5975606878069,0.386877479569954,2020-05-11,2020,5
"6091","MT",5,"Centro-oeste",51019,"Primavera do Leste",108832,61484.5574731697,20,37,8,29,17,20,0,0,0,0,0,37,8,29,17,20,11,11.026541324267,11.5975606878069,0.405755990600189,2020-05-18,2020,5
"6092","MT",5,"Centro-oeste",51019,"Primavera do Leste",108832,61484.5574731697,21,48,10,38,22,26,0,0,0,0,0,48,10,38,22,26,5,11.026541324267,11.5975606878069,0.388843369362312,2020-05-25,2020,5
"6093","MT",5,"Centro-oeste",51019,"Primavera do Leste",108832,61484.5574731697,22,61,9,52,26,35,0,0,0,0,0,61,9,52,26,35,13,11.026541324267,11.5975606878069,0.382036916543665,2020-06-01,2020,6
"6094","MT",5,"Centro-oeste",51019,"Primavera do Leste",108832,61484.5574731697,23,43,6,37,16,27,0,0,0,0,0,43,6,37,16,27,8,11.026541324267,11.5975606878069,0.396199139498179,2020-06-08,2020,6
"6095","MT",5,"Centro-oeste",51019,"Primavera do Leste",108832,61484.5574731697,24,38,7,31,13,25,0,0,0,0,0,38,7,31,13,25,17,11.026541324267,11.5975606878069,0.389916187294327,2020-06-15,2020,6
"6096","MT",5,"Centro-oeste",51019,"Primavera do Leste",108832,61484.5574731697,25,32,6,26,15,17,0,0,0,0,0,32,6,26,15,17,16,11.026541324267,11.5975606878069,0.404910111229021,2020-06-22,2020,6
"6097","MT",5,"Centro-oeste",51019,"Primavera do Leste",108832,61484.5574731697,26,57,12,45,21,36,0,0,0,0,0,57,12,45,21,36,17,11.026541324267,11.5975606878069,0.405416770856532,2020-06-29,2020,6
"6098","MT",5,"Centro-oeste",51019,"Primavera do Leste",108832,61484.5574731697,27,41,5,36,19,22,0,0,0,0,0,41,5,36,19,22,14,11.026541324267,11.5975606878069,0.412506187710117,2020-07-06,2020,7
"6099","MT",5,"Centro-oeste",51019,"Primavera do Leste",108832,61484.5574731697,28,48,10,38,18,30,0,0,0,0,0,48,10,38,18,30,14,11.026541324267,11.5975606878069,0.398095842173966,2020-07-13,2020,7
"6100","MT",5,"Centro-oeste",51019,"Primavera do Leste",108832,61484.5574731697,29,51,9,42,24,27,0,0,0,0,0,51,9,42,24,27,17,11.026541324267,11.5975606878069,0.392569707852118,2020-07-20,2020,7
"6101","MT",5,"Centro-oeste",51020,"Tesouro",55885,27489.7268517491,5,11,2,9,6,5,0,0,0,0,0,11,2,9,6,5,2,10.2215676448331,10.9310512868197,0.375822894761106,2020-02-03,2020,2
"6102","MT",5,"Centro-oeste",51020,"Tesouro",55885,27489.7268517491,6,10,4,6,3,7,0,0,0,0,0,10,4,6,3,7,11,10.2215676448331,10.9310512868197,0.329744654916921,2020-02-10,2020,2
"6103","MT",5,"Centro-oeste",51020,"Tesouro",55885,27489.7268517491,7,14,6,8,7,7,0,0,0,0,0,14,6,8,7,7,8,10.2215676448331,10.9310512868197,0.342175021599042,2020-02-17,2020,2
"6104","MT",5,"Centro-oeste",51020,"Tesouro",55885,27489.7268517491,8,18,7,11,11,7,0,0,0,0,0,18,7,11,11,7,5,10.2215676448331,10.9310512868197,0.369091007397262,2020-02-24,2020,2
"6105","MT",5,"Centro-oeste",51020,"Tesouro",55885,27489.7268517491,9,13,4,9,3,10,0,0,0,0,0,13,4,9,3,10,14,10.2215676448331,10.9310512868197,0.320881229064953,2020-03-02,2020,3
"6106","MT",5,"Centro-oeste",51020,"Tesouro",55885,27489.7268517491,10,12,3,9,6,6,0,0,0,0,0,12,3,9,6,6,11,10.2215676448331,10.9310512868197,0.365257099225185,2020-03-09,2020,3
"6107","MT",5,"Centro-oeste",51020,"Tesouro",55885,27489.7268517491,11,13,3,10,5,8,0,0,0,0,0,13,3,10,5,8,3,10.2215676448331,10.9310512868197,0.403012612744989,2020-03-16,2020,3
"6108","MT",5,"Centro-oeste",51020,"Tesouro",55885,27489.7268517491,12,11,2,9,5,6,0,0,0,0,0,11,2,9,5,6,6,10.2215676448331,10.9310512868197,0.501564677160548,2020-03-23,2020,3
"6109","MT",5,"Centro-oeste",51020,"Tesouro",55885,27489.7268517491,13,10,3,7,4,6,0,0,0,0,0,10,3,7,4,6,5,10.2215676448331,10.9310512868197,0.446208900165892,2020-03-30,2020,3
"6110","MT",5,"Centro-oeste",51020,"Tesouro",55885,27489.7268517491,14,10,2,8,6,4,0,0,0,0,0,10,2,8,6,4,8,10.2215676448331,10.9310512868197,0.427365372413182,2020-04-06,2020,4
"6111","MT",5,"Centro-oeste",51020,"Tesouro",55885,27489.7268517491,15,16,4,12,8,8,0,0,0,0,0,16,4,12,8,8,10,10.2215676448331,10.9310512868197,0.391876626647589,2020-04-13,2020,4
"6112","MT",5,"Centro-oeste",51020,"Tesouro",55885,27489.7268517491,16,10,4,6,4,6,0,0,0,0,0,10,4,6,4,6,6,10.2215676448331,10.9310512868197,0.401447955144589,2020-04-20,2020,4
"6113","MT",5,"Centro-oeste",51020,"Tesouro",55885,27489.7268517491,17,10,4,6,4,6,0,0,0,0,0,10,4,6,4,6,6,10.2215676448331,10.9310512868197,0.413279324218263,2020-04-27,2020,4
"6114","MT",5,"Centro-oeste",51020,"Tesouro",55885,27489.7268517491,18,18,3,15,9,9,0,0,0,0,0,18,3,15,9,9,5,10.2215676448331,10.9310512868197,0.40462203072784,2020-05-04,2020,5
"6115","MT",5,"Centro-oeste",51020,"Tesouro",55885,27489.7268517491,19,7,1,6,2,5,0,0,0,0,0,7,1,6,2,5,8,10.2215676448331,10.9310512868197,0.453873947744905,2020-05-11,2020,5
"6116","MT",5,"Centro-oeste",51020,"Tesouro",55885,27489.7268517491,20,10,4,6,8,2,0,0,0,0,0,10,4,6,8,2,6,10.2215676448331,10.9310512868197,0.448503196614611,2020-05-18,2020,5
"6117","MT",5,"Centro-oeste",51020,"Tesouro",55885,27489.7268517491,21,10,3,7,2,8,1,0,0,0,0,11,3,7,2,8,4,10.2215676448331,10.9310512868197,0.437242947305917,2020-05-25,2020,5
"6118","MT",5,"Centro-oeste",51020,"Tesouro",55885,27489.7268517491,22,13,3,10,7,6,0,0,0,0,0,13,3,10,7,6,12,10.2215676448331,10.9310512868197,0.437786913018188,2020-06-01,2020,6
"6119","MT",5,"Centro-oeste",51020,"Tesouro",55885,27489.7268517491,23,14,3,11,7,7,0,0,0,0,0,14,3,11,7,7,11,10.2215676448331,10.9310512868197,0.442193195522957,2020-06-08,2020,6
"6120","MT",5,"Centro-oeste",51020,"Tesouro",55885,27489.7268517491,24,12,5,7,7,5,0,0,0,0,0,12,5,7,7,5,5,10.2215676448331,10.9310512868197,0.429898917455341,2020-06-15,2020,6
"6121","MT",5,"Centro-oeste",51020,"Tesouro",55885,27489.7268517491,25,12,3,9,5,7,2,0,0,0,0,14,3,9,5,7,10,10.2215676448331,10.9310512868197,0.501418871725227,2020-06-22,2020,6
"6122","MT",5,"Centro-oeste",51020,"Tesouro",55885,27489.7268517491,26,5,3,2,1,4,0,0,0,0,0,5,3,2,1,4,12,10.2215676448331,10.9310512868197,0.466692006422258,2020-06-29,2020,6
"6123","MT",5,"Centro-oeste",51020,"Tesouro",55885,27489.7268517491,27,10,4,6,5,5,0,0,0,0,0,10,4,6,5,5,9,10.2215676448331,10.9310512868197,0.464756434393295,2020-07-06,2020,7
"6124","MT",5,"Centro-oeste",51020,"Tesouro",55885,27489.7268517491,28,15,1,14,7,8,1,0,0,0,0,16,1,14,7,8,16,10.2215676448331,10.9310512868197,0.452485134350807,2020-07-13,2020,7
"6125","MT",5,"Centro-oeste",51020,"Tesouro",55885,27489.7268517491,29,16,5,11,9,7,0,0,0,0,0,16,5,11,9,7,12,10.2215676448331,10.9310512868197,0.48216367299469,2020-07-20,2020,7
"6126","MT",5,"Centro-oeste",51021,"Rondonópolis",323403,47207.8353683175,5,78,13,65,30,48,1,0,0,0,0,79,13,65,30,48,44,10.7623151613626,12.68665450252,0.303127228866236,2020-02-03,2020,2
"6127","MT",5,"Centro-oeste",51021,"Rondonópolis",323403,47207.8353683175,6,90,12,78,41,49,2,0,0,0,0,92,12,78,41,49,44,10.7623151613626,12.68665450252,0.304732992284515,2020-02-10,2020,2
"6128","MT",5,"Centro-oeste",51021,"Rondonópolis",323403,47207.8353683175,7,82,13,69,29,53,3,0,0,0,0,85,13,69,29,53,36,10.7623151613626,12.68665450252,0.31682956039867,2020-02-17,2020,2
"6129","MT",5,"Centro-oeste",51021,"Rondonópolis",323403,47207.8353683175,8,84,23,61,28,56,1,0,0,0,0,85,23,61,28,56,27,10.7623151613626,12.68665450252,0.353407693978982,2020-02-24,2020,2
"6130","MT",5,"Centro-oeste",51021,"Rondonópolis",323403,47207.8353683175,9,92,22,70,36,56,1,0,0,0,0,93,22,70,36,56,47,10.7623151613626,12.68665450252,0.333269501765047,2020-03-02,2020,3
"6131","MT",5,"Centro-oeste",51021,"Rondonópolis",323403,47207.8353683175,10,89,14,75,37,52,2,0,0,0,0,91,14,75,37,52,40,10.7623151613626,12.68665450252,0.348622430747171,2020-03-09,2020,3
"6132","MT",5,"Centro-oeste",51021,"Rondonópolis",323403,47207.8353683175,11,88,16,72,34,54,2,0,0,0,0,90,16,72,34,54,40,10.7623151613626,12.68665450252,0.417293597688957,2020-03-16,2020,3
"6133","MT",5,"Centro-oeste",51021,"Rondonópolis",323403,47207.8353683175,12,92,20,72,41,51,0,0,0,0,0,92,20,72,41,51,36,10.7623151613626,12.68665450252,0.521740114351454,2020-03-23,2020,3
"6134","MT",5,"Centro-oeste",51021,"Rondonópolis",323403,47207.8353683175,13,88,18,70,31,57,1,0,0,0,0,89,18,70,31,57,35,10.7623151613626,12.68665450252,0.459661188496238,2020-03-30,2020,3
"6135","MT",5,"Centro-oeste",51021,"Rondonópolis",323403,47207.8353683175,14,92,21,71,46,46,0,0,0,0,0,92,21,71,46,46,28,10.7623151613626,12.68665450252,0.435699391498548,2020-04-06,2020,4
"6136","MT",5,"Centro-oeste",51021,"Rondonópolis",323403,47207.8353683175,15,79,15,64,32,47,1,0,0,0,0,80,15,64,32,47,30,10.7623151613626,12.68665450252,0.41703263012773,2020-04-13,2020,4
"6137","MT",5,"Centro-oeste",51021,"Rondonópolis",323403,47207.8353683175,16,92,20,72,40,52,0,0,0,0,0,92,20,72,40,52,28,10.7623151613626,12.68665450252,0.416548956170735,2020-04-20,2020,4
"6138","MT",5,"Centro-oeste",51021,"Rondonópolis",323403,47207.8353683175,17,92,19,73,29,63,0,0,0,0,0,92,19,73,29,63,27,10.7623151613626,12.68665450252,0.41096409399512,2020-04-27,2020,4
"6139","MT",5,"Centro-oeste",51021,"Rondonópolis",323403,47207.8353683175,18,102,10,92,39,63,1,0,0,0,0,103,10,92,39,63,31,10.7623151613626,12.68665450252,0.387134738194875,2020-05-04,2020,5
"6140","MT",5,"Centro-oeste",51021,"Rondonópolis",323403,47207.8353683175,19,85,20,65,29,56,0,0,0,0,0,85,20,65,29,56,34,10.7623151613626,12.68665450252,0.389752733795826,2020-05-11,2020,5
"6141","MT",5,"Centro-oeste",51021,"Rondonópolis",323403,47207.8353683175,20,107,12,95,38,69,0,0,0,0,0,107,12,95,38,69,24,10.7623151613626,12.68665450252,0.397375402050831,2020-05-18,2020,5
"6142","MT",5,"Centro-oeste",51021,"Rondonópolis",323403,47207.8353683175,21,103,21,82,39,64,2,0,0,0,0,105,21,82,39,64,47,10.7623151613626,12.68665450252,0.385844979861082,2020-05-25,2020,5
"6143","MT",5,"Centro-oeste",51021,"Rondonópolis",323403,47207.8353683175,22,106,12,94,41,65,1,0,0,0,0,107,12,94,41,65,38,10.7623151613626,12.68665450252,0.411779541833961,2020-06-01,2020,6
"6144","MT",5,"Centro-oeste",51021,"Rondonópolis",323403,47207.8353683175,23,89,12,77,36,53,1,0,0,0,0,90,12,77,36,53,35,10.7623151613626,12.68665450252,0.417146040046279,2020-06-08,2020,6
"6145","MT",5,"Centro-oeste",51021,"Rondonópolis",323403,47207.8353683175,24,122,28,94,54,68,2,0,0,0,0,124,28,94,54,68,56,10.7623151613626,12.68665450252,0.41572613654141,2020-06-15,2020,6
"6146","MT",5,"Centro-oeste",51021,"Rondonópolis",323403,47207.8353683175,25,98,24,74,41,57,2,0,0,0,0,100,24,74,41,57,63,10.7623151613626,12.68665450252,0.420652473683491,2020-06-22,2020,6
"6147","MT",5,"Centro-oeste",51021,"Rondonópolis",323403,47207.8353683175,26,98,19,79,40,58,0,0,0,0,0,98,19,79,40,58,74,10.7623151613626,12.68665450252,0.435160343183278,2020-06-29,2020,6
"6148","MT",5,"Centro-oeste",51021,"Rondonópolis",323403,47207.8353683175,27,110,17,93,50,60,1,0,0,0,0,111,17,93,50,60,73,10.7623151613626,12.68665450252,0.420848778998879,2020-07-06,2020,7
"6149","MT",5,"Centro-oeste",51021,"Rondonópolis",323403,47207.8353683175,28,101,19,82,43,58,1,0,0,0,0,102,19,82,43,58,62,10.7623151613626,12.68665450252,0.422986433236693,2020-07-13,2020,7
"6150","MT",5,"Centro-oeste",51021,"Rondonópolis",323403,47207.8353683175,29,110,23,87,50,60,1,0,0,0,0,111,23,87,50,60,71,10.7623151613626,12.68665450252,0.411452921833753,2020-07-20,2020,7
"6151","MT",5,"Centro-oeste",51022,"Alto Araguaia",42669,56582.5282875155,5,6,2,4,2,4,0,0,0,0,0,6,2,4,2,4,4,10.9434555290378,10.6612279402383,0.262231751984371,2020-02-03,2020,2
"6152","MT",5,"Centro-oeste",51022,"Alto Araguaia",42669,56582.5282875155,6,5,2,3,5,0,0,0,0,0,0,5,2,3,5,0,3,10.9434555290378,10.6612279402383,0.260531951420835,2020-02-10,2020,2
"6153","MT",5,"Centro-oeste",51022,"Alto Araguaia",42669,56582.5282875155,7,5,0,5,2,3,0,0,0,0,0,5,0,5,2,3,6,10.9434555290378,10.6612279402383,0.275427922241516,2020-02-17,2020,2
"6154","MT",5,"Centro-oeste",51022,"Alto Araguaia",42669,56582.5282875155,8,9,1,8,5,4,0,0,0,0,0,9,1,8,5,4,2,10.9434555290378,10.6612279402383,0.307680716214978,2020-02-24,2020,2
"6155","MT",5,"Centro-oeste",51022,"Alto Araguaia",42669,56582.5282875155,9,12,3,9,4,8,0,0,0,0,0,12,3,9,4,8,4,10.9434555290378,10.6612279402383,0.300603609257628,2020-03-02,2020,3
"6156","MT",5,"Centro-oeste",51022,"Alto Araguaia",42669,56582.5282875155,10,8,2,6,1,7,0,0,0,0,0,8,2,6,1,7,4,10.9434555290378,10.6612279402383,0.314625365294464,2020-03-09,2020,3
"6157","MT",5,"Centro-oeste",51022,"Alto Araguaia",42669,56582.5282875155,11,10,3,7,4,6,0,0,0,0,0,10,3,7,4,6,2,10.9434555290378,10.6612279402383,0.360535769182791,2020-03-16,2020,3
"6158","MT",5,"Centro-oeste",51022,"Alto Araguaia",42669,56582.5282875155,12,10,3,7,6,4,1,0,0,0,0,11,3,7,6,4,8,10.9434555290378,10.6612279402383,0.40773648209688,2020-03-23,2020,3
"6159","MT",5,"Centro-oeste",51022,"Alto Araguaia",42669,56582.5282875155,13,10,1,9,4,6,0,0,0,0,0,10,1,9,4,6,11,10.9434555290378,10.6612279402383,0.364152383917388,2020-03-30,2020,3
"6160","MT",5,"Centro-oeste",51022,"Alto Araguaia",42669,56582.5282875155,14,11,3,8,2,9,0,0,0,0,0,11,3,8,2,9,2,10.9434555290378,10.6612279402383,0.370997832350965,2020-04-06,2020,4
"6161","MT",5,"Centro-oeste",51022,"Alto Araguaia",42669,56582.5282875155,15,7,0,7,6,1,0,0,0,0,0,7,0,7,6,1,5,10.9434555290378,10.6612279402383,0.349233161919236,2020-04-13,2020,4
"6162","MT",5,"Centro-oeste",51022,"Alto Araguaia",42669,56582.5282875155,16,11,1,10,7,4,0,0,0,0,0,11,1,10,7,4,5,10.9434555290378,10.6612279402383,0.358311289963351,2020-04-20,2020,4
"6163","MT",5,"Centro-oeste",51022,"Alto Araguaia",42669,56582.5282875155,17,6,2,4,3,3,0,0,0,0,0,6,2,4,3,3,3,10.9434555290378,10.6612279402383,0.363152761341196,2020-04-27,2020,4
"6164","MT",5,"Centro-oeste",51022,"Alto Araguaia",42669,56582.5282875155,18,5,0,5,4,1,0,0,0,0,0,5,0,5,4,1,5,10.9434555290378,10.6612279402383,0.339795529031835,2020-05-04,2020,5
"6165","MT",5,"Centro-oeste",51022,"Alto Araguaia",42669,56582.5282875155,19,10,2,8,7,3,0,0,0,0,0,10,2,8,7,3,3,10.9434555290378,10.6612279402383,0.344649122454163,2020-05-11,2020,5
"6166","MT",5,"Centro-oeste",51022,"Alto Araguaia",42669,56582.5282875155,20,7,3,4,2,5,0,0,0,0,0,7,3,4,2,5,3,10.9434555290378,10.6612279402383,0.363390551683654,2020-05-18,2020,5
"6167","MT",5,"Centro-oeste",51022,"Alto Araguaia",42669,56582.5282875155,21,13,1,12,6,7,0,0,0,0,0,13,1,12,6,7,3,10.9434555290378,10.6612279402383,0.339258647498789,2020-05-25,2020,5
"6168","MT",5,"Centro-oeste",51022,"Alto Araguaia",42669,56582.5282875155,22,8,2,6,5,3,0,0,0,0,0,8,2,6,5,3,3,10.9434555290378,10.6612279402383,0.346553401654797,2020-06-01,2020,6
"6169","MT",5,"Centro-oeste",51022,"Alto Araguaia",42669,56582.5282875155,23,8,1,7,4,4,0,0,0,0,0,8,1,7,4,4,3,10.9434555290378,10.6612279402383,0.345896075177581,2020-06-08,2020,6
"6170","MT",5,"Centro-oeste",51022,"Alto Araguaia",42669,56582.5282875155,24,8,2,6,2,6,0,0,0,0,0,8,2,6,2,6,5,10.9434555290378,10.6612279402383,0.331677374265038,2020-06-15,2020,6
"6171","MT",5,"Centro-oeste",51022,"Alto Araguaia",42669,56582.5282875155,25,2,1,1,0,2,0,0,0,0,0,2,1,1,0,2,4,10.9434555290378,10.6612279402383,0.358714193031096,2020-06-22,2020,6
"6172","MT",5,"Centro-oeste",51022,"Alto Araguaia",42669,56582.5282875155,26,5,2,3,4,1,0,0,0,0,0,5,2,3,4,1,3,10.9434555290378,10.6612279402383,0.36799212755063,2020-06-29,2020,6
"6173","MT",5,"Centro-oeste",51022,"Alto Araguaia",42669,56582.5282875155,27,6,0,6,2,4,0,0,0,0,0,6,0,6,2,4,4,10.9434555290378,10.6612279402383,0.387734549600476,2020-07-06,2020,7
"6174","MT",5,"Centro-oeste",51022,"Alto Araguaia",42669,56582.5282875155,28,8,3,5,3,5,0,0,0,0,0,8,3,5,3,5,4,10.9434555290378,10.6612279402383,0.386807342173054,2020-07-13,2020,7
"6175","MT",5,"Centro-oeste",51022,"Alto Araguaia",42669,56582.5282875155,29,8,2,6,4,4,0,0,0,0,0,8,2,6,4,4,4,10.9434555290378,10.6612279402383,0.355784923745753,2020-07-20,2020,7
"6176","PA",1,"Norte",15001,"Óbidos",211269,18545.8835548045,5,74,34,40,47,27,1,0,0,0,0,75,34,40,47,27,13,9.82800313261753,12.2608874820034,0.259780342953896,2020-02-03,2020,2
"6177","PA",1,"Norte",15001,"Óbidos",211269,18545.8835548045,6,70,27,43,36,34,2,0,0,0,0,72,27,43,36,34,17,9.82800313261753,12.2608874820034,0.254256945791683,2020-02-10,2020,2
"6178","PA",1,"Norte",15001,"Óbidos",211269,18545.8835548045,7,79,33,46,39,40,0,0,0,0,0,79,33,46,39,40,14,9.82800313261753,12.2608874820034,0.268212369252272,2020-02-17,2020,2
"6179","PA",1,"Norte",15001,"Óbidos",211269,18545.8835548045,8,82,40,42,52,30,3,0,0,0,0,85,40,42,52,30,18,9.82800313261753,12.2608874820034,0.310319883015375,2020-02-24,2020,2
"6180","PA",1,"Norte",15001,"Óbidos",211269,18545.8835548045,9,77,36,41,39,38,2,0,0,0,0,79,36,41,39,38,11,9.82800313261753,12.2608874820034,0.276778542436401,2020-03-02,2020,3
"6181","PA",1,"Norte",15001,"Óbidos",211269,18545.8835548045,10,72,34,38,37,35,1,0,0,0,0,73,34,38,37,35,17,9.82800313261753,12.2608874820034,0.295360982358632,2020-03-09,2020,3
"6182","PA",1,"Norte",15001,"Óbidos",211269,18545.8835548045,11,72,29,43,40,32,1,0,0,0,0,73,29,43,40,32,17,9.82800313261753,12.2608874820034,0.343752880838018,2020-03-16,2020,3
"6183","PA",1,"Norte",15001,"Óbidos",211269,18545.8835548045,12,67,26,41,37,30,0,0,0,0,0,67,26,41,37,30,18,9.82800313261753,12.2608874820034,0.402908289280851,2020-03-23,2020,3
"6184","PA",1,"Norte",15001,"Óbidos",211269,18545.8835548045,13,63,28,35,33,30,1,0,0,0,0,64,28,35,33,30,15,9.82800313261753,12.2608874820034,0.396671993129792,2020-03-30,2020,3
"6185","PA",1,"Norte",15001,"Óbidos",211269,18545.8835548045,14,72,25,47,38,34,0,0,0,0,0,72,25,47,38,34,9,9.82800313261753,12.2608874820034,0.402234271776925,2020-04-06,2020,4
"6186","PA",1,"Norte",15001,"Óbidos",211269,18545.8835548045,15,63,22,41,37,26,2,0,0,0,0,65,22,41,37,26,18,9.82800313261753,12.2608874820034,0.389872803336376,2020-04-13,2020,4
"6187","PA",1,"Norte",15001,"Óbidos",211269,18545.8835548045,16,62,27,35,38,24,1,0,0,0,0,63,27,35,38,24,14,9.82800313261753,12.2608874820034,0.406622045625342,2020-04-20,2020,4
"6188","PA",1,"Norte",15001,"Óbidos",211269,18545.8835548045,17,59,19,40,34,25,1,0,0,0,0,60,19,40,34,25,14,9.82800313261753,12.2608874820034,0.380968312154841,2020-04-27,2020,4
"6189","PA",1,"Norte",15001,"Óbidos",211269,18545.8835548045,18,88,33,55,48,40,1,0,0,0,0,89,33,55,48,40,19,9.82800313261753,12.2608874820034,0.384077160560581,2020-05-04,2020,5
"6190","PA",1,"Norte",15001,"Óbidos",211269,18545.8835548045,19,93,31,62,46,47,0,0,0,0,0,93,31,62,46,47,25,9.82800313261753,12.2608874820034,0.397808023568877,2020-05-11,2020,5
"6191","PA",1,"Norte",15001,"Óbidos",211269,18545.8835548045,20,94,44,50,58,36,0,0,0,0,0,94,44,50,58,36,37,9.82800313261753,12.2608874820034,0.402782501471944,2020-05-18,2020,5
"6192","PA",1,"Norte",15001,"Óbidos",211269,18545.8835548045,21,79,30,49,44,35,2,0,0,0,0,81,30,49,44,35,39,9.82800313261753,12.2608874820034,0.406596906700032,2020-05-25,2020,5
"6193","PA",1,"Norte",15001,"Óbidos",211269,18545.8835548045,22,78,42,36,37,41,0,0,0,0,0,78,42,36,37,41,29,9.82800313261753,12.2608874820034,0.384685306670197,2020-06-01,2020,6
"6194","PA",1,"Norte",15001,"Óbidos",211269,18545.8835548045,23,83,33,50,39,44,0,0,0,0,0,83,33,50,39,44,33,9.82800313261753,12.2608874820034,0.394830247156008,2020-06-08,2020,6
"6195","PA",1,"Norte",15001,"Óbidos",211269,18545.8835548045,24,77,31,46,46,31,2,0,0,0,0,79,31,46,46,31,29,9.82800313261753,12.2608874820034,0.37594683733058,2020-06-15,2020,6
"6196","PA",1,"Norte",15001,"Óbidos",211269,18545.8835548045,25,76,28,48,37,39,1,0,0,0,0,77,28,48,37,39,28,9.82800313261753,12.2608874820034,0.383124901413061,2020-06-22,2020,6
"6197","PA",1,"Norte",15001,"Óbidos",211269,18545.8835548045,26,60,22,38,26,34,0,0,0,0,0,60,22,38,26,34,31,9.82800313261753,12.2608874820034,0.377315286204992,2020-06-29,2020,6
"6198","PA",1,"Norte",15001,"Óbidos",211269,18545.8835548045,27,82,43,39,47,35,0,0,0,0,0,82,43,39,47,35,36,9.82800313261753,12.2608874820034,0.361768542518671,2020-07-06,2020,7
"6199","PA",1,"Norte",15001,"Óbidos",211269,18545.8835548045,28,88,40,48,47,41,0,0,0,0,0,88,40,48,47,41,27,9.82800313261753,12.2608874820034,0.357667620382543,2020-07-13,2020,7
"6200","PA",1,"Norte",15001,"Óbidos",211269,18545.8835548045,29,79,30,49,47,32,3,0,0,0,0,82,30,49,47,32,19,9.82800313261753,12.2608874820034,0.372656658200511,2020-07-20,2020,7
"6201","PA",1,"Norte",15002,"Santarém",531849,13550.3259769784,5,196,61,135,83,113,0,0,0,0,0,196,61,135,83,113,59,9.51416588336006,13.1841148934487,0.272763395185938,2020-02-03,2020,2
"6202","PA",1,"Norte",15002,"Santarém",531849,13550.3259769784,6,206,62,144,97,109,0,0,0,0,0,206,62,144,97,109,44,9.51416588336006,13.1841148934487,0.265935518356589,2020-02-10,2020,2
"6203","PA",1,"Norte",15002,"Santarém",531849,13550.3259769784,7,204,67,137,96,108,2,0,0,0,0,206,67,137,96,108,42,9.51416588336006,13.1841148934487,0.288832029556662,2020-02-17,2020,2
"6204","PA",1,"Norte",15002,"Santarém",531849,13550.3259769784,8,220,79,141,103,117,3,0,0,0,0,223,79,141,103,117,54,9.51416588336006,13.1841148934487,0.320655353398107,2020-02-24,2020,2
"6205","PA",1,"Norte",15002,"Santarém",531849,13550.3259769784,9,174,73,101,70,104,1,0,0,0,0,175,73,101,70,104,60,9.51416588336006,13.1841148934487,0.306551985979557,2020-03-02,2020,3
"6206","PA",1,"Norte",15002,"Santarém",531849,13550.3259769784,10,177,58,119,72,105,1,0,0,0,0,178,58,119,72,105,47,9.51416588336006,13.1841148934487,0.323483949887717,2020-03-09,2020,3
"6207","PA",1,"Norte",15002,"Santarém",531849,13550.3259769784,11,209,70,139,96,113,3,0,0,0,0,212,70,139,96,113,51,9.51416588336006,13.1841148934487,0.36695796544498,2020-03-16,2020,3
"6208","PA",1,"Norte",15002,"Santarém",531849,13550.3259769784,12,150,46,104,69,81,1,0,0,0,0,151,46,104,69,81,51,9.51416588336006,13.1841148934487,0.44170942778829,2020-03-23,2020,3
"6209","PA",1,"Norte",15002,"Santarém",531849,13550.3259769784,13,139,45,94,65,74,1,0,0,0,0,140,45,94,65,74,42,9.51416588336006,13.1841148934487,0.420568615110647,2020-03-30,2020,3
"6210","PA",1,"Norte",15002,"Santarém",531849,13550.3259769784,14,153,55,98,86,67,1,0,0,0,0,154,55,98,86,67,44,9.51416588336006,13.1841148934487,0.426392071762207,2020-04-06,2020,4
"6211","PA",1,"Norte",15002,"Santarém",531849,13550.3259769784,15,151,48,103,62,89,1,0,0,0,0,152,48,103,62,89,55,9.51416588336006,13.1841148934487,0.41655780207191,2020-04-13,2020,4
"6212","PA",1,"Norte",15002,"Santarém",531849,13550.3259769784,16,175,55,120,94,81,2,0,0,0,0,177,55,120,94,81,56,9.51416588336006,13.1841148934487,0.418357043293596,2020-04-20,2020,4
"6213","PA",1,"Norte",15002,"Santarém",531849,13550.3259769784,17,198,73,125,103,95,0,0,0,0,0,198,73,125,103,95,71,9.51416588336006,13.1841148934487,0.410071066479873,2020-04-27,2020,4
"6214","PA",1,"Norte",15002,"Santarém",531849,13550.3259769784,18,181,60,121,86,95,0,0,0,0,0,181,60,121,86,95,63,9.51416588336006,13.1841148934487,0.405897435985908,2020-05-04,2020,5
"6215","PA",1,"Norte",15002,"Santarém",531849,13550.3259769784,19,182,58,124,91,91,2,0,0,0,0,184,58,124,91,91,104,9.51416588336006,13.1841148934487,0.431773737610534,2020-05-11,2020,5
"6216","PA",1,"Norte",15002,"Santarém",531849,13550.3259769784,20,180,68,112,94,86,1,0,0,0,0,181,68,112,94,86,122,9.51416588336006,13.1841148934487,0.471150975847117,2020-05-18,2020,5
"6217","PA",1,"Norte",15002,"Santarém",531849,13550.3259769784,21,187,53,134,91,96,0,0,0,0,0,187,53,134,91,96,140,9.51416588336006,13.1841148934487,0.446804487842422,2020-05-25,2020,5
"6218","PA",1,"Norte",15002,"Santarém",531849,13550.3259769784,22,207,77,130,100,107,3,0,0,0,0,210,77,130,100,107,122,9.51416588336006,13.1841148934487,0.405206788924093,2020-06-01,2020,6
"6219","PA",1,"Norte",15002,"Santarém",531849,13550.3259769784,23,215,62,153,94,121,3,0,0,0,0,218,62,153,94,121,110,9.51416588336006,13.1841148934487,0.395540415026962,2020-06-08,2020,6
"6220","PA",1,"Norte",15002,"Santarém",531849,13550.3259769784,24,175,56,119,88,87,1,0,0,0,0,176,56,119,88,87,107,9.51416588336006,13.1841148934487,0.383230851297884,2020-06-15,2020,6
"6221","PA",1,"Norte",15002,"Santarém",531849,13550.3259769784,25,175,60,115,81,94,3,0,0,0,0,178,60,115,81,94,110,9.51416588336006,13.1841148934487,0.405598490491978,2020-06-22,2020,6
"6222","PA",1,"Norte",15002,"Santarém",531849,13550.3259769784,26,202,54,148,89,113,2,0,0,0,0,204,54,148,89,113,97,9.51416588336006,13.1841148934487,0.39166479221565,2020-06-29,2020,6
"6223","PA",1,"Norte",15002,"Santarém",531849,13550.3259769784,27,171,53,118,84,87,3,0,0,0,0,174,53,118,84,87,83,9.51416588336006,13.1841148934487,0.396222816683524,2020-07-06,2020,7
"6224","PA",1,"Norte",15002,"Santarém",531849,13550.3259769784,28,168,52,116,80,88,2,0,0,0,0,170,52,116,80,88,79,9.51416588336006,13.1841148934487,0.386417738857995,2020-07-13,2020,7
"6225","PA",1,"Norte",15002,"Santarém",531849,13550.3259769784,29,202,58,144,112,90,3,0,0,0,0,205,58,144,112,90,75,9.51416588336006,13.1841148934487,0.39444725323827,2020-07-20,2020,7
"6226","PA",1,"Norte",15003,"Almeirim",75877,12001.9738698156,5,24,16,8,17,7,2,0,0,0,0,26,16,8,17,7,2,9.39282640439458,11.2368688871577,0.283615180469529,2020-02-03,2020,2
"6227","PA",1,"Norte",15003,"Almeirim",75877,12001.9738698156,6,34,17,17,20,14,0,0,0,0,0,34,17,17,20,14,5,9.39282640439458,11.2368688871577,0.294466813313105,2020-02-10,2020,2
"6228","PA",1,"Norte",15003,"Almeirim",75877,12001.9738698156,7,28,16,12,17,11,0,0,0,0,0,28,16,12,17,11,7,9.39282640439458,11.2368688871577,0.297816189293302,2020-02-17,2020,2
"6229","PA",1,"Norte",15003,"Almeirim",75877,12001.9738698156,8,26,12,14,14,12,0,0,0,0,0,26,12,14,14,12,7,9.39282640439458,11.2368688871577,0.318427370205229,2020-02-24,2020,2
"6230","PA",1,"Norte",15003,"Almeirim",75877,12001.9738698156,9,38,26,12,21,17,0,0,0,0,0,38,26,12,21,17,3,9.39282640439458,11.2368688871577,0.310767384067599,2020-03-02,2020,3
"6231","PA",1,"Norte",15003,"Almeirim",75877,12001.9738698156,10,22,10,12,12,10,0,0,0,0,0,22,10,12,12,10,2,9.39282640439458,11.2368688871577,0.331552149022376,2020-03-09,2020,3
"6232","PA",1,"Norte",15003,"Almeirim",75877,12001.9738698156,11,26,16,10,16,10,0,0,0,0,0,26,16,10,16,10,4,9.39282640439458,11.2368688871577,0.349791451564334,2020-03-16,2020,3
"6233","PA",1,"Norte",15003,"Almeirim",75877,12001.9738698156,12,26,15,11,13,13,0,0,0,0,0,26,15,11,13,13,4,9.39282640439458,11.2368688871577,0.40031083347468,2020-03-23,2020,3
"6234","PA",1,"Norte",15003,"Almeirim",75877,12001.9738698156,13,11,7,4,9,2,0,0,0,0,0,11,7,4,9,2,5,9.39282640439458,11.2368688871577,0.397882714311415,2020-03-30,2020,3
"6235","PA",1,"Norte",15003,"Almeirim",75877,12001.9738698156,14,22,9,13,12,10,0,0,0,0,0,22,9,13,12,10,7,9.39282640439458,11.2368688871577,0.415801815048373,2020-04-06,2020,4
"6236","PA",1,"Norte",15003,"Almeirim",75877,12001.9738698156,15,18,11,7,13,5,0,0,0,0,0,18,11,7,13,5,4,9.39282640439458,11.2368688871577,0.394407334481847,2020-04-13,2020,4
"6237","PA",1,"Norte",15003,"Almeirim",75877,12001.9738698156,16,22,12,10,11,11,0,0,0,0,0,22,12,10,11,11,7,9.39282640439458,11.2368688871577,0.420499368021467,2020-04-20,2020,4
"6238","PA",1,"Norte",15003,"Almeirim",75877,12001.9738698156,17,27,16,11,17,10,0,0,0,0,0,27,16,11,17,10,9,9.39282640439458,11.2368688871577,0.441235109852963,2020-04-27,2020,4
"6239","PA",1,"Norte",15003,"Almeirim",75877,12001.9738698156,18,25,17,8,19,6,0,0,0,0,0,25,17,8,19,6,6,9.39282640439458,11.2368688871577,0.446624059557288,2020-05-04,2020,5
"6240","PA",1,"Norte",15003,"Almeirim",75877,12001.9738698156,19,27,17,10,19,8,1,0,0,0,0,28,17,10,19,8,11,9.39282640439458,11.2368688871577,0.499253375420974,2020-05-11,2020,5
"6241","PA",1,"Norte",15003,"Almeirim",75877,12001.9738698156,20,14,5,9,9,5,0,0,0,0,0,14,5,9,9,5,17,9.39282640439458,11.2368688871577,0.49323920645323,2020-05-18,2020,5
"6242","PA",1,"Norte",15003,"Almeirim",75877,12001.9738698156,21,30,21,9,17,13,0,0,0,0,0,30,21,9,17,13,7,9.39282640439458,11.2368688871577,0.446398884628286,2020-05-25,2020,5
"6243","PA",1,"Norte",15003,"Almeirim",75877,12001.9738698156,22,24,10,14,13,11,0,0,0,0,0,24,10,14,13,11,17,9.39282640439458,11.2368688871577,0.438845911007574,2020-06-01,2020,6
"6244","PA",1,"Norte",15003,"Almeirim",75877,12001.9738698156,23,29,15,14,19,10,0,0,0,0,0,29,15,14,19,10,7,9.39282640439458,11.2368688871577,0.422297302684299,2020-06-08,2020,6
"6245","PA",1,"Norte",15003,"Almeirim",75877,12001.9738698156,24,23,14,9,12,11,0,0,0,0,0,23,14,9,12,11,8,9.39282640439458,11.2368688871577,0.415183813937625,2020-06-15,2020,6
"6246","PA",1,"Norte",15003,"Almeirim",75877,12001.9738698156,25,23,13,10,16,7,0,0,0,0,0,23,13,10,16,7,11,9.39282640439458,11.2368688871577,0.416431391075091,2020-06-22,2020,6
"6247","PA",1,"Norte",15003,"Almeirim",75877,12001.9738698156,26,33,23,10,24,9,0,0,0,0,0,33,23,10,24,9,7,9.39282640439458,11.2368688871577,0.403484658591688,2020-06-29,2020,6
"6248","PA",1,"Norte",15003,"Almeirim",75877,12001.9738698156,27,36,17,19,21,15,0,0,0,0,0,36,17,19,21,15,7,9.39282640439458,11.2368688871577,0.409027896831945,2020-07-06,2020,7
"6249","PA",1,"Norte",15003,"Almeirim",75877,12001.9738698156,28,21,13,8,15,6,1,0,0,0,0,22,13,8,15,6,4,9.39282640439458,11.2368688871577,0.410544534348679,2020-07-13,2020,7
"6250","PA",1,"Norte",15003,"Almeirim",75877,12001.9738698156,29,25,13,12,14,11,0,0,0,0,0,25,13,12,14,11,6,9.39282640439458,11.2368688871577,0.417376081611462,2020-07-20,2020,7
"6251","PA",1,"Norte",15004,"Portel",155915,10226.9846858865,5,59,43,16,26,33,2,0,0,0,0,61,43,16,26,33,6,9.23278506338498,11.9570662659402,0.299337543643359,2020-02-03,2020,2
"6252","PA",1,"Norte",15004,"Portel",155915,10226.9846858865,6,51,33,18,31,20,1,0,0,0,0,52,33,18,31,20,5,9.23278506338498,11.9570662659402,0.312228771332483,2020-02-10,2020,2
"6253","PA",1,"Norte",15004,"Portel",155915,10226.9846858865,7,67,45,22,29,38,0,0,0,0,0,67,45,22,29,38,6,9.23278506338498,11.9570662659402,0.290626079470007,2020-02-17,2020,2
"6254","PA",1,"Norte",15004,"Portel",155915,10226.9846858865,8,55,40,15,28,27,0,0,0,0,0,55,40,15,28,27,6,9.23278506338498,11.9570662659402,0.344921109607496,2020-02-24,2020,2
"6255","PA",1,"Norte",15004,"Portel",155915,10226.9846858865,9,52,32,20,33,19,0,0,0,0,0,52,32,20,33,19,8,9.23278506338498,11.9570662659402,0.317282503839022,2020-03-02,2020,3
"6256","PA",1,"Norte",15004,"Portel",155915,10226.9846858865,10,52,37,15,27,25,2,0,0,0,0,54,37,15,27,25,6,9.23278506338498,11.9570662659402,0.349668144984492,2020-03-09,2020,3
"6257","PA",1,"Norte",15004,"Portel",155915,10226.9846858865,11,61,45,16,34,27,2,0,0,0,0,63,45,16,34,27,9,9.23278506338498,11.9570662659402,0.39052903253489,2020-03-16,2020,3
"6258","PA",1,"Norte",15004,"Portel",155915,10226.9846858865,12,55,45,10,31,24,0,0,0,0,0,55,45,10,31,24,7,9.23278506338498,11.9570662659402,0.521269784712422,2020-03-23,2020,3
"6259","PA",1,"Norte",15004,"Portel",155915,10226.9846858865,13,45,35,10,26,19,0,0,0,0,0,45,35,10,26,19,10,9.23278506338498,11.9570662659402,0.459008330103387,2020-03-30,2020,3
"6260","PA",1,"Norte",15004,"Portel",155915,10226.9846858865,14,64,45,19,32,32,1,0,0,0,0,65,45,19,32,32,8,9.23278506338498,11.9570662659402,0.4547086304938,2020-04-06,2020,4
"6261","PA",1,"Norte",15004,"Portel",155915,10226.9846858865,15,70,53,17,40,30,2,0,0,0,0,72,53,17,40,30,8,9.23278506338498,11.9570662659402,0.451873101455388,2020-04-13,2020,4
"6262","PA",1,"Norte",15004,"Portel",155915,10226.9846858865,16,61,44,17,37,24,0,0,0,0,0,61,44,17,37,24,5,9.23278506338498,11.9570662659402,0.456225652276865,2020-04-20,2020,4
"6263","PA",1,"Norte",15004,"Portel",155915,10226.9846858865,17,36,26,10,15,21,4,0,0,0,0,40,26,10,15,21,4,9.23278506338498,11.9570662659402,0.455371915845433,2020-04-27,2020,4
"6264","PA",1,"Norte",15004,"Portel",155915,10226.9846858865,18,55,44,11,38,17,1,0,0,0,0,56,44,11,38,17,18,9.23278506338498,11.9570662659402,0.53409554135516,2020-05-04,2020,5
"6265","PA",1,"Norte",15004,"Portel",155915,10226.9846858865,19,64,39,25,41,23,2,0,0,0,0,66,39,25,41,23,15,9.23278506338498,11.9570662659402,0.616107117625957,2020-05-11,2020,5
"6266","PA",1,"Norte",15004,"Portel",155915,10226.9846858865,20,54,40,14,28,26,2,0,0,0,0,56,40,14,28,26,23,9.23278506338498,11.9570662659402,0.604668447035497,2020-05-18,2020,5
"6267","PA",1,"Norte",15004,"Portel",155915,10226.9846858865,21,55,39,16,31,24,0,0,0,0,0,55,39,16,31,24,15,9.23278506338498,11.9570662659402,0.555035685463268,2020-05-25,2020,5
"6268","PA",1,"Norte",15004,"Portel",155915,10226.9846858865,22,62,49,13,40,22,1,0,0,0,0,63,49,13,40,22,17,9.23278506338498,11.9570662659402,0.507886181309625,2020-06-01,2020,6
"6269","PA",1,"Norte",15004,"Portel",155915,10226.9846858865,23,51,38,13,25,26,0,0,0,0,0,51,38,13,25,26,13,9.23278506338498,11.9570662659402,0.465507754914403,2020-06-08,2020,6
"6270","PA",1,"Norte",15004,"Portel",155915,10226.9846858865,24,66,45,21,35,31,0,0,0,0,0,66,45,21,35,31,10,9.23278506338498,11.9570662659402,0.444101817799145,2020-06-15,2020,6
"6271","PA",1,"Norte",15004,"Portel",155915,10226.9846858865,25,34,23,11,24,10,1,0,0,0,0,35,23,11,24,10,12,9.23278506338498,11.9570662659402,0.456991616809091,2020-06-22,2020,6
"6272","PA",1,"Norte",15004,"Portel",155915,10226.9846858865,26,52,34,18,27,25,1,0,0,0,0,53,34,18,27,25,8,9.23278506338498,11.9570662659402,0.465177289265444,2020-06-29,2020,6
"6273","PA",1,"Norte",15004,"Portel",155915,10226.9846858865,27,50,37,13,34,16,2,0,0,0,0,52,37,13,34,16,8,9.23278506338498,11.9570662659402,0.459278477999373,2020-07-06,2020,7
"6274","PA",1,"Norte",15004,"Portel",155915,10226.9846858865,28,64,42,22,33,31,3,0,0,0,0,67,42,22,33,31,6,9.23278506338498,11.9570662659402,0.422454924650684,2020-07-13,2020,7
"6275","PA",1,"Norte",15004,"Portel",155915,10226.9846858865,29,58,32,26,36,22,3,0,0,0,0,61,32,26,36,22,13,9.23278506338498,11.9570662659402,0.427875866592494,2020-07-20,2020,7
"6276","PA",1,"Norte",15005,"Furos de Breves",234720,9069.95269061009,5,114,80,34,59,55,1,0,0,0,0,115,80,34,59,55,11,9.11272232706582,12.3661485933768,0.295714255365143,2020-02-03,2020,2
"6277","PA",1,"Norte",15005,"Furos de Breves",234720,9069.95269061009,6,110,71,39,55,55,0,0,0,0,0,110,71,39,55,55,12,9.11272232706582,12.3661485933768,0.293774306924279,2020-02-10,2020,2
"6278","PA",1,"Norte",15005,"Furos de Breves",234720,9069.95269061009,7,110,76,34,59,51,0,0,0,0,0,110,76,34,59,51,12,9.11272232706582,12.3661485933768,0.312762824247341,2020-02-17,2020,2
"6279","PA",1,"Norte",15005,"Furos de Breves",234720,9069.95269061009,8,116,83,33,70,46,1,0,0,0,0,117,83,33,70,46,11,9.11272232706582,12.3661485933768,0.340403004235113,2020-02-24,2020,2
"6280","PA",1,"Norte",15005,"Furos de Breves",234720,9069.95269061009,9,117,74,43,63,54,0,0,0,0,0,117,74,43,63,54,11,9.11272232706582,12.3661485933768,0.346954025752919,2020-03-02,2020,3
"6281","PA",1,"Norte",15005,"Furos de Breves",234720,9069.95269061009,10,110,71,39,54,56,0,0,0,0,0,110,71,39,54,56,14,9.11272232706582,12.3661485933768,0.351758715382656,2020-03-09,2020,3
"6282","PA",1,"Norte",15005,"Furos de Breves",234720,9069.95269061009,11,115,78,37,57,58,3,0,0,0,0,118,78,37,57,58,10,9.11272232706582,12.3661485933768,0.395679520975397,2020-03-16,2020,3
"6283","PA",1,"Norte",15005,"Furos de Breves",234720,9069.95269061009,12,81,53,28,43,38,1,0,0,0,0,82,53,28,43,38,14,9.11272232706582,12.3661485933768,0.468484248814425,2020-03-23,2020,3
"6284","PA",1,"Norte",15005,"Furos de Breves",234720,9069.95269061009,13,73,48,25,42,31,1,0,0,0,0,74,48,25,42,31,14,9.11272232706582,12.3661485933768,0.441544291196491,2020-03-30,2020,3
"6285","PA",1,"Norte",15005,"Furos de Breves",234720,9069.95269061009,14,96,59,37,51,45,2,0,0,0,0,98,59,37,51,45,9,9.11272232706582,12.3661485933768,0.460528282474949,2020-04-06,2020,4
"6286","PA",1,"Norte",15005,"Furos de Breves",234720,9069.95269061009,15,111,76,35,65,46,2,0,0,0,0,113,76,35,65,46,13,9.11272232706582,12.3661485933768,0.459304485179392,2020-04-13,2020,4
"6287","PA",1,"Norte",15005,"Furos de Breves",234720,9069.95269061009,16,95,67,28,58,37,0,0,0,0,0,95,67,28,58,37,13,9.11272232706582,12.3661485933768,0.496970414567901,2020-04-20,2020,4
"6288","PA",1,"Norte",15005,"Furos de Breves",234720,9069.95269061009,17,90,59,31,40,50,1,0,0,0,0,91,59,31,40,50,26,9.11272232706582,12.3661485933768,0.527332863677163,2020-04-27,2020,4
"6289","PA",1,"Norte",15005,"Furos de Breves",234720,9069.95269061009,18,89,62,27,52,37,1,0,0,0,0,90,62,27,52,37,38,9.11272232706582,12.3661485933768,0.559386478092457,2020-05-04,2020,5
"6290","PA",1,"Norte",15005,"Furos de Breves",234720,9069.95269061009,19,99,71,28,58,41,0,0,0,0,0,99,71,28,58,41,26,9.11272232706582,12.3661485933768,0.565989353063515,2020-05-11,2020,5
"6291","PA",1,"Norte",15005,"Furos de Breves",234720,9069.95269061009,20,93,65,28,49,44,3,0,0,0,0,96,65,28,49,44,28,9.11272232706582,12.3661485933768,0.548391732315612,2020-05-18,2020,5
"6292","PA",1,"Norte",15005,"Furos de Breves",234720,9069.95269061009,21,108,73,35,59,49,0,0,0,0,0,108,73,35,59,49,23,9.11272232706582,12.3661485933768,0.512145480164529,2020-05-25,2020,5
"6293","PA",1,"Norte",15005,"Furos de Breves",234720,9069.95269061009,22,117,82,35,60,57,1,0,0,0,0,118,82,35,60,57,16,9.11272232706582,12.3661485933768,0.466772729362756,2020-06-01,2020,6
"6294","PA",1,"Norte",15005,"Furos de Breves",234720,9069.95269061009,23,107,76,31,59,48,1,0,0,0,0,108,76,31,59,48,16,9.11272232706582,12.3661485933768,0.448291483070375,2020-06-08,2020,6
"6295","PA",1,"Norte",15005,"Furos de Breves",234720,9069.95269061009,24,110,72,38,63,47,0,0,0,0,0,110,72,38,63,47,21,9.11272232706582,12.3661485933768,0.448064544608005,2020-06-15,2020,6
"6296","PA",1,"Norte",15005,"Furos de Breves",234720,9069.95269061009,25,99,62,37,59,40,1,0,0,0,0,100,62,37,59,40,16,9.11272232706582,12.3661485933768,0.42558074470715,2020-06-22,2020,6
"6297","PA",1,"Norte",15005,"Furos de Breves",234720,9069.95269061009,26,101,67,34,56,45,1,0,0,0,0,102,67,34,56,45,15,9.11272232706582,12.3661485933768,0.434000961292411,2020-06-29,2020,6
"6298","PA",1,"Norte",15005,"Furos de Breves",234720,9069.95269061009,27,94,66,28,48,46,2,0,0,0,0,96,66,28,48,46,10,9.11272232706582,12.3661485933768,0.430432493663264,2020-07-06,2020,7
"6299","PA",1,"Norte",15005,"Furos de Breves",234720,9069.95269061009,28,115,82,33,66,49,2,0,0,0,0,117,82,33,66,49,17,9.11272232706582,12.3661485933768,0.43376482412781,2020-07-13,2020,7
"6300","PA",1,"Norte",15005,"Furos de Breves",234720,9069.95269061009,29,116,79,37,60,56,0,0,0,0,0,116,79,37,60,56,13,9.11272232706582,12.3661485933768,0.439957516000269,2020-07-20,2020,7
"6301","PA",1,"Norte",15006,"Arari",180421,7232.51613232384,5,49,26,23,28,21,0,0,0,0,0,49,26,23,28,21,10,8.88634226737996,12.103048287818,0.303356219290091,2020-02-03,2020,2
"6302","PA",1,"Norte",15006,"Arari",180421,7232.51613232384,6,58,29,29,30,28,1,0,0,0,0,59,29,29,30,28,7,8.88634226737996,12.103048287818,0.29190734136652,2020-02-10,2020,2
"6303","PA",1,"Norte",15006,"Arari",180421,7232.51613232384,7,46,25,21,33,13,0,0,0,0,0,46,25,21,33,13,7,8.88634226737996,12.103048287818,0.310306380184186,2020-02-17,2020,2
"6304","PA",1,"Norte",15006,"Arari",180421,7232.51613232384,8,46,22,24,29,17,1,0,0,0,0,47,22,24,29,17,10,8.88634226737996,12.103048287818,0.338195257700654,2020-02-24,2020,2
"6305","PA",1,"Norte",15006,"Arari",180421,7232.51613232384,9,43,23,20,26,17,0,0,0,0,0,43,23,20,26,17,12,8.88634226737996,12.103048287818,0.323062735979316,2020-03-02,2020,3
"6306","PA",1,"Norte",15006,"Arari",180421,7232.51613232384,10,39,28,11,19,20,0,0,0,0,0,39,28,11,19,20,19,8.88634226737996,12.103048287818,0.360065309232116,2020-03-09,2020,3
"6307","PA",1,"Norte",15006,"Arari",180421,7232.51613232384,11,46,28,18,29,17,2,0,0,0,0,48,28,18,29,17,13,8.88634226737996,12.103048287818,0.397587435464849,2020-03-16,2020,3
"6308","PA",1,"Norte",15006,"Arari",180421,7232.51613232384,12,53,25,28,29,24,0,0,0,0,0,53,25,28,29,24,18,8.88634226737996,12.103048287818,0.478046318888373,2020-03-23,2020,3
"6309","PA",1,"Norte",15006,"Arari",180421,7232.51613232384,13,42,26,16,23,19,0,0,0,0,0,42,26,16,23,19,8,8.88634226737996,12.103048287818,0.438577853571928,2020-03-30,2020,3
"6310","PA",1,"Norte",15006,"Arari",180421,7232.51613232384,14,39,20,19,22,17,0,0,0,0,0,39,20,19,22,17,13,8.88634226737996,12.103048287818,0.44628702423404,2020-04-06,2020,4
"6311","PA",1,"Norte",15006,"Arari",180421,7232.51613232384,15,37,18,19,27,10,2,0,0,0,0,39,18,19,27,10,8,8.88634226737996,12.103048287818,0.454158099254789,2020-04-13,2020,4
"6312","PA",1,"Norte",15006,"Arari",180421,7232.51613232384,16,38,24,14,19,19,0,0,0,0,0,38,24,14,19,19,14,8.88634226737996,12.103048287818,0.469323628517557,2020-04-20,2020,4
"6313","PA",1,"Norte",15006,"Arari",180421,7232.51613232384,17,50,18,32,25,25,2,0,0,0,0,52,18,32,25,25,27,8.88634226737996,12.103048287818,0.474394645880616,2020-04-27,2020,4
"6314","PA",1,"Norte",15006,"Arari",180421,7232.51613232384,18,51,36,15,27,24,0,0,0,0,0,51,36,15,27,24,25,8.88634226737996,12.103048287818,0.499564063071959,2020-05-04,2020,5
"6315","PA",1,"Norte",15006,"Arari",180421,7232.51613232384,19,41,26,15,26,15,0,0,0,0,0,41,26,15,26,15,24,8.88634226737996,12.103048287818,0.517555617715016,2020-05-11,2020,5
"6316","PA",1,"Norte",15006,"Arari",180421,7232.51613232384,20,39,19,20,22,17,0,0,0,0,0,39,19,20,22,17,25,8.88634226737996,12.103048287818,0.499506374496373,2020-05-18,2020,5
"6317","PA",1,"Norte",15006,"Arari",180421,7232.51613232384,21,43,26,17,28,15,0,0,0,0,0,43,26,17,28,15,18,8.88634226737996,12.103048287818,0.450332342638107,2020-05-25,2020,5
"6318","PA",1,"Norte",15006,"Arari",180421,7232.51613232384,22,39,27,12,28,11,0,0,0,0,0,39,27,12,28,11,23,8.88634226737996,12.103048287818,0.426630507936783,2020-06-01,2020,6
"6319","PA",1,"Norte",15006,"Arari",180421,7232.51613232384,23,44,27,17,21,23,0,0,0,0,0,44,27,17,21,23,13,8.88634226737996,12.103048287818,0.418918209873901,2020-06-08,2020,6
"6320","PA",1,"Norte",15006,"Arari",180421,7232.51613232384,24,49,29,20,30,19,3,0,0,0,0,52,29,20,30,19,12,8.88634226737996,12.103048287818,0.420157792423329,2020-06-15,2020,6
"6321","PA",1,"Norte",15006,"Arari",180421,7232.51613232384,25,43,25,18,22,21,1,0,0,0,0,44,25,18,22,21,12,8.88634226737996,12.103048287818,0.417896351806715,2020-06-22,2020,6
"6322","PA",1,"Norte",15006,"Arari",180421,7232.51613232384,26,49,23,26,27,22,0,0,0,0,0,49,23,26,27,22,13,8.88634226737996,12.103048287818,0.404928620163957,2020-06-29,2020,6
"6323","PA",1,"Norte",15006,"Arari",180421,7232.51613232384,27,50,30,20,17,33,0,0,0,0,0,50,30,20,17,33,12,8.88634226737996,12.103048287818,0.406138910617012,2020-07-06,2020,7
"6324","PA",1,"Norte",15006,"Arari",180421,7232.51613232384,28,34,17,17,21,13,0,0,0,0,0,34,17,17,21,13,11,8.88634226737996,12.103048287818,0.406072334508319,2020-07-13,2020,7
"6325","PA",1,"Norte",15006,"Arari",180421,7232.51613232384,29,51,24,27,23,28,0,0,0,0,0,51,24,27,23,28,14,8.88634226737996,12.103048287818,0.413680650156488,2020-07-20,2020,7
"6326","PA",1,"Norte",15007,"Belém",2381117,20223.6760531843,5,484,119,365,202,282,9,0,0,0,0,493,119,365,202,282,293,9.91460927887844,14.6830802632789,0.288331106923667,2020-02-03,2020,2
"6327","PA",1,"Norte",15007,"Belém",2381117,20223.6760531843,6,476,113,363,182,294,5,0,0,0,0,481,113,363,182,294,232,9.91460927887844,14.6830802632789,0.283623462203439,2020-02-10,2020,2
"6328","PA",1,"Norte",15007,"Belém",2381117,20223.6760531843,7,447,99,348,192,255,5,0,0,0,0,452,99,348,192,255,275,9.91460927887844,14.6830802632789,0.302764367516087,2020-02-17,2020,2
"6329","PA",1,"Norte",15007,"Belém",2381117,20223.6760531843,8,510,132,378,226,284,5,0,0,0,0,515,132,378,226,284,281,9.91460927887844,14.6830802632789,0.357291712863936,2020-02-24,2020,2
"6330","PA",1,"Norte",15007,"Belém",2381117,20223.6760531843,9,492,115,377,214,278,6,0,0,0,0,498,115,377,214,278,320,9.91460927887844,14.6830802632789,0.333060323454978,2020-03-02,2020,3
"6331","PA",1,"Norte",15007,"Belém",2381117,20223.6760531843,10,472,115,357,203,269,8,0,0,0,0,480,115,357,203,269,308,9.91460927887844,14.6830802632789,0.353564981394569,2020-03-09,2020,3
"6332","PA",1,"Norte",15007,"Belém",2381117,20223.6760531843,11,442,114,328,191,251,9,0,0,0,0,451,114,328,191,251,357,9.91460927887844,14.6830802632789,0.404704752860428,2020-03-16,2020,3
"6333","PA",1,"Norte",15007,"Belém",2381117,20223.6760531843,12,397,92,305,159,238,4,0,0,0,0,401,92,305,159,238,317,9.91460927887844,14.6830802632789,0.50902373630267,2020-03-23,2020,3
"6334","PA",1,"Norte",15007,"Belém",2381117,20223.6760531843,13,365,93,272,146,219,3,0,0,0,0,368,93,272,146,219,291,9.91460927887844,14.6830802632789,0.478361479873896,2020-03-30,2020,3
"6335","PA",1,"Norte",15007,"Belém",2381117,20223.6760531843,14,391,111,280,179,212,4,0,0,0,0,395,111,280,179,212,296,9.91460927887844,14.6830802632789,0.488035628857503,2020-04-06,2020,4
"6336","PA",1,"Norte",15007,"Belém",2381117,20223.6760531843,15,415,108,307,204,211,6,0,0,0,0,421,108,307,204,211,524,9.91460927887844,14.6830802632789,0.494241542067466,2020-04-13,2020,4
"6337","PA",1,"Norte",15007,"Belém",2381117,20223.6760531843,16,419,106,313,201,218,5,0,0,0,0,424,106,313,201,218,1084,9.91460927887844,14.6830802632789,0.517538125398556,2020-04-20,2020,4
"6338","PA",1,"Norte",15007,"Belém",2381117,20223.6760531843,17,428,106,322,184,244,4,0,0,0,0,432,106,322,184,244,1441,9.91460927887844,14.6830802632789,0.519040108437711,2020-04-27,2020,4
"6339","PA",1,"Norte",15007,"Belém",2381117,20223.6760531843,18,399,106,293,191,208,4,0,0,0,0,403,106,293,191,208,1157,9.91460927887844,14.6830802632789,0.510210750784978,2020-05-04,2020,5
"6340","PA",1,"Norte",15007,"Belém",2381117,20223.6760531843,19,466,116,350,192,274,6,0,0,0,0,472,116,350,192,274,850,9.91460927887844,14.6830802632789,0.538454000849035,2020-05-11,2020,5
"6341","PA",1,"Norte",15007,"Belém",2381117,20223.6760531843,20,466,113,353,201,265,4,0,0,0,0,470,113,353,201,265,604,9.91460927887844,14.6830802632789,0.501909452491362,2020-05-18,2020,5
"6342","PA",1,"Norte",15007,"Belém",2381117,20223.6760531843,21,456,102,354,197,259,5,0,0,0,0,461,102,354,197,259,401,9.91460927887844,14.6830802632789,0.443645644319829,2020-05-25,2020,5
"6343","PA",1,"Norte",15007,"Belém",2381117,20223.6760531843,22,509,120,389,208,301,10,0,0,0,0,519,120,389,208,301,333,9.91460927887844,14.6830802632789,0.408618021355595,2020-06-01,2020,6
"6344","PA",1,"Norte",15007,"Belém",2381117,20223.6760531843,23,495,129,366,213,282,4,0,0,0,0,499,129,366,213,282,297,9.91460927887844,14.6830802632789,0.406364210154107,2020-06-08,2020,6
"6345","PA",1,"Norte",15007,"Belém",2381117,20223.6760531843,24,504,125,379,225,279,4,0,0,0,0,508,125,379,225,279,285,9.91460927887844,14.6830802632789,0.39128193139457,2020-06-15,2020,6
"6346","PA",1,"Norte",15007,"Belém",2381117,20223.6760531843,25,473,132,341,193,280,9,0,0,0,0,482,132,341,193,280,266,9.91460927887844,14.6830802632789,0.395617914989705,2020-06-22,2020,6
"6347","PA",1,"Norte",15007,"Belém",2381117,20223.6760531843,26,445,85,360,163,282,6,0,0,0,0,451,85,360,163,282,281,9.91460927887844,14.6830802632789,0.39658361347283,2020-06-29,2020,6
"6348","PA",1,"Norte",15007,"Belém",2381117,20223.6760531843,27,438,105,333,172,266,3,0,0,0,0,441,105,333,172,266,244,9.91460927887844,14.6830802632789,0.392473304643994,2020-07-06,2020,7
"6349","PA",1,"Norte",15007,"Belém",2381117,20223.6760531843,28,466,96,370,180,286,6,0,0,0,0,472,96,370,180,286,255,9.91460927887844,14.6830802632789,0.39203449918218,2020-07-13,2020,7
"6350","PA",1,"Norte",15007,"Belém",2381117,20223.6760531843,29,486,114,372,217,269,6,0,0,0,0,492,114,372,217,269,267,9.91460927887844,14.6830802632789,0.402497791888343,2020-07-20,2020,7
"6351","PA",1,"Norte",15008,"Castanhal",348294,16537.6927737199,5,99,23,76,49,50,2,0,0,0,0,101,23,76,49,50,31,9.71339746511838,12.7608022296769,0.2934602657814,2020-02-03,2020,2
"6352","PA",1,"Norte",15008,"Castanhal",348294,16537.6927737199,6,81,25,56,38,43,0,0,0,0,0,81,25,56,38,43,30,9.71339746511838,12.7608022296769,0.282086194456403,2020-02-10,2020,2
"6353","PA",1,"Norte",15008,"Castanhal",348294,16537.6927737199,7,100,28,72,56,44,0,0,0,0,0,100,28,72,56,44,42,9.71339746511838,12.7608022296769,0.302012371831983,2020-02-17,2020,2
"6354","PA",1,"Norte",15008,"Castanhal",348294,16537.6927737199,8,108,29,79,53,55,2,0,0,0,0,110,29,79,53,55,31,9.71339746511838,12.7608022296769,0.352419750969832,2020-02-24,2020,2
"6355","PA",1,"Norte",15008,"Castanhal",348294,16537.6927737199,9,103,31,72,47,56,0,0,0,0,0,103,31,72,47,56,41,9.71339746511838,12.7608022296769,0.331134607315916,2020-03-02,2020,3
"6356","PA",1,"Norte",15008,"Castanhal",348294,16537.6927737199,10,91,37,54,45,46,0,0,0,0,0,91,37,54,45,46,44,9.71339746511838,12.7608022296769,0.342631544708043,2020-03-09,2020,3
"6357","PA",1,"Norte",15008,"Castanhal",348294,16537.6927737199,11,83,32,51,35,48,0,0,0,0,0,83,32,51,35,48,36,9.71339746511838,12.7608022296769,0.392752369651027,2020-03-16,2020,3
"6358","PA",1,"Norte",15008,"Castanhal",348294,16537.6927737199,12,81,19,62,47,34,4,0,0,0,0,85,19,62,47,34,48,9.71339746511838,12.7608022296769,0.477872638567965,2020-03-23,2020,3
"6359","PA",1,"Norte",15008,"Castanhal",348294,16537.6927737199,13,64,24,40,31,33,0,0,0,0,0,64,24,40,31,33,34,9.71339746511838,12.7608022296769,0.449243528003591,2020-03-30,2020,3
"6360","PA",1,"Norte",15008,"Castanhal",348294,16537.6927737199,14,75,27,48,43,32,0,0,0,0,0,75,27,48,43,32,35,9.71339746511838,12.7608022296769,0.453693440104215,2020-04-06,2020,4
"6361","PA",1,"Norte",15008,"Castanhal",348294,16537.6927737199,15,82,23,59,45,37,0,0,0,0,0,82,23,59,45,37,42,9.71339746511838,12.7608022296769,0.449220472596312,2020-04-13,2020,4
"6362","PA",1,"Norte",15008,"Castanhal",348294,16537.6927737199,16,67,19,48,30,37,0,0,0,0,0,67,19,48,30,37,56,9.71339746511838,12.7608022296769,0.46712530224948,2020-04-20,2020,4
"6363","PA",1,"Norte",15008,"Castanhal",348294,16537.6927737199,17,101,37,64,54,47,1,0,0,0,0,102,37,64,54,47,87,9.71339746511838,12.7608022296769,0.479732661481603,2020-04-27,2020,4
"6364","PA",1,"Norte",15008,"Castanhal",348294,16537.6927737199,18,93,20,73,46,47,1,0,0,0,0,94,20,73,46,47,123,9.71339746511838,12.7608022296769,0.496464877807213,2020-05-04,2020,5
"6365","PA",1,"Norte",15008,"Castanhal",348294,16537.6927737199,19,71,19,52,30,41,2,0,0,0,0,73,19,52,30,41,104,9.71339746511838,12.7608022296769,0.517613278744427,2020-05-11,2020,5
"6366","PA",1,"Norte",15008,"Castanhal",348294,16537.6927737199,20,91,21,70,44,47,1,0,0,0,0,92,21,70,44,47,83,9.71339746511838,12.7608022296769,0.480044560332353,2020-05-18,2020,5
"6367","PA",1,"Norte",15008,"Castanhal",348294,16537.6927737199,21,100,35,65,52,48,1,0,0,0,0,101,35,65,52,48,81,9.71339746511838,12.7608022296769,0.434979826484222,2020-05-25,2020,5
"6368","PA",1,"Norte",15008,"Castanhal",348294,16537.6927737199,22,119,35,84,66,53,1,0,0,0,0,120,35,84,66,53,53,9.71339746511838,12.7608022296769,0.400169056474523,2020-06-01,2020,6
"6369","PA",1,"Norte",15008,"Castanhal",348294,16537.6927737199,23,100,25,75,44,56,0,0,0,0,0,100,25,75,44,56,49,9.71339746511838,12.7608022296769,0.395494514060982,2020-06-08,2020,6
"6370","PA",1,"Norte",15008,"Castanhal",348294,16537.6927737199,24,76,18,58,39,37,2,0,0,0,0,78,18,58,39,37,54,9.71339746511838,12.7608022296769,0.386217270607593,2020-06-15,2020,6
"6371","PA",1,"Norte",15008,"Castanhal",348294,16537.6927737199,25,102,22,80,44,58,1,0,0,0,0,103,22,80,44,58,39,9.71339746511838,12.7608022296769,0.382387248922448,2020-06-22,2020,6
"6372","PA",1,"Norte",15008,"Castanhal",348294,16537.6927737199,26,82,25,57,43,39,1,0,0,0,0,83,25,57,43,39,41,9.71339746511838,12.7608022296769,0.384121262003719,2020-06-29,2020,6
"6373","PA",1,"Norte",15008,"Castanhal",348294,16537.6927737199,27,92,14,78,46,46,0,0,0,0,0,92,14,78,46,46,37,9.71339746511838,12.7608022296769,0.381438714794546,2020-07-06,2020,7
"6374","PA",1,"Norte",15008,"Castanhal",348294,16537.6927737199,28,88,24,64,48,40,1,0,0,0,0,89,24,64,48,40,27,9.71339746511838,12.7608022296769,0.38367182425851,2020-07-13,2020,7
"6375","PA",1,"Norte",15008,"Castanhal",348294,16537.6927737199,29,86,28,58,44,42,1,0,0,0,0,87,28,58,44,42,28,9.71339746511838,12.7608022296769,0.380657637788753,2020-07-20,2020,7
"6376","PA",1,"Norte",15009,"Salgado",273785,8138.49492444802,5,61,19,42,29,32,2,0,0,0,0,63,19,42,29,32,36,9.00436054318425,12.5200984058215,0.312400151949567,2020-02-03,2020,2
"6377","PA",1,"Norte",15009,"Salgado",273785,8138.49492444802,6,63,21,42,28,35,0,0,0,0,0,63,21,42,28,35,25,9.00436054318425,12.5200984058215,0.293816414931127,2020-02-10,2020,2
"6378","PA",1,"Norte",15009,"Salgado",273785,8138.49492444802,7,56,20,36,28,28,1,0,0,0,0,57,20,36,28,28,23,9.00436054318425,12.5200984058215,0.309315786581431,2020-02-17,2020,2
"6379","PA",1,"Norte",15009,"Salgado",273785,8138.49492444802,8,52,22,30,31,21,0,0,0,0,0,52,22,30,31,21,25,9.00436054318425,12.5200984058215,0.34535972788751,2020-02-24,2020,2
"6380","PA",1,"Norte",15009,"Salgado",273785,8138.49492444802,9,51,19,32,27,24,0,0,0,0,0,51,19,32,27,24,31,9.00436054318425,12.5200984058215,0.337664400379598,2020-03-02,2020,3
"6381","PA",1,"Norte",15009,"Salgado",273785,8138.49492444802,10,59,25,34,37,22,0,0,0,0,0,59,25,34,37,22,34,9.00436054318425,12.5200984058215,0.35490983460279,2020-03-09,2020,3
"6382","PA",1,"Norte",15009,"Salgado",273785,8138.49492444802,11,49,21,28,28,21,1,0,0,0,0,50,21,28,28,21,27,9.00436054318425,12.5200984058215,0.393368569173918,2020-03-16,2020,3
"6383","PA",1,"Norte",15009,"Salgado",273785,8138.49492444802,12,61,24,37,36,25,1,0,0,0,0,62,24,37,36,25,35,9.00436054318425,12.5200984058215,0.475039574948545,2020-03-23,2020,3
"6384","PA",1,"Norte",15009,"Salgado",273785,8138.49492444802,13,47,19,28,25,22,0,0,0,0,0,47,19,28,25,22,28,9.00436054318425,12.5200984058215,0.440420387450929,2020-03-30,2020,3
"6385","PA",1,"Norte",15009,"Salgado",273785,8138.49492444802,14,48,23,25,27,21,0,0,0,0,0,48,23,25,27,21,30,9.00436054318425,12.5200984058215,0.462393373504171,2020-04-06,2020,4
"6386","PA",1,"Norte",15009,"Salgado",273785,8138.49492444802,15,51,22,29,32,19,0,0,0,0,0,51,22,29,32,19,43,9.00436054318425,12.5200984058215,0.475749407885214,2020-04-13,2020,4
"6387","PA",1,"Norte",15009,"Salgado",273785,8138.49492444802,16,43,19,24,22,21,0,0,0,0,0,43,19,24,22,21,57,9.00436054318425,12.5200984058215,0.486177721478817,2020-04-20,2020,4
"6388","PA",1,"Norte",15009,"Salgado",273785,8138.49492444802,17,74,20,54,39,35,0,0,0,0,0,74,20,54,39,35,77,9.00436054318425,12.5200984058215,0.490746582791774,2020-04-27,2020,4
"6389","PA",1,"Norte",15009,"Salgado",273785,8138.49492444802,18,44,19,25,28,16,1,0,0,0,0,45,19,25,28,16,89,9.00436054318425,12.5200984058215,0.507461369559009,2020-05-04,2020,5
"6390","PA",1,"Norte",15009,"Salgado",273785,8138.49492444802,19,55,20,35,26,29,0,0,0,0,0,55,20,35,26,29,104,9.00436054318425,12.5200984058215,0.510473563975884,2020-05-11,2020,5
"6391","PA",1,"Norte",15009,"Salgado",273785,8138.49492444802,20,51,27,24,30,21,0,0,0,0,0,51,27,24,30,21,76,9.00436054318425,12.5200984058215,0.492336872488136,2020-05-18,2020,5
"6392","PA",1,"Norte",15009,"Salgado",273785,8138.49492444802,21,63,20,43,37,26,0,0,0,0,0,63,20,43,37,26,61,9.00436054318425,12.5200984058215,0.44849130627172,2020-05-25,2020,5
"6393","PA",1,"Norte",15009,"Salgado",273785,8138.49492444802,22,87,36,51,48,39,1,0,0,0,0,88,36,51,48,39,62,9.00436054318425,12.5200984058215,0.422774770014942,2020-06-01,2020,6
"6394","PA",1,"Norte",15009,"Salgado",273785,8138.49492444802,23,49,18,31,28,21,0,0,0,0,0,49,18,31,28,21,40,9.00436054318425,12.5200984058215,0.407909817432506,2020-06-08,2020,6
"6395","PA",1,"Norte",15009,"Salgado",273785,8138.49492444802,24,69,30,39,43,26,0,0,0,0,0,69,30,39,43,26,44,9.00436054318425,12.5200984058215,0.395765242505854,2020-06-15,2020,6
"6396","PA",1,"Norte",15009,"Salgado",273785,8138.49492444802,25,70,29,41,46,24,3,0,0,0,0,73,29,41,46,24,32,9.00436054318425,12.5200984058215,0.402015855581322,2020-06-22,2020,6
"6397","PA",1,"Norte",15009,"Salgado",273785,8138.49492444802,26,60,21,39,38,22,3,0,0,0,0,63,21,39,38,22,30,9.00436054318425,12.5200984058215,0.392997605391765,2020-06-29,2020,6
"6398","PA",1,"Norte",15009,"Salgado",273785,8138.49492444802,27,61,22,39,34,27,1,0,0,0,0,62,22,39,34,27,28,9.00436054318425,12.5200984058215,0.394762705839239,2020-07-06,2020,7
"6399","PA",1,"Norte",15009,"Salgado",273785,8138.49492444802,28,59,21,38,25,34,0,0,0,0,0,59,21,38,25,34,27,9.00436054318425,12.5200984058215,0.398607938289919,2020-07-13,2020,7
"6400","PA",1,"Norte",15009,"Salgado",273785,8138.49492444802,29,74,28,46,46,28,0,0,0,0,0,74,28,46,46,28,22,9.00436054318425,12.5200984058215,0.412004017707068,2020-07-20,2020,7
"6401","PA",1,"Norte",15010,"Bragantina",427450,10251.165533115,5,109,35,74,53,56,0,0,0,0,0,109,35,74,53,56,45,9.2351466886498,12.9655926014544,0.306323558321334,2020-02-03,2020,2
"6402","PA",1,"Norte",15010,"Bragantina",427450,10251.165533115,6,117,46,71,60,57,1,0,0,0,0,118,46,71,60,57,44,9.2351466886498,12.9655926014544,0.290204052308031,2020-02-10,2020,2
"6403","PA",1,"Norte",15010,"Bragantina",427450,10251.165533115,7,103,49,54,63,40,0,0,0,0,0,103,49,54,63,40,38,9.2351466886498,12.9655926014544,0.30806617337636,2020-02-17,2020,2
"6404","PA",1,"Norte",15010,"Bragantina",427450,10251.165533115,8,117,41,76,53,64,2,0,0,0,0,119,41,76,53,64,52,9.2351466886498,12.9655926014544,0.352241779773353,2020-02-24,2020,2
"6405","PA",1,"Norte",15010,"Bragantina",427450,10251.165533115,9,118,49,69,65,53,0,0,0,0,0,118,49,69,65,53,45,9.2351466886498,12.9655926014544,0.335367731917066,2020-03-02,2020,3
"6406","PA",1,"Norte",15010,"Bragantina",427450,10251.165533115,10,105,39,66,54,51,3,0,0,0,0,108,39,66,54,51,52,9.2351466886498,12.9655926014544,0.356998139451024,2020-03-09,2020,3
"6407","PA",1,"Norte",15010,"Bragantina",427450,10251.165533115,11,128,45,83,58,70,1,0,0,0,0,129,45,83,58,70,47,9.2351466886498,12.9655926014544,0.396143214491761,2020-03-16,2020,3
"6408","PA",1,"Norte",15010,"Bragantina",427450,10251.165533115,12,108,45,63,59,49,0,0,0,0,0,108,45,63,59,49,54,9.2351466886498,12.9655926014544,0.496682266842685,2020-03-23,2020,3
"6409","PA",1,"Norte",15010,"Bragantina",427450,10251.165533115,13,68,23,45,42,26,0,0,0,0,0,68,23,45,42,26,36,9.2351466886498,12.9655926014544,0.449528519816557,2020-03-30,2020,3
"6410","PA",1,"Norte",15010,"Bragantina",427450,10251.165533115,14,90,41,49,58,32,3,0,0,0,0,93,41,49,58,32,47,9.2351466886498,12.9655926014544,0.45265751475106,2020-04-06,2020,4
"6411","PA",1,"Norte",15010,"Bragantina",427450,10251.165533115,15,80,29,51,49,31,1,0,0,0,0,81,29,51,49,31,41,9.2351466886498,12.9655926014544,0.45204303028124,2020-04-13,2020,4
"6412","PA",1,"Norte",15010,"Bragantina",427450,10251.165533115,16,91,33,58,45,46,1,0,0,0,0,92,33,58,45,46,67,9.2351466886498,12.9655926014544,0.476214138609851,2020-04-20,2020,4
"6413","PA",1,"Norte",15010,"Bragantina",427450,10251.165533115,17,89,36,53,44,45,1,0,0,0,0,90,36,53,44,45,78,9.2351466886498,12.9655926014544,0.484979206117277,2020-04-27,2020,4
"6414","PA",1,"Norte",15010,"Bragantina",427450,10251.165533115,18,78,39,39,42,36,2,0,0,0,0,80,39,39,42,36,133,9.2351466886498,12.9655926014544,0.487368245774377,2020-05-04,2020,5
"6415","PA",1,"Norte",15010,"Bragantina",427450,10251.165533115,19,91,33,58,50,41,0,0,0,0,0,91,33,58,50,41,128,9.2351466886498,12.9655926014544,0.505487238853254,2020-05-11,2020,5
"6416","PA",1,"Norte",15010,"Bragantina",427450,10251.165533115,20,111,46,65,65,46,2,0,0,0,0,113,46,65,65,46,125,9.2351466886498,12.9655926014544,0.486321922675196,2020-05-18,2020,5
"6417","PA",1,"Norte",15010,"Bragantina",427450,10251.165533115,21,103,41,62,52,51,0,0,0,0,0,103,41,62,52,51,86,9.2351466886498,12.9655926014544,0.450570461035916,2020-05-25,2020,5
"6418","PA",1,"Norte",15010,"Bragantina",427450,10251.165533115,22,115,40,75,59,56,2,0,0,0,0,117,40,75,59,56,82,9.2351466886498,12.9655926014544,0.414075925116343,2020-06-01,2020,6
"6419","PA",1,"Norte",15010,"Bragantina",427450,10251.165533115,23,119,37,82,61,58,0,0,0,0,0,119,37,82,61,58,69,9.2351466886498,12.9655926014544,0.410277206779095,2020-06-08,2020,6
"6420","PA",1,"Norte",15010,"Bragantina",427450,10251.165533115,24,128,44,84,67,61,1,0,0,0,0,129,44,84,67,61,70,9.2351466886498,12.9655926014544,0.382784723311551,2020-06-15,2020,6
"6421","PA",1,"Norte",15010,"Bragantina",427450,10251.165533115,25,118,52,66,62,56,0,0,0,0,0,118,52,66,62,56,65,9.2351466886498,12.9655926014544,0.387767058840138,2020-06-22,2020,6
"6422","PA",1,"Norte",15010,"Bragantina",427450,10251.165533115,26,108,44,64,61,47,0,0,0,0,0,108,44,64,61,47,64,9.2351466886498,12.9655926014544,0.393894341385755,2020-06-29,2020,6
"6423","PA",1,"Norte",15010,"Bragantina",427450,10251.165533115,27,104,40,64,55,49,1,0,0,0,0,105,40,64,55,49,62,9.2351466886498,12.9655926014544,0.400062678137965,2020-07-06,2020,7
"6424","PA",1,"Norte",15010,"Bragantina",427450,10251.165533115,28,111,28,83,59,52,0,0,0,0,0,111,28,83,59,52,36,9.2351466886498,12.9655926014544,0.393823343520316,2020-07-13,2020,7
"6425","PA",1,"Norte",15010,"Bragantina",427450,10251.165533115,29,118,45,73,68,50,1,0,0,0,0,119,45,73,68,50,47,9.2351466886498,12.9655926014544,0.395046792595579,2020-07-20,2020,7
"6426","PA",1,"Norte",15011,"Cametá",503601,8876.90432967766,5,150,67,83,75,75,1,0,0,0,0,151,67,83,75,75,34,9.09120816368431,13.1295395668533,0.29531088540901,2020-02-03,2020,2
"6427","PA",1,"Norte",15011,"Cametá",503601,8876.90432967766,6,160,68,92,92,68,0,0,0,0,0,160,68,92,92,68,38,9.09120816368431,13.1295395668533,0.282531678458584,2020-02-10,2020,2
"6428","PA",1,"Norte",15011,"Cametá",503601,8876.90432967766,7,154,65,89,80,74,1,0,0,0,0,155,65,89,80,74,38,9.09120816368431,13.1295395668533,0.28502201315668,2020-02-17,2020,2
"6429","PA",1,"Norte",15011,"Cametá",503601,8876.90432967766,8,155,73,82,85,70,3,0,0,0,0,158,73,82,85,70,35,9.09120816368431,13.1295395668533,0.336993373228611,2020-02-24,2020,2
"6430","PA",1,"Norte",15011,"Cametá",503601,8876.90432967766,9,139,60,79,77,62,5,0,0,0,0,144,60,79,77,62,39,9.09120816368431,13.1295395668533,0.316366385624553,2020-03-02,2020,3
"6431","PA",1,"Norte",15011,"Cametá",503601,8876.90432967766,10,136,60,76,76,60,1,0,0,0,0,137,60,76,76,60,35,9.09120816368431,13.1295395668533,0.337336822129934,2020-03-09,2020,3
"6432","PA",1,"Norte",15011,"Cametá",503601,8876.90432967766,11,136,54,82,79,57,1,0,0,0,0,137,54,82,79,57,53,9.09120816368431,13.1295395668533,0.385700543432954,2020-03-16,2020,3
"6433","PA",1,"Norte",15011,"Cametá",503601,8876.90432967766,12,138,58,80,79,59,2,0,0,0,0,140,58,80,79,59,42,9.09120816368431,13.1295395668533,0.48415393112362,2020-03-23,2020,3
"6434","PA",1,"Norte",15011,"Cametá",503601,8876.90432967766,13,125,53,72,77,48,0,0,0,0,0,125,53,72,77,48,33,9.09120816368431,13.1295395668533,0.463744268823932,2020-03-30,2020,3
"6435","PA",1,"Norte",15011,"Cametá",503601,8876.90432967766,14,117,41,76,65,52,1,0,0,0,0,118,41,76,65,52,30,9.09120816368431,13.1295395668533,0.48213469803448,2020-04-06,2020,4
"6436","PA",1,"Norte",15011,"Cametá",503601,8876.90432967766,15,147,60,87,91,56,1,0,0,0,0,148,60,87,91,56,29,9.09120816368431,13.1295395668533,0.457530305728708,2020-04-13,2020,4
"6437","PA",1,"Norte",15011,"Cametá",503601,8876.90432967766,16,127,44,83,59,68,4,0,0,0,0,131,44,83,59,68,58,9.09120816368431,13.1295395668533,0.464378911669708,2020-04-20,2020,4
"6438","PA",1,"Norte",15011,"Cametá",503601,8876.90432967766,17,133,52,81,68,65,2,0,0,0,0,135,52,81,68,65,62,9.09120816368431,13.1295395668533,0.494593133676474,2020-04-27,2020,4
"6439","PA",1,"Norte",15011,"Cametá",503601,8876.90432967766,18,132,52,80,71,61,1,0,0,0,0,133,52,80,71,61,138,9.09120816368431,13.1295395668533,0.518948635077318,2020-05-04,2020,5
"6440","PA",1,"Norte",15011,"Cametá",503601,8876.90432967766,19,116,50,66,55,61,0,0,0,0,0,116,50,66,55,61,132,9.09120816368431,13.1295395668533,0.545821528448403,2020-05-11,2020,5
"6441","PA",1,"Norte",15011,"Cametá",503601,8876.90432967766,20,144,43,101,87,57,3,0,0,0,0,147,43,101,87,57,88,9.09120816368431,13.1295395668533,0.522796335706858,2020-05-18,2020,5
"6442","PA",1,"Norte",15011,"Cametá",503601,8876.90432967766,21,143,52,91,82,61,2,0,0,0,0,145,52,91,82,61,72,9.09120816368431,13.1295395668533,0.482767891081058,2020-05-25,2020,5
"6443","PA",1,"Norte",15011,"Cametá",503601,8876.90432967766,22,144,62,82,82,62,1,0,0,0,0,145,62,82,82,62,70,9.09120816368431,13.1295395668533,0.454128273455784,2020-06-01,2020,6
"6444","PA",1,"Norte",15011,"Cametá",503601,8876.90432967766,23,180,68,112,102,78,0,0,0,0,0,180,68,112,102,78,50,9.09120816368431,13.1295395668533,0.434914070559537,2020-06-08,2020,6
"6445","PA",1,"Norte",15011,"Cametá",503601,8876.90432967766,24,129,44,85,66,63,0,0,0,0,0,129,44,85,66,63,54,9.09120816368431,13.1295395668533,0.420093572222003,2020-06-15,2020,6
"6446","PA",1,"Norte",15011,"Cametá",503601,8876.90432967766,25,156,60,96,88,68,1,0,0,0,0,157,60,96,88,68,36,9.09120816368431,13.1295395668533,0.416551407711325,2020-06-22,2020,6
"6447","PA",1,"Norte",15011,"Cametá",503601,8876.90432967766,26,133,53,80,76,57,2,0,0,0,0,135,53,80,76,57,33,9.09120816368431,13.1295395668533,0.420156294953295,2020-06-29,2020,6
"6448","PA",1,"Norte",15011,"Cametá",503601,8876.90432967766,27,166,75,91,100,66,2,0,0,0,0,168,75,91,100,66,39,9.09120816368431,13.1295395668533,0.420619275167193,2020-07-06,2020,7
"6449","PA",1,"Norte",15011,"Cametá",503601,8876.90432967766,28,138,44,94,75,63,4,0,0,0,0,142,44,94,75,63,45,9.09120816368431,13.1295395668533,0.415732542569444,2020-07-13,2020,7
"6450","PA",1,"Norte",15011,"Cametá",503601,8876.90432967766,29,141,61,80,85,56,0,0,0,0,0,141,61,80,85,56,28,9.09120816368431,13.1295395668533,0.413483179651048,2020-07-20,2020,7
"6451","PA",1,"Norte",15012,"Tomé-Açu",345631,11029.3964096392,5,88,37,51,45,43,2,0,0,0,0,90,37,51,45,43,18,9.3083193881427,12.7531270109634,0.299836837018084,2020-02-03,2020,2
"6452","PA",1,"Norte",15012,"Tomé-Açu",345631,11029.3964096392,6,109,53,56,61,48,0,0,0,0,0,109,53,56,61,48,21,9.3083193881427,12.7531270109634,0.294705702196518,2020-02-10,2020,2
"6453","PA",1,"Norte",15012,"Tomé-Açu",345631,11029.3964096392,7,111,45,66,56,55,1,0,0,0,0,112,45,66,56,55,32,9.3083193881427,12.7531270109634,0.294055073482113,2020-02-17,2020,2
"6454","PA",1,"Norte",15012,"Tomé-Açu",345631,11029.3964096392,8,90,36,54,53,37,2,0,0,0,0,92,36,54,53,37,25,9.3083193881427,12.7531270109634,0.329247347381642,2020-02-24,2020,2
"6455","PA",1,"Norte",15012,"Tomé-Açu",345631,11029.3964096392,9,93,44,49,47,46,3,0,0,0,0,96,44,49,47,46,28,9.3083193881427,12.7531270109634,0.311884150423262,2020-03-02,2020,3
"6456","PA",1,"Norte",15012,"Tomé-Açu",345631,11029.3964096392,10,94,50,44,56,38,1,0,0,0,0,95,50,44,56,38,30,9.3083193881427,12.7531270109634,0.340281032452711,2020-03-09,2020,3
"6457","PA",1,"Norte",15012,"Tomé-Açu",345631,11029.3964096392,11,100,41,59,53,47,1,0,0,0,0,101,41,59,53,47,23,9.3083193881427,12.7531270109634,0.379815559929453,2020-03-16,2020,3
"6458","PA",1,"Norte",15012,"Tomé-Açu",345631,11029.3964096392,12,101,52,49,52,49,1,0,0,0,0,102,52,49,52,49,16,9.3083193881427,12.7531270109634,0.456061026406358,2020-03-23,2020,3
"6459","PA",1,"Norte",15012,"Tomé-Açu",345631,11029.3964096392,13,63,27,36,32,31,0,0,0,0,0,63,27,36,32,31,39,9.3083193881427,12.7531270109634,0.422902693239043,2020-03-30,2020,3
"6460","PA",1,"Norte",15012,"Tomé-Açu",345631,11029.3964096392,14,110,54,56,59,51,3,0,0,0,0,113,54,56,59,51,30,9.3083193881427,12.7531270109634,0.41733668066562,2020-04-06,2020,4
"6461","PA",1,"Norte",15012,"Tomé-Açu",345631,11029.3964096392,15,93,46,47,50,43,1,0,0,0,0,94,46,47,50,43,30,9.3083193881427,12.7531270109634,0.417802008176898,2020-04-13,2020,4
"6462","PA",1,"Norte",15012,"Tomé-Açu",345631,11029.3964096392,16,112,46,66,75,37,1,0,0,0,0,113,46,66,75,37,27,9.3083193881427,12.7531270109634,0.419702258463439,2020-04-20,2020,4
"6463","PA",1,"Norte",15012,"Tomé-Açu",345631,11029.3964096392,17,73,32,41,34,39,2,0,0,0,0,75,32,41,34,39,45,9.3083193881427,12.7531270109634,0.44486619630758,2020-04-27,2020,4
"6464","PA",1,"Norte",15012,"Tomé-Açu",345631,11029.3964096392,18,92,49,43,59,33,1,0,0,0,0,93,49,43,59,33,61,9.3083193881427,12.7531270109634,0.458175706421845,2020-05-04,2020,5
"6465","PA",1,"Norte",15012,"Tomé-Açu",345631,11029.3964096392,19,81,29,52,46,35,1,0,0,0,0,82,29,52,46,35,59,9.3083193881427,12.7531270109634,0.481330651658976,2020-05-11,2020,5
"6466","PA",1,"Norte",15012,"Tomé-Açu",345631,11029.3964096392,20,103,44,59,52,51,0,0,0,0,0,103,44,59,52,51,70,9.3083193881427,12.7531270109634,0.461749576055478,2020-05-18,2020,5
"6467","PA",1,"Norte",15012,"Tomé-Açu",345631,11029.3964096392,21,103,42,61,63,40,3,0,0,0,0,106,42,61,63,40,46,9.3083193881427,12.7531270109634,0.443453583002359,2020-05-25,2020,5
"6468","PA",1,"Norte",15012,"Tomé-Açu",345631,11029.3964096392,22,118,50,68,64,54,0,0,0,0,0,118,50,68,64,54,52,9.3083193881427,12.7531270109634,0.418898249522262,2020-06-01,2020,6
"6469","PA",1,"Norte",15012,"Tomé-Açu",345631,11029.3964096392,23,119,56,63,64,55,1,0,0,0,0,120,56,63,64,55,42,9.3083193881427,12.7531270109634,0.410459269333231,2020-06-08,2020,6
"6470","PA",1,"Norte",15012,"Tomé-Açu",345631,11029.3964096392,24,108,51,57,64,44,1,0,0,0,0,109,51,57,64,44,30,9.3083193881427,12.7531270109634,0.375724089396681,2020-06-15,2020,6
"6471","PA",1,"Norte",15012,"Tomé-Açu",345631,11029.3964096392,25,110,50,60,68,42,1,0,0,0,0,111,50,60,68,42,39,9.3083193881427,12.7531270109634,0.385553439042548,2020-06-22,2020,6
"6472","PA",1,"Norte",15012,"Tomé-Açu",345631,11029.3964096392,26,87,39,48,48,39,2,0,0,0,0,89,39,48,48,39,27,9.3083193881427,12.7531270109634,0.395618031919507,2020-06-29,2020,6
"6473","PA",1,"Norte",15012,"Tomé-Açu",345631,11029.3964096392,27,99,45,54,56,43,1,0,0,0,0,100,45,54,56,43,22,9.3083193881427,12.7531270109634,0.399019432218753,2020-07-06,2020,7
"6474","PA",1,"Norte",15012,"Tomé-Açu",345631,11029.3964096392,28,90,39,51,52,38,1,0,0,0,0,91,39,51,52,38,27,9.3083193881427,12.7531270109634,0.394027878295544,2020-07-13,2020,7
"6475","PA",1,"Norte",15012,"Tomé-Açu",345631,11029.3964096392,29,117,46,71,72,45,1,0,0,0,0,118,46,71,72,45,31,9.3083193881427,12.7531270109634,0.385228603568705,2020-07-20,2020,7
"6476","PA",1,"Norte",15013,"Guamá",488143,8657.74018834645,5,125,65,60,73,52,3,0,0,0,0,128,65,60,73,52,39,9.06620901927568,13.0983636746964,0.294593974127079,2020-02-03,2020,2
"6477","PA",1,"Norte",15013,"Guamá",488143,8657.74018834645,6,122,53,69,71,51,3,0,0,0,0,125,53,69,71,51,35,9.06620901927568,13.0983636746964,0.293162832047517,2020-02-10,2020,2
"6478","PA",1,"Norte",15013,"Guamá",488143,8657.74018834645,7,155,71,84,73,82,1,0,0,0,0,156,71,84,73,82,41,9.06620901927568,13.0983636746964,0.287609886115333,2020-02-17,2020,2
"6479","PA",1,"Norte",15013,"Guamá",488143,8657.74018834645,8,136,61,75,75,61,1,0,0,0,0,137,61,75,75,61,40,9.06620901927568,13.0983636746964,0.34351293708391,2020-02-24,2020,2
"6480","PA",1,"Norte",15013,"Guamá",488143,8657.74018834645,9,142,74,68,89,53,1,0,0,0,0,143,74,68,89,53,40,9.06620901927568,13.0983636746964,0.324302715226339,2020-03-02,2020,3
"6481","PA",1,"Norte",15013,"Guamá",488143,8657.74018834645,10,95,50,45,52,43,0,0,0,0,0,95,50,45,52,43,43,9.06620901927568,13.0983636746964,0.343870005503784,2020-03-09,2020,3
"6482","PA",1,"Norte",15013,"Guamá",488143,8657.74018834645,11,126,62,64,63,63,0,0,0,0,0,126,62,64,63,63,44,9.06620901927568,13.0983636746964,0.39339813808469,2020-03-16,2020,3
"6483","PA",1,"Norte",15013,"Guamá",488143,8657.74018834645,12,112,64,48,59,53,3,0,0,0,0,115,64,48,59,53,38,9.06620901927568,13.0983636746964,0.479437392820341,2020-03-23,2020,3
"6484","PA",1,"Norte",15013,"Guamá",488143,8657.74018834645,13,82,43,39,53,29,1,0,0,0,0,83,43,39,53,29,34,9.06620901927568,13.0983636746964,0.431439078079829,2020-03-30,2020,3
"6485","PA",1,"Norte",15013,"Guamá",488143,8657.74018834645,14,93,40,53,55,38,1,0,0,0,0,94,40,53,55,38,57,9.06620901927568,13.0983636746964,0.440526808283027,2020-04-06,2020,4
"6486","PA",1,"Norte",15013,"Guamá",488143,8657.74018834645,15,114,58,56,69,45,0,0,0,0,0,114,58,56,69,45,50,9.06620901927568,13.0983636746964,0.427500095726572,2020-04-13,2020,4
"6487","PA",1,"Norte",15013,"Guamá",488143,8657.74018834645,16,126,55,71,72,54,5,0,0,0,0,131,55,71,72,54,47,9.06620901927568,13.0983636746964,0.431308003907978,2020-04-20,2020,4
"6488","PA",1,"Norte",15013,"Guamá",488143,8657.74018834645,17,126,66,60,68,58,1,0,0,0,0,127,66,60,68,58,58,9.06620901927568,13.0983636746964,0.447007456053795,2020-04-27,2020,4
"6489","PA",1,"Norte",15013,"Guamá",488143,8657.74018834645,18,101,48,53,58,43,0,0,0,0,0,101,48,53,58,43,69,9.06620901927568,13.0983636746964,0.464363491356265,2020-05-04,2020,5
"6490","PA",1,"Norte",15013,"Guamá",488143,8657.74018834645,19,124,59,65,82,42,3,0,0,0,0,127,59,65,82,42,70,9.06620901927568,13.0983636746964,0.497743345507675,2020-05-11,2020,5
"6491","PA",1,"Norte",15013,"Guamá",488143,8657.74018834645,20,109,60,49,65,44,1,0,0,0,0,110,60,49,65,44,76,9.06620901927568,13.0983636746964,0.476198919793377,2020-05-18,2020,5
"6492","PA",1,"Norte",15013,"Guamá",488143,8657.74018834645,21,115,54,61,70,45,5,0,0,0,0,120,54,61,70,45,69,9.06620901927568,13.0983636746964,0.450656966341805,2020-05-25,2020,5
"6493","PA",1,"Norte",15013,"Guamá",488143,8657.74018834645,22,140,63,77,90,50,0,0,0,0,0,140,63,77,90,50,67,9.06620901927568,13.0983636746964,0.427631048219989,2020-06-01,2020,6
"6494","PA",1,"Norte",15013,"Guamá",488143,8657.74018834645,23,118,50,68,72,46,0,0,0,0,0,118,50,68,72,46,65,9.06620901927568,13.0983636746964,0.423455510341171,2020-06-08,2020,6
"6495","PA",1,"Norte",15013,"Guamá",488143,8657.74018834645,24,119,45,74,71,48,3,0,0,0,0,122,45,74,71,48,53,9.06620901927568,13.0983636746964,0.403230209055166,2020-06-15,2020,6
"6496","PA",1,"Norte",15013,"Guamá",488143,8657.74018834645,25,123,55,68,77,46,4,0,0,0,0,127,55,68,77,46,49,9.06620901927568,13.0983636746964,0.408614194568678,2020-06-22,2020,6
"6497","PA",1,"Norte",15013,"Guamá",488143,8657.74018834645,26,121,59,62,69,52,5,0,0,0,0,126,59,62,69,52,44,9.06620901927568,13.0983636746964,0.421373352091337,2020-06-29,2020,6
"6498","PA",1,"Norte",15013,"Guamá",488143,8657.74018834645,27,102,48,54,63,39,0,0,0,0,0,102,48,54,63,39,41,9.06620901927568,13.0983636746964,0.427348164942739,2020-07-06,2020,7
"6499","PA",1,"Norte",15013,"Guamá",488143,8657.74018834645,28,128,47,81,70,58,1,0,0,0,0,129,47,81,70,58,46,9.06620901927568,13.0983636746964,0.415595277084771,2020-07-13,2020,7
"6500","PA",1,"Norte",15013,"Guamá",488143,8657.74018834645,29,145,53,92,81,64,1,0,0,0,0,146,53,92,81,64,45,9.06620901927568,13.0983636746964,0.420476192275907,2020-07-20,2020,7
"6501","PA",1,"Norte",15014,"Itaituba",221823,16142.9391547766,5,83,40,43,57,26,0,0,0,0,0,83,40,43,57,26,19,9.68923802901065,12.3096350455466,0.312027633845829,2020-02-03,2020,2
"6502","PA",1,"Norte",15014,"Itaituba",221823,16142.9391547766,6,88,34,54,44,44,0,0,0,0,0,88,34,54,44,44,18,9.68923802901065,12.3096350455466,0.304293568445084,2020-02-10,2020,2
"6503","PA",1,"Norte",15014,"Itaituba",221823,16142.9391547766,7,114,46,68,67,47,0,0,0,0,0,114,46,68,67,47,14,9.68923802901065,12.3096350455466,0.326822524899677,2020-02-17,2020,2
"6504","PA",1,"Norte",15014,"Itaituba",221823,16142.9391547766,8,102,47,55,66,36,2,0,0,0,0,104,47,55,66,36,18,9.68923802901065,12.3096350455466,0.346277665952124,2020-02-24,2020,2
"6505","PA",1,"Norte",15014,"Itaituba",221823,16142.9391547766,9,75,38,37,44,31,2,0,0,0,0,77,38,37,44,31,27,9.68923802901065,12.3096350455466,0.355598750048632,2020-03-02,2020,3
"6506","PA",1,"Norte",15014,"Itaituba",221823,16142.9391547766,10,59,26,33,31,28,1,0,0,0,0,60,26,33,31,28,26,9.68923802901065,12.3096350455466,0.35041085435258,2020-03-09,2020,3
"6507","PA",1,"Norte",15014,"Itaituba",221823,16142.9391547766,11,87,34,53,50,37,1,0,0,0,0,88,34,53,50,37,29,9.68923802901065,12.3096350455466,0.393754572503459,2020-03-16,2020,3
"6508","PA",1,"Norte",15014,"Itaituba",221823,16142.9391547766,12,90,41,49,49,41,0,0,0,0,0,90,41,49,49,41,10,9.68923802901065,12.3096350455466,0.451883469722002,2020-03-23,2020,3
"6509","PA",1,"Norte",15014,"Itaituba",221823,16142.9391547766,13,57,23,34,28,29,0,0,0,0,0,57,23,34,28,29,23,9.68923802901065,12.3096350455466,0.417206599346049,2020-03-30,2020,3
"6510","PA",1,"Norte",15014,"Itaituba",221823,16142.9391547766,14,73,35,38,45,28,1,0,0,0,0,74,35,38,45,28,25,9.68923802901065,12.3096350455466,0.428093519590806,2020-04-06,2020,4
"6511","PA",1,"Norte",15014,"Itaituba",221823,16142.9391547766,15,72,28,44,45,27,1,0,0,0,0,73,28,44,45,27,20,9.68923802901065,12.3096350455466,0.407869993032647,2020-04-13,2020,4
"6512","PA",1,"Norte",15014,"Itaituba",221823,16142.9391547766,16,88,43,45,53,35,2,0,0,0,0,90,43,45,53,35,17,9.68923802901065,12.3096350455466,0.404057945062971,2020-04-20,2020,4
"6513","PA",1,"Norte",15014,"Itaituba",221823,16142.9391547766,17,79,38,41,47,32,2,0,0,0,0,81,38,41,47,32,25,9.68923802901065,12.3096350455466,0.405257726383629,2020-04-27,2020,4
"6514","PA",1,"Norte",15014,"Itaituba",221823,16142.9391547766,18,90,46,44,55,35,3,0,0,0,0,93,46,44,55,35,36,9.68923802901065,12.3096350455466,0.403120789029683,2020-05-04,2020,5
"6515","PA",1,"Norte",15014,"Itaituba",221823,16142.9391547766,19,69,26,43,45,24,0,0,0,0,0,69,26,43,45,24,24,9.68923802901065,12.3096350455466,0.428940559380911,2020-05-11,2020,5
"6516","PA",1,"Norte",15014,"Itaituba",221823,16142.9391547766,20,79,36,43,49,30,1,0,0,0,0,80,36,43,49,30,34,9.68923802901065,12.3096350455466,0.444228383990741,2020-05-18,2020,5
"6517","PA",1,"Norte",15014,"Itaituba",221823,16142.9391547766,21,100,48,52,50,50,0,0,0,0,0,100,48,52,50,50,43,9.68923802901065,12.3096350455466,0.428197969697345,2020-05-25,2020,5
"6518","PA",1,"Norte",15014,"Itaituba",221823,16142.9391547766,22,88,37,51,52,36,5,0,0,0,0,93,37,51,52,36,43,9.68923802901065,12.3096350455466,0.428820201177763,2020-06-01,2020,6
"6519","PA",1,"Norte",15014,"Itaituba",221823,16142.9391547766,23,77,32,45,42,35,2,0,0,0,0,79,32,45,42,35,47,9.68923802901065,12.3096350455466,0.406963309766747,2020-06-08,2020,6
"6520","PA",1,"Norte",15014,"Itaituba",221823,16142.9391547766,24,121,63,58,72,49,2,0,0,0,0,123,63,58,72,49,44,9.68923802901065,12.3096350455466,0.407378923647938,2020-06-15,2020,6
"6521","PA",1,"Norte",15014,"Itaituba",221823,16142.9391547766,25,89,38,51,50,39,0,0,0,0,0,89,38,51,50,39,41,9.68923802901065,12.3096350455466,0.402059671349145,2020-06-22,2020,6
"6522","PA",1,"Norte",15014,"Itaituba",221823,16142.9391547766,26,76,42,34,40,36,0,0,0,0,0,76,42,34,40,36,31,9.68923802901065,12.3096350455466,0.410118940347093,2020-06-29,2020,6
"6523","PA",1,"Norte",15014,"Itaituba",221823,16142.9391547766,27,88,41,47,43,45,1,0,0,0,0,89,41,47,43,45,36,9.68923802901065,12.3096350455466,0.42059647815678,2020-07-06,2020,7
"6524","PA",1,"Norte",15014,"Itaituba",221823,16142.9391547766,28,92,36,56,57,35,2,0,0,0,0,94,36,56,57,35,39,9.68923802901065,12.3096350455466,0.407051295009523,2020-07-13,2020,7
"6525","PA",1,"Norte",15014,"Itaituba",221823,16142.9391547766,29,107,48,59,59,48,2,0,0,0,0,109,48,59,59,48,48,9.68923802901065,12.3096350455466,0.406553482506938,2020-07-20,2020,7
"6526","PA",1,"Norte",15015,"Altamira",312142,31414.6584765908,5,132,56,76,78,54,1,0,0,0,0,133,56,76,78,54,36,10.3550298934296,12.6512134914573,0.298934972630472,2020-02-03,2020,2
"6527","PA",1,"Norte",15015,"Altamira",312142,31414.6584765908,6,111,53,58,55,56,0,0,0,0,0,111,53,58,55,56,25,10.3550298934296,12.6512134914573,0.292786652217597,2020-02-10,2020,2
"6528","PA",1,"Norte",15015,"Altamira",312142,31414.6584765908,7,125,65,60,70,55,3,0,0,0,0,128,65,60,70,55,35,10.3550298934296,12.6512134914573,0.294810013561285,2020-02-17,2020,2
"6529","PA",1,"Norte",15015,"Altamira",312142,31414.6584765908,8,136,61,75,85,51,2,0,0,0,0,138,61,75,85,51,28,10.3550298934296,12.6512134914573,0.343194046402922,2020-02-24,2020,2
"6530","PA",1,"Norte",15015,"Altamira",312142,31414.6584765908,9,112,47,65,62,50,3,0,0,0,0,115,47,65,62,50,37,10.3550298934296,12.6512134914573,0.323087808925376,2020-03-02,2020,3
"6531","PA",1,"Norte",15015,"Altamira",312142,31414.6584765908,10,115,52,63,60,55,0,0,0,0,0,115,52,63,60,55,30,10.3550298934296,12.6512134914573,0.337113195118016,2020-03-09,2020,3
"6532","PA",1,"Norte",15015,"Altamira",312142,31414.6584765908,11,103,44,59,63,40,1,0,0,0,0,104,44,59,63,40,35,10.3550298934296,12.6512134914573,0.380991153804277,2020-03-16,2020,3
"6533","PA",1,"Norte",15015,"Altamira",312142,31414.6584765908,12,102,50,52,54,48,0,0,0,0,0,102,50,52,54,48,28,10.3550298934296,12.6512134914573,0.459998350128512,2020-03-23,2020,3
"6534","PA",1,"Norte",15015,"Altamira",312142,31414.6584765908,13,94,47,47,46,48,4,0,0,0,0,98,47,47,46,48,25,10.3550298934296,12.6512134914573,0.407039783857806,2020-03-30,2020,3
"6535","PA",1,"Norte",15015,"Altamira",312142,31414.6584765908,14,104,48,56,58,46,1,0,0,0,0,105,48,56,58,46,31,10.3550298934296,12.6512134914573,0.419412795796417,2020-04-06,2020,4
"6536","PA",1,"Norte",15015,"Altamira",312142,31414.6584765908,15,106,37,69,65,41,0,0,0,0,0,106,37,69,65,41,33,10.3550298934296,12.6512134914573,0.409777718271197,2020-04-13,2020,4
"6537","PA",1,"Norte",15015,"Altamira",312142,31414.6584765908,16,114,52,62,66,48,2,0,0,0,0,116,52,62,66,48,28,10.3550298934296,12.6512134914573,0.40529514348259,2020-04-20,2020,4
"6538","PA",1,"Norte",15015,"Altamira",312142,31414.6584765908,17,98,54,44,59,39,0,0,0,0,0,98,54,44,59,39,34,10.3550298934296,12.6512134914573,0.415654208547953,2020-04-27,2020,4
"6539","PA",1,"Norte",15015,"Altamira",312142,31414.6584765908,18,113,57,56,61,52,0,0,0,0,0,113,57,56,61,52,43,10.3550298934296,12.6512134914573,0.41079942439299,2020-05-04,2020,5
"6540","PA",1,"Norte",15015,"Altamira",312142,31414.6584765908,19,87,40,47,53,34,1,0,0,0,0,88,40,47,53,34,34,10.3550298934296,12.6512134914573,0.452096287178726,2020-05-11,2020,5
"6541","PA",1,"Norte",15015,"Altamira",312142,31414.6584765908,20,94,37,57,50,44,1,0,0,0,0,95,37,57,50,44,47,10.3550298934296,12.6512134914573,0.451868638970355,2020-05-18,2020,5
"6542","PA",1,"Norte",15015,"Altamira",312142,31414.6584765908,21,99,47,52,50,49,0,0,0,0,0,99,47,52,50,49,39,10.3550298934296,12.6512134914573,0.44563008857665,2020-05-25,2020,5
"6543","PA",1,"Norte",15015,"Altamira",312142,31414.6584765908,22,93,34,59,41,52,1,0,0,0,0,94,34,59,41,52,49,10.3550298934296,12.6512134914573,0.457890462960211,2020-06-01,2020,6
"6544","PA",1,"Norte",15015,"Altamira",312142,31414.6584765908,23,95,45,50,47,48,1,0,0,0,0,96,45,50,47,48,51,10.3550298934296,12.6512134914573,0.422736362195377,2020-06-08,2020,6
"6545","PA",1,"Norte",15015,"Altamira",312142,31414.6584765908,24,92,55,37,54,38,1,0,0,0,0,93,55,37,54,38,42,10.3550298934296,12.6512134914573,0.414973992694656,2020-06-15,2020,6
"6546","PA",1,"Norte",15015,"Altamira",312142,31414.6584765908,25,101,46,55,56,45,1,0,0,0,0,102,46,55,56,45,37,10.3550298934296,12.6512134914573,0.409145493097282,2020-06-22,2020,6
"6547","PA",1,"Norte",15015,"Altamira",312142,31414.6584765908,26,98,47,51,54,44,3,0,0,0,0,101,47,51,54,44,45,10.3550298934296,12.6512134914573,0.422966186869257,2020-06-29,2020,6
"6548","PA",1,"Norte",15015,"Altamira",312142,31414.6584765908,27,95,48,47,62,33,3,0,0,0,0,98,48,47,62,33,38,10.3550298934296,12.6512134914573,0.436920725023531,2020-07-06,2020,7
"6549","PA",1,"Norte",15015,"Altamira",312142,31414.6584765908,28,107,44,63,56,51,1,0,0,0,0,108,44,63,56,51,67,10.3550298934296,12.6512134914573,0.422338567651811,2020-07-13,2020,7
"6550","PA",1,"Norte",15015,"Altamira",312142,31414.6584765908,29,100,45,55,56,44,1,0,0,0,0,101,45,55,56,44,40,10.3550298934296,12.6512134914573,0.419236075844326,2020-07-20,2020,7
"6551","PA",1,"Norte",15016,"Tucuruí",389741,26464.1607445714,5,101,42,59,57,44,1,0,0,0,0,102,42,59,57,44,27,10.1835466718894,12.8732376949279,0.293644119123833,2020-02-03,2020,2
"6552","PA",1,"Norte",15016,"Tucuruí",389741,26464.1607445714,6,103,44,59,56,47,1,0,0,0,0,104,44,59,56,47,27,10.1835466718894,12.8732376949279,0.269940037922129,2020-02-10,2020,2
"6553","PA",1,"Norte",15016,"Tucuruí",389741,26464.1607445714,7,128,60,68,76,52,2,0,0,0,0,130,60,68,76,52,32,10.1835466718894,12.8732376949279,0.299442288935392,2020-02-17,2020,2
"6554","PA",1,"Norte",15016,"Tucuruí",389741,26464.1607445714,8,103,46,57,61,42,1,0,0,0,0,104,46,57,61,42,35,10.1835466718894,12.8732376949279,0.326499399983609,2020-02-24,2020,2
"6555","PA",1,"Norte",15016,"Tucuruí",389741,26464.1607445714,9,112,52,60,69,43,0,0,0,0,0,112,52,60,69,43,37,10.1835466718894,12.8732376949279,0.313856983991368,2020-03-02,2020,3
"6556","PA",1,"Norte",15016,"Tucuruí",389741,26464.1607445714,10,93,40,53,55,38,4,0,0,0,0,97,40,53,55,38,38,10.1835466718894,12.8732376949279,0.330966460380211,2020-03-09,2020,3
"6557","PA",1,"Norte",15016,"Tucuruí",389741,26464.1607445714,11,96,39,57,49,47,0,0,0,0,0,96,39,57,49,47,22,10.1835466718894,12.8732376949279,0.379610274205835,2020-03-16,2020,3
"6558","PA",1,"Norte",15016,"Tucuruí",389741,26464.1607445714,12,89,37,52,53,36,0,0,0,0,0,89,37,52,53,36,31,10.1835466718894,12.8732376949279,0.458397099559686,2020-03-23,2020,3
"6559","PA",1,"Norte",15016,"Tucuruí",389741,26464.1607445714,13,68,28,40,37,31,0,0,0,0,0,68,28,40,37,31,40,10.1835466718894,12.8732376949279,0.417316364890723,2020-03-30,2020,3
"6560","PA",1,"Norte",15016,"Tucuruí",389741,26464.1607445714,14,86,34,52,50,36,1,0,0,0,0,87,34,52,50,36,33,10.1835466718894,12.8732376949279,0.41673835071934,2020-04-06,2020,4
"6561","PA",1,"Norte",15016,"Tucuruí",389741,26464.1607445714,15,89,31,58,57,32,2,0,0,0,0,91,31,58,57,32,36,10.1835466718894,12.8732376949279,0.397894206815784,2020-04-13,2020,4
"6562","PA",1,"Norte",15016,"Tucuruí",389741,26464.1607445714,16,93,40,53,56,37,1,0,0,0,0,94,40,53,56,37,33,10.1835466718894,12.8732376949279,0.407738882065908,2020-04-20,2020,4
"6563","PA",1,"Norte",15016,"Tucuruí",389741,26464.1607445714,17,86,34,52,45,41,1,0,0,0,0,87,34,52,45,41,37,10.1835466718894,12.8732376949279,0.408040052315905,2020-04-27,2020,4
"6564","PA",1,"Norte",15016,"Tucuruí",389741,26464.1607445714,18,67,35,32,37,30,0,0,0,0,0,67,35,32,37,30,43,10.1835466718894,12.8732376949279,0.423883255797167,2020-05-04,2020,5
"6565","PA",1,"Norte",15016,"Tucuruí",389741,26464.1607445714,19,75,25,50,35,40,0,0,0,0,0,75,25,50,35,40,64,10.1835466718894,12.8732376949279,0.434186856792397,2020-05-11,2020,5
"6566","PA",1,"Norte",15016,"Tucuruí",389741,26464.1607445714,20,95,42,53,56,39,1,0,0,0,0,96,42,53,56,39,66,10.1835466718894,12.8732376949279,0.459423241421605,2020-05-18,2020,5
"6567","PA",1,"Norte",15016,"Tucuruí",389741,26464.1607445714,21,109,54,55,61,48,1,0,0,0,0,110,54,55,61,48,41,10.1835466718894,12.8732376949279,0.421425874622048,2020-05-25,2020,5
"6568","PA",1,"Norte",15016,"Tucuruí",389741,26464.1607445714,22,119,47,72,71,48,0,0,0,0,0,119,47,72,71,48,39,10.1835466718894,12.8732376949279,0.405164854011563,2020-06-01,2020,6
"6569","PA",1,"Norte",15016,"Tucuruí",389741,26464.1607445714,23,84,27,57,50,34,1,0,0,0,0,85,27,57,50,34,37,10.1835466718894,12.8732376949279,0.394828913845702,2020-06-08,2020,6
"6570","PA",1,"Norte",15016,"Tucuruí",389741,26464.1607445714,24,114,41,73,56,58,1,0,0,0,0,115,41,73,56,58,33,10.1835466718894,12.8732376949279,0.408974044587885,2020-06-15,2020,6
"6571","PA",1,"Norte",15016,"Tucuruí",389741,26464.1607445714,25,110,45,65,66,44,0,0,0,0,0,110,45,65,66,44,39,10.1835466718894,12.8732376949279,0.396039816294833,2020-06-22,2020,6
"6572","PA",1,"Norte",15016,"Tucuruí",389741,26464.1607445714,26,82,34,48,43,39,0,0,0,0,0,82,34,48,43,39,43,10.1835466718894,12.8732376949279,0.398865847242002,2020-06-29,2020,6
"6573","PA",1,"Norte",15016,"Tucuruí",389741,26464.1607445714,27,97,34,63,53,44,0,0,0,0,0,97,34,63,53,44,38,10.1835466718894,12.8732376949279,0.407223739047211,2020-07-06,2020,7
"6574","PA",1,"Norte",15016,"Tucuruí",389741,26464.1607445714,28,93,36,57,65,28,1,0,0,0,0,94,36,57,65,28,46,10.1835466718894,12.8732376949279,0.402367018509668,2020-07-13,2020,7
"6575","PA",1,"Norte",15016,"Tucuruí",389741,26464.1607445714,29,120,43,77,68,52,0,0,0,0,0,120,43,77,68,52,41,10.1835466718894,12.8732376949279,0.405496389125293,2020-07-20,2020,7
"6576","PA",1,"Norte",15017,"Paragominas",354221,16856.0558000232,5,50,16,34,30,20,0,0,0,0,0,50,16,34,30,20,19,9.73246526587384,12.7776762911109,0.275397835407018,2020-02-03,2020,2
"6577","PA",1,"Norte",15017,"Paragominas",354221,16856.0558000232,6,51,17,34,31,20,1,0,0,0,0,52,17,34,31,20,28,9.73246526587384,12.7776762911109,0.267971850186782,2020-02-10,2020,2
"6578","PA",1,"Norte",15017,"Paragominas",354221,16856.0558000232,7,53,24,29,24,29,1,0,0,0,0,54,24,29,24,29,28,9.73246526587384,12.7776762911109,0.284478989507381,2020-02-17,2020,2
"6579","PA",1,"Norte",15017,"Paragominas",354221,16856.0558000232,8,49,23,26,20,29,1,0,0,0,0,50,23,26,20,29,30,9.73246526587384,12.7776762911109,0.321500949326953,2020-02-24,2020,2
"6580","PA",1,"Norte",15017,"Paragominas",354221,16856.0558000232,9,42,23,19,26,16,0,0,0,0,0,42,23,19,26,16,23,9.73246526587384,12.7776762911109,0.302825291780146,2020-03-02,2020,3
"6581","PA",1,"Norte",15017,"Paragominas",354221,16856.0558000232,10,47,16,31,26,21,2,0,0,0,0,49,16,31,26,21,34,9.73246526587384,12.7776762911109,0.316341044161253,2020-03-09,2020,3
"6582","PA",1,"Norte",15017,"Paragominas",354221,16856.0558000232,11,61,26,35,31,30,2,0,0,0,0,63,26,35,31,30,19,9.73246526587384,12.7776762911109,0.364697435201487,2020-03-16,2020,3
"6583","PA",1,"Norte",15017,"Paragominas",354221,16856.0558000232,12,36,16,20,22,14,1,0,0,0,0,37,16,20,22,14,31,9.73246526587384,12.7776762911109,0.440682312316516,2020-03-23,2020,3
"6584","PA",1,"Norte",15017,"Paragominas",354221,16856.0558000232,13,39,14,25,26,13,1,0,0,0,0,40,14,25,26,13,19,9.73246526587384,12.7776762911109,0.400975749057408,2020-03-30,2020,3
"6585","PA",1,"Norte",15017,"Paragominas",354221,16856.0558000232,14,52,20,32,31,21,0,0,0,0,0,52,20,32,31,21,21,9.73246526587384,12.7776762911109,0.404122012745045,2020-04-06,2020,4
"6586","PA",1,"Norte",15017,"Paragominas",354221,16856.0558000232,15,43,17,26,24,19,2,0,0,0,0,45,17,26,24,19,18,9.73246526587384,12.7776762911109,0.3791541514273,2020-04-13,2020,4
"6587","PA",1,"Norte",15017,"Paragominas",354221,16856.0558000232,16,50,13,37,24,26,1,0,0,0,0,51,13,37,24,26,27,9.73246526587384,12.7776762911109,0.384901451605408,2020-04-20,2020,4
"6588","PA",1,"Norte",15017,"Paragominas",354221,16856.0558000232,17,55,27,28,33,22,1,0,0,0,0,56,27,28,33,22,34,9.73246526587384,12.7776762911109,0.394045446243648,2020-04-27,2020,4
"6589","PA",1,"Norte",15017,"Paragominas",354221,16856.0558000232,18,53,30,23,26,27,0,0,0,0,0,53,30,23,26,27,36,9.73246526587384,12.7776762911109,0.404119479755739,2020-05-04,2020,5
"6590","PA",1,"Norte",15017,"Paragominas",354221,16856.0558000232,19,54,19,35,31,23,2,0,0,0,0,56,19,35,31,23,48,9.73246526587384,12.7776762911109,0.436772081093582,2020-05-11,2020,5
"6591","PA",1,"Norte",15017,"Paragominas",354221,16856.0558000232,20,47,27,20,24,23,0,0,0,0,0,47,27,20,24,23,49,9.73246526587384,12.7776762911109,0.418081371262679,2020-05-18,2020,5
"6592","PA",1,"Norte",15017,"Paragominas",354221,16856.0558000232,21,51,23,28,33,18,0,0,0,0,0,51,23,28,33,18,58,9.73246526587384,12.7776762911109,0.405859242277189,2020-05-25,2020,5
"6593","PA",1,"Norte",15017,"Paragominas",354221,16856.0558000232,22,51,18,33,30,21,4,0,0,0,0,55,18,33,30,21,44,9.73246526587384,12.7776762911109,0.387583802701061,2020-06-01,2020,6
"6594","PA",1,"Norte",15017,"Paragominas",354221,16856.0558000232,23,48,17,31,28,20,0,0,0,0,0,48,17,31,28,20,35,9.73246526587384,12.7776762911109,0.374720304297519,2020-06-08,2020,6
"6595","PA",1,"Norte",15017,"Paragominas",354221,16856.0558000232,24,54,21,33,26,28,1,0,0,0,0,55,21,33,26,28,41,9.73246526587384,12.7776762911109,0.366392778270922,2020-06-15,2020,6
"6596","PA",1,"Norte",15017,"Paragominas",354221,16856.0558000232,25,54,22,32,31,23,1,0,0,0,0,55,22,32,31,23,28,9.73246526587384,12.7776762911109,0.361873690450494,2020-06-22,2020,6
"6597","PA",1,"Norte",15017,"Paragominas",354221,16856.0558000232,26,42,22,20,24,18,1,0,0,0,0,43,22,20,24,18,44,9.73246526587384,12.7776762911109,0.363939649831917,2020-06-29,2020,6
"6598","PA",1,"Norte",15017,"Paragominas",354221,16856.0558000232,27,56,16,40,33,23,0,0,0,0,0,56,16,40,33,23,32,9.73246526587384,12.7776762911109,0.383552490918553,2020-07-06,2020,7
"6599","PA",1,"Norte",15017,"Paragominas",354221,16856.0558000232,28,56,18,38,31,25,0,0,0,0,0,56,18,38,31,25,43,9.73246526587384,12.7776762911109,0.372932004786176,2020-07-13,2020,7
"6600","PA",1,"Norte",15017,"Paragominas",354221,16856.0558000232,29,47,20,27,30,17,1,0,0,0,0,48,20,27,30,17,35,9.73246526587384,12.7776762911109,0.384620554367323,2020-07-20,2020,7
"6601","PA",1,"Norte",15018,"São Félix do Xingu",222632,14764.5766841245,5,65,41,24,36,29,1,0,0,0,0,66,41,24,36,29,14,9.59998612354179,12.3132754631072,0.306368069881829,2020-02-03,2020,2
"6602","PA",1,"Norte",15018,"São Félix do Xingu",222632,14764.5766841245,6,65,23,42,36,29,1,0,0,0,0,66,23,42,36,29,20,9.59998612354179,12.3132754631072,0.303188604884758,2020-02-10,2020,2
"6603","PA",1,"Norte",15018,"São Félix do Xingu",222632,14764.5766841245,7,46,18,28,23,23,1,0,0,0,0,47,18,28,23,23,12,9.59998612354179,12.3132754631072,0.305524373593678,2020-02-17,2020,2
"6604","PA",1,"Norte",15018,"São Félix do Xingu",222632,14764.5766841245,8,52,21,31,32,20,1,0,0,0,0,53,21,31,32,20,12,9.59998612354179,12.3132754631072,0.342078405581723,2020-02-24,2020,2
"6605","PA",1,"Norte",15018,"São Félix do Xingu",222632,14764.5766841245,9,42,23,19,27,15,1,0,0,0,0,43,23,19,27,15,9,9.59998612354179,12.3132754631072,0.329229861005881,2020-03-02,2020,3
"6606","PA",1,"Norte",15018,"São Félix do Xingu",222632,14764.5766841245,10,42,19,23,23,19,1,0,0,0,0,43,19,23,23,19,13,9.59998612354179,12.3132754631072,0.327917840198432,2020-03-09,2020,3
"6607","PA",1,"Norte",15018,"São Félix do Xingu",222632,14764.5766841245,11,38,21,17,17,21,0,0,0,0,0,38,21,17,17,21,9,9.59998612354179,12.3132754631072,0.364059746508026,2020-03-16,2020,3
"6608","PA",1,"Norte",15018,"São Félix do Xingu",222632,14764.5766841245,12,32,13,19,22,10,1,0,0,0,0,33,13,19,22,10,14,9.59998612354179,12.3132754631072,0.43648353687681,2020-03-23,2020,3
"6609","PA",1,"Norte",15018,"São Félix do Xingu",222632,14764.5766841245,13,32,21,11,18,14,1,0,0,0,0,33,21,11,18,14,12,9.59998612354179,12.3132754631072,0.392497981478659,2020-03-30,2020,3
"6610","PA",1,"Norte",15018,"São Félix do Xingu",222632,14764.5766841245,14,43,21,22,23,20,0,0,0,0,0,43,21,22,23,20,5,9.59998612354179,12.3132754631072,0.392635447760559,2020-04-06,2020,4
"6611","PA",1,"Norte",15018,"São Félix do Xingu",222632,14764.5766841245,15,44,17,27,18,26,0,0,0,0,0,44,17,27,18,26,17,9.59998612354179,12.3132754631072,0.37568799795784,2020-04-13,2020,4
"6612","PA",1,"Norte",15018,"São Félix do Xingu",222632,14764.5766841245,16,45,22,23,18,27,1,0,0,0,0,46,22,23,18,27,15,9.59998612354179,12.3132754631072,0.389457436606273,2020-04-20,2020,4
"6613","PA",1,"Norte",15018,"São Félix do Xingu",222632,14764.5766841245,17,47,22,25,26,21,1,0,0,0,0,48,22,25,26,21,11,9.59998612354179,12.3132754631072,0.408113510711694,2020-04-27,2020,4
"6614","PA",1,"Norte",15018,"São Félix do Xingu",222632,14764.5766841245,18,46,22,24,22,24,0,0,0,0,0,46,22,24,22,24,13,9.59998612354179,12.3132754631072,0.418837458078783,2020-05-04,2020,5
"6615","PA",1,"Norte",15018,"São Félix do Xingu",222632,14764.5766841245,19,46,24,22,24,22,0,0,0,0,0,46,24,22,24,22,15,9.59998612354179,12.3132754631072,0.422860302684305,2020-05-11,2020,5
"6616","PA",1,"Norte",15018,"São Félix do Xingu",222632,14764.5766841245,20,48,17,31,31,17,1,0,0,0,0,49,17,31,31,17,13,9.59998612354179,12.3132754631072,0.420487165322216,2020-05-18,2020,5
"6617","PA",1,"Norte",15018,"São Félix do Xingu",222632,14764.5766841245,21,51,28,23,36,15,0,0,0,0,0,51,28,23,36,15,21,9.59998612354179,12.3132754631072,0.408908951262445,2020-05-25,2020,5
"6618","PA",1,"Norte",15018,"São Félix do Xingu",222632,14764.5766841245,22,46,24,22,27,19,2,0,0,0,0,48,24,22,27,19,18,9.59998612354179,12.3132754631072,0.412525876956385,2020-06-01,2020,6
"6619","PA",1,"Norte",15018,"São Félix do Xingu",222632,14764.5766841245,23,60,23,37,32,28,2,0,0,0,0,62,23,37,32,28,15,9.59998612354179,12.3132754631072,0.401500998763455,2020-06-08,2020,6
"6620","PA",1,"Norte",15018,"São Félix do Xingu",222632,14764.5766841245,24,55,22,33,30,25,0,0,0,0,0,55,22,33,30,25,13,9.59998612354179,12.3132754631072,0.413180095898153,2020-06-15,2020,6
"6621","PA",1,"Norte",15018,"São Félix do Xingu",222632,14764.5766841245,25,49,27,22,32,17,0,0,0,0,0,49,27,22,32,17,17,9.59998612354179,12.3132754631072,0.403174648754163,2020-06-22,2020,6
"6622","PA",1,"Norte",15018,"São Félix do Xingu",222632,14764.5766841245,26,47,21,26,28,19,1,0,0,0,0,48,21,26,28,19,25,9.59998612354179,12.3132754631072,0.426298287513584,2020-06-29,2020,6
"6623","PA",1,"Norte",15018,"São Félix do Xingu",222632,14764.5766841245,27,56,21,35,34,22,0,0,0,0,0,56,21,35,34,22,14,9.59998612354179,12.3132754631072,0.445606007805458,2020-07-06,2020,7
"6624","PA",1,"Norte",15018,"São Félix do Xingu",222632,14764.5766841245,28,57,25,32,37,20,0,0,0,0,0,57,25,32,37,20,21,9.59998612354179,12.3132754631072,0.427489064975899,2020-07-13,2020,7
"6625","PA",1,"Norte",15018,"São Félix do Xingu",222632,14764.5766841245,29,54,24,30,28,26,2,0,0,0,0,56,24,30,28,26,19,9.59998612354179,12.3132754631072,0.433130909636993,2020-07-20,2020,7
"6626","PA",1,"Norte",15019,"Parauapebas",331080,78446.9845697717,5,140,34,106,68,72,0,0,0,0,0,140,34,106,68,72,30,11.270178319816,12.7101153169993,0.289972461622951,2020-02-03,2020,2
"6627","PA",1,"Norte",15019,"Parauapebas",331080,78446.9845697717,6,106,25,81,51,55,0,0,0,0,0,106,25,81,51,55,19,11.270178319816,12.7101153169993,0.280535289236863,2020-02-10,2020,2
"6628","PA",1,"Norte",15019,"Parauapebas",331080,78446.9845697717,7,152,45,107,77,75,1,0,0,0,0,153,45,107,77,75,18,11.270178319816,12.7101153169993,0.299335522340067,2020-02-17,2020,2
"6629","PA",1,"Norte",15019,"Parauapebas",331080,78446.9845697717,8,144,38,106,76,68,0,0,0,0,0,144,38,106,76,68,32,11.270178319816,12.7101153169993,0.332786094524509,2020-02-24,2020,2
"6630","PA",1,"Norte",15019,"Parauapebas",331080,78446.9845697717,9,139,40,99,56,83,1,0,0,0,0,140,40,99,56,83,29,11.270178319816,12.7101153169993,0.312819359211859,2020-03-02,2020,3
"6631","PA",1,"Norte",15019,"Parauapebas",331080,78446.9845697717,10,122,31,91,59,63,0,0,0,0,0,122,31,91,59,63,32,11.270178319816,12.7101153169993,0.329373139146067,2020-03-09,2020,3
"6632","PA",1,"Norte",15019,"Parauapebas",331080,78446.9845697717,11,134,32,102,61,73,0,0,0,0,0,134,32,102,61,73,23,11.270178319816,12.7101153169993,0.38674568915107,2020-03-16,2020,3
"6633","PA",1,"Norte",15019,"Parauapebas",331080,78446.9845697717,12,128,38,90,56,72,0,0,0,0,0,128,38,90,56,72,24,11.270178319816,12.7101153169993,0.453890353206388,2020-03-23,2020,3
"6634","PA",1,"Norte",15019,"Parauapebas",331080,78446.9845697717,13,95,31,64,45,50,0,0,0,0,0,95,31,64,45,50,31,11.270178319816,12.7101153169993,0.402040072628019,2020-03-30,2020,3
"6635","PA",1,"Norte",15019,"Parauapebas",331080,78446.9845697717,14,111,35,76,43,68,1,0,0,0,0,112,35,76,43,68,24,11.270178319816,12.7101153169993,0.415748922540724,2020-04-06,2020,4
"6636","PA",1,"Norte",15019,"Parauapebas",331080,78446.9845697717,15,91,13,78,37,54,0,0,0,0,0,91,13,78,37,54,30,11.270178319816,12.7101153169993,0.43064289709207,2020-04-13,2020,4
"6637","PA",1,"Norte",15019,"Parauapebas",331080,78446.9845697717,16,135,33,102,62,73,1,0,0,0,0,136,33,102,62,73,32,11.270178319816,12.7101153169993,0.425902500647508,2020-04-20,2020,4
"6638","PA",1,"Norte",15019,"Parauapebas",331080,78446.9845697717,17,115,27,88,64,51,0,0,0,0,0,115,27,88,64,51,43,11.270178319816,12.7101153169993,0.415207258433926,2020-04-27,2020,4
"6639","PA",1,"Norte",15019,"Parauapebas",331080,78446.9845697717,18,94,30,64,38,56,0,0,0,0,0,94,30,64,38,56,43,11.270178319816,12.7101153169993,0.428944737242382,2020-05-04,2020,5
"6640","PA",1,"Norte",15019,"Parauapebas",331080,78446.9845697717,19,138,37,101,69,69,0,0,0,0,0,138,37,101,69,69,60,11.270178319816,12.7101153169993,0.434209001788329,2020-05-11,2020,5
"6641","PA",1,"Norte",15019,"Parauapebas",331080,78446.9845697717,20,143,36,107,65,78,1,0,0,0,0,144,36,107,65,78,51,11.270178319816,12.7101153169993,0.471342236263405,2020-05-18,2020,5
"6642","PA",1,"Norte",15019,"Parauapebas",331080,78446.9845697717,21,128,35,93,53,75,0,0,0,0,0,128,35,93,53,75,55,11.270178319816,12.7101153169993,0.416078220639232,2020-05-25,2020,5
"6643","PA",1,"Norte",15019,"Parauapebas",331080,78446.9845697717,22,152,43,109,66,86,1,0,0,0,0,153,43,109,66,86,36,11.270178319816,12.7101153169993,0.389125767972396,2020-06-01,2020,6
"6644","PA",1,"Norte",15019,"Parauapebas",331080,78446.9845697717,23,147,43,104,79,68,1,0,0,0,0,148,43,104,79,68,42,11.270178319816,12.7101153169993,0.380699237044063,2020-06-08,2020,6
"6645","PA",1,"Norte",15019,"Parauapebas",331080,78446.9845697717,24,134,35,99,66,68,1,0,0,0,0,135,35,99,66,68,33,11.270178319816,12.7101153169993,0.373191736309887,2020-06-15,2020,6
"6646","PA",1,"Norte",15019,"Parauapebas",331080,78446.9845697717,25,132,35,97,65,67,1,0,0,0,0,133,35,97,65,67,37,11.270178319816,12.7101153169993,0.377679712678269,2020-06-22,2020,6
"6647","PA",1,"Norte",15019,"Parauapebas",331080,78446.9845697717,26,139,32,107,66,73,1,0,0,0,0,140,32,107,66,73,34,11.270178319816,12.7101153169993,0.367266078078974,2020-06-29,2020,6
"6648","PA",1,"Norte",15019,"Parauapebas",331080,78446.9845697717,27,152,44,108,63,89,1,0,0,0,0,153,44,108,63,89,39,11.270178319816,12.7101153169993,0.369796342410257,2020-07-06,2020,7
"6649","PA",1,"Norte",15019,"Parauapebas",331080,78446.9845697717,28,131,37,94,77,54,0,0,0,0,0,131,37,94,77,54,28,11.270178319816,12.7101153169993,0.371161635887168,2020-07-13,2020,7
"6650","PA",1,"Norte",15019,"Parauapebas",331080,78446.9845697717,29,140,34,106,58,82,5,0,0,0,0,145,34,106,58,82,31,11.270178319816,12.7101153169993,0.375943265437313,2020-07-20,2020,7
"6651","PA",1,"Norte",15020,"Marabá",338296,28385.5278860525,5,100,24,76,49,51,1,0,0,0,0,101,24,76,49,51,38,10.2536347127915,12.7316765308739,0.284626906171127,2020-02-03,2020,2
"6652","PA",1,"Norte",15020,"Marabá",338296,28385.5278860525,6,93,27,66,47,46,2,0,0,0,0,95,27,66,47,46,37,10.2536347127915,12.7316765308739,0.283156753562498,2020-02-10,2020,2
"6653","PA",1,"Norte",15020,"Marabá",338296,28385.5278860525,7,90,35,55,43,47,1,0,0,0,0,91,35,55,43,47,36,10.2536347127915,12.7316765308739,0.293011331032104,2020-02-17,2020,2
"6654","PA",1,"Norte",15020,"Marabá",338296,28385.5278860525,8,111,34,77,49,62,1,0,0,0,0,112,34,77,49,62,33,10.2536347127915,12.7316765308739,0.336218281731969,2020-02-24,2020,2
"6655","PA",1,"Norte",15020,"Marabá",338296,28385.5278860525,9,100,34,66,43,57,0,0,0,0,0,100,34,66,43,57,26,10.2536347127915,12.7316765308739,0.308032568906159,2020-03-02,2020,3
"6656","PA",1,"Norte",15020,"Marabá",338296,28385.5278860525,10,95,27,68,40,55,0,0,0,0,0,95,27,68,40,55,39,10.2536347127915,12.7316765308739,0.327030855831541,2020-03-09,2020,3
"6657","PA",1,"Norte",15020,"Marabá",338296,28385.5278860525,11,106,30,76,45,61,1,0,0,0,0,107,30,76,45,61,44,10.2536347127915,12.7316765308739,0.36978250943249,2020-03-16,2020,3
"6658","PA",1,"Norte",15020,"Marabá",338296,28385.5278860525,12,93,33,60,42,51,0,0,0,0,0,93,33,60,42,51,27,10.2536347127915,12.7316765308739,0.466646934162288,2020-03-23,2020,3
"6659","PA",1,"Norte",15020,"Marabá",338296,28385.5278860525,13,84,22,62,45,39,0,0,0,0,0,84,22,62,45,39,35,10.2536347127915,12.7316765308739,0.429290222764726,2020-03-30,2020,3
"6660","PA",1,"Norte",15020,"Marabá",338296,28385.5278860525,14,101,31,70,55,46,0,0,0,0,0,101,31,70,55,46,34,10.2536347127915,12.7316765308739,0.429393146128111,2020-04-06,2020,4
"6661","PA",1,"Norte",15020,"Marabá",338296,28385.5278860525,15,87,36,51,40,47,0,0,0,0,0,87,36,51,40,47,23,10.2536347127915,12.7316765308739,0.411276477067173,2020-04-13,2020,4
"6662","PA",1,"Norte",15020,"Marabá",338296,28385.5278860525,16,100,32,68,47,53,0,0,0,0,0,100,32,68,47,53,35,10.2536347127915,12.7316765308739,0.415779763037861,2020-04-20,2020,4
"6663","PA",1,"Norte",15020,"Marabá",338296,28385.5278860525,17,95,25,70,46,49,0,0,0,0,0,95,25,70,46,49,45,10.2536347127915,12.7316765308739,0.426239190807972,2020-04-27,2020,4
"6664","PA",1,"Norte",15020,"Marabá",338296,28385.5278860525,18,80,28,52,37,43,0,0,0,0,0,80,28,52,37,43,68,10.2536347127915,12.7316765308739,0.421317072953292,2020-05-04,2020,5
"6665","PA",1,"Norte",15020,"Marabá",338296,28385.5278860525,19,83,31,52,40,43,1,0,0,0,0,84,31,52,40,43,70,10.2536347127915,12.7316765308739,0.444403642996475,2020-05-11,2020,5
"6666","PA",1,"Norte",15020,"Marabá",338296,28385.5278860525,20,77,26,51,37,40,1,0,0,0,0,78,26,51,37,40,80,10.2536347127915,12.7316765308739,0.435593068278907,2020-05-18,2020,5
"6667","PA",1,"Norte",15020,"Marabá",338296,28385.5278860525,21,96,38,58,53,43,0,0,0,0,0,96,38,58,53,43,50,10.2536347127915,12.7316765308739,0.414012429612116,2020-05-25,2020,5
"6668","PA",1,"Norte",15020,"Marabá",338296,28385.5278860525,22,105,43,62,50,55,1,0,0,0,0,106,43,62,50,55,49,10.2536347127915,12.7316765308739,0.393163990375443,2020-06-01,2020,6
"6669","PA",1,"Norte",15020,"Marabá",338296,28385.5278860525,23,119,30,89,55,64,0,0,0,0,0,119,30,89,55,64,37,10.2536347127915,12.7316765308739,0.389859366795075,2020-06-08,2020,6
"6670","PA",1,"Norte",15020,"Marabá",338296,28385.5278860525,24,105,45,60,56,49,3,0,0,0,0,108,45,60,56,49,40,10.2536347127915,12.7316765308739,0.376883268526186,2020-06-15,2020,6
"6671","PA",1,"Norte",15020,"Marabá",338296,28385.5278860525,25,111,40,71,58,53,1,0,0,0,0,112,40,71,58,53,33,10.2536347127915,12.7316765308739,0.376634171207816,2020-06-22,2020,6
"6672","PA",1,"Norte",15020,"Marabá",338296,28385.5278860525,26,108,30,78,51,57,3,0,0,0,0,111,30,78,51,57,36,10.2536347127915,12.7316765308739,0.378949346666971,2020-06-29,2020,6
"6673","PA",1,"Norte",15020,"Marabá",338296,28385.5278860525,27,110,41,69,47,63,2,0,0,0,0,112,41,69,47,63,38,10.2536347127915,12.7316765308739,0.38168619128622,2020-07-06,2020,7
"6674","PA",1,"Norte",15020,"Marabá",338296,28385.5278860525,28,86,24,62,42,44,4,0,0,0,0,90,24,62,42,44,34,10.2536347127915,12.7316765308739,0.367857909257547,2020-07-13,2020,7
"6675","PA",1,"Norte",15020,"Marabá",338296,28385.5278860525,29,107,26,81,54,53,0,0,0,0,0,107,26,81,54,53,31,10.2536347127915,12.7316765308739,0.379110825209002,2020-07-20,2020,7
"6676","PA",1,"Norte",15021,"Redenção",197953,22576.0017842114,5,66,29,37,39,27,0,0,0,0,0,66,29,37,39,27,21,10.0246427531239,12.1957849077617,0.280898563210333,2020-02-03,2020,2
"6677","PA",1,"Norte",15021,"Redenção",197953,22576.0017842114,6,55,23,32,30,25,1,0,0,0,0,56,23,32,30,25,21,10.0246427531239,12.1957849077617,0.266285433414363,2020-02-10,2020,2
"6678","PA",1,"Norte",15021,"Redenção",197953,22576.0017842114,7,80,37,43,45,35,0,0,0,0,0,80,37,43,45,35,26,10.0246427531239,12.1957849077617,0.283829066889872,2020-02-17,2020,2
"6679","PA",1,"Norte",15021,"Redenção",197953,22576.0017842114,8,70,31,39,46,24,0,0,0,0,0,70,31,39,46,24,36,10.0246427531239,12.1957849077617,0.314455238308104,2020-02-24,2020,2
"6680","PA",1,"Norte",15021,"Redenção",197953,22576.0017842114,9,65,21,44,40,25,0,0,0,0,0,65,21,44,40,25,19,10.0246427531239,12.1957849077617,0.302411459521132,2020-03-02,2020,3
"6681","PA",1,"Norte",15021,"Redenção",197953,22576.0017842114,10,85,30,55,50,35,1,0,0,0,0,86,30,55,50,35,26,10.0246427531239,12.1957849077617,0.314760418570913,2020-03-09,2020,3
"6682","PA",1,"Norte",15021,"Redenção",197953,22576.0017842114,11,64,21,43,42,22,0,0,0,0,0,64,21,43,42,22,22,10.0246427531239,12.1957849077617,0.374898744535141,2020-03-16,2020,3
"6683","PA",1,"Norte",15021,"Redenção",197953,22576.0017842114,12,56,23,33,38,18,1,0,0,0,0,57,23,33,38,18,21,10.0246427531239,12.1957849077617,0.451354851733651,2020-03-23,2020,3
"6684","PA",1,"Norte",15021,"Redenção",197953,22576.0017842114,13,60,23,37,40,20,1,0,0,0,0,61,23,37,40,20,28,10.0246427531239,12.1957849077617,0.393056705444128,2020-03-30,2020,3
"6685","PA",1,"Norte",15021,"Redenção",197953,22576.0017842114,14,75,26,49,47,28,0,0,0,0,0,75,26,49,47,28,18,10.0246427531239,12.1957849077617,0.39526622216979,2020-04-06,2020,4
"6686","PA",1,"Norte",15021,"Redenção",197953,22576.0017842114,15,55,22,33,26,29,1,0,0,0,0,56,22,33,26,29,19,10.0246427531239,12.1957849077617,0.370518474615717,2020-04-13,2020,4
"6687","PA",1,"Norte",15021,"Redenção",197953,22576.0017842114,16,56,18,38,31,25,0,0,0,0,0,56,18,38,31,25,14,10.0246427531239,12.1957849077617,0.37913683564973,2020-04-20,2020,4
"6688","PA",1,"Norte",15021,"Redenção",197953,22576.0017842114,17,66,25,41,39,27,0,0,0,0,0,66,25,41,39,27,27,10.0246427531239,12.1957849077617,0.379990669276066,2020-04-27,2020,4
"6689","PA",1,"Norte",15021,"Redenção",197953,22576.0017842114,18,70,28,42,43,27,0,0,0,0,0,70,28,42,43,27,20,10.0246427531239,12.1957849077617,0.381633048394349,2020-05-04,2020,5
"6690","PA",1,"Norte",15021,"Redenção",197953,22576.0017842114,19,67,33,34,35,32,1,0,0,0,0,68,33,34,35,32,20,10.0246427531239,12.1957849077617,0.395249191642926,2020-05-11,2020,5
"6691","PA",1,"Norte",15021,"Redenção",197953,22576.0017842114,20,65,23,42,40,25,0,0,0,0,0,65,23,42,40,25,27,10.0246427531239,12.1957849077617,0.388566448912931,2020-05-18,2020,5
"6692","PA",1,"Norte",15021,"Redenção",197953,22576.0017842114,21,76,27,49,36,40,0,0,0,0,0,76,27,49,36,40,30,10.0246427531239,12.1957849077617,0.381909809170507,2020-05-25,2020,5
"6693","PA",1,"Norte",15021,"Redenção",197953,22576.0017842114,22,80,21,59,37,43,1,0,0,0,0,81,21,59,37,43,36,10.0246427531239,12.1957849077617,0.369151285440256,2020-06-01,2020,6
"6694","PA",1,"Norte",15021,"Redenção",197953,22576.0017842114,23,55,28,27,25,30,1,0,0,0,0,56,28,27,25,30,28,10.0246427531239,12.1957849077617,0.376455395982851,2020-06-08,2020,6
"6695","PA",1,"Norte",15021,"Redenção",197953,22576.0017842114,24,52,16,36,31,21,2,0,0,0,0,54,16,36,31,21,49,10.0246427531239,12.1957849077617,0.36177723914858,2020-06-15,2020,6
"6696","PA",1,"Norte",15021,"Redenção",197953,22576.0017842114,25,82,31,51,45,37,0,0,0,0,0,82,31,51,45,37,41,10.0246427531239,12.1957849077617,0.360868512089546,2020-06-22,2020,6
"6697","PA",1,"Norte",15021,"Redenção",197953,22576.0017842114,26,71,20,51,37,34,2,0,0,0,0,73,20,51,37,34,38,10.0246427531239,12.1957849077617,0.377450143659266,2020-06-29,2020,6
"6698","PA",1,"Norte",15021,"Redenção",197953,22576.0017842114,27,73,24,49,37,36,1,0,0,0,0,74,24,49,37,36,40,10.0246427531239,12.1957849077617,0.392771377638516,2020-07-06,2020,7
"6699","PA",1,"Norte",15021,"Redenção",197953,22576.0017842114,28,66,21,45,34,32,0,0,0,0,0,66,21,45,34,32,28,10.0246427531239,12.1957849077617,0.376694532954848,2020-07-13,2020,7
"6700","PA",1,"Norte",15021,"Redenção",197953,22576.0017842114,29,83,28,55,46,37,1,0,0,0,0,84,28,55,46,37,33,10.0246427531239,12.1957849077617,0.367434008730529,2020-07-20,2020,7
"6701","PA",1,"Norte",15022,"Conceição do Araguaia",164785,13227.591836939,5,20,7,13,8,12,0,0,0,0,0,20,7,13,8,12,16,9.49006021763372,12.0123968728975,0.290388614097466,2020-02-03,2020,2
"6702","PA",1,"Norte",15022,"Conceição do Araguaia",164785,13227.591836939,6,27,10,17,19,8,0,0,0,0,0,27,10,17,19,8,12,9.49006021763372,12.0123968728975,0.27598205029996,2020-02-10,2020,2
"6703","PA",1,"Norte",15022,"Conceição do Araguaia",164785,13227.591836939,7,42,7,35,21,21,1,0,0,0,0,43,7,35,21,21,14,9.49006021763372,12.0123968728975,0.299644131063872,2020-02-17,2020,2
"6704","PA",1,"Norte",15022,"Conceição do Araguaia",164785,13227.591836939,8,32,10,22,14,18,0,0,0,0,0,32,10,22,14,18,19,9.49006021763372,12.0123968728975,0.324259170674907,2020-02-24,2020,2
"6705","PA",1,"Norte",15022,"Conceição do Araguaia",164785,13227.591836939,9,19,5,14,16,3,0,0,0,0,0,19,5,14,16,3,16,9.49006021763372,12.0123968728975,0.307275686048618,2020-03-02,2020,3
"6706","PA",1,"Norte",15022,"Conceição do Araguaia",164785,13227.591836939,10,45,13,32,33,12,1,0,0,0,0,46,13,32,33,12,5,9.49006021763372,12.0123968728975,0.321644271432516,2020-03-09,2020,3
"6707","PA",1,"Norte",15022,"Conceição do Araguaia",164785,13227.591836939,11,20,10,10,11,9,0,0,0,0,0,20,10,10,11,9,11,9.49006021763372,12.0123968728975,0.383100391049928,2020-03-16,2020,3
"6708","PA",1,"Norte",15022,"Conceição do Araguaia",164785,13227.591836939,12,27,3,24,11,16,0,0,0,0,0,27,3,24,11,16,13,9.49006021763372,12.0123968728975,0.452981573732904,2020-03-23,2020,3
"6709","PA",1,"Norte",15022,"Conceição do Araguaia",164785,13227.591836939,13,20,5,15,7,13,0,0,0,0,0,20,5,15,7,13,12,9.49006021763372,12.0123968728975,0.398630998828265,2020-03-30,2020,3
"6710","PA",1,"Norte",15022,"Conceição do Araguaia",164785,13227.591836939,14,29,10,19,22,7,1,0,0,0,0,30,10,19,22,7,8,9.49006021763372,12.0123968728975,0.396296339508823,2020-04-06,2020,4
"6711","PA",1,"Norte",15022,"Conceição do Araguaia",164785,13227.591836939,15,31,14,17,20,11,0,0,0,0,0,31,14,17,20,11,12,9.49006021763372,12.0123968728975,0.393967474003038,2020-04-13,2020,4
"6712","PA",1,"Norte",15022,"Conceição do Araguaia",164785,13227.591836939,16,26,10,16,14,12,0,0,0,0,0,26,10,16,14,12,10,9.49006021763372,12.0123968728975,0.383465881426614,2020-04-20,2020,4
"6713","PA",1,"Norte",15022,"Conceição do Araguaia",164785,13227.591836939,17,31,9,22,11,20,0,0,0,0,0,31,9,22,11,20,11,9.49006021763372,12.0123968728975,0.385748870877105,2020-04-27,2020,4
"6714","PA",1,"Norte",15022,"Conceição do Araguaia",164785,13227.591836939,18,19,5,14,11,8,1,0,0,0,0,20,5,14,11,8,8,9.49006021763372,12.0123968728975,0.395570451551184,2020-05-04,2020,5
"6715","PA",1,"Norte",15022,"Conceição do Araguaia",164785,13227.591836939,19,40,14,26,23,17,3,0,0,0,0,43,14,26,23,17,13,9.49006021763372,12.0123968728975,0.402825419539652,2020-05-11,2020,5
"6716","PA",1,"Norte",15022,"Conceição do Araguaia",164785,13227.591836939,20,28,11,17,19,9,0,0,0,0,0,28,11,17,19,9,13,9.49006021763372,12.0123968728975,0.401270637842299,2020-05-18,2020,5
"6717","PA",1,"Norte",15022,"Conceição do Araguaia",164785,13227.591836939,21,26,8,18,14,12,0,0,0,0,0,26,8,18,14,12,14,9.49006021763372,12.0123968728975,0.383995604362302,2020-05-25,2020,5
"6718","PA",1,"Norte",15022,"Conceição do Araguaia",164785,13227.591836939,22,33,15,18,23,10,0,0,0,0,0,33,15,18,23,10,14,9.49006021763372,12.0123968728975,0.397884547557164,2020-06-01,2020,6
"6719","PA",1,"Norte",15022,"Conceição do Araguaia",164785,13227.591836939,23,38,13,25,25,13,0,0,0,0,0,38,13,25,25,13,16,9.49006021763372,12.0123968728975,0.3886871204015,2020-06-08,2020,6
"6720","PA",1,"Norte",15022,"Conceição do Araguaia",164785,13227.591836939,24,28,7,21,14,14,1,0,0,0,0,29,7,21,14,14,16,9.49006021763372,12.0123968728975,0.394724532316106,2020-06-15,2020,6
"6721","PA",1,"Norte",15022,"Conceição do Araguaia",164785,13227.591836939,25,35,12,23,16,19,0,0,0,0,0,35,12,23,16,19,17,9.49006021763372,12.0123968728975,0.402419808752918,2020-06-22,2020,6
"6722","PA",1,"Norte",15022,"Conceição do Araguaia",164785,13227.591836939,26,34,15,19,21,13,0,0,0,0,0,34,15,19,21,13,9,9.49006021763372,12.0123968728975,0.406829762880303,2020-06-29,2020,6
"6723","PA",1,"Norte",15022,"Conceição do Araguaia",164785,13227.591836939,27,42,10,32,27,15,1,0,0,0,0,43,10,32,27,15,25,9.49006021763372,12.0123968728975,0.417017563781345,2020-07-06,2020,7
"6724","PA",1,"Norte",15022,"Conceição do Araguaia",164785,13227.591836939,28,36,12,24,21,15,0,0,0,0,0,36,12,24,21,15,20,9.49006021763372,12.0123968728975,0.43607675633331,2020-07-13,2020,7
"6725","PA",1,"Norte",15022,"Conceição do Araguaia",164785,13227.591836939,29,30,14,16,20,10,0,0,0,0,0,30,14,16,20,10,16,9.49006021763372,12.0123968728975,0.413053462590994,2020-07-20,2020,7
"6726","PB",2,"Nordeste",25001,"Catolé do Rocha",123679,11018.5955039255,5,22,12,10,9,13,0,0,0,0,0,22,12,10,9,13,16,9.30733962484997,11.7254447784069,0.253374359814975,2020-02-03,2020,2
"6727","PB",2,"Nordeste",25001,"Catolé do Rocha",123679,11018.5955039255,6,32,15,17,11,21,0,0,0,0,0,32,15,17,11,21,18,9.30733962484997,11.7254447784069,0.256172406778808,2020-02-10,2020,2
"6728","PB",2,"Nordeste",25001,"Catolé do Rocha",123679,11018.5955039255,7,19,11,8,9,10,0,0,0,0,0,19,11,8,9,10,14,9.30733962484997,11.7254447784069,0.256227877582462,2020-02-17,2020,2
"6729","PB",2,"Nordeste",25001,"Catolé do Rocha",123679,11018.5955039255,8,26,10,16,10,16,0,0,0,0,0,26,10,16,10,16,19,9.30733962484997,11.7254447784069,0.301502019591449,2020-02-24,2020,2
"6730","PB",2,"Nordeste",25001,"Catolé do Rocha",123679,11018.5955039255,9,30,18,12,15,15,0,0,0,0,0,30,18,12,15,15,14,9.30733962484997,11.7254447784069,0.277582540625512,2020-03-02,2020,3
"6731","PB",2,"Nordeste",25001,"Catolé do Rocha",123679,11018.5955039255,10,26,11,15,7,19,1,0,0,0,0,27,11,15,7,19,20,9.30733962484997,11.7254447784069,0.296515851514714,2020-03-09,2020,3
"6732","PB",2,"Nordeste",25001,"Catolé do Rocha",123679,11018.5955039255,11,27,11,16,13,14,0,0,0,0,0,27,11,16,13,14,21,9.30733962484997,11.7254447784069,0.350758402345663,2020-03-16,2020,3
"6733","PB",2,"Nordeste",25001,"Catolé do Rocha",123679,11018.5955039255,12,29,12,17,18,11,0,0,0,0,0,29,12,17,18,11,16,9.30733962484997,11.7254447784069,0.451345119916974,2020-03-23,2020,3
"6734","PB",2,"Nordeste",25001,"Catolé do Rocha",123679,11018.5955039255,13,23,10,13,11,12,0,0,0,0,0,23,10,13,11,12,10,9.30733962484997,11.7254447784069,0.404432189245589,2020-03-30,2020,3
"6735","PB",2,"Nordeste",25001,"Catolé do Rocha",123679,11018.5955039255,14,18,9,9,9,9,0,0,0,0,0,18,9,9,9,9,13,9.30733962484997,11.7254447784069,0.376714216525395,2020-04-06,2020,4
"6736","PB",2,"Nordeste",25001,"Catolé do Rocha",123679,11018.5955039255,15,24,13,11,11,13,0,0,0,0,0,24,13,11,11,13,18,9.30733962484997,11.7254447784069,0.369489090429261,2020-04-13,2020,4
"6737","PB",2,"Nordeste",25001,"Catolé do Rocha",123679,11018.5955039255,16,35,12,23,15,20,1,0,0,0,0,36,12,23,15,20,16,9.30733962484997,11.7254447784069,0.354534435448846,2020-04-20,2020,4
"6738","PB",2,"Nordeste",25001,"Catolé do Rocha",123679,11018.5955039255,17,34,12,22,15,19,0,0,0,0,0,34,12,22,15,19,14,9.30733962484997,11.7254447784069,0.348035194681225,2020-04-27,2020,4
"6739","PB",2,"Nordeste",25001,"Catolé do Rocha",123679,11018.5955039255,18,29,16,13,8,21,0,0,0,0,0,29,16,13,8,21,20,9.30733962484997,11.7254447784069,0.361380863674611,2020-05-04,2020,5
"6740","PB",2,"Nordeste",25001,"Catolé do Rocha",123679,11018.5955039255,19,37,18,19,17,20,0,0,0,0,0,37,18,19,17,20,18,9.30733962484997,11.7254447784069,0.394219766117095,2020-05-11,2020,5
"6741","PB",2,"Nordeste",25001,"Catolé do Rocha",123679,11018.5955039255,20,36,16,20,18,18,0,0,0,0,0,36,16,20,18,18,23,9.30733962484997,11.7254447784069,0.408028554417897,2020-05-18,2020,5
"6742","PB",2,"Nordeste",25001,"Catolé do Rocha",123679,11018.5955039255,21,34,11,23,15,19,1,0,0,0,0,35,11,23,15,19,19,9.30733962484997,11.7254447784069,0.400193207465651,2020-05-25,2020,5
"6743","PB",2,"Nordeste",25001,"Catolé do Rocha",123679,11018.5955039255,22,29,14,15,13,16,0,0,0,0,0,29,14,15,13,16,20,9.30733962484997,11.7254447784069,0.395454292414466,2020-06-01,2020,6
"6744","PB",2,"Nordeste",25001,"Catolé do Rocha",123679,11018.5955039255,23,25,12,13,10,15,0,0,0,0,0,25,12,13,10,15,19,9.30733962484997,11.7254447784069,0.387559808773604,2020-06-08,2020,6
"6745","PB",2,"Nordeste",25001,"Catolé do Rocha",123679,11018.5955039255,24,23,11,12,10,13,1,0,0,0,0,24,11,12,10,13,16,9.30733962484997,11.7254447784069,0.365088902541384,2020-06-15,2020,6
"6746","PB",2,"Nordeste",25001,"Catolé do Rocha",123679,11018.5955039255,25,29,11,18,11,18,1,0,0,0,0,30,11,18,11,18,17,9.30733962484997,11.7254447784069,0.349855480064137,2020-06-22,2020,6
"6747","PB",2,"Nordeste",25001,"Catolé do Rocha",123679,11018.5955039255,26,33,16,17,8,25,0,0,0,0,0,33,16,17,8,25,13,9.30733962484997,11.7254447784069,0.374324566454652,2020-06-29,2020,6
"6748","PB",2,"Nordeste",25001,"Catolé do Rocha",123679,11018.5955039255,27,28,12,16,9,19,1,0,0,0,0,29,12,16,9,19,24,9.30733962484997,11.7254447784069,0.39701442336374,2020-07-06,2020,7
"6749","PB",2,"Nordeste",25001,"Catolé do Rocha",123679,11018.5955039255,28,23,13,10,6,17,0,0,0,0,0,23,13,10,6,17,16,9.30733962484997,11.7254447784069,0.388934357007787,2020-07-13,2020,7
"6750","PB",2,"Nordeste",25001,"Catolé do Rocha",123679,11018.5955039255,29,27,13,14,11,16,0,0,0,0,0,27,13,14,11,16,17,9.30733962484997,11.7254447784069,0.401537374797134,2020-07-20,2020,7
"6751","PB",2,"Nordeste",25002,"Cajazeiras",178104,12329.1720102861,5,42,14,28,17,25,0,0,0,0,0,42,14,28,17,25,19,9.41972344145313,12.0901229283181,0.270394388607313,2020-02-03,2020,2
"6752","PB",2,"Nordeste",25002,"Cajazeiras",178104,12329.1720102861,6,44,14,30,18,26,0,0,0,0,0,44,14,30,18,26,19,9.41972344145313,12.0901229283181,0.254072571506585,2020-02-10,2020,2
"6753","PB",2,"Nordeste",25002,"Cajazeiras",178104,12329.1720102861,7,41,17,24,17,24,0,0,0,0,0,41,17,24,17,24,38,9.41972344145313,12.0901229283181,0.270032724937838,2020-02-17,2020,2
"6754","PB",2,"Nordeste",25002,"Cajazeiras",178104,12329.1720102861,8,43,19,24,13,30,0,0,0,0,0,43,19,24,13,30,24,9.41972344145313,12.0901229283181,0.312176043083812,2020-02-24,2020,2
"6755","PB",2,"Nordeste",25002,"Cajazeiras",178104,12329.1720102861,9,41,22,19,16,25,0,0,0,0,0,41,22,19,16,25,27,9.41972344145313,12.0901229283181,0.292429959657721,2020-03-02,2020,3
"6756","PB",2,"Nordeste",25002,"Cajazeiras",178104,12329.1720102861,10,48,14,34,22,26,0,0,0,0,0,48,14,34,22,26,22,9.41972344145313,12.0901229283181,0.313881701397909,2020-03-09,2020,3
"6757","PB",2,"Nordeste",25002,"Cajazeiras",178104,12329.1720102861,11,41,9,32,11,30,1,0,0,0,0,42,9,32,11,30,21,9.41972344145313,12.0901229283181,0.381185581438535,2020-03-16,2020,3
"6758","PB",2,"Nordeste",25002,"Cajazeiras",178104,12329.1720102861,12,36,14,22,11,25,1,0,0,0,0,37,14,22,11,25,29,9.41972344145313,12.0901229283181,0.485062207631772,2020-03-23,2020,3
"6759","PB",2,"Nordeste",25002,"Cajazeiras",178104,12329.1720102861,13,19,5,14,10,9,1,0,0,0,0,20,5,14,10,9,28,9.41972344145313,12.0901229283181,0.437366630184063,2020-03-30,2020,3
"6760","PB",2,"Nordeste",25002,"Cajazeiras",178104,12329.1720102861,14,19,7,12,8,11,0,0,0,0,0,19,7,12,8,11,29,9.41972344145313,12.0901229283181,0.417296560182764,2020-04-06,2020,4
"6761","PB",2,"Nordeste",25002,"Cajazeiras",178104,12329.1720102861,15,26,7,19,9,17,0,0,0,0,0,26,7,19,9,17,24,9.41972344145313,12.0901229283181,0.400914672713107,2020-04-13,2020,4
"6762","PB",2,"Nordeste",25002,"Cajazeiras",178104,12329.1720102861,16,30,14,16,16,14,0,0,0,0,0,30,14,16,16,14,24,9.41972344145313,12.0901229283181,0.390462239308828,2020-04-20,2020,4
"6763","PB",2,"Nordeste",25002,"Cajazeiras",178104,12329.1720102861,17,38,8,30,15,23,0,0,0,0,0,38,8,30,15,23,28,9.41972344145313,12.0901229283181,0.390459770882603,2020-04-27,2020,4
"6764","PB",2,"Nordeste",25002,"Cajazeiras",178104,12329.1720102861,18,27,11,16,15,12,0,0,0,0,0,27,11,16,15,12,22,9.41972344145313,12.0901229283181,0.399457227998263,2020-05-04,2020,5
"6765","PB",2,"Nordeste",25002,"Cajazeiras",178104,12329.1720102861,19,54,27,27,26,28,0,0,0,0,0,54,27,27,26,28,26,9.41972344145313,12.0901229283181,0.429814678505884,2020-05-11,2020,5
"6766","PB",2,"Nordeste",25002,"Cajazeiras",178104,12329.1720102861,20,48,23,25,23,25,0,0,0,0,0,48,23,25,23,25,22,9.41972344145313,12.0901229283181,0.417849445068405,2020-05-18,2020,5
"6767","PB",2,"Nordeste",25002,"Cajazeiras",178104,12329.1720102861,21,53,19,34,22,31,0,0,0,0,0,53,19,34,22,31,24,9.41972344145313,12.0901229283181,0.403840629658913,2020-05-25,2020,5
"6768","PB",2,"Nordeste",25002,"Cajazeiras",178104,12329.1720102861,22,43,15,28,13,30,0,0,0,0,0,43,15,28,13,30,23,9.41972344145313,12.0901229283181,0.387653256495902,2020-06-01,2020,6
"6769","PB",2,"Nordeste",25002,"Cajazeiras",178104,12329.1720102861,23,38,16,22,15,23,3,0,0,0,0,41,16,22,15,23,26,9.41972344145313,12.0901229283181,0.395710546510477,2020-06-08,2020,6
"6770","PB",2,"Nordeste",25002,"Cajazeiras",178104,12329.1720102861,24,51,16,35,20,31,0,0,0,0,0,51,16,35,20,31,33,9.41972344145313,12.0901229283181,0.373619617139205,2020-06-15,2020,6
"6771","PB",2,"Nordeste",25002,"Cajazeiras",178104,12329.1720102861,25,50,17,33,21,29,0,0,0,0,0,50,17,33,21,29,21,9.41972344145313,12.0901229283181,0.37426988766348,2020-06-22,2020,6
"6772","PB",2,"Nordeste",25002,"Cajazeiras",178104,12329.1720102861,26,40,15,25,11,29,1,0,0,0,0,41,15,25,11,29,33,9.41972344145313,12.0901229283181,0.404628208706482,2020-06-29,2020,6
"6773","PB",2,"Nordeste",25002,"Cajazeiras",178104,12329.1720102861,27,45,16,29,16,29,0,0,0,0,0,45,16,29,16,29,34,9.41972344145313,12.0901229283181,0.418539459444512,2020-07-06,2020,7
"6774","PB",2,"Nordeste",25002,"Cajazeiras",178104,12329.1720102861,28,43,18,25,14,29,0,0,0,0,0,43,18,25,14,29,26,9.41972344145313,12.0901229283181,0.409403277031104,2020-07-13,2020,7
"6775","PB",2,"Nordeste",25002,"Cajazeiras",178104,12329.1720102861,29,41,18,23,19,22,0,0,0,0,0,41,18,23,19,22,20,9.41972344145313,12.0901229283181,0.410336902168787,2020-07-20,2020,7
"6776","PB",2,"Nordeste",25003,"Sousa",190043,12301.1284292502,5,48,16,32,19,29,0,0,0,0,0,48,16,32,19,29,22,9.41744627936791,12.1550056413265,0.271388408701599,2020-02-03,2020,2
"6777","PB",2,"Nordeste",25003,"Sousa",190043,12301.1284292502,6,43,11,32,16,27,1,0,0,0,0,44,11,32,16,27,28,9.41744627936791,12.1550056413265,0.264754257706443,2020-02-10,2020,2
"6778","PB",2,"Nordeste",25003,"Sousa",190043,12301.1284292502,7,41,15,26,18,23,0,0,0,0,0,41,15,26,18,23,25,9.41744627936791,12.1550056413265,0.273956168618582,2020-02-17,2020,2
"6779","PB",2,"Nordeste",25003,"Sousa",190043,12301.1284292502,8,51,17,34,18,33,0,0,0,0,0,51,17,34,18,33,30,9.41744627936791,12.1550056413265,0.313529975391328,2020-02-24,2020,2
"6780","PB",2,"Nordeste",25003,"Sousa",190043,12301.1284292502,9,60,19,41,27,33,1,0,0,0,0,61,19,41,27,33,29,9.41744627936791,12.1550056413265,0.291217336507688,2020-03-02,2020,3
"6781","PB",2,"Nordeste",25003,"Sousa",190043,12301.1284292502,10,46,17,29,20,26,0,0,0,0,0,46,17,29,20,26,23,9.41744627936791,12.1550056413265,0.331670763395924,2020-03-09,2020,3
"6782","PB",2,"Nordeste",25003,"Sousa",190043,12301.1284292502,11,57,16,41,19,38,0,0,0,0,0,57,16,41,19,38,29,9.41744627936791,12.1550056413265,0.385247986108107,2020-03-16,2020,3
"6783","PB",2,"Nordeste",25003,"Sousa",190043,12301.1284292502,12,39,13,26,16,23,1,0,0,0,0,40,13,26,16,23,30,9.41744627936791,12.1550056413265,0.488329920119585,2020-03-23,2020,3
"6784","PB",2,"Nordeste",25003,"Sousa",190043,12301.1284292502,13,42,13,29,18,24,2,0,0,0,0,44,13,29,18,24,27,9.41744627936791,12.1550056413265,0.431587298746065,2020-03-30,2020,3
"6785","PB",2,"Nordeste",25003,"Sousa",190043,12301.1284292502,14,45,14,31,25,20,1,0,0,0,0,46,14,31,25,20,34,9.41744627936791,12.1550056413265,0.404277010194176,2020-04-06,2020,4
"6786","PB",2,"Nordeste",25003,"Sousa",190043,12301.1284292502,15,47,12,35,15,32,0,0,0,0,0,47,12,35,15,32,30,9.41744627936791,12.1550056413265,0.378910106736208,2020-04-13,2020,4
"6787","PB",2,"Nordeste",25003,"Sousa",190043,12301.1284292502,16,49,10,39,19,30,0,0,0,0,0,49,10,39,19,30,18,9.41744627936791,12.1550056413265,0.378541479469023,2020-04-20,2020,4
"6788","PB",2,"Nordeste",25003,"Sousa",190043,12301.1284292502,17,35,8,27,14,21,1,0,0,0,0,36,8,27,14,21,27,9.41744627936791,12.1550056413265,0.377249837730519,2020-04-27,2020,4
"6789","PB",2,"Nordeste",25003,"Sousa",190043,12301.1284292502,18,48,14,34,15,33,0,0,0,0,0,48,14,34,15,33,29,9.41744627936791,12.1550056413265,0.385577664795736,2020-05-04,2020,5
"6790","PB",2,"Nordeste",25003,"Sousa",190043,12301.1284292502,19,37,12,25,12,25,0,0,0,0,0,37,12,25,12,25,24,9.41744627936791,12.1550056413265,0.436976044463039,2020-05-11,2020,5
"6791","PB",2,"Nordeste",25003,"Sousa",190043,12301.1284292502,20,44,10,34,17,27,0,0,0,0,0,44,10,34,17,27,26,9.41744627936791,12.1550056413265,0.426523197126573,2020-05-18,2020,5
"6792","PB",2,"Nordeste",25003,"Sousa",190043,12301.1284292502,21,52,11,41,21,31,0,0,0,0,0,52,11,41,21,31,22,9.41744627936791,12.1550056413265,0.403942588151091,2020-05-25,2020,5
"6793","PB",2,"Nordeste",25003,"Sousa",190043,12301.1284292502,22,52,10,42,19,33,1,0,0,0,0,53,10,42,19,33,25,9.41744627936791,12.1550056413265,0.389805532973564,2020-06-01,2020,6
"6794","PB",2,"Nordeste",25003,"Sousa",190043,12301.1284292502,23,52,14,38,22,30,0,0,0,0,0,52,14,38,22,30,32,9.41744627936791,12.1550056413265,0.385396036482939,2020-06-08,2020,6
"6795","PB",2,"Nordeste",25003,"Sousa",190043,12301.1284292502,24,63,18,45,20,43,0,0,0,0,0,63,18,45,20,43,28,9.41744627936791,12.1550056413265,0.365586665590229,2020-06-15,2020,6
"6796","PB",2,"Nordeste",25003,"Sousa",190043,12301.1284292502,25,50,15,35,12,38,0,0,0,0,0,50,15,35,12,38,41,9.41744627936791,12.1550056413265,0.356961494368003,2020-06-22,2020,6
"6797","PB",2,"Nordeste",25003,"Sousa",190043,12301.1284292502,26,53,21,32,20,33,0,0,0,0,0,53,21,32,20,33,33,9.41744627936791,12.1550056413265,0.385377242314334,2020-06-29,2020,6
"6798","PB",2,"Nordeste",25003,"Sousa",190043,12301.1284292502,27,43,14,29,13,30,0,0,0,0,0,43,14,29,13,30,30,9.41744627936791,12.1550056413265,0.407280713406712,2020-07-06,2020,7
"6799","PB",2,"Nordeste",25003,"Sousa",190043,12301.1284292502,28,40,17,23,11,29,1,0,0,0,0,41,17,23,11,29,40,9.41744627936791,12.1550056413265,0.407363153999979,2020-07-13,2020,7
"6800","PB",2,"Nordeste",25003,"Sousa",190043,12301.1284292502,29,57,19,38,21,36,1,0,0,0,0,58,19,38,21,36,38,9.41744627936791,12.1550056413265,0.409028242212613,2020-07-20,2020,7
"6801","PB",2,"Nordeste",25004,"Patos",135227,14842.9946729573,5,32,8,24,14,18,0,0,0,0,0,32,8,24,14,18,22,9.60528329373211,11.8147101267948,0.257709763761868,2020-02-03,2020,2
"6802","PB",2,"Nordeste",25004,"Patos",135227,14842.9946729573,6,33,7,26,7,26,0,0,0,0,0,33,7,26,7,26,14,9.60528329373211,11.8147101267948,0.263582629233488,2020-02-10,2020,2
"6803","PB",2,"Nordeste",25004,"Patos",135227,14842.9946729573,7,37,9,28,17,20,0,0,0,0,0,37,9,28,17,20,14,9.60528329373211,11.8147101267948,0.269412219907254,2020-02-17,2020,2
"6804","PB",2,"Nordeste",25004,"Patos",135227,14842.9946729573,8,29,4,25,11,18,1,0,0,0,0,30,4,25,11,18,12,9.60528329373211,11.8147101267948,0.314405049524987,2020-02-24,2020,2
"6805","PB",2,"Nordeste",25004,"Patos",135227,14842.9946729573,9,34,6,28,11,23,0,0,0,0,0,34,6,28,11,23,21,9.60528329373211,11.8147101267948,0.282196348762837,2020-03-02,2020,3
"6806","PB",2,"Nordeste",25004,"Patos",135227,14842.9946729573,10,27,3,24,8,19,1,0,0,0,0,28,3,24,8,19,24,9.60528329373211,11.8147101267948,0.309378266322819,2020-03-09,2020,3
"6807","PB",2,"Nordeste",25004,"Patos",135227,14842.9946729573,11,33,11,22,17,16,0,0,0,0,0,33,11,22,17,16,14,9.60528329373211,11.8147101267948,0.372405615978831,2020-03-16,2020,3
"6808","PB",2,"Nordeste",25004,"Patos",135227,14842.9946729573,12,28,5,23,10,18,0,0,0,0,0,28,5,23,10,18,12,9.60528329373211,11.8147101267948,0.495419310694604,2020-03-23,2020,3
"6809","PB",2,"Nordeste",25004,"Patos",135227,14842.9946729573,13,28,6,22,15,13,0,0,0,0,0,28,6,22,15,13,17,9.60528329373211,11.8147101267948,0.459913578876517,2020-03-30,2020,3
"6810","PB",2,"Nordeste",25004,"Patos",135227,14842.9946729573,14,32,4,28,11,21,0,0,0,0,0,32,4,28,11,21,21,9.60528329373211,11.8147101267948,0.439158242569783,2020-04-06,2020,4
"6811","PB",2,"Nordeste",25004,"Patos",135227,14842.9946729573,15,25,3,22,7,18,1,0,0,0,0,26,3,22,7,18,16,9.60528329373211,11.8147101267948,0.40490610723836,2020-04-13,2020,4
"6812","PB",2,"Nordeste",25004,"Patos",135227,14842.9946729573,16,29,3,26,13,16,0,0,0,0,0,29,3,26,13,16,11,9.60528329373211,11.8147101267948,0.39996326326422,2020-04-20,2020,4
"6813","PB",2,"Nordeste",25004,"Patos",135227,14842.9946729573,17,27,6,21,14,13,1,0,0,0,0,28,6,21,14,13,25,9.60528329373211,11.8147101267948,0.38445121423031,2020-04-27,2020,4
"6814","PB",2,"Nordeste",25004,"Patos",135227,14842.9946729573,18,37,6,31,15,22,0,0,0,0,0,37,6,31,15,22,23,9.60528329373211,11.8147101267948,0.417914875398511,2020-05-04,2020,5
"6815","PB",2,"Nordeste",25004,"Patos",135227,14842.9946729573,19,32,8,24,7,25,1,0,0,0,0,33,8,24,7,25,22,9.60528329373211,11.8147101267948,0.463746405226841,2020-05-11,2020,5
"6816","PB",2,"Nordeste",25004,"Patos",135227,14842.9946729573,20,33,11,22,13,20,1,0,0,0,0,34,11,22,13,20,32,9.60528329373211,11.8147101267948,0.441487672242793,2020-05-18,2020,5
"6817","PB",2,"Nordeste",25004,"Patos",135227,14842.9946729573,21,35,9,26,10,25,0,0,0,0,0,35,9,26,10,25,24,9.60528329373211,11.8147101267948,0.416587071785337,2020-05-25,2020,5
"6818","PB",2,"Nordeste",25004,"Patos",135227,14842.9946729573,22,37,9,28,15,22,3,0,0,0,0,40,9,28,15,22,25,9.60528329373211,11.8147101267948,0.402920714181275,2020-06-01,2020,6
"6819","PB",2,"Nordeste",25004,"Patos",135227,14842.9946729573,23,50,9,41,17,33,2,0,0,0,0,52,9,41,17,33,26,9.60528329373211,11.8147101267948,0.402885246158585,2020-06-08,2020,6
"6820","PB",2,"Nordeste",25004,"Patos",135227,14842.9946729573,24,41,6,35,13,28,0,0,0,0,0,41,6,35,13,28,21,9.60528329373211,11.8147101267948,0.37033684718232,2020-06-15,2020,6
"6821","PB",2,"Nordeste",25004,"Patos",135227,14842.9946729573,25,30,8,22,14,16,1,0,0,0,0,31,8,22,14,16,19,9.60528329373211,11.8147101267948,0.378446725841089,2020-06-22,2020,6
"6822","PB",2,"Nordeste",25004,"Patos",135227,14842.9946729573,26,42,8,34,14,28,0,0,0,0,0,42,8,34,14,28,20,9.60528329373211,11.8147101267948,0.387585247911652,2020-06-29,2020,6
"6823","PB",2,"Nordeste",25004,"Patos",135227,14842.9946729573,27,35,6,29,18,17,0,0,0,0,0,35,6,29,18,17,20,9.60528329373211,11.8147101267948,0.400596165061749,2020-07-06,2020,7
"6824","PB",2,"Nordeste",25004,"Patos",135227,14842.9946729573,28,24,4,20,10,14,0,0,0,0,0,24,4,20,10,14,20,9.60528329373211,11.8147101267948,0.396665920366371,2020-07-13,2020,7
"6825","PB",2,"Nordeste",25004,"Patos",135227,14842.9946729573,29,30,10,20,8,22,0,0,0,0,0,30,10,20,8,22,20,9.60528329373211,11.8147101267948,0.393812546351998,2020-07-20,2020,7
"6826","PB",2,"Nordeste",25005,"Piancó",71129,9361.78627100058,5,11,4,7,7,4,0,0,0,0,0,11,4,7,7,4,6,9.14439139218269,11.1722504088631,0.293314277795694,2020-02-03,2020,2
"6827","PB",2,"Nordeste",25005,"Piancó",71129,9361.78627100058,6,14,3,11,5,9,0,0,0,0,0,14,3,11,5,9,3,9.14439139218269,11.1722504088631,0.27216059685313,2020-02-10,2020,2
"6828","PB",2,"Nordeste",25005,"Piancó",71129,9361.78627100058,7,12,5,7,5,7,0,0,0,0,0,12,5,7,5,7,10,9.14439139218269,11.1722504088631,0.267024201083922,2020-02-17,2020,2
"6829","PB",2,"Nordeste",25005,"Piancó",71129,9361.78627100058,8,20,6,14,8,12,0,0,0,0,0,20,6,14,8,12,11,9.14439139218269,11.1722504088631,0.317750973839043,2020-02-24,2020,2
"6830","PB",2,"Nordeste",25005,"Piancó",71129,9361.78627100058,9,20,7,13,11,9,0,0,0,0,0,20,7,13,11,9,8,9.14439139218269,11.1722504088631,0.30222921282258,2020-03-02,2020,3
"6831","PB",2,"Nordeste",25005,"Piancó",71129,9361.78627100058,10,12,7,5,6,6,0,0,0,0,0,12,7,5,6,6,10,9.14439139218269,11.1722504088631,0.315416543745718,2020-03-09,2020,3
"6832","PB",2,"Nordeste",25005,"Piancó",71129,9361.78627100058,11,11,5,6,2,9,0,0,0,0,0,11,5,6,2,9,9,9.14439139218269,11.1722504088631,0.375781394278375,2020-03-16,2020,3
"6833","PB",2,"Nordeste",25005,"Piancó",71129,9361.78627100058,12,11,2,9,1,10,0,0,0,0,0,11,2,9,1,10,11,9.14439139218269,11.1722504088631,0.476393757381294,2020-03-23,2020,3
"6834","PB",2,"Nordeste",25005,"Piancó",71129,9361.78627100058,13,19,8,11,8,11,0,0,0,0,0,19,8,11,8,11,12,9.14439139218269,11.1722504088631,0.42562495225775,2020-03-30,2020,3
"6835","PB",2,"Nordeste",25005,"Piancó",71129,9361.78627100058,14,13,1,12,3,10,0,0,0,0,0,13,1,12,3,10,11,9.14439139218269,11.1722504088631,0.407444363218269,2020-04-06,2020,4
"6836","PB",2,"Nordeste",25005,"Piancó",71129,9361.78627100058,15,13,3,10,7,6,0,0,0,0,0,13,3,10,7,6,13,9.14439139218269,11.1722504088631,0.374920779159848,2020-04-13,2020,4
"6837","PB",2,"Nordeste",25005,"Piancó",71129,9361.78627100058,16,17,2,15,8,9,0,0,0,0,0,17,2,15,8,9,11,9.14439139218269,11.1722504088631,0.362085988991814,2020-04-20,2020,4
"6838","PB",2,"Nordeste",25005,"Piancó",71129,9361.78627100058,17,19,8,11,8,11,0,0,0,0,0,19,8,11,8,11,6,9.14439139218269,11.1722504088631,0.368045461395773,2020-04-27,2020,4
"6839","PB",2,"Nordeste",25005,"Piancó",71129,9361.78627100058,18,18,2,16,9,9,1,0,0,0,0,19,2,16,9,9,13,9.14439139218269,11.1722504088631,0.405476679377431,2020-05-04,2020,5
"6840","PB",2,"Nordeste",25005,"Piancó",71129,9361.78627100058,19,17,5,12,5,12,0,0,0,0,0,17,5,12,5,12,13,9.14439139218269,11.1722504088631,0.421736427595971,2020-05-11,2020,5
"6841","PB",2,"Nordeste",25005,"Piancó",71129,9361.78627100058,20,21,11,10,9,12,0,0,0,0,0,21,11,10,9,12,9,9.14439139218269,11.1722504088631,0.402768490609089,2020-05-18,2020,5
"6842","PB",2,"Nordeste",25005,"Piancó",71129,9361.78627100058,21,15,4,11,6,9,1,0,0,0,0,16,4,11,6,9,10,9.14439139218269,11.1722504088631,0.379984595861457,2020-05-25,2020,5
"6843","PB",2,"Nordeste",25005,"Piancó",71129,9361.78627100058,22,18,8,10,11,7,0,0,0,0,0,18,8,10,11,7,11,9.14439139218269,11.1722504088631,0.37114567075042,2020-06-01,2020,6
"6844","PB",2,"Nordeste",25005,"Piancó",71129,9361.78627100058,23,11,5,6,6,5,1,0,0,0,0,12,5,6,6,5,8,9.14439139218269,11.1722504088631,0.372507217433976,2020-06-08,2020,6
"6845","PB",2,"Nordeste",25005,"Piancó",71129,9361.78627100058,24,11,6,5,5,6,0,0,0,0,0,11,6,5,5,6,13,9.14439139218269,11.1722504088631,0.358944883969264,2020-06-15,2020,6
"6846","PB",2,"Nordeste",25005,"Piancó",71129,9361.78627100058,25,17,4,13,6,11,0,0,0,0,0,17,4,13,6,11,11,9.14439139218269,11.1722504088631,0.352278902639756,2020-06-22,2020,6
"6847","PB",2,"Nordeste",25005,"Piancó",71129,9361.78627100058,26,19,4,15,11,8,0,0,0,0,0,19,4,15,11,8,7,9.14439139218269,11.1722504088631,0.377585083690494,2020-06-29,2020,6
"6848","PB",2,"Nordeste",25005,"Piancó",71129,9361.78627100058,27,22,6,16,9,13,0,0,0,0,0,22,6,16,9,13,9,9.14439139218269,11.1722504088631,0.391609610661676,2020-07-06,2020,7
"6849","PB",2,"Nordeste",25005,"Piancó",71129,9361.78627100058,28,11,6,5,6,5,0,0,0,0,0,11,6,5,6,5,11,9.14439139218269,11.1722504088631,0.387450867048255,2020-07-13,2020,7
"6850","PB",2,"Nordeste",25005,"Piancó",71129,9361.78627100058,29,18,10,8,7,11,1,0,0,0,0,19,10,8,7,11,16,9.14439139218269,11.1722504088631,0.40546301318674,2020-07-20,2020,7
"6851","PB",2,"Nordeste",25006,"Itaporanga",85901,9315.24073573067,5,25,9,16,10,15,0,0,0,0,0,25,9,16,10,15,9,9.1394071265805,11.3609507493481,0.263863293050142,2020-02-03,2020,2
"6852","PB",2,"Nordeste",25006,"Itaporanga",85901,9315.24073573067,6,22,6,16,9,13,0,0,0,0,0,22,6,16,9,13,8,9.1394071265805,11.3609507493481,0.255022510708751,2020-02-10,2020,2
"6853","PB",2,"Nordeste",25006,"Itaporanga",85901,9315.24073573067,7,21,8,13,8,13,0,0,0,0,0,21,8,13,8,13,8,9.1394071265805,11.3609507493481,0.256286499215971,2020-02-17,2020,2
"6854","PB",2,"Nordeste",25006,"Itaporanga",85901,9315.24073573067,8,18,10,8,11,7,0,0,0,0,0,18,10,8,11,7,8,9.1394071265805,11.3609507493481,0.29962355805646,2020-02-24,2020,2
"6855","PB",2,"Nordeste",25006,"Itaporanga",85901,9315.24073573067,9,22,11,11,10,12,0,0,0,0,0,22,11,11,10,12,7,9.1394071265805,11.3609507493481,0.293049756367073,2020-03-02,2020,3
"6856","PB",2,"Nordeste",25006,"Itaporanga",85901,9315.24073573067,10,13,5,8,5,8,1,0,0,0,0,14,5,8,5,8,5,9.1394071265805,11.3609507493481,0.316496976801919,2020-03-09,2020,3
"6857","PB",2,"Nordeste",25006,"Itaporanga",85901,9315.24073573067,11,14,5,9,7,7,0,0,0,0,0,14,5,9,7,7,11,9.1394071265805,11.3609507493481,0.35942443886632,2020-03-16,2020,3
"6858","PB",2,"Nordeste",25006,"Itaporanga",85901,9315.24073573067,12,19,8,11,7,12,0,0,0,0,0,19,8,11,7,12,12,9.1394071265805,11.3609507493481,0.467509969257491,2020-03-23,2020,3
"6859","PB",2,"Nordeste",25006,"Itaporanga",85901,9315.24073573067,13,18,5,13,6,12,0,0,0,0,0,18,5,13,6,12,13,9.1394071265805,11.3609507493481,0.400954888621909,2020-03-30,2020,3
"6860","PB",2,"Nordeste",25006,"Itaporanga",85901,9315.24073573067,14,16,2,14,10,6,0,0,0,0,0,16,2,14,10,6,13,9.1394071265805,11.3609507493481,0.383792191543871,2020-04-06,2020,4
"6861","PB",2,"Nordeste",25006,"Itaporanga",85901,9315.24073573067,15,24,7,17,10,14,1,0,0,0,0,25,7,17,10,14,11,9.1394071265805,11.3609507493481,0.381002048796573,2020-04-13,2020,4
"6862","PB",2,"Nordeste",25006,"Itaporanga",85901,9315.24073573067,16,19,3,16,7,12,0,0,0,0,0,19,3,16,7,12,15,9.1394071265805,11.3609507493481,0.368427942271718,2020-04-20,2020,4
"6863","PB",2,"Nordeste",25006,"Itaporanga",85901,9315.24073573067,17,16,7,9,8,8,0,0,0,0,0,16,7,9,8,8,7,9.1394071265805,11.3609507493481,0.37583933552178,2020-04-27,2020,4
"6864","PB",2,"Nordeste",25006,"Itaporanga",85901,9315.24073573067,18,20,8,12,9,11,0,0,0,0,0,20,8,12,9,11,8,9.1394071265805,11.3609507493481,0.398542651754977,2020-05-04,2020,5
"6865","PB",2,"Nordeste",25006,"Itaporanga",85901,9315.24073573067,19,22,11,11,15,7,0,0,0,0,0,22,11,11,15,7,12,9.1394071265805,11.3609507493481,0.408734644169093,2020-05-11,2020,5
"6866","PB",2,"Nordeste",25006,"Itaporanga",85901,9315.24073573067,20,18,7,11,5,13,0,0,0,0,0,18,7,11,5,13,11,9.1394071265805,11.3609507493481,0.415604973809994,2020-05-18,2020,5
"6867","PB",2,"Nordeste",25006,"Itaporanga",85901,9315.24073573067,21,22,9,13,7,15,0,0,0,0,0,22,9,13,7,15,5,9.1394071265805,11.3609507493481,0.39771668680656,2020-05-25,2020,5
"6868","PB",2,"Nordeste",25006,"Itaporanga",85901,9315.24073573067,22,34,15,19,19,15,0,0,0,0,0,34,15,19,19,15,9,9.1394071265805,11.3609507493481,0.377583774258455,2020-06-01,2020,6
"6869","PB",2,"Nordeste",25006,"Itaporanga",85901,9315.24073573067,23,31,15,16,11,20,0,0,0,0,0,31,15,16,11,20,6,9.1394071265805,11.3609507493481,0.376731088749084,2020-06-08,2020,6
"6870","PB",2,"Nordeste",25006,"Itaporanga",85901,9315.24073573067,24,22,7,15,6,16,0,0,0,0,0,22,7,15,6,16,6,9.1394071265805,11.3609507493481,0.369570573425996,2020-06-15,2020,6
"6871","PB",2,"Nordeste",25006,"Itaporanga",85901,9315.24073573067,25,13,6,7,5,8,0,0,0,0,0,13,6,7,5,8,11,9.1394071265805,11.3609507493481,0.357190768469959,2020-06-22,2020,6
"6872","PB",2,"Nordeste",25006,"Itaporanga",85901,9315.24073573067,26,25,9,16,11,14,0,0,0,0,0,25,9,16,11,14,13,9.1394071265805,11.3609507493481,0.393371039840104,2020-06-29,2020,6
"6873","PB",2,"Nordeste",25006,"Itaporanga",85901,9315.24073573067,27,22,6,16,6,16,0,0,0,0,0,22,6,16,6,16,10,9.1394071265805,11.3609507493481,0.410824423716365,2020-07-06,2020,7
"6874","PB",2,"Nordeste",25006,"Itaporanga",85901,9315.24073573067,28,13,4,9,7,6,0,0,0,0,0,13,4,9,7,6,16,9.1394071265805,11.3609507493481,0.413306931503617,2020-07-13,2020,7
"6875","PB",2,"Nordeste",25006,"Itaporanga",85901,9315.24073573067,29,22,6,16,11,11,0,0,0,0,0,22,6,16,11,11,17,9.1394071265805,11.3609507493481,0.420610501556643,2020-07-20,2020,7
"6876","PB",2,"Nordeste",25007,"Serra do Teixeira",122625,8105.79800913354,5,25,8,17,10,15,0,0,0,0,0,25,8,17,10,15,16,9.00033488819206,11.7168861968677,0.28198349276875,2020-02-03,2020,2
"6877","PB",2,"Nordeste",25007,"Serra do Teixeira",122625,8105.79800913354,6,31,10,21,13,18,2,0,0,0,0,33,10,21,13,18,13,9.00033488819206,11.7168861968677,0.292418294760965,2020-02-10,2020,2
"6878","PB",2,"Nordeste",25007,"Serra do Teixeira",122625,8105.79800913354,7,31,13,18,9,22,0,0,0,0,0,31,13,18,9,22,16,9.00033488819206,11.7168861968677,0.296135264558243,2020-02-17,2020,2
"6879","PB",2,"Nordeste",25007,"Serra do Teixeira",122625,8105.79800913354,8,30,8,22,10,20,1,0,0,0,0,31,8,22,10,20,18,9.00033488819206,11.7168861968677,0.319796976813542,2020-02-24,2020,2
"6880","PB",2,"Nordeste",25007,"Serra do Teixeira",122625,8105.79800913354,9,35,8,27,11,24,0,0,0,0,0,35,8,27,11,24,17,9.00033488819206,11.7168861968677,0.303520700074885,2020-03-02,2020,3
"6881","PB",2,"Nordeste",25007,"Serra do Teixeira",122625,8105.79800913354,10,24,10,14,8,16,0,0,0,0,0,24,10,14,8,16,20,9.00033488819206,11.7168861968677,0.326363793802473,2020-03-09,2020,3
"6882","PB",2,"Nordeste",25007,"Serra do Teixeira",122625,8105.79800913354,11,27,9,18,10,17,0,0,0,0,0,27,9,18,10,17,11,9.00033488819206,11.7168861968677,0.397060956229464,2020-03-16,2020,3
"6883","PB",2,"Nordeste",25007,"Serra do Teixeira",122625,8105.79800913354,12,32,7,25,16,16,1,0,0,0,0,33,7,25,16,16,17,9.00033488819206,11.7168861968677,0.491625640962939,2020-03-23,2020,3
"6884","PB",2,"Nordeste",25007,"Serra do Teixeira",122625,8105.79800913354,13,23,8,15,11,12,0,0,0,0,0,23,8,15,11,12,15,9.00033488819206,11.7168861968677,0.435534270529558,2020-03-30,2020,3
"6885","PB",2,"Nordeste",25007,"Serra do Teixeira",122625,8105.79800913354,14,29,8,21,18,11,0,0,0,0,0,29,8,21,18,11,8,9.00033488819206,11.7168861968677,0.423199522147869,2020-04-06,2020,4
"6886","PB",2,"Nordeste",25007,"Serra do Teixeira",122625,8105.79800913354,15,29,9,20,16,13,2,0,0,0,0,31,9,20,16,13,11,9.00033488819206,11.7168861968677,0.398679144602038,2020-04-13,2020,4
"6887","PB",2,"Nordeste",25007,"Serra do Teixeira",122625,8105.79800913354,16,34,10,24,15,19,0,0,0,0,0,34,10,24,15,19,14,9.00033488819206,11.7168861968677,0.383498164562974,2020-04-20,2020,4
"6888","PB",2,"Nordeste",25007,"Serra do Teixeira",122625,8105.79800913354,17,47,15,32,20,27,2,0,0,0,0,49,15,32,20,27,13,9.00033488819206,11.7168861968677,0.397308233385322,2020-04-27,2020,4
"6889","PB",2,"Nordeste",25007,"Serra do Teixeira",122625,8105.79800913354,18,34,7,27,15,19,0,0,0,0,0,34,7,27,15,19,16,9.00033488819206,11.7168861968677,0.417246486101066,2020-05-04,2020,5
"6890","PB",2,"Nordeste",25007,"Serra do Teixeira",122625,8105.79800913354,19,28,8,20,11,17,0,0,0,0,0,28,8,20,11,17,16,9.00033488819206,11.7168861968677,0.442903690962773,2020-05-11,2020,5
"6891","PB",2,"Nordeste",25007,"Serra do Teixeira",122625,8105.79800913354,20,32,13,19,13,19,0,0,0,0,0,32,13,19,13,19,15,9.00033488819206,11.7168861968677,0.42946989362259,2020-05-18,2020,5
"6892","PB",2,"Nordeste",25007,"Serra do Teixeira",122625,8105.79800913354,21,34,18,16,19,15,0,0,0,0,0,34,18,16,19,15,10,9.00033488819206,11.7168861968677,0.419810417471866,2020-05-25,2020,5
"6893","PB",2,"Nordeste",25007,"Serra do Teixeira",122625,8105.79800913354,22,52,20,32,29,23,0,0,0,0,0,52,20,32,29,23,11,9.00033488819206,11.7168861968677,0.403423385347322,2020-06-01,2020,6
"6894","PB",2,"Nordeste",25007,"Serra do Teixeira",122625,8105.79800913354,23,34,13,21,15,19,0,0,0,0,0,34,13,21,15,19,21,9.00033488819206,11.7168861968677,0.40192576536355,2020-06-08,2020,6
"6895","PB",2,"Nordeste",25007,"Serra do Teixeira",122625,8105.79800913354,24,44,19,25,18,26,1,0,0,0,0,45,19,25,18,26,18,9.00033488819206,11.7168861968677,0.388764790700953,2020-06-15,2020,6
"6896","PB",2,"Nordeste",25007,"Serra do Teixeira",122625,8105.79800913354,25,34,13,21,8,26,1,0,0,0,0,35,13,21,8,26,23,9.00033488819206,11.7168861968677,0.379607839492458,2020-06-22,2020,6
"6897","PB",2,"Nordeste",25007,"Serra do Teixeira",122625,8105.79800913354,26,41,18,23,17,24,0,0,0,0,0,41,18,23,17,24,18,9.00033488819206,11.7168861968677,0.409070791434767,2020-06-29,2020,6
"6898","PB",2,"Nordeste",25007,"Serra do Teixeira",122625,8105.79800913354,27,30,9,21,11,19,0,0,0,0,0,30,9,21,11,19,15,9.00033488819206,11.7168861968677,0.432261784819421,2020-07-06,2020,7
"6899","PB",2,"Nordeste",25007,"Serra do Teixeira",122625,8105.79800913354,28,33,14,19,18,15,0,0,0,0,0,33,14,19,18,15,12,9.00033488819206,11.7168861968677,0.416661108414458,2020-07-13,2020,7
"6900","PB",2,"Nordeste",25007,"Serra do Teixeira",122625,8105.79800913354,29,40,16,24,13,27,0,0,0,0,0,40,16,24,13,27,21,9.00033488819206,11.7168861968677,0.437422626481674,2020-07-20,2020,7
"6901","PB",2,"Nordeste",25008,"Seridó Ocidental Paraibano",41242,13335.0921739974,5,7,1,6,3,4,0,0,0,0,0,7,1,6,3,4,6,9.49815434877801,10.6272124335602,0.264125030082553,2020-02-03,2020,2
"6902","PB",2,"Nordeste",25008,"Seridó Ocidental Paraibano",41242,13335.0921739974,6,7,2,5,5,2,0,0,0,0,0,7,2,5,5,2,5,9.49815434877801,10.6272124335602,0.26231580667041,2020-02-10,2020,2
"6903","PB",2,"Nordeste",25008,"Seridó Ocidental Paraibano",41242,13335.0921739974,7,9,4,5,5,4,1,0,0,0,0,10,4,5,5,4,5,9.49815434877801,10.6272124335602,0.280088172233714,2020-02-17,2020,2
"6904","PB",2,"Nordeste",25008,"Seridó Ocidental Paraibano",41242,13335.0921739974,8,10,3,7,4,6,0,0,0,0,0,10,3,7,4,6,6,9.49815434877801,10.6272124335602,0.32046185554157,2020-02-24,2020,2
"6905","PB",2,"Nordeste",25008,"Seridó Ocidental Paraibano",41242,13335.0921739974,9,11,1,10,6,5,0,0,0,0,0,11,1,10,6,5,4,9.49815434877801,10.6272124335602,0.292320890499623,2020-03-02,2020,3
"6906","PB",2,"Nordeste",25008,"Seridó Ocidental Paraibano",41242,13335.0921739974,10,10,1,9,1,9,0,0,0,0,0,10,1,9,1,9,1,9.49815434877801,10.6272124335602,0.314259302261614,2020-03-09,2020,3
"6907","PB",2,"Nordeste",25008,"Seridó Ocidental Paraibano",41242,13335.0921739974,11,9,2,7,4,5,0,0,0,0,0,9,2,7,4,5,8,9.49815434877801,10.6272124335602,0.390492264373022,2020-03-16,2020,3
"6908","PB",2,"Nordeste",25008,"Seridó Ocidental Paraibano",41242,13335.0921739974,12,7,1,6,0,7,0,0,0,0,0,7,1,6,0,7,6,9.49815434877801,10.6272124335602,0.475974558689023,2020-03-23,2020,3
"6909","PB",2,"Nordeste",25008,"Seridó Ocidental Paraibano",41242,13335.0921739974,13,8,0,8,5,3,0,0,0,0,0,8,0,8,5,3,4,9.49815434877801,10.6272124335602,0.463981932483703,2020-03-30,2020,3
"6910","PB",2,"Nordeste",25008,"Seridó Ocidental Paraibano",41242,13335.0921739974,14,9,4,5,2,7,0,0,0,0,0,9,4,5,2,7,5,9.49815434877801,10.6272124335602,0.434430996855473,2020-04-06,2020,4
"6911","PB",2,"Nordeste",25008,"Seridó Ocidental Paraibano",41242,13335.0921739974,15,10,6,4,5,5,0,0,0,0,0,10,6,4,5,5,4,9.49815434877801,10.6272124335602,0.418211403965101,2020-04-13,2020,4
"6912","PB",2,"Nordeste",25008,"Seridó Ocidental Paraibano",41242,13335.0921739974,16,11,3,8,7,4,0,0,0,0,0,11,3,8,7,4,6,9.49815434877801,10.6272124335602,0.409654721498679,2020-04-20,2020,4
"6913","PB",2,"Nordeste",25008,"Seridó Ocidental Paraibano",41242,13335.0921739974,17,10,1,9,2,8,0,0,0,0,0,10,1,9,2,8,2,9.49815434877801,10.6272124335602,0.384768884082383,2020-04-27,2020,4
"6914","PB",2,"Nordeste",25008,"Seridó Ocidental Paraibano",41242,13335.0921739974,18,13,3,10,6,7,1,0,0,0,0,14,3,10,6,7,2,9.49815434877801,10.6272124335602,0.40481610100583,2020-05-04,2020,5
"6915","PB",2,"Nordeste",25008,"Seridó Ocidental Paraibano",41242,13335.0921739974,19,5,1,4,1,4,0,0,0,0,0,5,1,4,1,4,7,9.49815434877801,10.6272124335602,0.476699236519842,2020-05-11,2020,5
"6916","PB",2,"Nordeste",25008,"Seridó Ocidental Paraibano",41242,13335.0921739974,20,6,1,5,3,3,0,0,0,0,0,6,1,5,3,3,9,9.49815434877801,10.6272124335602,0.469399492557575,2020-05-18,2020,5
"6917","PB",2,"Nordeste",25008,"Seridó Ocidental Paraibano",41242,13335.0921739974,21,9,1,8,6,3,0,0,0,0,0,9,1,8,6,3,9,9.49815434877801,10.6272124335602,0.434142495190291,2020-05-25,2020,5
"6918","PB",2,"Nordeste",25008,"Seridó Ocidental Paraibano",41242,13335.0921739974,22,12,1,11,3,9,0,0,0,0,0,12,1,11,3,9,7,9.49815434877801,10.6272124335602,0.408602807293109,2020-06-01,2020,6
"6919","PB",2,"Nordeste",25008,"Seridó Ocidental Paraibano",41242,13335.0921739974,23,5,1,4,1,4,0,0,0,0,0,5,1,4,1,4,4,9.49815434877801,10.6272124335602,0.404394114579081,2020-06-08,2020,6
"6920","PB",2,"Nordeste",25008,"Seridó Ocidental Paraibano",41242,13335.0921739974,24,7,2,5,4,3,0,0,0,0,0,7,2,5,4,3,6,9.49815434877801,10.6272124335602,0.378333953720244,2020-06-15,2020,6
"6921","PB",2,"Nordeste",25008,"Seridó Ocidental Paraibano",41242,13335.0921739974,25,6,1,5,4,2,0,0,0,0,0,6,1,5,4,2,9,9.49815434877801,10.6272124335602,0.369953720072875,2020-06-22,2020,6
"6922","PB",2,"Nordeste",25008,"Seridó Ocidental Paraibano",41242,13335.0921739974,26,10,4,6,6,4,1,0,0,0,0,11,4,6,6,4,2,9.49815434877801,10.6272124335602,0.384173257172571,2020-06-29,2020,6
"6923","PB",2,"Nordeste",25008,"Seridó Ocidental Paraibano",41242,13335.0921739974,27,7,3,4,1,6,0,0,0,0,0,7,3,4,1,6,3,9.49815434877801,10.6272124335602,0.416391640792034,2020-07-06,2020,7
"6924","PB",2,"Nordeste",25008,"Seridó Ocidental Paraibano",41242,13335.0921739974,28,7,1,6,2,5,0,0,0,0,0,7,1,6,2,5,6,9.49815434877801,10.6272124335602,0.413786760619975,2020-07-13,2020,7
"6925","PB",2,"Nordeste",25008,"Seridó Ocidental Paraibano",41242,13335.0921739974,29,8,3,5,2,6,0,0,0,0,0,8,3,5,2,6,6,9.49815434877801,10.6272124335602,0.402688122342584,2020-07-20,2020,7
"6926","PB",2,"Nordeste",25009,"Seridó Oriental Paraibano",79590,8986.2966089961,5,18,6,12,6,12,0,0,0,0,0,18,6,12,6,12,13,9.1034560969861,11.2846437357999,0.28121721111833,2020-02-03,2020,2
"6927","PB",2,"Nordeste",25009,"Seridó Oriental Paraibano",79590,8986.2966089961,6,20,7,13,13,7,0,0,0,0,0,20,7,13,13,7,1,9.1034560969861,11.2846437357999,0.27114938936411,2020-02-10,2020,2
"6928","PB",2,"Nordeste",25009,"Seridó Oriental Paraibano",79590,8986.2966089961,7,15,4,11,8,7,0,0,0,0,0,15,4,11,8,7,5,9.1034560969861,11.2846437357999,0.279653098943091,2020-02-17,2020,2
"6929","PB",2,"Nordeste",25009,"Seridó Oriental Paraibano",79590,8986.2966089961,8,17,1,16,5,12,0,0,0,0,0,17,1,16,5,12,9,9.1034560969861,11.2846437357999,0.313667205413516,2020-02-24,2020,2
"6930","PB",2,"Nordeste",25009,"Seridó Oriental Paraibano",79590,8986.2966089961,9,16,8,8,5,11,0,0,0,0,0,16,8,8,5,11,5,9.1034560969861,11.2846437357999,0.286649834776365,2020-03-02,2020,3
"6931","PB",2,"Nordeste",25009,"Seridó Oriental Paraibano",79590,8986.2966089961,10,17,7,10,8,9,0,0,0,0,0,17,7,10,8,9,12,9.1034560969861,11.2846437357999,0.322216290200358,2020-03-09,2020,3
"6932","PB",2,"Nordeste",25009,"Seridó Oriental Paraibano",79590,8986.2966089961,11,17,3,14,8,9,0,0,0,0,0,17,3,14,8,9,10,9.1034560969861,11.2846437357999,0.384291267022155,2020-03-16,2020,3
"6933","PB",2,"Nordeste",25009,"Seridó Oriental Paraibano",79590,8986.2966089961,12,19,6,13,6,13,0,0,0,0,0,19,6,13,6,13,13,9.1034560969861,11.2846437357999,0.474764224083592,2020-03-23,2020,3
"6934","PB",2,"Nordeste",25009,"Seridó Oriental Paraibano",79590,8986.2966089961,13,15,6,9,4,11,0,0,0,0,0,15,6,9,4,11,11,9.1034560969861,11.2846437357999,0.432769188155354,2020-03-30,2020,3
"6935","PB",2,"Nordeste",25009,"Seridó Oriental Paraibano",79590,8986.2966089961,14,31,12,19,16,15,0,0,0,0,0,31,12,19,16,15,8,9.1034560969861,11.2846437357999,0.411710968759657,2020-04-06,2020,4
"6936","PB",2,"Nordeste",25009,"Seridó Oriental Paraibano",79590,8986.2966089961,15,17,4,13,11,6,1,0,0,0,0,18,4,13,11,6,10,9.1034560969861,11.2846437357999,0.393265808826942,2020-04-13,2020,4
"6937","PB",2,"Nordeste",25009,"Seridó Oriental Paraibano",79590,8986.2966089961,16,18,7,11,6,12,0,0,0,0,0,18,7,11,6,12,12,9.1034560969861,11.2846437357999,0.389302591136464,2020-04-20,2020,4
"6938","PB",2,"Nordeste",25009,"Seridó Oriental Paraibano",79590,8986.2966089961,17,19,8,11,9,10,1,0,0,0,0,20,8,11,9,10,9,9.1034560969861,11.2846437357999,0.376563538280386,2020-04-27,2020,4
"6939","PB",2,"Nordeste",25009,"Seridó Oriental Paraibano",79590,8986.2966089961,18,23,11,12,13,10,1,0,0,0,0,24,11,12,13,10,9,9.1034560969861,11.2846437357999,0.399087137660101,2020-05-04,2020,5
"6940","PB",2,"Nordeste",25009,"Seridó Oriental Paraibano",79590,8986.2966089961,19,13,3,10,7,6,0,0,0,0,0,13,3,10,7,6,6,9.1034560969861,11.2846437357999,0.449741556044914,2020-05-11,2020,5
"6941","PB",2,"Nordeste",25009,"Seridó Oriental Paraibano",79590,8986.2966089961,20,21,10,11,9,12,1,0,0,0,0,22,10,11,9,12,16,9.1034560969861,11.2846437357999,0.443698800922441,2020-05-18,2020,5
"6942","PB",2,"Nordeste",25009,"Seridó Oriental Paraibano",79590,8986.2966089961,21,24,10,14,11,13,0,0,0,0,0,24,10,14,11,13,6,9.1034560969861,11.2846437357999,0.426368263341446,2020-05-25,2020,5
"6943","PB",2,"Nordeste",25009,"Seridó Oriental Paraibano",79590,8986.2966089961,22,20,7,13,11,9,0,0,0,0,0,20,7,13,11,9,11,9.1034560969861,11.2846437357999,0.419459392256447,2020-06-01,2020,6
"6944","PB",2,"Nordeste",25009,"Seridó Oriental Paraibano",79590,8986.2966089961,23,32,11,21,14,18,0,0,0,0,0,32,11,21,14,18,7,9.1034560969861,11.2846437357999,0.409317015973779,2020-06-08,2020,6
"6945","PB",2,"Nordeste",25009,"Seridó Oriental Paraibano",79590,8986.2966089961,24,26,12,14,10,16,0,0,0,0,0,26,12,14,10,16,13,9.1034560969861,11.2846437357999,0.401546267354105,2020-06-15,2020,6
"6946","PB",2,"Nordeste",25009,"Seridó Oriental Paraibano",79590,8986.2966089961,25,13,4,9,6,7,0,0,0,0,0,13,4,9,6,7,5,9.1034560969861,11.2846437357999,0.387662438185197,2020-06-22,2020,6
"6947","PB",2,"Nordeste",25009,"Seridó Oriental Paraibano",79590,8986.2966089961,26,20,12,8,10,10,0,0,0,0,0,20,12,8,10,10,8,9.1034560969861,11.2846437357999,0.410295683184943,2020-06-29,2020,6
"6948","PB",2,"Nordeste",25009,"Seridó Oriental Paraibano",79590,8986.2966089961,27,20,5,15,8,12,1,0,0,0,0,21,5,15,8,12,7,9.1034560969861,11.2846437357999,0.429107826414021,2020-07-06,2020,7
"6949","PB",2,"Nordeste",25009,"Seridó Oriental Paraibano",79590,8986.2966089961,28,21,6,15,12,9,0,0,0,0,0,21,6,15,12,9,15,9.1034560969861,11.2846437357999,0.415011387027907,2020-07-13,2020,7
"6950","PB",2,"Nordeste",25009,"Seridó Oriental Paraibano",79590,8986.2966089961,29,27,6,21,14,13,0,0,0,0,0,27,6,21,14,13,9,9.1034560969861,11.2846437357999,0.423844880497752,2020-07-20,2020,7
"6951","PB",2,"Nordeste",25010,"Cariri Ocidental",128799,11232.8248663421,5,25,7,18,15,10,1,0,0,0,0,26,7,18,15,10,20,9.32659556252405,11.7660083286471,0.249167472995115,2020-02-03,2020,2
"6952","PB",2,"Nordeste",25010,"Cariri Ocidental",128799,11232.8248663421,6,37,17,20,17,20,0,0,0,0,0,37,17,20,17,20,13,9.32659556252405,11.7660083286471,0.243437221691291,2020-02-10,2020,2
"6953","PB",2,"Nordeste",25010,"Cariri Ocidental",128799,11232.8248663421,7,18,2,16,5,13,1,0,0,0,0,19,2,16,5,13,19,9.32659556252405,11.7660083286471,0.263610071259728,2020-02-17,2020,2
"6954","PB",2,"Nordeste",25010,"Cariri Ocidental",128799,11232.8248663421,8,26,7,19,8,18,0,0,0,0,0,26,7,19,8,18,20,9.32659556252405,11.7660083286471,0.303362677579045,2020-02-24,2020,2
"6955","PB",2,"Nordeste",25010,"Cariri Ocidental",128799,11232.8248663421,9,32,13,19,17,15,0,0,0,0,0,32,13,19,17,15,19,9.32659556252405,11.7660083286471,0.269995436734647,2020-03-02,2020,3
"6956","PB",2,"Nordeste",25010,"Cariri Ocidental",128799,11232.8248663421,10,29,6,23,15,14,0,0,0,0,0,29,6,23,15,14,17,9.32659556252405,11.7660083286471,0.300273402523755,2020-03-09,2020,3
"6957","PB",2,"Nordeste",25010,"Cariri Ocidental",128799,11232.8248663421,11,41,18,23,12,29,0,0,0,0,0,41,18,23,12,29,28,9.32659556252405,11.7660083286471,0.354420281197273,2020-03-16,2020,3
"6958","PB",2,"Nordeste",25010,"Cariri Ocidental",128799,11232.8248663421,12,18,8,10,8,10,1,0,0,0,0,19,8,10,8,10,17,9.32659556252405,11.7660083286471,0.443395904515495,2020-03-23,2020,3
"6959","PB",2,"Nordeste",25010,"Cariri Ocidental",128799,11232.8248663421,13,15,7,8,4,11,2,0,0,0,0,17,7,8,4,11,17,9.32659556252405,11.7660083286471,0.396841689002638,2020-03-30,2020,3
"6960","PB",2,"Nordeste",25010,"Cariri Ocidental",128799,11232.8248663421,14,31,11,20,13,18,0,0,0,0,0,31,11,20,13,18,17,9.32659556252405,11.7660083286471,0.381723740807686,2020-04-06,2020,4
"6961","PB",2,"Nordeste",25010,"Cariri Ocidental",128799,11232.8248663421,15,26,12,14,7,19,1,0,0,0,0,27,12,14,7,19,19,9.32659556252405,11.7660083286471,0.360964715167354,2020-04-13,2020,4
"6962","PB",2,"Nordeste",25010,"Cariri Ocidental",128799,11232.8248663421,16,42,19,23,18,24,0,0,0,0,0,42,19,23,18,24,19,9.32659556252405,11.7660083286471,0.355407349549861,2020-04-20,2020,4
"6963","PB",2,"Nordeste",25010,"Cariri Ocidental",128799,11232.8248663421,17,20,10,10,11,9,0,0,0,0,0,20,10,10,11,9,25,9.32659556252405,11.7660083286471,0.358367724275285,2020-04-27,2020,4
"6964","PB",2,"Nordeste",25010,"Cariri Ocidental",128799,11232.8248663421,18,31,8,23,18,13,0,0,0,0,0,31,8,23,18,13,17,9.32659556252405,11.7660083286471,0.373989839720316,2020-05-04,2020,5
"6965","PB",2,"Nordeste",25010,"Cariri Ocidental",128799,11232.8248663421,19,30,8,22,12,18,0,0,0,0,0,30,8,22,12,18,30,9.32659556252405,11.7660083286471,0.409840705697895,2020-05-11,2020,5
"6966","PB",2,"Nordeste",25010,"Cariri Ocidental",128799,11232.8248663421,20,39,14,25,16,23,0,0,0,0,0,39,14,25,16,23,21,9.32659556252405,11.7660083286471,0.39569456696661,2020-05-18,2020,5
"6967","PB",2,"Nordeste",25010,"Cariri Ocidental",128799,11232.8248663421,21,27,8,19,11,16,0,0,0,0,0,27,8,19,11,16,13,9.32659556252405,11.7660083286471,0.379805710067205,2020-05-25,2020,5
"6968","PB",2,"Nordeste",25010,"Cariri Ocidental",128799,11232.8248663421,22,45,19,26,18,27,0,0,0,0,0,45,19,26,18,27,13,9.32659556252405,11.7660083286471,0.362451468762828,2020-06-01,2020,6
"6969","PB",2,"Nordeste",25010,"Cariri Ocidental",128799,11232.8248663421,23,35,13,22,21,14,1,0,0,0,0,36,13,22,21,14,21,9.32659556252405,11.7660083286471,0.358801672826827,2020-06-08,2020,6
"6970","PB",2,"Nordeste",25010,"Cariri Ocidental",128799,11232.8248663421,24,33,5,28,15,18,1,0,0,0,0,34,5,28,15,18,16,9.32659556252405,11.7660083286471,0.350042468774858,2020-06-15,2020,6
"6971","PB",2,"Nordeste",25010,"Cariri Ocidental",128799,11232.8248663421,25,33,10,23,21,12,0,0,0,0,0,33,10,23,21,12,19,9.32659556252405,11.7660083286471,0.349091753789858,2020-06-22,2020,6
"6972","PB",2,"Nordeste",25010,"Cariri Ocidental",128799,11232.8248663421,26,37,15,22,18,19,0,0,0,0,0,37,15,22,18,19,12,9.32659556252405,11.7660083286471,0.368518644278138,2020-06-29,2020,6
"6973","PB",2,"Nordeste",25010,"Cariri Ocidental",128799,11232.8248663421,27,26,11,15,10,16,1,0,0,0,0,27,11,15,10,16,30,9.32659556252405,11.7660083286471,0.383117792137994,2020-07-06,2020,7
"6974","PB",2,"Nordeste",25010,"Cariri Ocidental",128799,11232.8248663421,28,37,9,28,20,17,1,0,0,0,0,38,9,28,20,17,27,9.32659556252405,11.7660083286471,0.384000161021604,2020-07-13,2020,7
"6975","PB",2,"Nordeste",25010,"Cariri Ocidental",128799,11232.8248663421,29,32,11,21,12,20,0,0,0,0,0,32,11,21,12,20,19,9.32659556252405,11.7660083286471,0.375739622205826,2020-07-20,2020,7
"6976","PB",2,"Nordeste",25011,"Cariri Oriental",67264,10231.0486405804,5,16,5,11,4,12,0,0,0,0,0,16,5,11,4,12,12,9.23318236010284,11.1163804542366,0.283509185797105,2020-02-03,2020,2
"6977","PB",2,"Nordeste",25011,"Cariri Oriental",67264,10231.0486405804,6,17,4,13,9,8,0,0,0,0,0,17,4,13,9,8,12,9.23318236010284,11.1163804542366,0.276599211055436,2020-02-10,2020,2
"6978","PB",2,"Nordeste",25011,"Cariri Oriental",67264,10231.0486405804,7,20,8,12,8,12,0,0,0,0,0,20,8,12,8,12,12,9.23318236010284,11.1163804542366,0.289269376662878,2020-02-17,2020,2
"6979","PB",2,"Nordeste",25011,"Cariri Oriental",67264,10231.0486405804,8,10,5,5,5,5,0,0,0,0,0,10,5,5,5,5,11,9.23318236010284,11.1163804542366,0.319495858661181,2020-02-24,2020,2
"6980","PB",2,"Nordeste",25011,"Cariri Oriental",67264,10231.0486405804,9,14,8,6,5,9,0,0,0,0,0,14,8,6,5,9,6,9.23318236010284,11.1163804542366,0.291754189070339,2020-03-02,2020,3
"6981","PB",2,"Nordeste",25011,"Cariri Oriental",67264,10231.0486405804,10,13,6,7,5,8,0,0,0,0,0,13,6,7,5,8,9,9.23318236010284,11.1163804542366,0.324544525475057,2020-03-09,2020,3
"6982","PB",2,"Nordeste",25011,"Cariri Oriental",67264,10231.0486405804,11,22,8,14,9,13,0,0,0,0,0,22,8,14,9,13,7,9.23318236010284,11.1163804542366,0.363829709348232,2020-03-16,2020,3
"6983","PB",2,"Nordeste",25011,"Cariri Oriental",67264,10231.0486405804,12,12,6,6,4,8,0,0,0,0,0,12,6,6,4,8,8,9.23318236010284,11.1163804542366,0.446846504607416,2020-03-23,2020,3
"6984","PB",2,"Nordeste",25011,"Cariri Oriental",67264,10231.0486405804,13,15,3,12,7,8,0,0,0,0,0,15,3,12,7,8,11,9.23318236010284,11.1163804542366,0.410565782256175,2020-03-30,2020,3
"6985","PB",2,"Nordeste",25011,"Cariri Oriental",67264,10231.0486405804,14,14,8,6,4,10,0,0,0,0,0,14,8,6,4,10,12,9.23318236010284,11.1163804542366,0.393181169394585,2020-04-06,2020,4
"6986","PB",2,"Nordeste",25011,"Cariri Oriental",67264,10231.0486405804,15,13,8,5,5,8,0,0,0,0,0,13,8,5,5,8,7,9.23318236010284,11.1163804542366,0.399582199952647,2020-04-13,2020,4
"6987","PB",2,"Nordeste",25011,"Cariri Oriental",67264,10231.0486405804,16,23,9,14,13,10,0,0,0,0,0,23,9,14,13,10,14,9.23318236010284,11.1163804542366,0.369738931228787,2020-04-20,2020,4
"6988","PB",2,"Nordeste",25011,"Cariri Oriental",67264,10231.0486405804,17,17,5,12,8,9,0,0,0,0,0,17,5,12,8,9,7,9.23318236010284,11.1163804542366,0.374240939073855,2020-04-27,2020,4
"6989","PB",2,"Nordeste",25011,"Cariri Oriental",67264,10231.0486405804,18,13,4,9,4,9,0,0,0,0,0,13,4,9,4,9,8,9.23318236010284,11.1163804542366,0.389742787615781,2020-05-04,2020,5
"6990","PB",2,"Nordeste",25011,"Cariri Oriental",67264,10231.0486405804,19,15,9,6,5,10,0,0,0,0,0,15,9,6,5,10,12,9.23318236010284,11.1163804542366,0.418097334262939,2020-05-11,2020,5
"6991","PB",2,"Nordeste",25011,"Cariri Oriental",67264,10231.0486405804,20,16,4,12,4,12,0,0,0,0,0,16,4,12,4,12,12,9.23318236010284,11.1163804542366,0.421049211562235,2020-05-18,2020,5
"6992","PB",2,"Nordeste",25011,"Cariri Oriental",67264,10231.0486405804,21,22,6,16,9,13,0,0,0,0,0,22,6,16,9,13,8,9.23318236010284,11.1163804542366,0.404124207009984,2020-05-25,2020,5
"6993","PB",2,"Nordeste",25011,"Cariri Oriental",67264,10231.0486405804,22,17,6,11,6,11,0,0,0,0,0,17,6,11,6,11,9,9.23318236010284,11.1163804542366,0.4056811812265,2020-06-01,2020,6
"6994","PB",2,"Nordeste",25011,"Cariri Oriental",67264,10231.0486405804,23,22,6,16,10,12,0,0,0,0,0,22,6,16,10,12,13,9.23318236010284,11.1163804542366,0.396606875226678,2020-06-08,2020,6
"6995","PB",2,"Nordeste",25011,"Cariri Oriental",67264,10231.0486405804,24,20,6,14,10,10,0,0,0,0,0,20,6,14,10,10,13,9.23318236010284,11.1163804542366,0.378914137917299,2020-06-15,2020,6
"6996","PB",2,"Nordeste",25011,"Cariri Oriental",67264,10231.0486405804,25,23,8,15,7,16,1,0,0,0,0,24,8,15,7,16,14,9.23318236010284,11.1163804542366,0.377294998569104,2020-06-22,2020,6
"6997","PB",2,"Nordeste",25011,"Cariri Oriental",67264,10231.0486405804,26,14,2,12,7,7,0,0,0,0,0,14,2,12,7,7,10,9.23318236010284,11.1163804542366,0.412029864026912,2020-06-29,2020,6
"6998","PB",2,"Nordeste",25011,"Cariri Oriental",67264,10231.0486405804,27,16,6,10,7,9,0,0,0,0,0,16,6,10,7,9,17,9.23318236010284,11.1163804542366,0.425217165572584,2020-07-06,2020,7
"6999","PB",2,"Nordeste",25011,"Cariri Oriental",67264,10231.0486405804,28,28,7,21,11,17,0,0,0,0,0,28,7,21,11,17,14,9.23318236010284,11.1163804542366,0.428414411159365,2020-07-13,2020,7
"7000","PB",2,"Nordeste",25011,"Cariri Oriental",67264,10231.0486405804,29,13,7,6,6,7,0,0,0,0,0,13,7,6,6,7,10,9.23318236010284,11.1163804542366,0.419606478151688,2020-07-20,2020,7
"7001","PB",2,"Nordeste",25012,"Curimataú Ocidental",129109,9614.67639087903,5,29,10,19,9,20,0,0,0,0,0,29,10,19,9,20,10,9.17104600076163,11.7684122878053,0.263690756464431,2020-02-03,2020,2
"7002","PB",2,"Nordeste",25012,"Curimataú Ocidental",129109,9614.67639087903,6,26,11,15,10,16,1,0,0,0,0,27,11,15,10,16,7,9.17104600076163,11.7684122878053,0.262588534998649,2020-02-10,2020,2
"7003","PB",2,"Nordeste",25012,"Curimataú Ocidental",129109,9614.67639087903,7,27,9,18,13,14,0,0,0,0,0,27,9,18,13,14,21,9.17104600076163,11.7684122878053,0.276652445517867,2020-02-17,2020,2
"7004","PB",2,"Nordeste",25012,"Curimataú Ocidental",129109,9614.67639087903,8,29,12,17,13,16,0,0,0,0,0,29,12,17,13,16,21,9.17104600076163,11.7684122878053,0.314810053074316,2020-02-24,2020,2
"7005","PB",2,"Nordeste",25012,"Curimataú Ocidental",129109,9614.67639087903,9,36,17,19,15,21,0,0,0,0,0,36,17,19,15,21,17,9.17104600076163,11.7684122878053,0.290791170297212,2020-03-02,2020,3
"7006","PB",2,"Nordeste",25012,"Curimataú Ocidental",129109,9614.67639087903,10,40,15,25,17,23,0,0,0,0,0,40,15,25,17,23,20,9.17104600076163,11.7684122878053,0.322512706493677,2020-03-09,2020,3
"7007","PB",2,"Nordeste",25012,"Curimataú Ocidental",129109,9614.67639087903,11,26,14,12,12,14,0,0,0,0,0,26,14,12,12,14,19,9.17104600076163,11.7684122878053,0.369175543774963,2020-03-16,2020,3
"7008","PB",2,"Nordeste",25012,"Curimataú Ocidental",129109,9614.67639087903,12,20,10,10,4,16,0,0,0,0,0,20,10,10,4,16,16,9.17104600076163,11.7684122878053,0.474236187382457,2020-03-23,2020,3
"7009","PB",2,"Nordeste",25012,"Curimataú Ocidental",129109,9614.67639087903,13,29,15,14,16,13,0,0,0,0,0,29,15,14,16,13,18,9.17104600076163,11.7684122878053,0.431637763326311,2020-03-30,2020,3
"7010","PB",2,"Nordeste",25012,"Curimataú Ocidental",129109,9614.67639087903,14,23,14,9,15,8,1,0,0,0,0,24,14,9,15,8,16,9.17104600076163,11.7684122878053,0.408735750925295,2020-04-06,2020,4
"7011","PB",2,"Nordeste",25012,"Curimataú Ocidental",129109,9614.67639087903,15,19,7,12,8,11,0,0,0,0,0,19,7,12,8,11,14,9.17104600076163,11.7684122878053,0.387464243947003,2020-04-13,2020,4
"7012","PB",2,"Nordeste",25012,"Curimataú Ocidental",129109,9614.67639087903,16,30,15,15,10,20,0,0,0,0,0,30,15,15,10,20,12,9.17104600076163,11.7684122878053,0.372271028566175,2020-04-20,2020,4
"7013","PB",2,"Nordeste",25012,"Curimataú Ocidental",129109,9614.67639087903,17,41,14,27,16,25,0,0,0,0,0,41,14,27,16,25,17,9.17104600076163,11.7684122878053,0.362908789413465,2020-04-27,2020,4
"7014","PB",2,"Nordeste",25012,"Curimataú Ocidental",129109,9614.67639087903,18,27,13,14,12,15,1,0,0,0,0,28,13,14,12,15,15,9.17104600076163,11.7684122878053,0.383194806018314,2020-05-04,2020,5
"7015","PB",2,"Nordeste",25012,"Curimataú Ocidental",129109,9614.67639087903,19,29,15,14,12,17,1,0,0,0,0,30,15,14,12,17,21,9.17104600076163,11.7684122878053,0.413280581497746,2020-05-11,2020,5
"7016","PB",2,"Nordeste",25012,"Curimataú Ocidental",129109,9614.67639087903,20,29,11,18,14,15,0,0,0,0,0,29,11,18,14,15,23,9.17104600076163,11.7684122878053,0.400067592647308,2020-05-18,2020,5
"7017","PB",2,"Nordeste",25012,"Curimataú Ocidental",129109,9614.67639087903,21,24,7,17,11,13,0,0,0,0,0,24,7,17,11,13,22,9.17104600076163,11.7684122878053,0.389161934440715,2020-05-25,2020,5
"7018","PB",2,"Nordeste",25012,"Curimataú Ocidental",129109,9614.67639087903,22,35,14,21,16,19,0,0,0,0,0,35,14,21,16,19,24,9.17104600076163,11.7684122878053,0.387651673218439,2020-06-01,2020,6
"7019","PB",2,"Nordeste",25012,"Curimataú Ocidental",129109,9614.67639087903,23,37,16,21,19,18,0,0,0,0,0,37,16,21,19,18,12,9.17104600076163,11.7684122878053,0.376108801195189,2020-06-08,2020,6
"7020","PB",2,"Nordeste",25012,"Curimataú Ocidental",129109,9614.67639087903,24,28,11,17,4,24,0,0,0,0,0,28,11,17,4,24,16,9.17104600076163,11.7684122878053,0.374541603397344,2020-06-15,2020,6
"7021","PB",2,"Nordeste",25012,"Curimataú Ocidental",129109,9614.67639087903,25,35,15,20,12,23,0,0,0,0,0,35,15,20,12,23,19,9.17104600076163,11.7684122878053,0.372218518152882,2020-06-22,2020,6
"7022","PB",2,"Nordeste",25012,"Curimataú Ocidental",129109,9614.67639087903,26,25,12,13,11,14,0,0,0,0,0,25,12,13,11,14,20,9.17104600076163,11.7684122878053,0.392724369668462,2020-06-29,2020,6
"7023","PB",2,"Nordeste",25012,"Curimataú Ocidental",129109,9614.67639087903,27,30,18,12,11,19,0,0,0,0,0,30,18,12,11,19,16,9.17104600076163,11.7684122878053,0.41284690105421,2020-07-06,2020,7
"7024","PB",2,"Nordeste",25012,"Curimataú Ocidental",129109,9614.67639087903,28,26,9,17,9,17,0,0,0,0,0,26,9,17,9,17,19,9.17104600076163,11.7684122878053,0.398175694152887,2020-07-13,2020,7
"7025","PB",2,"Nordeste",25012,"Curimataú Ocidental",129109,9614.67639087903,29,40,19,21,20,20,0,0,0,0,0,40,19,21,20,20,16,9.17104600076163,11.7684122878053,0.41124311460773,2020-07-20,2020,7
"7026","PB",2,"Nordeste",25013,"Curimataú Oriental",96368,8628.99147528225,5,10,3,7,2,8,0,0,0,0,0,10,3,7,2,8,10,9.06288291459291,11.4759294752835,0.283394657354105,2020-02-03,2020,2
"7027","PB",2,"Nordeste",25013,"Curimataú Oriental",96368,8628.99147528225,6,10,5,5,3,7,0,0,0,0,0,10,5,5,3,7,11,9.06288291459291,11.4759294752835,0.28026889068521,2020-02-10,2020,2
"7028","PB",2,"Nordeste",25013,"Curimataú Oriental",96368,8628.99147528225,7,10,6,4,3,7,0,0,0,0,0,10,6,4,3,7,16,9.06288291459291,11.4759294752835,0.286442379311138,2020-02-17,2020,2
"7029","PB",2,"Nordeste",25013,"Curimataú Oriental",96368,8628.99147528225,8,13,7,6,3,10,0,0,0,0,0,13,7,6,3,10,11,9.06288291459291,11.4759294752835,0.327749818581744,2020-02-24,2020,2
"7030","PB",2,"Nordeste",25013,"Curimataú Oriental",96368,8628.99147528225,9,19,8,11,9,10,0,0,0,0,0,19,8,11,9,10,11,9.06288291459291,11.4759294752835,0.303564029915656,2020-03-02,2020,3
"7031","PB",2,"Nordeste",25013,"Curimataú Oriental",96368,8628.99147528225,10,19,10,9,7,12,1,0,0,0,0,20,10,9,7,12,7,9.06288291459291,11.4759294752835,0.337228793569632,2020-03-09,2020,3
"7032","PB",2,"Nordeste",25013,"Curimataú Oriental",96368,8628.99147528225,11,17,4,13,5,12,0,0,0,0,0,17,4,13,5,12,13,9.06288291459291,11.4759294752835,0.387489556629429,2020-03-16,2020,3
"7033","PB",2,"Nordeste",25013,"Curimataú Oriental",96368,8628.99147528225,12,19,6,13,6,13,0,0,0,0,0,19,6,13,6,13,17,9.06288291459291,11.4759294752835,0.47661173498638,2020-03-23,2020,3
"7034","PB",2,"Nordeste",25013,"Curimataú Oriental",96368,8628.99147528225,13,11,3,8,4,7,0,0,0,0,0,11,3,8,4,7,12,9.06288291459291,11.4759294752835,0.442065705446771,2020-03-30,2020,3
"7035","PB",2,"Nordeste",25013,"Curimataú Oriental",96368,8628.99147528225,14,30,12,18,17,13,0,0,0,0,0,30,12,18,17,13,15,9.06288291459291,11.4759294752835,0.424065226315086,2020-04-06,2020,4
"7036","PB",2,"Nordeste",25013,"Curimataú Oriental",96368,8628.99147528225,15,23,12,11,13,10,0,0,0,0,0,23,12,11,13,10,14,9.06288291459291,11.4759294752835,0.389448514929949,2020-04-13,2020,4
"7037","PB",2,"Nordeste",25013,"Curimataú Oriental",96368,8628.99147528225,16,17,6,11,10,7,1,0,0,0,0,18,6,11,10,7,12,9.06288291459291,11.4759294752835,0.382874260761227,2020-04-20,2020,4
"7038","PB",2,"Nordeste",25013,"Curimataú Oriental",96368,8628.99147528225,17,22,12,10,7,15,0,0,0,0,0,22,12,10,7,15,11,9.06288291459291,11.4759294752835,0.372784788982772,2020-04-27,2020,4
"7039","PB",2,"Nordeste",25013,"Curimataú Oriental",96368,8628.99147528225,18,19,9,10,13,6,0,0,0,0,0,19,9,10,13,6,15,9.06288291459291,11.4759294752835,0.392770741075836,2020-05-04,2020,5
"7040","PB",2,"Nordeste",25013,"Curimataú Oriental",96368,8628.99147528225,19,19,11,8,10,9,0,0,0,0,0,19,11,8,10,9,13,9.06288291459291,11.4759294752835,0.438896343144863,2020-05-11,2020,5
"7041","PB",2,"Nordeste",25013,"Curimataú Oriental",96368,8628.99147528225,20,30,21,9,16,14,0,0,0,0,0,30,21,9,16,14,8,9.06288291459291,11.4759294752835,0.436733694059775,2020-05-18,2020,5
"7042","PB",2,"Nordeste",25013,"Curimataú Oriental",96368,8628.99147528225,21,30,15,15,18,12,0,0,0,0,0,30,15,15,18,12,13,9.06288291459291,11.4759294752835,0.40768349371199,2020-05-25,2020,5
"7043","PB",2,"Nordeste",25013,"Curimataú Oriental",96368,8628.99147528225,22,26,9,17,7,19,1,0,0,0,0,27,9,17,7,19,15,9.06288291459291,11.4759294752835,0.392078555332794,2020-06-01,2020,6
"7044","PB",2,"Nordeste",25013,"Curimataú Oriental",96368,8628.99147528225,23,20,8,12,10,10,1,0,0,0,0,21,8,12,10,10,17,9.06288291459291,11.4759294752835,0.38968653511326,2020-06-08,2020,6
"7045","PB",2,"Nordeste",25013,"Curimataú Oriental",96368,8628.99147528225,24,29,18,11,14,15,0,0,0,0,0,29,18,11,14,15,22,9.06288291459291,11.4759294752835,0.379022711889094,2020-06-15,2020,6
"7046","PB",2,"Nordeste",25013,"Curimataú Oriental",96368,8628.99147528225,25,26,13,13,11,15,0,0,0,0,0,26,13,13,11,15,14,9.06288291459291,11.4759294752835,0.376141637474461,2020-06-22,2020,6
"7047","PB",2,"Nordeste",25013,"Curimataú Oriental",96368,8628.99147528225,26,21,9,12,10,11,0,0,0,0,0,21,9,12,10,11,21,9.06288291459291,11.4759294752835,0.402885354840237,2020-06-29,2020,6
"7048","PB",2,"Nordeste",25013,"Curimataú Oriental",96368,8628.99147528225,27,19,10,9,7,12,0,0,0,0,0,19,10,9,7,12,11,9.06288291459291,11.4759294752835,0.426664301425691,2020-07-06,2020,7
"7049","PB",2,"Nordeste",25013,"Curimataú Oriental",96368,8628.99147528225,28,29,14,15,10,19,0,0,0,0,0,29,14,15,10,19,27,9.06288291459291,11.4759294752835,0.420124202583215,2020-07-13,2020,7
"7050","PB",2,"Nordeste",25013,"Curimataú Oriental",96368,8628.99147528225,29,23,8,15,13,10,0,0,0,0,0,23,8,15,13,10,13,9.06288291459291,11.4759294752835,0.420541517832478,2020-07-20,2020,7
"7051","PB",2,"Nordeste",25014,"Esperança",57692,10489.9733356445,5,14,6,8,8,6,1,0,0,0,0,15,6,8,8,6,7,9.25817515950384,10.9628737947034,0.283483922479952,2020-02-03,2020,2
"7052","PB",2,"Nordeste",25014,"Esperança",57692,10489.9733356445,6,18,9,9,8,10,0,0,0,0,0,18,9,9,8,10,15,9.25817515950384,10.9628737947034,0.264767310828221,2020-02-10,2020,2
"7053","PB",2,"Nordeste",25014,"Esperança",57692,10489.9733356445,7,18,6,12,9,9,0,0,0,0,0,18,6,12,9,9,4,9.25817515950384,10.9628737947034,0.28091428166736,2020-02-17,2020,2
"7054","PB",2,"Nordeste",25014,"Esperança",57692,10489.9733356445,8,21,9,12,9,12,0,0,0,0,0,21,9,12,9,12,8,9.25817515950384,10.9628737947034,0.330534332665893,2020-02-24,2020,2
"7055","PB",2,"Nordeste",25014,"Esperança",57692,10489.9733356445,9,14,2,12,2,12,1,0,0,0,0,15,2,12,2,12,9,9.25817515950384,10.9628737947034,0.291555661637686,2020-03-02,2020,3
"7056","PB",2,"Nordeste",25014,"Esperança",57692,10489.9733356445,10,22,6,16,11,11,0,0,0,0,0,22,6,16,11,11,6,9.25817515950384,10.9628737947034,0.314260265982545,2020-03-09,2020,3
"7057","PB",2,"Nordeste",25014,"Esperança",57692,10489.9733356445,11,6,5,1,5,1,0,0,0,0,0,6,5,1,5,1,2,9.25817515950384,10.9628737947034,0.38917761443131,2020-03-16,2020,3
"7058","PB",2,"Nordeste",25014,"Esperança",57692,10489.9733356445,12,20,7,13,10,10,0,0,0,0,0,20,7,13,10,10,10,9.25817515950384,10.9628737947034,0.502817970285733,2020-03-23,2020,3
"7059","PB",2,"Nordeste",25014,"Esperança",57692,10489.9733356445,13,9,3,6,4,5,0,0,0,0,0,9,3,6,4,5,9,9.25817515950384,10.9628737947034,0.436608265104843,2020-03-30,2020,3
"7060","PB",2,"Nordeste",25014,"Esperança",57692,10489.9733356445,14,12,9,3,5,7,0,0,0,0,0,12,9,3,5,7,10,9.25817515950384,10.9628737947034,0.428432711087678,2020-04-06,2020,4
"7061","PB",2,"Nordeste",25014,"Esperança",57692,10489.9733356445,15,7,2,5,2,5,0,0,0,0,0,7,2,5,2,5,6,9.25817515950384,10.9628737947034,0.405869450037182,2020-04-13,2020,4
"7062","PB",2,"Nordeste",25014,"Esperança",57692,10489.9733356445,16,14,3,11,6,8,0,0,0,0,0,14,3,11,6,8,6,9.25817515950384,10.9628737947034,0.397777093795306,2020-04-20,2020,4
"7063","PB",2,"Nordeste",25014,"Esperança",57692,10489.9733356445,17,12,5,7,3,9,0,0,0,0,0,12,5,7,3,9,11,9.25817515950384,10.9628737947034,0.393760875868705,2020-04-27,2020,4
"7064","PB",2,"Nordeste",25014,"Esperança",57692,10489.9733356445,18,14,8,6,6,8,0,0,0,0,0,14,8,6,6,8,9,9.25817515950384,10.9628737947034,0.409508993247041,2020-05-04,2020,5
"7065","PB",2,"Nordeste",25014,"Esperança",57692,10489.9733356445,19,17,5,12,3,14,0,0,0,0,0,17,5,12,3,14,10,9.25817515950384,10.9628737947034,0.448127805448249,2020-05-11,2020,5
"7066","PB",2,"Nordeste",25014,"Esperança",57692,10489.9733356445,20,11,3,8,5,6,0,0,0,0,0,11,3,8,5,6,9,9.25817515950384,10.9628737947034,0.435322626367676,2020-05-18,2020,5
"7067","PB",2,"Nordeste",25014,"Esperança",57692,10489.9733356445,21,14,4,10,7,7,0,0,0,0,0,14,4,10,7,7,6,9.25817515950384,10.9628737947034,0.425677645898637,2020-05-25,2020,5
"7068","PB",2,"Nordeste",25014,"Esperança",57692,10489.9733356445,22,16,8,8,8,8,0,0,0,0,0,16,8,8,8,8,7,9.25817515950384,10.9628737947034,0.410882172847887,2020-06-01,2020,6
"7069","PB",2,"Nordeste",25014,"Esperança",57692,10489.9733356445,23,19,5,14,6,13,0,0,0,0,0,19,5,14,6,13,5,9.25817515950384,10.9628737947034,0.383718761466995,2020-06-08,2020,6
"7070","PB",2,"Nordeste",25014,"Esperança",57692,10489.9733356445,24,16,3,13,5,11,0,0,0,0,0,16,3,13,5,11,13,9.25817515950384,10.9628737947034,0.386742129005538,2020-06-15,2020,6
"7071","PB",2,"Nordeste",25014,"Esperança",57692,10489.9733356445,25,20,7,13,10,10,1,0,0,0,0,21,7,13,10,10,10,9.25817515950384,10.9628737947034,0.371349246438874,2020-06-22,2020,6
"7072","PB",2,"Nordeste",25014,"Esperança",57692,10489.9733356445,26,11,5,6,4,7,0,0,0,0,0,11,5,6,4,7,8,9.25817515950384,10.9628737947034,0.403184131633713,2020-06-29,2020,6
"7073","PB",2,"Nordeste",25014,"Esperança",57692,10489.9733356445,27,23,7,16,8,15,0,0,0,0,0,23,7,16,8,15,5,9.25817515950384,10.9628737947034,0.417338276042712,2020-07-06,2020,7
"7074","PB",2,"Nordeste",25014,"Esperança",57692,10489.9733356445,28,11,6,5,4,7,0,0,0,0,0,11,6,5,4,7,10,9.25817515950384,10.9628737947034,0.412486103405387,2020-07-13,2020,7
"7075","PB",2,"Nordeste",25014,"Esperança",57692,10489.9733356445,29,23,9,14,13,10,0,0,0,0,0,23,9,14,13,10,13,9.25817515950384,10.9628737947034,0.406013474461501,2020-07-20,2020,7
"7076","PB",2,"Nordeste",25015,"Brejo Paraibano",115731,10883.9201282284,5,28,17,11,13,15,0,0,0,0,0,28,17,11,13,15,8,9.29504176141869,11.6590238116067,0.260551245084484,2020-02-03,2020,2
"7077","PB",2,"Nordeste",25015,"Brejo Paraibano",115731,10883.9201282284,6,22,12,10,10,12,0,0,0,0,0,22,12,10,10,12,14,9.29504176141869,11.6590238116067,0.267883528170937,2020-02-10,2020,2
"7078","PB",2,"Nordeste",25015,"Brejo Paraibano",115731,10883.9201282284,7,24,8,16,9,15,0,0,0,0,0,24,8,16,9,15,23,9.29504176141869,11.6590238116067,0.270946999980594,2020-02-17,2020,2
"7079","PB",2,"Nordeste",25015,"Brejo Paraibano",115731,10883.9201282284,8,18,12,6,9,9,0,0,0,0,0,18,12,6,9,9,15,9.29504176141869,11.6590238116067,0.328171250845876,2020-02-24,2020,2
"7080","PB",2,"Nordeste",25015,"Brejo Paraibano",115731,10883.9201282284,9,32,13,19,16,16,0,0,0,0,0,32,13,19,16,16,15,9.29504176141869,11.6590238116067,0.289498528411101,2020-03-02,2020,3
"7081","PB",2,"Nordeste",25015,"Brejo Paraibano",115731,10883.9201282284,10,31,14,17,20,11,0,0,0,0,0,31,14,17,20,11,15,9.29504176141869,11.6590238116067,0.318553879317035,2020-03-09,2020,3
"7082","PB",2,"Nordeste",25015,"Brejo Paraibano",115731,10883.9201282284,11,18,6,12,7,11,0,0,0,0,0,18,6,12,7,11,22,9.29504176141869,11.6590238116067,0.377862337542924,2020-03-16,2020,3
"7083","PB",2,"Nordeste",25015,"Brejo Paraibano",115731,10883.9201282284,12,25,14,11,13,12,0,0,0,0,0,25,14,11,13,12,14,9.29504176141869,11.6590238116067,0.489712381951729,2020-03-23,2020,3
"7084","PB",2,"Nordeste",25015,"Brejo Paraibano",115731,10883.9201282284,13,25,9,16,11,14,1,0,0,0,0,26,9,16,11,14,13,9.29504176141869,11.6590238116067,0.443280873554534,2020-03-30,2020,3
"7085","PB",2,"Nordeste",25015,"Brejo Paraibano",115731,10883.9201282284,14,31,13,18,8,23,0,0,0,0,0,31,13,18,8,23,17,9.29504176141869,11.6590238116067,0.427801304938877,2020-04-06,2020,4
"7086","PB",2,"Nordeste",25015,"Brejo Paraibano",115731,10883.9201282284,15,30,14,16,18,12,0,0,0,0,0,30,14,16,18,12,17,9.29504176141869,11.6590238116067,0.403341861179056,2020-04-13,2020,4
"7087","PB",2,"Nordeste",25015,"Brejo Paraibano",115731,10883.9201282284,16,28,11,17,9,19,0,0,0,0,0,28,11,17,9,19,19,9.29504176141869,11.6590238116067,0.408143696059824,2020-04-20,2020,4
"7088","PB",2,"Nordeste",25015,"Brejo Paraibano",115731,10883.9201282284,17,24,13,11,10,14,0,0,0,0,0,24,13,11,10,14,13,9.29504176141869,11.6590238116067,0.398578508882427,2020-04-27,2020,4
"7089","PB",2,"Nordeste",25015,"Brejo Paraibano",115731,10883.9201282284,18,28,11,17,12,16,2,0,0,0,0,30,11,17,12,16,19,9.29504176141869,11.6590238116067,0.412049885670517,2020-05-04,2020,5
"7090","PB",2,"Nordeste",25015,"Brejo Paraibano",115731,10883.9201282284,19,21,9,12,8,13,1,0,0,0,0,22,9,12,8,13,19,9.29504176141869,11.6590238116067,0.46006132552191,2020-05-11,2020,5
"7091","PB",2,"Nordeste",25015,"Brejo Paraibano",115731,10883.9201282284,20,32,16,16,11,21,0,0,0,0,0,32,16,16,11,21,15,9.29504176141869,11.6590238116067,0.456842158990655,2020-05-18,2020,5
"7092","PB",2,"Nordeste",25015,"Brejo Paraibano",115731,10883.9201282284,21,36,16,20,21,15,1,0,0,0,0,37,16,20,21,15,21,9.29504176141869,11.6590238116067,0.43035092432937,2020-05-25,2020,5
"7093","PB",2,"Nordeste",25015,"Brejo Paraibano",115731,10883.9201282284,22,41,14,27,17,24,0,0,0,0,0,41,14,27,17,24,23,9.29504176141869,11.6590238116067,0.426424521716723,2020-06-01,2020,6
"7094","PB",2,"Nordeste",25015,"Brejo Paraibano",115731,10883.9201282284,23,28,12,16,15,13,0,0,0,0,0,28,12,16,15,13,20,9.29504176141869,11.6590238116067,0.408238874846487,2020-06-08,2020,6
"7095","PB",2,"Nordeste",25015,"Brejo Paraibano",115731,10883.9201282284,24,33,13,20,13,20,0,0,0,0,0,33,13,20,13,20,31,9.29504176141869,11.6590238116067,0.405761735953719,2020-06-15,2020,6
"7096","PB",2,"Nordeste",25015,"Brejo Paraibano",115731,10883.9201282284,25,23,10,13,13,10,0,0,0,0,0,23,10,13,13,10,21,9.29504176141869,11.6590238116067,0.385623342084026,2020-06-22,2020,6
"7097","PB",2,"Nordeste",25015,"Brejo Paraibano",115731,10883.9201282284,26,34,18,16,16,18,1,0,0,0,0,35,18,16,16,18,22,9.29504176141869,11.6590238116067,0.413036665102012,2020-06-29,2020,6
"7098","PB",2,"Nordeste",25015,"Brejo Paraibano",115731,10883.9201282284,27,27,12,15,9,18,1,0,0,0,0,28,12,15,9,18,13,9.29504176141869,11.6590238116067,0.433397025071127,2020-07-06,2020,7
"7099","PB",2,"Nordeste",25015,"Brejo Paraibano",115731,10883.9201282284,28,33,10,23,15,18,1,0,0,0,0,34,10,23,15,18,18,9.29504176141869,11.6590238116067,0.429503373239539,2020-07-13,2020,7
"7100","PB",2,"Nordeste",25015,"Brejo Paraibano",115731,10883.9201282284,29,31,16,15,14,17,0,0,0,0,0,31,16,15,14,17,21,9.29504176141869,11.6590238116067,0.432039516329159,2020-07-20,2020,7
"7101","PB",2,"Nordeste",25016,"Guarabira",171646,11594.2365128229,5,21,7,14,11,10,1,0,0,0,0,22,7,14,11,10,24,9.35826340127958,12.053189495381,0.276382440174359,2020-02-03,2020,2
"7102","PB",2,"Nordeste",25016,"Guarabira",171646,11594.2365128229,6,28,9,19,14,14,0,0,0,0,0,28,9,19,14,14,27,9.35826340127958,12.053189495381,0.267211976734809,2020-02-10,2020,2
"7103","PB",2,"Nordeste",25016,"Guarabira",171646,11594.2365128229,7,12,3,9,5,7,1,0,0,0,0,13,3,9,5,7,26,9.35826340127958,12.053189495381,0.289750007896317,2020-02-17,2020,2
"7104","PB",2,"Nordeste",25016,"Guarabira",171646,11594.2365128229,8,27,9,18,14,13,0,0,0,0,0,27,9,18,14,13,22,9.35826340127958,12.053189495381,0.332248744191805,2020-02-24,2020,2
"7105","PB",2,"Nordeste",25016,"Guarabira",171646,11594.2365128229,9,32,12,20,18,14,0,0,0,0,0,32,12,20,18,14,16,9.35826340127958,12.053189495381,0.301542567248584,2020-03-02,2020,3
"7106","PB",2,"Nordeste",25016,"Guarabira",171646,11594.2365128229,10,30,17,13,11,19,1,0,0,0,0,31,17,13,11,19,17,9.35826340127958,12.053189495381,0.333572043697947,2020-03-09,2020,3
"7107","PB",2,"Nordeste",25016,"Guarabira",171646,11594.2365128229,11,30,11,19,11,19,2,0,0,0,0,32,11,19,11,19,14,9.35826340127958,12.053189495381,0.389649229983363,2020-03-16,2020,3
"7108","PB",2,"Nordeste",25016,"Guarabira",171646,11594.2365128229,12,26,4,22,15,11,0,0,0,0,0,26,4,22,15,11,20,9.35826340127958,12.053189495381,0.482628644075087,2020-03-23,2020,3
"7109","PB",2,"Nordeste",25016,"Guarabira",171646,11594.2365128229,13,27,5,22,10,17,0,0,0,0,0,27,5,22,10,17,21,9.35826340127958,12.053189495381,0.441290471120817,2020-03-30,2020,3
"7110","PB",2,"Nordeste",25016,"Guarabira",171646,11594.2365128229,14,27,9,18,11,16,1,0,0,0,0,28,9,18,11,16,22,9.35826340127958,12.053189495381,0.432625629914459,2020-04-06,2020,4
"7111","PB",2,"Nordeste",25016,"Guarabira",171646,11594.2365128229,15,47,20,27,21,26,0,0,0,0,0,47,20,27,21,26,19,9.35826340127958,12.053189495381,0.41075166173508,2020-04-13,2020,4
"7112","PB",2,"Nordeste",25016,"Guarabira",171646,11594.2365128229,16,52,24,28,21,31,0,0,0,0,0,52,24,28,21,31,22,9.35826340127958,12.053189495381,0.403386004548802,2020-04-20,2020,4
"7113","PB",2,"Nordeste",25016,"Guarabira",171646,11594.2365128229,17,46,14,32,18,28,0,0,0,0,0,46,14,32,18,28,26,9.35826340127958,12.053189495381,0.393350122401262,2020-04-27,2020,4
"7114","PB",2,"Nordeste",25016,"Guarabira",171646,11594.2365128229,18,36,10,26,13,23,1,0,0,0,0,37,10,26,13,23,21,9.35826340127958,12.053189495381,0.419512183078525,2020-05-04,2020,5
"7115","PB",2,"Nordeste",25016,"Guarabira",171646,11594.2365128229,19,35,12,23,18,17,0,0,0,0,0,35,12,23,18,17,40,9.35826340127958,12.053189495381,0.466326848935567,2020-05-11,2020,5
"7116","PB",2,"Nordeste",25016,"Guarabira",171646,11594.2365128229,20,52,22,30,21,31,1,0,0,0,0,53,22,30,21,31,30,9.35826340127958,12.053189495381,0.446122214103988,2020-05-18,2020,5
"7117","PB",2,"Nordeste",25016,"Guarabira",171646,11594.2365128229,21,45,20,25,21,24,0,0,0,0,0,45,20,25,21,24,26,9.35826340127958,12.053189495381,0.415680857086903,2020-05-25,2020,5
"7118","PB",2,"Nordeste",25016,"Guarabira",171646,11594.2365128229,22,47,25,22,22,25,1,0,0,0,0,48,25,22,22,25,22,9.35826340127958,12.053189495381,0.398232269945508,2020-06-01,2020,6
"7119","PB",2,"Nordeste",25016,"Guarabira",171646,11594.2365128229,23,53,21,32,22,31,0,0,0,0,0,53,21,32,22,31,44,9.35826340127958,12.053189495381,0.399761825181852,2020-06-08,2020,6
"7120","PB",2,"Nordeste",25016,"Guarabira",171646,11594.2365128229,24,40,19,21,15,25,1,0,0,0,0,41,19,21,15,25,25,9.35826340127958,12.053189495381,0.395021860551277,2020-06-15,2020,6
"7121","PB",2,"Nordeste",25016,"Guarabira",171646,11594.2365128229,25,53,22,31,23,30,0,0,0,0,0,53,22,31,23,30,33,9.35826340127958,12.053189495381,0.384951342938599,2020-06-22,2020,6
"7122","PB",2,"Nordeste",25016,"Guarabira",171646,11594.2365128229,26,49,19,30,20,29,0,0,0,0,0,49,19,30,20,29,36,9.35826340127958,12.053189495381,0.408459733774843,2020-06-29,2020,6
"7123","PB",2,"Nordeste",25016,"Guarabira",171646,11594.2365128229,27,44,14,30,16,28,0,0,0,0,0,44,14,30,16,28,23,9.35826340127958,12.053189495381,0.425330199742913,2020-07-06,2020,7
"7124","PB",2,"Nordeste",25016,"Guarabira",171646,11594.2365128229,28,45,15,30,16,29,0,0,0,0,0,45,15,30,16,29,41,9.35826340127958,12.053189495381,0.4207600742799,2020-07-13,2020,7
"7125","PB",2,"Nordeste",25016,"Guarabira",171646,11594.2365128229,29,54,19,35,24,30,1,0,0,0,0,55,19,35,24,30,27,9.35826340127958,12.053189495381,0.411660732853202,2020-07-20,2020,7
"7126","PB",2,"Nordeste",25017,"Campina Grande",536714,19732.9310450631,5,160,43,117,58,102,0,0,0,0,0,160,43,117,58,102,70,9.89004414576628,13.193220643161,0.269463024293183,2020-02-03,2020,2
"7127","PB",2,"Nordeste",25017,"Campina Grande",536714,19732.9310450631,6,157,39,118,56,101,1,0,0,0,0,158,39,118,56,101,60,9.89004414576628,13.193220643161,0.266366037812856,2020-02-10,2020,2
"7128","PB",2,"Nordeste",25017,"Campina Grande",536714,19732.9310450631,7,150,40,110,58,92,1,0,0,0,0,151,40,110,58,92,67,9.89004414576628,13.193220643161,0.279058164102108,2020-02-17,2020,2
"7129","PB",2,"Nordeste",25017,"Campina Grande",536714,19732.9310450631,8,155,41,114,58,97,1,0,0,0,0,156,41,114,58,97,67,9.89004414576628,13.193220643161,0.329615840806217,2020-02-24,2020,2
"7130","PB",2,"Nordeste",25017,"Campina Grande",536714,19732.9310450631,9,153,49,104,60,93,0,0,0,0,0,153,49,104,60,93,76,9.89004414576628,13.193220643161,0.292910347089174,2020-03-02,2020,3
"7131","PB",2,"Nordeste",25017,"Campina Grande",536714,19732.9310450631,10,125,31,94,46,79,1,0,0,0,0,126,31,94,46,79,65,9.89004414576628,13.193220643161,0.31585617786677,2020-03-09,2020,3
"7132","PB",2,"Nordeste",25017,"Campina Grande",536714,19732.9310450631,11,117,36,81,47,70,0,0,0,0,0,117,36,81,47,70,65,9.89004414576628,13.193220643161,0.388389254141715,2020-03-16,2020,3
"7133","PB",2,"Nordeste",25017,"Campina Grande",536714,19732.9310450631,12,104,27,77,36,68,1,0,0,0,0,105,27,77,36,68,71,9.89004414576628,13.193220643161,0.520984486883098,2020-03-23,2020,3
"7134","PB",2,"Nordeste",25017,"Campina Grande",536714,19732.9310450631,13,123,28,95,40,83,0,0,0,0,0,123,28,95,40,83,68,9.89004414576628,13.193220643161,0.473294240632924,2020-03-30,2020,3
"7135","PB",2,"Nordeste",25017,"Campina Grande",536714,19732.9310450631,14,135,40,95,65,70,2,0,0,0,0,137,40,95,65,70,54,9.89004414576628,13.193220643161,0.455840652280562,2020-04-06,2020,4
"7136","PB",2,"Nordeste",25017,"Campina Grande",536714,19732.9310450631,15,99,39,60,41,58,0,0,0,0,0,99,39,60,41,58,79,9.89004414576628,13.193220643161,0.432120873630831,2020-04-13,2020,4
"7137","PB",2,"Nordeste",25017,"Campina Grande",536714,19732.9310450631,16,146,39,107,58,88,0,0,0,0,0,146,39,107,58,88,47,9.89004414576628,13.193220643161,0.431822201758529,2020-04-20,2020,4
"7138","PB",2,"Nordeste",25017,"Campina Grande",536714,19732.9310450631,17,147,48,99,65,82,1,0,0,0,0,148,48,99,65,82,75,9.89004414576628,13.193220643161,0.413139586445994,2020-04-27,2020,4
"7139","PB",2,"Nordeste",25017,"Campina Grande",536714,19732.9310450631,18,130,43,87,58,72,1,0,0,0,0,131,43,87,58,72,61,9.89004414576628,13.193220643161,0.406736352859993,2020-05-04,2020,5
"7140","PB",2,"Nordeste",25017,"Campina Grande",536714,19732.9310450631,19,120,40,80,37,83,1,0,0,0,0,121,40,80,37,83,95,9.89004414576628,13.193220643161,0.441912016748969,2020-05-11,2020,5
"7141","PB",2,"Nordeste",25017,"Campina Grande",536714,19732.9310450631,20,155,58,97,60,95,1,0,0,0,0,156,58,97,60,95,118,9.89004414576628,13.193220643161,0.439623160420642,2020-05-18,2020,5
"7142","PB",2,"Nordeste",25017,"Campina Grande",536714,19732.9310450631,21,159,48,111,55,104,2,0,0,0,0,161,48,111,55,104,134,9.89004414576628,13.193220643161,0.443885845863157,2020-05-25,2020,5
"7143","PB",2,"Nordeste",25017,"Campina Grande",536714,19732.9310450631,22,167,52,115,68,99,0,0,0,0,0,167,52,115,68,99,114,9.89004414576628,13.193220643161,0.446102726807258,2020-06-01,2020,6
"7144","PB",2,"Nordeste",25017,"Campina Grande",536714,19732.9310450631,23,159,43,116,60,99,1,0,0,0,0,160,43,116,60,99,121,9.89004414576628,13.193220643161,0.403796465550094,2020-06-08,2020,6
"7145","PB",2,"Nordeste",25017,"Campina Grande",536714,19732.9310450631,24,140,38,102,51,89,2,0,0,0,0,142,38,102,51,89,101,9.89004414576628,13.193220643161,0.393165776134213,2020-06-15,2020,6
"7146","PB",2,"Nordeste",25017,"Campina Grande",536714,19732.9310450631,25,142,42,100,44,98,1,0,0,0,0,143,42,100,44,98,111,9.89004414576628,13.193220643161,0.384745985469999,2020-06-22,2020,6
"7147","PB",2,"Nordeste",25017,"Campina Grande",536714,19732.9310450631,26,147,41,106,46,101,1,0,0,0,0,148,41,106,46,101,115,9.89004414576628,13.193220643161,0.400611126026695,2020-06-29,2020,6
"7148","PB",2,"Nordeste",25017,"Campina Grande",536714,19732.9310450631,27,158,44,114,61,97,1,0,0,0,0,159,44,114,61,97,107,9.89004414576628,13.193220643161,0.404300671522811,2020-07-06,2020,7
"7149","PB",2,"Nordeste",25017,"Campina Grande",536714,19732.9310450631,28,156,43,113,58,98,1,0,0,0,0,157,43,113,58,98,112,9.89004414576628,13.193220643161,0.401902291163156,2020-07-13,2020,7
"7150","PB",2,"Nordeste",25017,"Campina Grande",536714,19732.9310450631,29,146,53,93,55,91,1,0,0,0,0,147,53,93,55,91,91,9.89004414576628,13.193220643161,0.404135343471833,2020-07-20,2020,7
"7151","PB",2,"Nordeste",25018,"Itabaiana",111661,10131.3094003278,5,37,13,24,22,15,1,0,0,0,0,38,13,24,22,15,15,9.22338584854665,11.6232227745828,0.284706773381535,2020-02-03,2020,2
"7152","PB",2,"Nordeste",25018,"Itabaiana",111661,10131.3094003278,6,30,15,15,12,18,0,0,0,0,0,30,15,15,12,18,14,9.22338584854665,11.6232227745828,0.279523761398629,2020-02-10,2020,2
"7153","PB",2,"Nordeste",25018,"Itabaiana",111661,10131.3094003278,7,29,7,22,10,19,1,0,0,0,0,30,7,22,10,19,4,9.22338584854665,11.6232227745828,0.298965466798478,2020-02-17,2020,2
"7154","PB",2,"Nordeste",25018,"Itabaiana",111661,10131.3094003278,8,30,11,19,14,16,0,0,0,0,0,30,11,19,14,16,15,9.22338584854665,11.6232227745828,0.336802252584202,2020-02-24,2020,2
"7155","PB",2,"Nordeste",25018,"Itabaiana",111661,10131.3094003278,9,35,15,20,15,20,1,0,0,0,0,36,15,20,15,20,12,9.22338584854665,11.6232227745828,0.311756519309566,2020-03-02,2020,3
"7156","PB",2,"Nordeste",25018,"Itabaiana",111661,10131.3094003278,10,18,6,12,10,8,0,0,0,0,0,18,6,12,10,8,8,9.22338584854665,11.6232227745828,0.343380094638598,2020-03-09,2020,3
"7157","PB",2,"Nordeste",25018,"Itabaiana",111661,10131.3094003278,11,23,10,13,7,16,0,0,0,0,0,23,10,13,7,16,11,9.22338584854665,11.6232227745828,0.393006816583636,2020-03-16,2020,3
"7158","PB",2,"Nordeste",25018,"Itabaiana",111661,10131.3094003278,12,21,11,10,12,9,0,0,0,0,0,21,11,10,12,9,12,9.22338584854665,11.6232227745828,0.491462149016037,2020-03-23,2020,3
"7159","PB",2,"Nordeste",25018,"Itabaiana",111661,10131.3094003278,13,13,5,8,4,9,0,0,0,0,0,13,5,8,4,9,16,9.22338584854665,11.6232227745828,0.434310675541925,2020-03-30,2020,3
"7160","PB",2,"Nordeste",25018,"Itabaiana",111661,10131.3094003278,14,28,12,16,15,13,0,0,0,0,0,28,12,16,15,13,19,9.22338584854665,11.6232227745828,0.429428331990405,2020-04-06,2020,4
"7161","PB",2,"Nordeste",25018,"Itabaiana",111661,10131.3094003278,15,27,9,18,9,18,0,0,0,0,0,27,9,18,9,18,24,9.22338584854665,11.6232227745828,0.417631518009319,2020-04-13,2020,4
"7162","PB",2,"Nordeste",25018,"Itabaiana",111661,10131.3094003278,16,26,11,15,10,16,0,0,0,0,0,26,11,15,10,16,6,9.22338584854665,11.6232227745828,0.40617293490177,2020-04-20,2020,4
"7163","PB",2,"Nordeste",25018,"Itabaiana",111661,10131.3094003278,17,28,12,16,12,16,1,0,0,0,0,29,12,16,12,16,15,9.22338584854665,11.6232227745828,0.398463696555802,2020-04-27,2020,4
"7164","PB",2,"Nordeste",25018,"Itabaiana",111661,10131.3094003278,18,24,9,15,10,14,0,0,0,0,0,24,9,15,10,14,14,9.22338584854665,11.6232227745828,0.409100530451076,2020-05-04,2020,5
"7165","PB",2,"Nordeste",25018,"Itabaiana",111661,10131.3094003278,19,29,8,21,18,11,0,0,0,0,0,29,8,21,18,11,19,9.22338584854665,11.6232227745828,0.469318030634179,2020-05-11,2020,5
"7166","PB",2,"Nordeste",25018,"Itabaiana",111661,10131.3094003278,20,29,14,15,14,15,0,0,0,0,0,29,14,15,14,15,19,9.22338584854665,11.6232227745828,0.461569909928271,2020-05-18,2020,5
"7167","PB",2,"Nordeste",25018,"Itabaiana",111661,10131.3094003278,21,32,11,21,19,13,0,0,0,0,0,32,11,21,19,13,27,9.22338584854665,11.6232227745828,0.430913071935171,2020-05-25,2020,5
"7168","PB",2,"Nordeste",25018,"Itabaiana",111661,10131.3094003278,22,34,8,26,18,16,0,0,0,0,0,34,8,26,18,16,11,9.22338584854665,11.6232227745828,0.414328028690426,2020-06-01,2020,6
"7169","PB",2,"Nordeste",25018,"Itabaiana",111661,10131.3094003278,23,36,19,17,12,24,0,0,0,0,0,36,19,17,12,24,10,9.22338584854665,11.6232227745828,0.410793153590468,2020-06-08,2020,6
"7170","PB",2,"Nordeste",25018,"Itabaiana",111661,10131.3094003278,24,26,11,15,12,14,1,0,0,0,0,27,11,15,12,14,18,9.22338584854665,11.6232227745828,0.402997483255565,2020-06-15,2020,6
"7171","PB",2,"Nordeste",25018,"Itabaiana",111661,10131.3094003278,25,40,18,22,13,27,1,0,0,0,0,41,18,22,13,27,19,9.22338584854665,11.6232227745828,0.392076352238273,2020-06-22,2020,6
"7172","PB",2,"Nordeste",25018,"Itabaiana",111661,10131.3094003278,26,34,15,19,13,21,0,0,0,0,0,34,15,19,13,21,25,9.22338584854665,11.6232227745828,0.412104663141779,2020-06-29,2020,6
"7173","PB",2,"Nordeste",25018,"Itabaiana",111661,10131.3094003278,27,30,12,18,13,17,1,0,0,0,0,31,12,18,13,17,16,9.22338584854665,11.6232227745828,0.42455312214018,2020-07-06,2020,7
"7174","PB",2,"Nordeste",25018,"Itabaiana",111661,10131.3094003278,28,38,14,24,17,21,0,0,0,0,0,38,14,24,17,21,13,9.22338584854665,11.6232227745828,0.421314072870887,2020-07-13,2020,7
"7175","PB",2,"Nordeste",25018,"Itabaiana",111661,10131.3094003278,29,34,10,24,13,21,1,0,0,0,0,35,10,24,13,21,25,9.22338584854665,11.6232227745828,0.418835763431854,2020-07-20,2020,7
"7176","PB",2,"Nordeste",25019,"Umbuzeiro",54322,7853.21209068149,5,11,6,5,8,3,0,0,0,0,0,11,6,5,8,3,3,8.96867791061001,10.902684580406,0.291828586930902,2020-02-03,2020,2
"7177","PB",2,"Nordeste",25019,"Umbuzeiro",54322,7853.21209068149,6,11,3,8,5,6,0,0,0,0,0,11,3,8,5,6,5,8.96867791061001,10.902684580406,0.285033077802709,2020-02-10,2020,2
"7178","PB",2,"Nordeste",25019,"Umbuzeiro",54322,7853.21209068149,7,13,4,9,4,9,0,0,0,0,0,13,4,9,4,9,8,8.96867791061001,10.902684580406,0.29632117640473,2020-02-17,2020,2
"7179","PB",2,"Nordeste",25019,"Umbuzeiro",54322,7853.21209068149,8,10,5,5,4,6,0,0,0,0,0,10,5,5,4,6,9,8.96867791061001,10.902684580406,0.349396400058572,2020-02-24,2020,2
"7180","PB",2,"Nordeste",25019,"Umbuzeiro",54322,7853.21209068149,9,19,9,10,5,14,0,0,0,0,0,19,9,10,5,14,6,8.96867791061001,10.902684580406,0.321915511008184,2020-03-02,2020,3
"7181","PB",2,"Nordeste",25019,"Umbuzeiro",54322,7853.21209068149,10,4,2,2,2,2,0,0,0,0,0,4,2,2,2,2,10,8.96867791061001,10.902684580406,0.344412609783075,2020-03-09,2020,3
"7182","PB",2,"Nordeste",25019,"Umbuzeiro",54322,7853.21209068149,11,6,1,5,4,2,0,0,0,0,0,6,1,5,4,2,10,8.96867791061001,10.902684580406,0.416084097972661,2020-03-16,2020,3
"7183","PB",2,"Nordeste",25019,"Umbuzeiro",54322,7853.21209068149,12,14,3,11,9,5,0,0,0,0,0,14,3,11,9,5,6,8.96867791061001,10.902684580406,0.487833001383183,2020-03-23,2020,3
"7184","PB",2,"Nordeste",25019,"Umbuzeiro",54322,7853.21209068149,13,6,2,4,2,4,0,0,0,0,0,6,2,4,2,4,6,8.96867791061001,10.902684580406,0.465189406585403,2020-03-30,2020,3
"7185","PB",2,"Nordeste",25019,"Umbuzeiro",54322,7853.21209068149,14,9,4,5,6,3,0,0,0,0,0,9,4,5,6,3,7,8.96867791061001,10.902684580406,0.440098241126029,2020-04-06,2020,4
"7186","PB",2,"Nordeste",25019,"Umbuzeiro",54322,7853.21209068149,15,5,3,2,2,3,1,0,0,0,0,6,3,2,2,3,7,8.96867791061001,10.902684580406,0.42500947679127,2020-04-13,2020,4
"7187","PB",2,"Nordeste",25019,"Umbuzeiro",54322,7853.21209068149,16,10,6,4,7,3,0,0,0,0,0,10,6,4,7,3,4,8.96867791061001,10.902684580406,0.419630745145694,2020-04-20,2020,4
"7188","PB",2,"Nordeste",25019,"Umbuzeiro",54322,7853.21209068149,17,13,7,6,4,9,0,0,0,0,0,13,7,6,4,9,7,8.96867791061001,10.902684580406,0.416001257505203,2020-04-27,2020,4
"7189","PB",2,"Nordeste",25019,"Umbuzeiro",54322,7853.21209068149,18,7,2,5,3,4,1,0,0,0,0,8,2,5,3,4,6,8.96867791061001,10.902684580406,0.430281304675379,2020-05-04,2020,5
"7190","PB",2,"Nordeste",25019,"Umbuzeiro",54322,7853.21209068149,19,9,1,8,1,8,0,0,0,0,0,9,1,8,1,8,6,8.96867791061001,10.902684580406,0.481818286458161,2020-05-11,2020,5
"7191","PB",2,"Nordeste",25019,"Umbuzeiro",54322,7853.21209068149,20,18,6,12,9,9,0,0,0,0,0,18,6,12,9,9,9,8.96867791061001,10.902684580406,0.486304113171446,2020-05-18,2020,5
"7192","PB",2,"Nordeste",25019,"Umbuzeiro",54322,7853.21209068149,21,12,6,6,8,4,0,0,0,0,0,12,6,6,8,4,9,8.96867791061001,10.902684580406,0.441938996114875,2020-05-25,2020,5
"7193","PB",2,"Nordeste",25019,"Umbuzeiro",54322,7853.21209068149,22,21,10,11,9,12,0,0,0,0,0,21,10,11,9,12,9,8.96867791061001,10.902684580406,0.431939850489225,2020-06-01,2020,6
"7194","PB",2,"Nordeste",25019,"Umbuzeiro",54322,7853.21209068149,23,15,8,7,4,11,1,0,0,0,0,16,8,7,4,11,8,8.96867791061001,10.902684580406,0.429932019698975,2020-06-08,2020,6
"7195","PB",2,"Nordeste",25019,"Umbuzeiro",54322,7853.21209068149,24,15,4,11,5,10,1,0,0,0,0,16,4,11,5,10,7,8.96867791061001,10.902684580406,0.413144419769758,2020-06-15,2020,6
"7196","PB",2,"Nordeste",25019,"Umbuzeiro",54322,7853.21209068149,25,16,8,8,8,8,0,0,0,0,0,16,8,8,8,8,7,8.96867791061001,10.902684580406,0.400390630119492,2020-06-22,2020,6
"7197","PB",2,"Nordeste",25019,"Umbuzeiro",54322,7853.21209068149,26,19,9,10,12,7,0,0,0,0,0,19,9,10,12,7,8,8.96867791061001,10.902684580406,0.439664264223425,2020-06-29,2020,6
"7198","PB",2,"Nordeste",25019,"Umbuzeiro",54322,7853.21209068149,27,16,5,11,6,10,1,0,0,0,0,17,5,11,6,10,5,8.96867791061001,10.902684580406,0.461952571356804,2020-07-06,2020,7
"7199","PB",2,"Nordeste",25019,"Umbuzeiro",54322,7853.21209068149,28,12,8,4,4,8,0,0,0,0,0,12,8,4,4,8,8,8.96867791061001,10.902684580406,0.450030501156281,2020-07-13,2020,7
"7200","PB",2,"Nordeste",25019,"Umbuzeiro",54322,7853.21209068149,29,11,4,7,6,5,0,0,0,0,0,11,4,7,6,5,8,8.96867791061001,10.902684580406,0.442311385312205,2020-07-20,2020,7
"7201","PB",2,"Nordeste",25020,"Litoral Norte",153223,11900.0117603754,5,41,16,25,18,23,0,0,0,0,0,41,16,25,18,23,21,9.38429466736597,11.9396496555685,0.271699068603447,2020-02-03,2020,2
"7202","PB",2,"Nordeste",25020,"Litoral Norte",153223,11900.0117603754,6,32,7,25,20,12,1,0,0,0,0,33,7,25,20,12,28,9.38429466736597,11.9396496555685,0.272208176729118,2020-02-10,2020,2
"7203","PB",2,"Nordeste",25020,"Litoral Norte",153223,11900.0117603754,7,33,12,21,14,19,1,0,0,0,0,34,12,21,14,19,22,9.38429466736597,11.9396496555685,0.292080965605114,2020-02-17,2020,2
"7204","PB",2,"Nordeste",25020,"Litoral Norte",153223,11900.0117603754,8,60,27,33,31,29,0,0,0,0,0,60,27,33,31,29,21,9.38429466736597,11.9396496555685,0.333105114264738,2020-02-24,2020,2
"7205","PB",2,"Nordeste",25020,"Litoral Norte",153223,11900.0117603754,9,45,22,23,23,22,0,0,0,0,0,45,22,23,23,22,20,9.38429466736597,11.9396496555685,0.302399379146103,2020-03-02,2020,3
"7206","PB",2,"Nordeste",25020,"Litoral Norte",153223,11900.0117603754,10,30,18,12,13,17,1,0,0,0,0,31,18,12,13,17,14,9.38429466736597,11.9396496555685,0.330267470795129,2020-03-09,2020,3
"7207","PB",2,"Nordeste",25020,"Litoral Norte",153223,11900.0117603754,11,47,24,23,20,27,0,0,0,0,0,47,24,23,20,27,20,9.38429466736597,11.9396496555685,0.377659796720191,2020-03-16,2020,3
"7208","PB",2,"Nordeste",25020,"Litoral Norte",153223,11900.0117603754,12,41,21,20,24,17,0,0,0,0,0,41,21,20,24,17,19,9.38429466736597,11.9396496555685,0.482037929445636,2020-03-23,2020,3
"7209","PB",2,"Nordeste",25020,"Litoral Norte",153223,11900.0117603754,13,39,20,19,19,20,1,0,0,0,0,40,20,19,19,20,18,9.38429466736597,11.9396496555685,0.440345898383394,2020-03-30,2020,3
"7210","PB",2,"Nordeste",25020,"Litoral Norte",153223,11900.0117603754,14,50,30,20,25,25,0,0,0,0,0,50,30,20,25,25,19,9.38429466736597,11.9396496555685,0.416675424872853,2020-04-06,2020,4
"7211","PB",2,"Nordeste",25020,"Litoral Norte",153223,11900.0117603754,15,43,24,19,16,27,0,0,0,0,0,43,24,19,16,27,14,9.38429466736597,11.9396496555685,0.404004493303548,2020-04-13,2020,4
"7212","PB",2,"Nordeste",25020,"Litoral Norte",153223,11900.0117603754,16,58,28,30,22,36,0,0,0,0,0,58,28,30,22,36,20,9.38429466736597,11.9396496555685,0.414816384684353,2020-04-20,2020,4
"7213","PB",2,"Nordeste",25020,"Litoral Norte",153223,11900.0117603754,17,50,22,28,28,22,1,0,0,0,0,51,22,28,28,22,20,9.38429466736597,11.9396496555685,0.396815161085432,2020-04-27,2020,4
"7214","PB",2,"Nordeste",25020,"Litoral Norte",153223,11900.0117603754,18,58,28,30,24,34,0,0,0,0,0,58,28,30,24,34,17,9.38429466736597,11.9396496555685,0.415180799398447,2020-05-04,2020,5
"7215","PB",2,"Nordeste",25020,"Litoral Norte",153223,11900.0117603754,19,52,29,23,29,23,0,0,0,0,0,52,29,23,29,23,23,9.38429466736597,11.9396496555685,0.459613402489579,2020-05-11,2020,5
"7216","PB",2,"Nordeste",25020,"Litoral Norte",153223,11900.0117603754,20,61,34,27,35,26,0,0,0,0,0,61,34,27,35,26,27,9.38429466736597,11.9396496555685,0.436885792804864,2020-05-18,2020,5
"7217","PB",2,"Nordeste",25020,"Litoral Norte",153223,11900.0117603754,21,61,33,28,26,35,2,0,0,0,0,63,33,28,26,35,29,9.38429466736597,11.9396496555685,0.42350397034005,2020-05-25,2020,5
"7218","PB",2,"Nordeste",25020,"Litoral Norte",153223,11900.0117603754,22,54,21,33,23,31,0,0,0,0,0,54,21,33,23,31,38,9.38429466736597,11.9396496555685,0.412586793171218,2020-06-01,2020,6
"7219","PB",2,"Nordeste",25020,"Litoral Norte",153223,11900.0117603754,23,68,30,38,28,40,0,0,0,0,0,68,30,38,28,40,33,9.38429466736597,11.9396496555685,0.401789502821254,2020-06-08,2020,6
"7220","PB",2,"Nordeste",25020,"Litoral Norte",153223,11900.0117603754,24,56,23,33,17,39,0,0,0,0,0,56,23,33,17,39,33,9.38429466736597,11.9396496555685,0.403606940262887,2020-06-15,2020,6
"7221","PB",2,"Nordeste",25020,"Litoral Norte",153223,11900.0117603754,25,44,16,28,21,23,1,0,0,0,0,45,16,28,21,23,29,9.38429466736597,11.9396496555685,0.391270427998236,2020-06-22,2020,6
"7222","PB",2,"Nordeste",25020,"Litoral Norte",153223,11900.0117603754,26,50,24,26,30,20,1,0,0,0,0,51,24,26,30,20,38,9.38429466736597,11.9396496555685,0.413100742138145,2020-06-29,2020,6
"7223","PB",2,"Nordeste",25020,"Litoral Norte",153223,11900.0117603754,27,55,21,34,30,25,1,0,0,0,0,56,21,34,30,25,31,9.38429466736597,11.9396496555685,0.425929196879827,2020-07-06,2020,7
"7224","PB",2,"Nordeste",25020,"Litoral Norte",153223,11900.0117603754,28,53,27,26,24,29,0,0,0,0,0,53,27,26,24,29,29,9.38429466736597,11.9396496555685,0.418784217758612,2020-07-13,2020,7
"7225","PB",2,"Nordeste",25020,"Litoral Norte",153223,11900.0117603754,29,48,26,22,20,28,1,0,0,0,0,49,26,22,20,28,38,9.38429466736597,11.9396496555685,0.411173359473674,2020-07-20,2020,7
"7226","PB",2,"Nordeste",25021,"Sapé",140664,9573.26668081385,5,26,8,18,14,12,2,0,0,0,0,28,8,18,14,12,19,9.16672977215928,11.8541293468244,0.259329688951097,2020-02-03,2020,2
"7227","PB",2,"Nordeste",25021,"Sapé",140664,9573.26668081385,6,43,22,21,22,21,1,0,0,0,0,44,22,21,22,21,16,9.16672977215928,11.8541293468244,0.265777652030667,2020-02-10,2020,2
"7228","PB",2,"Nordeste",25021,"Sapé",140664,9573.26668081385,7,31,14,17,13,18,0,0,0,0,0,31,14,17,13,18,17,9.16672977215928,11.8541293468244,0.278972120952155,2020-02-17,2020,2
"7229","PB",2,"Nordeste",25021,"Sapé",140664,9573.26668081385,8,36,16,20,18,18,1,0,0,0,0,37,16,20,18,18,17,9.16672977215928,11.8541293468244,0.326392505437488,2020-02-24,2020,2
"7230","PB",2,"Nordeste",25021,"Sapé",140664,9573.26668081385,9,26,7,19,13,13,0,0,0,0,0,26,7,19,13,13,16,9.16672977215928,11.8541293468244,0.29443117906158,2020-03-02,2020,3
"7231","PB",2,"Nordeste",25021,"Sapé",140664,9573.26668081385,10,29,14,15,15,14,0,0,0,0,0,29,14,15,15,14,20,9.16672977215928,11.8541293468244,0.32935285459416,2020-03-09,2020,3
"7232","PB",2,"Nordeste",25021,"Sapé",140664,9573.26668081385,11,44,18,26,27,17,0,0,0,0,0,44,18,26,27,17,25,9.16672977215928,11.8541293468244,0.385801091459733,2020-03-16,2020,3
"7233","PB",2,"Nordeste",25021,"Sapé",140664,9573.26668081385,12,22,7,15,10,12,1,0,0,0,0,23,7,15,10,12,22,9.16672977215928,11.8541293468244,0.47974631176585,2020-03-23,2020,3
"7234","PB",2,"Nordeste",25021,"Sapé",140664,9573.26668081385,13,34,11,23,16,18,3,0,0,0,0,37,11,23,16,18,12,9.16672977215928,11.8541293468244,0.432686600579562,2020-03-30,2020,3
"7235","PB",2,"Nordeste",25021,"Sapé",140664,9573.26668081385,14,43,13,30,25,18,1,0,0,0,0,44,13,30,25,18,16,9.16672977215928,11.8541293468244,0.417305877443462,2020-04-06,2020,4
"7236","PB",2,"Nordeste",25021,"Sapé",140664,9573.26668081385,15,33,13,20,17,16,0,0,0,0,0,33,13,20,17,16,21,9.16672977215928,11.8541293468244,0.411450549539118,2020-04-13,2020,4
"7237","PB",2,"Nordeste",25021,"Sapé",140664,9573.26668081385,16,39,14,25,16,23,0,0,0,0,0,39,14,25,16,23,12,9.16672977215928,11.8541293468244,0.404389177681746,2020-04-20,2020,4
"7238","PB",2,"Nordeste",25021,"Sapé",140664,9573.26668081385,17,35,11,24,20,15,0,0,0,0,0,35,11,24,20,15,17,9.16672977215928,11.8541293468244,0.3993084854342,2020-04-27,2020,4
"7239","PB",2,"Nordeste",25021,"Sapé",140664,9573.26668081385,18,32,17,15,19,13,0,0,0,0,0,32,17,15,19,13,21,9.16672977215928,11.8541293468244,0.404757616383365,2020-05-04,2020,5
"7240","PB",2,"Nordeste",25021,"Sapé",140664,9573.26668081385,19,50,25,25,24,26,2,0,0,0,0,52,25,25,24,26,31,9.16672977215928,11.8541293468244,0.458403112831041,2020-05-11,2020,5
"7241","PB",2,"Nordeste",25021,"Sapé",140664,9573.26668081385,20,34,11,23,15,19,0,0,0,0,0,34,11,23,15,19,31,9.16672977215928,11.8541293468244,0.445145865697917,2020-05-18,2020,5
"7242","PB",2,"Nordeste",25021,"Sapé",140664,9573.26668081385,21,47,14,33,24,23,0,0,0,0,0,47,14,33,24,23,32,9.16672977215928,11.8541293468244,0.414570654386863,2020-05-25,2020,5
"7243","PB",2,"Nordeste",25021,"Sapé",140664,9573.26668081385,22,30,13,17,15,15,0,0,0,0,0,30,13,17,15,15,22,9.16672977215928,11.8541293468244,0.402234762321464,2020-06-01,2020,6
"7244","PB",2,"Nordeste",25021,"Sapé",140664,9573.26668081385,23,36,13,23,14,22,0,0,0,0,0,36,13,23,14,22,29,9.16672977215928,11.8541293468244,0.399856945536517,2020-06-08,2020,6
"7245","PB",2,"Nordeste",25021,"Sapé",140664,9573.26668081385,24,31,10,21,18,13,0,0,0,0,0,31,10,21,18,13,16,9.16672977215928,11.8541293468244,0.392414357199617,2020-06-15,2020,6
"7246","PB",2,"Nordeste",25021,"Sapé",140664,9573.26668081385,25,47,21,26,24,23,1,0,0,0,0,48,21,26,24,23,31,9.16672977215928,11.8541293468244,0.389243251769238,2020-06-22,2020,6
"7247","PB",2,"Nordeste",25021,"Sapé",140664,9573.26668081385,26,26,17,9,15,11,1,0,0,0,0,27,17,9,15,11,23,9.16672977215928,11.8541293468244,0.409974843379772,2020-06-29,2020,6
"7248","PB",2,"Nordeste",25021,"Sapé",140664,9573.26668081385,27,37,12,25,16,21,0,0,0,0,0,37,12,25,16,21,26,9.16672977215928,11.8541293468244,0.414292730030598,2020-07-06,2020,7
"7249","PB",2,"Nordeste",25021,"Sapé",140664,9573.26668081385,28,37,15,22,11,26,1,0,0,0,0,38,15,22,11,26,24,9.16672977215928,11.8541293468244,0.414769910988967,2020-07-13,2020,7
"7250","PB",2,"Nordeste",25021,"Sapé",140664,9573.26668081385,29,36,12,24,17,19,1,0,0,0,0,37,12,24,17,19,28,9.16672977215928,11.8541293468244,0.414326754625949,2020-07-20,2020,7
"7251","PB",2,"Nordeste",25022,"João Pessoa",1159054,24145.3394984013,5,293,73,220,105,188,3,0,0,0,0,296,73,220,105,188,169,10.0918466590247,13.9631147131261,0.263826606264582,2020-02-03,2020,2
"7252","PB",2,"Nordeste",25022,"João Pessoa",1159054,24145.3394984013,6,300,76,224,97,203,0,0,0,0,0,300,76,224,97,203,148,10.0918466590247,13.9631147131261,0.263224289267476,2020-02-10,2020,2
"7253","PB",2,"Nordeste",25022,"João Pessoa",1159054,24145.3394984013,7,304,87,217,107,197,3,0,0,0,0,307,87,217,107,197,124,10.0918466590247,13.9631147131261,0.281802799713017,2020-02-17,2020,2
"7254","PB",2,"Nordeste",25022,"João Pessoa",1159054,24145.3394984013,8,315,71,244,114,201,3,0,0,0,0,318,71,244,114,201,118,10.0918466590247,13.9631147131261,0.331838325568892,2020-02-24,2020,2
"7255","PB",2,"Nordeste",25022,"João Pessoa",1159054,24145.3394984013,9,340,97,243,135,205,4,0,0,0,0,344,97,243,135,205,148,10.0918466590247,13.9631147131261,0.298913746027357,2020-03-02,2020,3
"7256","PB",2,"Nordeste",25022,"João Pessoa",1159054,24145.3394984013,10,231,59,172,83,148,1,0,0,0,0,232,59,172,83,148,152,10.0918466590247,13.9631147131261,0.318769281589407,2020-03-09,2020,3
"7257","PB",2,"Nordeste",25022,"João Pessoa",1159054,24145.3394984013,11,250,78,172,96,154,5,0,0,0,0,255,78,172,96,154,162,10.0918466590247,13.9631147131261,0.403304763842743,2020-03-16,2020,3
"7258","PB",2,"Nordeste",25022,"João Pessoa",1159054,24145.3394984013,12,229,58,171,80,149,3,0,0,0,0,232,58,171,80,149,135,10.0918466590247,13.9631147131261,0.548803914698162,2020-03-23,2020,3
"7259","PB",2,"Nordeste",25022,"João Pessoa",1159054,24145.3394984013,13,237,57,180,102,135,3,0,0,0,0,240,57,180,102,135,154,10.0918466590247,13.9631147131261,0.493480476055122,2020-03-30,2020,3
"7260","PB",2,"Nordeste",25022,"João Pessoa",1159054,24145.3394984013,14,252,67,185,104,148,2,0,0,0,0,254,67,185,104,148,148,10.0918466590247,13.9631147131261,0.482383612044184,2020-04-06,2020,4
"7261","PB",2,"Nordeste",25022,"João Pessoa",1159054,24145.3394984013,15,246,71,175,92,154,4,0,0,0,0,250,71,175,92,154,172,10.0918466590247,13.9631147131261,0.468746178522903,2020-04-13,2020,4
"7262","PB",2,"Nordeste",25022,"João Pessoa",1159054,24145.3394984013,16,256,67,189,94,162,2,0,0,0,0,258,67,189,94,162,166,10.0918466590247,13.9631147131261,0.472039556698175,2020-04-20,2020,4
"7263","PB",2,"Nordeste",25022,"João Pessoa",1159054,24145.3394984013,17,286,68,218,107,179,5,0,0,0,0,291,68,218,107,179,196,10.0918466590247,13.9631147131261,0.455871528393675,2020-04-27,2020,4
"7264","PB",2,"Nordeste",25022,"João Pessoa",1159054,24145.3394984013,18,276,88,188,106,170,2,0,0,0,0,278,88,188,106,170,257,10.0918466590247,13.9631147131261,0.445932481591656,2020-05-04,2020,5
"7265","PB",2,"Nordeste",25022,"João Pessoa",1159054,24145.3394984013,19,282,71,211,101,181,2,0,0,0,0,284,71,211,101,181,271,10.0918466590247,13.9631147131261,0.483248877807486,2020-05-11,2020,5
"7266","PB",2,"Nordeste",25022,"João Pessoa",1159054,24145.3394984013,20,289,76,213,111,178,3,0,0,0,0,292,76,213,111,178,262,10.0918466590247,13.9631147131261,0.476936167567244,2020-05-18,2020,5
"7267","PB",2,"Nordeste",25022,"João Pessoa",1159054,24145.3394984013,21,311,86,225,102,209,3,0,0,0,0,314,86,225,102,209,291,10.0918466590247,13.9631147131261,0.447027971321105,2020-05-25,2020,5
"7268","PB",2,"Nordeste",25022,"João Pessoa",1159054,24145.3394984013,22,320,78,242,111,209,2,0,0,0,0,322,78,242,111,209,296,10.0918466590247,13.9631147131261,0.445625148495976,2020-06-01,2020,6
"7269","PB",2,"Nordeste",25022,"João Pessoa",1159054,24145.3394984013,23,326,105,221,138,188,1,0,0,0,0,327,105,221,138,188,229,10.0918466590247,13.9631147131261,0.428153283421829,2020-06-08,2020,6
"7270","PB",2,"Nordeste",25022,"João Pessoa",1159054,24145.3394984013,24,334,94,240,125,209,2,0,0,0,0,336,94,240,125,209,185,10.0918466590247,13.9631147131261,0.412223311085675,2020-06-15,2020,6
"7271","PB",2,"Nordeste",25022,"João Pessoa",1159054,24145.3394984013,25,305,79,226,101,204,3,0,0,0,0,308,79,226,101,204,204,10.0918466590247,13.9631147131261,0.413236427770916,2020-06-22,2020,6
"7272","PB",2,"Nordeste",25022,"João Pessoa",1159054,24145.3394984013,26,307,80,227,117,190,3,0,0,0,0,310,80,227,117,190,189,10.0918466590247,13.9631147131261,0.416538827237316,2020-06-29,2020,6
"7273","PB",2,"Nordeste",25022,"João Pessoa",1159054,24145.3394984013,27,295,68,227,92,203,0,0,0,0,0,295,68,227,92,203,176,10.0918466590247,13.9631147131261,0.412034867069947,2020-07-06,2020,7
"7274","PB",2,"Nordeste",25022,"João Pessoa",1159054,24145.3394984013,28,303,74,229,116,187,3,0,0,0,0,306,74,229,116,187,186,10.0918466590247,13.9631147131261,0.406931287032312,2020-07-13,2020,7
"7275","PB",2,"Nordeste",25022,"João Pessoa",1159054,24145.3394984013,29,333,84,249,128,205,4,0,0,0,0,337,84,249,128,205,190,10.0918466590247,13.9631147131261,0.40849918389043,2020-07-20,2020,7
"7276","PB",2,"Nordeste",25023,"Litoral Sul",89490,25286.0757657839,5,24,12,12,13,11,0,0,0,0,0,24,12,12,13,11,19,10.1380091582204,11.4018821661769,0.277902179181516,2020-02-03,2020,2
"7277","PB",2,"Nordeste",25023,"Litoral Sul",89490,25286.0757657839,6,23,11,12,8,15,0,0,0,0,0,23,11,12,8,15,5,10.1380091582204,11.4018821661769,0.276052405553969,2020-02-10,2020,2
"7278","PB",2,"Nordeste",25023,"Litoral Sul",89490,25286.0757657839,7,32,8,24,12,20,0,0,0,0,0,32,8,24,12,20,9,10.1380091582204,11.4018821661769,0.298671408375893,2020-02-17,2020,2
"7279","PB",2,"Nordeste",25023,"Litoral Sul",89490,25286.0757657839,8,26,10,16,13,13,0,0,0,0,0,26,10,16,13,13,14,10.1380091582204,11.4018821661769,0.328366947666937,2020-02-24,2020,2
"7280","PB",2,"Nordeste",25023,"Litoral Sul",89490,25286.0757657839,9,28,15,13,11,17,0,0,0,0,0,28,15,13,11,17,11,10.1380091582204,11.4018821661769,0.31105674682324,2020-03-02,2020,3
"7281","PB",2,"Nordeste",25023,"Litoral Sul",89490,25286.0757657839,10,14,5,9,5,9,0,0,0,0,0,14,5,9,5,9,13,10.1380091582204,11.4018821661769,0.333859525592366,2020-03-09,2020,3
"7282","PB",2,"Nordeste",25023,"Litoral Sul",89490,25286.0757657839,11,19,7,12,12,7,0,0,0,0,0,19,7,12,12,7,9,10.1380091582204,11.4018821661769,0.387122164272738,2020-03-16,2020,3
"7283","PB",2,"Nordeste",25023,"Litoral Sul",89490,25286.0757657839,12,19,4,15,6,13,0,0,0,0,0,19,4,15,6,13,17,10.1380091582204,11.4018821661769,0.481789616311422,2020-03-23,2020,3
"7284","PB",2,"Nordeste",25023,"Litoral Sul",89490,25286.0757657839,13,28,7,21,11,17,0,0,0,0,0,28,7,21,11,17,15,10.1380091582204,11.4018821661769,0.441415492321356,2020-03-30,2020,3
"7285","PB",2,"Nordeste",25023,"Litoral Sul",89490,25286.0757657839,14,23,10,13,12,11,0,0,0,0,0,23,10,13,12,11,10,10.1380091582204,11.4018821661769,0.422445878163448,2020-04-06,2020,4
"7286","PB",2,"Nordeste",25023,"Litoral Sul",89490,25286.0757657839,15,24,9,15,12,12,0,0,0,0,0,24,9,15,12,12,9,10.1380091582204,11.4018821661769,0.415148557198617,2020-04-13,2020,4
"7287","PB",2,"Nordeste",25023,"Litoral Sul",89490,25286.0757657839,16,18,10,8,9,9,0,0,0,0,0,18,10,8,9,9,8,10.1380091582204,11.4018821661769,0.414869274217623,2020-04-20,2020,4
"7288","PB",2,"Nordeste",25023,"Litoral Sul",89490,25286.0757657839,17,23,9,14,9,14,0,0,0,0,0,23,9,14,9,14,14,10.1380091582204,11.4018821661769,0.415452629631082,2020-04-27,2020,4
"7289","PB",2,"Nordeste",25023,"Litoral Sul",89490,25286.0757657839,18,20,6,14,8,12,0,0,0,0,0,20,6,14,8,12,18,10.1380091582204,11.4018821661769,0.423127404180626,2020-05-04,2020,5
"7290","PB",2,"Nordeste",25023,"Litoral Sul",89490,25286.0757657839,19,28,12,16,10,18,0,0,0,0,0,28,12,16,10,18,19,10.1380091582204,11.4018821661769,0.465043196657623,2020-05-11,2020,5
"7291","PB",2,"Nordeste",25023,"Litoral Sul",89490,25286.0757657839,20,28,9,19,12,16,1,0,0,0,0,29,9,19,12,16,17,10.1380091582204,11.4018821661769,0.461661350642776,2020-05-18,2020,5
"7292","PB",2,"Nordeste",25023,"Litoral Sul",89490,25286.0757657839,21,21,9,12,9,12,2,0,0,0,0,23,9,12,9,12,14,10.1380091582204,11.4018821661769,0.421121745626265,2020-05-25,2020,5
"7293","PB",2,"Nordeste",25023,"Litoral Sul",89490,25286.0757657839,22,26,7,19,12,14,0,0,0,0,0,26,7,19,12,14,17,10.1380091582204,11.4018821661769,0.410025238768395,2020-06-01,2020,6
"7294","PB",2,"Nordeste",25023,"Litoral Sul",89490,25286.0757657839,23,35,15,20,20,15,0,0,0,0,0,35,15,20,20,15,20,10.1380091582204,11.4018821661769,0.411151308149913,2020-06-08,2020,6
"7295","PB",2,"Nordeste",25023,"Litoral Sul",89490,25286.0757657839,24,23,8,15,10,13,0,0,0,0,0,23,8,15,10,13,11,10.1380091582204,11.4018821661769,0.396068508402076,2020-06-15,2020,6
"7296","PB",2,"Nordeste",25023,"Litoral Sul",89490,25286.0757657839,25,35,11,24,17,18,0,0,0,0,0,35,11,24,17,18,14,10.1380091582204,11.4018821661769,0.381460396578306,2020-06-22,2020,6
"7297","PB",2,"Nordeste",25023,"Litoral Sul",89490,25286.0757657839,26,35,14,21,13,22,1,0,0,0,0,36,14,21,13,22,16,10.1380091582204,11.4018821661769,0.404859540828963,2020-06-29,2020,6
"7298","PB",2,"Nordeste",25023,"Litoral Sul",89490,25286.0757657839,27,26,11,15,14,12,0,0,0,0,0,26,11,15,14,12,14,10.1380091582204,11.4018821661769,0.413862661356991,2020-07-06,2020,7
"7299","PB",2,"Nordeste",25023,"Litoral Sul",89490,25286.0757657839,28,35,13,22,18,17,0,0,0,0,0,35,13,22,18,17,17,10.1380091582204,11.4018821661769,0.412639335119122,2020-07-13,2020,7
"7300","PB",2,"Nordeste",25023,"Litoral Sul",89490,25286.0757657839,29,31,15,16,10,21,0,0,0,0,0,31,15,16,10,21,11,10.1380091582204,11.4018821661769,0.404419317376632,2020-07-20,2020,7
"7301","PE",2,"Nordeste",26001,"Araripina",335907,9679.03150035575,5,85,33,52,50,35,2,0,0,0,0,87,33,52,50,35,29,9.17771712364898,12.7245896149188,0.271222056296693,2020-02-03,2020,2
"7302","PE",2,"Nordeste",26001,"Araripina",335907,9679.03150035575,6,101,42,59,40,61,1,0,0,0,0,102,42,59,40,61,42,9.17771712364898,12.7245896149188,0.264474938569372,2020-02-10,2020,2
"7303","PE",2,"Nordeste",26001,"Araripina",335907,9679.03150035575,7,108,43,65,55,53,4,0,0,0,0,112,43,65,55,53,40,9.17771712364898,12.7245896149188,0.279299812396411,2020-02-17,2020,2
"7304","PE",2,"Nordeste",26001,"Araripina",335907,9679.03150035575,8,108,54,54,53,55,1,0,0,0,0,109,54,54,53,55,40,9.17771712364898,12.7245896149188,0.310809489952895,2020-02-24,2020,2
"7305","PE",2,"Nordeste",26001,"Araripina",335907,9679.03150035575,9,111,43,68,62,49,3,0,0,0,0,114,43,68,62,49,43,9.17771712364898,12.7245896149188,0.291739464396737,2020-03-02,2020,3
"7306","PE",2,"Nordeste",26001,"Araripina",335907,9679.03150035575,10,89,35,54,42,47,2,0,0,0,0,91,35,54,42,47,44,9.17771712364898,12.7245896149188,0.309279953891586,2020-03-09,2020,3
"7307","PE",2,"Nordeste",26001,"Araripina",335907,9679.03150035575,11,87,36,51,42,45,2,0,0,0,0,89,36,51,42,45,43,9.17771712364898,12.7245896149188,0.372590398794231,2020-03-16,2020,3
"7308","PE",2,"Nordeste",26001,"Araripina",335907,9679.03150035575,12,67,29,38,29,38,0,0,0,0,0,67,29,38,29,38,44,9.17771712364898,12.7245896149188,0.468269134303463,2020-03-23,2020,3
"7309","PE",2,"Nordeste",26001,"Araripina",335907,9679.03150035575,13,86,32,54,47,39,2,0,0,0,0,88,32,54,47,39,41,9.17771712364898,12.7245896149188,0.432278611783735,2020-03-30,2020,3
"7310","PE",2,"Nordeste",26001,"Araripina",335907,9679.03150035575,14,89,45,44,49,40,0,0,0,0,0,89,45,44,49,40,46,9.17771712364898,12.7245896149188,0.407697656963724,2020-04-06,2020,4
"7311","PE",2,"Nordeste",26001,"Araripina",335907,9679.03150035575,15,83,39,44,40,43,1,0,0,0,0,84,39,44,40,43,42,9.17771712364898,12.7245896149188,0.398699887746743,2020-04-13,2020,4
"7312","PE",2,"Nordeste",26001,"Araripina",335907,9679.03150035575,16,90,34,56,45,45,2,0,0,0,0,92,34,56,45,45,45,9.17771712364898,12.7245896149188,0.387829931295812,2020-04-20,2020,4
"7313","PE",2,"Nordeste",26001,"Araripina",335907,9679.03150035575,17,90,42,48,52,38,1,0,0,0,0,91,42,48,52,38,43,9.17771712364898,12.7245896149188,0.391062498704631,2020-04-27,2020,4
"7314","PE",2,"Nordeste",26001,"Araripina",335907,9679.03150035575,18,93,40,53,52,41,2,0,0,0,0,95,40,53,52,41,40,9.17771712364898,12.7245896149188,0.401862548242895,2020-05-04,2020,5
"7315","PE",2,"Nordeste",26001,"Araripina",335907,9679.03150035575,19,108,45,63,45,63,3,0,0,0,0,111,45,63,45,63,45,9.17771712364898,12.7245896149188,0.43170300795586,2020-05-11,2020,5
"7316","PE",2,"Nordeste",26001,"Araripina",335907,9679.03150035575,20,102,36,66,39,63,2,0,0,0,0,104,36,66,39,63,46,9.17771712364898,12.7245896149188,0.41893994476223,2020-05-18,2020,5
"7317","PE",2,"Nordeste",26001,"Araripina",335907,9679.03150035575,21,112,45,67,62,50,1,0,0,0,0,113,45,67,62,50,31,9.17771712364898,12.7245896149188,0.410022095638895,2020-05-25,2020,5
"7318","PE",2,"Nordeste",26001,"Araripina",335907,9679.03150035575,22,113,51,62,53,60,2,0,0,0,0,115,51,62,53,60,32,9.17771712364898,12.7245896149188,0.395820893975075,2020-06-01,2020,6
"7319","PE",2,"Nordeste",26001,"Araripina",335907,9679.03150035575,23,105,41,64,62,43,2,0,0,0,0,107,41,64,62,43,32,9.17771712364898,12.7245896149188,0.382870671351024,2020-06-08,2020,6
"7320","PE",2,"Nordeste",26001,"Araripina",335907,9679.03150035575,24,105,46,59,40,65,0,0,0,0,0,105,46,59,40,65,47,9.17771712364898,12.7245896149188,0.373298298655444,2020-06-15,2020,6
"7321","PE",2,"Nordeste",26001,"Araripina",335907,9679.03150035575,25,115,53,62,51,64,1,0,0,0,0,116,53,62,51,64,45,9.17771712364898,12.7245896149188,0.376204573473571,2020-06-22,2020,6
"7322","PE",2,"Nordeste",26001,"Araripina",335907,9679.03150035575,26,107,45,62,61,46,1,0,0,0,0,108,45,62,61,46,41,9.17771712364898,12.7245896149188,0.404486499010323,2020-06-29,2020,6
"7323","PE",2,"Nordeste",26001,"Araripina",335907,9679.03150035575,27,97,30,67,38,59,0,0,0,0,0,97,30,67,38,59,48,9.17771712364898,12.7245896149188,0.422408972696027,2020-07-06,2020,7
"7324","PE",2,"Nordeste",26001,"Araripina",335907,9679.03150035575,28,99,34,65,42,57,1,0,0,0,0,100,34,65,42,57,38,9.17771712364898,12.7245896149188,0.41980972323517,2020-07-13,2020,7
"7325","PE",2,"Nordeste",26001,"Araripina",335907,9679.03150035575,29,112,57,55,59,53,0,0,0,0,0,112,57,55,59,53,45,9.17771712364898,12.7245896149188,0.415140249099959,2020-07-20,2020,7
"7326","PE",2,"Nordeste",26002,"Salgueiro",173486,10117.767896545,5,48,10,38,26,22,0,0,0,0,0,48,10,38,26,22,16,9.22204835493122,12.0638521834707,0.268391321367343,2020-02-03,2020,2
"7327","PE",2,"Nordeste",26002,"Salgueiro",173486,10117.767896545,6,39,11,28,17,22,0,0,0,0,0,39,11,28,17,22,16,9.22204835493122,12.0638521834707,0.260025925179493,2020-02-10,2020,2
"7328","PE",2,"Nordeste",26002,"Salgueiro",173486,10117.767896545,7,58,13,45,22,36,0,0,0,0,0,58,13,45,22,36,6,9.22204835493122,12.0638521834707,0.276184026010524,2020-02-17,2020,2
"7329","PE",2,"Nordeste",26002,"Salgueiro",173486,10117.767896545,8,61,17,44,37,24,1,0,0,0,0,62,17,44,37,24,18,9.22204835493122,12.0638521834707,0.302665461202462,2020-02-24,2020,2
"7330","PE",2,"Nordeste",26002,"Salgueiro",173486,10117.767896545,9,47,8,39,16,31,0,0,0,0,0,47,8,39,16,31,21,9.22204835493122,12.0638521834707,0.29661663274657,2020-03-02,2020,3
"7331","PE",2,"Nordeste",26002,"Salgueiro",173486,10117.767896545,10,51,12,39,23,28,0,0,0,0,0,51,12,39,23,28,24,9.22204835493122,12.0638521834707,0.31607010545598,2020-03-09,2020,3
"7332","PE",2,"Nordeste",26002,"Salgueiro",173486,10117.767896545,11,50,13,37,24,26,1,0,0,0,0,51,13,37,24,26,25,9.22204835493122,12.0638521834707,0.379320731669626,2020-03-16,2020,3
"7333","PE",2,"Nordeste",26002,"Salgueiro",173486,10117.767896545,12,43,7,36,24,19,0,0,0,0,0,43,7,36,24,19,23,9.22204835493122,12.0638521834707,0.466372373596842,2020-03-23,2020,3
"7334","PE",2,"Nordeste",26002,"Salgueiro",173486,10117.767896545,13,41,14,27,16,25,1,0,0,0,0,42,14,27,16,25,17,9.22204835493122,12.0638521834707,0.429956233556007,2020-03-30,2020,3
"7335","PE",2,"Nordeste",26002,"Salgueiro",173486,10117.767896545,14,35,9,26,18,17,1,0,0,0,0,36,9,26,18,17,26,9.22204835493122,12.0638521834707,0.41530849998888,2020-04-06,2020,4
"7336","PE",2,"Nordeste",26002,"Salgueiro",173486,10117.767896545,15,35,9,26,16,19,1,0,0,0,0,36,9,26,16,19,19,9.22204835493122,12.0638521834707,0.412443078175965,2020-04-13,2020,4
"7337","PE",2,"Nordeste",26002,"Salgueiro",173486,10117.767896545,16,36,11,25,11,25,0,0,0,0,0,36,11,25,11,25,24,9.22204835493122,12.0638521834707,0.398939077934313,2020-04-20,2020,4
"7338","PE",2,"Nordeste",26002,"Salgueiro",173486,10117.767896545,17,43,10,33,18,25,2,0,0,0,0,45,10,33,18,25,28,9.22204835493122,12.0638521834707,0.397282509682295,2020-04-27,2020,4
"7339","PE",2,"Nordeste",26002,"Salgueiro",173486,10117.767896545,18,58,16,42,26,32,0,0,0,0,0,58,16,42,26,32,32,9.22204835493122,12.0638521834707,0.404833670595582,2020-05-04,2020,5
"7340","PE",2,"Nordeste",26002,"Salgueiro",173486,10117.767896545,19,69,23,46,32,37,2,0,0,0,0,71,23,46,32,37,18,9.22204835493122,12.0638521834707,0.434516792412947,2020-05-11,2020,5
"7341","PE",2,"Nordeste",26002,"Salgueiro",173486,10117.767896545,20,36,11,25,10,26,1,0,0,0,0,37,11,25,10,26,20,9.22204835493122,12.0638521834707,0.43004981257675,2020-05-18,2020,5
"7342","PE",2,"Nordeste",26002,"Salgueiro",173486,10117.767896545,21,54,12,42,23,31,1,0,0,0,0,55,12,42,23,31,21,9.22204835493122,12.0638521834707,0.42384926771813,2020-05-25,2020,5
"7343","PE",2,"Nordeste",26002,"Salgueiro",173486,10117.767896545,22,49,16,33,25,24,0,0,0,0,0,49,16,33,25,24,20,9.22204835493122,12.0638521834707,0.401484810279655,2020-06-01,2020,6
"7344","PE",2,"Nordeste",26002,"Salgueiro",173486,10117.767896545,23,46,7,39,15,31,1,0,0,0,0,47,7,39,15,31,15,9.22204835493122,12.0638521834707,0.388622995007234,2020-06-08,2020,6
"7345","PE",2,"Nordeste",26002,"Salgueiro",173486,10117.767896545,24,56,11,45,22,34,0,0,0,0,0,56,11,45,22,34,20,9.22204835493122,12.0638521834707,0.380808396733273,2020-06-15,2020,6
"7346","PE",2,"Nordeste",26002,"Salgueiro",173486,10117.767896545,25,60,21,39,31,29,0,0,0,0,0,60,21,39,31,29,26,9.22204835493122,12.0638521834707,0.386471116022859,2020-06-22,2020,6
"7347","PE",2,"Nordeste",26002,"Salgueiro",173486,10117.767896545,26,37,10,27,15,22,2,0,0,0,0,39,10,27,15,22,31,9.22204835493122,12.0638521834707,0.411190948866706,2020-06-29,2020,6
"7348","PE",2,"Nordeste",26002,"Salgueiro",173486,10117.767896545,27,49,9,40,22,27,0,0,0,0,0,49,9,40,22,27,19,9.22204835493122,12.0638521834707,0.430091235554059,2020-07-06,2020,7
"7349","PE",2,"Nordeste",26002,"Salgueiro",173486,10117.767896545,28,52,13,39,24,28,0,0,0,0,0,52,13,39,24,28,27,9.22204835493122,12.0638521834707,0.418866686495265,2020-07-13,2020,7
"7350","PE",2,"Nordeste",26002,"Salgueiro",173486,10117.767896545,29,66,22,44,30,36,3,0,0,0,0,69,22,44,30,36,14,9.22204835493122,12.0638521834707,0.423583929956073,2020-07-20,2020,7
"7351","PE",2,"Nordeste",26003,"Pajeú",333724,10933.3804186094,5,76,8,68,33,43,2,0,0,0,0,78,8,68,33,43,37,9.29957581227498,12.7180695830403,0.256841569262875,2020-02-03,2020,2
"7352","PE",2,"Nordeste",26003,"Pajeú",333724,10933.3804186094,6,95,13,82,44,51,1,0,0,0,0,96,13,82,44,51,25,9.29957581227498,12.7180695830403,0.253839186385192,2020-02-10,2020,2
"7353","PE",2,"Nordeste",26003,"Pajeú",333724,10933.3804186094,7,101,27,74,39,62,1,0,0,0,0,102,27,74,39,62,45,9.29957581227498,12.7180695830403,0.26328476261908,2020-02-17,2020,2
"7354","PE",2,"Nordeste",26003,"Pajeú",333724,10933.3804186094,8,91,25,66,35,56,2,0,0,0,0,93,25,66,35,56,42,9.29957581227498,12.7180695830403,0.303841842931393,2020-02-24,2020,2
"7355","PE",2,"Nordeste",26003,"Pajeú",333724,10933.3804186094,9,81,14,67,32,49,1,0,0,0,0,82,14,67,32,49,64,9.29957581227498,12.7180695830403,0.291677677570169,2020-03-02,2020,3
"7356","PE",2,"Nordeste",26003,"Pajeú",333724,10933.3804186094,10,100,18,82,38,62,0,0,0,0,0,100,18,82,38,62,51,9.29957581227498,12.7180695830403,0.305965273219478,2020-03-09,2020,3
"7357","PE",2,"Nordeste",26003,"Pajeú",333724,10933.3804186094,11,72,12,60,30,42,4,0,0,0,0,76,12,60,30,42,51,9.29957581227498,12.7180695830403,0.370667548253633,2020-03-16,2020,3
"7358","PE",2,"Nordeste",26003,"Pajeú",333724,10933.3804186094,12,84,15,69,34,50,0,0,0,0,0,84,15,69,34,50,52,9.29957581227498,12.7180695830403,0.455817644711882,2020-03-23,2020,3
"7359","PE",2,"Nordeste",26003,"Pajeú",333724,10933.3804186094,13,70,9,61,21,49,0,0,0,0,0,70,9,61,21,49,48,9.29957581227498,12.7180695830403,0.415654065999987,2020-03-30,2020,3
"7360","PE",2,"Nordeste",26003,"Pajeú",333724,10933.3804186094,14,75,18,57,36,39,1,0,0,0,0,76,18,57,36,39,57,9.29957581227498,12.7180695830403,0.402967417075067,2020-04-06,2020,4
"7361","PE",2,"Nordeste",26003,"Pajeú",333724,10933.3804186094,15,79,19,60,35,44,1,0,0,0,0,80,19,60,35,44,38,9.29957581227498,12.7180695830403,0.399817410388094,2020-04-13,2020,4
"7362","PE",2,"Nordeste",26003,"Pajeú",333724,10933.3804186094,16,82,24,58,44,38,0,0,0,0,0,82,24,58,44,38,49,9.29957581227498,12.7180695830403,0.395617167502788,2020-04-20,2020,4
"7363","PE",2,"Nordeste",26003,"Pajeú",333724,10933.3804186094,17,79,10,69,34,45,1,0,0,0,0,80,10,69,34,45,47,9.29957581227498,12.7180695830403,0.383113573385115,2020-04-27,2020,4
"7364","PE",2,"Nordeste",26003,"Pajeú",333724,10933.3804186094,18,76,17,59,27,49,1,0,0,0,0,77,17,59,27,49,53,9.29957581227498,12.7180695830403,0.391116343487332,2020-05-04,2020,5
"7365","PE",2,"Nordeste",26003,"Pajeú",333724,10933.3804186094,19,93,19,74,48,45,0,0,0,0,0,93,19,74,48,45,50,9.29957581227498,12.7180695830403,0.414177700412461,2020-05-11,2020,5
"7366","PE",2,"Nordeste",26003,"Pajeú",333724,10933.3804186094,20,88,16,72,40,48,0,0,0,0,0,88,16,72,40,48,51,9.29957581227498,12.7180695830403,0.410283033857485,2020-05-18,2020,5
"7367","PE",2,"Nordeste",26003,"Pajeú",333724,10933.3804186094,21,78,14,64,30,48,1,0,0,0,0,79,14,64,30,48,54,9.29957581227498,12.7180695830403,0.408320455682765,2020-05-25,2020,5
"7368","PE",2,"Nordeste",26003,"Pajeú",333724,10933.3804186094,22,78,13,65,35,43,1,0,0,0,0,79,13,65,35,43,43,9.29957581227498,12.7180695830403,0.385564644952572,2020-06-01,2020,6
"7369","PE",2,"Nordeste",26003,"Pajeú",333724,10933.3804186094,23,81,17,64,31,50,0,0,0,0,0,81,17,64,31,50,54,9.29957581227498,12.7180695830403,0.38725231197063,2020-06-08,2020,6
"7370","PE",2,"Nordeste",26003,"Pajeú",333724,10933.3804186094,24,100,14,86,39,61,1,0,0,0,0,101,14,86,39,61,57,9.29957581227498,12.7180695830403,0.372677484088481,2020-06-15,2020,6
"7371","PE",2,"Nordeste",26003,"Pajeú",333724,10933.3804186094,25,95,29,66,31,64,0,0,0,0,0,95,29,66,31,64,57,9.29957581227498,12.7180695830403,0.366050074567126,2020-06-22,2020,6
"7372","PE",2,"Nordeste",26003,"Pajeú",333724,10933.3804186094,26,101,28,73,40,61,2,0,0,0,0,103,28,73,40,61,57,9.29957581227498,12.7180695830403,0.389923285812989,2020-06-29,2020,6
"7373","PE",2,"Nordeste",26003,"Pajeú",333724,10933.3804186094,27,67,16,51,22,45,0,0,0,0,0,67,16,51,22,45,57,9.29957581227498,12.7180695830403,0.408079960435067,2020-07-06,2020,7
"7374","PE",2,"Nordeste",26003,"Pajeú",333724,10933.3804186094,28,103,23,80,46,57,0,0,0,0,0,103,23,80,46,57,44,9.29957581227498,12.7180695830403,0.400066429674739,2020-07-13,2020,7
"7375","PE",2,"Nordeste",26003,"Pajeú",333724,10933.3804186094,29,92,21,71,37,55,1,0,0,0,0,93,21,71,37,55,61,9.29957581227498,12.7180695830403,0.397809614713011,2020-07-20,2020,7
"7376","PE",2,"Nordeste",26004,"Sertão do Moxotó",235845,11330.3460396447,5,52,22,30,18,34,0,0,0,0,0,52,22,30,18,34,19,9.33523989544839,12.3709300885725,0.274869537701863,2020-02-03,2020,2
"7377","PE",2,"Nordeste",26004,"Sertão do Moxotó",235845,11330.3460396447,6,55,26,29,29,26,0,0,0,0,0,55,26,29,29,26,26,9.33523989544839,12.3709300885725,0.265414952839769,2020-02-10,2020,2
"7378","PE",2,"Nordeste",26004,"Sertão do Moxotó",235845,11330.3460396447,7,59,15,44,24,35,1,0,0,0,0,60,15,44,24,35,34,9.33523989544839,12.3709300885725,0.281620957728709,2020-02-17,2020,2
"7379","PE",2,"Nordeste",26004,"Sertão do Moxotó",235845,11330.3460396447,8,72,26,46,32,40,2,0,0,0,0,74,26,46,32,40,19,9.33523989544839,12.3709300885725,0.327312370949001,2020-02-24,2020,2
"7380","PE",2,"Nordeste",26004,"Sertão do Moxotó",235845,11330.3460396447,9,66,30,36,26,40,1,0,0,0,0,67,30,36,26,40,23,9.33523989544839,12.3709300885725,0.304224531115313,2020-03-02,2020,3
"7381","PE",2,"Nordeste",26004,"Sertão do Moxotó",235845,11330.3460396447,10,55,20,35,26,29,2,0,0,0,0,57,20,35,26,29,26,9.33523989544839,12.3709300885725,0.326129929567501,2020-03-09,2020,3
"7382","PE",2,"Nordeste",26004,"Sertão do Moxotó",235845,11330.3460396447,11,47,13,34,15,32,1,0,0,0,0,48,13,34,15,32,28,9.33523989544839,12.3709300885725,0.378402298687698,2020-03-16,2020,3
"7383","PE",2,"Nordeste",26004,"Sertão do Moxotó",235845,11330.3460396447,12,54,15,39,24,30,0,0,0,0,0,54,15,39,24,30,35,9.33523989544839,12.3709300885725,0.462013957279922,2020-03-23,2020,3
"7384","PE",2,"Nordeste",26004,"Sertão do Moxotó",235845,11330.3460396447,13,47,23,24,26,21,0,0,0,0,0,47,23,24,26,21,29,9.33523989544839,12.3709300885725,0.423602482729215,2020-03-30,2020,3
"7385","PE",2,"Nordeste",26004,"Sertão do Moxotó",235845,11330.3460396447,14,48,17,31,24,24,0,0,0,0,0,48,17,31,24,24,35,9.33523989544839,12.3709300885725,0.415421190895995,2020-04-06,2020,4
"7386","PE",2,"Nordeste",26004,"Sertão do Moxotó",235845,11330.3460396447,15,49,18,31,22,27,0,0,0,0,0,49,18,31,22,27,18,9.33523989544839,12.3709300885725,0.409424836061071,2020-04-13,2020,4
"7387","PE",2,"Nordeste",26004,"Sertão do Moxotó",235845,11330.3460396447,16,57,20,37,25,32,1,0,0,0,0,58,20,37,25,32,31,9.33523989544839,12.3709300885725,0.412607490446195,2020-04-20,2020,4
"7388","PE",2,"Nordeste",26004,"Sertão do Moxotó",235845,11330.3460396447,17,68,27,41,33,35,2,0,0,0,0,70,27,41,33,35,24,9.33523989544839,12.3709300885725,0.410275187775541,2020-04-27,2020,4
"7389","PE",2,"Nordeste",26004,"Sertão do Moxotó",235845,11330.3460396447,18,65,29,36,35,30,1,0,0,0,0,66,29,36,35,30,32,9.33523989544839,12.3709300885725,0.411387822939719,2020-05-04,2020,5
"7390","PE",2,"Nordeste",26004,"Sertão do Moxotó",235845,11330.3460396447,19,65,21,44,34,31,0,0,0,0,0,65,21,44,34,31,27,9.33523989544839,12.3709300885725,0.440350611559532,2020-05-11,2020,5
"7391","PE",2,"Nordeste",26004,"Sertão do Moxotó",235845,11330.3460396447,20,68,24,44,34,34,2,0,0,0,0,70,24,44,34,34,39,9.33523989544839,12.3709300885725,0.425323831698904,2020-05-18,2020,5
"7392","PE",2,"Nordeste",26004,"Sertão do Moxotó",235845,11330.3460396447,21,58,20,38,23,35,0,0,0,0,0,58,20,38,23,35,36,9.33523989544839,12.3709300885725,0.421786688504981,2020-05-25,2020,5
"7393","PE",2,"Nordeste",26004,"Sertão do Moxotó",235845,11330.3460396447,22,66,27,39,34,32,1,0,0,0,0,67,27,39,34,32,35,9.33523989544839,12.3709300885725,0.395853317369194,2020-06-01,2020,6
"7394","PE",2,"Nordeste",26004,"Sertão do Moxotó",235845,11330.3460396447,23,77,28,49,28,49,2,0,0,0,0,79,28,49,28,49,30,9.33523989544839,12.3709300885725,0.410555819665898,2020-06-08,2020,6
"7395","PE",2,"Nordeste",26004,"Sertão do Moxotó",235845,11330.3460396447,24,67,29,38,31,36,1,0,0,0,0,68,29,38,31,36,26,9.33523989544839,12.3709300885725,0.384688313888354,2020-06-15,2020,6
"7396","PE",2,"Nordeste",26004,"Sertão do Moxotó",235845,11330.3460396447,25,54,26,28,27,27,2,0,0,0,0,56,26,28,27,27,35,9.33523989544839,12.3709300885725,0.386098362618822,2020-06-22,2020,6
"7397","PE",2,"Nordeste",26004,"Sertão do Moxotó",235845,11330.3460396447,26,65,22,43,35,30,2,0,0,0,0,67,22,43,35,30,23,9.33523989544839,12.3709300885725,0.408709013695529,2020-06-29,2020,6
"7398","PE",2,"Nordeste",26004,"Sertão do Moxotó",235845,11330.3460396447,27,55,24,31,23,32,0,0,0,0,0,55,24,31,23,32,35,9.33523989544839,12.3709300885725,0.427702196933479,2020-07-06,2020,7
"7399","PE",2,"Nordeste",26004,"Sertão do Moxotó",235845,11330.3460396447,28,73,26,47,32,41,1,0,0,0,0,74,26,47,32,41,33,9.33523989544839,12.3709300885725,0.429478092492211,2020-07-13,2020,7
"7400","PE",2,"Nordeste",26004,"Sertão do Moxotó",235845,11330.3460396447,29,50,16,34,16,34,1,0,0,0,0,51,16,34,16,34,38,9.33523989544839,12.3709300885725,0.418128170449432,2020-07-20,2020,7
"7401","PE",2,"Nordeste",26005,"Petrolina",521016,17102.4699638207,5,171,52,119,70,101,2,0,0,0,0,173,52,119,70,101,53,9.74697817438866,13.1635360304367,0.259775917894698,2020-02-03,2020,2
"7402","PE",2,"Nordeste",26005,"Petrolina",521016,17102.4699638207,6,154,45,109,67,87,3,0,0,0,0,157,45,109,67,87,43,9.74697817438866,13.1635360304367,0.262363522153257,2020-02-10,2020,2
"7403","PE",2,"Nordeste",26005,"Petrolina",521016,17102.4699638207,7,187,55,132,70,117,2,0,0,0,0,189,55,132,70,117,50,9.74697817438866,13.1635360304367,0.279156559616985,2020-02-17,2020,2
"7404","PE",2,"Nordeste",26005,"Petrolina",521016,17102.4699638207,8,166,44,122,64,102,1,0,0,0,0,167,44,122,64,102,61,9.74697817438866,13.1635360304367,0.318221280140849,2020-02-24,2020,2
"7405","PE",2,"Nordeste",26005,"Petrolina",521016,17102.4699638207,9,140,38,102,67,73,1,0,0,0,0,141,38,102,67,73,60,9.74697817438866,13.1635360304367,0.301654278133719,2020-03-02,2020,3
"7406","PE",2,"Nordeste",26005,"Petrolina",521016,17102.4699638207,10,170,53,117,74,96,3,0,0,0,0,173,53,117,74,96,51,9.74697817438866,13.1635360304367,0.311489902040838,2020-03-09,2020,3
"7407","PE",2,"Nordeste",26005,"Petrolina",521016,17102.4699638207,11,120,36,84,58,62,4,0,0,0,0,124,36,84,58,62,52,9.74697817438866,13.1635360304367,0.398160878048429,2020-03-16,2020,3
"7408","PE",2,"Nordeste",26005,"Petrolina",521016,17102.4699638207,12,125,35,90,53,72,1,0,0,0,0,126,35,90,53,72,48,9.74697817438866,13.1635360304367,0.503506628994547,2020-03-23,2020,3
"7409","PE",2,"Nordeste",26005,"Petrolina",521016,17102.4699638207,13,153,36,117,62,91,0,0,0,0,0,153,36,117,62,91,52,9.74697817438866,13.1635360304367,0.458664773062804,2020-03-30,2020,3
"7410","PE",2,"Nordeste",26005,"Petrolina",521016,17102.4699638207,14,128,40,88,57,71,2,0,0,0,0,130,40,88,57,71,64,9.74697817438866,13.1635360304367,0.440542457977398,2020-04-06,2020,4
"7411","PE",2,"Nordeste",26005,"Petrolina",521016,17102.4699638207,15,157,47,110,65,92,1,0,0,0,0,158,47,110,65,92,67,9.74697817438866,13.1635360304367,0.425108012248425,2020-04-13,2020,4
"7412","PE",2,"Nordeste",26005,"Petrolina",521016,17102.4699638207,16,149,41,108,67,82,1,0,0,0,0,150,41,108,67,82,45,9.74697817438866,13.1635360304367,0.425602818833687,2020-04-20,2020,4
"7413","PE",2,"Nordeste",26005,"Petrolina",521016,17102.4699638207,17,169,47,122,68,101,3,0,0,0,0,172,47,122,68,101,47,9.74697817438866,13.1635360304367,0.411665025093074,2020-04-27,2020,4
"7414","PE",2,"Nordeste",26005,"Petrolina",521016,17102.4699638207,18,164,47,117,70,94,1,0,0,0,0,165,47,117,70,94,61,9.74697817438866,13.1635360304367,0.407059115666091,2020-05-04,2020,5
"7415","PE",2,"Nordeste",26005,"Petrolina",521016,17102.4699638207,19,168,52,116,74,94,2,0,0,0,0,170,52,116,74,94,57,9.74697817438866,13.1635360304367,0.433520152587472,2020-05-11,2020,5
"7416","PE",2,"Nordeste",26005,"Petrolina",521016,17102.4699638207,20,171,54,117,63,108,1,0,0,0,0,172,54,117,63,108,47,9.74697817438866,13.1635360304367,0.423139846681039,2020-05-18,2020,5
"7417","PE",2,"Nordeste",26005,"Petrolina",521016,17102.4699638207,21,166,45,121,70,96,1,0,0,0,0,167,45,121,70,96,52,9.74697817438866,13.1635360304367,0.416350694163017,2020-05-25,2020,5
"7418","PE",2,"Nordeste",26005,"Petrolina",521016,17102.4699638207,22,164,51,113,77,87,2,0,0,0,0,166,51,113,77,87,62,9.74697817438866,13.1635360304367,0.385959975003438,2020-06-01,2020,6
"7419","PE",2,"Nordeste",26005,"Petrolina",521016,17102.4699638207,23,196,53,143,82,114,4,0,0,0,0,200,53,143,82,114,70,9.74697817438866,13.1635360304367,0.383944330054596,2020-06-08,2020,6
"7420","PE",2,"Nordeste",26005,"Petrolina",521016,17102.4699638207,24,154,33,121,64,90,2,0,0,0,0,156,33,121,64,90,53,9.74697817438866,13.1635360304367,0.374372287757436,2020-06-15,2020,6
"7421","PE",2,"Nordeste",26005,"Petrolina",521016,17102.4699638207,25,161,39,122,70,91,3,0,0,0,0,164,39,122,70,91,61,9.74697817438866,13.1635360304367,0.384785241200707,2020-06-22,2020,6
"7422","PE",2,"Nordeste",26005,"Petrolina",521016,17102.4699638207,26,164,49,115,65,99,3,0,0,0,0,167,49,115,65,99,62,9.74697817438866,13.1635360304367,0.396636234687051,2020-06-29,2020,6
"7423","PE",2,"Nordeste",26005,"Petrolina",521016,17102.4699638207,27,182,47,135,95,87,1,0,0,0,0,183,47,135,95,87,78,9.74697817438866,13.1635360304367,0.403518712181988,2020-07-06,2020,7
"7424","PE",2,"Nordeste",26005,"Petrolina",521016,17102.4699638207,28,184,51,133,93,91,2,0,0,0,0,186,51,133,93,91,65,9.74697817438866,13.1635360304367,0.42074669142836,2020-07-13,2020,7
"7425","PE",2,"Nordeste",26005,"Petrolina",521016,17102.4699638207,29,197,63,134,80,117,0,0,0,0,0,197,63,134,80,117,46,9.74697817438866,13.1635360304367,0.422508461458847,2020-07-20,2020,7
"7426","PE",2,"Nordeste",26006,"Itaparica",149762,16877.7463606923,5,31,15,16,15,16,0,0,0,0,0,31,15,16,15,16,15,9.73375124979911,11.9168026463231,0.286270231065787,2020-02-03,2020,2
"7427","PE",2,"Nordeste",26006,"Itaparica",149762,16877.7463606923,6,25,8,17,8,17,1,0,0,0,0,26,8,17,8,17,11,9.73375124979911,11.9168026463231,0.26785574589648,2020-02-10,2020,2
"7428","PE",2,"Nordeste",26006,"Itaparica",149762,16877.7463606923,7,31,10,21,21,10,0,0,0,0,0,31,10,21,21,10,16,9.73375124979911,11.9168026463231,0.287018851291848,2020-02-17,2020,2
"7429","PE",2,"Nordeste",26006,"Itaparica",149762,16877.7463606923,8,34,14,20,15,19,2,0,0,0,0,36,14,20,15,19,14,9.73375124979911,11.9168026463231,0.331591363614606,2020-02-24,2020,2
"7430","PE",2,"Nordeste",26006,"Itaparica",149762,16877.7463606923,9,43,18,25,27,16,0,0,0,0,0,43,18,25,27,16,18,9.73375124979911,11.9168026463231,0.314630196293933,2020-03-02,2020,3
"7431","PE",2,"Nordeste",26006,"Itaparica",149762,16877.7463606923,10,32,10,22,16,16,1,0,0,0,0,33,10,22,16,16,14,9.73375124979911,11.9168026463231,0.35456197058596,2020-03-09,2020,3
"7432","PE",2,"Nordeste",26006,"Itaparica",149762,16877.7463606923,11,37,16,21,16,21,0,0,0,0,0,37,16,21,16,21,9,9.73375124979911,11.9168026463231,0.383355257369729,2020-03-16,2020,3
"7433","PE",2,"Nordeste",26006,"Itaparica",149762,16877.7463606923,12,33,11,22,15,18,0,0,0,0,0,33,11,22,15,18,18,9.73375124979911,11.9168026463231,0.474853980958534,2020-03-23,2020,3
"7434","PE",2,"Nordeste",26006,"Itaparica",149762,16877.7463606923,13,37,13,24,18,19,0,0,0,0,0,37,13,24,18,19,11,9.73375124979911,11.9168026463231,0.435884771837113,2020-03-30,2020,3
"7435","PE",2,"Nordeste",26006,"Itaparica",149762,16877.7463606923,14,45,15,30,29,16,1,0,0,0,0,46,15,30,29,16,16,9.73375124979911,11.9168026463231,0.429635968400101,2020-04-06,2020,4
"7436","PE",2,"Nordeste",26006,"Itaparica",149762,16877.7463606923,15,32,9,23,16,16,0,0,0,0,0,32,9,23,16,16,11,9.73375124979911,11.9168026463231,0.4117222229213,2020-04-13,2020,4
"7437","PE",2,"Nordeste",26006,"Itaparica",149762,16877.7463606923,16,43,17,26,22,21,0,0,0,0,0,43,17,26,22,21,19,9.73375124979911,11.9168026463231,0.409389922476988,2020-04-20,2020,4
"7438","PE",2,"Nordeste",26006,"Itaparica",149762,16877.7463606923,17,51,17,34,25,26,1,0,0,0,0,52,17,34,25,26,19,9.73375124979911,11.9168026463231,0.400638333175761,2020-04-27,2020,4
"7439","PE",2,"Nordeste",26006,"Itaparica",149762,16877.7463606923,18,39,12,27,20,19,1,0,0,0,0,40,12,27,20,19,20,9.73375124979911,11.9168026463231,0.40554962571394,2020-05-04,2020,5
"7440","PE",2,"Nordeste",26006,"Itaparica",149762,16877.7463606923,19,46,13,33,20,26,0,0,0,0,0,46,13,33,20,26,14,9.73375124979911,11.9168026463231,0.447825418468066,2020-05-11,2020,5
"7441","PE",2,"Nordeste",26006,"Itaparica",149762,16877.7463606923,20,48,23,25,22,26,0,0,0,0,0,48,23,25,22,26,17,9.73375124979911,11.9168026463231,0.417800784046216,2020-05-18,2020,5
"7442","PE",2,"Nordeste",26006,"Itaparica",149762,16877.7463606923,21,38,15,23,25,13,2,0,0,0,0,40,15,23,25,13,17,9.73375124979911,11.9168026463231,0.423769181579452,2020-05-25,2020,5
"7443","PE",2,"Nordeste",26006,"Itaparica",149762,16877.7463606923,22,45,9,36,25,20,1,0,0,0,0,46,9,36,25,20,18,9.73375124979911,11.9168026463231,0.407366926915614,2020-06-01,2020,6
"7444","PE",2,"Nordeste",26006,"Itaparica",149762,16877.7463606923,23,48,14,34,19,29,1,0,0,0,0,49,14,34,19,29,24,9.73375124979911,11.9168026463231,0.404020709836335,2020-06-08,2020,6
"7445","PE",2,"Nordeste",26006,"Itaparica",149762,16877.7463606923,24,31,9,22,17,14,1,0,0,0,0,32,9,22,17,14,21,9.73375124979911,11.9168026463231,0.396469908587718,2020-06-15,2020,6
"7446","PE",2,"Nordeste",26006,"Itaparica",149762,16877.7463606923,25,52,19,33,27,25,0,0,0,0,0,52,19,33,27,25,19,9.73375124979911,11.9168026463231,0.402583313744451,2020-06-22,2020,6
"7447","PE",2,"Nordeste",26006,"Itaparica",149762,16877.7463606923,26,32,17,15,15,17,1,0,0,0,0,33,17,15,15,17,19,9.73375124979911,11.9168026463231,0.427296188266296,2020-06-29,2020,6
"7448","PE",2,"Nordeste",26006,"Itaparica",149762,16877.7463606923,27,41,12,29,24,17,0,0,0,0,0,41,12,29,24,17,17,9.73375124979911,11.9168026463231,0.446077435599746,2020-07-06,2020,7
"7449","PE",2,"Nordeste",26006,"Itaparica",149762,16877.7463606923,28,40,15,25,21,19,1,0,0,0,0,41,15,25,21,19,22,9.73375124979911,11.9168026463231,0.438756206207771,2020-07-13,2020,7
"7450","PE",2,"Nordeste",26006,"Itaparica",149762,16877.7463606923,29,40,14,26,18,22,0,0,0,0,0,40,14,26,18,22,17,9.73375124979911,11.9168026463231,0.42866170750202,2020-07-20,2020,7
"7451","PE",2,"Nordeste",26007,"Vale do Ipanema",197793,8315.52206387486,5,44,26,18,19,25,0,0,0,0,0,44,26,18,19,25,21,9.02587917544981,12.1949763082624,0.274946951263241,2020-02-03,2020,2
"7452","PE",2,"Nordeste",26007,"Vale do Ipanema",197793,8315.52206387486,6,47,25,22,20,27,0,0,0,0,0,47,25,22,20,27,26,9.02587917544981,12.1949763082624,0.265680083524026,2020-02-10,2020,2
"7453","PE",2,"Nordeste",26007,"Vale do Ipanema",197793,8315.52206387486,7,60,30,30,27,33,0,0,0,0,0,60,30,30,27,33,24,9.02587917544981,12.1949763082624,0.277462808034001,2020-02-17,2020,2
"7454","PE",2,"Nordeste",26007,"Vale do Ipanema",197793,8315.52206387486,8,50,21,29,21,29,0,0,0,0,0,50,21,29,21,29,30,9.02587917544981,12.1949763082624,0.324179661460447,2020-02-24,2020,2
"7455","PE",2,"Nordeste",26007,"Vale do Ipanema",197793,8315.52206387486,9,67,35,32,32,35,3,0,0,0,0,70,35,32,32,35,25,9.02587917544981,12.1949763082624,0.296970373618635,2020-03-02,2020,3
"7456","PE",2,"Nordeste",26007,"Vale do Ipanema",197793,8315.52206387486,10,40,18,22,20,20,0,0,0,0,0,40,18,22,20,20,25,9.02587917544981,12.1949763082624,0.322158399000304,2020-03-09,2020,3
"7457","PE",2,"Nordeste",26007,"Vale do Ipanema",197793,8315.52206387486,11,39,16,23,23,16,1,0,0,0,0,40,16,23,23,16,20,9.02587917544981,12.1949763082624,0.382098958999783,2020-03-16,2020,3
"7458","PE",2,"Nordeste",26007,"Vale do Ipanema",197793,8315.52206387486,12,43,21,22,26,17,0,0,0,0,0,43,21,22,26,17,23,9.02587917544981,12.1949763082624,0.447977874394696,2020-03-23,2020,3
"7459","PE",2,"Nordeste",26007,"Vale do Ipanema",197793,8315.52206387486,13,37,16,21,19,18,0,0,0,0,0,37,16,21,19,18,24,9.02587917544981,12.1949763082624,0.403854891576902,2020-03-30,2020,3
"7460","PE",2,"Nordeste",26007,"Vale do Ipanema",197793,8315.52206387486,14,44,29,15,22,22,2,0,0,0,0,46,29,15,22,22,11,9.02587917544981,12.1949763082624,0.400665974803491,2020-04-06,2020,4
"7461","PE",2,"Nordeste",26007,"Vale do Ipanema",197793,8315.52206387486,15,38,29,9,17,21,0,0,0,0,0,38,29,9,17,21,24,9.02587917544981,12.1949763082624,0.382208539187235,2020-04-13,2020,4
"7462","PE",2,"Nordeste",26007,"Vale do Ipanema",197793,8315.52206387486,16,47,23,24,20,27,1,0,0,0,0,48,23,24,20,27,28,9.02587917544981,12.1949763082624,0.388066609771576,2020-04-20,2020,4
"7463","PE",2,"Nordeste",26007,"Vale do Ipanema",197793,8315.52206387486,17,59,33,26,22,37,2,0,0,0,0,61,33,26,22,37,27,9.02587917544981,12.1949763082624,0.388997114799982,2020-04-27,2020,4
"7464","PE",2,"Nordeste",26007,"Vale do Ipanema",197793,8315.52206387486,18,61,33,28,33,28,0,0,0,0,0,61,33,28,33,28,34,9.02587917544981,12.1949763082624,0.407718198905825,2020-05-04,2020,5
"7465","PE",2,"Nordeste",26007,"Vale do Ipanema",197793,8315.52206387486,19,45,20,25,30,15,0,0,0,0,0,45,20,25,30,15,33,9.02587917544981,12.1949763082624,0.438016815325037,2020-05-11,2020,5
"7466","PE",2,"Nordeste",26007,"Vale do Ipanema",197793,8315.52206387486,20,50,32,18,23,27,1,0,0,0,0,51,32,18,23,27,32,9.02587917544981,12.1949763082624,0.438069631476892,2020-05-18,2020,5
"7467","PE",2,"Nordeste",26007,"Vale do Ipanema",197793,8315.52206387486,21,44,30,14,22,22,0,0,0,0,0,44,30,14,22,22,34,9.02587917544981,12.1949763082624,0.43116611890737,2020-05-25,2020,5
"7468","PE",2,"Nordeste",26007,"Vale do Ipanema",197793,8315.52206387486,22,65,32,33,28,37,0,0,0,0,0,65,32,33,28,37,34,9.02587917544981,12.1949763082624,0.402805489909708,2020-06-01,2020,6
"7469","PE",2,"Nordeste",26007,"Vale do Ipanema",197793,8315.52206387486,23,55,19,36,20,35,1,0,0,0,0,56,19,36,20,35,22,9.02587917544981,12.1949763082624,0.409278000532594,2020-06-08,2020,6
"7470","PE",2,"Nordeste",26007,"Vale do Ipanema",197793,8315.52206387486,24,45,24,21,25,20,0,0,0,0,0,45,24,21,25,20,23,9.02587917544981,12.1949763082624,0.39485792076827,2020-06-15,2020,6
"7471","PE",2,"Nordeste",26007,"Vale do Ipanema",197793,8315.52206387486,25,64,22,42,25,39,0,0,0,0,0,64,22,42,25,39,24,9.02587917544981,12.1949763082624,0.394217376787922,2020-06-22,2020,6
"7472","PE",2,"Nordeste",26007,"Vale do Ipanema",197793,8315.52206387486,26,49,33,16,28,21,0,0,0,0,0,49,33,16,28,21,19,9.02587917544981,12.1949763082624,0.421547719723859,2020-06-29,2020,6
"7473","PE",2,"Nordeste",26007,"Vale do Ipanema",197793,8315.52206387486,27,52,27,25,19,33,0,0,0,0,0,52,27,25,19,33,23,9.02587917544981,12.1949763082624,0.443306744770562,2020-07-06,2020,7
"7474","PE",2,"Nordeste",26007,"Vale do Ipanema",197793,8315.52206387486,28,55,26,29,24,31,2,0,0,0,0,57,26,29,24,31,27,9.02587917544981,12.1949763082624,0.439778610483135,2020-07-13,2020,7
"7475","PE",2,"Nordeste",26007,"Vale do Ipanema",197793,8315.52206387486,29,57,32,25,25,32,0,0,0,0,0,57,32,25,25,32,22,9.02587917544981,12.1949763082624,0.438339732523556,2020-07-20,2020,7
"7476","PE",2,"Nordeste",26008,"Vale do Ipojuca",948109,15767.8703915056,5,225,90,135,90,135,2,0,0,0,0,227,90,135,90,135,126,9.66572962908198,13.7622247535305,0.270264454617041,2020-02-03,2020,2
"7477","PE",2,"Nordeste",26008,"Vale do Ipojuca",948109,15767.8703915056,6,245,98,147,101,144,3,0,0,0,0,248,98,147,101,144,117,9.66572962908198,13.7622247535305,0.268743716351855,2020-02-10,2020,2
"7478","PE",2,"Nordeste",26008,"Vale do Ipojuca",948109,15767.8703915056,7,235,97,138,110,125,1,0,0,0,0,236,97,138,110,125,137,9.66572962908198,13.7622247535305,0.28260462757419,2020-02-17,2020,2
"7479","PE",2,"Nordeste",26008,"Vale do Ipojuca",948109,15767.8703915056,8,237,107,130,103,134,2,0,0,0,0,239,107,130,103,134,148,9.66572962908198,13.7622247535305,0.339111026286624,2020-02-24,2020,2
"7480","PE",2,"Nordeste",26008,"Vale do Ipojuca",948109,15767.8703915056,9,227,88,139,94,133,4,0,0,0,0,231,88,139,94,133,135,9.66572962908198,13.7622247535305,0.306547694985293,2020-03-02,2020,3
"7481","PE",2,"Nordeste",26008,"Vale do Ipojuca",948109,15767.8703915056,10,199,86,113,83,116,0,0,0,0,0,199,86,113,83,116,133,9.66572962908198,13.7622247535305,0.321959454289749,2020-03-09,2020,3
"7482","PE",2,"Nordeste",26008,"Vale do Ipojuca",948109,15767.8703915056,11,228,86,142,96,132,3,0,0,0,0,231,86,142,96,132,136,9.66572962908198,13.7622247535305,0.393671889141311,2020-03-16,2020,3
"7483","PE",2,"Nordeste",26008,"Vale do Ipojuca",948109,15767.8703915056,12,258,116,142,106,152,3,0,0,0,0,261,116,142,106,152,130,9.66572962908198,13.7622247535305,0.504832023908214,2020-03-23,2020,3
"7484","PE",2,"Nordeste",26008,"Vale do Ipojuca",948109,15767.8703915056,13,224,81,143,96,128,4,0,0,0,0,228,81,143,96,128,124,9.66572962908198,13.7622247535305,0.461021988221616,2020-03-30,2020,3
"7485","PE",2,"Nordeste",26008,"Vale do Ipojuca",948109,15767.8703915056,14,208,83,125,92,116,2,0,0,0,0,210,83,125,92,116,123,9.66572962908198,13.7622247535305,0.44867269935957,2020-04-06,2020,4
"7486","PE",2,"Nordeste",26008,"Vale do Ipojuca",948109,15767.8703915056,15,234,101,133,95,139,1,0,0,0,0,235,101,133,95,139,138,9.66572962908198,13.7622247535305,0.436710504603269,2020-04-13,2020,4
"7487","PE",2,"Nordeste",26008,"Vale do Ipojuca",948109,15767.8703915056,16,253,114,139,95,158,1,0,0,0,0,254,114,139,95,158,138,9.66572962908198,13.7622247535305,0.433836791253904,2020-04-20,2020,4
"7488","PE",2,"Nordeste",26008,"Vale do Ipojuca",948109,15767.8703915056,17,223,83,140,104,119,1,0,0,0,0,224,83,140,104,119,146,9.66572962908198,13.7622247535305,0.413904699889531,2020-04-27,2020,4
"7489","PE",2,"Nordeste",26008,"Vale do Ipojuca",948109,15767.8703915056,18,218,93,125,87,131,2,0,0,0,0,220,93,125,87,131,153,9.66572962908198,13.7622247535305,0.414398183089695,2020-05-04,2020,5
"7490","PE",2,"Nordeste",26008,"Vale do Ipojuca",948109,15767.8703915056,19,231,99,132,102,129,0,0,0,0,0,231,99,132,102,129,141,9.66572962908198,13.7622247535305,0.4440325117531,2020-05-11,2020,5
"7491","PE",2,"Nordeste",26008,"Vale do Ipojuca",948109,15767.8703915056,20,245,106,139,109,136,0,0,0,0,0,245,106,139,109,136,156,9.66572962908198,13.7622247535305,0.442416395492566,2020-05-18,2020,5
"7492","PE",2,"Nordeste",26008,"Vale do Ipojuca",948109,15767.8703915056,21,277,115,162,120,157,0,0,0,0,0,277,115,162,120,157,174,9.66572962908198,13.7622247535305,0.428352787828375,2020-05-25,2020,5
"7493","PE",2,"Nordeste",26008,"Vale do Ipojuca",948109,15767.8703915056,22,262,132,130,107,155,1,0,0,0,0,263,132,130,107,155,156,9.66572962908198,13.7622247535305,0.403881134557376,2020-06-01,2020,6
"7494","PE",2,"Nordeste",26008,"Vale do Ipojuca",948109,15767.8703915056,23,247,106,141,104,143,1,0,0,0,0,248,106,141,104,143,161,9.66572962908198,13.7622247535305,0.39600752540926,2020-06-08,2020,6
"7495","PE",2,"Nordeste",26008,"Vale do Ipojuca",948109,15767.8703915056,24,272,118,154,109,163,1,0,0,0,0,273,118,154,109,163,193,9.66572962908198,13.7622247535305,0.38903112205728,2020-06-15,2020,6
"7496","PE",2,"Nordeste",26008,"Vale do Ipojuca",948109,15767.8703915056,25,263,120,143,110,153,3,0,0,0,0,266,120,143,110,153,189,9.66572962908198,13.7622247535305,0.391740368617679,2020-06-22,2020,6
"7497","PE",2,"Nordeste",26008,"Vale do Ipojuca",948109,15767.8703915056,26,237,92,145,110,127,1,0,0,0,0,238,92,145,110,127,212,9.66572962908198,13.7622247535305,0.414122221628976,2020-06-29,2020,6
"7498","PE",2,"Nordeste",26008,"Vale do Ipojuca",948109,15767.8703915056,27,295,112,183,127,168,1,0,0,0,0,296,112,183,127,168,192,9.66572962908198,13.7622247535305,0.415177154305944,2020-07-06,2020,7
"7499","PE",2,"Nordeste",26008,"Vale do Ipojuca",948109,15767.8703915056,28,255,94,161,108,147,4,0,0,0,0,259,94,161,108,147,174,9.66572962908198,13.7622247535305,0.409991580424589,2020-07-13,2020,7
"7500","PE",2,"Nordeste",26008,"Vale do Ipojuca",948109,15767.8703915056,29,272,93,179,112,160,0,0,0,0,0,272,93,179,112,160,170,9.66572962908198,13.7622247535305,0.403105784209906,2020-07-20,2020,7
"7501","PE",2,"Nordeste",26009,"Alto Capibaribe",323497,11886.3973965446,5,86,40,46,34,52,1,0,0,0,0,87,40,46,34,52,38,9.38314994936944,12.6869451193098,0.277574025093664,2020-02-03,2020,2
"7502","PE",2,"Nordeste",26009,"Alto Capibaribe",323497,11886.3973965446,6,78,34,44,36,42,1,0,0,0,0,79,34,44,36,42,31,9.38314994936944,12.6869451193098,0.278777487180891,2020-02-10,2020,2
"7503","PE",2,"Nordeste",26009,"Alto Capibaribe",323497,11886.3973965446,7,83,42,41,38,45,1,0,0,0,0,84,42,41,38,45,35,9.38314994936944,12.6869451193098,0.294319063320759,2020-02-17,2020,2
"7504","PE",2,"Nordeste",26009,"Alto Capibaribe",323497,11886.3973965446,8,64,29,35,33,31,1,0,0,0,0,65,29,35,33,31,38,9.38314994936944,12.6869451193098,0.351670913461606,2020-02-24,2020,2
"7505","PE",2,"Nordeste",26009,"Alto Capibaribe",323497,11886.3973965446,9,74,42,32,33,41,1,0,0,0,0,75,42,32,33,41,35,9.38314994936944,12.6869451193098,0.318828230367984,2020-03-02,2020,3
"7506","PE",2,"Nordeste",26009,"Alto Capibaribe",323497,11886.3973965446,10,58,21,37,30,28,0,0,0,0,0,58,21,37,30,28,31,9.38314994936944,12.6869451193098,0.33802405091584,2020-03-09,2020,3
"7507","PE",2,"Nordeste",26009,"Alto Capibaribe",323497,11886.3973965446,11,67,25,42,30,37,0,0,0,0,0,67,25,42,30,37,39,9.38314994936944,12.6869451193098,0.399918796981292,2020-03-16,2020,3
"7508","PE",2,"Nordeste",26009,"Alto Capibaribe",323497,11886.3973965446,12,76,36,40,37,39,0,0,0,0,0,76,36,40,37,39,34,9.38314994936944,12.6869451193098,0.52541915044589,2020-03-23,2020,3
"7509","PE",2,"Nordeste",26009,"Alto Capibaribe",323497,11886.3973965446,13,68,32,36,31,37,1,0,0,0,0,69,32,36,31,37,34,9.38314994936944,12.6869451193098,0.479072562123833,2020-03-30,2020,3
"7510","PE",2,"Nordeste",26009,"Alto Capibaribe",323497,11886.3973965446,14,68,20,48,30,38,0,0,0,0,0,68,20,48,30,38,36,9.38314994936944,12.6869451193098,0.460450260182886,2020-04-06,2020,4
"7511","PE",2,"Nordeste",26009,"Alto Capibaribe",323497,11886.3973965446,15,63,32,31,25,38,3,0,0,0,0,66,32,31,25,38,29,9.38314994936944,12.6869451193098,0.443637960749946,2020-04-13,2020,4
"7512","PE",2,"Nordeste",26009,"Alto Capibaribe",323497,11886.3973965446,16,62,23,39,24,38,1,0,0,0,0,63,23,39,24,38,33,9.38314994936944,12.6869451193098,0.432505406315102,2020-04-20,2020,4
"7513","PE",2,"Nordeste",26009,"Alto Capibaribe",323497,11886.3973965446,17,88,46,42,40,48,1,0,0,0,0,89,46,42,40,48,28,9.38314994936944,12.6869451193098,0.411044636745129,2020-04-27,2020,4
"7514","PE",2,"Nordeste",26009,"Alto Capibaribe",323497,11886.3973965446,18,57,24,33,23,34,0,0,0,0,0,57,24,33,23,34,44,9.38314994936944,12.6869451193098,0.414703002169114,2020-05-04,2020,5
"7515","PE",2,"Nordeste",26009,"Alto Capibaribe",323497,11886.3973965446,19,84,33,51,37,47,0,0,0,0,0,84,33,51,37,47,43,9.38314994936944,12.6869451193098,0.438013844834079,2020-05-11,2020,5
"7516","PE",2,"Nordeste",26009,"Alto Capibaribe",323497,11886.3973965446,20,79,34,45,34,45,1,0,0,0,0,80,34,45,34,45,42,9.38314994936944,12.6869451193098,0.433610870912436,2020-05-18,2020,5
"7517","PE",2,"Nordeste",26009,"Alto Capibaribe",323497,11886.3973965446,21,91,42,49,39,52,0,0,0,0,0,91,42,49,39,52,45,9.38314994936944,12.6869451193098,0.412864595533568,2020-05-25,2020,5
"7518","PE",2,"Nordeste",26009,"Alto Capibaribe",323497,11886.3973965446,22,76,26,50,33,43,1,0,0,0,0,77,26,50,33,43,51,9.38314994936944,12.6869451193098,0.392255473580854,2020-06-01,2020,6
"7519","PE",2,"Nordeste",26009,"Alto Capibaribe",323497,11886.3973965446,23,78,36,42,29,49,0,0,0,0,0,78,36,42,29,49,48,9.38314994936944,12.6869451193098,0.383553128623879,2020-06-08,2020,6
"7520","PE",2,"Nordeste",26009,"Alto Capibaribe",323497,11886.3973965446,24,84,41,43,40,44,0,0,0,0,0,84,41,43,40,44,55,9.38314994936944,12.6869451193098,0.376858449430683,2020-06-15,2020,6
"7521","PE",2,"Nordeste",26009,"Alto Capibaribe",323497,11886.3973965446,25,86,41,45,34,52,2,0,0,0,0,88,41,45,34,52,56,9.38314994936944,12.6869451193098,0.367431285113004,2020-06-22,2020,6
"7522","PE",2,"Nordeste",26009,"Alto Capibaribe",323497,11886.3973965446,26,75,32,43,36,39,0,0,0,0,0,75,32,43,36,39,64,9.38314994936944,12.6869451193098,0.396667944557588,2020-06-29,2020,6
"7523","PE",2,"Nordeste",26009,"Alto Capibaribe",323497,11886.3973965446,27,72,27,45,38,34,0,0,0,0,0,72,27,45,38,34,41,9.38314994936944,12.6869451193098,0.408821931906338,2020-07-06,2020,7
"7524","PE",2,"Nordeste",26009,"Alto Capibaribe",323497,11886.3973965446,28,71,28,43,27,44,1,0,0,0,0,72,28,43,27,44,58,9.38314994936944,12.6869451193098,0.40359409206505,2020-07-13,2020,7
"7525","PE",2,"Nordeste",26009,"Alto Capibaribe",323497,11886.3973965446,29,85,41,44,46,39,1,0,0,0,0,86,41,44,46,39,45,9.38314994936944,12.6869451193098,0.404383977622032,2020-07-20,2020,7
"7526","PE",2,"Nordeste",26010,"Médio Capibaribe",260251,10475.9001214212,5,52,11,41,18,34,1,0,0,0,0,53,11,41,18,34,35,9.25683267154447,12.469401828929,0.272270679545366,2020-02-03,2020,2
"7527","PE",2,"Nordeste",26010,"Médio Capibaribe",260251,10475.9001214212,6,58,19,39,27,31,3,0,0,0,0,61,19,39,27,31,30,9.25683267154447,12.469401828929,0.272983560906661,2020-02-10,2020,2
"7528","PE",2,"Nordeste",26010,"Médio Capibaribe",260251,10475.9001214212,7,65,23,42,24,41,1,0,0,0,0,66,23,42,24,41,29,9.25683267154447,12.469401828929,0.281322880154344,2020-02-17,2020,2
"7529","PE",2,"Nordeste",26010,"Médio Capibaribe",260251,10475.9001214212,8,65,20,45,24,41,0,0,0,0,0,65,20,45,24,41,32,9.25683267154447,12.469401828929,0.331714015829077,2020-02-24,2020,2
"7530","PE",2,"Nordeste",26010,"Médio Capibaribe",260251,10475.9001214212,9,70,31,39,32,38,0,0,0,0,0,70,31,39,32,38,44,9.25683267154447,12.469401828929,0.301494880415173,2020-03-02,2020,3
"7531","PE",2,"Nordeste",26010,"Médio Capibaribe",260251,10475.9001214212,10,51,14,37,19,32,1,0,0,0,0,52,14,37,19,32,41,9.25683267154447,12.469401828929,0.318008908369979,2020-03-09,2020,3
"7532","PE",2,"Nordeste",26010,"Médio Capibaribe",260251,10475.9001214212,11,52,23,29,23,29,0,0,0,0,0,52,23,29,23,29,45,9.25683267154447,12.469401828929,0.383517987031526,2020-03-16,2020,3
"7533","PE",2,"Nordeste",26010,"Médio Capibaribe",260251,10475.9001214212,12,35,12,23,16,19,0,0,0,0,0,35,12,23,16,19,45,9.25683267154447,12.469401828929,0.465022978169714,2020-03-23,2020,3
"7534","PE",2,"Nordeste",26010,"Médio Capibaribe",260251,10475.9001214212,13,60,28,32,26,34,0,0,0,0,0,60,28,32,26,34,30,9.25683267154447,12.469401828929,0.430677074806319,2020-03-30,2020,3
"7535","PE",2,"Nordeste",26010,"Médio Capibaribe",260251,10475.9001214212,14,46,16,30,24,22,0,0,0,0,0,46,16,30,24,22,53,9.25683267154447,12.469401828929,0.428513082079816,2020-04-06,2020,4
"7536","PE",2,"Nordeste",26010,"Médio Capibaribe",260251,10475.9001214212,15,46,14,32,20,26,1,0,0,0,0,47,14,32,20,26,39,9.25683267154447,12.469401828929,0.419742295338357,2020-04-13,2020,4
"7537","PE",2,"Nordeste",26010,"Médio Capibaribe",260251,10475.9001214212,16,52,16,36,29,23,0,0,0,0,0,52,16,36,29,23,37,9.25683267154447,12.469401828929,0.414075694929948,2020-04-20,2020,4
"7538","PE",2,"Nordeste",26010,"Médio Capibaribe",260251,10475.9001214212,17,58,15,43,27,31,1,0,0,0,0,59,15,43,27,31,46,9.25683267154447,12.469401828929,0.402643701755917,2020-04-27,2020,4
"7539","PE",2,"Nordeste",26010,"Médio Capibaribe",260251,10475.9001214212,18,60,17,43,24,36,1,0,0,0,0,61,17,43,24,36,63,9.25683267154447,12.469401828929,0.399266123827858,2020-05-04,2020,5
"7540","PE",2,"Nordeste",26010,"Médio Capibaribe",260251,10475.9001214212,19,67,25,42,27,40,1,0,0,0,0,68,25,42,27,40,48,9.25683267154447,12.469401828929,0.432551260333467,2020-05-11,2020,5
"7541","PE",2,"Nordeste",26010,"Médio Capibaribe",260251,10475.9001214212,20,51,21,30,27,24,0,0,0,0,0,51,21,30,27,24,65,9.25683267154447,12.469401828929,0.436384799598622,2020-05-18,2020,5
"7542","PE",2,"Nordeste",26010,"Médio Capibaribe",260251,10475.9001214212,21,66,25,41,25,41,0,0,0,0,0,66,25,41,25,41,47,9.25683267154447,12.469401828929,0.410367869017985,2020-05-25,2020,5
"7543","PE",2,"Nordeste",26010,"Médio Capibaribe",260251,10475.9001214212,22,66,26,40,27,39,1,0,0,0,0,67,26,40,27,39,48,9.25683267154447,12.469401828929,0.390913106720879,2020-06-01,2020,6
"7544","PE",2,"Nordeste",26010,"Médio Capibaribe",260251,10475.9001214212,23,57,20,37,25,32,0,0,0,0,0,57,20,37,25,32,55,9.25683267154447,12.469401828929,0.387761878657024,2020-06-08,2020,6
"7545","PE",2,"Nordeste",26010,"Médio Capibaribe",260251,10475.9001214212,24,64,21,43,21,43,1,0,0,0,0,65,21,43,21,43,54,9.25683267154447,12.469401828929,0.39133852740177,2020-06-15,2020,6
"7546","PE",2,"Nordeste",26010,"Médio Capibaribe",260251,10475.9001214212,25,61,24,37,28,33,1,0,0,0,0,62,24,37,28,33,58,9.25683267154447,12.469401828929,0.37835598946296,2020-06-22,2020,6
"7547","PE",2,"Nordeste",26010,"Médio Capibaribe",260251,10475.9001214212,26,58,21,37,26,32,1,0,0,0,0,59,21,37,26,32,49,9.25683267154447,12.469401828929,0.405091328822715,2020-06-29,2020,6
"7548","PE",2,"Nordeste",26010,"Médio Capibaribe",260251,10475.9001214212,27,71,24,47,32,39,0,0,0,0,0,71,24,47,32,39,47,9.25683267154447,12.469401828929,0.408847538054909,2020-07-06,2020,7
"7549","PE",2,"Nordeste",26010,"Médio Capibaribe",260251,10475.9001214212,28,64,23,41,23,41,1,0,0,0,0,65,23,41,23,41,43,9.25683267154447,12.469401828929,0.412690472439433,2020-07-13,2020,7
"7550","PE",2,"Nordeste",26010,"Médio Capibaribe",260251,10475.9001214212,29,52,16,36,25,27,2,0,0,0,0,54,16,36,25,27,48,9.25683267154447,12.469401828929,0.406512295333084,2020-07-20,2020,7
"7551","PE",2,"Nordeste",26011,"Garanhuns",472537,12772.7918776096,5,121,58,63,38,83,1,0,0,0,0,122,58,63,38,83,86,9.45507255297827,13.0658713297284,0.264172626708362,2020-02-03,2020,2
"7552","PE",2,"Nordeste",26011,"Garanhuns",472537,12772.7918776096,6,115,52,63,44,71,0,0,0,0,0,115,52,63,44,71,64,9.45507255297827,13.0658713297284,0.258321539009477,2020-02-10,2020,2
"7553","PE",2,"Nordeste",26011,"Garanhuns",472537,12772.7918776096,7,111,44,67,43,68,1,0,0,0,0,112,44,67,43,68,66,9.45507255297827,13.0658713297284,0.270065459236994,2020-02-17,2020,2
"7554","PE",2,"Nordeste",26011,"Garanhuns",472537,12772.7918776096,8,128,58,70,73,55,1,0,0,0,0,129,58,70,73,55,65,9.45507255297827,13.0658713297284,0.323349045731552,2020-02-24,2020,2
"7555","PE",2,"Nordeste",26011,"Garanhuns",472537,12772.7918776096,9,117,55,62,49,68,0,0,0,0,0,117,55,62,49,68,56,9.45507255297827,13.0658713297284,0.292823525067009,2020-03-02,2020,3
"7556","PE",2,"Nordeste",26011,"Garanhuns",472537,12772.7918776096,10,96,54,42,39,57,2,0,0,0,0,98,54,42,39,57,66,9.45507255297827,13.0658713297284,0.314343001718526,2020-03-09,2020,3
"7557","PE",2,"Nordeste",26011,"Garanhuns",472537,12772.7918776096,11,100,43,57,40,60,0,0,0,0,0,100,43,57,40,60,45,9.45507255297827,13.0658713297284,0.383530903010991,2020-03-16,2020,3
"7558","PE",2,"Nordeste",26011,"Garanhuns",472537,12772.7918776096,12,101,49,52,48,53,1,0,0,0,0,102,49,52,48,53,66,9.45507255297827,13.0658713297284,0.490185045858147,2020-03-23,2020,3
"7559","PE",2,"Nordeste",26011,"Garanhuns",472537,12772.7918776096,13,89,34,55,31,58,3,0,0,0,0,92,34,55,31,58,75,9.45507255297827,13.0658713297284,0.430082900669785,2020-03-30,2020,3
"7560","PE",2,"Nordeste",26011,"Garanhuns",472537,12772.7918776096,14,108,43,65,51,57,2,0,0,0,0,110,43,65,51,57,66,9.45507255297827,13.0658713297284,0.423395217546364,2020-04-06,2020,4
"7561","PE",2,"Nordeste",26011,"Garanhuns",472537,12772.7918776096,15,113,47,66,53,60,3,0,0,0,0,116,47,66,53,60,66,9.45507255297827,13.0658713297284,0.416370628117841,2020-04-13,2020,4
"7562","PE",2,"Nordeste",26011,"Garanhuns",472537,12772.7918776096,16,106,43,63,40,66,1,0,0,0,0,107,43,63,40,66,54,9.45507255297827,13.0658713297284,0.412835474243764,2020-04-20,2020,4
"7563","PE",2,"Nordeste",26011,"Garanhuns",472537,12772.7918776096,17,120,56,64,45,75,3,0,0,0,0,123,56,64,45,75,77,9.45507255297827,13.0658713297284,0.392622637103872,2020-04-27,2020,4
"7564","PE",2,"Nordeste",26011,"Garanhuns",472537,12772.7918776096,18,111,56,55,42,69,0,0,0,0,0,111,56,55,42,69,78,9.45507255297827,13.0658713297284,0.396731519205715,2020-05-04,2020,5
"7565","PE",2,"Nordeste",26011,"Garanhuns",472537,12772.7918776096,19,127,64,63,57,70,0,0,0,0,0,127,64,63,57,70,75,9.45507255297827,13.0658713297284,0.428498113749028,2020-05-11,2020,5
"7566","PE",2,"Nordeste",26011,"Garanhuns",472537,12772.7918776096,20,124,57,67,54,70,2,0,0,0,0,126,57,67,54,70,79,9.45507255297827,13.0658713297284,0.431900896865407,2020-05-18,2020,5
"7567","PE",2,"Nordeste",26011,"Garanhuns",472537,12772.7918776096,21,128,52,76,53,75,1,0,0,0,0,129,52,76,53,75,61,9.45507255297827,13.0658713297284,0.419907695714011,2020-05-25,2020,5
"7568","PE",2,"Nordeste",26011,"Garanhuns",472537,12772.7918776096,22,139,66,73,62,77,0,0,0,0,0,139,66,73,62,77,77,9.45507255297827,13.0658713297284,0.390123680211775,2020-06-01,2020,6
"7569","PE",2,"Nordeste",26011,"Garanhuns",472537,12772.7918776096,23,135,60,75,55,80,1,0,0,0,0,136,60,75,55,80,75,9.45507255297827,13.0658713297284,0.39537623794123,2020-06-08,2020,6
"7570","PE",2,"Nordeste",26011,"Garanhuns",472537,12772.7918776096,24,125,63,62,47,78,2,0,0,0,0,127,63,62,47,78,68,9.45507255297827,13.0658713297284,0.389471020924164,2020-06-15,2020,6
"7571","PE",2,"Nordeste",26011,"Garanhuns",472537,12772.7918776096,25,123,58,65,44,79,0,0,0,0,0,123,58,65,44,79,97,9.45507255297827,13.0658713297284,0.384604570535024,2020-06-22,2020,6
"7572","PE",2,"Nordeste",26011,"Garanhuns",472537,12772.7918776096,26,140,51,89,54,86,1,0,0,0,0,141,51,89,54,86,96,9.45507255297827,13.0658713297284,0.408887801038798,2020-06-29,2020,6
"7573","PE",2,"Nordeste",26011,"Garanhuns",472537,12772.7918776096,27,129,62,67,54,75,0,0,0,0,0,129,62,67,54,75,95,9.45507255297827,13.0658713297284,0.424022259831114,2020-07-06,2020,7
"7574","PE",2,"Nordeste",26011,"Garanhuns",472537,12772.7918776096,28,136,52,84,47,89,3,0,0,0,0,139,52,84,47,89,98,9.45507255297827,13.0658713297284,0.421762196913005,2020-07-13,2020,7
"7575","PE",2,"Nordeste",26011,"Garanhuns",472537,12772.7918776096,29,129,49,80,51,78,1,0,0,0,0,130,49,80,51,78,90,9.45507255297827,13.0658713297284,0.409360666719301,2020-07-20,2020,7
"7576","PE",2,"Nordeste",26012,"Brejo Pernambucano",225453,9079.43439213495,5,57,21,36,25,32,0,0,0,0,0,57,21,36,25,32,38,9.11376717804004,12.3258669904806,0.271803571792137,2020-02-03,2020,2
"7577","PE",2,"Nordeste",26012,"Brejo Pernambucano",225453,9079.43439213495,6,65,27,38,34,31,1,0,0,0,0,66,27,38,34,31,36,9.11376717804004,12.3258669904806,0.272174440488708,2020-02-10,2020,2
"7578","PE",2,"Nordeste",26012,"Brejo Pernambucano",225453,9079.43439213495,7,54,23,31,28,26,1,0,0,0,0,55,23,31,28,26,34,9.11376717804004,12.3258669904806,0.282584061496389,2020-02-17,2020,2
"7579","PE",2,"Nordeste",26012,"Brejo Pernambucano",225453,9079.43439213495,8,67,31,36,34,33,1,0,0,0,0,68,31,36,34,33,30,9.11376717804004,12.3258669904806,0.335094460571318,2020-02-24,2020,2
"7580","PE",2,"Nordeste",26012,"Brejo Pernambucano",225453,9079.43439213495,9,57,26,31,25,32,0,0,0,0,0,57,26,31,25,32,50,9.11376717804004,12.3258669904806,0.308205282345461,2020-03-02,2020,3
"7581","PE",2,"Nordeste",26012,"Brejo Pernambucano",225453,9079.43439213495,10,43,26,17,22,21,0,0,0,0,0,43,26,17,22,21,51,9.11376717804004,12.3258669904806,0.329195790742292,2020-03-09,2020,3
"7582","PE",2,"Nordeste",26012,"Brejo Pernambucano",225453,9079.43439213495,11,47,23,24,23,24,2,0,0,0,0,49,23,24,23,24,35,9.11376717804004,12.3258669904806,0.383683608758802,2020-03-16,2020,3
"7583","PE",2,"Nordeste",26012,"Brejo Pernambucano",225453,9079.43439213495,12,41,19,22,23,18,0,0,0,0,0,41,19,22,23,18,42,9.11376717804004,12.3258669904806,0.473032302822378,2020-03-23,2020,3
"7584","PE",2,"Nordeste",26012,"Brejo Pernambucano",225453,9079.43439213495,13,52,25,27,20,32,0,0,0,0,0,52,25,27,20,32,31,9.11376717804004,12.3258669904806,0.428154421922925,2020-03-30,2020,3
"7585","PE",2,"Nordeste",26012,"Brejo Pernambucano",225453,9079.43439213495,14,51,23,28,27,24,0,0,0,0,0,51,23,28,27,24,35,9.11376717804004,12.3258669904806,0.409907769920918,2020-04-06,2020,4
"7586","PE",2,"Nordeste",26012,"Brejo Pernambucano",225453,9079.43439213495,15,49,23,26,27,22,0,0,0,0,0,49,23,26,27,22,36,9.11376717804004,12.3258669904806,0.400503874407813,2020-04-13,2020,4
"7587","PE",2,"Nordeste",26012,"Brejo Pernambucano",225453,9079.43439213495,16,41,22,19,20,21,0,0,0,0,0,41,22,19,20,21,25,9.11376717804004,12.3258669904806,0.39948692439686,2020-04-20,2020,4
"7588","PE",2,"Nordeste",26012,"Brejo Pernambucano",225453,9079.43439213495,17,47,23,24,21,26,1,0,0,0,0,48,23,24,21,26,40,9.11376717804004,12.3258669904806,0.385972963827243,2020-04-27,2020,4
"7589","PE",2,"Nordeste",26012,"Brejo Pernambucano",225453,9079.43439213495,18,54,19,35,29,25,0,0,0,0,0,54,19,35,29,25,42,9.11376717804004,12.3258669904806,0.396007719158661,2020-05-04,2020,5
"7590","PE",2,"Nordeste",26012,"Brejo Pernambucano",225453,9079.43439213495,19,55,30,25,31,24,1,0,0,0,0,56,30,25,31,24,33,9.11376717804004,12.3258669904806,0.425955818056485,2020-05-11,2020,5
"7591","PE",2,"Nordeste",26012,"Brejo Pernambucano",225453,9079.43439213495,20,57,25,32,26,31,1,0,0,0,0,58,25,32,26,31,51,9.11376717804004,12.3258669904806,0.429823144250641,2020-05-18,2020,5
"7592","PE",2,"Nordeste",26012,"Brejo Pernambucano",225453,9079.43439213495,21,44,15,29,24,20,0,0,0,0,0,44,15,29,24,20,42,9.11376717804004,12.3258669904806,0.40782329343565,2020-05-25,2020,5
"7593","PE",2,"Nordeste",26012,"Brejo Pernambucano",225453,9079.43439213495,22,65,29,36,31,34,0,0,0,0,0,65,29,36,31,34,59,9.11376717804004,12.3258669904806,0.394347012588232,2020-06-01,2020,6
"7594","PE",2,"Nordeste",26012,"Brejo Pernambucano",225453,9079.43439213495,23,58,23,35,28,30,0,0,0,0,0,58,23,35,28,30,56,9.11376717804004,12.3258669904806,0.39082966587144,2020-06-08,2020,6
"7595","PE",2,"Nordeste",26012,"Brejo Pernambucano",225453,9079.43439213495,24,64,25,39,27,37,0,0,0,0,0,64,25,39,27,37,60,9.11376717804004,12.3258669904806,0.3916852132099,2020-06-15,2020,6
"7596","PE",2,"Nordeste",26012,"Brejo Pernambucano",225453,9079.43439213495,25,52,14,38,28,24,1,0,0,0,0,53,14,38,28,24,58,9.11376717804004,12.3258669904806,0.384914478202452,2020-06-22,2020,6
"7597","PE",2,"Nordeste",26012,"Brejo Pernambucano",225453,9079.43439213495,26,58,29,29,27,31,1,0,0,0,0,59,29,29,27,31,52,9.11376717804004,12.3258669904806,0.422045301258595,2020-06-29,2020,6
"7598","PE",2,"Nordeste",26012,"Brejo Pernambucano",225453,9079.43439213495,27,45,21,24,18,27,0,0,0,0,0,45,21,24,18,27,49,9.11376717804004,12.3258669904806,0.431204315369679,2020-07-06,2020,7
"7599","PE",2,"Nordeste",26012,"Brejo Pernambucano",225453,9079.43439213495,28,72,23,49,34,38,2,0,0,0,0,74,23,49,34,38,45,9.11376717804004,12.3258669904806,0.424252272721094,2020-07-13,2020,7
"7600","PE",2,"Nordeste",26012,"Brejo Pernambucano",225453,9079.43439213495,29,66,31,35,34,32,1,0,0,0,0,67,31,35,34,32,55,9.11376717804004,12.3258669904806,0.421072894610168,2020-07-20,2020,7
"7601","PE",2,"Nordeste",26013,"Mata Setentrional Pernambucana",570923,27202.2446623625,5,148,52,96,69,79,1,0,0,0,0,149,52,96,69,79,85,10.2110547732307,13.2550096284066,0.275642077455642,2020-02-03,2020,2
"7602","PE",2,"Nordeste",26013,"Mata Setentrional Pernambucana",570923,27202.2446623625,6,138,49,89,64,74,3,0,0,0,0,141,49,89,64,74,71,10.2110547732307,13.2550096284066,0.270563975274994,2020-02-10,2020,2
"7603","PE",2,"Nordeste",26013,"Mata Setentrional Pernambucana",570923,27202.2446623625,7,124,37,87,54,70,1,0,0,0,0,125,37,87,54,70,68,10.2110547732307,13.2550096284066,0.284731905614369,2020-02-17,2020,2
"7604","PE",2,"Nordeste",26013,"Mata Setentrional Pernambucana",570923,27202.2446623625,8,137,48,89,72,65,2,0,0,0,0,139,48,89,72,65,80,10.2110547732307,13.2550096284066,0.340942161976865,2020-02-24,2020,2
"7605","PE",2,"Nordeste",26013,"Mata Setentrional Pernambucana",570923,27202.2446623625,9,126,46,80,57,69,0,0,0,0,0,126,46,80,57,69,77,10.2110547732307,13.2550096284066,0.312575966575574,2020-03-02,2020,3
"7606","PE",2,"Nordeste",26013,"Mata Setentrional Pernambucana",570923,27202.2446623625,10,130,48,82,66,64,0,0,0,0,0,130,48,82,66,64,91,10.2110547732307,13.2550096284066,0.328830831574947,2020-03-09,2020,3
"7607","PE",2,"Nordeste",26013,"Mata Setentrional Pernambucana",570923,27202.2446623625,11,118,45,73,55,63,0,0,0,0,0,118,45,73,55,63,76,10.2110547732307,13.2550096284066,0.389963583296488,2020-03-16,2020,3
"7608","PE",2,"Nordeste",26013,"Mata Setentrional Pernambucana",570923,27202.2446623625,12,106,42,64,54,52,0,0,0,0,0,106,42,64,54,52,82,10.2110547732307,13.2550096284066,0.486383296238979,2020-03-23,2020,3
"7609","PE",2,"Nordeste",26013,"Mata Setentrional Pernambucana",570923,27202.2446623625,13,95,31,64,59,36,1,0,0,0,0,96,31,64,59,36,87,10.2110547732307,13.2550096284066,0.454424063461125,2020-03-30,2020,3
"7610","PE",2,"Nordeste",26013,"Mata Setentrional Pernambucana",570923,27202.2446623625,14,110,37,73,50,60,1,0,0,0,0,111,37,73,50,60,95,10.2110547732307,13.2550096284066,0.44360452771148,2020-04-06,2020,4
"7611","PE",2,"Nordeste",26013,"Mata Setentrional Pernambucana",570923,27202.2446623625,15,117,33,84,61,56,1,0,0,0,0,118,33,84,61,56,84,10.2110547732307,13.2550096284066,0.433313962246378,2020-04-13,2020,4
"7612","PE",2,"Nordeste",26013,"Mata Setentrional Pernambucana",570923,27202.2446623625,16,129,46,83,67,62,2,0,0,0,0,131,46,83,67,62,97,10.2110547732307,13.2550096284066,0.430470729738997,2020-04-20,2020,4
"7613","PE",2,"Nordeste",26013,"Mata Setentrional Pernambucana",570923,27202.2446623625,17,123,37,86,60,63,0,0,0,0,0,123,37,86,60,63,100,10.2110547732307,13.2550096284066,0.416854455297599,2020-04-27,2020,4
"7614","PE",2,"Nordeste",26013,"Mata Setentrional Pernambucana",570923,27202.2446623625,18,140,56,84,66,74,1,0,0,0,0,141,56,84,66,74,124,10.2110547732307,13.2550096284066,0.421498909586272,2020-05-04,2020,5
"7615","PE",2,"Nordeste",26013,"Mata Setentrional Pernambucana",570923,27202.2446623625,19,128,34,94,62,66,0,0,0,0,0,128,34,94,62,66,134,10.2110547732307,13.2550096284066,0.453275343628044,2020-05-11,2020,5
"7616","PE",2,"Nordeste",26013,"Mata Setentrional Pernambucana",570923,27202.2446623625,20,133,50,83,61,72,2,0,0,0,0,135,50,83,61,72,140,10.2110547732307,13.2550096284066,0.443002619726437,2020-05-18,2020,5
"7617","PE",2,"Nordeste",26013,"Mata Setentrional Pernambucana",570923,27202.2446623625,21,127,43,84,58,69,6,0,0,0,0,133,43,84,58,69,121,10.2110547732307,13.2550096284066,0.421982624357212,2020-05-25,2020,5
"7618","PE",2,"Nordeste",26013,"Mata Setentrional Pernambucana",570923,27202.2446623625,22,126,52,74,62,64,1,0,0,0,0,127,52,74,62,64,116,10.2110547732307,13.2550096284066,0.40455226491658,2020-06-01,2020,6
"7619","PE",2,"Nordeste",26013,"Mata Setentrional Pernambucana",570923,27202.2446623625,23,150,48,102,68,82,2,0,0,0,0,152,48,102,68,82,117,10.2110547732307,13.2550096284066,0.388678324726741,2020-06-08,2020,6
"7620","PE",2,"Nordeste",26013,"Mata Setentrional Pernambucana",570923,27202.2446623625,24,137,57,80,61,76,1,0,0,0,0,138,57,80,61,76,102,10.2110547732307,13.2550096284066,0.388203056998507,2020-06-15,2020,6
"7621","PE",2,"Nordeste",26013,"Mata Setentrional Pernambucana",570923,27202.2446623625,25,146,33,113,60,86,1,0,0,0,0,147,33,113,60,86,95,10.2110547732307,13.2550096284066,0.379730096351589,2020-06-22,2020,6
"7622","PE",2,"Nordeste",26013,"Mata Setentrional Pernambucana",570923,27202.2446623625,26,151,41,110,58,93,1,0,0,0,0,152,41,110,58,93,91,10.2110547732307,13.2550096284066,0.396273271808379,2020-06-29,2020,6
"7623","PE",2,"Nordeste",26013,"Mata Setentrional Pernambucana",570923,27202.2446623625,27,139,50,89,60,79,1,0,0,0,0,140,50,89,60,79,82,10.2110547732307,13.2550096284066,0.402681971652637,2020-07-06,2020,7
"7624","PE",2,"Nordeste",26013,"Mata Setentrional Pernambucana",570923,27202.2446623625,28,123,33,90,58,65,1,0,0,0,0,124,33,90,58,65,93,10.2110547732307,13.2550096284066,0.401780295731768,2020-07-13,2020,7
"7625","PE",2,"Nordeste",26013,"Mata Setentrional Pernambucana",570923,27202.2446623625,29,159,62,97,67,92,2,0,0,0,0,161,62,97,67,92,96,10.2110547732307,13.2550096284066,0.394934747922205,2020-07-20,2020,7
"7626","PE",2,"Nordeste",26014,"Vitória de Santo Antão",232853,21234.6616443421,5,63,25,38,30,33,0,0,0,0,0,63,25,38,30,33,30,9.9633901087538,12.3581626321583,0.261632733351013,2020-02-03,2020,2
"7627","PE",2,"Nordeste",26014,"Vitória de Santo Antão",232853,21234.6616443421,6,62,21,41,26,36,0,0,0,0,0,62,21,41,26,36,33,9.9633901087538,12.3581626321583,0.259877641633802,2020-02-10,2020,2
"7628","PE",2,"Nordeste",26014,"Vitória de Santo Antão",232853,21234.6616443421,7,60,18,42,23,37,1,0,0,0,0,61,18,42,23,37,35,9.9633901087538,12.3581626321583,0.275417311879855,2020-02-17,2020,2
"7629","PE",2,"Nordeste",26014,"Vitória de Santo Antão",232853,21234.6616443421,8,56,18,38,17,39,0,0,0,0,0,56,18,38,17,39,40,9.9633901087538,12.3581626321583,0.327221519805353,2020-02-24,2020,2
"7630","PE",2,"Nordeste",26014,"Vitória de Santo Antão",232853,21234.6616443421,9,54,20,34,25,29,1,0,0,0,0,55,20,34,25,29,31,9.9633901087538,12.3581626321583,0.298836344288878,2020-03-02,2020,3
"7631","PE",2,"Nordeste",26014,"Vitória de Santo Antão",232853,21234.6616443421,10,59,19,40,26,33,0,0,0,0,0,59,19,40,26,33,30,9.9633901087538,12.3581626321583,0.309765744686499,2020-03-09,2020,3
"7632","PE",2,"Nordeste",26014,"Vitória de Santo Antão",232853,21234.6616443421,11,40,16,24,15,25,0,0,0,0,0,40,16,24,15,25,36,9.9633901087538,12.3581626321583,0.379000164662152,2020-03-16,2020,3
"7633","PE",2,"Nordeste",26014,"Vitória de Santo Antão",232853,21234.6616443421,12,46,18,28,15,31,0,0,0,0,0,46,18,28,15,31,31,9.9633901087538,12.3581626321583,0.472788395095501,2020-03-23,2020,3
"7634","PE",2,"Nordeste",26014,"Vitória de Santo Antão",232853,21234.6616443421,13,40,17,23,20,20,0,0,0,0,0,40,17,23,20,20,33,9.9633901087538,12.3581626321583,0.434038407577642,2020-03-30,2020,3
"7635","PE",2,"Nordeste",26014,"Vitória de Santo Antão",232853,21234.6616443421,14,55,17,38,26,29,0,0,0,0,0,55,17,38,26,29,34,9.9633901087538,12.3581626321583,0.421094237976441,2020-04-06,2020,4
"7636","PE",2,"Nordeste",26014,"Vitória de Santo Antão",232853,21234.6616443421,15,47,18,29,17,30,2,0,0,0,0,49,18,29,17,30,49,9.9633901087538,12.3581626321583,0.423976250492974,2020-04-13,2020,4
"7637","PE",2,"Nordeste",26014,"Vitória de Santo Antão",232853,21234.6616443421,16,49,19,30,26,23,0,0,0,0,0,49,19,30,26,23,42,9.9633901087538,12.3581626321583,0.435237786761657,2020-04-20,2020,4
"7638","PE",2,"Nordeste",26014,"Vitória de Santo Antão",232853,21234.6616443421,17,54,20,34,25,29,0,0,0,0,0,54,20,34,25,29,67,9.9633901087538,12.3581626321583,0.421977333101556,2020-04-27,2020,4
"7639","PE",2,"Nordeste",26014,"Vitória de Santo Antão",232853,21234.6616443421,18,56,23,33,25,31,0,0,0,0,0,56,23,33,25,31,78,9.9633901087538,12.3581626321583,0.418551655606484,2020-05-04,2020,5
"7640","PE",2,"Nordeste",26014,"Vitória de Santo Antão",232853,21234.6616443421,19,53,23,30,20,33,0,0,0,0,0,53,23,30,20,33,80,9.9633901087538,12.3581626321583,0.444562249211669,2020-05-11,2020,5
"7641","PE",2,"Nordeste",26014,"Vitória de Santo Antão",232853,21234.6616443421,20,53,15,38,28,25,0,0,0,0,0,53,15,38,28,25,68,9.9633901087538,12.3581626321583,0.440311856135822,2020-05-18,2020,5
"7642","PE",2,"Nordeste",26014,"Vitória de Santo Antão",232853,21234.6616443421,21,52,17,35,25,27,0,0,0,0,0,52,17,35,25,27,55,9.9633901087538,12.3581626321583,0.406746534186818,2020-05-25,2020,5
"7643","PE",2,"Nordeste",26014,"Vitória de Santo Antão",232853,21234.6616443421,22,78,28,50,37,41,0,0,0,0,0,78,28,50,37,41,47,9.9633901087538,12.3581626321583,0.38716945860603,2020-06-01,2020,6
"7644","PE",2,"Nordeste",26014,"Vitória de Santo Antão",232853,21234.6616443421,23,64,24,40,29,35,0,0,0,0,0,64,24,40,29,35,51,9.9633901087538,12.3581626321583,0.382296655554986,2020-06-08,2020,6
"7645","PE",2,"Nordeste",26014,"Vitória de Santo Antão",232853,21234.6616443421,24,64,20,44,32,32,0,0,0,0,0,64,20,44,32,32,28,9.9633901087538,12.3581626321583,0.372652362660273,2020-06-15,2020,6
"7646","PE",2,"Nordeste",26014,"Vitória de Santo Antão",232853,21234.6616443421,25,70,28,42,36,34,0,0,0,0,0,70,28,42,36,34,38,9.9633901087538,12.3581626321583,0.365532592947779,2020-06-22,2020,6
"7647","PE",2,"Nordeste",26014,"Vitória de Santo Antão",232853,21234.6616443421,26,53,15,38,23,30,0,0,0,0,0,53,15,38,23,30,46,9.9633901087538,12.3581626321583,0.378235575011805,2020-06-29,2020,6
"7648","PE",2,"Nordeste",26014,"Vitória de Santo Antão",232853,21234.6616443421,27,71,29,42,33,38,0,0,0,0,0,71,29,42,33,38,25,9.9633901087538,12.3581626321583,0.386481005376375,2020-07-06,2020,7
"7649","PE",2,"Nordeste",26014,"Vitória de Santo Antão",232853,21234.6616443421,28,65,23,42,28,37,1,0,0,0,0,66,23,42,28,37,44,9.9633901087538,12.3581626321583,0.381465639051812,2020-07-13,2020,7
"7650","PE",2,"Nordeste",26014,"Vitória de Santo Antão",232853,21234.6616443421,29,76,28,48,37,39,1,0,0,0,0,77,28,48,37,39,41,9.9633901087538,12.3581626321583,0.381886657914272,2020-07-20,2020,7
"7651","PE",2,"Nordeste",26015,"Mata Meridional Pernambucana",608639,10015.3338776516,5,114,40,74,53,61,1,0,0,0,0,115,40,74,53,61,73,9.21187258530275,13.3189805958904,0.282724202161515,2020-02-03,2020,2
"7652","PE",2,"Nordeste",26015,"Mata Meridional Pernambucana",608639,10015.3338776516,6,115,36,79,68,47,2,0,0,0,0,117,36,79,68,47,82,9.21187258530275,13.3189805958904,0.277097223012026,2020-02-10,2020,2
"7653","PE",2,"Nordeste",26015,"Mata Meridional Pernambucana",608639,10015.3338776516,7,145,49,96,90,55,0,0,0,0,0,145,49,96,90,55,74,9.21187258530275,13.3189805958904,0.295314172156423,2020-02-17,2020,2
"7654","PE",2,"Nordeste",26015,"Mata Meridional Pernambucana",608639,10015.3338776516,8,107,35,72,52,55,0,0,0,0,0,107,35,72,52,55,83,9.21187258530275,13.3189805958904,0.336679429496968,2020-02-24,2020,2
"7655","PE",2,"Nordeste",26015,"Mata Meridional Pernambucana",608639,10015.3338776516,9,124,49,75,66,58,1,0,0,0,0,125,49,75,66,58,95,9.21187258530275,13.3189805958904,0.314767934835841,2020-03-02,2020,3
"7656","PE",2,"Nordeste",26015,"Mata Meridional Pernambucana",608639,10015.3338776516,10,104,36,68,53,51,4,0,0,0,0,108,36,68,53,51,75,9.21187258530275,13.3189805958904,0.343173698301516,2020-03-09,2020,3
"7657","PE",2,"Nordeste",26015,"Mata Meridional Pernambucana",608639,10015.3338776516,11,109,48,61,55,54,2,0,0,0,0,111,48,61,55,54,87,9.21187258530275,13.3189805958904,0.397217046942178,2020-03-16,2020,3
"7658","PE",2,"Nordeste",26015,"Mata Meridional Pernambucana",608639,10015.3338776516,12,108,44,64,55,53,1,0,0,0,0,109,44,64,55,53,83,9.21187258530275,13.3189805958904,0.493706354040796,2020-03-23,2020,3
"7659","PE",2,"Nordeste",26015,"Mata Meridional Pernambucana",608639,10015.3338776516,13,119,49,70,60,59,0,0,0,0,0,119,49,70,60,59,64,9.21187258530275,13.3189805958904,0.453114195410086,2020-03-30,2020,3
"7660","PE",2,"Nordeste",26015,"Mata Meridional Pernambucana",608639,10015.3338776516,14,116,43,73,59,57,1,0,0,0,0,117,43,73,59,57,89,9.21187258530275,13.3189805958904,0.435799518776959,2020-04-06,2020,4
"7661","PE",2,"Nordeste",26015,"Mata Meridional Pernambucana",608639,10015.3338776516,15,138,45,93,81,57,1,0,0,0,0,139,45,93,81,57,82,9.21187258530275,13.3189805958904,0.430798260692221,2020-04-13,2020,4
"7662","PE",2,"Nordeste",26015,"Mata Meridional Pernambucana",608639,10015.3338776516,16,110,43,67,62,48,0,0,0,0,0,110,43,67,62,48,86,9.21187258530275,13.3189805958904,0.430963483685696,2020-04-20,2020,4
"7663","PE",2,"Nordeste",26015,"Mata Meridional Pernambucana",608639,10015.3338776516,17,118,46,72,59,59,1,0,0,0,0,119,46,72,59,59,108,9.21187258530275,13.3189805958904,0.411512189401187,2020-04-27,2020,4
"7664","PE",2,"Nordeste",26015,"Mata Meridional Pernambucana",608639,10015.3338776516,18,118,45,73,62,56,2,0,0,0,0,120,45,73,62,56,131,9.21187258530275,13.3189805958904,0.416563685095665,2020-05-04,2020,5
"7665","PE",2,"Nordeste",26015,"Mata Meridional Pernambucana",608639,10015.3338776516,19,147,51,96,86,61,3,0,0,0,0,150,51,96,86,61,152,9.21187258530275,13.3189805958904,0.463259604904341,2020-05-11,2020,5
"7666","PE",2,"Nordeste",26015,"Mata Meridional Pernambucana",608639,10015.3338776516,20,152,61,91,82,70,1,0,0,0,0,153,61,91,82,70,160,9.21187258530275,13.3189805958904,0.463392005254167,2020-05-18,2020,5
"7667","PE",2,"Nordeste",26015,"Mata Meridional Pernambucana",608639,10015.3338776516,21,126,49,77,59,67,1,0,0,0,0,127,49,77,59,67,159,9.21187258530275,13.3189805958904,0.438285251619459,2020-05-25,2020,5
"7668","PE",2,"Nordeste",26015,"Mata Meridional Pernambucana",608639,10015.3338776516,22,124,41,83,72,52,1,0,0,0,0,125,41,83,72,52,139,9.21187258530275,13.3189805958904,0.411666460646391,2020-06-01,2020,6
"7669","PE",2,"Nordeste",26015,"Mata Meridional Pernambucana",608639,10015.3338776516,23,133,52,81,79,54,2,0,0,0,0,135,52,81,79,54,129,9.21187258530275,13.3189805958904,0.406608668391175,2020-06-08,2020,6
"7670","PE",2,"Nordeste",26015,"Mata Meridional Pernambucana",608639,10015.3338776516,24,152,40,112,79,73,4,0,0,0,0,156,40,112,79,73,120,9.21187258530275,13.3189805958904,0.406934087806186,2020-06-15,2020,6
"7671","PE",2,"Nordeste",26015,"Mata Meridional Pernambucana",608639,10015.3338776516,25,146,56,90,73,73,2,0,0,0,0,148,56,90,73,73,113,9.21187258530275,13.3189805958904,0.399103931528515,2020-06-22,2020,6
"7672","PE",2,"Nordeste",26015,"Mata Meridional Pernambucana",608639,10015.3338776516,26,128,47,81,70,58,0,0,0,0,0,128,47,81,70,58,94,9.21187258530275,13.3189805958904,0.417674221954413,2020-06-29,2020,6
"7673","PE",2,"Nordeste",26015,"Mata Meridional Pernambucana",608639,10015.3338776516,27,145,56,89,69,76,2,0,0,0,0,147,56,89,69,76,90,9.21187258530275,13.3189805958904,0.423672041411055,2020-07-06,2020,7
"7674","PE",2,"Nordeste",26015,"Mata Meridional Pernambucana",608639,10015.3338776516,28,160,62,98,86,74,1,0,0,0,0,161,62,98,86,74,71,9.21187258530275,13.3189805958904,0.416488238355031,2020-07-13,2020,7
"7675","PE",2,"Nordeste",26015,"Mata Meridional Pernambucana",608639,10015.3338776516,29,161,63,98,80,81,1,0,0,0,0,162,63,98,80,81,95,9.21187258530275,13.3189805958904,0.412871411675676,2020-07-20,2020,7
"7676","PE",2,"Nordeste",26016,"Itamaracá",192675,23790.129361256,5,40,13,27,19,21,0,0,0,0,0,40,13,27,19,21,18,10.0770260409138,12.1687601106462,0.285851830353676,2020-02-03,2020,2
"7677","PE",2,"Nordeste",26016,"Itamaracá",192675,23790.129361256,6,40,9,31,13,27,0,0,0,0,0,40,9,31,13,27,17,10.0770260409138,12.1687601106462,0.282600437967592,2020-02-10,2020,2
"7678","PE",2,"Nordeste",26016,"Itamaracá",192675,23790.129361256,7,36,6,30,17,19,0,0,0,0,0,36,6,30,17,19,21,10.0770260409138,12.1687601106462,0.306210482889507,2020-02-17,2020,2
"7679","PE",2,"Nordeste",26016,"Itamaracá",192675,23790.129361256,8,42,11,31,24,18,0,0,0,0,0,42,11,31,24,18,33,10.0770260409138,12.1687601106462,0.356498259094383,2020-02-24,2020,2
"7680","PE",2,"Nordeste",26016,"Itamaracá",192675,23790.129361256,9,41,11,30,18,23,0,0,0,0,0,41,11,30,18,23,25,10.0770260409138,12.1687601106462,0.331482728143454,2020-03-02,2020,3
"7681","PE",2,"Nordeste",26016,"Itamaracá",192675,23790.129361256,10,34,9,25,18,16,0,0,0,0,0,34,9,25,18,16,19,10.0770260409138,12.1687601106462,0.33712788158915,2020-03-09,2020,3
"7682","PE",2,"Nordeste",26016,"Itamaracá",192675,23790.129361256,11,41,15,26,18,23,0,0,0,0,0,41,15,26,18,23,19,10.0770260409138,12.1687601106462,0.414721403887742,2020-03-16,2020,3
"7683","PE",2,"Nordeste",26016,"Itamaracá",192675,23790.129361256,12,25,6,19,17,8,0,0,0,0,0,25,6,19,17,8,36,10.0770260409138,12.1687601106462,0.525497507017486,2020-03-23,2020,3
"7684","PE",2,"Nordeste",26016,"Itamaracá",192675,23790.129361256,13,43,13,30,21,22,0,0,0,0,0,43,13,30,21,22,19,10.0770260409138,12.1687601106462,0.486639027347887,2020-03-30,2020,3
"7685","PE",2,"Nordeste",26016,"Itamaracá",192675,23790.129361256,14,37,8,29,16,21,0,0,0,0,0,37,8,29,16,21,25,10.0770260409138,12.1687601106462,0.488570151713771,2020-04-06,2020,4
"7686","PE",2,"Nordeste",26016,"Itamaracá",192675,23790.129361256,15,40,16,24,20,20,0,0,0,0,0,40,16,24,20,20,33,10.0770260409138,12.1687601106462,0.488850443134207,2020-04-13,2020,4
"7687","PE",2,"Nordeste",26016,"Itamaracá",192675,23790.129361256,16,37,11,26,18,19,0,0,0,0,0,37,11,26,18,19,33,10.0770260409138,12.1687601106462,0.494036271262173,2020-04-20,2020,4
"7688","PE",2,"Nordeste",26016,"Itamaracá",192675,23790.129361256,17,52,19,33,23,29,0,0,0,0,0,52,19,33,23,29,37,10.0770260409138,12.1687601106462,0.47590433916118,2020-04-27,2020,4
"7689","PE",2,"Nordeste",26016,"Itamaracá",192675,23790.129361256,18,45,9,36,23,22,1,0,0,0,0,46,9,36,23,22,49,10.0770260409138,12.1687601106462,0.455712687637755,2020-05-04,2020,5
"7690","PE",2,"Nordeste",26016,"Itamaracá",192675,23790.129361256,19,48,14,34,26,22,2,0,0,0,0,50,14,34,26,22,53,10.0770260409138,12.1687601106462,0.491965440256493,2020-05-11,2020,5
"7691","PE",2,"Nordeste",26016,"Itamaracá",192675,23790.129361256,20,41,18,23,15,26,2,0,0,0,0,43,18,23,15,26,42,10.0770260409138,12.1687601106462,0.48307495112952,2020-05-18,2020,5
"7692","PE",2,"Nordeste",26016,"Itamaracá",192675,23790.129361256,21,45,16,29,21,24,0,0,0,0,0,45,16,29,21,24,39,10.0770260409138,12.1687601106462,0.457914820772613,2020-05-25,2020,5
"7693","PE",2,"Nordeste",26016,"Itamaracá",192675,23790.129361256,22,59,21,38,26,33,3,0,0,0,0,62,21,38,26,33,29,10.0770260409138,12.1687601106462,0.435049151191732,2020-06-01,2020,6
"7694","PE",2,"Nordeste",26016,"Itamaracá",192675,23790.129361256,23,50,14,36,29,21,0,0,0,0,0,50,14,36,29,21,39,10.0770260409138,12.1687601106462,0.418866416706636,2020-06-08,2020,6
"7695","PE",2,"Nordeste",26016,"Itamaracá",192675,23790.129361256,24,39,10,29,23,16,0,0,0,0,0,39,10,29,23,16,27,10.0770260409138,12.1687601106462,0.403880677565673,2020-06-15,2020,6
"7696","PE",2,"Nordeste",26016,"Itamaracá",192675,23790.129361256,25,52,15,37,25,27,2,0,0,0,0,54,15,37,25,27,24,10.0770260409138,12.1687601106462,0.407206337608112,2020-06-22,2020,6
"7697","PE",2,"Nordeste",26016,"Itamaracá",192675,23790.129361256,26,46,15,31,23,23,0,0,0,0,0,46,15,31,23,23,25,10.0770260409138,12.1687601106462,0.407029465937738,2020-06-29,2020,6
"7698","PE",2,"Nordeste",26016,"Itamaracá",192675,23790.129361256,27,46,15,31,26,20,0,0,0,0,0,46,15,31,26,20,25,10.0770260409138,12.1687601106462,0.398794503260064,2020-07-06,2020,7
"7699","PE",2,"Nordeste",26016,"Itamaracá",192675,23790.129361256,28,55,18,37,24,31,0,0,0,0,0,55,18,37,24,31,27,10.0770260409138,12.1687601106462,0.405169041723149,2020-07-13,2020,7
"7700","PE",2,"Nordeste",26016,"Itamaracá",192675,23790.129361256,29,53,11,42,20,33,1,0,0,0,0,54,11,42,20,33,34,10.0770260409138,12.1687601106462,0.399918076271583,2020-07-20,2020,7
"7701","PE",2,"Nordeste",26017,"Recife",3524437,23189.2724620443,5,753,172,581,290,463,7,0,0,0,0,760,172,581,290,463,461,10.05144505684,15.0752312651604,0.271769883446535,2020-02-03,2020,2
"7702","PE",2,"Nordeste",26017,"Recife",3524437,23189.2724620443,6,716,150,566,273,443,5,0,0,0,0,721,150,566,273,443,493,10.05144505684,15.0752312651604,0.273139408242935,2020-02-10,2020,2
"7703","PE",2,"Nordeste",26017,"Recife",3524437,23189.2724620443,7,679,158,521,280,399,5,0,0,0,0,684,158,521,280,399,472,10.05144505684,15.0752312651604,0.294407697564267,2020-02-17,2020,2
"7704","PE",2,"Nordeste",26017,"Recife",3524437,23189.2724620443,8,770,169,601,278,492,8,0,0,0,0,778,169,601,278,492,457,10.05144505684,15.0752312651604,0.356447829665555,2020-02-24,2020,2
"7705","PE",2,"Nordeste",26017,"Recife",3524437,23189.2724620443,9,702,168,534,261,441,4,0,0,0,0,706,168,534,261,441,487,10.05144505684,15.0752312651604,0.326931121365633,2020-03-02,2020,3
"7706","PE",2,"Nordeste",26017,"Recife",3524437,23189.2724620443,10,679,170,509,282,397,5,0,0,0,0,684,170,509,282,397,488,10.05144505684,15.0752312651604,0.320923094802477,2020-03-09,2020,3
"7707","PE",2,"Nordeste",26017,"Recife",3524437,23189.2724620443,11,663,156,507,271,392,7,0,0,0,0,670,156,507,271,392,475,10.05144505684,15.0752312651604,0.440483273265427,2020-03-16,2020,3
"7708","PE",2,"Nordeste",26017,"Recife",3524437,23189.2724620443,12,649,139,510,235,414,4,0,0,0,0,653,139,510,235,414,514,10.05144505684,15.0752312651604,0.575830145107368,2020-03-23,2020,3
"7709","PE",2,"Nordeste",26017,"Recife",3524437,23189.2724620443,13,573,149,424,211,362,9,0,0,0,0,582,149,424,211,362,529,10.05144505684,15.0752312651604,0.535397824939128,2020-03-30,2020,3
"7710","PE",2,"Nordeste",26017,"Recife",3524437,23189.2724620443,14,630,155,475,235,395,4,0,0,0,0,634,155,475,235,395,586,10.05144505684,15.0752312651604,0.527630228202394,2020-04-06,2020,4
"7711","PE",2,"Nordeste",26017,"Recife",3524437,23189.2724620443,15,632,152,480,241,391,3,0,0,0,0,635,152,480,241,391,749,10.05144505684,15.0752312651604,0.520743123812734,2020-04-13,2020,4
"7712","PE",2,"Nordeste",26017,"Recife",3524437,23189.2724620443,16,632,133,499,264,368,6,0,0,0,0,638,133,499,264,368,860,10.05144505684,15.0752312651604,0.535979248873939,2020-04-20,2020,4
"7713","PE",2,"Nordeste",26017,"Recife",3524437,23189.2724620443,17,660,156,504,247,413,4,0,0,0,0,664,156,504,247,413,1058,10.05144505684,15.0752312651604,0.51765472159785,2020-04-27,2020,4
"7714","PE",2,"Nordeste",26017,"Recife",3524437,23189.2724620443,18,685,167,518,273,412,2,0,0,0,0,687,167,518,273,412,1224,10.05144505684,15.0752312651604,0.490253081831251,2020-05-04,2020,5
"7715","PE",2,"Nordeste",26017,"Recife",3524437,23189.2724620443,19,748,178,570,298,450,7,0,0,0,0,755,178,570,298,450,1185,10.05144505684,15.0752312651604,0.531819591767852,2020-05-11,2020,5
"7716","PE",2,"Nordeste",26017,"Recife",3524437,23189.2724620443,20,705,153,552,277,428,4,0,0,0,0,709,153,552,277,428,988,10.05144505684,15.0752312651604,0.538509222549507,2020-05-18,2020,5
"7717","PE",2,"Nordeste",26017,"Recife",3524437,23189.2724620443,21,755,173,582,292,463,5,0,0,0,0,760,173,582,292,463,857,10.05144505684,15.0752312651604,0.504455384025089,2020-05-25,2020,5
"7718","PE",2,"Nordeste",26017,"Recife",3524437,23189.2724620443,22,803,174,629,309,494,5,0,0,0,0,808,174,629,309,494,685,10.05144505684,15.0752312651604,0.459914207030742,2020-06-01,2020,6
"7719","PE",2,"Nordeste",26017,"Recife",3524437,23189.2724620443,23,844,189,655,319,525,8,0,0,0,0,852,189,655,319,525,619,10.05144505684,15.0752312651604,0.439343072151112,2020-06-08,2020,6
"7720","PE",2,"Nordeste",26017,"Recife",3524437,23189.2724620443,24,828,182,646,309,519,2,0,0,0,0,830,182,646,309,519,567,10.05144505684,15.0752312651604,0.419148587636177,2020-06-15,2020,6
"7721","PE",2,"Nordeste",26017,"Recife",3524437,23189.2724620443,25,793,178,615,326,467,6,0,0,0,0,799,178,615,326,467,536,10.05144505684,15.0752312651604,0.432453743693951,2020-06-22,2020,6
"7722","PE",2,"Nordeste",26017,"Recife",3524437,23189.2724620443,26,745,191,554,276,469,8,0,0,0,0,753,191,554,276,469,525,10.05144505684,15.0752312651604,0.422868046959112,2020-06-29,2020,6
"7723","PE",2,"Nordeste",26017,"Recife",3524437,23189.2724620443,27,727,160,567,280,447,9,0,0,0,0,736,160,567,280,447,517,10.05144505684,15.0752312651604,0.414404854318743,2020-07-06,2020,7
"7724","PE",2,"Nordeste",26017,"Recife",3524437,23189.2724620443,28,771,180,591,290,481,11,0,0,0,0,782,180,591,290,481,507,10.05144505684,15.0752312651604,0.421484726401231,2020-07-13,2020,7
"7725","PE",2,"Nordeste",26017,"Recife",3524437,23189.2724620443,29,853,194,659,315,538,7,0,0,0,0,860,194,659,315,538,549,10.05144505684,15.0752312651604,0.414145496382305,2020-07-20,2020,7
"7726","PE",2,"Nordeste",26018,"Suape",306613,71336.555113971,5,82,25,57,43,39,1,0,0,0,0,83,25,57,43,39,39,11.1751641694651,12.6333416450428,0.278802522418889,2020-02-03,2020,2
"7727","PE",2,"Nordeste",26018,"Suape",306613,71336.555113971,6,69,13,56,30,39,0,0,0,0,0,69,13,56,30,39,41,11.1751641694651,12.6333416450428,0.276109011701242,2020-02-10,2020,2
"7728","PE",2,"Nordeste",26018,"Suape",306613,71336.555113971,7,79,27,52,32,47,0,0,0,0,0,79,27,52,32,47,23,11.1751641694651,12.6333416450428,0.298400289836199,2020-02-17,2020,2
"7729","PE",2,"Nordeste",26018,"Suape",306613,71336.555113971,8,96,27,69,57,39,0,0,0,0,0,96,27,69,57,39,36,11.1751641694651,12.6333416450428,0.346284913764903,2020-02-24,2020,2
"7730","PE",2,"Nordeste",26018,"Suape",306613,71336.555113971,9,89,27,62,47,42,1,0,0,0,0,90,27,62,47,42,35,11.1751641694651,12.6333416450428,0.320369658241852,2020-03-02,2020,3
"7731","PE",2,"Nordeste",26018,"Suape",306613,71336.555113971,10,73,22,51,30,43,2,0,0,0,0,75,22,51,30,43,36,11.1751641694651,12.6333416450428,0.330226811697177,2020-03-09,2020,3
"7732","PE",2,"Nordeste",26018,"Suape",306613,71336.555113971,11,65,15,50,32,33,1,0,0,0,0,66,15,50,32,33,40,11.1751641694651,12.6333416450428,0.4080676292208,2020-03-16,2020,3
"7733","PE",2,"Nordeste",26018,"Suape",306613,71336.555113971,12,81,26,55,37,44,2,0,0,0,0,83,26,55,37,44,40,11.1751641694651,12.6333416450428,0.515740336921976,2020-03-23,2020,3
"7734","PE",2,"Nordeste",26018,"Suape",306613,71336.555113971,13,69,16,53,38,31,0,0,0,0,0,69,16,53,38,31,47,11.1751641694651,12.6333416450428,0.484537764828438,2020-03-30,2020,3
"7735","PE",2,"Nordeste",26018,"Suape",306613,71336.555113971,14,81,17,64,38,43,1,0,0,0,0,82,17,64,38,43,52,11.1751641694651,12.6333416450428,0.473583595283099,2020-04-06,2020,4
"7736","PE",2,"Nordeste",26018,"Suape",306613,71336.555113971,15,98,35,63,39,59,0,0,0,0,0,98,35,63,39,59,38,11.1751641694651,12.6333416450428,0.472894476437196,2020-04-13,2020,4
"7737","PE",2,"Nordeste",26018,"Suape",306613,71336.555113971,16,81,26,55,47,34,1,0,0,0,0,82,26,55,47,34,57,11.1751641694651,12.6333416450428,0.480185990461461,2020-04-20,2020,4
"7738","PE",2,"Nordeste",26018,"Suape",306613,71336.555113971,17,74,24,50,39,35,0,0,0,0,0,74,24,50,39,35,66,11.1751641694651,12.6333416450428,0.462165289740889,2020-04-27,2020,4
"7739","PE",2,"Nordeste",26018,"Suape",306613,71336.555113971,18,99,33,66,51,48,2,0,0,0,0,101,33,66,51,48,91,11.1751641694651,12.6333416450428,0.450239611086239,2020-05-04,2020,5
"7740","PE",2,"Nordeste",26018,"Suape",306613,71336.555113971,19,77,33,44,41,36,1,0,0,0,0,78,33,44,41,36,106,11.1751641694651,12.6333416450428,0.486759979505997,2020-05-11,2020,5
"7741","PE",2,"Nordeste",26018,"Suape",306613,71336.555113971,20,102,32,70,48,54,0,0,0,0,0,102,32,70,48,54,102,11.1751641694651,12.6333416450428,0.475263578773193,2020-05-18,2020,5
"7742","PE",2,"Nordeste",26018,"Suape",306613,71336.555113971,21,84,29,55,47,37,0,0,0,0,0,84,29,55,47,37,77,11.1751641694651,12.6333416450428,0.450678328955131,2020-05-25,2020,5
"7743","PE",2,"Nordeste",26018,"Suape",306613,71336.555113971,22,83,16,67,37,46,0,0,0,0,0,83,16,67,37,46,62,11.1751641694651,12.6333416450428,0.423294776892591,2020-06-01,2020,6
"7744","PE",2,"Nordeste",26018,"Suape",306613,71336.555113971,23,106,33,73,49,57,0,0,0,0,0,106,33,73,49,57,49,11.1751641694651,12.6333416450428,0.414482976069944,2020-06-08,2020,6
"7745","PE",2,"Nordeste",26018,"Suape",306613,71336.555113971,24,101,31,70,51,50,2,0,0,0,0,103,31,70,51,50,47,11.1751641694651,12.6333416450428,0.400755382645948,2020-06-15,2020,6
"7746","PE",2,"Nordeste",26018,"Suape",306613,71336.555113971,25,85,25,60,34,51,0,0,0,0,0,85,25,60,34,51,41,11.1751641694651,12.6333416450428,0.404515197912324,2020-06-22,2020,6
"7747","PE",2,"Nordeste",26018,"Suape",306613,71336.555113971,26,97,29,68,47,50,1,0,0,0,0,98,29,68,47,50,44,11.1751641694651,12.6333416450428,0.409038409232969,2020-06-29,2020,6
"7748","PE",2,"Nordeste",26018,"Suape",306613,71336.555113971,27,94,28,66,45,49,1,0,0,0,0,95,28,66,45,49,40,11.1751641694651,12.6333416450428,0.405626160511062,2020-07-06,2020,7
"7749","PE",2,"Nordeste",26018,"Suape",306613,71336.555113971,28,91,21,70,37,54,1,0,0,0,0,92,21,70,37,54,35,11.1751641694651,12.6333416450428,0.40544682779585,2020-07-13,2020,7
"7750","PE",2,"Nordeste",26018,"Suape",306613,71336.555113971,29,107,26,81,57,50,0,0,0,0,0,107,26,81,57,50,40,11.1751641694651,12.6333416450428,0.40330249487017,2020-07-20,2020,7
"7751","PI",2,"Nordeste",22001,"Baixo Parnaíba Piauiense",345487,8364.21832746239,5,92,36,56,44,48,3,0,0,0,0,95,36,56,44,48,33,9.03171816344342,12.7527102948539,0.26939127115058,2020-02-03,2020,2
"7752","PI",2,"Nordeste",22001,"Baixo Parnaíba Piauiense",345487,8364.21832746239,6,93,36,57,45,48,1,0,0,0,0,94,36,57,45,48,46,9.03171816344342,12.7527102948539,0.262042457054976,2020-02-10,2020,2
"7753","PI",2,"Nordeste",22001,"Baixo Parnaíba Piauiense",345487,8364.21832746239,7,83,34,49,42,41,1,0,0,0,0,84,34,49,42,41,39,9.03171816344342,12.7527102948539,0.274421255140983,2020-02-17,2020,2
"7754","PI",2,"Nordeste",22001,"Baixo Parnaíba Piauiense",345487,8364.21832746239,8,78,36,42,36,42,0,0,0,0,0,78,36,42,36,42,35,9.03171816344342,12.7527102948539,0.311906247928515,2020-02-24,2020,2
"7755","PI",2,"Nordeste",22001,"Baixo Parnaíba Piauiense",345487,8364.21832746239,9,77,38,39,29,48,4,0,0,0,0,81,38,39,29,48,35,9.03171816344342,12.7527102948539,0.291933821518183,2020-03-02,2020,3
"7756","PI",2,"Nordeste",22001,"Baixo Parnaíba Piauiense",345487,8364.21832746239,10,72,27,45,31,41,3,0,0,0,0,75,27,45,31,41,37,9.03171816344342,12.7527102948539,0.318375815316434,2020-03-09,2020,3
"7757","PI",2,"Nordeste",22001,"Baixo Parnaíba Piauiense",345487,8364.21832746239,11,89,37,52,43,46,2,0,0,0,0,91,37,52,43,46,43,9.03171816344342,12.7527102948539,0.378299594608567,2020-03-16,2020,3
"7758","PI",2,"Nordeste",22001,"Baixo Parnaíba Piauiense",345487,8364.21832746239,12,77,27,50,37,40,0,0,0,0,0,77,27,50,37,40,42,9.03171816344342,12.7527102948539,0.489598348465128,2020-03-23,2020,3
"7759","PI",2,"Nordeste",22001,"Baixo Parnaíba Piauiense",345487,8364.21832746239,13,77,34,43,35,42,1,0,0,0,0,78,34,43,35,42,51,9.03171816344342,12.7527102948539,0.442264680456525,2020-03-30,2020,3
"7760","PI",2,"Nordeste",22001,"Baixo Parnaíba Piauiense",345487,8364.21832746239,14,80,31,49,38,42,2,0,0,0,0,82,31,49,38,42,43,9.03171816344342,12.7527102948539,0.424090193753432,2020-04-06,2020,4
"7761","PI",2,"Nordeste",22001,"Baixo Parnaíba Piauiense",345487,8364.21832746239,15,70,30,40,35,35,0,0,0,0,0,70,30,40,35,35,36,9.03171816344342,12.7527102948539,0.402382562638356,2020-04-13,2020,4
"7762","PI",2,"Nordeste",22001,"Baixo Parnaíba Piauiense",345487,8364.21832746239,16,80,32,48,36,44,0,0,0,0,0,80,32,48,36,44,41,9.03171816344342,12.7527102948539,0.406793772816788,2020-04-20,2020,4
"7763","PI",2,"Nordeste",22001,"Baixo Parnaíba Piauiense",345487,8364.21832746239,17,69,28,41,25,44,0,0,0,0,0,69,28,41,25,44,32,9.03171816344342,12.7527102948539,0.416659008473204,2020-04-27,2020,4
"7764","PI",2,"Nordeste",22001,"Baixo Parnaíba Piauiense",345487,8364.21832746239,18,91,38,53,49,42,1,0,0,0,0,92,38,53,49,42,35,9.03171816344342,12.7527102948539,0.43145251290519,2020-05-04,2020,5
"7765","PI",2,"Nordeste",22001,"Baixo Parnaíba Piauiense",345487,8364.21832746239,19,83,27,56,43,40,1,0,0,0,0,84,27,56,43,40,42,9.03171816344342,12.7527102948539,0.471614116792682,2020-05-11,2020,5
"7766","PI",2,"Nordeste",22001,"Baixo Parnaíba Piauiense",345487,8364.21832746239,20,77,30,47,34,43,2,0,0,0,0,79,30,47,34,43,48,9.03171816344342,12.7527102948539,0.449840221666854,2020-05-18,2020,5
"7767","PI",2,"Nordeste",22001,"Baixo Parnaíba Piauiense",345487,8364.21832746239,21,76,29,47,41,35,1,0,0,0,0,77,29,47,41,35,51,9.03171816344342,12.7527102948539,0.442017703547361,2020-05-25,2020,5
"7768","PI",2,"Nordeste",22001,"Baixo Parnaíba Piauiense",345487,8364.21832746239,22,92,52,40,41,51,3,0,0,0,0,95,52,40,41,51,55,9.03171816344342,12.7527102948539,0.420868769324986,2020-06-01,2020,6
"7769","PI",2,"Nordeste",22001,"Baixo Parnaíba Piauiense",345487,8364.21832746239,23,88,41,47,39,49,1,0,0,0,0,89,41,47,39,49,61,9.03171816344342,12.7527102948539,0.415870349548861,2020-06-08,2020,6
"7770","PI",2,"Nordeste",22001,"Baixo Parnaíba Piauiense",345487,8364.21832746239,24,82,33,49,38,44,2,0,0,0,0,84,33,49,38,44,69,9.03171816344342,12.7527102948539,0.419078273360939,2020-06-15,2020,6
"7771","PI",2,"Nordeste",22001,"Baixo Parnaíba Piauiense",345487,8364.21832746239,25,84,36,48,34,50,1,0,0,0,0,85,36,48,34,50,51,9.03171816344342,12.7527102948539,0.422873168177887,2020-06-22,2020,6
"7772","PI",2,"Nordeste",22001,"Baixo Parnaíba Piauiense",345487,8364.21832746239,26,99,41,58,46,53,1,0,0,0,0,100,41,58,46,53,60,9.03171816344342,12.7527102948539,0.449442525993671,2020-06-29,2020,6
"7773","PI",2,"Nordeste",22001,"Baixo Parnaíba Piauiense",345487,8364.21832746239,27,98,40,58,50,48,3,0,0,0,0,101,40,58,50,48,57,9.03171816344342,12.7527102948539,0.460433269237559,2020-07-06,2020,7
"7774","PI",2,"Nordeste",22001,"Baixo Parnaíba Piauiense",345487,8364.21832746239,28,80,29,51,41,39,1,0,0,0,0,81,29,51,41,39,72,9.03171816344342,12.7527102948539,0.445760300417598,2020-07-13,2020,7
"7775","PI",2,"Nordeste",22001,"Baixo Parnaíba Piauiense",345487,8364.21832746239,29,93,41,52,39,54,2,0,0,0,0,95,41,52,39,54,61,9.03171816344342,12.7527102948539,0.451674290475922,2020-07-20,2020,7
"7776","PI",2,"Nordeste",22002,"Litoral Piauiense",321364,11949.3382907544,5,92,34,58,44,48,0,0,0,0,0,92,34,58,44,48,31,9.38843118266788,12.6803297160555,0.279954960580124,2020-02-03,2020,2
"7777","PI",2,"Nordeste",22002,"Litoral Piauiense",321364,11949.3382907544,6,94,43,51,43,51,2,0,0,0,0,96,43,51,43,51,41,9.38843118266788,12.6803297160555,0.278461000468962,2020-02-10,2020,2
"7778","PI",2,"Nordeste",22002,"Litoral Piauiense",321364,11949.3382907544,7,97,30,67,41,56,1,0,0,0,0,98,30,67,41,56,53,9.38843118266788,12.6803297160555,0.293355969499518,2020-02-17,2020,2
"7779","PI",2,"Nordeste",22002,"Litoral Piauiense",321364,11949.3382907544,8,95,49,46,51,44,1,0,0,0,0,96,49,46,51,44,37,9.38843118266788,12.6803297160555,0.331337395530376,2020-02-24,2020,2
"7780","PI",2,"Nordeste",22002,"Litoral Piauiense",321364,11949.3382907544,9,81,34,47,31,50,0,0,0,0,0,81,34,47,31,50,36,9.38843118266788,12.6803297160555,0.30302520129428,2020-03-02,2020,3
"7781","PI",2,"Nordeste",22002,"Litoral Piauiense",321364,11949.3382907544,10,74,30,44,30,44,0,0,0,0,0,74,30,44,30,44,44,9.38843118266788,12.6803297160555,0.33704432083846,2020-03-09,2020,3
"7782","PI",2,"Nordeste",22002,"Litoral Piauiense",321364,11949.3382907544,11,91,38,53,46,45,1,0,0,0,0,92,38,53,46,45,38,9.38843118266788,12.6803297160555,0.42402874251508,2020-03-16,2020,3
"7783","PI",2,"Nordeste",22002,"Litoral Piauiense",321364,11949.3382907544,12,79,32,47,29,50,2,0,0,0,0,81,32,47,29,50,40,9.38843118266788,12.6803297160555,0.530254083179443,2020-03-23,2020,3
"7784","PI",2,"Nordeste",22002,"Litoral Piauiense",321364,11949.3382907544,13,62,21,41,27,35,1,0,0,0,0,63,21,41,27,35,48,9.38843118266788,12.6803297160555,0.492742968472083,2020-03-30,2020,3
"7785","PI",2,"Nordeste",22002,"Litoral Piauiense",321364,11949.3382907544,14,93,34,59,38,55,0,0,0,0,0,93,34,59,38,55,47,9.38843118266788,12.6803297160555,0.479044570518272,2020-04-06,2020,4
"7786","PI",2,"Nordeste",22002,"Litoral Piauiense",321364,11949.3382907544,15,86,38,48,37,49,1,0,0,0,0,87,38,48,37,49,42,9.38843118266788,12.6803297160555,0.450716953632248,2020-04-13,2020,4
"7787","PI",2,"Nordeste",22002,"Litoral Piauiense",321364,11949.3382907544,16,73,31,42,34,39,0,0,0,0,0,73,31,42,34,39,36,9.38843118266788,12.6803297160555,0.460475973714963,2020-04-20,2020,4
"7788","PI",2,"Nordeste",22002,"Litoral Piauiense",321364,11949.3382907544,17,72,31,41,33,39,3,0,0,0,0,75,31,41,33,39,39,9.38843118266788,12.6803297160555,0.437922335766508,2020-04-27,2020,4
"7789","PI",2,"Nordeste",22002,"Litoral Piauiense",321364,11949.3382907544,18,85,35,50,43,42,0,0,0,0,0,85,35,50,43,42,37,9.38843118266788,12.6803297160555,0.439993789765139,2020-05-04,2020,5
"7790","PI",2,"Nordeste",22002,"Litoral Piauiense",321364,11949.3382907544,19,72,26,46,33,39,0,0,0,0,0,72,26,46,33,39,43,9.38843118266788,12.6803297160555,0.472730195166949,2020-05-11,2020,5
"7791","PI",2,"Nordeste",22002,"Litoral Piauiense",321364,11949.3382907544,20,88,38,50,47,41,2,0,0,0,0,90,38,50,47,41,41,9.38843118266788,12.6803297160555,0.451314163131923,2020-05-18,2020,5
"7792","PI",2,"Nordeste",22002,"Litoral Piauiense",321364,11949.3382907544,21,81,32,49,37,44,0,0,0,0,0,81,32,49,37,44,50,9.38843118266788,12.6803297160555,0.448701703898032,2020-05-25,2020,5
"7793","PI",2,"Nordeste",22002,"Litoral Piauiense",321364,11949.3382907544,22,82,38,44,42,40,0,0,0,0,0,82,38,44,42,40,90,9.38843118266788,12.6803297160555,0.435043968408331,2020-06-01,2020,6
"7794","PI",2,"Nordeste",22002,"Litoral Piauiense",321364,11949.3382907544,23,95,38,57,46,49,2,0,0,0,0,97,38,57,46,49,84,9.38843118266788,12.6803297160555,0.427820883892216,2020-06-08,2020,6
"7795","PI",2,"Nordeste",22002,"Litoral Piauiense",321364,11949.3382907544,24,78,28,50,39,39,1,0,0,0,0,79,28,50,39,39,66,9.38843118266788,12.6803297160555,0.420422191659781,2020-06-15,2020,6
"7796","PI",2,"Nordeste",22002,"Litoral Piauiense",321364,11949.3382907544,25,74,32,42,28,46,0,0,0,0,0,74,32,42,28,46,72,9.38843118266788,12.6803297160555,0.425033984084096,2020-06-22,2020,6
"7797","PI",2,"Nordeste",22002,"Litoral Piauiense",321364,11949.3382907544,26,96,41,55,47,49,0,0,0,0,0,96,41,55,47,49,89,9.38843118266788,12.6803297160555,0.449300381494403,2020-06-29,2020,6
"7798","PI",2,"Nordeste",22002,"Litoral Piauiense",321364,11949.3382907544,27,84,20,64,36,48,1,0,0,0,0,85,20,64,36,48,70,9.38843118266788,12.6803297160555,0.456228019155282,2020-07-06,2020,7
"7799","PI",2,"Nordeste",22002,"Litoral Piauiense",321364,11949.3382907544,28,84,28,56,42,42,2,0,0,0,0,86,28,56,42,42,60,9.38843118266788,12.6803297160555,0.450943018888242,2020-07-13,2020,7
"7800","PI",2,"Nordeste",22002,"Litoral Piauiense",321364,11949.3382907544,29,97,42,55,49,48,0,0,0,0,0,97,42,55,49,48,53,9.38843118266788,12.6803297160555,0.446636424251568,2020-07-20,2020,7
"7801","PI",2,"Nordeste",22003,"Teresina",1062514,21563.1743407616,5,277,53,224,100,177,1,0,0,0,0,278,53,224,100,177,110,9.97874224705915,13.8761483561645,0.264196463973587,2020-02-03,2020,2
"7802","PI",2,"Nordeste",22003,"Teresina",1062514,21563.1743407616,6,276,46,230,104,172,1,0,0,0,0,277,46,230,104,172,136,9.97874224705915,13.8761483561645,0.258686988059077,2020-02-10,2020,2
"7803","PI",2,"Nordeste",22003,"Teresina",1062514,21563.1743407616,7,266,47,219,90,176,2,0,0,0,0,268,47,219,90,176,143,9.97874224705915,13.8761483561645,0.278297019140704,2020-02-17,2020,2
"7804","PI",2,"Nordeste",22003,"Teresina",1062514,21563.1743407616,8,243,61,182,91,152,6,0,0,0,0,249,61,182,91,152,123,9.97874224705915,13.8761483561645,0.335897634127204,2020-02-24,2020,2
"7805","PI",2,"Nordeste",22003,"Teresina",1062514,21563.1743407616,9,231,46,185,83,148,2,0,0,0,0,233,46,185,83,148,115,9.97874224705915,13.8761483561645,0.295115924577268,2020-03-02,2020,3
"7806","PI",2,"Nordeste",22003,"Teresina",1062514,21563.1743407616,10,225,40,185,74,151,2,0,0,0,0,227,40,185,74,151,134,9.97874224705915,13.8761483561645,0.316994883088974,2020-03-09,2020,3
"7807","PI",2,"Nordeste",22003,"Teresina",1062514,21563.1743407616,11,259,60,199,97,162,4,0,0,0,0,263,60,199,97,162,145,9.97874224705915,13.8761483561645,0.4119900868674,2020-03-16,2020,3
"7808","PI",2,"Nordeste",22003,"Teresina",1062514,21563.1743407616,12,222,46,176,85,137,1,0,0,0,0,223,46,176,85,137,141,9.97874224705915,13.8761483561645,0.561399719839884,2020-03-23,2020,3
"7809","PI",2,"Nordeste",22003,"Teresina",1062514,21563.1743407616,13,216,43,173,80,136,2,0,0,0,0,218,43,173,80,136,123,9.97874224705915,13.8761483561645,0.50698511027403,2020-03-30,2020,3
"7810","PI",2,"Nordeste",22003,"Teresina",1062514,21563.1743407616,14,213,40,173,81,132,3,0,0,0,0,216,40,173,81,132,142,9.97874224705915,13.8761483561645,0.500697638346759,2020-04-06,2020,4
"7811","PI",2,"Nordeste",22003,"Teresina",1062514,21563.1743407616,15,239,56,183,85,154,5,0,0,0,0,244,56,183,85,154,120,9.97874224705915,13.8761483561645,0.474364300813643,2020-04-13,2020,4
"7812","PI",2,"Nordeste",22003,"Teresina",1062514,21563.1743407616,16,204,42,162,83,121,2,0,0,0,0,206,42,162,83,121,107,9.97874224705915,13.8761483561645,0.469863250719444,2020-04-20,2020,4
"7813","PI",2,"Nordeste",22003,"Teresina",1062514,21563.1743407616,17,207,52,155,72,135,2,0,0,0,0,209,52,155,72,135,124,9.97874224705915,13.8761483561645,0.457727527164443,2020-04-27,2020,4
"7814","PI",2,"Nordeste",22003,"Teresina",1062514,21563.1743407616,18,215,52,163,92,123,1,0,0,0,0,216,52,163,92,123,115,9.97874224705915,13.8761483561645,0.447583334251635,2020-05-04,2020,5
"7815","PI",2,"Nordeste",22003,"Teresina",1062514,21563.1743407616,19,251,58,193,90,161,3,0,0,0,0,254,58,193,90,161,152,9.97874224705915,13.8761483561645,0.488883339507027,2020-05-11,2020,5
"7816","PI",2,"Nordeste",22003,"Teresina",1062514,21563.1743407616,20,252,49,203,94,158,1,0,0,0,0,253,49,203,94,158,130,9.97874224705915,13.8761483561645,0.466827447364762,2020-05-18,2020,5
"7817","PI",2,"Nordeste",22003,"Teresina",1062514,21563.1743407616,21,258,49,209,89,169,1,0,0,0,0,259,49,209,89,169,162,9.97874224705915,13.8761483561645,0.453878821242849,2020-05-25,2020,5
"7818","PI",2,"Nordeste",22003,"Teresina",1062514,21563.1743407616,22,258,67,191,103,155,2,0,0,0,0,260,67,191,103,155,208,9.97874224705915,13.8761483561645,0.429430156211833,2020-06-01,2020,6
"7819","PI",2,"Nordeste",22003,"Teresina",1062514,21563.1743407616,23,247,65,182,81,166,1,0,0,0,0,248,65,182,81,166,195,9.97874224705915,13.8761483561645,0.424201421526432,2020-06-08,2020,6
"7820","PI",2,"Nordeste",22003,"Teresina",1062514,21563.1743407616,24,257,60,197,92,165,2,0,0,0,0,259,60,197,92,165,209,9.97874224705915,13.8761483561645,0.421018405960186,2020-06-15,2020,6
"7821","PI",2,"Nordeste",22003,"Teresina",1062514,21563.1743407616,25,223,55,168,87,136,2,0,0,0,0,225,55,168,87,136,224,9.97874224705915,13.8761483561645,0.44161580260692,2020-06-22,2020,6
"7822","PI",2,"Nordeste",22003,"Teresina",1062514,21563.1743407616,26,239,48,191,85,154,1,0,0,0,0,240,48,191,85,154,203,9.97874224705915,13.8761483561645,0.457824714175741,2020-06-29,2020,6
"7823","PI",2,"Nordeste",22003,"Teresina",1062514,21563.1743407616,27,260,51,209,98,162,3,0,0,0,0,263,51,209,98,162,222,9.97874224705915,13.8761483561645,0.453387113111255,2020-07-06,2020,7
"7824","PI",2,"Nordeste",22003,"Teresina",1062514,21563.1743407616,28,287,62,225,96,191,1,0,0,0,0,288,62,225,96,191,224,9.97874224705915,13.8761483561645,0.446318799723741,2020-07-13,2020,7
"7825","PI",2,"Nordeste",22003,"Teresina",1062514,21563.1743407616,29,281,62,219,106,175,4,0,0,0,0,285,62,219,106,175,193,9.97874224705915,13.8761483561645,0.450495803654711,2020-07-20,2020,7
"7826","PI",2,"Nordeste",22004,"Campo Maior",228434,8881.30387888843,5,38,16,22,17,21,0,0,0,0,0,38,16,22,17,21,30,9.09170365841543,12.3390026073314,0.256885696476099,2020-02-03,2020,2
"7827","PI",2,"Nordeste",22004,"Campo Maior",228434,8881.30387888843,6,54,23,31,25,29,0,0,0,0,0,54,23,31,25,29,25,9.09170365841543,12.3390026073314,0.252829191974958,2020-02-10,2020,2
"7828","PI",2,"Nordeste",22004,"Campo Maior",228434,8881.30387888843,7,36,12,24,20,16,0,0,0,0,0,36,12,24,20,16,25,9.09170365841543,12.3390026073314,0.261969687251623,2020-02-17,2020,2
"7829","PI",2,"Nordeste",22004,"Campo Maior",228434,8881.30387888843,8,48,25,23,22,26,1,0,0,0,0,49,25,23,22,26,48,9.09170365841543,12.3390026073314,0.307861890192691,2020-02-24,2020,2
"7830","PI",2,"Nordeste",22004,"Campo Maior",228434,8881.30387888843,9,37,20,17,21,16,0,0,0,0,0,37,20,17,21,16,32,9.09170365841543,12.3390026073314,0.285731930917264,2020-03-02,2020,3
"7831","PI",2,"Nordeste",22004,"Campo Maior",228434,8881.30387888843,10,44,19,25,18,26,0,0,0,0,0,44,19,25,18,26,39,9.09170365841543,12.3390026073314,0.308769919488164,2020-03-09,2020,3
"7832","PI",2,"Nordeste",22004,"Campo Maior",228434,8881.30387888843,11,42,13,29,15,27,0,0,0,0,0,42,13,29,15,27,44,9.09170365841543,12.3390026073314,0.380976754533993,2020-03-16,2020,3
"7833","PI",2,"Nordeste",22004,"Campo Maior",228434,8881.30387888843,12,37,9,28,19,18,0,0,0,0,0,37,9,28,19,18,36,9.09170365841543,12.3390026073314,0.497542126581875,2020-03-23,2020,3
"7834","PI",2,"Nordeste",22004,"Campo Maior",228434,8881.30387888843,13,32,14,18,16,16,1,0,0,0,0,33,14,18,16,16,29,9.09170365841543,12.3390026073314,0.44305342095658,2020-03-30,2020,3
"7835","PI",2,"Nordeste",22004,"Campo Maior",228434,8881.30387888843,14,51,22,29,16,35,1,0,0,0,0,52,22,29,16,35,25,9.09170365841543,12.3390026073314,0.425024636696744,2020-04-06,2020,4
"7836","PI",2,"Nordeste",22004,"Campo Maior",228434,8881.30387888843,15,43,17,26,21,22,0,0,0,0,0,43,17,26,21,22,36,9.09170365841543,12.3390026073314,0.392867171318196,2020-04-13,2020,4
"7837","PI",2,"Nordeste",22004,"Campo Maior",228434,8881.30387888843,16,34,13,21,20,14,0,0,0,0,0,34,13,21,20,14,31,9.09170365841543,12.3390026073314,0.404017237640543,2020-04-20,2020,4
"7838","PI",2,"Nordeste",22004,"Campo Maior",228434,8881.30387888843,17,42,21,21,20,22,0,0,0,0,0,42,21,21,20,22,30,9.09170365841543,12.3390026073314,0.407553264868292,2020-04-27,2020,4
"7839","PI",2,"Nordeste",22004,"Campo Maior",228434,8881.30387888843,18,57,20,37,25,32,0,0,0,0,0,57,20,37,25,32,30,9.09170365841543,12.3390026073314,0.407167885721112,2020-05-04,2020,5
"7840","PI",2,"Nordeste",22004,"Campo Maior",228434,8881.30387888843,19,45,13,32,17,28,0,0,0,0,0,45,13,32,17,28,27,9.09170365841543,12.3390026073314,0.44807596143805,2020-05-11,2020,5
"7841","PI",2,"Nordeste",22004,"Campo Maior",228434,8881.30387888843,20,44,18,26,19,25,0,0,0,0,0,44,18,26,19,25,37,9.09170365841543,12.3390026073314,0.423430459648683,2020-05-18,2020,5
"7842","PI",2,"Nordeste",22004,"Campo Maior",228434,8881.30387888843,21,47,15,32,19,28,1,0,0,0,0,48,15,32,19,28,30,9.09170365841543,12.3390026073314,0.414074303517138,2020-05-25,2020,5
"7843","PI",2,"Nordeste",22004,"Campo Maior",228434,8881.30387888843,22,49,24,25,20,29,0,0,0,0,0,49,24,25,20,29,33,9.09170365841543,12.3390026073314,0.398205946946645,2020-06-01,2020,6
"7844","PI",2,"Nordeste",22004,"Campo Maior",228434,8881.30387888843,23,45,18,27,19,26,1,0,0,0,0,46,18,27,19,26,32,9.09170365841543,12.3390026073314,0.383855895964972,2020-06-08,2020,6
"7845","PI",2,"Nordeste",22004,"Campo Maior",228434,8881.30387888843,24,66,22,44,35,31,0,0,0,0,0,66,22,44,35,31,36,9.09170365841543,12.3390026073314,0.381727957982127,2020-06-15,2020,6
"7846","PI",2,"Nordeste",22004,"Campo Maior",228434,8881.30387888843,25,43,15,28,16,27,0,0,0,0,0,43,15,28,16,27,29,9.09170365841543,12.3390026073314,0.382253167824533,2020-06-22,2020,6
"7847","PI",2,"Nordeste",22004,"Campo Maior",228434,8881.30387888843,26,55,20,35,26,29,0,0,0,0,0,55,20,35,26,29,34,9.09170365841543,12.3390026073314,0.409765922089721,2020-06-29,2020,6
"7848","PI",2,"Nordeste",22004,"Campo Maior",228434,8881.30387888843,27,54,26,28,19,35,0,0,0,0,0,54,26,28,19,35,33,9.09170365841543,12.3390026073314,0.420087642823875,2020-07-06,2020,7
"7849","PI",2,"Nordeste",22004,"Campo Maior",228434,8881.30387888843,28,59,25,34,27,32,2,0,0,0,0,61,25,34,27,32,39,9.09170365841543,12.3390026073314,0.422376036065,2020-07-13,2020,7
"7850","PI",2,"Nordeste",22004,"Campo Maior",228434,8881.30387888843,29,47,14,33,22,25,1,0,0,0,0,48,14,33,22,25,42,9.09170365841543,12.3390026073314,0.423382824917673,2020-07-20,2020,7
"7851","PI",2,"Nordeste",22005,"Médio Parnaíba Piauiense",135185,8756.35135887857,5,22,5,17,9,13,1,0,0,0,0,23,5,17,9,13,19,9.07753458562187,11.8143994896904,0.258123727053507,2020-02-03,2020,2
"7852","PI",2,"Nordeste",22005,"Médio Parnaíba Piauiense",135185,8756.35135887857,6,25,11,14,14,11,1,0,0,0,0,26,11,14,14,11,10,9.07753458562187,11.8143994896904,0.242847426320815,2020-02-10,2020,2
"7853","PI",2,"Nordeste",22005,"Médio Parnaíba Piauiense",135185,8756.35135887857,7,29,14,15,8,21,0,0,0,0,0,29,14,15,8,21,17,9.07753458562187,11.8143994896904,0.256983203231609,2020-02-17,2020,2
"7854","PI",2,"Nordeste",22005,"Médio Parnaíba Piauiense",135185,8756.35135887857,8,24,8,16,13,11,0,0,0,0,0,24,8,16,13,11,19,9.07753458562187,11.8143994896904,0.292273509004473,2020-02-24,2020,2
"7855","PI",2,"Nordeste",22005,"Médio Parnaíba Piauiense",135185,8756.35135887857,9,31,10,21,15,16,0,0,0,0,0,31,10,21,15,16,23,9.07753458562187,11.8143994896904,0.277002086822437,2020-03-02,2020,3
"7856","PI",2,"Nordeste",22005,"Médio Parnaíba Piauiense",135185,8756.35135887857,10,12,4,8,5,7,2,0,0,0,0,14,4,8,5,7,18,9.07753458562187,11.8143994896904,0.307459406213397,2020-03-09,2020,3
"7857","PI",2,"Nordeste",22005,"Médio Parnaíba Piauiense",135185,8756.35135887857,11,27,7,20,12,15,0,0,0,0,0,27,7,20,12,15,15,9.07753458562187,11.8143994896904,0.36693446110271,2020-03-16,2020,3
"7858","PI",2,"Nordeste",22005,"Médio Parnaíba Piauiense",135185,8756.35135887857,12,18,5,13,9,9,1,0,0,0,0,19,5,13,9,9,19,9.07753458562187,11.8143994896904,0.475861404771261,2020-03-23,2020,3
"7859","PI",2,"Nordeste",22005,"Médio Parnaíba Piauiense",135185,8756.35135887857,13,22,7,15,10,12,0,0,0,0,0,22,7,15,10,12,22,9.07753458562187,11.8143994896904,0.420849650046669,2020-03-30,2020,3
"7860","PI",2,"Nordeste",22005,"Médio Parnaíba Piauiense",135185,8756.35135887857,14,20,11,9,11,9,0,0,0,0,0,20,11,9,11,9,24,9.07753458562187,11.8143994896904,0.410929722518901,2020-04-06,2020,4
"7861","PI",2,"Nordeste",22005,"Médio Parnaíba Piauiense",135185,8756.35135887857,15,29,10,19,11,18,0,0,0,0,0,29,10,19,11,18,12,9.07753458562187,11.8143994896904,0.380130656041619,2020-04-13,2020,4
"7862","PI",2,"Nordeste",22005,"Médio Parnaíba Piauiense",135185,8756.35135887857,16,30,12,18,11,19,0,0,0,0,0,30,12,18,11,19,10,9.07753458562187,11.8143994896904,0.394608851383615,2020-04-20,2020,4
"7863","PI",2,"Nordeste",22005,"Médio Parnaíba Piauiense",135185,8756.35135887857,17,29,10,19,11,18,0,0,0,0,0,29,10,19,11,18,18,9.07753458562187,11.8143994896904,0.40003995280626,2020-04-27,2020,4
"7864","PI",2,"Nordeste",22005,"Médio Parnaíba Piauiense",135185,8756.35135887857,18,39,14,25,17,22,0,0,0,0,0,39,14,25,17,22,13,9.07753458562187,11.8143994896904,0.413201529050833,2020-05-04,2020,5
"7865","PI",2,"Nordeste",22005,"Médio Parnaíba Piauiense",135185,8756.35135887857,19,35,14,21,12,23,0,0,0,0,0,35,14,21,12,23,22,9.07753458562187,11.8143994896904,0.439107510073742,2020-05-11,2020,5
"7866","PI",2,"Nordeste",22005,"Médio Parnaíba Piauiense",135185,8756.35135887857,20,37,7,30,12,25,1,0,0,0,0,38,7,30,12,25,17,9.07753458562187,11.8143994896904,0.42777484052549,2020-05-18,2020,5
"7867","PI",2,"Nordeste",22005,"Médio Parnaíba Piauiense",135185,8756.35135887857,21,27,8,19,11,16,0,0,0,0,0,27,8,19,11,16,21,9.07753458562187,11.8143994896904,0.405118128370486,2020-05-25,2020,5
"7868","PI",2,"Nordeste",22005,"Médio Parnaíba Piauiense",135185,8756.35135887857,22,32,12,20,15,17,0,0,0,0,0,32,12,20,15,17,21,9.07753458562187,11.8143994896904,0.384242501275572,2020-06-01,2020,6
"7869","PI",2,"Nordeste",22005,"Médio Parnaíba Piauiense",135185,8756.35135887857,23,35,13,22,12,23,0,0,0,0,0,35,13,22,12,23,21,9.07753458562187,11.8143994896904,0.364269690479152,2020-06-08,2020,6
"7870","PI",2,"Nordeste",22005,"Médio Parnaíba Piauiense",135185,8756.35135887857,24,27,3,24,15,12,0,0,0,0,0,27,3,24,15,12,14,9.07753458562187,11.8143994896904,0.366470348247868,2020-06-15,2020,6
"7871","PI",2,"Nordeste",22005,"Médio Parnaíba Piauiense",135185,8756.35135887857,25,29,10,19,11,18,0,0,0,0,0,29,10,19,11,18,15,9.07753458562187,11.8143994896904,0.37602739338026,2020-06-22,2020,6
"7872","PI",2,"Nordeste",22005,"Médio Parnaíba Piauiense",135185,8756.35135887857,26,24,9,15,15,9,1,0,0,0,0,25,9,15,15,9,17,9.07753458562187,11.8143994896904,0.401158807175292,2020-06-29,2020,6
"7873","PI",2,"Nordeste",22005,"Médio Parnaíba Piauiense",135185,8756.35135887857,27,24,8,16,10,14,2,0,0,0,0,26,8,16,10,14,23,9.07753458562187,11.8143994896904,0.417608989186632,2020-07-06,2020,7
"7874","PI",2,"Nordeste",22005,"Médio Parnaíba Piauiense",135185,8756.35135887857,28,33,6,27,16,17,1,0,0,0,0,34,6,27,16,17,25,9.07753458562187,11.8143994896904,0.419157481336701,2020-07-13,2020,7
"7875","PI",2,"Nordeste",22005,"Médio Parnaíba Piauiense",135185,8756.35135887857,29,28,6,22,13,15,1,0,0,0,0,29,6,22,13,15,23,9.07753458562187,11.8143994896904,0.419743901293118,2020-07-20,2020,7
"7876","PI",2,"Nordeste",22006,"Valença do Piauí",106797,8908.33514855286,5,29,8,21,7,22,0,0,0,0,0,29,8,21,7,22,16,9.09474265099157,11.5786851152261,0.244222214190107,2020-02-03,2020,2
"7877","PI",2,"Nordeste",22006,"Valença do Piauí",106797,8908.33514855286,6,18,5,13,9,9,0,0,0,0,0,18,5,13,9,9,10,9.09474265099157,11.5786851152261,0.236594441029516,2020-02-10,2020,2
"7878","PI",2,"Nordeste",22006,"Valença do Piauí",106797,8908.33514855286,7,22,6,16,10,12,0,0,0,0,0,22,6,16,10,12,11,9.09474265099157,11.5786851152261,0.247268692703705,2020-02-17,2020,2
"7879","PI",2,"Nordeste",22006,"Valença do Piauí",106797,8908.33514855286,8,12,4,8,7,5,0,0,0,0,0,12,4,8,7,5,11,9.09474265099157,11.5786851152261,0.282486127653723,2020-02-24,2020,2
"7880","PI",2,"Nordeste",22006,"Valença do Piauí",106797,8908.33514855286,9,21,7,14,10,11,0,0,0,0,0,21,7,14,10,11,18,9.09474265099157,11.5786851152261,0.261538757898851,2020-03-02,2020,3
"7881","PI",2,"Nordeste",22006,"Valença do Piauí",106797,8908.33514855286,10,18,8,10,11,7,0,0,0,0,0,18,8,10,11,7,16,9.09474265099157,11.5786851152261,0.279239734115681,2020-03-09,2020,3
"7882","PI",2,"Nordeste",22006,"Valença do Piauí",106797,8908.33514855286,11,16,4,12,7,9,1,0,0,0,0,17,4,12,7,9,17,9.09474265099157,11.5786851152261,0.357376100968846,2020-03-16,2020,3
"7883","PI",2,"Nordeste",22006,"Valença do Piauí",106797,8908.33514855286,12,18,3,15,8,10,0,0,0,0,0,18,3,15,8,10,15,9.09474265099157,11.5786851152261,0.447398973311049,2020-03-23,2020,3
"7884","PI",2,"Nordeste",22006,"Valença do Piauí",106797,8908.33514855286,13,14,2,12,6,8,2,0,0,0,0,16,2,12,6,8,20,9.09474265099157,11.5786851152261,0.403699074408263,2020-03-30,2020,3
"7885","PI",2,"Nordeste",22006,"Valença do Piauí",106797,8908.33514855286,14,19,5,14,6,13,0,0,0,0,0,19,5,14,6,13,18,9.09474265099157,11.5786851152261,0.397356182480374,2020-04-06,2020,4
"7886","PI",2,"Nordeste",22006,"Valença do Piauí",106797,8908.33514855286,15,17,4,13,6,11,1,0,0,0,0,18,4,13,6,11,11,9.09474265099157,11.5786851152261,0.402661128667207,2020-04-13,2020,4
"7887","PI",2,"Nordeste",22006,"Valença do Piauí",106797,8908.33514855286,16,20,2,18,7,13,0,0,0,0,0,20,2,18,7,13,17,9.09474265099157,11.5786851152261,0.382696741182165,2020-04-20,2020,4
"7888","PI",2,"Nordeste",22006,"Valença do Piauí",106797,8908.33514855286,17,13,3,10,6,7,0,0,0,0,0,13,3,10,6,7,18,9.09474265099157,11.5786851152261,0.384210013788839,2020-04-27,2020,4
"7889","PI",2,"Nordeste",22006,"Valença do Piauí",106797,8908.33514855286,18,24,6,18,10,14,0,0,0,0,0,24,6,18,10,14,25,9.09474265099157,11.5786851152261,0.389778049144768,2020-05-04,2020,5
"7890","PI",2,"Nordeste",22006,"Valença do Piauí",106797,8908.33514855286,19,11,2,9,10,1,0,0,0,0,0,11,2,9,10,1,14,9.09474265099157,11.5786851152261,0.437791241012764,2020-05-11,2020,5
"7891","PI",2,"Nordeste",22006,"Valença do Piauí",106797,8908.33514855286,20,16,7,9,11,5,0,0,0,0,0,16,7,9,11,5,18,9.09474265099157,11.5786851152261,0.409107731124612,2020-05-18,2020,5
"7892","PI",2,"Nordeste",22006,"Valença do Piauí",106797,8908.33514855286,21,26,9,17,14,12,0,0,0,0,0,26,9,17,14,12,21,9.09474265099157,11.5786851152261,0.391086230581886,2020-05-25,2020,5
"7893","PI",2,"Nordeste",22006,"Valença do Piauí",106797,8908.33514855286,22,32,7,25,15,17,0,0,0,0,0,32,7,25,15,17,15,9.09474265099157,11.5786851152261,0.363654181613608,2020-06-01,2020,6
"7894","PI",2,"Nordeste",22006,"Valença do Piauí",106797,8908.33514855286,23,22,4,18,12,10,1,0,0,0,0,23,4,18,12,10,12,9.09474265099157,11.5786851152261,0.364195809303652,2020-06-08,2020,6
"7895","PI",2,"Nordeste",22006,"Valença do Piauí",106797,8908.33514855286,24,17,10,7,7,10,0,0,0,0,0,17,10,7,7,10,16,9.09474265099157,11.5786851152261,0.377884827001687,2020-06-15,2020,6
"7896","PI",2,"Nordeste",22006,"Valença do Piauí",106797,8908.33514855286,25,23,7,16,13,10,1,0,0,0,0,24,7,16,13,10,21,9.09474265099157,11.5786851152261,0.391628154411373,2020-06-22,2020,6
"7897","PI",2,"Nordeste",22006,"Valença do Piauí",106797,8908.33514855286,26,15,2,13,7,8,0,0,0,0,0,15,2,13,7,8,24,9.09474265099157,11.5786851152261,0.39553176153345,2020-06-29,2020,6
"7898","PI",2,"Nordeste",22006,"Valença do Piauí",106797,8908.33514855286,27,35,10,25,20,15,0,0,0,0,0,35,10,25,20,15,11,9.09474265099157,11.5786851152261,0.400385239816288,2020-07-06,2020,7
"7899","PI",2,"Nordeste",22006,"Valença do Piauí",106797,8908.33514855286,28,15,2,13,6,9,0,0,0,0,0,15,2,13,6,9,15,9.09474265099157,11.5786851152261,0.401086895735314,2020-07-13,2020,7
"7900","PI",2,"Nordeste",22006,"Valença do Piauí",106797,8908.33514855286,29,21,7,14,9,12,0,0,0,0,0,21,7,14,9,12,11,9.09474265099157,11.5786851152261,0.391383130596388,2020-07-20,2020,7
"7901","PI",2,"Nordeste",22007,"Alto Parnaíba Piauiense",46956,72669.738710069,5,16,4,12,8,8,0,0,0,0,0,16,4,12,8,8,7,11.1936803280362,10.7569662719984,0.260660944427886,2020-02-03,2020,2
"7902","PI",2,"Nordeste",22007,"Alto Parnaíba Piauiense",46956,72669.738710069,6,18,8,10,9,9,0,0,0,0,0,18,8,10,9,9,4,11.1936803280362,10.7569662719984,0.238891906134347,2020-02-10,2020,2
"7903","PI",2,"Nordeste",22007,"Alto Parnaíba Piauiense",46956,72669.738710069,7,26,9,17,12,14,0,0,0,0,0,26,9,17,12,14,3,11.1936803280362,10.7569662719984,0.271489194687201,2020-02-17,2020,2
"7904","PI",2,"Nordeste",22007,"Alto Parnaíba Piauiense",46956,72669.738710069,8,11,3,8,9,2,0,0,0,0,0,11,3,8,9,2,3,11.1936803280362,10.7569662719984,0.277769687920544,2020-02-24,2020,2
"7905","PI",2,"Nordeste",22007,"Alto Parnaíba Piauiense",46956,72669.738710069,9,10,5,5,5,5,0,0,0,0,0,10,5,5,5,5,3,11.1936803280362,10.7569662719984,0.256524008164138,2020-03-02,2020,3
"7906","PI",2,"Nordeste",22007,"Alto Parnaíba Piauiense",46956,72669.738710069,10,12,5,7,6,6,0,0,0,0,0,12,5,7,6,6,2,11.1936803280362,10.7569662719984,0.267381186498408,2020-03-09,2020,3
"7907","PI",2,"Nordeste",22007,"Alto Parnaíba Piauiense",46956,72669.738710069,11,15,3,12,10,5,0,0,0,0,0,15,3,12,10,5,8,11.1936803280362,10.7569662719984,0.351950035138593,2020-03-16,2020,3
"7908","PI",2,"Nordeste",22007,"Alto Parnaíba Piauiense",46956,72669.738710069,12,10,4,6,4,6,0,0,0,0,0,10,4,6,4,6,7,11.1936803280362,10.7569662719984,0.420977610039431,2020-03-23,2020,3
"7909","PI",2,"Nordeste",22007,"Alto Parnaíba Piauiense",46956,72669.738710069,13,14,6,8,7,7,0,0,0,0,0,14,6,8,7,7,5,11.1936803280362,10.7569662719984,0.369340801706154,2020-03-30,2020,3
"7910","PI",2,"Nordeste",22007,"Alto Parnaíba Piauiense",46956,72669.738710069,14,17,4,13,11,6,0,0,0,0,0,17,4,13,11,6,6,11.1936803280362,10.7569662719984,0.382593004835784,2020-04-06,2020,4
"7911","PI",2,"Nordeste",22007,"Alto Parnaíba Piauiense",46956,72669.738710069,15,13,6,7,5,8,0,0,0,0,0,13,6,7,5,8,3,11.1936803280362,10.7569662719984,0.324869563725067,2020-04-13,2020,4
"7912","PI",2,"Nordeste",22007,"Alto Parnaíba Piauiense",46956,72669.738710069,16,15,3,12,6,9,0,0,0,0,0,15,3,12,6,9,8,11.1936803280362,10.7569662719984,0.348225658778841,2020-04-20,2020,4
"7913","PI",2,"Nordeste",22007,"Alto Parnaíba Piauiense",46956,72669.738710069,17,13,5,8,7,6,0,0,0,0,0,13,5,8,7,6,6,11.1936803280362,10.7569662719984,0.360291096116015,2020-04-27,2020,4
"7914","PI",2,"Nordeste",22007,"Alto Parnaíba Piauiense",46956,72669.738710069,18,16,3,13,8,8,0,0,0,0,0,16,3,13,8,8,3,11.1936803280362,10.7569662719984,0.38100231549232,2020-05-04,2020,5
"7915","PI",2,"Nordeste",22007,"Alto Parnaíba Piauiense",46956,72669.738710069,19,16,4,12,10,6,1,0,0,0,0,17,4,12,10,6,8,11.1936803280362,10.7569662719984,0.39666778837469,2020-05-11,2020,5
"7916","PI",2,"Nordeste",22007,"Alto Parnaíba Piauiense",46956,72669.738710069,20,14,5,9,8,6,0,0,0,0,0,14,5,9,8,6,3,11.1936803280362,10.7569662719984,0.36220332906013,2020-05-18,2020,5
"7917","PI",2,"Nordeste",22007,"Alto Parnaíba Piauiense",46956,72669.738710069,21,21,10,11,9,12,0,0,0,0,0,21,10,11,9,12,5,11.1936803280362,10.7569662719984,0.349487799646775,2020-05-25,2020,5
"7918","PI",2,"Nordeste",22007,"Alto Parnaíba Piauiense",46956,72669.738710069,22,14,4,10,7,7,0,0,0,0,0,14,4,10,7,7,14,11.1936803280362,10.7569662719984,0.335052834004227,2020-06-01,2020,6
"7919","PI",2,"Nordeste",22007,"Alto Parnaíba Piauiense",46956,72669.738710069,23,28,5,23,16,12,0,0,0,0,0,28,5,23,16,12,7,11.1936803280362,10.7569662719984,0.336408457177367,2020-06-08,2020,6
"7920","PI",2,"Nordeste",22007,"Alto Parnaíba Piauiense",46956,72669.738710069,24,16,6,10,10,6,0,0,0,0,0,16,6,10,10,6,9,11.1936803280362,10.7569662719984,0.323863573267591,2020-06-15,2020,6
"7921","PI",2,"Nordeste",22007,"Alto Parnaíba Piauiense",46956,72669.738710069,25,22,5,17,10,12,0,0,0,0,0,22,5,17,10,12,8,11.1936803280362,10.7569662719984,0.340598793748985,2020-06-22,2020,6
"7922","PI",2,"Nordeste",22007,"Alto Parnaíba Piauiense",46956,72669.738710069,26,16,5,11,9,7,0,0,0,0,0,16,5,11,9,7,10,11.1936803280362,10.7569662719984,0.35731550617509,2020-06-29,2020,6
"7923","PI",2,"Nordeste",22007,"Alto Parnaíba Piauiense",46956,72669.738710069,27,14,7,7,12,2,0,0,0,0,0,14,7,7,12,2,7,11.1936803280362,10.7569662719984,0.371403804802448,2020-07-06,2020,7
"7924","PI",2,"Nordeste",22007,"Alto Parnaíba Piauiense",46956,72669.738710069,28,17,6,11,8,9,0,0,0,0,0,17,6,11,8,9,5,11.1936803280362,10.7569662719984,0.396387618996204,2020-07-13,2020,7
"7925","PI",2,"Nordeste",22007,"Alto Parnaíba Piauiense",46956,72669.738710069,29,20,7,13,9,11,0,0,0,0,0,20,7,13,9,11,14,11.1936803280362,10.7569662719984,0.3775435926494,2020-07-20,2020,7
"7926","PI",2,"Nordeste",22009,"Floriano",125026,18505.3599090589,5,33,4,29,12,21,0,0,0,0,0,33,4,29,12,21,19,9.82581569391828,11.7362769946554,0.255268015798428,2020-02-03,2020,2
"7927","PI",2,"Nordeste",22009,"Floriano",125026,18505.3599090589,6,27,5,22,11,16,0,0,0,0,0,27,5,22,11,16,15,9.82581569391828,11.7362769946554,0.243422993633263,2020-02-10,2020,2
"7928","PI",2,"Nordeste",22009,"Floriano",125026,18505.3599090589,7,24,8,16,10,14,0,0,0,0,0,24,8,16,10,14,20,9.82581569391828,11.7362769946554,0.251201161290371,2020-02-17,2020,2
"7929","PI",2,"Nordeste",22009,"Floriano",125026,18505.3599090589,8,40,13,27,12,28,0,0,0,0,0,40,13,27,12,28,19,9.82581569391828,11.7362769946554,0.301878029600979,2020-02-24,2020,2
"7930","PI",2,"Nordeste",22009,"Floriano",125026,18505.3599090589,9,33,6,27,13,20,0,0,0,0,0,33,6,27,13,20,19,9.82581569391828,11.7362769946554,0.278760085697495,2020-03-02,2020,3
"7931","PI",2,"Nordeste",22009,"Floriano",125026,18505.3599090589,10,23,2,21,4,19,0,0,0,0,0,23,2,21,4,19,26,9.82581569391828,11.7362769946554,0.294356575367112,2020-03-09,2020,3
"7932","PI",2,"Nordeste",22009,"Floriano",125026,18505.3599090589,11,35,12,23,14,21,0,0,0,0,0,35,12,23,14,21,19,9.82581569391828,11.7362769946554,0.368321026139785,2020-03-16,2020,3
"7933","PI",2,"Nordeste",22009,"Floriano",125026,18505.3599090589,12,27,7,20,11,16,0,0,0,0,0,27,7,20,11,16,20,9.82581569391828,11.7362769946554,0.479961353124926,2020-03-23,2020,3
"7934","PI",2,"Nordeste",22009,"Floriano",125026,18505.3599090589,13,25,7,18,12,13,0,0,0,0,0,25,7,18,12,13,18,9.82581569391828,11.7362769946554,0.432460594847015,2020-03-30,2020,3
"7935","PI",2,"Nordeste",22009,"Floriano",125026,18505.3599090589,14,32,7,25,6,26,0,0,0,0,0,32,7,25,6,26,18,9.82581569391828,11.7362769946554,0.427915669247286,2020-04-06,2020,4
"7936","PI",2,"Nordeste",22009,"Floriano",125026,18505.3599090589,15,35,9,26,12,23,0,0,0,0,0,35,9,26,12,23,14,9.82581569391828,11.7362769946554,0.405011987049423,2020-04-13,2020,4
"7937","PI",2,"Nordeste",22009,"Floriano",125026,18505.3599090589,16,30,7,23,17,13,0,0,0,0,0,30,7,23,17,13,22,9.82581569391828,11.7362769946554,0.423787305566176,2020-04-20,2020,4
"7938","PI",2,"Nordeste",22009,"Floriano",125026,18505.3599090589,17,30,9,21,10,20,0,0,0,0,0,30,9,21,10,20,16,9.82581569391828,11.7362769946554,0.399520946305061,2020-04-27,2020,4
"7939","PI",2,"Nordeste",22009,"Floriano",125026,18505.3599090589,18,33,6,27,12,21,0,0,0,0,0,33,6,27,12,21,16,9.82581569391828,11.7362769946554,0.395403536445423,2020-05-04,2020,5
"7940","PI",2,"Nordeste",22009,"Floriano",125026,18505.3599090589,19,38,11,27,19,19,0,0,0,0,0,38,11,27,19,19,17,9.82581569391828,11.7362769946554,0.420542685147316,2020-05-11,2020,5
"7941","PI",2,"Nordeste",22009,"Floriano",125026,18505.3599090589,20,36,6,30,18,18,1,0,0,0,0,37,6,30,18,18,19,9.82581569391828,11.7362769946554,0.403121311763514,2020-05-18,2020,5
"7942","PI",2,"Nordeste",22009,"Floriano",125026,18505.3599090589,21,32,9,23,8,24,0,0,0,0,0,32,9,23,8,24,12,9.82581569391828,11.7362769946554,0.386519629163387,2020-05-25,2020,5
"7943","PI",2,"Nordeste",22009,"Floriano",125026,18505.3599090589,22,51,17,34,23,28,0,0,0,0,0,51,17,34,23,28,14,9.82581569391828,11.7362769946554,0.365112198568029,2020-06-01,2020,6
"7944","PI",2,"Nordeste",22009,"Floriano",125026,18505.3599090589,23,32,9,23,12,20,1,0,0,0,0,33,9,23,12,20,17,9.82581569391828,11.7362769946554,0.352543231876787,2020-06-08,2020,6
"7945","PI",2,"Nordeste",22009,"Floriano",125026,18505.3599090589,24,36,4,32,16,20,0,0,0,0,0,36,4,32,16,20,15,9.82581569391828,11.7362769946554,0.347289156660985,2020-06-15,2020,6
"7946","PI",2,"Nordeste",22009,"Floriano",125026,18505.3599090589,25,34,5,29,17,17,0,0,0,0,0,34,5,29,17,17,20,9.82581569391828,11.7362769946554,0.347883650543632,2020-06-22,2020,6
"7947","PI",2,"Nordeste",22009,"Floriano",125026,18505.3599090589,26,29,4,25,10,19,0,0,0,0,0,29,4,25,10,19,19,9.82581569391828,11.7362769946554,0.376195638290239,2020-06-29,2020,6
"7948","PI",2,"Nordeste",22009,"Floriano",125026,18505.3599090589,27,25,8,17,11,14,0,0,0,0,0,25,8,17,11,14,17,9.82581569391828,11.7362769946554,0.397764941320136,2020-07-06,2020,7
"7949","PI",2,"Nordeste",22009,"Floriano",125026,18505.3599090589,28,26,5,21,11,15,0,0,0,0,0,26,5,21,11,15,11,9.82581569391828,11.7362769946554,0.395170017610334,2020-07-13,2020,7
"7950","PI",2,"Nordeste",22009,"Floriano",125026,18505.3599090589,29,29,10,19,11,18,1,0,0,0,0,30,10,19,11,18,12,9.82581569391828,11.7362769946554,0.377279622125172,2020-07-20,2020,7
"7951","PI",2,"Nordeste",22010,"Alto Médio Gurguéia",93676,21852.8991704385,5,23,3,20,16,7,1,0,0,0,0,24,3,20,16,7,8,9.99208887686777,11.4475972988117,0.242627830679241,2020-02-03,2020,2
"7952","PI",2,"Nordeste",22010,"Alto Médio Gurguéia",93676,21852.8991704385,6,34,15,19,18,16,1,0,0,0,0,35,15,19,18,16,5,9.99208887686777,11.4475972988117,0.242614136925629,2020-02-10,2020,2
"7953","PI",2,"Nordeste",22010,"Alto Médio Gurguéia",93676,21852.8991704385,7,35,14,21,14,21,1,0,0,0,0,36,14,21,14,21,9,9.99208887686777,11.4475972988117,0.246429766327643,2020-02-17,2020,2
"7954","PI",2,"Nordeste",22010,"Alto Médio Gurguéia",93676,21852.8991704385,8,29,11,18,20,9,0,0,0,0,0,29,11,18,20,9,13,9.99208887686777,11.4475972988117,0.281813396107325,2020-02-24,2020,2
"7955","PI",2,"Nordeste",22010,"Alto Médio Gurguéia",93676,21852.8991704385,9,25,9,16,11,14,0,0,0,0,0,25,9,16,11,14,8,9.99208887686777,11.4475972988117,0.254340211794635,2020-03-02,2020,3
"7956","PI",2,"Nordeste",22010,"Alto Médio Gurguéia",93676,21852.8991704385,10,35,14,21,18,17,0,0,0,0,0,35,14,21,18,17,8,9.99208887686777,11.4475972988117,0.285393684747782,2020-03-09,2020,3
"7957","PI",2,"Nordeste",22010,"Alto Médio Gurguéia",93676,21852.8991704385,11,30,10,20,15,15,0,0,0,0,0,30,10,20,15,15,11,9.99208887686777,11.4475972988117,0.363489441420506,2020-03-16,2020,3
"7958","PI",2,"Nordeste",22010,"Alto Médio Gurguéia",93676,21852.8991704385,12,21,10,11,11,10,0,0,0,0,0,21,10,11,11,10,11,9.99208887686777,11.4475972988117,0.420843350335191,2020-03-23,2020,3
"7959","PI",2,"Nordeste",22010,"Alto Médio Gurguéia",93676,21852.8991704385,13,34,15,19,16,18,1,0,0,0,0,35,15,19,16,18,7,9.99208887686777,11.4475972988117,0.384260383195347,2020-03-30,2020,3
"7960","PI",2,"Nordeste",22010,"Alto Médio Gurguéia",93676,21852.8991704385,14,22,8,14,10,12,1,0,0,0,0,23,8,14,10,12,3,9.99208887686777,11.4475972988117,0.391641241329767,2020-04-06,2020,4
"7961","PI",2,"Nordeste",22010,"Alto Médio Gurguéia",93676,21852.8991704385,15,26,10,16,10,16,0,0,0,0,0,26,10,16,10,16,5,9.99208887686777,11.4475972988117,0.341139186320441,2020-04-13,2020,4
"7962","PI",2,"Nordeste",22010,"Alto Médio Gurguéia",93676,21852.8991704385,16,18,7,11,6,12,1,0,0,0,0,19,7,11,6,12,9,9.99208887686777,11.4475972988117,0.34073974257563,2020-04-20,2020,4
"7963","PI",2,"Nordeste",22010,"Alto Médio Gurguéia",93676,21852.8991704385,17,26,10,16,15,11,0,0,0,0,0,26,10,16,15,11,9,9.99208887686777,11.4475972988117,0.336725257270447,2020-04-27,2020,4
"7964","PI",2,"Nordeste",22010,"Alto Médio Gurguéia",93676,21852.8991704385,18,22,13,9,14,8,1,0,0,0,0,23,13,9,14,8,6,9.99208887686777,11.4475972988117,0.363417816573634,2020-05-04,2020,5
"7965","PI",2,"Nordeste",22010,"Alto Médio Gurguéia",93676,21852.8991704385,19,32,12,20,17,15,2,0,0,0,0,34,12,20,17,15,11,9.99208887686777,11.4475972988117,0.395548512822002,2020-05-11,2020,5
"7966","PI",2,"Nordeste",22010,"Alto Médio Gurguéia",93676,21852.8991704385,20,27,11,16,15,12,0,0,0,0,0,27,11,16,15,12,8,9.99208887686777,11.4475972988117,0.368850020723013,2020-05-18,2020,5
"7967","PI",2,"Nordeste",22010,"Alto Médio Gurguéia",93676,21852.8991704385,21,21,12,9,15,6,1,0,0,0,0,22,12,9,15,6,8,9.99208887686777,11.4475972988117,0.364700661113159,2020-05-25,2020,5
"7968","PI",2,"Nordeste",22010,"Alto Médio Gurguéia",93676,21852.8991704385,22,34,14,20,15,19,0,0,0,0,0,34,14,20,15,19,6,9.99208887686777,11.4475972988117,0.342583056700179,2020-06-01,2020,6
"7969","PI",2,"Nordeste",22010,"Alto Médio Gurguéia",93676,21852.8991704385,23,34,13,21,20,14,0,0,0,0,0,34,13,21,20,14,13,9.99208887686777,11.4475972988117,0.345096025285437,2020-06-08,2020,6
"7970","PI",2,"Nordeste",22010,"Alto Médio Gurguéia",93676,21852.8991704385,24,25,8,17,13,12,1,0,0,0,0,26,8,17,13,12,6,9.99208887686777,11.4475972988117,0.349948923304576,2020-06-15,2020,6
"7971","PI",2,"Nordeste",22010,"Alto Médio Gurguéia",93676,21852.8991704385,25,29,9,20,19,10,0,0,0,0,0,29,9,20,19,10,5,9.99208887686777,11.4475972988117,0.348667520312561,2020-06-22,2020,6
"7972","PI",2,"Nordeste",22010,"Alto Médio Gurguéia",93676,21852.8991704385,26,39,21,18,26,13,0,0,0,0,0,39,21,18,26,13,13,9.99208887686777,11.4475972988117,0.381404522987746,2020-06-29,2020,6
"7973","PI",2,"Nordeste",22010,"Alto Médio Gurguéia",93676,21852.8991704385,27,33,9,24,17,16,0,0,0,0,0,33,9,24,17,16,17,9.99208887686777,11.4475972988117,0.378247430330768,2020-07-06,2020,7
"7974","PI",2,"Nordeste",22010,"Alto Médio Gurguéia",93676,21852.8991704385,28,31,11,20,17,14,1,0,0,0,0,32,11,20,17,14,14,9.99208887686777,11.4475972988117,0.386766143762295,2020-07-13,2020,7
"7975","PI",2,"Nordeste",22010,"Alto Médio Gurguéia",93676,21852.8991704385,29,44,25,19,21,23,1,0,0,0,0,45,25,19,21,23,8,9.99208887686777,11.4475972988117,0.375058890456126,2020-07-20,2020,7
"7976","PI",2,"Nordeste",22011,"São Raimundo Nonato",142812,9292.20920181777,5,38,19,19,19,19,0,0,0,0,0,38,19,19,19,19,19,9.13693160782302,11.8692843589704,0.240928168438584,2020-02-03,2020,2
"7977","PI",2,"Nordeste",22011,"São Raimundo Nonato",142812,9292.20920181777,6,30,11,19,20,10,0,0,0,0,0,30,11,19,20,10,13,9.13693160782302,11.8692843589704,0.230291628855039,2020-02-10,2020,2
"7978","PI",2,"Nordeste",22011,"São Raimundo Nonato",142812,9292.20920181777,7,41,18,23,22,19,0,0,0,0,0,41,18,23,22,19,13,9.13693160782302,11.8692843589704,0.231139052717119,2020-02-17,2020,2
"7979","PI",2,"Nordeste",22011,"São Raimundo Nonato",142812,9292.20920181777,8,32,10,22,15,17,0,0,0,0,0,32,10,22,15,17,11,9.13693160782302,11.8692843589704,0.254187683823146,2020-02-24,2020,2
"7980","PI",2,"Nordeste",22011,"São Raimundo Nonato",142812,9292.20920181777,9,22,7,15,9,13,0,0,0,0,0,22,7,15,9,13,14,9.13693160782302,11.8692843589704,0.2584239582118,2020-03-02,2020,3
"7981","PI",2,"Nordeste",22011,"São Raimundo Nonato",142812,9292.20920181777,10,29,17,12,18,11,0,0,0,0,0,29,17,12,18,11,15,9.13693160782302,11.8692843589704,0.287872445684345,2020-03-09,2020,3
"7982","PI",2,"Nordeste",22011,"São Raimundo Nonato",142812,9292.20920181777,11,40,18,22,17,23,0,0,0,0,0,40,18,22,17,23,21,9.13693160782302,11.8692843589704,0.352808626543681,2020-03-16,2020,3
"7983","PI",2,"Nordeste",22011,"São Raimundo Nonato",142812,9292.20920181777,12,35,18,17,14,21,0,0,0,0,0,35,18,17,14,21,22,9.13693160782302,11.8692843589704,0.454088309777395,2020-03-23,2020,3
"7984","PI",2,"Nordeste",22011,"São Raimundo Nonato",142812,9292.20920181777,13,28,16,12,9,19,0,0,0,0,0,28,16,12,9,19,13,9.13693160782302,11.8692843589704,0.385868099899931,2020-03-30,2020,3
"7985","PI",2,"Nordeste",22011,"São Raimundo Nonato",142812,9292.20920181777,14,22,12,10,13,9,0,0,0,0,0,22,12,10,13,9,16,9.13693160782302,11.8692843589704,0.391750587809987,2020-04-06,2020,4
"7986","PI",2,"Nordeste",22011,"São Raimundo Nonato",142812,9292.20920181777,15,47,22,25,27,20,0,0,0,0,0,47,22,25,27,20,18,9.13693160782302,11.8692843589704,0.382954323267217,2020-04-13,2020,4
"7987","PI",2,"Nordeste",22011,"São Raimundo Nonato",142812,9292.20920181777,16,34,14,20,19,15,0,0,0,0,0,34,14,20,19,15,9,9.13693160782302,11.8692843589704,0.396308945013971,2020-04-20,2020,4
"7988","PI",2,"Nordeste",22011,"São Raimundo Nonato",142812,9292.20920181777,17,22,11,11,8,14,0,0,0,0,0,22,11,11,8,14,16,9.13693160782302,11.8692843589704,0.391143199170068,2020-04-27,2020,4
"7989","PI",2,"Nordeste",22011,"São Raimundo Nonato",142812,9292.20920181777,18,22,8,14,9,13,0,0,0,0,0,22,8,14,9,13,23,9.13693160782302,11.8692843589704,0.379632514656179,2020-05-04,2020,5
"7990","PI",2,"Nordeste",22011,"São Raimundo Nonato",142812,9292.20920181777,19,51,21,30,34,17,0,0,0,0,0,51,21,30,34,17,11,9.13693160782302,11.8692843589704,0.382717219545388,2020-05-11,2020,5
"7991","PI",2,"Nordeste",22011,"São Raimundo Nonato",142812,9292.20920181777,20,31,16,15,24,7,1,0,0,0,0,32,16,15,24,7,16,9.13693160782302,11.8692843589704,0.361851492112838,2020-05-18,2020,5
"7992","PI",2,"Nordeste",22011,"São Raimundo Nonato",142812,9292.20920181777,21,35,12,23,13,22,0,0,0,0,0,35,12,23,13,22,21,9.13693160782302,11.8692843589704,0.357989159687626,2020-05-25,2020,5
"7993","PI",2,"Nordeste",22011,"São Raimundo Nonato",142812,9292.20920181777,22,46,22,24,23,23,0,0,0,0,0,46,22,24,23,23,13,9.13693160782302,11.8692843589704,0.346697350682078,2020-06-01,2020,6
"7994","PI",2,"Nordeste",22011,"São Raimundo Nonato",142812,9292.20920181777,23,38,15,23,21,17,1,0,0,0,0,39,15,23,21,17,12,9.13693160782302,11.8692843589704,0.330882853367629,2020-06-08,2020,6
"7995","PI",2,"Nordeste",22011,"São Raimundo Nonato",142812,9292.20920181777,24,40,19,21,17,23,0,0,0,0,0,40,19,21,17,23,19,9.13693160782302,11.8692843589704,0.343247361190051,2020-06-15,2020,6
"7996","PI",2,"Nordeste",22011,"São Raimundo Nonato",142812,9292.20920181777,25,39,15,24,17,22,0,0,0,0,0,39,15,24,17,22,16,9.13693160782302,11.8692843589704,0.340850579450747,2020-06-22,2020,6
"7997","PI",2,"Nordeste",22011,"São Raimundo Nonato",142812,9292.20920181777,26,39,21,18,23,16,0,0,0,0,0,39,21,18,23,16,12,9.13693160782302,11.8692843589704,0.370236638956105,2020-06-29,2020,6
"7998","PI",2,"Nordeste",22011,"São Raimundo Nonato",142812,9292.20920181777,27,35,15,20,19,16,0,0,0,0,0,35,15,20,19,16,21,9.13693160782302,11.8692843589704,0.374506558513323,2020-07-06,2020,7
"7999","PI",2,"Nordeste",22011,"São Raimundo Nonato",142812,9292.20920181777,28,36,12,24,15,21,1,0,0,0,0,37,12,24,15,21,18,9.13693160782302,11.8692843589704,0.360708958442626,2020-07-13,2020,7
"8000","PI",2,"Nordeste",22011,"São Raimundo Nonato",142812,9292.20920181777,29,38,14,24,15,23,0,0,0,0,0,38,14,24,15,23,18,9.13693160782302,11.8692843589704,0.367360212095201,2020-07-20,2020,7
"8001","PI",2,"Nordeste",22012,"Chapadas do Extremo Sul Piauiense",86533,10820.7596283499,5,20,7,13,11,9,1,0,0,0,0,21,7,13,11,9,8,9.28922175588346,11.3682811230564,0.244781934720268,2020-02-03,2020,2
"8002","PI",2,"Nordeste",22012,"Chapadas do Extremo Sul Piauiense",86533,10820.7596283499,6,25,7,18,12,13,0,0,0,0,0,25,7,18,12,13,7,9.28922175588346,11.3682811230564,0.249469152597777,2020-02-10,2020,2
"8003","PI",2,"Nordeste",22012,"Chapadas do Extremo Sul Piauiense",86533,10820.7596283499,7,26,8,18,15,11,0,0,0,0,0,26,8,18,15,11,9,9.28922175588346,11.3682811230564,0.249694291355166,2020-02-17,2020,2
"8004","PI",2,"Nordeste",22012,"Chapadas do Extremo Sul Piauiense",86533,10820.7596283499,8,28,12,16,7,21,0,0,0,0,0,28,12,16,7,21,9,9.28922175588346,11.3682811230564,0.279548890792315,2020-02-24,2020,2
"8005","PI",2,"Nordeste",22012,"Chapadas do Extremo Sul Piauiense",86533,10820.7596283499,9,23,8,15,11,12,1,0,0,0,0,24,8,15,11,12,9,9.28922175588346,11.3682811230564,0.272786806727572,2020-03-02,2020,3
"8006","PI",2,"Nordeste",22012,"Chapadas do Extremo Sul Piauiense",86533,10820.7596283499,10,31,11,20,18,13,0,0,0,0,0,31,11,20,18,13,11,9.28922175588346,11.3682811230564,0.263919885680238,2020-03-09,2020,3
"8007","PI",2,"Nordeste",22012,"Chapadas do Extremo Sul Piauiense",86533,10820.7596283499,11,24,8,16,15,9,0,0,0,0,0,24,8,16,15,9,10,9.28922175588346,11.3682811230564,0.336204137048527,2020-03-16,2020,3
"8008","PI",2,"Nordeste",22012,"Chapadas do Extremo Sul Piauiense",86533,10820.7596283499,12,25,11,14,15,10,0,0,0,0,0,25,11,14,15,10,6,9.28922175588346,11.3682811230564,0.451393822771291,2020-03-23,2020,3
"8009","PI",2,"Nordeste",22012,"Chapadas do Extremo Sul Piauiense",86533,10820.7596283499,13,27,16,11,17,10,0,0,0,0,0,27,16,11,17,10,10,9.28922175588346,11.3682811230564,0.396589513484756,2020-03-30,2020,3
"8010","PI",2,"Nordeste",22012,"Chapadas do Extremo Sul Piauiense",86533,10820.7596283499,14,16,9,7,4,12,0,0,0,0,0,16,9,7,4,12,11,9.28922175588346,11.3682811230564,0.382817230335503,2020-04-06,2020,4
"8011","PI",2,"Nordeste",22012,"Chapadas do Extremo Sul Piauiense",86533,10820.7596283499,15,17,12,5,7,10,0,0,0,0,0,17,12,5,7,10,11,9.28922175588346,11.3682811230564,0.34373728402109,2020-04-13,2020,4
"8012","PI",2,"Nordeste",22012,"Chapadas do Extremo Sul Piauiense",86533,10820.7596283499,16,27,14,13,13,14,0,0,0,0,0,27,14,13,13,14,9,9.28922175588346,11.3682811230564,0.327474016770315,2020-04-20,2020,4
"8013","PI",2,"Nordeste",22012,"Chapadas do Extremo Sul Piauiense",86533,10820.7596283499,17,29,11,18,13,16,0,0,0,0,0,29,11,18,13,16,9,9.28922175588346,11.3682811230564,0.319509953699482,2020-04-27,2020,4
"8014","PI",2,"Nordeste",22012,"Chapadas do Extremo Sul Piauiense",86533,10820.7596283499,18,27,18,9,14,13,1,0,0,0,0,28,18,9,14,13,5,9.28922175588346,11.3682811230564,0.342621318485264,2020-05-04,2020,5
"8015","PI",2,"Nordeste",22012,"Chapadas do Extremo Sul Piauiense",86533,10820.7596283499,19,27,10,17,19,8,0,0,0,0,0,27,10,17,19,8,8,9.28922175588346,11.3682811230564,0.391339407156298,2020-05-11,2020,5
"8016","PI",2,"Nordeste",22012,"Chapadas do Extremo Sul Piauiense",86533,10820.7596283499,20,33,19,14,18,15,0,0,0,0,0,33,19,14,18,15,12,9.28922175588346,11.3682811230564,0.363252760046622,2020-05-18,2020,5
"8017","PI",2,"Nordeste",22012,"Chapadas do Extremo Sul Piauiense",86533,10820.7596283499,21,26,6,20,13,13,0,0,0,0,0,26,6,20,13,13,10,9.28922175588346,11.3682811230564,0.347460513359876,2020-05-25,2020,5
"8018","PI",2,"Nordeste",22012,"Chapadas do Extremo Sul Piauiense",86533,10820.7596283499,22,15,12,3,10,5,0,0,0,0,0,15,12,3,10,5,7,9.28922175588346,11.3682811230564,0.329245444417162,2020-06-01,2020,6
"8019","PI",2,"Nordeste",22012,"Chapadas do Extremo Sul Piauiense",86533,10820.7596283499,23,26,16,10,14,12,1,0,0,0,0,27,16,10,14,12,7,9.28922175588346,11.3682811230564,0.338658289413055,2020-06-08,2020,6
"8020","PI",2,"Nordeste",22012,"Chapadas do Extremo Sul Piauiense",86533,10820.7596283499,24,31,11,20,13,18,0,0,0,0,0,31,11,20,13,18,6,9.28922175588346,11.3682811230564,0.327300709128411,2020-06-15,2020,6
"8021","PI",2,"Nordeste",22012,"Chapadas do Extremo Sul Piauiense",86533,10820.7596283499,25,22,12,10,14,8,1,0,0,0,0,23,12,10,14,8,5,9.28922175588346,11.3682811230564,0.34162370136039,2020-06-22,2020,6
"8022","PI",2,"Nordeste",22012,"Chapadas do Extremo Sul Piauiense",86533,10820.7596283499,26,18,4,14,9,9,1,0,0,0,0,19,4,14,9,9,9,9.28922175588346,11.3682811230564,0.356524511777959,2020-06-29,2020,6
"8023","PI",2,"Nordeste",22012,"Chapadas do Extremo Sul Piauiense",86533,10820.7596283499,27,26,8,18,14,12,0,0,0,0,0,26,8,18,14,12,15,9.28922175588346,11.3682811230564,0.373045659761813,2020-07-06,2020,7
"8024","PI",2,"Nordeste",22012,"Chapadas do Extremo Sul Piauiense",86533,10820.7596283499,28,31,17,14,15,16,0,0,0,0,0,31,17,14,15,16,8,9.28922175588346,11.3682811230564,0.366982830691991,2020-07-13,2020,7
"8025","PI",2,"Nordeste",22012,"Chapadas do Extremo Sul Piauiense",86533,10820.7596283499,29,30,15,15,12,18,0,0,0,0,0,30,15,15,12,18,7,9.28922175588346,11.3682811230564,0.362955078191039,2020-07-20,2020,7
"8026","PI",2,"Nordeste",22013,"Picos",208926,13075.855120569,5,57,18,39,26,31,0,0,0,0,0,57,18,39,26,31,32,9.47852268798531,12.2497354012648,0.252494586931778,2020-02-03,2020,2
"8027","PI",2,"Nordeste",22013,"Picos",208926,13075.855120569,6,50,16,34,27,23,1,0,0,0,0,51,16,34,27,23,28,9.47852268798531,12.2497354012648,0.25322726268299,2020-02-10,2020,2
"8028","PI",2,"Nordeste",22013,"Picos",208926,13075.855120569,7,39,11,28,18,21,0,0,0,0,0,39,11,28,18,21,19,9.47852268798531,12.2497354012648,0.272884747061906,2020-02-17,2020,2
"8029","PI",2,"Nordeste",22013,"Picos",208926,13075.855120569,8,44,13,31,18,26,0,0,0,0,0,44,13,31,18,26,37,9.47852268798531,12.2497354012648,0.31393436857656,2020-02-24,2020,2
"8030","PI",2,"Nordeste",22013,"Picos",208926,13075.855120569,9,38,6,32,15,23,0,0,0,0,0,38,6,32,15,23,36,9.47852268798531,12.2497354012648,0.280725465178881,2020-03-02,2020,3
"8031","PI",2,"Nordeste",22013,"Picos",208926,13075.855120569,10,42,13,29,19,23,0,0,0,0,0,42,13,29,19,23,44,9.47852268798531,12.2497354012648,0.309283839738948,2020-03-09,2020,3
"8032","PI",2,"Nordeste",22013,"Picos",208926,13075.855120569,11,32,7,25,15,17,0,0,0,0,0,32,7,25,15,17,44,9.47852268798531,12.2497354012648,0.384747776869322,2020-03-16,2020,3
"8033","PI",2,"Nordeste",22013,"Picos",208926,13075.855120569,12,43,14,29,21,22,1,0,0,0,0,44,14,29,21,22,27,9.47852268798531,12.2497354012648,0.495303283340954,2020-03-23,2020,3
"8034","PI",2,"Nordeste",22013,"Picos",208926,13075.855120569,13,27,5,22,9,18,0,0,0,0,0,27,5,22,9,18,30,9.47852268798531,12.2497354012648,0.455792322183532,2020-03-30,2020,3
"8035","PI",2,"Nordeste",22013,"Picos",208926,13075.855120569,14,51,13,38,20,31,0,0,0,0,0,51,13,38,20,31,29,9.47852268798531,12.2497354012648,0.422000080550479,2020-04-06,2020,4
"8036","PI",2,"Nordeste",22013,"Picos",208926,13075.855120569,15,46,10,36,16,30,0,0,0,0,0,46,10,36,16,30,29,9.47852268798531,12.2497354012648,0.409922660757632,2020-04-13,2020,4
"8037","PI",2,"Nordeste",22013,"Picos",208926,13075.855120569,16,44,9,35,23,21,0,0,0,0,0,44,9,35,23,21,19,9.47852268798531,12.2497354012648,0.405367344204634,2020-04-20,2020,4
"8038","PI",2,"Nordeste",22013,"Picos",208926,13075.855120569,17,46,6,40,18,28,0,0,0,0,0,46,6,40,18,28,27,9.47852268798531,12.2497354012648,0.398608263035038,2020-04-27,2020,4
"8039","PI",2,"Nordeste",22013,"Picos",208926,13075.855120569,18,40,7,33,9,31,1,0,0,0,0,41,7,33,9,31,32,9.47852268798531,12.2497354012648,0.404842137292985,2020-05-04,2020,5
"8040","PI",2,"Nordeste",22013,"Picos",208926,13075.855120569,19,55,14,41,15,40,0,0,0,0,0,55,14,41,15,40,21,9.47852268798531,12.2497354012648,0.436735439884035,2020-05-11,2020,5
"8041","PI",2,"Nordeste",22013,"Picos",208926,13075.855120569,20,43,9,34,17,26,1,0,0,0,0,44,9,34,17,26,23,9.47852268798531,12.2497354012648,0.407443937926051,2020-05-18,2020,5
"8042","PI",2,"Nordeste",22013,"Picos",208926,13075.855120569,21,45,14,31,23,22,0,0,0,0,0,45,14,31,23,22,21,9.47852268798531,12.2497354012648,0.390636719415924,2020-05-25,2020,5
"8043","PI",2,"Nordeste",22013,"Picos",208926,13075.855120569,22,69,19,50,24,45,1,0,0,0,0,70,19,50,24,45,36,9.47852268798531,12.2497354012648,0.389436861492075,2020-06-01,2020,6
"8044","PI",2,"Nordeste",22013,"Picos",208926,13075.855120569,23,64,19,45,28,36,0,0,0,0,0,64,19,45,28,36,31,9.47852268798531,12.2497354012648,0.364066272513818,2020-06-08,2020,6
"8045","PI",2,"Nordeste",22013,"Picos",208926,13075.855120569,24,41,7,34,14,27,0,0,0,0,0,41,7,34,14,27,31,9.47852268798531,12.2497354012648,0.364383887091751,2020-06-15,2020,6
"8046","PI",2,"Nordeste",22013,"Picos",208926,13075.855120569,25,55,16,39,29,26,0,0,0,0,0,55,16,39,29,26,34,9.47852268798531,12.2497354012648,0.365352371301456,2020-06-22,2020,6
"8047","PI",2,"Nordeste",22013,"Picos",208926,13075.855120569,26,42,12,30,19,23,0,0,0,0,0,42,12,30,19,23,28,9.47852268798531,12.2497354012648,0.400390713820922,2020-06-29,2020,6
"8048","PI",2,"Nordeste",22013,"Picos",208926,13075.855120569,27,47,10,37,18,29,0,0,0,0,0,47,10,37,18,29,33,9.47852268798531,12.2497354012648,0.407710846265707,2020-07-06,2020,7
"8049","PI",2,"Nordeste",22013,"Picos",208926,13075.855120569,28,42,11,31,18,24,2,0,0,0,0,44,11,31,18,24,38,9.47852268798531,12.2497354012648,0.405287551476574,2020-07-13,2020,7
"8050","PI",2,"Nordeste",22013,"Picos",208926,13075.855120569,29,40,9,31,17,23,2,0,0,0,0,42,9,31,17,23,32,9.47852268798531,12.2497354012648,0.411152442579639,2020-07-20,2020,7
"8051","PI",2,"Nordeste",22014,"Pio IX",60993,8352.16012017773,5,17,8,9,12,5,0,0,0,0,0,17,8,9,12,5,8,9.03027548141587,11.0185143824723,0.262873934148165,2020-02-03,2020,2
"8052","PI",2,"Nordeste",22014,"Pio IX",60993,8352.16012017773,6,10,3,7,3,7,1,0,0,0,0,11,3,7,3,7,5,9.03027548141587,11.0185143824723,0.261391168833935,2020-02-10,2020,2
"8053","PI",2,"Nordeste",22014,"Pio IX",60993,8352.16012017773,7,7,2,5,3,4,0,0,0,0,0,7,2,5,3,4,4,9.03027548141587,11.0185143824723,0.252945874036666,2020-02-17,2020,2
"8054","PI",2,"Nordeste",22014,"Pio IX",60993,8352.16012017773,8,7,2,5,3,4,0,0,0,0,0,7,2,5,3,4,7,9.03027548141587,11.0185143824723,0.287005012975233,2020-02-24,2020,2
"8055","PI",2,"Nordeste",22014,"Pio IX",60993,8352.16012017773,9,15,7,8,7,8,0,0,0,0,0,15,7,8,7,8,9,9.03027548141587,11.0185143824723,0.278914102783456,2020-03-02,2020,3
"8056","PI",2,"Nordeste",22014,"Pio IX",60993,8352.16012017773,10,18,10,8,5,13,0,0,0,0,0,18,10,8,5,13,2,9.03027548141587,11.0185143824723,0.315330776532092,2020-03-09,2020,3
"8057","PI",2,"Nordeste",22014,"Pio IX",60993,8352.16012017773,11,6,4,2,4,2,0,0,0,0,0,6,4,2,4,2,8,9.03027548141587,11.0185143824723,0.343229099661495,2020-03-16,2020,3
"8058","PI",2,"Nordeste",22014,"Pio IX",60993,8352.16012017773,12,12,2,10,6,6,0,0,0,0,0,12,2,10,6,6,9,9.03027548141587,11.0185143824723,0.465788670287425,2020-03-23,2020,3
"8059","PI",2,"Nordeste",22014,"Pio IX",60993,8352.16012017773,13,12,6,6,5,7,0,0,0,0,0,12,6,6,5,7,9,9.03027548141587,11.0185143824723,0.392042406816946,2020-03-30,2020,3
"8060","PI",2,"Nordeste",22014,"Pio IX",60993,8352.16012017773,14,16,8,8,6,10,1,0,0,0,0,17,8,8,6,10,7,9.03027548141587,11.0185143824723,0.387871789248847,2020-04-06,2020,4
"8061","PI",2,"Nordeste",22014,"Pio IX",60993,8352.16012017773,15,12,2,10,3,9,0,0,0,0,0,12,2,10,3,9,8,9.03027548141587,11.0185143824723,0.357534169898708,2020-04-13,2020,4
"8062","PI",2,"Nordeste",22014,"Pio IX",60993,8352.16012017773,16,8,4,4,2,6,0,0,0,0,0,8,4,4,2,6,10,9.03027548141587,11.0185143824723,0.33899220694121,2020-04-20,2020,4
"8063","PI",2,"Nordeste",22014,"Pio IX",60993,8352.16012017773,17,10,3,7,2,8,0,0,0,0,0,10,3,7,2,8,9,9.03027548141587,11.0185143824723,0.385558008290707,2020-04-27,2020,4
"8064","PI",2,"Nordeste",22014,"Pio IX",60993,8352.16012017773,18,11,6,5,8,3,0,0,0,0,0,11,6,5,8,3,12,9.03027548141587,11.0185143824723,0.417786643952911,2020-05-04,2020,5
"8065","PI",2,"Nordeste",22014,"Pio IX",60993,8352.16012017773,19,12,6,6,6,6,0,0,0,0,0,12,6,6,6,6,6,9.03027548141587,11.0185143824723,0.438531057214144,2020-05-11,2020,5
"8066","PI",2,"Nordeste",22014,"Pio IX",60993,8352.16012017773,20,7,4,3,4,3,0,0,0,0,0,7,4,3,4,3,9,9.03027548141587,11.0185143824723,0.398209441538929,2020-05-18,2020,5
"8067","PI",2,"Nordeste",22014,"Pio IX",60993,8352.16012017773,21,16,7,9,10,6,0,0,0,0,0,16,7,9,10,6,4,9.03027548141587,11.0185143824723,0.386730645105971,2020-05-25,2020,5
"8068","PI",2,"Nordeste",22014,"Pio IX",60993,8352.16012017773,22,17,10,7,5,12,0,0,0,0,0,17,10,7,5,12,8,9.03027548141587,11.0185143824723,0.397871501548178,2020-06-01,2020,6
"8069","PI",2,"Nordeste",22014,"Pio IX",60993,8352.16012017773,23,16,6,10,5,11,0,0,0,0,0,16,6,10,5,11,10,9.03027548141587,11.0185143824723,0.404742531418331,2020-06-08,2020,6
"8070","PI",2,"Nordeste",22014,"Pio IX",60993,8352.16012017773,24,10,5,5,2,8,0,0,0,0,0,10,5,5,2,8,8,9.03027548141587,11.0185143824723,0.356570615275143,2020-06-15,2020,6
"8071","PI",2,"Nordeste",22014,"Pio IX",60993,8352.16012017773,25,12,6,6,6,6,0,0,0,0,0,12,6,6,6,6,9,9.03027548141587,11.0185143824723,0.374335515028617,2020-06-22,2020,6
"8072","PI",2,"Nordeste",22014,"Pio IX",60993,8352.16012017773,26,12,5,7,3,9,0,0,0,0,0,12,5,7,3,9,14,9.03027548141587,11.0185143824723,0.405070200352129,2020-06-29,2020,6
"8073","PI",2,"Nordeste",22014,"Pio IX",60993,8352.16012017773,27,16,4,12,7,9,1,0,0,0,0,17,4,12,7,9,6,9.03027548141587,11.0185143824723,0.446104034389411,2020-07-06,2020,7
"8074","PI",2,"Nordeste",22014,"Pio IX",60993,8352.16012017773,28,14,4,10,8,6,0,0,0,0,0,14,4,10,8,6,12,9.03027548141587,11.0185143824723,0.417451546915765,2020-07-13,2020,7
"8075","PI",2,"Nordeste",22014,"Pio IX",60993,8352.16012017773,29,12,5,7,6,6,0,0,0,0,0,12,5,7,6,6,8,9.03027548141587,11.0185143824723,0.452338103040207,2020-07-20,2020,7
"8076","PI",2,"Nordeste",22015,"Alto Médio Canindé",274450,10828.696547495,5,64,26,38,34,30,1,0,0,0,0,65,26,38,34,30,26,9.2899549770264,12.522524373978,0.246386549702114,2020-02-03,2020,2
"8077","PI",2,"Nordeste",22015,"Alto Médio Canindé",274450,10828.696547495,6,83,40,43,43,40,1,0,0,0,0,84,40,43,43,40,36,9.2899549770264,12.522524373978,0.238616773063237,2020-02-10,2020,2
"8078","PI",2,"Nordeste",22015,"Alto Médio Canindé",274450,10828.696547495,7,49,16,33,17,32,0,0,0,0,0,49,16,33,17,32,29,9.2899549770264,12.522524373978,0.240030046356995,2020-02-17,2020,2
"8079","PI",2,"Nordeste",22015,"Alto Médio Canindé",274450,10828.696547495,8,77,24,53,37,40,1,0,0,0,0,78,24,53,37,40,25,9.2899549770264,12.522524373978,0.276979465602972,2020-02-24,2020,2
"8080","PI",2,"Nordeste",22015,"Alto Médio Canindé",274450,10828.696547495,9,57,20,37,31,26,0,0,0,0,0,57,20,37,31,26,32,9.2899549770264,12.522524373978,0.24998813575943,2020-03-02,2020,3
"8081","PI",2,"Nordeste",22015,"Alto Médio Canindé",274450,10828.696547495,10,49,18,31,17,32,1,0,0,0,0,50,18,31,17,32,39,9.2899549770264,12.522524373978,0.275769385314557,2020-03-09,2020,3
"8082","PI",2,"Nordeste",22015,"Alto Médio Canindé",274450,10828.696547495,11,44,21,23,24,20,0,0,0,0,0,44,21,23,24,20,39,9.2899549770264,12.522524373978,0.351729658435393,2020-03-16,2020,3
"8083","PI",2,"Nordeste",22015,"Alto Médio Canindé",274450,10828.696547495,12,48,19,29,28,20,1,0,0,0,0,49,19,29,28,20,38,9.2899549770264,12.522524373978,0.447329081394851,2020-03-23,2020,3
"8084","PI",2,"Nordeste",22015,"Alto Médio Canindé",274450,10828.696547495,13,50,18,32,25,25,0,0,0,0,0,50,18,32,25,25,57,9.2899549770264,12.522524373978,0.390958565295189,2020-03-30,2020,3
"8085","PI",2,"Nordeste",22015,"Alto Médio Canindé",274450,10828.696547495,14,61,21,40,29,32,0,0,0,0,0,61,21,40,29,32,38,9.2899549770264,12.522524373978,0.391051431419295,2020-04-06,2020,4
"8086","PI",2,"Nordeste",22015,"Alto Médio Canindé",274450,10828.696547495,15,62,26,36,35,27,1,0,0,0,0,63,26,36,35,27,23,9.2899549770264,12.522524373978,0.367259612685422,2020-04-13,2020,4
"8087","PI",2,"Nordeste",22015,"Alto Médio Canindé",274450,10828.696547495,16,54,19,35,33,21,1,0,0,0,0,55,19,35,33,21,40,9.2899549770264,12.522524373978,0.359538337510784,2020-04-20,2020,4
"8088","PI",2,"Nordeste",22015,"Alto Médio Canindé",274450,10828.696547495,17,65,21,44,33,32,1,0,0,0,0,66,21,44,33,32,34,9.2899549770264,12.522524373978,0.356608397285027,2020-04-27,2020,4
"8089","PI",2,"Nordeste",22015,"Alto Médio Canindé",274450,10828.696547495,18,58,17,41,23,35,0,0,0,0,0,58,17,41,23,35,37,9.2899549770264,12.522524373978,0.371057572485193,2020-05-04,2020,5
"8090","PI",2,"Nordeste",22015,"Alto Médio Canindé",274450,10828.696547495,19,74,23,51,33,41,0,0,0,0,0,74,23,51,33,41,30,9.2899549770264,12.522524373978,0.418824815850085,2020-05-11,2020,5
"8091","PI",2,"Nordeste",22015,"Alto Médio Canindé",274450,10828.696547495,20,62,30,32,31,31,1,0,0,0,0,63,30,32,31,31,31,9.2899549770264,12.522524373978,0.387578155363859,2020-05-18,2020,5
"8092","PI",2,"Nordeste",22015,"Alto Médio Canindé",274450,10828.696547495,21,59,23,36,29,30,1,0,0,0,0,60,23,36,29,30,37,9.2899549770264,12.522524373978,0.382168399207132,2020-05-25,2020,5
"8093","PI",2,"Nordeste",22015,"Alto Médio Canindé",274450,10828.696547495,22,82,31,51,36,46,0,0,0,0,0,82,31,51,36,46,25,9.2899549770264,12.522524373978,0.356173629617692,2020-06-01,2020,6
"8094","PI",2,"Nordeste",22015,"Alto Médio Canindé",274450,10828.696547495,23,72,31,41,25,47,2,0,0,0,0,74,31,41,25,47,32,9.2899549770264,12.522524373978,0.357242666806217,2020-06-08,2020,6
"8095","PI",2,"Nordeste",22015,"Alto Médio Canindé",274450,10828.696547495,24,79,28,51,36,43,0,0,0,0,0,79,28,51,36,43,32,9.2899549770264,12.522524373978,0.347808037192649,2020-06-15,2020,6
"8096","PI",2,"Nordeste",22015,"Alto Médio Canindé",274450,10828.696547495,25,77,24,53,37,40,2,0,0,0,0,79,24,53,37,40,28,9.2899549770264,12.522524373978,0.351414394206992,2020-06-22,2020,6
"8097","PI",2,"Nordeste",22015,"Alto Médio Canindé",274450,10828.696547495,26,81,33,48,44,37,0,0,0,0,0,81,33,48,44,37,34,9.2899549770264,12.522524373978,0.380744738920392,2020-06-29,2020,6
"8098","PI",2,"Nordeste",22015,"Alto Médio Canindé",274450,10828.696547495,27,58,20,38,38,20,0,0,0,0,0,58,20,38,38,20,41,9.2899549770264,12.522524373978,0.383433719228081,2020-07-06,2020,7
"8099","PI",2,"Nordeste",22015,"Alto Médio Canindé",274450,10828.696547495,28,64,26,38,38,26,0,0,0,0,0,64,26,38,38,26,29,9.2899549770264,12.522524373978,0.389613663170987,2020-07-13,2020,7
"8100","PI",2,"Nordeste",22015,"Alto Médio Canindé",274450,10828.696547495,29,73,26,47,32,41,2,0,0,0,0,75,26,47,32,41,21,9.2899549770264,12.522524373978,0.393658230906157,2020-07-20,2020,7
"8101","PR",4,"Sul",41001,"Paranavaí",288640,27686.7042695399,5,65,17,48,21,44,0,0,0,0,0,65,17,48,21,44,41,10.2287075866739,12.5729355158564,0.29251072155457,2020-02-03,2020,2
"8102","PR",4,"Sul",41001,"Paranavaí",288640,27686.7042695399,6,69,16,53,34,35,1,0,0,0,0,70,16,53,34,35,48,10.2287075866739,12.5729355158564,0.287625306789256,2020-02-10,2020,2
"8103","PR",4,"Sul",41001,"Paranavaí",288640,27686.7042695399,7,49,6,43,17,32,0,0,0,0,0,49,6,43,17,32,45,10.2287075866739,12.5729355158564,0.293365765478635,2020-02-17,2020,2
"8104","PR",4,"Sul",41001,"Paranavaí",288640,27686.7042695399,8,55,13,42,18,37,0,0,0,0,0,55,13,42,18,37,40,10.2287075866739,12.5729355158564,0.330307706248558,2020-02-24,2020,2
"8105","PR",4,"Sul",41001,"Paranavaí",288640,27686.7042695399,9,58,13,45,22,36,1,0,0,0,0,59,13,45,22,36,41,10.2287075866739,12.5729355158564,0.304997627272789,2020-03-02,2020,3
"8106","PR",4,"Sul",41001,"Paranavaí",288640,27686.7042695399,10,60,13,47,24,36,1,0,0,0,0,61,13,47,24,36,48,10.2287075866739,12.5729355158564,0.308992966572021,2020-03-09,2020,3
"8107","PR",4,"Sul",41001,"Paranavaí",288640,27686.7042695399,11,64,9,55,18,46,0,0,0,0,0,64,9,55,18,46,47,10.2287075866739,12.5729355158564,0.399161880758601,2020-03-16,2020,3
"8108","PR",4,"Sul",41001,"Paranavaí",288640,27686.7042695399,12,55,13,42,16,39,0,0,0,0,0,55,13,42,16,39,42,10.2287075866739,12.5729355158564,0.517466276259538,2020-03-23,2020,3
"8109","PR",4,"Sul",41001,"Paranavaí",288640,27686.7042695399,13,79,13,66,22,57,0,0,0,0,0,79,13,66,22,57,42,10.2287075866739,12.5729355158564,0.4481088383741,2020-03-30,2020,3
"8110","PR",4,"Sul",41001,"Paranavaí",288640,27686.7042695399,14,69,14,55,22,47,0,0,0,0,0,69,14,55,22,47,41,10.2287075866739,12.5729355158564,0.425407870184444,2020-04-06,2020,4
"8111","PR",4,"Sul",41001,"Paranavaí",288640,27686.7042695399,15,54,12,42,19,35,0,0,0,0,0,54,12,42,19,35,38,10.2287075866739,12.5729355158564,0.404308165268707,2020-04-13,2020,4
"8112","PR",4,"Sul",41001,"Paranavaí",288640,27686.7042695399,16,64,13,51,22,42,0,0,0,0,0,64,13,51,22,42,37,10.2287075866739,12.5729355158564,0.412930149479664,2020-04-20,2020,4
"8113","PR",4,"Sul",41001,"Paranavaí",288640,27686.7042695399,17,64,14,50,23,41,0,0,0,0,0,64,14,50,23,41,48,10.2287075866739,12.5729355158564,0.401597661736648,2020-04-27,2020,4
"8114","PR",4,"Sul",41001,"Paranavaí",288640,27686.7042695399,18,53,12,41,19,34,0,0,0,0,0,53,12,41,19,34,38,10.2287075866739,12.5729355158564,0.374516855083435,2020-05-04,2020,5
"8115","PR",4,"Sul",41001,"Paranavaí",288640,27686.7042695399,19,74,19,55,25,49,0,0,0,0,0,74,19,55,25,49,38,10.2287075866739,12.5729355158564,0.376479561182333,2020-05-11,2020,5
"8116","PR",4,"Sul",41001,"Paranavaí",288640,27686.7042695399,20,66,16,50,34,32,1,0,0,0,0,67,16,50,34,32,55,10.2287075866739,12.5729355158564,0.381342673350237,2020-05-18,2020,5
"8117","PR",4,"Sul",41001,"Paranavaí",288640,27686.7042695399,21,71,17,54,29,42,0,0,0,0,0,71,17,54,29,42,47,10.2287075866739,12.5729355158564,0.367553261751154,2020-05-25,2020,5
"8118","PR",4,"Sul",41001,"Paranavaí",288640,27686.7042695399,22,83,19,64,27,56,0,0,0,0,0,83,19,64,27,56,44,10.2287075866739,12.5729355158564,0.366574155172113,2020-06-01,2020,6
"8119","PR",4,"Sul",41001,"Paranavaí",288640,27686.7042695399,23,66,14,52,20,46,1,0,0,0,0,67,14,52,20,46,45,10.2287075866739,12.5729355158564,0.354534000465908,2020-06-08,2020,6
"8120","PR",4,"Sul",41001,"Paranavaí",288640,27686.7042695399,24,62,15,47,15,47,0,0,0,0,0,62,15,47,15,47,33,10.2287075866739,12.5729355158564,0.343929805026438,2020-06-15,2020,6
"8121","PR",4,"Sul",41001,"Paranavaí",288640,27686.7042695399,25,67,13,54,22,45,0,0,0,0,0,67,13,54,22,45,39,10.2287075866739,12.5729355158564,0.362092690256319,2020-06-22,2020,6
"8122","PR",4,"Sul",41001,"Paranavaí",288640,27686.7042695399,26,58,11,47,27,31,1,0,0,0,0,59,11,47,27,31,43,10.2287075866739,12.5729355158564,0.358983036909716,2020-06-29,2020,6
"8123","PR",4,"Sul",41001,"Paranavaí",288640,27686.7042695399,27,44,9,35,13,31,0,0,0,0,0,44,9,35,13,31,49,10.2287075866739,12.5729355158564,0.362379448287286,2020-07-06,2020,7
"8124","PR",4,"Sul",41001,"Paranavaí",288640,27686.7042695399,28,55,12,43,17,38,1,0,0,0,0,56,12,43,17,38,45,10.2287075866739,12.5729355158564,0.350797520269713,2020-07-13,2020,7
"8125","PR",4,"Sul",41001,"Paranavaí",288640,27686.7042695399,29,67,12,55,23,44,0,0,0,0,0,67,12,55,23,44,45,10.2287075866739,12.5729355158564,0.354921288918092,2020-07-20,2020,7
"8126","PR",4,"Sul",41002,"Umuarama",277003,29805.2577603131,5,85,16,69,32,53,0,0,0,0,0,85,16,69,32,53,47,10.3024400918405,12.5317836154357,0.282818080806408,2020-02-03,2020,2
"8127","PR",4,"Sul",41002,"Umuarama",277003,29805.2577603131,6,64,9,55,18,46,1,0,0,0,0,65,9,55,18,46,56,10.3024400918405,12.5317836154357,0.285805829369199,2020-02-10,2020,2
"8128","PR",4,"Sul",41002,"Umuarama",277003,29805.2577603131,7,50,8,42,15,35,0,0,0,0,0,50,8,42,15,35,41,10.3024400918405,12.5317836154357,0.29308092018953,2020-02-17,2020,2
"8129","PR",4,"Sul",41002,"Umuarama",277003,29805.2577603131,8,70,13,57,20,50,0,0,0,0,0,70,13,57,20,50,48,10.3024400918405,12.5317836154357,0.336554231349967,2020-02-24,2020,2
"8130","PR",4,"Sul",41002,"Umuarama",277003,29805.2577603131,9,75,6,69,20,55,0,0,0,0,0,75,6,69,20,55,44,10.3024400918405,12.5317836154357,0.319164770501664,2020-03-02,2020,3
"8131","PR",4,"Sul",41002,"Umuarama",277003,29805.2577603131,10,67,16,51,31,36,1,0,0,0,0,68,16,51,31,36,50,10.3024400918405,12.5317836154357,0.31977921621611,2020-03-09,2020,3
"8132","PR",4,"Sul",41002,"Umuarama",277003,29805.2577603131,11,60,8,52,22,38,0,0,0,0,0,60,8,52,22,38,45,10.3024400918405,12.5317836154357,0.405380178729829,2020-03-16,2020,3
"8133","PR",4,"Sul",41002,"Umuarama",277003,29805.2577603131,12,67,14,53,25,42,4,0,0,0,0,71,14,53,25,42,40,10.3024400918405,12.5317836154357,0.5321884849666,2020-03-23,2020,3
"8134","PR",4,"Sul",41002,"Umuarama",277003,29805.2577603131,13,69,14,55,27,42,2,0,0,0,0,71,14,55,27,42,27,10.3024400918405,12.5317836154357,0.466494431873352,2020-03-30,2020,3
"8135","PR",4,"Sul",41002,"Umuarama",277003,29805.2577603131,14,67,15,52,29,38,0,0,0,0,0,67,15,52,29,38,38,10.3024400918405,12.5317836154357,0.420173571139907,2020-04-06,2020,4
"8136","PR",4,"Sul",41002,"Umuarama",277003,29805.2577603131,15,67,12,55,21,46,0,0,0,0,0,67,12,55,21,46,50,10.3024400918405,12.5317836154357,0.40305505509998,2020-04-13,2020,4
"8137","PR",4,"Sul",41002,"Umuarama",277003,29805.2577603131,16,76,18,58,31,45,1,0,0,0,0,77,18,58,31,45,38,10.3024400918405,12.5317836154357,0.401667606405383,2020-04-20,2020,4
"8138","PR",4,"Sul",41002,"Umuarama",277003,29805.2577603131,17,72,9,63,19,53,2,0,0,0,0,74,9,63,19,53,44,10.3024400918405,12.5317836154357,0.39012232983042,2020-04-27,2020,4
"8139","PR",4,"Sul",41002,"Umuarama",277003,29805.2577603131,18,62,6,56,20,42,0,0,0,0,0,62,6,56,20,42,45,10.3024400918405,12.5317836154357,0.369483286950016,2020-05-04,2020,5
"8140","PR",4,"Sul",41002,"Umuarama",277003,29805.2577603131,19,77,15,62,31,46,2,0,0,0,0,79,15,62,31,46,51,10.3024400918405,12.5317836154357,0.376315621176569,2020-05-11,2020,5
"8141","PR",4,"Sul",41002,"Umuarama",277003,29805.2577603131,20,77,9,68,23,54,0,0,0,0,0,77,9,68,23,54,51,10.3024400918405,12.5317836154357,0.381938357276481,2020-05-18,2020,5
"8142","PR",4,"Sul",41002,"Umuarama",277003,29805.2577603131,21,90,15,75,34,56,0,0,0,0,0,90,15,75,34,56,50,10.3024400918405,12.5317836154357,0.364497960344279,2020-05-25,2020,5
"8143","PR",4,"Sul",41002,"Umuarama",277003,29805.2577603131,22,100,19,81,34,66,0,0,0,0,0,100,19,81,34,66,35,10.3024400918405,12.5317836154357,0.379369847073504,2020-06-01,2020,6
"8144","PR",4,"Sul",41002,"Umuarama",277003,29805.2577603131,23,70,12,58,28,42,1,0,0,0,0,71,12,58,28,42,46,10.3024400918405,12.5317836154357,0.369852426221657,2020-06-08,2020,6
"8145","PR",4,"Sul",41002,"Umuarama",277003,29805.2577603131,24,74,10,64,23,51,2,0,0,0,0,76,10,64,23,51,35,10.3024400918405,12.5317836154357,0.356504650665005,2020-06-15,2020,6
"8146","PR",4,"Sul",41002,"Umuarama",277003,29805.2577603131,25,67,8,59,20,47,1,0,0,0,0,68,8,59,20,47,40,10.3024400918405,12.5317836154357,0.393104225204259,2020-06-22,2020,6
"8147","PR",4,"Sul",41002,"Umuarama",277003,29805.2577603131,26,54,7,47,20,34,1,0,0,0,0,55,7,47,20,34,55,10.3024400918405,12.5317836154357,0.392829043450669,2020-06-29,2020,6
"8148","PR",4,"Sul",41002,"Umuarama",277003,29805.2577603131,27,61,8,53,22,39,2,0,0,0,0,63,8,53,22,39,44,10.3024400918405,12.5317836154357,0.385337809060795,2020-07-06,2020,7
"8149","PR",4,"Sul",41002,"Umuarama",277003,29805.2577603131,28,65,10,55,22,43,0,0,0,0,0,65,10,55,22,43,51,10.3024400918405,12.5317836154357,0.367524800025243,2020-07-13,2020,7
"8150","PR",4,"Sul",41002,"Umuarama",277003,29805.2577603131,29,75,12,63,24,51,1,0,0,0,0,76,12,63,24,51,48,10.3024400918405,12.5317836154357,0.3811942546691,2020-07-20,2020,7
"8151","PR",4,"Sul",41003,"Cianorte",162273,32867.455502086,5,24,7,17,8,16,0,0,0,0,0,24,7,17,8,16,21,10.4002382527123,11.9970353810684,0.288481464636914,2020-02-03,2020,2
"8152","PR",4,"Sul",41003,"Cianorte",162273,32867.455502086,6,21,4,17,11,10,0,0,0,0,0,21,4,17,11,10,24,10.4002382527123,11.9970353810684,0.293416006161141,2020-02-10,2020,2
"8153","PR",4,"Sul",41003,"Cianorte",162273,32867.455502086,7,29,9,20,5,24,1,0,0,0,0,30,9,20,5,24,28,10.4002382527123,11.9970353810684,0.29805463518497,2020-02-17,2020,2
"8154","PR",4,"Sul",41003,"Cianorte",162273,32867.455502086,8,33,11,22,8,25,0,0,0,0,0,33,11,22,8,25,12,10.4002382527123,11.9970353810684,0.32780456504779,2020-02-24,2020,2
"8155","PR",4,"Sul",41003,"Cianorte",162273,32867.455502086,9,37,3,34,13,24,0,0,0,0,0,37,3,34,13,24,28,10.4002382527123,11.9970353810684,0.321224797936175,2020-03-02,2020,3
"8156","PR",4,"Sul",41003,"Cianorte",162273,32867.455502086,10,31,5,26,13,18,0,0,0,0,0,31,5,26,13,18,22,10.4002382527123,11.9970353810684,0.327632396111294,2020-03-09,2020,3
"8157","PR",4,"Sul",41003,"Cianorte",162273,32867.455502086,11,31,4,27,9,22,0,0,0,0,0,31,4,27,9,22,25,10.4002382527123,11.9970353810684,0.398100241259195,2020-03-16,2020,3
"8158","PR",4,"Sul",41003,"Cianorte",162273,32867.455502086,12,38,9,29,15,23,0,0,0,0,0,38,9,29,15,23,24,10.4002382527123,11.9970353810684,0.524443179251822,2020-03-23,2020,3
"8159","PR",4,"Sul",41003,"Cianorte",162273,32867.455502086,13,33,10,23,15,18,0,0,0,0,0,33,10,23,15,18,23,10.4002382527123,11.9970353810684,0.453239675744434,2020-03-30,2020,3
"8160","PR",4,"Sul",41003,"Cianorte",162273,32867.455502086,14,42,14,28,18,24,0,0,0,0,0,42,14,28,18,24,18,10.4002382527123,11.9970353810684,0.428393775824649,2020-04-06,2020,4
"8161","PR",4,"Sul",41003,"Cianorte",162273,32867.455502086,15,37,9,28,12,25,0,0,0,0,0,37,9,28,12,25,18,10.4002382527123,11.9970353810684,0.391632815548022,2020-04-13,2020,4
"8162","PR",4,"Sul",41003,"Cianorte",162273,32867.455502086,16,42,13,29,15,27,0,0,0,0,0,42,13,29,15,27,22,10.4002382527123,11.9970353810684,0.410430715411444,2020-04-20,2020,4
"8163","PR",4,"Sul",41003,"Cianorte",162273,32867.455502086,17,42,9,33,16,26,0,0,0,0,0,42,9,33,16,26,21,10.4002382527123,11.9970353810684,0.40124415666512,2020-04-27,2020,4
"8164","PR",4,"Sul",41003,"Cianorte",162273,32867.455502086,18,28,5,23,6,22,0,0,0,0,0,28,5,23,6,22,21,10.4002382527123,11.9970353810684,0.374384061007158,2020-05-04,2020,5
"8165","PR",4,"Sul",41003,"Cianorte",162273,32867.455502086,19,47,12,35,20,27,0,0,0,0,0,47,12,35,20,27,18,10.4002382527123,11.9970353810684,0.386803143844776,2020-05-11,2020,5
"8166","PR",4,"Sul",41003,"Cianorte",162273,32867.455502086,20,39,6,33,15,24,0,0,0,0,0,39,6,33,15,24,20,10.4002382527123,11.9970353810684,0.39049149785841,2020-05-18,2020,5
"8167","PR",4,"Sul",41003,"Cianorte",162273,32867.455502086,21,33,4,29,7,26,0,0,0,0,0,33,4,29,7,26,24,10.4002382527123,11.9970353810684,0.38330672647433,2020-05-25,2020,5
"8168","PR",4,"Sul",41003,"Cianorte",162273,32867.455502086,22,43,6,37,15,28,1,0,0,0,0,44,6,37,15,28,29,10.4002382527123,11.9970353810684,0.384545235928991,2020-06-01,2020,6
"8169","PR",4,"Sul",41003,"Cianorte",162273,32867.455502086,23,48,13,35,16,32,0,0,0,0,0,48,13,35,16,32,29,10.4002382527123,11.9970353810684,0.386623904198563,2020-06-08,2020,6
"8170","PR",4,"Sul",41003,"Cianorte",162273,32867.455502086,24,36,9,27,14,22,0,0,0,0,0,36,9,27,14,22,22,10.4002382527123,11.9970353810684,0.364852811228594,2020-06-15,2020,6
"8171","PR",4,"Sul",41003,"Cianorte",162273,32867.455502086,25,31,2,29,8,23,1,0,0,0,0,32,2,29,8,23,16,10.4002382527123,11.9970353810684,0.384258493920283,2020-06-22,2020,6
"8172","PR",4,"Sul",41003,"Cianorte",162273,32867.455502086,26,33,11,22,13,20,1,0,0,0,0,34,11,22,13,20,19,10.4002382527123,11.9970353810684,0.383975852813773,2020-06-29,2020,6
"8173","PR",4,"Sul",41003,"Cianorte",162273,32867.455502086,27,39,7,32,8,31,1,0,0,0,0,40,7,32,8,31,25,10.4002382527123,11.9970353810684,0.380690364370705,2020-07-06,2020,7
"8174","PR",4,"Sul",41003,"Cianorte",162273,32867.455502086,28,46,13,33,14,32,0,0,0,0,0,46,13,33,14,32,16,10.4002382527123,11.9970353810684,0.371556753537676,2020-07-13,2020,7
"8175","PR",4,"Sul",41003,"Cianorte",162273,32867.455502086,29,52,10,42,19,33,0,0,0,0,0,52,10,42,19,33,21,10.4002382527123,11.9970353810684,0.375590981050311,2020-07-20,2020,7
"8176","PR",4,"Sul",41004,"Goioerê",106072,36108.8267960442,5,30,6,24,13,17,0,0,0,0,0,30,6,24,13,17,19,10.4942926240191,11.5718733877946,0.310161837600572,2020-02-03,2020,2
"8177","PR",4,"Sul",41004,"Goioerê",106072,36108.8267960442,6,23,4,19,11,12,0,0,0,0,0,23,4,19,11,12,19,10.4942926240191,11.5718733877946,0.289979975396657,2020-02-10,2020,2
"8178","PR",4,"Sul",41004,"Goioerê",106072,36108.8267960442,7,24,4,20,10,14,0,0,0,0,0,24,4,20,10,14,19,10.4942926240191,11.5718733877946,0.300029917148862,2020-02-17,2020,2
"8179","PR",4,"Sul",41004,"Goioerê",106072,36108.8267960442,8,12,0,12,3,9,0,0,0,0,0,12,0,12,3,9,20,10.4942926240191,11.5718733877946,0.333743326197676,2020-02-24,2020,2
"8180","PR",4,"Sul",41004,"Goioerê",106072,36108.8267960442,9,24,5,19,10,14,0,0,0,0,0,24,5,19,10,14,18,10.4942926240191,11.5718733877946,0.307324324087637,2020-03-02,2020,3
"8181","PR",4,"Sul",41004,"Goioerê",106072,36108.8267960442,10,18,2,16,4,14,0,0,0,0,0,18,2,16,4,14,25,10.4942926240191,11.5718733877946,0.312289679224338,2020-03-09,2020,3
"8182","PR",4,"Sul",41004,"Goioerê",106072,36108.8267960442,11,30,5,25,11,19,0,0,0,0,0,30,5,25,11,19,20,10.4942926240191,11.5718733877946,0.393088504745071,2020-03-16,2020,3
"8183","PR",4,"Sul",41004,"Goioerê",106072,36108.8267960442,12,20,7,13,6,14,0,0,0,0,0,20,7,13,6,14,19,10.4942926240191,11.5718733877946,0.534096650889727,2020-03-23,2020,3
"8184","PR",4,"Sul",41004,"Goioerê",106072,36108.8267960442,13,29,5,24,15,14,0,0,0,0,0,29,5,24,15,14,16,10.4942926240191,11.5718733877946,0.451589322348735,2020-03-30,2020,3
"8185","PR",4,"Sul",41004,"Goioerê",106072,36108.8267960442,14,15,1,14,8,7,0,0,0,0,0,15,1,14,8,7,23,10.4942926240191,11.5718733877946,0.437167610313681,2020-04-06,2020,4
"8186","PR",4,"Sul",41004,"Goioerê",106072,36108.8267960442,15,24,4,20,11,13,1,0,0,0,0,25,4,20,11,13,17,10.4942926240191,11.5718733877946,0.420961696553734,2020-04-13,2020,4
"8187","PR",4,"Sul",41004,"Goioerê",106072,36108.8267960442,16,43,9,34,17,26,0,0,0,0,0,43,9,34,17,26,23,10.4942926240191,11.5718733877946,0.418577393523974,2020-04-20,2020,4
"8188","PR",4,"Sul",41004,"Goioerê",106072,36108.8267960442,17,32,6,26,12,20,2,0,0,0,0,34,6,26,12,20,20,10.4942926240191,11.5718733877946,0.406113969955977,2020-04-27,2020,4
"8189","PR",4,"Sul",41004,"Goioerê",106072,36108.8267960442,18,35,4,31,6,29,0,0,0,0,0,35,4,31,6,29,20,10.4942926240191,11.5718733877946,0.374515805105262,2020-05-04,2020,5
"8190","PR",4,"Sul",41004,"Goioerê",106072,36108.8267960442,19,25,4,21,13,12,0,0,0,0,0,25,4,21,13,12,20,10.4942926240191,11.5718733877946,0.378769994257232,2020-05-11,2020,5
"8191","PR",4,"Sul",41004,"Goioerê",106072,36108.8267960442,20,35,9,26,12,23,0,0,0,0,0,35,9,26,12,23,14,10.4942926240191,11.5718733877946,0.39561089230979,2020-05-18,2020,5
"8192","PR",4,"Sul",41004,"Goioerê",106072,36108.8267960442,21,35,6,29,14,21,1,0,0,0,0,36,6,29,14,21,12,10.4942926240191,11.5718733877946,0.391063759590542,2020-05-25,2020,5
"8193","PR",4,"Sul",41004,"Goioerê",106072,36108.8267960442,22,37,6,31,9,28,1,0,0,0,0,38,6,31,9,28,26,10.4942926240191,11.5718733877946,0.392350178428154,2020-06-01,2020,6
"8194","PR",4,"Sul",41004,"Goioerê",106072,36108.8267960442,23,22,3,19,6,16,0,0,0,0,0,22,3,19,6,16,16,10.4942926240191,11.5718733877946,0.389560759084501,2020-06-08,2020,6
"8195","PR",4,"Sul",41004,"Goioerê",106072,36108.8267960442,24,36,11,25,14,22,0,0,0,0,0,36,11,25,14,22,21,10.4942926240191,11.5718733877946,0.368300610237503,2020-06-15,2020,6
"8196","PR",4,"Sul",41004,"Goioerê",106072,36108.8267960442,25,31,10,21,15,16,0,0,0,0,0,31,10,21,15,16,20,10.4942926240191,11.5718733877946,0.390111426663121,2020-06-22,2020,6
"8197","PR",4,"Sul",41004,"Goioerê",106072,36108.8267960442,26,25,8,17,15,10,0,0,0,0,0,25,8,17,15,10,24,10.4942926240191,11.5718733877946,0.395077504957209,2020-06-29,2020,6
"8198","PR",4,"Sul",41004,"Goioerê",106072,36108.8267960442,27,31,6,25,12,19,0,0,0,0,0,31,6,25,12,19,24,10.4942926240191,11.5718733877946,0.386652080863159,2020-07-06,2020,7
"8199","PR",4,"Sul",41004,"Goioerê",106072,36108.8267960442,28,26,4,22,9,17,0,0,0,0,0,26,4,22,9,17,23,10.4942926240191,11.5718733877946,0.384916774504259,2020-07-13,2020,7
"8200","PR",4,"Sul",41004,"Goioerê",106072,36108.8267960442,29,27,1,26,8,19,0,0,0,0,0,27,1,26,8,19,25,10.4942926240191,11.5718733877946,0.386615280555065,2020-07-20,2020,7
"8201","PR",4,"Sul",41005,"Campo Mourão",221523,36426.6500548024,5,53,10,43,21,32,0,0,0,0,0,53,10,43,21,32,34,10.5030559301006,12.3082817005484,0.306196843017127,2020-02-03,2020,2
"8202","PR",4,"Sul",41005,"Campo Mourão",221523,36426.6500548024,6,45,8,37,20,25,0,0,0,0,0,45,8,37,20,25,33,10.5030559301006,12.3082817005484,0.303176597665879,2020-02-10,2020,2
"8203","PR",4,"Sul",41005,"Campo Mourão",221523,36426.6500548024,7,55,12,43,19,36,0,0,0,0,0,55,12,43,19,36,39,10.5030559301006,12.3082817005484,0.30335413202431,2020-02-17,2020,2
"8204","PR",4,"Sul",41005,"Campo Mourão",221523,36426.6500548024,8,47,11,36,17,30,2,0,0,0,0,49,11,36,17,30,29,10.5030559301006,12.3082817005484,0.344187522364874,2020-02-24,2020,2
"8205","PR",4,"Sul",41005,"Campo Mourão",221523,36426.6500548024,9,58,14,44,23,35,0,0,0,0,0,58,14,44,23,35,28,10.5030559301006,12.3082817005484,0.328085616412438,2020-03-02,2020,3
"8206","PR",4,"Sul",41005,"Campo Mourão",221523,36426.6500548024,10,50,8,42,15,35,0,0,0,0,0,50,8,42,15,35,33,10.5030559301006,12.3082817005484,0.330551899969043,2020-03-09,2020,3
"8207","PR",4,"Sul",41005,"Campo Mourão",221523,36426.6500548024,11,46,7,39,13,33,1,0,0,0,0,47,7,39,13,33,34,10.5030559301006,12.3082817005484,0.431310859392149,2020-03-16,2020,3
"8208","PR",4,"Sul",41005,"Campo Mourão",221523,36426.6500548024,12,49,11,38,13,36,1,0,0,0,0,50,11,38,13,36,30,10.5030559301006,12.3082817005484,0.537823629691232,2020-03-23,2020,3
"8209","PR",4,"Sul",41005,"Campo Mourão",221523,36426.6500548024,13,52,9,43,15,37,1,0,0,0,0,53,9,43,15,37,26,10.5030559301006,12.3082817005484,0.495533889719771,2020-03-30,2020,3
"8210","PR",4,"Sul",41005,"Campo Mourão",221523,36426.6500548024,14,65,17,48,26,39,1,0,0,0,0,66,17,48,26,39,36,10.5030559301006,12.3082817005484,0.490931905447072,2020-04-06,2020,4
"8211","PR",4,"Sul",41005,"Campo Mourão",221523,36426.6500548024,15,44,8,36,19,25,0,0,0,0,0,44,8,36,19,25,33,10.5030559301006,12.3082817005484,0.449920193741578,2020-04-13,2020,4
"8212","PR",4,"Sul",41005,"Campo Mourão",221523,36426.6500548024,16,60,14,46,25,35,0,0,0,0,0,60,14,46,25,35,36,10.5030559301006,12.3082817005484,0.444951578519173,2020-04-20,2020,4
"8213","PR",4,"Sul",41005,"Campo Mourão",221523,36426.6500548024,17,55,13,42,17,38,0,0,0,0,0,55,13,42,17,38,36,10.5030559301006,12.3082817005484,0.422548170144619,2020-04-27,2020,4
"8214","PR",4,"Sul",41005,"Campo Mourão",221523,36426.6500548024,18,51,7,44,17,34,0,0,0,0,0,51,7,44,17,34,34,10.5030559301006,12.3082817005484,0.394475037750003,2020-05-04,2020,5
"8215","PR",4,"Sul",41005,"Campo Mourão",221523,36426.6500548024,19,69,14,55,35,34,0,0,0,0,0,69,14,55,35,34,34,10.5030559301006,12.3082817005484,0.394671275182722,2020-05-11,2020,5
"8216","PR",4,"Sul",41005,"Campo Mourão",221523,36426.6500548024,20,61,12,49,18,43,0,0,0,0,0,61,12,49,18,43,30,10.5030559301006,12.3082817005484,0.404371142667684,2020-05-18,2020,5
"8217","PR",4,"Sul",41005,"Campo Mourão",221523,36426.6500548024,21,62,13,49,32,30,1,0,0,0,0,63,13,49,32,30,35,10.5030559301006,12.3082817005484,0.386048520278653,2020-05-25,2020,5
"8218","PR",4,"Sul",41005,"Campo Mourão",221523,36426.6500548024,22,62,10,52,20,42,0,0,0,0,0,62,10,52,20,42,33,10.5030559301006,12.3082817005484,0.394471600381305,2020-06-01,2020,6
"8219","PR",4,"Sul",41005,"Campo Mourão",221523,36426.6500548024,23,57,15,42,20,37,0,0,0,0,0,57,15,42,20,37,38,10.5030559301006,12.3082817005484,0.38725899589844,2020-06-08,2020,6
"8220","PR",4,"Sul",41005,"Campo Mourão",221523,36426.6500548024,24,42,11,31,17,25,0,0,0,0,0,42,11,31,17,25,41,10.5030559301006,12.3082817005484,0.377919417370532,2020-06-15,2020,6
"8221","PR",4,"Sul",41005,"Campo Mourão",221523,36426.6500548024,25,65,9,56,24,41,0,0,0,0,0,65,9,56,24,41,47,10.5030559301006,12.3082817005484,0.39814412908127,2020-06-22,2020,6
"8222","PR",4,"Sul",41005,"Campo Mourão",221523,36426.6500548024,26,59,10,49,22,37,1,0,0,0,0,60,10,49,22,37,49,10.5030559301006,12.3082817005484,0.395166309839181,2020-06-29,2020,6
"8223","PR",4,"Sul",41005,"Campo Mourão",221523,36426.6500548024,27,62,10,52,23,39,1,0,0,0,0,63,10,52,23,39,46,10.5030559301006,12.3082817005484,0.404807826287238,2020-07-06,2020,7
"8224","PR",4,"Sul",41005,"Campo Mourão",221523,36426.6500548024,28,50,10,40,20,30,1,0,0,0,0,51,10,40,20,30,46,10.5030559301006,12.3082817005484,0.389861025324524,2020-07-13,2020,7
"8225","PR",4,"Sul",41005,"Campo Mourão",221523,36426.6500548024,29,58,6,52,16,42,0,0,0,0,0,58,6,52,16,42,39,10.5030559301006,12.3082817005484,0.391226608370712,2020-07-20,2020,7
"8226","PR",4,"Sul",41006,"Astorga",197766,28926.0576424664,5,43,11,32,14,29,0,0,0,0,0,43,11,32,14,29,24,10.2724981163879,12.194839792597,0.285192111755871,2020-02-03,2020,2
"8227","PR",4,"Sul",41006,"Astorga",197766,28926.0576424664,6,40,6,34,9,31,1,0,0,0,0,41,6,34,9,31,33,10.2724981163879,12.194839792597,0.283888334255035,2020-02-10,2020,2
"8228","PR",4,"Sul",41006,"Astorga",197766,28926.0576424664,7,38,9,29,12,26,1,0,0,0,0,39,9,29,12,26,32,10.2724981163879,12.194839792597,0.291547776116473,2020-02-17,2020,2
"8229","PR",4,"Sul",41006,"Astorga",197766,28926.0576424664,8,44,6,38,12,32,0,0,0,0,0,44,6,38,12,32,20,10.2724981163879,12.194839792597,0.339585654145071,2020-02-24,2020,2
"8230","PR",4,"Sul",41006,"Astorga",197766,28926.0576424664,9,50,10,40,21,29,1,0,0,0,0,51,10,40,21,29,38,10.2724981163879,12.194839792597,0.316915192759284,2020-03-02,2020,3
"8231","PR",4,"Sul",41006,"Astorga",197766,28926.0576424664,10,35,9,26,11,24,0,0,0,0,0,35,9,26,11,24,33,10.2724981163879,12.194839792597,0.314194876792901,2020-03-09,2020,3
"8232","PR",4,"Sul",41006,"Astorga",197766,28926.0576424664,11,58,15,43,22,36,0,0,0,0,0,58,15,43,22,36,45,10.2724981163879,12.194839792597,0.398736524650468,2020-03-16,2020,3
"8233","PR",4,"Sul",41006,"Astorga",197766,28926.0576424664,12,44,13,31,16,28,1,0,0,0,0,45,13,31,16,28,36,10.2724981163879,12.194839792597,0.518006604949364,2020-03-23,2020,3
"8234","PR",4,"Sul",41006,"Astorga",197766,28926.0576424664,13,52,11,41,22,30,0,0,0,0,0,52,11,41,22,30,35,10.2724981163879,12.194839792597,0.453213213724383,2020-03-30,2020,3
"8235","PR",4,"Sul",41006,"Astorga",197766,28926.0576424664,14,35,9,26,13,22,0,0,0,0,0,35,9,26,13,22,19,10.2724981163879,12.194839792597,0.425666451129645,2020-04-06,2020,4
"8236","PR",4,"Sul",41006,"Astorga",197766,28926.0576424664,15,39,6,33,9,30,0,0,0,0,0,39,6,33,9,30,29,10.2724981163879,12.194839792597,0.404586345253746,2020-04-13,2020,4
"8237","PR",4,"Sul",41006,"Astorga",197766,28926.0576424664,16,41,10,31,13,28,0,0,0,0,0,41,10,31,13,28,30,10.2724981163879,12.194839792597,0.4063359374268,2020-04-20,2020,4
"8238","PR",4,"Sul",41006,"Astorga",197766,28926.0576424664,17,46,13,33,18,28,0,0,0,0,0,46,13,33,18,28,26,10.2724981163879,12.194839792597,0.399457929998047,2020-04-27,2020,4
"8239","PR",4,"Sul",41006,"Astorga",197766,28926.0576424664,18,43,8,35,19,24,0,0,0,0,0,43,8,35,19,24,28,10.2724981163879,12.194839792597,0.363954564225347,2020-05-04,2020,5
"8240","PR",4,"Sul",41006,"Astorga",197766,28926.0576424664,19,49,13,36,18,31,0,0,0,0,0,49,13,36,18,31,36,10.2724981163879,12.194839792597,0.367216190706535,2020-05-11,2020,5
"8241","PR",4,"Sul",41006,"Astorga",197766,28926.0576424664,20,46,16,30,22,24,0,0,0,0,0,46,16,30,22,24,27,10.2724981163879,12.194839792597,0.373430672693426,2020-05-18,2020,5
"8242","PR",4,"Sul",41006,"Astorga",197766,28926.0576424664,21,60,18,42,22,38,0,0,0,0,0,60,18,42,22,38,42,10.2724981163879,12.194839792597,0.365290010344627,2020-05-25,2020,5
"8243","PR",4,"Sul",41006,"Astorga",197766,28926.0576424664,22,52,11,41,13,39,0,0,0,0,0,52,11,41,13,39,22,10.2724981163879,12.194839792597,0.367843489925124,2020-06-01,2020,6
"8244","PR",4,"Sul",41006,"Astorga",197766,28926.0576424664,23,38,12,26,13,25,2,0,0,0,0,40,12,26,13,25,26,10.2724981163879,12.194839792597,0.359812050262156,2020-06-08,2020,6
"8245","PR",4,"Sul",41006,"Astorga",197766,28926.0576424664,24,59,8,51,16,43,0,0,0,0,0,59,8,51,16,43,32,10.2724981163879,12.194839792597,0.349218985638675,2020-06-15,2020,6
"8246","PR",4,"Sul",41006,"Astorga",197766,28926.0576424664,25,51,7,44,12,39,0,0,0,0,0,51,7,44,12,39,31,10.2724981163879,12.194839792597,0.367666801430101,2020-06-22,2020,6
"8247","PR",4,"Sul",41006,"Astorga",197766,28926.0576424664,26,47,8,39,16,31,0,0,0,0,0,47,8,39,16,31,28,10.2724981163879,12.194839792597,0.365791043577141,2020-06-29,2020,6
"8248","PR",4,"Sul",41006,"Astorga",197766,28926.0576424664,27,49,4,45,17,32,0,0,0,0,0,49,4,45,17,32,27,10.2724981163879,12.194839792597,0.365270251827589,2020-07-06,2020,7
"8249","PR",4,"Sul",41006,"Astorga",197766,28926.0576424664,28,55,11,44,24,31,0,0,0,0,0,55,11,44,24,31,32,10.2724981163879,12.194839792597,0.36809955014705,2020-07-13,2020,7
"8250","PR",4,"Sul",41006,"Astorga",197766,28926.0576424664,29,56,13,43,27,29,0,0,0,0,0,56,13,43,27,29,24,10.2724981163879,12.194839792597,0.365376108053034,2020-07-20,2020,7
"8251","PR",4,"Sul",41007,"Porecatu",83222,32139.1840849775,5,16,8,8,7,9,0,0,0,0,0,16,8,8,7,9,14,10.3778312526898,11.3292670149326,0.289659904110024,2020-02-03,2020,2
"8252","PR",4,"Sul",41007,"Porecatu",83222,32139.1840849775,6,17,2,15,4,13,0,0,0,0,0,17,2,15,4,13,12,10.3778312526898,11.3292670149326,0.276284415152504,2020-02-10,2020,2
"8253","PR",4,"Sul",41007,"Porecatu",83222,32139.1840849775,7,12,4,8,5,7,0,0,0,0,0,12,4,8,5,7,23,10.3778312526898,11.3292670149326,0.300327719730811,2020-02-17,2020,2
"8254","PR",4,"Sul",41007,"Porecatu",83222,32139.1840849775,8,12,2,10,3,9,0,0,0,0,0,12,2,10,3,9,17,10.3778312526898,11.3292670149326,0.346117226686702,2020-02-24,2020,2
"8255","PR",4,"Sul",41007,"Porecatu",83222,32139.1840849775,9,10,1,9,5,5,0,0,0,0,0,10,1,9,5,5,19,10.3778312526898,11.3292670149326,0.307501252739422,2020-03-02,2020,3
"8256","PR",4,"Sul",41007,"Porecatu",83222,32139.1840849775,10,26,6,20,8,18,0,0,0,0,0,26,6,20,8,18,12,10.3778312526898,11.3292670149326,0.319662044831584,2020-03-09,2020,3
"8257","PR",4,"Sul",41007,"Porecatu",83222,32139.1840849775,11,9,3,6,5,4,0,0,0,0,0,9,3,6,5,4,22,10.3778312526898,11.3292670149326,0.380330844663392,2020-03-16,2020,3
"8258","PR",4,"Sul",41007,"Porecatu",83222,32139.1840849775,12,11,1,10,5,6,0,0,0,0,0,11,1,10,5,6,17,10.3778312526898,11.3292670149326,0.471455116632783,2020-03-23,2020,3
"8259","PR",4,"Sul",41007,"Porecatu",83222,32139.1840849775,13,21,4,17,6,15,0,0,0,0,0,21,4,17,6,15,24,10.3778312526898,11.3292670149326,0.430140902848064,2020-03-30,2020,3
"8260","PR",4,"Sul",41007,"Porecatu",83222,32139.1840849775,14,18,2,16,6,12,0,0,0,0,0,18,2,16,6,12,15,10.3778312526898,11.3292670149326,0.410635751462417,2020-04-06,2020,4
"8261","PR",4,"Sul",41007,"Porecatu",83222,32139.1840849775,15,21,6,15,7,14,0,0,0,0,0,21,6,15,7,14,12,10.3778312526898,11.3292670149326,0.380409562593076,2020-04-13,2020,4
"8262","PR",4,"Sul",41007,"Porecatu",83222,32139.1840849775,16,16,5,11,5,11,0,0,0,0,0,16,5,11,5,11,4,10.3778312526898,11.3292670149326,0.391396236848807,2020-04-20,2020,4
"8263","PR",4,"Sul",41007,"Porecatu",83222,32139.1840849775,17,25,8,17,9,16,0,0,0,0,0,25,8,17,9,16,17,10.3778312526898,11.3292670149326,0.373595818223215,2020-04-27,2020,4
"8264","PR",4,"Sul",41007,"Porecatu",83222,32139.1840849775,18,18,5,13,4,14,0,0,0,0,0,18,5,13,4,14,16,10.3778312526898,11.3292670149326,0.354924917073605,2020-05-04,2020,5
"8265","PR",4,"Sul",41007,"Porecatu",83222,32139.1840849775,19,18,7,11,7,11,0,0,0,0,0,18,7,11,7,11,10,10.3778312526898,11.3292670149326,0.355279535080133,2020-05-11,2020,5
"8266","PR",4,"Sul",41007,"Porecatu",83222,32139.1840849775,20,15,4,11,7,8,0,0,0,0,0,15,4,11,7,8,10,10.3778312526898,11.3292670149326,0.362575668411626,2020-05-18,2020,5
"8267","PR",4,"Sul",41007,"Porecatu",83222,32139.1840849775,21,21,3,18,8,13,0,0,0,0,0,21,3,18,8,13,14,10.3778312526898,11.3292670149326,0.352704620542375,2020-05-25,2020,5
"8268","PR",4,"Sul",41007,"Porecatu",83222,32139.1840849775,22,15,3,12,4,11,0,0,0,0,0,15,3,12,4,11,13,10.3778312526898,11.3292670149326,0.36391398349668,2020-06-01,2020,6
"8269","PR",4,"Sul",41007,"Porecatu",83222,32139.1840849775,23,20,3,17,6,14,0,0,0,0,0,20,3,17,6,14,9,10.3778312526898,11.3292670149326,0.363598658173806,2020-06-08,2020,6
"8270","PR",4,"Sul",41007,"Porecatu",83222,32139.1840849775,24,19,2,17,9,10,0,0,0,0,0,19,2,17,9,10,12,10.3778312526898,11.3292670149326,0.346246013104292,2020-06-15,2020,6
"8271","PR",4,"Sul",41007,"Porecatu",83222,32139.1840849775,25,17,4,13,4,13,0,0,0,0,0,17,4,13,4,13,15,10.3778312526898,11.3292670149326,0.361458622822157,2020-06-22,2020,6
"8272","PR",4,"Sul",41007,"Porecatu",83222,32139.1840849775,26,18,1,17,7,11,0,0,0,0,0,18,1,17,7,11,19,10.3778312526898,11.3292670149326,0.359241021899611,2020-06-29,2020,6
"8273","PR",4,"Sul",41007,"Porecatu",83222,32139.1840849775,27,22,3,19,8,14,0,0,0,0,0,22,3,19,8,14,15,10.3778312526898,11.3292670149326,0.368030155434719,2020-07-06,2020,7
"8274","PR",4,"Sul",41007,"Porecatu",83222,32139.1840849775,28,15,1,14,4,11,0,0,0,0,0,15,1,14,4,11,12,10.3778312526898,11.3292670149326,0.357834146417067,2020-07-13,2020,7
"8275","PR",4,"Sul",41007,"Porecatu",83222,32139.1840849775,29,15,4,11,7,8,1,0,0,0,0,16,4,11,7,8,11,10.3778312526898,11.3292670149326,0.355621953381576,2020-07-20,2020,7
"8276","PR",4,"Sul",41008,"Floraí",36096,34013.8199171653,5,7,0,7,0,7,0,0,0,0,0,7,0,7,0,7,3,10.4345221891644,10.4939373348577,0.286963436894383,2020-02-03,2020,2
"8277","PR",4,"Sul",41008,"Floraí",36096,34013.8199171653,6,5,1,4,2,3,0,0,0,0,0,5,1,4,2,3,5,10.4345221891644,10.4939373348577,0.27797377389791,2020-02-10,2020,2
"8278","PR",4,"Sul",41008,"Floraí",36096,34013.8199171653,7,5,0,5,2,3,0,0,0,0,0,5,0,5,2,3,3,10.4345221891644,10.4939373348577,0.288875829603252,2020-02-17,2020,2
"8279","PR",4,"Sul",41008,"Floraí",36096,34013.8199171653,8,5,1,4,3,2,0,0,0,0,0,5,1,4,3,2,3,10.4345221891644,10.4939373348577,0.32446936858073,2020-02-24,2020,2
"8280","PR",4,"Sul",41008,"Floraí",36096,34013.8199171653,9,8,0,8,4,4,0,0,0,0,0,8,0,8,4,4,7,10.4345221891644,10.4939373348577,0.303125196902169,2020-03-02,2020,3
"8281","PR",4,"Sul",41008,"Floraí",36096,34013.8199171653,10,4,2,2,0,4,0,0,0,0,0,4,2,2,0,4,9,10.4345221891644,10.4939373348577,0.309739350292761,2020-03-09,2020,3
"8282","PR",4,"Sul",41008,"Floraí",36096,34013.8199171653,11,8,1,7,3,5,0,0,0,0,0,8,1,7,3,5,9,10.4345221891644,10.4939373348577,0.371621543568265,2020-03-16,2020,3
"8283","PR",4,"Sul",41008,"Floraí",36096,34013.8199171653,12,6,1,5,3,3,0,0,0,0,0,6,1,5,3,3,7,10.4345221891644,10.4939373348577,0.514635306972288,2020-03-23,2020,3
"8284","PR",4,"Sul",41008,"Floraí",36096,34013.8199171653,13,5,1,4,2,3,0,0,0,0,0,5,1,4,2,3,14,10.4345221891644,10.4939373348577,0.455675566711653,2020-03-30,2020,3
"8285","PR",4,"Sul",41008,"Floraí",36096,34013.8199171653,14,8,0,8,3,5,0,0,0,0,0,8,0,8,3,5,4,10.4345221891644,10.4939373348577,0.438257720391486,2020-04-06,2020,4
"8286","PR",4,"Sul",41008,"Floraí",36096,34013.8199171653,15,4,0,4,1,3,0,0,0,0,0,4,0,4,1,3,8,10.4345221891644,10.4939373348577,0.40923298304175,2020-04-13,2020,4
"8287","PR",4,"Sul",41008,"Floraí",36096,34013.8199171653,16,10,2,8,6,4,0,0,0,0,0,10,2,8,6,4,6,10.4345221891644,10.4939373348577,0.401835394634643,2020-04-20,2020,4
"8288","PR",4,"Sul",41008,"Floraí",36096,34013.8199171653,17,9,4,5,4,5,0,0,0,0,0,9,4,5,4,5,4,10.4345221891644,10.4939373348577,0.403470779915436,2020-04-27,2020,4
"8289","PR",4,"Sul",41008,"Floraí",36096,34013.8199171653,18,7,2,5,2,5,0,0,0,0,0,7,2,5,2,5,13,10.4345221891644,10.4939373348577,0.356513663612041,2020-05-04,2020,5
"8290","PR",4,"Sul",41008,"Floraí",36096,34013.8199171653,19,12,2,10,4,8,1,0,0,0,0,13,2,10,4,8,4,10.4345221891644,10.4939373348577,0.3644641255322,2020-05-11,2020,5
"8291","PR",4,"Sul",41008,"Floraí",36096,34013.8199171653,20,7,0,7,3,4,0,0,0,0,0,7,0,7,3,4,4,10.4345221891644,10.4939373348577,0.376211401019001,2020-05-18,2020,5
"8292","PR",4,"Sul",41008,"Floraí",36096,34013.8199171653,21,11,2,9,2,9,0,0,0,0,0,11,2,9,2,9,5,10.4345221891644,10.4939373348577,0.359158693484234,2020-05-25,2020,5
"8293","PR",4,"Sul",41008,"Floraí",36096,34013.8199171653,22,13,3,10,2,11,0,0,0,0,0,13,3,10,2,11,10,10.4345221891644,10.4939373348577,0.369427211631576,2020-06-01,2020,6
"8294","PR",4,"Sul",41008,"Floraí",36096,34013.8199171653,23,9,1,8,3,6,0,0,0,0,0,9,1,8,3,6,9,10.4345221891644,10.4939373348577,0.356198422643454,2020-06-08,2020,6
"8295","PR",4,"Sul",41008,"Floraí",36096,34013.8199171653,24,8,1,7,5,3,0,0,0,0,0,8,1,7,5,3,5,10.4345221891644,10.4939373348577,0.339427653305059,2020-06-15,2020,6
"8296","PR",4,"Sul",41008,"Floraí",36096,34013.8199171653,25,6,2,4,3,3,0,0,0,0,0,6,2,4,3,3,2,10.4345221891644,10.4939373348577,0.357501702170208,2020-06-22,2020,6
"8297","PR",4,"Sul",41008,"Floraí",36096,34013.8199171653,26,3,0,3,0,3,0,0,0,0,0,3,0,3,0,3,4,10.4345221891644,10.4939373348577,0.370283773281466,2020-06-29,2020,6
"8298","PR",4,"Sul",41008,"Floraí",36096,34013.8199171653,27,4,2,2,2,2,0,0,0,0,0,4,2,2,2,2,8,10.4345221891644,10.4939373348577,0.373701156285934,2020-07-06,2020,7
"8299","PR",4,"Sul",41008,"Floraí",36096,34013.8199171653,28,8,1,7,2,6,0,0,0,0,0,8,1,7,2,6,6,10.4345221891644,10.4939373348577,0.383816269108788,2020-07-13,2020,7
"8300","PR",4,"Sul",41008,"Floraí",36096,34013.8199171653,29,10,1,9,3,7,0,0,0,0,0,10,1,9,3,7,14,10.4345221891644,10.4939373348577,0.388132024956091,2020-07-20,2020,7
"8301","PR",4,"Sul",41009,"Maringá",640052,38564.4424929693,5,135,19,116,38,97,0,0,0,0,0,135,19,116,38,97,75,10.5600859519682,13.3693047020353,0.275890083892517,2020-02-03,2020,2
"8302","PR",4,"Sul",41009,"Maringá",640052,38564.4424929693,6,139,22,117,40,99,0,0,0,0,0,139,22,117,40,99,67,10.5600859519682,13.3693047020353,0.273866807013181,2020-02-10,2020,2
"8303","PR",4,"Sul",41009,"Maringá",640052,38564.4424929693,7,149,27,122,36,113,0,0,0,0,0,149,27,122,36,113,74,10.5600859519682,13.3693047020353,0.285353814662153,2020-02-17,2020,2
"8304","PR",4,"Sul",41009,"Maringá",640052,38564.4424929693,8,127,13,114,25,102,4,0,0,0,0,131,13,114,25,102,65,10.5600859519682,13.3693047020353,0.333640421344834,2020-02-24,2020,2
"8305","PR",4,"Sul",41009,"Maringá",640052,38564.4424929693,9,149,24,125,39,110,1,0,0,0,0,150,24,125,39,110,82,10.5600859519682,13.3693047020353,0.308565574207991,2020-03-02,2020,3
"8306","PR",4,"Sul",41009,"Maringá",640052,38564.4424929693,10,149,29,120,45,104,0,0,0,0,0,149,29,120,45,104,85,10.5600859519682,13.3693047020353,0.315816595747883,2020-03-09,2020,3
"8307","PR",4,"Sul",41009,"Maringá",640052,38564.4424929693,11,144,28,116,36,108,0,0,0,0,0,144,28,116,36,108,87,10.5600859519682,13.3693047020353,0.426948217246436,2020-03-16,2020,3
"8308","PR",4,"Sul",41009,"Maringá",640052,38564.4424929693,12,129,20,109,35,94,0,0,0,0,0,129,20,109,35,94,83,10.5600859519682,13.3693047020353,0.592383230309839,2020-03-23,2020,3
"8309","PR",4,"Sul",41009,"Maringá",640052,38564.4424929693,13,132,28,104,48,84,2,0,0,0,0,134,28,104,48,84,72,10.5600859519682,13.3693047020353,0.53148221210662,2020-03-30,2020,3
"8310","PR",4,"Sul",41009,"Maringá",640052,38564.4424929693,14,161,28,133,55,106,1,0,0,0,0,162,28,133,55,106,62,10.5600859519682,13.3693047020353,0.497139063110459,2020-04-06,2020,4
"8311","PR",4,"Sul",41009,"Maringá",640052,38564.4424929693,15,140,23,117,38,102,1,0,0,0,0,141,23,117,38,102,67,10.5600859519682,13.3693047020353,0.457897093839821,2020-04-13,2020,4
"8312","PR",4,"Sul",41009,"Maringá",640052,38564.4424929693,16,153,28,125,46,107,1,0,0,0,0,154,28,125,46,107,70,10.5600859519682,13.3693047020353,0.440243567590834,2020-04-20,2020,4
"8313","PR",4,"Sul",41009,"Maringá",640052,38564.4424929693,17,161,30,131,45,116,2,0,0,0,0,163,30,131,45,116,67,10.5600859519682,13.3693047020353,0.421296793526913,2020-04-27,2020,4
"8314","PR",4,"Sul",41009,"Maringá",640052,38564.4424929693,18,167,25,142,41,126,2,0,0,0,0,169,25,142,41,126,86,10.5600859519682,13.3693047020353,0.388678547376173,2020-05-04,2020,5
"8315","PR",4,"Sul",41009,"Maringá",640052,38564.4424929693,19,162,28,134,50,112,1,0,0,0,0,163,28,134,50,112,62,10.5600859519682,13.3693047020353,0.389107719282248,2020-05-11,2020,5
"8316","PR",4,"Sul",41009,"Maringá",640052,38564.4424929693,20,162,24,138,34,128,0,0,0,0,0,162,24,138,34,128,90,10.5600859519682,13.3693047020353,0.39539121040943,2020-05-18,2020,5
"8317","PR",4,"Sul",41009,"Maringá",640052,38564.4424929693,21,164,27,137,42,122,0,0,0,0,0,164,27,137,42,122,87,10.5600859519682,13.3693047020353,0.378381136949278,2020-05-25,2020,5
"8318","PR",4,"Sul",41009,"Maringá",640052,38564.4424929693,22,167,25,142,41,126,1,0,0,0,0,168,25,142,41,126,79,10.5600859519682,13.3693047020353,0.382889128093452,2020-06-01,2020,6
"8319","PR",4,"Sul",41009,"Maringá",640052,38564.4424929693,23,153,20,133,49,104,0,0,0,0,0,153,20,133,49,104,82,10.5600859519682,13.3693047020353,0.378682505587801,2020-06-08,2020,6
"8320","PR",4,"Sul",41009,"Maringá",640052,38564.4424929693,24,150,23,127,42,108,1,0,0,0,0,151,23,127,42,108,75,10.5600859519682,13.3693047020353,0.361195296297757,2020-06-15,2020,6
"8321","PR",4,"Sul",41009,"Maringá",640052,38564.4424929693,25,140,33,107,32,108,1,0,0,0,0,141,33,107,32,108,77,10.5600859519682,13.3693047020353,0.383013828697141,2020-06-22,2020,6
"8322","PR",4,"Sul",41009,"Maringá",640052,38564.4424929693,26,143,26,117,36,107,0,0,0,0,0,143,26,117,36,107,70,10.5600859519682,13.3693047020353,0.378887049005064,2020-06-29,2020,6
"8323","PR",4,"Sul",41009,"Maringá",640052,38564.4424929693,27,151,32,119,49,102,3,0,0,0,0,154,32,119,49,102,104,10.5600859519682,13.3693047020353,0.381904284288144,2020-07-06,2020,7
"8324","PR",4,"Sul",41009,"Maringá",640052,38564.4424929693,28,138,19,119,27,111,2,0,0,0,0,140,19,119,27,111,87,10.5600859519682,13.3693047020353,0.367718479474962,2020-07-13,2020,7
"8325","PR",4,"Sul",41009,"Maringá",640052,38564.4424929693,29,140,13,127,35,105,0,0,0,0,0,140,13,127,35,105,84,10.5600859519682,13.3693047020353,0.369562636664249,2020-07-20,2020,7
"8326","PR",4,"Sul",41010,"Apucarana",328142,30227.4997979229,5,80,14,66,22,58,0,0,0,0,0,80,14,66,22,58,35,10.3165073783632,12.7012017205098,0.290397743184188,2020-02-03,2020,2
"8327","PR",4,"Sul",41010,"Apucarana",328142,30227.4997979229,6,71,15,56,28,43,0,0,0,0,0,71,15,56,28,43,38,10.3165073783632,12.7012017205098,0.294657663832609,2020-02-10,2020,2
"8328","PR",4,"Sul",41010,"Apucarana",328142,30227.4997979229,7,60,10,50,23,37,1,0,0,0,0,61,10,50,23,37,36,10.3165073783632,12.7012017205098,0.295362014510507,2020-02-17,2020,2
"8329","PR",4,"Sul",41010,"Apucarana",328142,30227.4997979229,8,76,12,64,31,45,1,0,0,0,0,77,12,64,31,45,46,10.3165073783632,12.7012017205098,0.344471508638897,2020-02-24,2020,2
"8330","PR",4,"Sul",41010,"Apucarana",328142,30227.4997979229,9,75,11,64,25,50,0,0,0,0,0,75,11,64,25,50,44,10.3165073783632,12.7012017205098,0.309532810021964,2020-03-02,2020,3
"8331","PR",4,"Sul",41010,"Apucarana",328142,30227.4997979229,10,77,12,65,22,55,2,0,0,0,0,79,12,65,22,55,38,10.3165073783632,12.7012017205098,0.319539245859844,2020-03-09,2020,3
"8332","PR",4,"Sul",41010,"Apucarana",328142,30227.4997979229,11,66,11,55,23,43,1,0,0,0,0,67,11,55,23,43,43,10.3165073783632,12.7012017205098,0.390067980770059,2020-03-16,2020,3
"8333","PR",4,"Sul",41010,"Apucarana",328142,30227.4997979229,12,74,20,54,27,47,0,0,0,0,0,74,20,54,27,47,41,10.3165073783632,12.7012017205098,0.522879813665649,2020-03-23,2020,3
"8334","PR",4,"Sul",41010,"Apucarana",328142,30227.4997979229,13,61,18,43,21,40,0,0,0,0,0,61,18,43,21,40,52,10.3165073783632,12.7012017205098,0.47881783416577,2020-03-30,2020,3
"8335","PR",4,"Sul",41010,"Apucarana",328142,30227.4997979229,14,81,20,61,30,51,0,0,0,0,0,81,20,61,30,51,33,10.3165073783632,12.7012017205098,0.455224272697967,2020-04-06,2020,4
"8336","PR",4,"Sul",41010,"Apucarana",328142,30227.4997979229,15,74,17,57,24,50,0,0,0,0,0,74,17,57,24,50,39,10.3165073783632,12.7012017205098,0.422298571087831,2020-04-13,2020,4
"8337","PR",4,"Sul",41010,"Apucarana",328142,30227.4997979229,16,84,12,72,32,52,0,0,0,0,0,84,12,72,32,52,42,10.3165073783632,12.7012017205098,0.423762464588773,2020-04-20,2020,4
"8338","PR",4,"Sul",41010,"Apucarana",328142,30227.4997979229,17,80,24,56,26,54,0,0,0,0,0,80,24,56,26,54,36,10.3165073783632,12.7012017205098,0.408053761044098,2020-04-27,2020,4
"8339","PR",4,"Sul",41010,"Apucarana",328142,30227.4997979229,18,77,15,62,25,52,0,0,0,0,0,77,15,62,25,52,29,10.3165073783632,12.7012017205098,0.379884285020213,2020-05-04,2020,5
"8340","PR",4,"Sul",41010,"Apucarana",328142,30227.4997979229,19,58,21,37,16,42,0,0,0,0,0,58,21,37,16,42,49,10.3165073783632,12.7012017205098,0.3751684816066,2020-05-11,2020,5
"8341","PR",4,"Sul",41010,"Apucarana",328142,30227.4997979229,20,73,8,65,21,52,0,0,0,0,0,73,8,65,21,52,43,10.3165073783632,12.7012017205098,0.381606985572963,2020-05-18,2020,5
"8342","PR",4,"Sul",41010,"Apucarana",328142,30227.4997979229,21,76,19,57,18,58,1,0,0,0,0,77,19,57,18,58,36,10.3165073783632,12.7012017205098,0.365607411376589,2020-05-25,2020,5
"8343","PR",4,"Sul",41010,"Apucarana",328142,30227.4997979229,22,92,15,77,30,62,0,0,0,0,0,92,15,77,30,62,40,10.3165073783632,12.7012017205098,0.372890016251943,2020-06-01,2020,6
"8344","PR",4,"Sul",41010,"Apucarana",328142,30227.4997979229,23,83,20,63,33,50,0,0,0,0,0,83,20,63,33,50,54,10.3165073783632,12.7012017205098,0.366317834872616,2020-06-08,2020,6
"8345","PR",4,"Sul",41010,"Apucarana",328142,30227.4997979229,24,71,19,52,23,48,0,0,0,0,0,71,19,52,23,48,39,10.3165073783632,12.7012017205098,0.354565627009382,2020-06-15,2020,6
"8346","PR",4,"Sul",41010,"Apucarana",328142,30227.4997979229,25,84,15,69,29,55,1,0,0,0,0,85,15,69,29,55,43,10.3165073783632,12.7012017205098,0.366798039763829,2020-06-22,2020,6
"8347","PR",4,"Sul",41010,"Apucarana",328142,30227.4997979229,26,86,21,65,31,55,0,0,0,0,0,86,21,65,31,55,55,10.3165073783632,12.7012017205098,0.367513009740953,2020-06-29,2020,6
"8348","PR",4,"Sul",41010,"Apucarana",328142,30227.4997979229,27,81,15,66,21,60,0,0,0,0,0,81,15,66,21,60,51,10.3165073783632,12.7012017205098,0.36596479273669,2020-07-06,2020,7
"8349","PR",4,"Sul",41010,"Apucarana",328142,30227.4997979229,28,81,15,66,18,63,1,0,0,0,0,82,15,66,18,63,63,10.3165073783632,12.7012017205098,0.359265735957487,2020-07-13,2020,7
"8350","PR",4,"Sul",41010,"Apucarana",328142,30227.4997979229,29,79,16,63,26,53,0,0,0,0,0,79,16,63,26,53,44,10.3165073783632,12.7012017205098,0.361333158099562,2020-07-20,2020,7
"8351","PR",4,"Sul",41011,"Londrina",823534,36290.6486142892,5,182,26,156,48,134,1,0,0,0,0,183,26,156,48,134,96,10.4993153731333,13.6213601149364,0.27537579715081,2020-02-03,2020,2
"8352","PR",4,"Sul",41011,"Londrina",823534,36290.6486142892,6,171,39,132,62,109,1,0,0,0,0,172,39,132,62,109,121,10.4993153731333,13.6213601149364,0.273194868024731,2020-02-10,2020,2
"8353","PR",4,"Sul",41011,"Londrina",823534,36290.6486142892,7,147,29,118,48,99,2,0,0,0,0,149,29,118,48,99,94,10.4993153731333,13.6213601149364,0.284898464428896,2020-02-17,2020,2
"8354","PR",4,"Sul",41011,"Londrina",823534,36290.6486142892,8,158,26,132,49,109,2,0,0,0,0,160,26,132,49,109,129,10.4993153731333,13.6213601149364,0.339372535262535,2020-02-24,2020,2
"8355","PR",4,"Sul",41011,"Londrina",823534,36290.6486142892,9,154,24,130,46,108,2,0,0,0,0,156,24,130,46,108,102,10.4993153731333,13.6213601149364,0.306475230219007,2020-03-02,2020,3
"8356","PR",4,"Sul",41011,"Londrina",823534,36290.6486142892,10,135,35,100,50,85,2,0,0,0,0,137,35,100,50,85,118,10.4993153731333,13.6213601149364,0.316209811553481,2020-03-09,2020,3
"8357","PR",4,"Sul",41011,"Londrina",823534,36290.6486142892,11,167,31,136,58,109,1,0,0,0,0,168,31,136,58,109,108,10.4993153731333,13.6213601149364,0.405822758993102,2020-03-16,2020,3
"8358","PR",4,"Sul",41011,"Londrina",823534,36290.6486142892,12,183,29,154,65,118,1,0,0,0,0,184,29,154,65,118,101,10.4993153731333,13.6213601149364,0.547075827881469,2020-03-23,2020,3
"8359","PR",4,"Sul",41011,"Londrina",823534,36290.6486142892,13,165,36,129,51,114,2,0,0,0,0,167,36,129,51,114,98,10.4993153731333,13.6213601149364,0.50846852759637,2020-03-30,2020,3
"8360","PR",4,"Sul",41011,"Londrina",823534,36290.6486142892,14,164,26,138,57,107,0,0,0,0,0,164,26,138,57,107,104,10.4993153731333,13.6213601149364,0.486864037541727,2020-04-06,2020,4
"8361","PR",4,"Sul",41011,"Londrina",823534,36290.6486142892,15,177,35,142,58,119,0,0,0,0,0,177,35,142,58,119,98,10.4993153731333,13.6213601149364,0.456720711026948,2020-04-13,2020,4
"8362","PR",4,"Sul",41011,"Londrina",823534,36290.6486142892,16,184,34,150,53,131,2,0,0,0,0,186,34,150,53,131,94,10.4993153731333,13.6213601149364,0.43609916662503,2020-04-20,2020,4
"8363","PR",4,"Sul",41011,"Londrina",823534,36290.6486142892,17,185,43,142,59,126,3,0,0,0,0,188,43,142,59,126,117,10.4993153731333,13.6213601149364,0.422073362027647,2020-04-27,2020,4
"8364","PR",4,"Sul",41011,"Londrina",823534,36290.6486142892,18,192,36,156,70,122,1,0,0,0,0,193,36,156,70,122,120,10.4993153731333,13.6213601149364,0.388142802877867,2020-05-04,2020,5
"8365","PR",4,"Sul",41011,"Londrina",823534,36290.6486142892,19,191,39,152,60,131,0,0,0,0,0,191,39,152,60,131,100,10.4993153731333,13.6213601149364,0.388493326560667,2020-05-11,2020,5
"8366","PR",4,"Sul",41011,"Londrina",823534,36290.6486142892,20,172,38,134,58,114,2,0,0,0,0,174,38,134,58,114,102,10.4993153731333,13.6213601149364,0.392303377515147,2020-05-18,2020,5
"8367","PR",4,"Sul",41011,"Londrina",823534,36290.6486142892,21,179,40,139,45,134,1,0,0,0,0,180,40,139,45,134,99,10.4993153731333,13.6213601149364,0.3793570553361,2020-05-25,2020,5
"8368","PR",4,"Sul",41011,"Londrina",823534,36290.6486142892,22,210,37,173,49,161,0,0,0,0,0,210,37,173,49,161,110,10.4993153731333,13.6213601149364,0.385942702395133,2020-06-01,2020,6
"8369","PR",4,"Sul",41011,"Londrina",823534,36290.6486142892,23,198,34,164,60,138,5,0,0,0,0,203,34,164,60,138,107,10.4993153731333,13.6213601149364,0.376771383651219,2020-06-08,2020,6
"8370","PR",4,"Sul",41011,"Londrina",823534,36290.6486142892,24,174,38,136,60,114,1,0,0,0,0,175,38,136,60,114,100,10.4993153731333,13.6213601149364,0.370172911299218,2020-06-15,2020,6
"8371","PR",4,"Sul",41011,"Londrina",823534,36290.6486142892,25,190,28,162,55,135,4,0,0,0,0,194,28,162,55,135,109,10.4993153731333,13.6213601149364,0.378931549461575,2020-06-22,2020,6
"8372","PR",4,"Sul",41011,"Londrina",823534,36290.6486142892,26,200,45,155,61,139,0,0,0,0,0,200,45,155,61,139,127,10.4993153731333,13.6213601149364,0.382476366533375,2020-06-29,2020,6
"8373","PR",4,"Sul",41011,"Londrina",823534,36290.6486142892,27,188,33,155,44,144,1,0,0,0,0,189,33,155,44,144,122,10.4993153731333,13.6213601149364,0.386456703355134,2020-07-06,2020,7
"8374","PR",4,"Sul",41011,"Londrina",823534,36290.6486142892,28,172,26,146,45,127,3,0,0,0,0,175,26,146,45,127,110,10.4993153731333,13.6213601149364,0.368454149009104,2020-07-13,2020,7
"8375","PR",4,"Sul",41011,"Londrina",823534,36290.6486142892,29,199,37,162,56,143,2,0,0,0,0,201,37,162,56,143,127,10.4993153731333,13.6213601149364,0.366732657696338,2020-07-20,2020,7
"8376","PR",4,"Sul",41012,"Faxinal",45650,24378.789377218,5,7,3,4,3,4,0,0,0,0,0,7,3,4,3,4,5,10.1014687454126,10.7287588860231,0.291335433004759,2020-02-03,2020,2
"8377","PR",4,"Sul",41012,"Faxinal",45650,24378.789377218,6,7,4,3,3,4,0,0,0,0,0,7,4,3,3,4,7,10.1014687454126,10.7287588860231,0.294352545327965,2020-02-10,2020,2
"8378","PR",4,"Sul",41012,"Faxinal",45650,24378.789377218,7,5,1,4,2,3,0,0,0,0,0,5,1,4,2,3,9,10.1014687454126,10.7287588860231,0.300139744308427,2020-02-17,2020,2
"8379","PR",4,"Sul",41012,"Faxinal",45650,24378.789377218,8,7,2,5,4,3,0,0,0,0,0,7,2,5,4,3,5,10.1014687454126,10.7287588860231,0.331617352718831,2020-02-24,2020,2
"8380","PR",4,"Sul",41012,"Faxinal",45650,24378.789377218,9,8,0,8,3,5,0,0,0,0,0,8,0,8,3,5,11,10.1014687454126,10.7287588860231,0.298640648040205,2020-03-02,2020,3
"8381","PR",4,"Sul",41012,"Faxinal",45650,24378.789377218,10,10,0,10,3,7,0,0,0,0,0,10,0,10,3,7,7,10.1014687454126,10.7287588860231,0.305691114358964,2020-03-09,2020,3
"8382","PR",4,"Sul",41012,"Faxinal",45650,24378.789377218,11,14,7,7,2,12,0,0,0,0,0,14,7,7,2,12,7,10.1014687454126,10.7287588860231,0.393568971099527,2020-03-16,2020,3
"8383","PR",4,"Sul",41012,"Faxinal",45650,24378.789377218,12,7,2,5,6,1,0,0,0,0,0,7,2,5,6,1,9,10.1014687454126,10.7287588860231,0.488732362694204,2020-03-23,2020,3
"8384","PR",4,"Sul",41012,"Faxinal",45650,24378.789377218,13,13,1,12,5,8,0,0,0,0,0,13,1,12,5,8,8,10.1014687454126,10.7287588860231,0.421347295523343,2020-03-30,2020,3
"8385","PR",4,"Sul",41012,"Faxinal",45650,24378.789377218,14,8,1,7,4,4,0,0,0,0,0,8,1,7,4,4,8,10.1014687454126,10.7287588860231,0.404551964870744,2020-04-06,2020,4
"8386","PR",4,"Sul",41012,"Faxinal",45650,24378.789377218,15,14,2,12,7,7,0,0,0,0,0,14,2,12,7,7,6,10.1014687454126,10.7287588860231,0.397783599487954,2020-04-13,2020,4
"8387","PR",4,"Sul",41012,"Faxinal",45650,24378.789377218,16,15,5,10,6,9,0,0,0,0,0,15,5,10,6,9,8,10.1014687454126,10.7287588860231,0.417112895439149,2020-04-20,2020,4
"8388","PR",4,"Sul",41012,"Faxinal",45650,24378.789377218,17,8,1,7,5,3,0,0,0,0,0,8,1,7,5,3,6,10.1014687454126,10.7287588860231,0.388143899468341,2020-04-27,2020,4
"8389","PR",4,"Sul",41012,"Faxinal",45650,24378.789377218,18,13,4,9,3,10,0,0,0,0,0,13,4,9,3,10,6,10.1014687454126,10.7287588860231,0.365561608788441,2020-05-04,2020,5
"8390","PR",4,"Sul",41012,"Faxinal",45650,24378.789377218,19,3,2,1,2,1,0,0,0,0,0,3,2,1,2,1,14,10.1014687454126,10.7287588860231,0.367349743845343,2020-05-11,2020,5
"8391","PR",4,"Sul",41012,"Faxinal",45650,24378.789377218,20,14,4,10,6,8,0,0,0,0,0,14,4,10,6,8,6,10.1014687454126,10.7287588860231,0.37897052672277,2020-05-18,2020,5
"8392","PR",4,"Sul",41012,"Faxinal",45650,24378.789377218,21,8,1,7,3,5,0,0,0,0,0,8,1,7,3,5,8,10.1014687454126,10.7287588860231,0.370478551380323,2020-05-25,2020,5
"8393","PR",4,"Sul",41012,"Faxinal",45650,24378.789377218,22,16,5,11,5,11,0,0,0,0,0,16,5,11,5,11,10,10.1014687454126,10.7287588860231,0.368590533602372,2020-06-01,2020,6
"8394","PR",4,"Sul",41012,"Faxinal",45650,24378.789377218,23,17,4,13,6,11,0,0,0,0,0,17,4,13,6,11,5,10.1014687454126,10.7287588860231,0.348836008136441,2020-06-08,2020,6
"8395","PR",4,"Sul",41012,"Faxinal",45650,24378.789377218,24,11,2,9,6,5,0,0,0,0,0,11,2,9,6,5,9,10.1014687454126,10.7287588860231,0.351798269260786,2020-06-15,2020,6
"8396","PR",4,"Sul",41012,"Faxinal",45650,24378.789377218,25,17,4,13,10,7,0,0,0,0,0,17,4,13,10,7,6,10.1014687454126,10.7287588860231,0.381197153618496,2020-06-22,2020,6
"8397","PR",4,"Sul",41012,"Faxinal",45650,24378.789377218,26,11,2,9,4,7,0,0,0,0,0,11,2,9,4,7,7,10.1014687454126,10.7287588860231,0.387378023793796,2020-06-29,2020,6
"8398","PR",4,"Sul",41012,"Faxinal",45650,24378.789377218,27,8,1,7,2,6,0,0,0,0,0,8,1,7,2,6,8,10.1014687454126,10.7287588860231,0.369830100237743,2020-07-06,2020,7
"8399","PR",4,"Sul",41012,"Faxinal",45650,24378.789377218,28,11,4,7,4,7,1,0,0,0,0,12,4,7,4,7,6,10.1014687454126,10.7287588860231,0.375579751976154,2020-07-13,2020,7
"8400","PR",4,"Sul",41012,"Faxinal",45650,24378.789377218,29,18,6,12,7,11,0,0,0,0,0,18,6,12,7,11,7,10.1014687454126,10.7287588860231,0.381520287884217,2020-07-20,2020,7
"8401","PR",4,"Sul",41013,"Ivaiporã",128243,24419.8500194163,5,23,4,19,2,21,0,0,0,0,0,23,4,19,2,21,25,10.1031516059348,11.7616821806467,0.301109264915411,2020-02-03,2020,2
"8402","PR",4,"Sul",41013,"Ivaiporã",128243,24419.8500194163,6,17,2,15,7,10,0,0,0,0,0,17,2,15,7,10,20,10.1031516059348,11.7616821806467,0.29766306845866,2020-02-10,2020,2
"8403","PR",4,"Sul",41013,"Ivaiporã",128243,24419.8500194163,7,19,4,15,9,10,0,0,0,0,0,19,4,15,9,10,30,10.1031516059348,11.7616821806467,0.291409616316032,2020-02-17,2020,2
"8404","PR",4,"Sul",41013,"Ivaiporã",128243,24419.8500194163,8,25,7,18,5,20,0,0,0,0,0,25,7,18,5,20,22,10.1031516059348,11.7616821806467,0.325007049818364,2020-02-24,2020,2
"8405","PR",4,"Sul",41013,"Ivaiporã",128243,24419.8500194163,9,24,2,22,8,16,1,0,0,0,0,25,2,22,8,16,17,10.1031516059348,11.7616821806467,0.305885160005407,2020-03-02,2020,3
"8406","PR",4,"Sul",41013,"Ivaiporã",128243,24419.8500194163,10,28,8,20,9,19,0,0,0,0,0,28,8,20,9,19,27,10.1031516059348,11.7616821806467,0.318871630419044,2020-03-09,2020,3
"8407","PR",4,"Sul",41013,"Ivaiporã",128243,24419.8500194163,11,23,6,17,10,13,0,0,0,0,0,23,6,17,10,13,19,10.1031516059348,11.7616821806467,0.375622947369578,2020-03-16,2020,3
"8408","PR",4,"Sul",41013,"Ivaiporã",128243,24419.8500194163,12,28,11,17,8,20,0,0,0,0,0,28,11,17,8,20,31,10.1031516059348,11.7616821806467,0.511274101130824,2020-03-23,2020,3
"8409","PR",4,"Sul",41013,"Ivaiporã",128243,24419.8500194163,13,20,5,15,10,10,0,0,0,0,0,20,5,15,10,10,18,10.1031516059348,11.7616821806467,0.436824700787161,2020-03-30,2020,3
"8410","PR",4,"Sul",41013,"Ivaiporã",128243,24419.8500194163,14,25,5,20,7,18,0,0,0,0,0,25,5,20,7,18,30,10.1031516059348,11.7616821806467,0.431161135656017,2020-04-06,2020,4
"8411","PR",4,"Sul",41013,"Ivaiporã",128243,24419.8500194163,15,29,5,24,11,18,0,0,0,0,0,29,5,24,11,18,18,10.1031516059348,11.7616821806467,0.417313780979284,2020-04-13,2020,4
"8412","PR",4,"Sul",41013,"Ivaiporã",128243,24419.8500194163,16,35,10,25,13,22,1,0,0,0,0,36,10,25,13,22,18,10.1031516059348,11.7616821806467,0.426246768548962,2020-04-20,2020,4
"8413","PR",4,"Sul",41013,"Ivaiporã",128243,24419.8500194163,17,22,8,14,9,13,1,0,0,0,0,23,8,14,9,13,32,10.1031516059348,11.7616821806467,0.406205906836951,2020-04-27,2020,4
"8414","PR",4,"Sul",41013,"Ivaiporã",128243,24419.8500194163,18,35,6,29,13,22,0,0,0,0,0,35,6,29,13,22,25,10.1031516059348,11.7616821806467,0.382962478703761,2020-05-04,2020,5
"8415","PR",4,"Sul",41013,"Ivaiporã",128243,24419.8500194163,19,26,4,22,9,17,0,0,0,0,0,26,4,22,9,17,19,10.1031516059348,11.7616821806467,0.378331358991405,2020-05-11,2020,5
"8416","PR",4,"Sul",41013,"Ivaiporã",128243,24419.8500194163,20,38,12,26,18,20,0,0,0,0,0,38,12,26,18,20,22,10.1031516059348,11.7616821806467,0.388381923727827,2020-05-18,2020,5
"8417","PR",4,"Sul",41013,"Ivaiporã",128243,24419.8500194163,21,33,8,25,12,21,0,0,0,0,0,33,8,25,12,21,21,10.1031516059348,11.7616821806467,0.3699510608483,2020-05-25,2020,5
"8418","PR",4,"Sul",41013,"Ivaiporã",128243,24419.8500194163,22,23,6,17,10,13,0,0,0,0,0,23,6,17,10,13,21,10.1031516059348,11.7616821806467,0.378722959623611,2020-06-01,2020,6
"8419","PR",4,"Sul",41013,"Ivaiporã",128243,24419.8500194163,23,34,8,26,13,21,0,0,0,0,0,34,8,26,13,21,23,10.1031516059348,11.7616821806467,0.366169674289979,2020-06-08,2020,6
"8420","PR",4,"Sul",41013,"Ivaiporã",128243,24419.8500194163,24,31,8,23,11,20,0,0,0,0,0,31,8,23,11,20,21,10.1031516059348,11.7616821806467,0.357400614146246,2020-06-15,2020,6
"8421","PR",4,"Sul",41013,"Ivaiporã",128243,24419.8500194163,25,37,14,23,15,22,0,0,0,0,0,37,14,23,15,22,23,10.1031516059348,11.7616821806467,0.390480222013797,2020-06-22,2020,6
"8422","PR",4,"Sul",41013,"Ivaiporã",128243,24419.8500194163,26,27,8,19,11,16,0,0,0,0,0,27,8,19,11,16,29,10.1031516059348,11.7616821806467,0.404179195207748,2020-06-29,2020,6
"8423","PR",4,"Sul",41013,"Ivaiporã",128243,24419.8500194163,27,29,8,21,8,21,0,0,0,0,0,29,8,21,8,21,28,10.1031516059348,11.7616821806467,0.396082431295242,2020-07-06,2020,7
"8424","PR",4,"Sul",41013,"Ivaiporã",128243,24419.8500194163,28,28,6,22,12,16,0,0,0,0,0,28,6,22,12,16,25,10.1031516059348,11.7616821806467,0.364751940861681,2020-07-13,2020,7
"8425","PR",4,"Sul",41013,"Ivaiporã",128243,24419.8500194163,29,26,7,19,7,19,0,0,0,0,0,26,7,19,7,19,27,10.1031516059348,11.7616821806467,0.367300868715161,2020-07-20,2020,7
"8426","PR",4,"Sul",41014,"Assaí",70206,22752.5502194969,5,7,5,2,5,2,0,0,0,0,0,7,5,2,5,2,15,10.0324325156569,11.159189056447,0.310065613319148,2020-02-03,2020,2
"8427","PR",4,"Sul",41014,"Assaí",70206,22752.5502194969,6,17,3,14,8,9,0,0,0,0,0,17,3,14,8,9,9,10.0324325156569,11.159189056447,0.290768398119932,2020-02-10,2020,2
"8428","PR",4,"Sul",41014,"Assaí",70206,22752.5502194969,7,10,2,8,4,6,0,0,0,0,0,10,2,8,4,6,12,10.0324325156569,11.159189056447,0.316444732471901,2020-02-17,2020,2
"8429","PR",4,"Sul",41014,"Assaí",70206,22752.5502194969,8,12,3,9,2,10,0,0,0,0,0,12,3,9,2,10,9,10.0324325156569,11.159189056447,0.363319038793721,2020-02-24,2020,2
"8430","PR",4,"Sul",41014,"Assaí",70206,22752.5502194969,9,14,4,10,6,8,0,0,0,0,0,14,4,10,6,8,9,10.0324325156569,11.159189056447,0.332794353134213,2020-03-02,2020,3
"8431","PR",4,"Sul",41014,"Assaí",70206,22752.5502194969,10,11,1,10,7,4,0,0,0,0,0,11,1,10,7,4,11,10.0324325156569,11.159189056447,0.339946716890886,2020-03-09,2020,3
"8432","PR",4,"Sul",41014,"Assaí",70206,22752.5502194969,11,10,1,9,6,4,0,0,0,0,0,10,1,9,6,4,10,10.0324325156569,11.159189056447,0.407829051998994,2020-03-16,2020,3
"8433","PR",4,"Sul",41014,"Assaí",70206,22752.5502194969,12,11,0,11,6,5,0,0,0,0,0,11,0,11,6,5,10,10.0324325156569,11.159189056447,0.519742620518473,2020-03-23,2020,3
"8434","PR",4,"Sul",41014,"Assaí",70206,22752.5502194969,13,15,3,12,6,9,2,0,0,0,0,17,3,12,6,9,9,10.0324325156569,11.159189056447,0.460798324824859,2020-03-30,2020,3
"8435","PR",4,"Sul",41014,"Assaí",70206,22752.5502194969,14,16,4,12,9,7,0,0,0,0,0,16,4,12,9,7,5,10.0324325156569,11.159189056447,0.442841469234188,2020-04-06,2020,4
"8436","PR",4,"Sul",41014,"Assaí",70206,22752.5502194969,15,26,7,19,12,14,0,0,0,0,0,26,7,19,12,14,14,10.0324325156569,11.159189056447,0.424612351675166,2020-04-13,2020,4
"8437","PR",4,"Sul",41014,"Assaí",70206,22752.5502194969,16,11,2,9,6,5,0,0,0,0,0,11,2,9,6,5,9,10.0324325156569,11.159189056447,0.409036723502352,2020-04-20,2020,4
"8438","PR",4,"Sul",41014,"Assaí",70206,22752.5502194969,17,15,4,11,2,13,0,0,0,0,0,15,4,11,2,13,5,10.0324325156569,11.159189056447,0.420928668238347,2020-04-27,2020,4
"8439","PR",4,"Sul",41014,"Assaí",70206,22752.5502194969,18,9,3,6,5,4,0,0,0,0,0,9,3,6,5,4,10,10.0324325156569,11.159189056447,0.39894520321006,2020-05-04,2020,5
"8440","PR",4,"Sul",41014,"Assaí",70206,22752.5502194969,19,17,4,13,8,9,0,0,0,0,0,17,4,13,8,9,10,10.0324325156569,11.159189056447,0.39373030739353,2020-05-11,2020,5
"8441","PR",4,"Sul",41014,"Assaí",70206,22752.5502194969,20,16,2,14,8,8,0,0,0,0,0,16,2,14,8,8,12,10.0324325156569,11.159189056447,0.406347557072363,2020-05-18,2020,5
"8442","PR",4,"Sul",41014,"Assaí",70206,22752.5502194969,21,16,3,13,7,9,0,0,0,0,0,16,3,13,7,9,9,10.0324325156569,11.159189056447,0.385503234235891,2020-05-25,2020,5
"8443","PR",4,"Sul",41014,"Assaí",70206,22752.5502194969,22,13,3,10,3,10,0,0,0,0,0,13,3,10,3,10,7,10.0324325156569,11.159189056447,0.412980245254292,2020-06-01,2020,6
"8444","PR",4,"Sul",41014,"Assaí",70206,22752.5502194969,23,11,2,9,6,5,0,0,0,0,0,11,2,9,6,5,12,10.0324325156569,11.159189056447,0.383050899444309,2020-06-08,2020,6
"8445","PR",4,"Sul",41014,"Assaí",70206,22752.5502194969,24,5,1,4,3,2,0,0,0,0,0,5,1,4,3,2,13,10.0324325156569,11.159189056447,0.358215911446532,2020-06-15,2020,6
"8446","PR",4,"Sul",41014,"Assaí",70206,22752.5502194969,25,18,2,16,10,8,0,0,0,0,0,18,2,16,10,8,5,10.0324325156569,11.159189056447,0.379213869259022,2020-06-22,2020,6
"8447","PR",4,"Sul",41014,"Assaí",70206,22752.5502194969,26,10,3,7,4,6,0,0,0,0,0,10,3,7,4,6,13,10.0324325156569,11.159189056447,0.391150186689437,2020-06-29,2020,6
"8448","PR",4,"Sul",41014,"Assaí",70206,22752.5502194969,27,15,3,12,4,11,1,0,0,0,0,16,3,12,4,11,11,10.0324325156569,11.159189056447,0.383887640881179,2020-07-06,2020,7
"8449","PR",4,"Sul",41014,"Assaí",70206,22752.5502194969,28,16,5,11,7,9,1,0,0,0,0,17,5,11,7,9,8,10.0324325156569,11.159189056447,0.377532681168535,2020-07-13,2020,7
"8450","PR",4,"Sul",41014,"Assaí",70206,22752.5502194969,29,12,1,11,3,9,0,0,0,0,0,12,1,11,3,9,7,10.0324325156569,11.159189056447,0.392781173948175,2020-07-20,2020,7
"8451","PR",4,"Sul",41015,"Cornélio Procópio",172408,29322.5952760313,5,34,6,28,8,26,1,0,0,0,0,35,6,28,8,26,27,10.2861136676369,12.0576190398474,0.288925800203235,2020-02-03,2020,2
"8452","PR",4,"Sul",41015,"Cornélio Procópio",172408,29322.5952760313,6,19,1,18,8,11,0,0,0,0,0,19,1,18,8,11,18,10.2861136676369,12.0576190398474,0.287001974618336,2020-02-10,2020,2
"8453","PR",4,"Sul",41015,"Cornélio Procópio",172408,29322.5952760313,7,30,8,22,14,16,0,0,0,0,0,30,8,22,14,16,28,10.2861136676369,12.0576190398474,0.291412086870427,2020-02-17,2020,2
"8454","PR",4,"Sul",41015,"Cornélio Procópio",172408,29322.5952760313,8,32,7,25,8,24,0,0,0,0,0,32,7,25,8,24,21,10.2861136676369,12.0576190398474,0.339968959128281,2020-02-24,2020,2
"8455","PR",4,"Sul",41015,"Cornélio Procópio",172408,29322.5952760313,9,33,9,24,8,25,0,0,0,0,0,33,9,24,8,25,26,10.2861136676369,12.0576190398474,0.315766819588617,2020-03-02,2020,3
"8456","PR",4,"Sul",41015,"Cornélio Procópio",172408,29322.5952760313,10,39,8,31,14,25,0,0,0,0,0,39,8,31,14,25,30,10.2861136676369,12.0576190398474,0.325562530839537,2020-03-09,2020,3
"8457","PR",4,"Sul",41015,"Cornélio Procópio",172408,29322.5952760313,11,36,9,27,14,22,0,0,0,0,0,36,9,27,14,22,25,10.2861136676369,12.0576190398474,0.399442662837715,2020-03-16,2020,3
"8458","PR",4,"Sul",41015,"Cornélio Procópio",172408,29322.5952760313,12,30,4,26,10,20,1,0,0,0,0,31,4,26,10,20,40,10.2861136676369,12.0576190398474,0.511803301395074,2020-03-23,2020,3
"8459","PR",4,"Sul",41015,"Cornélio Procópio",172408,29322.5952760313,13,29,6,23,10,19,0,0,0,0,0,29,6,23,10,19,28,10.2861136676369,12.0576190398474,0.463291142732615,2020-03-30,2020,3
"8460","PR",4,"Sul",41015,"Cornélio Procópio",172408,29322.5952760313,14,37,11,26,17,20,0,0,0,0,0,37,11,26,17,20,29,10.2861136676369,12.0576190398474,0.454603081858214,2020-04-06,2020,4
"8461","PR",4,"Sul",41015,"Cornélio Procópio",172408,29322.5952760313,15,26,2,24,9,17,0,0,0,0,0,26,2,24,9,17,27,10.2861136676369,12.0576190398474,0.417629794950741,2020-04-13,2020,4
"8462","PR",4,"Sul",41015,"Cornélio Procópio",172408,29322.5952760313,16,37,7,30,12,25,0,0,0,0,0,37,7,30,12,25,27,10.2861136676369,12.0576190398474,0.422981960585517,2020-04-20,2020,4
"8463","PR",4,"Sul",41015,"Cornélio Procópio",172408,29322.5952760313,17,25,4,21,9,16,0,0,0,0,0,25,4,21,9,16,41,10.2861136676369,12.0576190398474,0.406292303966231,2020-04-27,2020,4
"8464","PR",4,"Sul",41015,"Cornélio Procópio",172408,29322.5952760313,18,25,3,22,8,17,0,0,0,0,0,25,3,22,8,17,25,10.2861136676369,12.0576190398474,0.393498532920001,2020-05-04,2020,5
"8465","PR",4,"Sul",41015,"Cornélio Procópio",172408,29322.5952760313,19,37,9,28,15,22,0,0,0,0,0,37,9,28,15,22,28,10.2861136676369,12.0576190398474,0.390166704762468,2020-05-11,2020,5
"8466","PR",4,"Sul",41015,"Cornélio Procópio",172408,29322.5952760313,20,46,7,39,19,27,0,0,0,0,0,46,7,39,19,27,22,10.2861136676369,12.0576190398474,0.412337550815603,2020-05-18,2020,5
"8467","PR",4,"Sul",41015,"Cornélio Procópio",172408,29322.5952760313,21,38,5,33,15,23,0,0,0,0,0,38,5,33,15,23,33,10.2861136676369,12.0576190398474,0.388619910388998,2020-05-25,2020,5
"8468","PR",4,"Sul",41015,"Cornélio Procópio",172408,29322.5952760313,22,27,6,21,17,10,2,0,0,0,0,29,6,21,17,10,24,10.2861136676369,12.0576190398474,0.392438584116628,2020-06-01,2020,6
"8469","PR",4,"Sul",41015,"Cornélio Procópio",172408,29322.5952760313,23,41,6,35,13,28,2,0,0,0,0,43,6,35,13,28,44,10.2861136676369,12.0576190398474,0.375494592392651,2020-06-08,2020,6
"8470","PR",4,"Sul",41015,"Cornélio Procópio",172408,29322.5952760313,24,34,6,28,11,23,0,0,0,0,0,34,6,28,11,23,32,10.2861136676369,12.0576190398474,0.373117544910379,2020-06-15,2020,6
"8471","PR",4,"Sul",41015,"Cornélio Procópio",172408,29322.5952760313,25,32,4,28,17,15,0,0,0,0,0,32,4,28,17,15,29,10.2861136676369,12.0576190398474,0.384378283384422,2020-06-22,2020,6
"8472","PR",4,"Sul",41015,"Cornélio Procópio",172408,29322.5952760313,26,32,5,27,7,25,0,0,0,0,0,32,5,27,7,25,26,10.2861136676369,12.0576190398474,0.382958390086261,2020-06-29,2020,6
"8473","PR",4,"Sul",41015,"Cornélio Procópio",172408,29322.5952760313,27,29,6,23,11,18,1,0,0,0,0,30,6,23,11,18,19,10.2861136676369,12.0576190398474,0.375313729594033,2020-07-06,2020,7
"8474","PR",4,"Sul",41015,"Cornélio Procópio",172408,29322.5952760313,28,41,9,32,13,28,1,0,0,0,0,42,9,32,13,28,27,10.2861136676369,12.0576190398474,0.364822332544536,2020-07-13,2020,7
"8475","PR",4,"Sul",41015,"Cornélio Procópio",172408,29322.5952760313,29,39,9,30,17,22,0,0,0,0,0,39,9,30,17,22,29,10.2861136676369,12.0576190398474,0.372872056817417,2020-07-20,2020,7
"8476","PR",4,"Sul",41016,"Jacarezinho",127734,30833.9036653514,5,33,8,25,13,20,0,0,0,0,0,33,8,25,13,20,12,10.336370131916,11.7577052556038,0.30539170658442,2020-02-03,2020,2
"8477","PR",4,"Sul",41016,"Jacarezinho",127734,30833.9036653514,6,26,10,16,12,14,0,0,0,0,0,26,10,16,12,14,25,10.336370131916,11.7577052556038,0.296725189024842,2020-02-10,2020,2
"8478","PR",4,"Sul",41016,"Jacarezinho",127734,30833.9036653514,7,29,7,22,10,19,1,0,0,0,0,30,7,22,10,19,22,10.336370131916,11.7577052556038,0.31282579867678,2020-02-17,2020,2
"8479","PR",4,"Sul",41016,"Jacarezinho",127734,30833.9036653514,8,28,7,21,13,15,0,0,0,0,0,28,7,21,13,15,18,10.336370131916,11.7577052556038,0.362098772147652,2020-02-24,2020,2
"8480","PR",4,"Sul",41016,"Jacarezinho",127734,30833.9036653514,9,30,3,27,8,22,0,0,0,0,0,30,3,27,8,22,16,10.336370131916,11.7577052556038,0.325696423327103,2020-03-02,2020,3
"8481","PR",4,"Sul",41016,"Jacarezinho",127734,30833.9036653514,10,25,5,20,8,17,1,0,0,0,0,26,5,20,8,17,17,10.336370131916,11.7577052556038,0.335078243636636,2020-03-09,2020,3
"8482","PR",4,"Sul",41016,"Jacarezinho",127734,30833.9036653514,11,33,4,29,9,24,0,0,0,0,0,33,4,29,9,24,16,10.336370131916,11.7577052556038,0.413383667156379,2020-03-16,2020,3
"8483","PR",4,"Sul",41016,"Jacarezinho",127734,30833.9036653514,12,28,9,19,13,15,0,0,0,0,0,28,9,19,13,15,22,10.336370131916,11.7577052556038,0.513649319271419,2020-03-23,2020,3
"8484","PR",4,"Sul",41016,"Jacarezinho",127734,30833.9036653514,13,29,10,19,10,19,0,0,0,0,0,29,10,19,10,19,24,10.336370131916,11.7577052556038,0.477328679515966,2020-03-30,2020,3
"8485","PR",4,"Sul",41016,"Jacarezinho",127734,30833.9036653514,14,22,3,19,7,15,1,0,0,0,0,23,3,19,7,15,21,10.336370131916,11.7577052556038,0.454519734712733,2020-04-06,2020,4
"8486","PR",4,"Sul",41016,"Jacarezinho",127734,30833.9036653514,15,27,10,17,6,21,0,0,0,0,0,27,10,17,6,21,16,10.336370131916,11.7577052556038,0.439778738671843,2020-04-13,2020,4
"8487","PR",4,"Sul",41016,"Jacarezinho",127734,30833.9036653514,16,37,12,25,15,22,0,0,0,0,0,37,12,25,15,22,25,10.336370131916,11.7577052556038,0.444025741182342,2020-04-20,2020,4
"8488","PR",4,"Sul",41016,"Jacarezinho",127734,30833.9036653514,17,33,6,27,16,17,0,0,0,0,0,33,6,27,16,17,31,10.336370131916,11.7577052556038,0.425111992541629,2020-04-27,2020,4
"8489","PR",4,"Sul",41016,"Jacarezinho",127734,30833.9036653514,18,42,9,33,10,32,0,0,0,0,0,42,9,33,10,32,15,10.336370131916,11.7577052556038,0.397848841045154,2020-05-04,2020,5
"8490","PR",4,"Sul",41016,"Jacarezinho",127734,30833.9036653514,19,41,15,26,23,18,0,0,0,0,0,41,15,26,23,18,18,10.336370131916,11.7577052556038,0.406066506033949,2020-05-11,2020,5
"8491","PR",4,"Sul",41016,"Jacarezinho",127734,30833.9036653514,20,36,10,26,20,16,0,0,0,0,0,36,10,26,20,16,18,10.336370131916,11.7577052556038,0.413435404974196,2020-05-18,2020,5
"8492","PR",4,"Sul",41016,"Jacarezinho",127734,30833.9036653514,21,33,10,23,14,19,0,0,0,0,0,33,10,23,14,19,26,10.336370131916,11.7577052556038,0.406477407397667,2020-05-25,2020,5
"8493","PR",4,"Sul",41016,"Jacarezinho",127734,30833.9036653514,22,46,7,39,19,27,0,0,0,0,0,46,7,39,19,27,27,10.336370131916,11.7577052556038,0.410008691127965,2020-06-01,2020,6
"8494","PR",4,"Sul",41016,"Jacarezinho",127734,30833.9036653514,23,30,5,25,13,17,0,0,0,0,0,30,5,25,13,17,24,10.336370131916,11.7577052556038,0.391174361554968,2020-06-08,2020,6
"8495","PR",4,"Sul",41016,"Jacarezinho",127734,30833.9036653514,24,35,6,29,14,21,0,0,0,0,0,35,6,29,14,21,25,10.336370131916,11.7577052556038,0.388530355494415,2020-06-15,2020,6
"8496","PR",4,"Sul",41016,"Jacarezinho",127734,30833.9036653514,25,42,12,30,18,24,0,0,0,0,0,42,12,30,18,24,24,10.336370131916,11.7577052556038,0.402773360297885,2020-06-22,2020,6
"8497","PR",4,"Sul",41016,"Jacarezinho",127734,30833.9036653514,26,35,4,31,12,23,0,0,0,0,0,35,4,31,12,23,18,10.336370131916,11.7577052556038,0.399993852040496,2020-06-29,2020,6
"8498","PR",4,"Sul",41016,"Jacarezinho",127734,30833.9036653514,27,27,7,20,8,19,0,0,0,0,0,27,7,20,8,19,19,10.336370131916,11.7577052556038,0.391245230616333,2020-07-06,2020,7
"8499","PR",4,"Sul",41016,"Jacarezinho",127734,30833.9036653514,28,38,9,29,12,26,2,0,0,0,0,40,9,29,12,26,25,10.336370131916,11.7577052556038,0.392058851288755,2020-07-13,2020,7
"8500","PR",4,"Sul",41016,"Jacarezinho",127734,30833.9036653514,29,35,5,30,17,18,0,0,0,0,0,35,5,30,17,18,20,10.336370131916,11.7577052556038,0.391107168854356,2020-07-20,2020,7
"8501","PR",4,"Sul",41017,"Ibaiti",81691,20092.3197194305,5,22,6,16,9,13,0,0,0,0,0,22,6,16,9,13,12,9.9080929175161,11.3106991156614,0.279582414857279,2020-02-03,2020,2
"8502","PR",4,"Sul",41017,"Ibaiti",81691,20092.3197194305,6,15,7,8,5,10,1,0,0,0,0,16,7,8,5,10,11,9.9080929175161,11.3106991156614,0.279071856497371,2020-02-10,2020,2
"8503","PR",4,"Sul",41017,"Ibaiti",81691,20092.3197194305,7,8,3,5,3,5,0,0,0,0,0,8,3,5,3,5,9,9.9080929175161,11.3106991156614,0.297817769894495,2020-02-17,2020,2
"8504","PR",4,"Sul",41017,"Ibaiti",81691,20092.3197194305,8,13,5,8,4,9,0,0,0,0,0,13,5,8,4,9,13,9.9080929175161,11.3106991156614,0.337729521087528,2020-02-24,2020,2
"8505","PR",4,"Sul",41017,"Ibaiti",81691,20092.3197194305,9,17,3,14,13,4,0,0,0,0,0,17,3,14,13,4,9,9.9080929175161,11.3106991156614,0.305358620453773,2020-03-02,2020,3
"8506","PR",4,"Sul",41017,"Ibaiti",81691,20092.3197194305,10,17,7,10,8,9,0,0,0,0,0,17,7,10,8,9,12,9.9080929175161,11.3106991156614,0.314927281118108,2020-03-09,2020,3
"8507","PR",4,"Sul",41017,"Ibaiti",81691,20092.3197194305,11,13,3,10,5,8,0,0,0,0,0,13,3,10,5,8,15,9.9080929175161,11.3106991156614,0.393055223634081,2020-03-16,2020,3
"8508","PR",4,"Sul",41017,"Ibaiti",81691,20092.3197194305,12,18,7,11,9,9,0,0,0,0,0,18,7,11,9,9,10,9.9080929175161,11.3106991156614,0.485720560042831,2020-03-23,2020,3
"8509","PR",4,"Sul",41017,"Ibaiti",81691,20092.3197194305,13,12,4,8,5,7,0,0,0,0,0,12,4,8,5,7,10,9.9080929175161,11.3106991156614,0.449890043789622,2020-03-30,2020,3
"8510","PR",4,"Sul",41017,"Ibaiti",81691,20092.3197194305,14,14,7,7,10,4,0,0,0,0,0,14,7,7,10,4,15,9.9080929175161,11.3106991156614,0.403934647689803,2020-04-06,2020,4
"8511","PR",4,"Sul",41017,"Ibaiti",81691,20092.3197194305,15,28,4,24,15,13,0,0,0,0,0,28,4,24,15,13,10,9.9080929175161,11.3106991156614,0.392010410964815,2020-04-13,2020,4
"8512","PR",4,"Sul",41017,"Ibaiti",81691,20092.3197194305,16,21,3,18,10,11,0,0,0,0,0,21,3,18,10,11,15,9.9080929175161,11.3106991156614,0.385725215448829,2020-04-20,2020,4
"8513","PR",4,"Sul",41017,"Ibaiti",81691,20092.3197194305,17,19,4,15,5,14,0,0,0,0,0,19,4,15,5,14,13,9.9080929175161,11.3106991156614,0.404261146261544,2020-04-27,2020,4
"8514","PR",4,"Sul",41017,"Ibaiti",81691,20092.3197194305,18,23,8,15,8,15,0,0,0,0,0,23,8,15,8,15,11,9.9080929175161,11.3106991156614,0.359707749825945,2020-05-04,2020,5
"8515","PR",4,"Sul",41017,"Ibaiti",81691,20092.3197194305,19,16,8,8,8,8,0,0,0,0,0,16,8,8,8,8,14,9.9080929175161,11.3106991156614,0.377037680399185,2020-05-11,2020,5
"8516","PR",4,"Sul",41017,"Ibaiti",81691,20092.3197194305,20,22,2,20,10,12,0,0,0,0,0,22,2,20,10,12,15,9.9080929175161,11.3106991156614,0.386544177825643,2020-05-18,2020,5
"8517","PR",4,"Sul",41017,"Ibaiti",81691,20092.3197194305,21,25,9,16,9,16,1,0,0,0,0,26,9,16,9,16,22,9.9080929175161,11.3106991156614,0.376185548799417,2020-05-25,2020,5
"8518","PR",4,"Sul",41017,"Ibaiti",81691,20092.3197194305,22,19,2,17,7,12,0,0,0,0,0,19,2,17,7,12,20,9.9080929175161,11.3106991156614,0.397755314334245,2020-06-01,2020,6
"8519","PR",4,"Sul",41017,"Ibaiti",81691,20092.3197194305,23,27,4,23,10,17,0,0,0,0,0,27,4,23,10,17,10,9.9080929175161,11.3106991156614,0.382703114294218,2020-06-08,2020,6
"8520","PR",4,"Sul",41017,"Ibaiti",81691,20092.3197194305,24,18,8,10,7,11,1,0,0,0,0,19,8,10,7,11,16,9.9080929175161,11.3106991156614,0.365847569007194,2020-06-15,2020,6
"8521","PR",4,"Sul",41017,"Ibaiti",81691,20092.3197194305,25,18,4,14,5,13,0,0,0,0,0,18,4,14,5,13,11,9.9080929175161,11.3106991156614,0.36224561230656,2020-06-22,2020,6
"8522","PR",4,"Sul",41017,"Ibaiti",81691,20092.3197194305,26,15,5,10,9,6,0,0,0,0,0,15,5,10,9,6,10,9.9080929175161,11.3106991156614,0.38295383694969,2020-06-29,2020,6
"8523","PR",4,"Sul",41017,"Ibaiti",81691,20092.3197194305,27,33,12,21,14,19,0,0,0,0,0,33,12,21,14,19,13,9.9080929175161,11.3106991156614,0.382199641750114,2020-07-06,2020,7
"8524","PR",4,"Sul",41017,"Ibaiti",81691,20092.3197194305,28,15,5,10,4,11,0,0,0,0,0,15,5,10,4,11,16,9.9080929175161,11.3106991156614,0.391090380561209,2020-07-13,2020,7
"8525","PR",4,"Sul",41017,"Ibaiti",81691,20092.3197194305,29,6,2,4,1,5,0,0,0,0,0,6,2,4,1,5,15,9.9080929175161,11.3106991156614,0.412559908540208,2020-07-20,2020,7
"8526","PR",4,"Sul",41018,"Wenceslau Braz",102080,27936.2974078174,5,23,4,19,9,14,0,0,0,0,0,23,4,19,9,14,17,10.2376821046242,11.5335120985786,0.308280206330287,2020-02-03,2020,2
"8527","PR",4,"Sul",41018,"Wenceslau Braz",102080,27936.2974078174,6,22,9,13,6,16,0,0,0,0,0,22,9,13,6,16,18,10.2376821046242,11.5335120985786,0.305400124828769,2020-02-10,2020,2
"8528","PR",4,"Sul",41018,"Wenceslau Braz",102080,27936.2974078174,7,14,2,12,7,7,0,0,0,0,0,14,2,12,7,7,17,10.2376821046242,11.5335120985786,0.320819694383182,2020-02-17,2020,2
"8529","PR",4,"Sul",41018,"Wenceslau Braz",102080,27936.2974078174,8,26,10,16,4,22,0,0,0,0,0,26,10,16,4,22,27,10.2376821046242,11.5335120985786,0.356192316139248,2020-02-24,2020,2
"8530","PR",4,"Sul",41018,"Wenceslau Braz",102080,27936.2974078174,9,24,12,12,11,13,0,0,0,0,0,24,12,12,11,13,19,10.2376821046242,11.5335120985786,0.339351186733822,2020-03-02,2020,3
"8531","PR",4,"Sul",41018,"Wenceslau Braz",102080,27936.2974078174,10,13,1,12,4,9,0,0,0,0,0,13,1,12,4,9,14,10.2376821046242,11.5335120985786,0.352308656544846,2020-03-09,2020,3
"8532","PR",4,"Sul",41018,"Wenceslau Braz",102080,27936.2974078174,11,23,5,18,14,9,0,0,0,0,0,23,5,18,14,9,18,10.2376821046242,11.5335120985786,0.412811396809135,2020-03-16,2020,3
"8533","PR",4,"Sul",41018,"Wenceslau Braz",102080,27936.2974078174,12,23,5,18,7,16,0,0,0,0,0,23,5,18,7,16,17,10.2376821046242,11.5335120985786,0.510272213463442,2020-03-23,2020,3
"8534","PR",4,"Sul",41018,"Wenceslau Braz",102080,27936.2974078174,13,15,1,14,4,11,0,0,0,0,0,15,1,14,4,11,14,10.2376821046242,11.5335120985786,0.478632367396203,2020-03-30,2020,3
"8535","PR",4,"Sul",41018,"Wenceslau Braz",102080,27936.2974078174,14,26,10,16,11,15,0,0,0,0,0,26,10,16,11,15,19,10.2376821046242,11.5335120985786,0.439184604881694,2020-04-06,2020,4
"8536","PR",4,"Sul",41018,"Wenceslau Braz",102080,27936.2974078174,15,30,7,23,10,20,0,0,0,0,0,30,7,23,10,20,17,10.2376821046242,11.5335120985786,0.412427875348722,2020-04-13,2020,4
"8537","PR",4,"Sul",41018,"Wenceslau Braz",102080,27936.2974078174,16,23,3,20,10,13,0,0,0,0,0,23,3,20,10,13,18,10.2376821046242,11.5335120985786,0.425195207850547,2020-04-20,2020,4
"8538","PR",4,"Sul",41018,"Wenceslau Braz",102080,27936.2974078174,17,35,7,28,11,24,1,0,0,0,0,36,7,28,11,24,15,10.2376821046242,11.5335120985786,0.418165573909205,2020-04-27,2020,4
"8539","PR",4,"Sul",41018,"Wenceslau Braz",102080,27936.2974078174,18,23,3,20,7,16,0,0,0,0,0,23,3,20,7,16,14,10.2376821046242,11.5335120985786,0.39337630323762,2020-05-04,2020,5
"8540","PR",4,"Sul",41018,"Wenceslau Braz",102080,27936.2974078174,19,29,9,20,10,19,1,0,0,0,0,30,9,20,10,19,14,10.2376821046242,11.5335120985786,0.398151213640119,2020-05-11,2020,5
"8541","PR",4,"Sul",41018,"Wenceslau Braz",102080,27936.2974078174,20,28,9,19,7,21,0,0,0,0,0,28,9,19,7,21,19,10.2376821046242,11.5335120985786,0.408564724057214,2020-05-18,2020,5
"8542","PR",4,"Sul",41018,"Wenceslau Braz",102080,27936.2974078174,21,28,6,22,13,15,0,0,0,0,0,28,6,22,13,15,19,10.2376821046242,11.5335120985786,0.38302680164487,2020-05-25,2020,5
"8543","PR",4,"Sul",41018,"Wenceslau Braz",102080,27936.2974078174,22,30,5,25,14,16,0,0,0,0,0,30,5,25,14,16,17,10.2376821046242,11.5335120985786,0.402870135835796,2020-06-01,2020,6
"8544","PR",4,"Sul",41018,"Wenceslau Braz",102080,27936.2974078174,23,27,4,23,6,21,0,0,0,0,0,27,4,23,6,21,29,10.2376821046242,11.5335120985786,0.39073341298581,2020-06-08,2020,6
"8545","PR",4,"Sul",41018,"Wenceslau Braz",102080,27936.2974078174,24,32,8,24,12,20,0,0,0,0,0,32,8,24,12,20,19,10.2376821046242,11.5335120985786,0.37536588661156,2020-06-15,2020,6
"8546","PR",4,"Sul",41018,"Wenceslau Braz",102080,27936.2974078174,25,29,3,26,6,23,0,0,0,0,0,29,3,26,6,23,14,10.2376821046242,11.5335120985786,0.387683281909429,2020-06-22,2020,6
"8547","PR",4,"Sul",41018,"Wenceslau Braz",102080,27936.2974078174,26,21,2,19,12,9,0,0,0,0,0,21,2,19,12,9,11,10.2376821046242,11.5335120985786,0.392284622486318,2020-06-29,2020,6
"8548","PR",4,"Sul",41018,"Wenceslau Braz",102080,27936.2974078174,27,29,10,19,15,14,1,0,0,0,0,30,10,19,15,14,17,10.2376821046242,11.5335120985786,0.386831854641073,2020-07-06,2020,7
"8549","PR",4,"Sul",41018,"Wenceslau Braz",102080,27936.2974078174,28,26,4,22,10,16,0,0,0,0,0,26,4,22,10,16,23,10.2376821046242,11.5335120985786,0.385525612592581,2020-07-13,2020,7
"8550","PR",4,"Sul",41018,"Wenceslau Braz",102080,27936.2974078174,29,24,8,16,12,12,0,0,0,0,0,24,8,16,12,12,15,10.2376821046242,11.5335120985786,0.36782222472238,2020-07-20,2020,7
"8551","PR",4,"Sul",41019,"Telêmaco Borba",174554,43765.027641704,5,49,11,38,21,28,0,0,0,0,0,49,11,38,21,28,27,10.6865903217602,12.0699894283405,0.299986539160741,2020-02-03,2020,2
"8552","PR",4,"Sul",41019,"Telêmaco Borba",174554,43765.027641704,6,42,15,27,24,18,0,0,0,0,0,42,15,27,24,18,19,10.6865903217602,12.0699894283405,0.300141754102122,2020-02-10,2020,2
"8553","PR",4,"Sul",41019,"Telêmaco Borba",174554,43765.027641704,7,42,11,31,16,26,0,0,0,0,0,42,11,31,16,26,26,10.6865903217602,12.0699894283405,0.298587246861203,2020-02-17,2020,2
"8554","PR",4,"Sul",41019,"Telêmaco Borba",174554,43765.027641704,8,30,11,19,14,16,0,0,0,0,0,30,11,19,14,16,22,10.6865903217602,12.0699894283405,0.344219678512046,2020-02-24,2020,2
"8555","PR",4,"Sul",41019,"Telêmaco Borba",174554,43765.027641704,9,53,20,33,26,27,0,0,0,0,0,53,20,33,26,27,24,10.6865903217602,12.0699894283405,0.328883703363817,2020-03-02,2020,3
"8556","PR",4,"Sul",41019,"Telêmaco Borba",174554,43765.027641704,10,49,16,33,24,25,0,0,0,0,0,49,16,33,24,25,22,10.6865903217602,12.0699894283405,0.32787713355552,2020-03-09,2020,3
"8557","PR",4,"Sul",41019,"Telêmaco Borba",174554,43765.027641704,11,42,18,24,17,25,1,0,0,0,0,43,18,24,17,25,14,10.6865903217602,12.0699894283405,0.400748727788386,2020-03-16,2020,3
"8558","PR",4,"Sul",41019,"Telêmaco Borba",174554,43765.027641704,12,37,10,27,14,23,0,0,0,0,0,37,10,27,14,23,20,10.6865903217602,12.0699894283405,0.51741987913173,2020-03-23,2020,3
"8559","PR",4,"Sul",41019,"Telêmaco Borba",174554,43765.027641704,13,40,11,29,21,19,0,0,0,0,0,40,11,29,21,19,21,10.6865903217602,12.0699894283405,0.475876026134971,2020-03-30,2020,3
"8560","PR",4,"Sul",41019,"Telêmaco Borba",174554,43765.027641704,14,39,16,23,15,24,1,0,0,0,0,40,16,23,15,24,22,10.6865903217602,12.0699894283405,0.459676689099214,2020-04-06,2020,4
"8561","PR",4,"Sul",41019,"Telêmaco Borba",174554,43765.027641704,15,53,20,33,23,30,1,0,0,0,0,54,20,33,23,30,18,10.6865903217602,12.0699894283405,0.434913781984284,2020-04-13,2020,4
"8562","PR",4,"Sul",41019,"Telêmaco Borba",174554,43765.027641704,16,43,11,32,18,25,0,0,0,0,0,43,11,32,18,25,23,10.6865903217602,12.0699894283405,0.431699290300965,2020-04-20,2020,4
"8563","PR",4,"Sul",41019,"Telêmaco Borba",174554,43765.027641704,17,48,15,33,26,22,0,0,0,0,0,48,15,33,26,22,26,10.6865903217602,12.0699894283405,0.428059370301545,2020-04-27,2020,4
"8564","PR",4,"Sul",41019,"Telêmaco Borba",174554,43765.027641704,18,52,13,39,21,31,1,0,0,0,0,53,13,39,21,31,25,10.6865903217602,12.0699894283405,0.401306858105811,2020-05-04,2020,5
"8565","PR",4,"Sul",41019,"Telêmaco Borba",174554,43765.027641704,19,52,15,37,25,27,0,0,0,0,0,52,15,37,25,27,26,10.6865903217602,12.0699894283405,0.407731716688474,2020-05-11,2020,5
"8566","PR",4,"Sul",41019,"Telêmaco Borba",174554,43765.027641704,20,42,11,31,21,21,1,0,0,0,0,43,11,31,21,21,20,10.6865903217602,12.0699894283405,0.407488411666207,2020-05-18,2020,5
"8567","PR",4,"Sul",41019,"Telêmaco Borba",174554,43765.027641704,21,48,17,31,18,30,0,0,0,0,0,48,17,31,18,30,22,10.6865903217602,12.0699894283405,0.393346661800644,2020-05-25,2020,5
"8568","PR",4,"Sul",41019,"Telêmaco Borba",174554,43765.027641704,22,42,13,29,24,18,0,0,0,0,0,42,13,29,24,18,25,10.6865903217602,12.0699894283405,0.394758718446702,2020-06-01,2020,6
"8569","PR",4,"Sul",41019,"Telêmaco Borba",174554,43765.027641704,23,45,12,33,20,25,0,0,0,0,0,45,12,33,20,25,23,10.6865903217602,12.0699894283405,0.392291662646071,2020-06-08,2020,6
"8570","PR",4,"Sul",41019,"Telêmaco Borba",174554,43765.027641704,24,49,17,32,22,27,0,0,0,0,0,49,17,32,22,27,8,10.6865903217602,12.0699894283405,0.375874316703935,2020-06-15,2020,6
"8571","PR",4,"Sul",41019,"Telêmaco Borba",174554,43765.027641704,25,46,13,33,17,29,1,0,0,0,0,47,13,33,17,29,25,10.6865903217602,12.0699894283405,0.413023328908139,2020-06-22,2020,6
"8572","PR",4,"Sul",41019,"Telêmaco Borba",174554,43765.027641704,26,42,15,27,22,20,1,0,0,0,0,43,15,27,22,20,20,10.6865903217602,12.0699894283405,0.409521301626273,2020-06-29,2020,6
"8573","PR",4,"Sul",41019,"Telêmaco Borba",174554,43765.027641704,27,46,15,31,24,22,0,0,0,0,0,46,15,31,24,22,23,10.6865903217602,12.0699894283405,0.405246602961511,2020-07-06,2020,7
"8574","PR",4,"Sul",41019,"Telêmaco Borba",174554,43765.027641704,28,46,13,33,21,25,2,0,0,0,0,48,13,33,21,25,28,10.6865903217602,12.0699894283405,0.40263723545881,2020-07-13,2020,7
"8575","PR",4,"Sul",41019,"Telêmaco Borba",174554,43765.027641704,29,37,9,28,15,22,0,0,0,0,0,37,9,28,15,22,26,10.6865903217602,12.0699894283405,0.417339619394776,2020-07-20,2020,7
"8576","PR",4,"Sul",41020,"Jaguariaíva",108329,36245.7292267075,5,23,9,14,10,13,1,0,0,0,0,24,9,14,10,13,15,10.4980768389065,11.5929281718437,0.332000663460613,2020-02-03,2020,2
"8577","PR",4,"Sul",41020,"Jaguariaíva",108329,36245.7292267075,6,32,7,25,12,20,0,0,0,0,0,32,7,25,12,20,11,10.4980768389065,11.5929281718437,0.325244533799469,2020-02-10,2020,2
"8578","PR",4,"Sul",41020,"Jaguariaíva",108329,36245.7292267075,7,27,12,15,8,19,0,0,0,0,0,27,12,15,8,19,11,10.4980768389065,11.5929281718437,0.33286995901423,2020-02-17,2020,2
"8579","PR",4,"Sul",41020,"Jaguariaíva",108329,36245.7292267075,8,25,7,18,12,13,0,0,0,0,0,25,7,18,12,13,17,10.4980768389065,11.5929281718437,0.38362006580004,2020-02-24,2020,2
"8580","PR",4,"Sul",41020,"Jaguariaíva",108329,36245.7292267075,9,30,6,24,17,13,0,0,0,0,0,30,6,24,17,13,9,10.4980768389065,11.5929281718437,0.353406587253244,2020-03-02,2020,3
"8581","PR",4,"Sul",41020,"Jaguariaíva",108329,36245.7292267075,10,21,4,17,11,10,0,0,0,0,0,21,4,17,11,10,19,10.4980768389065,11.5929281718437,0.370516808577525,2020-03-09,2020,3
"8582","PR",4,"Sul",41020,"Jaguariaíva",108329,36245.7292267075,11,25,8,17,14,11,0,0,0,0,0,25,8,17,14,11,10,10.4980768389065,11.5929281718437,0.436075909005734,2020-03-16,2020,3
"8583","PR",4,"Sul",41020,"Jaguariaíva",108329,36245.7292267075,12,16,3,13,4,12,0,0,0,0,0,16,3,13,4,12,15,10.4980768389065,11.5929281718437,0.52689099444185,2020-03-23,2020,3
"8584","PR",4,"Sul",41020,"Jaguariaíva",108329,36245.7292267075,13,30,9,21,16,14,1,0,0,0,0,31,9,21,16,14,11,10.4980768389065,11.5929281718437,0.480358211168281,2020-03-30,2020,3
"8585","PR",4,"Sul",41020,"Jaguariaíva",108329,36245.7292267075,14,27,5,22,14,13,0,0,0,0,0,27,5,22,14,13,12,10.4980768389065,11.5929281718437,0.45898936470536,2020-04-06,2020,4
"8586","PR",4,"Sul",41020,"Jaguariaíva",108329,36245.7292267075,15,29,9,20,13,16,0,0,0,0,0,29,9,20,13,16,9,10.4980768389065,11.5929281718437,0.438135506593368,2020-04-13,2020,4
"8587","PR",4,"Sul",41020,"Jaguariaíva",108329,36245.7292267075,16,31,9,22,15,16,0,0,0,0,0,31,9,22,15,16,13,10.4980768389065,11.5929281718437,0.445196611964174,2020-04-20,2020,4
"8588","PR",4,"Sul",41020,"Jaguariaíva",108329,36245.7292267075,17,27,8,19,14,13,0,0,0,0,0,27,8,19,14,13,11,10.4980768389065,11.5929281718437,0.441414806799058,2020-04-27,2020,4
"8589","PR",4,"Sul",41020,"Jaguariaíva",108329,36245.7292267075,18,25,8,17,13,12,1,0,0,0,0,26,8,17,13,12,10,10.4980768389065,11.5929281718437,0.428044781878428,2020-05-04,2020,5
"8590","PR",4,"Sul",41020,"Jaguariaíva",108329,36245.7292267075,19,27,13,14,14,13,1,0,0,0,0,28,13,14,14,13,19,10.4980768389065,11.5929281718437,0.434244203807988,2020-05-11,2020,5
"8591","PR",4,"Sul",41020,"Jaguariaíva",108329,36245.7292267075,20,34,11,23,15,19,0,0,0,0,0,34,11,23,15,19,14,10.4980768389065,11.5929281718437,0.437512627308465,2020-05-18,2020,5
"8592","PR",4,"Sul",41020,"Jaguariaíva",108329,36245.7292267075,21,28,7,21,12,16,0,0,0,0,0,28,7,21,12,16,16,10.4980768389065,11.5929281718437,0.425742383914206,2020-05-25,2020,5
"8593","PR",4,"Sul",41020,"Jaguariaíva",108329,36245.7292267075,22,37,7,30,18,19,1,0,0,0,0,38,7,30,18,19,13,10.4980768389065,11.5929281718437,0.451263684666246,2020-06-01,2020,6
"8594","PR",4,"Sul",41020,"Jaguariaíva",108329,36245.7292267075,23,34,13,21,12,22,1,0,0,0,0,35,13,21,12,22,21,10.4980768389065,11.5929281718437,0.463946632413124,2020-06-08,2020,6
"8595","PR",4,"Sul",41020,"Jaguariaíva",108329,36245.7292267075,24,22,5,17,8,14,0,0,0,0,0,22,5,17,8,14,16,10.4980768389065,11.5929281718437,0.444542621869743,2020-06-15,2020,6
"8596","PR",4,"Sul",41020,"Jaguariaíva",108329,36245.7292267075,25,34,12,22,9,25,0,0,0,0,0,34,12,22,9,25,15,10.4980768389065,11.5929281718437,0.45977368607297,2020-06-22,2020,6
"8597","PR",4,"Sul",41020,"Jaguariaíva",108329,36245.7292267075,26,25,10,15,14,11,0,0,0,0,0,25,10,15,14,11,9,10.4980768389065,11.5929281718437,0.439364397673889,2020-06-29,2020,6
"8598","PR",4,"Sul",41020,"Jaguariaíva",108329,36245.7292267075,27,28,12,16,8,20,0,0,0,0,0,28,12,16,8,20,18,10.4980768389065,11.5929281718437,0.434827294255621,2020-07-06,2020,7
"8599","PR",4,"Sul",41020,"Jaguariaíva",108329,36245.7292267075,28,29,9,20,10,19,1,0,0,0,0,30,9,20,10,19,16,10.4980768389065,11.5929281718437,0.435348912698796,2020-07-13,2020,7
"8600","PR",4,"Sul",41020,"Jaguariaíva",108329,36245.7292267075,29,26,3,23,14,12,0,0,0,0,0,26,3,23,14,12,15,10.4980768389065,11.5929281718437,0.431291327099754,2020-07-20,2020,7
"8601","PR",4,"Sul",41021,"Ponta Grossa",484964,43320.5401561972,5,112,37,75,42,70,1,0,0,0,0,113,37,75,42,70,50,10.6763821700168,13.0918299403606,0.287794213545797,2020-02-03,2020,2
"8602","PR",4,"Sul",41021,"Ponta Grossa",484964,43320.5401561972,6,122,28,94,49,73,2,0,0,0,0,124,28,94,49,73,53,10.6763821700168,13.0918299403606,0.283715161922389,2020-02-10,2020,2
"8603","PR",4,"Sul",41021,"Ponta Grossa",484964,43320.5401561972,7,132,34,98,51,81,2,0,0,0,0,134,34,98,51,81,61,10.6763821700168,13.0918299403606,0.297262001473815,2020-02-17,2020,2
"8604","PR",4,"Sul",41021,"Ponta Grossa",484964,43320.5401561972,8,120,27,93,54,66,0,0,0,0,0,120,27,93,54,66,40,10.6763821700168,13.0918299403606,0.343937698757503,2020-02-24,2020,2
"8605","PR",4,"Sul",41021,"Ponta Grossa",484964,43320.5401561972,9,125,33,92,50,75,0,0,0,0,0,125,33,92,50,75,49,10.6763821700168,13.0918299403606,0.316388284606852,2020-03-02,2020,3
"8606","PR",4,"Sul",41021,"Ponta Grossa",484964,43320.5401561972,10,114,24,90,43,71,2,0,0,0,0,116,24,90,43,71,62,10.6763821700168,13.0918299403606,0.328535817785144,2020-03-09,2020,3
"8607","PR",4,"Sul",41021,"Ponta Grossa",484964,43320.5401561972,11,132,41,91,54,78,0,0,0,0,0,132,41,91,54,78,54,10.6763821700168,13.0918299403606,0.409347204940106,2020-03-16,2020,3
"8608","PR",4,"Sul",41021,"Ponta Grossa",484964,43320.5401561972,12,102,25,77,43,59,1,0,0,0,0,103,25,77,43,59,59,10.6763821700168,13.0918299403606,0.528112520728565,2020-03-23,2020,3
"8609","PR",4,"Sul",41021,"Ponta Grossa",484964,43320.5401561972,13,135,42,93,49,86,1,0,0,0,0,136,42,93,49,86,57,10.6763821700168,13.0918299403606,0.477527756104273,2020-03-30,2020,3
"8610","PR",4,"Sul",41021,"Ponta Grossa",484964,43320.5401561972,14,115,14,101,49,66,1,0,0,0,0,116,14,101,49,66,51,10.6763821700168,13.0918299403606,0.4570102672648,2020-04-06,2020,4
"8611","PR",4,"Sul",41021,"Ponta Grossa",484964,43320.5401561972,15,133,30,103,54,79,1,0,0,0,0,134,30,103,54,79,47,10.6763821700168,13.0918299403606,0.428591838393775,2020-04-13,2020,4
"8612","PR",4,"Sul",41021,"Ponta Grossa",484964,43320.5401561972,16,153,32,121,62,91,1,0,0,0,0,154,32,121,62,91,59,10.6763821700168,13.0918299403606,0.431952622825818,2020-04-20,2020,4
"8613","PR",4,"Sul",41021,"Ponta Grossa",484964,43320.5401561972,17,124,25,99,49,75,1,0,0,0,0,125,25,99,49,75,44,10.6763821700168,13.0918299403606,0.425568166268228,2020-04-27,2020,4
"8614","PR",4,"Sul",41021,"Ponta Grossa",484964,43320.5401561972,18,121,29,92,41,80,2,0,0,0,0,123,29,92,41,80,62,10.6763821700168,13.0918299403606,0.396008496900103,2020-05-04,2020,5
"8615","PR",4,"Sul",41021,"Ponta Grossa",484964,43320.5401561972,19,145,38,107,41,104,2,0,0,0,0,147,38,107,41,104,50,10.6763821700168,13.0918299403606,0.397921665778789,2020-05-11,2020,5
"8616","PR",4,"Sul",41021,"Ponta Grossa",484964,43320.5401561972,20,154,32,122,65,89,2,0,0,0,0,156,32,122,65,89,49,10.6763821700168,13.0918299403606,0.398119982682699,2020-05-18,2020,5
"8617","PR",4,"Sul",41021,"Ponta Grossa",484964,43320.5401561972,21,164,34,130,57,107,1,0,0,0,0,165,34,130,57,107,64,10.6763821700168,13.0918299403606,0.384166521972437,2020-05-25,2020,5
"8618","PR",4,"Sul",41021,"Ponta Grossa",484964,43320.5401561972,22,159,39,120,61,98,2,0,0,0,0,161,39,120,61,98,57,10.6763821700168,13.0918299403606,0.395521778252597,2020-06-01,2020,6
"8619","PR",4,"Sul",41021,"Ponta Grossa",484964,43320.5401561972,23,137,34,103,51,86,1,0,0,0,0,138,34,103,51,86,61,10.6763821700168,13.0918299403606,0.402446663327687,2020-06-08,2020,6
"8620","PR",4,"Sul",41021,"Ponta Grossa",484964,43320.5401561972,24,132,35,97,50,82,2,0,0,0,0,134,35,97,50,82,58,10.6763821700168,13.0918299403606,0.381108125323116,2020-06-15,2020,6
"8621","PR",4,"Sul",41021,"Ponta Grossa",484964,43320.5401561972,25,116,23,93,46,70,1,0,0,0,0,117,23,93,46,70,47,10.6763821700168,13.0918299403606,0.403091312465535,2020-06-22,2020,6
"8622","PR",4,"Sul",41021,"Ponta Grossa",484964,43320.5401561972,26,133,30,103,46,87,3,0,0,0,0,136,30,103,46,87,55,10.6763821700168,13.0918299403606,0.396670140662997,2020-06-29,2020,6
"8623","PR",4,"Sul",41021,"Ponta Grossa",484964,43320.5401561972,27,139,34,105,50,89,3,0,0,0,0,142,34,105,50,89,58,10.6763821700168,13.0918299403606,0.392724815625329,2020-07-06,2020,7
"8624","PR",4,"Sul",41021,"Ponta Grossa",484964,43320.5401561972,28,119,27,92,51,68,2,0,0,0,0,121,27,92,51,68,49,10.6763821700168,13.0918299403606,0.388060390577278,2020-07-13,2020,7
"8625","PR",4,"Sul",41021,"Ponta Grossa",484964,43320.5401561972,29,143,26,117,56,87,1,0,0,0,0,144,26,117,56,87,55,10.6763821700168,13.0918299403606,0.38666853230995,2020-07-20,2020,7
"8626","PR",4,"Sul",41022,"Toledo",418813,42490.3466496503,5,87,25,62,33,54,1,0,0,0,0,88,25,62,33,54,55,10.6570321914576,12.9451797985665,0.307777116027737,2020-02-03,2020,2
"8627","PR",4,"Sul",41022,"Toledo",418813,42490.3466496503,6,109,23,86,31,78,0,0,0,0,0,109,23,86,31,78,63,10.6570321914576,12.9451797985665,0.306235219187807,2020-02-10,2020,2
"8628","PR",4,"Sul",41022,"Toledo",418813,42490.3466496503,7,105,22,83,41,64,0,0,0,0,0,105,22,83,41,64,49,10.6570321914576,12.9451797985665,0.317751317593482,2020-02-17,2020,2
"8629","PR",4,"Sul",41022,"Toledo",418813,42490.3466496503,8,102,25,77,36,66,0,0,0,0,0,102,25,77,36,66,64,10.6570321914576,12.9451797985665,0.35779113824464,2020-02-24,2020,2
"8630","PR",4,"Sul",41022,"Toledo",418813,42490.3466496503,9,98,21,77,39,59,3,0,0,0,0,101,21,77,39,59,58,10.6570321914576,12.9451797985665,0.339200947556969,2020-03-02,2020,3
"8631","PR",4,"Sul",41022,"Toledo",418813,42490.3466496503,10,93,24,69,27,66,2,0,0,0,0,95,24,69,27,66,62,10.6570321914576,12.9451797985665,0.34299554207057,2020-03-09,2020,3
"8632","PR",4,"Sul",41022,"Toledo",418813,42490.3466496503,11,99,24,75,38,61,1,0,0,0,0,100,24,75,38,61,64,10.6570321914576,12.9451797985665,0.422519099692287,2020-03-16,2020,3
"8633","PR",4,"Sul",41022,"Toledo",418813,42490.3466496503,12,86,17,69,26,60,1,0,0,0,0,87,17,69,26,60,59,10.6570321914576,12.9451797985665,0.541020342470516,2020-03-23,2020,3
"8634","PR",4,"Sul",41022,"Toledo",418813,42490.3466496503,13,102,19,83,30,72,1,0,0,0,0,103,19,83,30,72,52,10.6570321914576,12.9451797985665,0.473993446030275,2020-03-30,2020,3
"8635","PR",4,"Sul",41022,"Toledo",418813,42490.3466496503,14,112,28,84,36,76,0,0,0,0,0,112,28,84,36,76,57,10.6570321914576,12.9451797985665,0.453385959735544,2020-04-06,2020,4
"8636","PR",4,"Sul",41022,"Toledo",418813,42490.3466496503,15,104,33,71,28,76,0,0,0,0,0,104,33,71,28,76,48,10.6570321914576,12.9451797985665,0.425238080185878,2020-04-13,2020,4
"8637","PR",4,"Sul",41022,"Toledo",418813,42490.3466496503,16,131,21,110,42,89,1,0,0,0,0,132,21,110,42,89,50,10.6570321914576,12.9451797985665,0.434925104034274,2020-04-20,2020,4
"8638","PR",4,"Sul",41022,"Toledo",418813,42490.3466496503,17,102,20,82,29,73,2,0,0,0,0,104,20,82,29,73,60,10.6570321914576,12.9451797985665,0.422711482499992,2020-04-27,2020,4
"8639","PR",4,"Sul",41022,"Toledo",418813,42490.3466496503,18,116,21,95,34,82,0,0,0,0,0,116,21,95,34,82,54,10.6570321914576,12.9451797985665,0.395989033018841,2020-05-04,2020,5
"8640","PR",4,"Sul",41022,"Toledo",418813,42490.3466496503,19,125,21,104,42,83,1,0,0,0,0,126,21,104,42,83,35,10.6570321914576,12.9451797985665,0.400186431204635,2020-05-11,2020,5
"8641","PR",4,"Sul",41022,"Toledo",418813,42490.3466496503,20,111,26,85,36,75,0,0,0,0,0,111,26,85,36,75,55,10.6570321914576,12.9451797985665,0.411476200583534,2020-05-18,2020,5
"8642","PR",4,"Sul",41022,"Toledo",418813,42490.3466496503,21,110,32,78,39,71,0,0,0,0,0,110,32,78,39,71,81,10.6570321914576,12.9451797985665,0.396669844413496,2020-05-25,2020,5
"8643","PR",4,"Sul",41022,"Toledo",418813,42490.3466496503,22,148,29,119,49,99,0,0,0,0,0,148,29,119,49,99,73,10.6570321914576,12.9451797985665,0.403946020025409,2020-06-01,2020,6
"8644","PR",4,"Sul",41022,"Toledo",418813,42490.3466496503,23,119,21,98,39,80,1,0,0,0,0,120,21,98,39,80,66,10.6570321914576,12.9451797985665,0.411159619534003,2020-06-08,2020,6
"8645","PR",4,"Sul",41022,"Toledo",418813,42490.3466496503,24,116,25,91,35,81,0,0,0,0,0,116,25,91,35,81,65,10.6570321914576,12.9451797985665,0.389126475378857,2020-06-15,2020,6
"8646","PR",4,"Sul",41022,"Toledo",418813,42490.3466496503,25,104,27,77,43,61,0,0,0,0,0,104,27,77,43,61,59,10.6570321914576,12.9451797985665,0.417332139112679,2020-06-22,2020,6
"8647","PR",4,"Sul",41022,"Toledo",418813,42490.3466496503,26,93,20,73,30,63,2,0,0,0,0,95,20,73,30,63,61,10.6570321914576,12.9451797985665,0.417069494741804,2020-06-29,2020,6
"8648","PR",4,"Sul",41022,"Toledo",418813,42490.3466496503,27,110,26,84,38,72,1,0,0,0,0,111,26,84,38,72,68,10.6570321914576,12.9451797985665,0.417589460112191,2020-07-06,2020,7
"8649","PR",4,"Sul",41022,"Toledo",418813,42490.3466496503,28,106,22,84,38,68,0,0,0,0,0,106,22,84,38,68,56,10.6570321914576,12.9451797985665,0.40313114754723,2020-07-13,2020,7
"8650","PR",4,"Sul",41022,"Toledo",418813,42490.3466496503,29,121,22,99,35,86,0,0,0,0,0,121,22,99,35,86,74,10.6570321914576,12.9451797985665,0.397570828923741,2020-07-20,2020,7
"8651","PR",4,"Sul",41023,"Cascavel",478462,39216.3115320966,5,112,26,86,41,71,1,0,0,0,0,113,26,86,41,71,54,10.5768480497413,13.0783320718836,0.285768150628463,2020-02-03,2020,2
"8652","PR",4,"Sul",41023,"Cascavel",478462,39216.3115320966,6,132,24,108,49,83,2,0,0,0,0,134,24,108,49,83,62,10.5768480497413,13.0783320718836,0.284581709621575,2020-02-10,2020,2
"8653","PR",4,"Sul",41023,"Cascavel",478462,39216.3115320966,7,119,20,99,35,84,2,0,0,0,0,121,20,99,35,84,37,10.5768480497413,13.0783320718836,0.297641280917606,2020-02-17,2020,2
"8654","PR",4,"Sul",41023,"Cascavel",478462,39216.3115320966,8,148,22,126,56,92,0,0,0,0,0,148,22,126,56,92,42,10.5768480497413,13.0783320718836,0.342677541415382,2020-02-24,2020,2
"8655","PR",4,"Sul",41023,"Cascavel",478462,39216.3115320966,9,123,27,96,44,79,0,0,0,0,0,123,27,96,44,79,53,10.5768480497413,13.0783320718836,0.315352468573701,2020-03-02,2020,3
"8656","PR",4,"Sul",41023,"Cascavel",478462,39216.3115320966,10,120,22,98,43,77,1,0,0,0,0,121,22,98,43,77,65,10.5768480497413,13.0783320718836,0.325619284038672,2020-03-09,2020,3
"8657","PR",4,"Sul",41023,"Cascavel",478462,39216.3115320966,11,122,32,90,40,82,0,0,0,0,0,122,32,90,40,82,52,10.5768480497413,13.0783320718836,0.409824763081052,2020-03-16,2020,3
"8658","PR",4,"Sul",41023,"Cascavel",478462,39216.3115320966,12,110,24,86,36,74,0,0,0,0,0,110,24,86,36,74,48,10.5768480497413,13.0783320718836,0.538662965481802,2020-03-23,2020,3
"8659","PR",4,"Sul",41023,"Cascavel",478462,39216.3115320966,13,100,25,75,39,61,1,0,0,0,0,101,25,75,39,61,56,10.5768480497413,13.0783320718836,0.488223318483986,2020-03-30,2020,3
"8660","PR",4,"Sul",41023,"Cascavel",478462,39216.3115320966,14,113,20,93,37,76,0,0,0,0,0,113,20,93,37,76,59,10.5768480497413,13.0783320718836,0.454581111799342,2020-04-06,2020,4
"8661","PR",4,"Sul",41023,"Cascavel",478462,39216.3115320966,15,126,28,98,47,79,1,0,0,0,0,127,28,98,47,79,55,10.5768480497413,13.0783320718836,0.430459915377901,2020-04-13,2020,4
"8662","PR",4,"Sul",41023,"Cascavel",478462,39216.3115320966,16,127,28,99,34,93,2,0,0,0,0,129,28,99,34,93,61,10.5768480497413,13.0783320718836,0.426163902636677,2020-04-20,2020,4
"8663","PR",4,"Sul",41023,"Cascavel",478462,39216.3115320966,17,152,31,121,57,95,1,0,0,0,0,153,31,121,57,95,57,10.5768480497413,13.0783320718836,0.41716710962677,2020-04-27,2020,4
"8664","PR",4,"Sul",41023,"Cascavel",478462,39216.3115320966,18,124,20,104,37,87,3,0,0,0,0,127,20,104,37,87,36,10.5768480497413,13.0783320718836,0.386203301930156,2020-05-04,2020,5
"8665","PR",4,"Sul",41023,"Cascavel",478462,39216.3115320966,19,151,32,119,60,91,3,0,0,0,0,154,32,119,60,91,48,10.5768480497413,13.0783320718836,0.392685285839671,2020-05-11,2020,5
"8666","PR",4,"Sul",41023,"Cascavel",478462,39216.3115320966,20,155,22,133,48,107,2,0,0,0,0,157,22,133,48,107,62,10.5768480497413,13.0783320718836,0.398607953336849,2020-05-18,2020,5
"8667","PR",4,"Sul",41023,"Cascavel",478462,39216.3115320966,21,157,32,125,53,104,0,0,0,0,0,157,32,125,53,104,52,10.5768480497413,13.0783320718836,0.379295532494062,2020-05-25,2020,5
"8668","PR",4,"Sul",41023,"Cascavel",478462,39216.3115320966,22,139,27,112,54,85,0,0,0,0,0,139,27,112,54,85,67,10.5768480497413,13.0783320718836,0.386561787536657,2020-06-01,2020,6
"8669","PR",4,"Sul",41023,"Cascavel",478462,39216.3115320966,23,179,27,152,66,113,1,0,0,0,0,180,27,152,66,113,73,10.5768480497413,13.0783320718836,0.394242720020797,2020-06-08,2020,6
"8670","PR",4,"Sul",41023,"Cascavel",478462,39216.3115320966,24,127,28,99,44,83,1,0,0,0,0,128,28,99,44,83,67,10.5768480497413,13.0783320718836,0.400671136477504,2020-06-15,2020,6
"8671","PR",4,"Sul",41023,"Cascavel",478462,39216.3115320966,25,133,30,103,52,81,0,0,0,0,0,133,30,103,52,81,63,10.5768480497413,13.0783320718836,0.391401113979019,2020-06-22,2020,6
"8672","PR",4,"Sul",41023,"Cascavel",478462,39216.3115320966,26,128,25,103,40,88,2,0,0,0,0,130,25,103,40,88,77,10.5768480497413,13.0783320718836,0.413815115241518,2020-06-29,2020,6
"8673","PR",4,"Sul",41023,"Cascavel",478462,39216.3115320966,27,142,17,125,53,89,0,0,0,0,0,142,17,125,53,89,81,10.5768480497413,13.0783320718836,0.397404876126151,2020-07-06,2020,7
"8674","PR",4,"Sul",41023,"Cascavel",478462,39216.3115320966,28,126,24,102,48,78,0,0,0,0,0,126,24,102,48,78,53,10.5768480497413,13.0783320718836,0.37570967374126,2020-07-13,2020,7
"8675","PR",4,"Sul",41023,"Cascavel",478462,39216.3115320966,29,153,29,124,57,96,1,0,0,0,0,154,29,124,57,96,81,10.5768480497413,13.0783320718836,0.375758469493194,2020-07-20,2020,7
"8676","PR",4,"Sul",41024,"Foz do Iguaçu",425519,49305.9232653771,5,101,21,80,33,68,0,0,0,0,0,101,21,80,33,68,43,10.8057995001844,12.9610648793476,0.312764558501973,2020-02-03,2020,2
"8677","PR",4,"Sul",41024,"Foz do Iguaçu",425519,49305.9232653771,6,106,25,81,34,72,0,0,0,0,0,106,25,81,34,72,46,10.8057995001844,12.9610648793476,0.311001597765553,2020-02-10,2020,2
"8678","PR",4,"Sul",41024,"Foz do Iguaçu",425519,49305.9232653771,7,114,35,79,41,73,0,0,0,0,0,114,35,79,41,73,62,10.8057995001844,12.9610648793476,0.322341889505389,2020-02-17,2020,2
"8679","PR",4,"Sul",41024,"Foz do Iguaçu",425519,49305.9232653771,8,123,35,88,38,85,0,0,0,0,0,123,35,88,38,85,51,10.8057995001844,12.9610648793476,0.365780226105026,2020-02-24,2020,2
"8680","PR",4,"Sul",41024,"Foz do Iguaçu",425519,49305.9232653771,9,144,39,105,59,85,1,0,0,0,0,145,39,105,59,85,58,10.8057995001844,12.9610648793476,0.344145808325274,2020-03-02,2020,3
"8681","PR",4,"Sul",41024,"Foz do Iguaçu",425519,49305.9232653771,10,113,26,87,37,76,1,0,0,0,0,114,26,87,37,76,54,10.8057995001844,12.9610648793476,0.351651864336707,2020-03-09,2020,3
"8682","PR",4,"Sul",41024,"Foz do Iguaçu",425519,49305.9232653771,11,93,13,80,28,65,0,0,0,0,0,93,13,80,28,65,57,10.8057995001844,12.9610648793476,0.467073525802219,2020-03-16,2020,3
"8683","PR",4,"Sul",41024,"Foz do Iguaçu",425519,49305.9232653771,12,107,31,76,33,74,0,0,0,0,0,107,31,76,33,74,42,10.8057995001844,12.9610648793476,0.592202582262869,2020-03-23,2020,3
"8684","PR",4,"Sul",41024,"Foz do Iguaçu",425519,49305.9232653771,13,116,36,80,45,71,0,0,0,0,0,116,36,80,45,71,46,10.8057995001844,12.9610648793476,0.53274305275661,2020-03-30,2020,3
"8685","PR",4,"Sul",41024,"Foz do Iguaçu",425519,49305.9232653771,14,96,27,69,26,70,1,0,0,0,0,97,27,69,26,70,43,10.8057995001844,12.9610648793476,0.520038524953674,2020-04-06,2020,4
"8686","PR",4,"Sul",41024,"Foz do Iguaçu",425519,49305.9232653771,15,142,40,102,58,84,2,0,0,0,0,144,40,102,58,84,64,10.8057995001844,12.9610648793476,0.49205501171667,2020-04-13,2020,4
"8687","PR",4,"Sul",41024,"Foz do Iguaçu",425519,49305.9232653771,16,128,42,86,53,75,2,0,0,0,0,130,42,86,53,75,65,10.8057995001844,12.9610648793476,0.482872280808953,2020-04-20,2020,4
"8688","PR",4,"Sul",41024,"Foz do Iguaçu",425519,49305.9232653771,17,131,31,100,46,85,0,0,0,0,0,131,31,100,46,85,56,10.8057995001844,12.9610648793476,0.470733147523022,2020-04-27,2020,4
"8689","PR",4,"Sul",41024,"Foz do Iguaçu",425519,49305.9232653771,18,131,29,102,47,84,2,0,0,0,0,133,29,102,47,84,52,10.8057995001844,12.9610648793476,0.429760131998131,2020-05-04,2020,5
"8690","PR",4,"Sul",41024,"Foz do Iguaçu",425519,49305.9232653771,19,143,31,112,42,101,0,0,0,0,0,143,31,112,42,101,47,10.8057995001844,12.9610648793476,0.448968304889277,2020-05-11,2020,5
"8691","PR",4,"Sul",41024,"Foz do Iguaçu",425519,49305.9232653771,20,126,33,93,42,84,3,0,0,0,0,129,33,93,42,84,46,10.8057995001844,12.9610648793476,0.445786414537873,2020-05-18,2020,5
"8692","PR",4,"Sul",41024,"Foz do Iguaçu",425519,49305.9232653771,21,108,27,81,44,64,1,0,0,0,0,109,27,81,44,64,32,10.8057995001844,12.9610648793476,0.433037438398809,2020-05-25,2020,5
"8693","PR",4,"Sul",41024,"Foz do Iguaçu",425519,49305.9232653771,22,161,40,121,57,104,0,0,0,0,0,161,40,121,57,104,55,10.8057995001844,12.9610648793476,0.433256927309539,2020-06-01,2020,6
"8694","PR",4,"Sul",41024,"Foz do Iguaçu",425519,49305.9232653771,23,126,43,83,49,77,3,0,0,0,0,129,43,83,49,77,72,10.8057995001844,12.9610648793476,0.431363882136219,2020-06-08,2020,6
"8695","PR",4,"Sul",41024,"Foz do Iguaçu",425519,49305.9232653771,24,109,29,80,30,79,2,0,0,0,0,111,29,80,30,79,63,10.8057995001844,12.9610648793476,0.420251250858232,2020-06-15,2020,6
"8696","PR",4,"Sul",41024,"Foz do Iguaçu",425519,49305.9232653771,25,130,41,89,58,72,0,0,0,0,0,130,41,89,58,72,48,10.8057995001844,12.9610648793476,0.45161926710511,2020-06-22,2020,6
"8697","PR",4,"Sul",41024,"Foz do Iguaçu",425519,49305.9232653771,26,116,32,84,45,71,2,0,0,0,0,118,32,84,45,71,67,10.8057995001844,12.9610648793476,0.470774133082548,2020-06-29,2020,6
"8698","PR",4,"Sul",41024,"Foz do Iguaçu",425519,49305.9232653771,27,133,40,93,37,96,2,0,0,0,0,135,40,93,37,96,58,10.8057995001844,12.9610648793476,0.461803933109151,2020-07-06,2020,7
"8699","PR",4,"Sul",41024,"Foz do Iguaçu",425519,49305.9232653771,28,127,27,100,45,82,1,0,0,0,0,128,27,100,45,82,71,10.8057995001844,12.9610648793476,0.431981561262589,2020-07-13,2020,7
"8700","PR",4,"Sul",41024,"Foz do Iguaçu",425519,49305.9232653771,29,132,40,92,45,87,1,0,0,0,0,133,40,92,45,87,64,10.8057995001844,12.9610648793476,0.431100791751653,2020-07-20,2020,7
"8701","PR",4,"Sul",41025,"Capanema",98474,29597.2041809005,5,18,5,13,4,14,1,0,0,0,0,19,5,13,4,14,16,10.2954351825032,11.4975478329259,0.291026232996855,2020-02-03,2020,2
"8702","PR",4,"Sul",41025,"Capanema",98474,29597.2041809005,6,28,7,21,9,19,0,0,0,0,0,28,7,21,9,19,13,10.2954351825032,11.4975478329259,0.288328601677534,2020-02-10,2020,2
"8703","PR",4,"Sul",41025,"Capanema",98474,29597.2041809005,7,18,3,15,6,12,0,0,0,0,0,18,3,15,6,12,9,10.2954351825032,11.4975478329259,0.291590375710128,2020-02-17,2020,2
"8704","PR",4,"Sul",41025,"Capanema",98474,29597.2041809005,8,21,5,16,6,15,0,0,0,0,0,21,5,16,6,15,9,10.2954351825032,11.4975478329259,0.329029635323889,2020-02-24,2020,2
"8705","PR",4,"Sul",41025,"Capanema",98474,29597.2041809005,9,19,7,12,6,13,0,0,0,0,0,19,7,12,6,13,12,10.2954351825032,11.4975478329259,0.308933948982906,2020-03-02,2020,3
"8706","PR",4,"Sul",41025,"Capanema",98474,29597.2041809005,10,17,4,13,5,12,0,0,0,0,0,17,4,13,5,12,11,10.2954351825032,11.4975478329259,0.30793619415735,2020-03-09,2020,3
"8707","PR",4,"Sul",41025,"Capanema",98474,29597.2041809005,11,26,7,19,10,16,0,0,0,0,0,26,7,19,10,16,19,10.2954351825032,11.4975478329259,0.408783563194812,2020-03-16,2020,3
"8708","PR",4,"Sul",41025,"Capanema",98474,29597.2041809005,12,24,3,21,6,18,0,0,0,0,0,24,3,21,6,18,12,10.2954351825032,11.4975478329259,0.528242637697891,2020-03-23,2020,3
"8709","PR",4,"Sul",41025,"Capanema",98474,29597.2041809005,13,19,5,14,5,14,0,0,0,0,0,19,5,14,5,14,16,10.2954351825032,11.4975478329259,0.440985595874421,2020-03-30,2020,3
"8710","PR",4,"Sul",41025,"Capanema",98474,29597.2041809005,14,21,3,18,9,12,0,0,0,0,0,21,3,18,9,12,6,10.2954351825032,11.4975478329259,0.411214521847601,2020-04-06,2020,4
"8711","PR",4,"Sul",41025,"Capanema",98474,29597.2041809005,15,31,8,23,9,22,0,0,0,0,0,31,8,23,9,22,20,10.2954351825032,11.4975478329259,0.378943435961774,2020-04-13,2020,4
"8712","PR",4,"Sul",41025,"Capanema",98474,29597.2041809005,16,26,6,20,8,18,0,0,0,0,0,26,6,20,8,18,13,10.2954351825032,11.4975478329259,0.401987048386623,2020-04-20,2020,4
"8713","PR",4,"Sul",41025,"Capanema",98474,29597.2041809005,17,22,4,18,8,14,0,0,0,0,0,22,4,18,8,14,9,10.2954351825032,11.4975478329259,0.399304298242568,2020-04-27,2020,4
"8714","PR",4,"Sul",41025,"Capanema",98474,29597.2041809005,18,22,4,18,8,14,0,0,0,0,0,22,4,18,8,14,12,10.2954351825032,11.4975478329259,0.390105274535346,2020-05-04,2020,5
"8715","PR",4,"Sul",41025,"Capanema",98474,29597.2041809005,19,22,4,18,8,14,0,0,0,0,0,22,4,18,8,14,12,10.2954351825032,11.4975478329259,0.41148630539944,2020-05-11,2020,5
"8716","PR",4,"Sul",41025,"Capanema",98474,29597.2041809005,20,20,6,14,6,14,0,0,0,0,0,20,6,14,6,14,9,10.2954351825032,11.4975478329259,0.411113928129833,2020-05-18,2020,5
"8717","PR",4,"Sul",41025,"Capanema",98474,29597.2041809005,21,23,7,16,7,16,0,0,0,0,0,23,7,16,7,16,13,10.2954351825032,11.4975478329259,0.39253875066135,2020-05-25,2020,5
"8718","PR",4,"Sul",41025,"Capanema",98474,29597.2041809005,22,32,7,25,12,20,2,0,0,0,0,34,7,25,12,20,15,10.2954351825032,11.4975478329259,0.39414242036368,2020-06-01,2020,6
"8719","PR",4,"Sul",41025,"Capanema",98474,29597.2041809005,23,20,4,16,4,16,0,0,0,0,0,20,4,16,4,16,17,10.2954351825032,11.4975478329259,0.387085875277352,2020-06-08,2020,6
"8720","PR",4,"Sul",41025,"Capanema",98474,29597.2041809005,24,20,3,17,9,11,0,0,0,0,0,20,3,17,9,11,14,10.2954351825032,11.4975478329259,0.367290457186436,2020-06-15,2020,6
"8721","PR",4,"Sul",41025,"Capanema",98474,29597.2041809005,25,20,4,16,6,14,0,0,0,0,0,20,4,16,6,14,11,10.2954351825032,11.4975478329259,0.369460738955053,2020-06-22,2020,6
"8722","PR",4,"Sul",41025,"Capanema",98474,29597.2041809005,26,23,4,19,8,15,0,0,0,0,0,23,4,19,8,15,19,10.2954351825032,11.4975478329259,0.389894714540996,2020-06-29,2020,6
"8723","PR",4,"Sul",41025,"Capanema",98474,29597.2041809005,27,29,1,28,11,18,0,0,0,0,0,29,1,28,11,18,21,10.2954351825032,11.4975478329259,0.387721764338007,2020-07-06,2020,7
"8724","PR",4,"Sul",41025,"Capanema",98474,29597.2041809005,28,21,3,18,8,13,0,0,0,0,0,21,3,18,8,13,8,10.2954351825032,11.4975478329259,0.364641642631779,2020-07-13,2020,7
"8725","PR",4,"Sul",41025,"Capanema",98474,29597.2041809005,29,18,5,13,5,13,0,0,0,0,0,18,5,13,5,13,10,10.2954351825032,11.4975478329259,0.373250147700769,2020-07-20,2020,7
"8726","PR",4,"Sul",41026,"Francisco Beltrão",261127,32706.7255891961,5,79,16,63,29,50,0,0,0,0,0,79,16,63,29,50,27,10.3953360112476,12.4727621579966,0.302450866528393,2020-02-03,2020,2
"8727","PR",4,"Sul",41026,"Francisco Beltrão",261127,32706.7255891961,6,68,16,52,22,46,0,0,0,0,0,68,16,52,22,46,20,10.3953360112476,12.4727621579966,0.297861873439147,2020-02-10,2020,2
"8728","PR",4,"Sul",41026,"Francisco Beltrão",261127,32706.7255891961,7,55,12,43,25,30,0,0,0,0,0,55,12,43,25,30,17,10.3953360112476,12.4727621579966,0.30303836765178,2020-02-17,2020,2
"8729","PR",4,"Sul",41026,"Francisco Beltrão",261127,32706.7255891961,8,70,14,56,18,52,1,0,0,0,0,71,14,56,18,52,27,10.3953360112476,12.4727621579966,0.347183001332013,2020-02-24,2020,2
"8730","PR",4,"Sul",41026,"Francisco Beltrão",261127,32706.7255891961,9,68,12,56,19,49,1,0,0,0,0,69,12,56,19,49,23,10.3953360112476,12.4727621579966,0.321130166738297,2020-03-02,2020,3
"8731","PR",4,"Sul",41026,"Francisco Beltrão",261127,32706.7255891961,10,63,18,45,24,39,0,0,0,0,0,63,18,45,24,39,30,10.3953360112476,12.4727621579966,0.332178098001701,2020-03-09,2020,3
"8732","PR",4,"Sul",41026,"Francisco Beltrão",261127,32706.7255891961,11,62,10,52,17,45,0,0,0,0,0,62,10,52,17,45,45,10.3953360112476,12.4727621579966,0.431321384115135,2020-03-16,2020,3
"8733","PR",4,"Sul",41026,"Francisco Beltrão",261127,32706.7255891961,12,53,15,38,16,37,0,0,0,0,0,53,15,38,16,37,31,10.3953360112476,12.4727621579966,0.566630333152124,2020-03-23,2020,3
"8734","PR",4,"Sul",41026,"Francisco Beltrão",261127,32706.7255891961,13,63,10,53,26,37,0,0,0,0,0,63,10,53,26,37,25,10.3953360112476,12.4727621579966,0.468921089649092,2020-03-30,2020,3
"8735","PR",4,"Sul",41026,"Francisco Beltrão",261127,32706.7255891961,14,65,22,43,26,39,0,0,0,0,0,65,22,43,26,39,32,10.3953360112476,12.4727621579966,0.457170989555691,2020-04-06,2020,4
"8736","PR",4,"Sul",41026,"Francisco Beltrão",261127,32706.7255891961,15,76,15,61,22,54,0,0,0,0,0,76,15,61,22,54,23,10.3953360112476,12.4727621579966,0.413685658253952,2020-04-13,2020,4
"8737","PR",4,"Sul",41026,"Francisco Beltrão",261127,32706.7255891961,16,62,14,48,20,42,0,0,0,0,0,62,14,48,20,42,28,10.3953360112476,12.4727621579966,0.424863428830061,2020-04-20,2020,4
"8738","PR",4,"Sul",41026,"Francisco Beltrão",261127,32706.7255891961,17,64,18,46,30,34,0,0,0,0,0,64,18,46,30,34,23,10.3953360112476,12.4727621579966,0.414945655302847,2020-04-27,2020,4
"8739","PR",4,"Sul",41026,"Francisco Beltrão",261127,32706.7255891961,18,63,19,44,28,35,0,0,0,0,0,63,19,44,28,35,27,10.3953360112476,12.4727621579966,0.384722511271228,2020-05-04,2020,5
"8740","PR",4,"Sul",41026,"Francisco Beltrão",261127,32706.7255891961,19,78,17,61,32,46,1,0,0,0,0,79,17,61,32,46,25,10.3953360112476,12.4727621579966,0.395285097270508,2020-05-11,2020,5
"8741","PR",4,"Sul",41026,"Francisco Beltrão",261127,32706.7255891961,20,86,15,71,27,59,0,0,0,0,0,86,15,71,27,59,30,10.3953360112476,12.4727621579966,0.399771085681878,2020-05-18,2020,5
"8742","PR",4,"Sul",41026,"Francisco Beltrão",261127,32706.7255891961,21,81,19,62,31,50,0,0,0,0,0,81,19,62,31,50,32,10.3953360112476,12.4727621579966,0.378902385411502,2020-05-25,2020,5
"8743","PR",4,"Sul",41026,"Francisco Beltrão",261127,32706.7255891961,22,68,20,48,23,45,0,0,0,0,0,68,20,48,23,45,30,10.3953360112476,12.4727621579966,0.39512445208449,2020-06-01,2020,6
"8744","PR",4,"Sul",41026,"Francisco Beltrão",261127,32706.7255891961,23,86,22,64,34,52,0,0,0,0,0,86,22,64,34,52,31,10.3953360112476,12.4727621579966,0.395586695229664,2020-06-08,2020,6
"8745","PR",4,"Sul",41026,"Francisco Beltrão",261127,32706.7255891961,24,71,16,55,23,48,1,0,0,0,0,72,16,55,23,48,29,10.3953360112476,12.4727621579966,0.370577152893105,2020-06-15,2020,6
"8746","PR",4,"Sul",41026,"Francisco Beltrão",261127,32706.7255891961,25,69,10,59,33,36,1,0,0,0,0,70,10,59,33,36,30,10.3953360112476,12.4727621579966,0.391351860932538,2020-06-22,2020,6
"8747","PR",4,"Sul",41026,"Francisco Beltrão",261127,32706.7255891961,26,72,11,61,22,50,0,0,0,0,0,72,11,61,22,50,37,10.3953360112476,12.4727621579966,0.388379313170951,2020-06-29,2020,6
"8748","PR",4,"Sul",41026,"Francisco Beltrão",261127,32706.7255891961,27,74,22,52,28,46,0,0,0,0,0,74,22,52,28,46,41,10.3953360112476,12.4727621579966,0.389719927175351,2020-07-06,2020,7
"8749","PR",4,"Sul",41026,"Francisco Beltrão",261127,32706.7255891961,28,66,21,45,21,45,0,0,0,0,0,66,21,45,21,45,29,10.3953360112476,12.4727621579966,0.372379604103684,2020-07-13,2020,7
"8750","PR",4,"Sul",41026,"Francisco Beltrão",261127,32706.7255891961,29,74,19,55,30,44,0,0,0,0,0,74,19,55,30,44,27,10.3953360112476,12.4727621579966,0.382356131042213,2020-07-20,2020,7
"8751","PR",4,"Sul",41027,"Pato Branco",171079,48871.8184120202,5,60,9,51,14,46,0,0,0,0,0,60,9,51,14,46,20,10.7969561987395,12.0498807171052,0.305590009296617,2020-02-03,2020,2
"8752","PR",4,"Sul",41027,"Pato Branco",171079,48871.8184120202,6,42,11,31,13,29,0,0,0,0,0,42,11,31,13,29,23,10.7969561987395,12.0498807171052,0.290915772292704,2020-02-10,2020,2
"8753","PR",4,"Sul",41027,"Pato Branco",171079,48871.8184120202,7,50,16,34,23,27,0,0,0,0,0,50,16,34,23,27,23,10.7969561987395,12.0498807171052,0.299247060531556,2020-02-17,2020,2
"8754","PR",4,"Sul",41027,"Pato Branco",171079,48871.8184120202,8,57,13,44,18,39,0,0,0,0,0,57,13,44,18,39,24,10.7969561987395,12.0498807171052,0.343020128176264,2020-02-24,2020,2
"8755","PR",4,"Sul",41027,"Pato Branco",171079,48871.8184120202,9,56,11,45,14,42,0,0,0,0,0,56,11,45,14,42,20,10.7969561987395,12.0498807171052,0.316359802298054,2020-03-02,2020,3
"8756","PR",4,"Sul",41027,"Pato Branco",171079,48871.8184120202,10,48,12,36,16,32,0,0,0,0,0,48,12,36,16,32,26,10.7969561987395,12.0498807171052,0.329043000169597,2020-03-09,2020,3
"8757","PR",4,"Sul",41027,"Pato Branco",171079,48871.8184120202,11,49,15,34,17,32,0,0,0,0,0,49,15,34,17,32,27,10.7969561987395,12.0498807171052,0.436129984322749,2020-03-16,2020,3
"8758","PR",4,"Sul",41027,"Pato Branco",171079,48871.8184120202,12,32,6,26,11,21,1,0,0,0,0,33,6,26,11,21,14,10.7969561987395,12.0498807171052,0.561216778991053,2020-03-23,2020,3
"8759","PR",4,"Sul",41027,"Pato Branco",171079,48871.8184120202,13,41,5,36,15,26,0,0,0,0,0,41,5,36,15,26,26,10.7969561987395,12.0498807171052,0.487645190344678,2020-03-30,2020,3
"8760","PR",4,"Sul",41027,"Pato Branco",171079,48871.8184120202,14,58,17,41,19,39,1,0,0,0,0,59,17,41,19,39,24,10.7969561987395,12.0498807171052,0.455553809971201,2020-04-06,2020,4
"8761","PR",4,"Sul",41027,"Pato Branco",171079,48871.8184120202,15,47,7,40,11,36,0,0,0,0,0,47,7,40,11,36,21,10.7969561987395,12.0498807171052,0.420530686074809,2020-04-13,2020,4
"8762","PR",4,"Sul",41027,"Pato Branco",171079,48871.8184120202,16,44,7,37,12,32,2,0,0,0,0,46,7,37,12,32,24,10.7969561987395,12.0498807171052,0.425504618341607,2020-04-20,2020,4
"8763","PR",4,"Sul",41027,"Pato Branco",171079,48871.8184120202,17,61,11,50,19,42,0,0,0,0,0,61,11,50,19,42,19,10.7969561987395,12.0498807171052,0.421048389890859,2020-04-27,2020,4
"8764","PR",4,"Sul",41027,"Pato Branco",171079,48871.8184120202,18,61,11,50,22,39,0,0,0,0,0,61,11,50,22,39,25,10.7969561987395,12.0498807171052,0.38634946305381,2020-05-04,2020,5
"8765","PR",4,"Sul",41027,"Pato Branco",171079,48871.8184120202,19,52,7,45,15,37,0,0,0,0,0,52,7,45,15,37,19,10.7969561987395,12.0498807171052,0.392098239577207,2020-05-11,2020,5
"8766","PR",4,"Sul",41027,"Pato Branco",171079,48871.8184120202,20,47,10,37,19,28,1,0,0,0,0,48,10,37,19,28,24,10.7969561987395,12.0498807171052,0.407666455622077,2020-05-18,2020,5
"8767","PR",4,"Sul",41027,"Pato Branco",171079,48871.8184120202,21,50,14,36,19,31,1,0,0,0,0,51,14,36,19,31,31,10.7969561987395,12.0498807171052,0.391669718144435,2020-05-25,2020,5
"8768","PR",4,"Sul",41027,"Pato Branco",171079,48871.8184120202,22,54,9,45,18,36,0,0,0,0,0,54,9,45,18,36,30,10.7969561987395,12.0498807171052,0.403657975153417,2020-06-01,2020,6
"8769","PR",4,"Sul",41027,"Pato Branco",171079,48871.8184120202,23,47,7,40,20,27,1,0,0,0,0,48,7,40,20,27,24,10.7969561987395,12.0498807171052,0.414007885172015,2020-06-08,2020,6
"8770","PR",4,"Sul",41027,"Pato Branco",171079,48871.8184120202,24,54,3,51,22,32,0,0,0,0,0,54,3,51,22,32,23,10.7969561987395,12.0498807171052,0.376749408731671,2020-06-15,2020,6
"8771","PR",4,"Sul",41027,"Pato Branco",171079,48871.8184120202,25,38,12,26,17,21,1,0,0,0,0,39,12,26,17,21,24,10.7969561987395,12.0498807171052,0.389946058625515,2020-06-22,2020,6
"8772","PR",4,"Sul",41027,"Pato Branco",171079,48871.8184120202,26,52,11,41,17,35,0,0,0,0,0,52,11,41,17,35,19,10.7969561987395,12.0498807171052,0.407599108672559,2020-06-29,2020,6
"8773","PR",4,"Sul",41027,"Pato Branco",171079,48871.8184120202,27,44,10,34,19,25,0,0,0,0,0,44,10,34,19,25,26,10.7969561987395,12.0498807171052,0.393836788165884,2020-07-06,2020,7
"8774","PR",4,"Sul",41027,"Pato Branco",171079,48871.8184120202,28,44,12,32,21,23,0,0,0,0,0,44,12,32,21,23,29,10.7969561987395,12.0498807171052,0.374373323482386,2020-07-13,2020,7
"8775","PR",4,"Sul",41027,"Pato Branco",171079,48871.8184120202,29,51,11,40,19,32,0,0,0,0,0,51,11,40,19,32,24,10.7969561987395,12.0498807171052,0.375353972741662,2020-07-20,2020,7
"8776","PR",4,"Sul",41028,"Pitanga",67719,24820.4605949586,5,17,5,12,7,10,0,0,0,0,0,17,5,12,7,10,12,10.1194236159981,11.1231220694517,0.286306688858619,2020-02-03,2020,2
"8777","PR",4,"Sul",41028,"Pitanga",67719,24820.4605949586,6,18,5,13,10,8,0,0,0,0,0,18,5,13,10,8,7,10.1194236159981,11.1231220694517,0.276776404687386,2020-02-10,2020,2
"8778","PR",4,"Sul",41028,"Pitanga",67719,24820.4605949586,7,13,3,10,6,7,1,0,0,0,0,14,3,10,6,7,13,10.1194236159981,11.1231220694517,0.300942538119066,2020-02-17,2020,2
"8779","PR",4,"Sul",41028,"Pitanga",67719,24820.4605949586,8,15,7,8,7,8,0,0,0,0,0,15,7,8,7,8,7,10.1194236159981,11.1231220694517,0.322916097087216,2020-02-24,2020,2
"8780","PR",4,"Sul",41028,"Pitanga",67719,24820.4605949586,9,14,4,10,9,5,0,0,0,0,0,14,4,10,9,5,9,10.1194236159981,11.1231220694517,0.302276817201027,2020-03-02,2020,3
"8781","PR",4,"Sul",41028,"Pitanga",67719,24820.4605949586,10,18,4,14,8,10,0,0,0,0,0,18,4,14,8,10,8,10.1194236159981,11.1231220694517,0.296311129168291,2020-03-09,2020,3
"8782","PR",4,"Sul",41028,"Pitanga",67719,24820.4605949586,11,14,3,11,8,6,0,0,0,0,0,14,3,11,8,6,6,10.1194236159981,11.1231220694517,0.392938133638355,2020-03-16,2020,3
"8783","PR",4,"Sul",41028,"Pitanga",67719,24820.4605949586,12,22,9,13,5,17,0,0,0,0,0,22,9,13,5,17,5,10.1194236159981,11.1231220694517,0.506260605671112,2020-03-23,2020,3
"8784","PR",4,"Sul",41028,"Pitanga",67719,24820.4605949586,13,12,5,7,5,7,1,0,0,0,0,13,5,7,5,7,4,10.1194236159981,11.1231220694517,0.455984700203012,2020-03-30,2020,3
"8785","PR",4,"Sul",41028,"Pitanga",67719,24820.4605949586,14,23,6,17,13,10,0,0,0,0,0,23,6,17,13,10,7,10.1194236159981,11.1231220694517,0.42877898921914,2020-04-06,2020,4
"8786","PR",4,"Sul",41028,"Pitanga",67719,24820.4605949586,15,18,1,17,10,8,0,0,0,0,0,18,1,17,10,8,13,10.1194236159981,11.1231220694517,0.395918217717272,2020-04-13,2020,4
"8787","PR",4,"Sul",41028,"Pitanga",67719,24820.4605949586,16,22,8,14,7,15,0,0,0,0,0,22,8,14,7,15,12,10.1194236159981,11.1231220694517,0.383313841074219,2020-04-20,2020,4
"8788","PR",4,"Sul",41028,"Pitanga",67719,24820.4605949586,17,18,6,12,7,11,0,0,0,0,0,18,6,12,7,11,14,10.1194236159981,11.1231220694517,0.381440023554555,2020-04-27,2020,4
"8789","PR",4,"Sul",41028,"Pitanga",67719,24820.4605949586,18,22,6,16,7,15,0,0,0,0,0,22,6,16,7,15,3,10.1194236159981,11.1231220694517,0.364914801684038,2020-05-04,2020,5
"8790","PR",4,"Sul",41028,"Pitanga",67719,24820.4605949586,19,21,8,13,9,12,0,0,0,0,0,21,8,13,9,12,6,10.1194236159981,11.1231220694517,0.365710078271271,2020-05-11,2020,5
"8791","PR",4,"Sul",41028,"Pitanga",67719,24820.4605949586,20,19,4,15,10,9,0,0,0,0,0,19,4,15,10,9,10,10.1194236159981,11.1231220694517,0.373496029888933,2020-05-18,2020,5
"8792","PR",4,"Sul",41028,"Pitanga",67719,24820.4605949586,21,20,5,15,8,12,0,0,0,0,0,20,5,15,8,12,18,10.1194236159981,11.1231220694517,0.352790116163159,2020-05-25,2020,5
"8793","PR",4,"Sul",41028,"Pitanga",67719,24820.4605949586,22,27,6,21,10,17,0,0,0,0,0,27,6,21,10,17,6,10.1194236159981,11.1231220694517,0.400132197660716,2020-06-01,2020,6
"8794","PR",4,"Sul",41028,"Pitanga",67719,24820.4605949586,23,20,7,13,9,11,0,0,0,0,0,20,7,13,9,11,8,10.1194236159981,11.1231220694517,0.393301569512454,2020-06-08,2020,6
"8795","PR",4,"Sul",41028,"Pitanga",67719,24820.4605949586,24,16,1,15,8,8,0,0,0,0,0,16,1,15,8,8,11,10.1194236159981,11.1231220694517,0.378995760575845,2020-06-15,2020,6
"8796","PR",4,"Sul",41028,"Pitanga",67719,24820.4605949586,25,23,4,19,13,10,0,0,0,0,0,23,4,19,13,10,13,10.1194236159981,11.1231220694517,0.395358030035425,2020-06-22,2020,6
"8797","PR",4,"Sul",41028,"Pitanga",67719,24820.4605949586,26,16,4,12,7,9,0,0,0,0,0,16,4,12,7,9,9,10.1194236159981,11.1231220694517,0.38412654521975,2020-06-29,2020,6
"8798","PR",4,"Sul",41028,"Pitanga",67719,24820.4605949586,27,22,4,18,10,12,1,0,0,0,0,23,4,18,10,12,12,10.1194236159981,11.1231220694517,0.386850526952758,2020-07-06,2020,7
"8799","PR",4,"Sul",41028,"Pitanga",67719,24820.4605949586,28,16,3,13,8,8,0,0,0,0,0,16,3,13,8,8,11,10.1194236159981,11.1231220694517,0.367984530823798,2020-07-13,2020,7
"8800","PR",4,"Sul",41028,"Pitanga",67719,24820.4605949586,29,24,4,20,9,15,0,0,0,0,0,24,4,20,9,15,15,10.1194236159981,11.1231220694517,0.371663648016572,2020-07-20,2020,7
"8801","PR",4,"Sul",41029,"Guarapuava",399242,31623.7272066065,5,115,43,72,52,63,1,0,0,0,0,116,43,72,52,63,55,10.3616629787885,12.8973230283061,0.301774713865958,2020-02-03,2020,2
"8802","PR",4,"Sul",41029,"Guarapuava",399242,31623.7272066065,6,122,34,88,52,70,0,0,0,0,0,122,34,88,52,70,45,10.3616629787885,12.8973230283061,0.301461388691746,2020-02-10,2020,2
"8803","PR",4,"Sul",41029,"Guarapuava",399242,31623.7272066065,7,130,37,93,44,86,0,0,0,0,0,130,37,93,44,86,48,10.3616629787885,12.8973230283061,0.309368441609076,2020-02-17,2020,2
"8804","PR",4,"Sul",41029,"Guarapuava",399242,31623.7272066065,8,106,42,64,46,60,0,0,0,0,0,106,42,64,46,60,50,10.3616629787885,12.8973230283061,0.357478338714252,2020-02-24,2020,2
"8805","PR",4,"Sul",41029,"Guarapuava",399242,31623.7272066065,9,123,42,81,59,64,1,0,0,0,0,124,42,81,59,64,62,10.3616629787885,12.8973230283061,0.334134263523663,2020-03-02,2020,3
"8806","PR",4,"Sul",41029,"Guarapuava",399242,31623.7272066065,10,114,35,79,52,62,1,0,0,0,0,115,35,79,52,62,36,10.3616629787885,12.8973230283061,0.333390454466456,2020-03-09,2020,3
"8807","PR",4,"Sul",41029,"Guarapuava",399242,31623.7272066065,11,119,45,74,48,71,1,0,0,0,0,120,45,74,48,71,54,10.3616629787885,12.8973230283061,0.411274388601213,2020-03-16,2020,3
"8808","PR",4,"Sul",41029,"Guarapuava",399242,31623.7272066065,12,100,32,68,44,56,0,0,0,0,0,100,32,68,44,56,53,10.3616629787885,12.8973230283061,0.539644348242708,2020-03-23,2020,3
"8809","PR",4,"Sul",41029,"Guarapuava",399242,31623.7272066065,13,107,30,77,41,66,0,0,0,0,0,107,30,77,41,66,57,10.3616629787885,12.8973230283061,0.491495401577131,2020-03-30,2020,3
"8810","PR",4,"Sul",41029,"Guarapuava",399242,31623.7272066065,14,123,44,79,63,60,0,0,0,0,0,123,44,79,63,60,53,10.3616629787885,12.8973230283061,0.472736264569958,2020-04-06,2020,4
"8811","PR",4,"Sul",41029,"Guarapuava",399242,31623.7272066065,15,116,45,71,56,60,1,0,0,0,0,117,45,71,56,60,55,10.3616629787885,12.8973230283061,0.439928619583123,2020-04-13,2020,4
"8812","PR",4,"Sul",41029,"Guarapuava",399242,31623.7272066065,16,122,43,79,61,61,1,0,0,0,0,123,43,79,61,61,44,10.3616629787885,12.8973230283061,0.43935118578823,2020-04-20,2020,4
"8813","PR",4,"Sul",41029,"Guarapuava",399242,31623.7272066065,17,120,37,83,52,68,2,0,0,0,0,122,37,83,52,68,36,10.3616629787885,12.8973230283061,0.434244838721796,2020-04-27,2020,4
"8814","PR",4,"Sul",41029,"Guarapuava",399242,31623.7272066065,18,127,37,90,50,77,1,0,0,0,0,128,37,90,50,77,40,10.3616629787885,12.8973230283061,0.411158354142684,2020-05-04,2020,5
"8815","PR",4,"Sul",41029,"Guarapuava",399242,31623.7272066065,19,120,29,91,49,71,1,0,0,0,0,121,29,91,49,71,31,10.3616629787885,12.8973230283061,0.419741670380478,2020-05-11,2020,5
"8816","PR",4,"Sul",41029,"Guarapuava",399242,31623.7272066065,20,116,33,83,54,62,1,0,0,0,0,117,33,83,54,62,56,10.3616629787885,12.8973230283061,0.4331037852609,2020-05-18,2020,5
"8817","PR",4,"Sul",41029,"Guarapuava",399242,31623.7272066065,21,132,48,84,62,70,1,0,0,0,0,133,48,84,62,70,42,10.3616629787885,12.8973230283061,0.407699081349281,2020-05-25,2020,5
"8818","PR",4,"Sul",41029,"Guarapuava",399242,31623.7272066065,22,127,41,86,55,72,2,0,0,0,0,129,41,86,55,72,36,10.3616629787885,12.8973230283061,0.417425466622131,2020-06-01,2020,6
"8819","PR",4,"Sul",41029,"Guarapuava",399242,31623.7272066065,23,107,33,74,41,66,1,0,0,0,0,108,33,74,41,66,52,10.3616629787885,12.8973230283061,0.424881904919468,2020-06-08,2020,6
"8820","PR",4,"Sul",41029,"Guarapuava",399242,31623.7272066065,24,109,38,71,49,60,1,0,0,0,0,110,38,71,49,60,51,10.3616629787885,12.8973230283061,0.403558072576175,2020-06-15,2020,6
"8821","PR",4,"Sul",41029,"Guarapuava",399242,31623.7272066065,25,116,33,83,56,60,1,0,0,0,0,117,33,83,56,60,40,10.3616629787885,12.8973230283061,0.41081175608437,2020-06-22,2020,6
"8822","PR",4,"Sul",41029,"Guarapuava",399242,31623.7272066065,26,103,34,69,53,50,1,0,0,0,0,104,34,69,53,50,62,10.3616629787885,12.8973230283061,0.419017386637848,2020-06-29,2020,6
"8823","PR",4,"Sul",41029,"Guarapuava",399242,31623.7272066065,27,132,44,88,54,78,2,0,0,0,0,134,44,88,54,78,48,10.3616629787885,12.8973230283061,0.422777601045025,2020-07-06,2020,7
"8824","PR",4,"Sul",41029,"Guarapuava",399242,31623.7272066065,28,135,49,86,61,74,2,0,0,0,0,137,49,86,61,74,62,10.3616629787885,12.8973230283061,0.404871135735298,2020-07-13,2020,7
"8825","PR",4,"Sul",41029,"Guarapuava",399242,31623.7272066065,29,117,41,76,52,65,1,0,0,0,0,118,41,76,52,65,55,10.3616629787885,12.8973230283061,0.395165995302755,2020-07-20,2020,7
"8826","PR",4,"Sul",41030,"Palmas",97484,35068.4584677486,5,16,4,12,6,10,0,0,0,0,0,16,4,12,6,10,10,10.4650573863013,11.4874435409555,0.317709100297391,2020-02-03,2020,2
"8827","PR",4,"Sul",41030,"Palmas",97484,35068.4584677486,6,18,8,10,6,12,0,0,0,0,0,18,8,10,6,12,15,10.4650573863013,11.4874435409555,0.304826446958303,2020-02-10,2020,2
"8828","PR",4,"Sul",41030,"Palmas",97484,35068.4584677486,7,24,10,14,13,11,0,0,0,0,0,24,10,14,13,11,11,10.4650573863013,11.4874435409555,0.327547426898225,2020-02-17,2020,2
"8829","PR",4,"Sul",41030,"Palmas",97484,35068.4584677486,8,30,13,17,16,14,0,0,0,0,0,30,13,17,16,14,12,10.4650573863013,11.4874435409555,0.359426092664792,2020-02-24,2020,2
"8830","PR",4,"Sul",41030,"Palmas",97484,35068.4584677486,9,36,11,25,16,20,0,0,0,0,0,36,11,25,16,20,18,10.4650573863013,11.4874435409555,0.328263716935432,2020-03-02,2020,3
"8831","PR",4,"Sul",41030,"Palmas",97484,35068.4584677486,10,41,15,26,19,22,0,0,0,0,0,41,15,26,19,22,8,10.4650573863013,11.4874435409555,0.330191798415593,2020-03-09,2020,3
"8832","PR",4,"Sul",41030,"Palmas",97484,35068.4584677486,11,21,9,12,10,11,1,0,0,0,0,22,9,12,10,11,15,10.4650573863013,11.4874435409555,0.419184689409509,2020-03-16,2020,3
"8833","PR",4,"Sul",41030,"Palmas",97484,35068.4584677486,12,32,13,19,17,15,0,0,0,0,0,32,13,19,17,15,10,10.4650573863013,11.4874435409555,0.510150022729089,2020-03-23,2020,3
"8834","PR",4,"Sul",41030,"Palmas",97484,35068.4584677486,13,30,6,24,10,20,0,0,0,0,0,30,6,24,10,20,14,10.4650573863013,11.4874435409555,0.458665361614852,2020-03-30,2020,3
"8835","PR",4,"Sul",41030,"Palmas",97484,35068.4584677486,14,32,11,21,13,19,0,0,0,0,0,32,11,21,13,19,11,10.4650573863013,11.4874435409555,0.441125928507432,2020-04-06,2020,4
"8836","PR",4,"Sul",41030,"Palmas",97484,35068.4584677486,15,34,9,25,20,14,0,0,0,0,0,34,9,25,20,14,13,10.4650573863013,11.4874435409555,0.416746354611183,2020-04-13,2020,4
"8837","PR",4,"Sul",41030,"Palmas",97484,35068.4584677486,16,31,12,19,16,15,0,0,0,0,0,31,12,19,16,15,12,10.4650573863013,11.4874435409555,0.419767859704335,2020-04-20,2020,4
"8838","PR",4,"Sul",41030,"Palmas",97484,35068.4584677486,17,26,10,16,14,12,0,0,0,0,0,26,10,16,14,12,8,10.4650573863013,11.4874435409555,0.406576938903939,2020-04-27,2020,4
"8839","PR",4,"Sul",41030,"Palmas",97484,35068.4584677486,18,35,5,30,19,16,0,0,0,0,0,35,5,30,19,16,13,10.4650573863013,11.4874435409555,0.396342666784181,2020-05-04,2020,5
"8840","PR",4,"Sul",41030,"Palmas",97484,35068.4584677486,19,26,9,17,13,13,0,0,0,0,0,26,9,17,13,13,11,10.4650573863013,11.4874435409555,0.405189477744855,2020-05-11,2020,5
"8841","PR",4,"Sul",41030,"Palmas",97484,35068.4584677486,20,21,11,10,8,13,0,0,0,0,0,21,11,10,8,13,12,10.4650573863013,11.4874435409555,0.403346408038306,2020-05-18,2020,5
"8842","PR",4,"Sul",41030,"Palmas",97484,35068.4584677486,21,33,10,23,16,17,0,0,0,0,0,33,10,23,16,17,8,10.4650573863013,11.4874435409555,0.391723925796442,2020-05-25,2020,5
"8843","PR",4,"Sul",41030,"Palmas",97484,35068.4584677486,22,30,11,19,15,15,0,0,0,0,0,30,11,19,15,15,19,10.4650573863013,11.4874435409555,0.406555949512909,2020-06-01,2020,6
"8844","PR",4,"Sul",41030,"Palmas",97484,35068.4584677486,23,30,10,20,20,10,0,0,0,0,0,30,10,20,20,10,10,10.4650573863013,11.4874435409555,0.416671042882923,2020-06-08,2020,6
"8845","PR",4,"Sul",41030,"Palmas",97484,35068.4584677486,24,27,8,19,14,13,0,0,0,0,0,27,8,19,14,13,9,10.4650573863013,11.4874435409555,0.362970418518421,2020-06-15,2020,6
"8846","PR",4,"Sul",41030,"Palmas",97484,35068.4584677486,25,40,14,26,21,19,1,0,0,0,0,41,14,26,21,19,11,10.4650573863013,11.4874435409555,0.393585491662879,2020-06-22,2020,6
"8847","PR",4,"Sul",41030,"Palmas",97484,35068.4584677486,26,39,17,22,17,22,1,0,0,0,0,40,17,22,17,22,14,10.4650573863013,11.4874435409555,0.421568746503636,2020-06-29,2020,6
"8848","PR",4,"Sul",41030,"Palmas",97484,35068.4584677486,27,26,15,11,13,13,0,0,0,0,0,26,15,11,13,13,13,10.4650573863013,11.4874435409555,0.403847691457111,2020-07-06,2020,7
"8849","PR",4,"Sul",41030,"Palmas",97484,35068.4584677486,28,37,15,22,17,20,0,0,0,0,0,37,15,22,17,20,12,10.4650573863013,11.4874435409555,0.38440192382429,2020-07-13,2020,7
"8850","PR",4,"Sul",41030,"Palmas",97484,35068.4584677486,29,31,12,19,11,20,0,0,0,0,0,31,12,19,11,20,5,10.4650573863013,11.4874435409555,0.394776186670269,2020-07-20,2020,7
"8851","PR",4,"Sul",41031,"Prudentópolis",141649,27023.1873396212,5,33,9,24,17,16,0,0,0,0,0,33,9,24,17,16,21,10.2044505667934,11.8611074455797,0.289790715418658,2020-02-03,2020,2
"8852","PR",4,"Sul",41031,"Prudentópolis",141649,27023.1873396212,6,23,14,9,11,12,0,0,0,0,0,23,14,9,11,12,22,10.2044505667934,11.8611074455797,0.296881476304366,2020-02-10,2020,2
"8853","PR",4,"Sul",41031,"Prudentópolis",141649,27023.1873396212,7,28,16,12,14,14,0,0,0,0,0,28,16,12,14,14,21,10.2044505667934,11.8611074455797,0.316537418151041,2020-02-17,2020,2
"8854","PR",4,"Sul",41031,"Prudentópolis",141649,27023.1873396212,8,17,5,12,7,10,2,0,0,0,0,19,5,12,7,10,17,10.2044505667934,11.8611074455797,0.342321517379228,2020-02-24,2020,2
"8855","PR",4,"Sul",41031,"Prudentópolis",141649,27023.1873396212,9,35,11,24,11,24,0,0,0,0,0,35,11,24,11,24,15,10.2044505667934,11.8611074455797,0.335145264799975,2020-03-02,2020,3
"8856","PR",4,"Sul",41031,"Prudentópolis",141649,27023.1873396212,10,29,10,19,13,16,0,0,0,0,0,29,10,19,13,16,13,10.2044505667934,11.8611074455797,0.337801824847949,2020-03-09,2020,3
"8857","PR",4,"Sul",41031,"Prudentópolis",141649,27023.1873396212,11,25,6,19,8,17,2,0,0,0,0,27,6,19,8,17,23,10.2044505667934,11.8611074455797,0.398216546456558,2020-03-16,2020,3
"8858","PR",4,"Sul",41031,"Prudentópolis",141649,27023.1873396212,12,22,5,17,13,9,0,0,0,0,0,22,5,17,13,9,19,10.2044505667934,11.8611074455797,0.500663560498384,2020-03-23,2020,3
"8859","PR",4,"Sul",41031,"Prudentópolis",141649,27023.1873396212,13,25,9,16,9,16,0,0,0,0,0,25,9,16,9,16,15,10.2044505667934,11.8611074455797,0.450589259281761,2020-03-30,2020,3
"8860","PR",4,"Sul",41031,"Prudentópolis",141649,27023.1873396212,14,28,10,18,14,14,0,0,0,0,0,28,10,18,14,14,16,10.2044505667934,11.8611074455797,0.429453517366392,2020-04-06,2020,4
"8861","PR",4,"Sul",41031,"Prudentópolis",141649,27023.1873396212,15,30,9,21,15,15,0,0,0,0,0,30,9,21,15,15,12,10.2044505667934,11.8611074455797,0.391549285653876,2020-04-13,2020,4
"8862","PR",4,"Sul",41031,"Prudentópolis",141649,27023.1873396212,16,27,10,17,9,18,0,0,0,0,0,27,10,17,9,18,15,10.2044505667934,11.8611074455797,0.398776894093799,2020-04-20,2020,4
"8863","PR",4,"Sul",41031,"Prudentópolis",141649,27023.1873396212,17,33,6,27,11,22,0,0,0,0,0,33,6,27,11,22,18,10.2044505667934,11.8611074455797,0.424355973900463,2020-04-27,2020,4
"8864","PR",4,"Sul",41031,"Prudentópolis",141649,27023.1873396212,18,38,12,26,20,18,0,0,0,0,0,38,12,26,20,18,22,10.2044505667934,11.8611074455797,0.406391790323111,2020-05-04,2020,5
"8865","PR",4,"Sul",41031,"Prudentópolis",141649,27023.1873396212,19,39,6,33,13,26,1,0,0,0,0,40,6,33,13,26,19,10.2044505667934,11.8611074455797,0.420304633929633,2020-05-11,2020,5
"8866","PR",4,"Sul",41031,"Prudentópolis",141649,27023.1873396212,20,40,12,28,13,27,1,0,0,0,0,41,12,28,13,27,11,10.2044505667934,11.8611074455797,0.425408774867608,2020-05-18,2020,5
"8867","PR",4,"Sul",41031,"Prudentópolis",141649,27023.1873396212,21,37,13,24,17,20,0,0,0,0,0,37,13,24,17,20,20,10.2044505667934,11.8611074455797,0.409133398026735,2020-05-25,2020,5
"8868","PR",4,"Sul",41031,"Prudentópolis",141649,27023.1873396212,22,49,21,28,20,29,0,0,0,0,0,49,21,28,20,29,17,10.2044505667934,11.8611074455797,0.400533694632663,2020-06-01,2020,6
"8869","PR",4,"Sul",41031,"Prudentópolis",141649,27023.1873396212,23,33,11,22,13,20,2,0,0,0,0,35,11,22,13,20,22,10.2044505667934,11.8611074455797,0.407316887118418,2020-06-08,2020,6
"8870","PR",4,"Sul",41031,"Prudentópolis",141649,27023.1873396212,24,30,14,16,13,17,0,0,0,0,0,30,14,16,13,17,13,10.2044505667934,11.8611074455797,0.398789548706389,2020-06-15,2020,6
"8871","PR",4,"Sul",41031,"Prudentópolis",141649,27023.1873396212,25,33,10,23,9,24,0,0,0,0,0,33,10,23,9,24,23,10.2044505667934,11.8611074455797,0.424365472499513,2020-06-22,2020,6
"8872","PR",4,"Sul",41031,"Prudentópolis",141649,27023.1873396212,26,34,12,22,12,22,0,0,0,0,0,34,12,22,12,22,19,10.2044505667934,11.8611074455797,0.418151480333113,2020-06-29,2020,6
"8873","PR",4,"Sul",41031,"Prudentópolis",141649,27023.1873396212,27,36,15,21,16,20,0,0,0,0,0,36,15,21,16,20,23,10.2044505667934,11.8611074455797,0.425847926807833,2020-07-06,2020,7
"8874","PR",4,"Sul",41031,"Prudentópolis",141649,27023.1873396212,28,28,5,23,13,15,0,0,0,0,0,28,5,23,13,15,20,10.2044505667934,11.8611074455797,0.425980776965649,2020-07-13,2020,7
"8875","PR",4,"Sul",41031,"Prudentópolis",141649,27023.1873396212,29,36,15,21,7,29,0,0,0,0,0,36,15,21,7,29,26,10.2044505667934,11.8611074455797,0.405796218522721,2020-07-20,2020,7
"8876","PR",4,"Sul",41032,"Irati",105033,33908.5319541477,5,29,5,24,10,19,0,0,0,0,0,29,5,24,10,19,19,10.4314219417658,11.5620298654765,0.314942240436837,2020-02-03,2020,2
"8877","PR",4,"Sul",41032,"Irati",105033,33908.5319541477,6,26,5,21,11,15,0,0,0,0,0,26,5,21,11,15,12,10.4314219417658,11.5620298654765,0.310946670775753,2020-02-10,2020,2
"8878","PR",4,"Sul",41032,"Irati",105033,33908.5319541477,7,20,9,11,5,15,0,0,0,0,0,20,9,11,5,15,14,10.4314219417658,11.5620298654765,0.331087187906056,2020-02-17,2020,2
"8879","PR",4,"Sul",41032,"Irati",105033,33908.5319541477,8,32,11,21,11,21,0,0,0,0,0,32,11,21,11,21,14,10.4314219417658,11.5620298654765,0.367579722144851,2020-02-24,2020,2
"8880","PR",4,"Sul",41032,"Irati",105033,33908.5319541477,9,23,6,17,8,15,0,0,0,0,0,23,6,17,8,15,10,10.4314219417658,11.5620298654765,0.337474838889461,2020-03-02,2020,3
"8881","PR",4,"Sul",41032,"Irati",105033,33908.5319541477,10,27,3,24,10,17,0,0,0,0,0,27,3,24,10,17,13,10.4314219417658,11.5620298654765,0.352327720854214,2020-03-09,2020,3
"8882","PR",4,"Sul",41032,"Irati",105033,33908.5319541477,11,14,1,13,8,6,0,0,0,0,0,14,1,13,8,6,9,10.4314219417658,11.5620298654765,0.420650267877856,2020-03-16,2020,3
"8883","PR",4,"Sul",41032,"Irati",105033,33908.5319541477,12,14,2,12,6,8,0,0,0,0,0,14,2,12,6,8,21,10.4314219417658,11.5620298654765,0.567800325225368,2020-03-23,2020,3
"8884","PR",4,"Sul",41032,"Irati",105033,33908.5319541477,13,10,2,8,2,8,0,0,0,0,0,10,2,8,2,8,12,10.4314219417658,11.5620298654765,0.486069909060302,2020-03-30,2020,3
"8885","PR",4,"Sul",41032,"Irati",105033,33908.5319541477,14,19,5,14,9,10,0,0,0,0,0,19,5,14,9,10,9,10.4314219417658,11.5620298654765,0.472599607130191,2020-04-06,2020,4
"8886","PR",4,"Sul",41032,"Irati",105033,33908.5319541477,15,15,3,12,7,8,1,0,0,0,0,16,3,12,7,8,11,10.4314219417658,11.5620298654765,0.44965039534343,2020-04-13,2020,4
"8887","PR",4,"Sul",41032,"Irati",105033,33908.5319541477,16,24,4,20,10,14,0,0,0,0,0,24,4,20,10,14,11,10.4314219417658,11.5620298654765,0.458441302166374,2020-04-20,2020,4
"8888","PR",4,"Sul",41032,"Irati",105033,33908.5319541477,17,24,3,21,9,15,0,0,0,0,0,24,3,21,9,15,25,10.4314219417658,11.5620298654765,0.438320757301976,2020-04-27,2020,4
"8889","PR",4,"Sul",41032,"Irati",105033,33908.5319541477,18,22,6,16,10,12,0,0,0,0,0,22,6,16,10,12,14,10.4314219417658,11.5620298654765,0.422588380532778,2020-05-04,2020,5
"8890","PR",4,"Sul",41032,"Irati",105033,33908.5319541477,19,28,8,20,8,20,0,0,0,0,0,28,8,20,8,20,17,10.4314219417658,11.5620298654765,0.4392550488698,2020-05-11,2020,5
"8891","PR",4,"Sul",41032,"Irati",105033,33908.5319541477,20,21,4,17,8,13,0,0,0,0,0,21,4,17,8,13,11,10.4314219417658,11.5620298654765,0.438142979680522,2020-05-18,2020,5
"8892","PR",4,"Sul",41032,"Irati",105033,33908.5319541477,21,21,2,19,5,16,0,0,0,0,0,21,2,19,5,16,18,10.4314219417658,11.5620298654765,0.419182780410278,2020-05-25,2020,5
"8893","PR",4,"Sul",41032,"Irati",105033,33908.5319541477,22,26,7,19,8,18,0,0,0,0,0,26,7,19,8,18,8,10.4314219417658,11.5620298654765,0.430223272142383,2020-06-01,2020,6
"8894","PR",4,"Sul",41032,"Irati",105033,33908.5319541477,23,29,7,22,8,21,0,0,0,0,0,29,7,22,8,21,14,10.4314219417658,11.5620298654765,0.430207323438974,2020-06-08,2020,6
"8895","PR",4,"Sul",41032,"Irati",105033,33908.5319541477,24,23,9,14,8,15,1,0,0,0,0,24,9,14,8,15,14,10.4314219417658,11.5620298654765,0.399870201535005,2020-06-15,2020,6
"8896","PR",4,"Sul",41032,"Irati",105033,33908.5319541477,25,23,8,15,8,15,0,0,0,0,0,23,8,15,8,15,13,10.4314219417658,11.5620298654765,0.415333871419526,2020-06-22,2020,6
"8897","PR",4,"Sul",41032,"Irati",105033,33908.5319541477,26,18,2,16,8,10,1,0,0,0,0,19,2,16,8,10,19,10.4314219417658,11.5620298654765,0.424537004048621,2020-06-29,2020,6
"8898","PR",4,"Sul",41032,"Irati",105033,33908.5319541477,27,25,3,22,13,12,0,0,0,0,0,25,3,22,13,12,12,10.4314219417658,11.5620298654765,0.442367219010302,2020-07-06,2020,7
"8899","PR",4,"Sul",41032,"Irati",105033,33908.5319541477,28,18,7,11,4,14,0,0,0,0,0,18,7,11,4,14,13,10.4314219417658,11.5620298654765,0.44803118370401,2020-07-13,2020,7
"8900","PR",4,"Sul",41032,"Irati",105033,33908.5319541477,29,16,4,12,6,10,0,0,0,0,0,16,4,12,6,10,16,10.4314219417658,11.5620298654765,0.413883572329535,2020-07-20,2020,7
"8901","PR",4,"Sul",41033,"União da Vitória",124095,26572.6663333736,5,22,11,11,11,11,0,0,0,0,0,22,11,11,11,11,17,10.1876383849939,11.7288026802924,0.323896487974624,2020-02-03,2020,2
"8902","PR",4,"Sul",41033,"União da Vitória",124095,26572.6663333736,6,20,9,11,11,9,1,0,0,0,0,21,9,11,11,9,18,10.1876383849939,11.7288026802924,0.323001033964606,2020-02-10,2020,2
"8903","PR",4,"Sul",41033,"União da Vitória",124095,26572.6663333736,7,33,11,22,10,23,0,0,0,0,0,33,11,22,10,23,13,10.1876383849939,11.7288026802924,0.333901037294729,2020-02-17,2020,2
"8904","PR",4,"Sul",41033,"União da Vitória",124095,26572.6663333736,8,29,7,22,14,15,0,0,0,0,0,29,7,22,14,15,15,10.1876383849939,11.7288026802924,0.365266420728393,2020-02-24,2020,2
"8905","PR",4,"Sul",41033,"União da Vitória",124095,26572.6663333736,9,29,11,18,15,14,0,0,0,0,0,29,11,18,15,14,6,10.1876383849939,11.7288026802924,0.340277327902064,2020-03-02,2020,3
"8906","PR",4,"Sul",41033,"União da Vitória",124095,26572.6663333736,10,36,10,26,14,22,0,0,0,0,0,36,10,26,14,22,18,10.1876383849939,11.7288026802924,0.342705342074969,2020-03-09,2020,3
"8907","PR",4,"Sul",41033,"União da Vitória",124095,26572.6663333736,11,25,3,22,13,12,0,0,0,0,0,25,3,22,13,12,11,10.1876383849939,11.7288026802924,0.444085381007675,2020-03-16,2020,3
"8908","PR",4,"Sul",41033,"União da Vitória",124095,26572.6663333736,12,30,6,24,10,20,0,0,0,0,0,30,6,24,10,20,13,10.1876383849939,11.7288026802924,0.559877118306493,2020-03-23,2020,3
"8909","PR",4,"Sul",41033,"União da Vitória",124095,26572.6663333736,13,29,11,18,15,14,0,0,0,0,0,29,11,18,15,14,15,10.1876383849939,11.7288026802924,0.483644447434392,2020-03-30,2020,3
"8910","PR",4,"Sul",41033,"União da Vitória",124095,26572.6663333736,14,25,6,19,19,6,1,0,0,0,0,26,6,19,19,6,20,10.1876383849939,11.7288026802924,0.464847552790486,2020-04-06,2020,4
"8911","PR",4,"Sul",41033,"União da Vitória",124095,26572.6663333736,15,31,5,26,10,21,0,0,0,0,0,31,5,26,10,21,16,10.1876383849939,11.7288026802924,0.443913693591262,2020-04-13,2020,4
"8912","PR",4,"Sul",41033,"União da Vitória",124095,26572.6663333736,16,24,3,21,10,14,0,0,0,0,0,24,3,21,10,14,8,10.1876383849939,11.7288026802924,0.449958760491341,2020-04-20,2020,4
"8913","PR",4,"Sul",41033,"União da Vitória",124095,26572.6663333736,17,34,11,23,14,20,0,0,0,0,0,34,11,23,14,20,17,10.1876383849939,11.7288026802924,0.447520220643092,2020-04-27,2020,4
"8914","PR",4,"Sul",41033,"União da Vitória",124095,26572.6663333736,18,29,5,24,10,19,2,0,0,0,0,31,5,24,10,19,18,10.1876383849939,11.7288026802924,0.416580316747035,2020-05-04,2020,5
"8915","PR",4,"Sul",41033,"União da Vitória",124095,26572.6663333736,19,35,8,27,21,14,0,0,0,0,0,35,8,27,21,14,25,10.1876383849939,11.7288026802924,0.425430441238948,2020-05-11,2020,5
"8916","PR",4,"Sul",41033,"União da Vitória",124095,26572.6663333736,20,39,8,31,16,23,1,0,0,0,0,40,8,31,16,23,17,10.1876383849939,11.7288026802924,0.420251418041035,2020-05-18,2020,5
"8917","PR",4,"Sul",41033,"União da Vitória",124095,26572.6663333736,21,44,6,38,19,25,0,0,0,0,0,44,6,38,19,25,23,10.1876383849939,11.7288026802924,0.405835957360342,2020-05-25,2020,5
"8918","PR",4,"Sul",41033,"União da Vitória",124095,26572.6663333736,22,35,9,26,8,27,1,0,0,0,0,36,9,26,8,27,17,10.1876383849939,11.7288026802924,0.413937477240367,2020-06-01,2020,6
"8919","PR",4,"Sul",41033,"União da Vitória",124095,26572.6663333736,23,39,11,28,14,25,0,0,0,0,0,39,11,28,14,25,10,10.1876383849939,11.7288026802924,0.430599188109897,2020-06-08,2020,6
"8920","PR",4,"Sul",41033,"União da Vitória",124095,26572.6663333736,24,30,11,19,11,19,0,0,0,0,0,30,11,19,11,19,14,10.1876383849939,11.7288026802924,0.403647571134902,2020-06-15,2020,6
"8921","PR",4,"Sul",41033,"União da Vitória",124095,26572.6663333736,25,26,7,19,12,14,0,0,0,0,0,26,7,19,12,14,18,10.1876383849939,11.7288026802924,0.433658166376496,2020-06-22,2020,6
"8922","PR",4,"Sul",41033,"União da Vitória",124095,26572.6663333736,26,26,11,15,8,18,0,0,0,0,0,26,11,15,8,18,21,10.1876383849939,11.7288026802924,0.428933985350898,2020-06-29,2020,6
"8923","PR",4,"Sul",41033,"União da Vitória",124095,26572.6663333736,27,34,10,24,11,23,1,0,0,0,0,35,10,24,11,23,21,10.1876383849939,11.7288026802924,0.429689999141784,2020-07-06,2020,7
"8924","PR",4,"Sul",41033,"União da Vitória",124095,26572.6663333736,28,28,10,18,8,20,1,0,0,0,0,29,10,18,8,20,25,10.1876383849939,11.7288026802924,0.415194408203511,2020-07-13,2020,7
"8925","PR",4,"Sul",41033,"União da Vitória",124095,26572.6663333736,29,41,15,26,17,24,1,0,0,0,0,42,15,26,17,24,17,10.1876383849939,11.7288026802924,0.415682225418569,2020-07-20,2020,7
"8926","PR",4,"Sul",41034,"São Mateus do Sul",69373,29154.1082948698,5,17,4,13,5,12,0,0,0,0,0,17,4,13,5,12,3,10.2803511182072,11.1472530218043,0.30225569566502,2020-02-03,2020,2
"8927","PR",4,"Sul",41034,"São Mateus do Sul",69373,29154.1082948698,6,22,6,16,8,14,0,0,0,0,0,22,6,16,8,14,10,10.2803511182072,11.1472530218043,0.292236614278132,2020-02-10,2020,2
"8928","PR",4,"Sul",41034,"São Mateus do Sul",69373,29154.1082948698,7,14,0,14,9,5,0,0,0,0,0,14,0,14,9,5,2,10.2803511182072,11.1472530218043,0.288613999381784,2020-02-17,2020,2
"8929","PR",4,"Sul",41034,"São Mateus do Sul",69373,29154.1082948698,8,15,4,11,7,8,0,0,0,0,0,15,4,11,7,8,8,10.2803511182072,11.1472530218043,0.348169137921546,2020-02-24,2020,2
"8930","PR",4,"Sul",41034,"São Mateus do Sul",69373,29154.1082948698,9,22,4,18,8,14,0,0,0,0,0,22,4,18,8,14,4,10.2803511182072,11.1472530218043,0.304977433530347,2020-03-02,2020,3
"8931","PR",4,"Sul",41034,"São Mateus do Sul",69373,29154.1082948698,10,7,1,6,3,4,0,0,0,0,0,7,1,6,3,4,7,10.2803511182072,11.1472530218043,0.332211847236031,2020-03-09,2020,3
"8932","PR",4,"Sul",41034,"São Mateus do Sul",69373,29154.1082948698,11,15,3,12,3,12,0,0,0,0,0,15,3,12,3,12,6,10.2803511182072,11.1472530218043,0.407543520101341,2020-03-16,2020,3
"8933","PR",4,"Sul",41034,"São Mateus do Sul",69373,29154.1082948698,12,20,4,16,7,13,0,0,0,0,0,20,4,16,7,13,10,10.2803511182072,11.1472530218043,0.545217241379932,2020-03-23,2020,3
"8934","PR",4,"Sul",41034,"São Mateus do Sul",69373,29154.1082948698,13,9,0,9,3,6,0,0,0,0,0,9,0,9,3,6,4,10.2803511182072,11.1472530218043,0.476750856909404,2020-03-30,2020,3
"8935","PR",4,"Sul",41034,"São Mateus do Sul",69373,29154.1082948698,14,18,7,11,9,9,0,0,0,0,0,18,7,11,9,9,9,10.2803511182072,11.1472530218043,0.437521273641459,2020-04-06,2020,4
"8936","PR",4,"Sul",41034,"São Mateus do Sul",69373,29154.1082948698,15,16,4,12,7,9,0,0,0,0,0,16,4,12,7,9,3,10.2803511182072,11.1472530218043,0.420667168460636,2020-04-13,2020,4
"8937","PR",4,"Sul",41034,"São Mateus do Sul",69373,29154.1082948698,16,15,4,11,4,11,0,0,0,0,0,15,4,11,4,11,9,10.2803511182072,11.1472530218043,0.43439770105129,2020-04-20,2020,4
"8938","PR",4,"Sul",41034,"São Mateus do Sul",69373,29154.1082948698,17,18,2,16,8,10,0,0,0,0,0,18,2,16,8,10,3,10.2803511182072,11.1472530218043,0.443047687757025,2020-04-27,2020,4
"8939","PR",4,"Sul",41034,"São Mateus do Sul",69373,29154.1082948698,18,22,8,14,3,19,0,0,0,0,0,22,8,14,3,19,9,10.2803511182072,11.1472530218043,0.419347770126526,2020-05-04,2020,5
"8940","PR",4,"Sul",41034,"São Mateus do Sul",69373,29154.1082948698,19,16,2,14,8,8,0,0,0,0,0,16,2,14,8,8,7,10.2803511182072,11.1472530218043,0.434549194411465,2020-05-11,2020,5
"8941","PR",4,"Sul",41034,"São Mateus do Sul",69373,29154.1082948698,20,15,8,7,8,7,0,0,0,0,0,15,8,7,8,7,8,10.2803511182072,11.1472530218043,0.436263360338139,2020-05-18,2020,5
"8942","PR",4,"Sul",41034,"São Mateus do Sul",69373,29154.1082948698,21,16,4,12,4,12,0,0,0,0,0,16,4,12,4,12,10,10.2803511182072,11.1472530218043,0.422852861566864,2020-05-25,2020,5
"8943","PR",4,"Sul",41034,"São Mateus do Sul",69373,29154.1082948698,22,18,5,13,6,12,0,0,0,0,0,18,5,13,6,12,6,10.2803511182072,11.1472530218043,0.431097014176385,2020-06-01,2020,6
"8944","PR",4,"Sul",41034,"São Mateus do Sul",69373,29154.1082948698,23,21,6,15,7,14,0,0,0,0,0,21,6,15,7,14,8,10.2803511182072,11.1472530218043,0.416139560375613,2020-06-08,2020,6
"8945","PR",4,"Sul",41034,"São Mateus do Sul",69373,29154.1082948698,24,24,1,23,11,13,0,0,0,0,0,24,1,23,11,13,5,10.2803511182072,11.1472530218043,0.397474178399042,2020-06-15,2020,6
"8946","PR",4,"Sul",41034,"São Mateus do Sul",69373,29154.1082948698,25,20,3,17,5,15,0,0,0,0,0,20,3,17,5,15,9,10.2803511182072,11.1472530218043,0.415954223541151,2020-06-22,2020,6
"8947","PR",4,"Sul",41034,"São Mateus do Sul",69373,29154.1082948698,26,20,4,16,9,11,0,0,0,0,0,20,4,16,9,11,9,10.2803511182072,11.1472530218043,0.430603146597915,2020-06-29,2020,6
"8948","PR",4,"Sul",41034,"São Mateus do Sul",69373,29154.1082948698,27,17,4,13,5,12,0,0,0,0,0,17,4,13,5,12,10,10.2803511182072,11.1472530218043,0.426643640373154,2020-07-06,2020,7
"8949","PR",4,"Sul",41034,"São Mateus do Sul",69373,29154.1082948698,28,15,5,10,7,8,0,0,0,0,0,15,5,10,7,8,2,10.2803511182072,11.1472530218043,0.41690987386129,2020-07-13,2020,7
"8950","PR",4,"Sul",41034,"São Mateus do Sul",69373,29154.1082948698,29,14,5,9,5,9,0,0,0,0,0,14,5,9,5,9,6,10.2803511182072,11.1472530218043,0.390277629221785,2020-07-20,2020,7
"8951","PR",4,"Sul",41036,"Lapa",53284,33439.3665269124,5,9,1,8,6,3,0,0,0,0,0,9,1,8,6,3,10,10.417489123446,10.8833913774714,0.299156083925844,2020-02-03,2020,2
"8952","PR",4,"Sul",41036,"Lapa",53284,33439.3665269124,6,7,2,5,1,6,0,0,0,0,0,7,2,5,1,6,5,10.417489123446,10.8833913774714,0.306542673983953,2020-02-10,2020,2
"8953","PR",4,"Sul",41036,"Lapa",53284,33439.3665269124,7,6,1,5,1,5,0,0,0,0,0,6,1,5,1,5,7,10.417489123446,10.8833913774714,0.308093982545236,2020-02-17,2020,2
"8954","PR",4,"Sul",41036,"Lapa",53284,33439.3665269124,8,8,1,7,2,6,0,0,0,0,0,8,1,7,2,6,3,10.417489123446,10.8833913774714,0.347236743228655,2020-02-24,2020,2
"8955","PR",4,"Sul",41036,"Lapa",53284,33439.3665269124,9,9,3,6,5,4,0,0,0,0,0,9,3,6,5,4,9,10.417489123446,10.8833913774714,0.327033824624327,2020-03-02,2020,3
"8956","PR",4,"Sul",41036,"Lapa",53284,33439.3665269124,10,8,4,4,3,5,0,0,0,0,0,8,4,4,3,5,3,10.417489123446,10.8833913774714,0.357259416690123,2020-03-09,2020,3
"8957","PR",4,"Sul",41036,"Lapa",53284,33439.3665269124,11,3,0,3,1,2,0,0,0,0,0,3,0,3,1,2,7,10.417489123446,10.8833913774714,0.424985889804518,2020-03-16,2020,3
"8958","PR",4,"Sul",41036,"Lapa",53284,33439.3665269124,12,5,1,4,1,4,0,0,0,0,0,5,1,4,1,4,6,10.417489123446,10.8833913774714,0.520227291248362,2020-03-23,2020,3
"8959","PR",4,"Sul",41036,"Lapa",53284,33439.3665269124,13,2,2,0,1,1,0,0,0,0,0,2,2,0,1,1,8,10.417489123446,10.8833913774714,0.481150438075107,2020-03-30,2020,3
"8960","PR",4,"Sul",41036,"Lapa",53284,33439.3665269124,14,8,4,4,2,6,0,0,0,0,0,8,4,4,2,6,4,10.417489123446,10.8833913774714,0.445439597325709,2020-04-06,2020,4
"8961","PR",4,"Sul",41036,"Lapa",53284,33439.3665269124,15,5,1,4,3,2,0,0,0,0,0,5,1,4,3,2,8,10.417489123446,10.8833913774714,0.433401222394459,2020-04-13,2020,4
"8962","PR",4,"Sul",41036,"Lapa",53284,33439.3665269124,16,4,2,2,1,3,0,0,0,0,0,4,2,2,1,3,4,10.417489123446,10.8833913774714,0.440437893254248,2020-04-20,2020,4
"8963","PR",4,"Sul",41036,"Lapa",53284,33439.3665269124,17,8,1,7,1,7,0,0,0,0,0,8,1,7,1,7,3,10.417489123446,10.8833913774714,0.423460464247693,2020-04-27,2020,4
"8964","PR",4,"Sul",41036,"Lapa",53284,33439.3665269124,18,13,5,8,4,9,0,0,0,0,0,13,5,8,4,9,3,10.417489123446,10.8833913774714,0.401982183403594,2020-05-04,2020,5
"8965","PR",4,"Sul",41036,"Lapa",53284,33439.3665269124,19,3,0,3,2,1,0,0,0,0,0,3,0,3,2,1,7,10.417489123446,10.8833913774714,0.412167877240422,2020-05-11,2020,5
"8966","PR",4,"Sul",41036,"Lapa",53284,33439.3665269124,20,7,2,5,3,4,0,0,0,0,0,7,2,5,3,4,12,10.417489123446,10.8833913774714,0.415717425645739,2020-05-18,2020,5
"8967","PR",4,"Sul",41036,"Lapa",53284,33439.3665269124,21,17,0,17,4,13,0,0,0,0,0,17,0,17,4,13,5,10.417489123446,10.8833913774714,0.404877321098718,2020-05-25,2020,5
"8968","PR",4,"Sul",41036,"Lapa",53284,33439.3665269124,22,11,7,4,1,10,1,0,0,0,0,12,7,4,1,10,3,10.417489123446,10.8833913774714,0.415348654564153,2020-06-01,2020,6
"8969","PR",4,"Sul",41036,"Lapa",53284,33439.3665269124,23,14,3,11,4,10,0,0,0,0,0,14,3,11,4,10,7,10.417489123446,10.8833913774714,0.440856886567889,2020-06-08,2020,6
"8970","PR",4,"Sul",41036,"Lapa",53284,33439.3665269124,24,11,1,10,4,7,0,0,0,0,0,11,1,10,4,7,4,10.417489123446,10.8833913774714,0.386245523651783,2020-06-15,2020,6
"8971","PR",4,"Sul",41036,"Lapa",53284,33439.3665269124,25,10,4,6,5,5,0,0,0,0,0,10,4,6,5,5,7,10.417489123446,10.8833913774714,0.407328318495775,2020-06-22,2020,6
"8972","PR",4,"Sul",41036,"Lapa",53284,33439.3665269124,26,8,2,6,4,4,0,0,0,0,0,8,2,6,4,4,6,10.417489123446,10.8833913774714,0.43027061119383,2020-06-29,2020,6
"8973","PR",4,"Sul",41036,"Lapa",53284,33439.3665269124,27,5,1,4,1,4,0,0,0,0,0,5,1,4,1,4,4,10.417489123446,10.8833913774714,0.426750663505337,2020-07-06,2020,7
"8974","PR",4,"Sul",41036,"Lapa",53284,33439.3665269124,28,10,2,8,4,6,0,0,0,0,0,10,2,8,4,6,8,10.417489123446,10.8833913774714,0.427948694165206,2020-07-13,2020,7
"8975","PR",4,"Sul",41036,"Lapa",53284,33439.3665269124,29,8,1,7,2,6,0,0,0,0,0,8,1,7,2,6,7,10.417489123446,10.8833913774714,0.412330755681278,2020-07-20,2020,7
"8976","PR",4,"Sul",41037,"Curitiba",3515126,45289.7544807441,5,681,123,558,227,454,6,0,0,0,0,687,123,558,227,454,361,10.7208361154877,15.0725859289571,0.279330126438624,2020-02-03,2020,2
"8977","PR",4,"Sul",41037,"Curitiba",3515126,45289.7544807441,6,811,141,670,271,540,5,0,0,0,0,816,141,670,271,540,349,10.7208361154877,15.0725859289571,0.276579849034906,2020-02-10,2020,2
"8978","PR",4,"Sul",41037,"Curitiba",3515126,45289.7544807441,7,772,145,627,259,513,5,0,0,0,0,777,145,627,259,513,338,10.7208361154877,15.0725859289571,0.291726516738599,2020-02-17,2020,2
"8979","PR",4,"Sul",41037,"Curitiba",3515126,45289.7544807441,8,716,131,585,247,469,4,0,0,0,0,720,131,585,247,469,326,10.7208361154877,15.0725859289571,0.34764056442348,2020-02-24,2020,2
"8980","PR",4,"Sul",41037,"Curitiba",3515126,45289.7544807441,9,732,150,582,247,485,5,0,0,0,0,737,150,582,247,485,379,10.7208361154877,15.0725859289571,0.310200534319631,2020-03-02,2020,3
"8981","PR",4,"Sul",41037,"Curitiba",3515126,45289.7544807441,10,743,151,592,266,477,1,0,0,0,0,744,151,592,266,477,315,10.7208361154877,15.0725859289571,0.320016843711473,2020-03-09,2020,3
"8982","PR",4,"Sul",41037,"Curitiba",3515126,45289.7544807441,11,718,139,579,232,486,10,0,0,0,0,728,139,579,232,486,365,10.7208361154877,15.0725859289571,0.417768541612801,2020-03-16,2020,3
"8983","PR",4,"Sul",41037,"Curitiba",3515126,45289.7544807441,12,694,128,566,245,449,5,0,0,0,0,699,128,566,245,449,343,10.7208361154877,15.0725859289571,0.547847303058893,2020-03-23,2020,3
"8984","PR",4,"Sul",41037,"Curitiba",3515126,45289.7544807441,13,755,143,612,251,504,4,0,0,0,0,759,143,612,251,504,377,10.7208361154877,15.0725859289571,0.497638295402811,2020-03-30,2020,3
"8985","PR",4,"Sul",41037,"Curitiba",3515126,45289.7544807441,14,789,165,624,269,520,8,0,0,0,0,797,165,624,269,520,370,10.7208361154877,15.0725859289571,0.483770921986673,2020-04-06,2020,4
"8986","PR",4,"Sul",41037,"Curitiba",3515126,45289.7544807441,15,812,153,659,259,553,5,0,0,0,0,817,153,659,259,553,352,10.7208361154877,15.0725859289571,0.460987153463101,2020-04-13,2020,4
"8987","PR",4,"Sul",41037,"Curitiba",3515126,45289.7544807441,16,812,125,687,262,550,4,0,0,0,0,816,125,687,262,550,327,10.7208361154877,15.0725859289571,0.455362209286755,2020-04-20,2020,4
"8988","PR",4,"Sul",41037,"Curitiba",3515126,45289.7544807441,17,778,165,613,248,530,2,0,0,0,0,780,165,613,248,530,329,10.7208361154877,15.0725859289571,0.442083753337548,2020-04-27,2020,4
"8989","PR",4,"Sul",41037,"Curitiba",3515126,45289.7544807441,18,798,166,632,250,548,8,0,0,0,0,806,166,632,250,548,342,10.7208361154877,15.0725859289571,0.412726151547886,2020-05-04,2020,5
"8990","PR",4,"Sul",41037,"Curitiba",3515126,45289.7544807441,19,817,155,662,284,533,5,0,0,0,0,822,155,662,284,533,387,10.7208361154877,15.0725859289571,0.415637859277294,2020-05-11,2020,5
"8991","PR",4,"Sul",41037,"Curitiba",3515126,45289.7544807441,20,771,150,621,244,527,6,0,0,0,0,777,150,621,244,527,348,10.7208361154877,15.0725859289571,0.41270749441543,2020-05-18,2020,5
"8992","PR",4,"Sul",41037,"Curitiba",3515126,45289.7544807441,21,809,141,668,250,559,1,0,0,0,0,810,141,668,250,559,388,10.7208361154877,15.0725859289571,0.398283223390085,2020-05-25,2020,5
"8993","PR",4,"Sul",41037,"Curitiba",3515126,45289.7544807441,22,859,163,696,268,591,5,0,0,0,0,864,163,696,268,591,404,10.7208361154877,15.0725859289571,0.403194204560214,2020-06-01,2020,6
"8994","PR",4,"Sul",41037,"Curitiba",3515126,45289.7544807441,23,793,146,647,243,550,4,0,0,0,0,797,146,647,243,550,444,10.7208361154877,15.0725859289571,0.409205316720383,2020-06-08,2020,6
"8995","PR",4,"Sul",41037,"Curitiba",3515126,45289.7544807441,24,776,146,630,234,542,8,0,0,0,0,784,146,630,234,542,450,10.7208361154877,15.0725859289571,0.390376964315257,2020-06-15,2020,6
"8996","PR",4,"Sul",41037,"Curitiba",3515126,45289.7544807441,25,762,138,624,254,508,9,0,0,0,0,771,138,624,254,508,456,10.7208361154877,15.0725859289571,0.421585522417408,2020-06-22,2020,6
"8997","PR",4,"Sul",41037,"Curitiba",3515126,45289.7544807441,26,781,133,648,226,555,3,0,0,0,0,784,133,648,226,555,532,10.7208361154877,15.0725859289571,0.426523975443433,2020-06-29,2020,6
"8998","PR",4,"Sul",41037,"Curitiba",3515126,45289.7544807441,27,724,148,576,228,496,7,0,0,0,0,731,148,576,228,496,573,10.7208361154877,15.0725859289571,0.428116032469098,2020-07-06,2020,7
"8999","PR",4,"Sul",41037,"Curitiba",3515126,45289.7544807441,28,803,165,638,273,530,4,0,0,0,0,807,165,638,273,530,527,10.7208361154877,15.0725859289571,0.408749586988975,2020-07-13,2020,7
"9000","PR",4,"Sul",41037,"Curitiba",3515126,45289.7544807441,29,759,137,622,239,520,5,0,0,0,0,764,137,622,239,520,530,10.7208361154877,15.0725859289571,0.408380182464384,2020-07-20,2020,7
"9001","PR",4,"Sul",41038,"Paranaguá",299824,50231.5127776963,5,59,17,42,27,32,0,0,0,0,0,59,17,42,27,32,49,10.8243978533062,12.6109509148154,0.315669914478947,2020-02-03,2020,2
"9002","PR",4,"Sul",41038,"Paranaguá",299824,50231.5127776963,6,61,25,36,23,38,1,0,0,0,0,62,25,36,23,38,43,10.8243978533062,12.6109509148154,0.298522030471573,2020-02-10,2020,2
"9003","PR",4,"Sul",41038,"Paranaguá",299824,50231.5127776963,7,87,23,64,38,49,0,0,0,0,0,87,23,64,38,49,29,10.8243978533062,12.6109509148154,0.320841699935175,2020-02-17,2020,2
"9004","PR",4,"Sul",41038,"Paranaguá",299824,50231.5127776963,8,63,20,43,27,36,0,0,0,0,0,63,20,43,27,36,38,10.8243978533062,12.6109509148154,0.36187306291506,2020-02-24,2020,2
"9005","PR",4,"Sul",41038,"Paranaguá",299824,50231.5127776963,9,97,28,69,40,57,0,0,0,0,0,97,28,69,40,57,35,10.8243978533062,12.6109509148154,0.350337437057672,2020-03-02,2020,3
"9006","PR",4,"Sul",41038,"Paranaguá",299824,50231.5127776963,10,59,21,38,31,28,2,0,0,0,0,61,21,38,31,28,32,10.8243978533062,12.6109509148154,0.356175456390373,2020-03-09,2020,3
"9007","PR",4,"Sul",41038,"Paranaguá",299824,50231.5127776963,11,87,25,62,37,50,1,0,0,0,0,88,25,62,37,50,35,10.8243978533062,12.6109509148154,0.430906529962466,2020-03-16,2020,3
"9008","PR",4,"Sul",41038,"Paranaguá",299824,50231.5127776963,12,78,20,58,31,47,1,0,0,0,0,79,20,58,31,47,36,10.8243978533062,12.6109509148154,0.534093882658286,2020-03-23,2020,3
"9009","PR",4,"Sul",41038,"Paranaguá",299824,50231.5127776963,13,66,20,46,26,40,0,0,0,0,0,66,20,46,26,40,44,10.8243978533062,12.6109509148154,0.490503324907643,2020-03-30,2020,3
"9010","PR",4,"Sul",41038,"Paranaguá",299824,50231.5127776963,14,72,23,49,23,49,0,0,0,0,0,72,23,49,23,49,37,10.8243978533062,12.6109509148154,0.483907882797082,2020-04-06,2020,4
"9011","PR",4,"Sul",41038,"Paranaguá",299824,50231.5127776963,15,80,26,54,23,57,0,0,0,0,0,80,26,54,23,57,36,10.8243978533062,12.6109509148154,0.463594886502934,2020-04-13,2020,4
"9012","PR",4,"Sul",41038,"Paranaguá",299824,50231.5127776963,16,79,29,50,30,49,0,0,0,0,0,79,29,50,30,49,48,10.8243978533062,12.6109509148154,0.460766889773864,2020-04-20,2020,4
"9013","PR",4,"Sul",41038,"Paranaguá",299824,50231.5127776963,17,77,29,48,35,42,2,0,0,0,0,79,29,48,35,42,35,10.8243978533062,12.6109509148154,0.449350797702367,2020-04-27,2020,4
"9014","PR",4,"Sul",41038,"Paranaguá",299824,50231.5127776963,18,56,11,45,29,27,0,0,0,0,0,56,11,45,29,27,40,10.8243978533062,12.6109509148154,0.425639971733379,2020-05-04,2020,5
"9015","PR",4,"Sul",41038,"Paranaguá",299824,50231.5127776963,19,99,29,70,35,64,1,0,0,0,0,100,29,70,35,64,43,10.8243978533062,12.6109509148154,0.435439880718348,2020-05-11,2020,5
"9016","PR",4,"Sul",41038,"Paranaguá",299824,50231.5127776963,20,91,45,46,48,43,1,0,0,0,0,92,45,46,48,43,38,10.8243978533062,12.6109509148154,0.433723977698921,2020-05-18,2020,5
"9017","PR",4,"Sul",41038,"Paranaguá",299824,50231.5127776963,21,93,29,64,42,51,0,0,0,0,0,93,29,64,42,51,36,10.8243978533062,12.6109509148154,0.418727964852111,2020-05-25,2020,5
"9018","PR",4,"Sul",41038,"Paranaguá",299824,50231.5127776963,22,82,22,60,40,42,0,0,0,0,0,82,22,60,40,42,43,10.8243978533062,12.6109509148154,0.430794939942053,2020-06-01,2020,6
"9019","PR",4,"Sul",41038,"Paranaguá",299824,50231.5127776963,23,81,19,62,32,49,1,0,0,0,0,82,19,62,32,49,51,10.8243978533062,12.6109509148154,0.433581787135754,2020-06-08,2020,6
"9020","PR",4,"Sul",41038,"Paranaguá",299824,50231.5127776963,24,69,15,54,30,39,0,0,0,0,0,69,15,54,30,39,48,10.8243978533062,12.6109509148154,0.409879225789818,2020-06-15,2020,6
"9021","PR",4,"Sul",41038,"Paranaguá",299824,50231.5127776963,25,86,26,60,34,52,0,0,0,0,0,86,26,60,34,52,45,10.8243978533062,12.6109509148154,0.429377728605085,2020-06-22,2020,6
"9022","PR",4,"Sul",41038,"Paranaguá",299824,50231.5127776963,26,63,22,41,27,36,0,0,0,0,0,63,22,41,27,36,42,10.8243978533062,12.6109509148154,0.444088241326466,2020-06-29,2020,6
"9023","PR",4,"Sul",41038,"Paranaguá",299824,50231.5127776963,27,76,21,55,17,59,0,0,0,0,0,76,21,55,17,59,61,10.8243978533062,12.6109509148154,0.457152422453609,2020-07-06,2020,7
"9024","PR",4,"Sul",41038,"Paranaguá",299824,50231.5127776963,28,96,32,64,37,59,1,0,0,0,0,97,32,64,37,59,52,10.8243978533062,12.6109509148154,0.455926897100478,2020-07-13,2020,7
"9025","PR",4,"Sul",41038,"Paranaguá",299824,50231.5127776963,29,70,31,39,31,39,1,0,0,0,0,71,31,39,31,39,49,10.8243978533062,12.6109509148154,0.445793351558308,2020-07-20,2020,7
"9026","PR",4,"Sul",41039,"Rio Negro",101113,31733.5642376351,5,25,9,16,14,11,0,0,0,0,0,25,9,16,14,11,11,10.3651302084809,11.523993982301,0.30631124339969,2020-02-03,2020,2
"9027","PR",4,"Sul",41039,"Rio Negro",101113,31733.5642376351,6,21,5,16,4,17,0,0,0,0,0,21,5,16,4,17,6,10.3651302084809,11.523993982301,0.298176634774494,2020-02-10,2020,2
"9028","PR",4,"Sul",41039,"Rio Negro",101113,31733.5642376351,7,31,10,21,5,26,0,0,0,0,0,31,10,21,5,26,10,10.3651302084809,11.523993982301,0.321320622584943,2020-02-17,2020,2
"9029","PR",4,"Sul",41039,"Rio Negro",101113,31733.5642376351,8,20,7,13,10,10,0,0,0,0,0,20,7,13,10,10,12,10.3651302084809,11.523993982301,0.345853849813964,2020-02-24,2020,2
"9030","PR",4,"Sul",41039,"Rio Negro",101113,31733.5642376351,9,19,6,13,8,11,0,0,0,0,0,19,6,13,8,11,20,10.3651302084809,11.523993982301,0.335295169707203,2020-03-02,2020,3
"9031","PR",4,"Sul",41039,"Rio Negro",101113,31733.5642376351,10,19,7,12,6,13,0,0,0,0,0,19,7,12,6,13,9,10.3651302084809,11.523993982301,0.349427858009685,2020-03-09,2020,3
"9032","PR",4,"Sul",41039,"Rio Negro",101113,31733.5642376351,11,13,1,12,5,8,0,0,0,0,0,13,1,12,5,8,12,10.3651302084809,11.523993982301,0.429702905111341,2020-03-16,2020,3
"9033","PR",4,"Sul",41039,"Rio Negro",101113,31733.5642376351,12,14,1,13,6,8,0,0,0,0,0,14,1,13,6,8,15,10.3651302084809,11.523993982301,0.540969498073125,2020-03-23,2020,3
"9034","PR",4,"Sul",41039,"Rio Negro",101113,31733.5642376351,13,14,3,11,7,7,0,0,0,0,0,14,3,11,7,7,13,10.3651302084809,11.523993982301,0.470613639359882,2020-03-30,2020,3
"9035","PR",4,"Sul",41039,"Rio Negro",101113,31733.5642376351,14,20,5,15,8,12,0,0,0,0,0,20,5,15,8,12,12,10.3651302084809,11.523993982301,0.453237405138133,2020-04-06,2020,4
"9036","PR",4,"Sul",41039,"Rio Negro",101113,31733.5642376351,15,29,12,17,11,18,0,0,0,0,0,29,12,17,11,18,8,10.3651302084809,11.523993982301,0.429685520125432,2020-04-13,2020,4
"9037","PR",4,"Sul",41039,"Rio Negro",101113,31733.5642376351,16,34,8,26,12,22,0,0,0,0,0,34,8,26,12,22,16,10.3651302084809,11.523993982301,0.426610020973688,2020-04-20,2020,4
"9038","PR",4,"Sul",41039,"Rio Negro",101113,31733.5642376351,17,27,10,17,10,17,0,0,0,0,0,27,10,17,10,17,13,10.3651302084809,11.523993982301,0.423726470712057,2020-04-27,2020,4
"9039","PR",4,"Sul",41039,"Rio Negro",101113,31733.5642376351,18,12,3,9,5,7,0,0,0,0,0,12,3,9,5,7,10,10.3651302084809,11.523993982301,0.403477470778551,2020-05-04,2020,5
"9040","PR",4,"Sul",41039,"Rio Negro",101113,31733.5642376351,19,32,14,18,17,15,0,0,0,0,0,32,14,18,17,15,7,10.3651302084809,11.523993982301,0.416963747712351,2020-05-11,2020,5
"9041","PR",4,"Sul",41039,"Rio Negro",101113,31733.5642376351,20,20,5,15,8,12,0,0,0,0,0,20,5,15,8,12,13,10.3651302084809,11.523993982301,0.423124662052244,2020-05-18,2020,5
"9042","PR",4,"Sul",41039,"Rio Negro",101113,31733.5642376351,21,28,8,20,15,13,0,0,0,0,0,28,8,20,15,13,16,10.3651302084809,11.523993982301,0.40654328990073,2020-05-25,2020,5
"9043","PR",4,"Sul",41039,"Rio Negro",101113,31733.5642376351,22,26,7,19,10,16,0,0,0,0,0,26,7,19,10,16,13,10.3651302084809,11.523993982301,0.406187309635386,2020-06-01,2020,6
"9044","PR",4,"Sul",41039,"Rio Negro",101113,31733.5642376351,23,21,5,16,11,10,0,0,0,0,0,21,5,16,11,10,14,10.3651302084809,11.523993982301,0.422725691576109,2020-06-08,2020,6
"9045","PR",4,"Sul",41039,"Rio Negro",101113,31733.5642376351,24,30,13,17,11,19,1,0,0,0,0,31,13,17,11,19,18,10.3651302084809,11.523993982301,0.38544643609135,2020-06-15,2020,6
"9046","PR",4,"Sul",41039,"Rio Negro",101113,31733.5642376351,25,21,5,16,7,14,1,0,0,0,0,22,5,16,7,14,13,10.3651302084809,11.523993982301,0.420231843569434,2020-06-22,2020,6
"9047","PR",4,"Sul",41039,"Rio Negro",101113,31733.5642376351,26,25,7,18,11,14,1,0,0,0,0,26,7,18,11,14,17,10.3651302084809,11.523993982301,0.413679165498753,2020-06-29,2020,6
"9048","PR",4,"Sul",41039,"Rio Negro",101113,31733.5642376351,27,23,7,16,14,9,0,0,0,0,0,23,7,16,14,9,16,10.3651302084809,11.523993982301,0.417751859973311,2020-07-06,2020,7
"9049","PR",4,"Sul",41039,"Rio Negro",101113,31733.5642376351,28,25,7,18,13,12,0,0,0,0,0,25,7,18,13,12,13,10.3651302084809,11.523993982301,0.40433777880986,2020-07-13,2020,7
"9050","PR",4,"Sul",41039,"Rio Negro",101113,31733.5642376351,29,25,4,21,7,18,0,0,0,0,0,25,4,21,7,18,18,10.3651302084809,11.523993982301,0.417473109781969,2020-07-20,2020,7
"9051","RJ",3,"Sudeste",33001,"Itaperuna",209005,23234.147944786,5,38,9,29,14,24,2,0,0,0,0,40,9,29,14,24,36,10.0533783696518,12.2501134541058,0.310984839869093,2020-02-03,2020,2
"9052","RJ",3,"Sudeste",33001,"Itaperuna",209005,23234.147944786,6,40,6,34,17,23,0,0,0,0,0,40,6,34,17,23,38,10.0533783696518,12.2501134541058,0.319092806788312,2020-02-10,2020,2
"9053","RJ",3,"Sudeste",33001,"Itaperuna",209005,23234.147944786,7,32,9,23,13,19,0,0,0,0,0,32,9,23,13,19,35,10.0533783696518,12.2501134541058,0.322869100765921,2020-02-17,2020,2
"9054","RJ",3,"Sudeste",33001,"Itaperuna",209005,23234.147944786,8,43,5,38,17,26,0,0,0,0,0,43,5,38,17,26,39,10.0533783696518,12.2501134541058,0.401883610683033,2020-02-24,2020,2
"9055","RJ",3,"Sudeste",33001,"Itaperuna",209005,23234.147944786,9,36,7,29,18,18,2,0,0,0,0,38,7,29,18,18,45,10.0533783696518,12.2501134541058,0.341537491044784,2020-03-02,2020,3
"9056","RJ",3,"Sudeste",33001,"Itaperuna",209005,23234.147944786,10,39,5,34,14,25,0,0,0,0,0,39,5,34,14,25,38,10.0533783696518,12.2501134541058,0.329330023422581,2020-03-09,2020,3
"9057","RJ",3,"Sudeste",33001,"Itaperuna",209005,23234.147944786,11,40,11,29,17,23,1,0,0,0,0,41,11,29,17,23,36,10.0533783696518,12.2501134541058,0.479139617087098,2020-03-16,2020,3
"9058","RJ",3,"Sudeste",33001,"Itaperuna",209005,23234.147944786,12,30,7,23,11,19,1,0,0,0,0,31,7,23,11,19,33,10.0533783696518,12.2501134541058,0.570842117706188,2020-03-23,2020,3
"9059","RJ",3,"Sudeste",33001,"Itaperuna",209005,23234.147944786,13,37,5,32,13,24,2,0,0,0,0,39,5,32,13,24,37,10.0533783696518,12.2501134541058,0.519788196275399,2020-03-30,2020,3
"9060","RJ",3,"Sudeste",33001,"Itaperuna",209005,23234.147944786,14,42,11,31,27,15,1,0,0,0,0,43,11,31,27,15,42,10.0533783696518,12.2501134541058,0.52355596754615,2020-04-06,2020,4
"9061","RJ",3,"Sudeste",33001,"Itaperuna",209005,23234.147944786,15,36,11,25,14,22,0,0,0,0,0,36,11,25,14,22,32,10.0533783696518,12.2501134541058,0.486415395886211,2020-04-13,2020,4
"9062","RJ",3,"Sudeste",33001,"Itaperuna",209005,23234.147944786,16,55,9,46,25,30,0,0,0,0,0,55,9,46,25,30,27,10.0533783696518,12.2501134541058,0.494382595697967,2020-04-20,2020,4
"9063","RJ",3,"Sudeste",33001,"Itaperuna",209005,23234.147944786,17,39,7,32,18,21,0,0,0,0,0,39,7,32,18,21,22,10.0533783696518,12.2501134541058,0.481066621923523,2020-04-27,2020,4
"9064","RJ",3,"Sudeste",33001,"Itaperuna",209005,23234.147944786,18,46,12,34,17,29,0,0,0,0,0,46,12,34,17,29,36,10.0533783696518,12.2501134541058,0.45838372842227,2020-05-04,2020,5
"9065","RJ",3,"Sudeste",33001,"Itaperuna",209005,23234.147944786,19,52,14,38,19,33,0,0,0,0,0,52,14,38,19,33,41,10.0533783696518,12.2501134541058,0.480446140109755,2020-05-11,2020,5
"9066","RJ",3,"Sudeste",33001,"Itaperuna",209005,23234.147944786,20,59,15,44,30,29,0,0,0,0,0,59,15,44,30,29,45,10.0533783696518,12.2501134541058,0.463555616347918,2020-05-18,2020,5
"9067","RJ",3,"Sudeste",33001,"Itaperuna",209005,23234.147944786,21,49,9,40,23,26,0,0,0,0,0,49,9,40,23,26,37,10.0533783696518,12.2501134541058,0.459437923017736,2020-05-25,2020,5
"9068","RJ",3,"Sudeste",33001,"Itaperuna",209005,23234.147944786,22,38,9,29,17,21,1,0,0,0,0,39,9,29,17,21,36,10.0533783696518,12.2501134541058,0.444557383207953,2020-06-01,2020,6
"9069","RJ",3,"Sudeste",33001,"Itaperuna",209005,23234.147944786,23,49,7,42,18,31,1,0,0,0,0,50,7,42,18,31,45,10.0533783696518,12.2501134541058,0.436040211322636,2020-06-08,2020,6
"9070","RJ",3,"Sudeste",33001,"Itaperuna",209005,23234.147944786,24,47,9,38,19,28,0,0,0,0,0,47,9,38,19,28,37,10.0533783696518,12.2501134541058,0.433775873879343,2020-06-15,2020,6
"9071","RJ",3,"Sudeste",33001,"Itaperuna",209005,23234.147944786,25,41,9,32,13,28,1,0,0,0,0,42,9,32,13,28,48,10.0533783696518,12.2501134541058,0.438161517918484,2020-06-22,2020,6
"9072","RJ",3,"Sudeste",33001,"Itaperuna",209005,23234.147944786,26,35,8,27,13,22,1,0,0,0,0,36,8,27,13,22,47,10.0533783696518,12.2501134541058,0.439794390436773,2020-06-29,2020,6
"9073","RJ",3,"Sudeste",33001,"Itaperuna",209005,23234.147944786,27,40,7,33,9,31,0,0,0,0,0,40,7,33,9,31,38,10.0533783696518,12.2501134541058,0.438905645375173,2020-07-06,2020,7
"9074","RJ",3,"Sudeste",33001,"Itaperuna",209005,23234.147944786,28,34,6,28,17,17,0,0,0,0,0,34,6,28,17,17,48,10.0533783696518,12.2501134541058,0.435910846492562,2020-07-13,2020,7
"9075","RJ",3,"Sudeste",33001,"Itaperuna",209005,23234.147944786,29,51,12,39,19,32,2,0,0,0,0,53,12,39,19,32,57,10.0533783696518,12.2501134541058,0.45011295784574,2020-07-20,2020,7
"9076","RJ",3,"Sudeste",33002,"Santo Antônio de Pádua",127591,22677.2345662312,5,28,4,24,7,21,0,0,0,0,0,28,4,24,7,21,19,10.0291168177014,11.7565851144899,0.329160525389734,2020-02-03,2020,2
"9077","RJ",3,"Sudeste",33002,"Santo Antônio de Pádua",127591,22677.2345662312,6,18,4,14,5,13,1,0,0,0,0,19,4,14,5,13,23,10.0291168177014,11.7565851144899,0.329449665491872,2020-02-10,2020,2
"9078","RJ",3,"Sudeste",33002,"Santo Antônio de Pádua",127591,22677.2345662312,7,29,4,25,15,14,0,0,0,0,0,29,4,25,15,14,25,10.0291168177014,11.7565851144899,0.319241667325732,2020-02-17,2020,2
"9079","RJ",3,"Sudeste",33002,"Santo Antônio de Pádua",127591,22677.2345662312,8,18,2,16,7,11,0,0,0,0,0,18,2,16,7,11,25,10.0291168177014,11.7565851144899,0.384467979925721,2020-02-24,2020,2
"9080","RJ",3,"Sudeste",33002,"Santo Antônio de Pádua",127591,22677.2345662312,9,29,9,20,14,15,1,0,0,0,0,30,9,20,14,15,21,10.0291168177014,11.7565851144899,0.355347939115602,2020-03-02,2020,3
"9081","RJ",3,"Sudeste",33002,"Santo Antônio de Pádua",127591,22677.2345662312,10,25,5,20,12,13,1,0,0,0,0,26,5,20,12,13,23,10.0291168177014,11.7565851144899,0.346466129075074,2020-03-09,2020,3
"9082","RJ",3,"Sudeste",33002,"Santo Antônio de Pádua",127591,22677.2345662312,11,19,6,13,9,10,0,0,0,0,0,19,6,13,9,10,22,10.0291168177014,11.7565851144899,0.472078453439634,2020-03-16,2020,3
"9083","RJ",3,"Sudeste",33002,"Santo Antônio de Pádua",127591,22677.2345662312,12,18,3,15,7,11,0,0,0,0,0,18,3,15,7,11,19,10.0291168177014,11.7565851144899,0.554545077931185,2020-03-23,2020,3
"9084","RJ",3,"Sudeste",33002,"Santo Antônio de Pádua",127591,22677.2345662312,13,24,3,21,8,16,0,0,0,0,0,24,3,21,8,16,22,10.0291168177014,11.7565851144899,0.510128897327153,2020-03-30,2020,3
"9085","RJ",3,"Sudeste",33002,"Santo Antônio de Pádua",127591,22677.2345662312,14,27,4,23,12,15,0,0,0,0,0,27,4,23,12,15,19,10.0291168177014,11.7565851144899,0.485578237533385,2020-04-06,2020,4
"9086","RJ",3,"Sudeste",33002,"Santo Antônio de Pádua",127591,22677.2345662312,15,17,4,13,9,8,0,0,0,0,0,17,4,13,9,8,17,10.0291168177014,11.7565851144899,0.479146613249118,2020-04-13,2020,4
"9087","RJ",3,"Sudeste",33002,"Santo Antônio de Pádua",127591,22677.2345662312,16,29,10,19,15,14,0,0,0,0,0,29,10,19,15,14,14,10.0291168177014,11.7565851144899,0.476056148697578,2020-04-20,2020,4
"9088","RJ",3,"Sudeste",33002,"Santo Antônio de Pádua",127591,22677.2345662312,17,34,5,29,18,16,0,0,0,0,0,34,5,29,18,16,21,10.0291168177014,11.7565851144899,0.483219606006885,2020-04-27,2020,4
"9089","RJ",3,"Sudeste",33002,"Santo Antônio de Pádua",127591,22677.2345662312,18,21,2,19,9,12,0,0,0,0,0,21,2,19,9,12,31,10.0291168177014,11.7565851144899,0.445273786278049,2020-05-04,2020,5
"9090","RJ",3,"Sudeste",33002,"Santo Antônio de Pádua",127591,22677.2345662312,19,31,4,27,15,16,0,0,0,0,0,31,4,27,15,16,14,10.0291168177014,11.7565851144899,0.470925141994667,2020-05-11,2020,5
"9091","RJ",3,"Sudeste",33002,"Santo Antônio de Pádua",127591,22677.2345662312,20,30,7,23,14,16,0,0,0,0,0,30,7,23,14,16,24,10.0291168177014,11.7565851144899,0.442463065417522,2020-05-18,2020,5
"9092","RJ",3,"Sudeste",33002,"Santo Antônio de Pádua",127591,22677.2345662312,21,41,9,32,18,23,0,0,0,0,0,41,9,32,18,23,36,10.0291168177014,11.7565851144899,0.448456886903552,2020-05-25,2020,5
"9093","RJ",3,"Sudeste",33002,"Santo Antônio de Pádua",127591,22677.2345662312,22,35,5,30,12,23,0,0,0,0,0,35,5,30,12,23,29,10.0291168177014,11.7565851144899,0.436384412083841,2020-06-01,2020,6
"9094","RJ",3,"Sudeste",33002,"Santo Antônio de Pádua",127591,22677.2345662312,23,32,9,23,16,16,0,0,0,0,0,32,9,23,16,16,19,10.0291168177014,11.7565851144899,0.428279018509575,2020-06-08,2020,6
"9095","RJ",3,"Sudeste",33002,"Santo Antônio de Pádua",127591,22677.2345662312,24,23,3,20,10,13,0,0,0,0,0,23,3,20,10,13,32,10.0291168177014,11.7565851144899,0.418341394977329,2020-06-15,2020,6
"9096","RJ",3,"Sudeste",33002,"Santo Antônio de Pádua",127591,22677.2345662312,25,27,4,23,4,23,0,0,0,0,0,27,4,23,4,23,26,10.0291168177014,11.7565851144899,0.421098570084359,2020-06-22,2020,6
"9097","RJ",3,"Sudeste",33002,"Santo Antônio de Pádua",127591,22677.2345662312,26,21,7,14,11,10,2,0,0,0,0,23,7,14,11,10,30,10.0291168177014,11.7565851144899,0.433983898587783,2020-06-29,2020,6
"9098","RJ",3,"Sudeste",33002,"Santo Antônio de Pádua",127591,22677.2345662312,27,29,6,23,8,21,1,0,0,0,0,30,6,23,8,21,26,10.0291168177014,11.7565851144899,0.434090924207845,2020-07-06,2020,7
"9099","RJ",3,"Sudeste",33002,"Santo Antônio de Pádua",127591,22677.2345662312,28,40,5,35,15,25,1,0,0,0,0,41,5,35,15,25,29,10.0291168177014,11.7565851144899,0.432737934761684,2020-07-13,2020,7
"9100","RJ",3,"Sudeste",33002,"Santo Antônio de Pádua",127591,22677.2345662312,29,29,7,22,13,16,0,0,0,0,0,29,7,22,13,16,25,10.0291168177014,11.7565851144899,0.43743226729396,2020-07-20,2020,7
"9101","RJ",3,"Sudeste",33003,"Campos dos Goytacazes",641332,65598.1849077857,5,145,36,109,63,82,0,0,0,0,0,145,36,109,63,82,107,11.0913033054608,13.3713025425354,0.293330437285333,2020-02-03,2020,2
"9102","RJ",3,"Sudeste",33003,"Campos dos Goytacazes",641332,65598.1849077857,6,147,40,107,62,85,2,0,0,0,0,149,40,107,62,85,91,11.0913033054608,13.3713025425354,0.29039453569191,2020-02-10,2020,2
"9103","RJ",3,"Sudeste",33003,"Campos dos Goytacazes",641332,65598.1849077857,7,144,47,97,61,83,2,0,0,0,0,146,47,97,61,83,112,11.0913033054608,13.3713025425354,0.303059855734929,2020-02-17,2020,2
"9104","RJ",3,"Sudeste",33003,"Campos dos Goytacazes",641332,65598.1849077857,8,142,57,85,68,74,2,0,0,0,0,144,57,85,68,74,91,11.0913033054608,13.3713025425354,0.370863747562685,2020-02-24,2020,2
"9105","RJ",3,"Sudeste",33003,"Campos dos Goytacazes",641332,65598.1849077857,9,134,40,94,52,82,2,0,0,0,0,136,40,94,52,82,86,11.0913033054608,13.3713025425354,0.324903096587516,2020-03-02,2020,3
"9106","RJ",3,"Sudeste",33003,"Campos dos Goytacazes",641332,65598.1849077857,10,163,50,113,66,97,2,0,0,0,0,165,50,113,66,97,105,11.0913033054608,13.3713025425354,0.328438645343178,2020-03-09,2020,3
"9107","RJ",3,"Sudeste",33003,"Campos dos Goytacazes",641332,65598.1849077857,11,151,46,105,53,98,0,0,0,0,0,151,46,105,53,98,96,11.0913033054608,13.3713025425354,0.430925677667083,2020-03-16,2020,3
"9108","RJ",3,"Sudeste",33003,"Campos dos Goytacazes",641332,65598.1849077857,12,147,55,92,58,89,0,0,0,0,0,147,55,92,58,89,102,11.0913033054608,13.3713025425354,0.521172125283077,2020-03-23,2020,3
"9109","RJ",3,"Sudeste",33003,"Campos dos Goytacazes",641332,65598.1849077857,13,154,57,97,68,86,0,0,0,0,0,154,57,97,68,86,95,11.0913033054608,13.3713025425354,0.490034785196767,2020-03-30,2020,3
"9110","RJ",3,"Sudeste",33003,"Campos dos Goytacazes",641332,65598.1849077857,14,133,40,93,58,75,3,0,0,0,0,136,40,93,58,75,69,11.0913033054608,13.3713025425354,0.476632245533093,2020-04-06,2020,4
"9111","RJ",3,"Sudeste",33003,"Campos dos Goytacazes",641332,65598.1849077857,15,145,41,104,53,92,2,0,0,0,0,147,41,104,53,92,109,11.0913033054608,13.3713025425354,0.455064308088056,2020-04-13,2020,4
"9112","RJ",3,"Sudeste",33003,"Campos dos Goytacazes",641332,65598.1849077857,16,195,60,135,86,109,1,0,0,0,0,196,60,135,86,109,98,11.0913033054608,13.3713025425354,0.461478931621697,2020-04-20,2020,4
"9113","RJ",3,"Sudeste",33003,"Campos dos Goytacazes",641332,65598.1849077857,17,152,47,105,67,85,2,0,0,0,0,154,47,105,67,85,85,11.0913033054608,13.3713025425354,0.450109429911735,2020-04-27,2020,4
"9114","RJ",3,"Sudeste",33003,"Campos dos Goytacazes",641332,65598.1849077857,18,161,58,103,65,96,2,0,0,0,0,163,58,103,65,96,119,11.0913033054608,13.3713025425354,0.434685674793449,2020-05-04,2020,5
"9115","RJ",3,"Sudeste",33003,"Campos dos Goytacazes",641332,65598.1849077857,19,146,43,103,61,85,0,0,0,0,0,146,43,103,61,85,118,11.0913033054608,13.3713025425354,0.441356263739511,2020-05-11,2020,5
"9116","RJ",3,"Sudeste",33003,"Campos dos Goytacazes",641332,65598.1849077857,20,173,59,114,68,105,2,0,0,0,0,175,59,114,68,105,118,11.0913033054608,13.3713025425354,0.478117894425187,2020-05-18,2020,5
"9117","RJ",3,"Sudeste",33003,"Campos dos Goytacazes",641332,65598.1849077857,21,171,61,110,84,87,6,0,0,0,0,177,61,110,84,87,152,11.0913033054608,13.3713025425354,0.437969686612312,2020-05-25,2020,5
"9118","RJ",3,"Sudeste",33003,"Campos dos Goytacazes",641332,65598.1849077857,22,187,60,127,73,114,3,0,0,0,0,190,60,127,73,114,148,11.0913033054608,13.3713025425354,0.419182016798123,2020-06-01,2020,6
"9119","RJ",3,"Sudeste",33003,"Campos dos Goytacazes",641332,65598.1849077857,23,153,48,105,59,94,2,0,0,0,0,155,48,105,59,94,149,11.0913033054608,13.3713025425354,0.413622780618747,2020-06-08,2020,6
"9120","RJ",3,"Sudeste",33003,"Campos dos Goytacazes",641332,65598.1849077857,24,166,35,131,57,109,1,0,0,0,0,167,35,131,57,109,137,11.0913033054608,13.3713025425354,0.402212701355211,2020-06-15,2020,6
"9121","RJ",3,"Sudeste",33003,"Campos dos Goytacazes",641332,65598.1849077857,25,183,69,114,72,111,2,0,0,0,0,185,69,114,72,111,149,11.0913033054608,13.3713025425354,0.409883445365578,2020-06-22,2020,6
"9122","RJ",3,"Sudeste",33003,"Campos dos Goytacazes",641332,65598.1849077857,26,167,54,113,76,91,0,0,0,0,0,167,54,113,76,91,139,11.0913033054608,13.3713025425354,0.411848574647516,2020-06-29,2020,6
"9123","RJ",3,"Sudeste",33003,"Campos dos Goytacazes",641332,65598.1849077857,27,170,53,117,73,97,2,0,0,0,0,172,53,117,73,97,138,11.0913033054608,13.3713025425354,0.404813857175306,2020-07-06,2020,7
"9124","RJ",3,"Sudeste",33003,"Campos dos Goytacazes",641332,65598.1849077857,28,166,47,119,59,107,2,0,0,0,0,168,47,119,59,107,154,11.0913033054608,13.3713025425354,0.404496150998079,2020-07-13,2020,7
"9125","RJ",3,"Sudeste",33003,"Campos dos Goytacazes",641332,65598.1849077857,29,197,56,141,79,118,2,0,0,0,0,199,56,141,79,118,127,11.0913033054608,13.3713025425354,0.399727878112646,2020-07-20,2020,7
"9126","RJ",3,"Sudeste",33004,"Macaé",326611,59615.1060709835,5,74,20,54,35,39,0,0,0,0,0,74,20,54,35,39,34,10.9956642785053,12.6965251392943,0.280654723203388,2020-02-03,2020,2
"9127","RJ",3,"Sudeste",33004,"Macaé",326611,59615.1060709835,6,86,24,62,40,46,1,0,0,0,0,87,24,62,40,46,32,10.9956642785053,12.6965251392943,0.279826087581987,2020-02-10,2020,2
"9128","RJ",3,"Sudeste",33004,"Macaé",326611,59615.1060709835,7,82,14,68,30,52,1,0,0,0,0,83,14,68,30,52,26,10.9956642785053,12.6965251392943,0.294363373751478,2020-02-17,2020,2
"9129","RJ",3,"Sudeste",33004,"Macaé",326611,59615.1060709835,8,67,14,53,31,36,0,0,0,0,0,67,14,53,31,36,35,10.9956642785053,12.6965251392943,0.373495709988457,2020-02-24,2020,2
"9130","RJ",3,"Sudeste",33004,"Macaé",326611,59615.1060709835,9,78,19,59,33,45,0,0,0,0,0,78,19,59,33,45,35,10.9956642785053,12.6965251392943,0.313624031088943,2020-03-02,2020,3
"9131","RJ",3,"Sudeste",33004,"Macaé",326611,59615.1060709835,10,61,15,46,28,33,0,0,0,0,0,61,15,46,28,33,51,10.9956642785053,12.6965251392943,0.319127672697075,2020-03-09,2020,3
"9132","RJ",3,"Sudeste",33004,"Macaé",326611,59615.1060709835,11,69,14,55,28,41,1,0,0,0,0,70,14,55,28,41,42,10.9956642785053,12.6965251392943,0.431690351047468,2020-03-16,2020,3
"9133","RJ",3,"Sudeste",33004,"Macaé",326611,59615.1060709835,12,48,8,40,21,27,1,0,0,0,0,49,8,40,21,27,42,10.9956642785053,12.6965251392943,0.573974193465245,2020-03-23,2020,3
"9134","RJ",3,"Sudeste",33004,"Macaé",326611,59615.1060709835,13,72,27,45,30,42,1,0,0,0,0,73,27,45,30,42,32,10.9956642785053,12.6965251392943,0.530849146229012,2020-03-30,2020,3
"9135","RJ",3,"Sudeste",33004,"Macaé",326611,59615.1060709835,14,57,13,44,25,32,0,0,0,0,0,57,13,44,25,32,38,10.9956642785053,12.6965251392943,0.511906107331521,2020-04-06,2020,4
"9136","RJ",3,"Sudeste",33004,"Macaé",326611,59615.1060709835,15,73,21,52,31,42,1,0,0,0,0,74,21,52,31,42,40,10.9956642785053,12.6965251392943,0.487841827204957,2020-04-13,2020,4
"9137","RJ",3,"Sudeste",33004,"Macaé",326611,59615.1060709835,16,73,19,54,25,48,1,0,0,0,0,74,19,54,25,48,34,10.9956642785053,12.6965251392943,0.489757339048437,2020-04-20,2020,4
"9138","RJ",3,"Sudeste",33004,"Macaé",326611,59615.1060709835,17,91,17,74,29,62,0,0,0,0,0,91,17,74,29,62,34,10.9956642785053,12.6965251392943,0.467955786775207,2020-04-27,2020,4
"9139","RJ",3,"Sudeste",33004,"Macaé",326611,59615.1060709835,18,65,15,50,24,41,1,0,0,0,0,66,15,50,24,41,30,10.9956642785053,12.6965251392943,0.448000542865055,2020-05-04,2020,5
"9140","RJ",3,"Sudeste",33004,"Macaé",326611,59615.1060709835,19,68,18,50,17,51,0,0,0,0,0,68,18,50,17,51,37,10.9956642785053,12.6965251392943,0.464464855345236,2020-05-11,2020,5
"9141","RJ",3,"Sudeste",33004,"Macaé",326611,59615.1060709835,20,71,16,55,28,43,1,0,0,0,0,72,16,55,28,43,50,10.9956642785053,12.6965251392943,0.454127566752948,2020-05-18,2020,5
"9142","RJ",3,"Sudeste",33004,"Macaé",326611,59615.1060709835,21,73,24,49,33,40,1,0,0,0,0,74,24,49,33,40,51,10.9956642785053,12.6965251392943,0.436908637542799,2020-05-25,2020,5
"9143","RJ",3,"Sudeste",33004,"Macaé",326611,59615.1060709835,22,77,15,62,34,43,0,0,0,0,0,77,15,62,34,43,49,10.9956642785053,12.6965251392943,0.425330731427447,2020-06-01,2020,6
"9144","RJ",3,"Sudeste",33004,"Macaé",326611,59615.1060709835,23,73,16,57,36,37,0,0,0,0,0,73,16,57,36,37,51,10.9956642785053,12.6965251392943,0.418131152247291,2020-06-08,2020,6
"9145","RJ",3,"Sudeste",33004,"Macaé",326611,59615.1060709835,24,88,23,65,36,52,0,0,0,0,0,88,23,65,36,52,42,10.9956642785053,12.6965251392943,0.409891603091334,2020-06-15,2020,6
"9146","RJ",3,"Sudeste",33004,"Macaé",326611,59615.1060709835,25,74,24,50,30,44,3,0,0,0,0,77,24,50,30,44,45,10.9956642785053,12.6965251392943,0.416954281303978,2020-06-22,2020,6
"9147","RJ",3,"Sudeste",33004,"Macaé",326611,59615.1060709835,26,68,12,56,24,44,0,0,0,0,0,68,12,56,24,44,55,10.9956642785053,12.6965251392943,0.417869266344294,2020-06-29,2020,6
"9148","RJ",3,"Sudeste",33004,"Macaé",326611,59615.1060709835,27,63,13,50,21,42,0,0,0,0,0,63,13,50,21,42,48,10.9956642785053,12.6965251392943,0.410014410344073,2020-07-06,2020,7
"9149","RJ",3,"Sudeste",33004,"Macaé",326611,59615.1060709835,28,77,12,65,22,55,1,0,0,0,0,78,12,65,22,55,47,10.9956642785053,12.6965251392943,0.408557049576892,2020-07-13,2020,7
"9150","RJ",3,"Sudeste",33004,"Macaé",326611,59615.1060709835,29,85,24,61,33,52,1,0,0,0,0,86,24,61,33,52,40,10.9956642785053,12.6965251392943,0.403389101661092,2020-07-20,2020,7
"9151","RJ",3,"Sudeste",33005,"Três Rios",166154,38775.7149195927,5,30,8,22,15,15,0,0,0,0,0,30,8,22,15,15,37,10.5655494255174,12.0206703481243,0.302210560674842,2020-02-03,2020,2
"9152","RJ",3,"Sudeste",33005,"Três Rios",166154,38775.7149195927,6,28,6,22,13,15,1,0,0,0,0,29,6,22,13,15,26,10.5655494255174,12.0206703481243,0.293731780401596,2020-02-10,2020,2
"9153","RJ",3,"Sudeste",33005,"Três Rios",166154,38775.7149195927,7,26,6,20,6,20,0,0,0,0,0,26,6,20,6,20,25,10.5655494255174,12.0206703481243,0.317723593847989,2020-02-17,2020,2
"9154","RJ",3,"Sudeste",33005,"Três Rios",166154,38775.7149195927,8,41,12,29,14,27,0,0,0,0,0,41,12,29,14,27,28,10.5655494255174,12.0206703481243,0.381011220302302,2020-02-24,2020,2
"9155","RJ",3,"Sudeste",33005,"Três Rios",166154,38775.7149195927,9,29,6,23,14,15,1,0,0,0,0,30,6,23,14,15,30,10.5655494255174,12.0206703481243,0.34038171756335,2020-03-02,2020,3
"9156","RJ",3,"Sudeste",33005,"Três Rios",166154,38775.7149195927,10,42,10,32,18,24,2,0,0,0,0,44,10,32,18,24,21,10.5655494255174,12.0206703481243,0.334086757460846,2020-03-09,2020,3
"9157","RJ",3,"Sudeste",33005,"Três Rios",166154,38775.7149195927,11,32,7,25,15,17,0,0,0,0,0,32,7,25,15,17,31,10.5655494255174,12.0206703481243,0.453830243603271,2020-03-16,2020,3
"9158","RJ",3,"Sudeste",33005,"Três Rios",166154,38775.7149195927,12,28,8,20,9,19,1,0,0,0,0,29,8,20,9,19,30,10.5655494255174,12.0206703481243,0.548855106103845,2020-03-23,2020,3
"9159","RJ",3,"Sudeste",33005,"Três Rios",166154,38775.7149195927,13,41,14,27,21,20,1,0,0,0,0,42,14,27,21,20,26,10.5655494255174,12.0206703481243,0.507581017372531,2020-03-30,2020,3
"9160","RJ",3,"Sudeste",33005,"Três Rios",166154,38775.7149195927,14,41,13,28,13,28,1,0,0,0,0,42,13,28,13,28,14,10.5655494255174,12.0206703481243,0.488508185672774,2020-04-06,2020,4
"9161","RJ",3,"Sudeste",33005,"Três Rios",166154,38775.7149195927,15,33,12,21,17,16,1,0,0,0,0,34,12,21,17,16,27,10.5655494255174,12.0206703481243,0.465792559316855,2020-04-13,2020,4
"9162","RJ",3,"Sudeste",33005,"Três Rios",166154,38775.7149195927,16,36,10,26,11,25,1,0,0,0,0,37,10,26,11,25,27,10.5655494255174,12.0206703481243,0.479716025421862,2020-04-20,2020,4
"9163","RJ",3,"Sudeste",33005,"Três Rios",166154,38775.7149195927,17,35,10,25,9,26,0,0,0,0,0,35,10,25,9,26,29,10.5655494255174,12.0206703481243,0.467359099371241,2020-04-27,2020,4
"9164","RJ",3,"Sudeste",33005,"Três Rios",166154,38775.7149195927,18,38,10,28,13,25,0,0,0,0,0,38,10,28,13,25,29,10.5655494255174,12.0206703481243,0.446828750823425,2020-05-04,2020,5
"9165","RJ",3,"Sudeste",33005,"Três Rios",166154,38775.7149195927,19,42,15,27,22,20,0,0,0,0,0,42,15,27,22,20,31,10.5655494255174,12.0206703481243,0.464561767372877,2020-05-11,2020,5
"9166","RJ",3,"Sudeste",33005,"Três Rios",166154,38775.7149195927,20,33,13,20,13,20,1,0,0,0,0,34,13,20,13,20,24,10.5655494255174,12.0206703481243,0.451723194517114,2020-05-18,2020,5
"9167","RJ",3,"Sudeste",33005,"Três Rios",166154,38775.7149195927,21,40,12,28,18,22,0,0,0,0,0,40,12,28,18,22,33,10.5655494255174,12.0206703481243,0.443352032097154,2020-05-25,2020,5
"9168","RJ",3,"Sudeste",33005,"Três Rios",166154,38775.7149195927,22,35,11,24,15,20,1,0,0,0,0,36,11,24,15,20,42,10.5655494255174,12.0206703481243,0.427996345587346,2020-06-01,2020,6
"9169","RJ",3,"Sudeste",33005,"Três Rios",166154,38775.7149195927,23,38,7,31,9,29,0,0,0,0,0,38,7,31,9,29,44,10.5655494255174,12.0206703481243,0.417009634866443,2020-06-08,2020,6
"9170","RJ",3,"Sudeste",33005,"Três Rios",166154,38775.7149195927,24,36,10,26,12,24,0,0,0,0,0,36,10,26,12,24,29,10.5655494255174,12.0206703481243,0.414297571003013,2020-06-15,2020,6
"9171","RJ",3,"Sudeste",33005,"Três Rios",166154,38775.7149195927,25,28,6,22,11,17,1,0,0,0,0,29,6,22,11,17,43,10.5655494255174,12.0206703481243,0.421260266720713,2020-06-22,2020,6
"9172","RJ",3,"Sudeste",33005,"Três Rios",166154,38775.7149195927,26,42,11,31,18,24,0,0,0,0,0,42,11,31,18,24,36,10.5655494255174,12.0206703481243,0.433218816250332,2020-06-29,2020,6
"9173","RJ",3,"Sudeste",33005,"Três Rios",166154,38775.7149195927,27,44,8,36,12,32,0,0,0,0,0,44,8,36,12,32,41,10.5655494255174,12.0206703481243,0.424962524198689,2020-07-06,2020,7
"9174","RJ",3,"Sudeste",33005,"Três Rios",166154,38775.7149195927,28,29,9,20,11,18,0,0,0,0,0,29,9,20,11,18,29,10.5655494255174,12.0206703481243,0.420817775015922,2020-07-13,2020,7
"9175","RJ",3,"Sudeste",33005,"Três Rios",166154,38775.7149195927,29,42,18,24,15,27,0,0,0,0,0,42,18,24,15,27,25,10.5655494255174,12.0206703481243,0.419597073314347,2020-07-20,2020,7
"9176","RJ",3,"Sudeste",33006,"Cantagalo-Cordeiro",66862,27927.4142599683,5,14,6,8,5,9,0,0,0,0,0,14,6,8,5,9,13,10.237364075347,11.1103860727783,0.33037659970215,2020-02-03,2020,2
"9177","RJ",3,"Sudeste",33006,"Cantagalo-Cordeiro",66862,27927.4142599683,6,17,5,12,5,12,0,0,0,0,0,17,5,12,5,12,7,10.237364075347,11.1103860727783,0.316925472482817,2020-02-10,2020,2
"9178","RJ",3,"Sudeste",33006,"Cantagalo-Cordeiro",66862,27927.4142599683,7,11,5,6,5,6,1,0,0,0,0,12,5,6,5,6,8,10.237364075347,11.1103860727783,0.315204247639724,2020-02-17,2020,2
"9179","RJ",3,"Sudeste",33006,"Cantagalo-Cordeiro",66862,27927.4142599683,8,22,5,17,11,11,0,0,0,0,0,22,5,17,11,11,17,10.237364075347,11.1103860727783,0.390154990327854,2020-02-24,2020,2
"9180","RJ",3,"Sudeste",33006,"Cantagalo-Cordeiro",66862,27927.4142599683,9,13,3,10,4,9,0,0,0,0,0,13,3,10,4,9,12,10.237364075347,11.1103860727783,0.365357562682207,2020-03-02,2020,3
"9181","RJ",3,"Sudeste",33006,"Cantagalo-Cordeiro",66862,27927.4142599683,10,10,5,5,3,7,0,0,0,0,0,10,5,5,3,7,11,10.237364075347,11.1103860727783,0.346346372236069,2020-03-09,2020,3
"9182","RJ",3,"Sudeste",33006,"Cantagalo-Cordeiro",66862,27927.4142599683,11,14,2,12,7,7,0,0,0,0,0,14,2,12,7,7,12,10.237364075347,11.1103860727783,0.465995211869466,2020-03-16,2020,3
"9183","RJ",3,"Sudeste",33006,"Cantagalo-Cordeiro",66862,27927.4142599683,12,11,3,8,5,6,0,0,0,0,0,11,3,8,5,6,8,10.237364075347,11.1103860727783,0.555495347826408,2020-03-23,2020,3
"9184","RJ",3,"Sudeste",33006,"Cantagalo-Cordeiro",66862,27927.4142599683,13,13,3,10,4,9,0,0,0,0,0,13,3,10,4,9,7,10.237364075347,11.1103860727783,0.511118095337927,2020-03-30,2020,3
"9185","RJ",3,"Sudeste",33006,"Cantagalo-Cordeiro",66862,27927.4142599683,14,19,3,16,5,14,0,0,0,0,0,19,3,16,5,14,2,10.237364075347,11.1103860727783,0.509497221865321,2020-04-06,2020,4
"9186","RJ",3,"Sudeste",33006,"Cantagalo-Cordeiro",66862,27927.4142599683,15,12,2,10,2,10,1,0,0,0,0,13,2,10,2,10,6,10.237364075347,11.1103860727783,0.471262933606173,2020-04-13,2020,4
"9187","RJ",3,"Sudeste",33006,"Cantagalo-Cordeiro",66862,27927.4142599683,16,15,3,12,5,10,0,0,0,0,0,15,3,12,5,10,5,10.237364075347,11.1103860727783,0.500336408724248,2020-04-20,2020,4
"9188","RJ",3,"Sudeste",33006,"Cantagalo-Cordeiro",66862,27927.4142599683,17,17,2,15,8,9,0,0,0,0,0,17,2,15,8,9,4,10.237364075347,11.1103860727783,0.485775188045579,2020-04-27,2020,4
"9189","RJ",3,"Sudeste",33006,"Cantagalo-Cordeiro",66862,27927.4142599683,18,17,7,10,10,7,0,0,0,0,0,17,7,10,10,7,5,10.237364075347,11.1103860727783,0.468669037068336,2020-05-04,2020,5
"9190","RJ",3,"Sudeste",33006,"Cantagalo-Cordeiro",66862,27927.4142599683,19,16,3,13,7,9,0,0,0,0,0,16,3,13,7,9,16,10.237364075347,11.1103860727783,0.476832860315449,2020-05-11,2020,5
"9191","RJ",3,"Sudeste",33006,"Cantagalo-Cordeiro",66862,27927.4142599683,20,12,2,10,5,7,0,0,0,0,0,12,2,10,5,7,12,10.237364075347,11.1103860727783,0.468260307746401,2020-05-18,2020,5
"9192","RJ",3,"Sudeste",33006,"Cantagalo-Cordeiro",66862,27927.4142599683,21,14,1,13,4,10,0,0,0,0,0,14,1,13,4,10,8,10.237364075347,11.1103860727783,0.477221468333967,2020-05-25,2020,5
"9193","RJ",3,"Sudeste",33006,"Cantagalo-Cordeiro",66862,27927.4142599683,22,14,3,11,3,11,0,0,0,0,0,14,3,11,3,11,11,10.237364075347,11.1103860727783,0.446021985550162,2020-06-01,2020,6
"9194","RJ",3,"Sudeste",33006,"Cantagalo-Cordeiro",66862,27927.4142599683,23,13,6,7,6,7,0,0,0,0,0,13,6,7,6,7,9,10.237364075347,11.1103860727783,0.429110233429868,2020-06-08,2020,6
"9195","RJ",3,"Sudeste",33006,"Cantagalo-Cordeiro",66862,27927.4142599683,24,11,3,8,4,7,0,0,0,0,0,11,3,8,4,7,15,10.237364075347,11.1103860727783,0.425835742104561,2020-06-15,2020,6
"9196","RJ",3,"Sudeste",33006,"Cantagalo-Cordeiro",66862,27927.4142599683,25,13,2,11,5,8,0,0,0,0,0,13,2,11,5,8,9,10.237364075347,11.1103860727783,0.419236159171376,2020-06-22,2020,6
"9197","RJ",3,"Sudeste",33006,"Cantagalo-Cordeiro",66862,27927.4142599683,26,13,1,12,4,9,0,0,0,0,0,13,1,12,4,9,14,10.237364075347,11.1103860727783,0.442393890484249,2020-06-29,2020,6
"9198","RJ",3,"Sudeste",33006,"Cantagalo-Cordeiro",66862,27927.4142599683,27,14,6,8,5,9,0,0,0,0,0,14,6,8,5,9,10,10.237364075347,11.1103860727783,0.445663884690133,2020-07-06,2020,7
"9199","RJ",3,"Sudeste",33006,"Cantagalo-Cordeiro",66862,27927.4142599683,28,11,4,7,4,7,0,0,0,0,0,11,4,7,4,7,12,10.237364075347,11.1103860727783,0.433465875968183,2020-07-13,2020,7
"9200","RJ",3,"Sudeste",33006,"Cantagalo-Cordeiro",66862,27927.4142599683,29,12,3,9,6,6,0,0,0,0,0,12,3,9,6,6,13,10.237364075347,11.1103860727783,0.427057860919463,2020-07-20,2020,7
"9201","RJ",3,"Sudeste",33007,"Nova Friburgo",245969,26777.280999191,5,39,13,26,11,28,1,0,0,0,0,40,13,26,11,28,34,10.1953090830671,12.4129607907136,0.302544610874479,2020-02-03,2020,2
"9202","RJ",3,"Sudeste",33007,"Nova Friburgo",245969,26777.280999191,6,36,19,17,17,19,1,0,0,0,0,37,19,17,17,19,37,10.1953090830671,12.4129607907136,0.302809573201515,2020-02-10,2020,2
"9203","RJ",3,"Sudeste",33007,"Nova Friburgo",245969,26777.280999191,7,27,8,19,9,18,1,0,0,0,0,28,8,19,9,18,42,10.1953090830671,12.4129607907136,0.297884154432622,2020-02-17,2020,2
"9204","RJ",3,"Sudeste",33007,"Nova Friburgo",245969,26777.280999191,8,38,19,19,8,30,1,0,0,0,0,39,19,19,8,30,33,10.1953090830671,12.4129607907136,0.380476643782659,2020-02-24,2020,2
"9205","RJ",3,"Sudeste",33007,"Nova Friburgo",245969,26777.280999191,9,50,17,33,24,26,0,0,0,0,0,50,17,33,24,26,54,10.1953090830671,12.4129607907136,0.337681065588993,2020-03-02,2020,3
"9206","RJ",3,"Sudeste",33007,"Nova Friburgo",245969,26777.280999191,10,53,19,34,21,32,1,0,0,0,0,54,19,34,21,32,39,10.1953090830671,12.4129607907136,0.333249418758864,2020-03-09,2020,3
"9207","RJ",3,"Sudeste",33007,"Nova Friburgo",245969,26777.280999191,11,34,11,23,17,17,0,0,0,0,0,34,11,23,17,17,36,10.1953090830671,12.4129607907136,0.455387666009403,2020-03-16,2020,3
"9208","RJ",3,"Sudeste",33007,"Nova Friburgo",245969,26777.280999191,12,44,12,32,11,33,0,0,0,0,0,44,12,32,11,33,32,10.1953090830671,12.4129607907136,0.585418317133216,2020-03-23,2020,3
"9209","RJ",3,"Sudeste",33007,"Nova Friburgo",245969,26777.280999191,13,39,22,17,15,24,0,0,0,0,0,39,22,17,15,24,45,10.1953090830671,12.4129607907136,0.540241685563503,2020-03-30,2020,3
"9210","RJ",3,"Sudeste",33007,"Nova Friburgo",245969,26777.280999191,14,34,15,19,14,20,1,0,0,0,0,35,15,19,14,20,34,10.1953090830671,12.4129607907136,0.527183097806903,2020-04-06,2020,4
"9211","RJ",3,"Sudeste",33007,"Nova Friburgo",245969,26777.280999191,15,44,22,22,12,32,1,0,0,0,0,45,22,22,12,32,47,10.1953090830671,12.4129607907136,0.486834239137963,2020-04-13,2020,4
"9212","RJ",3,"Sudeste",33007,"Nova Friburgo",245969,26777.280999191,16,50,22,28,18,32,0,0,0,0,0,50,22,28,18,32,43,10.1953090830671,12.4129607907136,0.493484180946685,2020-04-20,2020,4
"9213","RJ",3,"Sudeste",33007,"Nova Friburgo",245969,26777.280999191,17,33,10,23,11,22,0,0,0,0,0,33,10,23,11,22,43,10.1953090830671,12.4129607907136,0.488812448871425,2020-04-27,2020,4
"9214","RJ",3,"Sudeste",33007,"Nova Friburgo",245969,26777.280999191,18,28,9,19,10,18,1,0,0,0,0,29,9,19,10,18,42,10.1953090830671,12.4129607907136,0.461920234098771,2020-05-04,2020,5
"9215","RJ",3,"Sudeste",33007,"Nova Friburgo",245969,26777.280999191,19,26,9,17,10,16,0,0,0,0,0,26,9,17,10,16,43,10.1953090830671,12.4129607907136,0.475994947921644,2020-05-11,2020,5
"9216","RJ",3,"Sudeste",33007,"Nova Friburgo",245969,26777.280999191,20,36,16,20,11,25,0,0,0,0,0,36,16,20,11,25,41,10.1953090830671,12.4129607907136,0.465044135507028,2020-05-18,2020,5
"9217","RJ",3,"Sudeste",33007,"Nova Friburgo",245969,26777.280999191,21,31,13,18,12,19,0,0,0,0,0,31,13,18,12,19,57,10.1953090830671,12.4129607907136,0.444215782403689,2020-05-25,2020,5
"9218","RJ",3,"Sudeste",33007,"Nova Friburgo",245969,26777.280999191,22,37,15,22,15,22,0,0,0,0,0,37,15,22,15,22,48,10.1953090830671,12.4129607907136,0.441782858728615,2020-06-01,2020,6
"9219","RJ",3,"Sudeste",33007,"Nova Friburgo",245969,26777.280999191,23,46,16,30,15,31,0,0,0,0,0,46,16,30,15,31,44,10.1953090830671,12.4129607907136,0.43257513709864,2020-06-08,2020,6
"9220","RJ",3,"Sudeste",33007,"Nova Friburgo",245969,26777.280999191,24,42,16,26,13,29,0,0,0,0,0,42,16,26,13,29,32,10.1953090830671,12.4129607907136,0.414657240911499,2020-06-15,2020,6
"9221","RJ",3,"Sudeste",33007,"Nova Friburgo",245969,26777.280999191,25,44,12,32,16,28,0,0,0,0,0,44,12,32,16,28,41,10.1953090830671,12.4129607907136,0.415096613386628,2020-06-22,2020,6
"9222","RJ",3,"Sudeste",33007,"Nova Friburgo",245969,26777.280999191,26,47,16,31,17,30,1,0,0,0,0,48,16,31,17,30,41,10.1953090830671,12.4129607907136,0.424322696153729,2020-06-29,2020,6
"9223","RJ",3,"Sudeste",33007,"Nova Friburgo",245969,26777.280999191,27,50,23,27,13,37,0,0,0,0,0,50,23,27,13,37,57,10.1953090830671,12.4129607907136,0.415900948650609,2020-07-06,2020,7
"9224","RJ",3,"Sudeste",33007,"Nova Friburgo",245969,26777.280999191,28,35,6,29,3,32,1,0,0,0,0,36,6,29,3,32,57,10.1953090830671,12.4129607907136,0.41135465668979,2020-07-13,2020,7
"9225","RJ",3,"Sudeste",33007,"Nova Friburgo",245969,26777.280999191,29,47,24,23,15,32,1,0,0,0,0,48,24,23,15,32,41,10.1953090830671,12.4129607907136,0.414907769123749,2020-07-20,2020,7
"9226","RJ",3,"Sudeste",33008,"Santa Maria Madalena",30419,19131.8568184358,5,4,1,3,1,3,0,0,0,0,0,4,1,3,1,3,1,9.85911012089365,10.3228226921632,0.291443261040525,2020-02-03,2020,2
"9227","RJ",3,"Sudeste",33008,"Santa Maria Madalena",30419,19131.8568184358,6,3,1,2,1,2,0,0,0,0,0,3,1,2,1,2,1,9.85911012089365,10.3228226921632,0.280669029427912,2020-02-10,2020,2
"9228","RJ",3,"Sudeste",33008,"Santa Maria Madalena",30419,19131.8568184358,7,2,0,2,1,1,0,0,0,0,0,2,0,2,1,1,6,9.85911012089365,10.3228226921632,0.310684334422873,2020-02-17,2020,2
"9229","RJ",3,"Sudeste",33008,"Santa Maria Madalena",30419,19131.8568184358,8,3,0,3,0,3,0,0,0,0,0,3,0,3,0,3,9,9.85911012089365,10.3228226921632,0.35030677764691,2020-02-24,2020,2
"9230","RJ",3,"Sudeste",33008,"Santa Maria Madalena",30419,19131.8568184358,9,6,2,4,2,4,0,0,0,0,0,6,2,4,2,4,6,9.85911012089365,10.3228226921632,0.313946203357483,2020-03-02,2020,3
"9231","RJ",3,"Sudeste",33008,"Santa Maria Madalena",30419,19131.8568184358,10,3,0,3,2,1,0,0,0,0,0,3,0,3,2,1,2,9.85911012089365,10.3228226921632,0.311602685188554,2020-03-09,2020,3
"9232","RJ",3,"Sudeste",33008,"Santa Maria Madalena",30419,19131.8568184358,11,6,3,3,3,3,0,0,0,0,0,6,3,3,3,3,4,9.85911012089365,10.3228226921632,0.422832464916666,2020-03-16,2020,3
"9233","RJ",3,"Sudeste",33008,"Santa Maria Madalena",30419,19131.8568184358,12,6,2,4,2,4,0,0,0,0,0,6,2,4,2,4,7,9.85911012089365,10.3228226921632,0.520607804116001,2020-03-23,2020,3
"9234","RJ",3,"Sudeste",33008,"Santa Maria Madalena",30419,19131.8568184358,13,1,0,1,1,0,0,0,0,0,0,1,0,1,1,0,1,9.85911012089365,10.3228226921632,0.477106102033869,2020-03-30,2020,3
"9235","RJ",3,"Sudeste",33008,"Santa Maria Madalena",30419,19131.8568184358,14,4,2,2,3,1,0,0,0,0,0,4,2,2,3,1,2,9.85911012089365,10.3228226921632,0.457169733880163,2020-04-06,2020,4
"9236","RJ",3,"Sudeste",33008,"Santa Maria Madalena",30419,19131.8568184358,15,4,1,3,2,2,0,0,0,0,0,4,1,3,2,2,2,9.85911012089365,10.3228226921632,0.439406784907519,2020-04-13,2020,4
"9237","RJ",3,"Sudeste",33008,"Santa Maria Madalena",30419,19131.8568184358,16,2,1,1,0,2,0,0,0,0,0,2,1,1,0,2,1,9.85911012089365,10.3228226921632,0.449853125511938,2020-04-20,2020,4
"9238","RJ",3,"Sudeste",33008,"Santa Maria Madalena",30419,19131.8568184358,17,3,1,2,2,1,0,0,0,0,0,3,1,2,2,1,3,9.85911012089365,10.3228226921632,0.470071343041447,2020-04-27,2020,4
"9239","RJ",3,"Sudeste",33008,"Santa Maria Madalena",30419,19131.8568184358,18,6,1,5,4,2,0,0,0,0,0,6,1,5,4,2,6,9.85911012089365,10.3228226921632,0.424187628297394,2020-05-04,2020,5
"9240","RJ",3,"Sudeste",33008,"Santa Maria Madalena",30419,19131.8568184358,19,4,0,4,2,2,0,0,0,0,0,4,0,4,2,2,7,9.85911012089365,10.3228226921632,0.433671950469045,2020-05-11,2020,5
"9241","RJ",3,"Sudeste",33008,"Santa Maria Madalena",30419,19131.8568184358,20,4,1,3,2,2,0,0,0,0,0,4,1,3,2,2,3,9.85911012089365,10.3228226921632,0.413401005893708,2020-05-18,2020,5
"9242","RJ",3,"Sudeste",33008,"Santa Maria Madalena",30419,19131.8568184358,21,5,2,3,1,4,0,0,0,0,0,5,2,3,1,4,7,9.85911012089365,10.3228226921632,0.414031385139833,2020-05-25,2020,5
"9243","RJ",3,"Sudeste",33008,"Santa Maria Madalena",30419,19131.8568184358,22,6,2,4,2,4,0,0,0,0,0,6,2,4,2,4,5,9.85911012089365,10.3228226921632,0.429431713584538,2020-06-01,2020,6
"9244","RJ",3,"Sudeste",33008,"Santa Maria Madalena",30419,19131.8568184358,23,3,0,3,1,2,0,0,0,0,0,3,0,3,1,2,6,9.85911012089365,10.3228226921632,0.417966495482244,2020-06-08,2020,6
"9245","RJ",3,"Sudeste",33008,"Santa Maria Madalena",30419,19131.8568184358,24,0,0,0,0,0,0,0,0,0,0,0,0,0,0,0,3,9.85911012089365,10.3228226921632,0.424177723967662,2020-06-15,2020,6
"9246","RJ",3,"Sudeste",33008,"Santa Maria Madalena",30419,19131.8568184358,25,4,4,0,2,2,0,0,0,0,0,4,4,0,2,2,6,9.85911012089365,10.3228226921632,0.430020487886027,2020-06-22,2020,6
"9247","RJ",3,"Sudeste",33008,"Santa Maria Madalena",30419,19131.8568184358,26,4,1,3,1,3,0,0,0,0,0,4,1,3,1,3,7,9.85911012089365,10.3228226921632,0.419785493997571,2020-06-29,2020,6
"9248","RJ",3,"Sudeste",33008,"Santa Maria Madalena",30419,19131.8568184358,27,2,0,2,1,1,0,0,0,0,0,2,0,2,1,1,4,9.85911012089365,10.3228226921632,0.431145716551939,2020-07-06,2020,7
"9249","RJ",3,"Sudeste",33008,"Santa Maria Madalena",30419,19131.8568184358,28,2,1,1,0,2,0,0,0,0,0,2,1,1,0,2,8,9.85911012089365,10.3228226921632,0.402433765169932,2020-07-13,2020,7
"9250","RJ",3,"Sudeste",33008,"Santa Maria Madalena",30419,19131.8568184358,29,7,1,6,3,4,0,0,0,0,0,7,1,6,3,4,9,9.85911012089365,10.3228226921632,0.431596595617513,2020-07-20,2020,7
"9251","RJ",3,"Sudeste",33009,"Bacia de São João",222008,53445.9288615726,5,34,9,25,14,20,0,0,0,0,0,34,9,25,14,20,33,10.8864257463226,12.3104686962412,0.295435180874134,2020-02-03,2020,2
"9252","RJ",3,"Sudeste",33009,"Bacia de São João",222008,53445.9288615726,6,32,7,25,8,24,1,0,0,0,0,33,7,25,8,24,28,10.8864257463226,12.3104686962412,0.288002925785943,2020-02-10,2020,2
"9253","RJ",3,"Sudeste",33009,"Bacia de São João",222008,53445.9288615726,7,52,12,40,17,35,0,0,0,0,0,52,12,40,17,35,26,10.8864257463226,12.3104686962412,0.306585864091152,2020-02-17,2020,2
"9254","RJ",3,"Sudeste",33009,"Bacia de São João",222008,53445.9288615726,8,30,7,23,11,19,1,0,0,0,0,31,7,23,11,19,22,10.8864257463226,12.3104686962412,0.384530964542845,2020-02-24,2020,2
"9255","RJ",3,"Sudeste",33009,"Bacia de São João",222008,53445.9288615726,9,36,7,29,9,27,0,0,0,0,0,36,7,29,9,27,26,10.8864257463226,12.3104686962412,0.3311362700901,2020-03-02,2020,3
"9256","RJ",3,"Sudeste",33009,"Bacia de São João",222008,53445.9288615726,10,24,3,21,5,19,1,0,0,0,0,25,3,21,5,19,25,10.8864257463226,12.3104686962412,0.329598083210885,2020-03-09,2020,3
"9257","RJ",3,"Sudeste",33009,"Bacia de São João",222008,53445.9288615726,11,29,4,25,10,19,0,0,0,0,0,29,4,25,10,19,25,10.8864257463226,12.3104686962412,0.450809722509114,2020-03-16,2020,3
"9258","RJ",3,"Sudeste",33009,"Bacia de São João",222008,53445.9288615726,12,32,10,22,11,21,0,0,0,0,0,32,10,22,11,21,33,10.8864257463226,12.3104686962412,0.567833167581431,2020-03-23,2020,3
"9259","RJ",3,"Sudeste",33009,"Bacia de São João",222008,53445.9288615726,13,27,4,23,11,16,0,0,0,0,0,27,4,23,11,16,32,10.8864257463226,12.3104686962412,0.532070794117589,2020-03-30,2020,3
"9260","RJ",3,"Sudeste",33009,"Bacia de São João",222008,53445.9288615726,14,33,6,27,10,23,0,0,0,0,0,33,6,27,10,23,27,10.8864257463226,12.3104686962412,0.5145313048855,2020-04-06,2020,4
"9261","RJ",3,"Sudeste",33009,"Bacia de São João",222008,53445.9288615726,15,41,5,36,10,31,0,0,0,0,0,41,5,36,10,31,34,10.8864257463226,12.3104686962412,0.495928370837935,2020-04-13,2020,4
"9262","RJ",3,"Sudeste",33009,"Bacia de São João",222008,53445.9288615726,16,46,7,39,9,37,0,0,0,0,0,46,7,39,9,37,18,10.8864257463226,12.3104686962412,0.495836357368256,2020-04-20,2020,4
"9263","RJ",3,"Sudeste",33009,"Bacia de São João",222008,53445.9288615726,17,36,8,28,13,23,0,0,0,0,0,36,8,28,13,23,42,10.8864257463226,12.3104686962412,0.481325023000233,2020-04-27,2020,4
"9264","RJ",3,"Sudeste",33009,"Bacia de São João",222008,53445.9288615726,18,36,8,28,15,21,0,0,0,0,0,36,8,28,15,21,38,10.8864257463226,12.3104686962412,0.466322994394617,2020-05-04,2020,5
"9265","RJ",3,"Sudeste",33009,"Bacia de São João",222008,53445.9288615726,19,29,8,21,11,18,1,0,0,0,0,30,8,21,11,18,29,10.8864257463226,12.3104686962412,0.473516723476982,2020-05-11,2020,5
"9266","RJ",3,"Sudeste",33009,"Bacia de São João",222008,53445.9288615726,20,29,8,21,13,16,1,0,0,0,0,30,8,21,13,16,27,10.8864257463226,12.3104686962412,0.45807741470402,2020-05-18,2020,5
"9267","RJ",3,"Sudeste",33009,"Bacia de São João",222008,53445.9288615726,21,52,7,45,22,30,0,0,0,0,0,52,7,45,22,30,32,10.8864257463226,12.3104686962412,0.446869915869695,2020-05-25,2020,5
"9268","RJ",3,"Sudeste",33009,"Bacia de São João",222008,53445.9288615726,22,39,8,31,17,22,0,0,0,0,0,39,8,31,17,22,24,10.8864257463226,12.3104686962412,0.442539419634213,2020-06-01,2020,6
"9269","RJ",3,"Sudeste",33009,"Bacia de São João",222008,53445.9288615726,23,45,7,38,16,29,1,0,0,0,0,46,7,38,16,29,32,10.8864257463226,12.3104686962412,0.426835209858477,2020-06-08,2020,6
"9270","RJ",3,"Sudeste",33009,"Bacia de São João",222008,53445.9288615726,24,31,8,23,12,19,0,0,0,0,0,31,8,23,12,19,28,10.8864257463226,12.3104686962412,0.411447570847575,2020-06-15,2020,6
"9271","RJ",3,"Sudeste",33009,"Bacia de São João",222008,53445.9288615726,25,36,8,28,10,26,1,0,0,0,0,37,8,28,10,26,30,10.8864257463226,12.3104686962412,0.420070700683277,2020-06-22,2020,6
"9272","RJ",3,"Sudeste",33009,"Bacia de São João",222008,53445.9288615726,26,36,5,31,13,23,1,0,0,0,0,37,5,31,13,23,28,10.8864257463226,12.3104686962412,0.424970239994584,2020-06-29,2020,6
"9273","RJ",3,"Sudeste",33009,"Bacia de São João",222008,53445.9288615726,27,33,5,28,14,19,0,0,0,0,0,33,5,28,14,19,30,10.8864257463226,12.3104686962412,0.41198146911741,2020-07-06,2020,7
"9274","RJ",3,"Sudeste",33009,"Bacia de São João",222008,53445.9288615726,28,43,7,36,12,31,0,0,0,0,0,43,7,36,12,31,49,10.8864257463226,12.3104686962412,0.416240495362458,2020-07-13,2020,7
"9275","RJ",3,"Sudeste",33009,"Bacia de São João",222008,53445.9288615726,29,32,4,28,11,21,0,0,0,0,0,32,4,28,11,21,27,10.8864257463226,12.3104686962412,0.409570303208017,2020-07-20,2020,7
"9276","RJ",3,"Sudeste",33010,"Lagos",655210,36823.6268814579,5,136,37,99,52,84,2,0,0,0,0,138,37,99,52,84,87,10.5138949529631,13.3927110739198,0.293382025396461,2020-02-03,2020,2
"9277","RJ",3,"Sudeste",33010,"Lagos",655210,36823.6268814579,6,159,38,121,59,100,3,0,0,0,0,162,38,121,59,100,97,10.5138949529631,13.3927110739198,0.29857688264816,2020-02-10,2020,2
"9278","RJ",3,"Sudeste",33010,"Lagos",655210,36823.6268814579,7,144,34,110,56,88,1,0,0,0,0,145,34,110,56,88,99,10.5138949529631,13.3927110739198,0.309367658794189,2020-02-17,2020,2
"9279","RJ",3,"Sudeste",33010,"Lagos",655210,36823.6268814579,8,145,44,101,62,83,1,0,0,0,0,146,44,101,62,83,77,10.5138949529631,13.3927110739198,0.378288250016509,2020-02-24,2020,2
"9280","RJ",3,"Sudeste",33010,"Lagos",655210,36823.6268814579,9,156,51,105,71,85,4,0,0,0,0,160,51,105,71,85,101,10.5138949529631,13.3927110739198,0.338735751541557,2020-03-02,2020,3
"9281","RJ",3,"Sudeste",33010,"Lagos",655210,36823.6268814579,10,167,44,123,65,102,0,0,0,0,0,167,44,123,65,102,91,10.5138949529631,13.3927110739198,0.334873510375102,2020-03-09,2020,3
"9282","RJ",3,"Sudeste",33010,"Lagos",655210,36823.6268814579,11,150,48,102,57,93,2,0,0,0,0,152,48,102,57,93,98,10.5138949529631,13.3927110739198,0.453103942901495,2020-03-16,2020,3
"9283","RJ",3,"Sudeste",33010,"Lagos",655210,36823.6268814579,12,127,32,95,42,85,0,0,0,0,0,127,32,95,42,85,98,10.5138949529631,13.3927110739198,0.551892116539071,2020-03-23,2020,3
"9284","RJ",3,"Sudeste",33010,"Lagos",655210,36823.6268814579,13,158,49,109,73,85,3,0,0,0,0,161,49,109,73,85,86,10.5138949529631,13.3927110739198,0.512963589383401,2020-03-30,2020,3
"9285","RJ",3,"Sudeste",33010,"Lagos",655210,36823.6268814579,14,146,41,105,53,93,0,0,0,0,0,146,41,105,53,93,99,10.5138949529631,13.3927110739198,0.505575745744669,2020-04-06,2020,4
"9286","RJ",3,"Sudeste",33010,"Lagos",655210,36823.6268814579,15,133,39,94,59,74,2,0,0,0,0,135,39,94,59,74,96,10.5138949529631,13.3927110739198,0.485507500748792,2020-04-13,2020,4
"9287","RJ",3,"Sudeste",33010,"Lagos",655210,36823.6268814579,16,123,36,87,49,74,1,0,0,0,0,124,36,87,49,74,99,10.5138949529631,13.3927110739198,0.489576617397767,2020-04-20,2020,4
"9288","RJ",3,"Sudeste",33010,"Lagos",655210,36823.6268814579,17,169,59,110,67,102,1,0,0,0,0,170,59,110,67,102,125,10.5138949529631,13.3927110739198,0.476743778207399,2020-04-27,2020,4
"9289","RJ",3,"Sudeste",33010,"Lagos",655210,36823.6268814579,18,142,45,97,58,84,1,0,0,0,0,143,45,97,58,84,142,10.5138949529631,13.3927110739198,0.460573633568528,2020-05-04,2020,5
"9290","RJ",3,"Sudeste",33010,"Lagos",655210,36823.6268814579,19,161,43,118,57,104,3,0,0,0,0,164,43,118,57,104,141,10.5138949529631,13.3927110739198,0.476489414759716,2020-05-11,2020,5
"9291","RJ",3,"Sudeste",33010,"Lagos",655210,36823.6268814579,20,165,40,125,64,101,0,0,0,0,0,165,40,125,64,101,133,10.5138949529631,13.3927110739198,0.46252994752228,2020-05-18,2020,5
"9292","RJ",3,"Sudeste",33010,"Lagos",655210,36823.6268814579,21,173,45,128,70,103,3,0,0,0,0,176,45,128,70,103,107,10.5138949529631,13.3927110739198,0.445194583870755,2020-05-25,2020,5
"9293","RJ",3,"Sudeste",33010,"Lagos",655210,36823.6268814579,22,195,46,149,69,126,2,0,0,0,0,197,46,149,69,126,124,10.5138949529631,13.3927110739198,0.432825597762329,2020-06-01,2020,6
"9294","RJ",3,"Sudeste",33010,"Lagos",655210,36823.6268814579,23,185,51,134,68,117,2,0,0,0,0,187,51,134,68,117,116,10.5138949529631,13.3927110739198,0.41960320959482,2020-06-08,2020,6
"9295","RJ",3,"Sudeste",33010,"Lagos",655210,36823.6268814579,24,167,42,125,68,99,1,0,0,0,0,168,42,125,68,99,125,10.5138949529631,13.3927110739198,0.407271878700766,2020-06-15,2020,6
"9296","RJ",3,"Sudeste",33010,"Lagos",655210,36823.6268814579,25,147,31,116,58,89,1,0,0,0,0,148,31,116,58,89,117,10.5138949529631,13.3927110739198,0.414485339559403,2020-06-22,2020,6
"9297","RJ",3,"Sudeste",33010,"Lagos",655210,36823.6268814579,26,160,39,121,62,98,0,0,0,0,0,160,39,121,62,98,114,10.5138949529631,13.3927110739198,0.420928331930808,2020-06-29,2020,6
"9298","RJ",3,"Sudeste",33010,"Lagos",655210,36823.6268814579,27,183,64,119,80,103,3,0,0,0,0,186,64,119,80,103,114,10.5138949529631,13.3927110739198,0.412250235725174,2020-07-06,2020,7
"9299","RJ",3,"Sudeste",33010,"Lagos",655210,36823.6268814579,28,150,37,113,49,101,1,0,0,0,0,151,37,113,49,101,100,10.5138949529631,13.3927110739198,0.41399170757202,2020-07-13,2020,7
"9300","RJ",3,"Sudeste",33010,"Lagos",655210,36823.6268814579,29,174,49,125,72,102,3,0,0,0,0,177,49,125,72,102,103,10.5138949529631,13.3927110739198,0.406706947419626,2020-07-20,2020,7
"9301","RJ",3,"Sudeste",33011,"Vale do Paraíba Fluminense",731120,52903.4399758726,5,139,25,114,42,97,1,0,0,0,0,140,25,114,42,97,106,10.8762236436315,13.5023328839461,0.281621045205615,2020-02-03,2020,2
"9302","RJ",3,"Sudeste",33011,"Vale do Paraíba Fluminense",731120,52903.4399758726,6,161,34,127,51,110,1,0,0,0,0,162,34,127,51,110,96,10.8762236436315,13.5023328839461,0.285520765452435,2020-02-10,2020,2
"9303","RJ",3,"Sudeste",33011,"Vale do Paraíba Fluminense",731120,52903.4399758726,7,138,27,111,38,100,1,0,0,0,0,139,27,111,38,100,132,10.8762236436315,13.5023328839461,0.299268763157355,2020-02-17,2020,2
"9304","RJ",3,"Sudeste",33011,"Vale do Paraíba Fluminense",731120,52903.4399758726,8,133,23,110,46,87,0,0,0,0,0,133,23,110,46,87,114,10.8762236436315,13.5023328839461,0.377163064836793,2020-02-24,2020,2
"9305","RJ",3,"Sudeste",33011,"Vale do Paraíba Fluminense",731120,52903.4399758726,9,146,37,109,49,97,1,0,0,0,0,147,37,109,49,97,133,10.8762236436315,13.5023328839461,0.311106815445521,2020-03-02,2020,3
"9306","RJ",3,"Sudeste",33011,"Vale do Paraíba Fluminense",731120,52903.4399758726,10,158,35,123,50,108,0,0,0,0,0,158,35,123,50,108,125,10.8762236436315,13.5023328839461,0.325406714725632,2020-03-09,2020,3
"9307","RJ",3,"Sudeste",33011,"Vale do Paraíba Fluminense",731120,52903.4399758726,11,133,26,107,39,94,2,0,0,0,0,135,26,107,39,94,113,10.8762236436315,13.5023328839461,0.445097521954578,2020-03-16,2020,3
"9308","RJ",3,"Sudeste",33011,"Vale do Paraíba Fluminense",731120,52903.4399758726,12,144,29,115,49,95,3,0,0,0,0,147,29,115,49,95,120,10.8762236436315,13.5023328839461,0.557429877310289,2020-03-23,2020,3
"9309","RJ",3,"Sudeste",33011,"Vale do Paraíba Fluminense",731120,52903.4399758726,13,132,42,90,64,68,2,0,0,0,0,134,42,90,64,68,107,10.8762236436315,13.5023328839461,0.517395740496137,2020-03-30,2020,3
"9310","RJ",3,"Sudeste",33011,"Vale do Paraíba Fluminense",731120,52903.4399758726,14,128,20,108,48,80,1,0,0,0,0,129,20,108,48,80,89,10.8762236436315,13.5023328839461,0.509182952371216,2020-04-06,2020,4
"9311","RJ",3,"Sudeste",33011,"Vale do Paraíba Fluminense",731120,52903.4399758726,15,137,32,105,53,84,1,0,0,0,0,138,32,105,53,84,123,10.8762236436315,13.5023328839461,0.48626809798929,2020-04-13,2020,4
"9312","RJ",3,"Sudeste",33011,"Vale do Paraíba Fluminense",731120,52903.4399758726,16,145,27,118,48,97,1,0,0,0,0,146,27,118,48,97,101,10.8762236436315,13.5023328839461,0.497235763717095,2020-04-20,2020,4
"9313","RJ",3,"Sudeste",33011,"Vale do Paraíba Fluminense",731120,52903.4399758726,17,155,29,126,56,99,2,0,0,0,0,157,29,126,56,99,107,10.8762236436315,13.5023328839461,0.469859132272439,2020-04-27,2020,4
"9314","RJ",3,"Sudeste",33011,"Vale do Paraíba Fluminense",731120,52903.4399758726,18,135,27,108,43,92,2,0,0,0,0,137,27,108,43,92,126,10.8762236436315,13.5023328839461,0.436411671366031,2020-05-04,2020,5
"9315","RJ",3,"Sudeste",33011,"Vale do Paraíba Fluminense",731120,52903.4399758726,19,145,22,123,49,96,0,0,0,0,0,145,22,123,49,96,141,10.8762236436315,13.5023328839461,0.448625824539507,2020-05-11,2020,5
"9316","RJ",3,"Sudeste",33011,"Vale do Paraíba Fluminense",731120,52903.4399758726,20,163,42,121,61,102,0,0,0,0,0,163,42,121,61,102,118,10.8762236436315,13.5023328839461,0.443144084479793,2020-05-18,2020,5
"9317","RJ",3,"Sudeste",33011,"Vale do Paraíba Fluminense",731120,52903.4399758726,21,165,47,118,62,103,0,0,0,0,0,165,47,118,62,103,152,10.8762236436315,13.5023328839461,0.429531148997455,2020-05-25,2020,5
"9318","RJ",3,"Sudeste",33011,"Vale do Paraíba Fluminense",731120,52903.4399758726,22,170,32,138,49,121,4,0,0,0,0,174,32,138,49,121,150,10.8762236436315,13.5023328839461,0.413884050568659,2020-06-01,2020,6
"9319","RJ",3,"Sudeste",33011,"Vale do Paraíba Fluminense",731120,52903.4399758726,23,167,46,121,65,102,1,0,0,0,0,168,46,121,65,102,143,10.8762236436315,13.5023328839461,0.408203542959322,2020-06-08,2020,6
"9320","RJ",3,"Sudeste",33011,"Vale do Paraíba Fluminense",731120,52903.4399758726,24,136,30,106,38,98,1,0,0,0,0,137,30,106,38,98,134,10.8762236436315,13.5023328839461,0.394340462434802,2020-06-15,2020,6
"9321","RJ",3,"Sudeste",33011,"Vale do Paraíba Fluminense",731120,52903.4399758726,25,150,21,129,46,104,1,0,0,0,0,151,21,129,46,104,138,10.8762236436315,13.5023328839461,0.403209806787235,2020-06-22,2020,6
"9322","RJ",3,"Sudeste",33011,"Vale do Paraíba Fluminense",731120,52903.4399758726,26,159,35,124,59,100,2,0,0,0,0,161,35,124,59,100,155,10.8762236436315,13.5023328839461,0.410390494046208,2020-06-29,2020,6
"9323","RJ",3,"Sudeste",33011,"Vale do Paraíba Fluminense",731120,52903.4399758726,27,143,38,105,46,97,0,0,0,0,0,143,38,105,46,97,144,10.8762236436315,13.5023328839461,0.404778979809043,2020-07-06,2020,7
"9324","RJ",3,"Sudeste",33011,"Vale do Paraíba Fluminense",731120,52903.4399758726,28,151,27,124,46,105,1,0,0,0,0,152,27,124,46,105,141,10.8762236436315,13.5023328839461,0.405558609237333,2020-07-13,2020,7
"9325","RJ",3,"Sudeste",33011,"Vale do Paraíba Fluminense",731120,52903.4399758726,29,168,43,125,53,115,2,0,0,0,0,170,43,125,53,115,158,10.8762236436315,13.5023328839461,0.399560085827188,2020-07-20,2020,7
"9326","RJ",3,"Sudeste",33012,"Barra do Piraí",186977,26059.9134659878,5,32,7,25,15,17,0,0,0,0,0,32,7,25,15,17,30,10.1681535301049,12.1387408936199,0.303464806310876,2020-02-03,2020,2
"9327","RJ",3,"Sudeste",33012,"Barra do Piraí",186977,26059.9134659878,6,34,13,21,18,16,0,0,0,0,0,34,13,21,18,16,40,10.1681535301049,12.1387408936199,0.295409240366503,2020-02-10,2020,2
"9328","RJ",3,"Sudeste",33012,"Barra do Piraí",186977,26059.9134659878,7,29,10,19,8,21,1,0,0,0,0,30,10,19,8,21,24,10.1681535301049,12.1387408936199,0.307157180196292,2020-02-17,2020,2
"9329","RJ",3,"Sudeste",33012,"Barra do Piraí",186977,26059.9134659878,8,39,16,23,22,17,0,0,0,0,0,39,16,23,22,17,34,10.1681535301049,12.1387408936199,0.382210603515173,2020-02-24,2020,2
"9330","RJ",3,"Sudeste",33012,"Barra do Piraí",186977,26059.9134659878,9,24,3,21,7,17,0,0,0,0,0,24,3,21,7,17,39,10.1681535301049,12.1387408936199,0.334336936709627,2020-03-02,2020,3
"9331","RJ",3,"Sudeste",33012,"Barra do Piraí",186977,26059.9134659878,10,44,9,35,17,27,0,0,0,0,0,44,9,35,17,27,29,10.1681535301049,12.1387408936199,0.349451034531977,2020-03-09,2020,3
"9332","RJ",3,"Sudeste",33012,"Barra do Piraí",186977,26059.9134659878,11,19,3,16,4,15,0,0,0,0,0,19,3,16,4,15,28,10.1681535301049,12.1387408936199,0.451857723350636,2020-03-16,2020,3
"9333","RJ",3,"Sudeste",33012,"Barra do Piraí",186977,26059.9134659878,12,24,4,20,12,12,1,0,0,0,0,25,4,20,12,12,33,10.1681535301049,12.1387408936199,0.555250059117933,2020-03-23,2020,3
"9334","RJ",3,"Sudeste",33012,"Barra do Piraí",186977,26059.9134659878,13,36,11,25,17,19,0,0,0,0,0,36,11,25,17,19,26,10.1681535301049,12.1387408936199,0.505231721121023,2020-03-30,2020,3
"9335","RJ",3,"Sudeste",33012,"Barra do Piraí",186977,26059.9134659878,14,43,13,30,18,25,0,0,0,0,0,43,13,30,18,25,25,10.1681535301049,12.1387408936199,0.504383023513108,2020-04-06,2020,4
"9336","RJ",3,"Sudeste",33012,"Barra do Piraí",186977,26059.9134659878,15,33,5,28,12,21,0,0,0,0,0,33,5,28,12,21,29,10.1681535301049,12.1387408936199,0.486519407578043,2020-04-13,2020,4
"9337","RJ",3,"Sudeste",33012,"Barra do Piraí",186977,26059.9134659878,16,38,9,29,16,22,0,0,0,0,0,38,9,29,16,22,29,10.1681535301049,12.1387408936199,0.488203291046114,2020-04-20,2020,4
"9338","RJ",3,"Sudeste",33012,"Barra do Piraí",186977,26059.9134659878,17,43,12,31,26,17,1,0,0,0,0,44,12,31,26,17,22,10.1681535301049,12.1387408936199,0.468983323158847,2020-04-27,2020,4
"9339","RJ",3,"Sudeste",33012,"Barra do Piraí",186977,26059.9134659878,18,39,11,28,19,20,0,0,0,0,0,39,11,28,19,20,31,10.1681535301049,12.1387408936199,0.451627390005143,2020-05-04,2020,5
"9340","RJ",3,"Sudeste",33012,"Barra do Piraí",186977,26059.9134659878,19,37,9,28,14,23,0,0,0,0,0,37,9,28,14,23,36,10.1681535301049,12.1387408936199,0.467748397550452,2020-05-11,2020,5
"9341","RJ",3,"Sudeste",33012,"Barra do Piraí",186977,26059.9134659878,20,41,6,35,13,28,0,0,0,0,0,41,6,35,13,28,41,10.1681535301049,12.1387408936199,0.455202465903288,2020-05-18,2020,5
"9342","RJ",3,"Sudeste",33012,"Barra do Piraí",186977,26059.9134659878,21,46,12,34,19,27,1,0,0,0,0,47,12,34,19,27,30,10.1681535301049,12.1387408936199,0.435937629815784,2020-05-25,2020,5
"9343","RJ",3,"Sudeste",33012,"Barra do Piraí",186977,26059.9134659878,22,45,11,34,25,20,0,0,0,0,0,45,11,34,25,20,33,10.1681535301049,12.1387408936199,0.425931880592032,2020-06-01,2020,6
"9344","RJ",3,"Sudeste",33012,"Barra do Piraí",186977,26059.9134659878,23,39,10,29,17,22,0,0,0,0,0,39,10,29,17,22,39,10.1681535301049,12.1387408936199,0.415598467704565,2020-06-08,2020,6
"9345","RJ",3,"Sudeste",33012,"Barra do Piraí",186977,26059.9134659878,24,37,9,28,16,21,0,0,0,0,0,37,9,28,16,21,28,10.1681535301049,12.1387408936199,0.403507066117919,2020-06-15,2020,6
"9346","RJ",3,"Sudeste",33012,"Barra do Piraí",186977,26059.9134659878,25,24,6,18,11,13,0,0,0,0,0,24,6,18,11,13,37,10.1681535301049,12.1387408936199,0.413887901030327,2020-06-22,2020,6
"9347","RJ",3,"Sudeste",33012,"Barra do Piraí",186977,26059.9134659878,26,51,15,36,16,35,1,0,0,0,0,52,15,36,16,35,32,10.1681535301049,12.1387408936199,0.422544420566825,2020-06-29,2020,6
"9348","RJ",3,"Sudeste",33012,"Barra do Piraí",186977,26059.9134659878,27,52,20,32,21,31,0,0,0,0,0,52,20,32,21,31,43,10.1681535301049,12.1387408936199,0.412107374288104,2020-07-06,2020,7
"9349","RJ",3,"Sudeste",33012,"Barra do Piraí",186977,26059.9134659878,28,47,18,29,20,27,0,0,0,0,0,47,18,29,20,27,38,10.1681535301049,12.1387408936199,0.414970873908646,2020-07-13,2020,7
"9350","RJ",3,"Sudeste",33012,"Barra do Piraí",186977,26059.9134659878,29,40,11,29,17,23,0,0,0,0,0,40,11,29,17,23,29,10.1681535301049,12.1387408936199,0.417150460044742,2020-07-20,2020,7
"9351","RJ",3,"Sudeste",33013,"Baía da Ilha Grande",250724,47527.6075633765,5,52,18,34,19,33,1,0,0,0,0,53,18,34,19,33,20,10.7690660330451,12.4321080115149,0.305232144280889,2020-02-03,2020,2
"9352","RJ",3,"Sudeste",33013,"Baía da Ilha Grande",250724,47527.6075633765,6,49,16,33,25,24,3,0,0,0,0,52,16,33,25,24,25,10.7690660330451,12.4321080115149,0.299940676990392,2020-02-10,2020,2
"9353","RJ",3,"Sudeste",33013,"Baía da Ilha Grande",250724,47527.6075633765,7,46,17,29,17,29,1,0,0,0,0,47,17,29,17,29,27,10.7690660330451,12.4321080115149,0.303018666089462,2020-02-17,2020,2
"9354","RJ",3,"Sudeste",33013,"Baía da Ilha Grande",250724,47527.6075633765,8,59,21,38,28,31,0,0,0,0,0,59,21,38,28,31,31,10.7690660330451,12.4321080115149,0.375967702190626,2020-02-24,2020,2
"9355","RJ",3,"Sudeste",33013,"Baía da Ilha Grande",250724,47527.6075633765,9,43,13,30,20,23,0,0,0,0,0,43,13,30,20,23,24,10.7690660330451,12.4321080115149,0.332956409141826,2020-03-02,2020,3
"9356","RJ",3,"Sudeste",33013,"Baía da Ilha Grande",250724,47527.6075633765,10,47,15,32,16,31,0,0,0,0,0,47,15,32,16,31,30,10.7690660330451,12.4321080115149,0.335934110779959,2020-03-09,2020,3
"9357","RJ",3,"Sudeste",33013,"Baía da Ilha Grande",250724,47527.6075633765,11,46,16,30,17,29,0,0,0,0,0,46,16,30,17,29,24,10.7690660330451,12.4321080115149,0.457608906596291,2020-03-16,2020,3
"9358","RJ",3,"Sudeste",33013,"Baía da Ilha Grande",250724,47527.6075633765,12,43,8,35,17,26,3,0,0,0,0,46,8,35,17,26,25,10.7690660330451,12.4321080115149,0.544541147526508,2020-03-23,2020,3
"9359","RJ",3,"Sudeste",33013,"Baía da Ilha Grande",250724,47527.6075633765,13,53,18,35,17,36,0,0,0,0,0,53,18,35,17,36,33,10.7690660330451,12.4321080115149,0.512871515253231,2020-03-30,2020,3
"9360","RJ",3,"Sudeste",33013,"Baía da Ilha Grande",250724,47527.6075633765,14,43,7,36,16,27,0,0,0,0,0,43,7,36,16,27,19,10.7690660330451,12.4321080115149,0.505908517595427,2020-04-06,2020,4
"9361","RJ",3,"Sudeste",33013,"Baía da Ilha Grande",250724,47527.6075633765,15,48,16,32,21,27,2,0,0,0,0,50,16,32,21,27,37,10.7690660330451,12.4321080115149,0.49042924148697,2020-04-13,2020,4
"9362","RJ",3,"Sudeste",33013,"Baía da Ilha Grande",250724,47527.6075633765,16,42,11,31,17,25,2,0,0,0,0,44,11,31,17,25,26,10.7690660330451,12.4321080115149,0.487616331039392,2020-04-20,2020,4
"9363","RJ",3,"Sudeste",33013,"Baía da Ilha Grande",250724,47527.6075633765,17,46,17,29,19,27,0,0,0,0,0,46,17,29,19,27,24,10.7690660330451,12.4321080115149,0.476037340727426,2020-04-27,2020,4
"9364","RJ",3,"Sudeste",33013,"Baía da Ilha Grande",250724,47527.6075633765,18,51,19,32,28,23,1,0,0,0,0,52,19,32,28,23,31,10.7690660330451,12.4321080115149,0.45266090132432,2020-05-04,2020,5
"9365","RJ",3,"Sudeste",33013,"Baía da Ilha Grande",250724,47527.6075633765,19,62,20,42,21,41,1,0,0,0,0,63,20,42,21,41,32,10.7690660330451,12.4321080115149,0.465329127597043,2020-05-11,2020,5
"9366","RJ",3,"Sudeste",33013,"Baía da Ilha Grande",250724,47527.6075633765,20,58,20,38,24,34,2,0,0,0,0,60,20,38,24,34,29,10.7690660330451,12.4321080115149,0.462406094210578,2020-05-18,2020,5
"9367","RJ",3,"Sudeste",33013,"Baía da Ilha Grande",250724,47527.6075633765,21,58,16,42,22,36,0,0,0,0,0,58,16,42,22,36,44,10.7690660330451,12.4321080115149,0.464126310319535,2020-05-25,2020,5
"9368","RJ",3,"Sudeste",33013,"Baía da Ilha Grande",250724,47527.6075633765,22,50,19,31,23,27,0,0,0,0,0,50,19,31,23,27,49,10.7690660330451,12.4321080115149,0.453718093711167,2020-06-01,2020,6
"9369","RJ",3,"Sudeste",33013,"Baía da Ilha Grande",250724,47527.6075633765,23,62,17,45,25,37,0,0,0,0,0,62,17,45,25,37,30,10.7690660330451,12.4321080115149,0.444705925082291,2020-06-08,2020,6
"9370","RJ",3,"Sudeste",33013,"Baía da Ilha Grande",250724,47527.6075633765,24,62,18,44,21,41,0,0,0,0,0,62,18,44,21,41,30,10.7690660330451,12.4321080115149,0.423018957164214,2020-06-15,2020,6
"9371","RJ",3,"Sudeste",33013,"Baía da Ilha Grande",250724,47527.6075633765,25,50,18,32,20,30,2,0,0,0,0,52,18,32,20,30,32,10.7690660330451,12.4321080115149,0.43687519378815,2020-06-22,2020,6
"9372","RJ",3,"Sudeste",33013,"Baía da Ilha Grande",250724,47527.6075633765,26,60,17,43,30,30,2,0,0,0,0,62,17,43,30,30,31,10.7690660330451,12.4321080115149,0.429547323692385,2020-06-29,2020,6
"9373","RJ",3,"Sudeste",33013,"Baía da Ilha Grande",250724,47527.6075633765,27,62,14,48,29,33,0,0,0,0,0,62,14,48,29,33,28,10.7690660330451,12.4321080115149,0.427279048382094,2020-07-06,2020,7
"9374","RJ",3,"Sudeste",33013,"Baía da Ilha Grande",250724,47527.6075633765,28,62,22,40,27,35,0,0,0,0,0,62,22,40,27,35,35,10.7690660330451,12.4321080115149,0.436766720187404,2020-07-13,2020,7
"9375","RJ",3,"Sudeste",33013,"Baía da Ilha Grande",250724,47527.6075633765,29,70,19,51,26,44,0,0,0,0,0,70,19,51,26,44,39,10.7690660330451,12.4321080115149,0.418825816726624,2020-07-20,2020,7
"9376","RJ",3,"Sudeste",33014,"Vassouras",175924,21041.0392444465,5,23,6,17,12,11,0,0,0,0,0,23,6,17,12,11,24,9.95423005937927,12.0778073625782,0.308911555665301,2020-02-03,2020,2
"9377","RJ",3,"Sudeste",33014,"Vassouras",175924,21041.0392444465,6,29,10,19,10,19,0,0,0,0,0,29,10,19,10,19,30,9.95423005937927,12.0778073625782,0.300494319588129,2020-02-10,2020,2
"9378","RJ",3,"Sudeste",33014,"Vassouras",175924,21041.0392444465,7,37,10,27,15,22,0,0,0,0,0,37,10,27,15,22,29,9.95423005937927,12.0778073625782,0.315908652023903,2020-02-17,2020,2
"9379","RJ",3,"Sudeste",33014,"Vassouras",175924,21041.0392444465,8,39,10,29,16,23,0,0,0,0,0,39,10,29,16,23,27,9.95423005937927,12.0778073625782,0.386013958831329,2020-02-24,2020,2
"9380","RJ",3,"Sudeste",33014,"Vassouras",175924,21041.0392444465,9,32,10,22,14,18,2,0,0,0,0,34,10,22,14,18,27,9.95423005937927,12.0778073625782,0.346030622257447,2020-03-02,2020,3
"9381","RJ",3,"Sudeste",33014,"Vassouras",175924,21041.0392444465,10,32,7,25,14,18,1,0,0,0,0,33,7,25,14,18,25,9.95423005937927,12.0778073625782,0.345093085042123,2020-03-09,2020,3
"9382","RJ",3,"Sudeste",33014,"Vassouras",175924,21041.0392444465,11,28,5,23,12,16,0,0,0,0,0,28,5,23,12,16,26,9.95423005937927,12.0778073625782,0.467445167846176,2020-03-16,2020,3
"9383","RJ",3,"Sudeste",33014,"Vassouras",175924,21041.0392444465,12,35,8,27,14,21,0,0,0,0,0,35,8,27,14,21,31,9.95423005937927,12.0778073625782,0.554277316033056,2020-03-23,2020,3
"9384","RJ",3,"Sudeste",33014,"Vassouras",175924,21041.0392444465,13,35,7,28,14,21,0,0,0,0,0,35,7,28,14,21,24,9.95423005937927,12.0778073625782,0.509078294799513,2020-03-30,2020,3
"9385","RJ",3,"Sudeste",33014,"Vassouras",175924,21041.0392444465,14,27,6,21,11,16,0,0,0,0,0,27,6,21,11,16,17,9.95423005937927,12.0778073625782,0.501743988547055,2020-04-06,2020,4
"9386","RJ",3,"Sudeste",33014,"Vassouras",175924,21041.0392444465,15,35,7,28,13,22,0,0,0,0,0,35,7,28,13,22,31,9.95423005937927,12.0778073625782,0.474820030968537,2020-04-13,2020,4
"9387","RJ",3,"Sudeste",33014,"Vassouras",175924,21041.0392444465,16,40,6,34,17,23,0,0,0,0,0,40,6,34,17,23,43,9.95423005937927,12.0778073625782,0.487703175482341,2020-04-20,2020,4
"9388","RJ",3,"Sudeste",33014,"Vassouras",175924,21041.0392444465,17,50,19,31,27,23,1,0,0,0,0,51,19,31,27,23,31,9.95423005937927,12.0778073625782,0.476141646219296,2020-04-27,2020,4
"9389","RJ",3,"Sudeste",33014,"Vassouras",175924,21041.0392444465,18,45,16,29,21,24,0,0,0,0,0,45,16,29,21,24,39,9.95423005937927,12.0778073625782,0.46206667065166,2020-05-04,2020,5
"9390","RJ",3,"Sudeste",33014,"Vassouras",175924,21041.0392444465,19,35,10,25,16,19,0,0,0,0,0,35,10,25,16,19,48,9.95423005937927,12.0778073625782,0.475942847666142,2020-05-11,2020,5
"9391","RJ",3,"Sudeste",33014,"Vassouras",175924,21041.0392444465,20,33,10,23,9,24,1,0,0,0,0,34,10,23,9,24,42,9.95423005937927,12.0778073625782,0.463436466509539,2020-05-18,2020,5
"9392","RJ",3,"Sudeste",33014,"Vassouras",175924,21041.0392444465,21,37,14,23,13,24,1,0,0,0,0,38,14,23,13,24,31,9.95423005937927,12.0778073625782,0.443303752632221,2020-05-25,2020,5
"9393","RJ",3,"Sudeste",33014,"Vassouras",175924,21041.0392444465,22,53,12,41,19,34,1,0,0,0,0,54,12,41,19,34,45,9.95423005937927,12.0778073625782,0.434729841031159,2020-06-01,2020,6
"9394","RJ",3,"Sudeste",33014,"Vassouras",175924,21041.0392444465,23,48,9,39,17,31,0,0,0,0,0,48,9,39,17,31,28,9.95423005937927,12.0778073625782,0.421111778105733,2020-06-08,2020,6
"9395","RJ",3,"Sudeste",33014,"Vassouras",175924,21041.0392444465,24,40,7,33,23,17,0,0,0,0,0,40,7,33,23,17,28,9.95423005937927,12.0778073625782,0.409041457232994,2020-06-15,2020,6
"9396","RJ",3,"Sudeste",33014,"Vassouras",175924,21041.0392444465,25,56,13,43,17,39,0,0,0,0,0,56,13,43,17,39,33,9.95423005937927,12.0778073625782,0.419514665393835,2020-06-22,2020,6
"9397","RJ",3,"Sudeste",33014,"Vassouras",175924,21041.0392444465,26,38,11,27,18,20,1,0,0,0,0,39,11,27,18,20,32,9.95423005937927,12.0778073625782,0.427844512211428,2020-06-29,2020,6
"9398","RJ",3,"Sudeste",33014,"Vassouras",175924,21041.0392444465,27,34,5,29,13,21,0,0,0,0,0,34,5,29,13,21,37,9.95423005937927,12.0778073625782,0.420062190275409,2020-07-06,2020,7
"9399","RJ",3,"Sudeste",33014,"Vassouras",175924,21041.0392444465,28,40,8,32,21,19,0,0,0,0,0,40,8,32,21,19,28,9.95423005937927,12.0778073625782,0.418420063734661,2020-07-13,2020,7
"9400","RJ",3,"Sudeste",33014,"Vassouras",175924,21041.0392444465,29,51,12,39,16,35,1,0,0,0,0,52,12,39,16,35,36,9.95423005937927,12.0778073625782,0.412348485262546,2020-07-20,2020,7
"9401","RJ",3,"Sudeste",33015,"Serrana",512834,36080.6430968695,5,102,20,82,38,64,1,0,0,0,0,103,20,82,38,64,77,10.4935117982103,13.1477074850428,0.299540248481912,2020-02-03,2020,2
"9402","RJ",3,"Sudeste",33015,"Serrana",512834,36080.6430968695,6,110,24,86,29,81,0,0,0,0,0,110,24,86,29,81,76,10.4935117982103,13.1477074850428,0.297814206735948,2020-02-10,2020,2
"9403","RJ",3,"Sudeste",33015,"Serrana",512834,36080.6430968695,7,102,30,72,29,73,1,0,0,0,0,103,30,72,29,73,49,10.4935117982103,13.1477074850428,0.305240445226882,2020-02-17,2020,2
"9404","RJ",3,"Sudeste",33015,"Serrana",512834,36080.6430968695,8,107,28,79,40,67,0,0,0,0,0,107,28,79,40,67,87,10.4935117982103,13.1477074850428,0.378811824679487,2020-02-24,2020,2
"9405","RJ",3,"Sudeste",33015,"Serrana",512834,36080.6430968695,9,103,27,76,29,74,1,0,0,0,0,104,27,76,29,74,79,10.4935117982103,13.1477074850428,0.327547994157793,2020-03-02,2020,3
"9406","RJ",3,"Sudeste",33015,"Serrana",512834,36080.6430968695,10,96,27,69,28,68,0,0,0,0,0,96,27,69,28,68,82,10.4935117982103,13.1477074850428,0.331281037677573,2020-03-09,2020,3
"9407","RJ",3,"Sudeste",33015,"Serrana",512834,36080.6430968695,11,106,30,76,34,72,1,0,0,0,0,107,30,76,34,72,89,10.4935117982103,13.1477074850428,0.460949244021594,2020-03-16,2020,3
"9408","RJ",3,"Sudeste",33015,"Serrana",512834,36080.6430968695,12,102,29,73,33,69,0,0,0,0,0,102,29,73,33,69,66,10.4935117982103,13.1477074850428,0.560680526404446,2020-03-23,2020,3
"9409","RJ",3,"Sudeste",33015,"Serrana",512834,36080.6430968695,13,99,37,62,39,60,1,0,0,0,0,100,37,62,39,60,77,10.4935117982103,13.1477074850428,0.518181948834688,2020-03-30,2020,3
"9410","RJ",3,"Sudeste",33015,"Serrana",512834,36080.6430968695,14,92,28,64,41,51,2,0,0,0,0,94,28,64,41,51,72,10.4935117982103,13.1477074850428,0.520888163450341,2020-04-06,2020,4
"9411","RJ",3,"Sudeste",33015,"Serrana",512834,36080.6430968695,15,94,32,62,35,59,1,0,0,0,0,95,32,62,35,59,71,10.4935117982103,13.1477074850428,0.496665927060181,2020-04-13,2020,4
"9412","RJ",3,"Sudeste",33015,"Serrana",512834,36080.6430968695,16,105,35,70,39,66,2,0,0,0,0,107,35,70,39,66,86,10.4935117982103,13.1477074850428,0.498081376588861,2020-04-20,2020,4
"9413","RJ",3,"Sudeste",33015,"Serrana",512834,36080.6430968695,17,122,27,95,38,84,2,0,0,0,0,124,27,95,38,84,95,10.4935117982103,13.1477074850428,0.486868075612793,2020-04-27,2020,4
"9414","RJ",3,"Sudeste",33015,"Serrana",512834,36080.6430968695,18,118,33,85,31,87,1,0,0,0,0,119,33,85,31,87,101,10.4935117982103,13.1477074850428,0.46597251748744,2020-05-04,2020,5
"9415","RJ",3,"Sudeste",33015,"Serrana",512834,36080.6430968695,19,122,34,88,49,73,0,0,0,0,0,122,34,88,49,73,110,10.4935117982103,13.1477074850428,0.478409570064492,2020-05-11,2020,5
"9416","RJ",3,"Sudeste",33015,"Serrana",512834,36080.6430968695,20,99,32,67,41,58,0,0,0,0,0,99,32,67,41,58,98,10.4935117982103,13.1477074850428,0.489034805848982,2020-05-18,2020,5
"9417","RJ",3,"Sudeste",33015,"Serrana",512834,36080.6430968695,21,95,24,71,40,55,0,0,0,0,0,95,24,71,40,55,115,10.4935117982103,13.1477074850428,0.458735482765342,2020-05-25,2020,5
"9418","RJ",3,"Sudeste",33015,"Serrana",512834,36080.6430968695,22,106,23,83,45,61,0,0,0,0,0,106,23,83,45,61,116,10.4935117982103,13.1477074850428,0.452520433385136,2020-06-01,2020,6
"9419","RJ",3,"Sudeste",33015,"Serrana",512834,36080.6430968695,23,111,31,80,37,74,0,0,0,0,0,111,31,80,37,74,101,10.4935117982103,13.1477074850428,0.434184993960806,2020-06-08,2020,6
"9420","RJ",3,"Sudeste",33015,"Serrana",512834,36080.6430968695,24,119,28,91,46,73,1,0,0,0,0,120,28,91,46,73,114,10.4935117982103,13.1477074850428,0.417539504509849,2020-06-15,2020,6
"9421","RJ",3,"Sudeste",33015,"Serrana",512834,36080.6430968695,25,124,23,101,30,94,1,0,0,0,0,125,23,101,30,94,93,10.4935117982103,13.1477074850428,0.417345894689942,2020-06-22,2020,6
"9422","RJ",3,"Sudeste",33015,"Serrana",512834,36080.6430968695,26,102,24,78,31,71,1,0,0,0,0,103,24,78,31,71,96,10.4935117982103,13.1477074850428,0.432273396813497,2020-06-29,2020,6
"9423","RJ",3,"Sudeste",33015,"Serrana",512834,36080.6430968695,27,118,27,91,50,68,0,0,0,0,0,118,27,91,50,68,120,10.4935117982103,13.1477074850428,0.419423804409737,2020-07-06,2020,7
"9424","RJ",3,"Sudeste",33015,"Serrana",512834,36080.6430968695,28,101,33,68,31,70,1,0,0,0,0,102,33,68,31,70,104,10.4935117982103,13.1477074850428,0.41468030030435,2020-07-13,2020,7
"9425","RJ",3,"Sudeste",33015,"Serrana",512834,36080.6430968695,29,105,21,84,34,71,3,0,0,0,0,108,21,84,34,71,95,10.4935117982103,13.1477074850428,0.406854010142486,2020-07-20,2020,7
"9426","RJ",3,"Sudeste",33016,"Macacu-Caceribu",119876,22750.9175994361,5,26,9,17,11,15,0,0,0,0,0,26,9,17,11,15,17,10.0323607576068,11.6942131541739,0.304688765482436,2020-02-03,2020,2
"9427","RJ",3,"Sudeste",33016,"Macacu-Caceribu",119876,22750.9175994361,6,24,6,18,9,15,0,0,0,0,0,24,6,18,9,15,10,10.0323607576068,11.6942131541739,0.293757927699,2020-02-10,2020,2
"9428","RJ",3,"Sudeste",33016,"Macacu-Caceribu",119876,22750.9175994361,7,34,7,27,12,22,0,0,0,0,0,34,7,27,12,22,13,10.0323607576068,11.6942131541739,0.302489262791142,2020-02-17,2020,2
"9429","RJ",3,"Sudeste",33016,"Macacu-Caceribu",119876,22750.9175994361,8,24,8,16,10,14,0,0,0,0,0,24,8,16,10,14,18,10.0323607576068,11.6942131541739,0.370630748694411,2020-02-24,2020,2
"9430","RJ",3,"Sudeste",33016,"Macacu-Caceribu",119876,22750.9175994361,9,16,5,11,10,6,0,0,0,0,0,16,5,11,10,6,16,10.0323607576068,11.6942131541739,0.323917965062049,2020-03-02,2020,3
"9431","RJ",3,"Sudeste",33016,"Macacu-Caceribu",119876,22750.9175994361,10,19,11,8,11,8,0,0,0,0,0,19,11,8,11,8,21,10.0323607576068,11.6942131541739,0.32940264312594,2020-03-09,2020,3
"9432","RJ",3,"Sudeste",33016,"Macacu-Caceribu",119876,22750.9175994361,11,26,11,15,10,16,0,0,0,0,0,26,11,15,10,16,19,10.0323607576068,11.6942131541739,0.437249771479618,2020-03-16,2020,3
"9433","RJ",3,"Sudeste",33016,"Macacu-Caceribu",119876,22750.9175994361,12,32,11,21,15,17,0,0,0,0,0,32,11,21,15,17,13,10.0323607576068,11.6942131541739,0.525708958941136,2020-03-23,2020,3
"9434","RJ",3,"Sudeste",33016,"Macacu-Caceribu",119876,22750.9175994361,13,31,10,21,11,20,1,0,0,0,0,32,10,21,11,20,16,10.0323607576068,11.6942131541739,0.491432688874184,2020-03-30,2020,3
"9435","RJ",3,"Sudeste",33016,"Macacu-Caceribu",119876,22750.9175994361,14,18,6,12,7,11,1,0,0,0,0,19,6,12,7,11,16,10.0323607576068,11.6942131541739,0.496975150891783,2020-04-06,2020,4
"9436","RJ",3,"Sudeste",33016,"Macacu-Caceribu",119876,22750.9175994361,15,22,12,10,10,12,1,0,0,0,0,23,12,10,10,12,20,10.0323607576068,11.6942131541739,0.464816447052085,2020-04-13,2020,4
"9437","RJ",3,"Sudeste",33016,"Macacu-Caceribu",119876,22750.9175994361,16,21,3,18,9,12,1,0,0,0,0,22,3,18,9,12,20,10.0323607576068,11.6942131541739,0.476562948866869,2020-04-20,2020,4
"9438","RJ",3,"Sudeste",33016,"Macacu-Caceribu",119876,22750.9175994361,17,31,9,22,15,16,0,0,0,0,0,31,9,22,15,16,14,10.0323607576068,11.6942131541739,0.465466560876676,2020-04-27,2020,4
"9439","RJ",3,"Sudeste",33016,"Macacu-Caceribu",119876,22750.9175994361,18,23,1,22,8,15,0,0,0,0,0,23,1,22,8,15,28,10.0323607576068,11.6942131541739,0.44629909861873,2020-05-04,2020,5
"9440","RJ",3,"Sudeste",33016,"Macacu-Caceribu",119876,22750.9175994361,19,24,7,17,7,17,0,0,0,0,0,24,7,17,7,17,20,10.0323607576068,11.6942131541739,0.455800753006276,2020-05-11,2020,5
"9441","RJ",3,"Sudeste",33016,"Macacu-Caceribu",119876,22750.9175994361,20,24,7,17,10,14,0,0,0,0,0,24,7,17,10,14,28,10.0323607576068,11.6942131541739,0.452177801542566,2020-05-18,2020,5
"9442","RJ",3,"Sudeste",33016,"Macacu-Caceribu",119876,22750.9175994361,21,21,6,15,4,17,1,0,0,0,0,22,6,15,4,17,29,10.0323607576068,11.6942131541739,0.437490124979598,2020-05-25,2020,5
"9443","RJ",3,"Sudeste",33016,"Macacu-Caceribu",119876,22750.9175994361,22,26,10,16,8,18,1,0,0,0,0,27,10,16,8,18,32,10.0323607576068,11.6942131541739,0.422309167710216,2020-06-01,2020,6
"9444","RJ",3,"Sudeste",33016,"Macacu-Caceribu",119876,22750.9175994361,23,24,10,14,11,13,0,0,0,0,0,24,10,14,11,13,14,10.0323607576068,11.6942131541739,0.416511220915662,2020-06-08,2020,6
"9445","RJ",3,"Sudeste",33016,"Macacu-Caceribu",119876,22750.9175994361,24,35,12,23,13,22,1,0,0,0,0,36,12,23,13,22,27,10.0323607576068,11.6942131541739,0.411216521231712,2020-06-15,2020,6
"9446","RJ",3,"Sudeste",33016,"Macacu-Caceribu",119876,22750.9175994361,25,43,11,32,18,25,0,0,0,0,0,43,11,32,18,25,13,10.0323607576068,11.6942131541739,0.404643753848518,2020-06-22,2020,6
"9447","RJ",3,"Sudeste",33016,"Macacu-Caceribu",119876,22750.9175994361,26,17,4,13,9,8,0,0,0,0,0,17,4,13,9,8,17,10.0323607576068,11.6942131541739,0.40633651434459,2020-06-29,2020,6
"9448","RJ",3,"Sudeste",33016,"Macacu-Caceribu",119876,22750.9175994361,27,18,7,11,6,12,0,0,0,0,0,18,7,11,6,12,21,10.0323607576068,11.6942131541739,0.401887695269283,2020-07-06,2020,7
"9449","RJ",3,"Sudeste",33016,"Macacu-Caceribu",119876,22750.9175994361,28,16,4,12,7,9,1,0,0,0,0,17,4,12,7,9,18,10.0323607576068,11.6942131541739,0.404220377762426,2020-07-13,2020,7
"9450","RJ",3,"Sudeste",33016,"Macacu-Caceribu",119876,22750.9175994361,29,25,12,13,12,13,0,0,0,0,0,25,12,13,12,13,13,10.0323607576068,11.6942131541739,0.410135436184321,2020-07-20,2020,7
"9451","RJ",3,"Sudeste",33017,"Itaguaí",263131,63148.5836958777,5,49,14,35,25,24,5,0,0,0,0,54,14,35,25,24,39,11.0532456999084,12.4804072860092,0.304332872579871,2020-02-03,2020,2
"9452","RJ",3,"Sudeste",33017,"Itaguaí",263131,63148.5836958777,6,49,14,35,17,32,0,0,0,0,0,49,14,35,17,32,24,11.0532456999084,12.4804072860092,0.295850221037716,2020-02-10,2020,2
"9453","RJ",3,"Sudeste",33017,"Itaguaí",263131,63148.5836958777,7,53,12,41,15,38,0,0,0,0,0,53,12,41,15,38,34,11.0532456999084,12.4804072860092,0.316847453355467,2020-02-17,2020,2
"9454","RJ",3,"Sudeste",33017,"Itaguaí",263131,63148.5836958777,8,57,10,47,25,32,0,0,0,0,0,57,10,47,25,32,35,11.0532456999084,12.4804072860092,0.392779346993524,2020-02-24,2020,2
"9455","RJ",3,"Sudeste",33017,"Itaguaí",263131,63148.5836958777,9,56,21,35,23,33,2,0,0,0,0,58,21,35,23,33,35,11.0532456999084,12.4804072860092,0.336835612943721,2020-03-02,2020,3
"9456","RJ",3,"Sudeste",33017,"Itaguaí",263131,63148.5836958777,10,50,18,32,21,29,0,0,0,0,0,50,18,32,21,29,44,11.0532456999084,12.4804072860092,0.332895204280305,2020-03-09,2020,3
"9457","RJ",3,"Sudeste",33017,"Itaguaí",263131,63148.5836958777,11,70,24,46,42,28,0,0,0,0,0,70,24,46,42,28,47,11.0532456999084,12.4804072860092,0.44731301622761,2020-03-16,2020,3
"9458","RJ",3,"Sudeste",33017,"Itaguaí",263131,63148.5836958777,12,55,22,33,27,28,1,0,0,0,0,56,22,33,27,28,37,11.0532456999084,12.4804072860092,0.51113132762168,2020-03-23,2020,3
"9459","RJ",3,"Sudeste",33017,"Itaguaí",263131,63148.5836958777,13,45,14,31,26,19,1,0,0,0,0,46,14,31,26,19,39,11.0532456999084,12.4804072860092,0.484615234761612,2020-03-30,2020,3
"9460","RJ",3,"Sudeste",33017,"Itaguaí",263131,63148.5836958777,14,61,15,46,27,34,0,0,0,0,0,61,15,46,27,34,36,11.0532456999084,12.4804072860092,0.479575535092884,2020-04-06,2020,4
"9461","RJ",3,"Sudeste",33017,"Itaguaí",263131,63148.5836958777,15,68,15,53,33,35,0,0,0,0,0,68,15,53,33,35,36,11.0532456999084,12.4804072860092,0.462253018254841,2020-04-13,2020,4
"9462","RJ",3,"Sudeste",33017,"Itaguaí",263131,63148.5836958777,16,70,25,45,28,42,0,0,0,0,0,70,25,45,28,42,60,11.0532456999084,12.4804072860092,0.473174930863537,2020-04-20,2020,4
"9463","RJ",3,"Sudeste",33017,"Itaguaí",263131,63148.5836958777,17,74,20,54,29,45,0,0,0,0,0,74,20,54,29,45,67,11.0532456999084,12.4804072860092,0.463676434903998,2020-04-27,2020,4
"9464","RJ",3,"Sudeste",33017,"Itaguaí",263131,63148.5836958777,18,63,13,50,30,33,1,0,0,0,0,64,13,50,30,33,63,11.0532456999084,12.4804072860092,0.446519423242116,2020-05-04,2020,5
"9465","RJ",3,"Sudeste",33017,"Itaguaí",263131,63148.5836958777,19,44,11,33,25,19,0,0,0,0,0,44,11,33,25,19,76,11.0532456999084,12.4804072860092,0.458537470534637,2020-05-11,2020,5
"9466","RJ",3,"Sudeste",33017,"Itaguaí",263131,63148.5836958777,20,70,16,54,31,39,1,0,0,0,0,71,16,54,31,39,52,11.0532456999084,12.4804072860092,0.441865911009118,2020-05-18,2020,5
"9467","RJ",3,"Sudeste",33017,"Itaguaí",263131,63148.5836958777,21,59,13,46,23,36,0,0,0,0,0,59,13,46,23,36,66,11.0532456999084,12.4804072860092,0.421294240050909,2020-05-25,2020,5
"9468","RJ",3,"Sudeste",33017,"Itaguaí",263131,63148.5836958777,22,65,16,49,28,37,1,0,0,0,0,66,16,49,28,37,67,11.0532456999084,12.4804072860092,0.408906617936852,2020-06-01,2020,6
"9469","RJ",3,"Sudeste",33017,"Itaguaí",263131,63148.5836958777,23,61,11,50,30,31,0,0,0,0,0,61,11,50,30,31,48,11.0532456999084,12.4804072860092,0.407653322359891,2020-06-08,2020,6
"9470","RJ",3,"Sudeste",33017,"Itaguaí",263131,63148.5836958777,24,54,15,39,22,32,1,0,0,0,0,55,15,39,22,32,45,11.0532456999084,12.4804072860092,0.386047416641151,2020-06-15,2020,6
"9471","RJ",3,"Sudeste",33017,"Itaguaí",263131,63148.5836958777,25,71,24,47,30,41,0,0,0,0,0,71,24,47,30,41,37,11.0532456999084,12.4804072860092,0.394957029989354,2020-06-22,2020,6
"9472","RJ",3,"Sudeste",33017,"Itaguaí",263131,63148.5836958777,26,61,19,42,22,39,2,0,0,0,0,63,19,42,22,39,47,11.0532456999084,12.4804072860092,0.397107448173695,2020-06-29,2020,6
"9473","RJ",3,"Sudeste",33017,"Itaguaí",263131,63148.5836958777,27,69,11,58,26,43,2,0,0,0,0,71,11,58,26,43,46,11.0532456999084,12.4804072860092,0.391557044228066,2020-07-06,2020,7
"9474","RJ",3,"Sudeste",33017,"Itaguaí",263131,63148.5836958777,28,66,16,50,30,36,1,0,0,0,0,67,16,50,30,36,43,11.0532456999084,12.4804072860092,0.409679887261363,2020-07-13,2020,7
"9475","RJ",3,"Sudeste",33017,"Itaguaí",263131,63148.5836958777,29,58,13,45,22,36,4,0,0,0,0,62,13,45,22,36,46,11.0532456999084,12.4804072860092,0.398408677506186,2020-07-20,2020,7
"9476","RJ",3,"Sudeste",33018,"Rio de Janeiro",12434442,44335.8633179679,5,2367,533,1834,932,1435,25,0,0,0,0,2392,533,1834,932,1435,1939,10.6995491842301,16.3359807608714,0.291078853892376,2020-02-03,2020,2
"9477","RJ",3,"Sudeste",33018,"Rio de Janeiro",12434442,44335.8633179679,6,2411,560,1851,877,1534,24,0,0,0,0,2435,560,1851,877,1534,1921,10.6995491842301,16.3359807608714,0.291228249150865,2020-02-10,2020,2
"9478","RJ",3,"Sudeste",33018,"Rio de Janeiro",12434442,44335.8633179679,7,2384,543,1841,915,1469,28,0,0,0,0,2412,543,1841,915,1469,1979,10.6995491842301,16.3359807608714,0.309393800801954,2020-02-17,2020,2
"9479","RJ",3,"Sudeste",33018,"Rio de Janeiro",12434442,44335.8633179679,8,2453,543,1910,939,1514,29,0,0,0,0,2482,543,1910,939,1514,1856,10.6995491842301,16.3359807608714,0.38559278354443,2020-02-24,2020,2
"9480","RJ",3,"Sudeste",33018,"Rio de Janeiro",12434442,44335.8633179679,9,2433,544,1889,978,1455,30,0,0,0,0,2463,544,1889,978,1455,2016,10.6995491842301,16.3359807608714,0.326915743283068,2020-03-02,2020,3
"9481","RJ",3,"Sudeste",33018,"Rio de Janeiro",12434442,44335.8633179679,10,2313,531,1782,930,1383,23,0,0,0,0,2336,531,1782,930,1383,1999,10.6995491842301,16.3359807608714,0.333631343860124,2020-03-09,2020,3
"9482","RJ",3,"Sudeste",33018,"Rio de Janeiro",12434442,44335.8633179679,11,2355,558,1797,890,1465,21,0,0,0,0,2376,558,1797,890,1465,2075,10.6995491842301,16.3359807608714,0.461924673760364,2020-03-16,2020,3
"9483","RJ",3,"Sudeste",33018,"Rio de Janeiro",12434442,44335.8633179679,12,2282,550,1732,893,1389,29,0,0,0,0,2311,550,1732,893,1389,1965,10.6995491842301,16.3359807608714,0.553279142246882,2020-03-23,2020,3
"9484","RJ",3,"Sudeste",33018,"Rio de Janeiro",12434442,44335.8633179679,13,2186,491,1695,872,1314,20,0,0,0,0,2206,491,1695,872,1314,2188,10.6995491842301,16.3359807608714,0.519364759737452,2020-03-30,2020,3
"9485","RJ",3,"Sudeste",33018,"Rio de Janeiro",12434442,44335.8633179679,14,2401,559,1842,943,1458,34,0,0,0,0,2435,559,1842,943,1458,2419,10.6995491842301,16.3359807608714,0.51423197709518,2020-04-06,2020,4
"9486","RJ",3,"Sudeste",33018,"Rio de Janeiro",12434442,44335.8633179679,15,2421,567,1854,935,1486,27,0,0,0,0,2448,567,1854,935,1486,2937,10.6995491842301,16.3359807608714,0.500647932066608,2020-04-13,2020,4
"9487","RJ",3,"Sudeste",33018,"Rio de Janeiro",12434442,44335.8633179679,16,2397,581,1816,966,1431,31,0,0,0,0,2428,581,1816,966,1431,3751,10.6995491842301,16.3359807608714,0.511567957426882,2020-04-20,2020,4
"9488","RJ",3,"Sudeste",33018,"Rio de Janeiro",12434442,44335.8633179679,17,2485,573,1912,1010,1475,29,0,0,0,0,2514,573,1912,1010,1475,4275,10.6995491842301,16.3359807608714,0.502312973404355,2020-04-27,2020,4
"9489","RJ",3,"Sudeste",33018,"Rio de Janeiro",12434442,44335.8633179679,18,2543,634,1909,997,1546,35,0,0,0,0,2578,634,1909,997,1546,4392,10.6995491842301,16.3359807608714,0.476797276533767,2020-05-04,2020,5
"9490","RJ",3,"Sudeste",33018,"Rio de Janeiro",12434442,44335.8633179679,19,2633,588,2045,1000,1633,34,0,0,0,0,2667,588,2045,1000,1633,3857,10.6995491842301,16.3359807608714,0.492149274441117,2020-05-11,2020,5
"9491","RJ",3,"Sudeste",33018,"Rio de Janeiro",12434442,44335.8633179679,20,2632,626,2006,1027,1605,27,0,0,0,0,2659,626,2006,1027,1605,3310,10.6995491842301,16.3359807608714,0.470967956170649,2020-05-18,2020,5
"9492","RJ",3,"Sudeste",33018,"Rio de Janeiro",12434442,44335.8633179679,21,2782,626,2156,1036,1746,36,0,0,0,0,2818,626,2156,1036,1746,3047,10.6995491842301,16.3359807608714,0.44857008446716,2020-05-25,2020,5
"9493","RJ",3,"Sudeste",33018,"Rio de Janeiro",12434442,44335.8633179679,22,2756,621,2135,1004,1752,36,0,0,0,0,2792,621,2135,1004,1752,2689,10.6995491842301,16.3359807608714,0.431335445848336,2020-06-01,2020,6
"9494","RJ",3,"Sudeste",33018,"Rio de Janeiro",12434442,44335.8633179679,23,2658,619,2039,1024,1634,40,0,0,0,0,2698,619,2039,1024,1634,2463,10.6995491842301,16.3359807608714,0.422226442365734,2020-06-08,2020,6
"9495","RJ",3,"Sudeste",33018,"Rio de Janeiro",12434442,44335.8633179679,24,2629,603,2026,1034,1595,25,0,0,0,0,2654,603,2026,1034,1595,2384,10.6995491842301,16.3359807608714,0.408461028472678,2020-06-15,2020,6
"9496","RJ",3,"Sudeste",33018,"Rio de Janeiro",12434442,44335.8633179679,25,2452,509,1943,965,1487,33,0,0,0,0,2485,509,1943,965,1487,2123,10.6995491842301,16.3359807608714,0.415372387820255,2020-06-22,2020,6
"9497","RJ",3,"Sudeste",33018,"Rio de Janeiro",12434442,44335.8633179679,26,2447,554,1893,924,1523,28,0,0,0,0,2475,554,1893,924,1523,2094,10.6995491842301,16.3359807608714,0.415434731006064,2020-06-29,2020,6
"9498","RJ",3,"Sudeste",33018,"Rio de Janeiro",12434442,44335.8633179679,27,2555,577,1978,936,1619,31,0,0,0,0,2586,577,1978,936,1619,2100,10.6995491842301,16.3359807608714,0.406851213823772,2020-07-06,2020,7
"9499","RJ",3,"Sudeste",33018,"Rio de Janeiro",12434442,44335.8633179679,28,2651,581,2070,988,1663,35,0,0,0,0,2686,581,2070,988,1663,2115,10.6995491842301,16.3359807608714,0.412056737761428,2020-07-13,2020,7
"9500","RJ",3,"Sudeste",33018,"Rio de Janeiro",12434442,44335.8633179679,29,2725,598,2127,1037,1688,27,0,0,0,0,2752,598,2127,1037,1688,2080,10.6995491842301,16.3359807608714,0.404374433443287,2020-07-20,2020,7
"9501","RN",2,"Nordeste",24001,"Mossoró",384018,22177.8808933956,5,90,20,70,30,60,2,0,0,0,0,92,20,70,30,60,41,10.0068507150143,12.8584447054713,0.278349253312086,2020-02-03,2020,2
"9502","RN",2,"Nordeste",24001,"Mossoró",384018,22177.8808933956,6,81,16,65,32,49,1,0,0,0,0,82,16,65,32,49,46,10.0068507150143,12.8584447054713,0.273979315406344,2020-02-10,2020,2
"9503","RN",2,"Nordeste",24001,"Mossoró",384018,22177.8808933956,7,88,21,67,36,52,2,0,0,0,0,90,21,67,36,52,49,10.0068507150143,12.8584447054713,0.281594847731076,2020-02-17,2020,2
"9504","RN",2,"Nordeste",24001,"Mossoró",384018,22177.8808933956,8,84,21,63,33,51,3,0,0,0,0,87,21,63,33,51,47,10.0068507150143,12.8584447054713,0.340183831429319,2020-02-24,2020,2
"9505","RN",2,"Nordeste",24001,"Mossoró",384018,22177.8808933956,9,94,21,73,36,58,3,0,0,0,0,97,21,73,36,58,33,10.0068507150143,12.8584447054713,0.305297090587772,2020-03-02,2020,3
"9506","RN",2,"Nordeste",24001,"Mossoró",384018,22177.8808933956,10,76,21,55,20,56,0,0,0,0,0,76,21,55,20,56,48,10.0068507150143,12.8584447054713,0.331158727193786,2020-03-09,2020,3
"9507","RN",2,"Nordeste",24001,"Mossoró",384018,22177.8808933956,11,84,22,62,34,50,0,0,0,0,0,84,22,62,34,50,49,10.0068507150143,12.8584447054713,0.399342126462256,2020-03-16,2020,3
"9508","RN",2,"Nordeste",24001,"Mossoró",384018,22177.8808933956,12,63,17,46,20,43,1,0,0,0,0,64,17,46,20,43,53,10.0068507150143,12.8584447054713,0.524796098447508,2020-03-23,2020,3
"9509","RN",2,"Nordeste",24001,"Mossoró",384018,22177.8808933956,13,56,12,44,17,39,0,0,0,0,0,56,12,44,17,39,69,10.0068507150143,12.8584447054713,0.481144722727675,2020-03-30,2020,3
"9510","RN",2,"Nordeste",24001,"Mossoró",384018,22177.8808933956,14,62,17,45,23,39,0,0,0,0,0,62,17,45,23,39,61,10.0068507150143,12.8584447054713,0.458320203386992,2020-04-06,2020,4
"9511","RN",2,"Nordeste",24001,"Mossoró",384018,22177.8808933956,15,80,15,65,31,49,1,0,0,0,0,81,15,65,31,49,44,10.0068507150143,12.8584447054713,0.435763835741891,2020-04-13,2020,4
"9512","RN",2,"Nordeste",24001,"Mossoró",384018,22177.8808933956,16,68,13,55,36,32,0,0,0,0,0,68,13,55,36,32,53,10.0068507150143,12.8584447054713,0.432596834813822,2020-04-20,2020,4
"9513","RN",2,"Nordeste",24001,"Mossoró",384018,22177.8808933956,17,80,26,54,34,46,1,0,0,0,0,81,26,54,34,46,53,10.0068507150143,12.8584447054713,0.411109071074047,2020-04-27,2020,4
"9514","RN",2,"Nordeste",24001,"Mossoró",384018,22177.8808933956,18,84,18,66,33,51,0,0,0,0,0,84,18,66,33,51,70,10.0068507150143,12.8584447054713,0.419066093508289,2020-05-04,2020,5
"9515","RN",2,"Nordeste",24001,"Mossoró",384018,22177.8808933956,19,69,19,50,21,48,2,0,0,0,0,71,19,50,21,48,67,10.0068507150143,12.8584447054713,0.45070819740527,2020-05-11,2020,5
"9516","RN",2,"Nordeste",24001,"Mossoró",384018,22177.8808933956,20,72,23,49,26,46,0,0,0,0,0,72,23,49,26,46,64,10.0068507150143,12.8584447054713,0.442262425067332,2020-05-18,2020,5
"9517","RN",2,"Nordeste",24001,"Mossoró",384018,22177.8808933956,21,106,24,82,39,67,1,0,0,0,0,107,24,82,39,67,73,10.0068507150143,12.8584447054713,0.429097062367855,2020-05-25,2020,5
"9518","RN",2,"Nordeste",24001,"Mossoró",384018,22177.8808933956,22,91,22,69,38,53,1,0,0,0,0,92,22,69,38,53,69,10.0068507150143,12.8584447054713,0.415094652179205,2020-06-01,2020,6
"9519","RN",2,"Nordeste",24001,"Mossoró",384018,22177.8808933956,23,93,29,64,35,58,0,0,0,0,0,93,29,64,35,58,87,10.0068507150143,12.8584447054713,0.42242361050703,2020-06-08,2020,6
"9520","RN",2,"Nordeste",24001,"Mossoró",384018,22177.8808933956,24,90,24,66,35,55,2,0,0,0,0,92,24,66,35,55,63,10.0068507150143,12.8584447054713,0.403594374430754,2020-06-15,2020,6
"9521","RN",2,"Nordeste",24001,"Mossoró",384018,22177.8808933956,25,71,18,53,19,52,1,0,0,0,0,72,18,53,19,52,67,10.0068507150143,12.8584447054713,0.399636276683791,2020-06-22,2020,6
"9522","RN",2,"Nordeste",24001,"Mossoró",384018,22177.8808933956,26,90,27,63,39,51,0,0,0,0,0,90,27,63,39,51,47,10.0068507150143,12.8584447054713,0.407394456613393,2020-06-29,2020,6
"9523","RN",2,"Nordeste",24001,"Mossoró",384018,22177.8808933956,27,80,30,50,39,41,1,0,0,0,0,81,30,50,39,41,56,10.0068507150143,12.8584447054713,0.421691476536332,2020-07-06,2020,7
"9524","RN",2,"Nordeste",24001,"Mossoró",384018,22177.8808933956,28,90,19,71,28,62,1,0,0,0,0,91,19,71,28,62,58,10.0068507150143,12.8584447054713,0.417293033568254,2020-07-13,2020,7
"9525","RN",2,"Nordeste",24001,"Mossoró",384018,22177.8808933956,29,78,22,56,24,54,0,0,0,0,0,78,22,56,24,54,44,10.0068507150143,12.8584447054713,0.42005437817008,2020-07-20,2020,7
"9526","RN",2,"Nordeste",24002,"Chapada do Apodi",75488,16082.9307572064,5,13,7,6,4,9,0,0,0,0,0,13,7,6,4,9,9,9.68551378714574,11.2317289822074,0.263898425956959,2020-02-03,2020,2
"9527","RN",2,"Nordeste",24002,"Chapada do Apodi",75488,16082.9307572064,6,11,3,8,5,6,0,0,0,0,0,11,3,8,5,6,10,9.68551378714574,11.2317289822074,0.258264641741601,2020-02-10,2020,2
"9528","RN",2,"Nordeste",24002,"Chapada do Apodi",75488,16082.9307572064,7,19,8,11,9,10,0,0,0,0,0,19,8,11,9,10,12,9.68551378714574,11.2317289822074,0.271846082676899,2020-02-17,2020,2
"9529","RN",2,"Nordeste",24002,"Chapada do Apodi",75488,16082.9307572064,8,12,3,9,4,8,0,0,0,0,0,12,3,9,4,8,10,9.68551378714574,11.2317289822074,0.31245862079778,2020-02-24,2020,2
"9530","RN",2,"Nordeste",24002,"Chapada do Apodi",75488,16082.9307572064,9,14,6,8,5,9,0,0,0,0,0,14,6,8,5,9,15,9.68551378714574,11.2317289822074,0.295021018734592,2020-03-02,2020,3
"9531","RN",2,"Nordeste",24002,"Chapada do Apodi",75488,16082.9307572064,10,12,2,10,3,9,0,0,0,0,0,12,2,10,3,9,12,9.68551378714574,11.2317289822074,0.33171304495749,2020-03-09,2020,3
"9532","RN",2,"Nordeste",24002,"Chapada do Apodi",75488,16082.9307572064,11,12,4,8,2,10,0,0,0,0,0,12,4,8,2,10,6,9.68551378714574,11.2317289822074,0.377570948669559,2020-03-16,2020,3
"9533","RN",2,"Nordeste",24002,"Chapada do Apodi",75488,16082.9307572064,12,20,7,13,9,11,0,0,0,0,0,20,7,13,9,11,12,9.68551378714574,11.2317289822074,0.486841211959401,2020-03-23,2020,3
"9534","RN",2,"Nordeste",24002,"Chapada do Apodi",75488,16082.9307572064,13,9,1,8,4,5,0,0,0,0,0,9,1,8,4,5,12,9.68551378714574,11.2317289822074,0.456402111521866,2020-03-30,2020,3
"9535","RN",2,"Nordeste",24002,"Chapada do Apodi",75488,16082.9307572064,14,9,2,7,2,7,0,0,0,0,0,9,2,7,2,7,9,9.68551378714574,11.2317289822074,0.428134291400519,2020-04-06,2020,4
"9536","RN",2,"Nordeste",24002,"Chapada do Apodi",75488,16082.9307572064,15,14,5,9,6,8,0,0,0,0,0,14,5,9,6,8,14,9.68551378714574,11.2317289822074,0.406303099605403,2020-04-13,2020,4
"9537","RN",2,"Nordeste",24002,"Chapada do Apodi",75488,16082.9307572064,16,16,4,12,7,9,0,0,0,0,0,16,4,12,7,9,13,9.68551378714574,11.2317289822074,0.400165118139372,2020-04-20,2020,4
"9538","RN",2,"Nordeste",24002,"Chapada do Apodi",75488,16082.9307572064,17,16,3,13,10,6,0,0,0,0,0,16,3,13,10,6,5,9.68551378714574,11.2317289822074,0.384895947875957,2020-04-27,2020,4
"9539","RN",2,"Nordeste",24002,"Chapada do Apodi",75488,16082.9307572064,18,17,3,14,8,9,0,0,0,0,0,17,3,14,8,9,10,9.68551378714574,11.2317289822074,0.406610660449467,2020-05-04,2020,5
"9540","RN",2,"Nordeste",24002,"Chapada do Apodi",75488,16082.9307572064,19,15,4,11,5,10,0,0,0,0,0,15,4,11,5,10,7,9.68551378714574,11.2317289822074,0.440713585699993,2020-05-11,2020,5
"9541","RN",2,"Nordeste",24002,"Chapada do Apodi",75488,16082.9307572064,20,16,8,8,8,8,0,0,0,0,0,16,8,8,8,8,11,9.68551378714574,11.2317289822074,0.444544230679837,2020-05-18,2020,5
"9542","RN",2,"Nordeste",24002,"Chapada do Apodi",75488,16082.9307572064,21,15,6,9,6,9,0,0,0,0,0,15,6,9,6,9,15,9.68551378714574,11.2317289822074,0.432782192603889,2020-05-25,2020,5
"9543","RN",2,"Nordeste",24002,"Chapada do Apodi",75488,16082.9307572064,22,17,6,11,9,8,1,0,0,0,0,18,6,11,9,8,8,9.68551378714574,11.2317289822074,0.411332678794862,2020-06-01,2020,6
"9544","RN",2,"Nordeste",24002,"Chapada do Apodi",75488,16082.9307572064,23,11,2,9,2,9,0,0,0,0,0,11,2,9,2,9,12,9.68551378714574,11.2317289822074,0.433143785100392,2020-06-08,2020,6
"9545","RN",2,"Nordeste",24002,"Chapada do Apodi",75488,16082.9307572064,24,22,5,17,8,14,0,0,0,0,0,22,5,17,8,14,15,9.68551378714574,11.2317289822074,0.417329443776605,2020-06-15,2020,6
"9546","RN",2,"Nordeste",24002,"Chapada do Apodi",75488,16082.9307572064,25,17,5,12,4,13,1,0,0,0,0,18,5,12,4,13,11,9.68551378714574,11.2317289822074,0.396086733167283,2020-06-22,2020,6
"9547","RN",2,"Nordeste",24002,"Chapada do Apodi",75488,16082.9307572064,26,6,1,5,6,0,0,0,0,0,0,6,1,5,6,0,12,9.68551378714574,11.2317289822074,0.419204664522708,2020-06-29,2020,6
"9548","RN",2,"Nordeste",24002,"Chapada do Apodi",75488,16082.9307572064,27,10,3,7,4,6,0,0,0,0,0,10,3,7,4,6,15,9.68551378714574,11.2317289822074,0.436315491794432,2020-07-06,2020,7
"9549","RN",2,"Nordeste",24002,"Chapada do Apodi",75488,16082.9307572064,28,18,9,9,10,8,0,0,0,0,0,18,9,9,10,8,16,9.68551378714574,11.2317289822074,0.421134155077603,2020-07-13,2020,7
"9550","RN",2,"Nordeste",24002,"Chapada do Apodi",75488,16082.9307572064,29,19,3,16,8,11,0,0,0,0,0,19,3,16,8,11,16,9.68551378714574,11.2317289822074,0.440529004913368,2020-07-20,2020,7
"9551","RN",2,"Nordeste",24003,"Médio Oeste",41318,11967.220833535,5,7,3,4,2,5,0,0,0,0,0,7,3,4,2,5,7,9.38992659394508,10.6290535193516,0.251092132802554,2020-02-03,2020,2
"9552","RN",2,"Nordeste",24003,"Médio Oeste",41318,11967.220833535,6,6,3,3,3,3,1,0,0,0,0,7,3,3,3,3,7,9.38992659394508,10.6290535193516,0.264852181732587,2020-02-10,2020,2
"9553","RN",2,"Nordeste",24003,"Médio Oeste",41318,11967.220833535,7,10,4,6,2,8,0,0,0,0,0,10,4,6,2,8,5,9.38992659394508,10.6290535193516,0.265697600877863,2020-02-17,2020,2
"9554","RN",2,"Nordeste",24003,"Médio Oeste",41318,11967.220833535,8,11,6,5,4,7,0,0,0,0,0,11,6,5,4,7,8,9.38992659394508,10.6290535193516,0.308346488223468,2020-02-24,2020,2
"9555","RN",2,"Nordeste",24003,"Médio Oeste",41318,11967.220833535,9,3,1,2,2,1,0,0,0,0,0,3,1,2,2,1,3,9.38992659394508,10.6290535193516,0.296049698905083,2020-03-02,2020,3
"9556","RN",2,"Nordeste",24003,"Médio Oeste",41318,11967.220833535,10,8,1,7,2,6,0,0,0,0,0,8,1,7,2,6,6,9.38992659394508,10.6290535193516,0.320190449919852,2020-03-09,2020,3
"9557","RN",2,"Nordeste",24003,"Médio Oeste",41318,11967.220833535,11,10,5,5,4,6,0,0,0,0,0,10,5,5,4,6,4,9.38992659394508,10.6290535193516,0.344947049715782,2020-03-16,2020,3
"9558","RN",2,"Nordeste",24003,"Médio Oeste",41318,11967.220833535,12,10,4,6,4,6,0,0,0,0,0,10,4,6,4,6,3,9.38992659394508,10.6290535193516,0.428821787390499,2020-03-23,2020,3
"9559","RN",2,"Nordeste",24003,"Médio Oeste",41318,11967.220833535,13,6,3,3,1,5,0,0,0,0,0,6,3,3,1,5,6,9.38992659394508,10.6290535193516,0.383882977065586,2020-03-30,2020,3
"9560","RN",2,"Nordeste",24003,"Médio Oeste",41318,11967.220833535,14,5,3,2,1,4,1,0,0,0,0,6,3,2,1,4,14,9.38992659394508,10.6290535193516,0.368268791923296,2020-04-06,2020,4
"9561","RN",2,"Nordeste",24003,"Médio Oeste",41318,11967.220833535,15,10,2,8,4,6,0,0,0,0,0,10,2,8,4,6,4,9.38992659394508,10.6290535193516,0.365353117396598,2020-04-13,2020,4
"9562","RN",2,"Nordeste",24003,"Médio Oeste",41318,11967.220833535,16,8,1,7,2,6,0,0,0,0,0,8,1,7,2,6,3,9.38992659394508,10.6290535193516,0.338909810771412,2020-04-20,2020,4
"9563","RN",2,"Nordeste",24003,"Médio Oeste",41318,11967.220833535,17,8,4,4,3,5,0,0,0,0,0,8,4,4,3,5,9,9.38992659394508,10.6290535193516,0.340579194551353,2020-04-27,2020,4
"9564","RN",2,"Nordeste",24003,"Médio Oeste",41318,11967.220833535,18,9,2,7,6,3,0,0,0,0,0,9,2,7,6,3,2,9.38992659394508,10.6290535193516,0.375228784690103,2020-05-04,2020,5
"9565","RN",2,"Nordeste",24003,"Médio Oeste",41318,11967.220833535,19,9,5,4,4,5,0,0,0,0,0,9,5,4,4,5,6,9.38992659394508,10.6290535193516,0.406488405627702,2020-05-11,2020,5
"9566","RN",2,"Nordeste",24003,"Médio Oeste",41318,11967.220833535,20,7,2,5,1,6,0,0,0,0,0,7,2,5,1,6,4,9.38992659394508,10.6290535193516,0.416787365662455,2020-05-18,2020,5
"9567","RN",2,"Nordeste",24003,"Médio Oeste",41318,11967.220833535,21,7,4,3,1,6,0,0,0,0,0,7,4,3,1,6,4,9.38992659394508,10.6290535193516,0.380164619797517,2020-05-25,2020,5
"9568","RN",2,"Nordeste",24003,"Médio Oeste",41318,11967.220833535,22,7,2,5,2,5,1,0,0,0,0,8,2,5,2,5,8,9.38992659394508,10.6290535193516,0.370706645181111,2020-06-01,2020,6
"9569","RN",2,"Nordeste",24003,"Médio Oeste",41318,11967.220833535,23,11,4,7,5,6,0,0,0,0,0,11,4,7,5,6,12,9.38992659394508,10.6290535193516,0.36294032958874,2020-06-08,2020,6
"9570","RN",2,"Nordeste",24003,"Médio Oeste",41318,11967.220833535,24,11,5,6,5,6,1,0,0,0,0,12,5,6,5,6,8,9.38992659394508,10.6290535193516,0.359355975228265,2020-06-15,2020,6
"9571","RN",2,"Nordeste",24003,"Médio Oeste",41318,11967.220833535,25,7,3,4,6,1,0,0,0,0,0,7,3,4,6,1,5,9.38992659394508,10.6290535193516,0.369569774538545,2020-06-22,2020,6
"9572","RN",2,"Nordeste",24003,"Médio Oeste",41318,11967.220833535,26,4,2,2,0,4,0,0,0,0,0,4,2,2,0,4,7,9.38992659394508,10.6290535193516,0.397783828535773,2020-06-29,2020,6
"9573","RN",2,"Nordeste",24003,"Médio Oeste",41318,11967.220833535,27,11,4,7,3,8,1,0,0,0,0,12,4,7,3,8,5,9.38992659394508,10.6290535193516,0.425100646215637,2020-07-06,2020,7
"9574","RN",2,"Nordeste",24003,"Médio Oeste",41318,11967.220833535,28,8,3,5,5,3,0,0,0,0,0,8,3,5,5,3,12,9.38992659394508,10.6290535193516,0.427787554057982,2020-07-13,2020,7
"9575","RN",2,"Nordeste",24003,"Médio Oeste",41318,11967.220833535,29,9,2,7,4,5,0,0,0,0,0,9,2,7,4,5,10,9.38992659394508,10.6290535193516,0.411798524394949,2020-07-20,2020,7
"9576","RN",2,"Nordeste",24004,"Vale do Açu",155501,18854.4637656993,5,27,7,20,14,13,1,0,0,0,0,28,7,20,14,13,23,9.84450496938877,11.9544074414489,0.266035040355871,2020-02-03,2020,2
"9577","RN",2,"Nordeste",24004,"Vale do Açu",155501,18854.4637656993,6,30,11,19,9,21,0,0,0,0,0,30,11,19,9,21,19,9.84450496938877,11.9544074414489,0.25546109129531,2020-02-10,2020,2
"9578","RN",2,"Nordeste",24004,"Vale do Açu",155501,18854.4637656993,7,42,9,33,20,22,1,0,0,0,0,43,9,33,20,22,17,9.84450496938877,11.9544074414489,0.265392595228955,2020-02-17,2020,2
"9579","RN",2,"Nordeste",24004,"Vale do Açu",155501,18854.4637656993,8,36,13,23,13,23,0,0,0,0,0,36,13,23,13,23,17,9.84450496938877,11.9544074414489,0.319873425617634,2020-02-24,2020,2
"9580","RN",2,"Nordeste",24004,"Vale do Açu",155501,18854.4637656993,9,31,11,20,12,19,0,0,0,0,0,31,11,20,12,19,18,9.84450496938877,11.9544074414489,0.285050433966225,2020-03-02,2020,3
"9581","RN",2,"Nordeste",24004,"Vale do Açu",155501,18854.4637656993,10,38,11,27,14,24,0,0,0,0,0,38,11,27,14,24,24,9.84450496938877,11.9544074414489,0.323286471000237,2020-03-09,2020,3
"9582","RN",2,"Nordeste",24004,"Vale do Açu",155501,18854.4637656993,11,25,8,17,11,14,1,0,0,0,0,26,8,17,11,14,27,9.84450496938877,11.9544074414489,0.370636217677014,2020-03-16,2020,3
"9583","RN",2,"Nordeste",24004,"Vale do Açu",155501,18854.4637656993,12,19,6,13,10,9,0,0,0,0,0,19,6,13,10,9,17,9.84450496938877,11.9544074414489,0.454653912658863,2020-03-23,2020,3
"9584","RN",2,"Nordeste",24004,"Vale do Açu",155501,18854.4637656993,13,30,9,21,13,17,0,0,0,0,0,30,9,21,13,17,18,9.84450496938877,11.9544074414489,0.430497251435509,2020-03-30,2020,3
"9585","RN",2,"Nordeste",24004,"Vale do Açu",155501,18854.4637656993,14,21,9,12,9,12,0,0,0,0,0,21,9,12,9,12,21,9.84450496938877,11.9544074414489,0.406839946949742,2020-04-06,2020,4
"9586","RN",2,"Nordeste",24004,"Vale do Açu",155501,18854.4637656993,15,17,6,11,9,8,0,0,0,0,0,17,6,11,9,8,15,9.84450496938877,11.9544074414489,0.386591723670456,2020-04-13,2020,4
"9587","RN",2,"Nordeste",24004,"Vale do Açu",155501,18854.4637656993,16,31,20,11,14,17,0,0,0,0,0,31,20,11,14,17,23,9.84450496938877,11.9544074414489,0.38848888724613,2020-04-20,2020,4
"9588","RN",2,"Nordeste",24004,"Vale do Açu",155501,18854.4637656993,17,22,9,13,11,11,0,0,0,0,0,22,9,13,11,11,16,9.84450496938877,11.9544074414489,0.365165467801984,2020-04-27,2020,4
"9589","RN",2,"Nordeste",24004,"Vale do Açu",155501,18854.4637656993,18,28,12,16,11,17,0,0,0,0,0,28,12,16,11,17,19,9.84450496938877,11.9544074414489,0.37141933877059,2020-05-04,2020,5
"9590","RN",2,"Nordeste",24004,"Vale do Açu",155501,18854.4637656993,19,42,24,18,23,19,0,0,0,0,0,42,24,18,23,19,29,9.84450496938877,11.9544074414489,0.410793422576022,2020-05-11,2020,5
"9591","RN",2,"Nordeste",24004,"Vale do Açu",155501,18854.4637656993,20,40,11,29,18,22,0,0,0,0,0,40,11,29,18,22,18,9.84450496938877,11.9544074414489,0.391327840369248,2020-05-18,2020,5
"9592","RN",2,"Nordeste",24004,"Vale do Açu",155501,18854.4637656993,21,33,8,25,21,12,0,0,0,0,0,33,8,25,21,12,24,9.84450496938877,11.9544074414489,0.389420212123,2020-05-25,2020,5
"9593","RN",2,"Nordeste",24004,"Vale do Açu",155501,18854.4637656993,22,45,17,28,25,20,2,0,0,0,0,47,17,28,25,20,29,9.84450496938877,11.9544074414489,0.382624669885554,2020-06-01,2020,6
"9594","RN",2,"Nordeste",24004,"Vale do Açu",155501,18854.4637656993,23,23,8,15,13,10,0,0,0,0,0,23,8,15,13,10,19,9.84450496938877,11.9544074414489,0.391221874680322,2020-06-08,2020,6
"9595","RN",2,"Nordeste",24004,"Vale do Açu",155501,18854.4637656993,24,36,10,26,15,21,0,0,0,0,0,36,10,26,15,21,25,9.84450496938877,11.9544074414489,0.375686118894305,2020-06-15,2020,6
"9596","RN",2,"Nordeste",24004,"Vale do Açu",155501,18854.4637656993,25,33,12,21,12,21,0,0,0,0,0,33,12,21,12,21,33,9.84450496938877,11.9544074414489,0.37543149475971,2020-06-22,2020,6
"9597","RN",2,"Nordeste",24004,"Vale do Açu",155501,18854.4637656993,26,46,14,32,19,27,1,0,0,0,0,47,14,32,19,27,34,9.84450496938877,11.9544074414489,0.38547819025178,2020-06-29,2020,6
"9598","RN",2,"Nordeste",24004,"Vale do Açu",155501,18854.4637656993,27,33,19,14,19,14,3,0,0,0,0,36,19,14,19,14,29,9.84450496938877,11.9544074414489,0.397194059685642,2020-07-06,2020,7
"9599","RN",2,"Nordeste",24004,"Vale do Açu",155501,18854.4637656993,28,25,6,19,8,17,0,0,0,0,0,25,6,19,8,17,21,9.84450496938877,11.9544074414489,0.398449393475149,2020-07-13,2020,7
"9600","RN",2,"Nordeste",24004,"Vale do Açu",155501,18854.4637656993,29,29,9,20,8,21,0,0,0,0,0,29,9,20,8,21,31,9.84450496938877,11.9544074414489,0.389436510652654,2020-07-20,2020,7
"9601","RN",2,"Nordeste",24005,"Serra de São Miguel",67194,8614.46749144269,5,10,5,5,5,5,0,0,0,0,0,10,5,5,5,5,7,9.06119833526317,11.1153392368107,0.266690736356733,2020-02-03,2020,2
"9602","RN",2,"Nordeste",24005,"Serra de São Miguel",67194,8614.46749144269,6,14,4,10,9,5,0,0,0,0,0,14,4,10,9,5,13,9.06119833526317,11.1153392368107,0.260143387413457,2020-02-10,2020,2
"9603","RN",2,"Nordeste",24005,"Serra de São Miguel",67194,8614.46749144269,7,10,5,5,4,6,1,0,0,0,0,11,5,5,4,6,11,9.06119833526317,11.1153392368107,0.2806622340368,2020-02-17,2020,2
"9604","RN",2,"Nordeste",24005,"Serra de São Miguel",67194,8614.46749144269,8,14,7,7,4,10,0,0,0,0,0,14,7,7,4,10,9,9.06119833526317,11.1153392368107,0.304044497211236,2020-02-24,2020,2
"9605","RN",2,"Nordeste",24005,"Serra de São Miguel",67194,8614.46749144269,9,12,5,7,7,5,0,0,0,0,0,12,5,7,7,5,9,9.06119833526317,11.1153392368107,0.288710599041793,2020-03-02,2020,3
"9606","RN",2,"Nordeste",24005,"Serra de São Miguel",67194,8614.46749144269,10,17,8,9,6,11,0,0,0,0,0,17,8,9,6,11,7,9.06119833526317,11.1153392368107,0.313959050371639,2020-03-09,2020,3
"9607","RN",2,"Nordeste",24005,"Serra de São Miguel",67194,8614.46749144269,11,18,10,8,9,9,0,0,0,0,0,18,10,8,9,9,4,9.06119833526317,11.1153392368107,0.376513740957417,2020-03-16,2020,3
"9608","RN",2,"Nordeste",24005,"Serra de São Miguel",67194,8614.46749144269,12,17,8,9,8,9,0,0,0,0,0,17,8,9,8,9,15,9.06119833526317,11.1153392368107,0.474827404828783,2020-03-23,2020,3
"9609","RN",2,"Nordeste",24005,"Serra de São Miguel",67194,8614.46749144269,13,14,4,10,8,6,0,0,0,0,0,14,4,10,8,6,11,9.06119833526317,11.1153392368107,0.441004807419231,2020-03-30,2020,3
"9610","RN",2,"Nordeste",24005,"Serra de São Miguel",67194,8614.46749144269,14,15,8,7,10,5,1,0,0,0,0,16,8,7,10,5,6,9.06119833526317,11.1153392368107,0.429525068884631,2020-04-06,2020,4
"9611","RN",2,"Nordeste",24005,"Serra de São Miguel",67194,8614.46749144269,15,6,2,4,5,1,0,0,0,0,0,6,2,4,5,1,12,9.06119833526317,11.1153392368107,0.437990457472164,2020-04-13,2020,4
"9612","RN",2,"Nordeste",24005,"Serra de São Miguel",67194,8614.46749144269,16,12,10,2,6,6,0,0,0,0,0,12,10,2,6,6,6,9.06119833526317,11.1153392368107,0.426862138011306,2020-04-20,2020,4
"9613","RN",2,"Nordeste",24005,"Serra de São Miguel",67194,8614.46749144269,17,21,7,14,11,10,0,0,0,0,0,21,7,14,11,10,12,9.06119833526317,11.1153392368107,0.402324266390696,2020-04-27,2020,4
"9614","RN",2,"Nordeste",24005,"Serra de São Miguel",67194,8614.46749144269,18,14,7,7,8,6,0,0,0,0,0,14,7,7,8,6,11,9.06119833526317,11.1153392368107,0.425110513468324,2020-05-04,2020,5
"9615","RN",2,"Nordeste",24005,"Serra de São Miguel",67194,8614.46749144269,19,9,3,6,5,4,0,0,0,0,0,9,3,6,5,4,11,9.06119833526317,11.1153392368107,0.442254270188527,2020-05-11,2020,5
"9616","RN",2,"Nordeste",24005,"Serra de São Miguel",67194,8614.46749144269,20,14,9,5,8,6,0,0,0,0,0,14,9,5,8,6,9,9.06119833526317,11.1153392368107,0.405705966798346,2020-05-18,2020,5
"9617","RN",2,"Nordeste",24005,"Serra de São Miguel",67194,8614.46749144269,21,14,6,8,10,4,0,0,0,0,0,14,6,8,10,4,12,9.06119833526317,11.1153392368107,0.40852449197084,2020-05-25,2020,5
"9618","RN",2,"Nordeste",24005,"Serra de São Miguel",67194,8614.46749144269,22,18,7,11,8,10,0,0,0,0,0,18,7,11,8,10,10,9.06119833526317,11.1153392368107,0.390354120751951,2020-06-01,2020,6
"9619","RN",2,"Nordeste",24005,"Serra de São Miguel",67194,8614.46749144269,23,20,10,10,5,15,0,0,0,0,0,20,10,10,5,15,8,9.06119833526317,11.1153392368107,0.389935138978239,2020-06-08,2020,6
"9620","RN",2,"Nordeste",24005,"Serra de São Miguel",67194,8614.46749144269,24,15,10,5,11,4,0,0,0,0,0,15,10,5,11,4,5,9.06119833526317,11.1153392368107,0.382815659743569,2020-06-15,2020,6
"9621","RN",2,"Nordeste",24005,"Serra de São Miguel",67194,8614.46749144269,25,14,11,3,6,8,0,0,0,0,0,14,11,3,6,8,18,9.06119833526317,11.1153392368107,0.372390366989451,2020-06-22,2020,6
"9622","RN",2,"Nordeste",24005,"Serra de São Miguel",67194,8614.46749144269,26,18,12,6,7,11,0,0,0,0,0,18,12,6,7,11,12,9.06119833526317,11.1153392368107,0.390136591598471,2020-06-29,2020,6
"9623","RN",2,"Nordeste",24005,"Serra de São Miguel",67194,8614.46749144269,27,8,3,5,5,3,0,0,0,0,0,8,3,5,5,3,4,9.06119833526317,11.1153392368107,0.432886741227166,2020-07-06,2020,7
"9624","RN",2,"Nordeste",24005,"Serra de São Miguel",67194,8614.46749144269,28,15,7,8,10,5,0,0,0,0,0,15,7,8,10,5,12,9.06119833526317,11.1153392368107,0.419043530872757,2020-07-13,2020,7
"9625","RN",2,"Nordeste",24005,"Serra de São Miguel",67194,8614.46749144269,29,19,8,11,10,9,0,0,0,0,0,19,8,11,10,9,13,9.06119833526317,11.1153392368107,0.42311382670592,2020-07-20,2020,7
"9626","RN",2,"Nordeste",24006,"Pau dos Ferros",117909,10995.1681134604,5,24,8,16,12,12,0,0,0,0,0,24,8,16,12,12,17,9.30521119286382,11.6776684194899,0.260064803701546,2020-02-03,2020,2
"9627","RN",2,"Nordeste",24006,"Pau dos Ferros",117909,10995.1681134604,6,25,11,14,13,12,0,0,0,0,0,25,11,14,13,12,18,9.30521119286382,11.6776684194899,0.254645543442078,2020-02-10,2020,2
"9628","RN",2,"Nordeste",24006,"Pau dos Ferros",117909,10995.1681134604,7,23,12,11,12,11,0,0,0,0,0,23,12,11,12,11,13,9.30521119286382,11.6776684194899,0.26128064510875,2020-02-17,2020,2
"9629","RN",2,"Nordeste",24006,"Pau dos Ferros",117909,10995.1681134604,8,23,7,16,9,14,0,0,0,0,0,23,7,16,9,14,24,9.30521119286382,11.6776684194899,0.298857812768979,2020-02-24,2020,2
"9630","RN",2,"Nordeste",24006,"Pau dos Ferros",117909,10995.1681134604,9,34,14,20,15,19,1,0,0,0,0,35,14,20,15,19,16,9.30521119286382,11.6776684194899,0.281805283723209,2020-03-02,2020,3
"9631","RN",2,"Nordeste",24006,"Pau dos Ferros",117909,10995.1681134604,10,25,10,15,10,15,1,0,0,0,0,26,10,15,10,15,13,9.30521119286382,11.6776684194899,0.319870097788872,2020-03-09,2020,3
"9632","RN",2,"Nordeste",24006,"Pau dos Ferros",117909,10995.1681134604,11,23,9,14,12,11,0,0,0,0,0,23,9,14,12,11,12,9.30521119286382,11.6776684194899,0.358715113667976,2020-03-16,2020,3
"9633","RN",2,"Nordeste",24006,"Pau dos Ferros",117909,10995.1681134604,12,30,15,15,18,12,0,0,0,0,0,30,15,15,18,12,24,9.30521119286382,11.6776684194899,0.458329925135224,2020-03-23,2020,3
"9634","RN",2,"Nordeste",24006,"Pau dos Ferros",117909,10995.1681134604,13,24,13,11,9,15,0,0,0,0,0,24,13,11,9,15,24,9.30521119286382,11.6776684194899,0.430638176062374,2020-03-30,2020,3
"9635","RN",2,"Nordeste",24006,"Pau dos Ferros",117909,10995.1681134604,14,29,8,21,16,13,1,0,0,0,0,30,8,21,16,13,23,9.30521119286382,11.6776684194899,0.411938968956677,2020-04-06,2020,4
"9636","RN",2,"Nordeste",24006,"Pau dos Ferros",117909,10995.1681134604,15,14,2,12,3,11,0,0,0,0,0,14,2,12,3,11,19,9.30521119286382,11.6776684194899,0.389153434530036,2020-04-13,2020,4
"9637","RN",2,"Nordeste",24006,"Pau dos Ferros",117909,10995.1681134604,16,37,13,24,15,22,0,0,0,0,0,37,13,24,15,22,22,9.30521119286382,11.6776684194899,0.377160939549364,2020-04-20,2020,4
"9638","RN",2,"Nordeste",24006,"Pau dos Ferros",117909,10995.1681134604,17,34,10,24,16,18,0,0,0,0,0,34,10,24,16,18,23,9.30521119286382,11.6776684194899,0.358666885588788,2020-04-27,2020,4
"9639","RN",2,"Nordeste",24006,"Pau dos Ferros",117909,10995.1681134604,18,35,10,25,13,22,0,0,0,0,0,35,10,25,13,22,18,9.30521119286382,11.6776684194899,0.372601881211024,2020-05-04,2020,5
"9640","RN",2,"Nordeste",24006,"Pau dos Ferros",117909,10995.1681134604,19,21,8,13,11,10,0,0,0,0,0,21,8,13,11,10,18,9.30521119286382,11.6776684194899,0.418204726997905,2020-05-11,2020,5
"9641","RN",2,"Nordeste",24006,"Pau dos Ferros",117909,10995.1681134604,20,24,11,13,12,12,0,0,0,0,0,24,11,13,12,12,13,9.30521119286382,11.6776684194899,0.390201057779342,2020-05-18,2020,5
"9642","RN",2,"Nordeste",24006,"Pau dos Ferros",117909,10995.1681134604,21,38,16,22,17,21,0,0,0,0,0,38,16,22,17,21,19,9.30521119286382,11.6776684194899,0.380907945193534,2020-05-25,2020,5
"9643","RN",2,"Nordeste",24006,"Pau dos Ferros",117909,10995.1681134604,22,31,17,14,15,16,0,0,0,0,0,31,17,14,15,16,15,9.30521119286382,11.6776684194899,0.372437061288623,2020-06-01,2020,6
"9644","RN",2,"Nordeste",24006,"Pau dos Ferros",117909,10995.1681134604,23,31,13,18,7,24,1,0,0,0,0,32,13,18,7,24,14,9.30521119286382,11.6776684194899,0.371628799947157,2020-06-08,2020,6
"9645","RN",2,"Nordeste",24006,"Pau dos Ferros",117909,10995.1681134604,24,25,10,15,11,14,0,0,0,0,0,25,10,15,11,14,14,9.30521119286382,11.6776684194899,0.361949183008256,2020-06-15,2020,6
"9646","RN",2,"Nordeste",24006,"Pau dos Ferros",117909,10995.1681134604,25,30,9,21,13,17,0,0,0,0,0,30,9,21,13,17,10,9.30521119286382,11.6776684194899,0.358444060049312,2020-06-22,2020,6
"9647","RN",2,"Nordeste",24006,"Pau dos Ferros",117909,10995.1681134604,26,29,11,18,9,20,1,0,0,0,0,30,11,18,9,20,22,9.30521119286382,11.6776684194899,0.392462510948512,2020-06-29,2020,6
"9648","RN",2,"Nordeste",24006,"Pau dos Ferros",117909,10995.1681134604,27,32,11,21,11,21,0,0,0,0,0,32,11,21,11,21,21,9.30521119286382,11.6776684194899,0.412006683495945,2020-07-06,2020,7
"9649","RN",2,"Nordeste",24006,"Pau dos Ferros",117909,10995.1681134604,28,27,10,17,10,17,0,0,0,0,0,27,10,17,10,17,15,9.30521119286382,11.6776684194899,0.406388133958517,2020-07-13,2020,7
"9650","RN",2,"Nordeste",24006,"Pau dos Ferros",117909,10995.1681134604,29,30,13,17,15,15,0,0,0,0,0,30,13,17,15,15,20,9.30521119286382,11.6776684194899,0.399574916249025,2020-07-20,2020,7
"9651","RN",2,"Nordeste",24007,"Umarizal",66939,9753.84063221739,5,14,8,6,8,6,0,0,0,0,0,14,8,6,8,6,7,9.18541639742598,11.1115370359026,0.263798461647605,2020-02-03,2020,2
"9652","RN",2,"Nordeste",24007,"Umarizal",66939,9753.84063221739,6,13,5,8,4,9,0,0,0,0,0,13,5,8,4,9,9,9.18541639742598,11.1115370359026,0.255656533859655,2020-02-10,2020,2
"9653","RN",2,"Nordeste",24007,"Umarizal",66939,9753.84063221739,7,9,4,5,6,3,0,0,0,0,0,9,4,5,6,3,9,9.18541639742598,11.1115370359026,0.256249802996676,2020-02-17,2020,2
"9654","RN",2,"Nordeste",24007,"Umarizal",66939,9753.84063221739,8,16,2,14,6,10,1,0,0,0,0,17,2,14,6,10,7,9.18541639742598,11.1115370359026,0.308443460755351,2020-02-24,2020,2
"9655","RN",2,"Nordeste",24007,"Umarizal",66939,9753.84063221739,9,11,2,9,6,5,0,0,0,0,0,11,2,9,6,5,7,9.18541639742598,11.1115370359026,0.286880927399968,2020-03-02,2020,3
"9656","RN",2,"Nordeste",24007,"Umarizal",66939,9753.84063221739,10,11,3,8,5,6,0,0,0,0,0,11,3,8,5,6,19,9.18541639742598,11.1115370359026,0.315077461658335,2020-03-09,2020,3
"9657","RN",2,"Nordeste",24007,"Umarizal",66939,9753.84063221739,11,15,7,8,3,12,0,0,0,0,0,15,7,8,3,12,8,9.18541639742598,11.1115370359026,0.357871062363655,2020-03-16,2020,3
"9658","RN",2,"Nordeste",24007,"Umarizal",66939,9753.84063221739,12,3,1,2,2,1,0,0,0,0,0,3,1,2,2,1,7,9.18541639742598,11.1115370359026,0.457296244698072,2020-03-23,2020,3
"9659","RN",2,"Nordeste",24007,"Umarizal",66939,9753.84063221739,13,17,5,12,9,8,0,0,0,0,0,17,5,12,9,8,9,9.18541639742598,11.1115370359026,0.418745155507184,2020-03-30,2020,3
"9660","RN",2,"Nordeste",24007,"Umarizal",66939,9753.84063221739,14,7,3,4,3,4,1,0,0,0,0,8,3,4,3,4,9,9.18541639742598,11.1115370359026,0.394794025251983,2020-04-06,2020,4
"9661","RN",2,"Nordeste",24007,"Umarizal",66939,9753.84063221739,15,9,3,6,4,5,1,0,0,0,0,10,3,6,4,5,15,9.18541639742598,11.1115370359026,0.371784564633044,2020-04-13,2020,4
"9662","RN",2,"Nordeste",24007,"Umarizal",66939,9753.84063221739,16,8,3,5,2,6,0,0,0,0,0,8,3,5,2,6,8,9.18541639742598,11.1115370359026,0.36719529722895,2020-04-20,2020,4
"9663","RN",2,"Nordeste",24007,"Umarizal",66939,9753.84063221739,17,11,3,8,6,5,0,0,0,0,0,11,3,8,6,5,11,9.18541639742598,11.1115370359026,0.351573230404424,2020-04-27,2020,4
"9664","RN",2,"Nordeste",24007,"Umarizal",66939,9753.84063221739,18,16,6,10,5,11,0,0,0,0,0,16,6,10,5,11,9,9.18541639742598,11.1115370359026,0.371560008104343,2020-05-04,2020,5
"9665","RN",2,"Nordeste",24007,"Umarizal",66939,9753.84063221739,19,8,6,2,2,6,0,0,0,0,0,8,6,2,2,6,8,9.18541639742598,11.1115370359026,0.404181419263991,2020-05-11,2020,5
"9666","RN",2,"Nordeste",24007,"Umarizal",66939,9753.84063221739,20,12,6,6,6,6,1,0,0,0,0,13,6,6,6,6,8,9.18541639742598,11.1115370359026,0.39110862074597,2020-05-18,2020,5
"9667","RN",2,"Nordeste",24007,"Umarizal",66939,9753.84063221739,21,12,5,7,5,7,0,0,0,0,0,12,5,7,5,7,7,9.18541639742598,11.1115370359026,0.381261040526551,2020-05-25,2020,5
"9668","RN",2,"Nordeste",24007,"Umarizal",66939,9753.84063221739,22,7,4,3,3,4,0,0,0,0,0,7,4,3,3,4,6,9.18541639742598,11.1115370359026,0.36358145739403,2020-06-01,2020,6
"9669","RN",2,"Nordeste",24007,"Umarizal",66939,9753.84063221739,23,9,1,8,7,2,0,0,0,0,0,9,1,8,7,2,19,9.18541639742598,11.1115370359026,0.366353688845353,2020-06-08,2020,6
"9670","RN",2,"Nordeste",24007,"Umarizal",66939,9753.84063221739,24,16,4,12,5,11,0,0,0,0,0,16,4,12,5,11,10,9.18541639742598,11.1115370359026,0.379050858628728,2020-06-15,2020,6
"9671","RN",2,"Nordeste",24007,"Umarizal",66939,9753.84063221739,25,7,3,4,3,4,0,0,0,0,0,7,3,4,3,4,12,9.18541639742598,11.1115370359026,0.359937052101497,2020-06-22,2020,6
"9672","RN",2,"Nordeste",24007,"Umarizal",66939,9753.84063221739,26,15,5,10,8,7,0,0,0,0,0,15,5,10,8,7,13,9.18541639742598,11.1115370359026,0.37509760172993,2020-06-29,2020,6
"9673","RN",2,"Nordeste",24007,"Umarizal",66939,9753.84063221739,27,16,8,8,6,10,0,0,0,0,0,16,8,8,6,10,4,9.18541639742598,11.1115370359026,0.406833495445781,2020-07-06,2020,7
"9674","RN",2,"Nordeste",24007,"Umarizal",66939,9753.84063221739,28,10,2,8,2,8,0,0,0,0,0,10,2,8,2,8,8,9.18541639742598,11.1115370359026,0.378907386656332,2020-07-13,2020,7
"9675","RN",2,"Nordeste",24007,"Umarizal",66939,9753.84063221739,29,13,3,10,5,8,0,0,0,0,0,13,3,10,5,8,12,9.18541639742598,11.1115370359026,0.382749503589924,2020-07-20,2020,7
"9676","RN",2,"Nordeste",24008,"Macau",60125,42592.4601340541,5,15,7,8,5,10,0,0,0,0,0,15,7,8,5,10,8,10.6594325244341,11.0041810074081,0.281539628555194,2020-02-03,2020,2
"9677","RN",2,"Nordeste",24008,"Macau",60125,42592.4601340541,6,19,7,12,9,10,1,0,0,0,0,20,7,12,9,10,1,10.6594325244341,11.0041810074081,0.26989572285913,2020-02-10,2020,2
"9678","RN",2,"Nordeste",24008,"Macau",60125,42592.4601340541,7,11,5,6,4,7,1,0,0,0,0,12,5,6,4,7,3,10.6594325244341,11.0041810074081,0.281198026419327,2020-02-17,2020,2
"9679","RN",2,"Nordeste",24008,"Macau",60125,42592.4601340541,8,8,2,6,6,2,0,0,0,0,0,8,2,6,6,2,9,10.6594325244341,11.0041810074081,0.354155292418822,2020-02-24,2020,2
"9680","RN",2,"Nordeste",24008,"Macau",60125,42592.4601340541,9,22,8,14,11,11,0,0,0,0,0,22,8,14,11,11,11,10.6594325244341,11.0041810074081,0.307814590763415,2020-03-02,2020,3
"9681","RN",2,"Nordeste",24008,"Macau",60125,42592.4601340541,10,11,5,6,4,7,0,0,0,0,0,11,5,6,4,7,10,10.6594325244341,11.0041810074081,0.325109711925264,2020-03-09,2020,3
"9682","RN",2,"Nordeste",24008,"Macau",60125,42592.4601340541,11,9,6,3,7,2,0,0,0,0,0,9,6,3,7,2,7,10.6594325244341,11.0041810074081,0.375038536311084,2020-03-16,2020,3
"9683","RN",2,"Nordeste",24008,"Macau",60125,42592.4601340541,12,10,2,8,3,7,0,0,0,0,0,10,2,8,3,7,7,10.6594325244341,11.0041810074081,0.462134434712583,2020-03-23,2020,3
"9684","RN",2,"Nordeste",24008,"Macau",60125,42592.4601340541,13,14,7,7,4,10,0,0,0,0,0,14,7,7,4,10,7,10.6594325244341,11.0041810074081,0.435017930825539,2020-03-30,2020,3
"9685","RN",2,"Nordeste",24008,"Macau",60125,42592.4601340541,14,8,3,5,0,8,1,0,0,0,0,9,3,5,0,8,6,10.6594325244341,11.0041810074081,0.417477330559066,2020-04-06,2020,4
"9686","RN",2,"Nordeste",24008,"Macau",60125,42592.4601340541,15,11,4,7,4,7,0,0,0,0,0,11,4,7,4,7,10,10.6594325244341,11.0041810074081,0.388646071925419,2020-04-13,2020,4
"9687","RN",2,"Nordeste",24008,"Macau",60125,42592.4601340541,16,11,7,4,8,3,0,0,0,0,0,11,7,4,8,3,7,10.6594325244341,11.0041810074081,0.40615373834262,2020-04-20,2020,4
"9688","RN",2,"Nordeste",24008,"Macau",60125,42592.4601340541,17,7,3,4,3,4,0,0,0,0,0,7,3,4,3,4,8,10.6594325244341,11.0041810074081,0.376667723782836,2020-04-27,2020,4
"9689","RN",2,"Nordeste",24008,"Macau",60125,42592.4601340541,18,12,5,7,6,6,0,0,0,0,0,12,5,7,6,6,5,10.6594325244341,11.0041810074081,0.4011102520764,2020-05-04,2020,5
"9690","RN",2,"Nordeste",24008,"Macau",60125,42592.4601340541,19,11,6,5,3,8,0,0,0,0,0,11,6,5,3,8,4,10.6594325244341,11.0041810074081,0.429417896220424,2020-05-11,2020,5
"9691","RN",2,"Nordeste",24008,"Macau",60125,42592.4601340541,20,18,7,11,8,10,0,0,0,0,0,18,7,11,8,10,4,10.6594325244341,11.0041810074081,0.417542975387123,2020-05-18,2020,5
"9692","RN",2,"Nordeste",24008,"Macau",60125,42592.4601340541,21,12,5,7,5,7,0,0,0,0,0,12,5,7,5,7,6,10.6594325244341,11.0041810074081,0.414417626130508,2020-05-25,2020,5
"9693","RN",2,"Nordeste",24008,"Macau",60125,42592.4601340541,22,16,6,10,10,6,0,0,0,0,0,16,6,10,10,6,10,10.6594325244341,11.0041810074081,0.404952086368414,2020-06-01,2020,6
"9694","RN",2,"Nordeste",24008,"Macau",60125,42592.4601340541,23,23,10,13,15,8,0,0,0,0,0,23,10,13,15,8,11,10.6594325244341,11.0041810074081,0.433524678988472,2020-06-08,2020,6
"9695","RN",2,"Nordeste",24008,"Macau",60125,42592.4601340541,24,9,3,6,5,4,0,0,0,0,0,9,3,6,5,4,7,10.6594325244341,11.0041810074081,0.396198539980537,2020-06-15,2020,6
"9696","RN",2,"Nordeste",24008,"Macau",60125,42592.4601340541,25,14,4,10,11,3,1,0,0,0,0,15,4,10,11,3,10,10.6594325244341,11.0041810074081,0.399600240300185,2020-06-22,2020,6
"9697","RN",2,"Nordeste",24008,"Macau",60125,42592.4601340541,26,11,5,6,3,8,1,0,0,0,0,12,5,6,3,8,14,10.6594325244341,11.0041810074081,0.408476014310503,2020-06-29,2020,6
"9698","RN",2,"Nordeste",24008,"Macau",60125,42592.4601340541,27,15,9,6,7,8,0,0,0,0,0,15,9,6,7,8,4,10.6594325244341,11.0041810074081,0.42357728604492,2020-07-06,2020,7
"9699","RN",2,"Nordeste",24008,"Macau",60125,42592.4601340541,28,17,5,12,4,13,0,0,0,0,0,17,5,12,4,13,5,10.6594325244341,11.0041810074081,0.408803605889082,2020-07-13,2020,7
"9700","RN",2,"Nordeste",24008,"Macau",60125,42592.4601340541,29,19,11,8,8,11,0,0,0,0,0,19,11,8,8,11,6,10.6594325244341,11.0041810074081,0.408450113445649,2020-07-20,2020,7
"9701","RN",2,"Nordeste",24009,"Angicos",52557,10065.9962619632,5,13,2,11,2,11,0,0,0,0,0,13,2,11,2,11,6,9.21691831598348,10.8696535739039,0.270944935338464,2020-02-03,2020,2
"9702","RN",2,"Nordeste",24009,"Angicos",52557,10065.9962619632,6,11,4,7,3,8,0,0,0,0,0,11,4,7,3,8,7,9.21691831598348,10.8696535739039,0.265343707719049,2020-02-10,2020,2
"9703","RN",2,"Nordeste",24009,"Angicos",52557,10065.9962619632,7,13,6,7,4,9,0,0,0,0,0,13,6,7,4,9,6,9.21691831598348,10.8696535739039,0.26566380512189,2020-02-17,2020,2
"9704","RN",2,"Nordeste",24009,"Angicos",52557,10065.9962619632,8,11,6,5,6,5,1,0,0,0,0,12,6,5,6,5,5,9.21691831598348,10.8696535739039,0.330594271847001,2020-02-24,2020,2
"9705","RN",2,"Nordeste",24009,"Angicos",52557,10065.9962619632,9,8,3,5,1,7,0,0,0,0,0,8,3,5,1,7,4,9.21691831598348,10.8696535739039,0.296581997940551,2020-03-02,2020,3
"9706","RN",2,"Nordeste",24009,"Angicos",52557,10065.9962619632,10,8,3,5,4,4,0,0,0,0,0,8,3,5,4,4,5,9.21691831598348,10.8696535739039,0.310776026307719,2020-03-09,2020,3
"9707","RN",2,"Nordeste",24009,"Angicos",52557,10065.9962619632,11,7,3,4,4,3,0,0,0,0,0,7,3,4,4,3,9,9.21691831598348,10.8696535739039,0.364898736094956,2020-03-16,2020,3
"9708","RN",2,"Nordeste",24009,"Angicos",52557,10065.9962619632,12,9,4,5,3,6,0,0,0,0,0,9,4,5,3,6,10,9.21691831598348,10.8696535739039,0.452800233529853,2020-03-23,2020,3
"9709","RN",2,"Nordeste",24009,"Angicos",52557,10065.9962619632,13,4,2,2,2,2,0,0,0,0,0,4,2,2,2,2,4,9.21691831598348,10.8696535739039,0.418342239070323,2020-03-30,2020,3
"9710","RN",2,"Nordeste",24009,"Angicos",52557,10065.9962619632,14,10,3,7,7,3,1,0,0,0,0,11,3,7,7,3,7,9.21691831598348,10.8696535739039,0.402362597758087,2020-04-06,2020,4
"9711","RN",2,"Nordeste",24009,"Angicos",52557,10065.9962619632,15,7,3,4,3,4,0,0,0,0,0,7,3,4,3,4,6,9.21691831598348,10.8696535739039,0.382712507061217,2020-04-13,2020,4
"9712","RN",2,"Nordeste",24009,"Angicos",52557,10065.9962619632,16,13,5,8,9,4,0,0,0,0,0,13,5,8,9,4,6,9.21691831598348,10.8696535739039,0.375282686443831,2020-04-20,2020,4
"9713","RN",2,"Nordeste",24009,"Angicos",52557,10065.9962619632,17,11,3,8,3,8,0,0,0,0,0,11,3,8,3,8,8,9.21691831598348,10.8696535739039,0.357211967629189,2020-04-27,2020,4
"9714","RN",2,"Nordeste",24009,"Angicos",52557,10065.9962619632,18,11,6,5,3,8,0,0,0,0,0,11,6,5,3,8,3,9.21691831598348,10.8696535739039,0.372478773075047,2020-05-04,2020,5
"9715","RN",2,"Nordeste",24009,"Angicos",52557,10065.9962619632,19,10,2,8,4,6,0,0,0,0,0,10,2,8,4,6,6,9.21691831598348,10.8696535739039,0.405261809219317,2020-05-11,2020,5
"9716","RN",2,"Nordeste",24009,"Angicos",52557,10065.9962619632,20,13,4,9,3,10,0,0,0,0,0,13,4,9,3,10,8,9.21691831598348,10.8696535739039,0.392222798109879,2020-05-18,2020,5
"9717","RN",2,"Nordeste",24009,"Angicos",52557,10065.9962619632,21,12,5,7,6,6,0,0,0,0,0,12,5,7,6,6,3,9.21691831598348,10.8696535739039,0.393479017974639,2020-05-25,2020,5
"9718","RN",2,"Nordeste",24009,"Angicos",52557,10065.9962619632,22,15,5,10,8,7,0,0,0,0,0,15,5,10,8,7,6,9.21691831598348,10.8696535739039,0.384469600419332,2020-06-01,2020,6
"9719","RN",2,"Nordeste",24009,"Angicos",52557,10065.9962619632,23,14,3,11,10,4,0,0,0,0,0,14,3,11,10,4,10,9.21691831598348,10.8696535739039,0.389252145255516,2020-06-08,2020,6
"9720","RN",2,"Nordeste",24009,"Angicos",52557,10065.9962619632,24,10,5,5,2,8,1,0,0,0,0,11,5,5,2,8,6,9.21691831598348,10.8696535739039,0.378686415151519,2020-06-15,2020,6
"9721","RN",2,"Nordeste",24009,"Angicos",52557,10065.9962619632,25,10,3,7,3,7,0,0,0,0,0,10,3,7,3,7,8,9.21691831598348,10.8696535739039,0.386771528419033,2020-06-22,2020,6
"9722","RN",2,"Nordeste",24009,"Angicos",52557,10065.9962619632,26,13,4,9,9,4,0,0,0,0,0,13,4,9,9,4,10,9.21691831598348,10.8696535739039,0.411989432951117,2020-06-29,2020,6
"9723","RN",2,"Nordeste",24009,"Angicos",52557,10065.9962619632,27,10,4,6,3,7,0,0,0,0,0,10,4,6,3,7,6,9.21691831598348,10.8696535739039,0.424414409729859,2020-07-06,2020,7
"9724","RN",2,"Nordeste",24009,"Angicos",52557,10065.9962619632,28,8,5,3,2,6,0,0,0,0,0,8,5,3,2,6,7,9.21691831598348,10.8696535739039,0.40600031267693,2020-07-13,2020,7
"9725","RN",2,"Nordeste",24009,"Angicos",52557,10065.9962619632,29,18,10,8,9,9,1,0,0,0,0,19,10,8,9,9,9,9.21691831598348,10.8696535739039,0.399468798744365,2020-07-20,2020,7
"9726","RN",2,"Nordeste",24010,"Serra de Santana",63338,18493.065352553,5,16,4,12,7,9,0,0,0,0,0,16,4,12,7,9,5,9.82515109498622,11.0562407439705,0.269112766744793,2020-02-03,2020,2
"9727","RN",2,"Nordeste",24010,"Serra de Santana",63338,18493.065352553,6,17,3,14,5,12,0,0,0,0,0,17,3,14,5,12,14,9.82515109498622,11.0562407439705,0.266647660655426,2020-02-10,2020,2
"9728","RN",2,"Nordeste",24010,"Serra de Santana",63338,18493.065352553,7,14,4,10,3,11,0,0,0,0,0,14,4,10,3,11,5,9.82515109498622,11.0562407439705,0.272811954084213,2020-02-17,2020,2
"9729","RN",2,"Nordeste",24010,"Serra de Santana",63338,18493.065352553,8,15,11,4,6,9,0,0,0,0,0,15,11,4,6,9,7,9.82515109498622,11.0562407439705,0.315026727656055,2020-02-24,2020,2
"9730","RN",2,"Nordeste",24010,"Serra de Santana",63338,18493.065352553,9,10,4,6,7,3,0,0,0,0,0,10,4,6,7,3,6,9.82515109498622,11.0562407439705,0.285879785339242,2020-03-02,2020,3
"9731","RN",2,"Nordeste",24010,"Serra de Santana",63338,18493.065352553,10,16,10,6,7,9,0,0,0,0,0,16,10,6,7,9,8,9.82515109498622,11.0562407439705,0.324034957239716,2020-03-09,2020,3
"9732","RN",2,"Nordeste",24010,"Serra de Santana",63338,18493.065352553,11,16,6,10,6,10,0,0,0,0,0,16,6,10,6,10,6,9.82515109498622,11.0562407439705,0.371372268710434,2020-03-16,2020,3
"9733","RN",2,"Nordeste",24010,"Serra de Santana",63338,18493.065352553,12,14,4,10,7,7,0,0,0,0,0,14,4,10,7,7,6,9.82515109498622,11.0562407439705,0.45269425796333,2020-03-23,2020,3
"9734","RN",2,"Nordeste",24010,"Serra de Santana",63338,18493.065352553,13,5,2,3,1,4,0,0,0,0,0,5,2,3,1,4,9,9.82515109498622,11.0562407439705,0.413855283527437,2020-03-30,2020,3
"9735","RN",2,"Nordeste",24010,"Serra de Santana",63338,18493.065352553,14,15,6,9,8,7,0,0,0,0,0,15,6,9,8,7,12,9.82515109498622,11.0562407439705,0.388190468321873,2020-04-06,2020,4
"9736","RN",2,"Nordeste",24010,"Serra de Santana",63338,18493.065352553,15,10,2,8,2,8,0,0,0,0,0,10,2,8,2,8,12,9.82515109498622,11.0562407439705,0.371049669828638,2020-04-13,2020,4
"9737","RN",2,"Nordeste",24010,"Serra de Santana",63338,18493.065352553,16,18,2,16,12,6,0,0,0,0,0,18,2,16,12,6,11,9.82515109498622,11.0562407439705,0.355693734044953,2020-04-20,2020,4
"9738","RN",2,"Nordeste",24010,"Serra de Santana",63338,18493.065352553,17,7,2,5,4,3,0,0,0,0,0,7,2,5,4,3,9,9.82515109498622,11.0562407439705,0.354194288912614,2020-04-27,2020,4
"9739","RN",2,"Nordeste",24010,"Serra de Santana",63338,18493.065352553,18,16,5,11,7,9,1,0,0,0,0,17,5,11,7,9,7,9.82515109498622,11.0562407439705,0.368251722999195,2020-05-04,2020,5
"9740","RN",2,"Nordeste",24010,"Serra de Santana",63338,18493.065352553,19,16,7,9,5,11,1,0,0,0,0,17,7,9,5,11,11,9.82515109498622,11.0562407439705,0.403502066735109,2020-05-11,2020,5
"9741","RN",2,"Nordeste",24010,"Serra de Santana",63338,18493.065352553,20,20,10,10,7,13,0,0,0,0,0,20,10,10,7,13,7,9.82515109498622,11.0562407439705,0.413717955555708,2020-05-18,2020,5
"9742","RN",2,"Nordeste",24010,"Serra de Santana",63338,18493.065352553,21,11,2,9,4,7,0,0,0,0,0,11,2,9,4,7,8,9.82515109498622,11.0562407439705,0.398600319401165,2020-05-25,2020,5
"9743","RN",2,"Nordeste",24010,"Serra de Santana",63338,18493.065352553,22,16,6,10,3,13,0,0,0,0,0,16,6,10,3,13,8,9.82515109498622,11.0562407439705,0.387930291845832,2020-06-01,2020,6
"9744","RN",2,"Nordeste",24010,"Serra de Santana",63338,18493.065352553,23,17,6,11,5,12,0,0,0,0,0,17,6,11,5,12,15,9.82515109498622,11.0562407439705,0.383273268728249,2020-06-08,2020,6
"9745","RN",2,"Nordeste",24010,"Serra de Santana",63338,18493.065352553,24,16,5,11,6,10,0,0,0,0,0,16,5,11,6,10,10,9.82515109498622,11.0562407439705,0.38505785637063,2020-06-15,2020,6
"9746","RN",2,"Nordeste",24010,"Serra de Santana",63338,18493.065352553,25,13,4,9,3,10,0,0,0,0,0,13,4,9,3,10,7,9.82515109498622,11.0562407439705,0.400192862274407,2020-06-22,2020,6
"9747","RN",2,"Nordeste",24010,"Serra de Santana",63338,18493.065352553,26,19,4,15,4,15,0,0,0,0,0,19,4,15,4,15,14,9.82515109498622,11.0562407439705,0.418459943484207,2020-06-29,2020,6
"9748","RN",2,"Nordeste",24010,"Serra de Santana",63338,18493.065352553,27,16,4,12,5,11,0,0,0,0,0,16,4,12,5,11,6,9.82515109498622,11.0562407439705,0.44018492606711,2020-07-06,2020,7
"9749","RN",2,"Nordeste",24010,"Serra de Santana",63338,18493.065352553,28,13,2,11,4,9,0,0,0,0,0,13,2,11,4,9,10,9.82515109498622,11.0562407439705,0.410070495309008,2020-07-13,2020,7
"9750","RN",2,"Nordeste",24010,"Serra de Santana",63338,18493.065352553,29,13,3,10,7,6,1,0,0,0,0,14,3,10,7,6,5,9.82515109498622,11.0562407439705,0.417631208955711,2020-07-20,2020,7
"9751","RN",2,"Nordeste",24011,"Seridó Ocidental",105853,14907.6235979141,5,19,7,12,9,10,0,0,0,0,0,19,7,12,9,10,16,9.60962801195159,11.5698066181548,0.236960241399087,2020-02-03,2020,2
"9752","RN",2,"Nordeste",24011,"Seridó Ocidental",105853,14907.6235979141,6,18,8,10,6,12,0,0,0,0,0,18,8,10,6,12,17,9.60962801195159,11.5698066181548,0.242240705128133,2020-02-10,2020,2
"9753","RN",2,"Nordeste",24011,"Seridó Ocidental",105853,14907.6235979141,7,17,5,12,5,12,0,0,0,0,0,17,5,12,5,12,7,9.60962801195159,11.5698066181548,0.244749813796012,2020-02-17,2020,2
"9754","RN",2,"Nordeste",24011,"Seridó Ocidental",105853,14907.6235979141,8,13,4,9,4,9,0,0,0,0,0,13,4,9,4,9,13,9.60962801195159,11.5698066181548,0.299683230912015,2020-02-24,2020,2
"9755","RN",2,"Nordeste",24011,"Seridó Ocidental",105853,14907.6235979141,9,20,5,15,9,11,0,0,0,0,0,20,5,15,9,11,13,9.60962801195159,11.5698066181548,0.261396726056578,2020-03-02,2020,3
"9756","RN",2,"Nordeste",24011,"Seridó Ocidental",105853,14907.6235979141,10,22,8,14,9,13,1,0,0,0,0,23,8,14,9,13,17,9.60962801195159,11.5698066181548,0.29756679702259,2020-03-09,2020,3
"9757","RN",2,"Nordeste",24011,"Seridó Ocidental",105853,14907.6235979141,11,19,5,14,4,15,0,0,0,0,0,19,5,14,4,15,12,9.60962801195159,11.5698066181548,0.35120126045634,2020-03-16,2020,3
"9758","RN",2,"Nordeste",24011,"Seridó Ocidental",105853,14907.6235979141,12,23,8,15,4,19,0,0,0,0,0,23,8,15,4,19,19,9.60962801195159,11.5698066181548,0.451104453872809,2020-03-23,2020,3
"9759","RN",2,"Nordeste",24011,"Seridó Ocidental",105853,14907.6235979141,13,20,6,14,8,12,0,0,0,0,0,20,6,14,8,12,9,9.60962801195159,11.5698066181548,0.403295045042849,2020-03-30,2020,3
"9760","RN",2,"Nordeste",24011,"Seridó Ocidental",105853,14907.6235979141,14,17,9,8,6,11,1,0,0,0,0,18,9,8,6,11,16,9.60962801195159,11.5698066181548,0.37600304852284,2020-04-06,2020,4
"9761","RN",2,"Nordeste",24011,"Seridó Ocidental",105853,14907.6235979141,15,22,7,15,9,13,0,0,0,0,0,22,7,15,9,13,12,9.60962801195159,11.5698066181548,0.362807698962938,2020-04-13,2020,4
"9762","RN",2,"Nordeste",24011,"Seridó Ocidental",105853,14907.6235979141,16,13,4,9,5,8,2,0,0,0,0,15,4,9,5,8,9,9.60962801195159,11.5698066181548,0.369579060670148,2020-04-20,2020,4
"9763","RN",2,"Nordeste",24011,"Seridó Ocidental",105853,14907.6235979141,17,20,5,15,10,10,0,0,0,0,0,20,5,15,10,10,16,9.60962801195159,11.5698066181548,0.36080854243207,2020-04-27,2020,4
"9764","RN",2,"Nordeste",24011,"Seridó Ocidental",105853,14907.6235979141,18,22,7,15,10,12,0,0,0,0,0,22,7,15,10,12,17,9.60962801195159,11.5698066181548,0.378925753823714,2020-05-04,2020,5
"9765","RN",2,"Nordeste",24011,"Seridó Ocidental",105853,14907.6235979141,19,24,5,19,10,14,0,0,0,0,0,24,5,19,10,14,15,9.60962801195159,11.5698066181548,0.414270478298334,2020-05-11,2020,5
"9766","RN",2,"Nordeste",24011,"Seridó Ocidental",105853,14907.6235979141,20,20,5,15,5,15,0,0,0,0,0,20,5,15,5,15,16,9.60962801195159,11.5698066181548,0.399212711553707,2020-05-18,2020,5
"9767","RN",2,"Nordeste",24011,"Seridó Ocidental",105853,14907.6235979141,21,25,4,21,6,19,0,0,0,0,0,25,4,21,6,19,16,9.60962801195159,11.5698066181548,0.390460398779978,2020-05-25,2020,5
"9768","RN",2,"Nordeste",24011,"Seridó Ocidental",105853,14907.6235979141,22,40,10,30,12,28,0,0,0,0,0,40,10,30,12,28,13,9.60962801195159,11.5698066181548,0.380412601305087,2020-06-01,2020,6
"9769","RN",2,"Nordeste",24011,"Seridó Ocidental",105853,14907.6235979141,23,15,5,10,6,9,0,0,0,0,0,15,5,10,6,9,19,9.60962801195159,11.5698066181548,0.380921081569737,2020-06-08,2020,6
"9770","RN",2,"Nordeste",24011,"Seridó Ocidental",105853,14907.6235979141,24,29,9,20,11,18,0,0,0,0,0,29,9,20,11,18,10,9.60962801195159,11.5698066181548,0.364556565458154,2020-06-15,2020,6
"9771","RN",2,"Nordeste",24011,"Seridó Ocidental",105853,14907.6235979141,25,16,4,12,8,8,0,0,0,0,0,16,4,12,8,8,17,9.60962801195159,11.5698066181548,0.363305643212139,2020-06-22,2020,6
"9772","RN",2,"Nordeste",24011,"Seridó Ocidental",105853,14907.6235979141,26,18,5,13,10,8,0,0,0,0,0,18,5,13,10,8,19,9.60962801195159,11.5698066181548,0.38114142550019,2020-06-29,2020,6
"9773","RN",2,"Nordeste",24011,"Seridó Ocidental",105853,14907.6235979141,27,13,3,10,4,9,0,0,0,0,0,13,3,10,4,9,14,9.60962801195159,11.5698066181548,0.390162414894017,2020-07-06,2020,7
"9774","RN",2,"Nordeste",24011,"Seridó Ocidental",105853,14907.6235979141,28,21,8,13,8,13,0,0,0,0,0,21,8,13,8,13,20,9.60962801195159,11.5698066181548,0.389668160276234,2020-07-13,2020,7
"9775","RN",2,"Nordeste",24011,"Seridó Ocidental",105853,14907.6235979141,29,27,8,19,13,14,1,0,0,0,0,28,8,19,13,14,24,9.60962801195159,11.5698066181548,0.402703926080069,2020-07-20,2020,7
"9776","RN",2,"Nordeste",24012,"Seridó Oriental",124410,14052.2147640865,5,30,8,22,8,22,0,0,0,0,0,30,8,22,8,22,17,9.55053529679344,11.7313378419085,0.252894320889085,2020-02-03,2020,2
"9777","RN",2,"Nordeste",24012,"Seridó Oriental",124410,14052.2147640865,6,28,9,19,13,15,1,0,0,0,0,29,9,19,13,15,12,9.55053529679344,11.7313378419085,0.252787139487914,2020-02-10,2020,2
"9778","RN",2,"Nordeste",24012,"Seridó Oriental",124410,14052.2147640865,7,16,4,12,6,10,0,0,0,0,0,16,4,12,6,10,20,9.55053529679344,11.7313378419085,0.2573875669083,2020-02-17,2020,2
"9779","RN",2,"Nordeste",24012,"Seridó Oriental",124410,14052.2147640865,8,19,2,17,7,12,0,0,0,0,0,19,2,17,7,12,15,9.55053529679344,11.7313378419085,0.301883761663855,2020-02-24,2020,2
"9780","RN",2,"Nordeste",24012,"Seridó Oriental",124410,14052.2147640865,9,30,9,21,13,17,1,0,0,0,0,31,9,21,13,17,21,9.55053529679344,11.7313378419085,0.273121719997196,2020-03-02,2020,3
"9781","RN",2,"Nordeste",24012,"Seridó Oriental",124410,14052.2147640865,10,22,6,16,4,18,1,0,0,0,0,23,6,16,4,18,19,9.55053529679344,11.7313378419085,0.300405424162975,2020-03-09,2020,3
"9782","RN",2,"Nordeste",24012,"Seridó Oriental",124410,14052.2147640865,11,18,3,15,4,14,1,0,0,0,0,19,3,15,4,14,19,9.55053529679344,11.7313378419085,0.357628204869594,2020-03-16,2020,3
"9783","RN",2,"Nordeste",24012,"Seridó Oriental",124410,14052.2147640865,12,19,5,14,6,13,0,0,0,0,0,19,5,14,6,13,22,9.55053529679344,11.7313378419085,0.450584531493344,2020-03-23,2020,3
"9784","RN",2,"Nordeste",24012,"Seridó Oriental",124410,14052.2147640865,13,21,6,15,11,10,0,0,0,0,0,21,6,15,11,10,24,9.55053529679344,11.7313378419085,0.409295434733096,2020-03-30,2020,3
"9785","RN",2,"Nordeste",24012,"Seridó Oriental",124410,14052.2147640865,14,25,3,22,9,16,0,0,0,0,0,25,3,22,9,16,21,9.55053529679344,11.7313378419085,0.398633939100098,2020-04-06,2020,4
"9786","RN",2,"Nordeste",24012,"Seridó Oriental",124410,14052.2147640865,15,16,2,14,5,11,0,0,0,0,0,16,2,14,5,11,17,9.55053529679344,11.7313378419085,0.383638777780645,2020-04-13,2020,4
"9787","RN",2,"Nordeste",24012,"Seridó Oriental",124410,14052.2147640865,16,21,5,16,5,16,0,0,0,0,0,21,5,16,5,16,23,9.55053529679344,11.7313378419085,0.372301400974437,2020-04-20,2020,4
"9788","RN",2,"Nordeste",24012,"Seridó Oriental",124410,14052.2147640865,17,18,4,14,7,11,0,0,0,0,0,18,4,14,7,11,17,9.55053529679344,11.7313378419085,0.359625107367719,2020-04-27,2020,4
"9789","RN",2,"Nordeste",24012,"Seridó Oriental",124410,14052.2147640865,18,38,5,33,11,27,0,0,0,0,0,38,5,33,11,27,13,9.55053529679344,11.7313378419085,0.363589293434115,2020-05-04,2020,5
"9790","RN",2,"Nordeste",24012,"Seridó Oriental",124410,14052.2147640865,19,28,7,21,9,19,0,0,0,0,0,28,7,21,9,19,17,9.55053529679344,11.7313378419085,0.389545522976993,2020-05-11,2020,5
"9791","RN",2,"Nordeste",24012,"Seridó Oriental",124410,14052.2147640865,20,26,4,22,6,20,1,0,0,0,0,27,4,22,6,20,24,9.55053529679344,11.7313378419085,0.384544820136709,2020-05-18,2020,5
"9792","RN",2,"Nordeste",24012,"Seridó Oriental",124410,14052.2147640865,21,30,10,20,9,21,0,0,0,0,0,30,10,20,9,21,20,9.55053529679344,11.7313378419085,0.373728588036719,2020-05-25,2020,5
"9793","RN",2,"Nordeste",24012,"Seridó Oriental",124410,14052.2147640865,22,30,4,26,13,17,0,0,0,0,0,30,4,26,13,17,15,9.55053529679344,11.7313378419085,0.363541089691139,2020-06-01,2020,6
"9794","RN",2,"Nordeste",24012,"Seridó Oriental",124410,14052.2147640865,23,19,6,13,9,10,1,0,0,0,0,20,6,13,9,10,11,9.55053529679344,11.7313378419085,0.365331546572584,2020-06-08,2020,6
"9795","RN",2,"Nordeste",24012,"Seridó Oriental",124410,14052.2147640865,24,27,9,18,6,21,1,0,0,0,0,28,9,18,6,21,20,9.55053529679344,11.7313378419085,0.356173397996111,2020-06-15,2020,6
"9796","RN",2,"Nordeste",24012,"Seridó Oriental",124410,14052.2147640865,25,24,9,15,12,12,0,0,0,0,0,24,9,15,12,12,20,9.55053529679344,11.7313378419085,0.361099815416482,2020-06-22,2020,6
"9797","RN",2,"Nordeste",24012,"Seridó Oriental",124410,14052.2147640865,26,34,9,25,11,23,0,0,0,0,0,34,9,25,11,23,21,9.55053529679344,11.7313378419085,0.382354595649376,2020-06-29,2020,6
"9798","RN",2,"Nordeste",24012,"Seridó Oriental",124410,14052.2147640865,27,26,3,23,13,13,1,0,0,0,0,27,3,23,13,13,22,9.55053529679344,11.7313378419085,0.397288756405352,2020-07-06,2020,7
"9799","RN",2,"Nordeste",24012,"Seridó Oriental",124410,14052.2147640865,28,29,7,22,14,15,0,0,0,0,0,29,7,22,14,15,22,9.55053529679344,11.7313378419085,0.392344892296699,2020-07-13,2020,7
"9800","RN",2,"Nordeste",24012,"Seridó Oriental",124410,14052.2147640865,29,20,4,16,5,15,0,0,0,0,0,20,4,16,5,15,18,9.55053529679344,11.7313378419085,0.384655923455984,2020-07-20,2020,7
"9801","RN",2,"Nordeste",24013,"Baixa Verde",68381,25078.7927849841,5,22,11,11,10,12,0,0,0,0,0,22,11,11,10,12,9,10.1297778590183,11.1328502872455,0.272392140535451,2020-02-03,2020,2
"9802","RN",2,"Nordeste",24013,"Baixa Verde",68381,25078.7927849841,6,12,5,7,7,5,2,0,0,0,0,14,5,7,7,5,7,10.1297778590183,11.1328502872455,0.270258547889301,2020-02-10,2020,2
"9803","RN",2,"Nordeste",24013,"Baixa Verde",68381,25078.7927849841,7,12,8,4,6,6,0,0,0,0,0,12,8,4,6,6,8,10.1297778590183,11.1328502872455,0.281705558428507,2020-02-17,2020,2
"9804","RN",2,"Nordeste",24013,"Baixa Verde",68381,25078.7927849841,8,12,3,9,8,4,0,0,0,0,0,12,3,9,8,4,8,10.1297778590183,11.1328502872455,0.3347977243887,2020-02-24,2020,2
"9805","RN",2,"Nordeste",24013,"Baixa Verde",68381,25078.7927849841,9,16,5,11,8,8,0,0,0,0,0,16,5,11,8,8,8,10.1297778590183,11.1328502872455,0.314136675580847,2020-03-02,2020,3
"9806","RN",2,"Nordeste",24013,"Baixa Verde",68381,25078.7927849841,10,17,6,11,6,11,0,0,0,0,0,17,6,11,6,11,11,10.1297778590183,11.1328502872455,0.344037916483444,2020-03-09,2020,3
"9807","RN",2,"Nordeste",24013,"Baixa Verde",68381,25078.7927849841,11,19,6,13,6,13,0,0,0,0,0,19,6,13,6,13,4,10.1297778590183,11.1328502872455,0.392268181940407,2020-03-16,2020,3
"9808","RN",2,"Nordeste",24013,"Baixa Verde",68381,25078.7927849841,12,7,3,4,5,2,0,0,0,0,0,7,3,4,5,2,12,10.1297778590183,11.1328502872455,0.467973388420918,2020-03-23,2020,3
"9809","RN",2,"Nordeste",24013,"Baixa Verde",68381,25078.7927849841,13,9,3,6,4,5,0,0,0,0,0,9,3,6,4,5,10,10.1297778590183,11.1328502872455,0.429121916500474,2020-03-30,2020,3
"9810","RN",2,"Nordeste",24013,"Baixa Verde",68381,25078.7927849841,14,14,9,5,7,7,0,0,0,0,0,14,9,5,7,7,4,10.1297778590183,11.1328502872455,0.420556716605373,2020-04-06,2020,4
"9811","RN",2,"Nordeste",24013,"Baixa Verde",68381,25078.7927849841,15,8,6,2,3,5,0,0,0,0,0,8,6,2,3,5,9,10.1297778590183,11.1328502872455,0.401214126631137,2020-04-13,2020,4
"9812","RN",2,"Nordeste",24013,"Baixa Verde",68381,25078.7927849841,16,23,10,13,11,12,0,0,0,0,0,23,10,13,11,12,4,10.1297778590183,11.1328502872455,0.404901350181091,2020-04-20,2020,4
"9813","RN",2,"Nordeste",24013,"Baixa Verde",68381,25078.7927849841,17,9,4,5,3,6,0,0,0,0,0,9,4,5,3,6,5,10.1297778590183,11.1328502872455,0.388455205163862,2020-04-27,2020,4
"9814","RN",2,"Nordeste",24013,"Baixa Verde",68381,25078.7927849841,18,12,4,8,5,7,1,0,0,0,0,13,4,8,5,7,11,10.1297778590183,11.1328502872455,0.390890826384307,2020-05-04,2020,5
"9815","RN",2,"Nordeste",24013,"Baixa Verde",68381,25078.7927849841,19,17,11,6,11,6,0,0,0,0,0,17,11,6,11,6,5,10.1297778590183,11.1328502872455,0.431574509228908,2020-05-11,2020,5
"9816","RN",2,"Nordeste",24013,"Baixa Verde",68381,25078.7927849841,20,21,9,12,11,10,0,0,0,0,0,21,9,12,11,10,7,10.1297778590183,11.1328502872455,0.403450506779588,2020-05-18,2020,5
"9817","RN",2,"Nordeste",24013,"Baixa Verde",68381,25078.7927849841,21,17,5,12,4,13,1,0,0,0,0,18,5,12,4,13,11,10.1297778590183,11.1328502872455,0.406604509559988,2020-05-25,2020,5
"9818","RN",2,"Nordeste",24013,"Baixa Verde",68381,25078.7927849841,22,24,13,11,9,15,0,0,0,0,0,24,13,11,9,15,9,10.1297778590183,11.1328502872455,0.411805567926966,2020-06-01,2020,6
"9819","RN",2,"Nordeste",24013,"Baixa Verde",68381,25078.7927849841,23,11,5,6,6,5,1,0,0,0,0,12,5,6,6,5,17,10.1297778590183,11.1328502872455,0.411727236448781,2020-06-08,2020,6
"9820","RN",2,"Nordeste",24013,"Baixa Verde",68381,25078.7927849841,24,24,16,8,13,11,1,0,0,0,0,25,16,8,13,11,16,10.1297778590183,11.1328502872455,0.405163318495513,2020-06-15,2020,6
"9821","RN",2,"Nordeste",24013,"Baixa Verde",68381,25078.7927849841,25,11,7,4,5,6,0,0,0,0,0,11,7,4,5,6,14,10.1297778590183,11.1328502872455,0.402591523608749,2020-06-22,2020,6
"9822","RN",2,"Nordeste",24013,"Baixa Verde",68381,25078.7927849841,26,19,8,11,9,10,1,0,0,0,0,20,8,11,9,10,10,10.1297778590183,11.1328502872455,0.413251909796691,2020-06-29,2020,6
"9823","RN",2,"Nordeste",24013,"Baixa Verde",68381,25078.7927849841,27,21,11,10,11,10,0,0,0,0,0,21,11,10,11,10,9,10.1297778590183,11.1328502872455,0.422289258622284,2020-07-06,2020,7
"9824","RN",2,"Nordeste",24013,"Baixa Verde",68381,25078.7927849841,28,26,8,18,13,13,1,0,0,0,0,27,8,18,13,13,15,10.1297778590183,11.1328502872455,0.409611773871768,2020-07-13,2020,7
"9825","RN",2,"Nordeste",24013,"Baixa Verde",68381,25078.7927849841,29,15,7,8,6,9,0,0,0,0,0,15,7,8,6,9,6,10.1297778590183,11.1328502872455,0.4126479046906,2020-07-20,2020,7
"9826","RN",2,"Nordeste",24014,"Borborema Potiguar",143789,9969.26676247835,5,26,10,16,13,13,0,0,0,0,0,26,10,16,13,13,16,9.20726231586604,11.8761022262111,0.264675140736382,2020-02-03,2020,2
"9827","RN",2,"Nordeste",24014,"Borborema Potiguar",143789,9969.26676247835,6,35,16,19,16,19,0,0,0,0,0,35,16,19,16,19,15,9.20726231586604,11.8761022262111,0.263594107962319,2020-02-10,2020,2
"9828","RN",2,"Nordeste",24014,"Borborema Potiguar",143789,9969.26676247835,7,31,14,17,12,19,0,0,0,0,0,31,14,17,12,19,21,9.20726231586604,11.8761022262111,0.267966520513876,2020-02-17,2020,2
"9829","RN",2,"Nordeste",24014,"Borborema Potiguar",143789,9969.26676247835,8,24,9,15,13,11,0,0,0,0,0,24,9,15,13,11,21,9.20726231586604,11.8761022262111,0.311929783682162,2020-02-24,2020,2
"9830","RN",2,"Nordeste",24014,"Borborema Potiguar",143789,9969.26676247835,9,38,21,17,15,23,0,0,0,0,0,38,21,17,15,23,22,9.20726231586604,11.8761022262111,0.292014180553049,2020-03-02,2020,3
"9831","RN",2,"Nordeste",24014,"Borborema Potiguar",143789,9969.26676247835,10,25,11,14,10,15,2,0,0,0,0,27,11,14,10,15,19,9.20726231586604,11.8761022262111,0.318431025740007,2020-03-09,2020,3
"9832","RN",2,"Nordeste",24014,"Borborema Potiguar",143789,9969.26676247835,11,36,6,30,12,24,0,0,0,0,0,36,6,30,12,24,11,9.20726231586604,11.8761022262111,0.367936269178005,2020-03-16,2020,3
"9833","RN",2,"Nordeste",24014,"Borborema Potiguar",143789,9969.26676247835,12,33,12,21,16,17,0,0,0,0,0,33,12,21,16,17,14,9.20726231586604,11.8761022262111,0.449001052713397,2020-03-23,2020,3
"9834","RN",2,"Nordeste",24014,"Borborema Potiguar",143789,9969.26676247835,13,21,11,10,12,9,0,0,0,0,0,21,11,10,12,9,14,9.20726231586604,11.8761022262111,0.410893698043913,2020-03-30,2020,3
"9835","RN",2,"Nordeste",24014,"Borborema Potiguar",143789,9969.26676247835,14,31,9,22,11,20,1,0,0,0,0,32,9,22,11,20,17,9.20726231586604,11.8761022262111,0.391858712690766,2020-04-06,2020,4
"9836","RN",2,"Nordeste",24014,"Borborema Potiguar",143789,9969.26676247835,15,30,12,18,8,22,0,0,0,0,0,30,12,18,8,22,22,9.20726231586604,11.8761022262111,0.386848803729521,2020-04-13,2020,4
"9837","RN",2,"Nordeste",24014,"Borborema Potiguar",143789,9969.26676247835,16,26,4,22,13,13,0,0,0,0,0,26,4,22,13,13,18,9.20726231586604,11.8761022262111,0.388343593894179,2020-04-20,2020,4
"9838","RN",2,"Nordeste",24014,"Borborema Potiguar",143789,9969.26676247835,17,22,8,14,9,13,1,0,0,0,0,23,8,14,9,13,22,9.20726231586604,11.8761022262111,0.374092673102884,2020-04-27,2020,4
"9839","RN",2,"Nordeste",24014,"Borborema Potiguar",143789,9969.26676247835,18,29,13,16,11,18,1,0,0,0,0,30,13,16,11,18,15,9.20726231586604,11.8761022262111,0.370371789482892,2020-05-04,2020,5
"9840","RN",2,"Nordeste",24014,"Borborema Potiguar",143789,9969.26676247835,19,34,10,24,13,21,1,0,0,0,0,35,10,24,13,21,17,9.20726231586604,11.8761022262111,0.399228820850435,2020-05-11,2020,5
"9841","RN",2,"Nordeste",24014,"Borborema Potiguar",143789,9969.26676247835,20,24,10,14,5,19,0,0,0,0,0,24,10,14,5,19,14,9.20726231586604,11.8761022262111,0.402317186108308,2020-05-18,2020,5
"9842","RN",2,"Nordeste",24014,"Borborema Potiguar",143789,9969.26676247835,21,23,10,13,12,11,0,0,0,0,0,23,10,13,12,11,29,9.20726231586604,11.8761022262111,0.390790410069852,2020-05-25,2020,5
"9843","RN",2,"Nordeste",24014,"Borborema Potiguar",143789,9969.26676247835,22,46,25,21,17,29,0,0,0,0,0,46,25,21,17,29,14,9.20726231586604,11.8761022262111,0.385848963553731,2020-06-01,2020,6
"9844","RN",2,"Nordeste",24014,"Borborema Potiguar",143789,9969.26676247835,23,27,8,19,15,12,1,0,0,0,0,28,8,19,15,12,20,9.20726231586604,11.8761022262111,0.38880913537782,2020-06-08,2020,6
"9845","RN",2,"Nordeste",24014,"Borborema Potiguar",143789,9969.26676247835,24,31,7,24,9,22,0,0,0,0,0,31,7,24,9,22,23,9.20726231586604,11.8761022262111,0.387901460652798,2020-06-15,2020,6
"9846","RN",2,"Nordeste",24014,"Borborema Potiguar",143789,9969.26676247835,25,36,15,21,16,20,0,0,0,0,0,36,15,21,16,20,23,9.20726231586604,11.8761022262111,0.380896210116045,2020-06-22,2020,6
"9847","RN",2,"Nordeste",24014,"Borborema Potiguar",143789,9969.26676247835,26,33,10,23,15,18,1,0,0,0,0,34,10,23,15,18,27,9.20726231586604,11.8761022262111,0.408587836219772,2020-06-29,2020,6
"9848","RN",2,"Nordeste",24014,"Borborema Potiguar",143789,9969.26676247835,27,37,16,21,16,21,0,0,0,0,0,37,16,21,16,21,36,9.20726231586604,11.8761022262111,0.422306368949196,2020-07-06,2020,7
"9849","RN",2,"Nordeste",24014,"Borborema Potiguar",143789,9969.26676247835,28,40,19,21,15,25,1,0,0,0,0,41,19,21,15,25,26,9.20726231586604,11.8761022262111,0.409355274961404,2020-07-13,2020,7
"9850","RN",2,"Nordeste",24014,"Borborema Potiguar",143789,9969.26676247835,29,50,19,31,21,29,0,0,0,0,0,50,19,31,21,29,24,9.20726231586604,11.8761022262111,0.416390361899958,2020-07-20,2020,7
"9851","RN",2,"Nordeste",24015,"Agreste Potiguar",253196,9495.43478115768,5,57,23,34,24,33,1,0,0,0,0,58,23,34,24,33,25,9.15856641273596,12.4419191713391,0.270578342902152,2020-02-03,2020,2
"9852","RN",2,"Nordeste",24015,"Agreste Potiguar",253196,9495.43478115768,6,60,27,33,27,33,1,0,0,0,0,61,27,33,27,33,39,9.15856641273596,12.4419191713391,0.266236880422307,2020-02-10,2020,2
"9853","RN",2,"Nordeste",24015,"Agreste Potiguar",253196,9495.43478115768,7,53,23,30,24,29,1,0,0,0,0,54,23,30,24,29,23,9.15856641273596,12.4419191713391,0.279734854232279,2020-02-17,2020,2
"9854","RN",2,"Nordeste",24015,"Agreste Potiguar",253196,9495.43478115768,8,53,21,32,25,28,2,0,0,0,0,55,21,32,25,28,25,9.15856641273596,12.4419191713391,0.324161692029066,2020-02-24,2020,2
"9855","RN",2,"Nordeste",24015,"Agreste Potiguar",253196,9495.43478115768,9,57,24,33,25,32,1,0,0,0,0,58,24,33,25,32,31,9.15856641273596,12.4419191713391,0.292828086937499,2020-03-02,2020,3
"9856","RN",2,"Nordeste",24015,"Agreste Potiguar",253196,9495.43478115768,10,63,22,41,33,30,1,0,0,0,0,64,22,41,33,30,30,9.15856641273596,12.4419191713391,0.325810061088214,2020-03-09,2020,3
"9857","RN",2,"Nordeste",24015,"Agreste Potiguar",253196,9495.43478115768,11,57,26,31,18,39,1,0,0,0,0,58,26,31,18,39,31,9.15856641273596,12.4419191713391,0.372166265842706,2020-03-16,2020,3
"9858","RN",2,"Nordeste",24015,"Agreste Potiguar",253196,9495.43478115768,12,59,32,27,25,34,1,0,0,0,0,60,32,27,25,34,32,9.15856641273596,12.4419191713391,0.466374367593909,2020-03-23,2020,3
"9859","RN",2,"Nordeste",24015,"Agreste Potiguar",253196,9495.43478115768,13,44,24,20,20,24,0,0,0,0,0,44,24,20,20,24,32,9.15856641273596,12.4419191713391,0.421030618916831,2020-03-30,2020,3
"9860","RN",2,"Nordeste",24015,"Agreste Potiguar",253196,9495.43478115768,14,53,25,28,17,36,1,0,0,0,0,54,25,28,17,36,36,9.15856641273596,12.4419191713391,0.396421200178408,2020-04-06,2020,4
"9861","RN",2,"Nordeste",24015,"Agreste Potiguar",253196,9495.43478115768,15,57,23,34,21,36,1,0,0,0,0,58,23,34,21,36,29,9.15856641273596,12.4419191713391,0.385827152370698,2020-04-13,2020,4
"9862","RN",2,"Nordeste",24015,"Agreste Potiguar",253196,9495.43478115768,16,67,24,43,25,42,1,0,0,0,0,68,24,43,25,42,28,9.15856641273596,12.4419191713391,0.378608936582694,2020-04-20,2020,4
"9863","RN",2,"Nordeste",24015,"Agreste Potiguar",253196,9495.43478115768,17,64,28,36,28,36,0,0,0,0,0,64,28,36,28,36,22,9.15856641273596,12.4419191713391,0.36498487623635,2020-04-27,2020,4
"9864","RN",2,"Nordeste",24015,"Agreste Potiguar",253196,9495.43478115768,18,71,29,42,27,44,0,0,0,0,0,71,29,42,27,44,34,9.15856641273596,12.4419191713391,0.376598117367365,2020-05-04,2020,5
"9865","RN",2,"Nordeste",24015,"Agreste Potiguar",253196,9495.43478115768,19,61,33,28,27,34,2,0,0,0,0,63,33,28,27,34,28,9.15856641273596,12.4419191713391,0.411541912829913,2020-05-11,2020,5
"9866","RN",2,"Nordeste",24015,"Agreste Potiguar",253196,9495.43478115768,20,53,23,30,20,33,0,0,0,0,0,53,23,30,20,33,34,9.15856641273596,12.4419191713391,0.404071825771725,2020-05-18,2020,5
"9867","RN",2,"Nordeste",24015,"Agreste Potiguar",253196,9495.43478115768,21,61,26,35,27,34,1,0,0,0,0,62,26,35,27,34,28,9.15856641273596,12.4419191713391,0.394541927515915,2020-05-25,2020,5
"9868","RN",2,"Nordeste",24015,"Agreste Potiguar",253196,9495.43478115768,22,48,22,26,25,23,0,0,0,0,0,48,22,26,25,23,44,9.15856641273596,12.4419191713391,0.397351355123635,2020-06-01,2020,6
"9869","RN",2,"Nordeste",24015,"Agreste Potiguar",253196,9495.43478115768,23,62,29,33,26,36,1,0,0,0,0,63,29,33,26,36,62,9.15856641273596,12.4419191713391,0.406729482446595,2020-06-08,2020,6
"9870","RN",2,"Nordeste",24015,"Agreste Potiguar",253196,9495.43478115768,24,55,22,33,22,33,0,0,0,0,0,55,22,33,22,33,55,9.15856641273596,12.4419191713391,0.391948154887081,2020-06-15,2020,6
"9871","RN",2,"Nordeste",24015,"Agreste Potiguar",253196,9495.43478115768,25,64,30,34,23,41,2,0,0,0,0,66,30,34,23,41,54,9.15856641273596,12.4419191713391,0.378754197928317,2020-06-22,2020,6
"9872","RN",2,"Nordeste",24015,"Agreste Potiguar",253196,9495.43478115768,26,62,29,33,28,34,0,0,0,0,0,62,29,33,28,34,55,9.15856641273596,12.4419191713391,0.397976498417149,2020-06-29,2020,6
"9873","RN",2,"Nordeste",24015,"Agreste Potiguar",253196,9495.43478115768,27,53,22,31,16,37,2,0,0,0,0,55,22,31,16,37,41,9.15856641273596,12.4419191713391,0.411436950678582,2020-07-06,2020,7
"9874","RN",2,"Nordeste",24015,"Agreste Potiguar",253196,9495.43478115768,28,66,29,37,27,39,2,0,0,0,0,68,29,37,27,39,31,9.15856641273596,12.4419191713391,0.396526243876005,2020-07-13,2020,7
"9875","RN",2,"Nordeste",24015,"Agreste Potiguar",253196,9495.43478115768,29,70,32,38,30,40,1,0,0,0,0,71,32,38,30,40,43,9.15856641273596,12.4419191713391,0.397457001897585,2020-07-20,2020,7
"9876","RN",2,"Nordeste",24016,"Litoral Nordeste",92534,19974.7625009186,5,20,7,13,7,13,1,0,0,0,0,21,7,13,7,13,2,9.90222488074745,11.4353314235317,0.295107662840193,2020-02-03,2020,2
"9877","RN",2,"Nordeste",24016,"Litoral Nordeste",92534,19974.7625009186,6,25,10,15,9,16,0,0,0,0,0,25,10,15,9,16,5,9.90222488074745,11.4353314235317,0.290560270851399,2020-02-10,2020,2
"9878","RN",2,"Nordeste",24016,"Litoral Nordeste",92534,19974.7625009186,7,13,4,9,9,4,0,0,0,0,0,13,4,9,9,4,11,9.90222488074745,11.4353314235317,0.298074062336887,2020-02-17,2020,2
"9879","RN",2,"Nordeste",24016,"Litoral Nordeste",92534,19974.7625009186,8,16,7,9,4,12,0,0,0,0,0,16,7,9,4,12,11,9.90222488074745,11.4353314235317,0.338997174090958,2020-02-24,2020,2
"9880","RN",2,"Nordeste",24016,"Litoral Nordeste",92534,19974.7625009186,9,27,12,15,14,13,0,0,0,0,0,27,12,15,14,13,13,9.90222488074745,11.4353314235317,0.333723335396767,2020-03-02,2020,3
"9881","RN",2,"Nordeste",24016,"Litoral Nordeste",92534,19974.7625009186,10,17,11,6,5,12,0,0,0,0,0,17,11,6,5,12,4,9.90222488074745,11.4353314235317,0.361214273931382,2020-03-09,2020,3
"9882","RN",2,"Nordeste",24016,"Litoral Nordeste",92534,19974.7625009186,11,15,7,8,9,6,0,0,0,0,0,15,7,8,9,6,8,9.90222488074745,11.4353314235317,0.388287050980253,2020-03-16,2020,3
"9883","RN",2,"Nordeste",24016,"Litoral Nordeste",92534,19974.7625009186,12,9,3,6,5,4,0,0,0,0,0,9,3,6,5,4,12,9.90222488074745,11.4353314235317,0.466925370307257,2020-03-23,2020,3
"9884","RN",2,"Nordeste",24016,"Litoral Nordeste",92534,19974.7625009186,13,23,11,12,9,14,0,0,0,0,0,23,11,12,9,14,8,9.90222488074745,11.4353314235317,0.442423529880608,2020-03-30,2020,3
"9885","RN",2,"Nordeste",24016,"Litoral Nordeste",92534,19974.7625009186,14,14,5,9,7,7,0,0,0,0,0,14,5,9,7,7,8,9.90222488074745,11.4353314235317,0.429958329083097,2020-04-06,2020,4
"9886","RN",2,"Nordeste",24016,"Litoral Nordeste",92534,19974.7625009186,15,25,13,12,13,12,0,0,0,0,0,25,13,12,13,12,11,9.90222488074745,11.4353314235317,0.423917659448038,2020-04-13,2020,4
"9887","RN",2,"Nordeste",24016,"Litoral Nordeste",92534,19974.7625009186,16,20,10,10,12,8,0,0,0,0,0,20,10,10,12,8,9,9.90222488074745,11.4353314235317,0.412602413657097,2020-04-20,2020,4
"9888","RN",2,"Nordeste",24016,"Litoral Nordeste",92534,19974.7625009186,17,19,3,16,11,8,0,0,0,0,0,19,3,16,11,8,12,9.90222488074745,11.4353314235317,0.385621197579039,2020-04-27,2020,4
"9889","RN",2,"Nordeste",24016,"Litoral Nordeste",92534,19974.7625009186,18,20,8,12,11,9,1,0,0,0,0,21,8,12,11,9,13,9.90222488074745,11.4353314235317,0.416017442513957,2020-05-04,2020,5
"9890","RN",2,"Nordeste",24016,"Litoral Nordeste",92534,19974.7625009186,19,15,10,5,6,9,0,0,0,0,0,15,10,5,6,9,15,9.90222488074745,11.4353314235317,0.447195023490657,2020-05-11,2020,5
"9891","RN",2,"Nordeste",24016,"Litoral Nordeste",92534,19974.7625009186,20,22,14,8,8,14,0,0,0,0,0,22,14,8,8,14,16,9.90222488074745,11.4353314235317,0.439718089427479,2020-05-18,2020,5
"9892","RN",2,"Nordeste",24016,"Litoral Nordeste",92534,19974.7625009186,21,22,5,17,14,8,0,0,0,0,0,22,5,17,14,8,17,9.90222488074745,11.4353314235317,0.435962878162611,2020-05-25,2020,5
"9893","RN",2,"Nordeste",24016,"Litoral Nordeste",92534,19974.7625009186,22,26,13,13,16,10,1,0,0,0,0,27,13,13,16,10,13,9.90222488074745,11.4353314235317,0.434061683820869,2020-06-01,2020,6
"9894","RN",2,"Nordeste",24016,"Litoral Nordeste",92534,19974.7625009186,23,21,7,14,8,13,1,0,0,0,0,22,7,14,8,13,17,9.90222488074745,11.4353314235317,0.441160964340308,2020-06-08,2020,6
"9895","RN",2,"Nordeste",24016,"Litoral Nordeste",92534,19974.7625009186,24,16,4,12,8,8,0,0,0,0,0,16,4,12,8,8,23,9.90222488074745,11.4353314235317,0.429253899237547,2020-06-15,2020,6
"9896","RN",2,"Nordeste",24016,"Litoral Nordeste",92534,19974.7625009186,25,31,17,14,10,21,0,0,0,0,0,31,17,14,10,21,21,9.90222488074745,11.4353314235317,0.415821188478498,2020-06-22,2020,6
"9897","RN",2,"Nordeste",24016,"Litoral Nordeste",92534,19974.7625009186,26,30,11,19,12,18,0,0,0,0,0,30,11,19,12,18,17,9.90222488074745,11.4353314235317,0.436166154445995,2020-06-29,2020,6
"9898","RN",2,"Nordeste",24016,"Litoral Nordeste",92534,19974.7625009186,27,25,11,14,12,13,0,0,0,0,0,25,11,14,12,13,12,9.90222488074745,11.4353314235317,0.448482727312866,2020-07-06,2020,7
"9899","RN",2,"Nordeste",24016,"Litoral Nordeste",92534,19974.7625009186,28,32,14,18,16,16,0,0,0,0,0,32,14,18,16,16,10,9.90222488074745,11.4353314235317,0.427916364524992,2020-07-13,2020,7
"9900","RN",2,"Nordeste",24016,"Litoral Nordeste",92534,19974.7625009186,29,20,6,14,12,8,0,0,0,0,0,20,6,14,12,8,16,9.90222488074745,11.4353314235317,0.430892986994122,2020-07-20,2020,7
"9901","RN",2,"Nordeste",24017,"Macaíba",331553,15502.2167757191,5,76,29,47,19,57,1,0,0,0,0,77,29,47,19,57,44,9.6487383104696,12.7115429551651,0.253096504569258,2020-02-03,2020,2
"9902","RN",2,"Nordeste",24017,"Macaíba",331553,15502.2167757191,6,82,24,58,34,48,0,0,0,0,0,82,24,58,34,48,48,9.6487383104696,12.7115429551651,0.254225161534461,2020-02-10,2020,2
"9903","RN",2,"Nordeste",24017,"Macaíba",331553,15502.2167757191,7,78,26,52,26,52,2,0,0,0,0,80,26,52,26,52,34,9.6487383104696,12.7115429551651,0.26950651495249,2020-02-17,2020,2
"9904","RN",2,"Nordeste",24017,"Macaíba",331553,15502.2167757191,8,85,38,47,32,53,0,0,0,0,0,85,38,47,32,53,38,9.6487383104696,12.7115429551651,0.323856441882597,2020-02-24,2020,2
"9905","RN",2,"Nordeste",24017,"Macaíba",331553,15502.2167757191,9,73,26,47,26,47,3,0,0,0,0,76,26,47,26,47,39,9.6487383104696,12.7115429551651,0.289425281413301,2020-03-02,2020,3
"9906","RN",2,"Nordeste",24017,"Macaíba",331553,15502.2167757191,10,66,25,41,21,45,1,0,0,0,0,67,25,41,21,45,41,9.6487383104696,12.7115429551651,0.314166797293892,2020-03-09,2020,3
"9907","RN",2,"Nordeste",24017,"Macaíba",331553,15502.2167757191,11,83,29,54,35,48,1,0,0,0,0,84,29,54,35,48,32,9.6487383104696,12.7115429551651,0.369527070077281,2020-03-16,2020,3
"9908","RN",2,"Nordeste",24017,"Macaíba",331553,15502.2167757191,12,63,30,33,28,35,1,0,0,0,0,64,30,33,28,35,55,9.6487383104696,12.7115429551651,0.475239077593235,2020-03-23,2020,3
"9909","RN",2,"Nordeste",24017,"Macaíba",331553,15502.2167757191,13,65,27,38,27,38,0,0,0,0,0,65,27,38,27,38,50,9.6487383104696,12.7115429551651,0.440745700822131,2020-03-30,2020,3
"9910","RN",2,"Nordeste",24017,"Macaíba",331553,15502.2167757191,14,70,27,43,29,41,2,0,0,0,0,72,27,43,29,41,38,9.6487383104696,12.7115429551651,0.431396288520799,2020-04-06,2020,4
"9911","RN",2,"Nordeste",24017,"Macaíba",331553,15502.2167757191,15,75,26,49,24,51,2,0,0,0,0,77,26,49,24,51,42,9.6487383104696,12.7115429551651,0.418777922044794,2020-04-13,2020,4
"9912","RN",2,"Nordeste",24017,"Macaíba",331553,15502.2167757191,16,92,41,51,38,54,1,0,0,0,0,93,41,51,38,54,36,9.6487383104696,12.7115429551651,0.414310333657443,2020-04-20,2020,4
"9913","RN",2,"Nordeste",24017,"Macaíba",331553,15502.2167757191,17,76,29,47,31,45,0,0,0,0,0,76,29,47,31,45,34,9.6487383104696,12.7115429551651,0.395068421944171,2020-04-27,2020,4
"9914","RN",2,"Nordeste",24017,"Macaíba",331553,15502.2167757191,18,60,19,41,22,38,0,0,0,0,0,60,19,41,22,38,43,9.6487383104696,12.7115429551651,0.384094932783329,2020-05-04,2020,5
"9915","RN",2,"Nordeste",24017,"Macaíba",331553,15502.2167757191,19,96,33,63,35,61,0,0,0,0,0,96,33,63,35,61,48,9.6487383104696,12.7115429551651,0.421516335434025,2020-05-11,2020,5
"9916","RN",2,"Nordeste",24017,"Macaíba",331553,15502.2167757191,20,84,31,53,31,53,0,0,0,0,0,84,31,53,31,53,42,9.6487383104696,12.7115429551651,0.414027119545507,2020-05-18,2020,5
"9917","RN",2,"Nordeste",24017,"Macaíba",331553,15502.2167757191,21,89,25,64,31,58,1,0,0,0,0,90,25,64,31,58,62,9.6487383104696,12.7115429551651,0.402243428750171,2020-05-25,2020,5
"9918","RN",2,"Nordeste",24017,"Macaíba",331553,15502.2167757191,22,96,32,64,38,58,2,0,0,0,0,98,32,64,38,58,72,9.6487383104696,12.7115429551651,0.39592743441891,2020-06-01,2020,6
"9919","RN",2,"Nordeste",24017,"Macaíba",331553,15502.2167757191,23,110,38,72,54,56,1,0,0,0,0,111,38,72,54,56,68,9.6487383104696,12.7115429551651,0.409981709642642,2020-06-08,2020,6
"9920","RN",2,"Nordeste",24017,"Macaíba",331553,15502.2167757191,24,87,36,51,32,55,0,0,0,0,0,87,36,51,32,55,69,9.6487383104696,12.7115429551651,0.390516778053811,2020-06-15,2020,6
"9921","RN",2,"Nordeste",24017,"Macaíba",331553,15502.2167757191,25,80,25,55,34,46,2,0,0,0,0,82,25,55,34,46,63,9.6487383104696,12.7115429551651,0.38375237277019,2020-06-22,2020,6
"9922","RN",2,"Nordeste",24017,"Macaíba",331553,15502.2167757191,26,93,31,62,44,49,1,0,0,0,0,94,31,62,44,49,60,9.6487383104696,12.7115429551651,0.390016512875683,2020-06-29,2020,6
"9923","RN",2,"Nordeste",24017,"Macaíba",331553,15502.2167757191,27,122,41,81,45,77,1,0,0,0,0,123,41,81,45,77,54,9.6487383104696,12.7115429551651,0.393097639909836,2020-07-06,2020,7
"9924","RN",2,"Nordeste",24017,"Macaíba",331553,15502.2167757191,28,92,37,55,42,50,0,0,0,0,0,92,37,55,42,50,62,9.6487383104696,12.7115429551651,0.384969064159379,2020-07-13,2020,7
"9925","RN",2,"Nordeste",24017,"Macaíba",331553,15502.2167757191,29,94,34,60,40,54,2,0,0,0,0,96,34,60,40,54,49,9.6487383104696,12.7115429551651,0.381002325047827,2020-07-20,2020,7
"9926","RN",2,"Nordeste",24018,"Natal",1186452,25280.848401385,5,270,67,203,98,172,2,0,0,0,0,272,67,203,98,172,156,10.137802407879,13.9864778989195,0.264731853057974,2020-02-03,2020,2
"9927","RN",2,"Nordeste",24018,"Natal",1186452,25280.848401385,6,268,64,204,70,198,0,0,0,0,0,268,64,204,70,198,126,10.137802407879,13.9864778989195,0.266023965843237,2020-02-10,2020,2
"9928","RN",2,"Nordeste",24018,"Natal",1186452,25280.848401385,7,251,68,183,81,170,1,0,0,0,0,252,68,183,81,170,133,10.137802407879,13.9864778989195,0.2772525425002,2020-02-17,2020,2
"9929","RN",2,"Nordeste",24018,"Natal",1186452,25280.848401385,8,270,66,204,89,181,5,0,0,0,0,275,66,204,89,181,130,10.137802407879,13.9864778989195,0.337421845802607,2020-02-24,2020,2
"9930","RN",2,"Nordeste",24018,"Natal",1186452,25280.848401385,9,236,55,181,75,161,2,0,0,0,0,238,55,181,75,161,133,10.137802407879,13.9864778989195,0.295537654777164,2020-03-02,2020,3
"9931","RN",2,"Nordeste",24018,"Natal",1186452,25280.848401385,10,220,58,162,80,140,4,0,0,0,0,224,58,162,80,140,130,10.137802407879,13.9864778989195,0.3183084629243,2020-03-09,2020,3
"9932","RN",2,"Nordeste",24018,"Natal",1186452,25280.848401385,11,256,73,183,107,149,1,0,0,0,0,257,73,183,107,149,147,10.137802407879,13.9864778989195,0.399540076599843,2020-03-16,2020,3
"9933","RN",2,"Nordeste",24018,"Natal",1186452,25280.848401385,12,241,71,170,84,157,1,0,0,0,0,242,71,170,84,157,132,10.137802407879,13.9864778989195,0.530572315790033,2020-03-23,2020,3
"9934","RN",2,"Nordeste",24018,"Natal",1186452,25280.848401385,13,241,80,161,79,162,2,0,0,0,0,243,80,161,79,162,136,10.137802407879,13.9864778989195,0.48815502170026,2020-03-30,2020,3
"9935","RN",2,"Nordeste",24018,"Natal",1186452,25280.848401385,14,227,55,172,82,145,1,0,0,0,0,228,55,172,82,145,108,10.137802407879,13.9864778989195,0.481738736048969,2020-04-06,2020,4
"9936","RN",2,"Nordeste",24018,"Natal",1186452,25280.848401385,15,247,66,181,77,170,3,0,0,0,0,250,66,181,77,170,122,10.137802407879,13.9864778989195,0.464641571851609,2020-04-13,2020,4
"9937","RN",2,"Nordeste",24018,"Natal",1186452,25280.848401385,16,268,75,193,85,183,2,0,0,0,0,270,75,193,85,183,135,10.137802407879,13.9864778989195,0.465877550315346,2020-04-20,2020,4
"9938","RN",2,"Nordeste",24018,"Natal",1186452,25280.848401385,17,254,57,197,84,170,2,0,0,0,0,256,57,197,84,170,150,10.137802407879,13.9864778989195,0.445231846416337,2020-04-27,2020,4
"9939","RN",2,"Nordeste",24018,"Natal",1186452,25280.848401385,18,271,67,204,92,179,3,0,0,0,0,274,67,204,92,179,146,10.137802407879,13.9864778989195,0.426388670140764,2020-05-04,2020,5
"9940","RN",2,"Nordeste",24018,"Natal",1186452,25280.848401385,19,260,69,191,89,171,2,0,0,0,0,262,69,191,89,171,152,10.137802407879,13.9864778989195,0.458781946662742,2020-05-11,2020,5
"9941","RN",2,"Nordeste",24018,"Natal",1186452,25280.848401385,20,254,73,181,96,158,3,0,0,0,0,257,73,181,96,158,191,10.137802407879,13.9864778989195,0.449702754343296,2020-05-18,2020,5
"9942","RN",2,"Nordeste",24018,"Natal",1186452,25280.848401385,21,256,64,192,85,171,1,0,0,0,0,257,64,192,85,171,197,10.137802407879,13.9864778989195,0.435241902301801,2020-05-25,2020,5
"9943","RN",2,"Nordeste",24018,"Natal",1186452,25280.848401385,22,302,73,229,100,202,3,0,0,0,0,305,73,229,100,202,224,10.137802407879,13.9864778989195,0.431498414336235,2020-06-01,2020,6
"9944","RN",2,"Nordeste",24018,"Natal",1186452,25280.848401385,23,248,57,191,79,169,1,0,0,0,0,249,57,191,79,169,264,10.137802407879,13.9864778989195,0.450227068060355,2020-06-08,2020,6
"9945","RN",2,"Nordeste",24018,"Natal",1186452,25280.848401385,24,246,61,185,87,159,2,0,0,0,0,248,61,185,87,159,313,10.137802407879,13.9864778989195,0.424205838542946,2020-06-15,2020,6
"9946","RN",2,"Nordeste",24018,"Natal",1186452,25280.848401385,25,269,73,196,93,176,2,0,0,0,0,271,73,196,93,176,277,10.137802407879,13.9864778989195,0.425427762977631,2020-06-22,2020,6
"9947","RN",2,"Nordeste",24018,"Natal",1186452,25280.848401385,26,275,68,207,85,190,2,0,0,0,0,277,68,207,85,190,234,10.137802407879,13.9864778989195,0.4284831948685,2020-06-29,2020,6
"9948","RN",2,"Nordeste",24018,"Natal",1186452,25280.848401385,27,279,68,211,77,202,3,0,0,0,0,282,68,211,77,202,219,10.137802407879,13.9864778989195,0.425056266184049,2020-07-06,2020,7
"9949","RN",2,"Nordeste",24018,"Natal",1186452,25280.848401385,28,311,88,223,86,225,6,0,0,0,0,317,88,223,86,225,184,10.137802407879,13.9864778989195,0.413362198612046,2020-07-13,2020,7
"9950","RN",2,"Nordeste",24018,"Natal",1186452,25280.848401385,29,276,73,203,96,180,0,0,0,0,0,276,73,203,96,180,186,10.137802407879,13.9864778989195,0.414532861690002,2020-07-20,2020,7
"9951","RN",2,"Nordeste",24019,"Litoral Sul",143610,16257.5398523083,5,33,13,20,15,18,1,0,0,0,0,34,13,20,15,18,15,9.69631207105867,11.8748565710547,0.272095856113496,2020-02-03,2020,2
"9952","RN",2,"Nordeste",24019,"Litoral Sul",143610,16257.5398523083,6,34,14,20,12,22,0,0,0,0,0,34,14,20,12,22,18,9.69631207105867,11.8748565710547,0.268837273951621,2020-02-10,2020,2
"9953","RN",2,"Nordeste",24019,"Litoral Sul",143610,16257.5398523083,7,33,19,14,12,21,0,0,0,0,0,33,19,14,12,21,17,9.69631207105867,11.8748565710547,0.277669446636236,2020-02-17,2020,2
"9954","RN",2,"Nordeste",24019,"Litoral Sul",143610,16257.5398523083,8,33,17,16,15,18,2,0,0,0,0,35,17,16,15,18,17,9.69631207105867,11.8748565710547,0.322661150997595,2020-02-24,2020,2
"9955","RN",2,"Nordeste",24019,"Litoral Sul",143610,16257.5398523083,9,37,21,16,22,15,0,0,0,0,0,37,21,16,22,15,18,9.69631207105867,11.8748565710547,0.305069985352389,2020-03-02,2020,3
"9956","RN",2,"Nordeste",24019,"Litoral Sul",143610,16257.5398523083,10,41,23,18,26,15,0,0,0,0,0,41,23,18,26,15,21,9.69631207105867,11.8748565710547,0.346536856914141,2020-03-09,2020,3
"9957","RN",2,"Nordeste",24019,"Litoral Sul",143610,16257.5398523083,11,27,8,19,14,13,0,0,0,0,0,27,8,19,14,13,13,9.69631207105867,11.8748565710547,0.385595442679071,2020-03-16,2020,3
"9958","RN",2,"Nordeste",24019,"Litoral Sul",143610,16257.5398523083,12,49,25,24,25,24,1,0,0,0,0,50,25,24,25,24,18,9.69631207105867,11.8748565710547,0.488654285845405,2020-03-23,2020,3
"9959","RN",2,"Nordeste",24019,"Litoral Sul",143610,16257.5398523083,13,38,18,20,19,19,0,0,0,0,0,38,18,20,19,19,20,9.69631207105867,11.8748565710547,0.442002561986908,2020-03-30,2020,3
"9960","RN",2,"Nordeste",24019,"Litoral Sul",143610,16257.5398523083,14,33,17,16,15,18,0,0,0,0,0,33,17,16,15,18,14,9.69631207105867,11.8748565710547,0.421778594371376,2020-04-06,2020,4
"9961","RN",2,"Nordeste",24019,"Litoral Sul",143610,16257.5398523083,15,39,16,23,15,24,0,0,0,0,0,39,16,23,15,24,16,9.69631207105867,11.8748565710547,0.415148721557713,2020-04-13,2020,4
"9962","RN",2,"Nordeste",24019,"Litoral Sul",143610,16257.5398523083,16,30,10,20,9,21,0,0,0,0,0,30,10,20,9,21,13,9.69631207105867,11.8748565710547,0.414349185092387,2020-04-20,2020,4
"9963","RN",2,"Nordeste",24019,"Litoral Sul",143610,16257.5398523083,17,42,23,19,18,24,1,0,0,0,0,43,23,19,18,24,13,9.69631207105867,11.8748565710547,0.395226344198229,2020-04-27,2020,4
"9964","RN",2,"Nordeste",24019,"Litoral Sul",143610,16257.5398523083,18,41,20,21,23,18,0,0,0,0,0,41,20,21,23,18,24,9.69631207105867,11.8748565710547,0.403816268486519,2020-05-04,2020,5
"9965","RN",2,"Nordeste",24019,"Litoral Sul",143610,16257.5398523083,19,46,28,18,22,24,0,0,0,0,0,46,28,18,22,24,9,9.69631207105867,11.8748565710547,0.445449869157849,2020-05-11,2020,5
"9966","RN",2,"Nordeste",24019,"Litoral Sul",143610,16257.5398523083,20,34,18,16,14,20,1,0,0,0,0,35,18,16,14,20,16,9.69631207105867,11.8748565710547,0.423775968551384,2020-05-18,2020,5
"9967","RN",2,"Nordeste",24019,"Litoral Sul",143610,16257.5398523083,21,45,18,27,19,26,1,0,0,0,0,46,18,27,19,26,25,9.69631207105867,11.8748565710547,0.399613957670899,2020-05-25,2020,5
"9968","RN",2,"Nordeste",24019,"Litoral Sul",143610,16257.5398523083,22,31,10,21,10,21,1,0,0,0,0,32,10,21,10,21,14,9.69631207105867,11.8748565710547,0.405951717383885,2020-06-01,2020,6
"9969","RN",2,"Nordeste",24019,"Litoral Sul",143610,16257.5398523083,23,28,16,12,16,12,1,0,0,0,0,29,16,12,16,12,20,9.69631207105867,11.8748565710547,0.409484665284608,2020-06-08,2020,6
"9970","RN",2,"Nordeste",24019,"Litoral Sul",143610,16257.5398523083,24,41,18,23,15,26,3,0,0,0,0,44,18,23,15,26,19,9.69631207105867,11.8748565710547,0.41251844447859,2020-06-15,2020,6
"9971","RN",2,"Nordeste",24019,"Litoral Sul",143610,16257.5398523083,25,41,24,17,19,22,0,0,0,0,0,41,24,17,19,22,20,9.69631207105867,11.8748565710547,0.396050774073971,2020-06-22,2020,6
"9972","RN",2,"Nordeste",24019,"Litoral Sul",143610,16257.5398523083,26,45,14,31,22,23,1,0,0,0,0,46,14,31,22,23,31,9.69631207105867,11.8748565710547,0.41924493265218,2020-06-29,2020,6
"9973","RN",2,"Nordeste",24019,"Litoral Sul",143610,16257.5398523083,27,35,14,21,15,20,1,0,0,0,0,36,14,21,15,20,30,9.69631207105867,11.8748565710547,0.427647035310218,2020-07-06,2020,7
"9974","RN",2,"Nordeste",24019,"Litoral Sul",143610,16257.5398523083,28,46,20,26,15,31,1,0,0,0,0,47,20,26,15,31,21,9.69631207105867,11.8748565710547,0.419492471832625,2020-07-13,2020,7
"9975","RN",2,"Nordeste",24019,"Litoral Sul",143610,16257.5398523083,29,56,30,26,26,30,0,0,0,0,0,56,30,26,26,30,16,9.69631207105867,11.8748565710547,0.408638591032863,2020-07-20,2020,7
"9976","RO",1,"Norte",11001,"Porto Velho",689580,28976.4156223933,5,147,43,104,75,72,2,0,0,0,0,149,43,104,75,72,53,10.2742375236976,13.4438379955909,0.299377028757918,2020-02-03,2020,2
"9977","RO",1,"Norte",11001,"Porto Velho",689580,28976.4156223933,6,150,39,111,79,71,3,0,0,0,0,153,39,111,79,71,55,10.2742375236976,13.4438379955909,0.296470758262756,2020-02-10,2020,2
"9978","RO",1,"Norte",11001,"Porto Velho",689580,28976.4156223933,7,177,53,124,72,105,2,0,0,0,0,179,53,124,72,105,53,10.2742375236976,13.4438379955909,0.313485540591117,2020-02-17,2020,2
"9979","RO",1,"Norte",11001,"Porto Velho",689580,28976.4156223933,8,159,68,91,78,81,1,0,0,0,0,160,68,91,78,81,43,10.2742375236976,13.4438379955909,0.360670375021636,2020-02-24,2020,2
"9980","RO",1,"Norte",11001,"Porto Velho",689580,28976.4156223933,9,168,41,127,76,92,0,0,0,0,0,168,41,127,76,92,51,10.2742375236976,13.4438379955909,0.337876888175529,2020-03-02,2020,3
"9981","RO",1,"Norte",11001,"Porto Velho",689580,28976.4156223933,10,166,42,124,71,95,0,0,0,0,0,166,42,124,71,95,65,10.2742375236976,13.4438379955909,0.348769028134729,2020-03-09,2020,3
"9982","RO",1,"Norte",11001,"Porto Velho",689580,28976.4156223933,11,146,40,106,67,79,2,0,0,0,0,148,40,106,67,79,65,10.2742375236976,13.4438379955909,0.430085299430305,2020-03-16,2020,3
"9983","RO",1,"Norte",11001,"Porto Velho",689580,28976.4156223933,12,174,60,114,74,100,0,0,0,0,0,174,60,114,74,100,62,10.2742375236976,13.4438379955909,0.522208450315977,2020-03-23,2020,3
"9984","RO",1,"Norte",11001,"Porto Velho",689580,28976.4156223933,13,152,45,107,65,87,1,0,0,0,0,153,45,107,65,87,56,10.2742375236976,13.4438379955909,0.474090500654225,2020-03-30,2020,3
"9985","RO",1,"Norte",11001,"Porto Velho",689580,28976.4156223933,14,136,27,109,53,83,3,0,0,0,0,139,27,109,53,83,57,10.2742375236976,13.4438379955909,0.46884084119365,2020-04-06,2020,4
"9986","RO",1,"Norte",11001,"Porto Velho",689580,28976.4156223933,15,156,54,102,79,77,1,0,0,0,0,157,54,102,79,77,55,10.2742375236976,13.4438379955909,0.459163632963259,2020-04-13,2020,4
"9987","RO",1,"Norte",11001,"Porto Velho",689580,28976.4156223933,16,192,59,133,79,113,3,0,0,0,0,195,59,133,79,113,61,10.2742375236976,13.4438379955909,0.45840235681199,2020-04-20,2020,4
"9988","RO",1,"Norte",11001,"Porto Velho",689580,28976.4156223933,17,141,37,104,58,83,1,0,0,0,0,142,37,104,58,83,76,10.2742375236976,13.4438379955909,0.445967249902001,2020-04-27,2020,4
"9989","RO",1,"Norte",11001,"Porto Velho",689580,28976.4156223933,18,150,48,102,66,84,2,0,0,0,0,152,48,102,66,84,78,10.2742375236976,13.4438379955909,0.42993567678471,2020-05-04,2020,5
"9990","RO",1,"Norte",11001,"Porto Velho",689580,28976.4156223933,19,151,45,106,70,81,1,0,0,0,0,152,45,106,70,81,79,10.2742375236976,13.4438379955909,0.455902955427728,2020-05-11,2020,5
"9991","RO",1,"Norte",11001,"Porto Velho",689580,28976.4156223933,20,145,42,103,67,78,3,0,0,0,0,148,42,103,67,78,98,10.2742375236976,13.4438379955909,0.453305626527117,2020-05-18,2020,5
"9992","RO",1,"Norte",11001,"Porto Velho",689580,28976.4156223933,21,168,48,120,99,69,3,0,0,0,0,171,48,120,99,69,82,10.2742375236976,13.4438379955909,0.436890858752631,2020-05-25,2020,5
"9993","RO",1,"Norte",11001,"Porto Velho",689580,28976.4156223933,22,190,58,132,92,98,1,0,0,0,0,191,58,132,92,98,148,10.2742375236976,13.4438379955909,0.439718860705586,2020-06-01,2020,6
"9994","RO",1,"Norte",11001,"Porto Velho",689580,28976.4156223933,23,165,48,117,82,83,1,0,0,0,0,166,48,117,82,83,129,10.2742375236976,13.4438379955909,0.486550381254093,2020-06-08,2020,6
"9995","RO",1,"Norte",11001,"Porto Velho",689580,28976.4156223933,24,148,48,100,63,85,3,0,0,0,0,151,48,100,63,85,137,10.2742375236976,13.4438379955909,0.426728885963461,2020-06-15,2020,6
"9996","RO",1,"Norte",11001,"Porto Velho",689580,28976.4156223933,25,187,60,127,98,89,4,0,0,0,0,191,60,127,98,89,107,10.2742375236976,13.4438379955909,0.431161241851832,2020-06-22,2020,6
"9997","RO",1,"Norte",11001,"Porto Velho",689580,28976.4156223933,26,168,51,117,71,97,2,0,0,0,0,170,51,117,71,97,86,10.2742375236976,13.4438379955909,0.434523533033507,2020-06-29,2020,6
"9998","RO",1,"Norte",11001,"Porto Velho",689580,28976.4156223933,27,140,44,96,71,69,2,0,0,0,0,142,44,96,71,69,111,10.2742375236976,13.4438379955909,0.430558951881609,2020-07-06,2020,7
"9999","RO",1,"Norte",11001,"Porto Velho",689580,28976.4156223933,28,178,41,137,75,103,1,0,0,0,0,179,41,137,75,103,96,10.2742375236976,13.4438379955909,0.426101512526143,2020-07-13,2020,7
"10000","RO",1,"Norte",11001,"Porto Velho",689580,28976.4156223933,29,157,41,116,69,88,3,0,0,0,0,160,41,116,69,88,110,10.2742375236976,13.4438379955909,0.425853991501053,2020-07-20,2020,7
"10001","RO",1,"Norte",11002,"Guajará-Mirim",86035,16981.5701314581,5,27,8,19,10,17,0,0,0,0,0,27,8,19,10,17,4,9.73988392505191,11.3625094691873,0.314253881278876,2020-02-03,2020,2
"10002","RO",1,"Norte",11002,"Guajará-Mirim",86035,16981.5701314581,6,24,8,16,11,13,0,0,0,0,0,24,8,16,11,13,8,9.73988392505191,11.3625094691873,0.289407543117619,2020-02-10,2020,2
"10003","RO",1,"Norte",11002,"Guajará-Mirim",86035,16981.5701314581,7,19,12,7,9,10,0,0,0,0,0,19,12,7,9,10,7,9.73988392505191,11.3625094691873,0.326386138638157,2020-02-17,2020,2
"10004","RO",1,"Norte",11002,"Guajará-Mirim",86035,16981.5701314581,8,23,5,18,12,11,1,0,0,0,0,24,5,18,12,11,10,9.73988392505191,11.3625094691873,0.336326203630042,2020-02-24,2020,2
"10005","RO",1,"Norte",11002,"Guajará-Mirim",86035,16981.5701314581,9,24,13,11,12,12,0,0,0,0,0,24,13,11,12,12,6,9.73988392505191,11.3625094691873,0.33932639378612,2020-03-02,2020,3
"10006","RO",1,"Norte",11002,"Guajará-Mirim",86035,16981.5701314581,10,19,9,10,12,7,0,0,0,0,0,19,9,10,12,7,7,9.73988392505191,11.3625094691873,0.34570154486829,2020-03-09,2020,3
"10007","RO",1,"Norte",11002,"Guajará-Mirim",86035,16981.5701314581,11,15,7,8,6,9,0,0,0,0,0,15,7,8,6,9,10,9.73988392505191,11.3625094691873,0.41063269429176,2020-03-16,2020,3
"10008","RO",1,"Norte",11002,"Guajará-Mirim",86035,16981.5701314581,12,21,8,13,5,16,0,0,0,0,0,21,8,13,5,16,8,9.73988392505191,11.3625094691873,0.471453609017489,2020-03-23,2020,3
"10009","RO",1,"Norte",11002,"Guajará-Mirim",86035,16981.5701314581,13,19,10,9,12,7,0,0,0,0,0,19,10,9,12,7,2,9.73988392505191,11.3625094691873,0.427606634531889,2020-03-30,2020,3
"10010","RO",1,"Norte",11002,"Guajará-Mirim",86035,16981.5701314581,14,23,14,9,13,10,0,0,0,0,0,23,14,9,13,10,7,9.73988392505191,11.3625094691873,0.430511358581983,2020-04-06,2020,4
"10011","RO",1,"Norte",11002,"Guajará-Mirim",86035,16981.5701314581,15,22,8,14,8,14,1,0,0,0,0,23,8,14,8,14,4,9.73988392505191,11.3625094691873,0.426149150347033,2020-04-13,2020,4
"10012","RO",1,"Norte",11002,"Guajará-Mirim",86035,16981.5701314581,16,27,9,18,12,15,0,0,0,0,0,27,9,18,12,15,8,9.73988392505191,11.3625094691873,0.440456149573744,2020-04-20,2020,4
"10013","RO",1,"Norte",11002,"Guajará-Mirim",86035,16981.5701314581,17,20,9,11,10,10,0,0,0,0,0,20,9,11,10,10,12,9.73988392505191,11.3625094691873,0.427356090214721,2020-04-27,2020,4
"10014","RO",1,"Norte",11002,"Guajará-Mirim",86035,16981.5701314581,18,14,6,8,3,11,0,0,0,0,0,14,6,8,3,11,12,9.73988392505191,11.3625094691873,0.427470028951943,2020-05-04,2020,5
"10015","RO",1,"Norte",11002,"Guajará-Mirim",86035,16981.5701314581,19,22,8,14,8,14,0,0,0,0,0,22,8,14,8,14,18,9.73988392505191,11.3625094691873,0.453560505425057,2020-05-11,2020,5
"10016","RO",1,"Norte",11002,"Guajará-Mirim",86035,16981.5701314581,20,29,9,20,16,13,0,0,0,0,0,29,9,20,16,13,10,9.73988392505191,11.3625094691873,0.464665529361602,2020-05-18,2020,5
"10017","RO",1,"Norte",11002,"Guajará-Mirim",86035,16981.5701314581,21,21,7,14,9,12,0,0,0,0,0,21,7,14,9,12,14,9.73988392505191,11.3625094691873,0.44396735975748,2020-05-25,2020,5
"10018","RO",1,"Norte",11002,"Guajará-Mirim",86035,16981.5701314581,22,23,11,12,14,9,0,0,0,0,0,23,11,12,14,9,16,9.73988392505191,11.3625094691873,0.446340374017525,2020-06-01,2020,6
"10019","RO",1,"Norte",11002,"Guajará-Mirim",86035,16981.5701314581,23,21,6,15,11,10,0,0,0,0,0,21,6,15,11,10,16,9.73988392505191,11.3625094691873,0.455222920047304,2020-06-08,2020,6
"10020","RO",1,"Norte",11002,"Guajará-Mirim",86035,16981.5701314581,24,26,12,14,14,12,0,0,0,0,0,26,12,14,14,12,19,9.73988392505191,11.3625094691873,0.425940977961982,2020-06-15,2020,6
"10021","RO",1,"Norte",11002,"Guajará-Mirim",86035,16981.5701314581,25,22,10,12,16,6,0,0,0,0,0,22,10,12,16,6,10,9.73988392505191,11.3625094691873,0.428579008134901,2020-06-22,2020,6
"10022","RO",1,"Norte",11002,"Guajará-Mirim",86035,16981.5701314581,26,29,9,20,18,11,0,0,0,0,0,29,9,20,18,11,15,9.73988392505191,11.3625094691873,0.4321188236906,2020-06-29,2020,6
"10023","RO",1,"Norte",11002,"Guajará-Mirim",86035,16981.5701314581,27,23,7,16,9,14,2,0,0,0,0,25,7,16,9,14,19,9.73988392505191,11.3625094691873,0.438913906456943,2020-07-06,2020,7
"10024","RO",1,"Norte",11002,"Guajará-Mirim",86035,16981.5701314581,28,23,5,18,10,13,0,0,0,0,0,23,5,18,10,13,12,9.73988392505191,11.3625094691873,0.430473999263811,2020-07-13,2020,7
"10025","RO",1,"Norte",11002,"Guajará-Mirim",86035,16981.5701314581,29,26,14,12,14,12,0,0,0,0,0,26,14,12,14,12,9,9.73988392505191,11.3625094691873,0.429533154923732,2020-07-20,2020,7
"10026","RO",1,"Norte",11003,"Ariquemes",209694,20314.1101934247,5,65,22,43,36,29,0,0,0,0,0,65,22,43,36,29,16,9.91907100699122,12.2534046041774,0.289696280048098,2020-02-03,2020,2
"10027","RO",1,"Norte",11003,"Ariquemes",209694,20314.1101934247,6,37,8,29,15,22,0,0,0,0,0,37,8,29,15,22,12,9.91907100699122,12.2534046041774,0.293799220613929,2020-02-10,2020,2
"10028","RO",1,"Norte",11003,"Ariquemes",209694,20314.1101934247,7,48,16,32,26,22,0,0,0,0,0,48,16,32,26,22,15,9.91907100699122,12.2534046041774,0.307869287910069,2020-02-17,2020,2
"10029","RO",1,"Norte",11003,"Ariquemes",209694,20314.1101934247,8,42,6,36,17,25,0,0,0,0,0,42,6,36,17,25,18,9.91907100699122,12.2534046041774,0.337851901548499,2020-02-24,2020,2
"10030","RO",1,"Norte",11003,"Ariquemes",209694,20314.1101934247,9,55,16,39,29,26,1,0,0,0,0,56,16,39,29,26,17,9.91907100699122,12.2534046041774,0.337765364967141,2020-03-02,2020,3
"10031","RO",1,"Norte",11003,"Ariquemes",209694,20314.1101934247,10,52,15,37,29,23,1,0,0,0,0,53,15,37,29,23,26,9.91907100699122,12.2534046041774,0.340966441365543,2020-03-09,2020,3
"10032","RO",1,"Norte",11003,"Ariquemes",209694,20314.1101934247,11,59,14,45,28,31,0,0,0,0,0,59,14,45,28,31,19,9.91907100699122,12.2534046041774,0.39468195555073,2020-03-16,2020,3
"10033","RO",1,"Norte",11003,"Ariquemes",209694,20314.1101934247,12,45,16,29,17,28,2,0,0,0,0,47,16,29,17,28,19,9.91907100699122,12.2534046041774,0.48350887237431,2020-03-23,2020,3
"10034","RO",1,"Norte",11003,"Ariquemes",209694,20314.1101934247,13,44,18,26,17,27,0,0,0,0,0,44,18,26,17,27,22,9.91907100699122,12.2534046041774,0.426351613964095,2020-03-30,2020,3
"10035","RO",1,"Norte",11003,"Ariquemes",209694,20314.1101934247,14,37,11,26,14,23,1,0,0,0,0,38,11,26,14,23,21,9.91907100699122,12.2534046041774,0.43088966453297,2020-04-06,2020,4
"10036","RO",1,"Norte",11003,"Ariquemes",209694,20314.1101934247,15,46,12,34,19,27,0,0,0,0,0,46,12,34,19,27,11,9.91907100699122,12.2534046041774,0.416137968959443,2020-04-13,2020,4
"10037","RO",1,"Norte",11003,"Ariquemes",209694,20314.1101934247,16,37,11,26,21,16,0,0,0,0,0,37,11,26,21,16,14,9.91907100699122,12.2534046041774,0.428898017862396,2020-04-20,2020,4
"10038","RO",1,"Norte",11003,"Ariquemes",209694,20314.1101934247,17,50,10,40,29,21,1,0,0,0,0,51,10,40,29,21,17,9.91907100699122,12.2534046041774,0.41741368174573,2020-04-27,2020,4
"10039","RO",1,"Norte",11003,"Ariquemes",209694,20314.1101934247,18,49,19,30,26,23,0,0,0,0,0,49,19,30,26,23,16,9.91907100699122,12.2534046041774,0.401855161661149,2020-05-04,2020,5
"10040","RO",1,"Norte",11003,"Ariquemes",209694,20314.1101934247,19,47,16,31,16,31,1,0,0,0,0,48,16,31,16,31,17,9.91907100699122,12.2534046041774,0.416537570333067,2020-05-11,2020,5
"10041","RO",1,"Norte",11003,"Ariquemes",209694,20314.1101934247,20,56,11,45,21,35,1,0,0,0,0,57,11,45,21,35,14,9.91907100699122,12.2534046041774,0.40946911809582,2020-05-18,2020,5
"10042","RO",1,"Norte",11003,"Ariquemes",209694,20314.1101934247,21,58,17,41,26,32,0,0,0,0,0,58,17,41,26,32,19,9.91907100699122,12.2534046041774,0.393931794747226,2020-05-25,2020,5
"10043","RO",1,"Norte",11003,"Ariquemes",209694,20314.1101934247,22,54,16,38,21,33,0,0,0,0,0,54,16,38,21,33,17,9.91907100699122,12.2534046041774,0.394355224578762,2020-06-01,2020,6
"10044","RO",1,"Norte",11003,"Ariquemes",209694,20314.1101934247,23,62,17,45,33,29,0,0,0,0,0,62,17,45,33,29,23,9.91907100699122,12.2534046041774,0.408336607167073,2020-06-08,2020,6
"10045","RO",1,"Norte",11003,"Ariquemes",209694,20314.1101934247,24,55,17,38,28,27,0,0,0,0,0,55,17,38,28,27,21,9.91907100699122,12.2534046041774,0.383196307940131,2020-06-15,2020,6
"10046","RO",1,"Norte",11003,"Ariquemes",209694,20314.1101934247,25,44,8,36,17,27,0,0,0,0,0,44,8,36,17,27,18,9.91907100699122,12.2534046041774,0.391199023159636,2020-06-22,2020,6
"10047","RO",1,"Norte",11003,"Ariquemes",209694,20314.1101934247,26,44,12,32,18,26,0,0,0,0,0,44,12,32,18,26,12,9.91907100699122,12.2534046041774,0.393525200858231,2020-06-29,2020,6
"10048","RO",1,"Norte",11003,"Ariquemes",209694,20314.1101934247,27,52,16,36,25,27,0,0,0,0,0,52,16,36,25,27,26,9.91907100699122,12.2534046041774,0.407938054244479,2020-07-06,2020,7
"10049","RO",1,"Norte",11003,"Ariquemes",209694,20314.1101934247,28,36,13,23,16,20,0,0,0,0,0,36,13,23,16,20,22,9.91907100699122,12.2534046041774,0.397590564650766,2020-07-13,2020,7
"10050","RO",1,"Norte",11003,"Ariquemes",209694,20314.1101934247,29,36,10,26,20,16,1,0,0,0,0,37,10,26,20,16,28,9.91907100699122,12.2534046041774,0.392081218700212,2020-07-20,2020,7
"10051","RO",1,"Norte",11004,"Ji-Paraná",293651,24535.4651779834,5,84,22,62,33,51,0,0,0,0,0,84,22,62,33,51,40,10.1078749081153,12.5901472663595,0.306211518173065,2020-02-03,2020,2
"10052","RO",1,"Norte",11004,"Ji-Paraná",293651,24535.4651779834,6,79,24,55,31,48,0,0,0,0,0,79,24,55,31,48,35,10.1078749081153,12.5901472663595,0.297441249341463,2020-02-10,2020,2
"10053","RO",1,"Norte",11004,"Ji-Paraná",293651,24535.4651779834,7,74,19,55,32,42,2,0,0,0,0,76,19,55,32,42,20,10.1078749081153,12.5901472663595,0.312229690909566,2020-02-17,2020,2
"10054","RO",1,"Norte",11004,"Ji-Paraná",293651,24535.4651779834,8,70,13,57,29,41,0,0,0,0,0,70,13,57,29,41,33,10.1078749081153,12.5901472663595,0.341907753386937,2020-02-24,2020,2
"10055","RO",1,"Norte",11004,"Ji-Paraná",293651,24535.4651779834,9,87,31,56,42,45,0,0,0,0,0,87,31,56,42,45,30,10.1078749081153,12.5901472663595,0.32159498437089,2020-03-02,2020,3
"10056","RO",1,"Norte",11004,"Ji-Paraná",293651,24535.4651779834,10,64,17,47,26,38,0,0,0,0,0,64,17,47,26,38,32,10.1078749081153,12.5901472663595,0.336425327897081,2020-03-09,2020,3
"10057","RO",1,"Norte",11004,"Ji-Paraná",293651,24535.4651779834,11,68,12,56,20,48,2,0,0,0,0,70,12,56,20,48,29,10.1078749081153,12.5901472663595,0.407101313227477,2020-03-16,2020,3
"10058","RO",1,"Norte",11004,"Ji-Paraná",293651,24535.4651779834,12,67,15,52,27,40,0,0,0,0,0,67,15,52,27,40,24,10.1078749081153,12.5901472663595,0.495444475591973,2020-03-23,2020,3
"10059","RO",1,"Norte",11004,"Ji-Paraná",293651,24535.4651779834,13,64,13,51,28,36,0,0,0,0,0,64,13,51,28,36,34,10.1078749081153,12.5901472663595,0.434792004480474,2020-03-30,2020,3
"10060","RO",1,"Norte",11004,"Ji-Paraná",293651,24535.4651779834,14,57,12,45,24,33,0,0,0,0,0,57,12,45,24,33,38,10.1078749081153,12.5901472663595,0.424181537295722,2020-04-06,2020,4
"10061","RO",1,"Norte",11004,"Ji-Paraná",293651,24535.4651779834,15,60,18,42,27,33,0,0,0,0,0,60,18,42,27,33,22,10.1078749081153,12.5901472663595,0.405678248567452,2020-04-13,2020,4
"10062","RO",1,"Norte",11004,"Ji-Paraná",293651,24535.4651779834,16,76,18,58,34,42,1,0,0,0,0,77,18,58,34,42,18,10.1078749081153,12.5901472663595,0.41351025342336,2020-04-20,2020,4
"10063","RO",1,"Norte",11004,"Ji-Paraná",293651,24535.4651779834,17,81,15,66,29,52,0,0,0,0,0,81,15,66,29,52,45,10.1078749081153,12.5901472663595,0.406907778331225,2020-04-27,2020,4
"10064","RO",1,"Norte",11004,"Ji-Paraná",293651,24535.4651779834,18,62,12,50,25,37,0,0,0,0,0,62,12,50,25,37,33,10.1078749081153,12.5901472663595,0.396938928103052,2020-05-04,2020,5
"10065","RO",1,"Norte",11004,"Ji-Paraná",293651,24535.4651779834,19,83,22,61,33,50,0,0,0,0,0,83,22,61,33,50,28,10.1078749081153,12.5901472663595,0.409366032456553,2020-05-11,2020,5
"10066","RO",1,"Norte",11004,"Ji-Paraná",293651,24535.4651779834,20,61,20,41,25,36,1,0,0,0,0,62,20,41,25,36,31,10.1078749081153,12.5901472663595,0.402237740405493,2020-05-18,2020,5
"10067","RO",1,"Norte",11004,"Ji-Paraná",293651,24535.4651779834,21,84,21,63,38,46,1,0,0,0,0,85,21,63,38,46,25,10.1078749081153,12.5901472663595,0.391378097622007,2020-05-25,2020,5
"10068","RO",1,"Norte",11004,"Ji-Paraná",293651,24535.4651779834,22,84,15,69,29,55,0,0,0,0,0,84,15,69,29,55,26,10.1078749081153,12.5901472663595,0.392318703833193,2020-06-01,2020,6
"10069","RO",1,"Norte",11004,"Ji-Paraná",293651,24535.4651779834,23,109,22,87,39,70,0,0,0,0,0,109,22,87,39,70,26,10.1078749081153,12.5901472663595,0.395238236721809,2020-06-08,2020,6
"10070","RO",1,"Norte",11004,"Ji-Paraná",293651,24535.4651779834,24,73,19,54,27,46,1,0,0,0,0,74,19,54,27,46,34,10.1078749081153,12.5901472663595,0.391716551800068,2020-06-15,2020,6
"10071","RO",1,"Norte",11004,"Ji-Paraná",293651,24535.4651779834,25,87,29,58,37,50,1,0,0,0,0,88,29,58,37,50,39,10.1078749081153,12.5901472663595,0.389856546706979,2020-06-22,2020,6
"10072","RO",1,"Norte",11004,"Ji-Paraná",293651,24535.4651779834,26,74,24,50,40,34,0,0,0,0,0,74,24,50,40,34,23,10.1078749081153,12.5901472663595,0.392801721324652,2020-06-29,2020,6
"10073","RO",1,"Norte",11004,"Ji-Paraná",293651,24535.4651779834,27,93,24,69,40,53,0,0,0,0,0,93,24,69,40,53,35,10.1078749081153,12.5901472663595,0.396942796752611,2020-07-06,2020,7
"10074","RO",1,"Norte",11004,"Ji-Paraná",293651,24535.4651779834,28,87,28,59,32,55,2,0,0,0,0,89,28,59,32,55,29,10.1078749081153,12.5901472663595,0.394797255126132,2020-07-13,2020,7
"10075","RO",1,"Norte",11004,"Ji-Paraná",293651,24535.4651779834,29,98,27,71,43,55,0,0,0,0,0,98,27,71,43,55,25,10.1078749081153,12.5901472663595,0.391656562642497,2020-07-20,2020,7
"10076","RO",1,"Norte",11005,"Alvorada D'Oeste",69523,22541.1105366569,5,22,6,16,7,15,0,0,0,0,0,22,6,16,7,15,8,10.0230960559744,11.1494129120577,0.336732668955062,2020-02-03,2020,2
"10077","RO",1,"Norte",11005,"Alvorada D'Oeste",69523,22541.1105366569,6,17,2,15,7,10,0,0,0,0,0,17,2,15,7,10,9,10.0230960559744,11.1494129120577,0.319187178473139,2020-02-10,2020,2
"10078","RO",1,"Norte",11005,"Alvorada D'Oeste",69523,22541.1105366569,7,15,6,9,6,9,0,0,0,0,0,15,6,9,6,9,2,10.0230960559744,11.1494129120577,0.325703488781384,2020-02-17,2020,2
"10079","RO",1,"Norte",11005,"Alvorada D'Oeste",69523,22541.1105366569,8,24,5,19,14,10,0,0,0,0,0,24,5,19,14,10,16,10.0230960559744,11.1494129120577,0.352571625325378,2020-02-24,2020,2
"10080","RO",1,"Norte",11005,"Alvorada D'Oeste",69523,22541.1105366569,9,21,5,16,6,15,0,0,0,0,0,21,5,16,6,15,7,10.0230960559744,11.1494129120577,0.336770237730782,2020-03-02,2020,3
"10081","RO",1,"Norte",11005,"Alvorada D'Oeste",69523,22541.1105366569,10,30,6,24,12,18,0,0,0,0,0,30,6,24,12,18,5,10.0230960559744,11.1494129120577,0.363831744629084,2020-03-09,2020,3
"10082","RO",1,"Norte",11005,"Alvorada D'Oeste",69523,22541.1105366569,11,19,2,17,5,14,0,0,0,0,0,19,2,17,5,14,6,10.0230960559744,11.1494129120577,0.409005238708472,2020-03-16,2020,3
"10083","RO",1,"Norte",11005,"Alvorada D'Oeste",69523,22541.1105366569,12,8,6,2,3,5,0,0,0,0,0,8,6,2,3,5,2,10.0230960559744,11.1494129120577,0.472354368731054,2020-03-23,2020,3
"10084","RO",1,"Norte",11005,"Alvorada D'Oeste",69523,22541.1105366569,13,12,5,7,5,7,0,0,0,0,0,12,5,7,5,7,12,10.0230960559744,11.1494129120577,0.426975261858033,2020-03-30,2020,3
"10085","RO",1,"Norte",11005,"Alvorada D'Oeste",69523,22541.1105366569,14,4,3,1,3,1,0,0,0,0,0,4,3,1,3,1,4,10.0230960559744,11.1494129120577,0.432112106388427,2020-04-06,2020,4
"10086","RO",1,"Norte",11005,"Alvorada D'Oeste",69523,22541.1105366569,15,17,3,14,5,12,0,0,0,0,0,17,3,14,5,12,4,10.0230960559744,11.1494129120577,0.392786791490435,2020-04-13,2020,4
"10087","RO",1,"Norte",11005,"Alvorada D'Oeste",69523,22541.1105366569,16,16,6,10,9,7,0,0,0,0,0,16,6,10,9,7,6,10.0230960559744,11.1494129120577,0.423920669655575,2020-04-20,2020,4
"10088","RO",1,"Norte",11005,"Alvorada D'Oeste",69523,22541.1105366569,17,11,2,9,2,9,0,0,0,0,0,11,2,9,2,9,11,10.0230960559744,11.1494129120577,0.440858884858263,2020-04-27,2020,4
"10089","RO",1,"Norte",11005,"Alvorada D'Oeste",69523,22541.1105366569,18,24,7,17,10,14,0,0,0,0,0,24,7,17,10,14,7,10.0230960559744,11.1494129120577,0.444330235778868,2020-05-04,2020,5
"10090","RO",1,"Norte",11005,"Alvorada D'Oeste",69523,22541.1105366569,19,22,4,18,11,11,0,0,0,0,0,22,4,18,11,11,6,10.0230960559744,11.1494129120577,0.446141660665937,2020-05-11,2020,5
"10091","RO",1,"Norte",11005,"Alvorada D'Oeste",69523,22541.1105366569,20,24,5,19,8,16,0,0,0,0,0,24,5,19,8,16,7,10.0230960559744,11.1494129120577,0.443755325922683,2020-05-18,2020,5
"10092","RO",1,"Norte",11005,"Alvorada D'Oeste",69523,22541.1105366569,21,16,3,13,8,8,0,0,0,0,0,16,3,13,8,8,5,10.0230960559744,11.1494129120577,0.476594756415865,2020-05-25,2020,5
"10093","RO",1,"Norte",11005,"Alvorada D'Oeste",69523,22541.1105366569,22,19,5,14,9,10,0,0,0,0,0,19,5,14,9,10,11,10.0230960559744,11.1494129120577,0.454135609917464,2020-06-01,2020,6
"10094","RO",1,"Norte",11005,"Alvorada D'Oeste",69523,22541.1105366569,23,19,8,11,13,6,0,0,0,0,0,19,8,11,13,6,11,10.0230960559744,11.1494129120577,0.447643884719731,2020-06-08,2020,6
"10095","RO",1,"Norte",11005,"Alvorada D'Oeste",69523,22541.1105366569,24,10,2,8,4,6,0,0,0,0,0,10,2,8,4,6,4,10.0230960559744,11.1494129120577,0.434519235566809,2020-06-15,2020,6
"10096","RO",1,"Norte",11005,"Alvorada D'Oeste",69523,22541.1105366569,25,15,3,12,3,12,1,0,0,0,0,16,3,12,3,12,7,10.0230960559744,11.1494129120577,0.435479868437638,2020-06-22,2020,6
"10097","RO",1,"Norte",11005,"Alvorada D'Oeste",69523,22541.1105366569,26,18,4,14,7,11,0,0,0,0,0,18,4,14,7,11,7,10.0230960559744,11.1494129120577,0.436030824912006,2020-06-29,2020,6
"10098","RO",1,"Norte",11005,"Alvorada D'Oeste",69523,22541.1105366569,27,15,3,12,8,7,0,0,0,0,0,15,3,12,8,7,7,10.0230960559744,11.1494129120577,0.430217854915217,2020-07-06,2020,7
"10099","RO",1,"Norte",11005,"Alvorada D'Oeste",69523,22541.1105366569,28,17,5,12,11,6,0,0,0,0,0,17,5,12,11,6,6,10.0230960559744,11.1494129120577,0.427380627409245,2020-07-13,2020,7
"10100","RO",1,"Norte",11005,"Alvorada D'Oeste",69523,22541.1105366569,29,15,3,12,7,8,0,0,0,0,0,15,3,12,7,8,10,10.0230960559744,11.1494129120577,0.427690439878105,2020-07-20,2020,7
"10101","RO",1,"Norte",11006,"Cacoal",237069,23344.7486784016,5,62,13,49,27,35,0,0,0,0,0,62,13,49,27,35,22,10.0581273418042,12.376106516985,0.305963674466008,2020-02-03,2020,2
"10102","RO",1,"Norte",11006,"Cacoal",237069,23344.7486784016,6,61,14,47,24,37,0,0,0,0,0,61,14,47,24,37,16,10.0581273418042,12.376106516985,0.306426408635654,2020-02-10,2020,2
"10103","RO",1,"Norte",11006,"Cacoal",237069,23344.7486784016,7,66,16,50,27,39,0,0,0,0,0,66,16,50,27,39,27,10.0581273418042,12.376106516985,0.326753178697057,2020-02-17,2020,2
"10104","RO",1,"Norte",11006,"Cacoal",237069,23344.7486784016,8,61,12,49,20,41,0,0,0,0,0,61,12,49,20,41,27,10.0581273418042,12.376106516985,0.356287249284558,2020-02-24,2020,2
"10105","RO",1,"Norte",11006,"Cacoal",237069,23344.7486784016,9,81,13,68,29,52,0,0,0,0,0,81,13,68,29,52,28,10.0581273418042,12.376106516985,0.345027864567644,2020-03-02,2020,3
"10106","RO",1,"Norte",11006,"Cacoal",237069,23344.7486784016,10,65,17,48,26,39,0,0,0,0,0,65,17,48,26,39,27,10.0581273418042,12.376106516985,0.354427138152553,2020-03-09,2020,3
"10107","RO",1,"Norte",11006,"Cacoal",237069,23344.7486784016,11,41,8,33,20,21,0,0,0,0,0,41,8,33,20,21,30,10.0581273418042,12.376106516985,0.431201785731749,2020-03-16,2020,3
"10108","RO",1,"Norte",11006,"Cacoal",237069,23344.7486784016,12,57,16,41,28,29,0,0,0,0,0,57,16,41,28,29,25,10.0581273418042,12.376106516985,0.527784181965461,2020-03-23,2020,3
"10109","RO",1,"Norte",11006,"Cacoal",237069,23344.7486784016,13,38,8,30,19,19,1,0,0,0,0,39,8,30,19,19,12,10.0581273418042,12.376106516985,0.466395300649665,2020-03-30,2020,3
"10110","RO",1,"Norte",11006,"Cacoal",237069,23344.7486784016,14,72,17,55,20,52,1,0,0,0,0,73,17,55,20,52,21,10.0581273418042,12.376106516985,0.452849417850733,2020-04-06,2020,4
"10111","RO",1,"Norte",11006,"Cacoal",237069,23344.7486784016,15,68,13,55,30,38,0,0,0,0,0,68,13,55,30,38,22,10.0581273418042,12.376106516985,0.424535071325252,2020-04-13,2020,4
"10112","RO",1,"Norte",11006,"Cacoal",237069,23344.7486784016,16,65,19,46,22,43,0,0,0,0,0,65,19,46,22,43,25,10.0581273418042,12.376106516985,0.431548866893911,2020-04-20,2020,4
"10113","RO",1,"Norte",11006,"Cacoal",237069,23344.7486784016,17,70,17,53,35,35,3,0,0,0,0,73,17,53,35,35,23,10.0581273418042,12.376106516985,0.43258775430029,2020-04-27,2020,4
"10114","RO",1,"Norte",11006,"Cacoal",237069,23344.7486784016,18,56,15,41,25,31,1,0,0,0,0,57,15,41,25,31,16,10.0581273418042,12.376106516985,0.417179172900667,2020-05-04,2020,5
"10115","RO",1,"Norte",11006,"Cacoal",237069,23344.7486784016,19,62,15,47,29,33,0,0,0,0,0,62,15,47,29,33,23,10.0581273418042,12.376106516985,0.420728296715647,2020-05-11,2020,5
"10116","RO",1,"Norte",11006,"Cacoal",237069,23344.7486784016,20,69,18,51,23,46,0,0,0,0,0,69,18,51,23,46,24,10.0581273418042,12.376106516985,0.421673938003055,2020-05-18,2020,5
"10117","RO",1,"Norte",11006,"Cacoal",237069,23344.7486784016,21,70,22,48,29,41,1,0,0,0,0,71,22,48,29,41,29,10.0581273418042,12.376106516985,0.415326393115132,2020-05-25,2020,5
"10118","RO",1,"Norte",11006,"Cacoal",237069,23344.7486784016,22,82,19,63,37,45,0,0,0,0,0,82,19,63,37,45,34,10.0581273418042,12.376106516985,0.414206083506048,2020-06-01,2020,6
"10119","RO",1,"Norte",11006,"Cacoal",237069,23344.7486784016,23,72,21,51,30,42,2,0,0,0,0,74,21,51,30,42,26,10.0581273418042,12.376106516985,0.419769474174749,2020-06-08,2020,6
"10120","RO",1,"Norte",11006,"Cacoal",237069,23344.7486784016,24,70,17,53,27,43,0,0,0,0,0,70,17,53,27,43,22,10.0581273418042,12.376106516985,0.406629888622729,2020-06-15,2020,6
"10121","RO",1,"Norte",11006,"Cacoal",237069,23344.7486784016,25,66,17,49,28,38,1,0,0,0,0,67,17,49,28,38,33,10.0581273418042,12.376106516985,0.414800609721552,2020-06-22,2020,6
"10122","RO",1,"Norte",11006,"Cacoal",237069,23344.7486784016,26,61,11,50,31,30,0,0,0,0,0,61,11,50,31,30,31,10.0581273418042,12.376106516985,0.41482331375094,2020-06-29,2020,6
"10123","RO",1,"Norte",11006,"Cacoal",237069,23344.7486784016,27,64,12,52,19,45,0,0,0,0,0,64,12,52,19,45,26,10.0581273418042,12.376106516985,0.426230867903077,2020-07-06,2020,7
"10124","RO",1,"Norte",11006,"Cacoal",237069,23344.7486784016,28,75,18,57,23,52,0,0,0,0,0,75,18,57,23,52,36,10.0581273418042,12.376106516985,0.414898491268348,2020-07-13,2020,7
"10125","RO",1,"Norte",11006,"Cacoal",237069,23344.7486784016,29,68,14,54,27,41,0,0,0,0,0,68,14,54,27,41,32,10.0581273418042,12.376106516985,0.424692424660504,2020-07-20,2020,7
"10126","RO",1,"Norte",11007,"Vilhena",164604,28077.2862186217,5,39,6,33,17,22,1,0,0,0,0,40,6,33,17,22,8,10.2427162088334,12.0112978682664,0.319099288597786,2020-02-03,2020,2
"10127","RO",1,"Norte",11007,"Vilhena",164604,28077.2862186217,6,39,13,26,20,19,2,0,0,0,0,41,13,26,20,19,7,10.2427162088334,12.0112978682664,0.307507488022014,2020-02-10,2020,2
"10128","RO",1,"Norte",11007,"Vilhena",164604,28077.2862186217,7,44,12,32,14,30,0,0,0,0,0,44,12,32,14,30,15,10.2427162088334,12.0112978682664,0.32232343261078,2020-02-17,2020,2
"10129","RO",1,"Norte",11007,"Vilhena",164604,28077.2862186217,8,51,9,42,19,32,2,0,0,0,0,53,9,42,19,32,10,10.2427162088334,12.0112978682664,0.353909508443369,2020-02-24,2020,2
"10130","RO",1,"Norte",11007,"Vilhena",164604,28077.2862186217,9,51,7,44,20,31,0,0,0,0,0,51,7,44,20,31,19,10.2427162088334,12.0112978682664,0.329184549221716,2020-03-02,2020,3
"10131","RO",1,"Norte",11007,"Vilhena",164604,28077.2862186217,10,36,6,30,11,25,1,0,0,0,0,37,6,30,11,25,14,10.2427162088334,12.0112978682664,0.338249707517013,2020-03-09,2020,3
"10132","RO",1,"Norte",11007,"Vilhena",164604,28077.2862186217,11,38,11,27,13,25,1,0,0,0,0,39,11,27,13,25,12,10.2427162088334,12.0112978682664,0.413681743810186,2020-03-16,2020,3
"10133","RO",1,"Norte",11007,"Vilhena",164604,28077.2862186217,12,49,16,33,24,25,0,0,0,0,0,49,16,33,24,25,14,10.2427162088334,12.0112978682664,0.502858005263309,2020-03-23,2020,3
"10134","RO",1,"Norte",11007,"Vilhena",164604,28077.2862186217,13,41,11,30,15,26,0,0,0,0,0,41,11,30,15,26,16,10.2427162088334,12.0112978682664,0.451511553929458,2020-03-30,2020,3
"10135","RO",1,"Norte",11007,"Vilhena",164604,28077.2862186217,14,44,11,33,18,26,0,0,0,0,0,44,11,33,18,26,7,10.2427162088334,12.0112978682664,0.453749875182806,2020-04-06,2020,4
"10136","RO",1,"Norte",11007,"Vilhena",164604,28077.2862186217,15,46,13,33,16,30,0,0,0,0,0,46,13,33,16,30,16,10.2427162088334,12.0112978682664,0.418313941822535,2020-04-13,2020,4
"10137","RO",1,"Norte",11007,"Vilhena",164604,28077.2862186217,16,38,7,31,17,21,0,0,0,0,0,38,7,31,17,21,16,10.2427162088334,12.0112978682664,0.416611452009651,2020-04-20,2020,4
"10138","RO",1,"Norte",11007,"Vilhena",164604,28077.2862186217,17,47,11,36,19,28,0,0,0,0,0,47,11,36,19,28,17,10.2427162088334,12.0112978682664,0.410913908085031,2020-04-27,2020,4
"10139","RO",1,"Norte",11007,"Vilhena",164604,28077.2862186217,18,51,13,38,26,25,0,0,0,0,0,51,13,38,26,25,18,10.2427162088334,12.0112978682664,0.393035048275778,2020-05-04,2020,5
"10140","RO",1,"Norte",11007,"Vilhena",164604,28077.2862186217,19,46,10,36,21,25,1,0,0,0,0,47,10,36,21,25,20,10.2427162088334,12.0112978682664,0.419667389649746,2020-05-11,2020,5
"10141","RO",1,"Norte",11007,"Vilhena",164604,28077.2862186217,20,54,17,37,26,28,0,0,0,0,0,54,17,37,26,28,22,10.2427162088334,12.0112978682664,0.410534292180321,2020-05-18,2020,5
"10142","RO",1,"Norte",11007,"Vilhena",164604,28077.2862186217,21,64,9,55,31,33,0,0,0,0,0,64,9,55,31,33,19,10.2427162088334,12.0112978682664,0.402955464781937,2020-05-25,2020,5
"10143","RO",1,"Norte",11007,"Vilhena",164604,28077.2862186217,22,38,11,27,17,21,0,0,0,0,0,38,11,27,17,21,19,10.2427162088334,12.0112978682664,0.414281637705294,2020-06-01,2020,6
"10144","RO",1,"Norte",11007,"Vilhena",164604,28077.2862186217,23,65,16,49,29,36,0,0,0,0,0,65,16,49,29,36,21,10.2427162088334,12.0112978682664,0.416831019726814,2020-06-08,2020,6
"10145","RO",1,"Norte",11007,"Vilhena",164604,28077.2862186217,24,50,11,39,24,26,2,0,0,0,0,52,11,39,24,26,17,10.2427162088334,12.0112978682664,0.404833554467318,2020-06-15,2020,6
"10146","RO",1,"Norte",11007,"Vilhena",164604,28077.2862186217,25,36,6,30,20,16,0,0,0,0,0,36,6,30,20,16,16,10.2427162088334,12.0112978682664,0.405682402865867,2020-06-22,2020,6
"10147","RO",1,"Norte",11007,"Vilhena",164604,28077.2862186217,26,40,11,29,19,21,0,0,0,0,0,40,11,29,19,21,19,10.2427162088334,12.0112978682664,0.397674154039655,2020-06-29,2020,6
"10148","RO",1,"Norte",11007,"Vilhena",164604,28077.2862186217,27,53,9,44,23,30,0,0,0,0,0,53,9,44,23,30,24,10.2427162088334,12.0112978682664,0.410115088883721,2020-07-06,2020,7
"10149","RO",1,"Norte",11007,"Vilhena",164604,28077.2862186217,28,49,14,35,16,33,0,0,0,0,0,49,14,35,16,33,15,10.2427162088334,12.0112978682664,0.405190452065866,2020-07-13,2020,7
"10150","RO",1,"Norte",11007,"Vilhena",164604,28077.2862186217,29,42,11,31,17,25,0,0,0,0,0,42,11,31,17,25,21,10.2427162088334,12.0112978682664,0.404910249308881,2020-07-20,2020,7
"10151","RO",1,"Norte",11008,"Colorado do Oeste",46304,28600.1810841396,5,12,4,8,4,8,0,0,0,0,0,12,4,8,4,8,5,10.2611683284012,10.7429836294312,0.334978599245636,2020-02-03,2020,2
"10152","RO",1,"Norte",11008,"Colorado do Oeste",46304,28600.1810841396,6,17,7,10,8,9,0,0,0,0,0,17,7,10,8,9,4,10.2611683284012,10.7429836294312,0.298347523991791,2020-02-10,2020,2
"10153","RO",1,"Norte",11008,"Colorado do Oeste",46304,28600.1810841396,7,18,6,12,7,11,0,0,0,0,0,18,6,12,7,11,8,10.2611683284012,10.7429836294312,0.323009079733824,2020-02-17,2020,2
"10154","RO",1,"Norte",11008,"Colorado do Oeste",46304,28600.1810841396,8,17,5,12,4,13,0,0,0,0,0,17,5,12,4,13,4,10.2611683284012,10.7429836294312,0.32168872241778,2020-02-24,2020,2
"10155","RO",1,"Norte",11008,"Colorado do Oeste",46304,28600.1810841396,9,10,3,7,4,6,0,0,0,0,0,10,3,7,4,6,7,10.2611683284012,10.7429836294312,0.332904488484578,2020-03-02,2020,3
"10156","RO",1,"Norte",11008,"Colorado do Oeste",46304,28600.1810841396,10,15,4,11,6,9,0,0,0,0,0,15,4,11,6,9,7,10.2611683284012,10.7429836294312,0.344491797054191,2020-03-09,2020,3
"10157","RO",1,"Norte",11008,"Colorado do Oeste",46304,28600.1810841396,11,12,1,11,6,6,0,0,0,0,0,12,1,11,6,6,4,10.2611683284012,10.7429836294312,0.408790229801451,2020-03-16,2020,3
"10158","RO",1,"Norte",11008,"Colorado do Oeste",46304,28600.1810841396,12,9,5,4,3,6,0,0,0,0,0,9,5,4,3,6,3,10.2611683284012,10.7429836294312,0.503319426915628,2020-03-23,2020,3
"10159","RO",1,"Norte",11008,"Colorado do Oeste",46304,28600.1810841396,13,8,1,7,2,6,0,0,0,0,0,8,1,7,2,6,4,10.2611683284012,10.7429836294312,0.499237202505959,2020-03-30,2020,3
"10160","RO",1,"Norte",11008,"Colorado do Oeste",46304,28600.1810841396,14,8,2,6,4,4,0,0,0,0,0,8,2,6,4,4,6,10.2611683284012,10.7429836294312,0.459419314179595,2020-04-06,2020,4
"10161","RO",1,"Norte",11008,"Colorado do Oeste",46304,28600.1810841396,15,5,2,3,3,2,0,0,0,0,0,5,2,3,3,2,8,10.2611683284012,10.7429836294312,0.440329094969414,2020-04-13,2020,4
"10162","RO",1,"Norte",11008,"Colorado do Oeste",46304,28600.1810841396,16,9,1,8,3,6,1,0,0,0,0,10,1,8,3,6,4,10.2611683284012,10.7429836294312,0.428049089375943,2020-04-20,2020,4
"10163","RO",1,"Norte",11008,"Colorado do Oeste",46304,28600.1810841396,17,18,3,15,9,9,0,0,0,0,0,18,3,15,9,9,5,10.2611683284012,10.7429836294312,0.414373462577455,2020-04-27,2020,4
"10164","RO",1,"Norte",11008,"Colorado do Oeste",46304,28600.1810841396,18,10,4,6,4,6,0,0,0,0,0,10,4,6,4,6,3,10.2611683284012,10.7429836294312,0.428487317955226,2020-05-04,2020,5
"10165","RO",1,"Norte",11008,"Colorado do Oeste",46304,28600.1810841396,19,10,4,6,5,5,0,0,0,0,0,10,4,6,5,5,3,10.2611683284012,10.7429836294312,0.423083871424845,2020-05-11,2020,5
"10166","RO",1,"Norte",11008,"Colorado do Oeste",46304,28600.1810841396,20,12,2,10,4,8,0,0,0,0,0,12,2,10,4,8,4,10.2611683284012,10.7429836294312,0.395589050002812,2020-05-18,2020,5
"10167","RO",1,"Norte",11008,"Colorado do Oeste",46304,28600.1810841396,21,17,5,12,7,10,0,0,0,0,0,17,5,12,7,10,9,10.2611683284012,10.7429836294312,0.402730620503009,2020-05-25,2020,5
"10168","RO",1,"Norte",11008,"Colorado do Oeste",46304,28600.1810841396,22,20,7,13,9,11,0,0,0,0,0,20,7,13,9,11,6,10.2611683284012,10.7429836294312,0.407172838715776,2020-06-01,2020,6
"10169","RO",1,"Norte",11008,"Colorado do Oeste",46304,28600.1810841396,23,13,5,8,3,10,0,0,0,0,0,13,5,8,3,10,3,10.2611683284012,10.7429836294312,0.409334031770619,2020-06-08,2020,6
"10170","RO",1,"Norte",11008,"Colorado do Oeste",46304,28600.1810841396,24,14,4,10,5,9,0,0,0,0,0,14,4,10,5,9,9,10.2611683284012,10.7429836294312,0.42242193545888,2020-06-15,2020,6
"10171","RO",1,"Norte",11008,"Colorado do Oeste",46304,28600.1810841396,25,14,4,10,7,7,0,0,0,0,0,14,4,10,7,7,4,10.2611683284012,10.7429836294312,0.394369570105532,2020-06-22,2020,6
"10172","RO",1,"Norte",11008,"Colorado do Oeste",46304,28600.1810841396,26,9,2,7,3,6,0,0,0,0,0,9,2,7,3,6,12,10.2611683284012,10.7429836294312,0.400652014398414,2020-06-29,2020,6
"10173","RO",1,"Norte",11008,"Colorado do Oeste",46304,28600.1810841396,27,13,3,10,9,4,0,0,0,0,0,13,3,10,9,4,8,10.2611683284012,10.7429836294312,0.408362630474544,2020-07-06,2020,7
"10174","RO",1,"Norte",11008,"Colorado do Oeste",46304,28600.1810841396,28,23,4,19,9,14,0,0,0,0,0,23,4,19,9,14,8,10.2611683284012,10.7429836294312,0.396988493269425,2020-07-13,2020,7
"10175","RO",1,"Norte",11008,"Colorado do Oeste",46304,28600.1810841396,29,14,3,11,6,8,0,0,0,0,0,14,3,11,6,8,5,10.2611683284012,10.7429836294312,0.412708101913868,2020-07-20,2020,7
"10176","RR",1,"Norte",14001,"Boa Vista",467130,25541.1019471239,5,175,54,121,78,97,1,0,0,0,0,176,54,121,78,97,33,10.1480442745886,13.0543628705036,0.280878120216895,2020-02-03,2020,2
"10177","RR",1,"Norte",14001,"Boa Vista",467130,25541.1019471239,6,190,64,126,90,100,3,0,0,0,0,193,64,126,90,100,47,10.1480442745886,13.0543628705036,0.278795312189589,2020-02-10,2020,2
"10178","RR",1,"Norte",14001,"Boa Vista",467130,25541.1019471239,7,180,65,115,86,94,0,0,0,0,0,180,65,115,86,94,29,10.1480442745886,13.0543628705036,0.29402412821229,2020-02-17,2020,2
"10179","RR",1,"Norte",14001,"Boa Vista",467130,25541.1019471239,8,211,75,136,117,94,1,0,0,0,0,212,75,136,117,94,50,10.1480442745886,13.0543628705036,0.342511739572173,2020-02-24,2020,2
"10180","RR",1,"Norte",14001,"Boa Vista",467130,25541.1019471239,9,218,61,157,107,111,0,0,0,0,0,218,61,157,107,111,39,10.1480442745886,13.0543628705036,0.317043491427956,2020-03-02,2020,3
"10181","RR",1,"Norte",14001,"Boa Vista",467130,25541.1019471239,10,166,42,124,80,86,1,0,0,0,0,167,42,124,80,86,43,10.1480442745886,13.0543628705036,0.329515308321371,2020-03-09,2020,3
"10182","RR",1,"Norte",14001,"Boa Vista",467130,25541.1019471239,11,172,48,124,79,93,1,0,0,0,0,173,48,124,79,93,45,10.1480442745886,13.0543628705036,0.391753315596286,2020-03-16,2020,3
"10183","RR",1,"Norte",14001,"Boa Vista",467130,25541.1019471239,12,142,43,99,75,67,1,0,0,0,0,143,43,99,75,67,32,10.1480442745886,13.0543628705036,0.498726647951692,2020-03-23,2020,3
"10184","RR",1,"Norte",14001,"Boa Vista",467130,25541.1019471239,13,153,43,110,61,92,1,0,0,0,0,154,43,110,61,92,44,10.1480442745886,13.0543628705036,0.447202132661022,2020-03-30,2020,3
"10185","RR",1,"Norte",14001,"Boa Vista",467130,25541.1019471239,14,168,58,110,87,81,0,0,0,0,0,168,58,110,87,81,51,10.1480442745886,13.0543628705036,0.448992496861207,2020-04-06,2020,4
"10186","RR",1,"Norte",14001,"Boa Vista",467130,25541.1019471239,15,177,66,111,88,89,1,0,0,0,0,178,66,111,88,89,33,10.1480442745886,13.0543628705036,0.433000133617885,2020-04-13,2020,4
"10187","RR",1,"Norte",14001,"Boa Vista",467130,25541.1019471239,16,166,47,119,91,75,1,0,0,0,0,167,47,119,91,75,34,10.1480442745886,13.0543628705036,0.42815600910721,2020-04-20,2020,4
"10188","RR",1,"Norte",14001,"Boa Vista",467130,25541.1019471239,17,182,62,120,85,97,1,0,0,0,0,183,62,120,85,97,31,10.1480442745886,13.0543628705036,0.425547384433059,2020-04-27,2020,4
"10189","RR",1,"Norte",14001,"Boa Vista",467130,25541.1019471239,18,143,45,98,69,74,3,0,0,0,0,146,45,98,69,74,39,10.1480442745886,13.0543628705036,0.408940313313809,2020-05-04,2020,5
"10190","RR",1,"Norte",14001,"Boa Vista",467130,25541.1019471239,19,169,50,119,91,78,2,0,0,0,0,171,50,119,91,78,76,10.1480442745886,13.0543628705036,0.436848950773038,2020-05-11,2020,5
"10191","RR",1,"Norte",14001,"Boa Vista",467130,25541.1019471239,20,175,70,105,86,89,4,0,0,0,0,179,70,105,86,89,100,10.1480442745886,13.0543628705036,0.437621051662052,2020-05-18,2020,5
"10192","RR",1,"Norte",14001,"Boa Vista",467130,25541.1019471239,21,168,63,105,81,87,2,0,0,0,0,170,63,105,81,87,99,10.1480442745886,13.0543628705036,0.431348179958448,2020-05-25,2020,5
"10193","RR",1,"Norte",14001,"Boa Vista",467130,25541.1019471239,22,199,60,139,99,100,2,0,0,0,0,201,60,139,99,100,102,10.1480442745886,13.0543628705036,0.41929648283026,2020-06-01,2020,6
"10194","RR",1,"Norte",14001,"Boa Vista",467130,25541.1019471239,23,189,63,126,85,104,0,0,0,0,0,189,63,126,85,104,139,10.1480442745886,13.0543628705036,0.425444873538851,2020-06-08,2020,6
"10195","RR",1,"Norte",14001,"Boa Vista",467130,25541.1019471239,24,187,54,133,93,94,1,0,0,0,0,188,54,133,93,94,107,10.1480442745886,13.0543628705036,0.411778294430895,2020-06-15,2020,6
"10196","RR",1,"Norte",14001,"Boa Vista",467130,25541.1019471239,25,185,51,134,100,85,2,0,0,0,0,187,51,134,100,85,97,10.1480442745886,13.0543628705036,0.40922735036453,2020-06-22,2020,6
"10197","RR",1,"Norte",14001,"Boa Vista",467130,25541.1019471239,26,177,48,129,85,92,2,0,0,0,0,179,48,129,85,92,84,10.1480442745886,13.0543628705036,0.406146457881294,2020-06-29,2020,6
"10198","RR",1,"Norte",14001,"Boa Vista",467130,25541.1019471239,27,175,60,115,81,94,3,0,0,0,0,178,60,115,81,94,64,10.1480442745886,13.0543628705036,0.406894528311268,2020-07-06,2020,7
"10199","RR",1,"Norte",14001,"Boa Vista",467130,25541.1019471239,28,187,53,134,88,99,2,0,0,0,0,189,53,134,88,99,69,10.1480442745886,13.0543628705036,0.404254735835142,2020-07-13,2020,7
"10200","RR",1,"Norte",14001,"Boa Vista",467130,25541.1019471239,29,188,54,134,86,102,2,0,0,0,0,190,54,134,86,102,55,10.1480442745886,13.0543628705036,0.408221535577665,2020-07-20,2020,7
"10201","RR",1,"Norte",14002,"Nordeste de Roraima",53677,15779.3815906254,5,50,24,26,26,24,0,0,0,0,0,50,24,26,26,24,2,9.66645940419122,10.8907398833476,0.288867867971209,2020-02-03,2020,2
"10202","RR",1,"Norte",14002,"Nordeste de Roraima",53677,15779.3815906254,6,35,24,11,18,17,0,0,0,0,0,35,24,11,18,17,4,9.66645940419122,10.8907398833476,0.304882442897348,2020-02-10,2020,2
"10203","RR",1,"Norte",14002,"Nordeste de Roraima",53677,15779.3815906254,7,39,16,23,17,22,1,0,0,0,0,40,16,23,17,22,7,9.66645940419122,10.8907398833476,0.314829722771186,2020-02-17,2020,2
"10204","RR",1,"Norte",14002,"Nordeste de Roraima",53677,15779.3815906254,8,50,20,30,27,23,0,0,0,0,0,50,20,30,27,23,7,9.66645940419122,10.8907398833476,0.368686908346928,2020-02-24,2020,2
"10205","RR",1,"Norte",14002,"Nordeste de Roraima",53677,15779.3815906254,9,36,17,19,17,19,0,0,0,0,0,36,17,19,17,19,4,9.66645940419122,10.8907398833476,0.308094792574238,2020-03-02,2020,3
"10206","RR",1,"Norte",14002,"Nordeste de Roraima",53677,15779.3815906254,10,44,17,27,28,16,0,0,0,0,0,44,17,27,28,16,3,9.66645940419122,10.8907398833476,0.328989815046484,2020-03-09,2020,3
"10207","RR",1,"Norte",14002,"Nordeste de Roraima",53677,15779.3815906254,11,39,25,14,20,19,0,0,0,0,0,39,25,14,20,19,8,9.66645940419122,10.8907398833476,0.39485998840988,2020-03-16,2020,3
"10208","RR",1,"Norte",14002,"Nordeste de Roraima",53677,15779.3815906254,12,42,25,17,16,26,0,0,0,0,0,42,25,17,16,26,4,9.66645940419122,10.8907398833476,0.520965665389317,2020-03-23,2020,3
"10209","RR",1,"Norte",14002,"Nordeste de Roraima",53677,15779.3815906254,13,27,8,19,19,8,0,0,0,0,0,27,8,19,19,8,4,9.66645940419122,10.8907398833476,0.452893492132249,2020-03-30,2020,3
"10210","RR",1,"Norte",14002,"Nordeste de Roraima",53677,15779.3815906254,14,28,14,14,16,12,0,0,0,0,0,28,14,14,16,12,3,9.66645940419122,10.8907398833476,0.464236000864241,2020-04-06,2020,4
"10211","RR",1,"Norte",14002,"Nordeste de Roraima",53677,15779.3815906254,15,31,13,18,13,18,0,0,0,0,0,31,13,18,13,18,6,9.66645940419122,10.8907398833476,0.4417932550723,2020-04-13,2020,4
"10212","RR",1,"Norte",14002,"Nordeste de Roraima",53677,15779.3815906254,16,29,18,11,13,16,0,0,0,0,0,29,18,11,13,16,4,9.66645940419122,10.8907398833476,0.431047294027987,2020-04-20,2020,4
"10213","RR",1,"Norte",14002,"Nordeste de Roraima",53677,15779.3815906254,17,38,20,18,23,15,0,0,0,0,0,38,20,18,23,15,3,9.66645940419122,10.8907398833476,0.450169695288534,2020-04-27,2020,4
"10214","RR",1,"Norte",14002,"Nordeste de Roraima",53677,15779.3815906254,18,36,22,14,21,15,0,0,0,0,0,36,22,14,21,15,3,9.66645940419122,10.8907398833476,0.453666732632798,2020-05-04,2020,5
"10215","RR",1,"Norte",14002,"Nordeste de Roraima",53677,15779.3815906254,19,32,16,16,17,15,0,0,0,0,0,32,16,16,17,15,3,9.66645940419122,10.8907398833476,0.498708313333357,2020-05-11,2020,5
"10216","RR",1,"Norte",14002,"Nordeste de Roraima",53677,15779.3815906254,20,39,24,15,22,17,1,0,0,0,0,40,24,15,22,17,7,9.66645940419122,10.8907398833476,0.497095317249805,2020-05-18,2020,5
"10217","RR",1,"Norte",14002,"Nordeste de Roraima",53677,15779.3815906254,21,50,19,31,31,19,0,0,0,0,0,50,19,31,31,19,11,9.66645940419122,10.8907398833476,0.492585699189443,2020-05-25,2020,5
"10218","RR",1,"Norte",14002,"Nordeste de Roraima",53677,15779.3815906254,22,36,18,18,21,15,1,0,0,0,0,37,18,18,21,15,9,9.66645940419122,10.8907398833476,0.461699619913299,2020-06-01,2020,6
"10219","RR",1,"Norte",14002,"Nordeste de Roraima",53677,15779.3815906254,23,42,19,23,20,22,1,0,0,0,0,43,19,23,20,22,16,9.66645940419122,10.8907398833476,0.464048881092724,2020-06-08,2020,6
"10220","RR",1,"Norte",14002,"Nordeste de Roraima",53677,15779.3815906254,24,34,20,14,21,13,0,0,0,0,0,34,20,14,21,13,10,9.66645940419122,10.8907398833476,0.456433520408542,2020-06-15,2020,6
"10221","RR",1,"Norte",14002,"Nordeste de Roraima",53677,15779.3815906254,25,31,18,13,15,16,0,0,0,0,0,31,18,13,15,16,10,9.66645940419122,10.8907398833476,0.459640835068082,2020-06-22,2020,6
"10222","RR",1,"Norte",14002,"Nordeste de Roraima",53677,15779.3815906254,26,47,22,25,25,22,0,0,0,0,0,47,22,25,25,22,7,9.66645940419122,10.8907398833476,0.458902338547705,2020-06-29,2020,6
"10223","RR",1,"Norte",14002,"Nordeste de Roraima",53677,15779.3815906254,27,32,14,18,15,17,0,0,0,0,0,32,14,18,15,17,7,9.66645940419122,10.8907398833476,0.459346157059425,2020-07-06,2020,7
"10224","RR",1,"Norte",14002,"Nordeste de Roraima",53677,15779.3815906254,28,45,19,26,19,26,0,0,0,0,0,45,19,26,19,26,7,9.66645940419122,10.8907398833476,0.455957028682653,2020-07-13,2020,7
"10225","RR",1,"Norte",14002,"Nordeste de Roraima",53677,15779.3815906254,29,42,23,19,26,16,0,0,0,0,0,42,23,19,26,16,7,9.66645940419122,10.8907398833476,0.469482924687368,2020-07-20,2020,7
"10226","RR",1,"Norte",14003,"Caracaraí",52751,16095.2025518,5,13,6,7,6,7,1,0,0,0,0,14,6,7,6,7,3,9.68627652841917,10.8733380085046,0.292342218476201,2020-02-03,2020,2
"10227","RR",1,"Norte",14003,"Caracaraí",52751,16095.2025518,6,14,6,8,3,11,0,0,0,0,0,14,6,8,3,11,1,9.68627652841917,10.8733380085046,0.279191536389378,2020-02-10,2020,2
"10228","RR",1,"Norte",14003,"Caracaraí",52751,16095.2025518,7,21,10,11,11,10,0,0,0,0,0,21,10,11,11,10,4,9.68627652841917,10.8733380085046,0.310385207143588,2020-02-17,2020,2
"10229","RR",1,"Norte",14003,"Caracaraí",52751,16095.2025518,8,25,12,13,16,9,0,0,0,0,0,25,12,13,16,9,2,9.68627652841917,10.8733380085046,0.339594548246321,2020-02-24,2020,2
"10230","RR",1,"Norte",14003,"Caracaraí",52751,16095.2025518,9,22,11,11,18,4,0,0,0,0,0,22,11,11,18,4,5,9.68627652841917,10.8733380085046,0.328831030484871,2020-03-02,2020,3
"10231","RR",1,"Norte",14003,"Caracaraí",52751,16095.2025518,10,10,3,7,2,8,0,0,0,0,0,10,3,7,2,8,6,9.68627652841917,10.8733380085046,0.330961852578642,2020-03-09,2020,3
"10232","RR",1,"Norte",14003,"Caracaraí",52751,16095.2025518,11,16,7,9,9,7,0,0,0,0,0,16,7,9,9,7,4,9.68627652841917,10.8733380085046,0.370051001462481,2020-03-16,2020,3
"10233","RR",1,"Norte",14003,"Caracaraí",52751,16095.2025518,12,20,10,10,8,12,0,0,0,0,0,20,10,10,8,12,8,9.68627652841917,10.8733380085046,0.456530571106611,2020-03-23,2020,3
"10234","RR",1,"Norte",14003,"Caracaraí",52751,16095.2025518,13,19,9,10,10,9,0,0,0,0,0,19,9,10,10,9,6,9.68627652841917,10.8733380085046,0.430237979345657,2020-03-30,2020,3
"10235","RR",1,"Norte",14003,"Caracaraí",52751,16095.2025518,14,16,9,7,6,10,0,0,0,0,0,16,9,7,6,10,4,9.68627652841917,10.8733380085046,0.433326646438645,2020-04-06,2020,4
"10236","RR",1,"Norte",14003,"Caracaraí",52751,16095.2025518,15,10,5,5,5,5,0,0,0,0,0,10,5,5,5,5,5,9.68627652841917,10.8733380085046,0.404770468875356,2020-04-13,2020,4
"10237","RR",1,"Norte",14003,"Caracaraí",52751,16095.2025518,16,24,9,15,9,15,0,0,0,0,0,24,9,15,9,15,11,9.68627652841917,10.8733380085046,0.428403152450785,2020-04-20,2020,4
"10238","RR",1,"Norte",14003,"Caracaraí",52751,16095.2025518,17,11,5,6,1,10,0,0,0,0,0,11,5,6,1,10,2,9.68627652841917,10.8733380085046,0.422904369743533,2020-04-27,2020,4
"10239","RR",1,"Norte",14003,"Caracaraí",52751,16095.2025518,18,14,7,7,7,7,0,0,0,0,0,14,7,7,7,7,5,9.68627652841917,10.8733380085046,0.427233334868819,2020-05-04,2020,5
"10240","RR",1,"Norte",14003,"Caracaraí",52751,16095.2025518,19,13,6,7,7,6,0,0,0,0,0,13,6,7,7,6,4,9.68627652841917,10.8733380085046,0.462973801248655,2020-05-11,2020,5
"10241","RR",1,"Norte",14003,"Caracaraí",52751,16095.2025518,20,15,9,6,9,6,0,0,0,0,0,15,9,6,9,6,5,9.68627652841917,10.8733380085046,0.452373054816959,2020-05-18,2020,5
"10242","RR",1,"Norte",14003,"Caracaraí",52751,16095.2025518,21,14,5,9,7,7,1,0,0,0,0,15,5,9,7,7,6,9.68627652841917,10.8733380085046,0.429875909439978,2020-05-25,2020,5
"10243","RR",1,"Norte",14003,"Caracaraí",52751,16095.2025518,22,15,7,8,9,6,0,0,0,0,0,15,7,8,9,6,12,9.68627652841917,10.8733380085046,0.440642411461104,2020-06-01,2020,6
"10244","RR",1,"Norte",14003,"Caracaraí",52751,16095.2025518,23,14,5,9,6,8,0,0,0,0,0,14,5,9,6,8,10,9.68627652841917,10.8733380085046,0.43805276673433,2020-06-08,2020,6
"10245","RR",1,"Norte",14003,"Caracaraí",52751,16095.2025518,24,18,11,7,11,7,1,0,0,0,0,19,11,7,11,7,15,9.68627652841917,10.8733380085046,0.427329031769107,2020-06-15,2020,6
"10246","RR",1,"Norte",14003,"Caracaraí",52751,16095.2025518,25,11,7,4,4,7,0,0,0,0,0,11,7,4,4,7,9,9.68627652841917,10.8733380085046,0.430027588638308,2020-06-22,2020,6
"10247","RR",1,"Norte",14003,"Caracaraí",52751,16095.2025518,26,16,7,9,9,7,0,0,0,0,0,16,7,9,9,7,10,9.68627652841917,10.8733380085046,0.442545020733992,2020-06-29,2020,6
"10248","RR",1,"Norte",14003,"Caracaraí",52751,16095.2025518,27,15,7,8,12,3,0,0,0,0,0,15,7,8,12,3,5,9.68627652841917,10.8733380085046,0.436548621255044,2020-07-06,2020,7
"10249","RR",1,"Norte",14003,"Caracaraí",52751,16095.2025518,28,19,7,12,10,9,0,0,0,0,0,19,7,12,10,9,10,9.68627652841917,10.8733380085046,0.434259551598064,2020-07-13,2020,7
"10250","RR",1,"Norte",14003,"Caracaraí",52751,16095.2025518,29,13,8,5,5,8,0,0,0,0,0,13,8,5,5,8,6,9.68627652841917,10.8733380085046,0.462804427298878,2020-07-20,2020,7
"10251","RR",1,"Norte",14004,"Sudeste de Roraima",57623,18820.4585335717,5,24,7,17,12,12,0,0,0,0,0,24,7,17,12,12,3,9.84269977700684,10.9616770725383,0.298709637507597,2020-02-03,2020,2
"10252","RR",1,"Norte",14004,"Sudeste de Roraima",57623,18820.4585335717,6,22,8,14,10,12,0,0,0,0,0,22,8,14,10,12,0,9.84269977700684,10.9616770725383,0.29846399981972,2020-02-10,2020,2
"10253","RR",1,"Norte",14004,"Sudeste de Roraima",57623,18820.4585335717,7,23,8,15,17,6,0,0,0,0,0,23,8,15,17,6,3,9.84269977700684,10.9616770725383,0.325924022643952,2020-02-17,2020,2
"10254","RR",1,"Norte",14004,"Sudeste de Roraima",57623,18820.4585335717,8,16,9,7,8,8,0,0,0,0,0,16,9,7,8,8,3,9.84269977700684,10.9616770725383,0.337842406831126,2020-02-24,2020,2
"10255","RR",1,"Norte",14004,"Sudeste de Roraima",57623,18820.4585335717,9,14,6,8,5,9,0,0,0,0,0,14,6,8,5,9,10,9.84269977700684,10.9616770725383,0.332343560282682,2020-03-02,2020,3
"10256","RR",1,"Norte",14004,"Sudeste de Roraima",57623,18820.4585335717,10,18,9,9,8,10,1,0,0,0,0,19,9,9,8,10,4,9.84269977700684,10.9616770725383,0.33398819428628,2020-03-09,2020,3
"10257","RR",1,"Norte",14004,"Sudeste de Roraima",57623,18820.4585335717,11,12,3,9,6,6,0,0,0,0,0,12,3,9,6,6,9,9.84269977700684,10.9616770725383,0.364710638624567,2020-03-16,2020,3
"10258","RR",1,"Norte",14004,"Sudeste de Roraima",57623,18820.4585335717,12,13,3,10,1,12,0,0,0,0,0,13,3,10,1,12,0,9.84269977700684,10.9616770725383,0.462579370903184,2020-03-23,2020,3
"10259","RR",1,"Norte",14004,"Sudeste de Roraima",57623,18820.4585335717,13,19,7,12,12,7,0,0,0,0,0,19,7,12,12,7,6,9.84269977700684,10.9616770725383,0.424760333702533,2020-03-30,2020,3
"10260","RR",1,"Norte",14004,"Sudeste de Roraima",57623,18820.4585335717,14,14,5,9,9,5,1,0,0,0,0,15,5,9,9,5,2,9.84269977700684,10.9616770725383,0.421872379391458,2020-04-06,2020,4
"10261","RR",1,"Norte",14004,"Sudeste de Roraima",57623,18820.4585335717,15,20,6,14,12,8,0,0,0,0,0,20,6,14,12,8,2,9.84269977700684,10.9616770725383,0.400739370569036,2020-04-13,2020,4
"10262","RR",1,"Norte",14004,"Sudeste de Roraima",57623,18820.4585335717,16,13,3,10,8,5,0,0,0,0,0,13,3,10,8,5,3,9.84269977700684,10.9616770725383,0.40465716738932,2020-04-20,2020,4
"10263","RR",1,"Norte",14004,"Sudeste de Roraima",57623,18820.4585335717,17,19,6,13,8,11,0,0,0,0,0,19,6,13,8,11,4,9.84269977700684,10.9616770725383,0.410407590342649,2020-04-27,2020,4
"10264","RR",1,"Norte",14004,"Sudeste de Roraima",57623,18820.4585335717,18,15,3,12,6,9,0,0,0,0,0,15,3,12,6,9,3,9.84269977700684,10.9616770725383,0.417245420535819,2020-05-04,2020,5
"10265","RR",1,"Norte",14004,"Sudeste de Roraima",57623,18820.4585335717,19,15,4,11,8,7,0,0,0,0,0,15,4,11,8,7,8,9.84269977700684,10.9616770725383,0.428757852454226,2020-05-11,2020,5
"10266","RR",1,"Norte",14004,"Sudeste de Roraima",57623,18820.4585335717,20,18,4,14,9,9,0,0,0,0,0,18,4,14,9,9,9,9.84269977700684,10.9616770725383,0.422189609729405,2020-05-18,2020,5
"10267","RR",1,"Norte",14004,"Sudeste de Roraima",57623,18820.4585335717,21,23,10,13,10,13,0,0,0,0,0,23,10,13,10,13,5,9.84269977700684,10.9616770725383,0.40897162227022,2020-05-25,2020,5
"10268","RR",1,"Norte",14004,"Sudeste de Roraima",57623,18820.4585335717,22,20,9,11,12,8,0,0,0,0,0,20,9,11,12,8,7,9.84269977700684,10.9616770725383,0.397853458325901,2020-06-01,2020,6
"10269","RR",1,"Norte",14004,"Sudeste de Roraima",57623,18820.4585335717,23,22,6,16,15,7,0,0,0,0,0,22,6,16,15,7,7,9.84269977700684,10.9616770725383,0.388213433829662,2020-06-08,2020,6
"10270","RR",1,"Norte",14004,"Sudeste de Roraima",57623,18820.4585335717,24,19,6,13,14,5,0,0,0,0,0,19,6,13,14,5,3,9.84269977700684,10.9616770725383,0.395793445632874,2020-06-15,2020,6
"10271","RR",1,"Norte",14004,"Sudeste de Roraima",57623,18820.4585335717,25,19,5,14,10,9,0,0,0,0,0,19,5,14,10,9,6,9.84269977700684,10.9616770725383,0.415558688198063,2020-06-22,2020,6
"10272","RR",1,"Norte",14004,"Sudeste de Roraima",57623,18820.4585335717,26,12,5,7,7,5,0,0,0,0,0,12,5,7,7,5,10,9.84269977700684,10.9616770725383,0.419120835150263,2020-06-29,2020,6
"10273","RR",1,"Norte",14004,"Sudeste de Roraima",57623,18820.4585335717,27,17,2,15,7,10,0,0,0,0,0,17,2,15,7,10,5,9.84269977700684,10.9616770725383,0.403015784008215,2020-07-06,2020,7
"10274","RR",1,"Norte",14004,"Sudeste de Roraima",57623,18820.4585335717,28,17,6,11,10,7,0,0,0,0,0,17,6,11,10,7,5,9.84269977700684,10.9616770725383,0.403026653459887,2020-07-13,2020,7
"10275","RR",1,"Norte",14004,"Sudeste de Roraima",57623,18820.4585335717,29,17,6,11,14,3,0,0,0,0,0,17,6,11,14,3,5,9.84269977700684,10.9616770725383,0.411986427824177,2020-07-20,2020,7
"10276","RS",4,"Sul",43001,"Santa Rosa",156774,39527.5378453698,5,45,8,37,17,28,0,0,0,0,0,45,8,37,17,28,30,10.5847528686279,11.9625605568229,0.303346314905763,2020-02-03,2020,2
"10277","RS",4,"Sul",43001,"Santa Rosa",156774,39527.5378453698,6,34,4,30,8,26,0,0,0,0,0,34,4,30,8,26,33,10.5847528686279,11.9625605568229,0.304289054615276,2020-02-10,2020,2
"10278","RS",4,"Sul",43001,"Santa Rosa",156774,39527.5378453698,7,25,8,17,8,17,1,0,0,0,0,26,8,17,8,17,22,10.5847528686279,11.9625605568229,0.306513817819628,2020-02-17,2020,2
"10279","RS",4,"Sul",43001,"Santa Rosa",156774,39527.5378453698,8,46,9,37,12,34,0,0,0,0,0,46,9,37,12,34,27,10.5847528686279,11.9625605568229,0.339942522151099,2020-02-24,2020,2
"10280","RS",4,"Sul",43001,"Santa Rosa",156774,39527.5378453698,9,24,2,22,4,20,0,0,0,0,0,24,2,22,4,20,20,10.5847528686279,11.9625605568229,0.306627450670497,2020-03-02,2020,3
"10281","RS",4,"Sul",43001,"Santa Rosa",156774,39527.5378453698,10,29,7,22,8,21,0,0,0,0,0,29,7,22,8,21,28,10.5847528686279,11.9625605568229,0.316406394646802,2020-03-09,2020,3
"10282","RS",4,"Sul",43001,"Santa Rosa",156774,39527.5378453698,11,21,5,16,6,15,0,0,0,0,0,21,5,16,6,15,19,10.5847528686279,11.9625605568229,0.391077011350574,2020-03-16,2020,3
"10283","RS",4,"Sul",43001,"Santa Rosa",156774,39527.5378453698,12,30,3,27,7,23,1,0,0,0,0,31,3,27,7,23,23,10.5847528686279,11.9625605568229,0.494740381654431,2020-03-23,2020,3
"10284","RS",4,"Sul",43001,"Santa Rosa",156774,39527.5378453698,13,27,4,23,9,18,0,0,0,0,0,27,4,23,9,18,22,10.5847528686279,11.9625605568229,0.454270744586334,2020-03-30,2020,3
"10285","RS",4,"Sul",43001,"Santa Rosa",156774,39527.5378453698,14,33,4,29,13,20,0,0,0,0,0,33,4,29,13,20,21,10.5847528686279,11.9625605568229,0.424943870557875,2020-04-06,2020,4
"10286","RS",4,"Sul",43001,"Santa Rosa",156774,39527.5378453698,15,37,1,36,8,29,0,0,0,0,0,37,1,36,8,29,31,10.5847528686279,11.9625605568229,0.399956226113022,2020-04-13,2020,4
"10287","RS",4,"Sul",43001,"Santa Rosa",156774,39527.5378453698,16,43,9,34,10,33,0,0,0,0,0,43,9,34,10,33,29,10.5847528686279,11.9625605568229,0.402548071737022,2020-04-20,2020,4
"10288","RS",4,"Sul",43001,"Santa Rosa",156774,39527.5378453698,17,42,9,33,12,30,0,0,0,0,0,42,9,33,12,30,22,10.5847528686279,11.9625605568229,0.408563171851499,2020-04-27,2020,4
"10289","RS",4,"Sul",43001,"Santa Rosa",156774,39527.5378453698,18,56,1,55,18,38,1,0,0,0,0,57,1,55,18,38,23,10.5847528686279,11.9625605568229,0.382451347384241,2020-05-04,2020,5
"10290","RS",4,"Sul",43001,"Santa Rosa",156774,39527.5378453698,19,38,4,34,10,28,0,0,0,0,0,38,4,34,10,28,17,10.5847528686279,11.9625605568229,0.388961176172961,2020-05-11,2020,5
"10291","RS",4,"Sul",43001,"Santa Rosa",156774,39527.5378453698,20,42,9,33,17,25,0,0,0,0,0,42,9,33,17,25,22,10.5847528686279,11.9625605568229,0.403065062424036,2020-05-18,2020,5
"10292","RS",4,"Sul",43001,"Santa Rosa",156774,39527.5378453698,21,40,5,35,12,28,0,0,0,0,0,40,5,35,12,28,19,10.5847528686279,11.9625605568229,0.380833375408603,2020-05-25,2020,5
"10293","RS",4,"Sul",43001,"Santa Rosa",156774,39527.5378453698,22,39,6,33,9,30,0,0,0,0,0,39,6,33,9,30,22,10.5847528686279,11.9625605568229,0.396616529413458,2020-06-01,2020,6
"10294","RS",4,"Sul",43001,"Santa Rosa",156774,39527.5378453698,23,45,3,42,11,34,0,0,0,0,0,45,3,42,11,34,32,10.5847528686279,11.9625605568229,0.39541283253028,2020-06-08,2020,6
"10295","RS",4,"Sul",43001,"Santa Rosa",156774,39527.5378453698,24,42,7,35,10,32,0,0,0,0,0,42,7,35,10,32,27,10.5847528686279,11.9625605568229,0.36480040872004,2020-06-15,2020,6
"10296","RS",4,"Sul",43001,"Santa Rosa",156774,39527.5378453698,25,53,5,48,14,39,0,0,0,0,0,53,5,48,14,39,23,10.5847528686279,11.9625605568229,0.375398823989832,2020-06-22,2020,6
"10297","RS",4,"Sul",43001,"Santa Rosa",156774,39527.5378453698,26,39,6,33,19,20,1,0,0,0,0,40,6,33,19,20,32,10.5847528686279,11.9625605568229,0.393164398048819,2020-06-29,2020,6
"10298","RS",4,"Sul",43001,"Santa Rosa",156774,39527.5378453698,27,25,3,22,8,17,0,0,0,0,0,25,3,22,8,17,33,10.5847528686279,11.9625605568229,0.384136103342219,2020-07-06,2020,7
"10299","RS",4,"Sul",43001,"Santa Rosa",156774,39527.5378453698,28,30,7,23,8,22,1,0,0,0,0,31,7,23,8,22,25,10.5847528686279,11.9625605568229,0.364973530432681,2020-07-13,2020,7
"10300","RS",4,"Sul",43001,"Santa Rosa",156774,39527.5378453698,29,24,7,17,10,14,0,0,0,0,0,24,7,17,10,14,29,10.5847528686279,11.9625605568229,0.365589452723937,2020-07-20,2020,7
"10301","RS",4,"Sul",43002,"Três Passos",140441,37411.4363420226,5,34,10,24,14,20,0,0,0,0,0,34,10,24,14,20,24,10.5297317212061,11.8525427507355,0.294155185572187,2020-02-03,2020,2
"10302","RS",4,"Sul",43002,"Três Passos",140441,37411.4363420226,6,20,8,12,4,16,0,0,0,0,0,20,8,12,4,16,24,10.5297317212061,11.8525427507355,0.299099117961105,2020-02-10,2020,2
"10303","RS",4,"Sul",43002,"Três Passos",140441,37411.4363420226,7,34,6,28,9,25,0,0,0,0,0,34,6,28,9,25,16,10.5297317212061,11.8525427507355,0.288965883811767,2020-02-17,2020,2
"10304","RS",4,"Sul",43002,"Três Passos",140441,37411.4363420226,8,33,10,23,7,26,0,0,0,0,0,33,10,23,7,26,13,10.5297317212061,11.8525427507355,0.344206932983321,2020-02-24,2020,2
"10305","RS",4,"Sul",43002,"Três Passos",140441,37411.4363420226,9,42,14,28,15,27,0,0,0,0,0,42,14,28,15,27,28,10.5297317212061,11.8525427507355,0.291966474543289,2020-03-02,2020,3
"10306","RS",4,"Sul",43002,"Três Passos",140441,37411.4363420226,10,28,5,23,9,19,0,0,0,0,0,28,5,23,9,19,21,10.5297317212061,11.8525427507355,0.317158985764556,2020-03-09,2020,3
"10307","RS",4,"Sul",43002,"Três Passos",140441,37411.4363420226,11,29,12,17,13,16,0,0,0,0,0,29,12,17,13,16,24,10.5297317212061,11.8525427507355,0.407473938000165,2020-03-16,2020,3
"10308","RS",4,"Sul",43002,"Três Passos",140441,37411.4363420226,12,32,6,26,10,22,0,0,0,0,0,32,6,26,10,22,19,10.5297317212061,11.8525427507355,0.522794833870327,2020-03-23,2020,3
"10309","RS",4,"Sul",43002,"Três Passos",140441,37411.4363420226,13,44,14,30,18,26,0,0,0,0,0,44,14,30,18,26,16,10.5297317212061,11.8525427507355,0.442455018168522,2020-03-30,2020,3
"10310","RS",4,"Sul",43002,"Três Passos",140441,37411.4363420226,14,22,6,16,7,15,1,0,0,0,0,23,6,16,7,15,16,10.5297317212061,11.8525427507355,0.429196101503059,2020-04-06,2020,4
"10311","RS",4,"Sul",43002,"Três Passos",140441,37411.4363420226,15,33,10,23,14,19,0,0,0,0,0,33,10,23,14,19,15,10.5297317212061,11.8525427507355,0.412101613259077,2020-04-13,2020,4
"10312","RS",4,"Sul",43002,"Três Passos",140441,37411.4363420226,16,28,12,16,8,20,1,0,0,0,0,29,12,16,8,20,21,10.5297317212061,11.8525427507355,0.403478429445529,2020-04-20,2020,4
"10313","RS",4,"Sul",43002,"Três Passos",140441,37411.4363420226,17,39,7,32,14,25,0,0,0,0,0,39,7,32,14,25,29,10.5297317212061,11.8525427507355,0.414026013333352,2020-04-27,2020,4
"10314","RS",4,"Sul",43002,"Três Passos",140441,37411.4363420226,18,31,11,20,14,17,0,0,0,0,0,31,11,20,14,17,19,10.5297317212061,11.8525427507355,0.388580962686833,2020-05-04,2020,5
"10315","RS",4,"Sul",43002,"Três Passos",140441,37411.4363420226,19,35,7,28,9,26,0,0,0,0,0,35,7,28,9,26,29,10.5297317212061,11.8525427507355,0.396846273996244,2020-05-11,2020,5
"10316","RS",4,"Sul",43002,"Três Passos",140441,37411.4363420226,20,46,13,33,20,26,0,0,0,0,0,46,13,33,20,26,26,10.5297317212061,11.8525427507355,0.397697912537086,2020-05-18,2020,5
"10317","RS",4,"Sul",43002,"Três Passos",140441,37411.4363420226,21,35,5,30,13,22,0,0,0,0,0,35,5,30,13,22,28,10.5297317212061,11.8525427507355,0.408425688557722,2020-05-25,2020,5
"10318","RS",4,"Sul",43002,"Três Passos",140441,37411.4363420226,22,39,8,31,20,19,0,0,0,0,0,39,8,31,20,19,35,10.5297317212061,11.8525427507355,0.407891051676573,2020-06-01,2020,6
"10319","RS",4,"Sul",43002,"Três Passos",140441,37411.4363420226,23,31,10,21,10,21,0,0,0,0,0,31,10,21,10,21,19,10.5297317212061,11.8525427507355,0.404678441384113,2020-06-08,2020,6
"10320","RS",4,"Sul",43002,"Três Passos",140441,37411.4363420226,24,31,7,24,11,20,0,0,0,0,0,31,7,24,11,20,20,10.5297317212061,11.8525427507355,0.379063207097737,2020-06-15,2020,6
"10321","RS",4,"Sul",43002,"Três Passos",140441,37411.4363420226,25,38,7,31,12,26,0,0,0,0,0,38,7,31,12,26,17,10.5297317212061,11.8525427507355,0.39983574812528,2020-06-22,2020,6
"10322","RS",4,"Sul",43002,"Três Passos",140441,37411.4363420226,26,38,13,25,13,25,0,0,0,0,0,38,13,25,13,25,21,10.5297317212061,11.8525427507355,0.409780839496507,2020-06-29,2020,6
"10323","RS",4,"Sul",43002,"Três Passos",140441,37411.4363420226,27,38,11,27,15,23,0,0,0,0,0,38,11,27,15,23,30,10.5297317212061,11.8525427507355,0.419151882468782,2020-07-06,2020,7
"10324","RS",4,"Sul",43002,"Três Passos",140441,37411.4363420226,28,42,12,30,17,25,0,0,0,0,0,42,12,30,17,25,13,10.5297317212061,11.8525427507355,0.391097978631741,2020-07-13,2020,7
"10325","RS",4,"Sul",43002,"Três Passos",140441,37411.4363420226,29,29,5,24,7,22,0,0,0,0,0,29,5,24,7,22,23,10.5297317212061,11.8525427507355,0.388084188088481,2020-07-20,2020,7
"10326","RS",4,"Sul",43003,"Frederico Westphalen",168859,31568.8125219266,5,45,17,28,14,31,1,0,0,0,0,46,17,28,14,31,26,10.3599249667149,12.0368193261403,0.282993261264628,2020-02-03,2020,2
"10327","RS",4,"Sul",43003,"Frederico Westphalen",168859,31568.8125219266,6,41,12,29,14,27,0,0,0,0,0,41,12,29,14,27,26,10.3599249667149,12.0368193261403,0.292236932228621,2020-02-10,2020,2
"10328","RS",4,"Sul",43003,"Frederico Westphalen",168859,31568.8125219266,7,35,11,24,11,24,1,0,0,0,0,36,11,24,11,24,25,10.3599249667149,12.0368193261403,0.289675541386576,2020-02-17,2020,2
"10329","RS",4,"Sul",43003,"Frederico Westphalen",168859,31568.8125219266,8,30,8,22,11,19,0,0,0,0,0,30,8,22,11,19,26,10.3599249667149,12.0368193261403,0.32932533641173,2020-02-24,2020,2
"10330","RS",4,"Sul",43003,"Frederico Westphalen",168859,31568.8125219266,9,44,13,31,13,31,0,0,0,0,0,44,13,31,13,31,26,10.3599249667149,12.0368193261403,0.292238776393421,2020-03-02,2020,3
"10331","RS",4,"Sul",43003,"Frederico Westphalen",168859,31568.8125219266,10,46,18,28,13,33,1,0,0,0,0,47,18,28,13,33,20,10.3599249667149,12.0368193261403,0.296121046706882,2020-03-09,2020,3
"10332","RS",4,"Sul",43003,"Frederico Westphalen",168859,31568.8125219266,11,40,16,24,15,25,0,0,0,0,0,40,16,24,15,25,27,10.3599249667149,12.0368193261403,0.421548485134484,2020-03-16,2020,3
"10333","RS",4,"Sul",43003,"Frederico Westphalen",168859,31568.8125219266,12,36,13,23,10,26,0,0,0,0,0,36,13,23,10,26,27,10.3599249667149,12.0368193261403,0.532089138295087,2020-03-23,2020,3
"10334","RS",4,"Sul",43003,"Frederico Westphalen",168859,31568.8125219266,13,41,14,27,15,26,0,0,0,0,0,41,14,27,15,26,23,10.3599249667149,12.0368193261403,0.454626317790487,2020-03-30,2020,3
"10335","RS",4,"Sul",43003,"Frederico Westphalen",168859,31568.8125219266,14,32,9,23,8,24,1,0,0,0,0,33,9,23,8,24,23,10.3599249667149,12.0368193261403,0.436131817722279,2020-04-06,2020,4
"10336","RS",4,"Sul",43003,"Frederico Westphalen",168859,31568.8125219266,15,35,13,22,12,23,0,0,0,0,0,35,13,22,12,23,23,10.3599249667149,12.0368193261403,0.388248707642151,2020-04-13,2020,4
"10337","RS",4,"Sul",43003,"Frederico Westphalen",168859,31568.8125219266,16,47,7,40,16,31,0,0,0,0,0,47,7,40,16,31,29,10.3599249667149,12.0368193261403,0.400538094377403,2020-04-20,2020,4
"10338","RS",4,"Sul",43003,"Frederico Westphalen",168859,31568.8125219266,17,41,12,29,18,23,0,0,0,0,0,41,12,29,18,23,21,10.3599249667149,12.0368193261403,0.422323225173559,2020-04-27,2020,4
"10339","RS",4,"Sul",43003,"Frederico Westphalen",168859,31568.8125219266,18,51,11,40,18,33,0,0,0,0,0,51,11,40,18,33,26,10.3599249667149,12.0368193261403,0.411414643582893,2020-05-04,2020,5
"10340","RS",4,"Sul",43003,"Frederico Westphalen",168859,31568.8125219266,19,37,12,25,15,22,0,0,0,0,0,37,12,25,15,22,26,10.3599249667149,12.0368193261403,0.393512561917706,2020-05-11,2020,5
"10341","RS",4,"Sul",43003,"Frederico Westphalen",168859,31568.8125219266,20,49,10,39,19,30,0,0,0,0,0,49,10,39,19,30,27,10.3599249667149,12.0368193261403,0.414915469861116,2020-05-18,2020,5
"10342","RS",4,"Sul",43003,"Frederico Westphalen",168859,31568.8125219266,21,44,6,38,15,29,0,0,0,0,0,44,6,38,15,29,31,10.3599249667149,12.0368193261403,0.386298562697296,2020-05-25,2020,5
"10343","RS",4,"Sul",43003,"Frederico Westphalen",168859,31568.8125219266,22,36,14,22,10,26,0,0,0,0,0,36,14,22,10,26,29,10.3599249667149,12.0368193261403,0.402210146428078,2020-06-01,2020,6
"10344","RS",4,"Sul",43003,"Frederico Westphalen",168859,31568.8125219266,23,41,10,31,18,23,0,0,0,0,0,41,10,31,18,23,25,10.3599249667149,12.0368193261403,0.412227125361468,2020-06-08,2020,6
"10345","RS",4,"Sul",43003,"Frederico Westphalen",168859,31568.8125219266,24,41,15,26,18,23,0,0,0,0,0,41,15,26,18,23,32,10.3599249667149,12.0368193261403,0.379223593463743,2020-06-15,2020,6
"10346","RS",4,"Sul",43003,"Frederico Westphalen",168859,31568.8125219266,25,49,10,39,19,30,1,0,0,0,0,50,10,39,19,30,27,10.3599249667149,12.0368193261403,0.392939352253306,2020-06-22,2020,6
"10347","RS",4,"Sul",43003,"Frederico Westphalen",168859,31568.8125219266,26,37,7,30,14,23,0,0,0,0,0,37,7,30,14,23,34,10.3599249667149,12.0368193261403,0.418558088969748,2020-06-29,2020,6
"10348","RS",4,"Sul",43003,"Frederico Westphalen",168859,31568.8125219266,27,42,10,32,12,30,0,0,0,0,0,42,10,32,12,30,33,10.3599249667149,12.0368193261403,0.412260878876364,2020-07-06,2020,7
"10349","RS",4,"Sul",43003,"Frederico Westphalen",168859,31568.8125219266,28,39,10,29,19,20,0,0,0,0,0,39,10,29,19,20,24,10.3599249667149,12.0368193261403,0.383311247738888,2020-07-13,2020,7
"10350","RS",4,"Sul",43003,"Frederico Westphalen",168859,31568.8125219266,29,47,12,35,14,33,0,0,0,0,0,47,12,35,14,33,29,10.3599249667149,12.0368193261403,0.380520034549669,2020-07-20,2020,7
"10351","RS",4,"Sul",43004,"Erechim",215135,43776.8976596556,5,37,6,31,9,28,0,0,0,0,0,37,6,31,9,28,28,10.6868615065207,12.2790210170354,0.306846149021461,2020-02-03,2020,2
"10352","RS",4,"Sul",43004,"Erechim",215135,43776.8976596556,6,44,8,36,14,30,0,0,0,0,0,44,8,36,14,30,29,10.6868615065207,12.2790210170354,0.301905018729761,2020-02-10,2020,2
"10353","RS",4,"Sul",43004,"Erechim",215135,43776.8976596556,7,43,13,30,7,36,0,0,0,0,0,43,13,30,7,36,27,10.6868615065207,12.2790210170354,0.304698928873993,2020-02-17,2020,2
"10354","RS",4,"Sul",43004,"Erechim",215135,43776.8976596556,8,43,10,33,9,34,0,0,0,0,0,43,10,33,9,34,32,10.6868615065207,12.2790210170354,0.33850980090009,2020-02-24,2020,2
"10355","RS",4,"Sul",43004,"Erechim",215135,43776.8976596556,9,34,5,29,8,26,1,0,0,0,0,35,5,29,8,26,34,10.6868615065207,12.2790210170354,0.313021100000122,2020-03-02,2020,3
"10356","RS",4,"Sul",43004,"Erechim",215135,43776.8976596556,10,54,9,45,14,40,0,0,0,0,0,54,9,45,14,40,37,10.6868615065207,12.2790210170354,0.331457946100622,2020-03-09,2020,3
"10357","RS",4,"Sul",43004,"Erechim",215135,43776.8976596556,11,51,7,44,12,39,1,0,0,0,0,52,7,44,12,39,25,10.6868615065207,12.2790210170354,0.46449880277027,2020-03-16,2020,3
"10358","RS",4,"Sul",43004,"Erechim",215135,43776.8976596556,12,36,13,23,8,28,1,0,0,0,0,37,13,23,8,28,26,10.6868615065207,12.2790210170354,0.577272435608218,2020-03-23,2020,3
"10359","RS",4,"Sul",43004,"Erechim",215135,43776.8976596556,13,37,10,27,8,29,0,0,0,0,0,37,10,27,8,29,26,10.6868615065207,12.2790210170354,0.499689651261076,2020-03-30,2020,3
"10360","RS",4,"Sul",43004,"Erechim",215135,43776.8976596556,14,44,7,37,13,31,0,0,0,0,0,44,7,37,13,31,28,10.6868615065207,12.2790210170354,0.477424657061393,2020-04-06,2020,4
"10361","RS",4,"Sul",43004,"Erechim",215135,43776.8976596556,15,55,8,47,15,40,0,0,0,0,0,55,8,47,15,40,31,10.6868615065207,12.2790210170354,0.425162625923911,2020-04-13,2020,4
"10362","RS",4,"Sul",43004,"Erechim",215135,43776.8976596556,16,43,10,33,11,32,2,0,0,0,0,45,10,33,11,32,27,10.6868615065207,12.2790210170354,0.429420355468586,2020-04-20,2020,4
"10363","RS",4,"Sul",43004,"Erechim",215135,43776.8976596556,17,49,9,40,12,37,0,0,0,0,0,49,9,40,12,37,28,10.6868615065207,12.2790210170354,0.431040886600971,2020-04-27,2020,4
"10364","RS",4,"Sul",43004,"Erechim",215135,43776.8976596556,18,42,8,34,3,39,0,0,0,0,0,42,8,34,3,39,31,10.6868615065207,12.2790210170354,0.399152860771403,2020-05-04,2020,5
"10365","RS",4,"Sul",43004,"Erechim",215135,43776.8976596556,19,42,11,31,12,30,0,0,0,0,0,42,11,31,12,30,25,10.6868615065207,12.2790210170354,0.407018601775822,2020-05-11,2020,5
"10366","RS",4,"Sul",43004,"Erechim",215135,43776.8976596556,20,32,10,22,4,28,1,0,0,0,0,33,10,22,4,28,29,10.6868615065207,12.2790210170354,0.428102816283917,2020-05-18,2020,5
"10367","RS",4,"Sul",43004,"Erechim",215135,43776.8976596556,21,45,12,33,17,28,0,0,0,0,0,45,12,33,17,28,29,10.6868615065207,12.2790210170354,0.41627763031263,2020-05-25,2020,5
"10368","RS",4,"Sul",43004,"Erechim",215135,43776.8976596556,22,48,9,39,18,30,0,0,0,0,0,48,9,39,18,30,40,10.6868615065207,12.2790210170354,0.421355139257507,2020-06-01,2020,6
"10369","RS",4,"Sul",43004,"Erechim",215135,43776.8976596556,23,46,4,42,11,35,0,0,0,0,0,46,4,42,11,35,35,10.6868615065207,12.2790210170354,0.432465156676766,2020-06-08,2020,6
"10370","RS",4,"Sul",43004,"Erechim",215135,43776.8976596556,24,42,8,34,14,28,0,0,0,0,0,42,8,34,14,28,40,10.6868615065207,12.2790210170354,0.388774783211683,2020-06-15,2020,6
"10371","RS",4,"Sul",43004,"Erechim",215135,43776.8976596556,25,43,7,36,8,35,3,0,0,0,0,46,7,36,8,35,34,10.6868615065207,12.2790210170354,0.399940944266229,2020-06-22,2020,6
"10372","RS",4,"Sul",43004,"Erechim",215135,43776.8976596556,26,43,11,32,13,30,1,0,0,0,0,44,11,32,13,30,35,10.6868615065207,12.2790210170354,0.408340238273812,2020-06-29,2020,6
"10373","RS",4,"Sul",43004,"Erechim",215135,43776.8976596556,27,51,13,38,11,40,0,0,0,0,0,51,13,38,11,40,36,10.6868615065207,12.2790210170354,0.410119885670722,2020-07-06,2020,7
"10374","RS",4,"Sul",43004,"Erechim",215135,43776.8976596556,28,50,12,38,17,33,0,0,0,0,0,50,12,38,17,33,47,10.6868615065207,12.2790210170354,0.387195739669348,2020-07-13,2020,7
"10375","RS",4,"Sul",43004,"Erechim",215135,43776.8976596556,29,61,13,48,16,45,0,0,0,0,0,61,13,48,16,45,28,10.6868615065207,12.2790210170354,0.386459850069444,2020-07-20,2020,7
"10376","RS",4,"Sul",43005,"Sananduva",60203,34875.5783974221,5,8,1,7,5,3,0,0,0,0,0,8,1,7,5,3,13,10.4595421038585,11.0054774639423,0.250233029989673,2020-02-03,2020,2
"10377","RS",4,"Sul",43005,"Sananduva",60203,34875.5783974221,6,11,1,10,3,8,0,0,0,0,0,11,1,10,3,8,8,10.4595421038585,11.0054774639423,0.280480135829661,2020-02-10,2020,2
"10378","RS",4,"Sul",43005,"Sananduva",60203,34875.5783974221,7,13,1,12,3,10,0,0,0,0,0,13,1,12,3,10,5,10.4595421038585,11.0054774639423,0.283101852881713,2020-02-17,2020,2
"10379","RS",4,"Sul",43005,"Sananduva",60203,34875.5783974221,8,13,1,12,2,11,0,0,0,0,0,13,1,12,2,11,12,10.4595421038585,11.0054774639423,0.360913148816519,2020-02-24,2020,2
"10380","RS",4,"Sul",43005,"Sananduva",60203,34875.5783974221,9,8,3,5,2,6,0,0,0,0,0,8,3,5,2,6,7,10.4595421038585,11.0054774639423,0.293397388548939,2020-03-02,2020,3
"10381","RS",4,"Sul",43005,"Sananduva",60203,34875.5783974221,10,7,3,4,3,4,0,0,0,0,0,7,3,4,3,4,13,10.4595421038585,11.0054774639423,0.290720813914727,2020-03-09,2020,3
"10382","RS",4,"Sul",43005,"Sananduva",60203,34875.5783974221,11,6,3,3,1,5,0,0,0,0,0,6,3,3,1,5,11,10.4595421038585,11.0054774639423,0.381197788864105,2020-03-16,2020,3
"10383","RS",4,"Sul",43005,"Sananduva",60203,34875.5783974221,12,8,3,5,3,5,0,0,0,0,0,8,3,5,3,5,6,10.4595421038585,11.0054774639423,0.510502007167049,2020-03-23,2020,3
"10384","RS",4,"Sul",43005,"Sananduva",60203,34875.5783974221,13,10,3,7,5,5,0,0,0,0,0,10,3,7,5,5,5,10.4595421038585,11.0054774639423,0.38454517851131,2020-03-30,2020,3
"10385","RS",4,"Sul",43005,"Sananduva",60203,34875.5783974221,14,12,3,9,3,9,0,0,0,0,0,12,3,9,3,9,8,10.4595421038585,11.0054774639423,0.427439418791264,2020-04-06,2020,4
"10386","RS",4,"Sul",43005,"Sananduva",60203,34875.5783974221,15,10,4,6,5,5,0,0,0,0,0,10,4,6,5,5,8,10.4595421038585,11.0054774639423,0.411863819378835,2020-04-13,2020,4
"10387","RS",4,"Sul",43005,"Sananduva",60203,34875.5783974221,16,13,7,6,6,7,0,0,0,0,0,13,7,6,6,7,12,10.4595421038585,11.0054774639423,0.413894955992926,2020-04-20,2020,4
"10388","RS",4,"Sul",43005,"Sananduva",60203,34875.5783974221,17,12,4,8,5,7,0,0,0,0,0,12,4,8,5,7,8,10.4595421038585,11.0054774639423,0.406832159722972,2020-04-27,2020,4
"10389","RS",4,"Sul",43005,"Sananduva",60203,34875.5783974221,18,17,5,12,4,13,0,0,0,0,0,17,5,12,4,13,7,10.4595421038585,11.0054774639423,0.354672820864408,2020-05-04,2020,5
"10390","RS",4,"Sul",43005,"Sananduva",60203,34875.5783974221,19,9,4,5,3,6,0,0,0,0,0,9,4,5,3,6,9,10.4595421038585,11.0054774639423,0.343799431216267,2020-05-11,2020,5
"10391","RS",4,"Sul",43005,"Sananduva",60203,34875.5783974221,20,17,5,12,4,13,0,0,0,0,0,17,5,12,4,13,11,10.4595421038585,11.0054774639423,0.343390066132024,2020-05-18,2020,5
"10392","RS",4,"Sul",43005,"Sananduva",60203,34875.5783974221,21,17,4,13,1,16,0,0,0,0,0,17,4,13,1,16,5,10.4595421038585,11.0054774639423,0.364465449798843,2020-05-25,2020,5
"10393","RS",4,"Sul",43005,"Sananduva",60203,34875.5783974221,22,15,3,12,5,10,0,0,0,0,0,15,3,12,5,10,7,10.4595421038585,11.0054774639423,0.388069345944988,2020-06-01,2020,6
"10394","RS",4,"Sul",43005,"Sananduva",60203,34875.5783974221,23,16,5,11,3,13,0,0,0,0,0,16,5,11,3,13,7,10.4595421038585,11.0054774639423,0.396895055055048,2020-06-08,2020,6
"10395","RS",4,"Sul",43005,"Sananduva",60203,34875.5783974221,24,13,3,10,2,11,0,0,0,0,0,13,3,10,2,11,7,10.4595421038585,11.0054774639423,0.351892258488786,2020-06-15,2020,6
"10396","RS",4,"Sul",43005,"Sananduva",60203,34875.5783974221,25,8,0,8,1,7,0,0,0,0,0,8,0,8,1,7,8,10.4595421038585,11.0054774639423,0.398469626434159,2020-06-22,2020,6
"10397","RS",4,"Sul",43005,"Sananduva",60203,34875.5783974221,26,12,3,9,2,10,0,0,0,0,0,12,3,9,2,10,17,10.4595421038585,11.0054774639423,0.364998441476038,2020-06-29,2020,6
"10398","RS",4,"Sul",43005,"Sananduva",60203,34875.5783974221,27,4,0,4,0,4,0,0,0,0,0,4,0,4,0,4,10,10.4595421038585,11.0054774639423,0.367487782780877,2020-07-06,2020,7
"10399","RS",4,"Sul",43005,"Sananduva",60203,34875.5783974221,28,10,0,10,2,8,0,0,0,0,0,10,0,10,2,8,16,10.4595421038585,11.0054774639423,0.352562579680568,2020-07-13,2020,7
"10400","RS",4,"Sul",43005,"Sananduva",60203,34875.5783974221,29,14,5,9,5,9,0,0,0,0,0,14,5,9,5,9,12,10.4595421038585,11.0054774639423,0.366853270151112,2020-07-20,2020,7
"10401","RS",4,"Sul",43006,"Cerro Largo",63845,45249.7443423917,5,6,2,4,2,4,0,0,0,0,0,6,2,4,2,4,13,10.7199522992202,11.0642135498588,0.296795626477391,2020-02-03,2020,2
"10402","RS",4,"Sul",43006,"Cerro Largo",63845,45249.7443423917,6,10,3,7,4,6,0,0,0,0,0,10,3,7,4,6,9,10.7199522992202,11.0642135498588,0.321585913243373,2020-02-10,2020,2
"10403","RS",4,"Sul",43006,"Cerro Largo",63845,45249.7443423917,7,12,2,10,3,9,0,0,0,0,0,12,2,10,3,9,6,10.7199522992202,11.0642135498588,0.303861057008816,2020-02-17,2020,2
"10404","RS",4,"Sul",43006,"Cerro Largo",63845,45249.7443423917,8,11,2,9,4,7,0,0,0,0,0,11,2,9,4,7,10,10.7199522992202,11.0642135498588,0.341498383672593,2020-02-24,2020,2
"10405","RS",4,"Sul",43006,"Cerro Largo",63845,45249.7443423917,9,20,5,15,8,12,0,0,0,0,0,20,5,15,8,12,15,10.7199522992202,11.0642135498588,0.329898037589538,2020-03-02,2020,3
"10406","RS",4,"Sul",43006,"Cerro Largo",63845,45249.7443423917,10,9,0,9,1,8,0,0,0,0,0,9,0,9,1,8,9,10.7199522992202,11.0642135498588,0.336011795830811,2020-03-09,2020,3
"10407","RS",4,"Sul",43006,"Cerro Largo",63845,45249.7443423917,11,12,2,10,3,9,0,0,0,0,0,12,2,10,3,9,18,10.7199522992202,11.0642135498588,0.371479393841015,2020-03-16,2020,3
"10408","RS",4,"Sul",43006,"Cerro Largo",63845,45249.7443423917,12,14,3,11,7,7,0,0,0,0,0,14,3,11,7,7,14,10.7199522992202,11.0642135498588,0.513276545634324,2020-03-23,2020,3
"10409","RS",4,"Sul",43006,"Cerro Largo",63845,45249.7443423917,13,10,2,8,4,6,0,0,0,0,0,10,2,8,4,6,14,10.7199522992202,11.0642135498588,0.413675867926798,2020-03-30,2020,3
"10410","RS",4,"Sul",43006,"Cerro Largo",63845,45249.7443423917,14,13,2,11,6,7,0,0,0,0,0,13,2,11,6,7,13,10.7199522992202,11.0642135498588,0.432842597269274,2020-04-06,2020,4
"10411","RS",4,"Sul",43006,"Cerro Largo",63845,45249.7443423917,15,10,4,6,2,8,0,0,0,0,0,10,4,6,2,8,8,10.7199522992202,11.0642135498588,0.414155596142149,2020-04-13,2020,4
"10412","RS",4,"Sul",43006,"Cerro Largo",63845,45249.7443423917,16,12,4,8,1,11,0,0,0,0,0,12,4,8,1,11,15,10.7199522992202,11.0642135498588,0.384084467258492,2020-04-20,2020,4
"10413","RS",4,"Sul",43006,"Cerro Largo",63845,45249.7443423917,17,9,2,7,3,6,0,0,0,0,0,9,2,7,3,6,9,10.7199522992202,11.0642135498588,0.404269612458317,2020-04-27,2020,4
"10414","RS",4,"Sul",43006,"Cerro Largo",63845,45249.7443423917,18,7,4,3,1,6,0,0,0,0,0,7,4,3,1,6,15,10.7199522992202,11.0642135498588,0.379807136818062,2020-05-04,2020,5
"10415","RS",4,"Sul",43006,"Cerro Largo",63845,45249.7443423917,19,13,3,10,3,10,0,0,0,0,0,13,3,10,3,10,11,10.7199522992202,11.0642135498588,0.371254187617456,2020-05-11,2020,5
"10416","RS",4,"Sul",43006,"Cerro Largo",63845,45249.7443423917,20,18,3,15,5,13,0,0,0,0,0,18,3,15,5,13,10,10.7199522992202,11.0642135498588,0.394952017780371,2020-05-18,2020,5
"10417","RS",4,"Sul",43006,"Cerro Largo",63845,45249.7443423917,21,14,3,11,1,13,0,0,0,0,0,14,3,11,1,13,11,10.7199522992202,11.0642135498588,0.365012933093591,2020-05-25,2020,5
"10418","RS",4,"Sul",43006,"Cerro Largo",63845,45249.7443423917,22,17,2,15,5,12,0,0,0,0,0,17,2,15,5,12,8,10.7199522992202,11.0642135498588,0.383176741613591,2020-06-01,2020,6
"10419","RS",4,"Sul",43006,"Cerro Largo",63845,45249.7443423917,23,11,2,9,2,9,0,0,0,0,0,11,2,9,2,9,20,10.7199522992202,11.0642135498588,0.422628229952637,2020-06-08,2020,6
"10420","RS",4,"Sul",43006,"Cerro Largo",63845,45249.7443423917,24,15,4,11,1,14,0,0,0,0,0,15,4,11,1,14,5,10.7199522992202,11.0642135498588,0.378242012312455,2020-06-15,2020,6
"10421","RS",4,"Sul",43006,"Cerro Largo",63845,45249.7443423917,25,9,5,4,1,8,0,0,0,0,0,9,5,4,1,8,7,10.7199522992202,11.0642135498588,0.377430657108299,2020-06-22,2020,6
"10422","RS",4,"Sul",43006,"Cerro Largo",63845,45249.7443423917,26,15,4,11,5,10,0,0,0,0,0,15,4,11,5,10,17,10.7199522992202,11.0642135498588,0.401200911307019,2020-06-29,2020,6
"10423","RS",4,"Sul",43006,"Cerro Largo",63845,45249.7443423917,27,11,1,10,4,7,0,0,0,0,0,11,1,10,4,7,17,10.7199522992202,11.0642135498588,0.416451600434328,2020-07-06,2020,7
"10424","RS",4,"Sul",43006,"Cerro Largo",63845,45249.7443423917,28,8,3,5,0,8,0,0,0,0,0,8,3,5,0,8,13,10.7199522992202,11.0642135498588,0.378117735495518,2020-07-13,2020,7
"10425","RS",4,"Sul",43006,"Cerro Largo",63845,45249.7443423917,29,10,1,9,0,10,0,0,0,0,0,10,1,9,0,10,7,10.7199522992202,11.0642135498588,0.375901287579214,2020-07-20,2020,7
"10426","RS",4,"Sul",43007,"Santo Ângelo",190107,39615.5957038931,5,38,12,26,10,28,0,0,0,0,0,38,12,26,10,28,30,10.5869781506179,12.1553423505235,0.304731031689057,2020-02-03,2020,2
"10427","RS",4,"Sul",43007,"Santo Ângelo",190107,39615.5957038931,6,42,15,27,21,21,0,0,0,0,0,42,15,27,21,21,22,10.5869781506179,12.1553423505235,0.304568026334452,2020-02-10,2020,2
"10428","RS",4,"Sul",43007,"Santo Ângelo",190107,39615.5957038931,7,40,9,31,16,24,0,0,0,0,0,40,9,31,16,24,25,10.5869781506179,12.1553423505235,0.299021476181905,2020-02-17,2020,2
"10429","RS",4,"Sul",43007,"Santo Ângelo",190107,39615.5957038931,8,54,13,41,22,32,0,0,0,0,0,54,13,41,22,32,40,10.5869781506179,12.1553423505235,0.340331462889152,2020-02-24,2020,2
"10430","RS",4,"Sul",43007,"Santo Ângelo",190107,39615.5957038931,9,46,12,34,18,28,0,0,0,0,0,46,12,34,18,28,20,10.5869781506179,12.1553423505235,0.320557609990223,2020-03-02,2020,3
"10431","RS",4,"Sul",43007,"Santo Ângelo",190107,39615.5957038931,10,39,10,29,13,26,0,0,0,0,0,39,10,29,13,26,25,10.5869781506179,12.1553423505235,0.328036533715711,2020-03-09,2020,3
"10432","RS",4,"Sul",43007,"Santo Ângelo",190107,39615.5957038931,11,41,17,24,15,26,1,0,0,0,0,42,17,24,15,26,29,10.5869781506179,12.1553423505235,0.39333742956304,2020-03-16,2020,3
"10433","RS",4,"Sul",43007,"Santo Ângelo",190107,39615.5957038931,12,44,9,35,14,30,0,0,0,0,0,44,9,35,14,30,43,10.5869781506179,12.1553423505235,0.518354790466453,2020-03-23,2020,3
"10434","RS",4,"Sul",43007,"Santo Ângelo",190107,39615.5957038931,13,39,6,33,17,22,0,0,0,0,0,39,6,33,17,22,34,10.5869781506179,12.1553423505235,0.461802067103314,2020-03-30,2020,3
"10435","RS",4,"Sul",43007,"Santo Ângelo",190107,39615.5957038931,14,43,12,31,17,26,0,0,0,0,0,43,12,31,17,26,26,10.5869781506179,12.1553423505235,0.442812900325378,2020-04-06,2020,4
"10436","RS",4,"Sul",43007,"Santo Ângelo",190107,39615.5957038931,15,41,7,34,11,30,0,0,0,0,0,41,7,34,11,30,29,10.5869781506179,12.1553423505235,0.409737831735575,2020-04-13,2020,4
"10437","RS",4,"Sul",43007,"Santo Ângelo",190107,39615.5957038931,16,40,14,26,9,31,1,0,0,0,0,41,14,26,9,31,24,10.5869781506179,12.1553423505235,0.410823874367661,2020-04-20,2020,4
"10438","RS",4,"Sul",43007,"Santo Ângelo",190107,39615.5957038931,17,53,18,35,22,31,0,0,0,0,0,53,18,35,22,31,39,10.5869781506179,12.1553423505235,0.418187676193573,2020-04-27,2020,4
"10439","RS",4,"Sul",43007,"Santo Ângelo",190107,39615.5957038931,18,41,13,28,11,30,0,0,0,0,0,41,13,28,11,30,31,10.5869781506179,12.1553423505235,0.406640049461031,2020-05-04,2020,5
"10440","RS",4,"Sul",43007,"Santo Ângelo",190107,39615.5957038931,19,46,19,27,12,34,1,0,0,0,0,47,19,27,12,34,24,10.5869781506179,12.1553423505235,0.405171066443285,2020-05-11,2020,5
"10441","RS",4,"Sul",43007,"Santo Ângelo",190107,39615.5957038931,20,32,11,21,12,20,0,0,0,0,0,32,11,21,12,20,38,10.5869781506179,12.1553423505235,0.417962256706478,2020-05-18,2020,5
"10442","RS",4,"Sul",43007,"Santo Ângelo",190107,39615.5957038931,21,49,11,38,16,33,0,0,0,0,0,49,11,38,16,33,33,10.5869781506179,12.1553423505235,0.407871635864301,2020-05-25,2020,5
"10443","RS",4,"Sul",43007,"Santo Ângelo",190107,39615.5957038931,22,47,11,36,18,29,1,0,0,0,0,48,11,36,18,29,42,10.5869781506179,12.1553423505235,0.418131730198457,2020-06-01,2020,6
"10444","RS",4,"Sul",43007,"Santo Ângelo",190107,39615.5957038931,23,45,12,33,12,33,1,0,0,0,0,46,12,33,12,33,32,10.5869781506179,12.1553423505235,0.416826089382818,2020-06-08,2020,6
"10445","RS",4,"Sul",43007,"Santo Ângelo",190107,39615.5957038931,24,47,12,35,19,28,0,0,0,0,0,47,12,35,19,28,31,10.5869781506179,12.1553423505235,0.391213533647558,2020-06-15,2020,6
"10446","RS",4,"Sul",43007,"Santo Ângelo",190107,39615.5957038931,25,49,11,38,12,37,0,0,0,0,0,49,11,38,12,37,49,10.5869781506179,12.1553423505235,0.408042155264798,2020-06-22,2020,6
"10447","RS",4,"Sul",43007,"Santo Ângelo",190107,39615.5957038931,26,50,15,35,17,33,0,0,0,0,0,50,15,35,17,33,39,10.5869781506179,12.1553423505235,0.437601737722138,2020-06-29,2020,6
"10448","RS",4,"Sul",43007,"Santo Ângelo",190107,39615.5957038931,27,40,9,31,13,27,1,0,0,0,0,41,9,31,13,27,32,10.5869781506179,12.1553423505235,0.435060806168898,2020-07-06,2020,7
"10449","RS",4,"Sul",43007,"Santo Ângelo",190107,39615.5957038931,28,49,11,38,17,32,0,0,0,0,0,49,11,38,17,32,39,10.5869781506179,12.1553423505235,0.397796215368286,2020-07-13,2020,7
"10450","RS",4,"Sul",43007,"Santo Ângelo",190107,39615.5957038931,29,51,15,36,18,33,1,0,0,0,0,52,15,36,18,33,35,10.5869781506179,12.1553423505235,0.390887491091697,2020-07-20,2020,7
"10451","RS",4,"Sul",43008,"Ijuí",192099,45437.2480000416,5,50,8,42,17,33,0,0,0,0,0,50,8,42,17,33,25,10.7240874881816,12.165766143121,0.300089623172767,2020-02-03,2020,2
"10452","RS",4,"Sul",43008,"Ijuí",192099,45437.2480000416,6,41,5,36,18,23,1,0,0,0,0,42,5,36,18,23,17,10.7240874881816,12.165766143121,0.296316278103752,2020-02-10,2020,2
"10453","RS",4,"Sul",43008,"Ijuí",192099,45437.2480000416,7,48,9,39,18,30,0,0,0,0,0,48,9,39,18,30,23,10.7240874881816,12.165766143121,0.301590393924491,2020-02-17,2020,2
"10454","RS",4,"Sul",43008,"Ijuí",192099,45437.2480000416,8,34,7,27,10,24,2,0,0,0,0,36,7,27,10,24,27,10.7240874881816,12.165766143121,0.333751521895326,2020-02-24,2020,2
"10455","RS",4,"Sul",43008,"Ijuí",192099,45437.2480000416,9,54,11,43,14,40,0,0,0,0,0,54,11,43,14,40,28,10.7240874881816,12.165766143121,0.31771025153136,2020-03-02,2020,3
"10456","RS",4,"Sul",43008,"Ijuí",192099,45437.2480000416,10,41,5,36,14,27,0,0,0,0,0,41,5,36,14,27,28,10.7240874881816,12.165766143121,0.319920844527941,2020-03-09,2020,3
"10457","RS",4,"Sul",43008,"Ijuí",192099,45437.2480000416,11,32,2,30,6,26,0,0,0,0,0,32,2,30,6,26,29,10.7240874881816,12.165766143121,0.424529137845146,2020-03-16,2020,3
"10458","RS",4,"Sul",43008,"Ijuí",192099,45437.2480000416,12,31,7,24,9,22,0,0,0,0,0,31,7,24,9,22,22,10.7240874881816,12.165766143121,0.549620950770314,2020-03-23,2020,3
"10459","RS",4,"Sul",43008,"Ijuí",192099,45437.2480000416,13,43,6,37,12,31,1,0,0,0,0,44,6,37,12,31,23,10.7240874881816,12.165766143121,0.482286281218299,2020-03-30,2020,3
"10460","RS",4,"Sul",43008,"Ijuí",192099,45437.2480000416,14,46,9,37,16,30,0,0,0,0,0,46,9,37,16,30,35,10.7240874881816,12.165766143121,0.467169458608703,2020-04-06,2020,4
"10461","RS",4,"Sul",43008,"Ijuí",192099,45437.2480000416,15,31,4,27,13,18,0,0,0,0,0,31,4,27,13,18,24,10.7240874881816,12.165766143121,0.422159090230667,2020-04-13,2020,4
"10462","RS",4,"Sul",43008,"Ijuí",192099,45437.2480000416,16,40,8,32,13,27,0,0,0,0,0,40,8,32,13,27,27,10.7240874881816,12.165766143121,0.434440298556929,2020-04-20,2020,4
"10463","RS",4,"Sul",43008,"Ijuí",192099,45437.2480000416,17,53,7,46,18,35,0,0,0,0,0,53,7,46,18,35,33,10.7240874881816,12.165766143121,0.423920389476703,2020-04-27,2020,4
"10464","RS",4,"Sul",43008,"Ijuí",192099,45437.2480000416,18,43,9,34,13,30,1,0,0,0,0,44,9,34,13,30,21,10.7240874881816,12.165766143121,0.40529751293849,2020-05-04,2020,5
"10465","RS",4,"Sul",43008,"Ijuí",192099,45437.2480000416,19,47,12,35,14,33,0,0,0,0,0,47,12,35,14,33,33,10.7240874881816,12.165766143121,0.405514668718559,2020-05-11,2020,5
"10466","RS",4,"Sul",43008,"Ijuí",192099,45437.2480000416,20,55,10,45,20,35,1,0,0,0,0,56,10,45,20,35,20,10.7240874881816,12.165766143121,0.413563076505324,2020-05-18,2020,5
"10467","RS",4,"Sul",43008,"Ijuí",192099,45437.2480000416,21,47,8,39,12,35,0,0,0,0,0,47,8,39,12,35,31,10.7240874881816,12.165766143121,0.397658578633492,2020-05-25,2020,5
"10468","RS",4,"Sul",43008,"Ijuí",192099,45437.2480000416,22,50,12,38,20,30,0,0,0,0,0,50,12,38,20,30,39,10.7240874881816,12.165766143121,0.407139520540564,2020-06-01,2020,6
"10469","RS",4,"Sul",43008,"Ijuí",192099,45437.2480000416,23,52,11,41,16,36,0,0,0,0,0,52,11,41,16,36,29,10.7240874881816,12.165766143121,0.410548209252547,2020-06-08,2020,6
"10470","RS",4,"Sul",43008,"Ijuí",192099,45437.2480000416,24,41,7,34,12,29,0,0,0,0,0,41,7,34,12,29,21,10.7240874881816,12.165766143121,0.377712233210979,2020-06-15,2020,6
"10471","RS",4,"Sul",43008,"Ijuí",192099,45437.2480000416,25,46,7,39,13,33,0,0,0,0,0,46,7,39,13,33,30,10.7240874881816,12.165766143121,0.400299542507233,2020-06-22,2020,6
"10472","RS",4,"Sul",43008,"Ijuí",192099,45437.2480000416,26,36,10,26,11,25,0,0,0,0,0,36,10,26,11,25,31,10.7240874881816,12.165766143121,0.419513802621652,2020-06-29,2020,6
"10473","RS",4,"Sul",43008,"Ijuí",192099,45437.2480000416,27,50,8,42,15,35,0,0,0,0,0,50,8,42,15,35,28,10.7240874881816,12.165766143121,0.414648487153043,2020-07-06,2020,7
"10474","RS",4,"Sul",43008,"Ijuí",192099,45437.2480000416,28,42,5,37,15,27,1,0,0,0,0,43,5,37,15,27,30,10.7240874881816,12.165766143121,0.378982313701539,2020-07-13,2020,7
"10475","RS",4,"Sul",43008,"Ijuí",192099,45437.2480000416,29,52,7,45,18,34,0,0,0,0,0,52,7,45,18,34,29,10.7240874881816,12.165766143121,0.373205134589621,2020-07-20,2020,7
"10476","RS",4,"Sul",43009,"Carazinho",164574,43738.7892664698,5,36,11,25,11,25,0,0,0,0,0,36,11,25,11,25,22,10.6859906136115,12.0111155960606,0.303492705890126,2020-02-03,2020,2
"10477","RS",4,"Sul",43009,"Carazinho",164574,43738.7892664698,6,38,6,32,10,28,0,0,0,0,0,38,6,32,10,28,20,10.6859906136115,12.0111155960606,0.300986303596132,2020-02-10,2020,2
"10478","RS",4,"Sul",43009,"Carazinho",164574,43738.7892664698,7,31,6,25,7,24,0,0,0,0,0,31,6,25,7,24,23,10.6859906136115,12.0111155960606,0.304636069614517,2020-02-17,2020,2
"10479","RS",4,"Sul",43009,"Carazinho",164574,43738.7892664698,8,34,8,26,14,20,0,0,0,0,0,34,8,26,14,20,23,10.6859906136115,12.0111155960606,0.334835746104082,2020-02-24,2020,2
"10480","RS",4,"Sul",43009,"Carazinho",164574,43738.7892664698,9,38,10,28,13,25,0,0,0,0,0,38,10,28,13,25,28,10.6859906136115,12.0111155960606,0.315000864968966,2020-03-02,2020,3
"10481","RS",4,"Sul",43009,"Carazinho",164574,43738.7892664698,10,37,8,29,13,24,0,0,0,0,0,37,8,29,13,24,23,10.6859906136115,12.0111155960606,0.330985685110205,2020-03-09,2020,3
"10482","RS",4,"Sul",43009,"Carazinho",164574,43738.7892664698,11,35,5,30,13,22,0,0,0,0,0,35,5,30,13,22,28,10.6859906136115,12.0111155960606,0.432723714967383,2020-03-16,2020,3
"10483","RS",4,"Sul",43009,"Carazinho",164574,43738.7892664698,12,30,10,20,14,16,0,0,0,0,0,30,10,20,14,16,25,10.6859906136115,12.0111155960606,0.557427218620137,2020-03-23,2020,3
"10484","RS",4,"Sul",43009,"Carazinho",164574,43738.7892664698,13,35,9,26,11,24,0,0,0,0,0,35,9,26,11,24,22,10.6859906136115,12.0111155960606,0.487853726865096,2020-03-30,2020,3
"10485","RS",4,"Sul",43009,"Carazinho",164574,43738.7892664698,14,46,11,35,14,32,1,0,0,0,0,47,11,35,14,32,16,10.6859906136115,12.0111155960606,0.468678957355546,2020-04-06,2020,4
"10486","RS",4,"Sul",43009,"Carazinho",164574,43738.7892664698,15,37,6,31,11,26,0,0,0,0,0,37,6,31,11,26,23,10.6859906136115,12.0111155960606,0.432183195269716,2020-04-13,2020,4
"10487","RS",4,"Sul",43009,"Carazinho",164574,43738.7892664698,16,48,13,35,15,33,0,0,0,0,0,48,13,35,15,33,25,10.6859906136115,12.0111155960606,0.43688104519869,2020-04-20,2020,4
"10488","RS",4,"Sul",43009,"Carazinho",164574,43738.7892664698,17,42,7,35,15,27,2,0,0,0,0,44,7,35,15,27,24,10.6859906136115,12.0111155960606,0.431646380205129,2020-04-27,2020,4
"10489","RS",4,"Sul",43009,"Carazinho",164574,43738.7892664698,18,40,9,31,15,25,0,0,0,0,0,40,9,31,15,25,27,10.6859906136115,12.0111155960606,0.408697481439044,2020-05-04,2020,5
"10490","RS",4,"Sul",43009,"Carazinho",164574,43738.7892664698,19,42,7,35,17,25,1,0,0,0,0,43,7,35,17,25,32,10.6859906136115,12.0111155960606,0.403552352707532,2020-05-11,2020,5
"10491","RS",4,"Sul",43009,"Carazinho",164574,43738.7892664698,20,44,18,26,17,27,0,0,0,0,0,44,18,26,17,27,15,10.6859906136115,12.0111155960606,0.412367710118433,2020-05-18,2020,5
"10492","RS",4,"Sul",43009,"Carazinho",164574,43738.7892664698,21,50,7,43,12,38,0,0,0,0,0,50,7,43,12,38,30,10.6859906136115,12.0111155960606,0.395330044902857,2020-05-25,2020,5
"10493","RS",4,"Sul",43009,"Carazinho",164574,43738.7892664698,22,50,6,44,20,30,1,0,0,0,0,51,6,44,20,30,14,10.6859906136115,12.0111155960606,0.406286864863794,2020-06-01,2020,6
"10494","RS",4,"Sul",43009,"Carazinho",164574,43738.7892664698,23,40,12,28,11,29,0,0,0,0,0,40,12,28,11,29,28,10.6859906136115,12.0111155960606,0.416506857373559,2020-06-08,2020,6
"10495","RS",4,"Sul",43009,"Carazinho",164574,43738.7892664698,24,42,9,33,10,32,0,0,0,0,0,42,9,33,10,32,24,10.6859906136115,12.0111155960606,0.379985811806165,2020-06-15,2020,6
"10496","RS",4,"Sul",43009,"Carazinho",164574,43738.7892664698,25,38,9,29,21,17,0,0,0,0,0,38,9,29,21,17,26,10.6859906136115,12.0111155960606,0.406690457889204,2020-06-22,2020,6
"10497","RS",4,"Sul",43009,"Carazinho",164574,43738.7892664698,26,52,13,39,12,40,0,0,0,0,0,52,13,39,12,40,27,10.6859906136115,12.0111155960606,0.426378639849551,2020-06-29,2020,6
"10498","RS",4,"Sul",43009,"Carazinho",164574,43738.7892664698,27,42,11,31,17,25,1,0,0,0,0,43,11,31,17,25,38,10.6859906136115,12.0111155960606,0.422818583736551,2020-07-06,2020,7
"10499","RS",4,"Sul",43009,"Carazinho",164574,43738.7892664698,28,39,9,30,17,22,0,0,0,0,0,39,9,30,17,22,28,10.6859906136115,12.0111155960606,0.395709613282981,2020-07-13,2020,7
"10500","RS",4,"Sul",43009,"Carazinho",164574,43738.7892664698,29,40,7,33,10,30,0,0,0,0,0,40,7,33,10,30,32,10.6859906136115,12.0111155960606,0.386779187340948,2020-07-20,2020,7
"10501","RS",4,"Sul",43010,"Passo Fundo",361746,45538.5342895844,5,87,17,70,26,61,0,0,0,0,0,87,17,70,26,61,48,10.7263141539787,12.7986975870725,0.315308851768588,2020-02-03,2020,2
"10502","RS",4,"Sul",43010,"Passo Fundo",361746,45538.5342895844,6,72,21,51,34,38,0,0,0,0,0,72,21,51,34,38,38,10.7263141539787,12.7986975870725,0.31396920358758,2020-02-10,2020,2
"10503","RS",4,"Sul",43010,"Passo Fundo",361746,45538.5342895844,7,78,15,63,23,55,0,0,0,0,0,78,15,63,23,55,45,10.7263141539787,12.7986975870725,0.31904374806258,2020-02-17,2020,2
"10504","RS",4,"Sul",43010,"Passo Fundo",361746,45538.5342895844,8,90,18,72,23,67,0,0,0,0,0,90,18,72,23,67,48,10.7263141539787,12.7986975870725,0.360387755042137,2020-02-24,2020,2
"10505","RS",4,"Sul",43010,"Passo Fundo",361746,45538.5342895844,9,99,19,80,30,69,0,0,0,0,0,99,19,80,30,69,42,10.7263141539787,12.7986975870725,0.33399697399264,2020-03-02,2020,3
"10506","RS",4,"Sul",43010,"Passo Fundo",361746,45538.5342895844,10,84,25,59,25,59,1,0,0,0,0,85,25,59,25,59,41,10.7263141539787,12.7986975870725,0.342539859355379,2020-03-09,2020,3
"10507","RS",4,"Sul",43010,"Passo Fundo",361746,45538.5342895844,11,85,18,67,29,56,1,0,0,0,0,86,18,67,29,56,35,10.7263141539787,12.7986975870725,0.452142118766632,2020-03-16,2020,3
"10508","RS",4,"Sul",43010,"Passo Fundo",361746,45538.5342895844,12,65,23,42,17,48,0,0,0,0,0,65,23,42,17,48,43,10.7263141539787,12.7986975870725,0.578896969446916,2020-03-23,2020,3
"10509","RS",4,"Sul",43010,"Passo Fundo",361746,45538.5342895844,13,77,20,57,27,50,0,0,0,0,0,77,20,57,27,50,42,10.7263141539787,12.7986975870725,0.521162525342636,2020-03-30,2020,3
"10510","RS",4,"Sul",43010,"Passo Fundo",361746,45538.5342895844,14,86,16,70,32,54,0,0,0,0,0,86,16,70,32,54,46,10.7263141539787,12.7986975870725,0.504782297309875,2020-04-06,2020,4
"10511","RS",4,"Sul",43010,"Passo Fundo",361746,45538.5342895844,15,82,17,65,28,54,0,0,0,0,0,82,17,65,28,54,48,10.7263141539787,12.7986975870725,0.461113075505088,2020-04-13,2020,4
"10512","RS",4,"Sul",43010,"Passo Fundo",361746,45538.5342895844,16,76,20,56,27,49,0,0,0,0,0,76,20,56,27,49,47,10.7263141539787,12.7986975870725,0.471414152755128,2020-04-20,2020,4
"10513","RS",4,"Sul",43010,"Passo Fundo",361746,45538.5342895844,17,86,20,66,23,63,0,0,0,0,0,86,20,66,23,63,39,10.7263141539787,12.7986975870725,0.47476875569208,2020-04-27,2020,4
"10514","RS",4,"Sul",43010,"Passo Fundo",361746,45538.5342895844,18,100,21,79,33,67,2,0,0,0,0,102,21,79,33,67,61,10.7263141539787,12.7986975870725,0.438987328760402,2020-05-04,2020,5
"10515","RS",4,"Sul",43010,"Passo Fundo",361746,45538.5342895844,19,97,23,74,32,65,0,0,0,0,0,97,23,74,32,65,51,10.7263141539787,12.7986975870725,0.43362192301972,2020-05-11,2020,5
"10516","RS",4,"Sul",43010,"Passo Fundo",361746,45538.5342895844,20,102,22,80,38,64,1,0,0,0,0,103,22,80,38,64,60,10.7263141539787,12.7986975870725,0.440967367062605,2020-05-18,2020,5
"10517","RS",4,"Sul",43010,"Passo Fundo",361746,45538.5342895844,21,88,22,66,26,62,0,0,0,0,0,88,22,66,26,62,56,10.7263141539787,12.7986975870725,0.42164745527688,2020-05-25,2020,5
"10518","RS",4,"Sul",43010,"Passo Fundo",361746,45538.5342895844,22,110,21,89,29,81,0,0,0,0,0,110,21,89,29,81,60,10.7263141539787,12.7986975870725,0.430596836438522,2020-06-01,2020,6
"10519","RS",4,"Sul",43010,"Passo Fundo",361746,45538.5342895844,23,112,32,80,32,80,1,0,0,0,0,113,32,80,32,80,52,10.7263141539787,12.7986975870725,0.428385219178401,2020-06-08,2020,6
"10520","RS",4,"Sul",43010,"Passo Fundo",361746,45538.5342895844,24,87,20,67,27,60,1,0,0,0,0,88,20,67,27,60,50,10.7263141539787,12.7986975870725,0.395296486345053,2020-06-15,2020,6
"10521","RS",4,"Sul",43010,"Passo Fundo",361746,45538.5342895844,25,102,26,76,27,75,0,0,0,0,0,102,26,76,27,75,40,10.7263141539787,12.7986975870725,0.404172682186002,2020-06-22,2020,6
"10522","RS",4,"Sul",43010,"Passo Fundo",361746,45538.5342895844,26,94,20,74,28,66,0,0,0,0,0,94,20,74,28,66,52,10.7263141539787,12.7986975870725,0.42480889923634,2020-06-29,2020,6
"10523","RS",4,"Sul",43010,"Passo Fundo",361746,45538.5342895844,27,82,18,64,27,55,0,0,0,0,0,82,18,64,27,55,55,10.7263141539787,12.7986975870725,0.432929582392657,2020-07-06,2020,7
"10524","RS",4,"Sul",43010,"Passo Fundo",361746,45538.5342895844,28,74,20,54,18,56,0,0,0,0,0,74,20,54,18,56,74,10.7263141539787,12.7986975870725,0.400160826737139,2020-07-13,2020,7
"10525","RS",4,"Sul",43010,"Passo Fundo",361746,45538.5342895844,29,83,19,64,34,49,2,0,0,0,0,85,19,64,34,49,58,10.7263141539787,12.7986975870725,0.40124608623187,2020-07-20,2020,7
"10526","RS",4,"Sul",43011,"Cruz Alta",148290,62311.570682986,5,34,10,24,10,24,0,0,0,0,0,34,10,24,10,24,20,11.0399024127793,11.9069250949691,0.30643997704729,2020-02-03,2020,2
"10527","RS",4,"Sul",43011,"Cruz Alta",148290,62311.570682986,6,23,4,19,10,13,0,0,0,0,0,23,4,19,10,13,21,11.0399024127793,11.9069250949691,0.297192783681663,2020-02-10,2020,2
"10528","RS",4,"Sul",43011,"Cruz Alta",148290,62311.570682986,7,30,5,25,11,19,1,0,0,0,0,31,5,25,11,19,14,11.0399024127793,11.9069250949691,0.308216691048737,2020-02-17,2020,2
"10529","RS",4,"Sul",43011,"Cruz Alta",148290,62311.570682986,8,30,6,24,11,19,0,0,0,0,0,30,6,24,11,19,23,11.0399024127793,11.9069250949691,0.343862091743422,2020-02-24,2020,2
"10530","RS",4,"Sul",43011,"Cruz Alta",148290,62311.570682986,9,29,8,21,13,16,0,0,0,0,0,29,8,21,13,16,26,11.0399024127793,11.9069250949691,0.324936787116318,2020-03-02,2020,3
"10531","RS",4,"Sul",43011,"Cruz Alta",148290,62311.570682986,10,34,7,27,13,21,0,0,0,0,0,34,7,27,13,21,19,11.0399024127793,11.9069250949691,0.326767381473755,2020-03-09,2020,3
"10532","RS",4,"Sul",43011,"Cruz Alta",148290,62311.570682986,11,19,6,13,9,10,0,0,0,0,0,19,6,13,9,10,31,11.0399024127793,11.9069250949691,0.422676315019113,2020-03-16,2020,3
"10533","RS",4,"Sul",43011,"Cruz Alta",148290,62311.570682986,12,32,6,26,13,19,0,0,0,0,0,32,6,26,13,19,24,11.0399024127793,11.9069250949691,0.531480932289287,2020-03-23,2020,3
"10534","RS",4,"Sul",43011,"Cruz Alta",148290,62311.570682986,13,36,8,28,9,27,0,0,0,0,0,36,8,28,9,27,19,11.0399024127793,11.9069250949691,0.469218065432584,2020-03-30,2020,3
"10535","RS",4,"Sul",43011,"Cruz Alta",148290,62311.570682986,14,29,7,22,7,22,0,0,0,0,0,29,7,22,7,22,23,11.0399024127793,11.9069250949691,0.458952773340219,2020-04-06,2020,4
"10536","RS",4,"Sul",43011,"Cruz Alta",148290,62311.570682986,15,36,9,27,12,24,1,0,0,0,0,37,9,27,12,24,33,11.0399024127793,11.9069250949691,0.431335449903898,2020-04-13,2020,4
"10537","RS",4,"Sul",43011,"Cruz Alta",148290,62311.570682986,16,42,14,28,14,28,0,0,0,0,0,42,14,28,14,28,18,11.0399024127793,11.9069250949691,0.426435607596158,2020-04-20,2020,4
"10538","RS",4,"Sul",43011,"Cruz Alta",148290,62311.570682986,17,29,6,23,10,19,0,0,0,0,0,29,6,23,10,19,23,11.0399024127793,11.9069250949691,0.423333167218496,2020-04-27,2020,4
"10539","RS",4,"Sul",43011,"Cruz Alta",148290,62311.570682986,18,31,5,26,7,24,0,0,0,0,0,31,5,26,7,24,17,11.0399024127793,11.9069250949691,0.408795992918597,2020-05-04,2020,5
"10540","RS",4,"Sul",43011,"Cruz Alta",148290,62311.570682986,19,24,5,19,9,15,0,0,0,0,0,24,5,19,9,15,27,11.0399024127793,11.9069250949691,0.402300318939246,2020-05-11,2020,5
"10541","RS",4,"Sul",43011,"Cruz Alta",148290,62311.570682986,20,35,10,25,11,24,1,0,0,0,0,36,10,25,11,24,23,11.0399024127793,11.9069250949691,0.422128646189017,2020-05-18,2020,5
"10542","RS",4,"Sul",43011,"Cruz Alta",148290,62311.570682986,21,41,11,30,15,26,0,0,0,0,0,41,11,30,15,26,20,11.0399024127793,11.9069250949691,0.404178202605569,2020-05-25,2020,5
"10543","RS",4,"Sul",43011,"Cruz Alta",148290,62311.570682986,22,41,8,33,6,35,1,0,0,0,0,42,8,33,6,35,11,11.0399024127793,11.9069250949691,0.413568287188044,2020-06-01,2020,6
"10544","RS",4,"Sul",43011,"Cruz Alta",148290,62311.570682986,23,41,13,28,12,29,0,0,0,0,0,41,13,28,12,29,22,11.0399024127793,11.9069250949691,0.427705741085897,2020-06-08,2020,6
"10545","RS",4,"Sul",43011,"Cruz Alta",148290,62311.570682986,24,33,10,23,9,24,0,0,0,0,0,33,10,23,9,24,22,11.0399024127793,11.9069250949691,0.390631164339298,2020-06-15,2020,6
"10546","RS",4,"Sul",43011,"Cruz Alta",148290,62311.570682986,25,38,7,31,12,26,0,0,0,0,0,38,7,31,12,26,21,11.0399024127793,11.9069250949691,0.398271972786537,2020-06-22,2020,6
"10547","RS",4,"Sul",43011,"Cruz Alta",148290,62311.570682986,26,25,6,19,9,16,0,0,0,0,0,25,6,19,9,16,17,11.0399024127793,11.9069250949691,0.421272495864573,2020-06-29,2020,6
"10548","RS",4,"Sul",43011,"Cruz Alta",148290,62311.570682986,27,30,6,24,11,19,0,0,0,0,0,30,6,24,11,19,31,11.0399024127793,11.9069250949691,0.437897223784718,2020-07-06,2020,7
"10549","RS",4,"Sul",43011,"Cruz Alta",148290,62311.570682986,28,32,7,25,11,21,0,0,0,0,0,32,7,25,11,21,25,11.0399024127793,11.9069250949691,0.396212417170422,2020-07-13,2020,7
"10550","RS",4,"Sul",43011,"Cruz Alta",148290,62311.570682986,29,45,9,36,11,34,0,0,0,0,0,45,9,36,11,34,16,11.0399024127793,11.9069250949691,0.399798648636037,2020-07-20,2020,7
"10551","RS",4,"Sul",43012,"Não-Me-Toque",44094,58637.9526273416,5,9,1,8,3,6,0,0,0,0,0,9,1,8,3,6,2,10.9791374216833,10.6940789977569,0.33713202377835,2020-02-03,2020,2
"10552","RS",4,"Sul",43012,"Não-Me-Toque",44094,58637.9526273416,6,7,0,7,3,4,0,0,0,0,0,7,0,7,3,4,5,10.9791374216833,10.6940789977569,0.315557762329036,2020-02-10,2020,2
"10553","RS",4,"Sul",43012,"Não-Me-Toque",44094,58637.9526273416,7,11,2,9,3,8,0,0,0,0,0,11,2,9,3,8,7,10.9791374216833,10.6940789977569,0.320029893189783,2020-02-17,2020,2
"10554","RS",4,"Sul",43012,"Não-Me-Toque",44094,58637.9526273416,8,5,2,3,1,4,0,0,0,0,0,5,2,3,1,4,6,10.9791374216833,10.6940789977569,0.352397882477325,2020-02-24,2020,2
"10555","RS",4,"Sul",43012,"Não-Me-Toque",44094,58637.9526273416,9,12,2,10,3,9,0,0,0,0,0,12,2,10,3,9,7,10.9791374216833,10.6940789977569,0.339201271064547,2020-03-02,2020,3
"10556","RS",4,"Sul",43012,"Não-Me-Toque",44094,58637.9526273416,10,6,1,5,2,4,0,0,0,0,0,6,1,5,2,4,11,10.9791374216833,10.6940789977569,0.335058169992923,2020-03-09,2020,3
"10557","RS",4,"Sul",43012,"Não-Me-Toque",44094,58637.9526273416,11,5,1,4,1,4,0,0,0,0,0,5,1,4,1,4,10,10.9791374216833,10.6940789977569,0.465515898317461,2020-03-16,2020,3
"10558","RS",4,"Sul",43012,"Não-Me-Toque",44094,58637.9526273416,12,11,5,6,3,8,0,0,0,0,0,11,5,6,3,8,11,10.9791374216833,10.6940789977569,0.60451556187077,2020-03-23,2020,3
"10559","RS",4,"Sul",43012,"Não-Me-Toque",44094,58637.9526273416,13,4,0,4,1,3,0,0,0,0,0,4,0,4,1,3,7,10.9791374216833,10.6940789977569,0.510492373080287,2020-03-30,2020,3
"10560","RS",4,"Sul",43012,"Não-Me-Toque",44094,58637.9526273416,14,10,2,8,3,7,0,0,0,0,0,10,2,8,3,7,12,10.9791374216833,10.6940789977569,0.488689026029616,2020-04-06,2020,4
"10561","RS",4,"Sul",43012,"Não-Me-Toque",44094,58637.9526273416,15,12,0,12,2,10,0,0,0,0,0,12,0,12,2,10,6,10.9791374216833,10.6940789977569,0.465668632520606,2020-04-13,2020,4
"10562","RS",4,"Sul",43012,"Não-Me-Toque",44094,58637.9526273416,16,9,3,6,5,4,0,0,0,0,0,9,3,6,5,4,12,10.9791374216833,10.6940789977569,0.472626884479458,2020-04-20,2020,4
"10563","RS",4,"Sul",43012,"Não-Me-Toque",44094,58637.9526273416,17,4,1,3,0,4,0,0,0,0,0,4,1,3,0,4,3,10.9791374216833,10.6940789977569,0.429204626294864,2020-04-27,2020,4
"10564","RS",4,"Sul",43012,"Não-Me-Toque",44094,58637.9526273416,18,9,1,8,4,5,2,0,0,0,0,11,1,8,4,5,4,10.9791374216833,10.6940789977569,0.387883129367192,2020-05-04,2020,5
"10565","RS",4,"Sul",43012,"Não-Me-Toque",44094,58637.9526273416,19,12,0,12,4,8,0,0,0,0,0,12,0,12,4,8,4,10.9791374216833,10.6940789977569,0.403474666439066,2020-05-11,2020,5
"10566","RS",4,"Sul",43012,"Não-Me-Toque",44094,58637.9526273416,20,14,3,11,2,12,0,0,0,0,0,14,3,11,2,12,6,10.9791374216833,10.6940789977569,0.422544410301948,2020-05-18,2020,5
"10567","RS",4,"Sul",43012,"Não-Me-Toque",44094,58637.9526273416,21,8,1,7,2,6,0,0,0,0,0,8,1,7,2,6,11,10.9791374216833,10.6940789977569,0.386829371515145,2020-05-25,2020,5
"10568","RS",4,"Sul",43012,"Não-Me-Toque",44094,58637.9526273416,22,8,3,5,3,5,1,0,0,0,0,9,3,5,3,5,12,10.9791374216833,10.6940789977569,0.417210815850019,2020-06-01,2020,6
"10569","RS",4,"Sul",43012,"Não-Me-Toque",44094,58637.9526273416,23,13,3,10,4,9,0,0,0,0,0,13,3,10,4,9,5,10.9791374216833,10.6940789977569,0.432841748608007,2020-06-08,2020,6
"10570","RS",4,"Sul",43012,"Não-Me-Toque",44094,58637.9526273416,24,9,1,8,2,7,0,0,0,0,0,9,1,8,2,7,3,10.9791374216833,10.6940789977569,0.387814783385697,2020-06-15,2020,6
"10571","RS",4,"Sul",43012,"Não-Me-Toque",44094,58637.9526273416,25,10,2,8,5,5,0,0,0,0,0,10,2,8,5,5,9,10.9791374216833,10.6940789977569,0.409588710044627,2020-06-22,2020,6
"10572","RS",4,"Sul",43012,"Não-Me-Toque",44094,58637.9526273416,26,6,2,4,1,5,0,0,0,0,0,6,2,4,1,5,4,10.9791374216833,10.6940789977569,0.417597790817687,2020-06-29,2020,6
"10573","RS",4,"Sul",43012,"Não-Me-Toque",44094,58637.9526273416,27,12,2,10,3,9,0,0,0,0,0,12,2,10,3,9,7,10.9791374216833,10.6940789977569,0.424036976794438,2020-07-06,2020,7
"10574","RS",4,"Sul",43012,"Não-Me-Toque",44094,58637.9526273416,28,8,0,8,1,7,0,0,0,0,0,8,0,8,1,7,2,10.9791374216833,10.6940789977569,0.410301910341928,2020-07-13,2020,7
"10575","RS",4,"Sul",43012,"Não-Me-Toque",44094,58637.9526273416,29,11,4,7,2,9,0,0,0,0,0,11,4,7,2,9,5,10.9791374216833,10.6940789977569,0.400318446257916,2020-07-20,2020,7
"10576","RS",4,"Sul",43013,"Soledade",72552,25406.7962358033,5,8,2,6,1,7,0,0,0,0,0,8,2,6,1,7,15,10.1427719855553,11.1920588251274,0.306403302030666,2020-02-03,2020,2
"10577","RS",4,"Sul",43013,"Soledade",72552,25406.7962358033,6,9,7,2,3,6,0,0,0,0,0,9,7,2,3,6,7,10.1427719855553,11.1920588251274,0.29304409631551,2020-02-10,2020,2
"10578","RS",4,"Sul",43013,"Soledade",72552,25406.7962358033,7,10,2,8,1,9,0,0,0,0,0,10,2,8,1,9,8,10.1427719855553,11.1920588251274,0.30896821450624,2020-02-17,2020,2
"10579","RS",4,"Sul",43013,"Soledade",72552,25406.7962358033,8,12,3,9,3,9,0,0,0,0,0,12,3,9,3,9,10,10.1427719855553,11.1920588251274,0.362043915504997,2020-02-24,2020,2
"10580","RS",4,"Sul",43013,"Soledade",72552,25406.7962358033,9,13,2,11,6,7,0,0,0,0,0,13,2,11,6,7,14,10.1427719855553,11.1920588251274,0.311225457505834,2020-03-02,2020,3
"10581","RS",4,"Sul",43013,"Soledade",72552,25406.7962358033,10,10,2,8,3,7,0,0,0,0,0,10,2,8,3,7,13,10.1427719855553,11.1920588251274,0.34328272381389,2020-03-09,2020,3
"10582","RS",4,"Sul",43013,"Soledade",72552,25406.7962358033,11,12,5,7,8,4,0,0,0,0,0,12,5,7,8,4,11,10.1427719855553,11.1920588251274,0.419007342088502,2020-03-16,2020,3
"10583","RS",4,"Sul",43013,"Soledade",72552,25406.7962358033,12,13,5,8,5,8,0,0,0,0,0,13,5,8,5,8,9,10.1427719855553,11.1920588251274,0.572130955706144,2020-03-23,2020,3
"10584","RS",4,"Sul",43013,"Soledade",72552,25406.7962358033,13,13,5,8,4,9,0,0,0,0,0,13,5,8,4,9,8,10.1427719855553,11.1920588251274,0.504952699862191,2020-03-30,2020,3
"10585","RS",4,"Sul",43013,"Soledade",72552,25406.7962358033,14,15,5,10,7,8,0,0,0,0,0,15,5,10,7,8,10,10.1427719855553,11.1920588251274,0.467737041209362,2020-04-06,2020,4
"10586","RS",4,"Sul",43013,"Soledade",72552,25406.7962358033,15,22,5,17,9,13,0,0,0,0,0,22,5,17,9,13,8,10.1427719855553,11.1920588251274,0.428586706507318,2020-04-13,2020,4
"10587","RS",4,"Sul",43013,"Soledade",72552,25406.7962358033,16,18,2,16,7,11,0,0,0,0,0,18,2,16,7,11,13,10.1427719855553,11.1920588251274,0.429122615978219,2020-04-20,2020,4
"10588","RS",4,"Sul",43013,"Soledade",72552,25406.7962358033,17,12,5,7,3,9,0,0,0,0,0,12,5,7,3,9,10,10.1427719855553,11.1920588251274,0.435595062765609,2020-04-27,2020,4
"10589","RS",4,"Sul",43013,"Soledade",72552,25406.7962358033,18,21,6,15,6,15,1,0,0,0,0,22,6,15,6,15,13,10.1427719855553,11.1920588251274,0.389111082609671,2020-05-04,2020,5
"10590","RS",4,"Sul",43013,"Soledade",72552,25406.7962358033,19,12,5,7,4,8,0,0,0,0,0,12,5,7,4,8,9,10.1427719855553,11.1920588251274,0.411936445054137,2020-05-11,2020,5
"10591","RS",4,"Sul",43013,"Soledade",72552,25406.7962358033,20,16,4,12,5,11,0,0,0,0,0,16,4,12,5,11,11,10.1427719855553,11.1920588251274,0.398861920137127,2020-05-18,2020,5
"10592","RS",4,"Sul",43013,"Soledade",72552,25406.7962358033,21,14,6,8,5,9,0,0,0,0,0,14,6,8,5,9,12,10.1427719855553,11.1920588251274,0.392131208662967,2020-05-25,2020,5
"10593","RS",4,"Sul",43013,"Soledade",72552,25406.7962358033,22,15,6,9,2,13,1,0,0,0,0,16,6,9,2,13,11,10.1427719855553,11.1920588251274,0.392968627812902,2020-06-01,2020,6
"10594","RS",4,"Sul",43013,"Soledade",72552,25406.7962358033,23,17,7,10,6,11,0,0,0,0,0,17,7,10,6,11,9,10.1427719855553,11.1920588251274,0.372059924039386,2020-06-08,2020,6
"10595","RS",4,"Sul",43013,"Soledade",72552,25406.7962358033,24,15,4,11,7,8,0,0,0,0,0,15,4,11,7,8,11,10.1427719855553,11.1920588251274,0.361951466222027,2020-06-15,2020,6
"10596","RS",4,"Sul",43013,"Soledade",72552,25406.7962358033,25,17,5,12,10,7,0,0,0,0,0,17,5,12,10,7,7,10.1427719855553,11.1920588251274,0.374789529246066,2020-06-22,2020,6
"10597","RS",4,"Sul",43013,"Soledade",72552,25406.7962358033,26,17,8,9,6,11,0,0,0,0,0,17,8,9,6,11,16,10.1427719855553,11.1920588251274,0.393704529125282,2020-06-29,2020,6
"10598","RS",4,"Sul",43013,"Soledade",72552,25406.7962358033,27,18,7,11,10,8,0,0,0,0,0,18,7,11,10,8,8,10.1427719855553,11.1920588251274,0.390915838989988,2020-07-06,2020,7
"10599","RS",4,"Sul",43013,"Soledade",72552,25406.7962358033,28,13,3,10,6,7,0,0,0,0,0,13,3,10,6,7,15,10.1427719855553,11.1920588251274,0.372946219532344,2020-07-13,2020,7
"10600","RS",4,"Sul",43013,"Soledade",72552,25406.7962358033,29,10,3,7,6,4,1,0,0,0,0,11,3,7,6,4,12,10.1427719855553,11.1920588251274,0.367409002615546,2020-07-20,2020,7
"10601","RS",4,"Sul",43014,"Guaporé",141389,40866.6116535233,5,31,6,25,10,21,0,0,0,0,0,31,6,25,10,21,17,10.6180686676535,11.8592702359249,0.29552633300221,2020-02-03,2020,2
"10602","RS",4,"Sul",43014,"Guaporé",141389,40866.6116535233,6,24,4,20,6,18,0,0,0,0,0,24,4,20,6,18,15,10.6180686676535,11.8592702359249,0.29374482226929,2020-02-10,2020,2
"10603","RS",4,"Sul",43014,"Guaporé",141389,40866.6116535233,7,30,8,22,6,24,1,0,0,0,0,31,8,22,6,24,19,10.6180686676535,11.8592702359249,0.303212478021259,2020-02-17,2020,2
"10604","RS",4,"Sul",43014,"Guaporé",141389,40866.6116535233,8,29,5,24,8,21,0,0,0,0,0,29,5,24,8,21,13,10.6180686676535,11.8592702359249,0.318643626882204,2020-02-24,2020,2
"10605","RS",4,"Sul",43014,"Guaporé",141389,40866.6116535233,9,39,6,33,10,29,0,0,0,0,0,39,6,33,10,29,19,10.6180686676535,11.8592702359249,0.310366763465201,2020-03-02,2020,3
"10606","RS",4,"Sul",43014,"Guaporé",141389,40866.6116535233,10,26,6,20,7,19,0,0,0,0,0,26,6,20,7,19,28,10.6180686676535,11.8592702359249,0.317015533023234,2020-03-09,2020,3
"10607","RS",4,"Sul",43014,"Guaporé",141389,40866.6116535233,11,39,12,27,8,31,0,0,0,0,0,39,12,27,8,31,10,10.6180686676535,11.8592702359249,0.419255767385342,2020-03-16,2020,3
"10608","RS",4,"Sul",43014,"Guaporé",141389,40866.6116535233,12,21,4,17,6,15,0,0,0,0,0,21,4,17,6,15,21,10.6180686676535,11.8592702359249,0.549373448498865,2020-03-23,2020,3
"10609","RS",4,"Sul",43014,"Guaporé",141389,40866.6116535233,13,18,2,16,4,14,0,0,0,0,0,18,2,16,4,14,17,10.6180686676535,11.8592702359249,0.47571144713956,2020-03-30,2020,3
"10610","RS",4,"Sul",43014,"Guaporé",141389,40866.6116535233,14,28,5,23,4,24,0,0,0,0,0,28,5,23,4,24,10,10.6180686676535,11.8592702359249,0.437491870277428,2020-04-06,2020,4
"10611","RS",4,"Sul",43014,"Guaporé",141389,40866.6116535233,15,30,3,27,5,25,1,0,0,0,0,31,3,27,5,25,18,10.6180686676535,11.8592702359249,0.380901632693399,2020-04-13,2020,4
"10612","RS",4,"Sul",43014,"Guaporé",141389,40866.6116535233,16,33,9,24,17,16,0,0,0,0,0,33,9,24,17,16,21,10.6180686676535,11.8592702359249,0.392020631593081,2020-04-20,2020,4
"10613","RS",4,"Sul",43014,"Guaporé",141389,40866.6116535233,17,35,3,32,11,24,0,0,0,0,0,35,3,32,11,24,15,10.6180686676535,11.8592702359249,0.396164251562355,2020-04-27,2020,4
"10614","RS",4,"Sul",43014,"Guaporé",141389,40866.6116535233,18,31,9,22,13,18,0,0,0,0,0,31,9,22,13,18,25,10.6180686676535,11.8592702359249,0.379798491546118,2020-05-04,2020,5
"10615","RS",4,"Sul",43014,"Guaporé",141389,40866.6116535233,19,22,8,14,7,15,0,0,0,0,0,22,8,14,7,15,20,10.6180686676535,11.8592702359249,0.385388665627946,2020-05-11,2020,5
"10616","RS",4,"Sul",43014,"Guaporé",141389,40866.6116535233,20,25,4,21,7,18,2,0,0,0,0,27,4,21,7,18,12,10.6180686676535,11.8592702359249,0.380812275598285,2020-05-18,2020,5
"10617","RS",4,"Sul",43014,"Guaporé",141389,40866.6116535233,21,42,12,30,11,31,0,0,0,0,0,42,12,30,11,31,23,10.6180686676535,11.8592702359249,0.381785449732079,2020-05-25,2020,5
"10618","RS",4,"Sul",43014,"Guaporé",141389,40866.6116535233,22,28,2,26,6,22,0,0,0,0,0,28,2,26,6,22,17,10.6180686676535,11.8592702359249,0.388200842542964,2020-06-01,2020,6
"10619","RS",4,"Sul",43014,"Guaporé",141389,40866.6116535233,23,31,4,27,4,27,1,0,0,0,0,32,4,27,4,27,13,10.6180686676535,11.8592702359249,0.389047435599571,2020-06-08,2020,6
"10620","RS",4,"Sul",43014,"Guaporé",141389,40866.6116535233,24,22,1,21,3,19,0,0,0,0,0,22,1,21,3,19,23,10.6180686676535,11.8592702359249,0.360474408682026,2020-06-15,2020,6
"10621","RS",4,"Sul",43014,"Guaporé",141389,40866.6116535233,25,30,6,24,8,22,0,0,0,0,0,30,6,24,8,22,20,10.6180686676535,11.8592702359249,0.380533265556376,2020-06-22,2020,6
"10622","RS",4,"Sul",43014,"Guaporé",141389,40866.6116535233,26,31,3,28,7,24,0,0,0,0,0,31,3,28,7,24,19,10.6180686676535,11.8592702359249,0.395668305803836,2020-06-29,2020,6
"10623","RS",4,"Sul",43014,"Guaporé",141389,40866.6116535233,27,23,7,16,6,17,0,0,0,0,0,23,7,16,6,17,18,10.6180686676535,11.8592702359249,0.391194124020837,2020-07-06,2020,7
"10624","RS",4,"Sul",43014,"Guaporé",141389,40866.6116535233,28,28,5,23,5,23,0,0,0,0,0,28,5,23,5,23,16,10.6180686676535,11.8592702359249,0.364696452920633,2020-07-13,2020,7
"10625","RS",4,"Sul",43014,"Guaporé",141389,40866.6116535233,29,29,7,22,6,23,0,0,0,0,0,29,7,22,6,23,19,10.6180686676535,11.8592702359249,0.379934337710529,2020-07-20,2020,7
"10626","RS",4,"Sul",43015,"Vacaria",164409,38097.5147092921,5,39,7,32,18,21,0,0,0,0,0,39,7,32,18,21,23,10.5479043282599,12.0101125046313,0.324677606872454,2020-02-03,2020,2
"10627","RS",4,"Sul",43015,"Vacaria",164409,38097.5147092921,6,43,17,26,14,29,0,0,0,0,0,43,17,26,14,29,22,10.5479043282599,12.0101125046313,0.329446908823568,2020-02-10,2020,2
"10628","RS",4,"Sul",43015,"Vacaria",164409,38097.5147092921,7,47,25,22,19,28,0,0,0,0,0,47,25,22,19,28,30,10.5479043282599,12.0101125046313,0.326127397605218,2020-02-17,2020,2
"10629","RS",4,"Sul",43015,"Vacaria",164409,38097.5147092921,8,29,12,17,13,16,0,0,0,0,0,29,12,17,13,16,32,10.5479043282599,12.0101125046313,0.360265048240052,2020-02-24,2020,2
"10630","RS",4,"Sul",43015,"Vacaria",164409,38097.5147092921,9,50,18,32,22,28,1,0,0,0,0,51,18,32,22,28,33,10.5479043282599,12.0101125046313,0.335294234025701,2020-03-02,2020,3
"10631","RS",4,"Sul",43015,"Vacaria",164409,38097.5147092921,10,40,15,25,18,22,0,0,0,0,0,40,15,25,18,22,21,10.5479043282599,12.0101125046313,0.342457684039319,2020-03-09,2020,3
"10632","RS",4,"Sul",43015,"Vacaria",164409,38097.5147092921,11,33,12,21,16,17,0,0,0,0,0,33,12,21,16,17,17,10.5479043282599,12.0101125046313,0.437309045096538,2020-03-16,2020,3
"10633","RS",4,"Sul",43015,"Vacaria",164409,38097.5147092921,12,34,12,22,13,21,0,0,0,0,0,34,12,22,13,21,25,10.5479043282599,12.0101125046313,0.52708383940698,2020-03-23,2020,3
"10634","RS",4,"Sul",43015,"Vacaria",164409,38097.5147092921,13,40,15,25,16,24,0,0,0,0,0,40,15,25,16,24,26,10.5479043282599,12.0101125046313,0.472597912563276,2020-03-30,2020,3
"10635","RS",4,"Sul",43015,"Vacaria",164409,38097.5147092921,14,50,12,38,23,27,0,0,0,0,0,50,12,38,23,27,28,10.5479043282599,12.0101125046313,0.450873561762878,2020-04-06,2020,4
"10636","RS",4,"Sul",43015,"Vacaria",164409,38097.5147092921,15,53,22,31,24,29,1,0,0,0,0,54,22,31,24,29,22,10.5479043282599,12.0101125046313,0.415404665620507,2020-04-13,2020,4
"10637","RS",4,"Sul",43015,"Vacaria",164409,38097.5147092921,16,44,20,24,20,24,1,0,0,0,0,45,20,24,20,24,22,10.5479043282599,12.0101125046313,0.420786776190384,2020-04-20,2020,4
"10638","RS",4,"Sul",43015,"Vacaria",164409,38097.5147092921,17,44,9,35,19,25,0,0,0,0,0,44,9,35,19,25,23,10.5479043282599,12.0101125046313,0.420237286267115,2020-04-27,2020,4
"10639","RS",4,"Sul",43015,"Vacaria",164409,38097.5147092921,18,42,15,27,17,25,0,0,0,0,0,42,15,27,17,25,22,10.5479043282599,12.0101125046313,0.401835059230251,2020-05-04,2020,5
"10640","RS",4,"Sul",43015,"Vacaria",164409,38097.5147092921,19,37,13,24,13,24,0,0,0,0,0,37,13,24,13,24,28,10.5479043282599,12.0101125046313,0.409875999391497,2020-05-11,2020,5
"10641","RS",4,"Sul",43015,"Vacaria",164409,38097.5147092921,20,45,20,25,18,27,0,0,0,0,0,45,20,25,18,27,32,10.5479043282599,12.0101125046313,0.425274057945937,2020-05-18,2020,5
"10642","RS",4,"Sul",43015,"Vacaria",164409,38097.5147092921,21,42,13,29,18,24,0,0,0,0,0,42,13,29,18,24,25,10.5479043282599,12.0101125046313,0.404327520435084,2020-05-25,2020,5
"10643","RS",4,"Sul",43015,"Vacaria",164409,38097.5147092921,22,42,14,28,17,25,1,0,0,0,0,43,14,28,17,25,31,10.5479043282599,12.0101125046313,0.418621629474863,2020-06-01,2020,6
"10644","RS",4,"Sul",43015,"Vacaria",164409,38097.5147092921,23,50,12,38,20,30,0,0,0,0,0,50,12,38,20,30,31,10.5479043282599,12.0101125046313,0.408937294580877,2020-06-08,2020,6
"10645","RS",4,"Sul",43015,"Vacaria",164409,38097.5147092921,24,36,16,20,17,19,0,0,0,0,0,36,16,20,17,19,31,10.5479043282599,12.0101125046313,0.399877779579173,2020-06-15,2020,6
"10646","RS",4,"Sul",43015,"Vacaria",164409,38097.5147092921,25,41,8,33,15,26,0,0,0,0,0,41,8,33,15,26,19,10.5479043282599,12.0101125046313,0.410702089811429,2020-06-22,2020,6
"10647","RS",4,"Sul",43015,"Vacaria",164409,38097.5147092921,26,35,12,23,14,21,0,0,0,0,0,35,12,23,14,21,28,10.5479043282599,12.0101125046313,0.423558976167344,2020-06-29,2020,6
"10648","RS",4,"Sul",43015,"Vacaria",164409,38097.5147092921,27,27,8,19,8,19,0,0,0,0,0,27,8,19,8,19,26,10.5479043282599,12.0101125046313,0.434614624484296,2020-07-06,2020,7
"10649","RS",4,"Sul",43015,"Vacaria",164409,38097.5147092921,28,56,23,33,22,34,1,0,0,0,0,57,23,33,22,34,28,10.5479043282599,12.0101125046313,0.39449947860904,2020-07-13,2020,7
"10650","RS",4,"Sul",43015,"Vacaria",164409,38097.5147092921,29,28,8,20,5,23,0,0,0,0,0,28,8,20,5,23,30,10.5479043282599,12.0101125046313,0.39321701696157,2020-07-20,2020,7
"10651","RS",4,"Sul",43016,"Caxias do Sul",898229,50474.0584350093,5,176,26,150,38,138,1,0,0,0,0,177,26,150,38,138,104,10.8292147889211,13.7081803259104,0.291174005681852,2020-02-03,2020,2
"10652","RS",4,"Sul",43016,"Caxias do Sul",898229,50474.0584350093,6,192,29,163,48,144,1,0,0,0,0,193,29,163,48,144,103,10.8292147889211,13.7081803259104,0.287218757911172,2020-02-10,2020,2
"10653","RS",4,"Sul",43016,"Caxias do Sul",898229,50474.0584350093,7,166,34,132,40,126,5,0,0,0,0,171,34,132,40,126,88,10.8292147889211,13.7081803259104,0.296290420546761,2020-02-17,2020,2
"10654","RS",4,"Sul",43016,"Caxias do Sul",898229,50474.0584350093,8,192,48,144,61,131,0,0,0,0,0,192,48,144,61,131,87,10.8292147889211,13.7081803259104,0.318226186061688,2020-02-24,2020,2
"10655","RS",4,"Sul",43016,"Caxias do Sul",898229,50474.0584350093,9,176,28,148,45,131,0,0,0,0,0,176,28,148,45,131,102,10.8292147889211,13.7081803259104,0.305293088930458,2020-03-02,2020,3
"10656","RS",4,"Sul",43016,"Caxias do Sul",898229,50474.0584350093,10,194,44,150,60,134,3,0,0,0,0,197,44,150,60,134,96,10.8292147889211,13.7081803259104,0.317962709213786,2020-03-09,2020,3
"10657","RS",4,"Sul",43016,"Caxias do Sul",898229,50474.0584350093,11,193,41,152,48,145,0,0,0,0,0,193,41,152,48,145,88,10.8292147889211,13.7081803259104,0.432128542194322,2020-03-16,2020,3
"10658","RS",4,"Sul",43016,"Caxias do Sul",898229,50474.0584350093,12,156,31,125,49,107,2,0,0,0,0,158,31,125,49,107,96,10.8292147889211,13.7081803259104,0.602260857571275,2020-03-23,2020,3
"10659","RS",4,"Sul",43016,"Caxias do Sul",898229,50474.0584350093,13,139,37,102,48,91,3,0,0,0,0,142,37,102,48,91,78,10.8292147889211,13.7081803259104,0.529179520374477,2020-03-30,2020,3
"10660","RS",4,"Sul",43016,"Caxias do Sul",898229,50474.0584350093,14,178,27,151,50,128,0,0,0,0,0,178,27,151,50,128,100,10.8292147889211,13.7081803259104,0.484976239239711,2020-04-06,2020,4
"10661","RS",4,"Sul",43016,"Caxias do Sul",898229,50474.0584350093,15,190,30,160,54,136,0,0,0,0,0,190,30,160,54,136,91,10.8292147889211,13.7081803259104,0.431341862387243,2020-04-13,2020,4
"10662","RS",4,"Sul",43016,"Caxias do Sul",898229,50474.0584350093,16,172,41,131,50,122,0,0,0,0,0,172,41,131,50,122,93,10.8292147889211,13.7081803259104,0.430459475628281,2020-04-20,2020,4
"10663","RS",4,"Sul",43016,"Caxias do Sul",898229,50474.0584350093,17,163,31,132,42,121,0,0,0,0,0,163,31,132,42,121,102,10.8292147889211,13.7081803259104,0.426134823358519,2020-04-27,2020,4
"10664","RS",4,"Sul",43016,"Caxias do Sul",898229,50474.0584350093,18,197,50,147,61,136,0,0,0,0,0,197,50,147,61,136,109,10.8292147889211,13.7081803259104,0.387759036305397,2020-05-04,2020,5
"10665","RS",4,"Sul",43016,"Caxias do Sul",898229,50474.0584350093,19,192,37,155,58,134,1,0,0,0,0,193,37,155,58,134,99,10.8292147889211,13.7081803259104,0.396457295949991,2020-05-11,2020,5
"10666","RS",4,"Sul",43016,"Caxias do Sul",898229,50474.0584350093,20,209,37,172,54,155,1,0,0,0,0,210,37,172,54,155,115,10.8292147889211,13.7081803259104,0.400473603695805,2020-05-18,2020,5
"10667","RS",4,"Sul",43016,"Caxias do Sul",898229,50474.0584350093,21,188,32,156,54,134,1,0,0,0,0,189,32,156,54,134,97,10.8292147889211,13.7081803259104,0.39508706481911,2020-05-25,2020,5
"10668","RS",4,"Sul",43016,"Caxias do Sul",898229,50474.0584350093,22,210,32,178,47,163,0,0,0,0,0,210,32,178,47,163,110,10.8292147889211,13.7081803259104,0.394166570702319,2020-06-01,2020,6
"10669","RS",4,"Sul",43016,"Caxias do Sul",898229,50474.0584350093,23,193,37,156,57,136,2,0,0,0,0,195,37,156,57,136,104,10.8292147889211,13.7081803259104,0.395027725016017,2020-06-08,2020,6
"10670","RS",4,"Sul",43016,"Caxias do Sul",898229,50474.0584350093,24,174,33,141,43,131,2,0,0,0,0,176,33,141,43,131,103,10.8292147889211,13.7081803259104,0.378249958879625,2020-06-15,2020,6
"10671","RS",4,"Sul",43016,"Caxias do Sul",898229,50474.0584350093,25,171,33,138,41,130,1,0,0,0,0,172,33,138,41,130,97,10.8292147889211,13.7081803259104,0.389516627476969,2020-06-22,2020,6
"10672","RS",4,"Sul",43016,"Caxias do Sul",898229,50474.0584350093,26,200,31,169,40,160,0,0,0,0,0,200,31,169,40,160,116,10.8292147889211,13.7081803259104,0.410020584832015,2020-06-29,2020,6
"10673","RS",4,"Sul",43016,"Caxias do Sul",898229,50474.0584350093,27,168,26,142,42,126,1,0,0,0,0,169,26,142,42,126,103,10.8292147889211,13.7081803259104,0.401125413962544,2020-07-06,2020,7
"10674","RS",4,"Sul",43016,"Caxias do Sul",898229,50474.0584350093,28,180,50,130,54,126,2,0,0,0,0,182,50,130,54,126,122,10.8292147889211,13.7081803259104,0.378733361141575,2020-07-13,2020,7
"10675","RS",4,"Sul",43016,"Caxias do Sul",898229,50474.0584350093,29,171,33,138,46,125,1,0,0,0,0,172,33,138,46,125,122,10.8292147889211,13.7081803259104,0.377846493482909,2020-07-20,2020,7
"10676","RS",4,"Sul",43017,"Santiago",112737,49660.2254006227,5,19,0,19,8,11,1,0,0,0,0,20,0,19,8,11,19,10.8129595979287,11.6328129513826,0.289868294630827,2020-02-03,2020,2
"10677","RS",4,"Sul",43017,"Santiago",112737,49660.2254006227,6,17,7,10,6,11,0,0,0,0,0,17,7,10,6,11,14,10.8129595979287,11.6328129513826,0.28296886815252,2020-02-10,2020,2
"10678","RS",4,"Sul",43017,"Santiago",112737,49660.2254006227,7,25,4,21,7,18,0,0,0,0,0,25,4,21,7,18,11,10.8129595979287,11.6328129513826,0.292348472799497,2020-02-17,2020,2
"10679","RS",4,"Sul",43017,"Santiago",112737,49660.2254006227,8,22,6,16,8,14,0,0,0,0,0,22,6,16,8,14,14,10.8129595979287,11.6328129513826,0.322468561026419,2020-02-24,2020,2
"10680","RS",4,"Sul",43017,"Santiago",112737,49660.2254006227,9,25,3,22,9,16,0,0,0,0,0,25,3,22,9,16,17,10.8129595979287,11.6328129513826,0.309431928387232,2020-03-02,2020,3
"10681","RS",4,"Sul",43017,"Santiago",112737,49660.2254006227,10,19,6,13,9,10,0,0,0,0,0,19,6,13,9,10,8,10.8129595979287,11.6328129513826,0.310627791143774,2020-03-09,2020,3
"10682","RS",4,"Sul",43017,"Santiago",112737,49660.2254006227,11,20,5,15,7,13,0,0,0,0,0,20,5,15,7,13,18,10.8129595979287,11.6328129513826,0.402422797825084,2020-03-16,2020,3
"10683","RS",4,"Sul",43017,"Santiago",112737,49660.2254006227,12,17,6,11,3,14,0,0,0,0,0,17,6,11,3,14,13,10.8129595979287,11.6328129513826,0.53179563835483,2020-03-23,2020,3
"10684","RS",4,"Sul",43017,"Santiago",112737,49660.2254006227,13,19,4,15,8,11,0,0,0,0,0,19,4,15,8,11,19,10.8129595979287,11.6328129513826,0.482806446232322,2020-03-30,2020,3
"10685","RS",4,"Sul",43017,"Santiago",112737,49660.2254006227,14,15,6,9,7,8,2,0,0,0,0,17,6,9,7,8,13,10.8129595979287,11.6328129513826,0.437426867840797,2020-04-06,2020,4
"10686","RS",4,"Sul",43017,"Santiago",112737,49660.2254006227,15,20,10,10,8,12,0,0,0,0,0,20,10,10,8,12,22,10.8129595979287,11.6328129513826,0.400355961326442,2020-04-13,2020,4
"10687","RS",4,"Sul",43017,"Santiago",112737,49660.2254006227,16,14,2,12,4,10,0,0,0,0,0,14,2,12,4,10,17,10.8129595979287,11.6328129513826,0.406080971431968,2020-04-20,2020,4
"10688","RS",4,"Sul",43017,"Santiago",112737,49660.2254006227,17,19,7,12,7,12,0,0,0,0,0,19,7,12,7,12,13,10.8129595979287,11.6328129513826,0.400024962921483,2020-04-27,2020,4
"10689","RS",4,"Sul",43017,"Santiago",112737,49660.2254006227,18,15,4,11,3,12,0,0,0,0,0,15,4,11,3,12,22,10.8129595979287,11.6328129513826,0.371597546785645,2020-05-04,2020,5
"10690","RS",4,"Sul",43017,"Santiago",112737,49660.2254006227,19,26,5,21,6,20,0,0,0,0,0,26,5,21,6,20,20,10.8129595979287,11.6328129513826,0.380890060491905,2020-05-11,2020,5
"10691","RS",4,"Sul",43017,"Santiago",112737,49660.2254006227,20,21,6,15,6,15,0,0,0,0,0,21,6,15,6,15,14,10.8129595979287,11.6328129513826,0.402306863011664,2020-05-18,2020,5
"10692","RS",4,"Sul",43017,"Santiago",112737,49660.2254006227,21,23,3,20,5,18,0,0,0,0,0,23,3,20,5,18,23,10.8129595979287,11.6328129513826,0.379704326983651,2020-05-25,2020,5
"10693","RS",4,"Sul",43017,"Santiago",112737,49660.2254006227,22,28,10,18,9,19,0,0,0,0,0,28,10,18,9,19,13,10.8129595979287,11.6328129513826,0.388836571905212,2020-06-01,2020,6
"10694","RS",4,"Sul",43017,"Santiago",112737,49660.2254006227,23,24,10,14,11,13,0,0,0,0,0,24,10,14,11,13,18,10.8129595979287,11.6328129513826,0.395800149633636,2020-06-08,2020,6
"10695","RS",4,"Sul",43017,"Santiago",112737,49660.2254006227,24,27,12,15,10,17,0,0,0,0,0,27,12,15,10,17,23,10.8129595979287,11.6328129513826,0.383660311256845,2020-06-15,2020,6
"10696","RS",4,"Sul",43017,"Santiago",112737,49660.2254006227,25,20,6,14,5,15,0,0,0,0,0,20,6,14,5,15,18,10.8129595979287,11.6328129513826,0.391412956282159,2020-06-22,2020,6
"10697","RS",4,"Sul",43017,"Santiago",112737,49660.2254006227,26,22,8,14,3,19,0,0,0,0,0,22,8,14,3,19,15,10.8129595979287,11.6328129513826,0.407408432575459,2020-06-29,2020,6
"10698","RS",4,"Sul",43017,"Santiago",112737,49660.2254006227,27,21,6,15,10,11,0,0,0,0,0,21,6,15,10,11,24,10.8129595979287,11.6328129513826,0.409087667473897,2020-07-06,2020,7
"10699","RS",4,"Sul",43017,"Santiago",112737,49660.2254006227,28,22,6,16,6,16,0,0,0,0,0,22,6,16,6,16,21,10.8129595979287,11.6328129513826,0.386333046551948,2020-07-13,2020,7
"10700","RS",4,"Sul",43017,"Santiago",112737,49660.2254006227,29,25,5,20,7,18,0,0,0,0,0,25,5,20,7,18,21,10.8129595979287,11.6328129513826,0.384662064370003,2020-07-20,2020,7
"10701","RS",4,"Sul",43018,"Santa Maria",384326,28227.4402138029,5,78,21,57,22,56,1,0,0,0,0,79,21,57,22,56,61,10.24804984104,12.8592464297419,0.305923939135518,2020-02-03,2020,2
"10702","RS",4,"Sul",43018,"Santa Maria",384326,28227.4402138029,6,70,18,52,21,49,0,0,0,0,0,70,18,52,21,49,41,10.24804984104,12.8592464297419,0.298342611397505,2020-02-10,2020,2
"10703","RS",4,"Sul",43018,"Santa Maria",384326,28227.4402138029,7,67,12,55,19,48,1,0,0,0,0,68,12,55,19,48,44,10.24804984104,12.8592464297419,0.310690431146528,2020-02-17,2020,2
"10704","RS",4,"Sul",43018,"Santa Maria",384326,28227.4402138029,8,79,17,62,22,57,0,0,0,0,0,79,17,62,22,57,55,10.24804984104,12.8592464297419,0.340352422975004,2020-02-24,2020,2
"10705","RS",4,"Sul",43018,"Santa Maria",384326,28227.4402138029,9,100,20,80,33,67,0,0,0,0,0,100,20,80,33,67,55,10.24804984104,12.8592464297419,0.327393399803342,2020-03-02,2020,3
"10706","RS",4,"Sul",43018,"Santa Maria",384326,28227.4402138029,10,66,16,50,20,46,0,0,0,0,0,66,16,50,20,46,55,10.24804984104,12.8592464297419,0.335553521719835,2020-03-09,2020,3
"10707","RS",4,"Sul",43018,"Santa Maria",384326,28227.4402138029,11,64,13,51,18,46,0,0,0,0,0,64,13,51,18,46,52,10.24804984104,12.8592464297419,0.439465454360449,2020-03-16,2020,3
"10708","RS",4,"Sul",43018,"Santa Maria",384326,28227.4402138029,12,78,21,57,28,50,0,0,0,0,0,78,21,57,28,50,59,10.24804984104,12.8592464297419,0.592734045718967,2020-03-23,2020,3
"10709","RS",4,"Sul",43018,"Santa Maria",384326,28227.4402138029,13,80,18,62,32,48,0,0,0,0,0,80,18,62,32,48,50,10.24804984104,12.8592464297419,0.531136209275631,2020-03-30,2020,3
"10710","RS",4,"Sul",43018,"Santa Maria",384326,28227.4402138029,14,74,16,58,26,48,0,0,0,0,0,74,16,58,26,48,54,10.24804984104,12.8592464297419,0.49693669417111,2020-04-06,2020,4
"10711","RS",4,"Sul",43018,"Santa Maria",384326,28227.4402138029,15,74,16,58,22,52,0,0,0,0,0,74,16,58,22,52,60,10.24804984104,12.8592464297419,0.460804875021654,2020-04-13,2020,4
"10712","RS",4,"Sul",43018,"Santa Maria",384326,28227.4402138029,16,66,14,52,27,39,0,0,0,0,0,66,14,52,27,39,52,10.24804984104,12.8592464297419,0.467875749257858,2020-04-20,2020,4
"10713","RS",4,"Sul",43018,"Santa Maria",384326,28227.4402138029,17,82,12,70,17,65,0,0,0,0,0,82,12,70,17,65,50,10.24804984104,12.8592464297419,0.450035757867223,2020-04-27,2020,4
"10714","RS",4,"Sul",43018,"Santa Maria",384326,28227.4402138029,18,77,24,53,29,48,0,0,0,0,0,77,24,53,29,48,61,10.24804984104,12.8592464297419,0.414089493086973,2020-05-04,2020,5
"10715","RS",4,"Sul",43018,"Santa Maria",384326,28227.4402138029,19,82,25,57,21,61,1,0,0,0,0,83,25,57,21,61,67,10.24804984104,12.8592464297419,0.428069198217689,2020-05-11,2020,5
"10716","RS",4,"Sul",43018,"Santa Maria",384326,28227.4402138029,20,95,26,69,35,60,1,0,0,0,0,96,26,69,35,60,62,10.24804984104,12.8592464297419,0.436456651275563,2020-05-18,2020,5
"10717","RS",4,"Sul",43018,"Santa Maria",384326,28227.4402138029,21,69,15,54,26,43,1,0,0,0,0,70,15,54,26,43,54,10.24804984104,12.8592464297419,0.414079374428196,2020-05-25,2020,5
"10718","RS",4,"Sul",43018,"Santa Maria",384326,28227.4402138029,22,96,25,71,30,66,1,0,0,0,0,97,25,71,30,66,69,10.24804984104,12.8592464297419,0.422837991147338,2020-06-01,2020,6
"10719","RS",4,"Sul",43018,"Santa Maria",384326,28227.4402138029,23,109,30,79,38,71,2,0,0,0,0,111,30,79,38,71,66,10.24804984104,12.8592464297419,0.415238778865334,2020-06-08,2020,6
"10720","RS",4,"Sul",43018,"Santa Maria",384326,28227.4402138029,24,86,17,69,35,51,1,0,0,0,0,87,17,69,35,51,64,10.24804984104,12.8592464297419,0.411197426031029,2020-06-15,2020,6
"10721","RS",4,"Sul",43018,"Santa Maria",384326,28227.4402138029,25,73,17,56,19,54,1,0,0,0,0,74,17,56,19,54,60,10.24804984104,12.8592464297419,0.414010480086602,2020-06-22,2020,6
"10722","RS",4,"Sul",43018,"Santa Maria",384326,28227.4402138029,26,80,15,65,21,59,0,0,0,0,0,80,15,65,21,59,58,10.24804984104,12.8592464297419,0.434665693584462,2020-06-29,2020,6
"10723","RS",4,"Sul",43018,"Santa Maria",384326,28227.4402138029,27,84,25,59,31,53,0,0,0,0,0,84,25,59,31,53,61,10.24804984104,12.8592464297419,0.429275761989903,2020-07-06,2020,7
"10724","RS",4,"Sul",43018,"Santa Maria",384326,28227.4402138029,28,76,18,58,26,50,0,0,0,0,0,76,18,58,26,50,76,10.24804984104,12.8592464297419,0.405455663511825,2020-07-13,2020,7
"10725","RS",4,"Sul",43018,"Santa Maria",384326,28227.4402138029,29,81,17,64,20,61,0,0,0,0,0,81,17,64,20,61,65,10.24804984104,12.8592464297419,0.405077157013927,2020-07-20,2020,7
"10726","RS",4,"Sul",43019,"Restinga Seca",61736,30914.4788515615,5,7,0,7,1,6,0,0,0,0,0,7,0,7,1,6,6,10.3389799243886,11.0306225081374,0.29126157208698,2020-02-03,2020,2
"10727","RS",4,"Sul",43019,"Restinga Seca",61736,30914.4788515615,6,4,2,2,2,2,0,0,0,0,0,4,2,2,2,2,3,10.3389799243886,11.0306225081374,0.302951749329247,2020-02-10,2020,2
"10728","RS",4,"Sul",43019,"Restinga Seca",61736,30914.4788515615,7,12,3,9,3,9,0,0,0,0,0,12,3,9,3,9,12,10.3389799243886,11.0306225081374,0.281915653644723,2020-02-17,2020,2
"10729","RS",4,"Sul",43019,"Restinga Seca",61736,30914.4788515615,8,10,4,6,5,5,0,0,0,0,0,10,4,6,5,5,5,10.3389799243886,11.0306225081374,0.333395635182351,2020-02-24,2020,2
"10730","RS",4,"Sul",43019,"Restinga Seca",61736,30914.4788515615,9,11,0,11,3,8,1,0,0,0,0,12,0,11,3,8,10,10.3389799243886,11.0306225081374,0.299011881584458,2020-03-02,2020,3
"10731","RS",4,"Sul",43019,"Restinga Seca",61736,30914.4788515615,10,13,4,9,4,9,0,0,0,0,0,13,4,9,4,9,14,10.3389799243886,11.0306225081374,0.322330246306396,2020-03-09,2020,3
"10732","RS",4,"Sul",43019,"Restinga Seca",61736,30914.4788515615,11,5,0,5,2,3,0,0,0,0,0,5,0,5,2,3,15,10.3389799243886,11.0306225081374,0.384754262256016,2020-03-16,2020,3
"10733","RS",4,"Sul",43019,"Restinga Seca",61736,30914.4788515615,12,16,8,8,5,11,0,0,0,0,0,16,8,8,5,11,7,10.3389799243886,11.0306225081374,0.536936054392405,2020-03-23,2020,3
"10734","RS",4,"Sul",43019,"Restinga Seca",61736,30914.4788515615,13,17,5,12,5,12,0,0,0,0,0,17,5,12,5,12,8,10.3389799243886,11.0306225081374,0.453259694703507,2020-03-30,2020,3
"10735","RS",4,"Sul",43019,"Restinga Seca",61736,30914.4788515615,14,8,1,7,0,8,0,0,0,0,0,8,1,7,0,8,2,10.3389799243886,11.0306225081374,0.416236711315456,2020-04-06,2020,4
"10736","RS",4,"Sul",43019,"Restinga Seca",61736,30914.4788515615,15,10,2,8,2,8,0,0,0,0,0,10,2,8,2,8,9,10.3389799243886,11.0306225081374,0.387472651559465,2020-04-13,2020,4
"10737","RS",4,"Sul",43019,"Restinga Seca",61736,30914.4788515615,16,11,5,6,4,7,0,0,0,0,0,11,5,6,4,7,11,10.3389799243886,11.0306225081374,0.415886871402494,2020-04-20,2020,4
"10738","RS",4,"Sul",43019,"Restinga Seca",61736,30914.4788515615,17,6,1,5,0,6,0,0,0,0,0,6,1,5,0,6,7,10.3389799243886,11.0306225081374,0.402843253503656,2020-04-27,2020,4
"10739","RS",4,"Sul",43019,"Restinga Seca",61736,30914.4788515615,18,15,5,10,4,11,0,0,0,0,0,15,5,10,4,11,10,10.3389799243886,11.0306225081374,0.403083775395634,2020-05-04,2020,5
"10740","RS",4,"Sul",43019,"Restinga Seca",61736,30914.4788515615,19,12,2,10,6,6,0,0,0,0,0,12,2,10,6,6,14,10.3389799243886,11.0306225081374,0.424056147852361,2020-05-11,2020,5
"10741","RS",4,"Sul",43019,"Restinga Seca",61736,30914.4788515615,20,11,6,5,4,7,0,0,0,0,0,11,6,5,4,7,10,10.3389799243886,11.0306225081374,0.451997693431649,2020-05-18,2020,5
"10742","RS",4,"Sul",43019,"Restinga Seca",61736,30914.4788515615,21,15,6,9,5,10,0,0,0,0,0,15,6,9,5,10,13,10.3389799243886,11.0306225081374,0.424681334020762,2020-05-25,2020,5
"10743","RS",4,"Sul",43019,"Restinga Seca",61736,30914.4788515615,22,10,3,7,0,10,0,0,0,0,0,10,3,7,0,10,11,10.3389799243886,11.0306225081374,0.428056177525226,2020-06-01,2020,6
"10744","RS",4,"Sul",43019,"Restinga Seca",61736,30914.4788515615,23,13,5,8,0,13,0,0,0,0,0,13,5,8,0,13,8,10.3389799243886,11.0306225081374,0.430984249730911,2020-06-08,2020,6
"10745","RS",4,"Sul",43019,"Restinga Seca",61736,30914.4788515615,24,13,4,9,7,6,0,0,0,0,0,13,4,9,7,6,13,10.3389799243886,11.0306225081374,0.407410387571658,2020-06-15,2020,6
"10746","RS",4,"Sul",43019,"Restinga Seca",61736,30914.4788515615,25,5,0,5,2,3,0,0,0,0,0,5,0,5,2,3,16,10.3389799243886,11.0306225081374,0.426004414336017,2020-06-22,2020,6
"10747","RS",4,"Sul",43019,"Restinga Seca",61736,30914.4788515615,26,11,2,9,2,9,0,0,0,0,0,11,2,9,2,9,13,10.3389799243886,11.0306225081374,0.432629370444288,2020-06-29,2020,6
"10748","RS",4,"Sul",43019,"Restinga Seca",61736,30914.4788515615,27,11,5,6,1,10,0,0,0,0,0,11,5,6,1,10,9,10.3389799243886,11.0306225081374,0.425024603253605,2020-07-06,2020,7
"10749","RS",4,"Sul",43019,"Restinga Seca",61736,30914.4788515615,28,16,6,10,5,11,0,0,0,0,0,16,6,10,5,11,10,10.3389799243886,11.0306225081374,0.419401089737827,2020-07-13,2020,7
"10750","RS",4,"Sul",43019,"Restinga Seca",61736,30914.4788515615,29,10,3,7,5,5,0,0,0,0,0,10,3,7,5,5,17,10.3389799243886,11.0306225081374,0.410948687971187,2020-07-20,2020,7
"10751","RS",4,"Sul",43020,"Santa Cruz do Sul",348371,47700.7412318477,5,59,11,48,17,42,1,0,0,0,0,60,11,48,17,42,33,10.7727022162074,12.7610232828382,0.298211261983138,2020-02-03,2020,2
"10752","RS",4,"Sul",43020,"Santa Cruz do Sul",348371,47700.7412318477,6,68,15,53,16,52,1,0,0,0,0,69,15,53,16,52,58,10.7727022162074,12.7610232828382,0.28268611113159,2020-02-10,2020,2
"10753","RS",4,"Sul",43020,"Santa Cruz do Sul",348371,47700.7412318477,7,64,23,41,15,49,3,0,0,0,0,67,23,41,15,49,45,10.7727022162074,12.7610232828382,0.291150174008956,2020-02-17,2020,2
"10754","RS",4,"Sul",43020,"Santa Cruz do Sul",348371,47700.7412318477,8,82,23,59,23,59,0,0,0,0,0,82,23,59,23,59,41,10.7727022162074,12.7610232828382,0.332093137094505,2020-02-24,2020,2
"10755","RS",4,"Sul",43020,"Santa Cruz do Sul",348371,47700.7412318477,9,81,24,57,25,56,0,0,0,0,0,81,24,57,25,56,36,10.7727022162074,12.7610232828382,0.307771001883225,2020-03-02,2020,3
"10756","RS",4,"Sul",43020,"Santa Cruz do Sul",348371,47700.7412318477,10,65,19,46,25,40,1,0,0,0,0,66,19,46,25,40,53,10.7727022162074,12.7610232828382,0.309682846481035,2020-03-09,2020,3
"10757","RS",4,"Sul",43020,"Santa Cruz do Sul",348371,47700.7412318477,11,65,15,50,19,46,1,0,0,0,0,66,15,50,19,46,50,10.7727022162074,12.7610232828382,0.404980714813096,2020-03-16,2020,3
"10758","RS",4,"Sul",43020,"Santa Cruz do Sul",348371,47700.7412318477,12,51,15,36,15,36,2,0,0,0,0,53,15,36,15,36,43,10.7727022162074,12.7610232828382,0.563299372434871,2020-03-23,2020,3
"10759","RS",4,"Sul",43020,"Santa Cruz do Sul",348371,47700.7412318477,13,50,18,32,18,32,0,0,0,0,0,50,18,32,18,32,42,10.7727022162074,12.7610232828382,0.502753800200031,2020-03-30,2020,3
"10760","RS",4,"Sul",43020,"Santa Cruz do Sul",348371,47700.7412318477,14,73,22,51,20,53,1,0,0,0,0,74,22,51,20,53,39,10.7727022162074,12.7610232828382,0.464981832759026,2020-04-06,2020,4
"10761","RS",4,"Sul",43020,"Santa Cruz do Sul",348371,47700.7412318477,15,64,15,49,21,43,1,0,0,0,0,65,15,49,21,43,52,10.7727022162074,12.7610232828382,0.423603602469108,2020-04-13,2020,4
"10762","RS",4,"Sul",43020,"Santa Cruz do Sul",348371,47700.7412318477,16,67,18,49,18,49,1,0,0,0,0,68,18,49,18,49,41,10.7727022162074,12.7610232828382,0.42749955598428,2020-04-20,2020,4
"10763","RS",4,"Sul",43020,"Santa Cruz do Sul",348371,47700.7412318477,17,58,17,41,16,42,1,0,0,0,0,59,17,41,16,42,54,10.7727022162074,12.7610232828382,0.4275438534446,2020-04-27,2020,4
"10764","RS",4,"Sul",43020,"Santa Cruz do Sul",348371,47700.7412318477,18,63,21,42,23,40,1,0,0,0,0,64,21,42,23,40,58,10.7727022162074,12.7610232828382,0.398121596678264,2020-05-04,2020,5
"10765","RS",4,"Sul",43020,"Santa Cruz do Sul",348371,47700.7412318477,19,61,19,42,21,40,0,0,0,0,0,61,19,42,21,40,58,10.7727022162074,12.7610232828382,0.414032036943957,2020-05-11,2020,5
"10766","RS",4,"Sul",43020,"Santa Cruz do Sul",348371,47700.7412318477,20,73,27,46,16,57,0,0,0,0,0,73,27,46,16,57,68,10.7727022162074,12.7610232828382,0.410409394209869,2020-05-18,2020,5
"10767","RS",4,"Sul",43020,"Santa Cruz do Sul",348371,47700.7412318477,21,75,16,59,15,60,1,0,0,0,0,76,16,59,15,60,49,10.7727022162074,12.7610232828382,0.389603628273246,2020-05-25,2020,5
"10768","RS",4,"Sul",43020,"Santa Cruz do Sul",348371,47700.7412318477,22,89,33,56,22,67,0,0,0,0,0,89,33,56,22,67,40,10.7727022162074,12.7610232828382,0.389950847416448,2020-06-01,2020,6
"10769","RS",4,"Sul",43020,"Santa Cruz do Sul",348371,47700.7412318477,23,77,22,55,16,61,0,0,0,0,0,77,22,55,16,61,51,10.7727022162074,12.7610232828382,0.400356956920999,2020-06-08,2020,6
"10770","RS",4,"Sul",43020,"Santa Cruz do Sul",348371,47700.7412318477,24,61,15,46,19,42,0,0,0,0,0,61,15,46,19,42,46,10.7727022162074,12.7610232828382,0.368549495571521,2020-06-15,2020,6
"10771","RS",4,"Sul",43020,"Santa Cruz do Sul",348371,47700.7412318477,25,69,17,52,24,45,0,0,0,0,0,69,17,52,24,45,42,10.7727022162074,12.7610232828382,0.389727843186305,2020-06-22,2020,6
"10772","RS",4,"Sul",43020,"Santa Cruz do Sul",348371,47700.7412318477,26,58,14,44,22,36,1,0,0,0,0,59,14,44,22,36,42,10.7727022162074,12.7610232828382,0.398756134844142,2020-06-29,2020,6
"10773","RS",4,"Sul",43020,"Santa Cruz do Sul",348371,47700.7412318477,27,80,23,57,29,51,0,0,0,0,0,80,23,57,29,51,52,10.7727022162074,12.7610232828382,0.407121528856134,2020-07-06,2020,7
"10774","RS",4,"Sul",43020,"Santa Cruz do Sul",348371,47700.7412318477,28,65,19,46,19,46,2,0,0,0,0,67,19,46,19,46,65,10.7727022162074,12.7610232828382,0.377089228578092,2020-07-13,2020,7
"10775","RS",4,"Sul",43020,"Santa Cruz do Sul",348371,47700.7412318477,29,76,20,56,23,53,1,0,0,0,0,77,20,56,23,53,48,10.7727022162074,12.7610232828382,0.382154905629317,2020-07-20,2020,7
"10776","RS",4,"Sul",43021,"Lajeado-Estrela",339682,40183.1558513257,5,83,14,69,26,57,1,0,0,0,0,84,14,69,26,57,54,10.601203178125,12.7357651648142,0.285502685798954,2020-02-03,2020,2
"10777","RS",4,"Sul",43021,"Lajeado-Estrela",339682,40183.1558513257,6,63,20,43,19,44,1,0,0,0,0,64,20,43,19,44,45,10.601203178125,12.7357651648142,0.284948496271872,2020-02-10,2020,2
"10778","RS",4,"Sul",43021,"Lajeado-Estrela",339682,40183.1558513257,7,82,25,57,18,64,0,0,0,0,0,82,25,57,18,64,53,10.601203178125,12.7357651648142,0.288454327464056,2020-02-17,2020,2
"10779","RS",4,"Sul",43021,"Lajeado-Estrela",339682,40183.1558513257,8,84,25,59,28,56,0,0,0,0,0,84,25,59,28,56,49,10.601203178125,12.7357651648142,0.315803747798435,2020-02-24,2020,2
"10780","RS",4,"Sul",43021,"Lajeado-Estrela",339682,40183.1558513257,9,78,16,62,22,56,1,0,0,0,0,79,16,62,22,56,45,10.601203178125,12.7357651648142,0.30003334394053,2020-03-02,2020,3
"10781","RS",4,"Sul",43021,"Lajeado-Estrela",339682,40183.1558513257,10,71,22,49,20,51,0,0,0,0,0,71,22,49,20,51,47,10.601203178125,12.7357651648142,0.315760512712192,2020-03-09,2020,3
"10782","RS",4,"Sul",43021,"Lajeado-Estrela",339682,40183.1558513257,11,62,16,46,19,43,0,0,0,0,0,62,16,46,19,43,40,10.601203178125,12.7357651648142,0.406259519909011,2020-03-16,2020,3
"10783","RS",4,"Sul",43021,"Lajeado-Estrela",339682,40183.1558513257,12,60,10,50,22,38,1,0,0,0,0,61,10,50,22,38,41,10.601203178125,12.7357651648142,0.566298821442538,2020-03-23,2020,3
"10784","RS",4,"Sul",43021,"Lajeado-Estrela",339682,40183.1558513257,13,66,19,47,19,47,1,0,0,0,0,67,19,47,19,47,46,10.601203178125,12.7357651648142,0.484804403491467,2020-03-30,2020,3
"10785","RS",4,"Sul",43021,"Lajeado-Estrela",339682,40183.1558513257,14,64,13,51,15,49,0,0,0,0,0,64,13,51,15,49,45,10.601203178125,12.7357651648142,0.467973711084529,2020-04-06,2020,4
"10786","RS",4,"Sul",43021,"Lajeado-Estrela",339682,40183.1558513257,15,73,23,50,26,47,0,0,0,0,0,73,23,50,26,47,34,10.601203178125,12.7357651648142,0.418432840287243,2020-04-13,2020,4
"10787","RS",4,"Sul",43021,"Lajeado-Estrela",339682,40183.1558513257,16,80,11,69,21,59,0,0,0,0,0,80,11,69,21,59,44,10.601203178125,12.7357651648142,0.434535185270233,2020-04-20,2020,4
"10788","RS",4,"Sul",43021,"Lajeado-Estrela",339682,40183.1558513257,17,66,15,51,15,51,0,0,0,0,0,66,15,51,15,51,55,10.601203178125,12.7357651648142,0.445920380867152,2020-04-27,2020,4
"10789","RS",4,"Sul",43021,"Lajeado-Estrela",339682,40183.1558513257,18,67,11,56,17,50,0,0,0,0,0,67,11,56,17,50,44,10.601203178125,12.7357651648142,0.405423585741241,2020-05-04,2020,5
"10790","RS",4,"Sul",43021,"Lajeado-Estrela",339682,40183.1558513257,19,85,20,65,23,62,0,0,0,0,0,85,20,65,23,62,53,10.601203178125,12.7357651648142,0.4161761493292,2020-05-11,2020,5
"10791","RS",4,"Sul",43021,"Lajeado-Estrela",339682,40183.1558513257,20,82,16,66,11,71,0,0,0,0,0,82,16,66,11,71,47,10.601203178125,12.7357651648142,0.39923719398844,2020-05-18,2020,5
"10792","RS",4,"Sul",43021,"Lajeado-Estrela",339682,40183.1558513257,21,83,18,65,18,65,0,0,0,0,0,83,18,65,18,65,53,10.601203178125,12.7357651648142,0.38249588059994,2020-05-25,2020,5
"10793","RS",4,"Sul",43021,"Lajeado-Estrela",339682,40183.1558513257,22,91,20,71,25,66,0,0,0,0,0,91,20,71,25,66,48,10.601203178125,12.7357651648142,0.386830559490686,2020-06-01,2020,6
"10794","RS",4,"Sul",43021,"Lajeado-Estrela",339682,40183.1558513257,23,83,18,65,21,62,0,0,0,0,0,83,18,65,21,62,65,10.601203178125,12.7357651648142,0.389242404433921,2020-06-08,2020,6
"10795","RS",4,"Sul",43021,"Lajeado-Estrela",339682,40183.1558513257,24,73,17,56,13,60,2,0,0,0,0,75,17,56,13,60,54,10.601203178125,12.7357651648142,0.360178132815749,2020-06-15,2020,6
"10796","RS",4,"Sul",43021,"Lajeado-Estrela",339682,40183.1558513257,25,72,21,51,15,57,0,0,0,0,0,72,21,51,15,57,54,10.601203178125,12.7357651648142,0.370477084589352,2020-06-22,2020,6
"10797","RS",4,"Sul",43021,"Lajeado-Estrela",339682,40183.1558513257,26,74,17,57,21,53,0,0,0,0,0,74,17,57,21,53,51,10.601203178125,12.7357651648142,0.389367299953818,2020-06-29,2020,6
"10798","RS",4,"Sul",43021,"Lajeado-Estrela",339682,40183.1558513257,27,79,24,55,23,56,1,0,0,0,0,80,24,55,23,56,48,10.601203178125,12.7357651648142,0.389677566519253,2020-07-06,2020,7
"10799","RS",4,"Sul",43021,"Lajeado-Estrela",339682,40183.1558513257,28,95,22,73,17,78,2,0,0,0,0,97,22,73,17,78,49,10.601203178125,12.7357651648142,0.367556577363907,2020-07-13,2020,7
"10800","RS",4,"Sul",43021,"Lajeado-Estrela",339682,40183.1558513257,29,77,16,61,18,59,0,0,0,0,0,77,16,61,18,59,64,10.601203178125,12.7357651648142,0.365975866431194,2020-07-20,2020,7
"10801","RS",4,"Sul",43022,"Cachoeira do Sul",152342,26911.6884675927,5,30,7,23,9,21,0,0,0,0,0,30,7,23,9,21,31,10.2003159867393,11.9338832723689,0.299825617184066,2020-02-03,2020,2
"10802","RS",4,"Sul",43022,"Cachoeira do Sul",152342,26911.6884675927,6,24,6,18,6,18,0,0,0,0,0,24,6,18,6,18,27,10.2003159867393,11.9338832723689,0.301351059195855,2020-02-10,2020,2
"10803","RS",4,"Sul",43022,"Cachoeira do Sul",152342,26911.6884675927,7,29,7,22,4,25,0,0,0,0,0,29,7,22,4,25,27,10.2003159867393,11.9338832723689,0.303907955153309,2020-02-17,2020,2
"10804","RS",4,"Sul",43022,"Cachoeira do Sul",152342,26911.6884675927,8,31,7,24,17,14,0,0,0,0,0,31,7,24,17,14,28,10.2003159867393,11.9338832723689,0.349345766176901,2020-02-24,2020,2
"10805","RS",4,"Sul",43022,"Cachoeira do Sul",152342,26911.6884675927,9,34,10,24,11,23,0,0,0,0,0,34,10,24,11,23,27,10.2003159867393,11.9338832723689,0.316047691718336,2020-03-02,2020,3
"10806","RS",4,"Sul",43022,"Cachoeira do Sul",152342,26911.6884675927,10,29,13,16,11,18,1,0,0,0,0,30,13,16,11,18,23,10.2003159867393,11.9338832723689,0.334919210239573,2020-03-09,2020,3
"10807","RS",4,"Sul",43022,"Cachoeira do Sul",152342,26911.6884675927,11,38,6,32,12,26,1,0,0,0,0,39,6,32,12,26,23,10.2003159867393,11.9338832723689,0.418509851717285,2020-03-16,2020,3
"10808","RS",4,"Sul",43022,"Cachoeira do Sul",152342,26911.6884675927,12,25,8,17,4,21,0,0,0,0,0,25,8,17,4,21,23,10.2003159867393,11.9338832723689,0.540223215434151,2020-03-23,2020,3
"10809","RS",4,"Sul",43022,"Cachoeira do Sul",152342,26911.6884675927,13,35,10,25,14,21,0,0,0,0,0,35,10,25,14,21,21,10.2003159867393,11.9338832723689,0.475143964136951,2020-03-30,2020,3
"10810","RS",4,"Sul",43022,"Cachoeira do Sul",152342,26911.6884675927,14,35,14,21,11,24,0,0,0,0,0,35,14,21,11,24,30,10.2003159867393,11.9338832723689,0.461474237617693,2020-04-06,2020,4
"10811","RS",4,"Sul",43022,"Cachoeira do Sul",152342,26911.6884675927,15,30,8,22,10,20,0,0,0,0,0,30,8,22,10,20,27,10.2003159867393,11.9338832723689,0.429667068458968,2020-04-13,2020,4
"10812","RS",4,"Sul",43022,"Cachoeira do Sul",152342,26911.6884675927,16,35,8,27,10,25,1,0,0,0,0,36,8,27,10,25,21,10.2003159867393,11.9338832723689,0.415362637804692,2020-04-20,2020,4
"10813","RS",4,"Sul",43022,"Cachoeira do Sul",152342,26911.6884675927,17,24,6,18,13,11,0,0,0,0,0,24,6,18,13,11,22,10.2003159867393,11.9338832723689,0.415947223004575,2020-04-27,2020,4
"10814","RS",4,"Sul",43022,"Cachoeira do Sul",152342,26911.6884675927,18,27,12,15,11,16,0,0,0,0,0,27,12,15,11,16,29,10.2003159867393,11.9338832723689,0.408698938624732,2020-05-04,2020,5
"10815","RS",4,"Sul",43022,"Cachoeira do Sul",152342,26911.6884675927,19,33,9,24,10,23,0,0,0,0,0,33,9,24,10,23,30,10.2003159867393,11.9338832723689,0.413456683006174,2020-05-11,2020,5
"10816","RS",4,"Sul",43022,"Cachoeira do Sul",152342,26911.6884675927,20,30,8,22,12,18,0,0,0,0,0,30,8,22,12,18,28,10.2003159867393,11.9338832723689,0.419835585384657,2020-05-18,2020,5
"10817","RS",4,"Sul",43022,"Cachoeira do Sul",152342,26911.6884675927,21,31,7,24,12,19,1,0,0,0,0,32,7,24,12,19,32,10.2003159867393,11.9338832723689,0.393507498200235,2020-05-25,2020,5
"10818","RS",4,"Sul",43022,"Cachoeira do Sul",152342,26911.6884675927,22,32,9,23,9,23,0,0,0,0,0,32,9,23,9,23,27,10.2003159867393,11.9338832723689,0.407132423206343,2020-06-01,2020,6
"10819","RS",4,"Sul",43022,"Cachoeira do Sul",152342,26911.6884675927,23,41,15,26,14,27,1,0,0,0,0,42,15,26,14,27,36,10.2003159867393,11.9338832723689,0.400544901014259,2020-06-08,2020,6
"10820","RS",4,"Sul",43022,"Cachoeira do Sul",152342,26911.6884675927,24,32,9,23,10,22,0,0,0,0,0,32,9,23,10,22,27,10.2003159867393,11.9338832723689,0.382017119896797,2020-06-15,2020,6
"10821","RS",4,"Sul",43022,"Cachoeira do Sul",152342,26911.6884675927,25,30,11,19,14,16,0,0,0,0,0,30,11,19,14,16,28,10.2003159867393,11.9338832723689,0.392273133201814,2020-06-22,2020,6
"10822","RS",4,"Sul",43022,"Cachoeira do Sul",152342,26911.6884675927,26,32,7,25,8,24,0,0,0,0,0,32,7,25,8,24,26,10.2003159867393,11.9338832723689,0.403691327183129,2020-06-29,2020,6
"10823","RS",4,"Sul",43022,"Cachoeira do Sul",152342,26911.6884675927,27,23,7,16,7,16,0,0,0,0,0,23,7,16,7,16,31,10.2003159867393,11.9338832723689,0.41435635935542,2020-07-06,2020,7
"10824","RS",4,"Sul",43022,"Cachoeira do Sul",152342,26911.6884675927,28,43,14,29,19,24,0,0,0,0,0,43,14,29,19,24,30,10.2003159867393,11.9338832723689,0.396678743959009,2020-07-13,2020,7
"10825","RS",4,"Sul",43022,"Cachoeira do Sul",152342,26911.6884675927,29,32,11,21,11,21,0,0,0,0,0,32,11,21,11,21,33,10.2003159867393,11.9338832723689,0.394808163727046,2020-07-20,2020,7
"10826","RS",4,"Sul",43023,"Montenegro",231062,39825.5759508703,5,41,11,30,12,29,0,0,0,0,0,41,11,30,12,29,23,10.5922645967169,12.35044135176,0.3000777937806,2020-02-03,2020,2
"10827","RS",4,"Sul",43023,"Montenegro",231062,39825.5759508703,6,31,11,20,9,22,0,0,0,0,0,31,11,20,9,22,31,10.5922645967169,12.35044135176,0.300513191934175,2020-02-10,2020,2
"10828","RS",4,"Sul",43023,"Montenegro",231062,39825.5759508703,7,37,10,27,7,30,0,0,0,0,0,37,10,27,7,30,30,10.5922645967169,12.35044135176,0.305338063985946,2020-02-17,2020,2
"10829","RS",4,"Sul",43023,"Montenegro",231062,39825.5759508703,8,54,9,45,20,34,0,0,0,0,0,54,9,45,20,34,35,10.5922645967169,12.35044135176,0.340373050532104,2020-02-24,2020,2
"10830","RS",4,"Sul",43023,"Montenegro",231062,39825.5759508703,9,46,10,36,17,29,1,0,0,0,0,47,10,36,17,29,16,10.5922645967169,12.35044135176,0.314852351744406,2020-03-02,2020,3
"10831","RS",4,"Sul",43023,"Montenegro",231062,39825.5759508703,10,42,14,28,13,29,0,0,0,0,0,42,14,28,13,29,33,10.5922645967169,12.35044135176,0.323509416508866,2020-03-09,2020,3
"10832","RS",4,"Sul",43023,"Montenegro",231062,39825.5759508703,11,46,10,36,11,35,0,0,0,0,0,46,10,36,11,35,22,10.5922645967169,12.35044135176,0.414712369947539,2020-03-16,2020,3
"10833","RS",4,"Sul",43023,"Montenegro",231062,39825.5759508703,12,42,12,30,16,26,0,0,0,0,0,42,12,30,16,26,33,10.5922645967169,12.35044135176,0.557368952391268,2020-03-23,2020,3
"10834","RS",4,"Sul",43023,"Montenegro",231062,39825.5759508703,13,49,10,39,21,28,0,0,0,0,0,49,10,39,21,28,31,10.5922645967169,12.35044135176,0.496233864943526,2020-03-30,2020,3
"10835","RS",4,"Sul",43023,"Montenegro",231062,39825.5759508703,14,57,15,42,16,41,0,0,0,0,0,57,15,42,16,41,29,10.5922645967169,12.35044135176,0.470406434839381,2020-04-06,2020,4
"10836","RS",4,"Sul",43023,"Montenegro",231062,39825.5759508703,15,50,14,36,20,30,0,0,0,0,0,50,14,36,20,30,21,10.5922645967169,12.35044135176,0.432464978687144,2020-04-13,2020,4
"10837","RS",4,"Sul",43023,"Montenegro",231062,39825.5759508703,16,48,10,38,7,41,0,0,0,0,0,48,10,38,7,41,23,10.5922645967169,12.35044135176,0.434417491906694,2020-04-20,2020,4
"10838","RS",4,"Sul",43023,"Montenegro",231062,39825.5759508703,17,56,15,41,16,40,0,0,0,0,0,56,15,41,16,40,30,10.5922645967169,12.35044135176,0.430636787838687,2020-04-27,2020,4
"10839","RS",4,"Sul",43023,"Montenegro",231062,39825.5759508703,18,38,13,25,7,31,0,0,0,0,0,38,13,25,7,31,23,10.5922645967169,12.35044135176,0.39287842340834,2020-05-04,2020,5
"10840","RS",4,"Sul",43023,"Montenegro",231062,39825.5759508703,19,46,18,28,21,25,0,0,0,0,0,46,18,28,21,25,34,10.5922645967169,12.35044135176,0.408111253967572,2020-05-11,2020,5
"10841","RS",4,"Sul",43023,"Montenegro",231062,39825.5759508703,20,51,16,35,19,32,0,0,0,0,0,51,16,35,19,32,29,10.5922645967169,12.35044135176,0.401814545624068,2020-05-18,2020,5
"10842","RS",4,"Sul",43023,"Montenegro",231062,39825.5759508703,21,65,26,39,17,48,0,0,0,0,0,65,26,39,17,48,34,10.5922645967169,12.35044135176,0.388454659360183,2020-05-25,2020,5
"10843","RS",4,"Sul",43023,"Montenegro",231062,39825.5759508703,22,53,16,37,13,40,1,0,0,0,0,54,16,37,13,40,33,10.5922645967169,12.35044135176,0.393416415422188,2020-06-01,2020,6
"10844","RS",4,"Sul",43023,"Montenegro",231062,39825.5759508703,23,54,19,35,21,33,0,0,0,0,0,54,19,35,21,33,40,10.5922645967169,12.35044135176,0.392499428865644,2020-06-08,2020,6
"10845","RS",4,"Sul",43023,"Montenegro",231062,39825.5759508703,24,65,12,53,16,49,0,0,0,0,0,65,12,53,16,49,29,10.5922645967169,12.35044135176,0.369847467983225,2020-06-15,2020,6
"10846","RS",4,"Sul",43023,"Montenegro",231062,39825.5759508703,25,46,16,30,18,28,0,0,0,0,0,46,16,30,18,28,26,10.5922645967169,12.35044135176,0.389205491809421,2020-06-22,2020,6
"10847","RS",4,"Sul",43023,"Montenegro",231062,39825.5759508703,26,48,13,35,12,36,0,0,0,0,0,48,13,35,12,36,36,10.5922645967169,12.35044135176,0.405757252356908,2020-06-29,2020,6
"10848","RS",4,"Sul",43023,"Montenegro",231062,39825.5759508703,27,52,16,36,16,36,1,0,0,0,0,53,16,36,16,36,43,10.5922645967169,12.35044135176,0.415498958642805,2020-07-06,2020,7
"10849","RS",4,"Sul",43023,"Montenegro",231062,39825.5759508703,28,32,7,25,10,22,1,0,0,0,0,33,7,25,10,22,59,10.5922645967169,12.35044135176,0.379744463166218,2020-07-13,2020,7
"10850","RS",4,"Sul",43023,"Montenegro",231062,39825.5759508703,29,56,12,44,17,39,0,0,0,0,0,56,12,44,17,39,27,10.5922645967169,12.35044135176,0.3771721681058,2020-07-20,2020,7
"10851","RS",4,"Sul",43024,"Gramado-Canela",338699,38798.400163449,5,60,15,45,24,36,0,0,0,0,0,60,15,45,24,36,41,10.5661342918605,12.7328670863362,0.300991751851727,2020-02-03,2020,2
"10852","RS",4,"Sul",43024,"Gramado-Canela",338699,38798.400163449,6,75,19,56,14,61,1,0,0,0,0,76,19,56,14,61,37,10.5661342918605,12.7328670863362,0.29664975221439,2020-02-10,2020,2
"10853","RS",4,"Sul",43024,"Gramado-Canela",338699,38798.400163449,7,60,15,45,21,39,2,0,0,0,0,62,15,45,21,39,36,10.5661342918605,12.7328670863362,0.298146502952595,2020-02-17,2020,2
"10854","RS",4,"Sul",43024,"Gramado-Canela",338699,38798.400163449,8,87,29,58,28,59,0,0,0,0,0,87,29,58,28,59,33,10.5661342918605,12.7328670863362,0.32442122856793,2020-02-24,2020,2
"10855","RS",4,"Sul",43024,"Gramado-Canela",338699,38798.400163449,9,67,15,52,21,46,1,0,0,0,0,68,15,52,21,46,42,10.5661342918605,12.7328670863362,0.310766137912581,2020-03-02,2020,3
"10856","RS",4,"Sul",43024,"Gramado-Canela",338699,38798.400163449,10,96,27,69,28,68,0,0,0,0,0,96,27,69,28,68,31,10.5661342918605,12.7328670863362,0.318358555624342,2020-03-09,2020,3
"10857","RS",4,"Sul",43024,"Gramado-Canela",338699,38798.400163449,11,79,23,56,18,61,0,0,0,0,0,79,23,56,18,61,36,10.5661342918605,12.7328670863362,0.4196395121181,2020-03-16,2020,3
"10858","RS",4,"Sul",43024,"Gramado-Canela",338699,38798.400163449,12,68,24,44,22,46,0,0,0,0,0,68,24,44,22,46,30,10.5661342918605,12.7328670863362,0.601215430466728,2020-03-23,2020,3
"10859","RS",4,"Sul",43024,"Gramado-Canela",338699,38798.400163449,13,60,17,43,24,36,0,0,0,0,0,60,17,43,24,36,37,10.5661342918605,12.7328670863362,0.525393396686619,2020-03-30,2020,3
"10860","RS",4,"Sul",43024,"Gramado-Canela",338699,38798.400163449,14,80,24,56,29,51,0,0,0,0,0,80,24,56,29,51,38,10.5661342918605,12.7328670863362,0.48256812680002,2020-04-06,2020,4
"10861","RS",4,"Sul",43024,"Gramado-Canela",338699,38798.400163449,15,64,27,37,20,44,0,0,0,0,0,64,27,37,20,44,24,10.5661342918605,12.7328670863362,0.444399334307265,2020-04-13,2020,4
"10862","RS",4,"Sul",43024,"Gramado-Canela",338699,38798.400163449,16,88,24,64,24,64,0,0,0,0,0,88,24,64,24,64,41,10.5661342918605,12.7328670863362,0.432211054727155,2020-04-20,2020,4
"10863","RS",4,"Sul",43024,"Gramado-Canela",338699,38798.400163449,17,66,25,41,23,43,0,0,0,0,0,66,25,41,23,43,33,10.5661342918605,12.7328670863362,0.426403084837451,2020-04-27,2020,4
"10864","RS",4,"Sul",43024,"Gramado-Canela",338699,38798.400163449,18,77,17,60,19,58,1,0,0,0,0,78,17,60,19,58,47,10.5661342918605,12.7328670863362,0.396412825045167,2020-05-04,2020,5
"10865","RS",4,"Sul",43024,"Gramado-Canela",338699,38798.400163449,19,85,22,63,32,53,1,0,0,0,0,86,22,63,32,53,37,10.5661342918605,12.7328670863362,0.408673071351785,2020-05-11,2020,5
"10866","RS",4,"Sul",43024,"Gramado-Canela",338699,38798.400163449,20,73,18,55,26,47,0,0,0,0,0,73,18,55,26,47,41,10.5661342918605,12.7328670863362,0.413547227605591,2020-05-18,2020,5
"10867","RS",4,"Sul",43024,"Gramado-Canela",338699,38798.400163449,21,82,26,56,30,52,2,0,0,0,0,84,26,56,30,52,43,10.5661342918605,12.7328670863362,0.395421913375966,2020-05-25,2020,5
"10868","RS",4,"Sul",43024,"Gramado-Canela",338699,38798.400163449,22,94,31,63,32,62,2,0,0,0,0,96,31,63,32,62,57,10.5661342918605,12.7328670863362,0.401103669355617,2020-06-01,2020,6
"10869","RS",4,"Sul",43024,"Gramado-Canela",338699,38798.400163449,23,76,16,60,30,46,2,0,0,0,0,78,16,60,30,46,51,10.5661342918605,12.7328670863362,0.395014784698548,2020-06-08,2020,6
"10870","RS",4,"Sul",43024,"Gramado-Canela",338699,38798.400163449,24,65,16,49,20,45,0,0,0,0,0,65,16,49,20,45,49,10.5661342918605,12.7328670863362,0.384360370405892,2020-06-15,2020,6
"10871","RS",4,"Sul",43024,"Gramado-Canela",338699,38798.400163449,25,71,14,57,25,46,1,0,0,0,0,72,14,57,25,46,39,10.5661342918605,12.7328670863362,0.395797414212826,2020-06-22,2020,6
"10872","RS",4,"Sul",43024,"Gramado-Canela",338699,38798.400163449,26,67,24,43,22,45,0,0,0,0,0,67,24,43,22,45,46,10.5661342918605,12.7328670863362,0.415460796716621,2020-06-29,2020,6
"10873","RS",4,"Sul",43024,"Gramado-Canela",338699,38798.400163449,27,70,23,47,18,52,1,0,0,0,0,71,23,47,18,52,53,10.5661342918605,12.7328670863362,0.421105786882658,2020-07-06,2020,7
"10874","RS",4,"Sul",43024,"Gramado-Canela",338699,38798.400163449,28,78,10,68,22,56,1,0,0,0,0,79,10,68,22,56,65,10.5661342918605,12.7328670863362,0.38777135643685,2020-07-13,2020,7
"10875","RS",4,"Sul",43024,"Gramado-Canela",338699,38798.400163449,29,70,19,51,15,55,1,0,0,0,0,71,19,51,15,55,60,10.5661342918605,12.7328670863362,0.395748757408326,2020-07-20,2020,7
"10876","RS",4,"Sul",43025,"São Jerônimo",158153,80028.2082049029,5,29,10,19,11,18,0,0,0,0,0,29,10,19,11,18,17,11.2901344540676,11.9713181978868,0.297631054617886,2020-02-03,2020,2
"10877","RS",4,"Sul",43025,"São Jerônimo",158153,80028.2082049029,6,22,8,14,9,13,0,0,0,0,0,22,8,14,9,13,19,11.2901344540676,11.9713181978868,0.294046929225884,2020-02-10,2020,2
"10878","RS",4,"Sul",43025,"São Jerônimo",158153,80028.2082049029,7,33,14,19,12,21,0,0,0,0,0,33,14,19,12,21,22,11.2901344540676,11.9713181978868,0.30458773909933,2020-02-17,2020,2
"10879","RS",4,"Sul",43025,"São Jerônimo",158153,80028.2082049029,8,23,8,15,14,9,0,0,0,0,0,23,8,15,14,9,18,11.2901344540676,11.9713181978868,0.338977981509028,2020-02-24,2020,2
"10880","RS",4,"Sul",43025,"São Jerônimo",158153,80028.2082049029,9,26,9,17,7,19,0,0,0,0,0,26,9,17,7,19,25,11.2901344540676,11.9713181978868,0.319836443558457,2020-03-02,2020,3
"10881","RS",4,"Sul",43025,"São Jerônimo",158153,80028.2082049029,10,29,10,19,7,22,0,0,0,0,0,29,10,19,7,22,17,11.2901344540676,11.9713181978868,0.340972678286226,2020-03-09,2020,3
"10882","RS",4,"Sul",43025,"São Jerônimo",158153,80028.2082049029,11,31,5,26,14,17,0,0,0,0,0,31,5,26,14,17,17,11.2901344540676,11.9713181978868,0.438758400167606,2020-03-16,2020,3
"10883","RS",4,"Sul",43025,"São Jerônimo",158153,80028.2082049029,12,20,7,13,5,15,0,0,0,0,0,20,7,13,5,15,20,11.2901344540676,11.9713181978868,0.539849426769151,2020-03-23,2020,3
"10884","RS",4,"Sul",43025,"São Jerônimo",158153,80028.2082049029,13,29,9,20,10,19,0,0,0,0,0,29,9,20,10,19,21,11.2901344540676,11.9713181978868,0.493535621749489,2020-03-30,2020,3
"10885","RS",4,"Sul",43025,"São Jerônimo",158153,80028.2082049029,14,18,7,11,10,8,1,0,0,0,0,19,7,11,10,8,21,11.2901344540676,11.9713181978868,0.475903953306938,2020-04-06,2020,4
"10886","RS",4,"Sul",43025,"São Jerônimo",158153,80028.2082049029,15,26,10,16,10,16,0,0,0,0,0,26,10,16,10,16,26,11.2901344540676,11.9713181978868,0.457318724706169,2020-04-13,2020,4
"10887","RS",4,"Sul",43025,"São Jerônimo",158153,80028.2082049029,16,28,9,19,14,14,0,0,0,0,0,28,9,19,14,14,18,11.2901344540676,11.9713181978868,0.447053760097386,2020-04-20,2020,4
"10888","RS",4,"Sul",43025,"São Jerônimo",158153,80028.2082049029,17,27,6,21,10,17,0,0,0,0,0,27,6,21,10,17,17,11.2901344540676,11.9713181978868,0.439702551374031,2020-04-27,2020,4
"10889","RS",4,"Sul",43025,"São Jerônimo",158153,80028.2082049029,18,27,8,19,11,16,0,0,0,0,0,27,8,19,11,16,25,11.2901344540676,11.9713181978868,0.401446918984815,2020-05-04,2020,5
"10890","RS",4,"Sul",43025,"São Jerônimo",158153,80028.2082049029,19,39,11,28,16,23,0,0,0,0,0,39,11,28,16,23,19,11.2901344540676,11.9713181978868,0.418462284638145,2020-05-11,2020,5
"10891","RS",4,"Sul",43025,"São Jerônimo",158153,80028.2082049029,20,28,9,19,8,20,0,0,0,0,0,28,9,19,8,20,22,11.2901344540676,11.9713181978868,0.42437630436341,2020-05-18,2020,5
"10892","RS",4,"Sul",43025,"São Jerônimo",158153,80028.2082049029,21,43,12,31,25,18,0,0,0,0,0,43,12,31,25,18,14,11.2901344540676,11.9713181978868,0.401745831840227,2020-05-25,2020,5
"10893","RS",4,"Sul",43025,"São Jerônimo",158153,80028.2082049029,22,23,9,14,11,12,0,0,0,0,0,23,9,14,11,12,23,11.2901344540676,11.9713181978868,0.406259123753896,2020-06-01,2020,6
"10894","RS",4,"Sul",43025,"São Jerônimo",158153,80028.2082049029,23,33,9,24,10,23,0,0,0,0,0,33,9,24,10,23,29,11.2901344540676,11.9713181978868,0.400080888214125,2020-06-08,2020,6
"10895","RS",4,"Sul",43025,"São Jerônimo",158153,80028.2082049029,24,23,6,17,8,15,0,0,0,0,0,23,6,17,8,15,26,11.2901344540676,11.9713181978868,0.383780020544279,2020-06-15,2020,6
"10896","RS",4,"Sul",43025,"São Jerônimo",158153,80028.2082049029,25,37,12,25,17,20,0,0,0,0,0,37,12,25,17,20,22,11.2901344540676,11.9713181978868,0.412750983488443,2020-06-22,2020,6
"10897","RS",4,"Sul",43025,"São Jerônimo",158153,80028.2082049029,26,23,4,19,9,14,0,0,0,0,0,23,4,19,9,14,27,11.2901344540676,11.9713181978868,0.42384092255429,2020-06-29,2020,6
"10898","RS",4,"Sul",43025,"São Jerônimo",158153,80028.2082049029,27,24,10,14,9,15,0,0,0,0,0,24,10,14,9,15,31,11.2901344540676,11.9713181978868,0.433977296818671,2020-07-06,2020,7
"10899","RS",4,"Sul",43025,"São Jerônimo",158153,80028.2082049029,28,26,8,18,9,17,0,0,0,0,0,26,8,18,9,17,38,11.2901344540676,11.9713181978868,0.409232177192622,2020-07-13,2020,7
"10900","RS",4,"Sul",43025,"São Jerônimo",158153,80028.2082049029,29,31,8,23,10,21,0,0,0,0,0,31,8,23,10,21,27,11.2901344540676,11.9713181978868,0.408596043952673,2020-07-20,2020,7
"10901","RS",4,"Sul",43026,"Porto Alegre",3905087,42777.0057749648,5,773,201,572,281,492,3,0,0,0,0,776,201,572,281,492,526,10.6637559889519,15.1777906201371,0.28535420117477,2020-02-03,2020,2
"10902","RS",4,"Sul",43026,"Porto Alegre",3905087,42777.0057749648,6,744,201,543,246,498,7,0,0,0,0,751,201,543,246,498,510,10.6637559889519,15.1777906201371,0.285952758417853,2020-02-10,2020,2
"10903","RS",4,"Sul",43026,"Porto Alegre",3905087,42777.0057749648,7,744,204,540,245,499,8,0,0,0,0,752,204,540,245,499,517,10.6637559889519,15.1777906201371,0.29648896887762,2020-02-17,2020,2
"10904","RS",4,"Sul",43026,"Porto Alegre",3905087,42777.0057749648,8,804,236,568,262,542,7,0,0,0,0,811,236,568,262,542,497,10.6637559889519,15.1777906201371,0.347566770259438,2020-02-24,2020,2
"10905","RS",4,"Sul",43026,"Porto Alegre",3905087,42777.0057749648,9,827,242,585,296,531,7,0,0,0,0,834,242,585,296,531,502,10.6637559889519,15.1777906201371,0.308327835547937,2020-03-02,2020,3
"10906","RS",4,"Sul",43026,"Porto Alegre",3905087,42777.0057749648,10,775,226,549,265,510,4,0,0,0,0,779,226,549,265,510,506,10.6637559889519,15.1777906201371,0.321632713433554,2020-03-09,2020,3
"10907","RS",4,"Sul",43026,"Porto Alegre",3905087,42777.0057749648,11,741,211,530,258,483,10,0,0,0,0,751,211,530,258,483,535,10.6637559889519,15.1777906201371,0.440584699434977,2020-03-16,2020,3
"10908","RS",4,"Sul",43026,"Porto Alegre",3905087,42777.0057749648,12,731,218,513,241,490,9,0,0,0,0,740,218,513,241,490,486,10.6637559889519,15.1777906201371,0.589926698488171,2020-03-23,2020,3
"10909","RS",4,"Sul",43026,"Porto Alegre",3905087,42777.0057749648,13,695,189,506,247,448,8,0,0,0,0,703,189,506,247,448,456,10.6637559889519,15.1777906201371,0.536965922869775,2020-03-30,2020,3
"10910","RS",4,"Sul",43026,"Porto Alegre",3905087,42777.0057749648,14,815,250,565,255,560,10,0,0,0,0,825,250,565,255,560,484,10.6637559889519,15.1777906201371,0.513204131484632,2020-04-06,2020,4
"10911","RS",4,"Sul",43026,"Porto Alegre",3905087,42777.0057749648,15,814,239,575,303,511,3,0,0,0,0,817,239,575,303,511,491,10.6637559889519,15.1777906201371,0.486772248414876,2020-04-13,2020,4
"10912","RS",4,"Sul",43026,"Porto Alegre",3905087,42777.0057749648,16,847,237,610,303,544,2,0,0,0,0,849,237,610,303,544,498,10.6637559889519,15.1777906201371,0.481950549484109,2020-04-20,2020,4
"10913","RS",4,"Sul",43026,"Porto Alegre",3905087,42777.0057749648,17,836,268,568,271,565,7,0,0,0,0,843,268,568,271,565,453,10.6637559889519,15.1777906201371,0.462640635995924,2020-04-27,2020,4
"10914","RS",4,"Sul",43026,"Porto Alegre",3905087,42777.0057749648,18,835,233,602,293,542,11,0,0,0,0,846,233,602,293,542,492,10.6637559889519,15.1777906201371,0.42220701103435,2020-05-04,2020,5
"10915","RS",4,"Sul",43026,"Porto Alegre",3905087,42777.0057749648,19,823,245,578,258,565,4,0,0,0,0,827,245,578,258,565,556,10.6637559889519,15.1777906201371,0.441205711403813,2020-05-11,2020,5
"10916","RS",4,"Sul",43026,"Porto Alegre",3905087,42777.0057749648,20,856,228,628,289,567,6,0,0,0,0,862,228,628,289,567,528,10.6637559889519,15.1777906201371,0.431724212178669,2020-05-18,2020,5
"10917","RS",4,"Sul",43026,"Porto Alegre",3905087,42777.0057749648,21,900,239,661,316,584,3,0,0,0,0,903,239,661,316,584,485,10.6637559889519,15.1777906201371,0.412028388899387,2020-05-25,2020,5
"10918","RS",4,"Sul",43026,"Porto Alegre",3905087,42777.0057749648,22,944,236,708,311,633,10,0,0,0,0,954,236,708,311,633,536,10.6637559889519,15.1777906201371,0.410528634352154,2020-06-01,2020,6
"10919","RS",4,"Sul",43026,"Porto Alegre",3905087,42777.0057749648,23,862,262,600,296,566,5,0,0,0,0,867,262,600,296,566,552,10.6637559889519,15.1777906201371,0.411494035248229,2020-06-08,2020,6
"10920","RS",4,"Sul",43026,"Porto Alegre",3905087,42777.0057749648,24,893,240,653,308,585,9,0,0,0,0,902,240,653,308,585,589,10.6637559889519,15.1777906201371,0.390768584110138,2020-06-15,2020,6
"10921","RS",4,"Sul",43026,"Porto Alegre",3905087,42777.0057749648,25,854,245,609,282,572,8,0,0,0,0,862,245,609,282,572,588,10.6637559889519,15.1777906201371,0.422752408046665,2020-06-22,2020,6
"10922","RS",4,"Sul",43026,"Porto Alegre",3905087,42777.0057749648,26,788,236,552,231,557,5,0,0,0,0,793,236,552,231,557,714,10.6637559889519,15.1777906201371,0.441879999434645,2020-06-29,2020,6
"10923","RS",4,"Sul",43026,"Porto Alegre",3905087,42777.0057749648,27,859,262,597,263,596,8,0,0,0,0,867,262,597,263,596,678,10.6637559889519,15.1777906201371,0.447653213186463,2020-07-06,2020,7
"10924","RS",4,"Sul",43026,"Porto Alegre",3905087,42777.0057749648,28,864,217,647,278,586,3,0,0,0,0,867,217,647,278,586,821,10.6637559889519,15.1777906201371,0.422638382855927,2020-07-13,2020,7
"10925","RS",4,"Sul",43026,"Porto Alegre",3905087,42777.0057749648,29,880,245,635,273,607,7,0,0,0,0,887,245,635,273,607,784,10.6637559889519,15.1777906201371,0.419901837319438,2020-07-20,2020,7
"10926","RS",4,"Sul",43027,"Osório",401937,26046.4064958688,5,95,35,60,25,70,1,0,0,0,0,96,35,60,25,70,41,10.1676350912502,12.9040506389019,0.304976387108738,2020-02-03,2020,2
"10927","RS",4,"Sul",43027,"Osório",401937,26046.4064958688,6,91,29,62,35,56,0,0,0,0,0,91,29,62,35,56,60,10.1676350912502,12.9040506389019,0.302640983118315,2020-02-10,2020,2
"10928","RS",4,"Sul",43027,"Osório",401937,26046.4064958688,7,85,31,54,29,56,1,0,0,0,0,86,31,54,29,56,60,10.1676350912502,12.9040506389019,0.31453007142165,2020-02-17,2020,2
"10929","RS",4,"Sul",43027,"Osório",401937,26046.4064958688,8,88,34,54,35,53,1,0,0,0,0,89,34,54,35,53,55,10.1676350912502,12.9040506389019,0.345413868556609,2020-02-24,2020,2
"10930","RS",4,"Sul",43027,"Osório",401937,26046.4064958688,9,110,35,75,44,66,0,0,0,0,0,110,35,75,44,66,52,10.1676350912502,12.9040506389019,0.338210024991848,2020-03-02,2020,3
"10931","RS",4,"Sul",43027,"Osório",401937,26046.4064958688,10,106,37,69,46,60,0,0,0,0,0,106,37,69,46,60,49,10.1676350912502,12.9040506389019,0.343168247664143,2020-03-09,2020,3
"10932","RS",4,"Sul",43027,"Osório",401937,26046.4064958688,11,93,34,59,40,53,1,0,0,0,0,94,34,59,40,53,56,10.1676350912502,12.9040506389019,0.458414125462295,2020-03-16,2020,3
"10933","RS",4,"Sul",43027,"Osório",401937,26046.4064958688,12,92,36,56,42,50,1,0,0,0,0,93,36,56,42,50,60,10.1676350912502,12.9040506389019,0.596193952924001,2020-03-23,2020,3
"10934","RS",4,"Sul",43027,"Osório",401937,26046.4064958688,13,93,41,52,43,50,1,0,0,0,0,94,41,52,43,50,40,10.1676350912502,12.9040506389019,0.529939909374823,2020-03-30,2020,3
"10935","RS",4,"Sul",43027,"Osório",401937,26046.4064958688,14,95,37,58,39,56,0,0,0,0,0,95,37,58,39,56,57,10.1676350912502,12.9040506389019,0.496222366618515,2020-04-06,2020,4
"10936","RS",4,"Sul",43027,"Osório",401937,26046.4064958688,15,87,37,50,34,53,0,0,0,0,0,87,37,50,34,53,46,10.1676350912502,12.9040506389019,0.461872220891976,2020-04-13,2020,4
"10937","RS",4,"Sul",43027,"Osório",401937,26046.4064958688,16,98,44,54,39,59,2,0,0,0,0,100,44,54,39,59,53,10.1676350912502,12.9040506389019,0.453178143332054,2020-04-20,2020,4
"10938","RS",4,"Sul",43027,"Osório",401937,26046.4064958688,17,90,31,59,37,53,0,0,0,0,0,90,31,59,37,53,58,10.1676350912502,12.9040506389019,0.445724549759749,2020-04-27,2020,4
"10939","RS",4,"Sul",43027,"Osório",401937,26046.4064958688,18,110,43,67,35,75,0,0,0,0,0,110,43,67,35,75,59,10.1676350912502,12.9040506389019,0.415636467202371,2020-05-04,2020,5
"10940","RS",4,"Sul",43027,"Osório",401937,26046.4064958688,19,92,24,68,36,56,0,0,0,0,0,92,24,68,36,56,55,10.1676350912502,12.9040506389019,0.43101808148663,2020-05-11,2020,5
"10941","RS",4,"Sul",43027,"Osório",401937,26046.4064958688,20,95,30,65,41,54,1,0,0,0,0,96,30,65,41,54,61,10.1676350912502,12.9040506389019,0.431054130377964,2020-05-18,2020,5
"10942","RS",4,"Sul",43027,"Osório",401937,26046.4064958688,21,89,25,64,35,54,1,0,0,0,0,90,25,64,35,54,64,10.1676350912502,12.9040506389019,0.414836008761155,2020-05-25,2020,5
"10943","RS",4,"Sul",43027,"Osório",401937,26046.4064958688,22,111,32,79,46,65,3,0,0,0,0,114,32,79,46,65,58,10.1676350912502,12.9040506389019,0.42133337666611,2020-06-01,2020,6
"10944","RS",4,"Sul",43027,"Osório",401937,26046.4064958688,23,88,33,55,31,57,1,0,0,0,0,89,33,55,31,57,74,10.1676350912502,12.9040506389019,0.417355427462789,2020-06-08,2020,6
"10945","RS",4,"Sul",43027,"Osório",401937,26046.4064958688,24,93,23,70,27,66,0,0,0,0,0,93,23,70,27,66,56,10.1676350912502,12.9040506389019,0.39466543609665,2020-06-15,2020,6
"10946","RS",4,"Sul",43027,"Osório",401937,26046.4064958688,25,113,43,70,42,71,1,0,0,0,0,114,43,70,42,71,62,10.1676350912502,12.9040506389019,0.425693526506252,2020-06-22,2020,6
"10947","RS",4,"Sul",43027,"Osório",401937,26046.4064958688,26,105,38,67,44,61,2,0,0,0,0,107,38,67,44,61,73,10.1676350912502,12.9040506389019,0.45123296320779,2020-06-29,2020,6
"10948","RS",4,"Sul",43027,"Osório",401937,26046.4064958688,27,111,28,83,41,70,0,0,0,0,0,111,28,83,41,70,78,10.1676350912502,12.9040506389019,0.457056688395332,2020-07-06,2020,7
"10949","RS",4,"Sul",43027,"Osório",401937,26046.4064958688,28,105,28,77,32,73,1,0,0,0,0,106,28,77,32,73,76,10.1676350912502,12.9040506389019,0.422369628789595,2020-07-13,2020,7
"10950","RS",4,"Sul",43027,"Osório",401937,26046.4064958688,29,100,32,68,34,66,2,0,0,0,0,102,32,68,34,66,79,10.1676350912502,12.9040506389019,0.421439519402196,2020-07-20,2020,7
"10951","RS",4,"Sul",43028,"Camaquã",139917,24415.9039062444,5,28,9,19,12,16,1,0,0,0,0,29,9,19,12,16,18,10.1029899983885,11.8488046686393,0.293010259104779,2020-02-03,2020,2
"10952","RS",4,"Sul",43028,"Camaquã",139917,24415.9039062444,6,35,11,24,14,21,0,0,0,0,0,35,11,24,14,21,33,10.1029899983885,11.8488046686393,0.294965923215046,2020-02-10,2020,2
"10953","RS",4,"Sul",43028,"Camaquã",139917,24415.9039062444,7,22,4,18,12,10,0,0,0,0,0,22,4,18,12,10,16,10.1029899983885,11.8488046686393,0.298006580344288,2020-02-17,2020,2
"10954","RS",4,"Sul",43028,"Camaquã",139917,24415.9039062444,8,19,6,13,11,8,0,0,0,0,0,19,6,13,11,8,13,10.1029899983885,11.8488046686393,0.337375928167842,2020-02-24,2020,2
"10955","RS",4,"Sul",43028,"Camaquã",139917,24415.9039062444,9,32,16,16,11,21,0,0,0,0,0,32,16,16,11,21,28,10.1029899983885,11.8488046686393,0.325117992166492,2020-03-02,2020,3
"10956","RS",4,"Sul",43028,"Camaquã",139917,24415.9039062444,10,21,6,15,8,13,0,0,0,0,0,21,6,15,8,13,20,10.1029899983885,11.8488046686393,0.332678622039408,2020-03-09,2020,3
"10957","RS",4,"Sul",43028,"Camaquã",139917,24415.9039062444,11,24,5,19,8,16,0,0,0,0,0,24,5,19,8,16,20,10.1029899983885,11.8488046686393,0.410812723865825,2020-03-16,2020,3
"10958","RS",4,"Sul",43028,"Camaquã",139917,24415.9039062444,12,22,7,15,8,14,0,0,0,0,0,22,7,15,8,14,22,10.1029899983885,11.8488046686393,0.521482083392919,2020-03-23,2020,3
"10959","RS",4,"Sul",43028,"Camaquã",139917,24415.9039062444,13,29,8,21,12,17,0,0,0,0,0,29,8,21,12,17,23,10.1029899983885,11.8488046686393,0.476819978978952,2020-03-30,2020,3
"10960","RS",4,"Sul",43028,"Camaquã",139917,24415.9039062444,14,34,16,18,12,22,0,0,0,0,0,34,16,18,12,22,18,10.1029899983885,11.8488046686393,0.458088641303737,2020-04-06,2020,4
"10961","RS",4,"Sul",43028,"Camaquã",139917,24415.9039062444,15,26,10,16,11,15,0,0,0,0,0,26,10,16,11,15,18,10.1029899983885,11.8488046686393,0.424047080049502,2020-04-13,2020,4
"10962","RS",4,"Sul",43028,"Camaquã",139917,24415.9039062444,16,33,15,18,16,17,0,0,0,0,0,33,15,18,16,17,16,10.1029899983885,11.8488046686393,0.421719165825963,2020-04-20,2020,4
"10963","RS",4,"Sul",43028,"Camaquã",139917,24415.9039062444,17,39,11,28,11,28,0,0,0,0,0,39,11,28,11,28,23,10.1029899983885,11.8488046686393,0.409764758210407,2020-04-27,2020,4
"10964","RS",4,"Sul",43028,"Camaquã",139917,24415.9039062444,18,24,6,18,9,15,0,0,0,0,0,24,6,18,9,15,17,10.1029899983885,11.8488046686393,0.379162114516551,2020-05-04,2020,5
"10965","RS",4,"Sul",43028,"Camaquã",139917,24415.9039062444,19,27,12,15,11,16,1,0,0,0,0,28,12,15,11,16,21,10.1029899983885,11.8488046686393,0.407913728244812,2020-05-11,2020,5
"10966","RS",4,"Sul",43028,"Camaquã",139917,24415.9039062444,20,24,11,13,11,13,0,0,0,0,0,24,11,13,11,13,20,10.1029899983885,11.8488046686393,0.412437378782823,2020-05-18,2020,5
"10967","RS",4,"Sul",43028,"Camaquã",139917,24415.9039062444,21,25,13,12,12,13,0,0,0,0,0,25,13,12,12,13,20,10.1029899983885,11.8488046686393,0.391669105369791,2020-05-25,2020,5
"10968","RS",4,"Sul",43028,"Camaquã",139917,24415.9039062444,22,27,7,20,8,19,1,0,0,0,0,28,7,20,8,19,21,10.1029899983885,11.8488046686393,0.399179093767327,2020-06-01,2020,6
"10969","RS",4,"Sul",43028,"Camaquã",139917,24415.9039062444,23,32,14,18,13,19,0,0,0,0,0,32,14,18,13,19,25,10.1029899983885,11.8488046686393,0.394213382282648,2020-06-08,2020,6
"10970","RS",4,"Sul",43028,"Camaquã",139917,24415.9039062444,24,35,12,23,12,23,0,0,0,0,0,35,12,23,12,23,23,10.1029899983885,11.8488046686393,0.368998538245008,2020-06-15,2020,6
"10971","RS",4,"Sul",43028,"Camaquã",139917,24415.9039062444,25,28,13,15,9,19,0,0,0,0,0,28,13,15,9,19,19,10.1029899983885,11.8488046686393,0.401155138272492,2020-06-22,2020,6
"10972","RS",4,"Sul",43028,"Camaquã",139917,24415.9039062444,26,26,12,14,6,20,0,0,0,0,0,26,12,14,6,20,31,10.1029899983885,11.8488046686393,0.406350831883514,2020-06-29,2020,6
"10973","RS",4,"Sul",43028,"Camaquã",139917,24415.9039062444,27,25,8,17,10,15,0,0,0,0,0,25,8,17,10,15,22,10.1029899983885,11.8488046686393,0.415959160897198,2020-07-06,2020,7
"10974","RS",4,"Sul",43028,"Camaquã",139917,24415.9039062444,28,28,13,15,11,17,0,0,0,0,0,28,13,15,11,17,25,10.1029899983885,11.8488046686393,0.389761096966981,2020-07-13,2020,7
"10975","RS",4,"Sul",43028,"Camaquã",139917,24415.9039062444,29,27,13,14,8,19,1,0,0,0,0,28,13,14,8,19,33,10.1029899983885,11.8488046686393,0.387696958716326,2020-07-20,2020,7
"10976","RS",4,"Sul",43029,"Campanha Ocidental",357196,27815.3117100975,5,85,18,67,30,55,0,0,0,0,0,85,18,67,30,55,56,10.2333419289933,12.7860399297135,0.301092907292225,2020-02-03,2020,2
"10977","RS",4,"Sul",43029,"Campanha Ocidental",357196,27815.3117100975,6,82,24,58,41,41,0,0,0,0,0,82,24,58,41,41,57,10.2333419289933,12.7860399297135,0.296949830794126,2020-02-10,2020,2
"10978","RS",4,"Sul",43029,"Campanha Ocidental",357196,27815.3117100975,7,81,30,51,28,53,0,0,0,0,0,81,30,51,28,53,47,10.2333419289933,12.7860399297135,0.302084135564095,2020-02-17,2020,2
"10979","RS",4,"Sul",43029,"Campanha Ocidental",357196,27815.3117100975,8,71,10,61,34,37,2,0,0,0,0,73,10,61,34,37,55,10.2333419289933,12.7860399297135,0.326208622774189,2020-02-24,2020,2
"10980","RS",4,"Sul",43029,"Campanha Ocidental",357196,27815.3117100975,9,86,17,69,32,54,0,0,0,0,0,86,17,69,32,54,48,10.2333419289933,12.7860399297135,0.31380104632958,2020-03-02,2020,3
"10981","RS",4,"Sul",43029,"Campanha Ocidental",357196,27815.3117100975,10,67,20,47,30,37,0,0,0,0,0,67,20,47,30,37,64,10.2333419289933,12.7860399297135,0.323825098838776,2020-03-09,2020,3
"10982","RS",4,"Sul",43029,"Campanha Ocidental",357196,27815.3117100975,11,76,21,55,25,51,1,0,0,0,0,77,21,55,25,51,51,10.2333419289933,12.7860399297135,0.411977787033786,2020-03-16,2020,3
"10983","RS",4,"Sul",43029,"Campanha Ocidental",357196,27815.3117100975,12,56,14,42,24,32,2,0,0,0,0,58,14,42,24,32,41,10.2333419289933,12.7860399297135,0.517961114133522,2020-03-23,2020,3
"10984","RS",4,"Sul",43029,"Campanha Ocidental",357196,27815.3117100975,13,58,11,47,19,39,1,0,0,0,0,59,11,47,19,39,43,10.2333419289933,12.7860399297135,0.46475508798694,2020-03-30,2020,3
"10985","RS",4,"Sul",43029,"Campanha Ocidental",357196,27815.3117100975,14,72,15,57,36,36,1,0,0,0,0,73,15,57,36,36,59,10.2333419289933,12.7860399297135,0.455411248836631,2020-04-06,2020,4
"10986","RS",4,"Sul",43029,"Campanha Ocidental",357196,27815.3117100975,15,83,17,66,40,43,1,0,0,0,0,84,17,66,40,43,48,10.2333419289933,12.7860399297135,0.417098876196254,2020-04-13,2020,4
"10987","RS",4,"Sul",43029,"Campanha Ocidental",357196,27815.3117100975,16,78,21,57,33,45,1,0,0,0,0,79,21,57,33,45,50,10.2333419289933,12.7860399297135,0.426630294188451,2020-04-20,2020,4
"10988","RS",4,"Sul",43029,"Campanha Ocidental",357196,27815.3117100975,17,105,34,71,40,65,1,0,0,0,0,106,34,71,40,65,44,10.2333419289933,12.7860399297135,0.419146780128503,2020-04-27,2020,4
"10989","RS",4,"Sul",43029,"Campanha Ocidental",357196,27815.3117100975,18,97,18,79,31,66,1,0,0,0,0,98,18,79,31,66,52,10.2333419289933,12.7860399297135,0.389178549723084,2020-05-04,2020,5
"10990","RS",4,"Sul",43029,"Campanha Ocidental",357196,27815.3117100975,19,83,20,63,33,50,2,0,0,0,0,85,20,63,33,50,49,10.2333419289933,12.7860399297135,0.409433193427041,2020-05-11,2020,5
"10991","RS",4,"Sul",43029,"Campanha Ocidental",357196,27815.3117100975,20,96,33,63,36,60,1,0,0,0,0,97,33,63,36,60,44,10.2333419289933,12.7860399297135,0.424552478485046,2020-05-18,2020,5
"10992","RS",4,"Sul",43029,"Campanha Ocidental",357196,27815.3117100975,21,89,18,71,37,52,0,0,0,0,0,89,18,71,37,52,65,10.2333419289933,12.7860399297135,0.399815260666288,2020-05-25,2020,5
"10993","RS",4,"Sul",43029,"Campanha Ocidental",357196,27815.3117100975,22,85,18,67,31,54,1,0,0,0,0,86,18,67,31,54,59,10.2333419289933,12.7860399297135,0.412013772612167,2020-06-01,2020,6
"10994","RS",4,"Sul",43029,"Campanha Ocidental",357196,27815.3117100975,23,89,16,73,35,54,0,0,0,0,0,89,16,73,35,54,53,10.2333419289933,12.7860399297135,0.40769481060269,2020-06-08,2020,6
"10995","RS",4,"Sul",43029,"Campanha Ocidental",357196,27815.3117100975,24,90,9,81,38,52,1,0,0,0,0,91,9,81,38,52,60,10.2333419289933,12.7860399297135,0.403035232311567,2020-06-15,2020,6
"10996","RS",4,"Sul",43029,"Campanha Ocidental",357196,27815.3117100975,25,67,18,49,29,38,0,0,0,0,0,67,18,49,29,38,58,10.2333419289933,12.7860399297135,0.393845197437466,2020-06-22,2020,6
"10997","RS",4,"Sul",43029,"Campanha Ocidental",357196,27815.3117100975,26,103,29,74,44,59,0,0,0,0,0,103,29,74,44,59,61,10.2333419289933,12.7860399297135,0.409434636137508,2020-06-29,2020,6
"10998","RS",4,"Sul",43029,"Campanha Ocidental",357196,27815.3117100975,27,83,21,62,30,53,0,0,0,0,0,83,21,62,30,53,64,10.2333419289933,12.7860399297135,0.404745831031255,2020-07-06,2020,7
"10999","RS",4,"Sul",43029,"Campanha Ocidental",357196,27815.3117100975,28,81,10,71,29,52,0,0,0,0,0,81,10,71,29,52,63,10.2333419289933,12.7860399297135,0.390414615817435,2020-07-13,2020,7
"11000","RS",4,"Sul",43029,"Campanha Ocidental",357196,27815.3117100975,29,68,17,51,25,43,0,0,0,0,0,68,17,51,25,43,68,10.2333419289933,12.7860399297135,0.418213988897754,2020-07-20,2020,7
"11001","RS",4,"Sul",43030,"Campanha Central",180360,30812.5884989466,5,49,12,37,14,35,0,0,0,0,0,49,12,37,14,35,27,10.3356786029577,12.102710132535,0.303703085430094,2020-02-03,2020,2
"11002","RS",4,"Sul",43030,"Campanha Central",180360,30812.5884989466,6,41,8,33,14,27,0,0,0,0,0,41,8,33,14,27,33,10.3356786029577,12.102710132535,0.298045892052874,2020-02-10,2020,2
"11003","RS",4,"Sul",43030,"Campanha Central",180360,30812.5884989466,7,35,10,25,20,15,0,0,0,0,0,35,10,25,20,15,14,10.3356786029577,12.102710132535,0.314256248091685,2020-02-17,2020,2
"11004","RS",4,"Sul",43030,"Campanha Central",180360,30812.5884989466,8,33,8,25,13,20,0,0,0,0,0,33,8,25,13,20,37,10.3356786029577,12.102710132535,0.344500865943244,2020-02-24,2020,2
"11005","RS",4,"Sul",43030,"Campanha Central",180360,30812.5884989466,9,49,21,28,16,33,2,0,0,0,0,51,21,28,16,33,30,10.3356786029577,12.102710132535,0.328280093621527,2020-03-02,2020,3
"11006","RS",4,"Sul",43030,"Campanha Central",180360,30812.5884989466,10,31,11,20,6,25,0,0,0,0,0,31,11,20,6,25,26,10.3356786029577,12.102710132535,0.33541281690686,2020-03-09,2020,3
"11007","RS",4,"Sul",43030,"Campanha Central",180360,30812.5884989466,11,28,5,23,5,23,2,0,0,0,0,30,5,23,5,23,31,10.3356786029577,12.102710132535,0.410510457287059,2020-03-16,2020,3
"11008","RS",4,"Sul",43030,"Campanha Central",180360,30812.5884989466,12,25,7,18,12,13,0,0,0,0,0,25,7,18,12,13,28,10.3356786029577,12.102710132535,0.538751365473736,2020-03-23,2020,3
"11009","RS",4,"Sul",43030,"Campanha Central",180360,30812.5884989466,13,36,12,24,17,19,0,0,0,0,0,36,12,24,17,19,37,10.3356786029577,12.102710132535,0.479311030976721,2020-03-30,2020,3
"11010","RS",4,"Sul",43030,"Campanha Central",180360,30812.5884989466,14,45,15,30,16,29,1,0,0,0,0,46,15,30,16,29,30,10.3356786029577,12.102710132535,0.455410636018897,2020-04-06,2020,4
"11011","RS",4,"Sul",43030,"Campanha Central",180360,30812.5884989466,15,40,10,30,13,27,0,0,0,0,0,40,10,30,13,27,26,10.3356786029577,12.102710132535,0.42863093107507,2020-04-13,2020,4
"11012","RS",4,"Sul",43030,"Campanha Central",180360,30812.5884989466,16,46,11,35,17,29,0,0,0,0,0,46,11,35,17,29,28,10.3356786029577,12.102710132535,0.417738715311089,2020-04-20,2020,4
"11013","RS",4,"Sul",43030,"Campanha Central",180360,30812.5884989466,17,48,19,29,13,35,2,0,0,0,0,50,19,29,13,35,25,10.3356786029577,12.102710132535,0.405947964253645,2020-04-27,2020,4
"11014","RS",4,"Sul",43030,"Campanha Central",180360,30812.5884989466,18,40,11,29,11,29,1,0,0,0,0,41,11,29,11,29,39,10.3356786029577,12.102710132535,0.377221349762195,2020-05-04,2020,5
"11015","RS",4,"Sul",43030,"Campanha Central",180360,30812.5884989466,19,53,15,38,22,31,0,0,0,0,0,53,15,38,22,31,29,10.3356786029577,12.102710132535,0.400056674704267,2020-05-11,2020,5
"11016","RS",4,"Sul",43030,"Campanha Central",180360,30812.5884989466,20,54,21,33,18,36,1,0,0,0,0,55,21,33,18,36,34,10.3356786029577,12.102710132535,0.407971459866464,2020-05-18,2020,5
"11017","RS",4,"Sul",43030,"Campanha Central",180360,30812.5884989466,21,50,14,36,23,27,3,0,0,0,0,53,14,36,23,27,35,10.3356786029577,12.102710132535,0.389412784710648,2020-05-25,2020,5
"11018","RS",4,"Sul",43030,"Campanha Central",180360,30812.5884989466,22,42,13,29,18,24,0,0,0,0,0,42,13,29,18,24,37,10.3356786029577,12.102710132535,0.393579570690358,2020-06-01,2020,6
"11019","RS",4,"Sul",43030,"Campanha Central",180360,30812.5884989466,23,48,17,31,16,32,0,0,0,0,0,48,17,31,16,32,32,10.3356786029577,12.102710132535,0.397248796413989,2020-06-08,2020,6
"11020","RS",4,"Sul",43030,"Campanha Central",180360,30812.5884989466,24,49,15,34,24,25,0,0,0,0,0,49,15,34,24,25,32,10.3356786029577,12.102710132535,0.393255216505004,2020-06-15,2020,6
"11021","RS",4,"Sul",43030,"Campanha Central",180360,30812.5884989466,25,39,9,30,18,21,0,0,0,0,0,39,9,30,18,21,25,10.3356786029577,12.102710132535,0.383807563982733,2020-06-22,2020,6
"11022","RS",4,"Sul",43030,"Campanha Central",180360,30812.5884989466,26,41,12,29,14,27,0,0,0,0,0,41,12,29,14,27,30,10.3356786029577,12.102710132535,0.399052178774074,2020-06-29,2020,6
"11023","RS",4,"Sul",43030,"Campanha Central",180360,30812.5884989466,27,40,13,27,14,26,1,0,0,0,0,41,13,27,14,26,39,10.3356786029577,12.102710132535,0.396142546286758,2020-07-06,2020,7
"11024","RS",4,"Sul",43030,"Campanha Central",180360,30812.5884989466,28,38,11,27,14,24,0,0,0,0,0,38,11,27,14,24,28,10.3356786029577,12.102710132535,0.390972702486048,2020-07-13,2020,7
"11025","RS",4,"Sul",43030,"Campanha Central",180360,30812.5884989466,29,34,15,19,17,17,0,0,0,0,0,34,15,19,17,17,42,10.3356786029577,12.102710132535,0.388058367520638,2020-07-20,2020,7
"11026","RS",4,"Sul",43031,"Campanha Meridional",178896,28015.484963163,5,50,12,38,19,31,0,0,0,0,0,50,12,38,19,31,28,10.2405126706889,12.0945599103871,0.297420003075547,2020-02-03,2020,2
"11027","RS",4,"Sul",43031,"Campanha Meridional",178896,28015.484963163,6,35,9,26,16,19,1,0,0,0,0,36,9,26,16,19,33,10.2405126706889,12.0945599103871,0.295384226734028,2020-02-10,2020,2
"11028","RS",4,"Sul",43031,"Campanha Meridional",178896,28015.484963163,7,38,11,27,13,25,1,0,0,0,0,39,11,27,13,25,26,10.2405126706889,12.0945599103871,0.30570389276683,2020-02-17,2020,2
"11029","RS",4,"Sul",43031,"Campanha Meridional",178896,28015.484963163,8,29,8,21,11,18,1,0,0,0,0,30,8,21,11,18,33,10.2405126706889,12.0945599103871,0.337209685480475,2020-02-24,2020,2
"11030","RS",4,"Sul",43031,"Campanha Meridional",178896,28015.484963163,9,47,11,36,22,25,0,0,0,0,0,47,11,36,22,25,19,10.2405126706889,12.0945599103871,0.305833267416205,2020-03-02,2020,3
"11031","RS",4,"Sul",43031,"Campanha Meridional",178896,28015.484963163,10,32,8,24,14,18,0,0,0,0,0,32,8,24,14,18,29,10.2405126706889,12.0945599103871,0.324182961670749,2020-03-09,2020,3
"11032","RS",4,"Sul",43031,"Campanha Meridional",178896,28015.484963163,11,39,8,31,19,20,0,0,0,0,0,39,8,31,19,20,30,10.2405126706889,12.0945599103871,0.431564389938064,2020-03-16,2020,3
"11033","RS",4,"Sul",43031,"Campanha Meridional",178896,28015.484963163,12,36,14,22,11,25,0,0,0,0,0,36,14,22,11,25,26,10.2405126706889,12.0945599103871,0.566618626338208,2020-03-23,2020,3
"11034","RS",4,"Sul",43031,"Campanha Meridional",178896,28015.484963163,13,52,18,34,22,30,0,0,0,0,0,52,18,34,22,30,23,10.2405126706889,12.0945599103871,0.509337396675446,2020-03-30,2020,3
"11035","RS",4,"Sul",43031,"Campanha Meridional",178896,28015.484963163,14,36,10,26,12,24,1,0,0,0,0,37,10,26,12,24,31,10.2405126706889,12.0945599103871,0.474227820989914,2020-04-06,2020,4
"11036","RS",4,"Sul",43031,"Campanha Meridional",178896,28015.484963163,15,40,15,25,14,26,0,0,0,0,0,40,15,25,14,26,28,10.2405126706889,12.0945599103871,0.435600450035333,2020-04-13,2020,4
"11037","RS",4,"Sul",43031,"Campanha Meridional",178896,28015.484963163,16,47,10,37,16,31,0,0,0,0,0,47,10,37,16,31,26,10.2405126706889,12.0945599103871,0.431530195489587,2020-04-20,2020,4
"11038","RS",4,"Sul",43031,"Campanha Meridional",178896,28015.484963163,17,29,11,18,14,15,0,0,0,0,0,29,11,18,14,15,33,10.2405126706889,12.0945599103871,0.419861925611793,2020-04-27,2020,4
"11039","RS",4,"Sul",43031,"Campanha Meridional",178896,28015.484963163,18,44,13,31,19,25,0,0,0,0,0,44,13,31,19,25,30,10.2405126706889,12.0945599103871,0.385830141474096,2020-05-04,2020,5
"11040","RS",4,"Sul",43031,"Campanha Meridional",178896,28015.484963163,19,35,8,27,13,22,0,0,0,0,0,35,8,27,13,22,28,10.2405126706889,12.0945599103871,0.404227698234446,2020-05-11,2020,5
"11041","RS",4,"Sul",43031,"Campanha Meridional",178896,28015.484963163,20,44,7,37,16,28,0,0,0,0,0,44,7,37,16,28,34,10.2405126706889,12.0945599103871,0.411408408239632,2020-05-18,2020,5
"11042","RS",4,"Sul",43031,"Campanha Meridional",178896,28015.484963163,21,48,15,33,16,32,1,0,0,0,0,49,15,33,16,32,28,10.2405126706889,12.0945599103871,0.38087354670816,2020-05-25,2020,5
"11043","RS",4,"Sul",43031,"Campanha Meridional",178896,28015.484963163,22,51,13,38,25,26,0,0,0,0,0,51,13,38,25,26,33,10.2405126706889,12.0945599103871,0.388404138227192,2020-06-01,2020,6
"11044","RS",4,"Sul",43031,"Campanha Meridional",178896,28015.484963163,23,32,9,23,9,23,0,0,0,0,0,32,9,23,9,23,35,10.2405126706889,12.0945599103871,0.381545859803447,2020-06-08,2020,6
"11045","RS",4,"Sul",43031,"Campanha Meridional",178896,28015.484963163,24,46,14,32,15,31,0,0,0,0,0,46,14,32,15,31,29,10.2405126706889,12.0945599103871,0.352090721259852,2020-06-15,2020,6
"11046","RS",4,"Sul",43031,"Campanha Meridional",178896,28015.484963163,25,55,16,39,15,40,0,0,0,0,0,55,16,39,15,40,29,10.2405126706889,12.0945599103871,0.356090750478342,2020-06-22,2020,6
"11047","RS",4,"Sul",43031,"Campanha Meridional",178896,28015.484963163,26,33,8,25,11,22,2,0,0,0,0,35,8,25,11,22,28,10.2405126706889,12.0945599103871,0.363987401506351,2020-06-29,2020,6
"11048","RS",4,"Sul",43031,"Campanha Meridional",178896,28015.484963163,27,33,10,23,11,22,0,0,0,0,0,33,10,23,11,22,40,10.2405126706889,12.0945599103871,0.37872758064494,2020-07-06,2020,7
"11049","RS",4,"Sul",43031,"Campanha Meridional",178896,28015.484963163,28,44,9,35,14,30,0,0,0,0,0,44,9,35,14,30,39,10.2405126706889,12.0945599103871,0.375109137484128,2020-07-13,2020,7
"11050","RS",4,"Sul",43031,"Campanha Meridional",178896,28015.484963163,29,37,11,26,13,24,0,0,0,0,0,37,11,26,13,24,43,10.2405126706889,12.0945599103871,0.374850000758096,2020-07-20,2020,7
"11051","RS",4,"Sul",43032,"Serras de Sudeste",119160,25898.5598547331,5,22,9,13,6,16,1,0,0,0,0,23,9,13,6,16,22,10.1619426420773,11.6882224068272,0.307192392661663,2020-02-03,2020,2
"11052","RS",4,"Sul",43032,"Serras de Sudeste",119160,25898.5598547331,6,19,6,13,11,8,0,0,0,0,0,19,6,13,11,8,17,10.1619426420773,11.6882224068272,0.298660576434405,2020-02-10,2020,2
"11053","RS",4,"Sul",43032,"Serras de Sudeste",119160,25898.5598547331,7,28,11,17,8,20,0,0,0,0,0,28,11,17,8,20,17,10.1619426420773,11.6882224068272,0.302073766056697,2020-02-17,2020,2
"11054","RS",4,"Sul",43032,"Serras de Sudeste",119160,25898.5598547331,8,19,7,12,10,9,0,0,0,0,0,19,7,12,10,9,9,10.1619426420773,11.6882224068272,0.338496118448059,2020-02-24,2020,2
"11055","RS",4,"Sul",43032,"Serras de Sudeste",119160,25898.5598547331,9,15,5,10,6,9,0,0,0,0,0,15,5,10,6,9,13,10.1619426420773,11.6882224068272,0.315078342844145,2020-03-02,2020,3
"11056","RS",4,"Sul",43032,"Serras de Sudeste",119160,25898.5598547331,10,19,5,14,3,16,0,0,0,0,0,19,5,14,3,16,22,10.1619426420773,11.6882224068272,0.326898641870286,2020-03-09,2020,3
"11057","RS",4,"Sul",43032,"Serras de Sudeste",119160,25898.5598547331,11,16,5,11,6,10,0,0,0,0,0,16,5,11,6,10,27,10.1619426420773,11.6882224068272,0.402414566962198,2020-03-16,2020,3
"11058","RS",4,"Sul",43032,"Serras de Sudeste",119160,25898.5598547331,12,11,6,5,4,7,1,0,0,0,0,12,6,5,4,7,17,10.1619426420773,11.6882224068272,0.515316375786434,2020-03-23,2020,3
"11059","RS",4,"Sul",43032,"Serras de Sudeste",119160,25898.5598547331,13,21,8,13,8,13,0,0,0,0,0,21,8,13,8,13,26,10.1619426420773,11.6882224068272,0.469439603131935,2020-03-30,2020,3
"11060","RS",4,"Sul",43032,"Serras de Sudeste",119160,25898.5598547331,14,22,6,16,5,17,1,0,0,0,0,23,6,16,5,17,16,10.1619426420773,11.6882224068272,0.453615998572265,2020-04-06,2020,4
"11061","RS",4,"Sul",43032,"Serras de Sudeste",119160,25898.5598547331,15,23,9,14,8,15,0,0,0,0,0,23,9,14,8,15,17,10.1619426420773,11.6882224068272,0.426135292670597,2020-04-13,2020,4
"11062","RS",4,"Sul",43032,"Serras de Sudeste",119160,25898.5598547331,16,19,5,14,8,11,1,0,0,0,0,20,5,14,8,11,17,10.1619426420773,11.6882224068272,0.420418096098765,2020-04-20,2020,4
"11063","RS",4,"Sul",43032,"Serras de Sudeste",119160,25898.5598547331,17,17,3,14,8,9,0,0,0,0,0,17,3,14,8,9,25,10.1619426420773,11.6882224068272,0.407579337307815,2020-04-27,2020,4
"11064","RS",4,"Sul",43032,"Serras de Sudeste",119160,25898.5598547331,18,22,11,11,8,14,0,0,0,0,0,22,11,11,8,14,10,10.1619426420773,11.6882224068272,0.391181048507952,2020-05-04,2020,5
"11065","RS",4,"Sul",43032,"Serras de Sudeste",119160,25898.5598547331,19,16,5,11,9,7,0,0,0,0,0,16,5,11,9,7,21,10.1619426420773,11.6882224068272,0.412385604273498,2020-05-11,2020,5
"11066","RS",4,"Sul",43032,"Serras de Sudeste",119160,25898.5598547331,20,22,9,13,12,10,0,0,0,0,0,22,9,13,12,10,19,10.1619426420773,11.6882224068272,0.415330061220549,2020-05-18,2020,5
"11067","RS",4,"Sul",43032,"Serras de Sudeste",119160,25898.5598547331,21,20,6,14,7,13,0,0,0,0,0,20,6,14,7,13,19,10.1619426420773,11.6882224068272,0.385959801680513,2020-05-25,2020,5
"11068","RS",4,"Sul",43032,"Serras de Sudeste",119160,25898.5598547331,22,16,4,12,6,10,1,0,0,0,0,17,4,12,6,10,24,10.1619426420773,11.6882224068272,0.397046329383263,2020-06-01,2020,6
"11069","RS",4,"Sul",43032,"Serras de Sudeste",119160,25898.5598547331,23,25,6,19,8,17,0,0,0,0,0,25,6,19,8,17,30,10.1619426420773,11.6882224068272,0.400064335675616,2020-06-08,2020,6
"11070","RS",4,"Sul",43032,"Serras de Sudeste",119160,25898.5598547331,24,24,8,16,10,14,1,0,0,0,0,25,8,16,10,14,22,10.1619426420773,11.6882224068272,0.383054721062399,2020-06-15,2020,6
"11071","RS",4,"Sul",43032,"Serras de Sudeste",119160,25898.5598547331,25,11,3,8,4,7,0,0,0,0,0,11,3,8,4,7,16,10.1619426420773,11.6882224068272,0.395861063359851,2020-06-22,2020,6
"11072","RS",4,"Sul",43032,"Serras de Sudeste",119160,25898.5598547331,26,21,9,12,9,12,1,0,0,0,0,22,9,12,9,12,29,10.1619426420773,11.6882224068272,0.402567692469061,2020-06-29,2020,6
"11073","RS",4,"Sul",43032,"Serras de Sudeste",119160,25898.5598547331,27,28,7,21,11,17,1,0,0,0,0,29,7,21,11,17,30,10.1619426420773,11.6882224068272,0.394661235883836,2020-07-06,2020,7
"11074","RS",4,"Sul",43032,"Serras de Sudeste",119160,25898.5598547331,28,30,8,22,12,18,1,0,0,0,0,31,8,22,12,18,28,10.1619426420773,11.6882224068272,0.398841968225384,2020-07-13,2020,7
"11075","RS",4,"Sul",43032,"Serras de Sudeste",119160,25898.5598547331,29,20,4,16,8,12,0,0,0,0,0,20,4,16,8,12,25,10.1619426420773,11.6882224068272,0.399457718187252,2020-07-20,2020,7
"11076","RS",4,"Sul",43033,"Pelotas",503075,24312.8151073299,5,96,33,63,27,69,0,0,0,0,0,96,33,63,27,69,83,10.0987588609896,13.1284945433346,0.300902917681113,2020-02-03,2020,2
"11077","RS",4,"Sul",43033,"Pelotas",503075,24312.8151073299,6,88,22,66,25,63,0,0,0,0,0,88,22,66,25,63,69,10.0987588609896,13.1284945433346,0.304339766881018,2020-02-10,2020,2
"11078","RS",4,"Sul",43033,"Pelotas",503075,24312.8151073299,7,105,29,76,35,70,0,0,0,0,0,105,29,76,35,70,69,10.0987588609896,13.1284945433346,0.315082089150161,2020-02-17,2020,2
"11079","RS",4,"Sul",43033,"Pelotas",503075,24312.8151073299,8,77,26,51,25,52,0,0,0,0,0,77,26,51,25,52,64,10.0987588609896,13.1284945433346,0.352261876770831,2020-02-24,2020,2
"11080","RS",4,"Sul",43033,"Pelotas",503075,24312.8151073299,9,94,37,57,26,68,0,0,0,0,0,94,37,57,26,68,76,10.0987588609896,13.1284945433346,0.327450639000193,2020-03-02,2020,3
"11081","RS",4,"Sul",43033,"Pelotas",503075,24312.8151073299,10,99,37,62,31,68,1,0,0,0,0,100,37,62,31,68,74,10.0987588609896,13.1284945433346,0.330689222916467,2020-03-09,2020,3
"11082","RS",4,"Sul",43033,"Pelotas",503075,24312.8151073299,11,89,31,58,24,65,0,0,0,0,0,89,31,58,24,65,84,10.0987588609896,13.1284945433346,0.460938263851271,2020-03-16,2020,3
"11083","RS",4,"Sul",43033,"Pelotas",503075,24312.8151073299,12,78,29,49,27,51,1,0,0,0,0,79,29,49,27,51,69,10.0987588609896,13.1284945433346,0.600499671299126,2020-03-23,2020,3
"11084","RS",4,"Sul",43033,"Pelotas",503075,24312.8151073299,13,95,42,53,35,60,0,0,0,0,0,95,42,53,35,60,72,10.0987588609896,13.1284945433346,0.548969237933663,2020-03-30,2020,3
"11085","RS",4,"Sul",43033,"Pelotas",503075,24312.8151073299,14,93,36,57,37,56,0,0,0,0,0,93,36,57,37,56,75,10.0987588609896,13.1284945433346,0.527741098676101,2020-04-06,2020,4
"11086","RS",4,"Sul",43033,"Pelotas",503075,24312.8151073299,15,89,28,61,21,68,1,0,0,0,0,90,28,61,21,68,80,10.0987588609896,13.1284945433346,0.498506716684113,2020-04-13,2020,4
"11087","RS",4,"Sul",43033,"Pelotas",503075,24312.8151073299,16,102,28,74,25,77,0,0,0,0,0,102,28,74,25,77,82,10.0987588609896,13.1284945433346,0.495171417020271,2020-04-20,2020,4
"11088","RS",4,"Sul",43033,"Pelotas",503075,24312.8151073299,17,89,26,63,31,58,0,0,0,0,0,89,26,63,31,58,61,10.0987588609896,13.1284945433346,0.478702833962686,2020-04-27,2020,4
"11089","RS",4,"Sul",43033,"Pelotas",503075,24312.8151073299,18,93,31,62,33,60,1,0,0,0,0,94,31,62,33,60,71,10.0987588609896,13.1284945433346,0.436335329864387,2020-05-04,2020,5
"11090","RS",4,"Sul",43033,"Pelotas",503075,24312.8151073299,19,94,30,64,34,60,0,0,0,0,0,94,30,64,34,60,96,10.0987588609896,13.1284945433346,0.45898987026721,2020-05-11,2020,5
"11091","RS",4,"Sul",43033,"Pelotas",503075,24312.8151073299,20,120,48,72,38,82,0,0,0,0,0,120,48,72,38,82,97,10.0987588609896,13.1284945433346,0.468285156302662,2020-05-18,2020,5
"11092","RS",4,"Sul",43033,"Pelotas",503075,24312.8151073299,21,130,41,89,48,82,1,0,0,0,0,131,41,89,48,82,88,10.0987588609896,13.1284945433346,0.438738374905958,2020-05-25,2020,5
"11093","RS",4,"Sul",43033,"Pelotas",503075,24312.8151073299,22,117,44,73,40,77,0,0,0,0,0,117,44,73,40,77,92,10.0987588609896,13.1284945433346,0.437091839745092,2020-06-01,2020,6
"11094","RS",4,"Sul",43033,"Pelotas",503075,24312.8151073299,23,96,32,64,26,70,0,0,0,0,0,96,32,64,26,70,80,10.0987588609896,13.1284945433346,0.441856471973099,2020-06-08,2020,6
"11095","RS",4,"Sul",43033,"Pelotas",503075,24312.8151073299,24,102,31,71,35,67,1,0,0,0,0,103,31,71,35,67,97,10.0987588609896,13.1284945433346,0.413143023311701,2020-06-15,2020,6
"11096","RS",4,"Sul",43033,"Pelotas",503075,24312.8151073299,25,97,28,69,30,67,2,0,0,0,0,99,28,69,30,67,91,10.0987588609896,13.1284945433346,0.428636363701136,2020-06-22,2020,6
"11097","RS",4,"Sul",43033,"Pelotas",503075,24312.8151073299,26,82,32,50,28,54,0,0,0,0,0,82,32,50,28,54,115,10.0987588609896,13.1284945433346,0.435958742856073,2020-06-29,2020,6
"11098","RS",4,"Sul",43033,"Pelotas",503075,24312.8151073299,27,102,33,69,39,63,1,0,0,0,0,103,33,69,39,63,111,10.0987588609896,13.1284945433346,0.459740855650987,2020-07-06,2020,7
"11099","RS",4,"Sul",43033,"Pelotas",503075,24312.8151073299,28,89,28,61,34,55,1,0,0,0,0,90,28,61,34,55,117,10.0987588609896,13.1284945433346,0.449137959011614,2020-07-13,2020,7
"11100","RS",4,"Sul",43033,"Pelotas",503075,24312.8151073299,29,105,36,69,29,76,0,0,0,0,0,105,36,69,29,76,102,10.0987588609896,13.1284945433346,0.432129328762236,2020-07-20,2020,7
"11101","RS",4,"Sul",43034,"Jaguarão",51552,25898.3695332868,5,12,4,8,6,6,0,0,0,0,0,12,4,8,6,6,8,10.1619352933233,10.8503462859767,0.303946568416123,2020-02-03,2020,2
"11102","RS",4,"Sul",43034,"Jaguarão",51552,25898.3695332868,6,9,3,6,2,7,0,0,0,0,0,9,3,6,2,7,4,10.1619352933233,10.8503462859767,0.320577281162097,2020-02-10,2020,2
"11103","RS",4,"Sul",43034,"Jaguarão",51552,25898.3695332868,7,7,0,7,4,3,0,0,0,0,0,7,0,7,4,3,9,10.1619352933233,10.8503462859767,0.307006159178622,2020-02-17,2020,2
"11104","RS",4,"Sul",43034,"Jaguarão",51552,25898.3695332868,8,6,1,5,2,4,0,0,0,0,0,6,1,5,2,4,7,10.1619352933233,10.8503462859767,0.336559553467758,2020-02-24,2020,2
"11105","RS",4,"Sul",43034,"Jaguarão",51552,25898.3695332868,9,8,2,6,3,5,0,0,0,0,0,8,2,6,3,5,10,10.1619352933233,10.8503462859767,0.363837720126104,2020-03-02,2020,3
"11106","RS",4,"Sul",43034,"Jaguarão",51552,25898.3695332868,10,9,2,7,5,4,0,0,0,0,0,9,2,7,5,4,10,10.1619352933233,10.8503462859767,0.360805113432947,2020-03-09,2020,3
"11107","RS",4,"Sul",43034,"Jaguarão",51552,25898.3695332868,11,12,6,6,3,9,0,0,0,0,0,12,6,6,3,9,6,10.1619352933233,10.8503462859767,0.437514845952377,2020-03-16,2020,3
"11108","RS",4,"Sul",43034,"Jaguarão",51552,25898.3695332868,12,6,1,5,4,2,0,0,0,0,0,6,1,5,4,2,13,10.1619352933233,10.8503462859767,0.521161922315175,2020-03-23,2020,3
"11109","RS",4,"Sul",43034,"Jaguarão",51552,25898.3695332868,13,12,4,8,3,9,1,0,0,0,0,13,4,8,3,9,6,10.1619352933233,10.8503462859767,0.489643888156325,2020-03-30,2020,3
"11110","RS",4,"Sul",43034,"Jaguarão",51552,25898.3695332868,14,8,6,2,5,3,0,0,0,0,0,8,6,2,5,3,5,10.1619352933233,10.8503462859767,0.478583889584695,2020-04-06,2020,4
"11111","RS",4,"Sul",43034,"Jaguarão",51552,25898.3695332868,15,12,5,7,2,10,0,0,0,0,0,12,5,7,2,10,11,10.1619352933233,10.8503462859767,0.460755589320388,2020-04-13,2020,4
"11112","RS",4,"Sul",43034,"Jaguarão",51552,25898.3695332868,16,6,0,6,3,3,0,0,0,0,0,6,0,6,3,3,14,10.1619352933233,10.8503462859767,0.459658017337795,2020-04-20,2020,4
"11113","RS",4,"Sul",43034,"Jaguarão",51552,25898.3695332868,17,14,4,10,9,5,0,0,0,0,0,14,4,10,9,5,6,10.1619352933233,10.8503462859767,0.457916115778002,2020-04-27,2020,4
"11114","RS",4,"Sul",43034,"Jaguarão",51552,25898.3695332868,18,12,4,8,5,7,0,0,0,0,0,12,4,8,5,7,8,10.1619352933233,10.8503462859767,0.422258612400855,2020-05-04,2020,5
"11115","RS",4,"Sul",43034,"Jaguarão",51552,25898.3695332868,19,12,1,11,4,8,0,0,0,0,0,12,1,11,4,8,7,10.1619352933233,10.8503462859767,0.441227602003617,2020-05-11,2020,5
"11116","RS",4,"Sul",43034,"Jaguarão",51552,25898.3695332868,20,7,3,4,4,3,0,0,0,0,0,7,3,4,4,3,7,10.1619352933233,10.8503462859767,0.46941948910945,2020-05-18,2020,5
"11117","RS",4,"Sul",43034,"Jaguarão",51552,25898.3695332868,21,11,4,7,2,9,0,0,0,0,0,11,4,7,2,9,12,10.1619352933233,10.8503462859767,0.407189495975461,2020-05-25,2020,5
"11118","RS",4,"Sul",43034,"Jaguarão",51552,25898.3695332868,22,11,5,6,7,4,0,0,0,0,0,11,5,6,7,4,12,10.1619352933233,10.8503462859767,0.406283739323318,2020-06-01,2020,6
"11119","RS",4,"Sul",43034,"Jaguarão",51552,25898.3695332868,23,15,3,12,4,11,0,0,0,0,0,15,3,12,4,11,17,10.1619352933233,10.8503462859767,0.427634874001751,2020-06-08,2020,6
"11120","RS",4,"Sul",43034,"Jaguarão",51552,25898.3695332868,24,8,1,7,1,7,0,0,0,0,0,8,1,7,1,7,8,10.1619352933233,10.8503462859767,0.416859701987313,2020-06-15,2020,6
"11121","RS",4,"Sul",43034,"Jaguarão",51552,25898.3695332868,25,11,6,5,6,5,0,0,0,0,0,11,6,5,6,5,13,10.1619352933233,10.8503462859767,0.402308488791261,2020-06-22,2020,6
"11122","RS",4,"Sul",43034,"Jaguarão",51552,25898.3695332868,26,13,4,9,3,10,0,0,0,0,0,13,4,9,3,10,7,10.1619352933233,10.8503462859767,0.423521344487968,2020-06-29,2020,6
"11123","RS",4,"Sul",43034,"Jaguarão",51552,25898.3695332868,27,6,2,4,2,4,0,0,0,0,0,6,2,4,2,4,9,10.1619352933233,10.8503462859767,0.422623834690476,2020-07-06,2020,7
"11124","RS",4,"Sul",43034,"Jaguarão",51552,25898.3695332868,28,10,2,8,2,8,0,0,0,0,0,10,2,8,2,8,14,10.1619352933233,10.8503462859767,0.432845431622587,2020-07-13,2020,7
"11125","RS",4,"Sul",43034,"Jaguarão",51552,25898.3695332868,29,16,3,13,6,10,0,0,0,0,0,16,3,13,6,10,14,10.1619352933233,10.8503462859767,0.435900637349854,2020-07-20,2020,7
"11126","RS",4,"Sul",43035,"Litoral Lagunar",275939,48889.2418186266,5,47,8,39,17,30,1,0,0,0,0,48,8,39,17,30,67,10.7973126475495,12.5279351057792,0.313051335584704,2020-02-03,2020,2
"11127","RS",4,"Sul",43035,"Litoral Lagunar",275939,48889.2418186266,6,62,22,40,21,41,1,0,0,0,0,63,22,40,21,41,41,10.7973126475495,12.5279351057792,0.325185614252717,2020-02-10,2020,2
"11128","RS",4,"Sul",43035,"Litoral Lagunar",275939,48889.2418186266,7,57,18,39,22,35,0,0,0,0,0,57,18,39,22,35,56,10.7973126475495,12.5279351057792,0.330413084352383,2020-02-17,2020,2
"11129","RS",4,"Sul",43035,"Litoral Lagunar",275939,48889.2418186266,8,55,17,38,16,39,0,0,0,0,0,55,17,38,16,39,40,10.7973126475495,12.5279351057792,0.358204861678248,2020-02-24,2020,2
"11130","RS",4,"Sul",43035,"Litoral Lagunar",275939,48889.2418186266,9,52,16,36,20,32,1,0,0,0,0,53,16,36,20,32,52,10.7973126475495,12.5279351057792,0.345962728831474,2020-03-02,2020,3
"11131","RS",4,"Sul",43035,"Litoral Lagunar",275939,48889.2418186266,10,48,19,29,19,29,2,0,0,0,0,50,19,29,19,29,50,10.7973126475495,12.5279351057792,0.346798328463286,2020-03-09,2020,3
"11132","RS",4,"Sul",43035,"Litoral Lagunar",275939,48889.2418186266,11,40,12,28,15,25,0,0,0,0,0,40,12,28,15,25,30,10.7973126475495,12.5279351057792,0.473837116247888,2020-03-16,2020,3
"11133","RS",4,"Sul",43035,"Litoral Lagunar",275939,48889.2418186266,12,45,15,30,19,26,0,0,0,0,0,45,15,30,19,26,33,10.7973126475495,12.5279351057792,0.588818544676911,2020-03-23,2020,3
"11134","RS",4,"Sul",43035,"Litoral Lagunar",275939,48889.2418186266,13,63,23,40,21,42,0,0,0,0,0,63,23,40,21,42,37,10.7973126475495,12.5279351057792,0.550098335810709,2020-03-30,2020,3
"11135","RS",4,"Sul",43035,"Litoral Lagunar",275939,48889.2418186266,14,56,17,39,27,29,0,0,0,0,0,56,17,39,27,29,44,10.7973126475495,12.5279351057792,0.521403096719247,2020-04-06,2020,4
"11136","RS",4,"Sul",43035,"Litoral Lagunar",275939,48889.2418186266,15,47,19,28,19,28,0,0,0,0,0,47,19,28,19,28,30,10.7973126475495,12.5279351057792,0.512552807182466,2020-04-13,2020,4
"11137","RS",4,"Sul",43035,"Litoral Lagunar",275939,48889.2418186266,16,66,20,46,30,36,1,0,0,0,0,67,20,46,30,36,41,10.7973126475495,12.5279351057792,0.504219586856306,2020-04-20,2020,4
"11138","RS",4,"Sul",43035,"Litoral Lagunar",275939,48889.2418186266,17,72,26,46,29,43,1,0,0,0,0,73,26,46,29,43,46,10.7973126475495,12.5279351057792,0.497479332874784,2020-04-27,2020,4
"11139","RS",4,"Sul",43035,"Litoral Lagunar",275939,48889.2418186266,18,62,25,37,27,35,0,0,0,0,0,62,25,37,27,35,47,10.7973126475495,12.5279351057792,0.453242367783959,2020-05-04,2020,5
"11140","RS",4,"Sul",43035,"Litoral Lagunar",275939,48889.2418186266,19,70,25,45,27,43,1,0,0,0,0,71,25,45,27,43,41,10.7973126475495,12.5279351057792,0.469810274588646,2020-05-11,2020,5
"11141","RS",4,"Sul",43035,"Litoral Lagunar",275939,48889.2418186266,20,73,23,50,26,47,0,0,0,0,0,73,23,50,26,47,46,10.7973126475495,12.5279351057792,0.484351084838209,2020-05-18,2020,5
"11142","RS",4,"Sul",43035,"Litoral Lagunar",275939,48889.2418186266,21,62,19,43,25,37,0,0,0,0,0,62,19,43,25,37,37,10.7973126475495,12.5279351057792,0.455659454121289,2020-05-25,2020,5
"11143","RS",4,"Sul",43035,"Litoral Lagunar",275939,48889.2418186266,22,57,19,38,27,30,0,0,0,0,0,57,19,38,27,30,51,10.7973126475495,12.5279351057792,0.450024901362729,2020-06-01,2020,6
"11144","RS",4,"Sul",43035,"Litoral Lagunar",275939,48889.2418186266,23,60,20,40,20,40,0,0,0,0,0,60,20,40,20,40,40,10.7973126475495,12.5279351057792,0.448628637441241,2020-06-08,2020,6
"11145","RS",4,"Sul",43035,"Litoral Lagunar",275939,48889.2418186266,24,52,9,43,16,36,1,0,0,0,0,53,9,43,16,36,45,10.7973126475495,12.5279351057792,0.439940062472183,2020-06-15,2020,6
"11146","RS",4,"Sul",43035,"Litoral Lagunar",275939,48889.2418186266,25,58,24,34,25,33,0,0,0,0,0,58,24,34,25,33,42,10.7973126475495,12.5279351057792,0.439230137985266,2020-06-22,2020,6
"11147","RS",4,"Sul",43035,"Litoral Lagunar",275939,48889.2418186266,26,67,18,49,25,42,0,0,0,0,0,67,18,49,25,42,60,10.7973126475495,12.5279351057792,0.473508159330939,2020-06-29,2020,6
"11148","RS",4,"Sul",43035,"Litoral Lagunar",275939,48889.2418186266,27,63,25,38,29,34,0,0,0,0,0,63,25,38,29,34,82,10.7973126475495,12.5279351057792,0.487026050887918,2020-07-06,2020,7
"11149","RS",4,"Sul",43035,"Litoral Lagunar",275939,48889.2418186266,28,50,13,37,14,36,1,0,0,0,0,51,13,37,14,36,81,10.7973126475495,12.5279351057792,0.46835163247774,2020-07-13,2020,7
"11150","RS",4,"Sul",43035,"Litoral Lagunar",275939,48889.2418186266,29,43,14,29,17,26,1,0,0,0,0,44,14,29,17,26,80,10.7973126475495,12.5279351057792,0.461482452382885,2020-07-20,2020,7
"11151","SC",4,"Sul",42001,"São Miguel do Oeste",180176,33629.5928476046,5,43,14,29,9,34,0,0,0,0,0,43,14,29,9,34,22,10.4231616978399,12.1016894299368,0.32938664326036,2020-02-03,2020,2
"11152","SC",4,"Sul",42001,"São Miguel do Oeste",180176,33629.5928476046,6,41,7,34,8,33,1,0,0,0,0,42,7,34,8,33,12,10.4231616978399,12.1016894299368,0.310325086755492,2020-02-10,2020,2
"11153","SC",4,"Sul",42001,"São Miguel do Oeste",180176,33629.5928476046,7,34,9,25,8,26,0,0,0,0,0,34,9,25,8,26,21,10.4231616978399,12.1016894299368,0.328531681978911,2020-02-17,2020,2
"11154","SC",4,"Sul",42001,"São Miguel do Oeste",180176,33629.5928476046,8,36,5,31,10,26,0,0,0,0,0,36,5,31,10,26,20,10.4231616978399,12.1016894299368,0.348324958551759,2020-02-24,2020,2
"11155","SC",4,"Sul",42001,"São Miguel do Oeste",180176,33629.5928476046,9,42,7,35,13,29,0,0,0,0,0,42,7,35,13,29,23,10.4231616978399,12.1016894299368,0.329504908645073,2020-03-02,2020,3
"11156","SC",4,"Sul",42001,"São Miguel do Oeste",180176,33629.5928476046,10,42,4,38,10,32,3,0,0,0,0,45,4,38,10,32,30,10.4231616978399,12.1016894299368,0.340375841678549,2020-03-09,2020,3
"11157","SC",4,"Sul",42001,"São Miguel do Oeste",180176,33629.5928476046,11,33,5,28,8,25,0,0,0,0,0,33,5,28,8,25,26,10.4231616978399,12.1016894299368,0.470860463205056,2020-03-16,2020,3
"11158","SC",4,"Sul",42001,"São Miguel do Oeste",180176,33629.5928476046,12,34,8,26,8,26,0,0,0,0,0,34,8,26,8,26,17,10.4231616978399,12.1016894299368,0.575669435810007,2020-03-23,2020,3
"11159","SC",4,"Sul",42001,"São Miguel do Oeste",180176,33629.5928476046,13,45,8,37,13,32,1,0,0,0,0,46,8,37,13,32,18,10.4231616978399,12.1016894299368,0.495676220561398,2020-03-30,2020,3
"11160","SC",4,"Sul",42001,"São Miguel do Oeste",180176,33629.5928476046,14,51,13,38,15,36,1,0,0,0,0,52,13,38,15,36,16,10.4231616978399,12.1016894299368,0.45347129198973,2020-04-06,2020,4
"11161","SC",4,"Sul",42001,"São Miguel do Oeste",180176,33629.5928476046,15,46,8,38,12,34,0,0,0,0,0,46,8,38,12,34,21,10.4231616978399,12.1016894299368,0.403986969725382,2020-04-13,2020,4
"11162","SC",4,"Sul",42001,"São Miguel do Oeste",180176,33629.5928476046,16,47,13,34,16,31,1,0,0,0,0,48,13,34,16,31,22,10.4231616978399,12.1016894299368,0.423865871688809,2020-04-20,2020,4
"11163","SC",4,"Sul",42001,"São Miguel do Oeste",180176,33629.5928476046,17,39,7,32,10,29,1,0,0,0,0,40,7,32,10,29,23,10.4231616978399,12.1016894299368,0.413843045692854,2020-04-27,2020,4
"11164","SC",4,"Sul",42001,"São Miguel do Oeste",180176,33629.5928476046,18,45,7,38,14,31,0,0,0,0,0,45,7,38,14,31,21,10.4231616978399,12.1016894299368,0.401869048398249,2020-05-04,2020,5
"11165","SC",4,"Sul",42001,"São Miguel do Oeste",180176,33629.5928476046,19,45,12,33,17,28,0,0,0,0,0,45,12,33,17,28,19,10.4231616978399,12.1016894299368,0.399379925191657,2020-05-11,2020,5
"11166","SC",4,"Sul",42001,"São Miguel do Oeste",180176,33629.5928476046,20,40,11,29,16,24,0,0,0,0,0,40,11,29,16,24,20,10.4231616978399,12.1016894299368,0.426009144836748,2020-05-18,2020,5
"11167","SC",4,"Sul",42001,"São Miguel do Oeste",180176,33629.5928476046,21,50,11,39,18,32,1,0,0,0,0,51,11,39,18,32,22,10.4231616978399,12.1016894299368,0.403546357314081,2020-05-25,2020,5
"11168","SC",4,"Sul",42001,"São Miguel do Oeste",180176,33629.5928476046,22,43,9,34,10,33,1,0,0,0,0,44,9,34,10,33,14,10.4231616978399,12.1016894299368,0.417299452390953,2020-06-01,2020,6
"11169","SC",4,"Sul",42001,"São Miguel do Oeste",180176,33629.5928476046,23,46,9,37,15,31,0,0,0,0,0,46,9,37,15,31,26,10.4231616978399,12.1016894299368,0.418042654437475,2020-06-08,2020,6
"11170","SC",4,"Sul",42001,"São Miguel do Oeste",180176,33629.5928476046,24,34,6,28,9,25,3,0,0,0,0,37,6,28,9,25,23,10.4231616978399,12.1016894299368,0.38652174705283,2020-06-15,2020,6
"11171","SC",4,"Sul",42001,"São Miguel do Oeste",180176,33629.5928476046,25,39,10,29,11,28,1,0,0,0,0,40,10,29,11,28,23,10.4231616978399,12.1016894299368,0.401164496088421,2020-06-22,2020,6
"11172","SC",4,"Sul",42001,"São Miguel do Oeste",180176,33629.5928476046,26,42,6,36,10,32,0,0,0,0,0,42,6,36,10,32,30,10.4231616978399,12.1016894299368,0.418840776888039,2020-06-29,2020,6
"11173","SC",4,"Sul",42001,"São Miguel do Oeste",180176,33629.5928476046,27,47,16,31,18,29,0,0,0,0,0,47,16,31,18,29,13,10.4231616978399,12.1016894299368,0.405254856496413,2020-07-06,2020,7
"11174","SC",4,"Sul",42001,"São Miguel do Oeste",180176,33629.5928476046,28,35,10,25,12,23,0,0,0,0,0,35,10,25,12,23,18,10.4231616978399,12.1016894299368,0.386559331414462,2020-07-13,2020,7
"11175","SC",4,"Sul",42001,"São Miguel do Oeste",180176,33629.5928476046,29,46,8,38,12,34,0,0,0,0,0,46,8,38,12,34,28,10.4231616978399,12.1016894299368,0.394747468222224,2020-07-20,2020,7
"11176","SC",4,"Sul",42002,"Chapecó",455210,40992.4545583138,5,139,31,108,41,98,2,0,0,0,0,141,31,108,41,98,41,10.6211432935868,13.0285141299185,0.304251316839002,2020-02-03,2020,2
"11177","SC",4,"Sul",42002,"Chapecó",455210,40992.4545583138,6,107,26,81,34,73,6,0,0,0,0,113,26,81,34,73,38,10.6211432935868,13.0285141299185,0.3025414142963,2020-02-10,2020,2
"11178","SC",4,"Sul",42002,"Chapecó",455210,40992.4545583138,7,117,35,82,41,76,2,0,0,0,0,119,35,82,41,76,33,10.6211432935868,13.0285141299185,0.304513692354751,2020-02-17,2020,2
"11179","SC",4,"Sul",42002,"Chapecó",455210,40992.4545583138,8,120,39,81,38,82,1,0,0,0,0,121,39,81,38,82,47,10.6211432935868,13.0285141299185,0.343879679921995,2020-02-24,2020,2
"11180","SC",4,"Sul",42002,"Chapecó",455210,40992.4545583138,9,139,34,105,49,90,2,0,0,0,0,141,34,105,49,90,50,10.6211432935868,13.0285141299185,0.322163876695114,2020-03-02,2020,3
"11181","SC",4,"Sul",42002,"Chapecó",455210,40992.4545583138,10,115,23,92,35,80,0,0,0,0,0,115,23,92,35,80,49,10.6211432935868,13.0285141299185,0.329697137960549,2020-03-09,2020,3
"11182","SC",4,"Sul",42002,"Chapecó",455210,40992.4545583138,11,117,25,92,31,86,1,0,0,0,0,118,25,92,31,86,57,10.6211432935868,13.0285141299185,0.479528711526571,2020-03-16,2020,3
"11183","SC",4,"Sul",42002,"Chapecó",455210,40992.4545583138,12,122,40,82,37,85,0,0,0,0,0,122,40,82,37,85,35,10.6211432935868,13.0285141299185,0.587358046693234,2020-03-23,2020,3
"11184","SC",4,"Sul",42002,"Chapecó",455210,40992.4545583138,13,107,22,85,34,73,2,0,0,0,0,109,22,85,34,73,38,10.6211432935868,13.0285141299185,0.498425414269274,2020-03-30,2020,3
"11185","SC",4,"Sul",42002,"Chapecó",455210,40992.4545583138,14,133,27,106,46,87,2,0,0,0,0,135,27,106,46,87,43,10.6211432935868,13.0285141299185,0.460047661321474,2020-04-06,2020,4
"11186","SC",4,"Sul",42002,"Chapecó",455210,40992.4545583138,15,117,23,94,31,86,0,0,0,0,0,117,23,94,31,86,35,10.6211432935868,13.0285141299185,0.417027222577406,2020-04-13,2020,4
"11187","SC",4,"Sul",42002,"Chapecó",455210,40992.4545583138,16,130,30,100,41,89,1,0,0,0,0,131,30,100,41,89,42,10.6211432935868,13.0285141299185,0.419286014132511,2020-04-20,2020,4
"11188","SC",4,"Sul",42002,"Chapecó",455210,40992.4545583138,17,142,41,101,46,96,3,0,0,0,0,145,41,101,46,96,44,10.6211432935868,13.0285141299185,0.431138858351912,2020-04-27,2020,4
"11189","SC",4,"Sul",42002,"Chapecó",455210,40992.4545583138,18,138,29,109,41,97,0,0,0,0,0,138,29,109,41,97,48,10.6211432935868,13.0285141299185,0.406607539660141,2020-05-04,2020,5
"11190","SC",4,"Sul",42002,"Chapecó",455210,40992.4545583138,19,127,26,101,36,91,1,0,0,0,0,128,26,101,36,91,47,10.6211432935868,13.0285141299185,0.415451923685165,2020-05-11,2020,5
"11191","SC",4,"Sul",42002,"Chapecó",455210,40992.4545583138,20,171,43,128,61,110,1,0,0,0,0,172,43,128,61,110,47,10.6211432935868,13.0285141299185,0.422450416406545,2020-05-18,2020,5
"11192","SC",4,"Sul",42002,"Chapecó",455210,40992.4545583138,21,152,33,119,50,102,1,0,0,0,0,153,33,119,50,102,50,10.6211432935868,13.0285141299185,0.404924543034801,2020-05-25,2020,5
"11193","SC",4,"Sul",42002,"Chapecó",455210,40992.4545583138,22,154,23,131,32,122,2,0,0,0,0,156,23,131,32,122,53,10.6211432935868,13.0285141299185,0.413187154761072,2020-06-01,2020,6
"11194","SC",4,"Sul",42002,"Chapecó",455210,40992.4545583138,23,128,21,107,42,86,2,0,0,0,0,130,21,107,42,86,49,10.6211432935868,13.0285141299185,0.416733612399061,2020-06-08,2020,6
"11195","SC",4,"Sul",42002,"Chapecó",455210,40992.4545583138,24,164,31,133,46,118,1,0,0,0,0,165,31,133,46,118,47,10.6211432935868,13.0285141299185,0.380237003039644,2020-06-15,2020,6
"11196","SC",4,"Sul",42002,"Chapecó",455210,40992.4545583138,25,158,33,125,52,106,0,0,0,0,0,158,33,125,52,106,40,10.6211432935868,13.0285141299185,0.397061436064285,2020-06-22,2020,6
"11197","SC",4,"Sul",42002,"Chapecó",455210,40992.4545583138,26,122,23,99,40,82,0,0,0,0,0,122,23,99,40,82,54,10.6211432935868,13.0285141299185,0.400063222972856,2020-06-29,2020,6
"11198","SC",4,"Sul",42002,"Chapecó",455210,40992.4545583138,27,151,30,121,39,112,1,0,0,0,0,152,30,121,39,112,46,10.6211432935868,13.0285141299185,0.389799715025378,2020-07-06,2020,7
"11199","SC",4,"Sul",42002,"Chapecó",455210,40992.4545583138,28,131,20,111,42,89,0,0,0,0,0,131,20,111,42,89,54,10.6211432935868,13.0285141299185,0.376035283995428,2020-07-13,2020,7
"11200","SC",4,"Sul",42002,"Chapecó",455210,40992.4545583138,29,136,33,103,55,81,0,0,0,0,0,136,33,103,55,81,53,10.6211432935868,13.0285141299185,0.389111123918678,2020-07-20,2020,7
"11201","SC",4,"Sul",42003,"Xanxerê",164649,32910.7426071826,5,44,7,37,14,30,0,0,0,0,0,44,7,37,14,30,21,10.4015544064711,12.0115712142968,0.302989303862025,2020-02-03,2020,2
"11202","SC",4,"Sul",42003,"Xanxerê",164649,32910.7426071826,6,50,23,27,24,26,0,0,0,0,0,50,23,27,24,26,28,10.4015544064711,12.0115712142968,0.29266047988809,2020-02-10,2020,2
"11203","SC",4,"Sul",42003,"Xanxerê",164649,32910.7426071826,7,45,11,34,19,26,0,0,0,0,0,45,11,34,19,26,17,10.4015544064711,12.0115712142968,0.307527746328807,2020-02-17,2020,2
"11204","SC",4,"Sul",42003,"Xanxerê",164649,32910.7426071826,8,36,9,27,17,19,0,0,0,0,0,36,9,27,17,19,18,10.4015544064711,12.0115712142968,0.337754812121097,2020-02-24,2020,2
"11205","SC",4,"Sul",42003,"Xanxerê",164649,32910.7426071826,9,45,8,37,18,27,1,0,0,0,0,46,8,37,18,27,29,10.4015544064711,12.0115712142968,0.314357757371494,2020-03-02,2020,3
"11206","SC",4,"Sul",42003,"Xanxerê",164649,32910.7426071826,10,54,17,37,18,36,0,0,0,0,0,54,17,37,18,36,12,10.4015544064711,12.0115712142968,0.327920750123363,2020-03-09,2020,3
"11207","SC",4,"Sul",42003,"Xanxerê",164649,32910.7426071826,11,37,11,26,15,22,0,0,0,0,0,37,11,26,15,22,14,10.4015544064711,12.0115712142968,0.461430184008617,2020-03-16,2020,3
"11208","SC",4,"Sul",42003,"Xanxerê",164649,32910.7426071826,12,47,12,35,18,29,1,0,0,0,0,48,12,35,18,29,17,10.4015544064711,12.0115712142968,0.523407312497203,2020-03-23,2020,3
"11209","SC",4,"Sul",42003,"Xanxerê",164649,32910.7426071826,13,53,14,39,18,35,1,0,0,0,0,54,14,39,18,35,17,10.4015544064711,12.0115712142968,0.44240903228678,2020-03-30,2020,3
"11210","SC",4,"Sul",42003,"Xanxerê",164649,32910.7426071826,14,32,7,25,11,21,1,0,0,0,0,33,7,25,11,21,20,10.4015544064711,12.0115712142968,0.42556774097319,2020-04-06,2020,4
"11211","SC",4,"Sul",42003,"Xanxerê",164649,32910.7426071826,15,51,10,41,21,30,0,0,0,0,0,51,10,41,21,30,11,10.4015544064711,12.0115712142968,0.388089243320925,2020-04-13,2020,4
"11212","SC",4,"Sul",42003,"Xanxerê",164649,32910.7426071826,16,48,12,36,9,39,1,0,0,0,0,49,12,36,9,39,22,10.4015544064711,12.0115712142968,0.405018450142806,2020-04-20,2020,4
"11213","SC",4,"Sul",42003,"Xanxerê",164649,32910.7426071826,17,54,17,37,21,33,1,0,0,0,0,55,17,37,21,33,17,10.4015544064711,12.0115712142968,0.405610451672729,2020-04-27,2020,4
"11214","SC",4,"Sul",42003,"Xanxerê",164649,32910.7426071826,18,45,9,36,13,32,2,0,0,0,0,47,9,36,13,32,18,10.4015544064711,12.0115712142968,0.386656405540957,2020-05-04,2020,5
"11215","SC",4,"Sul",42003,"Xanxerê",164649,32910.7426071826,19,54,12,42,17,37,0,0,0,0,0,54,12,42,17,37,15,10.4015544064711,12.0115712142968,0.393747773185513,2020-05-11,2020,5
"11216","SC",4,"Sul",42003,"Xanxerê",164649,32910.7426071826,20,41,14,27,12,29,1,0,0,0,0,42,14,27,12,29,19,10.4015544064711,12.0115712142968,0.401317476605392,2020-05-18,2020,5
"11217","SC",4,"Sul",42003,"Xanxerê",164649,32910.7426071826,21,57,25,32,19,38,0,0,0,0,0,57,25,32,19,38,22,10.4015544064711,12.0115712142968,0.39091238228523,2020-05-25,2020,5
"11218","SC",4,"Sul",42003,"Xanxerê",164649,32910.7426071826,22,46,11,35,20,26,0,0,0,0,0,46,11,35,20,26,24,10.4015544064711,12.0115712142968,0.404376942460487,2020-06-01,2020,6
"11219","SC",4,"Sul",42003,"Xanxerê",164649,32910.7426071826,23,48,13,35,20,28,0,0,0,0,0,48,13,35,20,28,23,10.4015544064711,12.0115712142968,0.411985266994281,2020-06-08,2020,6
"11220","SC",4,"Sul",42003,"Xanxerê",164649,32910.7426071826,24,46,13,33,18,28,2,0,0,0,0,48,13,33,18,28,24,10.4015544064711,12.0115712142968,0.372270661539082,2020-06-15,2020,6
"11221","SC",4,"Sul",42003,"Xanxerê",164649,32910.7426071826,25,48,13,35,19,29,1,0,0,0,0,49,13,35,19,29,20,10.4015544064711,12.0115712142968,0.378801491919023,2020-06-22,2020,6
"11222","SC",4,"Sul",42003,"Xanxerê",164649,32910.7426071826,26,47,12,35,17,30,1,0,0,0,0,48,12,35,17,30,30,10.4015544064711,12.0115712142968,0.386641623825565,2020-06-29,2020,6
"11223","SC",4,"Sul",42003,"Xanxerê",164649,32910.7426071826,27,60,20,40,31,29,0,0,0,0,0,60,20,40,31,29,23,10.4015544064711,12.0115712142968,0.384226450277484,2020-07-06,2020,7
"11224","SC",4,"Sul",42003,"Xanxerê",164649,32910.7426071826,28,55,15,40,29,26,0,0,0,0,0,55,15,40,29,26,21,10.4015544064711,12.0115712142968,0.384583158466974,2020-07-13,2020,7
"11225","SC",4,"Sul",42003,"Xanxerê",164649,32910.7426071826,29,64,17,47,29,35,1,0,0,0,0,65,17,47,29,35,25,10.4015544064711,12.0115712142968,0.391654515565793,2020-07-20,2020,7
"11226","SC",4,"Sul",42004,"Joaçaba",354332,40166.5713761105,5,95,28,67,34,61,0,0,0,0,0,95,28,67,34,61,45,10.6007903708629,12.7779896057138,0.306884030335341,2020-02-03,2020,2
"11227","SC",4,"Sul",42004,"Joaçaba",354332,40166.5713761105,6,78,17,61,32,46,2,0,0,0,0,80,17,61,32,46,49,10.6007903708629,12.7779896057138,0.309538317578464,2020-02-10,2020,2
"11228","SC",4,"Sul",42004,"Joaçaba",354332,40166.5713761105,7,92,25,67,32,60,1,0,0,0,0,93,25,67,32,60,48,10.6007903708629,12.7779896057138,0.3141567894735,2020-02-17,2020,2
"11229","SC",4,"Sul",42004,"Joaçaba",354332,40166.5713761105,8,60,11,49,19,41,0,0,0,0,0,60,11,49,19,41,41,10.6007903708629,12.7779896057138,0.352816013821771,2020-02-24,2020,2
"11230","SC",4,"Sul",42004,"Joaçaba",354332,40166.5713761105,9,81,26,55,30,51,0,0,0,0,0,81,26,55,30,51,54,10.6007903708629,12.7779896057138,0.331467788551726,2020-03-02,2020,3
"11231","SC",4,"Sul",42004,"Joaçaba",354332,40166.5713761105,10,84,15,69,28,56,0,0,0,0,0,84,15,69,28,56,33,10.6007903708629,12.7779896057138,0.338343621694479,2020-03-09,2020,3
"11232","SC",4,"Sul",42004,"Joaçaba",354332,40166.5713761105,11,81,19,62,38,43,0,0,0,0,0,81,19,62,38,43,43,10.6007903708629,12.7779896057138,0.476662605256342,2020-03-16,2020,3
"11233","SC",4,"Sul",42004,"Joaçaba",354332,40166.5713761105,12,83,15,68,30,53,1,0,0,0,0,84,15,68,30,53,39,10.6007903708629,12.7779896057138,0.559373389281968,2020-03-23,2020,3
"11234","SC",4,"Sul",42004,"Joaçaba",354332,40166.5713761105,13,69,20,49,28,41,0,0,0,0,0,69,20,49,28,41,43,10.6007903708629,12.7779896057138,0.480968084756079,2020-03-30,2020,3
"11235","SC",4,"Sul",42004,"Joaçaba",354332,40166.5713761105,14,91,30,61,31,60,1,0,0,0,0,92,30,61,31,60,35,10.6007903708629,12.7779896057138,0.46883320795094,2020-04-06,2020,4
"11236","SC",4,"Sul",42004,"Joaçaba",354332,40166.5713761105,15,89,19,70,26,63,0,0,0,0,0,89,19,70,26,63,41,10.6007903708629,12.7779896057138,0.422727549388959,2020-04-13,2020,4
"11237","SC",4,"Sul",42004,"Joaçaba",354332,40166.5713761105,16,106,32,74,47,59,1,0,0,0,0,107,32,74,47,59,35,10.6007903708629,12.7779896057138,0.426799714854216,2020-04-20,2020,4
"11238","SC",4,"Sul",42004,"Joaçaba",354332,40166.5713761105,17,67,17,50,28,39,0,0,0,0,0,67,17,50,28,39,30,10.6007903708629,12.7779896057138,0.434642583799021,2020-04-27,2020,4
"11239","SC",4,"Sul",42004,"Joaçaba",354332,40166.5713761105,18,90,26,64,41,49,0,0,0,0,0,90,26,64,41,49,48,10.6007903708629,12.7779896057138,0.401858462863513,2020-05-04,2020,5
"11240","SC",4,"Sul",42004,"Joaçaba",354332,40166.5713761105,19,71,16,55,29,42,0,0,0,0,0,71,16,55,29,42,35,10.6007903708629,12.7779896057138,0.411981277491105,2020-05-11,2020,5
"11241","SC",4,"Sul",42004,"Joaçaba",354332,40166.5713761105,20,83,30,53,31,52,1,0,0,0,0,84,30,53,31,52,28,10.6007903708629,12.7779896057138,0.407026753883455,2020-05-18,2020,5
"11242","SC",4,"Sul",42004,"Joaçaba",354332,40166.5713761105,21,78,18,60,38,40,0,0,0,0,0,78,18,60,38,40,45,10.6007903708629,12.7779896057138,0.394309915624189,2020-05-25,2020,5
"11243","SC",4,"Sul",42004,"Joaçaba",354332,40166.5713761105,22,95,25,70,28,67,2,0,0,0,0,97,25,70,28,67,34,10.6007903708629,12.7779896057138,0.400867427176264,2020-06-01,2020,6
"11244","SC",4,"Sul",42004,"Joaçaba",354332,40166.5713761105,23,106,31,75,38,68,2,0,0,0,0,108,31,75,38,68,44,10.6007903708629,12.7779896057138,0.409456740041485,2020-06-08,2020,6
"11245","SC",4,"Sul",42004,"Joaçaba",354332,40166.5713761105,24,87,17,70,33,54,0,0,0,0,0,87,17,70,33,54,44,10.6007903708629,12.7779896057138,0.369727281898739,2020-06-15,2020,6
"11246","SC",4,"Sul",42004,"Joaçaba",354332,40166.5713761105,25,80,16,64,26,54,1,0,0,0,0,81,16,64,26,54,40,10.6007903708629,12.7779896057138,0.396025384626816,2020-06-22,2020,6
"11247","SC",4,"Sul",42004,"Joaçaba",354332,40166.5713761105,26,75,22,53,31,44,0,0,0,0,0,75,22,53,31,44,49,10.6007903708629,12.7779896057138,0.405076776379661,2020-06-29,2020,6
"11248","SC",4,"Sul",42004,"Joaçaba",354332,40166.5713761105,27,80,27,53,39,41,0,0,0,0,0,80,27,53,39,41,66,10.6007903708629,12.7779896057138,0.398980870188712,2020-07-06,2020,7
"11249","SC",4,"Sul",42004,"Joaçaba",354332,40166.5713761105,28,72,13,59,23,49,1,0,0,0,0,73,13,59,23,49,47,10.6007903708629,12.7779896057138,0.392515371112381,2020-07-13,2020,7
"11250","SC",4,"Sul",42004,"Joaçaba",354332,40166.5713761105,29,76,21,55,27,49,0,0,0,0,0,76,21,55,27,49,49,10.6007903708629,12.7779896057138,0.398043814047256,2020-07-20,2020,7
"11251","SC",4,"Sul",42005,"Concórdia",147798,43860.6462586097,5,37,6,31,9,28,0,0,0,0,0,37,6,31,9,28,15,10.6887727564418,11.903601755605,0.318468818291215,2020-02-03,2020,2
"11252","SC",4,"Sul",42005,"Concórdia",147798,43860.6462586097,6,29,1,28,8,21,0,0,0,0,0,29,1,28,8,21,19,10.6887727564418,11.903601755605,0.31084094958534,2020-02-10,2020,2
"11253","SC",4,"Sul",42005,"Concórdia",147798,43860.6462586097,7,41,6,35,12,29,0,0,0,0,0,41,6,35,12,29,19,10.6887727564418,11.903601755605,0.317404994179774,2020-02-17,2020,2
"11254","SC",4,"Sul",42005,"Concórdia",147798,43860.6462586097,8,39,5,34,10,29,0,0,0,0,0,39,5,34,10,29,18,10.6887727564418,11.903601755605,0.33740072784176,2020-02-24,2020,2
"11255","SC",4,"Sul",42005,"Concórdia",147798,43860.6462586097,9,47,6,41,12,35,1,0,0,0,0,48,6,41,12,35,21,10.6887727564418,11.903601755605,0.333097925177702,2020-03-02,2020,3
"11256","SC",4,"Sul",42005,"Concórdia",147798,43860.6462586097,10,42,12,30,11,31,0,0,0,0,0,42,12,30,11,31,22,10.6887727564418,11.903601755605,0.341263026609922,2020-03-09,2020,3
"11257","SC",4,"Sul",42005,"Concórdia",147798,43860.6462586097,11,27,3,24,8,19,1,0,0,0,0,28,3,24,8,19,21,10.6887727564418,11.903601755605,0.478627338255549,2020-03-16,2020,3
"11258","SC",4,"Sul",42005,"Concórdia",147798,43860.6462586097,12,37,3,34,14,23,0,0,0,0,0,37,3,34,14,23,17,10.6887727564418,11.903601755605,0.546737830937886,2020-03-23,2020,3
"11259","SC",4,"Sul",42005,"Concórdia",147798,43860.6462586097,13,38,6,32,13,25,0,0,0,0,0,38,6,32,13,25,16,10.6887727564418,11.903601755605,0.480509466083315,2020-03-30,2020,3
"11260","SC",4,"Sul",42005,"Concórdia",147798,43860.6462586097,14,31,6,25,7,24,0,0,0,0,0,31,6,25,7,24,18,10.6887727564418,11.903601755605,0.452592432398083,2020-04-06,2020,4
"11261","SC",4,"Sul",42005,"Concórdia",147798,43860.6462586097,15,48,3,45,18,30,0,0,0,0,0,48,3,45,18,30,20,10.6887727564418,11.903601755605,0.422077262271553,2020-04-13,2020,4
"11262","SC",4,"Sul",42005,"Concórdia",147798,43860.6462586097,16,35,8,27,12,23,0,0,0,0,0,35,8,27,12,23,23,10.6887727564418,11.903601755605,0.438592657304502,2020-04-20,2020,4
"11263","SC",4,"Sul",42005,"Concórdia",147798,43860.6462586097,17,37,5,32,15,22,0,0,0,0,0,37,5,32,15,22,25,10.6887727564418,11.903601755605,0.453175966854761,2020-04-27,2020,4
"11264","SC",4,"Sul",42005,"Concórdia",147798,43860.6462586097,18,28,9,19,9,19,1,0,0,0,0,29,9,19,9,19,13,10.6887727564418,11.903601755605,0.421407008040189,2020-05-04,2020,5
"11265","SC",4,"Sul",42005,"Concórdia",147798,43860.6462586097,19,48,14,34,12,36,0,0,0,0,0,48,14,34,12,36,18,10.6887727564418,11.903601755605,0.424063078198405,2020-05-11,2020,5
"11266","SC",4,"Sul",42005,"Concórdia",147798,43860.6462586097,20,38,7,31,11,27,1,0,0,0,0,39,7,31,11,27,23,10.6887727564418,11.903601755605,0.426344950502088,2020-05-18,2020,5
"11267","SC",4,"Sul",42005,"Concórdia",147798,43860.6462586097,21,35,3,32,8,27,0,0,0,0,0,35,3,32,8,27,20,10.6887727564418,11.903601755605,0.404173708664189,2020-05-25,2020,5
"11268","SC",4,"Sul",42005,"Concórdia",147798,43860.6462586097,22,45,4,41,15,30,0,0,0,0,0,45,4,41,15,30,21,10.6887727564418,11.903601755605,0.404127718394539,2020-06-01,2020,6
"11269","SC",4,"Sul",42005,"Concórdia",147798,43860.6462586097,23,49,7,42,12,37,0,0,0,0,0,49,7,42,12,37,22,10.6887727564418,11.903601755605,0.414494983509091,2020-06-08,2020,6
"11270","SC",4,"Sul",42005,"Concórdia",147798,43860.6462586097,24,27,1,26,11,16,0,0,0,0,0,27,1,26,11,16,18,10.6887727564418,11.903601755605,0.388196031767578,2020-06-15,2020,6
"11271","SC",4,"Sul",42005,"Concórdia",147798,43860.6462586097,25,35,4,31,7,28,2,0,0,0,0,37,4,31,7,28,26,10.6887727564418,11.903601755605,0.399503008510927,2020-06-22,2020,6
"11272","SC",4,"Sul",42005,"Concórdia",147798,43860.6462586097,26,30,2,28,9,21,0,0,0,0,0,30,2,28,9,21,20,10.6887727564418,11.903601755605,0.40759751583516,2020-06-29,2020,6
"11273","SC",4,"Sul",42005,"Concórdia",147798,43860.6462586097,27,36,6,30,9,27,0,0,0,0,0,36,6,30,9,27,18,10.6887727564418,11.903601755605,0.401456369734217,2020-07-06,2020,7
"11274","SC",4,"Sul",42005,"Concórdia",147798,43860.6462586097,28,28,2,26,8,20,0,0,0,0,0,28,2,26,8,20,15,10.6887727564418,11.903601755605,0.379579921215286,2020-07-13,2020,7
"11275","SC",4,"Sul",42005,"Concórdia",147798,43860.6462586097,29,47,2,45,12,35,0,0,0,0,0,47,2,45,12,35,18,10.6887727564418,11.903601755605,0.400962791077087,2020-07-20,2020,7
"11276","SC",4,"Sul",42006,"Canoinhas",257942,31824.4620422421,5,64,17,47,18,46,0,0,0,0,0,64,17,47,18,46,26,10.3679905196611,12.4604900324295,0.30555511740549,2020-02-03,2020,2
"11277","SC",4,"Sul",42006,"Canoinhas",257942,31824.4620422421,6,57,16,41,20,37,0,0,0,0,0,57,16,41,20,37,31,10.3679905196611,12.4604900324295,0.298083067382667,2020-02-10,2020,2
"11278","SC",4,"Sul",42006,"Canoinhas",257942,31824.4620422421,7,53,10,43,25,28,1,0,0,0,0,54,10,43,25,28,28,10.3679905196611,12.4604900324295,0.311051415424985,2020-02-17,2020,2
"11279","SC",4,"Sul",42006,"Canoinhas",257942,31824.4620422421,8,72,21,51,31,41,1,0,0,0,0,73,21,51,31,41,40,10.3679905196611,12.4604900324295,0.343469240200705,2020-02-24,2020,2
"11280","SC",4,"Sul",42006,"Canoinhas",257942,31824.4620422421,9,68,16,52,18,50,1,0,0,0,0,69,16,52,18,50,29,10.3679905196611,12.4604900324295,0.324056231046989,2020-03-02,2020,3
"11281","SC",4,"Sul",42006,"Canoinhas",257942,31824.4620422421,10,53,24,29,22,31,0,0,0,0,0,53,24,29,22,31,33,10.3679905196611,12.4604900324295,0.336782960085147,2020-03-09,2020,3
"11282","SC",4,"Sul",42006,"Canoinhas",257942,31824.4620422421,11,59,17,42,27,32,1,0,0,0,0,60,17,42,27,32,33,10.3679905196611,12.4604900324295,0.463429609954511,2020-03-16,2020,3
"11283","SC",4,"Sul",42006,"Canoinhas",257942,31824.4620422421,12,51,16,35,16,35,2,0,0,0,0,53,16,35,16,35,34,10.3679905196611,12.4604900324295,0.570753068279264,2020-03-23,2020,3
"11284","SC",4,"Sul",42006,"Canoinhas",257942,31824.4620422421,13,40,14,26,17,23,1,0,0,0,0,41,14,26,17,23,33,10.3679905196611,12.4604900324295,0.498290366609501,2020-03-30,2020,3
"11285","SC",4,"Sul",42006,"Canoinhas",257942,31824.4620422421,14,48,11,37,13,35,0,0,0,0,0,48,11,37,13,35,31,10.3679905196611,12.4604900324295,0.458609408346195,2020-04-06,2020,4
"11286","SC",4,"Sul",42006,"Canoinhas",257942,31824.4620422421,15,68,23,45,25,43,0,0,0,0,0,68,23,45,25,43,34,10.3679905196611,12.4604900324295,0.431961380199803,2020-04-13,2020,4
"11287","SC",4,"Sul",42006,"Canoinhas",257942,31824.4620422421,16,75,20,55,39,36,0,0,0,0,0,75,20,55,39,36,25,10.3679905196611,12.4604900324295,0.426158987282642,2020-04-20,2020,4
"11288","SC",4,"Sul",42006,"Canoinhas",257942,31824.4620422421,17,55,12,43,22,33,1,0,0,0,0,56,12,43,22,33,41,10.3679905196611,12.4604900324295,0.423040277579371,2020-04-27,2020,4
"11289","SC",4,"Sul",42006,"Canoinhas",257942,31824.4620422421,18,56,16,40,29,27,0,0,0,0,0,56,16,40,29,27,30,10.3679905196611,12.4604900324295,0.393183099630788,2020-05-04,2020,5
"11290","SC",4,"Sul",42006,"Canoinhas",257942,31824.4620422421,19,65,20,45,25,40,0,0,0,0,0,65,20,45,25,40,34,10.3679905196611,12.4604900324295,0.402408882317214,2020-05-11,2020,5
"11291","SC",4,"Sul",42006,"Canoinhas",257942,31824.4620422421,20,65,14,51,29,36,2,0,0,0,0,67,14,51,29,36,38,10.3679905196611,12.4604900324295,0.413830221169281,2020-05-18,2020,5
"11292","SC",4,"Sul",42006,"Canoinhas",257942,31824.4620422421,21,81,23,58,29,52,0,0,0,0,0,81,23,58,29,52,34,10.3679905196611,12.4604900324295,0.402590671431062,2020-05-25,2020,5
"11293","SC",4,"Sul",42006,"Canoinhas",257942,31824.4620422421,22,80,22,58,31,49,0,0,0,0,0,80,22,58,31,49,36,10.3679905196611,12.4604900324295,0.410384292474587,2020-06-01,2020,6
"11294","SC",4,"Sul",42006,"Canoinhas",257942,31824.4620422421,23,75,19,56,21,54,0,0,0,0,0,75,19,56,21,54,37,10.3679905196611,12.4604900324295,0.426404389955477,2020-06-08,2020,6
"11295","SC",4,"Sul",42006,"Canoinhas",257942,31824.4620422421,24,59,14,45,24,35,0,0,0,0,0,59,14,45,24,35,39,10.3679905196611,12.4604900324295,0.38317100069919,2020-06-15,2020,6
"11296","SC",4,"Sul",42006,"Canoinhas",257942,31824.4620422421,25,63,14,49,37,26,0,0,0,0,0,63,14,49,37,26,39,10.3679905196611,12.4604900324295,0.406033445418657,2020-06-22,2020,6
"11297","SC",4,"Sul",42006,"Canoinhas",257942,31824.4620422421,26,64,26,38,33,31,0,0,0,0,0,64,26,38,33,31,31,10.3679905196611,12.4604900324295,0.400637413342025,2020-06-29,2020,6
"11298","SC",4,"Sul",42006,"Canoinhas",257942,31824.4620422421,27,67,12,55,29,38,0,0,0,0,0,67,12,55,29,38,46,10.3679905196611,12.4604900324295,0.399668743448026,2020-07-06,2020,7
"11299","SC",4,"Sul",42006,"Canoinhas",257942,31824.4620422421,28,60,7,53,26,34,0,0,0,0,0,60,7,53,26,34,40,10.3679905196611,12.4604900324295,0.389693027620788,2020-07-13,2020,7
"11300","SC",4,"Sul",42006,"Canoinhas",257942,31824.4620422421,29,55,11,44,22,33,0,0,0,0,0,55,11,44,22,33,36,10.3679905196611,12.4604900324295,0.38740994053612,2020-07-20,2020,7
"11301","SC",4,"Sul",42007,"São Bento do Sul",139897,35231.5336486844,5,32,13,19,8,24,1,0,0,0,0,33,13,19,8,24,15,10.4696968028511,11.8486617165352,0.303401337886455,2020-02-03,2020,2
"11302","SC",4,"Sul",42007,"São Bento do Sul",139897,35231.5336486844,6,26,6,20,7,19,0,0,0,0,0,26,6,20,7,19,20,10.4696968028511,11.8486617165352,0.294255576294387,2020-02-10,2020,2
"11303","SC",4,"Sul",42007,"São Bento do Sul",139897,35231.5336486844,7,26,9,17,9,17,0,0,0,0,0,26,9,17,9,17,17,10.4696968028511,11.8486617165352,0.30656785793999,2020-02-17,2020,2
"11304","SC",4,"Sul",42007,"São Bento do Sul",139897,35231.5336486844,8,33,9,24,5,28,1,0,0,0,0,34,9,24,5,28,9,10.4696968028511,11.8486617165352,0.330285927655035,2020-02-24,2020,2
"11305","SC",4,"Sul",42007,"São Bento do Sul",139897,35231.5336486844,9,25,3,22,9,16,0,0,0,0,0,25,3,22,9,16,12,10.4696968028511,11.8486617165352,0.331058180122022,2020-03-02,2020,3
"11306","SC",4,"Sul",42007,"São Bento do Sul",139897,35231.5336486844,10,24,5,19,10,14,1,0,0,0,0,25,5,19,10,14,20,10.4696968028511,11.8486617165352,0.333030321946875,2020-03-09,2020,3
"11307","SC",4,"Sul",42007,"São Bento do Sul",139897,35231.5336486844,11,36,7,29,12,24,0,0,0,0,0,36,7,29,12,24,14,10.4696968028511,11.8486617165352,0.462474005021535,2020-03-16,2020,3
"11308","SC",4,"Sul",42007,"São Bento do Sul",139897,35231.5336486844,12,35,6,29,12,23,0,0,0,0,0,35,6,29,12,23,11,10.4696968028511,11.8486617165352,0.574372527782049,2020-03-23,2020,3
"11309","SC",4,"Sul",42007,"São Bento do Sul",139897,35231.5336486844,13,33,9,24,14,19,0,0,0,0,0,33,9,24,14,19,21,10.4696968028511,11.8486617165352,0.504173650392666,2020-03-30,2020,3
"11310","SC",4,"Sul",42007,"São Bento do Sul",139897,35231.5336486844,14,38,8,30,15,23,0,0,0,0,0,38,8,30,15,23,19,10.4696968028511,11.8486617165352,0.464744805323866,2020-04-06,2020,4
"11311","SC",4,"Sul",42007,"São Bento do Sul",139897,35231.5336486844,15,39,6,33,18,21,0,0,0,0,0,39,6,33,18,21,22,10.4696968028511,11.8486617165352,0.433467267660318,2020-04-13,2020,4
"11312","SC",4,"Sul",42007,"São Bento do Sul",139897,35231.5336486844,16,30,9,21,11,19,0,0,0,0,0,30,9,21,11,19,8,10.4696968028511,11.8486617165352,0.435734772606219,2020-04-20,2020,4
"11313","SC",4,"Sul",42007,"São Bento do Sul",139897,35231.5336486844,17,35,7,28,13,22,0,0,0,0,0,35,7,28,13,22,13,10.4696968028511,11.8486617165352,0.423879392937243,2020-04-27,2020,4
"11314","SC",4,"Sul",42007,"São Bento do Sul",139897,35231.5336486844,18,23,4,19,12,11,0,0,0,0,0,23,4,19,12,11,14,10.4696968028511,11.8486617165352,0.393928599194765,2020-05-04,2020,5
"11315","SC",4,"Sul",42007,"São Bento do Sul",139897,35231.5336486844,19,46,7,39,13,33,1,0,0,0,0,47,7,39,13,33,10,10.4696968028511,11.8486617165352,0.396485035908119,2020-05-11,2020,5
"11316","SC",4,"Sul",42007,"São Bento do Sul",139897,35231.5336486844,20,31,6,25,13,18,0,0,0,0,0,31,6,25,13,18,11,10.4696968028511,11.8486617165352,0.397329688444774,2020-05-18,2020,5
"11317","SC",4,"Sul",42007,"São Bento do Sul",139897,35231.5336486844,21,39,10,29,14,25,0,0,0,0,0,39,10,29,14,25,13,10.4696968028511,11.8486617165352,0.387577182975538,2020-05-25,2020,5
"11318","SC",4,"Sul",42007,"São Bento do Sul",139897,35231.5336486844,22,32,9,23,12,20,0,0,0,0,0,32,9,23,12,20,13,10.4696968028511,11.8486617165352,0.397563268067574,2020-06-01,2020,6
"11319","SC",4,"Sul",42007,"São Bento do Sul",139897,35231.5336486844,23,39,6,33,11,28,0,0,0,0,0,39,6,33,11,28,13,10.4696968028511,11.8486617165352,0.410691730466468,2020-06-08,2020,6
"11320","SC",4,"Sul",42007,"São Bento do Sul",139897,35231.5336486844,24,38,4,34,11,27,0,0,0,0,0,38,4,34,11,27,17,10.4696968028511,11.8486617165352,0.368333162993815,2020-06-15,2020,6
"11321","SC",4,"Sul",42007,"São Bento do Sul",139897,35231.5336486844,25,36,11,25,9,27,0,0,0,0,0,36,11,25,9,27,15,10.4696968028511,11.8486617165352,0.391005648092354,2020-06-22,2020,6
"11322","SC",4,"Sul",42007,"São Bento do Sul",139897,35231.5336486844,26,36,6,30,16,20,0,0,0,0,0,36,6,30,16,20,19,10.4696968028511,11.8486617165352,0.398019951373692,2020-06-29,2020,6
"11323","SC",4,"Sul",42007,"São Bento do Sul",139897,35231.5336486844,27,36,11,25,13,23,0,0,0,0,0,36,11,25,13,23,19,10.4696968028511,11.8486617165352,0.388267179515291,2020-07-06,2020,7
"11324","SC",4,"Sul",42007,"São Bento do Sul",139897,35231.5336486844,28,33,4,29,11,22,0,0,0,0,0,33,4,29,11,22,16,10.4696968028511,11.8486617165352,0.378214832787168,2020-07-13,2020,7
"11325","SC",4,"Sul",42007,"São Bento do Sul",139897,35231.5336486844,29,33,8,25,12,21,1,0,0,0,0,34,8,25,12,21,16,10.4696968028511,11.8486617165352,0.388967782787615,2020-07-20,2020,7
"11326","SC",4,"Sul",42008,"Joinville",1023817,53870.8783959536,5,220,42,178,64,156,0,0,0,0,0,220,42,178,64,156,100,10.8943453213882,13.8390483576734,0.29960879792564,2020-02-03,2020,2
"11327","SC",4,"Sul",42008,"Joinville",1023817,53870.8783959536,6,240,30,210,62,178,1,0,0,0,0,241,30,210,62,178,97,10.8943453213882,13.8390483576734,0.286737281420543,2020-02-10,2020,2
"11328","SC",4,"Sul",42008,"Joinville",1023817,53870.8783959536,7,228,43,185,69,159,1,0,0,0,0,229,43,185,69,159,124,10.8943453213882,13.8390483576734,0.300512729559627,2020-02-17,2020,2
"11329","SC",4,"Sul",42008,"Joinville",1023817,53870.8783959536,8,255,41,214,80,175,2,0,0,0,0,257,41,214,80,175,95,10.8943453213882,13.8390483576734,0.33506823037327,2020-02-24,2020,2
"11330","SC",4,"Sul",42008,"Joinville",1023817,53870.8783959536,9,265,53,212,87,178,1,0,0,0,0,266,53,212,87,178,85,10.8943453213882,13.8390483576734,0.3203306673188,2020-03-02,2020,3
"11331","SC",4,"Sul",42008,"Joinville",1023817,53870.8783959536,10,282,58,224,96,186,0,0,0,0,0,282,58,224,96,186,89,10.8943453213882,13.8390483576734,0.340005091377926,2020-03-09,2020,3
"11332","SC",4,"Sul",42008,"Joinville",1023817,53870.8783959536,11,244,41,203,84,160,1,0,0,0,0,245,41,203,84,160,105,10.8943453213882,13.8390483576734,0.479668183218638,2020-03-16,2020,3
"11333","SC",4,"Sul",42008,"Joinville",1023817,53870.8783959536,12,210,43,167,62,148,1,0,0,0,0,211,43,167,62,148,96,10.8943453213882,13.8390483576734,0.59630035529961,2020-03-23,2020,3
"11334","SC",4,"Sul",42008,"Joinville",1023817,53870.8783959536,13,203,30,173,71,132,1,0,0,0,0,204,30,173,71,132,107,10.8943453213882,13.8390483576734,0.515861218646153,2020-03-30,2020,3
"11335","SC",4,"Sul",42008,"Joinville",1023817,53870.8783959536,14,228,45,183,68,160,2,0,0,0,0,230,45,183,68,160,88,10.8943453213882,13.8390483576734,0.478584778413958,2020-04-06,2020,4
"11336","SC",4,"Sul",42008,"Joinville",1023817,53870.8783959536,15,238,42,196,69,169,0,0,0,0,0,238,42,196,69,169,86,10.8943453213882,13.8390483576734,0.448930376318082,2020-04-13,2020,4
"11337","SC",4,"Sul",42008,"Joinville",1023817,53870.8783959536,16,255,52,203,80,175,0,0,0,0,0,255,52,203,80,175,95,10.8943453213882,13.8390483576734,0.443341887032461,2020-04-20,2020,4
"11338","SC",4,"Sul",42008,"Joinville",1023817,53870.8783959536,17,245,43,202,71,174,1,0,0,0,0,246,43,202,71,174,100,10.8943453213882,13.8390483576734,0.434382953625123,2020-04-27,2020,4
"11339","SC",4,"Sul",42008,"Joinville",1023817,53870.8783959536,18,260,45,215,76,184,2,0,0,0,0,262,45,215,76,184,71,10.8943453213882,13.8390483576734,0.395818233057647,2020-05-04,2020,5
"11340","SC",4,"Sul",42008,"Joinville",1023817,53870.8783959536,19,248,56,192,88,160,4,0,0,0,0,252,56,192,88,160,98,10.8943453213882,13.8390483576734,0.405399768418635,2020-05-11,2020,5
"11341","SC",4,"Sul",42008,"Joinville",1023817,53870.8783959536,20,275,58,217,79,196,1,0,0,0,0,276,58,217,79,196,98,10.8943453213882,13.8390483576734,0.40002350682158,2020-05-18,2020,5
"11342","SC",4,"Sul",42008,"Joinville",1023817,53870.8783959536,21,294,46,248,91,203,4,0,0,0,0,298,46,248,91,203,87,10.8943453213882,13.8390483576734,0.392933718758453,2020-05-25,2020,5
"11343","SC",4,"Sul",42008,"Joinville",1023817,53870.8783959536,22,293,51,242,87,206,2,0,0,0,0,295,51,242,87,206,95,10.8943453213882,13.8390483576734,0.397611066653773,2020-06-01,2020,6
"11344","SC",4,"Sul",42008,"Joinville",1023817,53870.8783959536,23,286,47,239,78,208,3,0,0,0,0,289,47,239,78,208,100,10.8943453213882,13.8390483576734,0.403141200662311,2020-06-08,2020,6
"11345","SC",4,"Sul",42008,"Joinville",1023817,53870.8783959536,24,283,57,226,90,193,1,0,0,0,0,284,57,226,90,193,108,10.8943453213882,13.8390483576734,0.375050317509063,2020-06-15,2020,6
"11346","SC",4,"Sul",42008,"Joinville",1023817,53870.8783959536,25,263,42,221,89,174,3,0,0,0,0,266,42,221,89,174,99,10.8943453213882,13.8390483576734,0.399524784912104,2020-06-22,2020,6
"11347","SC",4,"Sul",42008,"Joinville",1023817,53870.8783959536,26,272,34,238,79,193,1,0,0,0,0,273,34,238,79,193,111,10.8943453213882,13.8390483576734,0.399851529034559,2020-06-29,2020,6
"11348","SC",4,"Sul",42008,"Joinville",1023817,53870.8783959536,27,255,37,218,73,182,3,0,0,0,0,258,37,218,73,182,122,10.8943453213882,13.8390483576734,0.399067035588366,2020-07-06,2020,7
"11349","SC",4,"Sul",42008,"Joinville",1023817,53870.8783959536,28,259,57,202,94,165,0,0,0,0,0,259,57,202,94,165,147,10.8943453213882,13.8390483576734,0.402656385842841,2020-07-13,2020,7
"11350","SC",4,"Sul",42008,"Joinville",1023817,53870.8783959536,29,250,43,207,70,180,1,0,0,0,0,251,43,207,70,180,136,10.8943453213882,13.8390483576734,0.412016746772229,2020-07-20,2020,7
"11351","SC",4,"Sul",42009,"Curitibanos",129657,36736.3033720509,5,41,13,28,16,25,0,0,0,0,0,41,13,28,16,25,21,10.5115207378129,11.7726477810249,0.297860323214714,2020-02-03,2020,2
"11352","SC",4,"Sul",42009,"Curitibanos",129657,36736.3033720509,6,47,13,34,20,27,2,0,0,0,0,49,13,34,20,27,8,10.5115207378129,11.7726477810249,0.305660786752109,2020-02-10,2020,2
"11353","SC",4,"Sul",42009,"Curitibanos",129657,36736.3033720509,7,27,7,20,16,11,0,0,0,0,0,27,7,20,16,11,20,10.5115207378129,11.7726477810249,0.315462374629544,2020-02-17,2020,2
"11354","SC",4,"Sul",42009,"Curitibanos",129657,36736.3033720509,8,40,16,24,22,18,0,0,0,0,0,40,16,24,22,18,24,10.5115207378129,11.7726477810249,0.353849308792886,2020-02-24,2020,2
"11355","SC",4,"Sul",42009,"Curitibanos",129657,36736.3033720509,9,38,9,29,14,24,0,0,0,0,0,38,9,29,14,24,9,10.5115207378129,11.7726477810249,0.325924628341342,2020-03-02,2020,3
"11356","SC",4,"Sul",42009,"Curitibanos",129657,36736.3033720509,10,42,15,27,23,19,1,0,0,0,0,43,15,27,23,19,19,10.5115207378129,11.7726477810249,0.333915798076297,2020-03-09,2020,3
"11357","SC",4,"Sul",42009,"Curitibanos",129657,36736.3033720509,11,30,13,17,12,18,0,0,0,0,0,30,13,17,12,18,10,10.5115207378129,11.7726477810249,0.478199908776241,2020-03-16,2020,3
"11358","SC",4,"Sul",42009,"Curitibanos",129657,36736.3033720509,12,41,20,21,21,20,0,0,0,0,0,41,20,21,21,20,21,10.5115207378129,11.7726477810249,0.559798887457246,2020-03-23,2020,3
"11359","SC",4,"Sul",42009,"Curitibanos",129657,36736.3033720509,13,30,10,20,11,19,1,0,0,0,0,31,10,20,11,19,15,10.5115207378129,11.7726477810249,0.491606420601956,2020-03-30,2020,3
"11360","SC",4,"Sul",42009,"Curitibanos",129657,36736.3033720509,14,44,15,29,23,21,0,0,0,0,0,44,15,29,23,21,17,10.5115207378129,11.7726477810249,0.455049829260367,2020-04-06,2020,4
"11361","SC",4,"Sul",42009,"Curitibanos",129657,36736.3033720509,15,32,10,22,16,16,1,0,0,0,0,33,10,22,16,16,19,10.5115207378129,11.7726477810249,0.416532908990429,2020-04-13,2020,4
"11362","SC",4,"Sul",42009,"Curitibanos",129657,36736.3033720509,16,25,8,17,11,14,0,0,0,0,0,25,8,17,11,14,11,10.5115207378129,11.7726477810249,0.417529669374316,2020-04-20,2020,4
"11363","SC",4,"Sul",42009,"Curitibanos",129657,36736.3033720509,17,42,13,29,21,21,0,0,0,0,0,42,13,29,21,21,18,10.5115207378129,11.7726477810249,0.419550750633656,2020-04-27,2020,4
"11364","SC",4,"Sul",42009,"Curitibanos",129657,36736.3033720509,18,39,16,23,17,22,1,0,0,0,0,40,16,23,17,22,19,10.5115207378129,11.7726477810249,0.394056754706579,2020-05-04,2020,5
"11365","SC",4,"Sul",42009,"Curitibanos",129657,36736.3033720509,19,31,9,22,13,18,0,0,0,0,0,31,9,22,13,18,16,10.5115207378129,11.7726477810249,0.396156551187252,2020-05-11,2020,5
"11366","SC",4,"Sul",42009,"Curitibanos",129657,36736.3033720509,20,43,7,36,21,22,0,0,0,0,0,43,7,36,21,22,22,10.5115207378129,11.7726477810249,0.415765429586834,2020-05-18,2020,5
"11367","SC",4,"Sul",42009,"Curitibanos",129657,36736.3033720509,21,36,9,27,17,19,0,0,0,0,0,36,9,27,17,19,11,10.5115207378129,11.7726477810249,0.395308625592678,2020-05-25,2020,5
"11368","SC",4,"Sul",42009,"Curitibanos",129657,36736.3033720509,22,39,16,23,15,24,1,0,0,0,0,40,16,23,15,24,20,10.5115207378129,11.7726477810249,0.388257766776903,2020-06-01,2020,6
"11369","SC",4,"Sul",42009,"Curitibanos",129657,36736.3033720509,23,34,9,25,14,20,0,0,0,0,0,34,9,25,14,20,18,10.5115207378129,11.7726477810249,0.399877194790387,2020-06-08,2020,6
"11370","SC",4,"Sul",42009,"Curitibanos",129657,36736.3033720509,24,37,12,25,17,20,1,0,0,0,0,38,12,25,17,20,21,10.5115207378129,11.7726477810249,0.382978610252151,2020-06-15,2020,6
"11371","SC",4,"Sul",42009,"Curitibanos",129657,36736.3033720509,25,37,12,25,20,17,0,0,0,0,0,37,12,25,20,17,13,10.5115207378129,11.7726477810249,0.404359034848774,2020-06-22,2020,6
"11372","SC",4,"Sul",42009,"Curitibanos",129657,36736.3033720509,26,32,9,23,8,24,0,0,0,0,0,32,9,23,8,24,20,10.5115207378129,11.7726477810249,0.415129993509054,2020-06-29,2020,6
"11373","SC",4,"Sul",42009,"Curitibanos",129657,36736.3033720509,27,34,7,27,16,18,0,0,0,0,0,34,7,27,16,18,16,10.5115207378129,11.7726477810249,0.402714281870695,2020-07-06,2020,7
"11374","SC",4,"Sul",42009,"Curitibanos",129657,36736.3033720509,28,34,9,25,15,19,1,0,0,0,0,35,9,25,15,19,31,10.5115207378129,11.7726477810249,0.391407160578325,2020-07-13,2020,7
"11375","SC",4,"Sul",42009,"Curitibanos",129657,36736.3033720509,29,36,14,22,14,22,0,0,0,0,0,36,14,22,14,22,14,10.5115207378129,11.7726477810249,0.405460566247627,2020-07-20,2020,7
"11376","SC",4,"Sul",42010,"Campos de Lages",285922,31469.4834176454,5,67,14,53,23,44,2,0,0,0,0,69,14,53,23,44,32,10.3567735748505,12.5634743253324,0.307730130125838,2020-02-03,2020,2
"11377","SC",4,"Sul",42010,"Campos de Lages",285922,31469.4834176454,6,79,21,58,33,46,0,0,0,0,0,79,21,58,33,46,48,10.3567735748505,12.5634743253324,0.301949335039461,2020-02-10,2020,2
"11378","SC",4,"Sul",42010,"Campos de Lages",285922,31469.4834176454,7,76,21,55,22,54,0,0,0,0,0,76,21,55,22,54,51,10.3567735748505,12.5634743253324,0.306263218721419,2020-02-17,2020,2
"11379","SC",4,"Sul",42010,"Campos de Lages",285922,31469.4834176454,8,72,12,60,29,43,0,0,0,0,0,72,12,60,29,43,31,10.3567735748505,12.5634743253324,0.35455446022272,2020-02-24,2020,2
"11380","SC",4,"Sul",42010,"Campos de Lages",285922,31469.4834176454,9,86,26,60,32,54,1,0,0,0,0,87,26,60,32,54,45,10.3567735748505,12.5634743253324,0.329045283322361,2020-03-02,2020,3
"11381","SC",4,"Sul",42010,"Campos de Lages",285922,31469.4834176454,10,60,21,39,37,23,2,0,0,0,0,62,21,39,37,23,52,10.3567735748505,12.5634743253324,0.338301103402387,2020-03-09,2020,3
"11382","SC",4,"Sul",42010,"Campos de Lages",285922,31469.4834176454,11,64,13,51,21,43,1,0,0,0,0,65,13,51,21,43,47,10.3567735748505,12.5634743253324,0.48131437716591,2020-03-16,2020,3
"11383","SC",4,"Sul",42010,"Campos de Lages",285922,31469.4834176454,12,77,23,54,36,41,0,0,0,0,0,77,23,54,36,41,37,10.3567735748505,12.5634743253324,0.575694204428134,2020-03-23,2020,3
"11384","SC",4,"Sul",42010,"Campos de Lages",285922,31469.4834176454,13,66,17,49,25,41,0,0,0,0,0,66,17,49,25,41,43,10.3567735748505,12.5634743253324,0.4981657721697,2020-03-30,2020,3
"11385","SC",4,"Sul",42010,"Campos de Lages",285922,31469.4834176454,14,86,28,58,31,55,2,0,0,0,0,88,28,58,31,55,42,10.3567735748505,12.5634743253324,0.474566181833987,2020-04-06,2020,4
"11386","SC",4,"Sul",42010,"Campos de Lages",285922,31469.4834176454,15,58,14,44,25,33,0,0,0,0,0,58,14,44,25,33,29,10.3567735748505,12.5634743253324,0.439082061874921,2020-04-13,2020,4
"11387","SC",4,"Sul",42010,"Campos de Lages",285922,31469.4834176454,16,71,18,53,28,43,0,0,0,0,0,71,18,53,28,43,42,10.3567735748505,12.5634743253324,0.435351362456431,2020-04-20,2020,4
"11388","SC",4,"Sul",42010,"Campos de Lages",285922,31469.4834176454,17,69,19,50,28,41,0,0,0,0,0,69,19,50,28,41,40,10.3567735748505,12.5634743253324,0.420592112576535,2020-04-27,2020,4
"11389","SC",4,"Sul",42010,"Campos de Lages",285922,31469.4834176454,18,62,12,50,17,45,0,0,0,0,0,62,12,50,17,45,37,10.3567735748505,12.5634743253324,0.393404150103407,2020-05-04,2020,5
"11390","SC",4,"Sul",42010,"Campos de Lages",285922,31469.4834176454,19,77,18,59,31,46,1,0,0,0,0,78,18,59,31,46,40,10.3567735748505,12.5634743253324,0.402213963083324,2020-05-11,2020,5
"11391","SC",4,"Sul",42010,"Campos de Lages",285922,31469.4834176454,20,86,33,53,41,45,0,0,0,0,0,86,33,53,41,45,41,10.3567735748505,12.5634743253324,0.410666032179302,2020-05-18,2020,5
"11392","SC",4,"Sul",42010,"Campos de Lages",285922,31469.4834176454,21,91,30,61,31,60,1,0,0,0,0,92,30,61,31,60,53,10.3567735748505,12.5634743253324,0.396397421258846,2020-05-25,2020,5
"11393","SC",4,"Sul",42010,"Campos de Lages",285922,31469.4834176454,22,86,31,55,43,43,0,0,0,0,0,86,31,55,43,43,41,10.3567735748505,12.5634743253324,0.402785408273676,2020-06-01,2020,6
"11394","SC",4,"Sul",42010,"Campos de Lages",285922,31469.4834176454,23,89,20,69,30,59,0,0,0,0,0,89,20,69,30,59,44,10.3567735748505,12.5634743253324,0.402596265076058,2020-06-08,2020,6
"11395","SC",4,"Sul",42010,"Campos de Lages",285922,31469.4834176454,24,61,14,47,28,33,0,0,0,0,0,61,14,47,28,33,38,10.3567735748505,12.5634743253324,0.378546903556204,2020-06-15,2020,6
"11396","SC",4,"Sul",42010,"Campos de Lages",285922,31469.4834176454,25,74,20,54,26,48,0,0,0,0,0,74,20,54,26,48,48,10.3567735748505,12.5634743253324,0.39800834745577,2020-06-22,2020,6
"11397","SC",4,"Sul",42010,"Campos de Lages",285922,31469.4834176454,26,61,24,37,24,37,1,0,0,0,0,62,24,37,24,37,43,10.3567735748505,12.5634743253324,0.398006771363325,2020-06-29,2020,6
"11398","SC",4,"Sul",42010,"Campos de Lages",285922,31469.4834176454,27,68,23,45,24,44,1,0,0,0,0,69,23,45,24,44,52,10.3567735748505,12.5634743253324,0.399882398037542,2020-07-06,2020,7
"11399","SC",4,"Sul",42010,"Campos de Lages",285922,31469.4834176454,28,74,14,60,28,46,0,0,0,0,0,74,14,60,28,46,48,10.3567735748505,12.5634743253324,0.401093884958164,2020-07-13,2020,7
"11400","SC",4,"Sul",42010,"Campos de Lages",285922,31469.4834176454,29,53,14,39,22,31,1,0,0,0,0,54,14,39,22,31,50,10.3567735748505,12.5634743253324,0.417080141427776,2020-07-20,2020,7
"11401","SC",4,"Sul",42011,"Rio do Sul",230580,32890.0302050915,5,45,9,36,19,26,0,0,0,0,0,45,9,36,19,26,24,10.4009248575497,12.3483531527869,0.291297952540059,2020-02-03,2020,2
"11402","SC",4,"Sul",42011,"Rio do Sul",230580,32890.0302050915,6,56,15,41,17,39,0,0,0,0,0,56,15,41,17,39,28,10.4009248575497,12.3483531527869,0.284204033164056,2020-02-10,2020,2
"11403","SC",4,"Sul",42011,"Rio do Sul",230580,32890.0302050915,7,43,12,31,18,25,0,0,0,0,0,43,12,31,18,25,26,10.4009248575497,12.3483531527869,0.286263498412949,2020-02-17,2020,2
"11404","SC",4,"Sul",42011,"Rio do Sul",230580,32890.0302050915,8,47,17,30,16,31,0,0,0,0,0,47,17,30,16,31,36,10.4009248575497,12.3483531527869,0.324838483267954,2020-02-24,2020,2
"11405","SC",4,"Sul",42011,"Rio do Sul",230580,32890.0302050915,9,47,11,36,11,36,1,0,0,0,0,48,11,36,11,36,24,10.4009248575497,12.3483531527869,0.308638344849779,2020-03-02,2020,3
"11406","SC",4,"Sul",42011,"Rio do Sul",230580,32890.0302050915,10,55,14,41,22,33,2,0,0,0,0,57,14,41,22,33,19,10.4009248575497,12.3483531527869,0.327945296741524,2020-03-09,2020,3
"11407","SC",4,"Sul",42011,"Rio do Sul",230580,32890.0302050915,11,42,11,31,17,25,0,0,0,0,0,42,11,31,17,25,20,10.4009248575497,12.3483531527869,0.473449101955119,2020-03-16,2020,3
"11408","SC",4,"Sul",42011,"Rio do Sul",230580,32890.0302050915,12,35,7,28,14,21,0,0,0,0,0,35,7,28,14,21,28,10.4009248575497,12.3483531527869,0.571874752260772,2020-03-23,2020,3
"11409","SC",4,"Sul",42011,"Rio do Sul",230580,32890.0302050915,13,58,17,41,16,42,2,0,0,0,0,60,17,41,16,42,26,10.4009248575497,12.3483531527869,0.473548541621743,2020-03-30,2020,3
"11410","SC",4,"Sul",42011,"Rio do Sul",230580,32890.0302050915,14,54,19,35,17,37,1,0,0,0,0,55,19,35,17,37,19,10.4009248575497,12.3483531527869,0.444701205814808,2020-04-06,2020,4
"11411","SC",4,"Sul",42011,"Rio do Sul",230580,32890.0302050915,15,53,14,39,23,30,1,0,0,0,0,54,14,39,23,30,25,10.4009248575497,12.3483531527869,0.407459321494384,2020-04-13,2020,4
"11412","SC",4,"Sul",42011,"Rio do Sul",230580,32890.0302050915,16,47,7,40,13,34,0,0,0,0,0,47,7,40,13,34,32,10.4009248575497,12.3483531527869,0.41215250195952,2020-04-20,2020,4
"11413","SC",4,"Sul",42011,"Rio do Sul",230580,32890.0302050915,17,70,18,52,20,50,0,0,0,0,0,70,18,52,20,50,21,10.4009248575497,12.3483531527869,0.410675470373931,2020-04-27,2020,4
"11414","SC",4,"Sul",42011,"Rio do Sul",230580,32890.0302050915,18,56,11,45,21,35,0,0,0,0,0,56,11,45,21,35,24,10.4009248575497,12.3483531527869,0.370925162406863,2020-05-04,2020,5
"11415","SC",4,"Sul",42011,"Rio do Sul",230580,32890.0302050915,19,61,18,43,23,38,0,0,0,0,0,61,18,43,23,38,25,10.4009248575497,12.3483531527869,0.385905908704953,2020-05-11,2020,5
"11416","SC",4,"Sul",42011,"Rio do Sul",230580,32890.0302050915,20,54,13,41,15,39,0,0,0,0,0,54,13,41,15,39,35,10.4009248575497,12.3483531527869,0.384036679231693,2020-05-18,2020,5
"11417","SC",4,"Sul",42011,"Rio do Sul",230580,32890.0302050915,21,65,13,52,27,38,0,0,0,0,0,65,13,52,27,38,24,10.4009248575497,12.3483531527869,0.379968066769122,2020-05-25,2020,5
"11418","SC",4,"Sul",42011,"Rio do Sul",230580,32890.0302050915,22,62,15,47,13,49,1,0,0,0,0,63,15,47,13,49,28,10.4009248575497,12.3483531527869,0.367620352673465,2020-06-01,2020,6
"11419","SC",4,"Sul",42011,"Rio do Sul",230580,32890.0302050915,23,54,17,37,15,39,1,0,0,0,0,55,17,37,15,39,28,10.4009248575497,12.3483531527869,0.381554710925823,2020-06-08,2020,6
"11420","SC",4,"Sul",42011,"Rio do Sul",230580,32890.0302050915,24,65,16,49,24,41,0,0,0,0,0,65,16,49,24,41,23,10.4009248575497,12.3483531527869,0.356938764641997,2020-06-15,2020,6
"11421","SC",4,"Sul",42011,"Rio do Sul",230580,32890.0302050915,25,56,12,44,23,33,0,0,0,0,0,56,12,44,23,33,27,10.4009248575497,12.3483531527869,0.379695570963999,2020-06-22,2020,6
"11422","SC",4,"Sul",42011,"Rio do Sul",230580,32890.0302050915,26,79,23,56,21,58,1,0,0,0,0,80,23,56,21,58,26,10.4009248575497,12.3483531527869,0.387183600881198,2020-06-29,2020,6
"11423","SC",4,"Sul",42011,"Rio do Sul",230580,32890.0302050915,27,54,16,38,20,34,0,0,0,0,0,54,16,38,20,34,27,10.4009248575497,12.3483531527869,0.372758863970613,2020-07-06,2020,7
"11424","SC",4,"Sul",42011,"Rio do Sul",230580,32890.0302050915,28,51,16,35,22,29,0,0,0,0,0,51,16,35,22,29,30,10.4009248575497,12.3483531527869,0.366333387688888,2020-07-13,2020,7
"11425","SC",4,"Sul",42011,"Rio do Sul",230580,32890.0302050915,29,52,9,43,15,37,0,0,0,0,0,52,9,43,15,37,31,10.4009248575497,12.3483531527869,0.38092012325879,2020-07-20,2020,7
"11426","SC",4,"Sul",42012,"Blumenau",821159,45682.139477592,5,162,32,130,45,117,3,0,0,0,0,165,32,130,45,117,76,10.7294626794326,13.6184720359443,0.301047922231372,2020-02-03,2020,2
"11427","SC",4,"Sul",42012,"Blumenau",821159,45682.139477592,6,191,35,156,67,124,0,0,0,0,0,191,35,156,67,124,61,10.7294626794326,13.6184720359443,0.291427827832826,2020-02-10,2020,2
"11428","SC",4,"Sul",42012,"Blumenau",821159,45682.139477592,7,164,37,127,47,117,4,0,0,0,0,168,37,127,47,117,86,10.7294626794326,13.6184720359443,0.305384273601049,2020-02-17,2020,2
"11429","SC",4,"Sul",42012,"Blumenau",821159,45682.139477592,8,164,28,136,47,117,2,0,0,0,0,166,28,136,47,117,72,10.7294626794326,13.6184720359443,0.338390540758009,2020-02-24,2020,2
"11430","SC",4,"Sul",42012,"Blumenau",821159,45682.139477592,9,182,42,140,58,124,0,0,0,0,0,182,42,140,58,124,77,10.7294626794326,13.6184720359443,0.322340552855214,2020-03-02,2020,3
"11431","SC",4,"Sul",42012,"Blumenau",821159,45682.139477592,10,188,35,153,61,127,1,0,0,0,0,189,35,153,61,127,74,10.7294626794326,13.6184720359443,0.331321813737061,2020-03-09,2020,3
"11432","SC",4,"Sul",42012,"Blumenau",821159,45682.139477592,11,156,33,123,51,105,2,0,0,0,0,158,33,123,51,105,85,10.7294626794326,13.6184720359443,0.49172273494742,2020-03-16,2020,3
"11433","SC",4,"Sul",42012,"Blumenau",821159,45682.139477592,12,158,26,132,57,101,1,0,0,0,0,159,26,132,57,101,81,10.7294626794326,13.6184720359443,0.628895650961853,2020-03-23,2020,3
"11434","SC",4,"Sul",42012,"Blumenau",821159,45682.139477592,13,164,29,135,57,107,2,0,0,0,0,166,29,135,57,107,75,10.7294626794326,13.6184720359443,0.53378126388767,2020-03-30,2020,3
"11435","SC",4,"Sul",42012,"Blumenau",821159,45682.139477592,14,157,26,131,46,111,0,0,0,0,0,157,26,131,46,111,56,10.7294626794326,13.6184720359443,0.485744465852616,2020-04-06,2020,4
"11436","SC",4,"Sul",42012,"Blumenau",821159,45682.139477592,15,171,29,142,50,121,2,0,0,0,0,173,29,142,50,121,70,10.7294626794326,13.6184720359443,0.450138596737278,2020-04-13,2020,4
"11437","SC",4,"Sul",42012,"Blumenau",821159,45682.139477592,16,181,40,141,55,126,2,0,0,0,0,183,40,141,55,126,76,10.7294626794326,13.6184720359443,0.447835078858057,2020-04-20,2020,4
"11438","SC",4,"Sul",42012,"Blumenau",821159,45682.139477592,17,157,27,130,44,113,1,0,0,0,0,158,27,130,44,113,69,10.7294626794326,13.6184720359443,0.439032253103317,2020-04-27,2020,4
"11439","SC",4,"Sul",42012,"Blumenau",821159,45682.139477592,18,159,33,126,43,116,3,0,0,0,0,162,33,126,43,116,91,10.7294626794326,13.6184720359443,0.401989462126636,2020-05-04,2020,5
"11440","SC",4,"Sul",42012,"Blumenau",821159,45682.139477592,19,145,29,116,45,100,3,0,0,0,0,148,29,116,45,100,82,10.7294626794326,13.6184720359443,0.407737875128934,2020-05-11,2020,5
"11441","SC",4,"Sul",42012,"Blumenau",821159,45682.139477592,20,146,28,118,49,97,3,0,0,0,0,149,28,118,49,97,61,10.7294626794326,13.6184720359443,0.403298276358727,2020-05-18,2020,5
"11442","SC",4,"Sul",42012,"Blumenau",821159,45682.139477592,21,157,28,129,53,104,4,0,0,0,0,161,28,129,53,104,71,10.7294626794326,13.6184720359443,0.395470924616518,2020-05-25,2020,5
"11443","SC",4,"Sul",42012,"Blumenau",821159,45682.139477592,22,153,27,126,45,108,4,0,0,0,0,157,27,126,45,108,85,10.7294626794326,13.6184720359443,0.397241557348158,2020-06-01,2020,6
"11444","SC",4,"Sul",42012,"Blumenau",821159,45682.139477592,23,133,24,109,43,90,1,0,0,0,0,134,24,109,43,90,86,10.7294626794326,13.6184720359443,0.400569398527097,2020-06-08,2020,6
"11445","SC",4,"Sul",42012,"Blumenau",821159,45682.139477592,24,136,26,110,41,95,2,0,0,0,0,138,26,110,41,95,88,10.7294626794326,13.6184720359443,0.374668288594987,2020-06-15,2020,6
"11446","SC",4,"Sul",42012,"Blumenau",821159,45682.139477592,25,138,24,114,36,102,1,0,0,0,0,139,24,114,36,102,91,10.7294626794326,13.6184720359443,0.399025363468176,2020-06-22,2020,6
"11447","SC",4,"Sul",42012,"Blumenau",821159,45682.139477592,26,120,31,89,33,87,1,0,0,0,0,121,31,89,33,87,97,10.7294626794326,13.6184720359443,0.402084326196526,2020-06-29,2020,6
"11448","SC",4,"Sul",42012,"Blumenau",821159,45682.139477592,27,172,35,137,47,125,1,0,0,0,0,173,35,137,47,125,89,10.7294626794326,13.6184720359443,0.398931274465359,2020-07-06,2020,7
"11449","SC",4,"Sul",42012,"Blumenau",821159,45682.139477592,28,149,36,113,38,111,0,0,0,0,0,149,36,113,38,111,106,10.7294626794326,13.6184720359443,0.402301062991079,2020-07-13,2020,7
"11450","SC",4,"Sul",42012,"Blumenau",821159,45682.139477592,29,134,22,112,43,91,1,0,0,0,0,135,22,112,43,91,118,10.7294626794326,13.6184720359443,0.427857854340912,2020-07-20,2020,7
"11451","SC",4,"Sul",42013,"Itajaí",752278,60836.476351947,5,211,55,156,66,145,3,0,0,0,0,214,55,156,66,145,76,11.0159448280613,13.5308612154679,0.298628278521986,2020-02-03,2020,2
"11452","SC",4,"Sul",42013,"Itajaí",752278,60836.476351947,6,193,45,148,61,132,0,0,0,0,0,193,45,148,61,132,89,11.0159448280613,13.5308612154679,0.286045378124804,2020-02-10,2020,2
"11453","SC",4,"Sul",42013,"Itajaí",752278,60836.476351947,7,215,48,167,89,126,6,0,0,0,0,221,48,167,89,126,77,11.0159448280613,13.5308612154679,0.29737663825644,2020-02-17,2020,2
"11454","SC",4,"Sul",42013,"Itajaí",752278,60836.476351947,8,225,58,167,95,130,2,0,0,0,0,227,58,167,95,130,66,11.0159448280613,13.5308612154679,0.341793172137301,2020-02-24,2020,2
"11455","SC",4,"Sul",42013,"Itajaí",752278,60836.476351947,9,227,51,176,84,143,1,0,0,0,0,228,51,176,84,143,77,11.0159448280613,13.5308612154679,0.323606892149803,2020-03-02,2020,3
"11456","SC",4,"Sul",42013,"Itajaí",752278,60836.476351947,10,229,45,184,86,143,2,0,0,0,0,231,45,184,86,143,69,11.0159448280613,13.5308612154679,0.3323111130345,2020-03-09,2020,3
"11457","SC",4,"Sul",42013,"Itajaí",752278,60836.476351947,11,215,39,176,79,136,0,0,0,0,0,215,39,176,79,136,87,11.0159448280613,13.5308612154679,0.499221883863311,2020-03-16,2020,3
"11458","SC",4,"Sul",42013,"Itajaí",752278,60836.476351947,12,178,31,147,59,119,0,0,0,0,0,178,31,147,59,119,84,11.0159448280613,13.5308612154679,0.619547103998243,2020-03-23,2020,3
"11459","SC",4,"Sul",42013,"Itajaí",752278,60836.476351947,13,184,38,146,68,116,2,0,0,0,0,186,38,146,68,116,84,11.0159448280613,13.5308612154679,0.530891100610812,2020-03-30,2020,3
"11460","SC",4,"Sul",42013,"Itajaí",752278,60836.476351947,14,215,55,160,79,136,3,0,0,0,0,218,55,160,79,136,70,11.0159448280613,13.5308612154679,0.482744011820201,2020-04-06,2020,4
"11461","SC",4,"Sul",42013,"Itajaí",752278,60836.476351947,15,234,49,185,70,164,7,0,0,0,0,241,49,185,70,164,70,11.0159448280613,13.5308612154679,0.445222824822627,2020-04-13,2020,4
"11462","SC",4,"Sul",42013,"Itajaí",752278,60836.476351947,16,208,37,171,66,142,1,0,0,0,0,209,37,171,66,142,87,11.0159448280613,13.5308612154679,0.440024804815316,2020-04-20,2020,4
"11463","SC",4,"Sul",42013,"Itajaí",752278,60836.476351947,17,206,50,156,64,142,3,0,0,0,0,209,50,156,64,142,71,11.0159448280613,13.5308612154679,0.431652195977839,2020-04-27,2020,4
"11464","SC",4,"Sul",42013,"Itajaí",752278,60836.476351947,18,214,47,167,62,152,1,0,0,0,0,215,47,167,62,152,56,11.0159448280613,13.5308612154679,0.401085205952252,2020-05-04,2020,5
"11465","SC",4,"Sul",42013,"Itajaí",752278,60836.476351947,19,204,37,167,72,132,1,0,0,0,0,205,37,167,72,132,90,11.0159448280613,13.5308612154679,0.406349924815276,2020-05-11,2020,5
"11466","SC",4,"Sul",42013,"Itajaí",752278,60836.476351947,20,222,51,171,77,145,1,0,0,0,0,223,51,171,77,145,72,11.0159448280613,13.5308612154679,0.398539850512885,2020-05-18,2020,5
"11467","SC",4,"Sul",42013,"Itajaí",752278,60836.476351947,21,227,43,184,76,151,2,0,0,0,0,229,43,184,76,151,89,11.0159448280613,13.5308612154679,0.392554237808054,2020-05-25,2020,5
"11468","SC",4,"Sul",42013,"Itajaí",752278,60836.476351947,22,220,42,178,75,145,3,0,0,0,0,223,42,178,75,145,105,11.0159448280613,13.5308612154679,0.401208281709957,2020-06-01,2020,6
"11469","SC",4,"Sul",42013,"Itajaí",752278,60836.476351947,23,256,52,204,88,168,1,0,0,0,0,257,52,204,88,168,82,11.0159448280613,13.5308612154679,0.396298219675611,2020-06-08,2020,6
"11470","SC",4,"Sul",42013,"Itajaí",752278,60836.476351947,24,249,69,180,71,178,2,0,0,0,0,251,69,180,71,178,106,11.0159448280613,13.5308612154679,0.384212305435851,2020-06-15,2020,6
"11471","SC",4,"Sul",42013,"Itajaí",752278,60836.476351947,25,207,48,159,76,131,2,0,0,0,0,209,48,159,76,131,89,11.0159448280613,13.5308612154679,0.402800462675934,2020-06-22,2020,6
"11472","SC",4,"Sul",42013,"Itajaí",752278,60836.476351947,26,209,45,164,57,152,2,0,0,0,0,211,45,164,57,152,120,11.0159448280613,13.5308612154679,0.406375216416268,2020-06-29,2020,6
"11473","SC",4,"Sul",42013,"Itajaí",752278,60836.476351947,27,220,49,171,78,142,5,0,0,0,0,225,49,171,78,142,122,11.0159448280613,13.5308612154679,0.405931734908581,2020-07-06,2020,7
"11474","SC",4,"Sul",42013,"Itajaí",752278,60836.476351947,28,239,52,187,77,162,1,0,0,0,0,240,52,187,77,162,117,11.0159448280613,13.5308612154679,0.403255579639908,2020-07-13,2020,7
"11475","SC",4,"Sul",42013,"Itajaí",752278,60836.476351947,29,234,68,166,73,161,1,0,0,0,0,235,68,166,73,161,130,11.0159448280613,13.5308612154679,0.405345114711152,2020-07-20,2020,7
"11476","SC",4,"Sul",42014,"Ituporanga",61044,33286.0649262827,5,18,4,14,7,11,0,0,0,0,0,18,4,14,7,11,11,10.412894117703,11.0193501946108,0.302706790621168,2020-02-03,2020,2
"11477","SC",4,"Sul",42014,"Ituporanga",61044,33286.0649262827,6,16,3,13,5,11,0,0,0,0,0,16,3,13,5,11,8,10.412894117703,11.0193501946108,0.299487706493353,2020-02-10,2020,2
"11478","SC",4,"Sul",42014,"Ituporanga",61044,33286.0649262827,7,15,3,12,7,8,0,0,0,0,0,15,3,12,7,8,4,10.412894117703,11.0193501946108,0.300998630054772,2020-02-17,2020,2
"11479","SC",4,"Sul",42014,"Ituporanga",61044,33286.0649262827,8,15,5,10,6,9,0,0,0,0,0,15,5,10,6,9,6,10.412894117703,11.0193501946108,0.341837420156645,2020-02-24,2020,2
"11480","SC",4,"Sul",42014,"Ituporanga",61044,33286.0649262827,9,10,0,10,1,9,0,0,0,0,0,10,0,10,1,9,7,10.412894117703,11.0193501946108,0.308572392058708,2020-03-02,2020,3
"11481","SC",4,"Sul",42014,"Ituporanga",61044,33286.0649262827,10,9,5,4,3,6,0,0,0,0,0,9,5,4,3,6,8,10.412894117703,11.0193501946108,0.317550051421099,2020-03-09,2020,3
"11482","SC",4,"Sul",42014,"Ituporanga",61044,33286.0649262827,11,9,3,6,5,4,0,0,0,0,0,9,3,6,5,4,13,10.412894117703,11.0193501946108,0.44900750842196,2020-03-16,2020,3
"11483","SC",4,"Sul",42014,"Ituporanga",61044,33286.0649262827,12,6,2,4,1,5,0,0,0,0,0,6,2,4,1,5,13,10.412894117703,11.0193501946108,0.548533855514181,2020-03-23,2020,3
"11484","SC",4,"Sul",42014,"Ituporanga",61044,33286.0649262827,13,13,3,10,6,7,1,0,0,0,0,14,3,10,6,7,8,10.412894117703,11.0193501946108,0.451649055253401,2020-03-30,2020,3
"11485","SC",4,"Sul",42014,"Ituporanga",61044,33286.0649262827,14,16,4,12,8,8,0,0,0,0,0,16,4,12,8,8,10,10.412894117703,11.0193501946108,0.429935876261973,2020-04-06,2020,4
"11486","SC",4,"Sul",42014,"Ituporanga",61044,33286.0649262827,15,9,2,7,2,7,0,0,0,0,0,9,2,7,2,7,12,10.412894117703,11.0193501946108,0.400844906067773,2020-04-13,2020,4
"11487","SC",4,"Sul",42014,"Ituporanga",61044,33286.0649262827,16,9,5,4,4,5,0,0,0,0,0,9,5,4,4,5,7,10.412894117703,11.0193501946108,0.386290455210853,2020-04-20,2020,4
"11488","SC",4,"Sul",42014,"Ituporanga",61044,33286.0649262827,17,15,3,12,4,11,0,0,0,0,0,15,3,12,4,11,6,10.412894117703,11.0193501946108,0.414758237248515,2020-04-27,2020,4
"11489","SC",4,"Sul",42014,"Ituporanga",61044,33286.0649262827,18,13,5,8,5,8,0,0,0,0,0,13,5,8,5,8,7,10.412894117703,11.0193501946108,0.381014685288627,2020-05-04,2020,5
"11490","SC",4,"Sul",42014,"Ituporanga",61044,33286.0649262827,19,14,5,9,6,8,0,0,0,0,0,14,5,9,6,8,11,10.412894117703,11.0193501946108,0.379010289281478,2020-05-11,2020,5
"11491","SC",4,"Sul",42014,"Ituporanga",61044,33286.0649262827,20,13,4,9,3,10,1,0,0,0,0,14,4,9,3,10,7,10.412894117703,11.0193501946108,0.388607573049952,2020-05-18,2020,5
"11492","SC",4,"Sul",42014,"Ituporanga",61044,33286.0649262827,21,22,6,16,9,13,0,0,0,0,0,22,6,16,9,13,6,10.412894117703,11.0193501946108,0.375071429472471,2020-05-25,2020,5
"11493","SC",4,"Sul",42014,"Ituporanga",61044,33286.0649262827,22,22,4,18,10,12,0,0,0,0,0,22,4,18,10,12,10,10.412894117703,11.0193501946108,0.388089461494237,2020-06-01,2020,6
"11494","SC",4,"Sul",42014,"Ituporanga",61044,33286.0649262827,23,21,3,18,7,14,0,0,0,0,0,21,3,18,7,14,13,10.412894117703,11.0193501946108,0.379372677605754,2020-06-08,2020,6
"11495","SC",4,"Sul",42014,"Ituporanga",61044,33286.0649262827,24,21,3,18,6,15,0,0,0,0,0,21,3,18,6,15,9,10.412894117703,11.0193501946108,0.354760403780898,2020-06-15,2020,6
"11496","SC",4,"Sul",42014,"Ituporanga",61044,33286.0649262827,25,15,3,12,2,13,1,0,0,0,0,16,3,12,2,13,8,10.412894117703,11.0193501946108,0.377461315682583,2020-06-22,2020,6
"11497","SC",4,"Sul",42014,"Ituporanga",61044,33286.0649262827,26,12,3,9,6,6,0,0,0,0,0,12,3,9,6,6,10,10.412894117703,11.0193501946108,0.375942570782138,2020-06-29,2020,6
"11498","SC",4,"Sul",42014,"Ituporanga",61044,33286.0649262827,27,13,2,11,3,10,0,0,0,0,0,13,2,11,3,10,7,10.412894117703,11.0193501946108,0.384854797572738,2020-07-06,2020,7
"11499","SC",4,"Sul",42014,"Ituporanga",61044,33286.0649262827,28,10,2,8,2,8,0,0,0,0,0,10,2,8,2,8,7,10.412894117703,11.0193501946108,0.359220357157899,2020-07-13,2020,7
"11500","SC",4,"Sul",42014,"Ituporanga",61044,33286.0649262827,29,17,3,14,5,12,0,0,0,0,0,17,3,14,5,12,9,10.412894117703,11.0193501946108,0.377003381455587,2020-07-20,2020,7
"11501","SC",4,"Sul",42015,"Tijucas",116115,31132.1864186367,5,20,6,14,8,12,0,0,0,0,0,20,6,14,8,12,11,10.3459974960684,11.6623363583069,0.30972004567638,2020-02-03,2020,2
"11502","SC",4,"Sul",42015,"Tijucas",116115,31132.1864186367,6,27,8,19,6,21,1,0,0,0,0,28,8,19,6,21,2,10.3459974960684,11.6623363583069,0.296266245082928,2020-02-10,2020,2
"11503","SC",4,"Sul",42015,"Tijucas",116115,31132.1864186367,7,33,11,22,11,22,0,0,0,0,0,33,11,22,11,22,12,10.3459974960684,11.6623363583069,0.308801652625511,2020-02-17,2020,2
"11504","SC",4,"Sul",42015,"Tijucas",116115,31132.1864186367,8,24,8,16,5,19,0,0,0,0,0,24,8,16,5,19,10,10.3459974960684,11.6623363583069,0.331950757370575,2020-02-24,2020,2
"11505","SC",4,"Sul",42015,"Tijucas",116115,31132.1864186367,9,28,9,19,9,19,2,0,0,0,0,30,9,19,9,19,11,10.3459974960684,11.6623363583069,0.314321012177882,2020-03-02,2020,3
"11506","SC",4,"Sul",42015,"Tijucas",116115,31132.1864186367,10,33,9,24,16,17,0,0,0,0,0,33,9,24,16,17,8,10.3459974960684,11.6623363583069,0.323824814725741,2020-03-09,2020,3
"11507","SC",4,"Sul",42015,"Tijucas",116115,31132.1864186367,11,33,7,26,8,25,0,0,0,0,0,33,7,26,8,25,9,10.3459974960684,11.6623363583069,0.4685059841294,2020-03-16,2020,3
"11508","SC",4,"Sul",42015,"Tijucas",116115,31132.1864186367,12,26,8,18,11,15,0,0,0,0,0,26,8,18,11,15,15,10.3459974960684,11.6623363583069,0.592346118923876,2020-03-23,2020,3
"11509","SC",4,"Sul",42015,"Tijucas",116115,31132.1864186367,13,22,9,13,7,15,0,0,0,0,0,22,9,13,7,15,12,10.3459974960684,11.6623363583069,0.490857182719278,2020-03-30,2020,3
"11510","SC",4,"Sul",42015,"Tijucas",116115,31132.1864186367,14,38,9,29,15,23,0,0,0,0,0,38,9,29,15,23,11,10.3459974960684,11.6623363583069,0.448517165868982,2020-04-06,2020,4
"11511","SC",4,"Sul",42015,"Tijucas",116115,31132.1864186367,15,25,10,15,12,13,0,0,0,0,0,25,10,15,12,13,15,10.3459974960684,11.6623363583069,0.423498758798451,2020-04-13,2020,4
"11512","SC",4,"Sul",42015,"Tijucas",116115,31132.1864186367,16,30,8,22,15,15,0,0,0,0,0,30,8,22,15,15,16,10.3459974960684,11.6623363583069,0.417307199634428,2020-04-20,2020,4
"11513","SC",4,"Sul",42015,"Tijucas",116115,31132.1864186367,17,24,7,17,5,19,0,0,0,0,0,24,7,17,5,19,11,10.3459974960684,11.6623363583069,0.416146025931373,2020-04-27,2020,4
"11514","SC",4,"Sul",42015,"Tijucas",116115,31132.1864186367,18,24,10,14,12,12,1,0,0,0,0,25,10,14,12,12,11,10.3459974960684,11.6623363583069,0.382105429728669,2020-05-04,2020,5
"11515","SC",4,"Sul",42015,"Tijucas",116115,31132.1864186367,19,29,11,18,8,21,1,0,0,0,0,30,11,18,8,21,12,10.3459974960684,11.6623363583069,0.392058175274416,2020-05-11,2020,5
"11516","SC",4,"Sul",42015,"Tijucas",116115,31132.1864186367,20,23,3,20,12,11,1,0,0,0,0,24,3,20,12,11,9,10.3459974960684,11.6623363583069,0.383221365914032,2020-05-18,2020,5
"11517","SC",4,"Sul",42015,"Tijucas",116115,31132.1864186367,21,33,8,25,16,17,0,0,0,0,0,33,8,25,16,17,15,10.3459974960684,11.6623363583069,0.383543010111517,2020-05-25,2020,5
"11518","SC",4,"Sul",42015,"Tijucas",116115,31132.1864186367,22,27,11,16,11,16,0,0,0,0,0,27,11,16,11,16,15,10.3459974960684,11.6623363583069,0.38008359014327,2020-06-01,2020,6
"11519","SC",4,"Sul",42015,"Tijucas",116115,31132.1864186367,23,21,4,17,9,12,0,0,0,0,0,21,4,17,9,12,12,10.3459974960684,11.6623363583069,0.38531336878097,2020-06-08,2020,6
"11520","SC",4,"Sul",42015,"Tijucas",116115,31132.1864186367,24,30,10,20,8,22,0,0,0,0,0,30,10,20,8,22,17,10.3459974960684,11.6623363583069,0.362236420359998,2020-06-15,2020,6
"11521","SC",4,"Sul",42015,"Tijucas",116115,31132.1864186367,25,26,4,22,7,19,0,0,0,0,0,26,4,22,7,19,15,10.3459974960684,11.6623363583069,0.39056636699419,2020-06-22,2020,6
"11522","SC",4,"Sul",42015,"Tijucas",116115,31132.1864186367,26,32,13,19,10,22,0,0,0,0,0,32,13,19,10,22,20,10.3459974960684,11.6623363583069,0.395180984766388,2020-06-29,2020,6
"11523","SC",4,"Sul",42015,"Tijucas",116115,31132.1864186367,27,25,4,21,10,15,0,0,0,0,0,25,4,21,10,15,17,10.3459974960684,11.6623363583069,0.386828871330322,2020-07-06,2020,7
"11524","SC",4,"Sul",42015,"Tijucas",116115,31132.1864186367,28,31,9,22,14,17,1,0,0,0,0,32,9,22,14,17,12,10.3459974960684,11.6623363583069,0.376196307120561,2020-07-13,2020,7
"11525","SC",4,"Sul",42015,"Tijucas",116115,31132.1864186367,29,28,9,19,13,15,0,0,0,0,0,28,9,19,13,15,16,10.3459974960684,11.6623363583069,0.389185768189186,2020-07-20,2020,7
"11526","SC",4,"Sul",42016,"Florianópolis",1064067,39890.8405217341,5,228,40,188,61,167,5,0,0,0,0,233,40,188,61,167,96,10.593902015666,13.877608916826,0.288739342780587,2020-02-03,2020,2
"11527","SC",4,"Sul",42016,"Florianópolis",1064067,39890.8405217341,6,238,27,211,52,186,2,0,0,0,0,240,27,211,52,186,101,10.593902015666,13.877608916826,0.274695316529001,2020-02-10,2020,2
"11528","SC",4,"Sul",42016,"Florianópolis",1064067,39890.8405217341,7,242,38,204,67,175,3,0,0,0,0,245,38,204,67,175,101,10.593902015666,13.877608916826,0.290066399934976,2020-02-17,2020,2
"11529","SC",4,"Sul",42016,"Florianópolis",1064067,39890.8405217341,8,234,44,190,56,178,0,0,0,0,0,234,44,190,56,178,91,10.593902015666,13.877608916826,0.337427762084389,2020-02-24,2020,2
"11530","SC",4,"Sul",42016,"Florianópolis",1064067,39890.8405217341,9,222,44,178,60,162,1,0,0,0,0,223,44,178,60,162,95,10.593902015666,13.877608916826,0.312264956499821,2020-03-02,2020,3
"11531","SC",4,"Sul",42016,"Florianópolis",1064067,39890.8405217341,10,249,55,194,85,164,1,0,0,0,0,250,55,194,85,164,103,10.593902015666,13.877608916826,0.324100654751444,2020-03-09,2020,3
"11532","SC",4,"Sul",42016,"Florianópolis",1064067,39890.8405217341,11,201,40,161,67,134,0,0,0,0,0,201,40,161,67,134,133,10.593902015666,13.877608916826,0.507656495239356,2020-03-16,2020,3
"11533","SC",4,"Sul",42016,"Florianópolis",1064067,39890.8405217341,12,215,43,172,67,148,2,0,0,0,0,217,43,172,67,148,107,10.593902015666,13.877608916826,0.638496214987429,2020-03-23,2020,3
"11534","SC",4,"Sul",42016,"Florianópolis",1064067,39890.8405217341,13,223,36,187,50,173,2,0,0,0,0,225,36,187,50,173,90,10.593902015666,13.877608916826,0.55453715088874,2020-03-30,2020,3
"11535","SC",4,"Sul",42016,"Florianópolis",1064067,39890.8405217341,14,238,49,189,76,162,1,0,0,0,0,239,49,189,76,162,113,10.593902015666,13.877608916826,0.518040862234485,2020-04-06,2020,4
"11536","SC",4,"Sul",42016,"Florianópolis",1064067,39890.8405217341,15,220,46,174,72,148,1,0,0,0,0,221,46,174,72,148,116,10.593902015666,13.877608916826,0.485874231841153,2020-04-13,2020,4
"11537","SC",4,"Sul",42016,"Florianópolis",1064067,39890.8405217341,16,264,53,211,72,192,1,0,0,0,0,265,53,211,72,192,106,10.593902015666,13.877608916826,0.475759065696175,2020-04-20,2020,4
"11538","SC",4,"Sul",42016,"Florianópolis",1064067,39890.8405217341,17,273,54,219,70,203,4,0,0,0,0,277,54,219,70,203,102,10.593902015666,13.877608916826,0.457400445068962,2020-04-27,2020,4
"11539","SC",4,"Sul",42016,"Florianópolis",1064067,39890.8405217341,18,242,43,199,78,164,1,0,0,0,0,243,43,199,78,164,101,10.593902015666,13.877608916826,0.422547990919806,2020-05-04,2020,5
"11540","SC",4,"Sul",42016,"Florianópolis",1064067,39890.8405217341,19,285,41,244,81,204,1,0,0,0,0,286,41,244,81,204,88,10.593902015666,13.877608916826,0.426103859380677,2020-05-11,2020,5
"11541","SC",4,"Sul",42016,"Florianópolis",1064067,39890.8405217341,20,270,50,220,74,196,2,0,0,0,0,272,50,220,74,196,98,10.593902015666,13.877608916826,0.420339612257725,2020-05-18,2020,5
"11542","SC",4,"Sul",42016,"Florianópolis",1064067,39890.8405217341,21,289,56,233,92,197,2,0,0,0,0,291,56,233,92,197,95,10.593902015666,13.877608916826,0.409141208313811,2020-05-25,2020,5
"11543","SC",4,"Sul",42016,"Florianópolis",1064067,39890.8405217341,22,281,45,236,82,199,2,0,0,0,0,283,45,236,82,199,101,10.593902015666,13.877608916826,0.410757007232775,2020-06-01,2020,6
"11544","SC",4,"Sul",42016,"Florianópolis",1064067,39890.8405217341,23,286,48,238,78,208,0,0,0,0,0,286,48,238,78,208,105,10.593902015666,13.877608916826,0.409589406822663,2020-06-08,2020,6
"11545","SC",4,"Sul",42016,"Florianópolis",1064067,39890.8405217341,24,288,51,237,79,209,2,0,0,0,0,290,51,237,79,209,106,10.593902015666,13.877608916826,0.388476943592255,2020-06-15,2020,6
"11546","SC",4,"Sul",42016,"Florianópolis",1064067,39890.8405217341,25,255,53,202,87,168,1,0,0,0,0,256,53,202,87,168,118,10.593902015666,13.877608916826,0.418131948429374,2020-06-22,2020,6
"11547","SC",4,"Sul",42016,"Florianópolis",1064067,39890.8405217341,26,246,33,213,71,175,5,0,0,0,0,251,33,213,71,175,137,10.593902015666,13.877608916826,0.421478862523334,2020-06-29,2020,6
"11548","SC",4,"Sul",42016,"Florianópolis",1064067,39890.8405217341,27,291,56,235,77,214,1,0,0,0,0,292,56,235,77,214,152,10.593902015666,13.877608916826,0.426112577178936,2020-07-06,2020,7
"11549","SC",4,"Sul",42016,"Florianópolis",1064067,39890.8405217341,28,280,43,237,60,220,1,0,0,0,0,281,43,237,60,220,154,10.593902015666,13.877608916826,0.415207940000331,2020-07-13,2020,7
"11550","SC",4,"Sul",42016,"Florianópolis",1064067,39890.8405217341,29,244,30,214,58,186,1,0,0,0,0,245,30,214,58,186,159,10.593902015666,13.877608916826,0.42341078475247,2020-07-20,2020,7
"11551","SC",4,"Sul",42017,"Tabuleiro",25574,26467.3180761711,5,4,1,3,2,2,0,0,0,0,0,4,1,3,2,2,5,10.183665970714,10.1493314893711,0.318301698048158,2020-02-03,2020,2
"11552","SC",4,"Sul",42017,"Tabuleiro",25574,26467.3180761711,6,4,1,3,0,4,0,0,0,0,0,4,1,3,0,4,4,10.183665970714,10.1493314893711,0.301355503711,2020-02-10,2020,2
"11553","SC",4,"Sul",42017,"Tabuleiro",25574,26467.3180761711,7,11,1,10,2,9,0,0,0,0,0,11,1,10,2,9,2,10.183665970714,10.1493314893711,0.29793847365026,2020-02-17,2020,2
"11554","SC",4,"Sul",42017,"Tabuleiro",25574,26467.3180761711,8,2,1,1,2,0,0,0,0,0,0,2,1,1,2,0,2,10.183665970714,10.1493314893711,0.365089405239565,2020-02-24,2020,2
"11555","SC",4,"Sul",42017,"Tabuleiro",25574,26467.3180761711,9,7,5,2,1,6,0,0,0,0,0,7,5,2,1,6,3,10.183665970714,10.1493314893711,0.326899104401912,2020-03-02,2020,3
"11556","SC",4,"Sul",42017,"Tabuleiro",25574,26467.3180761711,10,8,4,4,0,8,0,0,0,0,0,8,4,4,0,8,6,10.183665970714,10.1493314893711,0.342611581265558,2020-03-09,2020,3
"11557","SC",4,"Sul",42017,"Tabuleiro",25574,26467.3180761711,11,1,1,0,0,1,0,0,0,0,0,1,1,0,0,1,2,10.183665970714,10.1493314893711,0.490744399145907,2020-03-16,2020,3
"11558","SC",4,"Sul",42017,"Tabuleiro",25574,26467.3180761711,12,7,3,4,1,6,0,0,0,0,0,7,3,4,1,6,3,10.183665970714,10.1493314893711,0.58026964866859,2020-03-23,2020,3
"11559","SC",4,"Sul",42017,"Tabuleiro",25574,26467.3180761711,13,7,1,6,3,4,0,0,0,0,0,7,1,6,3,4,4,10.183665970714,10.1493314893711,0.499710803937868,2020-03-30,2020,3
"11560","SC",4,"Sul",42017,"Tabuleiro",25574,26467.3180761711,14,4,1,3,2,2,0,0,0,0,0,4,1,3,2,2,4,10.183665970714,10.1493314893711,0.479100292621188,2020-04-06,2020,4
"11561","SC",4,"Sul",42017,"Tabuleiro",25574,26467.3180761711,15,4,2,2,0,4,0,0,0,0,0,4,2,2,0,4,4,10.183665970714,10.1493314893711,0.477376038289718,2020-04-13,2020,4
"11562","SC",4,"Sul",42017,"Tabuleiro",25574,26467.3180761711,16,5,4,1,4,1,0,0,0,0,0,5,4,1,4,1,1,10.183665970714,10.1493314893711,0.456439771456187,2020-04-20,2020,4
"11563","SC",4,"Sul",42017,"Tabuleiro",25574,26467.3180761711,17,8,2,6,2,6,0,0,0,0,0,8,2,6,2,6,5,10.183665970714,10.1493314893711,0.436391122206478,2020-04-27,2020,4
"11564","SC",4,"Sul",42017,"Tabuleiro",25574,26467.3180761711,18,2,1,1,0,2,0,0,0,0,0,2,1,1,0,2,4,10.183665970714,10.1493314893711,0.427992223801093,2020-05-04,2020,5
"11565","SC",4,"Sul",42017,"Tabuleiro",25574,26467.3180761711,19,3,1,2,0,3,0,0,0,0,0,3,1,2,0,3,5,10.183665970714,10.1493314893711,0.422402575132343,2020-05-11,2020,5
"11566","SC",4,"Sul",42017,"Tabuleiro",25574,26467.3180761711,20,3,1,2,1,2,0,0,0,0,0,3,1,2,1,2,3,10.183665970714,10.1493314893711,0.409104974184644,2020-05-18,2020,5
"11567","SC",4,"Sul",42017,"Tabuleiro",25574,26467.3180761711,21,6,1,5,2,4,0,0,0,0,0,6,1,5,2,4,2,10.183665970714,10.1493314893711,0.418248625577776,2020-05-25,2020,5
"11568","SC",4,"Sul",42017,"Tabuleiro",25574,26467.3180761711,22,6,3,3,2,4,0,0,0,0,0,6,3,3,2,4,2,10.183665970714,10.1493314893711,0.413414682292128,2020-06-01,2020,6
"11569","SC",4,"Sul",42017,"Tabuleiro",25574,26467.3180761711,23,6,0,6,0,6,0,0,0,0,0,6,0,6,0,6,1,10.183665970714,10.1493314893711,0.422011466586285,2020-06-08,2020,6
"11570","SC",4,"Sul",42017,"Tabuleiro",25574,26467.3180761711,24,6,2,4,2,4,0,0,0,0,0,6,2,4,2,4,3,10.183665970714,10.1493314893711,0.394013111138841,2020-06-15,2020,6
"11571","SC",4,"Sul",42017,"Tabuleiro",25574,26467.3180761711,25,7,1,6,4,3,0,0,0,0,0,7,1,6,4,3,6,10.183665970714,10.1493314893711,0.424609166132107,2020-06-22,2020,6
"11572","SC",4,"Sul",42017,"Tabuleiro",25574,26467.3180761711,26,6,2,4,1,5,0,0,0,0,0,6,2,4,1,5,4,10.183665970714,10.1493314893711,0.397452894785688,2020-06-29,2020,6
"11573","SC",4,"Sul",42017,"Tabuleiro",25574,26467.3180761711,27,4,0,4,0,4,0,0,0,0,0,4,0,4,0,4,4,10.183665970714,10.1493314893711,0.435508480067479,2020-07-06,2020,7
"11574","SC",4,"Sul",42017,"Tabuleiro",25574,26467.3180761711,28,5,2,3,0,5,0,0,0,0,0,5,2,3,0,5,4,10.183665970714,10.1493314893711,0.423085070443875,2020-07-13,2020,7
"11575","SC",4,"Sul",42017,"Tabuleiro",25574,26467.3180761711,29,7,1,6,1,6,0,0,0,0,0,7,1,6,1,6,2,10.183665970714,10.1493314893711,0.415880653054019,2020-07-20,2020,7
"11576","SC",4,"Sul",42018,"Tubarão",418365,31375.0868321681,5,92,16,76,25,67,0,0,0,0,0,92,16,76,25,67,63,10.3537694439894,12.9441095362262,0.300698849160808,2020-02-03,2020,2
"11577","SC",4,"Sul",42018,"Tubarão",418365,31375.0868321681,6,98,17,81,22,76,0,0,0,0,0,98,17,81,22,76,55,10.3537694439894,12.9441095362262,0.28948461211045,2020-02-10,2020,2
"11578","SC",4,"Sul",42018,"Tubarão",418365,31375.0868321681,7,98,13,85,29,69,1,0,0,0,0,99,13,85,29,69,49,10.3537694439894,12.9441095362262,0.304568368324567,2020-02-17,2020,2
"11579","SC",4,"Sul",42018,"Tubarão",418365,31375.0868321681,8,89,14,75,21,68,0,0,0,0,0,89,14,75,21,68,48,10.3537694439894,12.9441095362262,0.350850210759111,2020-02-24,2020,2
"11580","SC",4,"Sul",42018,"Tubarão",418365,31375.0868321681,9,106,26,80,26,80,0,0,0,0,0,106,26,80,26,80,56,10.3537694439894,12.9441095362262,0.32413154063768,2020-03-02,2020,3
"11581","SC",4,"Sul",42018,"Tubarão",418365,31375.0868321681,10,122,24,98,36,86,3,0,0,0,0,125,24,98,36,86,51,10.3537694439894,12.9441095362262,0.330952761683783,2020-03-09,2020,3
"11582","SC",4,"Sul",42018,"Tubarão",418365,31375.0868321681,11,90,21,69,27,63,1,0,0,0,0,91,21,69,27,63,56,10.3537694439894,12.9441095362262,0.502252950084225,2020-03-16,2020,3
"11583","SC",4,"Sul",42018,"Tubarão",418365,31375.0868321681,12,74,20,54,22,52,0,0,0,0,0,74,20,54,22,52,54,10.3537694439894,12.9441095362262,0.6028979458623,2020-03-23,2020,3
"11584","SC",4,"Sul",42018,"Tubarão",418365,31375.0868321681,13,73,14,59,29,44,0,0,0,0,0,73,14,59,29,44,54,10.3537694439894,12.9441095362262,0.51933437853394,2020-03-30,2020,3
"11585","SC",4,"Sul",42018,"Tubarão",418365,31375.0868321681,14,93,20,73,32,61,0,0,0,0,0,93,20,73,32,61,51,10.3537694439894,12.9441095362262,0.485082371545059,2020-04-06,2020,4
"11586","SC",4,"Sul",42018,"Tubarão",418365,31375.0868321681,15,88,21,67,24,64,0,0,0,0,0,88,21,67,24,64,40,10.3537694439894,12.9441095362262,0.442426894052685,2020-04-13,2020,4
"11587","SC",4,"Sul",42018,"Tubarão",418365,31375.0868321681,16,90,18,72,20,70,4,0,0,0,0,94,18,72,20,70,43,10.3537694439894,12.9441095362262,0.434428648001536,2020-04-20,2020,4
"11588","SC",4,"Sul",42018,"Tubarão",418365,31375.0868321681,17,111,19,92,28,83,0,0,0,0,0,111,19,92,28,83,43,10.3537694439894,12.9441095362262,0.432341030914982,2020-04-27,2020,4
"11589","SC",4,"Sul",42018,"Tubarão",418365,31375.0868321681,18,108,32,76,40,68,0,0,0,0,0,108,32,76,40,68,45,10.3537694439894,12.9441095362262,0.399758018490079,2020-05-04,2020,5
"11590","SC",4,"Sul",42018,"Tubarão",418365,31375.0868321681,19,111,27,84,31,80,2,0,0,0,0,113,27,84,31,80,46,10.3537694439894,12.9441095362262,0.395118091561709,2020-05-11,2020,5
"11591","SC",4,"Sul",42018,"Tubarão",418365,31375.0868321681,20,107,24,83,36,71,0,0,0,0,0,107,24,83,36,71,46,10.3537694439894,12.9441095362262,0.395289517414163,2020-05-18,2020,5
"11592","SC",4,"Sul",42018,"Tubarão",418365,31375.0868321681,21,138,27,111,43,95,2,0,0,0,0,140,27,111,43,95,43,10.3537694439894,12.9441095362262,0.385263149985117,2020-05-25,2020,5
"11593","SC",4,"Sul",42018,"Tubarão",418365,31375.0868321681,22,122,23,99,27,95,0,0,0,0,0,122,23,99,27,95,47,10.3537694439894,12.9441095362262,0.391119902521405,2020-06-01,2020,6
"11594","SC",4,"Sul",42018,"Tubarão",418365,31375.0868321681,23,136,25,111,36,100,0,0,0,0,0,136,25,111,36,100,51,10.3537694439894,12.9441095362262,0.396473375728363,2020-06-08,2020,6
"11595","SC",4,"Sul",42018,"Tubarão",418365,31375.0868321681,24,127,27,100,35,92,0,0,0,0,0,127,27,100,35,92,52,10.3537694439894,12.9441095362262,0.377098461554012,2020-06-15,2020,6
"11596","SC",4,"Sul",42018,"Tubarão",418365,31375.0868321681,25,96,16,80,31,65,0,0,0,0,0,96,16,80,31,65,48,10.3537694439894,12.9441095362262,0.403195824265093,2020-06-22,2020,6
"11597","SC",4,"Sul",42018,"Tubarão",418365,31375.0868321681,26,102,27,75,45,57,0,0,0,0,0,102,27,75,45,57,59,10.3537694439894,12.9441095362262,0.406574403521462,2020-06-29,2020,6
"11598","SC",4,"Sul",42018,"Tubarão",418365,31375.0868321681,27,112,25,87,32,80,0,0,0,0,0,112,25,87,32,80,64,10.3537694439894,12.9441095362262,0.41994707019832,2020-07-06,2020,7
"11599","SC",4,"Sul",42018,"Tubarão",418365,31375.0868321681,28,98,18,80,35,63,0,0,0,0,0,98,18,80,35,63,85,10.3537694439894,12.9441095362262,0.413776994730181,2020-07-13,2020,7
"11600","SC",4,"Sul",42018,"Tubarão",418365,31375.0868321681,29,106,26,80,29,77,1,0,0,0,0,107,26,80,29,77,71,10.3537694439894,12.9441095362262,0.433820315936125,2020-07-20,2020,7
"11601","SC",4,"Sul",42019,"Criciúma",419540,36513.9384188397,5,107,22,85,31,76,0,0,0,0,0,107,22,85,31,76,39,10.5054493411638,12.9469141519528,0.297141639558742,2020-02-03,2020,2
"11602","SC",4,"Sul",42019,"Criciúma",419540,36513.9384188397,6,94,19,75,29,65,2,0,0,0,0,96,19,75,29,65,41,10.5054493411638,12.9469141519528,0.289618533042178,2020-02-10,2020,2
"11603","SC",4,"Sul",42019,"Criciúma",419540,36513.9384188397,7,76,23,53,24,52,1,0,0,0,0,77,23,53,24,52,44,10.5054493411638,12.9469141519528,0.304315343654177,2020-02-17,2020,2
"11604","SC",4,"Sul",42019,"Criciúma",419540,36513.9384188397,8,97,15,82,31,66,2,0,0,0,0,99,15,82,31,66,37,10.5054493411638,12.9469141519528,0.339095059910188,2020-02-24,2020,2
"11605","SC",4,"Sul",42019,"Criciúma",419540,36513.9384188397,9,108,21,87,29,79,1,0,0,0,0,109,21,87,29,79,53,10.5054493411638,12.9469141519528,0.316776539648862,2020-03-02,2020,3
"11606","SC",4,"Sul",42019,"Criciúma",419540,36513.9384188397,10,101,22,79,37,64,0,0,0,0,0,101,22,79,37,64,61,10.5054493411638,12.9469141519528,0.330460211950695,2020-03-09,2020,3
"11607","SC",4,"Sul",42019,"Criciúma",419540,36513.9384188397,11,104,23,81,32,72,0,0,0,0,0,104,23,81,32,72,50,10.5054493411638,12.9469141519528,0.499385290489171,2020-03-16,2020,3
"11608","SC",4,"Sul",42019,"Criciúma",419540,36513.9384188397,12,95,30,65,33,62,1,0,0,0,0,96,30,65,33,62,43,10.5054493411638,12.9469141519528,0.613756099127072,2020-03-23,2020,3
"11609","SC",4,"Sul",42019,"Criciúma",419540,36513.9384188397,13,93,25,68,34,59,0,0,0,0,0,93,25,68,34,59,32,10.5054493411638,12.9469141519528,0.528780630009721,2020-03-30,2020,3
"11610","SC",4,"Sul",42019,"Criciúma",419540,36513.9384188397,14,92,24,68,26,66,1,0,0,0,0,93,24,68,26,66,45,10.5054493411638,12.9469141519528,0.490112631367141,2020-04-06,2020,4
"11611","SC",4,"Sul",42019,"Criciúma",419540,36513.9384188397,15,84,22,62,28,56,0,0,0,0,0,84,22,62,28,56,45,10.5054493411638,12.9469141519528,0.439748820411794,2020-04-13,2020,4
"11612","SC",4,"Sul",42019,"Criciúma",419540,36513.9384188397,16,106,27,79,31,75,1,0,0,0,0,107,27,79,31,75,40,10.5054493411638,12.9469141519528,0.437023998061714,2020-04-20,2020,4
"11613","SC",4,"Sul",42019,"Criciúma",419540,36513.9384188397,17,106,33,73,36,70,0,0,0,0,0,106,33,73,36,70,42,10.5054493411638,12.9469141519528,0.426305985569608,2020-04-27,2020,4
"11614","SC",4,"Sul",42019,"Criciúma",419540,36513.9384188397,18,116,21,95,35,81,1,0,0,0,0,117,21,95,35,81,44,10.5054493411638,12.9469141519528,0.392139386651638,2020-05-04,2020,5
"11615","SC",4,"Sul",42019,"Criciúma",419540,36513.9384188397,19,132,30,102,35,97,0,0,0,0,0,132,30,102,35,97,51,10.5054493411638,12.9469141519528,0.398883157591812,2020-05-11,2020,5
"11616","SC",4,"Sul",42019,"Criciúma",419540,36513.9384188397,20,125,28,97,42,83,0,0,0,0,0,125,28,97,42,83,45,10.5054493411638,12.9469141519528,0.393069599699913,2020-05-18,2020,5
"11617","SC",4,"Sul",42019,"Criciúma",419540,36513.9384188397,21,110,23,87,29,81,0,0,0,0,0,110,23,87,29,81,44,10.5054493411638,12.9469141519528,0.383415595658096,2020-05-25,2020,5
"11618","SC",4,"Sul",42019,"Criciúma",419540,36513.9384188397,22,135,26,109,26,109,0,0,0,0,0,135,26,109,26,109,66,10.5054493411638,12.9469141519528,0.387209043906363,2020-06-01,2020,6
"11619","SC",4,"Sul",42019,"Criciúma",419540,36513.9384188397,23,112,19,93,39,73,1,0,0,0,0,113,19,93,39,73,49,10.5054493411638,12.9469141519528,0.3910054543731,2020-06-08,2020,6
"11620","SC",4,"Sul",42019,"Criciúma",419540,36513.9384188397,24,103,28,75,39,64,1,0,0,0,0,104,28,75,39,64,45,10.5054493411638,12.9469141519528,0.364644515231575,2020-06-15,2020,6
"11621","SC",4,"Sul",42019,"Criciúma",419540,36513.9384188397,25,98,19,79,40,58,0,0,0,0,0,98,19,79,40,58,55,10.5054493411638,12.9469141519528,0.390626181755201,2020-06-22,2020,6
"11622","SC",4,"Sul",42019,"Criciúma",419540,36513.9384188397,26,90,19,71,33,57,0,0,0,0,0,90,19,71,33,57,53,10.5054493411638,12.9469141519528,0.400605262961517,2020-06-29,2020,6
"11623","SC",4,"Sul",42019,"Criciúma",419540,36513.9384188397,27,113,18,95,43,70,1,0,0,0,0,114,18,95,43,70,50,10.5054493411638,12.9469141519528,0.407655412319937,2020-07-06,2020,7
"11624","SC",4,"Sul",42019,"Criciúma",419540,36513.9384188397,28,78,11,67,20,58,0,0,0,0,0,78,11,67,20,58,65,10.5054493411638,12.9469141519528,0.389330353579259,2020-07-13,2020,7
"11625","SC",4,"Sul",42019,"Criciúma",419540,36513.9384188397,29,112,27,85,28,84,1,0,0,0,0,113,27,85,28,84,78,10.5054493411638,12.9469141519528,0.398387150778944,2020-07-20,2020,7
"11626","SC",4,"Sul",42020,"Araranguá",204380,25967.6005696741,5,43,6,37,14,29,0,0,0,0,0,43,6,37,14,29,26,10.164604908,12.2277362851662,0.307173507339003,2020-02-03,2020,2
"11627","SC",4,"Sul",42020,"Araranguá",204380,25967.6005696741,6,51,11,40,13,38,0,0,0,0,0,51,11,40,13,38,24,10.164604908,12.2277362851662,0.288985008149442,2020-02-10,2020,2
"11628","SC",4,"Sul",42020,"Araranguá",204380,25967.6005696741,7,38,10,28,15,23,0,0,0,0,0,38,10,28,15,23,21,10.164604908,12.2277362851662,0.30544648440417,2020-02-17,2020,2
"11629","SC",4,"Sul",42020,"Araranguá",204380,25967.6005696741,8,55,11,44,20,35,0,0,0,0,0,55,11,44,20,35,18,10.164604908,12.2277362851662,0.341589161063157,2020-02-24,2020,2
"11630","SC",4,"Sul",42020,"Araranguá",204380,25967.6005696741,9,44,9,35,14,30,0,0,0,0,0,44,9,35,14,30,20,10.164604908,12.2277362851662,0.319454334737234,2020-03-02,2020,3
"11631","SC",4,"Sul",42020,"Araranguá",204380,25967.6005696741,10,46,11,35,17,29,0,0,0,0,0,46,11,35,17,29,26,10.164604908,12.2277362851662,0.327865424601769,2020-03-09,2020,3
"11632","SC",4,"Sul",42020,"Araranguá",204380,25967.6005696741,11,57,17,40,20,37,0,0,0,0,0,57,17,40,20,37,31,10.164604908,12.2277362851662,0.495147093595886,2020-03-16,2020,3
"11633","SC",4,"Sul",42020,"Araranguá",204380,25967.6005696741,12,42,12,30,12,30,0,0,0,0,0,42,12,30,12,30,19,10.164604908,12.2277362851662,0.595477066941909,2020-03-23,2020,3
"11634","SC",4,"Sul",42020,"Araranguá",204380,25967.6005696741,13,39,17,22,16,23,0,0,0,0,0,39,17,22,16,23,27,10.164604908,12.2277362851662,0.511127499022513,2020-03-30,2020,3
"11635","SC",4,"Sul",42020,"Araranguá",204380,25967.6005696741,14,51,12,39,15,36,1,0,0,0,0,52,12,39,15,36,21,10.164604908,12.2277362851662,0.475942789691683,2020-04-06,2020,4
"11636","SC",4,"Sul",42020,"Araranguá",204380,25967.6005696741,15,47,11,36,13,34,0,0,0,0,0,47,11,36,13,34,23,10.164604908,12.2277362851662,0.436757598776296,2020-04-13,2020,4
"11637","SC",4,"Sul",42020,"Araranguá",204380,25967.6005696741,16,51,12,39,19,32,0,0,0,0,0,51,12,39,19,32,24,10.164604908,12.2277362851662,0.427325183013389,2020-04-20,2020,4
"11638","SC",4,"Sul",42020,"Araranguá",204380,25967.6005696741,17,56,13,43,26,30,0,0,0,0,0,56,13,43,26,30,22,10.164604908,12.2277362851662,0.426042927262833,2020-04-27,2020,4
"11639","SC",4,"Sul",42020,"Araranguá",204380,25967.6005696741,18,52,12,40,16,36,0,0,0,0,0,52,12,40,16,36,27,10.164604908,12.2277362851662,0.392315812388811,2020-05-04,2020,5
"11640","SC",4,"Sul",42020,"Araranguá",204380,25967.6005696741,19,64,17,47,16,48,0,0,0,0,0,64,17,47,16,48,25,10.164604908,12.2277362851662,0.399929945564365,2020-05-11,2020,5
"11641","SC",4,"Sul",42020,"Araranguá",204380,25967.6005696741,20,64,6,58,14,50,1,0,0,0,0,65,6,58,14,50,27,10.164604908,12.2277362851662,0.405867651596267,2020-05-18,2020,5
"11642","SC",4,"Sul",42020,"Araranguá",204380,25967.6005696741,21,49,9,40,18,31,2,0,0,0,0,51,9,40,18,31,19,10.164604908,12.2277362851662,0.395228175877855,2020-05-25,2020,5
"11643","SC",4,"Sul",42020,"Araranguá",204380,25967.6005696741,22,65,14,51,27,38,0,0,0,0,0,65,14,51,27,38,25,10.164604908,12.2277362851662,0.398747923407587,2020-06-01,2020,6
"11644","SC",4,"Sul",42020,"Araranguá",204380,25967.6005696741,23,59,11,48,17,42,0,0,0,0,0,59,11,48,17,42,27,10.164604908,12.2277362851662,0.406437368009339,2020-06-08,2020,6
"11645","SC",4,"Sul",42020,"Araranguá",204380,25967.6005696741,24,56,15,41,15,41,0,0,0,0,0,56,15,41,15,41,26,10.164604908,12.2277362851662,0.37187352505936,2020-06-15,2020,6
"11646","SC",4,"Sul",42020,"Araranguá",204380,25967.6005696741,25,51,14,37,18,33,0,0,0,0,0,51,14,37,18,33,26,10.164604908,12.2277362851662,0.395185322378755,2020-06-22,2020,6
"11647","SC",4,"Sul",42020,"Araranguá",204380,25967.6005696741,26,52,10,42,15,37,0,0,0,0,0,52,10,42,15,37,35,10.164604908,12.2277362851662,0.407274432446901,2020-06-29,2020,6
"11648","SC",4,"Sul",42020,"Araranguá",204380,25967.6005696741,27,52,11,41,19,33,0,0,0,0,0,52,11,41,19,33,30,10.164604908,12.2277362851662,0.409793512303716,2020-07-06,2020,7
"11649","SC",4,"Sul",42020,"Araranguá",204380,25967.6005696741,28,54,14,40,19,35,0,0,0,0,0,54,14,40,19,35,27,10.164604908,12.2277362851662,0.38815603814819,2020-07-13,2020,7
"11650","SC",4,"Sul",42020,"Araranguá",204380,25967.6005696741,29,75,17,58,26,49,0,0,0,0,0,75,17,58,26,49,34,10.164604908,12.2277362851662,0.394667396457213,2020-07-20,2020,7
"11651","SE",2,"Nordeste",28001,"Sergipana do Sertão do São Francisco",174628,21612.5976993953,5,49,32,17,23,26,0,0,0,0,0,49,32,17,23,26,21,9.98103165048545,12.0704132760824,0.270301346414957,2020-02-03,2020,2
"11652","SE",2,"Nordeste",28001,"Sergipana do Sertão do São Francisco",174628,21612.5976993953,6,44,17,27,18,26,0,0,0,0,0,44,17,27,18,26,17,9.98103165048545,12.0704132760824,0.261240665054682,2020-02-10,2020,2
"11653","SE",2,"Nordeste",28001,"Sergipana do Sertão do São Francisco",174628,21612.5976993953,7,40,16,24,14,26,0,0,0,0,0,40,16,24,14,26,20,9.98103165048545,12.0704132760824,0.273561268387764,2020-02-17,2020,2
"11654","SE",2,"Nordeste",28001,"Sergipana do Sertão do São Francisco",174628,21612.5976993953,8,37,20,17,17,20,0,0,0,0,0,37,20,17,17,20,23,9.98103165048545,12.0704132760824,0.308921748402264,2020-02-24,2020,2
"11655","SE",2,"Nordeste",28001,"Sergipana do Sertão do São Francisco",174628,21612.5976993953,9,44,21,23,23,21,0,0,0,0,0,44,21,23,23,21,16,9.98103165048545,12.0704132760824,0.303136149676598,2020-03-02,2020,3
"11656","SE",2,"Nordeste",28001,"Sergipana do Sertão do São Francisco",174628,21612.5976993953,10,44,19,25,25,19,0,0,0,0,0,44,19,25,25,19,16,9.98103165048545,12.0704132760824,0.326008651576422,2020-03-09,2020,3
"11657","SE",2,"Nordeste",28001,"Sergipana do Sertão do São Francisco",174628,21612.5976993953,11,54,31,23,29,25,0,0,0,0,0,54,31,23,29,25,16,9.98103165048545,12.0704132760824,0.37936035282862,2020-03-16,2020,3
"11658","SE",2,"Nordeste",28001,"Sergipana do Sertão do São Francisco",174628,21612.5976993953,12,47,20,27,26,21,0,0,0,0,0,47,20,27,26,21,18,9.98103165048545,12.0704132760824,0.466329538836236,2020-03-23,2020,3
"11659","SE",2,"Nordeste",28001,"Sergipana do Sertão do São Francisco",174628,21612.5976993953,13,48,27,21,17,31,2,0,0,0,0,50,27,21,17,31,29,9.98103165048545,12.0704132760824,0.411318452715336,2020-03-30,2020,3
"11660","SE",2,"Nordeste",28001,"Sergipana do Sertão do São Francisco",174628,21612.5976993953,14,46,22,24,27,19,0,0,0,0,0,46,22,24,27,19,19,9.98103165048545,12.0704132760824,0.393022103986311,2020-04-06,2020,4
"11661","SE",2,"Nordeste",28001,"Sergipana do Sertão do São Francisco",174628,21612.5976993953,15,43,21,22,23,20,1,0,0,0,0,44,21,22,23,20,13,9.98103165048545,12.0704132760824,0.380852842595004,2020-04-13,2020,4
"11662","SE",2,"Nordeste",28001,"Sergipana do Sertão do São Francisco",174628,21612.5976993953,16,59,32,27,29,30,0,0,0,0,0,59,32,27,29,30,15,9.98103165048545,12.0704132760824,0.376320153994662,2020-04-20,2020,4
"11663","SE",2,"Nordeste",28001,"Sergipana do Sertão do São Francisco",174628,21612.5976993953,17,40,22,18,17,23,3,0,0,0,0,43,22,18,17,23,19,9.98103165048545,12.0704132760824,0.363713425572003,2020-04-27,2020,4
"11664","SE",2,"Nordeste",28001,"Sergipana do Sertão do São Francisco",174628,21612.5976993953,18,48,23,25,22,26,1,0,0,0,0,49,23,25,22,26,22,9.98103165048545,12.0704132760824,0.393479148753495,2020-05-04,2020,5
"11665","SE",2,"Nordeste",28001,"Sergipana do Sertão do São Francisco",174628,21612.5976993953,19,42,23,19,21,21,3,0,0,0,0,45,23,19,21,21,25,9.98103165048545,12.0704132760824,0.408520430174951,2020-05-11,2020,5
"11666","SE",2,"Nordeste",28001,"Sergipana do Sertão do São Francisco",174628,21612.5976993953,20,45,24,21,24,21,2,0,0,0,0,47,24,21,24,21,20,9.98103165048545,12.0704132760824,0.404153318787265,2020-05-18,2020,5
"11667","SE",2,"Nordeste",28001,"Sergipana do Sertão do São Francisco",174628,21612.5976993953,21,50,26,24,21,29,0,0,0,0,0,50,26,24,21,29,14,9.98103165048545,12.0704132760824,0.395270203346444,2020-05-25,2020,5
"11668","SE",2,"Nordeste",28001,"Sergipana do Sertão do São Francisco",174628,21612.5976993953,22,49,24,25,30,19,0,0,0,0,0,49,24,25,30,19,16,9.98103165048545,12.0704132760824,0.369345796347326,2020-06-01,2020,6
"11669","SE",2,"Nordeste",28001,"Sergipana do Sertão do São Francisco",174628,21612.5976993953,23,69,32,37,25,44,0,0,0,0,0,69,32,37,25,44,25,9.98103165048545,12.0704132760824,0.37267091303644,2020-06-08,2020,6
"11670","SE",2,"Nordeste",28001,"Sergipana do Sertão do São Francisco",174628,21612.5976993953,24,52,28,24,28,24,1,0,0,0,0,53,28,24,28,24,20,9.98103165048545,12.0704132760824,0.370987508234873,2020-06-15,2020,6
"11671","SE",2,"Nordeste",28001,"Sergipana do Sertão do São Francisco",174628,21612.5976993953,25,55,27,28,26,29,4,0,0,0,0,59,27,28,26,29,15,9.98103165048545,12.0704132760824,0.372376417530045,2020-06-22,2020,6
"11672","SE",2,"Nordeste",28001,"Sergipana do Sertão do São Francisco",174628,21612.5976993953,26,45,23,22,22,23,1,0,0,0,0,46,23,22,22,23,24,9.98103165048545,12.0704132760824,0.388076215089396,2020-06-29,2020,6
"11673","SE",2,"Nordeste",28001,"Sergipana do Sertão do São Francisco",174628,21612.5976993953,27,52,30,22,17,35,0,0,0,0,0,52,30,22,17,35,20,9.98103165048545,12.0704132760824,0.410386213064896,2020-07-06,2020,7
"11674","SE",2,"Nordeste",28001,"Sergipana do Sertão do São Francisco",174628,21612.5976993953,28,51,26,25,19,32,1,0,0,0,0,52,26,25,19,32,28,9.98103165048545,12.0704132760824,0.402117996230498,2020-07-13,2020,7
"11675","SE",2,"Nordeste",28001,"Sergipana do Sertão do São Francisco",174628,21612.5976993953,29,46,26,20,16,30,0,0,0,0,0,46,26,20,16,30,26,9.98103165048545,12.0704132760824,0.395194295357476,2020-07-20,2020,7
"11676","SE",2,"Nordeste",28002,"Carira",75289,12271.0013810782,5,21,12,9,9,12,0,0,0,0,0,21,12,9,9,12,7,9.41499414652468,11.2290893207796,0.286745104607442,2020-02-03,2020,2
"11677","SE",2,"Nordeste",28002,"Carira",75289,12271.0013810782,6,9,2,7,4,5,0,0,0,0,0,9,2,7,4,5,7,9.41499414652468,11.2290893207796,0.271018519911034,2020-02-10,2020,2
"11678","SE",2,"Nordeste",28002,"Carira",75289,12271.0013810782,7,10,7,3,7,3,0,0,0,0,0,10,7,3,7,3,9,9.41499414652468,11.2290893207796,0.288794066393862,2020-02-17,2020,2
"11679","SE",2,"Nordeste",28002,"Carira",75289,12271.0013810782,8,13,6,7,5,8,0,0,0,0,0,13,6,7,5,8,15,9.41499414652468,11.2290893207796,0.321434576345474,2020-02-24,2020,2
"11680","SE",2,"Nordeste",28002,"Carira",75289,12271.0013810782,9,16,9,7,8,8,0,0,0,0,0,16,9,7,8,8,7,9.41499414652468,11.2290893207796,0.308007443256731,2020-03-02,2020,3
"11681","SE",2,"Nordeste",28002,"Carira",75289,12271.0013810782,10,16,9,7,6,10,0,0,0,0,0,16,9,7,6,10,11,9.41499414652468,11.2290893207796,0.325451420741194,2020-03-09,2020,3
"11682","SE",2,"Nordeste",28002,"Carira",75289,12271.0013810782,11,16,6,10,5,11,1,0,0,0,0,17,6,10,5,11,16,9.41499414652468,11.2290893207796,0.378934624097798,2020-03-16,2020,3
"11683","SE",2,"Nordeste",28002,"Carira",75289,12271.0013810782,12,14,9,5,6,8,0,0,0,0,0,14,9,5,6,8,10,9.41499414652468,11.2290893207796,0.470780577882953,2020-03-23,2020,3
"11684","SE",2,"Nordeste",28002,"Carira",75289,12271.0013810782,13,12,3,9,3,9,0,0,0,0,0,12,3,9,3,9,12,9.41499414652468,11.2290893207796,0.404807552206261,2020-03-30,2020,3
"11685","SE",2,"Nordeste",28002,"Carira",75289,12271.0013810782,14,15,8,7,2,13,0,0,0,0,0,15,8,7,2,13,14,9.41499414652468,11.2290893207796,0.393743076581024,2020-04-06,2020,4
"11686","SE",2,"Nordeste",28002,"Carira",75289,12271.0013810782,15,16,8,8,9,7,0,0,0,0,0,16,8,8,9,7,11,9.41499414652468,11.2290893207796,0.380872979484538,2020-04-13,2020,4
"11687","SE",2,"Nordeste",28002,"Carira",75289,12271.0013810782,16,11,6,5,7,4,1,0,0,0,0,12,6,5,7,4,9,9.41499414652468,11.2290893207796,0.371626928692465,2020-04-20,2020,4
"11688","SE",2,"Nordeste",28002,"Carira",75289,12271.0013810782,17,13,8,5,6,7,0,0,0,0,0,13,8,5,6,7,11,9.41499414652468,11.2290893207796,0.369611178023402,2020-04-27,2020,4
"11689","SE",2,"Nordeste",28002,"Carira",75289,12271.0013810782,18,12,8,4,8,4,0,0,0,0,0,12,8,4,8,4,15,9.41499414652468,11.2290893207796,0.38575473436735,2020-05-04,2020,5
"11690","SE",2,"Nordeste",28002,"Carira",75289,12271.0013810782,19,22,12,10,10,12,0,0,0,0,0,22,12,10,10,12,9,9.41499414652468,11.2290893207796,0.408500246376332,2020-05-11,2020,5
"11691","SE",2,"Nordeste",28002,"Carira",75289,12271.0013810782,20,9,5,4,7,2,0,0,0,0,0,9,5,4,7,2,8,9.41499414652468,11.2290893207796,0.39986598865149,2020-05-18,2020,5
"11692","SE",2,"Nordeste",28002,"Carira",75289,12271.0013810782,21,15,5,10,6,9,0,0,0,0,0,15,5,10,6,9,8,9.41499414652468,11.2290893207796,0.386102262879096,2020-05-25,2020,5
"11693","SE",2,"Nordeste",28002,"Carira",75289,12271.0013810782,22,14,7,7,4,10,0,0,0,0,0,14,7,7,4,10,12,9.41499414652468,11.2290893207796,0.363652574810377,2020-06-01,2020,6
"11694","SE",2,"Nordeste",28002,"Carira",75289,12271.0013810782,23,14,6,8,8,6,0,0,0,0,0,14,6,8,8,6,8,9.41499414652468,11.2290893207796,0.359960082561367,2020-06-08,2020,6
"11695","SE",2,"Nordeste",28002,"Carira",75289,12271.0013810782,24,19,7,12,5,14,0,0,0,0,0,19,7,12,5,14,11,9.41499414652468,11.2290893207796,0.358517112313605,2020-06-15,2020,6
"11696","SE",2,"Nordeste",28002,"Carira",75289,12271.0013810782,25,24,15,9,11,13,0,0,0,0,0,24,15,9,11,13,12,9.41499414652468,11.2290893207796,0.382465703095721,2020-06-22,2020,6
"11697","SE",2,"Nordeste",28002,"Carira",75289,12271.0013810782,26,22,13,9,11,11,0,0,0,0,0,22,13,9,11,11,9,9.41499414652468,11.2290893207796,0.389700590700412,2020-06-29,2020,6
"11698","SE",2,"Nordeste",28002,"Carira",75289,12271.0013810782,27,31,13,18,14,17,1,0,0,0,0,32,13,18,14,17,14,9.41499414652468,11.2290893207796,0.406780012378183,2020-07-06,2020,7
"11699","SE",2,"Nordeste",28002,"Carira",75289,12271.0013810782,28,18,13,5,6,12,0,0,0,0,0,18,13,5,6,12,16,9.41499414652468,11.2290893207796,0.400099243023223,2020-07-13,2020,7
"11700","SE",2,"Nordeste",28002,"Carira",75289,12271.0013810782,29,21,8,13,9,12,1,0,0,0,0,22,8,13,9,12,17,9.41499414652468,11.2290893207796,0.394907729736765,2020-07-20,2020,7
"11701","SE",2,"Nordeste",28003,"Nossa Senhora das Dores",67759,10932.2727572721,5,14,5,9,6,8,0,0,0,0,0,14,5,9,6,8,10,9.2994744970909,11.1237125712477,0.255506069202971,2020-02-03,2020,2
"11702","SE",2,"Nordeste",28003,"Nossa Senhora das Dores",67759,10932.2727572721,6,9,4,5,5,4,0,0,0,0,0,9,4,5,5,4,9,9.2994744970909,11.1237125712477,0.257585352291312,2020-02-10,2020,2
"11703","SE",2,"Nordeste",28003,"Nossa Senhora das Dores",67759,10932.2727572721,7,22,8,14,9,13,0,0,0,0,0,22,8,14,9,13,8,9.2994744970909,11.1237125712477,0.264255734257583,2020-02-17,2020,2
"11704","SE",2,"Nordeste",28003,"Nossa Senhora das Dores",67759,10932.2727572721,8,7,4,3,1,6,0,0,0,0,0,7,4,3,1,6,12,9.2994744970909,11.1237125712477,0.31465705584623,2020-02-24,2020,2
"11705","SE",2,"Nordeste",28003,"Nossa Senhora das Dores",67759,10932.2727572721,9,15,3,12,7,8,1,0,0,0,0,16,3,12,7,8,5,9.2994744970909,11.1237125712477,0.284192995444077,2020-03-02,2020,3
"11706","SE",2,"Nordeste",28003,"Nossa Senhora das Dores",67759,10932.2727572721,10,17,9,8,4,13,1,0,0,0,0,18,9,8,4,13,16,9.2994744970909,11.1237125712477,0.298439738077768,2020-03-09,2020,3
"11707","SE",2,"Nordeste",28003,"Nossa Senhora das Dores",67759,10932.2727572721,11,8,5,3,4,4,0,0,0,0,0,8,5,3,4,4,6,9.2994744970909,11.1237125712477,0.363577190830989,2020-03-16,2020,3
"11708","SE",2,"Nordeste",28003,"Nossa Senhora das Dores",67759,10932.2727572721,12,14,8,6,5,9,0,0,0,0,0,14,8,6,5,9,12,9.2994744970909,11.1237125712477,0.463834041651781,2020-03-23,2020,3
"11709","SE",2,"Nordeste",28003,"Nossa Senhora das Dores",67759,10932.2727572721,13,12,8,4,10,2,0,0,0,0,0,12,8,4,10,2,12,9.2994744970909,11.1237125712477,0.401490050592655,2020-03-30,2020,3
"11710","SE",2,"Nordeste",28003,"Nossa Senhora das Dores",67759,10932.2727572721,14,11,3,8,4,7,1,0,0,0,0,12,3,8,4,7,14,9.2994744970909,11.1237125712477,0.384396779637826,2020-04-06,2020,4
"11711","SE",2,"Nordeste",28003,"Nossa Senhora das Dores",67759,10932.2727572721,15,8,4,4,4,4,0,0,0,0,0,8,4,4,4,4,10,9.2994744970909,11.1237125712477,0.378113466563089,2020-04-13,2020,4
"11712","SE",2,"Nordeste",28003,"Nossa Senhora das Dores",67759,10932.2727572721,16,21,12,9,8,13,0,0,0,0,0,21,12,9,8,13,7,9.2994744970909,11.1237125712477,0.366600930292326,2020-04-20,2020,4
"11713","SE",2,"Nordeste",28003,"Nossa Senhora das Dores",67759,10932.2727572721,17,16,10,6,6,10,0,0,0,0,0,16,10,6,6,10,10,9.2994744970909,11.1237125712477,0.355142125166442,2020-04-27,2020,4
"11714","SE",2,"Nordeste",28003,"Nossa Senhora das Dores",67759,10932.2727572721,18,14,5,9,5,9,0,0,0,0,0,14,5,9,5,9,5,9.2994744970909,11.1237125712477,0.363320967045096,2020-05-04,2020,5
"11715","SE",2,"Nordeste",28003,"Nossa Senhora das Dores",67759,10932.2727572721,19,13,5,8,3,10,0,0,0,0,0,13,5,8,3,10,11,9.2994744970909,11.1237125712477,0.387213695280175,2020-05-11,2020,5
"11716","SE",2,"Nordeste",28003,"Nossa Senhora das Dores",67759,10932.2727572721,20,13,6,7,5,8,1,0,0,0,0,14,6,7,5,8,9,9.2994744970909,11.1237125712477,0.390980863198858,2020-05-18,2020,5
"11717","SE",2,"Nordeste",28003,"Nossa Senhora das Dores",67759,10932.2727572721,21,15,5,10,6,9,0,0,0,0,0,15,5,10,6,9,5,9.2994744970909,11.1237125712477,0.368420217936833,2020-05-25,2020,5
"11718","SE",2,"Nordeste",28003,"Nossa Senhora das Dores",67759,10932.2727572721,22,10,4,6,7,3,0,0,0,0,0,10,4,6,7,3,13,9.2994744970909,11.1237125712477,0.345178029694458,2020-06-01,2020,6
"11719","SE",2,"Nordeste",28003,"Nossa Senhora das Dores",67759,10932.2727572721,23,14,10,4,6,8,0,0,0,0,0,14,10,4,6,8,7,9.2994744970909,11.1237125712477,0.3479225955611,2020-06-08,2020,6
"11720","SE",2,"Nordeste",28003,"Nossa Senhora das Dores",67759,10932.2727572721,24,12,2,10,7,5,0,0,0,0,0,12,2,10,7,5,5,9.2994744970909,11.1237125712477,0.339160537016687,2020-06-15,2020,6
"11721","SE",2,"Nordeste",28003,"Nossa Senhora das Dores",67759,10932.2727572721,25,20,10,10,3,17,0,0,0,0,0,20,10,10,3,17,19,9.2994744970909,11.1237125712477,0.352467251884873,2020-06-22,2020,6
"11722","SE",2,"Nordeste",28003,"Nossa Senhora das Dores",67759,10932.2727572721,26,16,8,8,9,7,0,0,0,0,0,16,8,8,9,7,7,9.2994744970909,11.1237125712477,0.362069363962459,2020-06-29,2020,6
"11723","SE",2,"Nordeste",28003,"Nossa Senhora das Dores",67759,10932.2727572721,27,21,11,10,7,14,1,0,0,0,0,22,11,10,7,14,7,9.2994744970909,11.1237125712477,0.389607364098659,2020-07-06,2020,7
"11724","SE",2,"Nordeste",28003,"Nossa Senhora das Dores",67759,10932.2727572721,28,15,6,9,6,9,0,0,0,0,0,15,6,9,6,9,15,9.2994744970909,11.1237125712477,0.377012868612182,2020-07-13,2020,7
"11725","SE",2,"Nordeste",28003,"Nossa Senhora das Dores",67759,10932.2727572721,29,15,8,7,10,5,0,0,0,0,0,15,8,7,10,5,16,9.2994744970909,11.1237125712477,0.386714668781808,2020-07-20,2020,7
"11726","SE",2,"Nordeste",28004,"Agreste de Itabaiana",175215,15102.3111711326,5,40,14,26,16,24,0,0,0,0,0,40,14,26,16,24,24,9.62260306878178,12.0737690702579,0.26120989708961,2020-02-03,2020,2
"11727","SE",2,"Nordeste",28004,"Agreste de Itabaiana",175215,15102.3111711326,6,38,16,22,10,28,0,0,0,0,0,38,16,22,10,28,26,9.62260306878178,12.0737690702579,0.254666865631642,2020-02-10,2020,2
"11728","SE",2,"Nordeste",28004,"Agreste de Itabaiana",175215,15102.3111711326,7,45,18,27,15,30,1,0,0,0,0,46,18,27,15,30,21,9.62260306878178,12.0737690702579,0.270134549512593,2020-02-17,2020,2
"11729","SE",2,"Nordeste",28004,"Agreste de Itabaiana",175215,15102.3111711326,8,32,16,16,13,19,0,0,0,0,0,32,16,16,13,19,17,9.62260306878178,12.0737690702579,0.309815867597032,2020-02-24,2020,2
"11730","SE",2,"Nordeste",28004,"Agreste de Itabaiana",175215,15102.3111711326,9,35,15,20,14,21,2,0,0,0,0,37,15,20,14,21,33,9.62260306878178,12.0737690702579,0.286366443399589,2020-03-02,2020,3
"11731","SE",2,"Nordeste",28004,"Agreste de Itabaiana",175215,15102.3111711326,10,42,21,21,14,28,0,0,0,0,0,42,21,21,14,28,22,9.62260306878178,12.0737690702579,0.311653655855782,2020-03-09,2020,3
"11732","SE",2,"Nordeste",28004,"Agreste de Itabaiana",175215,15102.3111711326,11,35,11,24,13,22,0,0,0,0,0,35,11,24,13,22,33,9.62260306878178,12.0737690702579,0.365386075345163,2020-03-16,2020,3
"11733","SE",2,"Nordeste",28004,"Agreste de Itabaiana",175215,15102.3111711326,12,50,25,25,24,26,1,0,0,0,0,51,25,25,24,26,24,9.62260306878178,12.0737690702579,0.468023593237301,2020-03-23,2020,3
"11734","SE",2,"Nordeste",28004,"Agreste de Itabaiana",175215,15102.3111711326,13,44,21,23,18,26,1,0,0,0,0,45,21,23,18,26,20,9.62260306878178,12.0737690702579,0.403661828302686,2020-03-30,2020,3
"11735","SE",2,"Nordeste",28004,"Agreste de Itabaiana",175215,15102.3111711326,14,32,17,15,16,16,0,0,0,0,0,32,17,15,16,16,21,9.62260306878178,12.0737690702579,0.39357762697147,2020-04-06,2020,4
"11736","SE",2,"Nordeste",28004,"Agreste de Itabaiana",175215,15102.3111711326,15,35,15,20,18,17,1,0,0,0,0,36,15,20,18,17,31,9.62260306878178,12.0737690702579,0.380979697532702,2020-04-13,2020,4
"11737","SE",2,"Nordeste",28004,"Agreste de Itabaiana",175215,15102.3111711326,16,50,21,29,22,28,0,0,0,0,0,50,21,29,22,28,21,9.62260306878178,12.0737690702579,0.378125085897032,2020-04-20,2020,4
"11738","SE",2,"Nordeste",28004,"Agreste de Itabaiana",175215,15102.3111711326,17,57,26,31,26,31,0,0,0,0,0,57,26,31,26,31,25,9.62260306878178,12.0737690702579,0.357388639996028,2020-04-27,2020,4
"11739","SE",2,"Nordeste",28004,"Agreste de Itabaiana",175215,15102.3111711326,18,53,26,27,25,28,0,0,0,0,0,53,26,27,25,28,23,9.62260306878178,12.0737690702579,0.366054567551063,2020-05-04,2020,5
"11740","SE",2,"Nordeste",28004,"Agreste de Itabaiana",175215,15102.3111711326,19,43,22,21,18,25,0,0,0,0,0,43,22,21,18,25,31,9.62260306878178,12.0737690702579,0.387862539001742,2020-05-11,2020,5
"11741","SE",2,"Nordeste",28004,"Agreste de Itabaiana",175215,15102.3111711326,20,49,24,25,23,26,0,0,0,0,0,49,24,25,23,26,27,9.62260306878178,12.0737690702579,0.395089023911018,2020-05-18,2020,5
"11742","SE",2,"Nordeste",28004,"Agreste de Itabaiana",175215,15102.3111711326,21,43,18,25,15,28,1,0,0,0,0,44,18,25,15,28,33,9.62260306878178,12.0737690702579,0.370012354965679,2020-05-25,2020,5
"11743","SE",2,"Nordeste",28004,"Agreste de Itabaiana",175215,15102.3111711326,22,46,19,27,20,26,0,0,0,0,0,46,19,27,20,26,32,9.62260306878178,12.0737690702579,0.357645915140646,2020-06-01,2020,6
"11744","SE",2,"Nordeste",28004,"Agreste de Itabaiana",175215,15102.3111711326,23,68,26,42,31,37,0,0,0,0,0,68,26,42,31,37,29,9.62260306878178,12.0737690702579,0.361382930051024,2020-06-08,2020,6
"11745","SE",2,"Nordeste",28004,"Agreste de Itabaiana",175215,15102.3111711326,24,55,20,35,23,32,0,0,0,0,0,55,20,35,23,32,24,9.62260306878178,12.0737690702579,0.348874497986103,2020-06-15,2020,6
"11746","SE",2,"Nordeste",28004,"Agreste de Itabaiana",175215,15102.3111711326,25,57,29,28,19,38,0,0,0,0,0,57,29,28,19,38,33,9.62260306878178,12.0737690702579,0.363713492656331,2020-06-22,2020,6
"11747","SE",2,"Nordeste",28004,"Agreste de Itabaiana",175215,15102.3111711326,26,52,23,29,25,27,1,0,0,0,0,53,23,29,25,27,38,9.62260306878178,12.0737690702579,0.379091567578957,2020-06-29,2020,6
"11748","SE",2,"Nordeste",28004,"Agreste de Itabaiana",175215,15102.3111711326,27,38,17,21,17,21,0,0,0,0,0,38,17,21,17,21,45,9.62260306878178,12.0737690702579,0.395767398576223,2020-07-06,2020,7
"11749","SE",2,"Nordeste",28004,"Agreste de Itabaiana",175215,15102.3111711326,28,56,28,28,18,38,0,0,0,0,0,56,28,28,18,38,26,9.62260306878178,12.0737690702579,0.387278877264178,2020-07-13,2020,7
"11750","SE",2,"Nordeste",28004,"Agreste de Itabaiana",175215,15102.3111711326,29,53,23,30,24,29,0,0,0,0,0,53,23,30,24,29,35,9.62260306878178,12.0737690702579,0.386041532325145,2020-07-20,2020,7
"11751","SE",2,"Nordeste",28005,"Tobias Barreto",117003,11405.917312633,5,29,10,19,6,23,0,0,0,0,0,29,10,19,6,23,18,9.34188756222791,11.6699548544768,0.261244058435863,2020-02-03,2020,2
"11752","SE",2,"Nordeste",28005,"Tobias Barreto",117003,11405.917312633,6,30,17,13,9,21,1,0,0,0,0,31,17,13,9,21,17,9.34188756222791,11.6699548544768,0.25218613516346,2020-02-10,2020,2
"11753","SE",2,"Nordeste",28005,"Tobias Barreto",117003,11405.917312633,7,27,13,14,6,21,1,0,0,0,0,28,13,14,6,21,15,9.34188756222791,11.6699548544768,0.273233484054067,2020-02-17,2020,2
"11754","SE",2,"Nordeste",28005,"Tobias Barreto",117003,11405.917312633,8,18,12,6,10,8,1,0,0,0,0,19,12,6,10,8,6,9.34188756222791,11.6699548544768,0.311006211465857,2020-02-24,2020,2
"11755","SE",2,"Nordeste",28005,"Tobias Barreto",117003,11405.917312633,9,36,18,18,15,21,1,0,0,0,0,37,18,18,15,21,18,9.34188756222791,11.6699548544768,0.297029899826434,2020-03-02,2020,3
"11756","SE",2,"Nordeste",28005,"Tobias Barreto",117003,11405.917312633,10,22,15,7,12,10,0,0,0,0,0,22,15,7,12,10,16,9.34188756222791,11.6699548544768,0.316455313672922,2020-03-09,2020,3
"11757","SE",2,"Nordeste",28005,"Tobias Barreto",117003,11405.917312633,11,18,7,11,6,12,1,0,0,0,0,19,7,11,6,12,13,9.34188756222791,11.6699548544768,0.365465383781982,2020-03-16,2020,3
"11758","SE",2,"Nordeste",28005,"Tobias Barreto",117003,11405.917312633,12,23,15,8,16,7,0,0,0,0,0,23,15,8,16,7,14,9.34188756222791,11.6699548544768,0.474169222513728,2020-03-23,2020,3
"11759","SE",2,"Nordeste",28005,"Tobias Barreto",117003,11405.917312633,13,24,13,11,7,17,0,0,0,0,0,24,13,11,7,17,11,9.34188756222791,11.6699548544768,0.411425752745779,2020-03-30,2020,3
"11760","SE",2,"Nordeste",28005,"Tobias Barreto",117003,11405.917312633,14,26,11,15,14,12,1,0,0,0,0,27,11,15,14,12,16,9.34188756222791,11.6699548544768,0.402909124698921,2020-04-06,2020,4
"11761","SE",2,"Nordeste",28005,"Tobias Barreto",117003,11405.917312633,15,29,15,14,16,13,0,0,0,0,0,29,15,14,16,13,20,9.34188756222791,11.6699548544768,0.388552805268716,2020-04-13,2020,4
"11762","SE",2,"Nordeste",28005,"Tobias Barreto",117003,11405.917312633,16,25,14,11,12,13,0,0,0,0,0,25,14,11,12,13,10,9.34188756222791,11.6699548544768,0.376120214127764,2020-04-20,2020,4
"11763","SE",2,"Nordeste",28005,"Tobias Barreto",117003,11405.917312633,17,25,12,13,14,11,0,0,0,0,0,25,12,13,14,11,9,9.34188756222791,11.6699548544768,0.362657536373913,2020-04-27,2020,4
"11764","SE",2,"Nordeste",28005,"Tobias Barreto",117003,11405.917312633,18,24,16,8,7,17,0,0,0,0,0,24,16,8,7,17,17,9.34188756222791,11.6699548544768,0.392897689651841,2020-05-04,2020,5
"11765","SE",2,"Nordeste",28005,"Tobias Barreto",117003,11405.917312633,19,32,20,12,13,19,0,0,0,0,0,32,20,12,13,19,17,9.34188756222791,11.6699548544768,0.400884304123285,2020-05-11,2020,5
"11766","SE",2,"Nordeste",28005,"Tobias Barreto",117003,11405.917312633,20,22,7,15,5,17,0,0,0,0,0,22,7,15,5,17,18,9.34188756222791,11.6699548544768,0.411153446209236,2020-05-18,2020,5
"11767","SE",2,"Nordeste",28005,"Tobias Barreto",117003,11405.917312633,21,28,19,9,12,16,0,0,0,0,0,28,19,9,12,16,18,9.34188756222791,11.6699548544768,0.379234500965369,2020-05-25,2020,5
"11768","SE",2,"Nordeste",28005,"Tobias Barreto",117003,11405.917312633,22,21,7,14,8,13,1,0,0,0,0,22,7,14,8,13,13,9.34188756222791,11.6699548544768,0.369422321001252,2020-06-01,2020,6
"11769","SE",2,"Nordeste",28005,"Tobias Barreto",117003,11405.917312633,23,37,20,17,16,21,0,0,0,0,0,37,20,17,16,21,17,9.34188756222791,11.6699548544768,0.370956261942623,2020-06-08,2020,6
"11770","SE",2,"Nordeste",28005,"Tobias Barreto",117003,11405.917312633,24,35,16,19,17,18,0,0,0,0,0,35,16,19,17,18,17,9.34188756222791,11.6699548544768,0.362153594919114,2020-06-15,2020,6
"11771","SE",2,"Nordeste",28005,"Tobias Barreto",117003,11405.917312633,25,21,11,10,8,13,0,0,0,0,0,21,11,10,8,13,20,9.34188756222791,11.6699548544768,0.366463777937771,2020-06-22,2020,6
"11772","SE",2,"Nordeste",28005,"Tobias Barreto",117003,11405.917312633,26,32,14,18,14,18,1,0,0,0,0,33,14,18,14,18,16,9.34188756222791,11.6699548544768,0.378638513337735,2020-06-29,2020,6
"11773","SE",2,"Nordeste",28005,"Tobias Barreto",117003,11405.917312633,27,28,16,12,9,19,0,0,0,0,0,28,16,12,9,19,25,9.34188756222791,11.6699548544768,0.414669339247589,2020-07-06,2020,7
"11774","SE",2,"Nordeste",28005,"Tobias Barreto",117003,11405.917312633,28,25,11,14,10,15,0,0,0,0,0,25,11,14,10,15,20,9.34188756222791,11.6699548544768,0.407429509780745,2020-07-13,2020,7
"11775","SE",2,"Nordeste",28005,"Tobias Barreto",117003,11405.917312633,29,27,18,9,15,12,2,0,0,0,0,29,18,9,15,12,23,9.34188756222791,11.6699548544768,0.418485638208551,2020-07-20,2020,7
"11776","SE",2,"Nordeste",28006,"Agreste de Lagarto",125030,14118.12233336,5,31,13,18,11,20,0,0,0,0,0,31,13,18,11,20,11,9.55521452298092,11.736308987489,0.268704597092669,2020-02-03,2020,2
"11777","SE",2,"Nordeste",28006,"Agreste de Lagarto",125030,14118.12233336,6,30,16,14,16,14,0,0,0,0,0,30,16,14,16,14,13,9.55521452298092,11.736308987489,0.266499590659008,2020-02-10,2020,2
"11778","SE",2,"Nordeste",28006,"Agreste de Lagarto",125030,14118.12233336,7,21,11,10,7,14,0,0,0,0,0,21,11,10,7,14,12,9.55521452298092,11.736308987489,0.281262571604652,2020-02-17,2020,2
"11779","SE",2,"Nordeste",28006,"Agreste de Lagarto",125030,14118.12233336,8,39,18,21,17,22,0,0,0,0,0,39,18,21,17,22,10,9.55521452298092,11.736308987489,0.320674861392418,2020-02-24,2020,2
"11780","SE",2,"Nordeste",28006,"Agreste de Lagarto",125030,14118.12233336,9,35,15,20,16,19,0,0,0,0,0,35,15,20,16,19,17,9.55521452298092,11.736308987489,0.300818873028029,2020-03-02,2020,3
"11781","SE",2,"Nordeste",28006,"Agreste de Lagarto",125030,14118.12233336,10,23,11,12,10,13,0,0,0,0,0,23,11,12,10,13,12,9.55521452298092,11.736308987489,0.319806406786056,2020-03-09,2020,3
"11782","SE",2,"Nordeste",28006,"Agreste de Lagarto",125030,14118.12233336,11,23,9,14,13,10,0,0,0,0,0,23,9,14,13,10,17,9.55521452298092,11.736308987489,0.375256444085071,2020-03-16,2020,3
"11783","SE",2,"Nordeste",28006,"Agreste de Lagarto",125030,14118.12233336,12,24,13,11,12,12,1,0,0,0,0,25,13,11,12,12,12,9.55521452298092,11.736308987489,0.480878126502472,2020-03-23,2020,3
"11784","SE",2,"Nordeste",28006,"Agreste de Lagarto",125030,14118.12233336,13,20,8,12,10,10,1,0,0,0,0,21,8,12,10,10,17,9.55521452298092,11.736308987489,0.41576643004395,2020-03-30,2020,3
"11785","SE",2,"Nordeste",28006,"Agreste de Lagarto",125030,14118.12233336,14,39,18,21,16,23,0,0,0,0,0,39,18,21,16,23,17,9.55521452298092,11.736308987489,0.413385308115206,2020-04-06,2020,4
"11786","SE",2,"Nordeste",28006,"Agreste de Lagarto",125030,14118.12233336,15,26,9,17,4,22,0,0,0,0,0,26,9,17,4,22,11,9.55521452298092,11.736308987489,0.397582252931876,2020-04-13,2020,4
"11787","SE",2,"Nordeste",28006,"Agreste de Lagarto",125030,14118.12233336,16,28,14,14,8,20,0,0,0,0,0,28,14,14,8,20,13,9.55521452298092,11.736308987489,0.401362371811529,2020-04-20,2020,4
"11788","SE",2,"Nordeste",28006,"Agreste de Lagarto",125030,14118.12233336,17,37,12,25,13,24,0,0,0,0,0,37,12,25,13,24,16,9.55521452298092,11.736308987489,0.378777314842783,2020-04-27,2020,4
"11789","SE",2,"Nordeste",28006,"Agreste de Lagarto",125030,14118.12233336,18,33,13,20,12,21,0,0,0,0,0,33,13,20,12,21,18,9.55521452298092,11.736308987489,0.396836549470134,2020-05-04,2020,5
"11790","SE",2,"Nordeste",28006,"Agreste de Lagarto",125030,14118.12233336,19,30,13,17,16,14,0,0,0,0,0,30,13,17,16,14,19,9.55521452298092,11.736308987489,0.403589223001223,2020-05-11,2020,5
"11791","SE",2,"Nordeste",28006,"Agreste de Lagarto",125030,14118.12233336,20,34,14,20,11,23,0,0,0,0,0,34,14,20,11,23,11,9.55521452298092,11.736308987489,0.413375757350765,2020-05-18,2020,5
"11792","SE",2,"Nordeste",28006,"Agreste de Lagarto",125030,14118.12233336,21,33,11,22,13,20,1,0,0,0,0,34,11,22,13,20,11,9.55521452298092,11.736308987489,0.390334322937819,2020-05-25,2020,5
"11793","SE",2,"Nordeste",28006,"Agreste de Lagarto",125030,14118.12233336,22,44,12,32,20,24,0,0,0,0,0,44,12,32,20,24,9,9.55521452298092,11.736308987489,0.388509956530839,2020-06-01,2020,6
"11794","SE",2,"Nordeste",28006,"Agreste de Lagarto",125030,14118.12233336,23,38,16,22,16,22,0,0,0,0,0,38,16,22,16,22,22,9.55521452298092,11.736308987489,0.37424556826388,2020-06-08,2020,6
"11795","SE",2,"Nordeste",28006,"Agreste de Lagarto",125030,14118.12233336,24,40,20,20,18,22,0,0,0,0,0,40,20,20,18,22,11,9.55521452298092,11.736308987489,0.363234445595259,2020-06-15,2020,6
"11796","SE",2,"Nordeste",28006,"Agreste de Lagarto",125030,14118.12233336,25,34,10,24,14,20,1,0,0,0,0,35,10,24,14,20,26,9.55521452298092,11.736308987489,0.384024818755843,2020-06-22,2020,6
"11797","SE",2,"Nordeste",28006,"Agreste de Lagarto",125030,14118.12233336,26,29,8,21,13,16,0,0,0,0,0,29,8,21,13,16,18,9.55521452298092,11.736308987489,0.394761850791234,2020-06-29,2020,6
"11798","SE",2,"Nordeste",28006,"Agreste de Lagarto",125030,14118.12233336,27,30,16,14,11,19,1,0,0,0,0,31,16,14,11,19,22,9.55521452298092,11.736308987489,0.415214962167178,2020-07-06,2020,7
"11799","SE",2,"Nordeste",28006,"Agreste de Lagarto",125030,14118.12233336,28,22,12,10,8,14,0,0,0,0,0,22,12,10,8,14,28,9.55521452298092,11.736308987489,0.402248072603207,2020-07-13,2020,7
"11800","SE",2,"Nordeste",28006,"Agreste de Lagarto",125030,14118.12233336,29,26,14,12,12,14,1,0,0,0,0,27,14,12,12,14,22,9.55521452298092,11.736308987489,0.407091644161313,2020-07-20,2020,7
"11801","SE",2,"Nordeste",28007,"Propriá",95157,12682.8341345356,5,24,12,12,10,14,0,0,0,0,0,24,12,12,10,14,17,9.44800471520344,11.4632834380687,0.264887939080294,2020-02-03,2020,2
"11802","SE",2,"Nordeste",28007,"Propriá",95157,12682.8341345356,6,32,16,16,16,16,1,0,0,0,0,33,16,16,16,16,11,9.44800471520344,11.4632834380687,0.257562492515417,2020-02-10,2020,2
"11803","SE",2,"Nordeste",28007,"Propriá",95157,12682.8341345356,7,18,8,10,9,9,1,0,0,0,0,19,8,10,9,9,13,9.44800471520344,11.4632834380687,0.273903645787636,2020-02-17,2020,2
"11804","SE",2,"Nordeste",28007,"Propriá",95157,12682.8341345356,8,15,6,9,7,8,0,0,0,0,0,15,6,9,7,8,8,9.44800471520344,11.4632834380687,0.327555948504406,2020-02-24,2020,2
"11805","SE",2,"Nordeste",28007,"Propriá",95157,12682.8341345356,9,31,7,24,16,15,1,0,0,0,0,32,7,24,16,15,11,9.44800471520344,11.4632834380687,0.298067391882531,2020-03-02,2020,3
"11806","SE",2,"Nordeste",28007,"Propriá",95157,12682.8341345356,10,15,5,10,8,7,0,0,0,0,0,15,5,10,8,7,12,9.44800471520344,11.4632834380687,0.31481644137924,2020-03-09,2020,3
"11807","SE",2,"Nordeste",28007,"Propriá",95157,12682.8341345356,11,17,7,10,12,5,0,0,0,0,0,17,7,10,12,5,20,9.44800471520344,11.4632834380687,0.383966867648511,2020-03-16,2020,3
"11808","SE",2,"Nordeste",28007,"Propriá",95157,12682.8341345356,12,15,8,7,9,6,0,0,0,0,0,15,8,7,9,6,12,9.44800471520344,11.4632834380687,0.473118000579334,2020-03-23,2020,3
"11809","SE",2,"Nordeste",28007,"Propriá",95157,12682.8341345356,13,20,6,14,11,9,0,0,0,0,0,20,6,14,11,9,23,9.44800471520344,11.4632834380687,0.406317390580834,2020-03-30,2020,3
"11810","SE",2,"Nordeste",28007,"Propriá",95157,12682.8341345356,14,23,5,18,8,15,1,0,0,0,0,24,5,18,8,15,8,9.44800471520344,11.4632834380687,0.396473999117668,2020-04-06,2020,4
"11811","SE",2,"Nordeste",28007,"Propriá",95157,12682.8341345356,15,16,8,8,11,5,0,0,0,0,0,16,8,8,11,5,8,9.44800471520344,11.4632834380687,0.378950162838372,2020-04-13,2020,4
"11812","SE",2,"Nordeste",28007,"Propriá",95157,12682.8341345356,16,24,11,13,11,13,1,0,0,0,0,25,11,13,11,13,17,9.44800471520344,11.4632834380687,0.378714159195253,2020-04-20,2020,4
"11813","SE",2,"Nordeste",28007,"Propriá",95157,12682.8341345356,17,25,9,16,12,13,0,0,0,0,0,25,9,16,12,13,8,9.44800471520344,11.4632834380687,0.362985395117969,2020-04-27,2020,4
"11814","SE",2,"Nordeste",28007,"Propriá",95157,12682.8341345356,18,21,11,10,10,11,1,0,0,0,0,22,11,10,10,11,9,9.44800471520344,11.4632834380687,0.37253386205502,2020-05-04,2020,5
"11815","SE",2,"Nordeste",28007,"Propriá",95157,12682.8341345356,19,23,9,14,8,15,0,0,0,0,0,23,9,14,8,15,16,9.44800471520344,11.4632834380687,0.390559915066725,2020-05-11,2020,5
"11816","SE",2,"Nordeste",28007,"Propriá",95157,12682.8341345356,20,25,13,12,13,12,1,0,0,0,0,26,13,12,13,12,8,9.44800471520344,11.4632834380687,0.400920794567449,2020-05-18,2020,5
"11817","SE",2,"Nordeste",28007,"Propriá",95157,12682.8341345356,21,29,12,17,17,12,0,0,0,0,0,29,12,17,17,12,14,9.44800471520344,11.4632834380687,0.384035854886719,2020-05-25,2020,5
"11818","SE",2,"Nordeste",28007,"Propriá",95157,12682.8341345356,22,34,14,20,16,18,0,0,0,0,0,34,14,20,16,18,16,9.44800471520344,11.4632834380687,0.360007096484082,2020-06-01,2020,6
"11819","SE",2,"Nordeste",28007,"Propriá",95157,12682.8341345356,23,18,9,9,8,10,0,0,0,0,0,18,9,9,8,10,13,9.44800471520344,11.4632834380687,0.371045082054698,2020-06-08,2020,6
"11820","SE",2,"Nordeste",28007,"Propriá",95157,12682.8341345356,24,41,19,22,28,13,0,0,0,0,0,41,19,22,28,13,14,9.44800471520344,11.4632834380687,0.364064810473048,2020-06-15,2020,6
"11821","SE",2,"Nordeste",28007,"Propriá",95157,12682.8341345356,25,27,13,14,14,13,0,0,0,0,0,27,13,14,14,13,24,9.44800471520344,11.4632834380687,0.370770315781098,2020-06-22,2020,6
"11822","SE",2,"Nordeste",28007,"Propriá",95157,12682.8341345356,26,21,7,14,11,10,1,0,0,0,0,22,7,14,11,10,25,9.44800471520344,11.4632834380687,0.398992458364928,2020-06-29,2020,6
"11823","SE",2,"Nordeste",28007,"Propriá",95157,12682.8341345356,27,24,10,14,9,15,0,0,0,0,0,24,10,14,9,15,19,9.44800471520344,11.4632834380687,0.416506872288735,2020-07-06,2020,7
"11824","SE",2,"Nordeste",28007,"Propriá",95157,12682.8341345356,28,30,11,19,19,11,0,0,0,0,0,30,11,19,19,11,27,9.44800471520344,11.4632834380687,0.40682533848492,2020-07-13,2020,7
"11825","SE",2,"Nordeste",28007,"Propriá",95157,12682.8341345356,29,26,10,16,14,12,2,0,0,0,0,28,10,16,14,12,21,9.44800471520344,11.4632834380687,0.390964558809743,2020-07-20,2020,7
"11826","SE",2,"Nordeste",28008,"Cotinguiba",52622,13833.0054133252,5,18,8,10,11,7,0,0,0,0,0,18,8,10,11,7,13,9.53481271220888,10.8708895622338,0.272394353962562,2020-02-03,2020,2
"11827","SE",2,"Nordeste",28008,"Cotinguiba",52622,13833.0054133252,6,15,7,8,10,5,0,0,0,0,0,15,7,8,10,5,4,9.53481271220888,10.8708895622338,0.27727681097118,2020-02-10,2020,2
"11828","SE",2,"Nordeste",28008,"Cotinguiba",52622,13833.0054133252,7,14,6,8,6,8,0,0,0,0,0,14,6,8,6,8,4,9.53481271220888,10.8708895622338,0.279513132194317,2020-02-17,2020,2
"11829","SE",2,"Nordeste",28008,"Cotinguiba",52622,13833.0054133252,8,16,12,4,7,9,0,0,0,0,0,16,12,4,7,9,4,9.53481271220888,10.8708895622338,0.321830779845814,2020-02-24,2020,2
"11830","SE",2,"Nordeste",28008,"Cotinguiba",52622,13833.0054133252,9,20,9,11,8,12,0,0,0,0,0,20,9,11,8,12,5,9.53481271220888,10.8708895622338,0.306064401835091,2020-03-02,2020,3
"11831","SE",2,"Nordeste",28008,"Cotinguiba",52622,13833.0054133252,10,13,8,5,9,4,0,0,0,0,0,13,8,5,9,4,7,9.53481271220888,10.8708895622338,0.321068793802429,2020-03-09,2020,3
"11832","SE",2,"Nordeste",28008,"Cotinguiba",52622,13833.0054133252,11,17,9,8,8,9,0,0,0,0,0,17,9,8,8,9,7,9.53481271220888,10.8708895622338,0.385244253375651,2020-03-16,2020,3
"11833","SE",2,"Nordeste",28008,"Cotinguiba",52622,13833.0054133252,12,12,6,6,7,5,0,0,0,0,0,12,6,6,7,5,8,9.53481271220888,10.8708895622338,0.481463332784593,2020-03-23,2020,3
"11834","SE",2,"Nordeste",28008,"Cotinguiba",52622,13833.0054133252,13,14,12,2,6,8,1,0,0,0,0,15,12,2,6,8,3,9.53481271220888,10.8708895622338,0.430685013186801,2020-03-30,2020,3
"11835","SE",2,"Nordeste",28008,"Cotinguiba",52622,13833.0054133252,14,16,10,6,5,11,1,0,0,0,0,17,10,6,5,11,4,9.53481271220888,10.8708895622338,0.409844084955528,2020-04-06,2020,4
"11836","SE",2,"Nordeste",28008,"Cotinguiba",52622,13833.0054133252,15,8,3,5,5,3,0,0,0,0,0,8,3,5,5,3,5,9.53481271220888,10.8708895622338,0.405285804140227,2020-04-13,2020,4
"11837","SE",2,"Nordeste",28008,"Cotinguiba",52622,13833.0054133252,16,16,7,9,8,8,0,0,0,0,0,16,7,9,8,8,4,9.53481271220888,10.8708895622338,0.403902685273107,2020-04-20,2020,4
"11838","SE",2,"Nordeste",28008,"Cotinguiba",52622,13833.0054133252,17,11,4,7,4,7,0,0,0,0,0,11,4,7,4,7,5,9.53481271220888,10.8708895622338,0.382828320479799,2020-04-27,2020,4
"11839","SE",2,"Nordeste",28008,"Cotinguiba",52622,13833.0054133252,18,25,14,11,12,13,0,0,0,0,0,25,14,11,12,13,4,9.53481271220888,10.8708895622338,0.389456429746556,2020-05-04,2020,5
"11840","SE",2,"Nordeste",28008,"Cotinguiba",52622,13833.0054133252,19,19,10,9,8,11,0,0,0,0,0,19,10,9,8,11,7,9.53481271220888,10.8708895622338,0.408669584134447,2020-05-11,2020,5
"11841","SE",2,"Nordeste",28008,"Cotinguiba",52622,13833.0054133252,20,20,15,5,15,5,0,0,0,0,0,20,15,5,15,5,5,9.53481271220888,10.8708895622338,0.417908662178322,2020-05-18,2020,5
"11842","SE",2,"Nordeste",28008,"Cotinguiba",52622,13833.0054133252,21,17,11,6,5,12,0,0,0,0,0,17,11,6,5,12,4,9.53481271220888,10.8708895622338,0.394100809889614,2020-05-25,2020,5
"11843","SE",2,"Nordeste",28008,"Cotinguiba",52622,13833.0054133252,22,13,5,8,4,9,0,0,0,0,0,13,5,8,4,9,8,9.53481271220888,10.8708895622338,0.369352517419934,2020-06-01,2020,6
"11844","SE",2,"Nordeste",28008,"Cotinguiba",52622,13833.0054133252,23,16,7,9,9,7,0,0,0,0,0,16,7,9,9,7,8,9.53481271220888,10.8708895622338,0.373980960806617,2020-06-08,2020,6
"11845","SE",2,"Nordeste",28008,"Cotinguiba",52622,13833.0054133252,24,14,7,7,8,6,0,0,0,0,0,14,7,7,8,6,12,9.53481271220888,10.8708895622338,0.366268996026884,2020-06-15,2020,6
"11846","SE",2,"Nordeste",28008,"Cotinguiba",52622,13833.0054133252,25,17,8,9,8,9,0,0,0,0,0,17,8,9,8,9,12,9.53481271220888,10.8708895622338,0.38174236816978,2020-06-22,2020,6
"11847","SE",2,"Nordeste",28008,"Cotinguiba",52622,13833.0054133252,26,15,9,6,5,10,0,0,0,0,0,15,9,6,5,10,9,9.53481271220888,10.8708895622338,0.403386174483856,2020-06-29,2020,6
"11848","SE",2,"Nordeste",28008,"Cotinguiba",52622,13833.0054133252,27,16,7,9,8,8,0,0,0,0,0,16,7,9,8,8,8,9.53481271220888,10.8708895622338,0.4175145327991,2020-07-06,2020,7
"11849","SE",2,"Nordeste",28008,"Cotinguiba",52622,13833.0054133252,28,23,6,17,10,13,1,0,0,0,0,24,6,17,10,13,10,9.53481271220888,10.8708895622338,0.416067523943144,2020-07-13,2020,7
"11850","SE",2,"Nordeste",28008,"Cotinguiba",52622,13833.0054133252,29,17,12,5,12,5,0,0,0,0,0,17,12,5,12,5,5,9.53481271220888,10.8708895622338,0.407160430808925,2020-07-20,2020,7
"11851","SE",2,"Nordeste",28009,"Japaratuba",60016,14918.7843196814,5,12,1,11,7,5,0,0,0,0,0,12,1,11,7,5,3,9.61037639052397,11.0023664723217,0.261737979896768,2020-02-03,2020,2
"11852","SE",2,"Nordeste",28009,"Japaratuba",60016,14918.7843196814,6,17,7,10,7,10,2,0,0,0,0,19,7,10,7,10,12,9.61037639052397,11.0023664723217,0.25383932720691,2020-02-10,2020,2
"11853","SE",2,"Nordeste",28009,"Japaratuba",60016,14918.7843196814,7,13,7,6,7,6,0,0,0,0,0,13,7,6,7,6,3,9.61037639052397,11.0023664723217,0.268701961809636,2020-02-17,2020,2
"11854","SE",2,"Nordeste",28009,"Japaratuba",60016,14918.7843196814,8,11,7,4,7,4,1,0,0,0,0,12,7,4,7,4,8,9.61037639052397,11.0023664723217,0.316684640699337,2020-02-24,2020,2
"11855","SE",2,"Nordeste",28009,"Japaratuba",60016,14918.7843196814,9,11,6,5,8,3,0,0,0,0,0,11,6,5,8,3,5,9.61037639052397,11.0023664723217,0.284755203831558,2020-03-02,2020,3
"11856","SE",2,"Nordeste",28009,"Japaratuba",60016,14918.7843196814,10,16,11,5,6,10,0,0,0,0,0,16,11,5,6,10,9,9.61037639052397,11.0023664723217,0.31256641495253,2020-03-09,2020,3
"11857","SE",2,"Nordeste",28009,"Japaratuba",60016,14918.7843196814,11,11,5,6,6,5,0,0,0,0,0,11,5,6,6,5,11,9.61037639052397,11.0023664723217,0.376729077075103,2020-03-16,2020,3
"11858","SE",2,"Nordeste",28009,"Japaratuba",60016,14918.7843196814,12,18,8,10,11,7,0,0,0,0,0,18,8,10,11,7,6,9.61037639052397,11.0023664723217,0.463725108572741,2020-03-23,2020,3
"11859","SE",2,"Nordeste",28009,"Japaratuba",60016,14918.7843196814,13,15,6,9,7,8,0,0,0,0,0,15,6,9,7,8,13,9.61037639052397,11.0023664723217,0.409724829926375,2020-03-30,2020,3
"11860","SE",2,"Nordeste",28009,"Japaratuba",60016,14918.7843196814,14,12,5,7,4,8,0,0,0,0,0,12,5,7,4,8,4,9.61037639052397,11.0023664723217,0.399042567277939,2020-04-06,2020,4
"11861","SE",2,"Nordeste",28009,"Japaratuba",60016,14918.7843196814,15,17,5,12,4,13,0,0,0,0,0,17,5,12,4,13,4,9.61037639052397,11.0023664723217,0.397787148896664,2020-04-13,2020,4
"11862","SE",2,"Nordeste",28009,"Japaratuba",60016,14918.7843196814,16,22,12,10,15,7,0,0,0,0,0,22,12,10,15,7,10,9.61037639052397,11.0023664723217,0.388476760122699,2020-04-20,2020,4
"11863","SE",2,"Nordeste",28009,"Japaratuba",60016,14918.7843196814,17,13,3,10,3,10,0,0,0,0,0,13,3,10,3,10,4,9.61037639052397,11.0023664723217,0.369618350040586,2020-04-27,2020,4
"11864","SE",2,"Nordeste",28009,"Japaratuba",60016,14918.7843196814,18,15,9,6,10,5,0,0,0,0,0,15,9,6,10,5,6,9.61037639052397,11.0023664723217,0.380636980130507,2020-05-04,2020,5
"11865","SE",2,"Nordeste",28009,"Japaratuba",60016,14918.7843196814,19,17,8,9,5,12,0,0,0,0,0,17,8,9,5,12,14,9.61037639052397,11.0023664723217,0.395310968525551,2020-05-11,2020,5
"11866","SE",2,"Nordeste",28009,"Japaratuba",60016,14918.7843196814,20,20,8,12,8,12,0,0,0,0,0,20,8,12,8,12,11,9.61037639052397,11.0023664723217,0.420321188097611,2020-05-18,2020,5
"11867","SE",2,"Nordeste",28009,"Japaratuba",60016,14918.7843196814,21,20,10,10,8,12,0,0,0,0,0,20,10,10,8,12,8,9.61037639052397,11.0023664723217,0.400700739385246,2020-05-25,2020,5
"11868","SE",2,"Nordeste",28009,"Japaratuba",60016,14918.7843196814,22,17,6,11,9,8,1,0,0,0,0,18,6,11,9,8,10,9.61037639052397,11.0023664723217,0.379618140765959,2020-06-01,2020,6
"11869","SE",2,"Nordeste",28009,"Japaratuba",60016,14918.7843196814,23,14,3,11,8,6,0,0,0,0,0,14,3,11,8,6,6,9.61037639052397,11.0023664723217,0.377148233426196,2020-06-08,2020,6
"11870","SE",2,"Nordeste",28009,"Japaratuba",60016,14918.7843196814,24,9,2,7,5,4,1,0,0,0,0,10,2,7,5,4,13,9.61037639052397,11.0023664723217,0.379496351350614,2020-06-15,2020,6
"11871","SE",2,"Nordeste",28009,"Japaratuba",60016,14918.7843196814,25,16,7,9,6,10,1,0,0,0,0,17,7,9,6,10,13,9.61037639052397,11.0023664723217,0.382532456447196,2020-06-22,2020,6
"11872","SE",2,"Nordeste",28009,"Japaratuba",60016,14918.7843196814,26,10,6,4,7,3,1,0,0,0,0,11,6,4,7,3,10,9.61037639052397,11.0023664723217,0.399754118298473,2020-06-29,2020,6
"11873","SE",2,"Nordeste",28009,"Japaratuba",60016,14918.7843196814,27,17,6,11,7,10,0,0,0,0,0,17,6,11,7,10,5,9.61037639052397,11.0023664723217,0.40114605964341,2020-07-06,2020,7
"11874","SE",2,"Nordeste",28009,"Japaratuba",60016,14918.7843196814,28,18,10,8,10,8,0,0,0,0,0,18,10,8,10,8,9,9.61037639052397,11.0023664723217,0.412936571455239,2020-07-13,2020,7
"11875","SE",2,"Nordeste",28009,"Japaratuba",60016,14918.7843196814,29,23,6,17,15,8,0,0,0,0,0,23,6,17,15,8,14,9.61037639052397,11.0023664723217,0.401360802249961,2020-07-20,2020,7
"11876","SE",2,"Nordeste",28010,"Baixo Cotinguiba",101115,23182.7916375414,5,19,7,12,9,10,0,0,0,0,0,19,7,12,9,10,14,10.0511655426682,11.5240137619556,0.270927852079052,2020-02-03,2020,2
"11877","SE",2,"Nordeste",28010,"Baixo Cotinguiba",101115,23182.7916375414,6,25,7,18,12,13,0,0,0,0,0,25,7,18,12,13,10,10.0511655426682,11.5240137619556,0.266615069331177,2020-02-10,2020,2
"11878","SE",2,"Nordeste",28010,"Baixo Cotinguiba",101115,23182.7916375414,7,23,7,16,12,11,0,0,0,0,0,23,7,16,12,11,14,10.0511655426682,11.5240137619556,0.285566436344804,2020-02-17,2020,2
"11879","SE",2,"Nordeste",28010,"Baixo Cotinguiba",101115,23182.7916375414,8,23,11,12,13,10,0,0,0,0,0,23,11,12,13,10,11,10.0511655426682,11.5240137619556,0.338091341336155,2020-02-24,2020,2
"11880","SE",2,"Nordeste",28010,"Baixo Cotinguiba",101115,23182.7916375414,9,23,8,15,8,15,0,0,0,0,0,23,8,15,8,15,3,10.0511655426682,11.5240137619556,0.311419061889412,2020-03-02,2020,3
"11881","SE",2,"Nordeste",28010,"Baixo Cotinguiba",101115,23182.7916375414,10,22,10,12,9,13,0,0,0,0,0,22,10,12,9,13,7,10.0511655426682,11.5240137619556,0.328481252199142,2020-03-09,2020,3
"11882","SE",2,"Nordeste",28010,"Baixo Cotinguiba",101115,23182.7916375414,11,27,10,17,15,12,0,0,0,0,0,27,10,17,15,12,14,10.0511655426682,11.5240137619556,0.390625458424304,2020-03-16,2020,3
"11883","SE",2,"Nordeste",28010,"Baixo Cotinguiba",101115,23182.7916375414,12,30,12,18,11,19,0,0,0,0,0,30,12,18,11,19,10,10.0511655426682,11.5240137619556,0.470680530275141,2020-03-23,2020,3
"11884","SE",2,"Nordeste",28010,"Baixo Cotinguiba",101115,23182.7916375414,13,23,14,9,13,10,0,0,0,0,0,23,14,9,13,10,12,10.0511655426682,11.5240137619556,0.428998788687447,2020-03-30,2020,3
"11885","SE",2,"Nordeste",28010,"Baixo Cotinguiba",101115,23182.7916375414,14,24,11,13,11,13,0,0,0,0,0,24,11,13,11,13,11,10.0511655426682,11.5240137619556,0.407099436929709,2020-04-06,2020,4
"11886","SE",2,"Nordeste",28010,"Baixo Cotinguiba",101115,23182.7916375414,15,30,14,16,12,18,0,0,0,0,0,30,14,16,12,18,16,10.0511655426682,11.5240137619556,0.407503162038967,2020-04-13,2020,4
"11887","SE",2,"Nordeste",28010,"Baixo Cotinguiba",101115,23182.7916375414,16,20,7,13,11,9,0,0,0,0,0,20,7,13,11,9,9,10.0511655426682,11.5240137619556,0.396385556825474,2020-04-20,2020,4
"11888","SE",2,"Nordeste",28010,"Baixo Cotinguiba",101115,23182.7916375414,17,26,13,13,14,12,0,0,0,0,0,26,13,13,14,12,6,10.0511655426682,11.5240137619556,0.373754113772343,2020-04-27,2020,4
"11889","SE",2,"Nordeste",28010,"Baixo Cotinguiba",101115,23182.7916375414,18,34,12,22,17,17,0,0,0,0,0,34,12,22,17,17,10,10.0511655426682,11.5240137619556,0.393610267044037,2020-05-04,2020,5
"11890","SE",2,"Nordeste",28010,"Baixo Cotinguiba",101115,23182.7916375414,19,25,15,10,13,12,0,0,0,0,0,25,15,10,13,12,10,10.0511655426682,11.5240137619556,0.405862972194175,2020-05-11,2020,5
"11891","SE",2,"Nordeste",28010,"Baixo Cotinguiba",101115,23182.7916375414,20,26,9,17,15,11,0,0,0,0,0,26,9,17,15,11,15,10.0511655426682,11.5240137619556,0.41624438467478,2020-05-18,2020,5
"11892","SE",2,"Nordeste",28010,"Baixo Cotinguiba",101115,23182.7916375414,21,25,7,18,9,16,2,0,0,0,0,27,7,18,9,16,8,10.0511655426682,11.5240137619556,0.396814530810166,2020-05-25,2020,5
"11893","SE",2,"Nordeste",28010,"Baixo Cotinguiba",101115,23182.7916375414,22,34,13,21,12,22,0,0,0,0,0,34,13,21,12,22,14,10.0511655426682,11.5240137619556,0.375058198123258,2020-06-01,2020,6
"11894","SE",2,"Nordeste",28010,"Baixo Cotinguiba",101115,23182.7916375414,23,24,11,13,12,12,0,0,0,0,0,24,11,13,12,12,11,10.0511655426682,11.5240137619556,0.382511069969471,2020-06-08,2020,6
"11895","SE",2,"Nordeste",28010,"Baixo Cotinguiba",101115,23182.7916375414,24,29,11,18,14,15,0,0,0,0,0,29,11,18,14,15,24,10.0511655426682,11.5240137619556,0.375341243198719,2020-06-15,2020,6
"11896","SE",2,"Nordeste",28010,"Baixo Cotinguiba",101115,23182.7916375414,25,24,9,15,11,13,1,0,0,0,0,25,9,15,11,13,18,10.0511655426682,11.5240137619556,0.391465058015961,2020-06-22,2020,6
"11897","SE",2,"Nordeste",28010,"Baixo Cotinguiba",101115,23182.7916375414,26,36,14,22,22,14,1,0,0,0,0,37,14,22,22,14,24,10.0511655426682,11.5240137619556,0.401727324611459,2020-06-29,2020,6
"11898","SE",2,"Nordeste",28010,"Baixo Cotinguiba",101115,23182.7916375414,27,23,11,12,13,10,0,0,0,0,0,23,11,12,13,10,21,10.0511655426682,11.5240137619556,0.410475985298407,2020-07-06,2020,7
"11899","SE",2,"Nordeste",28010,"Baixo Cotinguiba",101115,23182.7916375414,28,25,9,16,16,9,0,0,0,0,0,25,9,16,16,9,25,10.0511655426682,11.5240137619556,0.410443741164257,2020-07-13,2020,7
"11900","SE",2,"Nordeste",28010,"Baixo Cotinguiba",101115,23182.7916375414,29,32,15,17,21,11,0,0,0,0,0,32,15,17,21,11,12,10.0511655426682,11.5240137619556,0.410680242857108,2020-07-20,2020,7
"11901","SE",2,"Nordeste",28011,"Aracaju",972637,22354.867457407,5,234,68,166,93,141,2,0,0,0,0,236,68,166,93,141,99,10.0147993596595,13.7877662185889,0.260301623591597,2020-02-03,2020,2
"11902","SE",2,"Nordeste",28011,"Aracaju",972637,22354.867457407,6,226,61,165,67,159,0,0,0,0,0,226,61,165,67,159,111,10.0147993596595,13.7877662185889,0.256160057478666,2020-02-10,2020,2
"11903","SE",2,"Nordeste",28011,"Aracaju",972637,22354.867457407,7,236,75,161,73,163,1,0,0,0,0,237,75,161,73,163,95,10.0147993596595,13.7877662185889,0.27504930234092,2020-02-17,2020,2
"11904","SE",2,"Nordeste",28011,"Aracaju",972637,22354.867457407,8,198,53,145,87,111,3,0,0,0,0,201,53,145,87,111,104,10.0147993596595,13.7877662185889,0.330509050735521,2020-02-24,2020,2
"11905","SE",2,"Nordeste",28011,"Aracaju",972637,22354.867457407,9,205,61,144,87,118,1,0,0,0,0,206,61,144,87,118,98,10.0147993596595,13.7877662185889,0.294008399391226,2020-03-02,2020,3
"11906","SE",2,"Nordeste",28011,"Aracaju",972637,22354.867457407,10,188,47,141,65,123,2,0,0,0,0,190,47,141,65,123,127,10.0147993596595,13.7877662185889,0.310413813111329,2020-03-09,2020,3
"11907","SE",2,"Nordeste",28011,"Aracaju",972637,22354.867457407,11,195,61,134,76,119,0,0,0,0,0,195,61,134,76,119,131,10.0147993596595,13.7877662185889,0.40891937247771,2020-03-16,2020,3
"11908","SE",2,"Nordeste",28011,"Aracaju",972637,22354.867457407,12,196,57,139,72,124,4,0,0,0,0,200,57,139,72,124,116,10.0147993596595,13.7877662185889,0.536350694773658,2020-03-23,2020,3
"11909","SE",2,"Nordeste",28011,"Aracaju",972637,22354.867457407,13,224,69,155,85,139,5,0,0,0,0,229,69,155,85,139,120,10.0147993596595,13.7877662185889,0.470027512656821,2020-03-30,2020,3
"11910","SE",2,"Nordeste",28011,"Aracaju",972637,22354.867457407,14,235,60,175,75,160,8,0,0,0,0,243,60,175,75,160,113,10.0147993596595,13.7877662185889,0.462584194335866,2020-04-06,2020,4
"11911","SE",2,"Nordeste",28011,"Aracaju",972637,22354.867457407,15,213,55,158,76,137,1,0,0,0,0,214,55,158,76,137,108,10.0147993596595,13.7877662185889,0.447816933356286,2020-04-13,2020,4
"11912","SE",2,"Nordeste",28011,"Aracaju",972637,22354.867457407,16,220,67,153,98,122,2,0,0,0,0,222,67,153,98,122,104,10.0147993596595,13.7877662185889,0.449274761955975,2020-04-20,2020,4
"11913","SE",2,"Nordeste",28011,"Aracaju",972637,22354.867457407,17,217,59,158,76,141,1,0,0,0,0,218,59,158,76,141,90,10.0147993596595,13.7877662185889,0.420122162804685,2020-04-27,2020,4
"11914","SE",2,"Nordeste",28011,"Aracaju",972637,22354.867457407,18,211,52,159,72,139,0,0,0,0,0,211,52,159,72,139,99,10.0147993596595,13.7877662185889,0.421197490457334,2020-05-04,2020,5
"11915","SE",2,"Nordeste",28011,"Aracaju",972637,22354.867457407,19,206,64,142,76,130,4,0,0,0,0,210,64,142,76,130,118,10.0147993596595,13.7877662185889,0.435534292620782,2020-05-11,2020,5
"11916","SE",2,"Nordeste",28011,"Aracaju",972637,22354.867457407,20,234,60,174,73,161,4,0,0,0,0,238,60,174,73,161,124,10.0147993596595,13.7877662185889,0.447315475871511,2020-05-18,2020,5
"11917","SE",2,"Nordeste",28011,"Aracaju",972637,22354.867457407,21,230,56,174,92,138,4,0,0,0,0,234,56,174,92,138,161,10.0147993596595,13.7877662185889,0.430862558990957,2020-05-25,2020,5
"11918","SE",2,"Nordeste",28011,"Aracaju",972637,22354.867457407,22,247,65,182,85,162,3,0,0,0,0,250,65,182,85,162,155,10.0147993596595,13.7877662185889,0.400623017225251,2020-06-01,2020,6
"11919","SE",2,"Nordeste",28011,"Aracaju",972637,22354.867457407,23,220,58,162,75,145,0,0,0,0,0,220,58,162,75,145,177,10.0147993596595,13.7877662185889,0.404665549815179,2020-06-08,2020,6
"11920","SE",2,"Nordeste",28011,"Aracaju",972637,22354.867457407,24,262,76,186,106,156,0,0,0,0,0,262,76,186,106,156,171,10.0147993596595,13.7877662185889,0.390224343579919,2020-06-15,2020,6
"11921","SE",2,"Nordeste",28011,"Aracaju",972637,22354.867457407,25,237,70,167,86,151,1,0,0,0,0,238,70,167,86,151,215,10.0147993596595,13.7877662185889,0.40660706973691,2020-06-22,2020,6
"11922","SE",2,"Nordeste",28011,"Aracaju",972637,22354.867457407,26,232,86,146,83,149,4,0,0,0,0,236,86,146,83,149,231,10.0147993596595,13.7877662185889,0.411731867878506,2020-06-29,2020,6
"11923","SE",2,"Nordeste",28011,"Aracaju",972637,22354.867457407,27,236,69,167,86,150,1,0,0,0,0,237,69,167,86,150,175,10.0147993596595,13.7877662185889,0.418148244216549,2020-07-06,2020,7
"11924","SE",2,"Nordeste",28011,"Aracaju",972637,22354.867457407,28,259,84,175,100,159,2,0,0,0,0,261,84,175,100,159,165,10.0147993596595,13.7877662185889,0.414995660375676,2020-07-13,2020,7
"11925","SE",2,"Nordeste",28011,"Aracaju",972637,22354.867457407,29,258,82,176,80,178,5,0,0,0,0,263,82,176,80,178,161,10.0147993596595,13.7877662185889,0.418833810589757,2020-07-20,2020,7
"11926","SE",2,"Nordeste",28012,"Boquim",165816,10707.5937505428,5,34,14,20,10,24,1,0,0,0,0,35,14,20,10,24,25,9.27870846504707,12.0186340188367,0.268505378847419,2020-02-03,2020,2
"11927","SE",2,"Nordeste",28012,"Boquim",165816,10707.5937505428,6,27,7,20,7,20,0,0,0,0,0,27,7,20,7,20,14,9.27870846504707,12.0186340188367,0.258727693030459,2020-02-10,2020,2
"11928","SE",2,"Nordeste",28012,"Boquim",165816,10707.5937505428,7,38,14,24,13,25,0,0,0,0,0,38,14,24,13,25,20,9.27870846504707,12.0186340188367,0.27209135458312,2020-02-17,2020,2
"11929","SE",2,"Nordeste",28012,"Boquim",165816,10707.5937505428,8,42,22,20,24,18,0,0,0,0,0,42,22,20,24,18,27,9.27870846504707,12.0186340188367,0.314394149342784,2020-02-24,2020,2
"11930","SE",2,"Nordeste",28012,"Boquim",165816,10707.5937505428,9,40,18,22,17,23,0,0,0,0,0,40,18,22,17,23,15,9.27870846504707,12.0186340188367,0.294669397323393,2020-03-02,2020,3
"11931","SE",2,"Nordeste",28012,"Boquim",165816,10707.5937505428,10,41,23,18,23,18,1,0,0,0,0,42,23,18,23,18,23,9.27870846504707,12.0186340188367,0.31379645241436,2020-03-09,2020,3
"11932","SE",2,"Nordeste",28012,"Boquim",165816,10707.5937505428,11,39,24,15,17,22,1,0,0,0,0,40,24,15,17,22,29,9.27870846504707,12.0186340188367,0.374557018027201,2020-03-16,2020,3
"11933","SE",2,"Nordeste",28012,"Boquim",165816,10707.5937505428,12,30,11,19,14,16,0,0,0,0,0,30,11,19,14,16,11,9.27870846504707,12.0186340188367,0.475757172528325,2020-03-23,2020,3
"11934","SE",2,"Nordeste",28012,"Boquim",165816,10707.5937505428,13,33,12,21,19,14,3,0,0,0,0,36,12,21,19,14,24,9.27870846504707,12.0186340188367,0.409735872013836,2020-03-30,2020,3
"11935","SE",2,"Nordeste",28012,"Boquim",165816,10707.5937505428,14,40,15,25,19,21,1,0,0,0,0,41,15,25,19,21,19,9.27870846504707,12.0186340188367,0.395257416572525,2020-04-06,2020,4
"11936","SE",2,"Nordeste",28012,"Boquim",165816,10707.5937505428,15,37,17,20,18,19,0,0,0,0,0,37,17,20,18,19,18,9.27870846504707,12.0186340188367,0.392029834205301,2020-04-13,2020,4
"11937","SE",2,"Nordeste",28012,"Boquim",165816,10707.5937505428,16,33,18,15,16,17,0,0,0,0,0,33,18,15,16,17,14,9.27870846504707,12.0186340188367,0.399588430570049,2020-04-20,2020,4
"11938","SE",2,"Nordeste",28012,"Boquim",165816,10707.5937505428,17,38,17,21,16,22,0,0,0,0,0,38,17,21,16,22,18,9.27870846504707,12.0186340188367,0.3758830289658,2020-04-27,2020,4
"11939","SE",2,"Nordeste",28012,"Boquim",165816,10707.5937505428,18,32,9,23,18,14,1,0,0,0,0,33,9,23,18,14,14,9.27870846504707,12.0186340188367,0.392713212928909,2020-05-04,2020,5
"11940","SE",2,"Nordeste",28012,"Boquim",165816,10707.5937505428,19,50,25,25,25,25,2,0,0,0,0,52,25,25,25,25,16,9.27870846504707,12.0186340188367,0.393826164467039,2020-05-11,2020,5
"11941","SE",2,"Nordeste",28012,"Boquim",165816,10707.5937505428,20,39,18,21,19,20,0,0,0,0,0,39,18,21,19,20,35,9.27870846504707,12.0186340188367,0.404089522691674,2020-05-18,2020,5
"11942","SE",2,"Nordeste",28012,"Boquim",165816,10707.5937505428,21,41,20,21,20,21,0,0,0,0,0,41,20,21,20,21,22,9.27870846504707,12.0186340188367,0.381004424594291,2020-05-25,2020,5
"11943","SE",2,"Nordeste",28012,"Boquim",165816,10707.5937505428,22,33,12,21,17,16,0,0,0,0,0,33,12,21,17,16,31,9.27870846504707,12.0186340188367,0.36308696099635,2020-06-01,2020,6
"11944","SE",2,"Nordeste",28012,"Boquim",165816,10707.5937505428,23,40,14,26,20,20,1,0,0,0,0,41,14,26,20,20,16,9.27870846504707,12.0186340188367,0.364032651833283,2020-06-08,2020,6
"11945","SE",2,"Nordeste",28012,"Boquim",165816,10707.5937505428,24,43,16,27,19,24,0,0,0,0,0,43,16,27,19,24,31,9.27870846504707,12.0186340188367,0.354811564697443,2020-06-15,2020,6
"11946","SE",2,"Nordeste",28012,"Boquim",165816,10707.5937505428,25,41,18,23,18,23,0,0,0,0,0,41,18,23,18,23,23,9.27870846504707,12.0186340188367,0.370233123213672,2020-06-22,2020,6
"11947","SE",2,"Nordeste",28012,"Boquim",165816,10707.5937505428,26,50,22,28,15,35,0,0,0,0,0,50,22,28,15,35,30,9.27870846504707,12.0186340188367,0.384691366913211,2020-06-29,2020,6
"11948","SE",2,"Nordeste",28012,"Boquim",165816,10707.5937505428,27,45,21,24,23,22,0,0,0,0,0,45,21,24,23,22,30,9.27870846504707,12.0186340188367,0.405771345849186,2020-07-06,2020,7
"11949","SE",2,"Nordeste",28012,"Boquim",165816,10707.5937505428,28,53,20,33,24,29,1,0,0,0,0,54,20,33,24,29,28,9.27870846504707,12.0186340188367,0.399381642192282,2020-07-13,2020,7
"11950","SE",2,"Nordeste",28012,"Boquim",165816,10707.5937505428,29,36,19,17,14,22,0,0,0,0,0,36,19,17,14,22,33,9.27870846504707,12.0186340188367,0.391274519447503,2020-07-20,2020,7
"11951","SE",2,"Nordeste",28013,"Estância",136535,21883.4693089684,5,34,14,20,19,15,0,0,0,0,0,34,14,20,19,15,16,9.99348680470545,11.8243362709961,0.265654054971613,2020-02-03,2020,2
"11952","SE",2,"Nordeste",28013,"Estância",136535,21883.4693089684,6,27,12,15,11,16,0,0,0,0,0,27,12,15,11,16,24,9.99348680470545,11.8243362709961,0.249030208957819,2020-02-10,2020,2
"11953","SE",2,"Nordeste",28013,"Estância",136535,21883.4693089684,7,28,12,16,8,20,0,0,0,0,0,28,12,16,8,20,14,9.99348680470545,11.8243362709961,0.267454657041101,2020-02-17,2020,2
"11954","SE",2,"Nordeste",28013,"Estância",136535,21883.4693089684,8,26,11,15,10,16,0,0,0,0,0,26,11,15,10,16,10,9.99348680470545,11.8243362709961,0.322900396158026,2020-02-24,2020,2
"11955","SE",2,"Nordeste",28013,"Estância",136535,21883.4693089684,9,26,9,17,14,12,0,0,0,0,0,26,9,17,14,12,15,9.99348680470545,11.8243362709961,0.292370165729938,2020-03-02,2020,3
"11956","SE",2,"Nordeste",28013,"Estância",136535,21883.4693089684,10,34,12,22,13,21,0,0,0,0,0,34,12,22,13,21,12,9.99348680470545,11.8243362709961,0.316721104410204,2020-03-09,2020,3
"11957","SE",2,"Nordeste",28013,"Estância",136535,21883.4693089684,11,27,13,14,11,16,0,0,0,0,0,27,13,14,11,16,13,9.99348680470545,11.8243362709961,0.377294479476962,2020-03-16,2020,3
"11958","SE",2,"Nordeste",28013,"Estância",136535,21883.4693089684,12,22,10,12,11,11,2,0,0,0,0,24,10,12,11,11,17,9.99348680470545,11.8243362709961,0.486063876848331,2020-03-23,2020,3
"11959","SE",2,"Nordeste",28013,"Estância",136535,21883.4693089684,13,35,15,20,15,20,2,0,0,0,0,37,15,20,15,20,15,9.99348680470545,11.8243362709961,0.416622034994708,2020-03-30,2020,3
"11960","SE",2,"Nordeste",28013,"Estância",136535,21883.4693089684,14,45,20,25,13,32,0,0,0,0,0,45,20,25,13,32,16,9.99348680470545,11.8243362709961,0.40223313722397,2020-04-06,2020,4
"11961","SE",2,"Nordeste",28013,"Estância",136535,21883.4693089684,15,29,13,16,11,18,0,0,0,0,0,29,13,16,11,18,16,9.99348680470545,11.8243362709961,0.391569115189934,2020-04-13,2020,4
"11962","SE",2,"Nordeste",28013,"Estância",136535,21883.4693089684,16,40,17,23,18,22,0,0,0,0,0,40,17,23,18,22,18,9.99348680470545,11.8243362709961,0.42157084843638,2020-04-20,2020,4
"11963","SE",2,"Nordeste",28013,"Estância",136535,21883.4693089684,17,36,17,19,15,21,0,0,0,0,0,36,17,19,15,21,17,9.99348680470545,11.8243362709961,0.382051770888379,2020-04-27,2020,4
"11964","SE",2,"Nordeste",28013,"Estância",136535,21883.4693089684,18,33,16,17,12,21,1,0,0,0,0,34,16,17,12,21,8,9.99348680470545,11.8243362709961,0.402174056003862,2020-05-04,2020,5
"11965","SE",2,"Nordeste",28013,"Estância",136535,21883.4693089684,19,26,9,17,14,12,1,0,0,0,0,27,9,17,14,12,22,9.99348680470545,11.8243362709961,0.412492857320768,2020-05-11,2020,5
"11966","SE",2,"Nordeste",28013,"Estância",136535,21883.4693089684,20,35,13,22,20,15,0,0,0,0,0,35,13,22,20,15,20,9.99348680470545,11.8243362709961,0.422663181931134,2020-05-18,2020,5
"11967","SE",2,"Nordeste",28013,"Estância",136535,21883.4693089684,21,38,15,23,21,17,0,0,0,0,0,38,15,23,21,17,22,9.99348680470545,11.8243362709961,0.389092007670995,2020-05-25,2020,5
"11968","SE",2,"Nordeste",28013,"Estância",136535,21883.4693089684,22,47,16,31,20,27,0,0,0,0,0,47,16,31,20,27,23,9.99348680470545,11.8243362709961,0.365363964497598,2020-06-01,2020,6
"11969","SE",2,"Nordeste",28013,"Estância",136535,21883.4693089684,23,47,18,29,28,19,1,0,0,0,0,48,18,29,28,19,23,9.99348680470545,11.8243362709961,0.380037946976485,2020-06-08,2020,6
"11970","SE",2,"Nordeste",28013,"Estância",136535,21883.4693089684,24,48,18,30,21,27,0,0,0,0,0,48,18,30,21,27,32,9.99348680470545,11.8243362709961,0.373952187246363,2020-06-15,2020,6
"11971","SE",2,"Nordeste",28013,"Estância",136535,21883.4693089684,25,48,15,33,24,24,1,0,0,0,0,49,15,33,24,24,24,9.99348680470545,11.8243362709961,0.395790203617648,2020-06-22,2020,6
"11972","SE",2,"Nordeste",28013,"Estância",136535,21883.4693089684,26,43,24,19,18,25,0,0,0,0,0,43,24,19,18,25,29,9.99348680470545,11.8243362709961,0.399110841186426,2020-06-29,2020,6
"11973","SE",2,"Nordeste",28013,"Estância",136535,21883.4693089684,27,43,13,30,17,26,2,0,0,0,0,45,13,30,17,26,26,9.99348680470545,11.8243362709961,0.415010096014521,2020-07-06,2020,7
"11974","SE",2,"Nordeste",28013,"Estância",136535,21883.4693089684,28,49,28,21,26,23,0,0,0,0,0,49,28,21,26,23,27,9.99348680470545,11.8243362709961,0.407594541978505,2020-07-13,2020,7
"11975","SE",2,"Nordeste",28013,"Estância",136535,21883.4693089684,29,46,14,32,19,27,2,0,0,0,0,48,14,32,19,27,34,9.99348680470545,11.8243362709961,0.405164737222317,2020-07-20,2020,7
"11976","SP",3,"Sudeste",35001,"Jales",156088,28160.0813747373,5,19,0,19,5,14,0,0,0,0,0,19,0,19,5,14,22,10.2456606999957,11.9581752297497,0.279626086629295,2020-02-03,2020,2
"11977","SP",3,"Sudeste",35001,"Jales",156088,28160.0813747373,6,36,3,33,15,21,0,0,0,0,0,36,3,33,15,21,32,10.2456606999957,11.9581752297497,0.27731941493657,2020-02-10,2020,2
"11978","SP",3,"Sudeste",35001,"Jales",156088,28160.0813747373,7,30,8,22,7,23,0,0,0,0,0,30,8,22,7,23,33,10.2456606999957,11.9581752297497,0.292550046728905,2020-02-17,2020,2
"11979","SP",3,"Sudeste",35001,"Jales",156088,28160.0813747373,8,34,3,31,14,20,0,0,0,0,0,34,3,31,14,20,29,10.2456606999957,11.9581752297497,0.327758516502509,2020-02-24,2020,2
"11980","SP",3,"Sudeste",35001,"Jales",156088,28160.0813747373,9,33,3,30,10,23,0,0,0,0,0,33,3,30,10,23,25,10.2456606999957,11.9581752297497,0.309310254339993,2020-03-02,2020,3
"11981","SP",3,"Sudeste",35001,"Jales",156088,28160.0813747373,10,25,3,22,12,13,1,0,0,0,0,26,3,22,12,13,36,10.2456606999957,11.9581752297497,0.321064320474732,2020-03-09,2020,3
"11982","SP",3,"Sudeste",35001,"Jales",156088,28160.0813747373,11,40,6,34,15,25,0,0,0,0,0,40,6,34,15,25,26,10.2456606999957,11.9581752297497,0.386159456703842,2020-03-16,2020,3
"11983","SP",3,"Sudeste",35001,"Jales",156088,28160.0813747373,12,30,4,26,8,22,1,0,0,0,0,31,4,26,8,22,24,10.2456606999957,11.9581752297497,0.484583530581981,2020-03-23,2020,3
"11984","SP",3,"Sudeste",35001,"Jales",156088,28160.0813747373,13,25,1,24,6,19,2,0,0,0,0,27,1,24,6,19,27,10.2456606999957,11.9581752297497,0.435346762182,2020-03-30,2020,3
"11985","SP",3,"Sudeste",35001,"Jales",156088,28160.0813747373,14,32,4,28,11,21,0,0,0,0,0,32,4,28,11,21,24,10.2456606999957,11.9581752297497,0.423669708918454,2020-04-06,2020,4
"11986","SP",3,"Sudeste",35001,"Jales",156088,28160.0813747373,15,26,3,23,13,13,0,0,0,0,0,26,3,23,13,13,19,10.2456606999957,11.9581752297497,0.404853966319202,2020-04-13,2020,4
"11987","SP",3,"Sudeste",35001,"Jales",156088,28160.0813747373,16,34,5,29,15,19,1,0,0,0,0,35,5,29,15,19,21,10.2456606999957,11.9581752297497,0.405242280274127,2020-04-20,2020,4
"11988","SP",3,"Sudeste",35001,"Jales",156088,28160.0813747373,17,33,4,29,8,25,0,0,0,0,0,33,4,29,8,25,19,10.2456606999957,11.9581752297497,0.391668013965957,2020-04-27,2020,4
"11989","SP",3,"Sudeste",35001,"Jales",156088,28160.0813747373,18,42,6,36,18,24,0,0,0,0,0,42,6,36,18,24,18,10.2456606999957,11.9581752297497,0.369836375462044,2020-05-04,2020,5
"11990","SP",3,"Sudeste",35001,"Jales",156088,28160.0813747373,19,37,6,31,12,25,0,0,0,0,0,37,6,31,12,25,30,10.2456606999957,11.9581752297497,0.375412357052437,2020-05-11,2020,5
"11991","SP",3,"Sudeste",35001,"Jales",156088,28160.0813747373,20,29,1,28,7,22,0,0,0,0,0,29,1,28,7,22,29,10.2456606999957,11.9581752297497,0.372524683802211,2020-05-18,2020,5
"11992","SP",3,"Sudeste",35001,"Jales",156088,28160.0813747373,21,37,9,28,15,22,0,0,0,0,0,37,9,28,15,22,34,10.2456606999957,11.9581752297497,0.376672551732988,2020-05-25,2020,5
"11993","SP",3,"Sudeste",35001,"Jales",156088,28160.0813747373,22,31,6,25,15,16,0,0,0,0,0,31,6,25,15,16,29,10.2456606999957,11.9581752297497,0.360524522538784,2020-06-01,2020,6
"11994","SP",3,"Sudeste",35001,"Jales",156088,28160.0813747373,23,34,2,32,6,28,0,0,0,0,0,34,2,32,6,28,42,10.2456606999957,11.9581752297497,0.359988012679667,2020-06-08,2020,6
"11995","SP",3,"Sudeste",35001,"Jales",156088,28160.0813747373,24,33,4,29,8,25,0,0,0,0,0,33,4,29,8,25,42,10.2456606999957,11.9581752297497,0.359250325393045,2020-06-15,2020,6
"11996","SP",3,"Sudeste",35001,"Jales",156088,28160.0813747373,25,40,3,37,12,28,0,0,0,0,0,40,3,37,12,28,33,10.2456606999957,11.9581752297497,0.371864206360978,2020-06-22,2020,6
"11997","SP",3,"Sudeste",35001,"Jales",156088,28160.0813747373,26,40,5,35,13,27,0,0,0,0,0,40,5,35,13,27,26,10.2456606999957,11.9581752297497,0.365887788958425,2020-06-29,2020,6
"11998","SP",3,"Sudeste",35001,"Jales",156088,28160.0813747373,27,48,5,43,16,32,0,0,0,0,0,48,5,43,16,32,31,10.2456606999957,11.9581752297497,0.371898458484418,2020-07-06,2020,7
"11999","SP",3,"Sudeste",35001,"Jales",156088,28160.0813747373,28,44,4,40,19,25,0,0,0,0,0,44,4,40,19,25,30,10.2456606999957,11.9581752297497,0.37896241957486,2020-07-13,2020,7
"12000","SP",3,"Sudeste",35001,"Jales",156088,28160.0813747373,29,39,8,31,12,27,0,0,0,0,0,39,8,31,12,27,42,10.2456606999957,11.9581752297497,0.373436622254631,2020-07-20,2020,7
"12001","SP",3,"Sudeste",35002,"Fernandópolis",111604,33720.7193090749,5,10,2,8,4,6,0,0,0,0,0,10,2,8,4,6,18,10.4258677437114,11.6227121705809,0.278745796562584,2020-02-03,2020,2
"12002","SP",3,"Sudeste",35002,"Fernandópolis",111604,33720.7193090749,6,20,4,16,7,13,0,0,0,0,0,20,4,16,7,13,17,10.4258677437114,11.6227121705809,0.272655151393263,2020-02-10,2020,2
"12003","SP",3,"Sudeste",35002,"Fernandópolis",111604,33720.7193090749,7,21,1,20,9,12,0,0,0,0,0,21,1,20,9,12,10,10.4258677437114,11.6227121705809,0.289482444363462,2020-02-17,2020,2
"12004","SP",3,"Sudeste",35002,"Fernandópolis",111604,33720.7193090749,8,20,2,18,8,12,0,0,0,0,0,20,2,18,8,12,22,10.4258677437114,11.6227121705809,0.323283842389085,2020-02-24,2020,2
"12005","SP",3,"Sudeste",35002,"Fernandópolis",111604,33720.7193090749,9,19,0,19,4,15,0,0,0,0,0,19,0,19,4,15,19,10.4258677437114,11.6227121705809,0.314565850392101,2020-03-02,2020,3
"12006","SP",3,"Sudeste",35002,"Fernandópolis",111604,33720.7193090749,10,16,2,14,5,11,1,0,0,0,0,17,2,14,5,11,17,10.4258677437114,11.6227121705809,0.317954101374482,2020-03-09,2020,3
"12007","SP",3,"Sudeste",35002,"Fernandópolis",111604,33720.7193090749,11,17,1,16,7,10,1,0,0,0,0,18,1,16,7,10,31,10.4258677437114,11.6227121705809,0.392095134013139,2020-03-16,2020,3
"12008","SP",3,"Sudeste",35002,"Fernandópolis",111604,33720.7193090749,12,17,2,15,2,15,0,0,0,0,0,17,2,15,2,15,19,10.4258677437114,11.6227121705809,0.470123734992473,2020-03-23,2020,3
"12009","SP",3,"Sudeste",35002,"Fernandópolis",111604,33720.7193090749,13,18,3,15,7,11,0,0,0,0,0,18,3,15,7,11,12,10.4258677437114,11.6227121705809,0.434847103215294,2020-03-30,2020,3
"12010","SP",3,"Sudeste",35002,"Fernandópolis",111604,33720.7193090749,14,23,2,21,4,19,1,0,0,0,0,24,2,21,4,19,15,10.4258677437114,11.6227121705809,0.430823096299448,2020-04-06,2020,4
"12011","SP",3,"Sudeste",35002,"Fernandópolis",111604,33720.7193090749,15,21,1,20,9,12,0,0,0,0,0,21,1,20,9,12,17,10.4258677437114,11.6227121705809,0.405214333052277,2020-04-13,2020,4
"12012","SP",3,"Sudeste",35002,"Fernandópolis",111604,33720.7193090749,16,17,2,15,8,9,0,0,0,0,0,17,2,15,8,9,12,10.4258677437114,11.6227121705809,0.407246792392282,2020-04-20,2020,4
"12013","SP",3,"Sudeste",35002,"Fernandópolis",111604,33720.7193090749,17,21,4,17,11,10,0,0,0,0,0,21,4,17,11,10,17,10.4258677437114,11.6227121705809,0.393052201915527,2020-04-27,2020,4
"12014","SP",3,"Sudeste",35002,"Fernandópolis",111604,33720.7193090749,18,33,1,32,7,26,0,0,0,0,0,33,1,32,7,26,14,10.4258677437114,11.6227121705809,0.370176972320207,2020-05-04,2020,5
"12015","SP",3,"Sudeste",35002,"Fernandópolis",111604,33720.7193090749,19,30,3,27,7,23,0,0,0,0,0,30,3,27,7,23,19,10.4258677437114,11.6227121705809,0.371654156781729,2020-05-11,2020,5
"12016","SP",3,"Sudeste",35002,"Fernandópolis",111604,33720.7193090749,20,26,2,24,5,21,0,0,0,0,0,26,2,24,5,21,25,10.4258677437114,11.6227121705809,0.372521582861759,2020-05-18,2020,5
"12017","SP",3,"Sudeste",35002,"Fernandópolis",111604,33720.7193090749,21,31,3,28,11,20,0,0,0,0,0,31,3,28,11,20,24,10.4258677437114,11.6227121705809,0.377534349333571,2020-05-25,2020,5
"12018","SP",3,"Sudeste",35002,"Fernandópolis",111604,33720.7193090749,22,22,6,16,9,13,0,0,0,0,0,22,6,16,9,13,17,10.4258677437114,11.6227121705809,0.368341823862805,2020-06-01,2020,6
"12019","SP",3,"Sudeste",35002,"Fernandópolis",111604,33720.7193090749,23,29,2,27,7,22,0,0,0,0,0,29,2,27,7,22,17,10.4258677437114,11.6227121705809,0.36588776572621,2020-06-08,2020,6
"12020","SP",3,"Sudeste",35002,"Fernandópolis",111604,33720.7193090749,24,22,3,19,14,8,0,0,0,0,0,22,3,19,14,8,20,10.4258677437114,11.6227121705809,0.352774084213267,2020-06-15,2020,6
"12021","SP",3,"Sudeste",35002,"Fernandópolis",111604,33720.7193090749,25,19,2,17,5,14,1,0,0,0,0,20,2,17,5,14,23,10.4258677437114,11.6227121705809,0.362410986184785,2020-06-22,2020,6
"12022","SP",3,"Sudeste",35002,"Fernandópolis",111604,33720.7193090749,26,30,2,28,11,19,0,0,0,0,0,30,2,28,11,19,19,10.4258677437114,11.6227121705809,0.364335658083844,2020-06-29,2020,6
"12023","SP",3,"Sudeste",35002,"Fernandópolis",111604,33720.7193090749,27,23,4,19,3,20,0,0,0,0,0,23,4,19,3,20,20,10.4258677437114,11.6227121705809,0.358334101897551,2020-07-06,2020,7
"12024","SP",3,"Sudeste",35002,"Fernandópolis",111604,33720.7193090749,28,31,2,29,12,19,0,0,0,0,0,31,2,29,12,19,31,10.4258677437114,11.6227121705809,0.356047821049583,2020-07-13,2020,7
"12025","SP",3,"Sudeste",35002,"Fernandópolis",111604,33720.7193090749,29,30,2,28,8,22,0,0,0,0,0,30,2,28,8,22,18,10.4258677437114,11.6227121705809,0.348914167549655,2020-07-20,2020,7
"12026","SP",3,"Sudeste",35003,"Votuporanga",155580,29720.3353748554,5,27,2,25,8,19,1,0,0,0,0,28,2,25,8,19,23,10.2995867832517,11.9549153477608,0.283217968344522,2020-02-03,2020,2
"12027","SP",3,"Sudeste",35003,"Votuporanga",155580,29720.3353748554,6,35,3,32,14,21,0,0,0,0,0,35,3,32,14,21,16,10.2995867832517,11.9549153477608,0.281421799583247,2020-02-10,2020,2
"12028","SP",3,"Sudeste",35003,"Votuporanga",155580,29720.3353748554,7,32,6,26,9,23,0,0,0,0,0,32,6,26,9,23,17,10.2995867832517,11.9549153477608,0.295411651146021,2020-02-17,2020,2
"12029","SP",3,"Sudeste",35003,"Votuporanga",155580,29720.3353748554,8,29,10,19,11,18,0,0,0,0,0,29,10,19,11,18,27,10.2995867832517,11.9549153477608,0.330228010759968,2020-02-24,2020,2
"12030","SP",3,"Sudeste",35003,"Votuporanga",155580,29720.3353748554,9,34,6,28,11,23,0,0,0,0,0,34,6,28,11,23,30,10.2995867832517,11.9549153477608,0.313231612519187,2020-03-02,2020,3
"12031","SP",3,"Sudeste",35003,"Votuporanga",155580,29720.3353748554,10,24,5,19,9,15,0,0,0,0,0,24,5,19,9,15,16,10.2995867832517,11.9549153477608,0.31808197496896,2020-03-09,2020,3
"12032","SP",3,"Sudeste",35003,"Votuporanga",155580,29720.3353748554,11,24,6,18,8,16,0,0,0,0,0,24,6,18,8,16,26,10.2995867832517,11.9549153477608,0.383512543454551,2020-03-16,2020,3
"12033","SP",3,"Sudeste",35003,"Votuporanga",155580,29720.3353748554,12,31,0,31,8,23,0,0,0,0,0,31,0,31,8,23,17,10.2995867832517,11.9549153477608,0.465320698804257,2020-03-23,2020,3
"12034","SP",3,"Sudeste",35003,"Votuporanga",155580,29720.3353748554,13,32,3,29,8,24,0,0,0,0,0,32,3,29,8,24,21,10.2995867832517,11.9549153477608,0.428772269811721,2020-03-30,2020,3
"12035","SP",3,"Sudeste",35003,"Votuporanga",155580,29720.3353748554,14,30,3,27,4,26,0,0,0,0,0,30,3,27,4,26,20,10.2995867832517,11.9549153477608,0.42139234391836,2020-04-06,2020,4
"12036","SP",3,"Sudeste",35003,"Votuporanga",155580,29720.3353748554,15,36,7,29,11,25,0,0,0,0,0,36,7,29,11,25,31,10.2995867832517,11.9549153477608,0.409169894150018,2020-04-13,2020,4
"12037","SP",3,"Sudeste",35003,"Votuporanga",155580,29720.3353748554,16,45,5,40,14,31,0,0,0,0,0,45,5,40,14,31,23,10.2995867832517,11.9549153477608,0.412680269058748,2020-04-20,2020,4
"12038","SP",3,"Sudeste",35003,"Votuporanga",155580,29720.3353748554,17,39,6,33,10,29,0,0,0,0,0,39,6,33,10,29,19,10.2995867832517,11.9549153477608,0.394478542283969,2020-04-27,2020,4
"12039","SP",3,"Sudeste",35003,"Votuporanga",155580,29720.3353748554,18,32,2,30,11,21,1,0,0,0,0,33,2,30,11,21,20,10.2995867832517,11.9549153477608,0.372080625654903,2020-05-04,2020,5
"12040","SP",3,"Sudeste",35003,"Votuporanga",155580,29720.3353748554,19,33,4,29,10,23,0,0,0,0,0,33,4,29,10,23,34,10.2995867832517,11.9549153477608,0.378784431512796,2020-05-11,2020,5
"12041","SP",3,"Sudeste",35003,"Votuporanga",155580,29720.3353748554,20,33,2,31,12,21,0,0,0,0,0,33,2,31,12,21,26,10.2995867832517,11.9549153477608,0.380253103394672,2020-05-18,2020,5
"12042","SP",3,"Sudeste",35003,"Votuporanga",155580,29720.3353748554,21,31,3,28,12,19,0,0,0,0,0,31,3,28,12,19,20,10.2995867832517,11.9549153477608,0.390055329872212,2020-05-25,2020,5
"12043","SP",3,"Sudeste",35003,"Votuporanga",155580,29720.3353748554,22,42,7,35,9,33,1,0,0,0,0,43,7,35,9,33,19,10.2995867832517,11.9549153477608,0.367186248755161,2020-06-01,2020,6
"12044","SP",3,"Sudeste",35003,"Votuporanga",155580,29720.3353748554,23,35,5,30,17,18,1,0,0,0,0,36,5,30,17,18,21,10.2995867832517,11.9549153477608,0.366144942713246,2020-06-08,2020,6
"12045","SP",3,"Sudeste",35003,"Votuporanga",155580,29720.3353748554,24,36,6,30,13,23,0,0,0,0,0,36,6,30,13,23,32,10.2995867832517,11.9549153477608,0.360034574547785,2020-06-15,2020,6
"12046","SP",3,"Sudeste",35003,"Votuporanga",155580,29720.3353748554,25,36,6,30,9,27,0,0,0,0,0,36,6,30,9,27,20,10.2995867832517,11.9549153477608,0.363267430791462,2020-06-22,2020,6
"12047","SP",3,"Sudeste",35003,"Votuporanga",155580,29720.3353748554,26,30,3,27,11,19,0,0,0,0,0,30,3,27,11,19,38,10.2995867832517,11.9549153477608,0.361364616836558,2020-06-29,2020,6
"12048","SP",3,"Sudeste",35003,"Votuporanga",155580,29720.3353748554,27,33,5,28,18,15,0,0,0,0,0,33,5,28,18,15,31,10.2995867832517,11.9549153477608,0.369372323941919,2020-07-06,2020,7
"12049","SP",3,"Sudeste",35003,"Votuporanga",155580,29720.3353748554,28,38,6,32,15,23,0,0,0,0,0,38,6,32,15,23,29,10.2995867832517,11.9549153477608,0.365291589758925,2020-07-13,2020,7
"12050","SP",3,"Sudeste",35003,"Votuporanga",155580,29720.3353748554,29,42,3,39,14,28,0,0,0,0,0,42,3,39,14,28,32,10.2995867832517,11.9549153477608,0.383107938974108,2020-07-20,2020,7
"12051","SP",3,"Sudeste",35004,"São José do Rio Preto",869487,35072.5352052187,5,205,28,177,63,142,2,0,0,0,0,207,28,177,63,142,134,10.4651736303765,13.6756586615434,0.270608167664491,2020-02-03,2020,2
"12052","SP",3,"Sudeste",35004,"São José do Rio Preto",869487,35072.5352052187,6,192,25,167,56,136,2,0,0,0,0,194,25,167,56,136,123,10.4651736303765,13.6756586615434,0.268340964121961,2020-02-10,2020,2
"12053","SP",3,"Sudeste",35004,"São José do Rio Preto",869487,35072.5352052187,7,172,24,148,57,115,1,0,0,0,0,173,24,148,57,115,116,10.4651736303765,13.6756586615434,0.279289271596166,2020-02-17,2020,2
"12054","SP",3,"Sudeste",35004,"São José do Rio Preto",869487,35072.5352052187,8,184,27,157,64,120,0,0,0,0,0,184,27,157,64,120,141,10.4651736303765,13.6756586615434,0.327145874514879,2020-02-24,2020,2
"12055","SP",3,"Sudeste",35004,"São José do Rio Preto",869487,35072.5352052187,9,184,23,161,54,130,2,0,0,0,0,186,23,161,54,130,117,10.4651736303765,13.6756586615434,0.298558511544109,2020-03-02,2020,3
"12056","SP",3,"Sudeste",35004,"São José do Rio Preto",869487,35072.5352052187,10,182,28,154,54,128,1,0,0,0,0,183,28,154,54,128,155,10.4651736303765,13.6756586615434,0.311009665612914,2020-03-09,2020,3
"12057","SP",3,"Sudeste",35004,"São José do Rio Preto",869487,35072.5352052187,11,194,26,168,55,139,0,0,0,0,0,194,26,168,55,139,137,10.4651736303765,13.6756586615434,0.38404350454498,2020-03-16,2020,3
"12058","SP",3,"Sudeste",35004,"São José do Rio Preto",869487,35072.5352052187,12,176,30,146,62,114,1,0,0,0,0,177,30,146,62,114,115,10.4651736303765,13.6756586615434,0.48073758811254,2020-03-23,2020,3
"12059","SP",3,"Sudeste",35004,"São José do Rio Preto",869487,35072.5352052187,13,174,27,147,51,123,0,0,0,0,0,174,27,147,51,123,127,10.4651736303765,13.6756586615434,0.443918062970731,2020-03-30,2020,3
"12060","SP",3,"Sudeste",35004,"São José do Rio Preto",869487,35072.5352052187,14,210,32,178,57,153,0,0,0,0,0,210,32,178,57,153,123,10.4651736303765,13.6756586615434,0.43243814781723,2020-04-06,2020,4
"12061","SP",3,"Sudeste",35004,"São José do Rio Preto",869487,35072.5352052187,15,167,31,136,54,113,0,0,0,0,0,167,31,136,54,113,111,10.4651736303765,13.6756586615434,0.415818073010598,2020-04-13,2020,4
"12062","SP",3,"Sudeste",35004,"São José do Rio Preto",869487,35072.5352052187,16,217,36,181,72,145,1,0,0,0,0,218,36,181,72,145,121,10.4651736303765,13.6756586615434,0.413705514354927,2020-04-20,2020,4
"12063","SP",3,"Sudeste",35004,"São José do Rio Preto",869487,35072.5352052187,17,187,27,160,64,123,4,0,0,0,0,191,27,160,64,123,115,10.4651736303765,13.6756586615434,0.398640755600336,2020-04-27,2020,4
"12064","SP",3,"Sudeste",35004,"São José do Rio Preto",869487,35072.5352052187,18,233,35,198,89,144,1,0,0,0,0,234,35,198,89,144,114,10.4651736303765,13.6756586615434,0.375280821373094,2020-05-04,2020,5
"12065","SP",3,"Sudeste",35004,"São José do Rio Preto",869487,35072.5352052187,19,179,28,151,48,131,0,0,0,0,0,179,28,151,48,131,104,10.4651736303765,13.6756586615434,0.38195516785585,2020-05-11,2020,5
"12066","SP",3,"Sudeste",35004,"São José do Rio Preto",869487,35072.5352052187,20,202,28,174,67,135,2,0,0,0,0,204,28,174,67,135,118,10.4651736303765,13.6756586615434,0.376957733757081,2020-05-18,2020,5
"12067","SP",3,"Sudeste",35004,"São José do Rio Preto",869487,35072.5352052187,21,239,31,208,82,157,3,0,0,0,0,242,31,208,82,157,144,10.4651736303765,13.6756586615434,0.382552468450986,2020-05-25,2020,5
"12068","SP",3,"Sudeste",35004,"São José do Rio Preto",869487,35072.5352052187,22,248,41,207,90,158,0,0,0,0,0,248,41,207,90,158,126,10.4651736303765,13.6756586615434,0.361729073497138,2020-06-01,2020,6
"12069","SP",3,"Sudeste",35004,"São José do Rio Preto",869487,35072.5352052187,23,221,39,182,65,156,2,0,0,0,0,223,39,182,65,156,135,10.4651736303765,13.6756586615434,0.361777682963868,2020-06-08,2020,6
"12070","SP",3,"Sudeste",35004,"São José do Rio Preto",869487,35072.5352052187,24,226,32,194,68,158,5,0,0,0,0,231,32,194,68,158,140,10.4651736303765,13.6756586615434,0.349681447746469,2020-06-15,2020,6
"12071","SP",3,"Sudeste",35004,"São José do Rio Preto",869487,35072.5352052187,25,195,37,158,69,126,3,0,0,0,0,198,37,158,69,126,176,10.4651736303765,13.6756586615434,0.364630582908327,2020-06-22,2020,6
"12072","SP",3,"Sudeste",35004,"São José do Rio Preto",869487,35072.5352052187,26,195,34,161,55,140,0,0,0,0,0,195,34,161,55,140,169,10.4651736303765,13.6756586615434,0.360297566642395,2020-06-29,2020,6
"12073","SP",3,"Sudeste",35004,"São José do Rio Preto",869487,35072.5352052187,27,173,27,146,59,114,1,0,0,0,0,174,27,146,59,114,161,10.4651736303765,13.6756586615434,0.367323163193241,2020-07-06,2020,7
"12074","SP",3,"Sudeste",35004,"São José do Rio Preto",869487,35072.5352052187,28,180,22,158,48,132,0,0,0,0,0,180,22,158,48,132,202,10.4651736303765,13.6756586615434,0.367211671290625,2020-07-13,2020,7
"12075","SP",3,"Sudeste",35004,"São José do Rio Preto",869487,35072.5352052187,29,185,36,149,55,130,1,0,0,0,0,186,36,149,55,130,189,10.4651736303765,13.6756586615434,0.370554300598552,2020-07-20,2020,7
"12076","SP",3,"Sudeste",35005,"Catanduva",245705,28296.5260611709,5,31,3,28,8,23,0,0,0,0,0,31,3,28,8,23,35,10.2504943220742,12.4118869083226,0.284715899443822,2020-02-03,2020,2
"12077","SP",3,"Sudeste",35005,"Catanduva",245705,28296.5260611709,6,43,7,36,12,31,1,0,0,0,0,44,7,36,12,31,34,10.2504943220742,12.4118869083226,0.289161826133303,2020-02-10,2020,2
"12078","SP",3,"Sudeste",35005,"Catanduva",245705,28296.5260611709,7,47,6,41,19,28,0,0,0,0,0,47,6,41,19,28,33,10.2504943220742,12.4118869083226,0.294329471977741,2020-02-17,2020,2
"12079","SP",3,"Sudeste",35005,"Catanduva",245705,28296.5260611709,8,41,9,32,17,24,0,0,0,0,0,41,9,32,17,24,52,10.2504943220742,12.4118869083226,0.332339188910803,2020-02-24,2020,2
"12080","SP",3,"Sudeste",35005,"Catanduva",245705,28296.5260611709,9,54,7,47,19,35,1,0,0,0,0,55,7,47,19,35,31,10.2504943220742,12.4118869083226,0.309337826683727,2020-03-02,2020,3
"12081","SP",3,"Sudeste",35005,"Catanduva",245705,28296.5260611709,10,29,5,24,7,22,0,0,0,0,0,29,5,24,7,22,42,10.2504943220742,12.4118869083226,0.322198962883651,2020-03-09,2020,3
"12082","SP",3,"Sudeste",35005,"Catanduva",245705,28296.5260611709,11,41,7,34,13,28,0,0,0,0,0,41,7,34,13,28,49,10.2504943220742,12.4118869083226,0.383418351382445,2020-03-16,2020,3
"12083","SP",3,"Sudeste",35005,"Catanduva",245705,28296.5260611709,12,42,6,36,13,29,1,0,0,0,0,43,6,36,13,29,32,10.2504943220742,12.4118869083226,0.46969648900399,2020-03-23,2020,3
"12084","SP",3,"Sudeste",35005,"Catanduva",245705,28296.5260611709,13,42,11,31,11,31,0,0,0,0,0,42,11,31,11,31,44,10.2504943220742,12.4118869083226,0.436621968364787,2020-03-30,2020,3
"12085","SP",3,"Sudeste",35005,"Catanduva",245705,28296.5260611709,14,41,5,36,9,32,0,0,0,0,0,41,5,36,9,32,33,10.2504943220742,12.4118869083226,0.425080870838053,2020-04-06,2020,4
"12086","SP",3,"Sudeste",35005,"Catanduva",245705,28296.5260611709,15,40,4,36,13,27,1,0,0,0,0,41,4,36,13,27,31,10.2504943220742,12.4118869083226,0.409974949299977,2020-04-13,2020,4
"12087","SP",3,"Sudeste",35005,"Catanduva",245705,28296.5260611709,16,48,5,43,14,34,0,0,0,0,0,48,5,43,14,34,33,10.2504943220742,12.4118869083226,0.401320592274282,2020-04-20,2020,4
"12088","SP",3,"Sudeste",35005,"Catanduva",245705,28296.5260611709,17,42,7,35,13,29,0,0,0,0,0,42,7,35,13,29,25,10.2504943220742,12.4118869083226,0.397804826001243,2020-04-27,2020,4
"12089","SP",3,"Sudeste",35005,"Catanduva",245705,28296.5260611709,18,43,10,33,11,32,0,0,0,0,0,43,10,33,11,32,39,10.2504943220742,12.4118869083226,0.371637322646516,2020-05-04,2020,5
"12090","SP",3,"Sudeste",35005,"Catanduva",245705,28296.5260611709,19,45,1,44,19,26,0,0,0,0,0,45,1,44,19,26,34,10.2504943220742,12.4118869083226,0.377058784219791,2020-05-11,2020,5
"12091","SP",3,"Sudeste",35005,"Catanduva",245705,28296.5260611709,20,49,5,44,16,33,1,0,0,0,0,50,5,44,16,33,38,10.2504943220742,12.4118869083226,0.372925887551532,2020-05-18,2020,5
"12092","SP",3,"Sudeste",35005,"Catanduva",245705,28296.5260611709,21,51,4,47,22,29,0,0,0,0,0,51,4,47,22,29,42,10.2504943220742,12.4118869083226,0.388730192603041,2020-05-25,2020,5
"12093","SP",3,"Sudeste",35005,"Catanduva",245705,28296.5260611709,22,38,4,34,6,32,0,0,0,0,0,38,4,34,6,32,48,10.2504943220742,12.4118869083226,0.363768711514886,2020-06-01,2020,6
"12094","SP",3,"Sudeste",35005,"Catanduva",245705,28296.5260611709,23,62,9,53,21,41,0,0,0,0,0,62,9,53,21,41,39,10.2504943220742,12.4118869083226,0.366339360696202,2020-06-08,2020,6
"12095","SP",3,"Sudeste",35005,"Catanduva",245705,28296.5260611709,24,39,9,30,16,23,0,0,0,0,0,39,9,30,16,23,30,10.2504943220742,12.4118869083226,0.365190067303593,2020-06-15,2020,6
"12096","SP",3,"Sudeste",35005,"Catanduva",245705,28296.5260611709,25,33,3,30,10,23,1,0,0,0,0,34,3,30,10,23,40,10.2504943220742,12.4118869083226,0.371823190485584,2020-06-22,2020,6
"12097","SP",3,"Sudeste",35005,"Catanduva",245705,28296.5260611709,26,49,3,46,18,31,0,0,0,0,0,49,3,46,18,31,54,10.2504943220742,12.4118869083226,0.362999400343991,2020-06-29,2020,6
"12098","SP",3,"Sudeste",35005,"Catanduva",245705,28296.5260611709,27,46,7,39,15,31,1,0,0,0,0,47,7,39,15,31,45,10.2504943220742,12.4118869083226,0.368137767020854,2020-07-06,2020,7
"12099","SP",3,"Sudeste",35005,"Catanduva",245705,28296.5260611709,28,34,3,31,13,21,0,0,0,0,0,34,3,31,13,21,34,10.2504943220742,12.4118869083226,0.366821786952097,2020-07-13,2020,7
"12100","SP",3,"Sudeste",35005,"Catanduva",245705,28296.5260611709,29,50,6,44,12,38,2,0,0,0,0,52,6,44,12,38,48,10.2504943220742,12.4118869083226,0.367567122484593,2020-07-20,2020,7
"12101","SP",3,"Sudeste",35007,"Nhandeara",73067,26837.7483776534,5,16,4,12,4,12,1,0,0,0,0,17,4,12,4,12,19,10.1975646970172,11.1991321074213,0.277332233044702,2020-02-03,2020,2
"12102","SP",3,"Sudeste",35007,"Nhandeara",73067,26837.7483776534,6,16,3,13,5,11,0,0,0,0,0,16,3,13,5,11,15,10.1975646970172,11.1991321074213,0.27588867684741,2020-02-10,2020,2
"12103","SP",3,"Sudeste",35007,"Nhandeara",73067,26837.7483776534,7,18,6,12,6,12,0,0,0,0,0,18,6,12,6,12,16,10.1975646970172,11.1991321074213,0.282597435411239,2020-02-17,2020,2
"12104","SP",3,"Sudeste",35007,"Nhandeara",73067,26837.7483776534,8,13,1,12,3,10,0,0,0,0,0,13,1,12,3,10,11,10.1975646970172,11.1991321074213,0.329129302158006,2020-02-24,2020,2
"12105","SP",3,"Sudeste",35007,"Nhandeara",73067,26837.7483776534,9,8,1,7,1,7,0,0,0,0,0,8,1,7,1,7,10,10.1975646970172,11.1991321074213,0.307617643881421,2020-03-02,2020,3
"12106","SP",3,"Sudeste",35007,"Nhandeara",73067,26837.7483776534,10,17,5,12,3,14,0,0,0,0,0,17,5,12,3,14,9,10.1975646970172,11.1991321074213,0.30691543752942,2020-03-09,2020,3
"12107","SP",3,"Sudeste",35007,"Nhandeara",73067,26837.7483776534,11,13,4,9,5,8,0,0,0,0,0,13,4,9,5,8,12,10.1975646970172,11.1991321074213,0.36252203221176,2020-03-16,2020,3
"12108","SP",3,"Sudeste",35007,"Nhandeara",73067,26837.7483776534,12,6,0,6,2,4,0,0,0,0,0,6,0,6,2,4,10,10.1975646970172,11.1991321074213,0.430110777572737,2020-03-23,2020,3
"12109","SP",3,"Sudeste",35007,"Nhandeara",73067,26837.7483776534,13,14,6,8,4,10,2,0,0,0,0,16,6,8,4,10,11,10.1975646970172,11.1991321074213,0.419938527183118,2020-03-30,2020,3
"12110","SP",3,"Sudeste",35007,"Nhandeara",73067,26837.7483776534,14,11,2,9,4,7,0,0,0,0,0,11,2,9,4,7,11,10.1975646970172,11.1991321074213,0.411117933784933,2020-04-06,2020,4
"12111","SP",3,"Sudeste",35007,"Nhandeara",73067,26837.7483776534,15,13,3,10,4,9,0,0,0,0,0,13,3,10,4,9,5,10.1975646970172,11.1991321074213,0.38211995547079,2020-04-13,2020,4
"12112","SP",3,"Sudeste",35007,"Nhandeara",73067,26837.7483776534,16,10,0,10,5,5,0,0,0,0,0,10,0,10,5,5,8,10.1975646970172,11.1991321074213,0.386269508514587,2020-04-20,2020,4
"12113","SP",3,"Sudeste",35007,"Nhandeara",73067,26837.7483776534,17,9,1,8,2,7,0,0,0,0,0,9,1,8,2,7,11,10.1975646970172,11.1991321074213,0.383364482510482,2020-04-27,2020,4
"12114","SP",3,"Sudeste",35007,"Nhandeara",73067,26837.7483776534,18,14,2,12,3,11,0,0,0,0,0,14,2,12,3,11,10,10.1975646970172,11.1991321074213,0.363223726783336,2020-05-04,2020,5
"12115","SP",3,"Sudeste",35007,"Nhandeara",73067,26837.7483776534,19,21,5,16,9,12,0,0,0,0,0,21,5,16,9,12,11,10.1975646970172,11.1991321074213,0.366456799909426,2020-05-11,2020,5
"12116","SP",3,"Sudeste",35007,"Nhandeara",73067,26837.7483776534,20,22,8,14,4,18,0,0,0,0,0,22,8,14,4,18,16,10.1975646970172,11.1991321074213,0.364778191304316,2020-05-18,2020,5
"12117","SP",3,"Sudeste",35007,"Nhandeara",73067,26837.7483776534,21,16,2,14,4,12,0,0,0,0,0,16,2,14,4,12,9,10.1975646970172,11.1991321074213,0.366426618562892,2020-05-25,2020,5
"12118","SP",3,"Sudeste",35007,"Nhandeara",73067,26837.7483776534,22,17,6,11,7,10,0,0,0,0,0,17,6,11,7,10,8,10.1975646970172,11.1991321074213,0.356327484359447,2020-06-01,2020,6
"12119","SP",3,"Sudeste",35007,"Nhandeara",73067,26837.7483776534,23,18,2,16,10,8,0,0,0,0,0,18,2,16,10,8,14,10.1975646970172,11.1991321074213,0.344795445368967,2020-06-08,2020,6
"12120","SP",3,"Sudeste",35007,"Nhandeara",73067,26837.7483776534,24,14,1,13,5,9,0,0,0,0,0,14,1,13,5,9,11,10.1975646970172,11.1991321074213,0.336265998422778,2020-06-15,2020,6
"12121","SP",3,"Sudeste",35007,"Nhandeara",73067,26837.7483776534,25,9,3,6,3,6,0,0,0,0,0,9,3,6,3,6,9,10.1975646970172,11.1991321074213,0.352472227944274,2020-06-22,2020,6
"12122","SP",3,"Sudeste",35007,"Nhandeara",73067,26837.7483776534,26,4,1,3,1,3,0,0,0,0,0,4,1,3,1,3,4,10.1975646970172,11.1991321074213,0.358663245683172,2020-06-29,2020,6
"12123","SP",3,"Sudeste",35007,"Nhandeara",73067,26837.7483776534,27,18,3,15,5,13,0,0,0,0,0,18,3,15,5,13,16,10.1975646970172,11.1991321074213,0.354112565426267,2020-07-06,2020,7
"12124","SP",3,"Sudeste",35007,"Nhandeara",73067,26837.7483776534,28,18,5,13,9,9,0,0,0,0,0,18,5,13,9,9,12,10.1975646970172,11.1991321074213,0.362616202312468,2020-07-13,2020,7
"12125","SP",3,"Sudeste",35007,"Nhandeara",73067,26837.7483776534,29,9,1,8,3,6,0,0,0,0,0,9,1,8,3,6,9,10.1975646970172,11.1991321074213,0.358260341919791,2020-07-20,2020,7
"12126","SP",3,"Sudeste",35008,"Novo Horizonte",88118,40938.3358645226,5,23,4,19,6,17,0,0,0,0,0,23,4,19,6,17,23,10.6198222102338,11.3864321043355,0.289369397640996,2020-02-03,2020,2
"12127","SP",3,"Sudeste",35008,"Novo Horizonte",88118,40938.3358645226,6,22,6,16,4,18,1,0,0,0,0,23,6,16,4,18,16,10.6198222102338,11.3864321043355,0.274020709925503,2020-02-10,2020,2
"12128","SP",3,"Sudeste",35008,"Novo Horizonte",88118,40938.3358645226,7,8,0,8,1,7,0,0,0,0,0,8,0,8,1,7,8,10.6198222102338,11.3864321043355,0.283256922732056,2020-02-17,2020,2
"12129","SP",3,"Sudeste",35008,"Novo Horizonte",88118,40938.3358645226,8,23,6,17,11,12,0,0,0,0,0,23,6,17,11,12,17,10.6198222102338,11.3864321043355,0.322878487851984,2020-02-24,2020,2
"12130","SP",3,"Sudeste",35008,"Novo Horizonte",88118,40938.3358645226,9,14,1,13,4,10,0,0,0,0,0,14,1,13,4,10,17,10.6198222102338,11.3864321043355,0.298284822590895,2020-03-02,2020,3
"12131","SP",3,"Sudeste",35008,"Novo Horizonte",88118,40938.3358645226,10,14,4,10,2,12,0,0,0,0,0,14,4,10,2,12,11,10.6198222102338,11.3864321043355,0.309508885848897,2020-03-09,2020,3
"12132","SP",3,"Sudeste",35008,"Novo Horizonte",88118,40938.3358645226,11,20,8,12,6,14,0,0,0,0,0,20,8,12,6,14,18,10.6198222102338,11.3864321043355,0.365365544301956,2020-03-16,2020,3
"12133","SP",3,"Sudeste",35008,"Novo Horizonte",88118,40938.3358645226,12,12,5,7,3,9,0,0,0,0,0,12,5,7,3,9,9,10.6198222102338,11.3864321043355,0.436129937289066,2020-03-23,2020,3
"12134","SP",3,"Sudeste",35008,"Novo Horizonte",88118,40938.3358645226,13,17,5,12,2,15,0,0,0,0,0,17,5,12,2,15,14,10.6198222102338,11.3864321043355,0.398984400699563,2020-03-30,2020,3
"12135","SP",3,"Sudeste",35008,"Novo Horizonte",88118,40938.3358645226,14,21,5,16,9,12,0,0,0,0,0,21,5,16,9,12,13,10.6198222102338,11.3864321043355,0.397244043454466,2020-04-06,2020,4
"12136","SP",3,"Sudeste",35008,"Novo Horizonte",88118,40938.3358645226,15,22,5,17,12,10,0,0,0,0,0,22,5,17,12,10,16,10.6198222102338,11.3864321043355,0.385037892665175,2020-04-13,2020,4
"12137","SP",3,"Sudeste",35008,"Novo Horizonte",88118,40938.3358645226,16,18,3,15,7,11,0,0,0,0,0,18,3,15,7,11,10,10.6198222102338,11.3864321043355,0.383757896743665,2020-04-20,2020,4
"12138","SP",3,"Sudeste",35008,"Novo Horizonte",88118,40938.3358645226,17,20,1,19,5,15,0,0,0,0,0,20,1,19,5,15,16,10.6198222102338,11.3864321043355,0.392698610934279,2020-04-27,2020,4
"12139","SP",3,"Sudeste",35008,"Novo Horizonte",88118,40938.3358645226,18,19,3,16,7,12,0,0,0,0,0,19,3,16,7,12,11,10.6198222102338,11.3864321043355,0.37220973847893,2020-05-04,2020,5
"12140","SP",3,"Sudeste",35008,"Novo Horizonte",88118,40938.3358645226,19,21,4,17,8,13,0,0,0,0,0,21,4,17,8,13,9,10.6198222102338,11.3864321043355,0.380894130979941,2020-05-11,2020,5
"12141","SP",3,"Sudeste",35008,"Novo Horizonte",88118,40938.3358645226,20,16,2,14,3,13,1,0,0,0,0,17,2,14,3,13,8,10.6198222102338,11.3864321043355,0.369039429125612,2020-05-18,2020,5
"12142","SP",3,"Sudeste",35008,"Novo Horizonte",88118,40938.3358645226,21,17,7,10,7,10,0,0,0,0,0,17,7,10,7,10,19,10.6198222102338,11.3864321043355,0.372427884345178,2020-05-25,2020,5
"12143","SP",3,"Sudeste",35008,"Novo Horizonte",88118,40938.3358645226,22,18,3,15,6,12,0,0,0,0,0,18,3,15,6,12,24,10.6198222102338,11.3864321043355,0.355601197864213,2020-06-01,2020,6
"12144","SP",3,"Sudeste",35008,"Novo Horizonte",88118,40938.3358645226,23,13,3,10,7,6,0,0,0,0,0,13,3,10,7,6,19,10.6198222102338,11.3864321043355,0.363974174747092,2020-06-08,2020,6
"12145","SP",3,"Sudeste",35008,"Novo Horizonte",88118,40938.3358645226,24,20,2,18,10,10,0,0,0,0,0,20,2,18,10,10,17,10.6198222102338,11.3864321043355,0.345185693004974,2020-06-15,2020,6
"12146","SP",3,"Sudeste",35008,"Novo Horizonte",88118,40938.3358645226,25,22,4,18,6,16,0,0,0,0,0,22,4,18,6,16,16,10.6198222102338,11.3864321043355,0.359307909507917,2020-06-22,2020,6
"12147","SP",3,"Sudeste",35008,"Novo Horizonte",88118,40938.3358645226,26,7,2,5,0,7,0,0,0,0,0,7,2,5,0,7,15,10.6198222102338,11.3864321043355,0.354240778439098,2020-06-29,2020,6
"12148","SP",3,"Sudeste",35008,"Novo Horizonte",88118,40938.3358645226,27,13,0,13,4,9,0,0,0,0,0,13,0,13,4,9,11,10.6198222102338,11.3864321043355,0.361229600596203,2020-07-06,2020,7
"12149","SP",3,"Sudeste",35008,"Novo Horizonte",88118,40938.3358645226,28,15,4,11,4,11,0,0,0,0,0,15,4,11,4,11,17,10.6198222102338,11.3864321043355,0.361881482235158,2020-07-13,2020,7
"12150","SP",3,"Sudeste",35008,"Novo Horizonte",88118,40938.3358645226,29,18,4,14,3,15,1,0,0,0,0,19,4,14,3,15,16,10.6198222102338,11.3864321043355,0.363714338047259,2020-07-20,2020,7
"12151","SP",3,"Sudeste",35009,"Barretos",147584,43133.9301756288,5,32,6,26,8,24,0,0,0,0,0,32,6,26,8,24,17,10.6720652094326,11.9021527841887,0.295993025357941,2020-02-03,2020,2
"12152","SP",3,"Sudeste",35009,"Barretos",147584,43133.9301756288,6,45,5,40,13,32,1,0,0,0,0,46,5,40,13,32,30,10.6720652094326,11.9021527841887,0.29326034370931,2020-02-10,2020,2
"12153","SP",3,"Sudeste",35009,"Barretos",147584,43133.9301756288,7,27,5,22,7,20,0,0,0,0,0,27,5,22,7,20,21,10.6720652094326,11.9021527841887,0.298369901587689,2020-02-17,2020,2
"12154","SP",3,"Sudeste",35009,"Barretos",147584,43133.9301756288,8,41,6,35,17,24,0,0,0,0,0,41,6,35,17,24,16,10.6720652094326,11.9021527841887,0.358575140970496,2020-02-24,2020,2
"12155","SP",3,"Sudeste",35009,"Barretos",147584,43133.9301756288,9,31,3,28,8,23,1,0,0,0,0,32,3,28,8,23,19,10.6720652094326,11.9021527841887,0.320943974280388,2020-03-02,2020,3
"12156","SP",3,"Sudeste",35009,"Barretos",147584,43133.9301756288,10,40,5,35,10,30,0,0,0,0,0,40,5,35,10,30,26,10.6720652094326,11.9021527841887,0.331056350501446,2020-03-09,2020,3
"12157","SP",3,"Sudeste",35009,"Barretos",147584,43133.9301756288,11,36,4,32,12,24,1,0,0,0,0,37,4,32,12,24,29,10.6720652094326,11.9021527841887,0.40340135653636,2020-03-16,2020,3
"12158","SP",3,"Sudeste",35009,"Barretos",147584,43133.9301756288,12,35,4,31,17,18,1,0,0,0,0,36,4,31,17,18,28,10.6720652094326,11.9021527841887,0.499830797239284,2020-03-23,2020,3
"12159","SP",3,"Sudeste",35009,"Barretos",147584,43133.9301756288,13,27,7,20,10,17,0,0,0,0,0,27,7,20,10,17,19,10.6720652094326,11.9021527841887,0.472567646665186,2020-03-30,2020,3
"12160","SP",3,"Sudeste",35009,"Barretos",147584,43133.9301756288,14,23,2,21,8,15,0,0,0,0,0,23,2,21,8,15,22,10.6720652094326,11.9021527841887,0.460199579448884,2020-04-06,2020,4
"12161","SP",3,"Sudeste",35009,"Barretos",147584,43133.9301756288,15,38,3,35,14,24,0,0,0,0,0,38,3,35,14,24,16,10.6720652094326,11.9021527841887,0.446655679613199,2020-04-13,2020,4
"12162","SP",3,"Sudeste",35009,"Barretos",147584,43133.9301756288,16,34,7,27,13,21,1,0,0,0,0,35,7,27,13,21,20,10.6720652094326,11.9021527841887,0.451030067499616,2020-04-20,2020,4
"12163","SP",3,"Sudeste",35009,"Barretos",147584,43133.9301756288,17,25,1,24,5,20,0,0,0,0,0,25,1,24,5,20,19,10.6720652094326,11.9021527841887,0.434605400341197,2020-04-27,2020,4
"12164","SP",3,"Sudeste",35009,"Barretos",147584,43133.9301756288,18,38,9,29,13,25,0,0,0,0,0,38,9,29,13,25,23,10.6720652094326,11.9021527841887,0.406568542059019,2020-05-04,2020,5
"12165","SP",3,"Sudeste",35009,"Barretos",147584,43133.9301756288,19,37,4,33,10,27,1,0,0,0,0,38,4,33,10,27,30,10.6720652094326,11.9021527841887,0.409329268528843,2020-05-11,2020,5
"12166","SP",3,"Sudeste",35009,"Barretos",147584,43133.9301756288,20,31,2,29,6,25,3,0,0,0,0,34,2,29,6,25,21,10.6720652094326,11.9021527841887,0.406011091826451,2020-05-18,2020,5
"12167","SP",3,"Sudeste",35009,"Barretos",147584,43133.9301756288,21,54,8,46,11,43,1,0,0,0,0,55,8,46,11,43,18,10.6720652094326,11.9021527841887,0.407413613596397,2020-05-25,2020,5
"12168","SP",3,"Sudeste",35009,"Barretos",147584,43133.9301756288,22,40,0,40,11,29,0,0,0,0,0,40,0,40,11,29,16,10.6720652094326,11.9021527841887,0.383993655662705,2020-06-01,2020,6
"12169","SP",3,"Sudeste",35009,"Barretos",147584,43133.9301756288,23,39,5,34,15,24,0,0,0,0,0,39,5,34,15,24,31,10.6720652094326,11.9021527841887,0.389271179775473,2020-06-08,2020,6
"12170","SP",3,"Sudeste",35009,"Barretos",147584,43133.9301756288,24,25,5,20,9,16,1,0,0,0,0,26,5,20,9,16,32,10.6720652094326,11.9021527841887,0.380420567817694,2020-06-15,2020,6
"12171","SP",3,"Sudeste",35009,"Barretos",147584,43133.9301756288,25,46,4,42,13,33,0,0,0,0,0,46,4,42,13,33,34,10.6720652094326,11.9021527841887,0.39093914466775,2020-06-22,2020,6
"12172","SP",3,"Sudeste",35009,"Barretos",147584,43133.9301756288,26,29,2,27,12,17,1,0,0,0,0,30,2,27,12,17,37,10.6720652094326,11.9021527841887,0.371503074947923,2020-06-29,2020,6
"12173","SP",3,"Sudeste",35009,"Barretos",147584,43133.9301756288,27,38,3,35,7,31,0,0,0,0,0,38,3,35,7,31,38,10.6720652094326,11.9021527841887,0.385365611893545,2020-07-06,2020,7
"12174","SP",3,"Sudeste",35009,"Barretos",147584,43133.9301756288,28,40,4,36,13,27,0,0,0,0,0,40,4,36,13,27,32,10.6720652094326,11.9021527841887,0.377927467092982,2020-07-13,2020,7
"12175","SP",3,"Sudeste",35009,"Barretos",147584,43133.9301756288,29,41,4,37,15,26,2,0,0,0,0,43,4,37,15,26,26,10.6720652094326,11.9021527841887,0.376268063151263,2020-07-20,2020,7
"12176","SP",3,"Sudeste",35010,"São Joaquim da Barra",236388,44390.7365843444,5,51,6,45,14,37,0,0,0,0,0,51,6,45,14,37,28,10.7007860911652,12.3732298018044,0.295464149408965,2020-02-03,2020,2
"12177","SP",3,"Sudeste",35010,"São Joaquim da Barra",236388,44390.7365843444,6,56,6,50,15,41,0,0,0,0,0,56,6,50,15,41,30,10.7007860911652,12.3732298018044,0.288201604198673,2020-02-10,2020,2
"12178","SP",3,"Sudeste",35010,"São Joaquim da Barra",236388,44390.7365843444,7,52,9,43,18,34,0,0,0,0,0,52,9,43,18,34,23,10.7007860911652,12.3732298018044,0.296156348498948,2020-02-17,2020,2
"12179","SP",3,"Sudeste",35010,"São Joaquim da Barra",236388,44390.7365843444,8,36,6,30,8,28,0,0,0,0,0,36,6,30,8,28,29,10.7007860911652,12.3732298018044,0.336532881196149,2020-02-24,2020,2
"12180","SP",3,"Sudeste",35010,"São Joaquim da Barra",236388,44390.7365843444,9,53,9,44,17,36,0,0,0,0,0,53,9,44,17,36,23,10.7007860911652,12.3732298018044,0.309408056670859,2020-03-02,2020,3
"12181","SP",3,"Sudeste",35010,"São Joaquim da Barra",236388,44390.7365843444,10,47,7,40,19,28,0,0,0,0,0,47,7,40,19,28,42,10.7007860911652,12.3732298018044,0.319585345335363,2020-03-09,2020,3
"12182","SP",3,"Sudeste",35010,"São Joaquim da Barra",236388,44390.7365843444,11,49,9,40,17,32,1,0,0,0,0,50,9,40,17,32,35,10.7007860911652,12.3732298018044,0.384162178326739,2020-03-16,2020,3
"12183","SP",3,"Sudeste",35010,"São Joaquim da Barra",236388,44390.7365843444,12,30,5,25,10,20,0,0,0,0,0,30,5,25,10,20,17,10.7007860911652,12.3732298018044,0.463959661147876,2020-03-23,2020,3
"12184","SP",3,"Sudeste",35010,"São Joaquim da Barra",236388,44390.7365843444,13,37,6,31,15,22,0,0,0,0,0,37,6,31,15,22,17,10.7007860911652,12.3732298018044,0.436353031614113,2020-03-30,2020,3
"12185","SP",3,"Sudeste",35010,"São Joaquim da Barra",236388,44390.7365843444,14,34,9,25,9,25,0,0,0,0,0,34,9,25,9,25,24,10.7007860911652,12.3732298018044,0.422358391164383,2020-04-06,2020,4
"12186","SP",3,"Sudeste",35010,"São Joaquim da Barra",236388,44390.7365843444,15,39,10,29,17,22,0,0,0,0,0,39,10,29,17,22,23,10.7007860911652,12.3732298018044,0.412035659748209,2020-04-13,2020,4
"12187","SP",3,"Sudeste",35010,"São Joaquim da Barra",236388,44390.7365843444,16,54,7,47,13,41,2,0,0,0,0,56,7,47,13,41,25,10.7007860911652,12.3732298018044,0.425725944682545,2020-04-20,2020,4
"12188","SP",3,"Sudeste",35010,"São Joaquim da Barra",236388,44390.7365843444,17,40,5,35,19,21,0,0,0,0,0,40,5,35,19,21,24,10.7007860911652,12.3732298018044,0.408582992514585,2020-04-27,2020,4
"12189","SP",3,"Sudeste",35010,"São Joaquim da Barra",236388,44390.7365843444,18,50,7,43,19,31,1,0,0,0,0,51,7,43,19,31,33,10.7007860911652,12.3732298018044,0.390739948741401,2020-05-04,2020,5
"12190","SP",3,"Sudeste",35010,"São Joaquim da Barra",236388,44390.7365843444,19,63,6,57,27,36,0,0,0,0,0,63,6,57,27,36,24,10.7007860911652,12.3732298018044,0.393329086715842,2020-05-11,2020,5
"12191","SP",3,"Sudeste",35010,"São Joaquim da Barra",236388,44390.7365843444,20,53,10,43,19,34,0,0,0,0,0,53,10,43,19,34,27,10.7007860911652,12.3732298018044,0.404920297204278,2020-05-18,2020,5
"12192","SP",3,"Sudeste",35010,"São Joaquim da Barra",236388,44390.7365843444,21,51,9,42,25,26,0,0,0,0,0,51,9,42,25,26,38,10.7007860911652,12.3732298018044,0.400693394138597,2020-05-25,2020,5
"12193","SP",3,"Sudeste",35010,"São Joaquim da Barra",236388,44390.7365843444,22,61,11,50,20,41,0,0,0,0,0,61,11,50,20,41,44,10.7007860911652,12.3732298018044,0.385648897730468,2020-06-01,2020,6
"12194","SP",3,"Sudeste",35010,"São Joaquim da Barra",236388,44390.7365843444,23,54,6,48,16,38,0,0,0,0,0,54,6,48,16,38,36,10.7007860911652,12.3732298018044,0.377755687424377,2020-06-08,2020,6
"12195","SP",3,"Sudeste",35010,"São Joaquim da Barra",236388,44390.7365843444,24,47,9,38,20,27,0,0,0,0,0,47,9,38,20,27,37,10.7007860911652,12.3732298018044,0.376430573216793,2020-06-15,2020,6
"12196","SP",3,"Sudeste",35010,"São Joaquim da Barra",236388,44390.7365843444,25,53,6,47,13,40,0,0,0,0,0,53,6,47,13,40,38,10.7007860911652,12.3732298018044,0.385286659876587,2020-06-22,2020,6
"12197","SP",3,"Sudeste",35010,"São Joaquim da Barra",236388,44390.7365843444,26,40,7,33,14,26,0,0,0,0,0,40,7,33,14,26,33,10.7007860911652,12.3732298018044,0.384579450113548,2020-06-29,2020,6
"12198","SP",3,"Sudeste",35010,"São Joaquim da Barra",236388,44390.7365843444,27,37,4,33,13,24,0,0,0,0,0,37,4,33,13,24,51,10.7007860911652,12.3732298018044,0.393637378537653,2020-07-06,2020,7
"12199","SP",3,"Sudeste",35010,"São Joaquim da Barra",236388,44390.7365843444,28,38,7,31,14,24,0,0,0,0,0,38,7,31,14,24,48,10.7007860911652,12.3732298018044,0.390931982636727,2020-07-13,2020,7
"12200","SP",3,"Sudeste",35010,"São Joaquim da Barra",236388,44390.7365843444,29,49,10,39,14,35,0,0,0,0,0,49,10,39,14,35,28,10.7007860911652,12.3732298018044,0.38997782919829,2020-07-20,2020,7
"12201","SP",3,"Sudeste",35011,"Ituverava",104136,33486.7660922256,5,28,4,24,8,20,0,0,0,0,0,28,4,24,8,20,7,10.4189055977404,11.5534530161463,0.306984995173526,2020-02-03,2020,2
"12202","SP",3,"Sudeste",35011,"Ituverava",104136,33486.7660922256,6,19,6,13,7,12,0,0,0,0,0,19,6,13,7,12,18,10.4189055977404,11.5534530161463,0.291760168361298,2020-02-10,2020,2
"12203","SP",3,"Sudeste",35011,"Ituverava",104136,33486.7660922256,7,14,1,13,2,12,0,0,0,0,0,14,1,13,2,12,9,10.4189055977404,11.5534530161463,0.305672187418146,2020-02-17,2020,2
"12204","SP",3,"Sudeste",35011,"Ituverava",104136,33486.7660922256,8,19,5,14,6,13,0,0,0,0,0,19,5,14,6,13,18,10.4189055977404,11.5534530161463,0.339656663743973,2020-02-24,2020,2
"12205","SP",3,"Sudeste",35011,"Ituverava",104136,33486.7660922256,9,23,4,19,8,15,0,0,0,0,0,23,4,19,8,15,15,10.4189055977404,11.5534530161463,0.32396525476855,2020-03-02,2020,3
"12206","SP",3,"Sudeste",35011,"Ituverava",104136,33486.7660922256,10,22,6,16,4,18,0,0,0,0,0,22,6,16,4,18,17,10.4189055977404,11.5534530161463,0.325586515429192,2020-03-09,2020,3
"12207","SP",3,"Sudeste",35011,"Ituverava",104136,33486.7660922256,11,25,9,16,12,13,0,0,0,0,0,25,9,16,12,13,16,10.4189055977404,11.5534530161463,0.399442200069902,2020-03-16,2020,3
"12208","SP",3,"Sudeste",35011,"Ituverava",104136,33486.7660922256,12,17,2,15,5,12,0,0,0,0,0,17,2,15,5,12,13,10.4189055977404,11.5534530161463,0.498468653393694,2020-03-23,2020,3
"12209","SP",3,"Sudeste",35011,"Ituverava",104136,33486.7660922256,13,19,3,16,5,14,2,0,0,0,0,21,3,16,5,14,17,10.4189055977404,11.5534530161463,0.465555684042019,2020-03-30,2020,3
"12210","SP",3,"Sudeste",35011,"Ituverava",104136,33486.7660922256,14,18,1,17,6,12,0,0,0,0,0,18,1,17,6,12,17,10.4189055977404,11.5534530161463,0.437443551641971,2020-04-06,2020,4
"12211","SP",3,"Sudeste",35011,"Ituverava",104136,33486.7660922256,15,9,3,6,4,5,0,0,0,0,0,9,3,6,4,5,12,10.4189055977404,11.5534530161463,0.428049207738156,2020-04-13,2020,4
"12212","SP",3,"Sudeste",35011,"Ituverava",104136,33486.7660922256,16,13,0,13,2,11,0,0,0,0,0,13,0,13,2,11,11,10.4189055977404,11.5534530161463,0.429018825061556,2020-04-20,2020,4
"12213","SP",3,"Sudeste",35011,"Ituverava",104136,33486.7660922256,17,8,1,7,2,6,0,0,0,0,0,8,1,7,2,6,19,10.4189055977404,11.5534530161463,0.41409124439212,2020-04-27,2020,4
"12214","SP",3,"Sudeste",35011,"Ituverava",104136,33486.7660922256,18,20,3,17,8,12,0,0,0,0,0,20,3,17,8,12,16,10.4189055977404,11.5534530161463,0.398222533233355,2020-05-04,2020,5
"12215","SP",3,"Sudeste",35011,"Ituverava",104136,33486.7660922256,19,15,4,11,4,11,0,0,0,0,0,15,4,11,4,11,9,10.4189055977404,11.5534530161463,0.403784054692819,2020-05-11,2020,5
"12216","SP",3,"Sudeste",35011,"Ituverava",104136,33486.7660922256,20,17,2,15,5,12,0,0,0,0,0,17,2,15,5,12,16,10.4189055977404,11.5534530161463,0.409865892120888,2020-05-18,2020,5
"12217","SP",3,"Sudeste",35011,"Ituverava",104136,33486.7660922256,21,28,4,24,7,21,0,0,0,0,0,28,4,24,7,21,12,10.4189055977404,11.5534530161463,0.402692160208715,2020-05-25,2020,5
"12218","SP",3,"Sudeste",35011,"Ituverava",104136,33486.7660922256,22,23,3,20,11,12,0,0,0,0,0,23,3,20,11,12,15,10.4189055977404,11.5534530161463,0.379849811774952,2020-06-01,2020,6
"12219","SP",3,"Sudeste",35011,"Ituverava",104136,33486.7660922256,23,29,9,20,12,17,1,0,0,0,0,30,9,20,12,17,13,10.4189055977404,11.5534530161463,0.384042805740954,2020-06-08,2020,6
"12220","SP",3,"Sudeste",35011,"Ituverava",104136,33486.7660922256,24,19,6,13,9,10,0,0,0,0,0,19,6,13,9,10,18,10.4189055977404,11.5534530161463,0.377039862120805,2020-06-15,2020,6
"12221","SP",3,"Sudeste",35011,"Ituverava",104136,33486.7660922256,25,24,9,15,10,14,0,0,0,0,0,24,9,15,10,14,16,10.4189055977404,11.5534530161463,0.394799413195692,2020-06-22,2020,6
"12222","SP",3,"Sudeste",35011,"Ituverava",104136,33486.7660922256,26,23,2,21,8,15,0,0,0,0,0,23,2,21,8,15,18,10.4189055977404,11.5534530161463,0.393012807315886,2020-06-29,2020,6
"12223","SP",3,"Sudeste",35011,"Ituverava",104136,33486.7660922256,27,19,6,13,5,14,0,0,0,0,0,19,6,13,5,14,20,10.4189055977404,11.5534530161463,0.403136079428028,2020-07-06,2020,7
"12224","SP",3,"Sudeste",35011,"Ituverava",104136,33486.7660922256,28,14,2,12,5,9,0,0,0,0,0,14,2,12,5,9,22,10.4189055977404,11.5534530161463,0.404475172832744,2020-07-13,2020,7
"12225","SP",3,"Sudeste",35011,"Ituverava",104136,33486.7660922256,29,21,4,17,6,15,1,0,0,0,0,22,4,17,6,15,20,10.4189055977404,11.5534530161463,0.403861756125989,2020-07-20,2020,7
"12226","SP",3,"Sudeste",35012,"Franca",430962,29878.2538660949,5,76,11,65,24,52,0,0,0,0,0,76,11,65,24,52,50,10.3048861993228,12.9737751981456,0.280406050890308,2020-02-03,2020,2
"12227","SP",3,"Sudeste",35012,"Franca",430962,29878.2538660949,6,90,16,74,34,56,0,0,0,0,0,90,16,74,34,56,57,10.3048861993228,12.9737751981456,0.280305669872847,2020-02-10,2020,2
"12228","SP",3,"Sudeste",35012,"Franca",430962,29878.2538660949,7,69,6,63,22,47,1,0,0,0,0,70,6,63,22,47,54,10.3048861993228,12.9737751981456,0.286049532937167,2020-02-17,2020,2
"12229","SP",3,"Sudeste",35012,"Franca",430962,29878.2538660949,8,98,17,81,33,65,0,0,0,0,0,98,17,81,33,65,55,10.3048861993228,12.9737751981456,0.335747465889638,2020-02-24,2020,2
"12230","SP",3,"Sudeste",35012,"Franca",430962,29878.2538660949,9,97,16,81,32,65,1,0,0,0,0,98,16,81,32,65,53,10.3048861993228,12.9737751981456,0.302166028593154,2020-03-02,2020,3
"12231","SP",3,"Sudeste",35012,"Franca",430962,29878.2538660949,10,121,14,107,42,79,0,0,0,0,0,121,14,107,42,79,56,10.3048861993228,12.9737751981456,0.312394289856445,2020-03-09,2020,3
"12232","SP",3,"Sudeste",35012,"Franca",430962,29878.2538660949,11,83,12,71,19,64,0,0,0,0,0,83,12,71,19,64,46,10.3048861993228,12.9737751981456,0.418208360892251,2020-03-16,2020,3
"12233","SP",3,"Sudeste",35012,"Franca",430962,29878.2538660949,12,93,11,82,32,61,0,0,0,0,0,93,11,82,32,61,69,10.3048861993228,12.9737751981456,0.531022368772499,2020-03-23,2020,3
"12234","SP",3,"Sudeste",35012,"Franca",430962,29878.2538660949,13,83,14,69,29,54,1,0,0,0,0,84,14,69,29,54,59,10.3048861993228,12.9737751981456,0.481602982404369,2020-03-30,2020,3
"12235","SP",3,"Sudeste",35012,"Franca",430962,29878.2538660949,14,95,15,80,32,63,1,0,0,0,0,96,15,80,32,63,41,10.3048861993228,12.9737751981456,0.463774389238067,2020-04-06,2020,4
"12236","SP",3,"Sudeste",35012,"Franca",430962,29878.2538660949,15,99,18,81,22,77,0,0,0,0,0,99,18,81,22,77,54,10.3048861993228,12.9737751981456,0.442077715348765,2020-04-13,2020,4
"12237","SP",3,"Sudeste",35012,"Franca",430962,29878.2538660949,16,80,9,71,22,58,1,0,0,0,0,81,9,71,22,58,50,10.3048861993228,12.9737751981456,0.43518317029607,2020-04-20,2020,4
"12238","SP",3,"Sudeste",35012,"Franca",430962,29878.2538660949,17,90,15,75,27,63,0,0,0,0,0,90,15,75,27,63,38,10.3048861993228,12.9737751981456,0.432626764005433,2020-04-27,2020,4
"12239","SP",3,"Sudeste",35012,"Franca",430962,29878.2538660949,18,101,14,87,39,62,0,0,0,0,0,101,14,87,39,62,46,10.3048861993228,12.9737751981456,0.401003873840909,2020-05-04,2020,5
"12240","SP",3,"Sudeste",35012,"Franca",430962,29878.2538660949,19,109,15,94,36,73,1,0,0,0,0,110,15,94,36,73,61,10.3048861993228,12.9737751981456,0.402583755709956,2020-05-11,2020,5
"12241","SP",3,"Sudeste",35012,"Franca",430962,29878.2538660949,20,92,14,78,31,61,1,0,0,0,0,93,14,78,31,61,50,10.3048861993228,12.9737751981456,0.397360885123653,2020-05-18,2020,5
"12242","SP",3,"Sudeste",35012,"Franca",430962,29878.2538660949,21,123,16,107,41,82,0,0,0,0,0,123,16,107,41,82,60,10.3048861993228,12.9737751981456,0.392799900080336,2020-05-25,2020,5
"12243","SP",3,"Sudeste",35012,"Franca",430962,29878.2538660949,22,107,16,91,29,78,0,0,0,0,0,107,16,91,29,78,61,10.3048861993228,12.9737751981456,0.376968241772163,2020-06-01,2020,6
"12244","SP",3,"Sudeste",35012,"Franca",430962,29878.2538660949,23,115,9,106,39,76,0,0,0,0,0,115,9,106,39,76,58,10.3048861993228,12.9737751981456,0.372772766557133,2020-06-08,2020,6
"12245","SP",3,"Sudeste",35012,"Franca",430962,29878.2538660949,24,107,8,99,38,69,2,0,0,0,0,109,8,99,38,69,66,10.3048861993228,12.9737751981456,0.364401081554625,2020-06-15,2020,6
"12246","SP",3,"Sudeste",35012,"Franca",430962,29878.2538660949,25,101,17,84,28,73,0,0,0,0,0,101,17,84,28,73,54,10.3048861993228,12.9737751981456,0.364465221107766,2020-06-22,2020,6
"12247","SP",3,"Sudeste",35012,"Franca",430962,29878.2538660949,26,92,13,79,26,66,2,0,0,0,0,94,13,79,26,66,74,10.3048861993228,12.9737751981456,0.36822194786815,2020-06-29,2020,6
"12248","SP",3,"Sudeste",35012,"Franca",430962,29878.2538660949,27,87,9,78,26,61,0,0,0,0,0,87,9,78,26,61,63,10.3048861993228,12.9737751981456,0.373593269378734,2020-07-06,2020,7
"12249","SP",3,"Sudeste",35012,"Franca",430962,29878.2538660949,28,103,23,80,39,64,1,0,0,0,0,104,23,80,39,64,64,10.3048861993228,12.9737751981456,0.370371135796863,2020-07-13,2020,7
"12250","SP",3,"Sudeste",35012,"Franca",430962,29878.2538660949,29,97,7,90,37,60,0,0,0,0,0,97,7,90,37,60,61,10.3048861993228,12.9737751981456,0.368631396669635,2020-07-20,2020,7
"12251","SP",3,"Sudeste",35013,"Jaboticabal",440670,31879.0918730796,5,60,10,50,28,32,0,0,0,0,0,60,10,50,28,32,56,10.3697056467105,12.9960515749936,0.287972186335181,2020-02-03,2020,2
"12252","SP",3,"Sudeste",35013,"Jaboticabal",440670,31879.0918730796,6,94,22,72,38,56,2,0,0,0,0,96,22,72,38,56,51,10.3697056467105,12.9960515749936,0.283713520011326,2020-02-10,2020,2
"12253","SP",3,"Sudeste",35013,"Jaboticabal",440670,31879.0918730796,7,70,13,57,27,43,1,0,0,0,0,71,13,57,27,43,74,10.3697056467105,12.9960515749936,0.293796868988002,2020-02-17,2020,2
"12254","SP",3,"Sudeste",35013,"Jaboticabal",440670,31879.0918730796,8,87,14,73,23,64,0,0,0,0,0,87,14,73,23,64,41,10.3697056467105,12.9960515749936,0.340745834246858,2020-02-24,2020,2
"12255","SP",3,"Sudeste",35013,"Jaboticabal",440670,31879.0918730796,9,91,15,76,42,49,0,0,0,0,0,91,15,76,42,49,67,10.3697056467105,12.9960515749936,0.310593309494656,2020-03-02,2020,3
"12256","SP",3,"Sudeste",35013,"Jaboticabal",440670,31879.0918730796,10,96,19,77,30,66,1,0,0,0,0,97,19,77,30,66,58,10.3697056467105,12.9960515749936,0.322141756701027,2020-03-09,2020,3
"12257","SP",3,"Sudeste",35013,"Jaboticabal",440670,31879.0918730796,11,72,16,56,28,44,1,0,0,0,0,73,16,56,28,44,61,10.3697056467105,12.9960515749936,0.398853104493901,2020-03-16,2020,3
"12258","SP",3,"Sudeste",35013,"Jaboticabal",440670,31879.0918730796,12,70,11,59,29,41,0,0,0,0,0,70,11,59,29,41,67,10.3697056467105,12.9960515749936,0.502864852109828,2020-03-23,2020,3
"12259","SP",3,"Sudeste",35013,"Jaboticabal",440670,31879.0918730796,13,55,5,50,16,39,0,0,0,0,0,55,5,50,16,39,56,10.3697056467105,12.9960515749936,0.465207146609831,2020-03-30,2020,3
"12260","SP",3,"Sudeste",35013,"Jaboticabal",440670,31879.0918730796,14,80,14,66,31,49,0,0,0,0,0,80,14,66,31,49,59,10.3697056467105,12.9960515749936,0.448417563338776,2020-04-06,2020,4
"12261","SP",3,"Sudeste",35013,"Jaboticabal",440670,31879.0918730796,15,71,11,60,25,46,0,0,0,0,0,71,11,60,25,46,52,10.3697056467105,12.9960515749936,0.429209465098958,2020-04-13,2020,4
"12262","SP",3,"Sudeste",35013,"Jaboticabal",440670,31879.0918730796,16,76,23,53,27,49,1,0,0,0,0,77,23,53,27,49,53,10.3697056467105,12.9960515749936,0.422354072190074,2020-04-20,2020,4
"12263","SP",3,"Sudeste",35013,"Jaboticabal",440670,31879.0918730796,17,103,16,87,33,70,1,0,0,0,0,104,16,87,33,70,53,10.3697056467105,12.9960515749936,0.408025057604371,2020-04-27,2020,4
"12264","SP",3,"Sudeste",35013,"Jaboticabal",440670,31879.0918730796,18,78,12,66,24,54,0,0,0,0,0,78,12,66,24,54,52,10.3697056467105,12.9960515749936,0.385987412937629,2020-05-04,2020,5
"12265","SP",3,"Sudeste",35013,"Jaboticabal",440670,31879.0918730796,19,100,20,80,31,69,0,0,0,0,0,100,20,80,31,69,55,10.3697056467105,12.9960515749936,0.391725588736174,2020-05-11,2020,5
"12266","SP",3,"Sudeste",35013,"Jaboticabal",440670,31879.0918730796,20,109,18,91,36,73,0,0,0,0,0,109,18,91,36,73,49,10.3697056467105,12.9960515749936,0.383261453663253,2020-05-18,2020,5
"12267","SP",3,"Sudeste",35013,"Jaboticabal",440670,31879.0918730796,21,105,13,92,38,67,1,0,0,0,0,106,13,92,38,67,78,10.3697056467105,12.9960515749936,0.390809629836869,2020-05-25,2020,5
"12268","SP",3,"Sudeste",35013,"Jaboticabal",440670,31879.0918730796,22,106,22,84,37,69,1,0,0,0,0,107,22,84,37,69,62,10.3697056467105,12.9960515749936,0.374809744759847,2020-06-01,2020,6
"12269","SP",3,"Sudeste",35013,"Jaboticabal",440670,31879.0918730796,23,104,25,79,38,66,0,0,0,0,0,104,25,79,38,66,72,10.3697056467105,12.9960515749936,0.375789909490284,2020-06-08,2020,6
"12270","SP",3,"Sudeste",35013,"Jaboticabal",440670,31879.0918730796,24,80,14,66,30,50,0,0,0,0,0,80,14,66,30,50,77,10.3697056467105,12.9960515749936,0.367654386434644,2020-06-15,2020,6
"12271","SP",3,"Sudeste",35013,"Jaboticabal",440670,31879.0918730796,25,102,22,80,31,71,1,0,0,0,0,103,22,80,31,71,60,10.3697056467105,12.9960515749936,0.37092846528581,2020-06-22,2020,6
"12272","SP",3,"Sudeste",35013,"Jaboticabal",440670,31879.0918730796,26,72,13,59,26,46,0,0,0,0,0,72,13,59,26,46,71,10.3697056467105,12.9960515749936,0.365695772299901,2020-06-29,2020,6
"12273","SP",3,"Sudeste",35013,"Jaboticabal",440670,31879.0918730796,27,99,18,81,29,70,3,0,0,0,0,102,18,81,29,70,66,10.3697056467105,12.9960515749936,0.368583420536108,2020-07-06,2020,7
"12274","SP",3,"Sudeste",35013,"Jaboticabal",440670,31879.0918730796,28,93,16,77,29,64,1,0,0,0,0,94,16,77,29,64,71,10.3697056467105,12.9960515749936,0.365477721445159,2020-07-13,2020,7
"12275","SP",3,"Sudeste",35013,"Jaboticabal",440670,31879.0918730796,29,81,18,63,27,54,1,0,0,0,0,82,18,63,27,54,75,10.3697056467105,12.9960515749936,0.368638186763646,2020-07-20,2020,7
"12276","SP",3,"Sudeste",35014,"Ribeirão Preto",1214085,42353.5271003101,5,243,41,202,74,169,2,0,0,0,0,245,41,202,74,169,141,10.6538069811532,14.009501264625,0.263957821357688,2020-02-03,2020,2
"12277","SP",3,"Sudeste",35014,"Ribeirão Preto",1214085,42353.5271003101,6,235,47,188,73,162,0,0,0,0,0,235,47,188,73,162,149,10.6538069811532,14.009501264625,0.265297810089898,2020-02-10,2020,2
"12278","SP",3,"Sudeste",35014,"Ribeirão Preto",1214085,42353.5271003101,7,240,53,187,81,159,5,0,0,0,0,245,53,187,81,159,166,10.6538069811532,14.009501264625,0.278112760207191,2020-02-17,2020,2
"12279","SP",3,"Sudeste",35014,"Ribeirão Preto",1214085,42353.5271003101,8,231,42,189,69,162,3,0,0,0,0,234,42,189,69,162,153,10.6538069811532,14.009501264625,0.333314991707877,2020-02-24,2020,2
"12280","SP",3,"Sudeste",35014,"Ribeirão Preto",1214085,42353.5271003101,9,230,52,178,64,166,2,0,0,0,0,232,52,178,64,166,136,10.6538069811532,14.009501264625,0.29385362468195,2020-03-02,2020,3
"12281","SP",3,"Sudeste",35014,"Ribeirão Preto",1214085,42353.5271003101,10,226,42,184,72,154,4,0,0,0,0,230,42,184,72,154,147,10.6538069811532,14.009501264625,0.304334688399782,2020-03-09,2020,3
"12282","SP",3,"Sudeste",35014,"Ribeirão Preto",1214085,42353.5271003101,11,224,39,185,85,139,2,0,0,0,0,226,39,185,85,139,173,10.6538069811532,14.009501264625,0.391211250873005,2020-03-16,2020,3
"12283","SP",3,"Sudeste",35014,"Ribeirão Preto",1214085,42353.5271003101,12,205,35,170,44,161,2,0,0,0,0,207,35,170,44,161,160,10.6538069811532,14.009501264625,0.519593631523882,2020-03-23,2020,3
"12284","SP",3,"Sudeste",35014,"Ribeirão Preto",1214085,42353.5271003101,13,234,50,184,78,156,4,0,0,0,0,238,50,184,78,156,150,10.6538069811532,14.009501264625,0.483310048007785,2020-03-30,2020,3
"12285","SP",3,"Sudeste",35014,"Ribeirão Preto",1214085,42353.5271003101,14,260,49,211,97,163,4,0,0,0,0,264,49,211,97,163,152,10.6538069811532,14.009501264625,0.463939126392121,2020-04-06,2020,4
"12286","SP",3,"Sudeste",35014,"Ribeirão Preto",1214085,42353.5271003101,15,268,66,202,82,186,0,0,0,0,0,268,66,202,82,186,131,10.6538069811532,14.009501264625,0.447501292615105,2020-04-13,2020,4
"12287","SP",3,"Sudeste",35014,"Ribeirão Preto",1214085,42353.5271003101,16,256,53,203,77,179,3,0,0,0,0,259,53,203,77,179,128,10.6538069811532,14.009501264625,0.450675792492231,2020-04-20,2020,4
"12288","SP",3,"Sudeste",35014,"Ribeirão Preto",1214085,42353.5271003101,17,234,49,185,71,163,3,0,0,0,0,237,49,185,71,163,145,10.6538069811532,14.009501264625,0.433762099028302,2020-04-27,2020,4
"12289","SP",3,"Sudeste",35014,"Ribeirão Preto",1214085,42353.5271003101,18,234,47,187,64,170,1,0,0,0,0,235,47,187,64,170,139,10.6538069811532,14.009501264625,0.401849132765037,2020-05-04,2020,5
"12290","SP",3,"Sudeste",35014,"Ribeirão Preto",1214085,42353.5271003101,19,243,42,201,73,170,1,0,0,0,0,244,42,201,73,170,170,10.6538069811532,14.009501264625,0.407432354919733,2020-05-11,2020,5
"12291","SP",3,"Sudeste",35014,"Ribeirão Preto",1214085,42353.5271003101,20,262,54,208,100,162,1,0,0,0,0,263,54,208,100,162,153,10.6538069811532,14.009501264625,0.40133361401457,2020-05-18,2020,5
"12292","SP",3,"Sudeste",35014,"Ribeirão Preto",1214085,42353.5271003101,21,257,57,200,84,173,3,0,0,0,0,260,57,200,84,173,164,10.6538069811532,14.009501264625,0.407401953184766,2020-05-25,2020,5
"12293","SP",3,"Sudeste",35014,"Ribeirão Preto",1214085,42353.5271003101,22,313,57,256,87,226,1,0,0,0,0,314,57,256,87,226,185,10.6538069811532,14.009501264625,0.382978146484037,2020-06-01,2020,6
"12294","SP",3,"Sudeste",35014,"Ribeirão Preto",1214085,42353.5271003101,23,290,64,226,84,206,3,0,0,0,0,293,64,226,84,206,215,10.6538069811532,14.009501264625,0.385376940450293,2020-06-08,2020,6
"12295","SP",3,"Sudeste",35014,"Ribeirão Preto",1214085,42353.5271003101,24,266,47,219,89,177,4,0,0,0,0,270,47,219,89,177,208,10.6538069811532,14.009501264625,0.382810203908283,2020-06-15,2020,6
"12296","SP",3,"Sudeste",35014,"Ribeirão Preto",1214085,42353.5271003101,25,255,53,202,60,195,2,0,0,0,0,257,53,202,60,195,196,10.6538069811532,14.009501264625,0.385750721645033,2020-06-22,2020,6
"12297","SP",3,"Sudeste",35014,"Ribeirão Preto",1214085,42353.5271003101,26,276,59,217,102,174,3,0,0,0,0,279,59,217,102,174,223,10.6538069811532,14.009501264625,0.385041648455532,2020-06-29,2020,6
"12298","SP",3,"Sudeste",35014,"Ribeirão Preto",1214085,42353.5271003101,27,254,57,197,95,159,1,0,0,0,0,255,57,197,95,159,230,10.6538069811532,14.009501264625,0.386816669266442,2020-07-06,2020,7
"12299","SP",3,"Sudeste",35014,"Ribeirão Preto",1214085,42353.5271003101,28,275,66,209,79,196,2,0,0,0,0,277,66,209,79,196,216,10.6538069811532,14.009501264625,0.384381308094864,2020-07-13,2020,7
"12300","SP",3,"Sudeste",35014,"Ribeirão Preto",1214085,42353.5271003101,29,239,51,188,67,172,6,0,0,0,0,245,51,188,67,172,227,10.6538069811532,14.009501264625,0.384850903905174,2020-07-20,2020,7
"12301","SP",3,"Sudeste",35015,"Batatais",117211,25826.0208901895,5,20,6,14,8,12,0,0,0,0,0,20,6,14,8,12,14,10.1591378242884,11.6717310083761,0.2844827664992,2020-02-03,2020,2
"12302","SP",3,"Sudeste",35015,"Batatais",117211,25826.0208901895,6,22,2,20,6,16,1,0,0,0,0,23,2,20,6,16,8,10.1591378242884,11.6717310083761,0.279773553548514,2020-02-10,2020,2
"12303","SP",3,"Sudeste",35015,"Batatais",117211,25826.0208901895,7,16,4,12,7,9,0,0,0,0,0,16,4,12,7,9,14,10.1591378242884,11.6717310083761,0.298425929399013,2020-02-17,2020,2
"12304","SP",3,"Sudeste",35015,"Batatais",117211,25826.0208901895,8,20,7,13,5,15,0,0,0,0,0,20,7,13,5,15,18,10.1591378242884,11.6717310083761,0.347059512307295,2020-02-24,2020,2
"12305","SP",3,"Sudeste",35015,"Batatais",117211,25826.0208901895,9,26,4,22,12,14,0,0,0,0,0,26,4,22,12,14,16,10.1591378242884,11.6717310083761,0.315442832570435,2020-03-02,2020,3
"12306","SP",3,"Sudeste",35015,"Batatais",117211,25826.0208901895,10,9,1,8,3,6,0,0,0,0,0,9,1,8,3,6,17,10.1591378242884,11.6717310083761,0.327676855074915,2020-03-09,2020,3
"12307","SP",3,"Sudeste",35015,"Batatais",117211,25826.0208901895,11,10,1,9,3,7,1,0,0,0,0,11,1,9,3,7,17,10.1591378242884,11.6717310083761,0.386951542327132,2020-03-16,2020,3
"12308","SP",3,"Sudeste",35015,"Batatais",117211,25826.0208901895,12,28,5,23,12,16,0,0,0,0,0,28,5,23,12,16,12,10.1591378242884,11.6717310083761,0.483835586766665,2020-03-23,2020,3
"12309","SP",3,"Sudeste",35015,"Batatais",117211,25826.0208901895,13,17,5,12,5,12,0,0,0,0,0,17,5,12,5,12,15,10.1591378242884,11.6717310083761,0.455670695269921,2020-03-30,2020,3
"12310","SP",3,"Sudeste",35015,"Batatais",117211,25826.0208901895,14,23,5,18,9,14,0,0,0,0,0,23,5,18,9,14,14,10.1591378242884,11.6717310083761,0.446323061610396,2020-04-06,2020,4
"12311","SP",3,"Sudeste",35015,"Batatais",117211,25826.0208901895,15,20,4,16,8,12,0,0,0,0,0,20,4,16,8,12,20,10.1591378242884,11.6717310083761,0.426646687858418,2020-04-13,2020,4
"12312","SP",3,"Sudeste",35015,"Batatais",117211,25826.0208901895,16,19,3,16,9,10,0,0,0,0,0,19,3,16,9,10,17,10.1591378242884,11.6717310083761,0.417701758222826,2020-04-20,2020,4
"12313","SP",3,"Sudeste",35015,"Batatais",117211,25826.0208901895,17,24,4,20,8,16,0,0,0,0,0,24,4,20,8,16,15,10.1591378242884,11.6717310083761,0.411693792524869,2020-04-27,2020,4
"12314","SP",3,"Sudeste",35015,"Batatais",117211,25826.0208901895,18,33,9,24,10,23,2,0,0,0,0,35,9,24,10,23,22,10.1591378242884,11.6717310083761,0.386067017426064,2020-05-04,2020,5
"12315","SP",3,"Sudeste",35015,"Batatais",117211,25826.0208901895,19,24,5,19,8,16,0,0,0,0,0,24,5,19,8,16,16,10.1591378242884,11.6717310083761,0.391674154002119,2020-05-11,2020,5
"12316","SP",3,"Sudeste",35015,"Batatais",117211,25826.0208901895,20,24,6,18,10,14,1,0,0,0,0,25,6,18,10,14,16,10.1591378242884,11.6717310083761,0.388463986518909,2020-05-18,2020,5
"12317","SP",3,"Sudeste",35015,"Batatais",117211,25826.0208901895,21,29,7,22,13,16,1,0,0,0,0,30,7,22,13,16,19,10.1591378242884,11.6717310083761,0.388254247202607,2020-05-25,2020,5
"12318","SP",3,"Sudeste",35015,"Batatais",117211,25826.0208901895,22,35,10,25,8,27,0,0,0,0,0,35,10,25,8,27,22,10.1591378242884,11.6717310083761,0.368391019965909,2020-06-01,2020,6
"12319","SP",3,"Sudeste",35015,"Batatais",117211,25826.0208901895,23,36,6,30,10,26,0,0,0,0,0,36,6,30,10,26,14,10.1591378242884,11.6717310083761,0.375710277664866,2020-06-08,2020,6
"12320","SP",3,"Sudeste",35015,"Batatais",117211,25826.0208901895,24,27,4,23,13,14,1,0,0,0,0,28,4,23,13,14,24,10.1591378242884,11.6717310083761,0.373178592426739,2020-06-15,2020,6
"12321","SP",3,"Sudeste",35015,"Batatais",117211,25826.0208901895,25,28,6,22,14,14,1,0,0,0,0,29,6,22,14,14,18,10.1591378242884,11.6717310083761,0.373549786588964,2020-06-22,2020,6
"12322","SP",3,"Sudeste",35015,"Batatais",117211,25826.0208901895,26,19,2,17,8,11,0,0,0,0,0,19,2,17,8,11,17,10.1591378242884,11.6717310083761,0.37308058766397,2020-06-29,2020,6
"12323","SP",3,"Sudeste",35015,"Batatais",117211,25826.0208901895,27,13,2,11,4,9,0,0,0,0,0,13,2,11,4,9,22,10.1591378242884,11.6717310083761,0.377863075758053,2020-07-06,2020,7
"12324","SP",3,"Sudeste",35015,"Batatais",117211,25826.0208901895,28,15,4,11,6,9,0,0,0,0,0,15,4,11,6,9,17,10.1591378242884,11.6717310083761,0.36866989663783,2020-07-13,2020,7
"12325","SP",3,"Sudeste",35015,"Batatais",117211,25826.0208901895,29,25,7,18,10,15,0,0,0,0,0,25,7,18,10,15,18,10.1591378242884,11.6717310083761,0.362013657428828,2020-07-20,2020,7
"12326","SP",3,"Sudeste",35016,"Andradina",194182,30205.7116907334,5,36,7,29,11,25,0,0,0,0,0,36,7,29,11,25,32,10.3157863143126,12.176551142593,0.292054631982406,2020-02-03,2020,2
"12327","SP",3,"Sudeste",35016,"Andradina",194182,30205.7116907334,6,27,5,22,7,20,0,0,0,0,0,27,5,22,7,20,27,10.3157863143126,12.176551142593,0.289623641260198,2020-02-10,2020,2
"12328","SP",3,"Sudeste",35016,"Andradina",194182,30205.7116907334,7,18,1,17,5,13,0,0,0,0,0,18,1,17,5,13,32,10.3157863143126,12.176551142593,0.296099553221511,2020-02-17,2020,2
"12329","SP",3,"Sudeste",35016,"Andradina",194182,30205.7116907334,8,26,3,23,8,18,0,0,0,0,0,26,3,23,8,18,31,10.3157863143126,12.176551142593,0.347860932150158,2020-02-24,2020,2
"12330","SP",3,"Sudeste",35016,"Andradina",194182,30205.7116907334,9,27,7,20,8,19,0,0,0,0,0,27,7,20,8,19,21,10.3157863143126,12.176551142593,0.322705129820812,2020-03-02,2020,3
"12331","SP",3,"Sudeste",35016,"Andradina",194182,30205.7116907334,10,25,3,22,12,13,0,0,0,0,0,25,3,22,12,13,38,10.3157863143126,12.176551142593,0.330906474408353,2020-03-09,2020,3
"12332","SP",3,"Sudeste",35016,"Andradina",194182,30205.7116907334,11,23,2,21,6,17,0,0,0,0,0,23,2,21,6,17,38,10.3157863143126,12.176551142593,0.398517427462759,2020-03-16,2020,3
"12333","SP",3,"Sudeste",35016,"Andradina",194182,30205.7116907334,12,27,4,23,11,16,0,0,0,0,0,27,4,23,11,16,36,10.3157863143126,12.176551142593,0.505690936959825,2020-03-23,2020,3
"12334","SP",3,"Sudeste",35016,"Andradina",194182,30205.7116907334,13,32,3,29,10,22,0,0,0,0,0,32,3,29,10,22,34,10.3157863143126,12.176551142593,0.465265177234777,2020-03-30,2020,3
"12335","SP",3,"Sudeste",35016,"Andradina",194182,30205.7116907334,14,37,9,28,13,24,0,0,0,0,0,37,9,28,13,24,35,10.3157863143126,12.176551142593,0.445644587360767,2020-04-06,2020,4
"12336","SP",3,"Sudeste",35016,"Andradina",194182,30205.7116907334,15,37,7,30,13,24,0,0,0,0,0,37,7,30,13,24,31,10.3157863143126,12.176551142593,0.433449840171035,2020-04-13,2020,4
"12337","SP",3,"Sudeste",35016,"Andradina",194182,30205.7116907334,16,28,2,26,9,19,0,0,0,0,0,28,2,26,9,19,15,10.3157863143126,12.176551142593,0.43776191412416,2020-04-20,2020,4
"12338","SP",3,"Sudeste",35016,"Andradina",194182,30205.7116907334,17,38,7,31,13,25,0,0,0,0,0,38,7,31,13,25,29,10.3157863143126,12.176551142593,0.424951916064153,2020-04-27,2020,4
"12339","SP",3,"Sudeste",35016,"Andradina",194182,30205.7116907334,18,31,4,27,10,21,2,0,0,0,0,33,4,27,10,21,27,10.3157863143126,12.176551142593,0.40946678757476,2020-05-04,2020,5
"12340","SP",3,"Sudeste",35016,"Andradina",194182,30205.7116907334,19,32,2,30,9,23,0,0,0,0,0,32,2,30,9,23,27,10.3157863143126,12.176551142593,0.409903231108809,2020-05-11,2020,5
"12341","SP",3,"Sudeste",35016,"Andradina",194182,30205.7116907334,20,38,6,32,11,27,0,0,0,0,0,38,6,32,11,27,26,10.3157863143126,12.176551142593,0.407399019880226,2020-05-18,2020,5
"12342","SP",3,"Sudeste",35016,"Andradina",194182,30205.7116907334,21,46,6,40,15,31,0,0,0,0,0,46,6,40,15,31,30,10.3157863143126,12.176551142593,0.412631280270146,2020-05-25,2020,5
"12343","SP",3,"Sudeste",35016,"Andradina",194182,30205.7116907334,22,29,3,26,11,18,1,0,0,0,0,30,3,26,11,18,21,10.3157863143126,12.176551142593,0.394017456553893,2020-06-01,2020,6
"12344","SP",3,"Sudeste",35016,"Andradina",194182,30205.7116907334,23,24,1,23,7,17,2,0,0,0,0,26,1,23,7,17,29,10.3157863143126,12.176551142593,0.392855061332137,2020-06-08,2020,6
"12345","SP",3,"Sudeste",35016,"Andradina",194182,30205.7116907334,24,31,6,25,11,20,0,0,0,0,0,31,6,25,11,20,21,10.3157863143126,12.176551142593,0.384110119617978,2020-06-15,2020,6
"12346","SP",3,"Sudeste",35016,"Andradina",194182,30205.7116907334,25,39,3,36,14,25,0,0,0,0,0,39,3,36,14,25,31,10.3157863143126,12.176551142593,0.395326770994,2020-06-22,2020,6
"12347","SP",3,"Sudeste",35016,"Andradina",194182,30205.7116907334,26,33,3,30,10,23,0,0,0,0,0,33,3,30,10,23,30,10.3157863143126,12.176551142593,0.389641774429301,2020-06-29,2020,6
"12348","SP",3,"Sudeste",35016,"Andradina",194182,30205.7116907334,27,42,7,35,11,31,1,0,0,0,0,43,7,35,11,31,36,10.3157863143126,12.176551142593,0.397796690221392,2020-07-06,2020,7
"12349","SP",3,"Sudeste",35016,"Andradina",194182,30205.7116907334,28,27,2,25,8,19,0,0,0,0,0,27,2,25,8,19,26,10.3157863143126,12.176551142593,0.393553111456702,2020-07-13,2020,7
"12350","SP",3,"Sudeste",35016,"Andradina",194182,30205.7116907334,29,33,6,27,11,22,0,0,0,0,0,33,6,27,11,22,24,10.3157863143126,12.176551142593,0.391685122964359,2020-07-20,2020,7
"12351","SP",3,"Sudeste",35017,"Araçatuba",284984,34600.4361385902,5,51,8,43,18,33,0,0,0,0,0,51,8,43,18,33,29,10.4516215661279,12.560188317324,0.269461881736755,2020-02-03,2020,2
"12352","SP",3,"Sudeste",35017,"Araçatuba",284984,34600.4361385902,6,58,8,50,13,45,2,0,0,0,0,60,8,50,13,45,42,10.4516215661279,12.560188317324,0.266608569708365,2020-02-10,2020,2
"12353","SP",3,"Sudeste",35017,"Araçatuba",284984,34600.4361385902,7,53,7,46,17,36,0,0,0,0,0,53,7,46,17,36,33,10.4516215661279,12.560188317324,0.280161870913827,2020-02-17,2020,2
"12354","SP",3,"Sudeste",35017,"Araçatuba",284984,34600.4361385902,8,42,8,34,17,25,1,0,0,0,0,43,8,34,17,25,48,10.4516215661279,12.560188317324,0.323994021638518,2020-02-24,2020,2
"12355","SP",3,"Sudeste",35017,"Araçatuba",284984,34600.4361385902,9,66,9,57,16,50,0,0,0,0,0,66,9,57,16,50,43,10.4516215661279,12.560188317324,0.302556421679831,2020-03-02,2020,3
"12356","SP",3,"Sudeste",35017,"Araçatuba",284984,34600.4361385902,10,61,9,52,20,41,0,0,0,0,0,61,9,52,20,41,55,10.4516215661279,12.560188317324,0.311161472830788,2020-03-09,2020,3
"12357","SP",3,"Sudeste",35017,"Araçatuba",284984,34600.4361385902,11,48,7,41,13,35,0,0,0,0,0,48,7,41,13,35,53,10.4516215661279,12.560188317324,0.382230694777449,2020-03-16,2020,3
"12358","SP",3,"Sudeste",35017,"Araçatuba",284984,34600.4361385902,12,51,7,44,17,34,0,0,0,0,0,51,7,44,17,34,27,10.4516215661279,12.560188317324,0.483752140558911,2020-03-23,2020,3
"12359","SP",3,"Sudeste",35017,"Araçatuba",284984,34600.4361385902,13,53,5,48,20,33,2,0,0,0,0,55,5,48,20,33,42,10.4516215661279,12.560188317324,0.45088403557398,2020-03-30,2020,3
"12360","SP",3,"Sudeste",35017,"Araçatuba",284984,34600.4361385902,14,52,6,46,15,37,1,0,0,0,0,53,6,46,15,37,37,10.4516215661279,12.560188317324,0.432535614495273,2020-04-06,2020,4
"12361","SP",3,"Sudeste",35017,"Araçatuba",284984,34600.4361385902,15,65,9,56,26,39,0,0,0,0,0,65,9,56,26,39,29,10.4516215661279,12.560188317324,0.419957139132226,2020-04-13,2020,4
"12362","SP",3,"Sudeste",35017,"Araçatuba",284984,34600.4361385902,16,71,10,61,28,43,1,0,0,0,0,72,10,61,28,43,41,10.4516215661279,12.560188317324,0.420090607858734,2020-04-20,2020,4
"12363","SP",3,"Sudeste",35017,"Araçatuba",284984,34600.4361385902,17,58,9,49,19,39,0,0,0,0,0,58,9,49,19,39,48,10.4516215661279,12.560188317324,0.406301825522187,2020-04-27,2020,4
"12364","SP",3,"Sudeste",35017,"Araçatuba",284984,34600.4361385902,18,49,8,41,14,35,0,0,0,0,0,49,8,41,14,35,33,10.4516215661279,12.560188317324,0.383972507119159,2020-05-04,2020,5
"12365","SP",3,"Sudeste",35017,"Araçatuba",284984,34600.4361385902,19,47,8,39,11,36,0,0,0,0,0,47,8,39,11,36,48,10.4516215661279,12.560188317324,0.388250013847027,2020-05-11,2020,5
"12366","SP",3,"Sudeste",35017,"Araçatuba",284984,34600.4361385902,20,52,7,45,21,31,0,0,0,0,0,52,7,45,21,31,49,10.4516215661279,12.560188317324,0.378822007140713,2020-05-18,2020,5
"12367","SP",3,"Sudeste",35017,"Araçatuba",284984,34600.4361385902,21,61,9,52,21,40,0,0,0,0,0,61,9,52,21,40,46,10.4516215661279,12.560188317324,0.387001100167048,2020-05-25,2020,5
"12368","SP",3,"Sudeste",35017,"Araçatuba",284984,34600.4361385902,22,66,8,58,24,42,1,0,0,0,0,67,8,58,24,42,44,10.4516215661279,12.560188317324,0.365133549219694,2020-06-01,2020,6
"12369","SP",3,"Sudeste",35017,"Araçatuba",284984,34600.4361385902,23,59,9,50,16,43,1,0,0,0,0,60,9,50,16,43,50,10.4516215661279,12.560188317324,0.364255153048267,2020-06-08,2020,6
"12370","SP",3,"Sudeste",35017,"Araçatuba",284984,34600.4361385902,24,49,10,39,19,30,0,0,0,0,0,49,10,39,19,30,52,10.4516215661279,12.560188317324,0.3567321632411,2020-06-15,2020,6
"12371","SP",3,"Sudeste",35017,"Araçatuba",284984,34600.4361385902,25,62,6,56,21,41,0,0,0,0,0,62,6,56,21,41,39,10.4516215661279,12.560188317324,0.376543356367708,2020-06-22,2020,6
"12372","SP",3,"Sudeste",35017,"Araçatuba",284984,34600.4361385902,26,54,3,51,17,37,0,0,0,0,0,54,3,51,17,37,66,10.4516215661279,12.560188317324,0.37848598432072,2020-06-29,2020,6
"12373","SP",3,"Sudeste",35017,"Araçatuba",284984,34600.4361385902,27,50,8,42,16,34,0,0,0,0,0,50,8,42,16,34,70,10.4516215661279,12.560188317324,0.376494788408269,2020-07-06,2020,7
"12374","SP",3,"Sudeste",35017,"Araçatuba",284984,34600.4361385902,28,55,13,42,16,39,0,0,0,0,0,55,13,42,16,39,52,10.4516215661279,12.560188317324,0.376000435823601,2020-07-13,2020,7
"12375","SP",3,"Sudeste",35017,"Araçatuba",284984,34600.4361385902,29,66,9,57,25,41,1,0,0,0,0,67,9,57,25,41,53,10.4516215661279,12.560188317324,0.376949683983214,2020-07-20,2020,7
"12376","SP",3,"Sudeste",35018,"Birigui",291604,25869.2335136349,5,61,9,52,27,34,0,0,0,0,0,61,9,52,27,34,26,10.1608096463544,12.5831519964437,0.276401956983948,2020-02-03,2020,2
"12377","SP",3,"Sudeste",35018,"Birigui",291604,25869.2335136349,6,44,2,42,17,27,1,0,0,0,0,45,2,42,17,27,43,10.1608096463544,12.5831519964437,0.273349864596009,2020-02-10,2020,2
"12378","SP",3,"Sudeste",35018,"Birigui",291604,25869.2335136349,7,44,1,43,14,30,0,0,0,0,0,44,1,43,14,30,39,10.1608096463544,12.5831519964437,0.284126010990165,2020-02-17,2020,2
"12379","SP",3,"Sudeste",35018,"Birigui",291604,25869.2335136349,8,60,10,50,16,44,2,0,0,0,0,62,10,50,16,44,30,10.1608096463544,12.5831519964437,0.326826657602909,2020-02-24,2020,2
"12380","SP",3,"Sudeste",35018,"Birigui",291604,25869.2335136349,9,49,7,42,13,36,1,0,0,0,0,50,7,42,13,36,41,10.1608096463544,12.5831519964437,0.301665354009883,2020-03-02,2020,3
"12381","SP",3,"Sudeste",35018,"Birigui",291604,25869.2335136349,10,54,8,46,12,42,0,0,0,0,0,54,8,46,12,42,32,10.1608096463544,12.5831519964437,0.309766298229345,2020-03-09,2020,3
"12382","SP",3,"Sudeste",35018,"Birigui",291604,25869.2335136349,11,43,3,40,17,26,0,0,0,0,0,43,3,40,17,26,34,10.1608096463544,12.5831519964437,0.373984163140817,2020-03-16,2020,3
"12383","SP",3,"Sudeste",35018,"Birigui",291604,25869.2335136349,12,42,4,38,13,29,0,0,0,0,0,42,4,38,13,29,44,10.1608096463544,12.5831519964437,0.487835779591724,2020-03-23,2020,3
"12384","SP",3,"Sudeste",35018,"Birigui",291604,25869.2335136349,13,52,10,42,20,32,0,0,0,0,0,52,10,42,20,32,44,10.1608096463544,12.5831519964437,0.4455321743317,2020-03-30,2020,3
"12385","SP",3,"Sudeste",35018,"Birigui",291604,25869.2335136349,14,50,7,43,18,32,0,0,0,0,0,50,7,43,18,32,48,10.1608096463544,12.5831519964437,0.427287662161275,2020-04-06,2020,4
"12386","SP",3,"Sudeste",35018,"Birigui",291604,25869.2335136349,15,47,7,40,11,36,0,0,0,0,0,47,7,40,11,36,30,10.1608096463544,12.5831519964437,0.411566763670368,2020-04-13,2020,4
"12387","SP",3,"Sudeste",35018,"Birigui",291604,25869.2335136349,16,59,9,50,24,35,0,0,0,0,0,59,9,50,24,35,26,10.1608096463544,12.5831519964437,0.407632745852146,2020-04-20,2020,4
"12388","SP",3,"Sudeste",35018,"Birigui",291604,25869.2335136349,17,53,5,48,11,42,0,0,0,0,0,53,5,48,11,42,33,10.1608096463544,12.5831519964437,0.39823221356065,2020-04-27,2020,4
"12389","SP",3,"Sudeste",35018,"Birigui",291604,25869.2335136349,18,60,14,46,20,40,0,0,0,0,0,60,14,46,20,40,31,10.1608096463544,12.5831519964437,0.378322166271619,2020-05-04,2020,5
"12390","SP",3,"Sudeste",35018,"Birigui",291604,25869.2335136349,19,68,13,55,23,45,0,0,0,0,0,68,13,55,23,45,22,10.1608096463544,12.5831519964437,0.376780305604331,2020-05-11,2020,5
"12391","SP",3,"Sudeste",35018,"Birigui",291604,25869.2335136349,20,45,10,35,13,32,0,0,0,0,0,45,10,35,13,32,36,10.1608096463544,12.5831519964437,0.371251151919218,2020-05-18,2020,5
"12392","SP",3,"Sudeste",35018,"Birigui",291604,25869.2335136349,21,74,13,61,26,48,1,0,0,0,0,75,13,61,26,48,32,10.1608096463544,12.5831519964437,0.375450843521605,2020-05-25,2020,5
"12393","SP",3,"Sudeste",35018,"Birigui",291604,25869.2335136349,22,67,14,53,25,42,0,0,0,0,0,67,14,53,25,42,31,10.1608096463544,12.5831519964437,0.356607863559536,2020-06-01,2020,6
"12394","SP",3,"Sudeste",35018,"Birigui",291604,25869.2335136349,23,56,14,42,19,37,0,0,0,0,0,56,14,42,19,37,50,10.1608096463544,12.5831519964437,0.356091313178661,2020-06-08,2020,6
"12395","SP",3,"Sudeste",35018,"Birigui",291604,25869.2335136349,24,64,9,55,14,50,0,0,0,0,0,64,9,55,14,50,41,10.1608096463544,12.5831519964437,0.346405657178469,2020-06-15,2020,6
"12396","SP",3,"Sudeste",35018,"Birigui",291604,25869.2335136349,25,58,9,49,18,40,0,0,0,0,0,58,9,49,18,40,47,10.1608096463544,12.5831519964437,0.360786992427105,2020-06-22,2020,6
"12397","SP",3,"Sudeste",35018,"Birigui",291604,25869.2335136349,26,46,9,37,14,32,1,0,0,0,0,47,9,37,14,32,40,10.1608096463544,12.5831519964437,0.366515544334498,2020-06-29,2020,6
"12398","SP",3,"Sudeste",35018,"Birigui",291604,25869.2335136349,27,55,7,48,24,31,0,0,0,0,0,55,7,48,24,31,53,10.1608096463544,12.5831519964437,0.371188039502825,2020-07-06,2020,7
"12399","SP",3,"Sudeste",35018,"Birigui",291604,25869.2335136349,28,53,4,49,14,39,1,0,0,0,0,54,4,49,14,39,58,10.1608096463544,12.5831519964437,0.365523275364886,2020-07-13,2020,7
"12400","SP",3,"Sudeste",35018,"Birigui",291604,25869.2335136349,29,46,9,37,16,30,1,0,0,0,0,47,9,37,16,30,60,10.1608096463544,12.5831519964437,0.363527948887983,2020-07-20,2020,7
"12401","SP",3,"Sudeste",35019,"Lins",177114,37466.9994699459,5,39,11,28,14,25,0,0,0,0,0,39,11,28,14,25,27,10.531215810384,12.0845488720299,0.279673019966587,2020-02-03,2020,2
"12402","SP",3,"Sudeste",35019,"Lins",177114,37466.9994699459,6,26,5,21,9,17,0,0,0,0,0,26,5,21,9,17,25,10.531215810384,12.0845488720299,0.280033912797242,2020-02-10,2020,2
"12403","SP",3,"Sudeste",35019,"Lins",177114,37466.9994699459,7,30,6,24,5,25,1,0,0,0,0,31,6,24,5,25,35,10.531215810384,12.0845488720299,0.289899916802844,2020-02-17,2020,2
"12404","SP",3,"Sudeste",35019,"Lins",177114,37466.9994699459,8,31,8,23,11,20,0,0,0,0,0,31,8,23,11,20,25,10.531215810384,12.0845488720299,0.337600325043145,2020-02-24,2020,2
"12405","SP",3,"Sudeste",35019,"Lins",177114,37466.9994699459,9,42,12,30,15,27,0,0,0,0,0,42,12,30,15,27,25,10.531215810384,12.0845488720299,0.316880672101966,2020-03-02,2020,3
"12406","SP",3,"Sudeste",35019,"Lins",177114,37466.9994699459,10,31,3,28,14,17,0,0,0,0,0,31,3,28,14,17,28,10.531215810384,12.0845488720299,0.322061996196663,2020-03-09,2020,3
"12407","SP",3,"Sudeste",35019,"Lins",177114,37466.9994699459,11,32,5,27,14,18,0,0,0,0,0,32,5,27,14,18,22,10.531215810384,12.0845488720299,0.378942524304524,2020-03-16,2020,3
"12408","SP",3,"Sudeste",35019,"Lins",177114,37466.9994699459,12,36,6,30,11,25,1,0,0,0,0,37,6,30,11,25,23,10.531215810384,12.0845488720299,0.476419534507087,2020-03-23,2020,3
"12409","SP",3,"Sudeste",35019,"Lins",177114,37466.9994699459,13,40,6,34,17,23,0,0,0,0,0,40,6,34,17,23,25,10.531215810384,12.0845488720299,0.43769941255511,2020-03-30,2020,3
"12410","SP",3,"Sudeste",35019,"Lins",177114,37466.9994699459,14,30,7,23,9,21,0,0,0,0,0,30,7,23,9,21,22,10.531215810384,12.0845488720299,0.427320574561382,2020-04-06,2020,4
"12411","SP",3,"Sudeste",35019,"Lins",177114,37466.9994699459,15,34,5,29,11,23,0,0,0,0,0,34,5,29,11,23,32,10.531215810384,12.0845488720299,0.413688006626252,2020-04-13,2020,4
"12412","SP",3,"Sudeste",35019,"Lins",177114,37466.9994699459,16,41,11,30,13,28,0,0,0,0,0,41,11,30,13,28,23,10.531215810384,12.0845488720299,0.411807668511044,2020-04-20,2020,4
"12413","SP",3,"Sudeste",35019,"Lins",177114,37466.9994699459,17,31,6,25,15,16,0,0,0,0,0,31,6,25,15,16,23,10.531215810384,12.0845488720299,0.402539578658887,2020-04-27,2020,4
"12414","SP",3,"Sudeste",35019,"Lins",177114,37466.9994699459,18,39,10,29,14,25,0,0,0,0,0,39,10,29,14,25,22,10.531215810384,12.0845488720299,0.379036687136747,2020-05-04,2020,5
"12415","SP",3,"Sudeste",35019,"Lins",177114,37466.9994699459,19,41,7,34,14,27,0,0,0,0,0,41,7,34,14,27,34,10.531215810384,12.0845488720299,0.386525715391708,2020-05-11,2020,5
"12416","SP",3,"Sudeste",35019,"Lins",177114,37466.9994699459,20,42,7,35,10,32,0,0,0,0,0,42,7,35,10,32,27,10.531215810384,12.0845488720299,0.384129772222135,2020-05-18,2020,5
"12417","SP",3,"Sudeste",35019,"Lins",177114,37466.9994699459,21,38,14,24,14,24,0,0,0,0,0,38,14,24,14,24,28,10.531215810384,12.0845488720299,0.382495972903867,2020-05-25,2020,5
"12418","SP",3,"Sudeste",35019,"Lins",177114,37466.9994699459,22,40,7,33,19,21,0,0,0,0,0,40,7,33,19,21,32,10.531215810384,12.0845488720299,0.364999930331174,2020-06-01,2020,6
"12419","SP",3,"Sudeste",35019,"Lins",177114,37466.9994699459,23,44,3,41,12,32,0,0,0,0,0,44,3,41,12,32,39,10.531215810384,12.0845488720299,0.36187624050326,2020-06-08,2020,6
"12420","SP",3,"Sudeste",35019,"Lins",177114,37466.9994699459,24,34,11,23,15,19,0,0,0,0,0,34,11,23,15,19,23,10.531215810384,12.0845488720299,0.356057010104393,2020-06-15,2020,6
"12421","SP",3,"Sudeste",35019,"Lins",177114,37466.9994699459,25,36,5,31,16,20,0,0,0,0,0,36,5,31,16,20,26,10.531215810384,12.0845488720299,0.379152002211976,2020-06-22,2020,6
"12422","SP",3,"Sudeste",35019,"Lins",177114,37466.9994699459,26,40,12,28,14,26,0,0,0,0,0,40,12,28,14,26,26,10.531215810384,12.0845488720299,0.376957380210398,2020-06-29,2020,6
"12423","SP",3,"Sudeste",35019,"Lins",177114,37466.9994699459,27,46,9,37,13,33,0,0,0,0,0,46,9,37,13,33,42,10.531215810384,12.0845488720299,0.373029448173573,2020-07-06,2020,7
"12424","SP",3,"Sudeste",35019,"Lins",177114,37466.9994699459,28,37,9,28,14,23,1,0,0,0,0,38,9,28,14,23,33,10.531215810384,12.0845488720299,0.365169618487731,2020-07-13,2020,7
"12425","SP",3,"Sudeste",35019,"Lins",177114,37466.9994699459,29,44,9,35,12,32,0,0,0,0,0,44,9,35,12,32,27,10.531215810384,12.0845488720299,0.365548867760114,2020-07-20,2020,7
"12426","SP",3,"Sudeste",35020,"Bauru",621716,36545.345249133,5,130,25,105,42,88,2,0,0,0,0,132,25,105,42,88,67,10.506309104103,13.3402386758117,0.27786373309274,2020-02-03,2020,2
"12427","SP",3,"Sudeste",35020,"Bauru",621716,36545.345249133,6,144,30,114,51,93,2,0,0,0,0,146,30,114,51,93,77,10.506309104103,13.3402386758117,0.279346159585593,2020-02-10,2020,2
"12428","SP",3,"Sudeste",35020,"Bauru",621716,36545.345249133,7,112,21,91,33,79,1,0,0,0,0,113,21,91,33,79,80,10.506309104103,13.3402386758117,0.28747856580813,2020-02-17,2020,2
"12429","SP",3,"Sudeste",35020,"Bauru",621716,36545.345249133,8,116,24,92,51,65,1,0,0,0,0,117,24,92,51,65,83,10.506309104103,13.3402386758117,0.334085056985681,2020-02-24,2020,2
"12430","SP",3,"Sudeste",35020,"Bauru",621716,36545.345249133,9,139,29,110,47,92,2,0,0,0,0,141,29,110,47,92,91,10.506309104103,13.3402386758117,0.3046427344371,2020-03-02,2020,3
"12431","SP",3,"Sudeste",35020,"Bauru",621716,36545.345249133,10,124,25,99,45,79,1,0,0,0,0,125,25,99,45,79,98,10.506309104103,13.3402386758117,0.313144580321803,2020-03-09,2020,3
"12432","SP",3,"Sudeste",35020,"Bauru",621716,36545.345249133,11,111,22,89,29,82,0,0,0,0,0,111,22,89,29,82,92,10.506309104103,13.3402386758117,0.390514886898286,2020-03-16,2020,3
"12433","SP",3,"Sudeste",35020,"Bauru",621716,36545.345249133,12,125,18,107,46,79,0,0,0,0,0,125,18,107,46,79,63,10.506309104103,13.3402386758117,0.504049803118965,2020-03-23,2020,3
"12434","SP",3,"Sudeste",35020,"Bauru",621716,36545.345249133,13,106,9,97,44,62,3,0,0,0,0,109,9,97,44,62,77,10.506309104103,13.3402386758117,0.464772108209475,2020-03-30,2020,3
"12435","SP",3,"Sudeste",35020,"Bauru",621716,36545.345249133,14,147,25,122,52,95,2,0,0,0,0,149,25,122,52,95,72,10.506309104103,13.3402386758117,0.4528627825046,2020-04-06,2020,4
"12436","SP",3,"Sudeste",35020,"Bauru",621716,36545.345249133,15,115,11,104,29,86,1,0,0,0,0,116,11,104,29,86,64,10.506309104103,13.3402386758117,0.431861355558881,2020-04-13,2020,4
"12437","SP",3,"Sudeste",35020,"Bauru",621716,36545.345249133,16,130,26,104,53,77,1,0,0,0,0,131,26,104,53,77,81,10.506309104103,13.3402386758117,0.432339242437695,2020-04-20,2020,4
"12438","SP",3,"Sudeste",35020,"Bauru",621716,36545.345249133,17,128,23,105,47,81,0,0,0,0,0,128,23,105,47,81,82,10.506309104103,13.3402386758117,0.421445874763092,2020-04-27,2020,4
"12439","SP",3,"Sudeste",35020,"Bauru",621716,36545.345249133,18,112,22,90,37,75,0,0,0,0,0,112,22,90,37,75,85,10.506309104103,13.3402386758117,0.395194038471953,2020-05-04,2020,5
"12440","SP",3,"Sudeste",35020,"Bauru",621716,36545.345249133,19,148,23,125,47,101,1,0,0,0,0,149,23,125,47,101,92,10.506309104103,13.3402386758117,0.398768490243892,2020-05-11,2020,5
"12441","SP",3,"Sudeste",35020,"Bauru",621716,36545.345249133,20,165,32,133,52,113,1,0,0,0,0,166,32,133,52,113,74,10.506309104103,13.3402386758117,0.398452039522479,2020-05-18,2020,5
"12442","SP",3,"Sudeste",35020,"Bauru",621716,36545.345249133,21,178,26,152,68,110,1,0,0,0,0,179,26,152,68,110,89,10.506309104103,13.3402386758117,0.39284510719752,2020-05-25,2020,5
"12443","SP",3,"Sudeste",35020,"Bauru",621716,36545.345249133,22,149,22,127,49,100,2,0,0,0,0,151,22,127,49,100,102,10.506309104103,13.3402386758117,0.375967197201246,2020-06-01,2020,6
"12444","SP",3,"Sudeste",35020,"Bauru",621716,36545.345249133,23,140,20,120,47,93,0,0,0,0,0,140,20,120,47,93,97,10.506309104103,13.3402386758117,0.370533120852702,2020-06-08,2020,6
"12445","SP",3,"Sudeste",35020,"Bauru",621716,36545.345249133,24,144,20,124,50,94,1,0,0,0,0,145,20,124,50,94,97,10.506309104103,13.3402386758117,0.360419423714526,2020-06-15,2020,6
"12446","SP",3,"Sudeste",35020,"Bauru",621716,36545.345249133,25,174,26,148,62,112,0,0,0,0,0,174,26,148,62,112,91,10.506309104103,13.3402386758117,0.37745453895906,2020-06-22,2020,6
"12447","SP",3,"Sudeste",35020,"Bauru",621716,36545.345249133,26,139,29,110,50,89,0,0,0,0,0,139,29,110,50,89,90,10.506309104103,13.3402386758117,0.374622643530408,2020-06-29,2020,6
"12448","SP",3,"Sudeste",35020,"Bauru",621716,36545.345249133,27,121,31,90,39,82,1,0,0,0,0,122,31,90,39,82,131,10.506309104103,13.3402386758117,0.369183850879512,2020-07-06,2020,7
"12449","SP",3,"Sudeste",35020,"Bauru",621716,36545.345249133,28,122,25,97,46,76,2,0,0,0,0,124,25,97,46,76,93,10.506309104103,13.3402386758117,0.360512766277937,2020-07-13,2020,7
"12450","SP",3,"Sudeste",35020,"Bauru",621716,36545.345249133,29,139,25,114,51,88,2,0,0,0,0,141,25,114,51,88,126,10.506309104103,13.3402386758117,0.359821620652482,2020-07-20,2020,7
"12451","SP",3,"Sudeste",35021,"Jaú",388471,32658.0178567255,5,48,12,36,18,30,0,0,0,0,0,48,12,36,18,30,54,10.3938456744416,12.869973799929,0.289701109537969,2020-02-03,2020,2
"12452","SP",3,"Sudeste",35021,"Jaú",388471,32658.0178567255,6,63,16,47,28,35,1,0,0,0,0,64,16,47,28,35,44,10.3938456744416,12.869973799929,0.294781823562333,2020-02-10,2020,2
"12453","SP",3,"Sudeste",35021,"Jaú",388471,32658.0178567255,7,78,17,61,30,48,0,0,0,0,0,78,17,61,30,48,60,10.3938456744416,12.869973799929,0.301223123382702,2020-02-17,2020,2
"12454","SP",3,"Sudeste",35021,"Jaú",388471,32658.0178567255,8,63,12,51,22,41,0,0,0,0,0,63,12,51,22,41,40,10.3938456744416,12.869973799929,0.346484086369799,2020-02-24,2020,2
"12455","SP",3,"Sudeste",35021,"Jaú",388471,32658.0178567255,9,68,12,56,24,44,2,0,0,0,0,70,12,56,24,44,46,10.3938456744416,12.869973799929,0.317724365052584,2020-03-02,2020,3
"12456","SP",3,"Sudeste",35021,"Jaú",388471,32658.0178567255,10,69,16,53,26,43,1,0,0,0,0,70,16,53,26,43,69,10.3938456744416,12.869973799929,0.326679602488822,2020-03-09,2020,3
"12457","SP",3,"Sudeste",35021,"Jaú",388471,32658.0178567255,11,56,9,47,19,37,0,0,0,0,0,56,9,47,19,37,59,10.3938456744416,12.869973799929,0.401383619108195,2020-03-16,2020,3
"12458","SP",3,"Sudeste",35021,"Jaú",388471,32658.0178567255,12,71,22,49,29,42,0,0,0,0,0,71,22,49,29,42,52,10.3938456744416,12.869973799929,0.497566661112803,2020-03-23,2020,3
"12459","SP",3,"Sudeste",35021,"Jaú",388471,32658.0178567255,13,55,11,44,14,41,2,0,0,0,0,57,11,44,14,41,35,10.3938456744416,12.869973799929,0.460981908796513,2020-03-30,2020,3
"12460","SP",3,"Sudeste",35021,"Jaú",388471,32658.0178567255,14,52,9,43,13,39,1,0,0,0,0,53,9,43,13,39,43,10.3938456744416,12.869973799929,0.448040186920367,2020-04-06,2020,4
"12461","SP",3,"Sudeste",35021,"Jaú",388471,32658.0178567255,15,64,7,57,15,49,2,0,0,0,0,66,7,57,15,49,58,10.3938456744416,12.869973799929,0.427906187333333,2020-04-13,2020,4
"12462","SP",3,"Sudeste",35021,"Jaú",388471,32658.0178567255,16,67,13,54,16,51,0,0,0,0,0,67,13,54,16,51,53,10.3938456744416,12.869973799929,0.435050132891607,2020-04-20,2020,4
"12463","SP",3,"Sudeste",35021,"Jaú",388471,32658.0178567255,17,70,17,53,25,45,0,0,0,0,0,70,17,53,25,45,49,10.3938456744416,12.869973799929,0.425213814781853,2020-04-27,2020,4
"12464","SP",3,"Sudeste",35021,"Jaú",388471,32658.0178567255,18,70,12,58,25,45,1,0,0,0,0,71,12,58,25,45,48,10.3938456744416,12.869973799929,0.400813003238898,2020-05-04,2020,5
"12465","SP",3,"Sudeste",35021,"Jaú",388471,32658.0178567255,19,84,19,65,34,50,1,0,0,0,0,85,19,65,34,50,63,10.3938456744416,12.869973799929,0.4040156433974,2020-05-11,2020,5
"12466","SP",3,"Sudeste",35021,"Jaú",388471,32658.0178567255,20,74,13,61,20,54,2,0,0,0,0,76,13,61,20,54,70,10.3938456744416,12.869973799929,0.409814814518973,2020-05-18,2020,5
"12467","SP",3,"Sudeste",35021,"Jaú",388471,32658.0178567255,21,68,16,52,23,45,1,0,0,0,0,69,16,52,23,45,55,10.3938456744416,12.869973799929,0.401967808358967,2020-05-25,2020,5
"12468","SP",3,"Sudeste",35021,"Jaú",388471,32658.0178567255,22,97,22,75,30,67,2,0,0,0,0,99,22,75,30,67,52,10.3938456744416,12.869973799929,0.389000292775442,2020-06-01,2020,6
"12469","SP",3,"Sudeste",35021,"Jaú",388471,32658.0178567255,23,82,17,65,33,49,0,0,0,0,0,82,17,65,33,49,50,10.3938456744416,12.869973799929,0.381789985818198,2020-06-08,2020,6
"12470","SP",3,"Sudeste",35021,"Jaú",388471,32658.0178567255,24,79,18,61,19,60,0,0,0,0,0,79,18,61,19,60,51,10.3938456744416,12.869973799929,0.373671836058072,2020-06-15,2020,6
"12471","SP",3,"Sudeste",35021,"Jaú",388471,32658.0178567255,25,68,11,57,23,45,0,0,0,0,0,68,11,57,23,45,63,10.3938456744416,12.869973799929,0.391149465342359,2020-06-22,2020,6
"12472","SP",3,"Sudeste",35021,"Jaú",388471,32658.0178567255,26,67,11,56,19,48,0,0,0,0,0,67,11,56,19,48,45,10.3938456744416,12.869973799929,0.385042861529637,2020-06-29,2020,6
"12473","SP",3,"Sudeste",35021,"Jaú",388471,32658.0178567255,27,83,14,69,27,56,1,0,0,0,0,84,14,69,27,56,64,10.3938456744416,12.869973799929,0.376790191336147,2020-07-06,2020,7
"12474","SP",3,"Sudeste",35021,"Jaú",388471,32658.0178567255,28,93,20,73,34,59,0,0,0,0,0,93,20,73,34,59,59,10.3938456744416,12.869973799929,0.369693764598901,2020-07-13,2020,7
"12475","SP",3,"Sudeste",35021,"Jaú",388471,32658.0178567255,29,96,16,80,35,61,1,0,0,0,0,97,16,80,35,61,73,10.3938456744416,12.869973799929,0.375502309056368,2020-07-20,2020,7
"12476","SP",3,"Sudeste",35022,"Avaré",202112,27251.5769294747,5,46,13,33,18,28,0,0,0,0,0,46,13,33,18,28,21,10.2128666673886,12.2165772781753,0.288520022667968,2020-02-03,2020,2
"12477","SP",3,"Sudeste",35022,"Avaré",202112,27251.5769294747,6,54,12,42,20,34,0,0,0,0,0,54,12,42,20,34,28,10.2128666673886,12.2165772781753,0.29506958226809,2020-02-10,2020,2
"12478","SP",3,"Sudeste",35022,"Avaré",202112,27251.5769294747,7,43,11,32,17,26,1,0,0,0,0,44,11,32,17,26,24,10.2128666673886,12.2165772781753,0.304388374711326,2020-02-17,2020,2
"12479","SP",3,"Sudeste",35022,"Avaré",202112,27251.5769294747,8,54,13,41,24,30,1,0,0,0,0,55,13,41,24,30,24,10.2128666673886,12.2165772781753,0.359837327003842,2020-02-24,2020,2
"12480","SP",3,"Sudeste",35022,"Avaré",202112,27251.5769294747,9,44,9,35,16,28,0,0,0,0,0,44,9,35,16,28,27,10.2128666673886,12.2165772781753,0.322542091911236,2020-03-02,2020,3
"12481","SP",3,"Sudeste",35022,"Avaré",202112,27251.5769294747,10,39,11,28,17,22,0,0,0,0,0,39,11,28,17,22,27,10.2128666673886,12.2165772781753,0.324803587486834,2020-03-09,2020,3
"12482","SP",3,"Sudeste",35022,"Avaré",202112,27251.5769294747,11,52,10,42,30,22,0,0,0,0,0,52,10,42,30,22,14,10.2128666673886,12.2165772781753,0.419759253027983,2020-03-16,2020,3
"12483","SP",3,"Sudeste",35022,"Avaré",202112,27251.5769294747,12,38,5,33,14,24,2,0,0,0,0,40,5,33,14,24,37,10.2128666673886,12.2165772781753,0.523445269286161,2020-03-23,2020,3
"12484","SP",3,"Sudeste",35022,"Avaré",202112,27251.5769294747,13,47,11,36,14,33,1,0,0,0,0,48,11,36,14,33,20,10.2128666673886,12.2165772781753,0.479713584940964,2020-03-30,2020,3
"12485","SP",3,"Sudeste",35022,"Avaré",202112,27251.5769294747,14,46,11,35,23,23,0,0,0,0,0,46,11,35,23,23,25,10.2128666673886,12.2165772781753,0.471004626905948,2020-04-06,2020,4
"12486","SP",3,"Sudeste",35022,"Avaré",202112,27251.5769294747,15,60,13,47,21,39,0,0,0,0,0,60,13,47,21,39,32,10.2128666673886,12.2165772781753,0.444332385508106,2020-04-13,2020,4
"12487","SP",3,"Sudeste",35022,"Avaré",202112,27251.5769294747,16,50,14,36,19,31,0,0,0,0,0,50,14,36,19,31,30,10.2128666673886,12.2165772781753,0.452614770628374,2020-04-20,2020,4
"12488","SP",3,"Sudeste",35022,"Avaré",202112,27251.5769294747,17,37,10,27,17,20,1,0,0,0,0,38,10,27,17,20,23,10.2128666673886,12.2165772781753,0.437507528506914,2020-04-27,2020,4
"12489","SP",3,"Sudeste",35022,"Avaré",202112,27251.5769294747,18,50,8,42,17,33,0,0,0,0,0,50,8,42,17,33,27,10.2128666673886,12.2165772781753,0.418238956277826,2020-05-04,2020,5
"12490","SP",3,"Sudeste",35022,"Avaré",202112,27251.5769294747,19,58,10,48,25,33,0,0,0,0,0,58,10,48,25,33,28,10.2128666673886,12.2165772781753,0.416207966676618,2020-05-11,2020,5
"12491","SP",3,"Sudeste",35022,"Avaré",202112,27251.5769294747,20,59,11,48,19,40,1,0,0,0,0,60,11,48,19,40,24,10.2128666673886,12.2165772781753,0.420322966306763,2020-05-18,2020,5
"12492","SP",3,"Sudeste",35022,"Avaré",202112,27251.5769294747,21,52,9,43,19,33,0,0,0,0,0,52,9,43,19,33,33,10.2128666673886,12.2165772781753,0.424137396742111,2020-05-25,2020,5
"12493","SP",3,"Sudeste",35022,"Avaré",202112,27251.5769294747,22,60,11,49,25,35,0,0,0,0,0,60,11,49,25,35,25,10.2128666673886,12.2165772781753,0.416944367211328,2020-06-01,2020,6
"12494","SP",3,"Sudeste",35022,"Avaré",202112,27251.5769294747,23,52,11,41,17,35,0,0,0,0,0,52,11,41,17,35,23,10.2128666673886,12.2165772781753,0.403342865583383,2020-06-08,2020,6
"12495","SP",3,"Sudeste",35022,"Avaré",202112,27251.5769294747,24,47,10,37,25,22,0,0,0,0,0,47,10,37,25,22,27,10.2128666673886,12.2165772781753,0.384788346250013,2020-06-15,2020,6
"12496","SP",3,"Sudeste",35022,"Avaré",202112,27251.5769294747,25,42,14,28,25,17,0,0,0,0,0,42,14,28,25,17,26,10.2128666673886,12.2165772781753,0.408187810918203,2020-06-22,2020,6
"12497","SP",3,"Sudeste",35022,"Avaré",202112,27251.5769294747,26,44,8,36,16,28,0,0,0,0,0,44,8,36,16,28,23,10.2128666673886,12.2165772781753,0.401351181911782,2020-06-29,2020,6
"12498","SP",3,"Sudeste",35022,"Avaré",202112,27251.5769294747,27,50,11,39,20,30,0,0,0,0,0,50,11,39,20,30,30,10.2128666673886,12.2165772781753,0.392225917482339,2020-07-06,2020,7
"12499","SP",3,"Sudeste",35022,"Avaré",202112,27251.5769294747,28,44,9,35,23,21,0,0,0,0,0,44,9,35,23,21,29,10.2128666673886,12.2165772781753,0.388108338977928,2020-07-13,2020,7
"12500","SP",3,"Sudeste",35022,"Avaré",202112,27251.5769294747,29,50,16,34,23,27,1,0,0,0,0,51,16,34,23,27,33,10.2128666673886,12.2165772781753,0.393012238503317,2020-07-20,2020,7
"12501","SP",3,"Sudeste",35023,"Botucatu",237837,29950.1537309586,5,61,11,50,19,42,0,0,0,0,0,61,11,50,19,42,36,10.3072897364506,12.3793408440707,0.288171383187765,2020-02-03,2020,2
"12502","SP",3,"Sudeste",35023,"Botucatu",237837,29950.1537309586,6,61,16,45,21,40,0,0,0,0,0,61,16,45,21,40,40,10.3072897364506,12.3793408440707,0.2974329058895,2020-02-10,2020,2
"12503","SP",3,"Sudeste",35023,"Botucatu",237837,29950.1537309586,7,49,5,44,12,37,0,0,0,0,0,49,5,44,12,37,34,10.3072897364506,12.3793408440707,0.295149306061825,2020-02-17,2020,2
"12504","SP",3,"Sudeste",35023,"Botucatu",237837,29950.1537309586,8,50,8,42,18,32,2,0,0,0,0,52,8,42,18,32,29,10.3072897364506,12.3793408440707,0.351988432782121,2020-02-24,2020,2
"12505","SP",3,"Sudeste",35023,"Botucatu",237837,29950.1537309586,9,53,16,37,22,31,1,0,0,0,0,54,16,37,22,31,21,10.3072897364506,12.3793408440707,0.315279063394331,2020-03-02,2020,3
"12506","SP",3,"Sudeste",35023,"Botucatu",237837,29950.1537309586,10,49,7,42,19,30,0,0,0,0,0,49,7,42,19,30,36,10.3072897364506,12.3793408440707,0.320802238216573,2020-03-09,2020,3
"12507","SP",3,"Sudeste",35023,"Botucatu",237837,29950.1537309586,11,44,8,36,18,26,1,0,0,0,0,45,8,36,18,26,33,10.3072897364506,12.3793408440707,0.413738577824411,2020-03-16,2020,3
"12508","SP",3,"Sudeste",35023,"Botucatu",237837,29950.1537309586,12,46,9,37,16,30,1,0,0,0,0,47,9,37,16,30,36,10.3072897364506,12.3793408440707,0.544636684713537,2020-03-23,2020,3
"12509","SP",3,"Sudeste",35023,"Botucatu",237837,29950.1537309586,13,47,7,40,17,30,0,0,0,0,0,47,7,40,17,30,27,10.3072897364506,12.3793408440707,0.491533985366333,2020-03-30,2020,3
"12510","SP",3,"Sudeste",35023,"Botucatu",237837,29950.1537309586,14,64,13,51,25,39,1,0,0,0,0,65,13,51,25,39,30,10.3072897364506,12.3793408440707,0.485755741251806,2020-04-06,2020,4
"12511","SP",3,"Sudeste",35023,"Botucatu",237837,29950.1537309586,15,38,15,23,15,23,1,0,0,0,0,39,15,23,15,23,31,10.3072897364506,12.3793408440707,0.467075218742636,2020-04-13,2020,4
"12512","SP",3,"Sudeste",35023,"Botucatu",237837,29950.1537309586,16,47,7,40,14,33,0,0,0,0,0,47,7,40,14,33,25,10.3072897364506,12.3793408440707,0.459935921490956,2020-04-20,2020,4
"12513","SP",3,"Sudeste",35023,"Botucatu",237837,29950.1537309586,17,55,10,45,19,36,0,0,0,0,0,55,10,45,19,36,27,10.3072897364506,12.3793408440707,0.441304747238365,2020-04-27,2020,4
"12514","SP",3,"Sudeste",35023,"Botucatu",237837,29950.1537309586,18,47,8,39,20,27,0,0,0,0,0,47,8,39,20,27,39,10.3072897364506,12.3793408440707,0.421942697537235,2020-05-04,2020,5
"12515","SP",3,"Sudeste",35023,"Botucatu",237837,29950.1537309586,19,55,8,47,24,31,0,0,0,0,0,55,8,47,24,31,42,10.3072897364506,12.3793408440707,0.428584418982701,2020-05-11,2020,5
"12516","SP",3,"Sudeste",35023,"Botucatu",237837,29950.1537309586,20,51,9,42,21,30,1,0,0,0,0,52,9,42,21,30,34,10.3072897364506,12.3793408440707,0.433869940231539,2020-05-18,2020,5
"12517","SP",3,"Sudeste",35023,"Botucatu",237837,29950.1537309586,21,47,8,39,14,33,1,0,0,0,0,48,8,39,14,33,29,10.3072897364506,12.3793408440707,0.424959877851734,2020-05-25,2020,5
"12518","SP",3,"Sudeste",35023,"Botucatu",237837,29950.1537309586,22,50,12,38,15,35,1,0,0,0,0,51,12,38,15,35,40,10.3072897364506,12.3793408440707,0.409807820582272,2020-06-01,2020,6
"12519","SP",3,"Sudeste",35023,"Botucatu",237837,29950.1537309586,23,52,12,40,19,33,1,0,0,0,0,53,12,40,19,33,32,10.3072897364506,12.3793408440707,0.403509800438711,2020-06-08,2020,6
"12520","SP",3,"Sudeste",35023,"Botucatu",237837,29950.1537309586,24,67,17,50,21,46,2,0,0,0,0,69,17,50,21,46,39,10.3072897364506,12.3793408440707,0.38695298216951,2020-06-15,2020,6
"12521","SP",3,"Sudeste",35023,"Botucatu",237837,29950.1537309586,25,66,16,50,25,41,0,0,0,0,0,66,16,50,25,41,29,10.3072897364506,12.3793408440707,0.404555163654651,2020-06-22,2020,6
"12522","SP",3,"Sudeste",35023,"Botucatu",237837,29950.1537309586,26,61,9,52,24,37,0,0,0,0,0,61,9,52,24,37,31,10.3072897364506,12.3793408440707,0.401052625088724,2020-06-29,2020,6
"12523","SP",3,"Sudeste",35023,"Botucatu",237837,29950.1537309586,27,53,11,42,15,38,0,0,0,0,0,53,11,42,15,38,34,10.3072897364506,12.3793408440707,0.393793342193548,2020-07-06,2020,7
"12524","SP",3,"Sudeste",35023,"Botucatu",237837,29950.1537309586,28,55,10,45,23,32,1,0,0,0,0,56,10,45,23,32,40,10.3072897364506,12.3793408440707,0.387341507505485,2020-07-13,2020,7
"12525","SP",3,"Sudeste",35023,"Botucatu",237837,29950.1537309586,29,54,9,45,22,32,0,0,0,0,0,54,9,45,22,32,34,10.3072897364506,12.3793408440707,0.391958422492521,2020-07-20,2020,7
"12526","SP",3,"Sudeste",35024,"Araraquara",566133,35935.3738738247,5,113,26,87,32,81,1,0,0,0,0,114,26,87,32,81,59,10.4894774340177,13.2465843119135,0.292068713013581,2020-02-03,2020,2
"12527","SP",3,"Sudeste",35024,"Araraquara",566133,35935.3738738247,6,107,18,89,26,81,1,0,0,0,0,108,18,89,26,81,61,10.4894774340177,13.2465843119135,0.286868555503057,2020-02-10,2020,2
"12528","SP",3,"Sudeste",35024,"Araraquara",566133,35935.3738738247,7,129,22,107,38,91,0,0,0,0,0,129,22,107,38,91,89,10.4894774340177,13.2465843119135,0.292485102389931,2020-02-17,2020,2
"12529","SP",3,"Sudeste",35024,"Araraquara",566133,35935.3738738247,8,106,15,91,34,72,2,0,0,0,0,108,15,91,34,72,67,10.4894774340177,13.2465843119135,0.343398078337504,2020-02-24,2020,2
"12530","SP",3,"Sudeste",35024,"Araraquara",566133,35935.3738738247,9,105,14,91,38,67,2,0,0,0,0,107,14,91,38,67,81,10.4894774340177,13.2465843119135,0.311212083149215,2020-03-02,2020,3
"12531","SP",3,"Sudeste",35024,"Araraquara",566133,35935.3738738247,10,99,16,83,35,64,3,0,0,0,0,102,16,83,35,64,81,10.4894774340177,13.2465843119135,0.322057618875865,2020-03-09,2020,3
"12532","SP",3,"Sudeste",35024,"Araraquara",566133,35935.3738738247,11,107,16,91,24,83,0,0,0,0,0,107,16,91,24,83,84,10.4894774340177,13.2465843119135,0.398765363401047,2020-03-16,2020,3
"12533","SP",3,"Sudeste",35024,"Araraquara",566133,35935.3738738247,12,97,16,81,35,62,1,0,0,0,0,98,16,81,35,62,78,10.4894774340177,13.2465843119135,0.516501865804995,2020-03-23,2020,3
"12534","SP",3,"Sudeste",35024,"Araraquara",566133,35935.3738738247,13,110,14,96,34,76,0,0,0,0,0,110,14,96,34,76,64,10.4894774340177,13.2465843119135,0.474428158938422,2020-03-30,2020,3
"12535","SP",3,"Sudeste",35024,"Araraquara",566133,35935.3738738247,14,93,22,71,31,62,0,0,0,0,0,93,22,71,31,62,73,10.4894774340177,13.2465843119135,0.456893625037055,2020-04-06,2020,4
"12536","SP",3,"Sudeste",35024,"Araraquara",566133,35935.3738738247,15,105,18,87,28,77,1,0,0,0,0,106,18,87,28,77,74,10.4894774340177,13.2465843119135,0.441528128153187,2020-04-13,2020,4
"12537","SP",3,"Sudeste",35024,"Araraquara",566133,35935.3738738247,16,136,21,115,41,95,2,0,0,0,0,138,21,115,41,95,79,10.4894774340177,13.2465843119135,0.441121496781634,2020-04-20,2020,4
"12538","SP",3,"Sudeste",35024,"Araraquara",566133,35935.3738738247,17,94,21,73,31,63,1,0,0,0,0,95,21,73,31,63,73,10.4894774340177,13.2465843119135,0.429573482038823,2020-04-27,2020,4
"12539","SP",3,"Sudeste",35024,"Araraquara",566133,35935.3738738247,18,116,20,96,42,74,3,0,0,0,0,119,20,96,42,74,71,10.4894774340177,13.2465843119135,0.403914477228147,2020-05-04,2020,5
"12540","SP",3,"Sudeste",35024,"Araraquara",566133,35935.3738738247,19,134,19,115,52,82,2,0,0,0,0,136,19,115,52,82,79,10.4894774340177,13.2465843119135,0.404020586007393,2020-05-11,2020,5
"12541","SP",3,"Sudeste",35024,"Araraquara",566133,35935.3738738247,20,133,25,108,41,92,3,0,0,0,0,136,25,108,41,92,70,10.4894774340177,13.2465843119135,0.403775222660543,2020-05-18,2020,5
"12542","SP",3,"Sudeste",35024,"Araraquara",566133,35935.3738738247,21,139,24,115,43,96,0,0,0,0,0,139,24,115,43,96,81,10.4894774340177,13.2465843119135,0.406848984098292,2020-05-25,2020,5
"12543","SP",3,"Sudeste",35024,"Araraquara",566133,35935.3738738247,22,130,23,107,31,99,0,0,0,0,0,130,23,107,31,99,79,10.4894774340177,13.2465843119135,0.383864134546903,2020-06-01,2020,6
"12544","SP",3,"Sudeste",35024,"Araraquara",566133,35935.3738738247,23,131,17,114,44,87,1,0,0,0,0,132,17,114,44,87,78,10.4894774340177,13.2465843119135,0.380259105238044,2020-06-08,2020,6
"12545","SP",3,"Sudeste",35024,"Araraquara",566133,35935.3738738247,24,115,11,104,43,72,2,0,0,0,0,117,11,104,43,72,78,10.4894774340177,13.2465843119135,0.367471930274402,2020-06-15,2020,6
"12546","SP",3,"Sudeste",35024,"Araraquara",566133,35935.3738738247,25,117,21,96,33,84,0,0,0,0,0,117,21,96,33,84,76,10.4894774340177,13.2465843119135,0.375185991617947,2020-06-22,2020,6
"12547","SP",3,"Sudeste",35024,"Araraquara",566133,35935.3738738247,26,122,18,104,42,80,1,0,0,0,0,123,18,104,42,80,65,10.4894774340177,13.2465843119135,0.372256460541333,2020-06-29,2020,6
"12548","SP",3,"Sudeste",35024,"Araraquara",566133,35935.3738738247,27,127,24,103,43,84,3,0,0,0,0,130,24,103,43,84,74,10.4894774340177,13.2465843119135,0.376862164274316,2020-07-06,2020,7
"12549","SP",3,"Sudeste",35024,"Araraquara",566133,35935.3738738247,28,124,24,100,41,83,0,0,0,0,0,124,24,100,41,83,85,10.4894774340177,13.2465843119135,0.369199777083107,2020-07-13,2020,7
"12550","SP",3,"Sudeste",35024,"Araraquara",566133,35935.3738738247,29,111,18,93,34,77,0,0,0,0,0,111,18,93,34,77,103,10.4894774340177,13.2465843119135,0.372664502848231,2020-07-20,2020,7
"12551","SP",3,"Sudeste",35025,"São Carlos",351099,42575.4828090083,5,70,11,59,27,43,0,0,0,0,0,70,11,59,27,43,39,10.6590338456664,12.7688235139611,0.273529995449413,2020-02-03,2020,2
"12552","SP",3,"Sudeste",35025,"São Carlos",351099,42575.4828090083,6,92,8,84,32,60,1,0,0,0,0,93,8,84,32,60,42,10.6590338456664,12.7688235139611,0.279449442697243,2020-02-10,2020,2
"12553","SP",3,"Sudeste",35025,"São Carlos",351099,42575.4828090083,7,64,6,58,23,41,0,0,0,0,0,64,6,58,23,41,45,10.6590338456664,12.7688235139611,0.285438422104627,2020-02-17,2020,2
"12554","SP",3,"Sudeste",35025,"São Carlos",351099,42575.4828090083,8,69,8,61,23,46,1,0,0,0,0,70,8,61,23,46,43,10.6590338456664,12.7688235139611,0.345391185624299,2020-02-24,2020,2
"12555","SP",3,"Sudeste",35025,"São Carlos",351099,42575.4828090083,9,81,13,68,28,53,0,0,0,0,0,81,13,68,28,53,38,10.6590338456664,12.7688235139611,0.296914959252607,2020-03-02,2020,3
"12556","SP",3,"Sudeste",35025,"São Carlos",351099,42575.4828090083,10,65,9,56,21,44,1,0,0,0,0,66,9,56,21,44,55,10.6590338456664,12.7688235139611,0.305635095517822,2020-03-09,2020,3
"12557","SP",3,"Sudeste",35025,"São Carlos",351099,42575.4828090083,11,75,13,62,16,59,0,0,0,0,0,75,13,62,16,59,46,10.6590338456664,12.7688235139611,0.423369712006083,2020-03-16,2020,3
"12558","SP",3,"Sudeste",35025,"São Carlos",351099,42575.4828090083,12,69,5,64,25,44,0,0,0,0,0,69,5,64,25,44,45,10.6590338456664,12.7688235139611,0.5545308873347,2020-03-23,2020,3
"12559","SP",3,"Sudeste",35025,"São Carlos",351099,42575.4828090083,13,71,17,54,17,54,2,0,0,0,0,73,17,54,17,54,52,10.6590338456664,12.7688235139611,0.517705151272848,2020-03-30,2020,3
"12560","SP",3,"Sudeste",35025,"São Carlos",351099,42575.4828090083,14,78,10,68,28,50,0,0,0,0,0,78,10,68,28,50,52,10.6590338456664,12.7688235139611,0.50188803095568,2020-04-06,2020,4
"12561","SP",3,"Sudeste",35025,"São Carlos",351099,42575.4828090083,15,83,9,74,34,49,0,0,0,0,0,83,9,74,34,49,44,10.6590338456664,12.7688235139611,0.485916296184251,2020-04-13,2020,4
"12562","SP",3,"Sudeste",35025,"São Carlos",351099,42575.4828090083,16,71,6,65,27,44,2,0,0,0,0,73,6,65,27,44,39,10.6590338456664,12.7688235139611,0.484305023792676,2020-04-20,2020,4
"12563","SP",3,"Sudeste",35025,"São Carlos",351099,42575.4828090083,17,79,12,67,23,56,1,0,0,0,0,80,12,67,23,56,43,10.6590338456664,12.7688235139611,0.47234056789593,2020-04-27,2020,4
"12564","SP",3,"Sudeste",35025,"São Carlos",351099,42575.4828090083,18,87,10,77,17,70,1,0,0,0,0,88,10,77,17,70,45,10.6590338456664,12.7688235139611,0.438749304544215,2020-05-04,2020,5
"12565","SP",3,"Sudeste",35025,"São Carlos",351099,42575.4828090083,19,62,7,55,21,41,1,0,0,0,0,63,7,55,21,41,46,10.6590338456664,12.7688235139611,0.448204349364399,2020-05-11,2020,5
"12566","SP",3,"Sudeste",35025,"São Carlos",351099,42575.4828090083,20,79,2,77,21,58,0,0,0,0,0,79,2,77,21,58,52,10.6590338456664,12.7688235139611,0.449546993355119,2020-05-18,2020,5
"12567","SP",3,"Sudeste",35025,"São Carlos",351099,42575.4828090083,21,86,8,78,19,67,1,0,0,0,0,87,8,78,19,67,37,10.6590338456664,12.7688235139611,0.449793894038847,2020-05-25,2020,5
"12568","SP",3,"Sudeste",35025,"São Carlos",351099,42575.4828090083,22,97,15,82,27,70,0,0,0,0,0,97,15,82,27,70,56,10.6590338456664,12.7688235139611,0.414967465402176,2020-06-01,2020,6
"12569","SP",3,"Sudeste",35025,"São Carlos",351099,42575.4828090083,23,81,18,63,29,52,0,0,0,0,0,81,18,63,29,52,54,10.6590338456664,12.7688235139611,0.409174901236394,2020-06-08,2020,6
"12570","SP",3,"Sudeste",35025,"São Carlos",351099,42575.4828090083,24,90,12,78,24,66,0,0,0,0,0,90,12,78,24,66,39,10.6590338456664,12.7688235139611,0.398516670622216,2020-06-15,2020,6
"12571","SP",3,"Sudeste",35025,"São Carlos",351099,42575.4828090083,25,88,8,80,27,61,0,0,0,0,0,88,8,80,27,61,46,10.6590338456664,12.7688235139611,0.413048041995058,2020-06-22,2020,6
"12572","SP",3,"Sudeste",35025,"São Carlos",351099,42575.4828090083,26,75,8,67,30,45,0,0,0,0,0,75,8,67,30,45,57,10.6590338456664,12.7688235139611,0.404890406009582,2020-06-29,2020,6
"12573","SP",3,"Sudeste",35025,"São Carlos",351099,42575.4828090083,27,89,11,78,24,65,0,0,0,0,0,89,11,78,24,65,50,10.6590338456664,12.7688235139611,0.399698555445461,2020-07-06,2020,7
"12574","SP",3,"Sudeste",35025,"São Carlos",351099,42575.4828090083,28,89,10,79,23,66,0,0,0,0,0,89,10,79,23,66,46,10.6590338456664,12.7688235139611,0.399942884752001,2020-07-13,2020,7
"12575","SP",3,"Sudeste",35025,"São Carlos",351099,42575.4828090083,29,72,7,65,17,55,1,0,0,0,0,73,7,65,17,55,50,10.6590338456664,12.7688235139611,0.399427747407315,2020-07-20,2020,7
"12576","SP",3,"Sudeste",35026,"Rio Claro",272838,44803.5797358872,5,48,11,37,23,25,0,0,0,0,0,48,11,37,23,25,44,10.7100433200298,12.5166334914383,0.293825336882416,2020-02-03,2020,2
"12577","SP",3,"Sudeste",35026,"Rio Claro",272838,44803.5797358872,6,47,12,35,21,26,1,0,0,0,0,48,12,35,21,26,38,10.7100433200298,12.5166334914383,0.290092779299503,2020-02-10,2020,2
"12578","SP",3,"Sudeste",35026,"Rio Claro",272838,44803.5797358872,7,57,5,52,17,40,1,0,0,0,0,58,5,52,17,40,39,10.7100433200298,12.5166334914383,0.296627721258386,2020-02-17,2020,2
"12579","SP",3,"Sudeste",35026,"Rio Claro",272838,44803.5797358872,8,61,10,51,17,44,0,0,0,0,0,61,10,51,17,44,37,10.7100433200298,12.5166334914383,0.348322375520664,2020-02-24,2020,2
"12580","SP",3,"Sudeste",35026,"Rio Claro",272838,44803.5797358872,9,48,10,38,14,34,1,0,0,0,0,49,10,38,14,34,29,10.7100433200298,12.5166334914383,0.314556741089951,2020-03-02,2020,3
"12581","SP",3,"Sudeste",35026,"Rio Claro",272838,44803.5797358872,10,57,14,43,23,34,0,0,0,0,0,57,14,43,23,34,37,10.7100433200298,12.5166334914383,0.327317133387939,2020-03-09,2020,3
"12582","SP",3,"Sudeste",35026,"Rio Claro",272838,44803.5797358872,11,57,15,42,13,44,0,0,0,0,0,57,15,42,13,44,39,10.7100433200298,12.5166334914383,0.398717500068992,2020-03-16,2020,3
"12583","SP",3,"Sudeste",35026,"Rio Claro",272838,44803.5797358872,12,45,5,40,11,34,0,0,0,0,0,45,5,40,11,34,33,10.7100433200298,12.5166334914383,0.507483026333301,2020-03-23,2020,3
"12584","SP",3,"Sudeste",35026,"Rio Claro",272838,44803.5797358872,13,54,10,44,16,38,0,0,0,0,0,54,10,44,16,38,32,10.7100433200298,12.5166334914383,0.479457069969646,2020-03-30,2020,3
"12585","SP",3,"Sudeste",35026,"Rio Claro",272838,44803.5797358872,14,66,7,59,23,43,0,0,0,0,0,66,7,59,23,43,35,10.7100433200298,12.5166334914383,0.468904740990789,2020-04-06,2020,4
"12586","SP",3,"Sudeste",35026,"Rio Claro",272838,44803.5797358872,15,49,12,37,17,32,0,0,0,0,0,49,12,37,17,32,31,10.7100433200298,12.5166334914383,0.450025955256033,2020-04-13,2020,4
"12587","SP",3,"Sudeste",35026,"Rio Claro",272838,44803.5797358872,16,58,8,50,21,37,0,0,0,0,0,58,8,50,21,37,37,10.7100433200298,12.5166334914383,0.450923278924932,2020-04-20,2020,4
"12588","SP",3,"Sudeste",35026,"Rio Claro",272838,44803.5797358872,17,65,12,53,24,41,0,0,0,0,0,65,12,53,24,41,48,10.7100433200298,12.5166334914383,0.439915441641997,2020-04-27,2020,4
"12589","SP",3,"Sudeste",35026,"Rio Claro",272838,44803.5797358872,18,64,14,50,21,43,1,0,0,0,0,65,14,50,21,43,37,10.7100433200298,12.5166334914383,0.414452374483447,2020-05-04,2020,5
"12590","SP",3,"Sudeste",35026,"Rio Claro",272838,44803.5797358872,19,49,4,45,6,43,1,0,0,0,0,50,4,45,6,43,35,10.7100433200298,12.5166334914383,0.420334311757842,2020-05-11,2020,5
"12591","SP",3,"Sudeste",35026,"Rio Claro",272838,44803.5797358872,20,63,8,55,21,42,0,0,0,0,0,63,8,55,21,42,37,10.7100433200298,12.5166334914383,0.41162802029454,2020-05-18,2020,5
"12592","SP",3,"Sudeste",35026,"Rio Claro",272838,44803.5797358872,21,53,14,39,20,33,0,0,0,0,0,53,14,39,20,33,43,10.7100433200298,12.5166334914383,0.414862444136745,2020-05-25,2020,5
"12593","SP",3,"Sudeste",35026,"Rio Claro",272838,44803.5797358872,22,83,16,67,26,57,0,0,0,0,0,83,16,67,26,57,37,10.7100433200298,12.5166334914383,0.39810542707206,2020-06-01,2020,6
"12594","SP",3,"Sudeste",35026,"Rio Claro",272838,44803.5797358872,23,67,7,60,21,46,1,0,0,0,0,68,7,60,21,46,46,10.7100433200298,12.5166334914383,0.391987480566264,2020-06-08,2020,6
"12595","SP",3,"Sudeste",35026,"Rio Claro",272838,44803.5797358872,24,51,5,46,16,35,0,0,0,0,0,51,5,46,16,35,52,10.7100433200298,12.5166334914383,0.378082111188162,2020-06-15,2020,6
"12596","SP",3,"Sudeste",35026,"Rio Claro",272838,44803.5797358872,25,60,5,55,22,38,0,0,0,0,0,60,5,55,22,38,50,10.7100433200298,12.5166334914383,0.410445796758962,2020-06-22,2020,6
"12597","SP",3,"Sudeste",35026,"Rio Claro",272838,44803.5797358872,26,51,3,48,19,32,0,0,0,0,0,51,3,48,19,32,37,10.7100433200298,12.5166334914383,0.391867675035025,2020-06-29,2020,6
"12598","SP",3,"Sudeste",35026,"Rio Claro",272838,44803.5797358872,27,66,11,55,20,46,1,0,0,0,0,67,11,55,20,46,52,10.7100433200298,12.5166334914383,0.398043855223536,2020-07-06,2020,7
"12599","SP",3,"Sudeste",35026,"Rio Claro",272838,44803.5797358872,28,64,10,54,26,38,0,0,0,0,0,64,10,54,26,38,59,10.7100433200298,12.5166334914383,0.390275772828663,2020-07-13,2020,7
"12600","SP",3,"Sudeste",35026,"Rio Claro",272838,44803.5797358872,29,58,10,48,20,38,1,0,0,0,0,59,10,48,20,38,51,10.7100433200298,12.5166334914383,0.381581668731156,2020-07-20,2020,7
"12601","SP",3,"Sudeste",35027,"Limeira",657972,45523.2183834874,5,113,21,92,45,68,1,0,0,0,0,114,21,92,45,68,78,10.7259777689258,13.3969176562106,0.286852059513426,2020-02-03,2020,2
"12602","SP",3,"Sudeste",35027,"Limeira",657972,45523.2183834874,6,112,23,89,39,73,3,0,0,0,0,115,23,89,39,73,87,10.7259777689258,13.3969176562106,0.285830125344182,2020-02-10,2020,2
"12603","SP",3,"Sudeste",35027,"Limeira",657972,45523.2183834874,7,142,26,116,44,98,0,0,0,0,0,142,26,116,44,98,92,10.7259777689258,13.3969176562106,0.291461551925477,2020-02-17,2020,2
"12604","SP",3,"Sudeste",35027,"Limeira",657972,45523.2183834874,8,134,24,110,42,92,2,0,0,0,0,136,24,110,42,92,68,10.7259777689258,13.3969176562106,0.338916464622591,2020-02-24,2020,2
"12605","SP",3,"Sudeste",35027,"Limeira",657972,45523.2183834874,9,123,21,102,34,89,1,0,0,0,0,124,21,102,34,89,94,10.7259777689258,13.3969176562106,0.311029146090019,2020-03-02,2020,3
"12606","SP",3,"Sudeste",35027,"Limeira",657972,45523.2183834874,10,112,17,95,36,76,2,0,0,0,0,114,17,95,36,76,89,10.7259777689258,13.3969176562106,0.320924021671166,2020-03-09,2020,3
"12607","SP",3,"Sudeste",35027,"Limeira",657972,45523.2183834874,11,117,18,99,39,78,0,0,0,0,0,117,18,99,39,78,77,10.7259777689258,13.3969176562106,0.398853552330807,2020-03-16,2020,3
"12608","SP",3,"Sudeste",35027,"Limeira",657972,45523.2183834874,12,149,26,123,50,99,1,0,0,0,0,150,26,123,50,99,70,10.7259777689258,13.3969176562106,0.51259113731836,2020-03-23,2020,3
"12609","SP",3,"Sudeste",35027,"Limeira",657972,45523.2183834874,13,127,23,104,50,77,0,0,0,0,0,127,23,104,50,77,78,10.7259777689258,13.3969176562106,0.475579926166435,2020-03-30,2020,3
"12610","SP",3,"Sudeste",35027,"Limeira",657972,45523.2183834874,14,124,26,98,42,82,1,0,0,0,0,125,26,98,42,82,94,10.7259777689258,13.3969176562106,0.462191597837154,2020-04-06,2020,4
"12611","SP",3,"Sudeste",35027,"Limeira",657972,45523.2183834874,15,152,22,130,48,104,1,0,0,0,0,153,22,130,48,104,72,10.7259777689258,13.3969176562106,0.441833569343105,2020-04-13,2020,4
"12612","SP",3,"Sudeste",35027,"Limeira",657972,45523.2183834874,16,119,23,96,35,84,0,0,0,0,0,119,23,96,35,84,80,10.7259777689258,13.3969176562106,0.440743881116754,2020-04-20,2020,4
"12613","SP",3,"Sudeste",35027,"Limeira",657972,45523.2183834874,17,137,27,110,47,90,0,0,0,0,0,137,27,110,47,90,81,10.7259777689258,13.3969176562106,0.430306056834208,2020-04-27,2020,4
"12614","SP",3,"Sudeste",35027,"Limeira",657972,45523.2183834874,18,112,17,95,34,78,0,0,0,0,0,112,17,95,34,78,81,10.7259777689258,13.3969176562106,0.401933107506913,2020-05-04,2020,5
"12615","SP",3,"Sudeste",35027,"Limeira",657972,45523.2183834874,19,123,20,103,54,69,0,0,0,0,0,123,20,103,54,69,74,10.7259777689258,13.3969176562106,0.40798596611789,2020-05-11,2020,5
"12616","SP",3,"Sudeste",35027,"Limeira",657972,45523.2183834874,20,146,25,121,45,101,0,0,0,0,0,146,25,121,45,101,103,10.7259777689258,13.3969176562106,0.395907661633063,2020-05-18,2020,5
"12617","SP",3,"Sudeste",35027,"Limeira",657972,45523.2183834874,21,146,24,122,52,94,0,0,0,0,0,146,24,122,52,94,114,10.7259777689258,13.3969176562106,0.402599942059117,2020-05-25,2020,5
"12618","SP",3,"Sudeste",35027,"Limeira",657972,45523.2183834874,22,174,30,144,56,118,4,0,0,0,0,178,30,144,56,118,112,10.7259777689258,13.3969176562106,0.388805979016091,2020-06-01,2020,6
"12619","SP",3,"Sudeste",35027,"Limeira",657972,45523.2183834874,23,134,21,113,39,95,0,0,0,0,0,134,21,113,39,95,94,10.7259777689258,13.3969176562106,0.385282112088143,2020-06-08,2020,6
"12620","SP",3,"Sudeste",35027,"Limeira",657972,45523.2183834874,24,130,27,103,38,92,1,0,0,0,0,131,27,103,38,92,110,10.7259777689258,13.3969176562106,0.378096145865351,2020-06-15,2020,6
"12621","SP",3,"Sudeste",35027,"Limeira",657972,45523.2183834874,25,131,14,117,40,91,1,0,0,0,0,132,14,117,40,91,107,10.7259777689258,13.3969176562106,0.394789522413459,2020-06-22,2020,6
"12622","SP",3,"Sudeste",35027,"Limeira",657972,45523.2183834874,26,111,21,90,39,72,2,0,0,0,0,113,21,90,39,72,117,10.7259777689258,13.3969176562106,0.390063968658825,2020-06-29,2020,6
"12623","SP",3,"Sudeste",35027,"Limeira",657972,45523.2183834874,27,129,19,110,41,88,1,0,0,0,0,130,19,110,41,88,126,10.7259777689258,13.3969176562106,0.390801771221778,2020-07-06,2020,7
"12624","SP",3,"Sudeste",35027,"Limeira",657972,45523.2183834874,28,132,26,106,35,97,2,0,0,0,0,134,26,106,35,97,116,10.7259777689258,13.3969176562106,0.384262545207017,2020-07-13,2020,7
"12625","SP",3,"Sudeste",35027,"Limeira",657972,45523.2183834874,29,145,25,120,43,102,2,0,0,0,0,147,25,120,43,102,126,10.7259777689258,13.3969176562106,0.402554243756841,2020-07-20,2020,7
"12626","SP",3,"Sudeste",35028,"Piracicaba",629410,54747.10222421,5,147,20,127,50,97,1,0,0,0,0,148,20,127,50,97,81,10.9104797188664,13.3525381516337,0.271835378127945,2020-02-03,2020,2
"12627","SP",3,"Sudeste",35028,"Piracicaba",629410,54747.10222421,6,118,20,98,41,77,4,0,0,0,0,122,20,98,41,77,70,10.9104797188664,13.3525381516337,0.275862702443227,2020-02-10,2020,2
"12628","SP",3,"Sudeste",35028,"Piracicaba",629410,54747.10222421,7,116,17,99,28,88,2,0,0,0,0,118,17,99,28,88,69,10.9104797188664,13.3525381516337,0.282259989045764,2020-02-17,2020,2
"12629","SP",3,"Sudeste",35028,"Piracicaba",629410,54747.10222421,8,152,32,120,46,106,0,0,0,0,0,152,32,120,46,106,78,10.9104797188664,13.3525381516337,0.330326266810685,2020-02-24,2020,2
"12630","SP",3,"Sudeste",35028,"Piracicaba",629410,54747.10222421,9,130,22,108,38,92,0,0,0,0,0,130,22,108,38,92,77,10.9104797188664,13.3525381516337,0.296901994961994,2020-03-02,2020,3
"12631","SP",3,"Sudeste",35028,"Piracicaba",629410,54747.10222421,10,128,7,121,40,88,3,0,0,0,0,131,7,121,40,88,78,10.9104797188664,13.3525381516337,0.309923058686052,2020-03-09,2020,3
"12632","SP",3,"Sudeste",35028,"Piracicaba",629410,54747.10222421,11,123,28,95,42,81,1,0,0,0,0,124,28,95,42,81,86,10.9104797188664,13.3525381516337,0.389060906339376,2020-03-16,2020,3
"12633","SP",3,"Sudeste",35028,"Piracicaba",629410,54747.10222421,12,107,9,98,41,66,3,0,0,0,0,110,9,98,41,66,70,10.9104797188664,13.3525381516337,0.506842633972488,2020-03-23,2020,3
"12634","SP",3,"Sudeste",35028,"Piracicaba",629410,54747.10222421,13,125,21,104,37,88,1,0,0,0,0,126,21,104,37,88,80,10.9104797188664,13.3525381516337,0.470823646877932,2020-03-30,2020,3
"12635","SP",3,"Sudeste",35028,"Piracicaba",629410,54747.10222421,14,131,21,110,39,92,2,0,0,0,0,133,21,110,39,92,52,10.9104797188664,13.3525381516337,0.453283186542583,2020-04-06,2020,4
"12636","SP",3,"Sudeste",35028,"Piracicaba",629410,54747.10222421,15,114,20,94,32,82,1,0,0,0,0,115,20,94,32,82,88,10.9104797188664,13.3525381516337,0.430886949894145,2020-04-13,2020,4
"12637","SP",3,"Sudeste",35028,"Piracicaba",629410,54747.10222421,16,136,20,116,42,94,0,0,0,0,0,136,20,116,42,94,67,10.9104797188664,13.3525381516337,0.432563009308686,2020-04-20,2020,4
"12638","SP",3,"Sudeste",35028,"Piracicaba",629410,54747.10222421,17,143,23,120,52,91,1,0,0,0,0,144,23,120,52,91,74,10.9104797188664,13.3525381516337,0.424577177514306,2020-04-27,2020,4
"12639","SP",3,"Sudeste",35028,"Piracicaba",629410,54747.10222421,18,144,25,119,59,85,5,0,0,0,0,149,25,119,59,85,70,10.9104797188664,13.3525381516337,0.396502278843126,2020-05-04,2020,5
"12640","SP",3,"Sudeste",35028,"Piracicaba",629410,54747.10222421,19,139,15,124,42,97,0,0,0,0,0,139,15,124,42,97,71,10.9104797188664,13.3525381516337,0.403705183583518,2020-05-11,2020,5
"12641","SP",3,"Sudeste",35028,"Piracicaba",629410,54747.10222421,20,153,32,121,48,105,0,0,0,0,0,153,32,121,48,105,85,10.9104797188664,13.3525381516337,0.395805063448246,2020-05-18,2020,5
"12642","SP",3,"Sudeste",35028,"Piracicaba",629410,54747.10222421,21,129,16,113,38,91,0,0,0,0,0,129,16,113,38,91,94,10.9104797188664,13.3525381516337,0.402682542061277,2020-05-25,2020,5
"12643","SP",3,"Sudeste",35028,"Piracicaba",629410,54747.10222421,22,150,26,124,52,98,1,0,0,0,0,151,26,124,52,98,86,10.9104797188664,13.3525381516337,0.386143174936547,2020-06-01,2020,6
"12644","SP",3,"Sudeste",35028,"Piracicaba",629410,54747.10222421,23,165,27,138,42,123,1,0,0,0,0,166,27,138,42,123,99,10.9104797188664,13.3525381516337,0.385235597875359,2020-06-08,2020,6
"12645","SP",3,"Sudeste",35028,"Piracicaba",629410,54747.10222421,24,150,24,126,53,97,4,0,0,0,0,154,24,126,53,97,87,10.9104797188664,13.3525381516337,0.367487124826978,2020-06-15,2020,6
"12646","SP",3,"Sudeste",35028,"Piracicaba",629410,54747.10222421,25,153,27,126,53,100,1,0,0,0,0,154,27,126,53,100,93,10.9104797188664,13.3525381516337,0.385849226184995,2020-06-22,2020,6
"12647","SP",3,"Sudeste",35028,"Piracicaba",629410,54747.10222421,26,155,28,127,54,101,3,0,0,0,0,158,28,127,54,101,98,10.9104797188664,13.3525381516337,0.381767820974823,2020-06-29,2020,6
"12648","SP",3,"Sudeste",35028,"Piracicaba",629410,54747.10222421,27,144,29,115,38,106,1,0,0,0,0,145,29,115,38,106,126,10.9104797188664,13.3525381516337,0.381408468906036,2020-07-06,2020,7
"12649","SP",3,"Sudeste",35028,"Piracicaba",629410,54747.10222421,28,143,26,117,40,103,0,0,0,0,0,143,26,117,40,103,135,10.9104797188664,13.3525381516337,0.377862956559166,2020-07-13,2020,7
"12650","SP",3,"Sudeste",35028,"Piracicaba",629410,54747.10222421,29,148,29,119,46,102,2,0,0,0,0,150,29,119,46,102,126,10.9104797188664,13.3525381516337,0.380415769923526,2020-07-20,2020,7
"12651","SP",3,"Sudeste",35029,"Pirassununga",204766,31465.6287244953,5,35,9,26,16,19,0,0,0,0,0,35,9,26,16,19,30,10.3566510774711,12.2296231427404,0.290943510896269,2020-02-03,2020,2
"12652","SP",3,"Sudeste",35029,"Pirassununga",204766,31465.6287244953,6,37,4,33,15,22,1,0,0,0,0,38,4,33,15,22,36,10.3566510774711,12.2296231427404,0.295196754872908,2020-02-10,2020,2
"12653","SP",3,"Sudeste",35029,"Pirassununga",204766,31465.6287244953,7,47,11,36,14,33,0,0,0,0,0,47,11,36,14,33,21,10.3566510774711,12.2296231427404,0.307533668315895,2020-02-17,2020,2
"12654","SP",3,"Sudeste",35029,"Pirassununga",204766,31465.6287244953,8,39,9,30,14,25,0,0,0,0,0,39,9,30,14,25,28,10.3566510774711,12.2296231427404,0.352616628011852,2020-02-24,2020,2
"12655","SP",3,"Sudeste",35029,"Pirassununga",204766,31465.6287244953,9,30,9,21,14,16,1,0,0,0,0,31,9,21,14,16,41,10.3566510774711,12.2296231427404,0.31826612685341,2020-03-02,2020,3
"12656","SP",3,"Sudeste",35029,"Pirassununga",204766,31465.6287244953,10,27,8,19,7,20,0,0,0,0,0,27,8,19,7,20,29,10.3566510774711,12.2296231427404,0.326094562572195,2020-03-09,2020,3
"12657","SP",3,"Sudeste",35029,"Pirassununga",204766,31465.6287244953,11,34,9,25,7,27,2,0,0,0,0,36,9,25,7,27,28,10.3566510774711,12.2296231427404,0.400181684615537,2020-03-16,2020,3
"12658","SP",3,"Sudeste",35029,"Pirassununga",204766,31465.6287244953,12,41,12,29,12,29,0,0,0,0,0,41,12,29,12,29,39,10.3566510774711,12.2296231427404,0.518068665427534,2020-03-23,2020,3
"12659","SP",3,"Sudeste",35029,"Pirassununga",204766,31465.6287244953,13,36,14,22,13,23,0,0,0,0,0,36,14,22,13,23,25,10.3566510774711,12.2296231427404,0.481256279527299,2020-03-30,2020,3
"12660","SP",3,"Sudeste",35029,"Pirassununga",204766,31465.6287244953,14,42,13,29,17,25,0,0,0,0,0,42,13,29,17,25,26,10.3566510774711,12.2296231427404,0.468720660112246,2020-04-06,2020,4
"12661","SP",3,"Sudeste",35029,"Pirassununga",204766,31465.6287244953,15,27,7,20,12,15,0,0,0,0,0,27,7,20,12,15,25,10.3566510774711,12.2296231427404,0.44704611190058,2020-04-13,2020,4
"12662","SP",3,"Sudeste",35029,"Pirassununga",204766,31465.6287244953,16,42,12,30,21,21,0,0,0,0,0,42,12,30,21,21,28,10.3566510774711,12.2296231427404,0.448018492385939,2020-04-20,2020,4
"12663","SP",3,"Sudeste",35029,"Pirassununga",204766,31465.6287244953,17,42,6,36,15,27,1,0,0,0,0,43,6,36,15,27,23,10.3566510774711,12.2296231427404,0.44142406400051,2020-04-27,2020,4
"12664","SP",3,"Sudeste",35029,"Pirassununga",204766,31465.6287244953,18,35,8,27,14,21,0,0,0,0,0,35,8,27,14,21,30,10.3566510774711,12.2296231427404,0.408123166229404,2020-05-04,2020,5
"12665","SP",3,"Sudeste",35029,"Pirassununga",204766,31465.6287244953,19,39,12,27,17,22,0,0,0,0,0,39,12,27,17,22,30,10.3566510774711,12.2296231427404,0.417237885224314,2020-05-11,2020,5
"12666","SP",3,"Sudeste",35029,"Pirassununga",204766,31465.6287244953,20,41,8,33,16,25,1,0,0,0,0,42,8,33,16,25,19,10.3566510774711,12.2296231427404,0.406130514995306,2020-05-18,2020,5
"12667","SP",3,"Sudeste",35029,"Pirassununga",204766,31465.6287244953,21,40,9,31,13,27,0,0,0,0,0,40,9,31,13,27,37,10.3566510774711,12.2296231427404,0.414802679201082,2020-05-25,2020,5
"12668","SP",3,"Sudeste",35029,"Pirassununga",204766,31465.6287244953,22,50,17,33,19,31,0,0,0,0,0,50,17,33,19,31,25,10.3566510774711,12.2296231427404,0.397007018464555,2020-06-01,2020,6
"12669","SP",3,"Sudeste",35029,"Pirassununga",204766,31465.6287244953,23,40,10,30,9,31,1,0,0,0,0,41,10,30,9,31,29,10.3566510774711,12.2296231427404,0.392298867105535,2020-06-08,2020,6
"12670","SP",3,"Sudeste",35029,"Pirassununga",204766,31465.6287244953,24,47,13,34,16,31,0,0,0,0,0,47,13,34,16,31,26,10.3566510774711,12.2296231427404,0.378421984053779,2020-06-15,2020,6
"12671","SP",3,"Sudeste",35029,"Pirassununga",204766,31465.6287244953,25,30,3,27,10,20,0,0,0,0,0,30,3,27,10,20,26,10.3566510774711,12.2296231427404,0.396470315144929,2020-06-22,2020,6
"12672","SP",3,"Sudeste",35029,"Pirassununga",204766,31465.6287244953,26,48,14,34,18,30,1,0,0,0,0,49,14,34,18,30,25,10.3566510774711,12.2296231427404,0.399506677564916,2020-06-29,2020,6
"12673","SP",3,"Sudeste",35029,"Pirassununga",204766,31465.6287244953,27,41,4,37,13,28,0,0,0,0,0,41,4,37,13,28,34,10.3566510774711,12.2296231427404,0.407686289281331,2020-07-06,2020,7
"12674","SP",3,"Sudeste",35029,"Pirassununga",204766,31465.6287244953,28,43,8,35,16,27,0,0,0,0,0,43,8,35,16,27,50,10.3566510774711,12.2296231427404,0.399234902734123,2020-07-13,2020,7
"12675","SP",3,"Sudeste",35029,"Pirassununga",204766,31465.6287244953,29,44,8,36,11,33,0,0,0,0,0,44,8,36,11,33,32,10.3566510774711,12.2296231427404,0.403742195282052,2020-07-20,2020,7
"12676","SP",3,"Sudeste",35030,"São João da Boa Vista",434425,29110.2513590378,5,92,25,67,36,56,1,0,0,0,0,93,25,67,36,56,68,10.2788456715027,12.9817785965905,0.312309631254719,2020-02-03,2020,2
"12677","SP",3,"Sudeste",35030,"São João da Boa Vista",434425,29110.2513590378,6,78,12,66,18,60,0,0,0,0,0,78,12,66,18,60,62,10.2788456715027,12.9817785965905,0.313840412773023,2020-02-10,2020,2
"12678","SP",3,"Sudeste",35030,"São João da Boa Vista",434425,29110.2513590378,7,90,17,73,29,61,1,0,0,0,0,91,17,73,29,61,55,10.2788456715027,12.9817785965905,0.315412049098599,2020-02-17,2020,2
"12679","SP",3,"Sudeste",35030,"São João da Boa Vista",434425,29110.2513590378,8,78,18,60,28,50,0,0,0,0,0,78,18,60,28,50,56,10.2788456715027,12.9817785965905,0.364641042670747,2020-02-24,2020,2
"12680","SP",3,"Sudeste",35030,"São João da Boa Vista",434425,29110.2513590378,9,71,15,56,16,55,0,0,0,0,0,71,15,56,16,55,58,10.2788456715027,12.9817785965905,0.333627251822408,2020-03-02,2020,3
"12681","SP",3,"Sudeste",35030,"São João da Boa Vista",434425,29110.2513590378,10,71,20,51,25,46,2,0,0,0,0,73,20,51,25,46,64,10.2788456715027,12.9817785965905,0.334873548142499,2020-03-09,2020,3
"12682","SP",3,"Sudeste",35030,"São João da Boa Vista",434425,29110.2513590378,11,73,14,59,24,49,1,0,0,0,0,74,14,59,24,49,76,10.2788456715027,12.9817785965905,0.430024239846501,2020-03-16,2020,3
"12683","SP",3,"Sudeste",35030,"São João da Boa Vista",434425,29110.2513590378,12,83,15,68,26,57,0,0,0,0,0,83,15,68,26,57,76,10.2788456715027,12.9817785965905,0.530542262235661,2020-03-23,2020,3
"12684","SP",3,"Sudeste",35030,"São João da Boa Vista",434425,29110.2513590378,13,58,5,53,17,41,0,0,0,0,0,58,5,53,17,41,69,10.2788456715027,12.9817785965905,0.494903222529261,2020-03-30,2020,3
"12685","SP",3,"Sudeste",35030,"São João da Boa Vista",434425,29110.2513590378,14,68,15,53,23,45,0,0,0,0,0,68,15,53,23,45,67,10.2788456715027,12.9817785965905,0.477707122141317,2020-04-06,2020,4
"12686","SP",3,"Sudeste",35030,"São João da Boa Vista",434425,29110.2513590378,15,70,18,52,27,43,0,0,0,0,0,70,18,52,27,43,53,10.2788456715027,12.9817785965905,0.451119401031724,2020-04-13,2020,4
"12687","SP",3,"Sudeste",35030,"São João da Boa Vista",434425,29110.2513590378,16,76,15,61,30,46,1,0,0,0,0,77,15,61,30,46,63,10.2788456715027,12.9817785965905,0.46366067976414,2020-04-20,2020,4
"12688","SP",3,"Sudeste",35030,"São João da Boa Vista",434425,29110.2513590378,17,88,20,68,25,63,0,0,0,0,0,88,20,68,25,63,60,10.2788456715027,12.9817785965905,0.447101063197308,2020-04-27,2020,4
"12689","SP",3,"Sudeste",35030,"São João da Boa Vista",434425,29110.2513590378,18,82,18,64,26,56,0,0,0,0,0,82,18,64,26,56,63,10.2788456715027,12.9817785965905,0.423088407094674,2020-05-04,2020,5
"12690","SP",3,"Sudeste",35030,"São João da Boa Vista",434425,29110.2513590378,19,101,22,79,32,69,1,0,0,0,0,102,22,79,32,69,77,10.2788456715027,12.9817785965905,0.431316728929909,2020-05-11,2020,5
"12691","SP",3,"Sudeste",35030,"São João da Boa Vista",434425,29110.2513590378,20,84,21,63,28,56,3,0,0,0,0,87,21,63,28,56,68,10.2788456715027,12.9817785965905,0.430648250113944,2020-05-18,2020,5
"12692","SP",3,"Sudeste",35030,"São João da Boa Vista",434425,29110.2513590378,21,87,24,63,28,59,0,0,0,0,0,87,24,63,28,59,63,10.2788456715027,12.9817785965905,0.427539587101526,2020-05-25,2020,5
"12693","SP",3,"Sudeste",35030,"São João da Boa Vista",434425,29110.2513590378,22,111,26,85,37,74,2,0,0,0,0,113,26,85,37,74,80,10.2788456715027,12.9817785965905,0.416304892860633,2020-06-01,2020,6
"12694","SP",3,"Sudeste",35030,"São João da Boa Vista",434425,29110.2513590378,23,92,21,71,37,55,1,0,0,0,0,93,21,71,37,55,50,10.2788456715027,12.9817785965905,0.407839377879383,2020-06-08,2020,6
"12695","SP",3,"Sudeste",35030,"São João da Boa Vista",434425,29110.2513590378,24,81,20,61,24,57,1,0,0,0,0,82,20,61,24,57,74,10.2788456715027,12.9817785965905,0.392895162227825,2020-06-15,2020,6
"12696","SP",3,"Sudeste",35030,"São João da Boa Vista",434425,29110.2513590378,25,85,21,64,32,53,1,0,0,0,0,86,21,64,32,53,69,10.2788456715027,12.9817785965905,0.400064115590164,2020-06-22,2020,6
"12697","SP",3,"Sudeste",35030,"São João da Boa Vista",434425,29110.2513590378,26,86,20,66,30,56,0,0,0,0,0,86,20,66,30,56,65,10.2788456715027,12.9817785965905,0.396768392458736,2020-06-29,2020,6
"12698","SP",3,"Sudeste",35030,"São João da Boa Vista",434425,29110.2513590378,27,91,21,70,23,68,1,0,0,0,0,92,21,70,23,68,64,10.2788456715027,12.9817785965905,0.402896952674702,2020-07-06,2020,7
"12699","SP",3,"Sudeste",35030,"São João da Boa Vista",434425,29110.2513590378,28,87,6,81,27,60,0,0,0,0,0,87,6,81,27,60,77,10.2788456715027,12.9817785965905,0.403678663365562,2020-07-13,2020,7
"12700","SP",3,"Sudeste",35030,"São João da Boa Vista",434425,29110.2513590378,29,92,22,70,35,57,1,0,0,0,0,93,22,70,35,57,75,10.2788456715027,12.9817785965905,0.405880227406676,2020-07-20,2020,7
"12701","SP",3,"Sudeste",35031,"Mogi Mirim",433442,41478.6417115554,5,70,13,57,28,42,0,0,0,0,0,70,13,57,28,42,55,10.6329339161843,12.9795132715571,0.292889737770387,2020-02-03,2020,2
"12702","SP",3,"Sudeste",35031,"Mogi Mirim",433442,41478.6417115554,6,72,16,56,26,46,0,0,0,0,0,72,16,56,26,46,45,10.6329339161843,12.9795132715571,0.290647560860146,2020-02-10,2020,2
"12703","SP",3,"Sudeste",35031,"Mogi Mirim",433442,41478.6417115554,7,75,19,56,18,57,1,0,0,0,0,76,19,56,18,57,49,10.6329339161843,12.9795132715571,0.301865138200652,2020-02-17,2020,2
"12704","SP",3,"Sudeste",35031,"Mogi Mirim",433442,41478.6417115554,8,86,14,72,25,61,0,0,0,0,0,86,14,72,25,61,63,10.6329339161843,12.9795132715571,0.342498228067716,2020-02-24,2020,2
"12705","SP",3,"Sudeste",35031,"Mogi Mirim",433442,41478.6417115554,9,61,12,49,26,35,0,0,0,0,0,61,12,49,26,35,40,10.6329339161843,12.9795132715571,0.314442387158706,2020-03-02,2020,3
"12706","SP",3,"Sudeste",35031,"Mogi Mirim",433442,41478.6417115554,10,65,12,53,23,42,2,0,0,0,0,67,12,53,23,42,56,10.6329339161843,12.9795132715571,0.323628848611036,2020-03-09,2020,3
"12707","SP",3,"Sudeste",35031,"Mogi Mirim",433442,41478.6417115554,11,76,13,63,20,56,0,0,0,0,0,76,13,63,20,56,67,10.6329339161843,12.9795132715571,0.414479288670689,2020-03-16,2020,3
"12708","SP",3,"Sudeste",35031,"Mogi Mirim",433442,41478.6417115554,12,73,16,57,18,55,0,0,0,0,0,73,16,57,18,55,56,10.6329339161843,12.9795132715571,0.525491276467874,2020-03-23,2020,3
"12709","SP",3,"Sudeste",35031,"Mogi Mirim",433442,41478.6417115554,13,63,15,48,13,50,1,0,0,0,0,64,15,48,13,50,50,10.6329339161843,12.9795132715571,0.484850255759328,2020-03-30,2020,3
"12710","SP",3,"Sudeste",35031,"Mogi Mirim",433442,41478.6417115554,14,79,15,64,30,49,0,0,0,0,0,79,15,64,30,49,49,10.6329339161843,12.9795132715571,0.473292775130961,2020-04-06,2020,4
"12711","SP",3,"Sudeste",35031,"Mogi Mirim",433442,41478.6417115554,15,73,8,65,23,50,3,0,0,0,0,76,8,65,23,50,49,10.6329339161843,12.9795132715571,0.442277183659812,2020-04-13,2020,4
"12712","SP",3,"Sudeste",35031,"Mogi Mirim",433442,41478.6417115554,16,79,16,63,24,55,1,0,0,0,0,80,16,63,24,55,62,10.6329339161843,12.9795132715571,0.441738533732894,2020-04-20,2020,4
"12713","SP",3,"Sudeste",35031,"Mogi Mirim",433442,41478.6417115554,17,87,11,76,24,63,0,0,0,0,0,87,11,76,24,63,58,10.6329339161843,12.9795132715571,0.433230839264679,2020-04-27,2020,4
"12714","SP",3,"Sudeste",35031,"Mogi Mirim",433442,41478.6417115554,18,81,20,61,21,60,2,0,0,0,0,83,20,61,21,60,52,10.6329339161843,12.9795132715571,0.406244484198984,2020-05-04,2020,5
"12715","SP",3,"Sudeste",35031,"Mogi Mirim",433442,41478.6417115554,19,80,12,68,30,50,2,0,0,0,0,82,12,68,30,50,62,10.6329339161843,12.9795132715571,0.410134240250319,2020-05-11,2020,5
"12716","SP",3,"Sudeste",35031,"Mogi Mirim",433442,41478.6417115554,20,75,7,68,20,55,2,0,0,0,0,77,7,68,20,55,59,10.6329339161843,12.9795132715571,0.40612835801152,2020-05-18,2020,5
"12717","SP",3,"Sudeste",35031,"Mogi Mirim",433442,41478.6417115554,21,113,17,96,27,86,2,0,0,0,0,115,17,96,27,86,58,10.6329339161843,12.9795132715571,0.414294109798799,2020-05-25,2020,5
"12718","SP",3,"Sudeste",35031,"Mogi Mirim",433442,41478.6417115554,22,85,12,73,25,60,1,0,0,0,0,86,12,73,25,60,72,10.6329339161843,12.9795132715571,0.398012916264539,2020-06-01,2020,6
"12719","SP",3,"Sudeste",35031,"Mogi Mirim",433442,41478.6417115554,23,99,17,82,38,61,0,0,0,0,0,99,17,82,38,61,77,10.6329339161843,12.9795132715571,0.394196731490239,2020-06-08,2020,6
"12720","SP",3,"Sudeste",35031,"Mogi Mirim",433442,41478.6417115554,24,89,9,80,22,67,0,0,0,0,0,89,9,80,22,67,71,10.6329339161843,12.9795132715571,0.381987212081954,2020-06-15,2020,6
"12721","SP",3,"Sudeste",35031,"Mogi Mirim",433442,41478.6417115554,25,101,18,83,34,67,0,0,0,0,0,101,18,83,34,67,61,10.6329339161843,12.9795132715571,0.398139387898002,2020-06-22,2020,6
"12722","SP",3,"Sudeste",35031,"Mogi Mirim",433442,41478.6417115554,26,96,15,81,29,67,0,0,0,0,0,96,15,81,29,67,77,10.6329339161843,12.9795132715571,0.3905162658958,2020-06-29,2020,6
"12723","SP",3,"Sudeste",35031,"Mogi Mirim",433442,41478.6417115554,27,90,15,75,33,57,0,0,0,0,0,90,15,75,33,57,86,10.6329339161843,12.9795132715571,0.395937661047534,2020-07-06,2020,7
"12724","SP",3,"Sudeste",35031,"Mogi Mirim",433442,41478.6417115554,28,92,14,78,30,62,0,0,0,0,0,92,14,78,30,62,83,10.6329339161843,12.9795132715571,0.390724880648502,2020-07-13,2020,7
"12725","SP",3,"Sudeste",35031,"Mogi Mirim",433442,41478.6417115554,29,75,13,62,24,51,0,0,0,0,0,75,13,62,24,51,87,10.6329339161843,12.9795132715571,0.394141929975805,2020-07-20,2020,7
"12726","SP",3,"Sudeste",35032,"Campinas",3085794,64407.4777456888,5,597,79,518,193,404,1,0,0,0,0,598,79,518,193,404,280,11.0729850194152,14.9423195565987,0.265057154849918,2020-02-03,2020,2
"12727","SP",3,"Sudeste",35032,"Campinas",3085794,64407.4777456888,6,605,88,517,152,453,3,0,0,0,0,608,88,517,152,453,310,11.0729850194152,14.9423195565987,0.267246111799455,2020-02-10,2020,2
"12728","SP",3,"Sudeste",35032,"Campinas",3085794,64407.4777456888,7,640,97,543,193,447,4,0,0,0,0,644,97,543,193,447,330,11.0729850194152,14.9423195565987,0.277513071355914,2020-02-17,2020,2
"12729","SP",3,"Sudeste",35032,"Campinas",3085794,64407.4777456888,8,613,87,526,179,434,5,0,0,0,0,618,87,526,179,434,339,11.0729850194152,14.9423195565987,0.327093388375121,2020-02-24,2020,2
"12730","SP",3,"Sudeste",35032,"Campinas",3085794,64407.4777456888,9,614,85,529,197,417,2,0,0,0,0,616,85,529,197,417,392,11.0729850194152,14.9423195565987,0.29160110538292,2020-03-02,2020,3
"12731","SP",3,"Sudeste",35032,"Campinas",3085794,64407.4777456888,10,562,75,487,172,390,3,0,0,0,0,565,75,487,172,390,375,11.0729850194152,14.9423195565987,0.30499418272727,2020-03-09,2020,3
"12732","SP",3,"Sudeste",35032,"Campinas",3085794,64407.4777456888,11,621,73,548,195,426,3,0,0,0,0,624,73,548,195,426,367,11.0729850194152,14.9423195565987,0.403834985724753,2020-03-16,2020,3
"12733","SP",3,"Sudeste",35032,"Campinas",3085794,64407.4777456888,12,588,71,517,167,421,5,0,0,0,0,593,71,517,167,421,396,11.0729850194152,14.9423195565987,0.530703552294327,2020-03-23,2020,3
"12734","SP",3,"Sudeste",35032,"Campinas",3085794,64407.4777456888,13,573,83,490,171,402,6,0,0,0,0,579,83,490,171,402,334,11.0729850194152,14.9423195565987,0.491189900051431,2020-03-30,2020,3
"12735","SP",3,"Sudeste",35032,"Campinas",3085794,64407.4777456888,14,607,92,515,192,415,3,0,0,0,0,610,92,515,192,415,353,11.0729850194152,14.9423195565987,0.477711736948578,2020-04-06,2020,4
"12736","SP",3,"Sudeste",35032,"Campinas",3085794,64407.4777456888,15,639,89,550,174,465,2,0,0,0,0,641,89,550,174,465,341,11.0729850194152,14.9423195565987,0.456284508363491,2020-04-13,2020,4
"12737","SP",3,"Sudeste",35032,"Campinas",3085794,64407.4777456888,16,649,100,549,202,447,5,0,0,0,0,654,100,549,202,447,334,11.0729850194152,14.9423195565987,0.4539516427548,2020-04-20,2020,4
"12738","SP",3,"Sudeste",35032,"Campinas",3085794,64407.4777456888,17,636,91,545,203,433,2,0,0,0,0,638,91,545,203,433,355,11.0729850194152,14.9423195565987,0.438871126942612,2020-04-27,2020,4
"12739","SP",3,"Sudeste",35032,"Campinas",3085794,64407.4777456888,18,632,87,545,195,437,3,0,0,0,0,635,87,545,195,437,338,11.0729850194152,14.9423195565987,0.414549652992955,2020-05-04,2020,5
"12740","SP",3,"Sudeste",35032,"Campinas",3085794,64407.4777456888,19,684,102,582,199,485,5,0,0,0,0,689,102,582,199,485,353,11.0729850194152,14.9423195565987,0.42085175942904,2020-05-11,2020,5
"12741","SP",3,"Sudeste",35032,"Campinas",3085794,64407.4777456888,20,693,83,610,179,514,2,0,0,0,0,695,83,610,179,514,370,11.0729850194152,14.9423195565987,0.412293439517741,2020-05-18,2020,5
"12742","SP",3,"Sudeste",35032,"Campinas",3085794,64407.4777456888,21,697,82,615,183,514,3,0,0,0,0,700,82,615,183,514,434,11.0729850194152,14.9423195565987,0.420821132963747,2020-05-25,2020,5
"12743","SP",3,"Sudeste",35032,"Campinas",3085794,64407.4777456888,22,753,105,648,218,535,3,0,0,0,0,756,105,648,218,535,432,11.0729850194152,14.9423195565987,0.396076204062462,2020-06-01,2020,6
"12744","SP",3,"Sudeste",35032,"Campinas",3085794,64407.4777456888,23,684,91,593,177,507,5,0,0,0,0,689,91,593,177,507,439,11.0729850194152,14.9423195565987,0.3859848816112,2020-06-08,2020,6
"12745","SP",3,"Sudeste",35032,"Campinas",3085794,64407.4777456888,24,664,91,573,174,490,4,0,0,0,0,668,91,573,174,490,484,11.0729850194152,14.9423195565987,0.373792772517464,2020-06-15,2020,6
"12746","SP",3,"Sudeste",35032,"Campinas",3085794,64407.4777456888,25,651,95,556,162,489,5,0,0,0,0,656,95,556,162,489,466,11.0729850194152,14.9423195565987,0.396575010746788,2020-06-22,2020,6
"12747","SP",3,"Sudeste",35032,"Campinas",3085794,64407.4777456888,26,639,82,557,185,454,2,0,0,0,0,641,82,557,185,454,545,11.0729850194152,14.9423195565987,0.386544116764141,2020-06-29,2020,6
"12748","SP",3,"Sudeste",35032,"Campinas",3085794,64407.4777456888,27,726,108,618,202,524,2,0,0,0,0,728,108,618,202,524,513,11.0729850194152,14.9423195565987,0.390823494499522,2020-07-06,2020,7
"12749","SP",3,"Sudeste",35032,"Campinas",3085794,64407.4777456888,28,692,86,606,182,510,3,0,0,0,0,695,86,606,182,510,502,11.0729850194152,14.9423195565987,0.386500938417562,2020-07-13,2020,7
"12750","SP",3,"Sudeste",35032,"Campinas",3085794,64407.4777456888,29,659,80,579,189,470,8,0,0,0,0,667,80,579,189,470,501,11.0729850194152,14.9423195565987,0.385309376581745,2020-07-20,2020,7
"12751","SP",3,"Sudeste",35033,"Amparo",199990,37695.578819291,5,31,6,25,8,23,0,0,0,0,0,31,6,25,8,23,31,10.5372980938613,12.2060226442801,0.284960631821901,2020-02-03,2020,2
"12752","SP",3,"Sudeste",35033,"Amparo",199990,37695.578819291,6,43,4,39,9,34,0,0,0,0,0,43,4,39,9,34,31,10.5372980938613,12.2060226442801,0.289937764240351,2020-02-10,2020,2
"12753","SP",3,"Sudeste",35033,"Amparo",199990,37695.578819291,7,42,5,37,14,28,0,0,0,0,0,42,5,37,14,28,37,10.5372980938613,12.2060226442801,0.293107229029342,2020-02-17,2020,2
"12754","SP",3,"Sudeste",35033,"Amparo",199990,37695.578819291,8,33,8,25,13,20,0,0,0,0,0,33,8,25,13,20,34,10.5372980938613,12.2060226442801,0.338565046524728,2020-02-24,2020,2
"12755","SP",3,"Sudeste",35033,"Amparo",199990,37695.578819291,9,38,5,33,12,26,0,0,0,0,0,38,5,33,12,26,22,10.5372980938613,12.2060226442801,0.312847687110935,2020-03-02,2020,3
"12756","SP",3,"Sudeste",35033,"Amparo",199990,37695.578819291,10,51,8,43,21,30,0,0,0,0,0,51,8,43,21,30,33,10.5372980938613,12.2060226442801,0.322896983916806,2020-03-09,2020,3
"12757","SP",3,"Sudeste",35033,"Amparo",199990,37695.578819291,11,32,5,27,10,22,0,0,0,0,0,32,5,27,10,22,32,10.5372980938613,12.2060226442801,0.415517762648624,2020-03-16,2020,3
"12758","SP",3,"Sudeste",35033,"Amparo",199990,37695.578819291,12,43,6,37,20,23,0,0,0,0,0,43,6,37,20,23,24,10.5372980938613,12.2060226442801,0.543971484566829,2020-03-23,2020,3
"12759","SP",3,"Sudeste",35033,"Amparo",199990,37695.578819291,13,24,6,18,11,13,0,0,0,0,0,24,6,18,11,13,30,10.5372980938613,12.2060226442801,0.484294630187108,2020-03-30,2020,3
"12760","SP",3,"Sudeste",35033,"Amparo",199990,37695.578819291,14,29,4,25,6,23,0,0,0,0,0,29,4,25,6,23,30,10.5372980938613,12.2060226442801,0.480675598007207,2020-04-06,2020,4
"12761","SP",3,"Sudeste",35033,"Amparo",199990,37695.578819291,15,44,9,35,18,26,0,0,0,0,0,44,9,35,18,26,31,10.5372980938613,12.2060226442801,0.446297946203806,2020-04-13,2020,4
"12762","SP",3,"Sudeste",35033,"Amparo",199990,37695.578819291,16,40,5,35,15,25,0,0,0,0,0,40,5,35,15,25,33,10.5372980938613,12.2060226442801,0.447280988438025,2020-04-20,2020,4
"12763","SP",3,"Sudeste",35033,"Amparo",199990,37695.578819291,17,35,6,29,13,22,2,0,0,0,0,37,6,29,13,22,34,10.5372980938613,12.2060226442801,0.443816156834016,2020-04-27,2020,4
"12764","SP",3,"Sudeste",35033,"Amparo",199990,37695.578819291,18,52,12,40,21,31,0,0,0,0,0,52,12,40,21,31,30,10.5372980938613,12.2060226442801,0.421340722938086,2020-05-04,2020,5
"12765","SP",3,"Sudeste",35033,"Amparo",199990,37695.578819291,19,47,4,43,12,35,1,0,0,0,0,48,4,43,12,35,31,10.5372980938613,12.2060226442801,0.408443940493807,2020-05-11,2020,5
"12766","SP",3,"Sudeste",35033,"Amparo",199990,37695.578819291,20,52,12,40,19,33,0,0,0,0,0,52,12,40,19,33,43,10.5372980938613,12.2060226442801,0.408459965952073,2020-05-18,2020,5
"12767","SP",3,"Sudeste",35033,"Amparo",199990,37695.578819291,21,48,11,37,19,29,0,0,0,0,0,48,11,37,19,29,44,10.5372980938613,12.2060226442801,0.411482267928788,2020-05-25,2020,5
"12768","SP",3,"Sudeste",35033,"Amparo",199990,37695.578819291,22,51,10,41,15,36,0,0,0,0,0,51,10,41,15,36,41,10.5372980938613,12.2060226442801,0.396393712374749,2020-06-01,2020,6
"12769","SP",3,"Sudeste",35033,"Amparo",199990,37695.578819291,23,45,11,34,14,31,0,0,0,0,0,45,11,34,14,31,33,10.5372980938613,12.2060226442801,0.391375885586877,2020-06-08,2020,6
"12770","SP",3,"Sudeste",35033,"Amparo",199990,37695.578819291,24,45,6,39,17,28,0,0,0,0,0,45,6,39,17,28,36,10.5372980938613,12.2060226442801,0.376176183142239,2020-06-15,2020,6
"12771","SP",3,"Sudeste",35033,"Amparo",199990,37695.578819291,25,49,11,38,19,30,0,0,0,0,0,49,11,38,19,30,30,10.5372980938613,12.2060226442801,0.392953402927568,2020-06-22,2020,6
"12772","SP",3,"Sudeste",35033,"Amparo",199990,37695.578819291,26,31,6,25,9,22,0,0,0,0,0,31,6,25,9,22,23,10.5372980938613,12.2060226442801,0.388395752042284,2020-06-29,2020,6
"12773","SP",3,"Sudeste",35033,"Amparo",199990,37695.578819291,27,35,6,29,14,21,0,0,0,0,0,35,6,29,14,21,34,10.5372980938613,12.2060226442801,0.388113478889099,2020-07-06,2020,7
"12774","SP",3,"Sudeste",35033,"Amparo",199990,37695.578819291,28,32,3,29,10,22,0,0,0,0,0,32,3,29,10,22,30,10.5372980938613,12.2060226442801,0.378779065827537,2020-07-13,2020,7
"12775","SP",3,"Sudeste",35033,"Amparo",199990,37695.578819291,29,43,8,35,13,30,0,0,0,0,0,43,8,35,13,30,39,10.5372980938613,12.2060226442801,0.384619326270518,2020-07-20,2020,7
"12776","SP",3,"Sudeste",35034,"Dracena",126927,22507.5244067062,5,22,1,21,2,20,1,0,0,0,0,23,1,21,2,20,15,10.0216049503631,11.7513673970285,0.287991673454408,2020-02-03,2020,2
"12777","SP",3,"Sudeste",35034,"Dracena",126927,22507.5244067062,6,23,4,19,9,14,0,0,0,0,0,23,4,19,9,14,28,10.0216049503631,11.7513673970285,0.276802352353585,2020-02-10,2020,2
"12778","SP",3,"Sudeste",35034,"Dracena",126927,22507.5244067062,7,29,3,26,9,20,0,0,0,0,0,29,3,26,9,20,18,10.0216049503631,11.7513673970285,0.286658857558008,2020-02-17,2020,2
"12779","SP",3,"Sudeste",35034,"Dracena",126927,22507.5244067062,8,22,5,17,7,15,0,0,0,0,0,22,5,17,7,15,21,10.0216049503631,11.7513673970285,0.332577308455212,2020-02-24,2020,2
"12780","SP",3,"Sudeste",35034,"Dracena",126927,22507.5244067062,9,13,2,11,2,11,0,0,0,0,0,13,2,11,2,11,18,10.0216049503631,11.7513673970285,0.306307420047628,2020-03-02,2020,3
"12781","SP",3,"Sudeste",35034,"Dracena",126927,22507.5244067062,10,21,2,19,6,15,0,0,0,0,0,21,2,19,6,15,34,10.0216049503631,11.7513673970285,0.315945343161297,2020-03-09,2020,3
"12782","SP",3,"Sudeste",35034,"Dracena",126927,22507.5244067062,11,26,5,21,12,14,1,0,0,0,0,27,5,21,12,14,32,10.0216049503631,11.7513673970285,0.387944262444404,2020-03-16,2020,3
"12783","SP",3,"Sudeste",35034,"Dracena",126927,22507.5244067062,12,19,3,16,5,14,0,0,0,0,0,19,3,16,5,14,25,10.0216049503631,11.7513673970285,0.475565757136559,2020-03-23,2020,3
"12784","SP",3,"Sudeste",35034,"Dracena",126927,22507.5244067062,13,17,1,16,4,13,0,0,0,0,0,17,1,16,4,13,26,10.0216049503631,11.7513673970285,0.450211946298075,2020-03-30,2020,3
"12785","SP",3,"Sudeste",35034,"Dracena",126927,22507.5244067062,14,20,1,19,6,14,0,0,0,0,0,20,1,19,6,14,17,10.0216049503631,11.7513673970285,0.426490268635574,2020-04-06,2020,4
"12786","SP",3,"Sudeste",35034,"Dracena",126927,22507.5244067062,15,21,1,20,5,16,0,0,0,0,0,21,1,20,5,16,18,10.0216049503631,11.7513673970285,0.404673607828933,2020-04-13,2020,4
"12787","SP",3,"Sudeste",35034,"Dracena",126927,22507.5244067062,16,23,2,21,9,14,1,0,0,0,0,24,2,21,9,14,19,10.0216049503631,11.7513673970285,0.413529472365542,2020-04-20,2020,4
"12788","SP",3,"Sudeste",35034,"Dracena",126927,22507.5244067062,17,30,4,26,8,22,1,0,0,0,0,31,4,26,8,22,23,10.0216049503631,11.7513673970285,0.401834007600713,2020-04-27,2020,4
"12789","SP",3,"Sudeste",35034,"Dracena",126927,22507.5244067062,18,26,4,22,8,18,0,0,0,0,0,26,4,22,8,18,14,10.0216049503631,11.7513673970285,0.384741244232986,2020-05-04,2020,5
"12790","SP",3,"Sudeste",35034,"Dracena",126927,22507.5244067062,19,30,8,22,10,20,1,0,0,0,0,31,8,22,10,20,23,10.0216049503631,11.7513673970285,0.387513005186453,2020-05-11,2020,5
"12791","SP",3,"Sudeste",35034,"Dracena",126927,22507.5244067062,20,31,5,26,13,18,0,0,0,0,0,31,5,26,13,18,22,10.0216049503631,11.7513673970285,0.382340408490714,2020-05-18,2020,5
"12792","SP",3,"Sudeste",35034,"Dracena",126927,22507.5244067062,21,38,8,30,18,20,0,0,0,0,0,38,8,30,18,20,15,10.0216049503631,11.7513673970285,0.383567320910344,2020-05-25,2020,5
"12793","SP",3,"Sudeste",35034,"Dracena",126927,22507.5244067062,22,22,2,20,9,13,0,0,0,0,0,22,2,20,9,13,15,10.0216049503631,11.7513673970285,0.368556425424792,2020-06-01,2020,6
"12794","SP",3,"Sudeste",35034,"Dracena",126927,22507.5244067062,23,24,3,21,8,16,0,0,0,0,0,24,3,21,8,16,12,10.0216049503631,11.7513673970285,0.355338785264968,2020-06-08,2020,6
"12795","SP",3,"Sudeste",35034,"Dracena",126927,22507.5244067062,24,23,5,18,8,15,0,0,0,0,0,23,5,18,8,15,22,10.0216049503631,11.7513673970285,0.351717357091628,2020-06-15,2020,6
"12796","SP",3,"Sudeste",35034,"Dracena",126927,22507.5244067062,25,20,1,19,8,12,0,0,0,0,0,20,1,19,8,12,19,10.0216049503631,11.7513673970285,0.364918203517809,2020-06-22,2020,6
"12797","SP",3,"Sudeste",35034,"Dracena",126927,22507.5244067062,26,30,6,24,14,16,0,0,0,0,0,30,6,24,14,16,22,10.0216049503631,11.7513673970285,0.351693911491859,2020-06-29,2020,6
"12798","SP",3,"Sudeste",35034,"Dracena",126927,22507.5244067062,27,29,3,26,14,15,0,0,0,0,0,29,3,26,14,15,24,10.0216049503631,11.7513673970285,0.365196618055938,2020-07-06,2020,7
"12799","SP",3,"Sudeste",35034,"Dracena",126927,22507.5244067062,28,34,6,28,14,20,1,0,0,0,0,35,6,28,14,20,24,10.0216049503631,11.7513673970285,0.359764835583717,2020-07-13,2020,7
"12800","SP",3,"Sudeste",35034,"Dracena",126927,22507.5244067062,29,25,4,21,5,20,0,0,0,0,0,25,4,21,5,20,18,10.0216049503631,11.7513673970285,0.367223518127387,2020-07-20,2020,7
"12801","SP",3,"Sudeste",35035,"Adamantina",169804,23441.4872888153,5,35,4,31,10,25,0,0,0,0,0,35,4,31,10,25,29,10.0622626925661,12.042400109708,0.281221445351937,2020-02-03,2020,2
"12802","SP",3,"Sudeste",35035,"Adamantina",169804,23441.4872888153,6,22,5,17,7,15,1,0,0,0,0,23,5,17,7,15,26,10.0622626925661,12.042400109708,0.275519558133874,2020-02-10,2020,2
"12803","SP",3,"Sudeste",35035,"Adamantina",169804,23441.4872888153,7,29,0,29,11,18,0,0,0,0,0,29,0,29,11,18,32,10.0622626925661,12.042400109708,0.280784840724286,2020-02-17,2020,2
"12804","SP",3,"Sudeste",35035,"Adamantina",169804,23441.4872888153,8,24,6,18,6,18,0,0,0,0,0,24,6,18,6,18,29,10.0622626925661,12.042400109708,0.332905520336633,2020-02-24,2020,2
"12805","SP",3,"Sudeste",35035,"Adamantina",169804,23441.4872888153,9,31,3,28,10,21,0,0,0,0,0,31,3,28,10,21,35,10.0622626925661,12.042400109708,0.304033813860339,2020-03-02,2020,3
"12806","SP",3,"Sudeste",35035,"Adamantina",169804,23441.4872888153,10,38,5,33,12,26,0,0,0,0,0,38,5,33,12,26,19,10.0622626925661,12.042400109708,0.308847289825289,2020-03-09,2020,3
"12807","SP",3,"Sudeste",35035,"Adamantina",169804,23441.4872888153,11,33,9,24,19,14,0,0,0,0,0,33,9,24,19,14,21,10.0622626925661,12.042400109708,0.366923451235607,2020-03-16,2020,3
"12808","SP",3,"Sudeste",35035,"Adamantina",169804,23441.4872888153,12,27,3,24,8,19,0,0,0,0,0,27,3,24,8,19,29,10.0622626925661,12.042400109708,0.48542408008561,2020-03-23,2020,3
"12809","SP",3,"Sudeste",35035,"Adamantina",169804,23441.4872888153,13,16,6,10,4,12,1,0,0,0,0,17,6,10,4,12,27,10.0622626925661,12.042400109708,0.422055431077423,2020-03-30,2020,3
"12810","SP",3,"Sudeste",35035,"Adamantina",169804,23441.4872888153,14,24,3,21,8,16,0,0,0,0,0,24,3,21,8,16,26,10.0622626925661,12.042400109708,0.415821414727487,2020-04-06,2020,4
"12811","SP",3,"Sudeste",35035,"Adamantina",169804,23441.4872888153,15,24,3,21,6,18,1,0,0,0,0,25,3,21,6,18,27,10.0622626925661,12.042400109708,0.393924028191889,2020-04-13,2020,4
"12812","SP",3,"Sudeste",35035,"Adamantina",169804,23441.4872888153,16,31,5,26,9,22,0,0,0,0,0,31,5,26,9,22,21,10.0622626925661,12.042400109708,0.400479948682278,2020-04-20,2020,4
"12813","SP",3,"Sudeste",35035,"Adamantina",169804,23441.4872888153,17,29,5,24,11,18,0,0,0,0,0,29,5,24,11,18,24,10.0622626925661,12.042400109708,0.390786552012194,2020-04-27,2020,4
"12814","SP",3,"Sudeste",35035,"Adamantina",169804,23441.4872888153,18,32,8,24,14,18,0,0,0,0,0,32,8,24,14,18,24,10.0622626925661,12.042400109708,0.378367726125487,2020-05-04,2020,5
"12815","SP",3,"Sudeste",35035,"Adamantina",169804,23441.4872888153,19,28,4,24,9,19,0,0,0,0,0,28,4,24,9,19,25,10.0622626925661,12.042400109708,0.385651848312343,2020-05-11,2020,5
"12816","SP",3,"Sudeste",35035,"Adamantina",169804,23441.4872888153,20,32,6,26,14,18,1,0,0,0,0,33,6,26,14,18,23,10.0622626925661,12.042400109708,0.38353982018711,2020-05-18,2020,5
"12817","SP",3,"Sudeste",35035,"Adamantina",169804,23441.4872888153,21,36,8,28,9,27,1,0,0,0,0,37,8,28,9,27,26,10.0622626925661,12.042400109708,0.380158780242318,2020-05-25,2020,5
"12818","SP",3,"Sudeste",35035,"Adamantina",169804,23441.4872888153,22,42,3,39,13,29,0,0,0,0,0,42,3,39,13,29,30,10.0622626925661,12.042400109708,0.363367329600257,2020-06-01,2020,6
"12819","SP",3,"Sudeste",35035,"Adamantina",169804,23441.4872888153,23,39,7,32,14,25,2,0,0,0,0,41,7,32,14,25,26,10.0622626925661,12.042400109708,0.357066372951992,2020-06-08,2020,6
"12820","SP",3,"Sudeste",35035,"Adamantina",169804,23441.4872888153,24,26,6,20,8,18,0,0,0,0,0,26,6,20,8,18,26,10.0622626925661,12.042400109708,0.350034829783061,2020-06-15,2020,6
"12821","SP",3,"Sudeste",35035,"Adamantina",169804,23441.4872888153,25,27,4,23,11,16,0,0,0,0,0,27,4,23,11,16,25,10.0622626925661,12.042400109708,0.370318472522948,2020-06-22,2020,6
"12822","SP",3,"Sudeste",35035,"Adamantina",169804,23441.4872888153,26,21,3,18,7,14,0,0,0,0,0,21,3,18,7,14,34,10.0622626925661,12.042400109708,0.361565540440009,2020-06-29,2020,6
"12823","SP",3,"Sudeste",35035,"Adamantina",169804,23441.4872888153,27,28,4,24,13,15,0,0,0,0,0,28,4,24,13,15,31,10.0622626925661,12.042400109708,0.354377412977167,2020-07-06,2020,7
"12824","SP",3,"Sudeste",35035,"Adamantina",169804,23441.4872888153,28,25,3,22,8,17,0,0,0,0,0,25,3,22,8,17,25,10.0622626925661,12.042400109708,0.35570350239863,2020-07-13,2020,7
"12825","SP",3,"Sudeste",35035,"Adamantina",169804,23441.4872888153,29,34,2,32,13,21,1,0,0,0,0,35,2,32,13,21,33,10.0622626925661,12.042400109708,0.363912638793052,2020-07-20,2020,7
"12826","SP",3,"Sudeste",35036,"Presidente Prudente",616976,29141.2086118747,5,118,15,103,45,73,2,0,0,0,0,120,15,103,45,73,82,10.2799085549315,13.332585404238,0.284145567170822,2020-02-03,2020,2
"12827","SP",3,"Sudeste",35036,"Presidente Prudente",616976,29141.2086118747,6,110,10,100,38,72,2,0,0,0,0,112,10,100,38,72,88,10.2799085549315,13.332585404238,0.282793299094733,2020-02-10,2020,2
"12828","SP",3,"Sudeste",35036,"Presidente Prudente",616976,29141.2086118747,7,115,18,97,44,71,1,0,0,0,0,116,18,97,44,71,86,10.2799085549315,13.332585404238,0.293699470433127,2020-02-17,2020,2
"12829","SP",3,"Sudeste",35036,"Presidente Prudente",616976,29141.2086118747,8,135,19,116,40,95,0,0,0,0,0,135,19,116,40,95,90,10.2799085549315,13.332585404238,0.33793148420144,2020-02-24,2020,2
"12830","SP",3,"Sudeste",35036,"Presidente Prudente",616976,29141.2086118747,9,117,18,99,43,74,0,0,0,0,0,117,18,99,43,74,72,10.2799085549315,13.332585404238,0.311057431577602,2020-03-02,2020,3
"12831","SP",3,"Sudeste",35036,"Presidente Prudente",616976,29141.2086118747,10,128,21,107,53,75,1,0,0,0,0,129,21,107,53,75,96,10.2799085549315,13.332585404238,0.320444974593653,2020-03-09,2020,3
"12832","SP",3,"Sudeste",35036,"Presidente Prudente",616976,29141.2086118747,11,133,15,118,47,86,1,0,0,0,0,134,15,118,47,86,92,10.2799085549315,13.332585404238,0.396780280028104,2020-03-16,2020,3
"12833","SP",3,"Sudeste",35036,"Presidente Prudente",616976,29141.2086118747,12,120,15,105,45,75,2,0,0,0,0,122,15,105,45,75,92,10.2799085549315,13.332585404238,0.502529640412171,2020-03-23,2020,3
"12834","SP",3,"Sudeste",35036,"Presidente Prudente",616976,29141.2086118747,13,112,16,96,38,74,2,0,0,0,0,114,16,96,38,74,89,10.2799085549315,13.332585404238,0.463717392504875,2020-03-30,2020,3
"12835","SP",3,"Sudeste",35036,"Presidente Prudente",616976,29141.2086118747,14,137,15,122,52,85,2,0,0,0,0,139,15,122,52,85,95,10.2799085549315,13.332585404238,0.450000384928383,2020-04-06,2020,4
"12836","SP",3,"Sudeste",35036,"Presidente Prudente",616976,29141.2086118747,15,126,19,107,46,80,0,0,0,0,0,126,19,107,46,80,83,10.2799085549315,13.332585404238,0.430305837565959,2020-04-13,2020,4
"12837","SP",3,"Sudeste",35036,"Presidente Prudente",616976,29141.2086118747,16,135,22,113,52,83,2,0,0,0,0,137,22,113,52,83,82,10.2799085549315,13.332585404238,0.434207218712221,2020-04-20,2020,4
"12838","SP",3,"Sudeste",35036,"Presidente Prudente",616976,29141.2086118747,17,139,17,122,44,95,1,0,0,0,0,140,17,122,44,95,79,10.2799085549315,13.332585404238,0.425241254521567,2020-04-27,2020,4
"12839","SP",3,"Sudeste",35036,"Presidente Prudente",616976,29141.2086118747,18,132,15,117,44,88,0,0,0,0,0,132,15,117,44,88,91,10.2799085549315,13.332585404238,0.401905298179367,2020-05-04,2020,5
"12840","SP",3,"Sudeste",35036,"Presidente Prudente",616976,29141.2086118747,19,122,16,106,45,77,0,0,0,0,0,122,16,106,45,77,81,10.2799085549315,13.332585404238,0.410096885263018,2020-05-11,2020,5
"12841","SP",3,"Sudeste",35036,"Presidente Prudente",616976,29141.2086118747,20,145,17,128,42,103,1,0,0,0,0,146,17,128,42,103,75,10.2799085549315,13.332585404238,0.404951802482689,2020-05-18,2020,5
"12842","SP",3,"Sudeste",35036,"Presidente Prudente",616976,29141.2086118747,21,141,15,126,47,94,2,0,0,0,0,143,15,126,47,94,101,10.2799085549315,13.332585404238,0.406314178324715,2020-05-25,2020,5
"12843","SP",3,"Sudeste",35036,"Presidente Prudente",616976,29141.2086118747,22,137,24,113,57,80,1,0,0,0,0,138,24,113,57,80,105,10.2799085549315,13.332585404238,0.393831265612412,2020-06-01,2020,6
"12844","SP",3,"Sudeste",35036,"Presidente Prudente",616976,29141.2086118747,23,141,19,122,42,99,0,0,0,0,0,141,19,122,42,99,107,10.2799085549315,13.332585404238,0.380453195847632,2020-06-08,2020,6
"12845","SP",3,"Sudeste",35036,"Presidente Prudente",616976,29141.2086118747,24,123,14,109,38,85,2,0,0,0,0,125,14,109,38,85,83,10.2799085549315,13.332585404238,0.376662006834183,2020-06-15,2020,6
"12846","SP",3,"Sudeste",35036,"Presidente Prudente",616976,29141.2086118747,25,106,16,90,36,70,0,0,0,0,0,106,16,90,36,70,94,10.2799085549315,13.332585404238,0.390026961413193,2020-06-22,2020,6
"12847","SP",3,"Sudeste",35036,"Presidente Prudente",616976,29141.2086118747,26,125,18,107,39,86,0,0,0,0,0,125,18,107,39,86,86,10.2799085549315,13.332585404238,0.381907969992997,2020-06-29,2020,6
"12848","SP",3,"Sudeste",35036,"Presidente Prudente",616976,29141.2086118747,27,115,10,105,40,75,2,0,0,0,0,117,10,105,40,75,95,10.2799085549315,13.332585404238,0.384476844807687,2020-07-06,2020,7
"12849","SP",3,"Sudeste",35036,"Presidente Prudente",616976,29141.2086118747,28,115,17,98,31,84,3,0,0,0,0,118,17,98,31,84,107,10.2799085549315,13.332585404238,0.379160191458892,2020-07-13,2020,7
"12850","SP",3,"Sudeste",35036,"Presidente Prudente",616976,29141.2086118747,29,125,15,110,36,89,1,0,0,0,0,126,15,110,36,89,107,10.2799085549315,13.332585404238,0.383934613222883,2020-07-20,2020,7
"12851","SP",3,"Sudeste",35037,"Tupã",114327,33492.1263829192,5,22,3,19,5,17,0,0,0,0,0,22,3,19,5,17,22,10.4190656568428,11.6468180423597,0.279767202224961,2020-02-03,2020,2
"12852","SP",3,"Sudeste",35037,"Tupã",114327,33492.1263829192,6,28,1,27,6,22,0,0,0,0,0,28,1,27,6,22,18,10.4190656568428,11.6468180423597,0.284666560472176,2020-02-10,2020,2
"12853","SP",3,"Sudeste",35037,"Tupã",114327,33492.1263829192,7,19,1,18,8,11,1,0,0,0,0,20,1,18,8,11,14,10.4190656568428,11.6468180423597,0.276637571920239,2020-02-17,2020,2
"12854","SP",3,"Sudeste",35037,"Tupã",114327,33492.1263829192,8,17,0,17,5,12,0,0,0,0,0,17,0,17,5,12,18,10.4190656568428,11.6468180423597,0.330230446885367,2020-02-24,2020,2
"12855","SP",3,"Sudeste",35037,"Tupã",114327,33492.1263829192,9,29,5,24,9,20,0,0,0,0,0,29,5,24,9,20,16,10.4190656568428,11.6468180423597,0.300220769954125,2020-03-02,2020,3
"12856","SP",3,"Sudeste",35037,"Tupã",114327,33492.1263829192,10,23,3,20,7,16,0,0,0,0,0,23,3,20,7,16,21,10.4190656568428,11.6468180423597,0.302533625564898,2020-03-09,2020,3
"12857","SP",3,"Sudeste",35037,"Tupã",114327,33492.1263829192,11,25,3,22,7,18,2,0,0,0,0,27,3,22,7,18,27,10.4190656568428,11.6468180423597,0.362756531036103,2020-03-16,2020,3
"12858","SP",3,"Sudeste",35037,"Tupã",114327,33492.1263829192,12,19,4,15,8,11,0,0,0,0,0,19,4,15,8,11,21,10.4190656568428,11.6468180423597,0.45577895036532,2020-03-23,2020,3
"12859","SP",3,"Sudeste",35037,"Tupã",114327,33492.1263829192,13,17,3,14,6,11,0,0,0,0,0,17,3,14,6,11,13,10.4190656568428,11.6468180423597,0.420697121187796,2020-03-30,2020,3
"12860","SP",3,"Sudeste",35037,"Tupã",114327,33492.1263829192,14,17,2,15,2,15,0,0,0,0,0,17,2,15,2,15,12,10.4190656568428,11.6468180423597,0.411856374626964,2020-04-06,2020,4
"12861","SP",3,"Sudeste",35037,"Tupã",114327,33492.1263829192,15,19,3,16,5,14,0,0,0,0,0,19,3,16,5,14,20,10.4190656568428,11.6468180423597,0.389319247592296,2020-04-13,2020,4
"12862","SP",3,"Sudeste",35037,"Tupã",114327,33492.1263829192,16,22,4,18,9,13,0,0,0,0,0,22,4,18,9,13,12,10.4190656568428,11.6468180423597,0.40279088592135,2020-04-20,2020,4
"12863","SP",3,"Sudeste",35037,"Tupã",114327,33492.1263829192,17,26,3,23,5,21,0,0,0,0,0,26,3,23,5,21,20,10.4190656568428,11.6468180423597,0.398885093087168,2020-04-27,2020,4
"12864","SP",3,"Sudeste",35037,"Tupã",114327,33492.1263829192,18,25,2,23,11,14,0,0,0,0,0,25,2,23,11,14,18,10.4190656568428,11.6468180423597,0.369490109746466,2020-05-04,2020,5
"12865","SP",3,"Sudeste",35037,"Tupã",114327,33492.1263829192,19,29,2,27,9,20,0,0,0,0,0,29,2,27,9,20,11,10.4190656568428,11.6468180423597,0.379176152713796,2020-05-11,2020,5
"12866","SP",3,"Sudeste",35037,"Tupã",114327,33492.1263829192,20,34,4,30,10,24,0,0,0,0,0,34,4,30,10,24,16,10.4190656568428,11.6468180423597,0.367157833829223,2020-05-18,2020,5
"12867","SP",3,"Sudeste",35037,"Tupã",114327,33492.1263829192,21,28,6,22,13,15,0,0,0,0,0,28,6,22,13,15,23,10.4190656568428,11.6468180423597,0.377491428526055,2020-05-25,2020,5
"12868","SP",3,"Sudeste",35037,"Tupã",114327,33492.1263829192,22,33,5,28,6,27,0,0,0,0,0,33,5,28,6,27,22,10.4190656568428,11.6468180423597,0.357140409160537,2020-06-01,2020,6
"12869","SP",3,"Sudeste",35037,"Tupã",114327,33492.1263829192,23,34,4,30,7,27,1,0,0,0,0,35,4,30,7,27,24,10.4190656568428,11.6468180423597,0.366887669312777,2020-06-08,2020,6
"12870","SP",3,"Sudeste",35037,"Tupã",114327,33492.1263829192,24,31,8,23,7,24,0,0,0,0,0,31,8,23,7,24,19,10.4190656568428,11.6468180423597,0.340206070020244,2020-06-15,2020,6
"12871","SP",3,"Sudeste",35037,"Tupã",114327,33492.1263829192,25,23,1,22,10,13,0,0,0,0,0,23,1,22,10,13,17,10.4190656568428,11.6468180423597,0.35768089104143,2020-06-22,2020,6
"12872","SP",3,"Sudeste",35037,"Tupã",114327,33492.1263829192,26,30,4,26,8,22,0,0,0,0,0,30,4,26,8,22,22,10.4190656568428,11.6468180423597,0.362474140082225,2020-06-29,2020,6
"12873","SP",3,"Sudeste",35037,"Tupã",114327,33492.1263829192,27,33,6,27,12,21,0,0,0,0,0,33,6,27,12,21,22,10.4190656568428,11.6468180423597,0.350180904482696,2020-07-06,2020,7
"12874","SP",3,"Sudeste",35037,"Tupã",114327,33492.1263829192,28,23,1,22,7,16,1,0,0,0,0,24,1,22,7,16,26,10.4190656568428,11.6468180423597,0.348523680328777,2020-07-13,2020,7
"12875","SP",3,"Sudeste",35037,"Tupã",114327,33492.1263829192,29,26,3,23,9,17,1,0,0,0,0,27,3,23,9,17,21,10.4190656568428,11.6468180423597,0.360125171823951,2020-07-20,2020,7
"12876","SP",3,"Sudeste",35038,"Marília",358810,32334.2840737159,5,63,3,60,12,51,0,0,0,0,0,63,3,60,12,51,47,10.3838833727268,12.7905482794584,0.275270415489009,2020-02-03,2020,2
"12877","SP",3,"Sudeste",35038,"Marília",358810,32334.2840737159,6,59,6,53,20,39,1,0,0,0,0,60,6,53,20,39,45,10.3838833727268,12.7905482794584,0.2729766161911,2020-02-10,2020,2
"12878","SP",3,"Sudeste",35038,"Marília",358810,32334.2840737159,7,60,6,54,22,38,0,0,0,0,0,60,6,54,22,38,49,10.3838833727268,12.7905482794584,0.282524493367225,2020-02-17,2020,2
"12879","SP",3,"Sudeste",35038,"Marília",358810,32334.2840737159,8,78,4,74,25,53,0,0,0,0,0,78,4,74,25,53,47,10.3838833727268,12.7905482794584,0.332053781989662,2020-02-24,2020,2
"12880","SP",3,"Sudeste",35038,"Marília",358810,32334.2840737159,9,75,12,63,26,49,0,0,0,0,0,75,12,63,26,49,40,10.3838833727268,12.7905482794584,0.299752356176602,2020-03-02,2020,3
"12881","SP",3,"Sudeste",35038,"Marília",358810,32334.2840737159,10,72,2,70,25,47,2,0,0,0,0,74,2,70,25,47,63,10.3838833727268,12.7905482794584,0.309646305084014,2020-03-09,2020,3
"12882","SP",3,"Sudeste",35038,"Marília",358810,32334.2840737159,11,88,10,78,29,59,0,0,0,0,0,88,10,78,29,59,53,10.3838833727268,12.7905482794584,0.386612274331777,2020-03-16,2020,3
"12883","SP",3,"Sudeste",35038,"Marília",358810,32334.2840737159,12,79,2,77,22,57,1,0,0,0,0,80,2,77,22,57,63,10.3838833727268,12.7905482794584,0.502146250206044,2020-03-23,2020,3
"12884","SP",3,"Sudeste",35038,"Marília",358810,32334.2840737159,13,67,4,63,18,49,0,0,0,0,0,67,4,63,18,49,63,10.3838833727268,12.7905482794584,0.461849012397057,2020-03-30,2020,3
"12885","SP",3,"Sudeste",35038,"Marília",358810,32334.2840737159,14,79,11,68,26,53,0,0,0,0,0,79,11,68,26,53,51,10.3838833727268,12.7905482794584,0.444939763980523,2020-04-06,2020,4
"12886","SP",3,"Sudeste",35038,"Marília",358810,32334.2840737159,15,76,8,68,28,48,1,0,0,0,0,77,8,68,28,48,34,10.3838833727268,12.7905482794584,0.42913278055393,2020-04-13,2020,4
"12887","SP",3,"Sudeste",35038,"Marília",358810,32334.2840737159,16,62,5,57,18,44,0,0,0,0,0,62,5,57,18,44,39,10.3838833727268,12.7905482794584,0.432777871907917,2020-04-20,2020,4
"12888","SP",3,"Sudeste",35038,"Marília",358810,32334.2840737159,17,73,4,69,24,49,0,0,0,0,0,73,4,69,24,49,37,10.3838833727268,12.7905482794584,0.415249047707714,2020-04-27,2020,4
"12889","SP",3,"Sudeste",35038,"Marília",358810,32334.2840737159,18,77,7,70,24,53,1,0,0,0,0,78,7,70,24,53,45,10.3838833727268,12.7905482794584,0.392668258225043,2020-05-04,2020,5
"12890","SP",3,"Sudeste",35038,"Marília",358810,32334.2840737159,19,70,7,63,16,54,0,0,0,0,0,70,7,63,16,54,48,10.3838833727268,12.7905482794584,0.396277826158494,2020-05-11,2020,5
"12891","SP",3,"Sudeste",35038,"Marília",358810,32334.2840737159,20,86,9,77,24,62,0,0,0,0,0,86,9,77,24,62,59,10.3838833727268,12.7905482794584,0.394063581589181,2020-05-18,2020,5
"12892","SP",3,"Sudeste",35038,"Marília",358810,32334.2840737159,21,80,8,72,23,57,0,0,0,0,0,80,8,72,23,57,38,10.3838833727268,12.7905482794584,0.389408080297552,2020-05-25,2020,5
"12893","SP",3,"Sudeste",35038,"Marília",358810,32334.2840737159,22,89,11,78,25,64,0,0,0,0,0,89,11,78,25,64,47,10.3838833727268,12.7905482794584,0.372308110174982,2020-06-01,2020,6
"12894","SP",3,"Sudeste",35038,"Marília",358810,32334.2840737159,23,74,9,65,18,56,0,0,0,0,0,74,9,65,18,56,58,10.3838833727268,12.7905482794584,0.366044867809218,2020-06-08,2020,6
"12895","SP",3,"Sudeste",35038,"Marília",358810,32334.2840737159,24,69,5,64,20,49,0,0,0,0,0,69,5,64,20,49,49,10.3838833727268,12.7905482794584,0.348523862621356,2020-06-15,2020,6
"12896","SP",3,"Sudeste",35038,"Marília",358810,32334.2840737159,25,76,7,69,19,57,0,0,0,0,0,76,7,69,19,57,65,10.3838833727268,12.7905482794584,0.368860885602825,2020-06-22,2020,6
"12897","SP",3,"Sudeste",35038,"Marília",358810,32334.2840737159,26,67,6,61,29,38,0,0,0,0,0,67,6,61,29,38,57,10.3838833727268,12.7905482794584,0.36977273462171,2020-06-29,2020,6
"12898","SP",3,"Sudeste",35038,"Marília",358810,32334.2840737159,27,91,7,84,28,63,1,0,0,0,0,92,7,84,28,63,46,10.3838833727268,12.7905482794584,0.36434203390193,2020-07-06,2020,7
"12899","SP",3,"Sudeste",35038,"Marília",358810,32334.2840737159,28,80,6,74,21,59,3,0,0,0,0,83,6,74,21,59,59,10.3838833727268,12.7905482794584,0.35543741398885,2020-07-13,2020,7
"12900","SP",3,"Sudeste",35038,"Marília",358810,32334.2840737159,29,90,9,81,24,66,0,0,0,0,0,90,9,81,24,66,47,10.3838833727268,12.7905482794584,0.3615115216754,2020-07-20,2020,7
"12901","SP",3,"Sudeste",35039,"Assis",287142,34218.7956317432,5,58,11,47,13,45,0,0,0,0,0,58,11,47,13,45,41,10.4405303519625,12.5677321459009,0.284949824408013,2020-02-03,2020,2
"12902","SP",3,"Sudeste",35039,"Assis",287142,34218.7956317432,6,49,6,43,16,33,1,0,0,0,0,50,6,43,16,33,37,10.4405303519625,12.5677321459009,0.284341053244949,2020-02-10,2020,2
"12903","SP",3,"Sudeste",35039,"Assis",287142,34218.7956317432,7,65,13,52,24,41,0,0,0,0,0,65,13,52,24,41,36,10.4405303519625,12.5677321459009,0.291717266541795,2020-02-17,2020,2
"12904","SP",3,"Sudeste",35039,"Assis",287142,34218.7956317432,8,52,8,44,20,32,0,0,0,0,0,52,8,44,20,32,49,10.4405303519625,12.5677321459009,0.334249583866901,2020-02-24,2020,2
"12905","SP",3,"Sudeste",35039,"Assis",287142,34218.7956317432,9,55,8,47,23,32,0,0,0,0,0,55,8,47,23,32,40,10.4405303519625,12.5677321459009,0.312496127693359,2020-03-02,2020,3
"12906","SP",3,"Sudeste",35039,"Assis",287142,34218.7956317432,10,52,7,45,18,34,0,0,0,0,0,52,7,45,18,34,38,10.4405303519625,12.5677321459009,0.329417255681226,2020-03-09,2020,3
"12907","SP",3,"Sudeste",35039,"Assis",287142,34218.7956317432,11,57,9,48,16,41,0,0,0,0,0,57,9,48,16,41,38,10.4405303519625,12.5677321459009,0.399722734704237,2020-03-16,2020,3
"12908","SP",3,"Sudeste",35039,"Assis",287142,34218.7956317432,12,51,7,44,21,30,1,0,0,0,0,52,7,44,21,30,48,10.4405303519625,12.5677321459009,0.506316635224491,2020-03-23,2020,3
"12909","SP",3,"Sudeste",35039,"Assis",287142,34218.7956317432,13,36,6,30,15,21,0,0,0,0,0,36,6,30,15,21,37,10.4405303519625,12.5677321459009,0.456903876916759,2020-03-30,2020,3
"12910","SP",3,"Sudeste",35039,"Assis",287142,34218.7956317432,14,47,4,43,17,30,0,0,0,0,0,47,4,43,17,30,35,10.4405303519625,12.5677321459009,0.449601743436686,2020-04-06,2020,4
"12911","SP",3,"Sudeste",35039,"Assis",287142,34218.7956317432,15,54,6,48,27,27,1,0,0,0,0,55,6,48,27,27,43,10.4405303519625,12.5677321459009,0.43033448418106,2020-04-13,2020,4
"12912","SP",3,"Sudeste",35039,"Assis",287142,34218.7956317432,16,38,9,29,19,19,1,0,0,0,0,39,9,29,19,19,38,10.4405303519625,12.5677321459009,0.431697634214305,2020-04-20,2020,4
"12913","SP",3,"Sudeste",35039,"Assis",287142,34218.7956317432,17,58,5,53,26,32,0,0,0,0,0,58,5,53,26,32,30,10.4405303519625,12.5677321459009,0.427353266468982,2020-04-27,2020,4
"12914","SP",3,"Sudeste",35039,"Assis",287142,34218.7956317432,18,60,6,54,23,37,1,0,0,0,0,61,6,54,23,37,49,10.4405303519625,12.5677321459009,0.407660239790953,2020-05-04,2020,5
"12915","SP",3,"Sudeste",35039,"Assis",287142,34218.7956317432,19,59,4,55,17,42,0,0,0,0,0,59,4,55,17,42,54,10.4405303519625,12.5677321459009,0.408916984582682,2020-05-11,2020,5
"12916","SP",3,"Sudeste",35039,"Assis",287142,34218.7956317432,20,70,8,62,21,49,0,0,0,0,0,70,8,62,21,49,44,10.4405303519625,12.5677321459009,0.407230792767464,2020-05-18,2020,5
"12917","SP",3,"Sudeste",35039,"Assis",287142,34218.7956317432,21,64,10,54,21,43,0,0,0,0,0,64,10,54,21,43,42,10.4405303519625,12.5677321459009,0.401980477060779,2020-05-25,2020,5
"12918","SP",3,"Sudeste",35039,"Assis",287142,34218.7956317432,22,60,10,50,18,42,0,0,0,0,0,60,10,50,18,42,43,10.4405303519625,12.5677321459009,0.395172301907845,2020-06-01,2020,6
"12919","SP",3,"Sudeste",35039,"Assis",287142,34218.7956317432,23,65,4,61,16,49,1,0,0,0,0,66,4,61,16,49,56,10.4405303519625,12.5677321459009,0.383518738585271,2020-06-08,2020,6
"12920","SP",3,"Sudeste",35039,"Assis",287142,34218.7956317432,24,57,6,51,18,39,1,0,0,0,0,58,6,51,18,39,50,10.4405303519625,12.5677321459009,0.371401281216753,2020-06-15,2020,6
"12921","SP",3,"Sudeste",35039,"Assis",287142,34218.7956317432,25,60,4,56,23,37,0,0,0,0,0,60,4,56,23,37,46,10.4405303519625,12.5677321459009,0.380135136551586,2020-06-22,2020,6
"12922","SP",3,"Sudeste",35039,"Assis",287142,34218.7956317432,26,62,7,55,24,38,0,0,0,0,0,62,7,55,24,38,42,10.4405303519625,12.5677321459009,0.392552360780692,2020-06-29,2020,6
"12923","SP",3,"Sudeste",35039,"Assis",287142,34218.7956317432,27,54,5,49,18,36,0,0,0,0,0,54,5,49,18,36,54,10.4405303519625,12.5677321459009,0.379416532852701,2020-07-06,2020,7
"12924","SP",3,"Sudeste",35039,"Assis",287142,34218.7956317432,28,65,8,57,25,40,2,0,0,0,0,67,8,57,25,40,50,10.4405303519625,12.5677321459009,0.379212190849714,2020-07-13,2020,7
"12925","SP",3,"Sudeste",35039,"Assis",287142,34218.7956317432,29,69,4,65,21,48,0,0,0,0,0,69,4,65,21,48,53,10.4405303519625,12.5677321459009,0.370013383175877,2020-07-20,2020,7
"12926","SP",3,"Sudeste",35040,"Ourinhos",315943,27559.6522967751,5,69,10,59,25,44,1,0,0,0,0,70,10,59,25,44,48,10.2241081088207,12.6633170965518,0.29752096681904,2020-02-03,2020,2
"12927","SP",3,"Sudeste",35040,"Ourinhos",315943,27559.6522967751,6,74,11,63,33,41,2,0,0,0,0,76,11,63,33,41,42,10.2241081088207,12.6633170965518,0.295207628899874,2020-02-10,2020,2
"12928","SP",3,"Sudeste",35040,"Ourinhos",315943,27559.6522967751,7,66,13,53,24,42,0,0,0,0,0,66,13,53,24,42,34,10.2241081088207,12.6633170965518,0.299425499975771,2020-02-17,2020,2
"12929","SP",3,"Sudeste",35040,"Ourinhos",315943,27559.6522967751,8,65,9,56,20,45,0,0,0,0,0,65,9,56,20,45,46,10.2241081088207,12.6633170965518,0.341784990858127,2020-02-24,2020,2
"12930","SP",3,"Sudeste",35040,"Ourinhos",315943,27559.6522967751,9,65,7,58,17,48,1,0,0,0,0,66,7,58,17,48,46,10.2241081088207,12.6633170965518,0.312846468441658,2020-03-02,2020,3
"12931","SP",3,"Sudeste",35040,"Ourinhos",315943,27559.6522967751,10,74,20,54,27,47,0,0,0,0,0,74,20,54,27,47,56,10.2241081088207,12.6633170965518,0.325190052730743,2020-03-09,2020,3
"12932","SP",3,"Sudeste",35040,"Ourinhos",315943,27559.6522967751,11,70,12,58,28,42,0,0,0,0,0,70,12,58,28,42,44,10.2241081088207,12.6633170965518,0.402729475943378,2020-03-16,2020,3
"12933","SP",3,"Sudeste",35040,"Ourinhos",315943,27559.6522967751,12,60,17,43,22,38,1,0,0,0,0,61,17,43,22,38,41,10.2241081088207,12.6633170965518,0.512188882971444,2020-03-23,2020,3
"12934","SP",3,"Sudeste",35040,"Ourinhos",315943,27559.6522967751,13,58,11,47,23,35,0,0,0,0,0,58,11,47,23,35,43,10.2241081088207,12.6633170965518,0.471495470892942,2020-03-30,2020,3
"12935","SP",3,"Sudeste",35040,"Ourinhos",315943,27559.6522967751,14,49,10,39,20,29,1,0,0,0,0,50,10,39,20,29,40,10.2241081088207,12.6633170965518,0.466984934959971,2020-04-06,2020,4
"12936","SP",3,"Sudeste",35040,"Ourinhos",315943,27559.6522967751,15,67,18,49,25,42,0,0,0,0,0,67,18,49,25,42,52,10.2241081088207,12.6633170965518,0.448197870135686,2020-04-13,2020,4
"12937","SP",3,"Sudeste",35040,"Ourinhos",315943,27559.6522967751,16,64,10,54,22,42,1,0,0,0,0,65,10,54,22,42,43,10.2241081088207,12.6633170965518,0.444682467475721,2020-04-20,2020,4
"12938","SP",3,"Sudeste",35040,"Ourinhos",315943,27559.6522967751,17,59,9,50,28,31,0,0,0,0,0,59,9,50,28,31,32,10.2241081088207,12.6633170965518,0.431799420342651,2020-04-27,2020,4
"12939","SP",3,"Sudeste",35040,"Ourinhos",315943,27559.6522967751,18,58,13,45,20,38,2,0,0,0,0,60,13,45,20,38,41,10.2241081088207,12.6633170965518,0.416563760832182,2020-05-04,2020,5
"12940","SP",3,"Sudeste",35040,"Ourinhos",315943,27559.6522967751,19,61,8,53,22,39,0,0,0,0,0,61,8,53,22,39,46,10.2241081088207,12.6633170965518,0.411497340949059,2020-05-11,2020,5
"12941","SP",3,"Sudeste",35040,"Ourinhos",315943,27559.6522967751,20,68,11,57,23,45,1,0,0,0,0,69,11,57,23,45,52,10.2241081088207,12.6633170965518,0.416607031161804,2020-05-18,2020,5
"12942","SP",3,"Sudeste",35040,"Ourinhos",315943,27559.6522967751,21,89,18,71,32,57,0,0,0,0,0,89,18,71,32,57,47,10.2241081088207,12.6633170965518,0.41288332868126,2020-05-25,2020,5
"12943","SP",3,"Sudeste",35040,"Ourinhos",315943,27559.6522967751,22,91,11,80,26,65,0,0,0,0,0,91,11,80,26,65,42,10.2241081088207,12.6633170965518,0.406840442609842,2020-06-01,2020,6
"12944","SP",3,"Sudeste",35040,"Ourinhos",315943,27559.6522967751,23,90,17,73,31,59,0,0,0,0,0,90,17,73,31,59,45,10.2241081088207,12.6633170965518,0.394876383608854,2020-06-08,2020,6
"12945","SP",3,"Sudeste",35040,"Ourinhos",315943,27559.6522967751,24,74,12,62,29,45,2,0,0,0,0,76,12,62,29,45,44,10.2241081088207,12.6633170965518,0.381145939897803,2020-06-15,2020,6
"12946","SP",3,"Sudeste",35040,"Ourinhos",315943,27559.6522967751,25,76,13,63,27,49,0,0,0,0,0,76,13,63,27,49,34,10.2241081088207,12.6633170965518,0.393903009470044,2020-06-22,2020,6
"12947","SP",3,"Sudeste",35040,"Ourinhos",315943,27559.6522967751,26,76,12,64,23,53,2,0,0,0,0,78,12,64,23,53,63,10.2241081088207,12.6633170965518,0.387618702232497,2020-06-29,2020,6
"12948","SP",3,"Sudeste",35040,"Ourinhos",315943,27559.6522967751,27,63,7,56,19,44,0,0,0,0,0,63,7,56,19,44,51,10.2241081088207,12.6633170965518,0.383820861743724,2020-07-06,2020,7
"12949","SP",3,"Sudeste",35040,"Ourinhos",315943,27559.6522967751,28,75,10,65,28,47,1,0,0,0,0,76,10,65,28,47,58,10.2241081088207,12.6633170965518,0.37593009082406,2020-07-13,2020,7
"12950","SP",3,"Sudeste",35040,"Ourinhos",315943,27559.6522967751,29,70,16,54,25,45,0,0,0,0,0,70,16,54,25,45,67,10.2241081088207,12.6633170965518,0.385582736097111,2020-07-20,2020,7
"12951","SP",3,"Sudeste",35041,"Itapeva",254651,23459.0357272895,5,56,11,45,23,33,0,0,0,0,0,56,11,45,23,33,27,10.0630110185191,12.4476492592636,0.324212822158799,2020-02-03,2020,2
"12952","SP",3,"Sudeste",35041,"Itapeva",254651,23459.0357272895,6,63,15,48,28,35,1,0,0,0,0,64,15,48,28,35,34,10.0630110185191,12.4476492592636,0.319597183812684,2020-02-10,2020,2
"12953","SP",3,"Sudeste",35041,"Itapeva",254651,23459.0357272895,7,72,15,57,30,42,1,0,0,0,0,73,15,57,30,42,26,10.0630110185191,12.4476492592636,0.339154801952979,2020-02-17,2020,2
"12954","SP",3,"Sudeste",35041,"Itapeva",254651,23459.0357272895,8,52,12,40,28,24,0,0,0,0,0,52,12,40,28,24,37,10.0630110185191,12.4476492592636,0.384700667218235,2020-02-24,2020,2
"12955","SP",3,"Sudeste",35041,"Itapeva",254651,23459.0357272895,9,67,15,52,29,38,0,0,0,0,0,67,15,52,29,38,29,10.0630110185191,12.4476492592636,0.349322833425346,2020-03-02,2020,3
"12956","SP",3,"Sudeste",35041,"Itapeva",254651,23459.0357272895,10,62,19,43,27,35,0,0,0,0,0,62,19,43,27,35,31,10.0630110185191,12.4476492592636,0.353076332726747,2020-03-09,2020,3
"12957","SP",3,"Sudeste",35041,"Itapeva",254651,23459.0357272895,11,58,14,44,22,36,0,0,0,0,0,58,14,44,22,36,29,10.0630110185191,12.4476492592636,0.452487092839594,2020-03-16,2020,3
"12958","SP",3,"Sudeste",35041,"Itapeva",254651,23459.0357272895,12,54,12,42,25,29,0,0,0,0,0,54,12,42,25,29,39,10.0630110185191,12.4476492592636,0.554339641362305,2020-03-23,2020,3
"12959","SP",3,"Sudeste",35041,"Itapeva",254651,23459.0357272895,13,60,16,44,18,42,2,0,0,0,0,62,16,44,18,42,41,10.0630110185191,12.4476492592636,0.520953273705028,2020-03-30,2020,3
"12960","SP",3,"Sudeste",35041,"Itapeva",254651,23459.0357272895,14,66,18,48,35,31,0,0,0,0,0,66,18,48,35,31,37,10.0630110185191,12.4476492592636,0.498106945160202,2020-04-06,2020,4
"12961","SP",3,"Sudeste",35041,"Itapeva",254651,23459.0357272895,15,63,10,53,27,36,0,0,0,0,0,63,10,53,27,36,35,10.0630110185191,12.4476492592636,0.47986065697977,2020-04-13,2020,4
"12962","SP",3,"Sudeste",35041,"Itapeva",254651,23459.0357272895,16,70,15,55,37,33,0,0,0,0,0,70,15,55,37,33,47,10.0630110185191,12.4476492592636,0.469886461530251,2020-04-20,2020,4
"12963","SP",3,"Sudeste",35041,"Itapeva",254651,23459.0357272895,17,70,15,55,24,46,0,0,0,0,0,70,15,55,24,46,29,10.0630110185191,12.4476492592636,0.462248313211059,2020-04-27,2020,4
"12964","SP",3,"Sudeste",35041,"Itapeva",254651,23459.0357272895,18,72,19,53,27,45,1,0,0,0,0,73,19,53,27,45,41,10.0630110185191,12.4476492592636,0.441219087160883,2020-05-04,2020,5
"12965","SP",3,"Sudeste",35041,"Itapeva",254651,23459.0357272895,19,55,18,37,18,37,3,0,0,0,0,58,18,37,18,37,35,10.0630110185191,12.4476492592636,0.452771891719963,2020-05-11,2020,5
"12966","SP",3,"Sudeste",35041,"Itapeva",254651,23459.0357272895,20,76,10,66,26,50,0,0,0,0,0,76,10,66,26,50,40,10.0630110185191,12.4476492592636,0.454360933115063,2020-05-18,2020,5
"12967","SP",3,"Sudeste",35041,"Itapeva",254651,23459.0357272895,21,64,13,51,23,41,0,0,0,0,0,64,13,51,23,41,29,10.0630110185191,12.4476492592636,0.449750357441592,2020-05-25,2020,5
"12968","SP",3,"Sudeste",35041,"Itapeva",254651,23459.0357272895,22,83,19,64,26,57,1,0,0,0,0,84,19,64,26,57,38,10.0630110185191,12.4476492592636,0.444750166547608,2020-06-01,2020,6
"12969","SP",3,"Sudeste",35041,"Itapeva",254651,23459.0357272895,23,68,13,55,34,34,1,0,0,0,0,69,13,55,34,34,36,10.0630110185191,12.4476492592636,0.432130052283298,2020-06-08,2020,6
"12970","SP",3,"Sudeste",35041,"Itapeva",254651,23459.0357272895,24,65,22,43,26,39,0,0,0,0,0,65,22,43,26,39,42,10.0630110185191,12.4476492592636,0.415379381005203,2020-06-15,2020,6
"12971","SP",3,"Sudeste",35041,"Itapeva",254651,23459.0357272895,25,73,23,50,34,39,0,0,0,0,0,73,23,50,34,39,34,10.0630110185191,12.4476492592636,0.438127454470836,2020-06-22,2020,6
"12972","SP",3,"Sudeste",35041,"Itapeva",254651,23459.0357272895,26,64,14,50,24,40,0,0,0,0,0,64,14,50,24,40,43,10.0630110185191,12.4476492592636,0.430566886059421,2020-06-29,2020,6
"12973","SP",3,"Sudeste",35041,"Itapeva",254651,23459.0357272895,27,73,19,54,32,41,0,0,0,0,0,73,19,54,32,41,46,10.0630110185191,12.4476492592636,0.424499453709939,2020-07-06,2020,7
"12974","SP",3,"Sudeste",35041,"Itapeva",254651,23459.0357272895,28,73,17,56,31,42,0,0,0,0,0,73,17,56,31,42,45,10.0630110185191,12.4476492592636,0.420964039386473,2020-07-13,2020,7
"12975","SP",3,"Sudeste",35041,"Itapeva",254651,23459.0357272895,29,63,18,45,27,36,1,0,0,0,0,64,18,45,27,36,40,10.0630110185191,12.4476492592636,0.432262620682061,2020-07-20,2020,7
"12976","SP",3,"Sudeste",35042,"Itapetininga",222078,28483.5200973532,5,42,6,36,19,23,0,0,0,0,0,42,6,36,19,23,18,10.2570809568121,12.3107839504963,0.291311521383286,2020-02-03,2020,2
"12977","SP",3,"Sudeste",35042,"Itapetininga",222078,28483.5200973532,6,38,8,30,16,22,0,0,0,0,0,38,8,30,16,22,21,10.2570809568121,12.3107839504963,0.27875665646427,2020-02-10,2020,2
"12978","SP",3,"Sudeste",35042,"Itapetininga",222078,28483.5200973532,7,27,4,23,8,19,0,0,0,0,0,27,4,23,8,19,31,10.2570809568121,12.3107839504963,0.296620037311231,2020-02-17,2020,2
"12979","SP",3,"Sudeste",35042,"Itapetininga",222078,28483.5200973532,8,53,12,41,11,42,0,0,0,0,0,53,12,41,11,42,26,10.2570809568121,12.3107839504963,0.349968707273249,2020-02-24,2020,2
"12980","SP",3,"Sudeste",35042,"Itapetininga",222078,28483.5200973532,9,49,9,40,18,31,0,0,0,0,0,49,9,40,18,31,26,10.2570809568121,12.3107839504963,0.317219873093853,2020-03-02,2020,3
"12981","SP",3,"Sudeste",35042,"Itapetininga",222078,28483.5200973532,10,41,7,34,14,27,1,0,0,0,0,42,7,34,14,27,32,10.2570809568121,12.3107839504963,0.329697003751475,2020-03-09,2020,3
"12982","SP",3,"Sudeste",35042,"Itapetininga",222078,28483.5200973532,11,40,7,33,17,23,0,0,0,0,0,40,7,33,17,23,29,10.2570809568121,12.3107839504963,0.413013560414352,2020-03-16,2020,3
"12983","SP",3,"Sudeste",35042,"Itapetininga",222078,28483.5200973532,12,46,7,39,21,25,0,0,0,0,0,46,7,39,21,25,30,10.2570809568121,12.3107839504963,0.514727622173267,2020-03-23,2020,3
"12984","SP",3,"Sudeste",35042,"Itapetininga",222078,28483.5200973532,13,54,10,44,21,33,0,0,0,0,0,54,10,44,21,33,25,10.2570809568121,12.3107839504963,0.479062813193894,2020-03-30,2020,3
"12985","SP",3,"Sudeste",35042,"Itapetininga",222078,28483.5200973532,14,49,9,40,24,25,0,0,0,0,0,49,9,40,24,25,19,10.2570809568121,12.3107839504963,0.469695877262245,2020-04-06,2020,4
"12986","SP",3,"Sudeste",35042,"Itapetininga",222078,28483.5200973532,15,44,6,38,18,26,0,0,0,0,0,44,6,38,18,26,20,10.2570809568121,12.3107839504963,0.448401132048603,2020-04-13,2020,4
"12987","SP",3,"Sudeste",35042,"Itapetininga",222078,28483.5200973532,16,55,8,47,22,33,0,0,0,0,0,55,8,47,22,33,22,10.2570809568121,12.3107839504963,0.449208666678933,2020-04-20,2020,4
"12988","SP",3,"Sudeste",35042,"Itapetininga",222078,28483.5200973532,17,40,6,34,14,26,1,0,0,0,0,41,6,34,14,26,25,10.2570809568121,12.3107839504963,0.431528905777684,2020-04-27,2020,4
"12989","SP",3,"Sudeste",35042,"Itapetininga",222078,28483.5200973532,18,54,8,46,18,36,0,0,0,0,0,54,8,46,18,36,27,10.2570809568121,12.3107839504963,0.408866101169416,2020-05-04,2020,5
"12990","SP",3,"Sudeste",35042,"Itapetininga",222078,28483.5200973532,19,50,9,41,22,28,0,0,0,0,0,50,9,41,22,28,26,10.2570809568121,12.3107839504963,0.414697555023358,2020-05-11,2020,5
"12991","SP",3,"Sudeste",35042,"Itapetininga",222078,28483.5200973532,20,53,4,49,24,29,0,0,0,0,0,53,4,49,24,29,22,10.2570809568121,12.3107839504963,0.419417062077627,2020-05-18,2020,5
"12992","SP",3,"Sudeste",35042,"Itapetininga",222078,28483.5200973532,21,51,12,39,19,32,1,0,0,0,0,52,12,39,19,32,28,10.2570809568121,12.3107839504963,0.409825119807777,2020-05-25,2020,5
"12993","SP",3,"Sudeste",35042,"Itapetininga",222078,28483.5200973532,22,58,6,52,28,30,0,0,0,0,0,58,6,52,28,30,34,10.2570809568121,12.3107839504963,0.403928741908172,2020-06-01,2020,6
"12994","SP",3,"Sudeste",35042,"Itapetininga",222078,28483.5200973532,23,50,5,45,18,32,0,0,0,0,0,50,5,45,18,32,31,10.2570809568121,12.3107839504963,0.39844559485538,2020-06-08,2020,6
"12995","SP",3,"Sudeste",35042,"Itapetininga",222078,28483.5200973532,24,53,9,44,27,26,0,0,0,0,0,53,9,44,27,26,31,10.2570809568121,12.3107839504963,0.377098431262981,2020-06-15,2020,6
"12996","SP",3,"Sudeste",35042,"Itapetininga",222078,28483.5200973532,25,47,10,37,14,33,0,0,0,0,0,47,10,37,14,33,31,10.2570809568121,12.3107839504963,0.400323762422585,2020-06-22,2020,6
"12997","SP",3,"Sudeste",35042,"Itapetininga",222078,28483.5200973532,26,32,5,27,15,17,0,0,0,0,0,32,5,27,15,17,30,10.2570809568121,12.3107839504963,0.39414192046788,2020-06-29,2020,6
"12998","SP",3,"Sudeste",35042,"Itapetininga",222078,28483.5200973532,27,53,8,45,19,34,0,0,0,0,0,53,8,45,19,34,29,10.2570809568121,12.3107839504963,0.38587236012142,2020-07-06,2020,7
"12999","SP",3,"Sudeste",35042,"Itapetininga",222078,28483.5200973532,28,46,8,38,15,31,0,0,0,0,0,46,8,38,15,31,36,10.2570809568121,12.3107839504963,0.384201940669155,2020-07-13,2020,7
"13000","SP",3,"Sudeste",35042,"Itapetininga",222078,28483.5200973532,29,39,5,34,16,23,0,0,0,0,0,39,5,34,16,23,25,10.2570809568121,12.3107839504963,0.387422312629132,2020-07-20,2020,7
"13001","SP",3,"Sudeste",35043,"Tatuí",307215,34370.7045889686,5,61,14,47,16,45,1,0,0,0,0,62,14,47,16,45,34,10.4449598697492,12.6353031071886,0.29060798197394,2020-02-03,2020,2
"13002","SP",3,"Sudeste",35043,"Tatuí",307215,34370.7045889686,6,52,13,39,24,28,0,0,0,0,0,52,13,39,24,28,40,10.4449598697492,12.6353031071886,0.292192788672789,2020-02-10,2020,2
"13003","SP",3,"Sudeste",35043,"Tatuí",307215,34370.7045889686,7,58,14,44,17,41,0,0,0,0,0,58,14,44,17,41,48,10.4449598697492,12.6353031071886,0.295271285579881,2020-02-17,2020,2
"13004","SP",3,"Sudeste",35043,"Tatuí",307215,34370.7045889686,8,61,12,49,18,43,0,0,0,0,0,61,12,49,18,43,31,10.4449598697492,12.6353031071886,0.345838924575846,2020-02-24,2020,2
"13005","SP",3,"Sudeste",35043,"Tatuí",307215,34370.7045889686,9,67,8,59,23,44,1,0,0,0,0,68,8,59,23,44,36,10.4449598697492,12.6353031071886,0.31973235446201,2020-03-02,2020,3
"13006","SP",3,"Sudeste",35043,"Tatuí",307215,34370.7045889686,10,74,11,63,28,46,0,0,0,0,0,74,11,63,28,46,45,10.4449598697492,12.6353031071886,0.326928117352435,2020-03-09,2020,3
"13007","SP",3,"Sudeste",35043,"Tatuí",307215,34370.7045889686,11,63,12,51,19,44,1,0,0,0,0,64,12,51,19,44,41,10.4449598697492,12.6353031071886,0.410238281258535,2020-03-16,2020,3
"13008","SP",3,"Sudeste",35043,"Tatuí",307215,34370.7045889686,12,60,12,48,21,39,1,0,0,0,0,61,12,48,21,39,35,10.4449598697492,12.6353031071886,0.519507898710323,2020-03-23,2020,3
"13009","SP",3,"Sudeste",35043,"Tatuí",307215,34370.7045889686,13,63,19,44,29,34,2,0,0,0,0,65,19,44,29,34,28,10.4449598697492,12.6353031071886,0.485813864289129,2020-03-30,2020,3
"13010","SP",3,"Sudeste",35043,"Tatuí",307215,34370.7045889686,14,60,10,50,25,35,0,0,0,0,0,60,10,50,25,35,39,10.4449598697492,12.6353031071886,0.46841598539648,2020-04-06,2020,4
"13011","SP",3,"Sudeste",35043,"Tatuí",307215,34370.7045889686,15,65,15,50,25,40,0,0,0,0,0,65,15,50,25,40,49,10.4449598697492,12.6353031071886,0.44990387152534,2020-04-13,2020,4
"13012","SP",3,"Sudeste",35043,"Tatuí",307215,34370.7045889686,16,70,18,52,24,46,0,0,0,0,0,70,18,52,24,46,36,10.4449598697492,12.6353031071886,0.443801868531569,2020-04-20,2020,4
"13013","SP",3,"Sudeste",35043,"Tatuí",307215,34370.7045889686,17,68,14,54,24,44,2,0,0,0,0,70,14,54,24,44,33,10.4449598697492,12.6353031071886,0.434057016200873,2020-04-27,2020,4
"13014","SP",3,"Sudeste",35043,"Tatuí",307215,34370.7045889686,18,65,7,58,17,48,1,0,0,0,0,66,7,58,17,48,46,10.4449598697492,12.6353031071886,0.414284973022011,2020-05-04,2020,5
"13015","SP",3,"Sudeste",35043,"Tatuí",307215,34370.7045889686,19,97,20,77,33,64,1,0,0,0,0,98,20,77,33,64,41,10.4449598697492,12.6353031071886,0.420613279764764,2020-05-11,2020,5
"13016","SP",3,"Sudeste",35043,"Tatuí",307215,34370.7045889686,20,73,13,60,28,45,0,0,0,0,0,73,13,60,28,45,42,10.4449598697492,12.6353031071886,0.413666134537288,2020-05-18,2020,5
"13017","SP",3,"Sudeste",35043,"Tatuí",307215,34370.7045889686,21,84,13,71,35,49,0,0,0,0,0,84,13,71,35,49,47,10.4449598697492,12.6353031071886,0.419569543431914,2020-05-25,2020,5
"13018","SP",3,"Sudeste",35043,"Tatuí",307215,34370.7045889686,22,75,9,66,27,48,0,0,0,0,0,75,9,66,27,48,46,10.4449598697492,12.6353031071886,0.400093150369125,2020-06-01,2020,6
"13019","SP",3,"Sudeste",35043,"Tatuí",307215,34370.7045889686,23,71,14,57,33,38,1,0,0,0,0,72,14,57,33,38,44,10.4449598697492,12.6353031071886,0.394759430415775,2020-06-08,2020,6
"13020","SP",3,"Sudeste",35043,"Tatuí",307215,34370.7045889686,24,66,13,53,18,48,0,0,0,0,0,66,13,53,18,48,54,10.4449598697492,12.6353031071886,0.381425979208972,2020-06-15,2020,6
"13021","SP",3,"Sudeste",35043,"Tatuí",307215,34370.7045889686,25,67,7,60,18,49,0,0,0,0,0,67,7,60,18,49,38,10.4449598697492,12.6353031071886,0.400130109353448,2020-06-22,2020,6
"13022","SP",3,"Sudeste",35043,"Tatuí",307215,34370.7045889686,26,81,16,65,27,54,2,0,0,0,0,83,16,65,27,54,45,10.4449598697492,12.6353031071886,0.398279759197555,2020-06-29,2020,6
"13023","SP",3,"Sudeste",35043,"Tatuí",307215,34370.7045889686,27,75,15,60,20,55,1,0,0,0,0,76,15,60,20,55,39,10.4449598697492,12.6353031071886,0.394421749211417,2020-07-06,2020,7
"13024","SP",3,"Sudeste",35043,"Tatuí",307215,34370.7045889686,28,76,11,65,25,51,1,0,0,0,0,77,11,65,25,51,49,10.4449598697492,12.6353031071886,0.38873195631024,2020-07-13,2020,7
"13025","SP",3,"Sudeste",35043,"Tatuí",307215,34370.7045889686,29,77,9,68,32,45,1,0,0,0,0,78,9,68,32,45,37,10.4449598697492,12.6353031071886,0.389794757307147,2020-07-20,2020,7
"13026","SP",3,"Sudeste",35044,"Capão Bonito",133146,19811.9742961861,5,46,8,38,23,23,0,0,0,0,0,46,8,38,23,23,22,9.89404179632117,11.799201549484,0.312882245345294,2020-02-03,2020,2
"13027","SP",3,"Sudeste",35044,"Capão Bonito",133146,19811.9742961861,6,32,7,25,17,15,0,0,0,0,0,32,7,25,17,15,19,9.89404179632117,11.799201549484,0.301285205143247,2020-02-10,2020,2
"13028","SP",3,"Sudeste",35044,"Capão Bonito",133146,19811.9742961861,7,24,4,20,13,11,0,0,0,0,0,24,4,20,13,11,29,9.89404179632117,11.799201549484,0.32000626332426,2020-02-17,2020,2
"13029","SP",3,"Sudeste",35044,"Capão Bonito",133146,19811.9742961861,8,40,8,32,14,26,3,0,0,0,0,43,8,32,14,26,16,9.89404179632117,11.799201549484,0.357665856787597,2020-02-24,2020,2
"13030","SP",3,"Sudeste",35044,"Capão Bonito",133146,19811.9742961861,9,37,10,27,20,17,0,0,0,0,0,37,10,27,20,17,24,9.89404179632117,11.799201549484,0.332822223193485,2020-03-02,2020,3
"13031","SP",3,"Sudeste",35044,"Capão Bonito",133146,19811.9742961861,10,41,8,33,19,22,0,0,0,0,0,41,8,33,19,22,16,9.89404179632117,11.799201549484,0.341096779671766,2020-03-09,2020,3
"13032","SP",3,"Sudeste",35044,"Capão Bonito",133146,19811.9742961861,11,29,7,22,10,19,0,0,0,0,0,29,7,22,10,19,19,9.89404179632117,11.799201549484,0.417011512196955,2020-03-16,2020,3
"13033","SP",3,"Sudeste",35044,"Capão Bonito",133146,19811.9742961861,12,31,10,21,13,18,1,0,0,0,0,32,10,21,13,18,22,9.89404179632117,11.799201549484,0.522251101939982,2020-03-23,2020,3
"13034","SP",3,"Sudeste",35044,"Capão Bonito",133146,19811.9742961861,13,30,7,23,12,18,0,0,0,0,0,30,7,23,12,18,19,9.89404179632117,11.799201549484,0.47021720001153,2020-03-30,2020,3
"13035","SP",3,"Sudeste",35044,"Capão Bonito",133146,19811.9742961861,14,34,7,27,19,15,0,0,0,0,0,34,7,27,19,15,17,9.89404179632117,11.799201549484,0.467362639153234,2020-04-06,2020,4
"13036","SP",3,"Sudeste",35044,"Capão Bonito",133146,19811.9742961861,15,30,8,22,11,19,0,0,0,0,0,30,8,22,11,19,13,9.89404179632117,11.799201549484,0.447206364283522,2020-04-13,2020,4
"13037","SP",3,"Sudeste",35044,"Capão Bonito",133146,19811.9742961861,16,43,4,39,12,31,1,0,0,0,0,44,4,39,12,31,17,9.89404179632117,11.799201549484,0.437013102869016,2020-04-20,2020,4
"13038","SP",3,"Sudeste",35044,"Capão Bonito",133146,19811.9742961861,17,28,7,21,13,15,0,0,0,0,0,28,7,21,13,15,19,9.89404179632117,11.799201549484,0.444567828367375,2020-04-27,2020,4
"13039","SP",3,"Sudeste",35044,"Capão Bonito",133146,19811.9742961861,18,37,11,26,16,21,0,0,0,0,0,37,11,26,16,21,15,9.89404179632117,11.799201549484,0.427341877889311,2020-05-04,2020,5
"13040","SP",3,"Sudeste",35044,"Capão Bonito",133146,19811.9742961861,19,34,11,23,14,20,0,0,0,0,0,34,11,23,14,20,20,9.89404179632117,11.799201549484,0.422827849099591,2020-05-11,2020,5
"13041","SP",3,"Sudeste",35044,"Capão Bonito",133146,19811.9742961861,20,40,12,28,16,24,0,0,0,0,0,40,12,28,16,24,15,9.89404179632117,11.799201549484,0.423257840146366,2020-05-18,2020,5
"13042","SP",3,"Sudeste",35044,"Capão Bonito",133146,19811.9742961861,21,40,11,29,17,23,0,0,0,0,0,40,11,29,17,23,26,9.89404179632117,11.799201549484,0.440079159530772,2020-05-25,2020,5
"13043","SP",3,"Sudeste",35044,"Capão Bonito",133146,19811.9742961861,22,42,12,30,15,27,0,0,0,0,0,42,12,30,15,27,26,9.89404179632117,11.799201549484,0.429508725244185,2020-06-01,2020,6
"13044","SP",3,"Sudeste",35044,"Capão Bonito",133146,19811.9742961861,23,37,9,28,14,23,0,0,0,0,0,37,9,28,14,23,23,9.89404179632117,11.799201549484,0.406693079505963,2020-06-08,2020,6
"13045","SP",3,"Sudeste",35044,"Capão Bonito",133146,19811.9742961861,24,40,5,35,17,23,0,0,0,0,0,40,5,35,17,23,21,9.89404179632117,11.799201549484,0.408181485337156,2020-06-15,2020,6
"13046","SP",3,"Sudeste",35044,"Capão Bonito",133146,19811.9742961861,25,32,4,28,13,19,0,0,0,0,0,32,4,28,13,19,25,9.89404179632117,11.799201549484,0.439084847851121,2020-06-22,2020,6
"13047","SP",3,"Sudeste",35044,"Capão Bonito",133146,19811.9742961861,26,33,12,21,14,19,0,0,0,0,0,33,12,21,14,19,27,9.89404179632117,11.799201549484,0.428883321232606,2020-06-29,2020,6
"13048","SP",3,"Sudeste",35044,"Capão Bonito",133146,19811.9742961861,27,23,8,15,10,13,1,0,0,0,0,24,8,15,10,13,33,9.89404179632117,11.799201549484,0.42652442877798,2020-07-06,2020,7
"13049","SP",3,"Sudeste",35044,"Capão Bonito",133146,19811.9742961861,28,34,10,24,15,19,0,0,0,0,0,34,10,24,15,19,21,9.89404179632117,11.799201549484,0.422699027349432,2020-07-13,2020,7
"13050","SP",3,"Sudeste",35044,"Capão Bonito",133146,19811.9742961861,29,32,4,28,9,23,0,0,0,0,0,32,4,28,9,23,31,9.89404179632117,11.799201549484,0.422352628147348,2020-07-20,2020,7
"13051","SP",3,"Sudeste",35045,"Piedade",205191,21720.43680678,5,48,17,31,22,26,2,0,0,0,0,50,17,31,22,26,31,9.98600888465505,12.2316965316678,0.283753011360354,2020-02-03,2020,2
"13052","SP",3,"Sudeste",35045,"Piedade",205191,21720.43680678,6,39,10,29,22,17,0,0,0,0,0,39,10,29,22,17,37,9.98600888465505,12.2316965316678,0.277692968653187,2020-02-10,2020,2
"13053","SP",3,"Sudeste",35045,"Piedade",205191,21720.43680678,7,54,14,40,16,38,0,0,0,0,0,54,14,40,16,38,27,9.98600888465505,12.2316965316678,0.291922450122881,2020-02-17,2020,2
"13054","SP",3,"Sudeste",35045,"Piedade",205191,21720.43680678,8,50,15,35,17,33,0,0,0,0,0,50,15,35,17,33,29,9.98600888465505,12.2316965316678,0.328553286811155,2020-02-24,2020,2
"13055","SP",3,"Sudeste",35045,"Piedade",205191,21720.43680678,9,51,12,39,20,31,0,0,0,0,0,51,12,39,20,31,30,9.98600888465505,12.2316965316678,0.301338919248391,2020-03-02,2020,3
"13056","SP",3,"Sudeste",35045,"Piedade",205191,21720.43680678,10,49,12,37,19,30,1,0,0,0,0,50,12,37,19,30,28,9.98600888465505,12.2316965316678,0.312662957209931,2020-03-09,2020,3
"13057","SP",3,"Sudeste",35045,"Piedade",205191,21720.43680678,11,28,7,21,5,23,1,0,0,0,0,29,7,21,5,23,20,9.98600888465505,12.2316965316678,0.392503923271643,2020-03-16,2020,3
"13058","SP",3,"Sudeste",35045,"Piedade",205191,21720.43680678,12,32,6,26,17,15,0,0,0,0,0,32,6,26,17,15,21,9.98600888465505,12.2316965316678,0.493530194690947,2020-03-23,2020,3
"13059","SP",3,"Sudeste",35045,"Piedade",205191,21720.43680678,13,35,9,26,7,28,0,0,0,0,0,35,9,26,7,28,20,9.98600888465505,12.2316965316678,0.451409978637305,2020-03-30,2020,3
"13060","SP",3,"Sudeste",35045,"Piedade",205191,21720.43680678,14,57,10,47,28,29,0,0,0,0,0,57,10,47,28,29,15,9.98600888465505,12.2316965316678,0.449368439374868,2020-04-06,2020,4
"13061","SP",3,"Sudeste",35045,"Piedade",205191,21720.43680678,15,51,10,41,22,29,1,0,0,0,0,52,10,41,22,29,28,9.98600888465505,12.2316965316678,0.420196896363369,2020-04-13,2020,4
"13062","SP",3,"Sudeste",35045,"Piedade",205191,21720.43680678,16,62,13,49,26,36,1,0,0,0,0,63,13,49,26,36,15,9.98600888465505,12.2316965316678,0.425532136684182,2020-04-20,2020,4
"13063","SP",3,"Sudeste",35045,"Piedade",205191,21720.43680678,17,48,15,33,22,26,1,0,0,0,0,49,15,33,22,26,30,9.98600888465505,12.2316965316678,0.425848576953293,2020-04-27,2020,4
"13064","SP",3,"Sudeste",35045,"Piedade",205191,21720.43680678,18,43,15,28,21,22,0,0,0,0,0,43,15,28,21,22,43,9.98600888465505,12.2316965316678,0.408477764409748,2020-05-04,2020,5
"13065","SP",3,"Sudeste",35045,"Piedade",205191,21720.43680678,19,47,12,35,20,27,0,0,0,0,0,47,12,35,20,27,21,9.98600888465505,12.2316965316678,0.411802883676624,2020-05-11,2020,5
"13066","SP",3,"Sudeste",35045,"Piedade",205191,21720.43680678,20,56,19,37,24,32,0,0,0,0,0,56,19,37,24,32,31,9.98600888465505,12.2316965316678,0.416841126885584,2020-05-18,2020,5
"13067","SP",3,"Sudeste",35045,"Piedade",205191,21720.43680678,21,45,6,39,19,26,0,0,0,0,0,45,6,39,19,26,32,9.98600888465505,12.2316965316678,0.410252303264279,2020-05-25,2020,5
"13068","SP",3,"Sudeste",35045,"Piedade",205191,21720.43680678,22,68,14,54,36,32,0,0,0,0,0,68,14,54,36,32,34,9.98600888465505,12.2316965316678,0.403744555756525,2020-06-01,2020,6
"13069","SP",3,"Sudeste",35045,"Piedade",205191,21720.43680678,23,60,15,45,19,41,0,0,0,0,0,60,15,45,19,41,40,9.98600888465505,12.2316965316678,0.390571381614591,2020-06-08,2020,6
"13070","SP",3,"Sudeste",35045,"Piedade",205191,21720.43680678,24,52,14,38,20,32,1,0,0,0,0,53,14,38,20,32,40,9.98600888465505,12.2316965316678,0.375023997185542,2020-06-15,2020,6
"13071","SP",3,"Sudeste",35045,"Piedade",205191,21720.43680678,25,46,12,34,20,26,0,0,0,0,0,46,12,34,20,26,25,9.98600888465505,12.2316965316678,0.399169306016666,2020-06-22,2020,6
"13072","SP",3,"Sudeste",35045,"Piedade",205191,21720.43680678,26,43,7,36,14,29,0,0,0,0,0,43,7,36,14,29,36,9.98600888465505,12.2316965316678,0.393543825477573,2020-06-29,2020,6
"13073","SP",3,"Sudeste",35045,"Piedade",205191,21720.43680678,27,53,16,37,23,30,0,0,0,0,0,53,16,37,23,30,25,9.98600888465505,12.2316965316678,0.390138416709768,2020-07-06,2020,7
"13074","SP",3,"Sudeste",35045,"Piedade",205191,21720.43680678,28,40,13,27,14,26,1,0,0,0,0,41,13,27,14,26,30,9.98600888465505,12.2316965316678,0.385963135941575,2020-07-13,2020,7
"13075","SP",3,"Sudeste",35045,"Piedade",205191,21720.43680678,29,46,16,30,23,23,0,0,0,0,0,46,16,30,23,23,39,9.98600888465505,12.2316965316678,0.387979262614666,2020-07-20,2020,7
"13076","SP",3,"Sudeste",35046,"Sorocaba",1541194,49395.9772354032,5,362,52,310,137,225,0,0,0,0,0,362,52,310,137,225,175,10.8076242673785,14.2480679986562,0.278175381382843,2020-02-03,2020,2
"13077","SP",3,"Sudeste",35046,"Sorocaba",1541194,49395.9772354032,6,368,53,315,135,233,0,0,0,0,0,368,53,315,135,233,203,10.8076242673785,14.2480679986562,0.276449595329233,2020-02-10,2020,2
"13078","SP",3,"Sudeste",35046,"Sorocaba",1541194,49395.9772354032,7,367,52,315,119,248,2,0,0,0,0,369,52,315,119,248,171,10.8076242673785,14.2480679986562,0.288423022852129,2020-02-17,2020,2
"13079","SP",3,"Sudeste",35046,"Sorocaba",1541194,49395.9772354032,8,320,34,286,103,217,1,0,0,0,0,321,34,286,103,217,184,10.8076242673785,14.2480679986562,0.336477360449349,2020-02-24,2020,2
"13080","SP",3,"Sudeste",35046,"Sorocaba",1541194,49395.9772354032,9,351,53,298,118,233,1,0,0,0,0,352,53,298,118,233,184,10.8076242673785,14.2480679986562,0.306046730766894,2020-03-02,2020,3
"13081","SP",3,"Sudeste",35046,"Sorocaba",1541194,49395.9772354032,10,322,46,276,120,202,0,0,0,0,0,322,46,276,120,202,194,10.8076242673785,14.2480679986562,0.317111551001624,2020-03-09,2020,3
"13082","SP",3,"Sudeste",35046,"Sorocaba",1541194,49395.9772354032,11,374,58,316,120,254,3,0,0,0,0,377,58,316,120,254,213,10.8076242673785,14.2480679986562,0.40730838509042,2020-03-16,2020,3
"13083","SP",3,"Sudeste",35046,"Sorocaba",1541194,49395.9772354032,12,339,39,300,111,228,4,0,0,0,0,343,39,300,111,228,192,10.8076242673785,14.2480679986562,0.537507477703729,2020-03-23,2020,3
"13084","SP",3,"Sudeste",35046,"Sorocaba",1541194,49395.9772354032,13,332,51,281,125,207,2,0,0,0,0,334,51,281,125,207,169,10.8076242673785,14.2480679986562,0.495976096548083,2020-03-30,2020,3
"13085","SP",3,"Sudeste",35046,"Sorocaba",1541194,49395.9772354032,14,347,49,298,119,228,0,0,0,0,0,347,49,298,119,228,175,10.8076242673785,14.2480679986562,0.484844523399756,2020-04-06,2020,4
"13086","SP",3,"Sudeste",35046,"Sorocaba",1541194,49395.9772354032,15,321,30,291,113,208,3,0,0,0,0,324,30,291,113,208,187,10.8076242673785,14.2480679986562,0.459466177336173,2020-04-13,2020,4
"13087","SP",3,"Sudeste",35046,"Sorocaba",1541194,49395.9772354032,16,356,46,310,129,227,5,0,0,0,0,361,46,310,129,227,188,10.8076242673785,14.2480679986562,0.45818575306623,2020-04-20,2020,4
"13088","SP",3,"Sudeste",35046,"Sorocaba",1541194,49395.9772354032,17,396,46,350,134,262,4,0,0,0,0,400,46,350,134,262,175,10.8076242673785,14.2480679986562,0.442926025131145,2020-04-27,2020,4
"13089","SP",3,"Sudeste",35046,"Sorocaba",1541194,49395.9772354032,18,349,49,300,112,237,3,0,0,0,0,352,49,300,112,237,173,10.8076242673785,14.2480679986562,0.419828554358192,2020-05-04,2020,5
"13090","SP",3,"Sudeste",35046,"Sorocaba",1541194,49395.9772354032,19,359,51,308,113,246,1,0,0,0,0,360,51,308,113,246,202,10.8076242673785,14.2480679986562,0.428878703478834,2020-05-11,2020,5
"13091","SP",3,"Sudeste",35046,"Sorocaba",1541194,49395.9772354032,20,385,41,344,131,254,4,0,0,0,0,389,41,344,131,254,203,10.8076242673785,14.2480679986562,0.422261665448347,2020-05-18,2020,5
"13092","SP",3,"Sudeste",35046,"Sorocaba",1541194,49395.9772354032,21,430,61,369,137,293,1,0,0,0,0,431,61,369,137,293,205,10.8076242673785,14.2480679986562,0.422314001710676,2020-05-25,2020,5
"13093","SP",3,"Sudeste",35046,"Sorocaba",1541194,49395.9772354032,22,397,50,347,117,280,0,0,0,0,0,397,50,347,117,280,220,10.8076242673785,14.2480679986562,0.402040963429576,2020-06-01,2020,6
"13094","SP",3,"Sudeste",35046,"Sorocaba",1541194,49395.9772354032,23,385,45,340,123,262,0,0,0,0,0,385,45,340,123,262,216,10.8076242673785,14.2480679986562,0.39859482137805,2020-06-08,2020,6
"13095","SP",3,"Sudeste",35046,"Sorocaba",1541194,49395.9772354032,24,379,49,330,120,259,1,0,0,0,0,380,49,330,120,259,201,10.8076242673785,14.2480679986562,0.38225505131518,2020-06-15,2020,6
"13096","SP",3,"Sudeste",35046,"Sorocaba",1541194,49395.9772354032,25,385,42,343,125,260,4,0,0,0,0,389,42,343,125,260,242,10.8076242673785,14.2480679986562,0.404619111306738,2020-06-22,2020,6
"13097","SP",3,"Sudeste",35046,"Sorocaba",1541194,49395.9772354032,26,323,38,285,106,217,3,0,0,0,0,326,38,285,106,217,237,10.8076242673785,14.2480679986562,0.398816191011617,2020-06-29,2020,6
"13098","SP",3,"Sudeste",35046,"Sorocaba",1541194,49395.9772354032,27,386,59,327,120,266,2,0,0,0,0,388,59,327,120,266,268,10.8076242673785,14.2480679986562,0.39515350538148,2020-07-06,2020,7
"13099","SP",3,"Sudeste",35046,"Sorocaba",1541194,49395.9772354032,28,391,55,336,131,260,2,0,0,0,0,393,55,336,131,260,255,10.8076242673785,14.2480679986562,0.389975572442164,2020-07-13,2020,7
"13100","SP",3,"Sudeste",35046,"Sorocaba",1541194,49395.9772354032,29,418,52,366,121,297,2,0,0,0,0,420,52,366,121,297,283,10.8076242673785,14.2480679986562,0.387569989136842,2020-07-20,2020,7
"13101","SP",3,"Sudeste",35047,"Jundiaí",744424,91450.855704894,5,180,11,169,50,130,2,0,0,0,0,182,11,169,50,130,69,11.4235570108544,13.5203660439613,0.27561745492287,2020-02-03,2020,2
"13102","SP",3,"Sudeste",35047,"Jundiaí",744424,91450.855704894,6,173,14,159,46,127,1,0,0,0,0,174,14,159,46,127,97,11.4235570108544,13.5203660439613,0.276452133079487,2020-02-10,2020,2
"13103","SP",3,"Sudeste",35047,"Jundiaí",744424,91450.855704894,7,153,24,129,31,122,3,0,0,0,0,156,24,129,31,122,74,11.4235570108544,13.5203660439613,0.287019206740297,2020-02-17,2020,2
"13104","SP",3,"Sudeste",35047,"Jundiaí",744424,91450.855704894,8,160,14,146,41,119,1,0,0,0,0,161,14,146,41,119,79,11.4235570108544,13.5203660439613,0.331704812218645,2020-02-24,2020,2
"13105","SP",3,"Sudeste",35047,"Jundiaí",744424,91450.855704894,9,163,21,142,42,121,0,0,0,0,0,163,21,142,42,121,90,11.4235570108544,13.5203660439613,0.301647838137448,2020-03-02,2020,3
"13106","SP",3,"Sudeste",35047,"Jundiaí",744424,91450.855704894,10,166,11,155,50,116,0,0,0,0,0,166,11,155,50,116,76,11.4235570108544,13.5203660439613,0.313022387211419,2020-03-09,2020,3
"13107","SP",3,"Sudeste",35047,"Jundiaí",744424,91450.855704894,11,149,16,133,45,104,1,0,0,0,0,150,16,133,45,104,101,11.4235570108544,13.5203660439613,0.418337612884452,2020-03-16,2020,3
"13108","SP",3,"Sudeste",35047,"Jundiaí",744424,91450.855704894,12,155,16,139,47,108,0,0,0,0,0,155,16,139,47,108,83,11.4235570108544,13.5203660439613,0.538466120396328,2020-03-23,2020,3
"13109","SP",3,"Sudeste",35047,"Jundiaí",744424,91450.855704894,13,149,19,130,31,118,0,0,0,0,0,149,19,130,31,118,88,11.4235570108544,13.5203660439613,0.496214517221959,2020-03-30,2020,3
"13110","SP",3,"Sudeste",35047,"Jundiaí",744424,91450.855704894,14,193,18,175,63,130,0,0,0,0,0,193,18,175,63,130,81,11.4235570108544,13.5203660439613,0.490920562581965,2020-04-06,2020,4
"13111","SP",3,"Sudeste",35047,"Jundiaí",744424,91450.855704894,15,206,21,185,68,138,1,0,0,0,0,207,21,185,68,138,89,11.4235570108544,13.5203660439613,0.465936954882959,2020-04-13,2020,4
"13112","SP",3,"Sudeste",35047,"Jundiaí",744424,91450.855704894,16,183,18,165,54,129,1,0,0,0,0,184,18,165,54,129,92,11.4235570108544,13.5203660439613,0.465294838272899,2020-04-20,2020,4
"13113","SP",3,"Sudeste",35047,"Jundiaí",744424,91450.855704894,17,177,18,159,58,119,2,0,0,0,0,179,18,159,58,119,90,11.4235570108544,13.5203660439613,0.445162136214542,2020-04-27,2020,4
"13114","SP",3,"Sudeste",35047,"Jundiaí",744424,91450.855704894,18,187,21,166,59,128,2,0,0,0,0,189,21,166,59,128,78,11.4235570108544,13.5203660439613,0.423848091208476,2020-05-04,2020,5
"13115","SP",3,"Sudeste",35047,"Jundiaí",744424,91450.855704894,19,182,19,163,58,124,1,0,0,0,0,183,19,163,58,124,123,11.4235570108544,13.5203660439613,0.433288692543054,2020-05-11,2020,5
"13116","SP",3,"Sudeste",35047,"Jundiaí",744424,91450.855704894,20,168,19,149,59,109,0,0,0,0,0,168,19,149,59,109,107,11.4235570108544,13.5203660439613,0.431700066181703,2020-05-18,2020,5
"13117","SP",3,"Sudeste",35047,"Jundiaí",744424,91450.855704894,21,176,16,160,53,123,1,0,0,0,0,177,16,160,53,123,137,11.4235570108544,13.5203660439613,0.428624235395898,2020-05-25,2020,5
"13118","SP",3,"Sudeste",35047,"Jundiaí",744424,91450.855704894,22,218,17,201,56,162,1,0,0,0,0,219,17,201,56,162,133,11.4235570108544,13.5203660439613,0.408094191066589,2020-06-01,2020,6
"13119","SP",3,"Sudeste",35047,"Jundiaí",744424,91450.855704894,23,202,16,186,54,148,2,0,0,0,0,204,16,186,54,148,126,11.4235570108544,13.5203660439613,0.405330410538246,2020-06-08,2020,6
"13120","SP",3,"Sudeste",35047,"Jundiaí",744424,91450.855704894,24,171,15,156,47,124,0,0,0,0,0,171,15,156,47,124,131,11.4235570108544,13.5203660439613,0.383706051838887,2020-06-15,2020,6
"13121","SP",3,"Sudeste",35047,"Jundiaí",744424,91450.855704894,25,179,24,155,57,122,0,0,0,0,0,179,24,155,57,122,120,11.4235570108544,13.5203660439613,0.405356816571358,2020-06-22,2020,6
"13122","SP",3,"Sudeste",35047,"Jundiaí",744424,91450.855704894,26,160,15,145,43,117,0,0,0,0,0,160,15,145,43,117,131,11.4235570108544,13.5203660439613,0.394477156653108,2020-06-29,2020,6
"13123","SP",3,"Sudeste",35047,"Jundiaí",744424,91450.855704894,27,181,23,158,49,132,3,0,0,0,0,184,23,158,49,132,131,11.4235570108544,13.5203660439613,0.399084320528526,2020-07-06,2020,7
"13124","SP",3,"Sudeste",35047,"Jundiaí",744424,91450.855704894,28,157,15,142,37,120,0,0,0,0,0,157,15,142,37,120,119,11.4235570108544,13.5203660439613,0.389486895755281,2020-07-13,2020,7
"13125","SP",3,"Sudeste",35047,"Jundiaí",744424,91450.855704894,29,207,27,180,50,157,1,0,0,0,0,208,27,180,50,157,120,11.4235570108544,13.5203660439613,0.386116202336871,2020-07-20,2020,7
"13126","SP",3,"Sudeste",35048,"Bragança Paulista",584752,43266.4971443621,5,135,31,104,44,91,0,0,0,0,0,135,31,104,44,91,62,10.6751338764953,13.2789431047056,0.289961617003034,2020-02-03,2020,2
"13127","SP",3,"Sudeste",35048,"Bragança Paulista",584752,43266.4971443621,6,143,27,116,41,102,0,0,0,0,0,143,27,116,41,102,71,10.6751338764953,13.2789431047056,0.283979932885742,2020-02-10,2020,2
"13128","SP",3,"Sudeste",35048,"Bragança Paulista",584752,43266.4971443621,7,136,21,115,55,81,0,0,0,0,0,136,21,115,55,81,67,10.6751338764953,13.2789431047056,0.292546415759063,2020-02-17,2020,2
"13129","SP",3,"Sudeste",35048,"Bragança Paulista",584752,43266.4971443621,8,138,23,115,53,85,0,0,0,0,0,138,23,115,53,85,68,10.6751338764953,13.2789431047056,0.344425934722894,2020-02-24,2020,2
"13130","SP",3,"Sudeste",35048,"Bragança Paulista",584752,43266.4971443621,9,144,19,125,58,86,1,0,0,0,0,145,19,125,58,86,71,10.6751338764953,13.2789431047056,0.310188879396183,2020-03-02,2020,3
"13131","SP",3,"Sudeste",35048,"Bragança Paulista",584752,43266.4971443621,10,116,25,91,37,79,0,0,0,0,0,116,25,91,37,79,70,10.6751338764953,13.2789431047056,0.319024416161912,2020-03-09,2020,3
"13132","SP",3,"Sudeste",35048,"Bragança Paulista",584752,43266.4971443621,11,135,15,120,53,82,1,0,0,0,0,136,15,120,53,82,85,10.6751338764953,13.2789431047056,0.415769097978021,2020-03-16,2020,3
"13133","SP",3,"Sudeste",35048,"Bragança Paulista",584752,43266.4971443621,12,129,20,109,45,84,1,0,0,0,0,130,20,109,45,84,73,10.6751338764953,13.2789431047056,0.534431753248133,2020-03-23,2020,3
"13134","SP",3,"Sudeste",35048,"Bragança Paulista",584752,43266.4971443621,13,110,23,87,32,78,2,0,0,0,0,112,23,87,32,78,74,10.6751338764953,13.2789431047056,0.497279383246079,2020-03-30,2020,3
"13135","SP",3,"Sudeste",35048,"Bragança Paulista",584752,43266.4971443621,14,126,20,106,39,87,1,0,0,0,0,127,20,106,39,87,80,10.6751338764953,13.2789431047056,0.479581448373045,2020-04-06,2020,4
"13136","SP",3,"Sudeste",35048,"Bragança Paulista",584752,43266.4971443621,15,120,20,100,38,82,0,0,0,0,0,120,20,100,38,82,81,10.6751338764953,13.2789431047056,0.453382087057694,2020-04-13,2020,4
"13137","SP",3,"Sudeste",35048,"Bragança Paulista",584752,43266.4971443621,16,129,13,116,41,88,1,0,0,0,0,130,13,116,41,88,86,10.6751338764953,13.2789431047056,0.45170287570527,2020-04-20,2020,4
"13138","SP",3,"Sudeste",35048,"Bragança Paulista",584752,43266.4971443621,17,135,22,113,40,95,1,0,0,0,0,136,22,113,40,95,51,10.6751338764953,13.2789431047056,0.444654789803788,2020-04-27,2020,4
"13139","SP",3,"Sudeste",35048,"Bragança Paulista",584752,43266.4971443621,18,141,18,123,40,101,0,0,0,0,0,141,18,123,40,101,83,10.6751338764953,13.2789431047056,0.422725843843725,2020-05-04,2020,5
"13140","SP",3,"Sudeste",35048,"Bragança Paulista",584752,43266.4971443621,19,148,23,125,47,101,0,0,0,0,0,148,23,125,47,101,93,10.6751338764953,13.2789431047056,0.424911605832263,2020-05-11,2020,5
"13141","SP",3,"Sudeste",35048,"Bragança Paulista",584752,43266.4971443621,20,116,21,95,34,82,1,0,0,0,0,117,21,95,34,82,83,10.6751338764953,13.2789431047056,0.427604078943906,2020-05-18,2020,5
"13142","SP",3,"Sudeste",35048,"Bragança Paulista",584752,43266.4971443621,21,190,24,166,65,125,0,0,0,0,0,190,24,166,65,125,83,10.6751338764953,13.2789431047056,0.426028288315525,2020-05-25,2020,5
"13143","SP",3,"Sudeste",35048,"Bragança Paulista",584752,43266.4971443621,22,148,18,130,46,102,0,0,0,0,0,148,18,130,46,102,111,10.6751338764953,13.2789431047056,0.408631611980711,2020-06-01,2020,6
"13144","SP",3,"Sudeste",35048,"Bragança Paulista",584752,43266.4971443621,23,153,19,134,45,108,0,0,0,0,0,153,19,134,45,108,77,10.6751338764953,13.2789431047056,0.403105136404622,2020-06-08,2020,6
"13145","SP",3,"Sudeste",35048,"Bragança Paulista",584752,43266.4971443621,24,126,22,104,38,88,0,0,0,0,0,126,22,104,38,88,82,10.6751338764953,13.2789431047056,0.383546944083194,2020-06-15,2020,6
"13146","SP",3,"Sudeste",35048,"Bragança Paulista",584752,43266.4971443621,25,133,19,114,34,99,1,0,0,0,0,134,19,114,34,99,73,10.6751338764953,13.2789431047056,0.403123122036157,2020-06-22,2020,6
"13147","SP",3,"Sudeste",35048,"Bragança Paulista",584752,43266.4971443621,26,147,22,125,39,108,2,0,0,0,0,149,22,125,39,108,104,10.6751338764953,13.2789431047056,0.394766412330389,2020-06-29,2020,6
"13148","SP",3,"Sudeste",35048,"Bragança Paulista",584752,43266.4971443621,27,132,17,115,39,93,4,0,0,0,0,136,17,115,39,93,88,10.6751338764953,13.2789431047056,0.393789532141054,2020-07-06,2020,7
"13149","SP",3,"Sudeste",35048,"Bragança Paulista",584752,43266.4971443621,28,138,28,110,45,93,1,0,0,0,0,139,28,110,45,93,95,10.6751338764953,13.2789431047056,0.390032719673571,2020-07-13,2020,7
"13150","SP",3,"Sudeste",35048,"Bragança Paulista",584752,43266.4971443621,29,141,22,119,42,99,4,0,0,0,0,145,22,119,42,99,94,10.6751338764953,13.2789431047056,0.389971399728117,2020-07-20,2020,7
"13151","SP",3,"Sudeste",35049,"Campos do Jordão",74821,21984.3466092407,5,12,2,10,5,7,0,0,0,0,0,12,2,10,5,7,7,9.99808596132977,11.2228538732231,0.301141147840967,2020-02-03,2020,2
"13152","SP",3,"Sudeste",35049,"Campos do Jordão",74821,21984.3466092407,6,12,2,10,3,9,0,0,0,0,0,12,2,10,3,9,12,9.99808596132977,11.2228538732231,0.299087175248661,2020-02-10,2020,2
"13153","SP",3,"Sudeste",35049,"Campos do Jordão",74821,21984.3466092407,7,16,2,14,5,11,0,0,0,0,0,16,2,14,5,11,10,9.99808596132977,11.2228538732231,0.308685838803114,2020-02-17,2020,2
"13154","SP",3,"Sudeste",35049,"Campos do Jordão",74821,21984.3466092407,8,12,1,11,4,8,1,0,0,0,0,13,1,11,4,8,12,9.99808596132977,11.2228538732231,0.347303362377699,2020-02-24,2020,2
"13155","SP",3,"Sudeste",35049,"Campos do Jordão",74821,21984.3466092407,9,25,8,17,6,19,0,0,0,0,0,25,8,17,6,19,9,9.99808596132977,11.2228538732231,0.321222607724847,2020-03-02,2020,3
"13156","SP",3,"Sudeste",35049,"Campos do Jordão",74821,21984.3466092407,10,22,5,17,7,15,0,0,0,0,0,22,5,17,7,15,14,9.99808596132977,11.2228538732231,0.330293320634707,2020-03-09,2020,3
"13157","SP",3,"Sudeste",35049,"Campos do Jordão",74821,21984.3466092407,11,16,3,13,6,10,0,0,0,0,0,16,3,13,6,10,13,9.99808596132977,11.2228538732231,0.428520829169784,2020-03-16,2020,3
"13158","SP",3,"Sudeste",35049,"Campos do Jordão",74821,21984.3466092407,12,12,2,10,4,8,0,0,0,0,0,12,2,10,4,8,11,9.99808596132977,11.2228538732231,0.545492672339342,2020-03-23,2020,3
"13159","SP",3,"Sudeste",35049,"Campos do Jordão",74821,21984.3466092407,13,20,3,17,10,10,1,0,0,0,0,21,3,17,10,10,5,9.99808596132977,11.2228538732231,0.501368911968357,2020-03-30,2020,3
"13160","SP",3,"Sudeste",35049,"Campos do Jordão",74821,21984.3466092407,14,23,7,16,10,13,0,0,0,0,0,23,7,16,10,13,6,9.99808596132977,11.2228538732231,0.479989401840789,2020-04-06,2020,4
"13161","SP",3,"Sudeste",35049,"Campos do Jordão",74821,21984.3466092407,15,21,3,18,5,16,0,0,0,0,0,21,3,18,5,16,6,9.99808596132977,11.2228538732231,0.463093624871137,2020-04-13,2020,4
"13162","SP",3,"Sudeste",35049,"Campos do Jordão",74821,21984.3466092407,16,19,3,16,7,12,0,0,0,0,0,19,3,16,7,12,4,9.99808596132977,11.2228538732231,0.456306090036427,2020-04-20,2020,4
"13163","SP",3,"Sudeste",35049,"Campos do Jordão",74821,21984.3466092407,17,18,5,13,4,14,0,0,0,0,0,18,5,13,4,14,9,9.99808596132977,11.2228538732231,0.451350849425067,2020-04-27,2020,4
"13164","SP",3,"Sudeste",35049,"Campos do Jordão",74821,21984.3466092407,18,22,7,15,7,15,0,0,0,0,0,22,7,15,7,15,8,9.99808596132977,11.2228538732231,0.425767265531805,2020-05-04,2020,5
"13165","SP",3,"Sudeste",35049,"Campos do Jordão",74821,21984.3466092407,19,18,4,14,7,11,0,0,0,0,0,18,4,14,7,11,16,9.99808596132977,11.2228538732231,0.43307901197526,2020-05-11,2020,5
"13166","SP",3,"Sudeste",35049,"Campos do Jordão",74821,21984.3466092407,20,13,5,8,6,7,0,0,0,0,0,13,5,8,6,7,8,9.99808596132977,11.2228538732231,0.433871847661488,2020-05-18,2020,5
"13167","SP",3,"Sudeste",35049,"Campos do Jordão",74821,21984.3466092407,21,20,4,16,12,8,0,0,0,0,0,20,4,16,12,8,11,9.99808596132977,11.2228538732231,0.432075395610355,2020-05-25,2020,5
"13168","SP",3,"Sudeste",35049,"Campos do Jordão",74821,21984.3466092407,22,19,3,16,9,10,0,0,0,0,0,19,3,16,9,10,11,9.99808596132977,11.2228538732231,0.418999154568812,2020-06-01,2020,6
"13169","SP",3,"Sudeste",35049,"Campos do Jordão",74821,21984.3466092407,23,14,4,10,3,11,0,0,0,0,0,14,4,10,3,11,18,9.99808596132977,11.2228538732231,0.405685479959929,2020-06-08,2020,6
"13170","SP",3,"Sudeste",35049,"Campos do Jordão",74821,21984.3466092407,24,17,4,13,8,9,0,0,0,0,0,17,4,13,8,9,10,9.99808596132977,11.2228538732231,0.393233809559719,2020-06-15,2020,6
"13171","SP",3,"Sudeste",35049,"Campos do Jordão",74821,21984.3466092407,25,15,1,14,6,9,0,0,0,0,0,15,1,14,6,9,8,9.99808596132977,11.2228538732231,0.409058101774506,2020-06-22,2020,6
"13172","SP",3,"Sudeste",35049,"Campos do Jordão",74821,21984.3466092407,26,25,5,20,9,16,0,0,0,0,0,25,5,20,9,16,14,9.99808596132977,11.2228538732231,0.399516889010352,2020-06-29,2020,6
"13173","SP",3,"Sudeste",35049,"Campos do Jordão",74821,21984.3466092407,27,23,7,16,11,12,1,0,0,0,0,24,7,16,11,12,11,9.99808596132977,11.2228538732231,0.388932895020399,2020-07-06,2020,7
"13174","SP",3,"Sudeste",35049,"Campos do Jordão",74821,21984.3466092407,28,24,0,24,8,16,0,0,0,0,0,24,0,24,8,16,11,9.99808596132977,11.2228538732231,0.378527879032521,2020-07-13,2020,7
"13175","SP",3,"Sudeste",35049,"Campos do Jordão",74821,21984.3466092407,29,22,7,15,5,17,0,0,0,0,0,22,7,15,5,17,13,9.99808596132977,11.2228538732231,0.380183561250494,2020-07-20,2020,7
"13176","SP",3,"Sudeste",35050,"São José dos Campos",1620372,52750.8535687114,5,378,42,336,111,267,2,0,0,0,0,380,42,336,111,267,186,10.8733352326048,14.2981663104773,0.269170711473277,2020-02-03,2020,2
"13177","SP",3,"Sudeste",35050,"São José dos Campos",1620372,52750.8535687114,6,315,32,283,87,228,2,0,0,0,0,317,32,283,87,228,180,10.8733352326048,14.2981663104773,0.272026879651683,2020-02-10,2020,2
"13178","SP",3,"Sudeste",35050,"São José dos Campos",1620372,52750.8535687114,7,343,46,297,99,244,0,0,0,0,0,343,46,297,99,244,200,10.8733352326048,14.2981663104773,0.282976537297085,2020-02-17,2020,2
"13179","SP",3,"Sudeste",35050,"São José dos Campos",1620372,52750.8535687114,8,361,44,317,112,249,3,0,0,0,0,364,44,317,112,249,184,10.8733352326048,14.2981663104773,0.340459439388301,2020-02-24,2020,2
"13180","SP",3,"Sudeste",35050,"São José dos Campos",1620372,52750.8535687114,9,371,44,327,118,253,3,0,0,0,0,374,44,327,118,253,179,10.8733352326048,14.2981663104773,0.300565901994965,2020-03-02,2020,3
"13181","SP",3,"Sudeste",35050,"São José dos Campos",1620372,52750.8535687114,10,321,33,288,97,224,2,0,0,0,0,323,33,288,97,224,210,10.8733352326048,14.2981663104773,0.30900702137439,2020-03-09,2020,3
"13182","SP",3,"Sudeste",35050,"São José dos Campos",1620372,52750.8535687114,11,332,27,305,96,236,3,0,0,0,0,335,27,305,96,236,194,10.8733352326048,14.2981663104773,0.422028104719689,2020-03-16,2020,3
"13183","SP",3,"Sudeste",35050,"São José dos Campos",1620372,52750.8535687114,12,337,46,291,106,231,0,0,0,0,0,337,46,291,106,231,164,10.8733352326048,14.2981663104773,0.542903180358828,2020-03-23,2020,3
"13184","SP",3,"Sudeste",35050,"São José dos Campos",1620372,52750.8535687114,13,277,26,251,77,200,0,0,0,0,0,277,26,251,77,200,183,10.8733352326048,14.2981663104773,0.501321219996368,2020-03-30,2020,3
"13185","SP",3,"Sudeste",35050,"São José dos Campos",1620372,52750.8535687114,14,313,40,273,96,217,2,0,0,0,0,315,40,273,96,217,171,10.8733352326048,14.2981663104773,0.485402229309636,2020-04-06,2020,4
"13186","SP",3,"Sudeste",35050,"São José dos Campos",1620372,52750.8535687114,15,341,41,300,118,223,5,0,0,0,0,346,41,300,118,223,167,10.8733352326048,14.2981663104773,0.464003667318706,2020-04-13,2020,4
"13187","SP",3,"Sudeste",35050,"São José dos Campos",1620372,52750.8535687114,16,354,56,298,111,243,0,0,0,0,0,354,56,298,111,243,182,10.8733352326048,14.2981663104773,0.460281868568723,2020-04-20,2020,4
"13188","SP",3,"Sudeste",35050,"São José dos Campos",1620372,52750.8535687114,17,353,46,307,116,237,2,0,0,0,0,355,46,307,116,237,183,10.8733352326048,14.2981663104773,0.443130388751947,2020-04-27,2020,4
"13189","SP",3,"Sudeste",35050,"São José dos Campos",1620372,52750.8535687114,18,352,61,291,100,252,1,0,0,0,0,353,61,291,100,252,176,10.8733352326048,14.2981663104773,0.415943477242059,2020-05-04,2020,5
"13190","SP",3,"Sudeste",35050,"São José dos Campos",1620372,52750.8535687114,19,380,57,323,109,271,4,0,0,0,0,384,57,323,109,271,190,10.8733352326048,14.2981663104773,0.425367426961704,2020-05-11,2020,5
"13191","SP",3,"Sudeste",35050,"São José dos Campos",1620372,52750.8535687114,20,383,48,335,130,253,2,0,0,0,0,385,48,335,130,253,198,10.8733352326048,14.2981663104773,0.417823884089733,2020-05-18,2020,5
"13192","SP",3,"Sudeste",35050,"São José dos Campos",1620372,52750.8535687114,21,441,46,395,133,308,0,0,0,0,0,441,46,395,133,308,198,10.8733352326048,14.2981663104773,0.416335982501015,2020-05-25,2020,5
"13193","SP",3,"Sudeste",35050,"São José dos Campos",1620372,52750.8535687114,22,428,58,370,126,302,3,0,0,0,0,431,58,370,126,302,218,10.8733352326048,14.2981663104773,0.392353950431797,2020-06-01,2020,6
"13194","SP",3,"Sudeste",35050,"São José dos Campos",1620372,52750.8535687114,23,388,46,342,114,274,4,0,0,0,0,392,46,342,114,274,197,10.8733352326048,14.2981663104773,0.391662064558779,2020-06-08,2020,6
"13195","SP",3,"Sudeste",35050,"São José dos Campos",1620372,52750.8535687114,24,380,39,341,121,259,4,0,0,0,0,384,39,341,121,259,219,10.8733352326048,14.2981663104773,0.371921720793154,2020-06-15,2020,6
"13196","SP",3,"Sudeste",35050,"São José dos Campos",1620372,52750.8535687114,25,387,65,322,112,275,2,0,0,0,0,389,65,322,112,275,205,10.8733352326048,14.2981663104773,0.393612093927723,2020-06-22,2020,6
"13197","SP",3,"Sudeste",35050,"São José dos Campos",1620372,52750.8535687114,26,382,45,337,128,254,3,0,0,0,0,385,45,337,128,254,236,10.8733352326048,14.2981663104773,0.38785319116785,2020-06-29,2020,6
"13198","SP",3,"Sudeste",35050,"São José dos Campos",1620372,52750.8535687114,27,374,37,337,113,261,1,0,0,0,0,375,37,337,113,261,261,10.8733352326048,14.2981663104773,0.385388007006678,2020-07-06,2020,7
"13199","SP",3,"Sudeste",35050,"São José dos Campos",1620372,52750.8535687114,28,387,45,342,119,268,2,0,0,0,0,389,45,342,119,268,266,10.8733352326048,14.2981663104773,0.384478554614612,2020-07-13,2020,7
"13200","SP",3,"Sudeste",35050,"São José dos Campos",1620372,52750.8535687114,29,393,42,351,111,282,2,0,0,0,0,395,42,351,111,282,238,10.8733352326048,14.2981663104773,0.386337763349682,2020-07-20,2020,7
"13201","SP",3,"Sudeste",35051,"Guaratinguetá",439594,31856.0999239526,5,94,14,80,23,71,1,0,0,0,0,95,14,80,23,71,78,10.3689841630379,12.9936068526468,0.301599088672024,2020-02-03,2020,2
"13202","SP",3,"Sudeste",35051,"Guaratinguetá",439594,31856.0999239526,6,80,14,66,22,58,0,0,0,0,0,80,14,66,22,58,63,10.3689841630379,12.9936068526468,0.29520614619134,2020-02-10,2020,2
"13203","SP",3,"Sudeste",35051,"Guaratinguetá",439594,31856.0999239526,7,90,16,74,23,67,0,0,0,0,0,90,16,74,23,67,66,10.3689841630379,12.9936068526468,0.305434947364068,2020-02-17,2020,2
"13204","SP",3,"Sudeste",35051,"Guaratinguetá",439594,31856.0999239526,8,98,12,86,32,66,0,0,0,0,0,98,12,86,32,66,56,10.3689841630379,12.9936068526468,0.36378252706163,2020-02-24,2020,2
"13205","SP",3,"Sudeste",35051,"Guaratinguetá",439594,31856.0999239526,9,99,10,89,38,61,1,0,0,0,0,100,10,89,38,61,79,10.3689841630379,12.9936068526468,0.331134707219092,2020-03-02,2020,3
"13206","SP",3,"Sudeste",35051,"Guaratinguetá",439594,31856.0999239526,10,94,16,78,38,56,0,0,0,0,0,94,16,78,38,56,71,10.3689841630379,12.9936068526468,0.341741688903895,2020-03-09,2020,3
"13207","SP",3,"Sudeste",35051,"Guaratinguetá",439594,31856.0999239526,11,85,12,73,31,54,1,0,0,0,0,86,12,73,31,54,77,10.3689841630379,12.9936068526468,0.43363470229206,2020-03-16,2020,3
"13208","SP",3,"Sudeste",35051,"Guaratinguetá",439594,31856.0999239526,12,88,19,69,30,58,0,0,0,0,0,88,19,69,30,58,70,10.3689841630379,12.9936068526468,0.553427658109669,2020-03-23,2020,3
"13209","SP",3,"Sudeste",35051,"Guaratinguetá",439594,31856.0999239526,13,66,8,58,24,42,0,0,0,0,0,66,8,58,24,42,59,10.3689841630379,12.9936068526468,0.512224572689671,2020-03-30,2020,3
"13210","SP",3,"Sudeste",35051,"Guaratinguetá",439594,31856.0999239526,14,85,16,69,30,55,0,0,0,0,0,85,16,69,30,55,56,10.3689841630379,12.9936068526468,0.500068873791037,2020-04-06,2020,4
"13211","SP",3,"Sudeste",35051,"Guaratinguetá",439594,31856.0999239526,15,92,11,81,30,62,0,0,0,0,0,92,11,81,30,62,54,10.3689841630379,12.9936068526468,0.481250244698301,2020-04-13,2020,4
"13212","SP",3,"Sudeste",35051,"Guaratinguetá",439594,31856.0999239526,16,88,9,79,28,60,1,0,0,0,0,89,9,79,28,60,60,10.3689841630379,12.9936068526468,0.479313070632115,2020-04-20,2020,4
"13213","SP",3,"Sudeste",35051,"Guaratinguetá",439594,31856.0999239526,17,86,11,75,33,53,0,0,0,0,0,86,11,75,33,53,45,10.3689841630379,12.9936068526468,0.468467585625504,2020-04-27,2020,4
"13214","SP",3,"Sudeste",35051,"Guaratinguetá",439594,31856.0999239526,18,67,9,58,22,45,0,0,0,0,0,67,9,58,22,45,65,10.3689841630379,12.9936068526468,0.433127418080994,2020-05-04,2020,5
"13215","SP",3,"Sudeste",35051,"Guaratinguetá",439594,31856.0999239526,19,111,16,95,46,65,1,0,0,0,0,112,16,95,46,65,76,10.3689841630379,12.9936068526468,0.448531460993659,2020-05-11,2020,5
"13216","SP",3,"Sudeste",35051,"Guaratinguetá",439594,31856.0999239526,20,97,7,90,35,62,0,0,0,0,0,97,7,90,35,62,54,10.3689841630379,12.9936068526468,0.441780559214075,2020-05-18,2020,5
"13217","SP",3,"Sudeste",35051,"Guaratinguetá",439594,31856.0999239526,21,105,10,95,38,67,1,0,0,0,0,106,10,95,38,67,71,10.3689841630379,12.9936068526468,0.437627814551854,2020-05-25,2020,5
"13218","SP",3,"Sudeste",35051,"Guaratinguetá",439594,31856.0999239526,22,97,11,86,31,66,0,0,0,0,0,97,11,86,31,66,73,10.3689841630379,12.9936068526468,0.416244574419272,2020-06-01,2020,6
"13219","SP",3,"Sudeste",35051,"Guaratinguetá",439594,31856.0999239526,23,104,17,87,39,65,1,0,0,0,0,105,17,87,39,65,62,10.3689841630379,12.9936068526468,0.412600669762624,2020-06-08,2020,6
"13220","SP",3,"Sudeste",35051,"Guaratinguetá",439594,31856.0999239526,24,94,10,84,33,61,1,0,0,0,0,95,10,84,33,61,55,10.3689841630379,12.9936068526468,0.399540698459086,2020-06-15,2020,6
"13221","SP",3,"Sudeste",35051,"Guaratinguetá",439594,31856.0999239526,25,91,12,79,32,59,0,0,0,0,0,91,12,79,32,59,63,10.3689841630379,12.9936068526468,0.40551053309108,2020-06-22,2020,6
"13222","SP",3,"Sudeste",35051,"Guaratinguetá",439594,31856.0999239526,26,102,16,86,29,73,0,0,0,0,0,102,16,86,29,73,71,10.3689841630379,12.9936068526468,0.407987316526083,2020-06-29,2020,6
"13223","SP",3,"Sudeste",35051,"Guaratinguetá",439594,31856.0999239526,27,99,15,84,36,63,0,0,0,0,0,99,15,84,36,63,86,10.3689841630379,12.9936068526468,0.404368311591023,2020-07-06,2020,7
"13224","SP",3,"Sudeste",35051,"Guaratinguetá",439594,31856.0999239526,28,99,16,83,43,56,0,0,0,0,0,99,16,83,43,56,84,10.3689841630379,12.9936068526468,0.403849021572393,2020-07-13,2020,7
"13225","SP",3,"Sudeste",35051,"Guaratinguetá",439594,31856.0999239526,29,106,15,91,36,70,0,0,0,0,0,106,15,91,36,70,71,10.3689841630379,12.9936068526468,0.40990402370758,2020-07-20,2020,7
"13226","SP",3,"Sudeste",35052,"Bananal",27832,13904.4123954441,5,6,1,5,0,6,0,0,0,0,0,6,1,5,0,6,4,9.53996150726699,10.2339417168318,0.297148358423904,2020-02-03,2020,2
"13227","SP",3,"Sudeste",35052,"Bananal",27832,13904.4123954441,6,2,0,2,0,2,0,0,0,0,0,2,0,2,0,2,2,9.53996150726699,10.2339417168318,0.308897074390061,2020-02-10,2020,2
"13228","SP",3,"Sudeste",35052,"Bananal",27832,13904.4123954441,7,5,1,4,2,3,0,0,0,0,0,5,1,4,2,3,4,9.53996150726699,10.2339417168318,0.303104282157332,2020-02-17,2020,2
"13229","SP",3,"Sudeste",35052,"Bananal",27832,13904.4123954441,8,5,1,4,3,2,0,0,0,0,0,5,1,4,3,2,2,9.53996150726699,10.2339417168318,0.403334521738882,2020-02-24,2020,2
"13230","SP",3,"Sudeste",35052,"Bananal",27832,13904.4123954441,9,8,1,7,3,5,0,0,0,0,0,8,1,7,3,5,5,9.53996150726699,10.2339417168318,0.335289455262757,2020-03-02,2020,3
"13231","SP",3,"Sudeste",35052,"Bananal",27832,13904.4123954441,10,4,1,3,0,4,0,0,0,0,0,4,1,3,0,4,4,9.53996150726699,10.2339417168318,0.367103649197765,2020-03-09,2020,3
"13232","SP",3,"Sudeste",35052,"Bananal",27832,13904.4123954441,11,3,1,2,1,2,0,0,0,0,0,3,1,2,1,2,5,9.53996150726699,10.2339417168318,0.435940362763756,2020-03-16,2020,3
"13233","SP",3,"Sudeste",35052,"Bananal",27832,13904.4123954441,12,4,0,4,1,3,1,0,0,0,0,5,0,4,1,3,5,9.53996150726699,10.2339417168318,0.553703087985533,2020-03-23,2020,3
"13234","SP",3,"Sudeste",35052,"Bananal",27832,13904.4123954441,13,2,1,1,0,2,0,0,0,0,0,2,1,1,0,2,2,9.53996150726699,10.2339417168318,0.484527375282343,2020-03-30,2020,3
"13235","SP",3,"Sudeste",35052,"Bananal",27832,13904.4123954441,14,7,1,6,1,6,0,0,0,0,0,7,1,6,1,6,5,9.53996150726699,10.2339417168318,0.478965581779544,2020-04-06,2020,4
"13236","SP",3,"Sudeste",35052,"Bananal",27832,13904.4123954441,15,6,1,5,3,3,0,0,0,0,0,6,1,5,3,3,4,9.53996150726699,10.2339417168318,0.450788073686592,2020-04-13,2020,4
"13237","SP",3,"Sudeste",35052,"Bananal",27832,13904.4123954441,16,4,1,3,2,2,0,0,0,0,0,4,1,3,2,2,4,9.53996150726699,10.2339417168318,0.45080174928009,2020-04-20,2020,4
"13238","SP",3,"Sudeste",35052,"Bananal",27832,13904.4123954441,17,8,4,4,2,6,0,0,0,0,0,8,4,4,2,6,4,9.53996150726699,10.2339417168318,0.471212298795042,2020-04-27,2020,4
"13239","SP",3,"Sudeste",35052,"Bananal",27832,13904.4123954441,18,7,3,4,5,2,0,0,0,0,0,7,3,4,5,2,3,9.53996150726699,10.2339417168318,0.460393076793407,2020-05-04,2020,5
"13240","SP",3,"Sudeste",35052,"Bananal",27832,13904.4123954441,19,7,1,6,3,4,0,0,0,0,0,7,1,6,3,4,1,9.53996150726699,10.2339417168318,0.454422759124009,2020-05-11,2020,5
"13241","SP",3,"Sudeste",35052,"Bananal",27832,13904.4123954441,20,4,2,2,0,4,0,0,0,0,0,4,2,2,0,4,3,9.53996150726699,10.2339417168318,0.434138826200253,2020-05-18,2020,5
"13242","SP",3,"Sudeste",35052,"Bananal",27832,13904.4123954441,21,4,1,3,2,2,0,0,0,0,0,4,1,3,2,2,3,9.53996150726699,10.2339417168318,0.429856004390157,2020-05-25,2020,5
"13243","SP",3,"Sudeste",35052,"Bananal",27832,13904.4123954441,22,8,1,7,5,3,0,0,0,0,0,8,1,7,5,3,2,9.53996150726699,10.2339417168318,0.405346542946153,2020-06-01,2020,6
"13244","SP",3,"Sudeste",35052,"Bananal",27832,13904.4123954441,23,5,1,4,1,4,0,0,0,0,0,5,1,4,1,4,6,9.53996150726699,10.2339417168318,0.420443481608298,2020-06-08,2020,6
"13245","SP",3,"Sudeste",35052,"Bananal",27832,13904.4123954441,24,4,1,3,0,4,0,0,0,0,0,4,1,3,0,4,3,9.53996150726699,10.2339417168318,0.394399347256619,2020-06-15,2020,6
"13246","SP",3,"Sudeste",35052,"Bananal",27832,13904.4123954441,25,4,3,1,0,4,0,0,0,0,0,4,3,1,0,4,4,9.53996150726699,10.2339417168318,0.365421807787087,2020-06-22,2020,6
"13247","SP",3,"Sudeste",35052,"Bananal",27832,13904.4123954441,26,6,1,5,2,4,0,0,0,0,0,6,1,5,2,4,3,9.53996150726699,10.2339417168318,0.386655832086684,2020-06-29,2020,6
"13248","SP",3,"Sudeste",35052,"Bananal",27832,13904.4123954441,27,7,2,5,4,3,0,0,0,0,0,7,2,5,4,3,2,9.53996150726699,10.2339417168318,0.394106467862466,2020-07-06,2020,7
"13249","SP",3,"Sudeste",35052,"Bananal",27832,13904.4123954441,28,6,1,5,5,1,0,0,0,0,0,6,1,5,5,1,4,9.53996150726699,10.2339417168318,0.416984283928459,2020-07-13,2020,7
"13250","SP",3,"Sudeste",35052,"Bananal",27832,13904.4123954441,29,3,0,3,0,3,0,0,0,0,0,3,0,3,0,3,9,9.53996150726699,10.2339417168318,0.422564645891866,2020-07-20,2020,7
"13251","SP",3,"Sudeste",35053,"Paraibuna/Paraitinga",72499,15583.1994518545,5,19,6,13,6,13,0,0,0,0,0,19,6,13,6,13,7,9.65394865468697,11.1913280476442,0.291007158968543,2020-02-03,2020,2
"13252","SP",3,"Sudeste",35053,"Paraibuna/Paraitinga",72499,15583.1994518545,6,12,3,9,5,7,0,0,0,0,0,12,3,9,5,7,15,9.65394865468697,11.1913280476442,0.300262756880993,2020-02-10,2020,2
"13253","SP",3,"Sudeste",35053,"Paraibuna/Paraitinga",72499,15583.1994518545,7,9,4,5,4,5,0,0,0,0,0,9,4,5,4,5,10,9.65394865468697,11.1913280476442,0.309043094698743,2020-02-17,2020,2
"13254","SP",3,"Sudeste",35053,"Paraibuna/Paraitinga",72499,15583.1994518545,8,19,4,15,5,14,0,0,0,0,0,19,4,15,5,14,12,9.65394865468697,11.1913280476442,0.362052069286377,2020-02-24,2020,2
"13255","SP",3,"Sudeste",35053,"Paraibuna/Paraitinga",72499,15583.1994518545,9,18,5,13,6,12,0,0,0,0,0,18,5,13,6,12,11,9.65394865468697,11.1913280476442,0.330321786795469,2020-03-02,2020,3
"13256","SP",3,"Sudeste",35053,"Paraibuna/Paraitinga",72499,15583.1994518545,10,14,2,12,3,11,0,0,0,0,0,14,2,12,3,11,7,9.65394865468697,11.1913280476442,0.337845340663395,2020-03-09,2020,3
"13257","SP",3,"Sudeste",35053,"Paraibuna/Paraitinga",72499,15583.1994518545,11,9,1,8,3,6,0,0,0,0,0,9,1,8,3,6,19,9.65394865468697,11.1913280476442,0.429441591965331,2020-03-16,2020,3
"13258","SP",3,"Sudeste",35053,"Paraibuna/Paraitinga",72499,15583.1994518545,12,12,3,9,2,10,1,0,0,0,0,13,3,9,2,10,7,9.65394865468697,11.1913280476442,0.522471245376027,2020-03-23,2020,3
"13259","SP",3,"Sudeste",35053,"Paraibuna/Paraitinga",72499,15583.1994518545,13,7,2,5,2,5,0,0,0,0,0,7,2,5,2,5,9,9.65394865468697,11.1913280476442,0.483636552465578,2020-03-30,2020,3
"13260","SP",3,"Sudeste",35053,"Paraibuna/Paraitinga",72499,15583.1994518545,14,14,7,7,4,10,0,0,0,0,0,14,7,7,4,10,12,9.65394865468697,11.1913280476442,0.472424070252128,2020-04-06,2020,4
"13261","SP",3,"Sudeste",35053,"Paraibuna/Paraitinga",72499,15583.1994518545,15,15,3,12,1,14,1,0,0,0,0,16,3,12,1,14,13,9.65394865468697,11.1913280476442,0.445794242520703,2020-04-13,2020,4
"13262","SP",3,"Sudeste",35053,"Paraibuna/Paraitinga",72499,15583.1994518545,16,18,5,13,4,14,0,0,0,0,0,18,5,13,4,14,14,9.65394865468697,11.1913280476442,0.4401070146305,2020-04-20,2020,4
"13263","SP",3,"Sudeste",35053,"Paraibuna/Paraitinga",72499,15583.1994518545,17,9,2,7,3,6,0,0,0,0,0,9,2,7,3,6,12,9.65394865468697,11.1913280476442,0.448315851756498,2020-04-27,2020,4
"13264","SP",3,"Sudeste",35053,"Paraibuna/Paraitinga",72499,15583.1994518545,18,16,5,11,10,6,0,0,0,0,0,16,5,11,10,6,9,9.65394865468697,11.1913280476442,0.419680273610934,2020-05-04,2020,5
"13265","SP",3,"Sudeste",35053,"Paraibuna/Paraitinga",72499,15583.1994518545,19,18,4,14,5,13,1,0,0,0,0,19,4,14,5,13,13,9.65394865468697,11.1913280476442,0.439316165119163,2020-05-11,2020,5
"13266","SP",3,"Sudeste",35053,"Paraibuna/Paraitinga",72499,15583.1994518545,20,10,3,7,4,6,0,0,0,0,0,10,3,7,4,6,15,9.65394865468697,11.1913280476442,0.427333460716127,2020-05-18,2020,5
"13267","SP",3,"Sudeste",35053,"Paraibuna/Paraitinga",72499,15583.1994518545,21,23,7,16,11,12,0,0,0,0,0,23,7,16,11,12,6,9.65394865468697,11.1913280476442,0.412212038393519,2020-05-25,2020,5
"13268","SP",3,"Sudeste",35053,"Paraibuna/Paraitinga",72499,15583.1994518545,22,15,3,12,5,10,0,0,0,0,0,15,3,12,5,10,9,9.65394865468697,11.1913280476442,0.405108243843889,2020-06-01,2020,6
"13269","SP",3,"Sudeste",35053,"Paraibuna/Paraitinga",72499,15583.1994518545,23,13,1,12,4,9,0,0,0,0,0,13,1,12,4,9,7,9.65394865468697,11.1913280476442,0.39423441074194,2020-06-08,2020,6
"13270","SP",3,"Sudeste",35053,"Paraibuna/Paraitinga",72499,15583.1994518545,24,15,7,8,4,11,0,0,0,0,0,15,7,8,4,11,9,9.65394865468697,11.1913280476442,0.376398655405984,2020-06-15,2020,6
"13271","SP",3,"Sudeste",35053,"Paraibuna/Paraitinga",72499,15583.1994518545,25,11,2,9,6,5,0,0,0,0,0,11,2,9,6,5,12,9.65394865468697,11.1913280476442,0.400555483558196,2020-06-22,2020,6
"13272","SP",3,"Sudeste",35053,"Paraibuna/Paraitinga",72499,15583.1994518545,26,10,4,6,4,6,0,0,0,0,0,10,4,6,4,6,13,9.65394865468697,11.1913280476442,0.391111956726153,2020-06-29,2020,6
"13273","SP",3,"Sudeste",35053,"Paraibuna/Paraitinga",72499,15583.1994518545,27,17,0,17,6,11,0,0,0,0,0,17,0,17,6,11,8,9.65394865468697,11.1913280476442,0.399541978172482,2020-07-06,2020,7
"13274","SP",3,"Sudeste",35053,"Paraibuna/Paraitinga",72499,15583.1994518545,28,10,1,9,5,5,0,0,0,0,0,10,1,9,5,5,10,9.65394865468697,11.1913280476442,0.384566423568222,2020-07-13,2020,7
"13275","SP",3,"Sudeste",35053,"Paraibuna/Paraitinga",72499,15583.1994518545,29,15,3,12,7,8,0,0,0,0,0,15,3,12,7,8,5,9.65394865468697,11.1913280476442,0.404144825183123,2020-07-20,2020,7
"13276","SP",3,"Sudeste",35054,"Caraguatatuba",341132,71664.7310065898,5,59,11,48,12,47,0,0,0,0,0,59,11,48,12,47,43,11.1797540088666,12.7400247781372,0.277866327704898,2020-02-03,2020,2
"13277","SP",3,"Sudeste",35054,"Caraguatatuba",341132,71664.7310065898,6,82,15,67,28,54,1,0,0,0,0,83,15,67,28,54,20,11.1797540088666,12.7400247781372,0.286557701378021,2020-02-10,2020,2
"13278","SP",3,"Sudeste",35054,"Caraguatatuba",341132,71664.7310065898,7,77,18,59,26,51,0,0,0,0,0,77,18,59,26,51,47,11.1797540088666,12.7400247781372,0.298303410820269,2020-02-17,2020,2
"13279","SP",3,"Sudeste",35054,"Caraguatatuba",341132,71664.7310065898,8,89,15,74,40,49,2,0,0,0,0,91,15,74,40,49,34,11.1797540088666,12.7400247781372,0.350647819196464,2020-02-24,2020,2
"13280","SP",3,"Sudeste",35054,"Caraguatatuba",341132,71664.7310065898,9,89,16,73,27,62,0,0,0,0,0,89,16,73,27,62,30,11.1797540088666,12.7400247781372,0.317558447536071,2020-03-02,2020,3
"13281","SP",3,"Sudeste",35054,"Caraguatatuba",341132,71664.7310065898,10,85,13,72,36,49,0,0,0,0,0,85,13,72,36,49,49,11.1797540088666,12.7400247781372,0.323731881111072,2020-03-09,2020,3
"13282","SP",3,"Sudeste",35054,"Caraguatatuba",341132,71664.7310065898,11,70,13,57,21,49,2,0,0,0,0,72,13,57,21,49,29,11.1797540088666,12.7400247781372,0.442033217941154,2020-03-16,2020,3
"13283","SP",3,"Sudeste",35054,"Caraguatatuba",341132,71664.7310065898,12,69,8,61,32,37,0,0,0,0,0,69,8,61,32,37,43,11.1797540088666,12.7400247781372,0.577499076483361,2020-03-23,2020,3
"13284","SP",3,"Sudeste",35054,"Caraguatatuba",341132,71664.7310065898,13,77,16,61,27,50,0,0,0,0,0,77,16,61,27,50,42,11.1797540088666,12.7400247781372,0.529139749529807,2020-03-30,2020,3
"13285","SP",3,"Sudeste",35054,"Caraguatatuba",341132,71664.7310065898,14,89,12,77,35,54,0,0,0,0,0,89,12,77,35,54,27,11.1797540088666,12.7400247781372,0.508582352540899,2020-04-06,2020,4
"13286","SP",3,"Sudeste",35054,"Caraguatatuba",341132,71664.7310065898,15,84,16,68,32,52,0,0,0,0,0,84,16,68,32,52,28,11.1797540088666,12.7400247781372,0.483956676605728,2020-04-13,2020,4
"13287","SP",3,"Sudeste",35054,"Caraguatatuba",341132,71664.7310065898,16,92,7,85,36,56,2,0,0,0,0,94,7,85,36,56,44,11.1797540088666,12.7400247781372,0.478768867370238,2020-04-20,2020,4
"13288","SP",3,"Sudeste",35054,"Caraguatatuba",341132,71664.7310065898,17,92,14,78,38,54,2,0,0,0,0,94,14,78,38,54,38,11.1797540088666,12.7400247781372,0.471406814389357,2020-04-27,2020,4
"13289","SP",3,"Sudeste",35054,"Caraguatatuba",341132,71664.7310065898,18,68,8,60,19,49,0,0,0,0,0,68,8,60,19,49,44,11.1797540088666,12.7400247781372,0.457760628165526,2020-05-04,2020,5
"13290","SP",3,"Sudeste",35054,"Caraguatatuba",341132,71664.7310065898,19,88,14,74,26,62,1,0,0,0,0,89,14,74,26,62,46,11.1797540088666,12.7400247781372,0.466086807258509,2020-05-11,2020,5
"13291","SP",3,"Sudeste",35054,"Caraguatatuba",341132,71664.7310065898,20,73,14,59,23,50,2,0,0,0,0,75,14,59,23,50,37,11.1797540088666,12.7400247781372,0.446457633158252,2020-05-18,2020,5
"13292","SP",3,"Sudeste",35054,"Caraguatatuba",341132,71664.7310065898,21,101,15,86,48,53,0,0,0,0,0,101,15,86,48,53,48,11.1797540088666,12.7400247781372,0.445568801100278,2020-05-25,2020,5
"13293","SP",3,"Sudeste",35054,"Caraguatatuba",341132,71664.7310065898,22,113,11,102,38,75,1,0,0,0,0,114,11,102,38,75,43,11.1797540088666,12.7400247781372,0.437844135699864,2020-06-01,2020,6
"13294","SP",3,"Sudeste",35054,"Caraguatatuba",341132,71664.7310065898,23,115,20,95,33,82,1,0,0,0,0,116,20,95,33,82,69,11.1797540088666,12.7400247781372,0.430622177046723,2020-06-08,2020,6
"13295","SP",3,"Sudeste",35054,"Caraguatatuba",341132,71664.7310065898,24,89,15,74,37,52,0,0,0,0,0,89,15,74,37,52,37,11.1797540088666,12.7400247781372,0.406770292680889,2020-06-15,2020,6
"13296","SP",3,"Sudeste",35054,"Caraguatatuba",341132,71664.7310065898,25,72,8,64,32,40,0,0,0,0,0,72,8,64,32,40,50,11.1797540088666,12.7400247781372,0.428113909171093,2020-06-22,2020,6
"13297","SP",3,"Sudeste",35054,"Caraguatatuba",341132,71664.7310065898,26,95,14,81,32,63,0,0,0,0,0,95,14,81,32,63,40,11.1797540088666,12.7400247781372,0.413029302118768,2020-06-29,2020,6
"13298","SP",3,"Sudeste",35054,"Caraguatatuba",341132,71664.7310065898,27,92,14,78,34,58,0,0,0,0,0,92,14,78,34,58,42,11.1797540088666,12.7400247781372,0.407177180316661,2020-07-06,2020,7
"13299","SP",3,"Sudeste",35054,"Caraguatatuba",341132,71664.7310065898,28,86,6,80,28,58,2,0,0,0,0,88,6,80,28,58,50,11.1797540088666,12.7400247781372,0.416236539018173,2020-07-13,2020,7
"13300","SP",3,"Sudeste",35054,"Caraguatatuba",341132,71664.7310065898,29,81,7,74,27,54,0,0,0,0,0,81,7,74,27,54,55,11.1797540088666,12.7400247781372,0.403545406090944,2020-07-20,2020,7
"13301","SP",3,"Sudeste",35055,"Registro",251708,35059.3299136301,5,56,12,44,23,33,1,0,0,0,0,57,12,44,23,33,26,10.4647970457321,12.436024964488,0.315156283844304,2020-02-03,2020,2
"13302","SP",3,"Sudeste",35055,"Registro",251708,35059.3299136301,6,60,16,44,16,44,0,0,0,0,0,60,16,44,16,44,35,10.4647970457321,12.436024964488,0.311002631764416,2020-02-10,2020,2
"13303","SP",3,"Sudeste",35055,"Registro",251708,35059.3299136301,7,57,17,40,21,36,1,0,0,0,0,58,17,40,21,36,29,10.4647970457321,12.436024964488,0.32138191792348,2020-02-17,2020,2
"13304","SP",3,"Sudeste",35055,"Registro",251708,35059.3299136301,8,47,11,36,20,27,0,0,0,0,0,47,11,36,20,27,20,10.4647970457321,12.436024964488,0.383854022020487,2020-02-24,2020,2
"13305","SP",3,"Sudeste",35055,"Registro",251708,35059.3299136301,9,44,9,35,22,22,1,0,0,0,0,45,9,35,22,22,37,10.4647970457321,12.436024964488,0.347949616687459,2020-03-02,2020,3
"13306","SP",3,"Sudeste",35055,"Registro",251708,35059.3299136301,10,56,18,38,26,30,0,0,0,0,0,56,18,38,26,30,24,10.4647970457321,12.436024964488,0.349883677932371,2020-03-09,2020,3
"13307","SP",3,"Sudeste",35055,"Registro",251708,35059.3299136301,11,54,10,44,31,23,0,0,0,0,0,54,10,44,31,23,34,10.4647970457321,12.436024964488,0.445540697320057,2020-03-16,2020,3
"13308","SP",3,"Sudeste",35055,"Registro",251708,35059.3299136301,12,58,8,50,28,30,0,0,0,0,0,58,8,50,28,30,31,10.4647970457321,12.436024964488,0.558086278548743,2020-03-23,2020,3
"13309","SP",3,"Sudeste",35055,"Registro",251708,35059.3299136301,13,54,15,39,22,32,0,0,0,0,0,54,15,39,22,32,41,10.4647970457321,12.436024964488,0.513654649541421,2020-03-30,2020,3
"13310","SP",3,"Sudeste",35055,"Registro",251708,35059.3299136301,14,53,13,40,26,27,0,0,0,0,0,53,13,40,26,27,31,10.4647970457321,12.436024964488,0.497671603796319,2020-04-06,2020,4
"13311","SP",3,"Sudeste",35055,"Registro",251708,35059.3299136301,15,47,13,34,27,20,1,0,0,0,0,48,13,34,27,20,32,10.4647970457321,12.436024964488,0.483805260304885,2020-04-13,2020,4
"13312","SP",3,"Sudeste",35055,"Registro",251708,35059.3299136301,16,62,10,52,33,29,0,0,0,0,0,62,10,52,33,29,49,10.4647970457321,12.436024964488,0.480485623507144,2020-04-20,2020,4
"13313","SP",3,"Sudeste",35055,"Registro",251708,35059.3299136301,17,64,15,49,31,33,0,0,0,0,0,64,15,49,31,33,30,10.4647970457321,12.436024964488,0.476234907962559,2020-04-27,2020,4
"13314","SP",3,"Sudeste",35055,"Registro",251708,35059.3299136301,18,59,10,49,22,37,1,0,0,0,0,60,10,49,22,37,32,10.4647970457321,12.436024964488,0.454734229271294,2020-05-04,2020,5
"13315","SP",3,"Sudeste",35055,"Registro",251708,35059.3299136301,19,67,18,49,26,41,0,0,0,0,0,67,18,49,26,41,34,10.4647970457321,12.436024964488,0.453074500970536,2020-05-11,2020,5
"13316","SP",3,"Sudeste",35055,"Registro",251708,35059.3299136301,20,71,21,50,25,46,1,0,0,0,0,72,21,50,25,46,42,10.4647970457321,12.436024964488,0.448040173815947,2020-05-18,2020,5
"13317","SP",3,"Sudeste",35055,"Registro",251708,35059.3299136301,21,75,17,58,33,42,1,0,0,0,0,76,17,58,33,42,49,10.4647970457321,12.436024964488,0.452166640385005,2020-05-25,2020,5
"13318","SP",3,"Sudeste",35055,"Registro",251708,35059.3299136301,22,87,25,62,28,59,1,0,0,0,0,88,25,62,28,59,53,10.4647970457321,12.436024964488,0.457146714620462,2020-06-01,2020,6
"13319","SP",3,"Sudeste",35055,"Registro",251708,35059.3299136301,23,78,13,65,26,52,0,0,0,0,0,78,13,65,26,52,47,10.4647970457321,12.436024964488,0.438132866995813,2020-06-08,2020,6
"13320","SP",3,"Sudeste",35055,"Registro",251708,35059.3299136301,24,71,13,58,38,33,0,0,0,0,0,71,13,58,38,33,49,10.4647970457321,12.436024964488,0.42093105751185,2020-06-15,2020,6
"13321","SP",3,"Sudeste",35055,"Registro",251708,35059.3299136301,25,70,14,56,34,36,2,0,0,0,0,72,14,56,34,36,42,10.4647970457321,12.436024964488,0.455207168659905,2020-06-22,2020,6
"13322","SP",3,"Sudeste",35055,"Registro",251708,35059.3299136301,26,72,19,53,30,42,2,0,0,0,0,74,19,53,30,42,42,10.4647970457321,12.436024964488,0.439748706346811,2020-06-29,2020,6
"13323","SP",3,"Sudeste",35055,"Registro",251708,35059.3299136301,27,67,12,55,32,35,2,0,0,0,0,69,12,55,32,35,59,10.4647970457321,12.436024964488,0.431949406310902,2020-07-06,2020,7
"13324","SP",3,"Sudeste",35055,"Registro",251708,35059.3299136301,28,62,15,47,32,30,1,0,0,0,0,63,15,47,32,30,58,10.4647970457321,12.436024964488,0.438854840344011,2020-07-13,2020,7
"13325","SP",3,"Sudeste",35055,"Registro",251708,35059.3299136301,29,61,19,42,28,33,0,0,0,0,0,61,19,42,28,33,35,10.4647970457321,12.436024964488,0.437297600628577,2020-07-20,2020,7
"13326","SP",3,"Sudeste",35056,"Itanhaém",258770,19277.0757339723,5,71,12,59,24,47,1,0,0,0,0,72,12,59,24,47,47,9.86667188311178,12.4636949152606,0.322041907434247,2020-02-03,2020,2
"13327","SP",3,"Sudeste",35056,"Itanhaém",258770,19277.0757339723,6,55,14,41,23,32,0,0,0,0,0,55,14,41,23,32,36,9.86667188311178,12.4636949152606,0.310477751530558,2020-02-10,2020,2
"13328","SP",3,"Sudeste",35056,"Itanhaém",258770,19277.0757339723,7,48,9,39,19,29,0,0,0,0,0,48,9,39,19,29,36,9.86667188311178,12.4636949152606,0.326656642425427,2020-02-17,2020,2
"13329","SP",3,"Sudeste",35056,"Itanhaém",258770,19277.0757339723,8,56,12,44,22,34,0,0,0,0,0,56,12,44,22,34,40,9.86667188311178,12.4636949152606,0.38092984450245,2020-02-24,2020,2
"13330","SP",3,"Sudeste",35056,"Itanhaém",258770,19277.0757339723,9,59,11,48,26,33,0,0,0,0,0,59,11,48,26,33,34,9.86667188311178,12.4636949152606,0.355874027133645,2020-03-02,2020,3
"13331","SP",3,"Sudeste",35056,"Itanhaém",258770,19277.0757339723,10,67,11,56,24,43,0,0,0,0,0,67,11,56,24,43,43,9.86667188311178,12.4636949152606,0.351725143774643,2020-03-09,2020,3
"13332","SP",3,"Sudeste",35056,"Itanhaém",258770,19277.0757339723,11,52,13,39,25,27,0,0,0,0,0,52,13,39,25,27,48,9.86667188311178,12.4636949152606,0.448941886280925,2020-03-16,2020,3
"13333","SP",3,"Sudeste",35056,"Itanhaém",258770,19277.0757339723,12,60,21,39,25,35,0,0,0,0,0,60,21,39,25,35,39,9.86667188311178,12.4636949152606,0.562747428605882,2020-03-23,2020,3
"13334","SP",3,"Sudeste",35056,"Itanhaém",258770,19277.0757339723,13,61,14,47,26,35,2,0,0,0,0,63,14,47,26,35,45,9.86667188311178,12.4636949152606,0.521902459196364,2020-03-30,2020,3
"13335","SP",3,"Sudeste",35056,"Itanhaém",258770,19277.0757339723,14,46,6,40,22,24,1,0,0,0,0,47,6,40,22,24,39,9.86667188311178,12.4636949152606,0.508515788213366,2020-04-06,2020,4
"13336","SP",3,"Sudeste",35056,"Itanhaém",258770,19277.0757339723,15,65,14,51,29,36,1,0,0,0,0,66,14,51,29,36,41,9.86667188311178,12.4636949152606,0.487999897922311,2020-04-13,2020,4
"13337","SP",3,"Sudeste",35056,"Itanhaém",258770,19277.0757339723,16,61,15,46,19,42,1,0,0,0,0,62,15,46,19,42,38,9.86667188311178,12.4636949152606,0.479840470365402,2020-04-20,2020,4
"13338","SP",3,"Sudeste",35056,"Itanhaém",258770,19277.0757339723,17,60,14,46,28,32,0,0,0,0,0,60,14,46,28,32,48,9.86667188311178,12.4636949152606,0.470549065346863,2020-04-27,2020,4
"13339","SP",3,"Sudeste",35056,"Itanhaém",258770,19277.0757339723,18,68,15,53,27,41,1,0,0,0,0,69,15,53,27,41,57,9.86667188311178,12.4636949152606,0.455638846867208,2020-05-04,2020,5
"13340","SP",3,"Sudeste",35056,"Itanhaém",258770,19277.0757339723,19,74,12,62,32,42,0,0,0,0,0,74,12,62,32,42,53,9.86667188311178,12.4636949152606,0.466597420482766,2020-05-11,2020,5
"13341","SP",3,"Sudeste",35056,"Itanhaém",258770,19277.0757339723,20,64,12,52,23,41,1,0,0,0,0,65,12,52,23,41,50,9.86667188311178,12.4636949152606,0.45374184519524,2020-05-18,2020,5
"13342","SP",3,"Sudeste",35056,"Itanhaém",258770,19277.0757339723,21,65,13,52,28,37,1,0,0,0,0,66,13,52,28,37,60,9.86667188311178,12.4636949152606,0.451034391299373,2020-05-25,2020,5
"13343","SP",3,"Sudeste",35056,"Itanhaém",258770,19277.0757339723,22,82,22,60,25,57,0,0,0,0,0,82,22,60,25,57,50,9.86667188311178,12.4636949152606,0.458462852083379,2020-06-01,2020,6
"13344","SP",3,"Sudeste",35056,"Itanhaém",258770,19277.0757339723,23,65,13,52,30,35,0,0,0,0,0,65,13,52,30,35,47,9.86667188311178,12.4636949152606,0.430813838513265,2020-06-08,2020,6
"13345","SP",3,"Sudeste",35056,"Itanhaém",258770,19277.0757339723,24,53,8,45,21,32,0,0,0,0,0,53,8,45,21,32,54,9.86667188311178,12.4636949152606,0.415527195740894,2020-06-15,2020,6
"13346","SP",3,"Sudeste",35056,"Itanhaém",258770,19277.0757339723,25,61,14,47,19,42,0,0,0,0,0,61,14,47,19,42,49,9.86667188311178,12.4636949152606,0.44572104936173,2020-06-22,2020,6
"13347","SP",3,"Sudeste",35056,"Itanhaém",258770,19277.0757339723,26,62,10,52,25,37,0,0,0,0,0,62,10,52,25,37,62,9.86667188311178,12.4636949152606,0.42102295884902,2020-06-29,2020,6
"13348","SP",3,"Sudeste",35056,"Itanhaém",258770,19277.0757339723,27,72,13,59,24,48,1,0,0,0,0,73,13,59,24,48,38,9.86667188311178,12.4636949152606,0.423173315141464,2020-07-06,2020,7
"13349","SP",3,"Sudeste",35056,"Itanhaém",258770,19277.0757339723,28,68,14,54,31,37,2,0,0,0,0,70,14,54,31,37,45,9.86667188311178,12.4636949152606,0.431491859417267,2020-07-13,2020,7
"13350","SP",3,"Sudeste",35056,"Itanhaém",258770,19277.0757339723,29,66,15,51,24,42,1,0,0,0,0,67,15,51,24,42,67,9.86667188311178,12.4636949152606,0.432187705581076,2020-07-20,2020,7
"13351","SP",3,"Sudeste",35057,"Osasco",1986839,89887.5044060087,5,541,53,488,175,366,6,0,0,0,0,547,53,488,175,366,180,11.4063142164277,14.5020554915777,0.262939464110336,2020-02-03,2020,2
"13352","SP",3,"Sudeste",35057,"Osasco",1986839,89887.5044060087,6,493,53,440,141,352,7,0,0,0,0,500,53,440,141,352,205,11.4063142164277,14.5020554915777,0.266788872370189,2020-02-10,2020,2
"13353","SP",3,"Sudeste",35057,"Osasco",1986839,89887.5044060087,7,538,66,472,182,356,2,0,0,0,0,540,66,472,182,356,237,11.4063142164277,14.5020554915777,0.273573169685156,2020-02-17,2020,2
"13354","SP",3,"Sudeste",35057,"Osasco",1986839,89887.5044060087,8,535,63,472,175,360,2,0,0,0,0,537,63,472,175,360,222,11.4063142164277,14.5020554915777,0.332029032713325,2020-02-24,2020,2
"13355","SP",3,"Sudeste",35057,"Osasco",1986839,89887.5044060087,9,534,75,459,177,357,3,0,0,0,0,537,75,459,177,357,195,11.4063142164277,14.5020554915777,0.285548954039839,2020-03-02,2020,3
"13356","SP",3,"Sudeste",35057,"Osasco",1986839,89887.5044060087,10,492,64,428,165,327,6,0,0,0,0,498,64,428,165,327,231,11.4063142164277,14.5020554915777,0.294212529802085,2020-03-09,2020,3
"13357","SP",3,"Sudeste",35057,"Osasco",1986839,89887.5044060087,11,460,49,411,134,326,2,0,0,0,0,462,49,411,134,326,238,11.4063142164277,14.5020554915777,0.412217075633383,2020-03-16,2020,3
"13358","SP",3,"Sudeste",35057,"Osasco",1986839,89887.5044060087,12,458,61,397,158,300,7,0,0,0,0,465,61,397,158,300,263,11.4063142164277,14.5020554915777,0.544344761729838,2020-03-23,2020,3
"13359","SP",3,"Sudeste",35057,"Osasco",1986839,89887.5044060087,13,396,56,340,141,255,5,0,0,0,0,401,56,340,141,255,253,11.4063142164277,14.5020554915777,0.507721535720027,2020-03-30,2020,3
"13360","SP",3,"Sudeste",35057,"Osasco",1986839,89887.5044060087,14,473,55,418,180,293,8,0,0,0,0,481,55,418,180,293,288,11.4063142164277,14.5020554915777,0.499939904299756,2020-04-06,2020,4
"13361","SP",3,"Sudeste",35057,"Osasco",1986839,89887.5044060087,15,502,53,449,170,332,8,0,0,0,0,510,53,449,170,332,284,11.4063142164277,14.5020554915777,0.478132292209238,2020-04-13,2020,4
"13362","SP",3,"Sudeste",35057,"Osasco",1986839,89887.5044060087,16,563,64,499,177,386,4,0,0,0,0,567,64,499,177,386,284,11.4063142164277,14.5020554915777,0.480468766319517,2020-04-20,2020,4
"13363","SP",3,"Sudeste",35057,"Osasco",1986839,89887.5044060087,17,599,86,513,213,386,3,0,0,0,0,602,86,513,213,386,329,11.4063142164277,14.5020554915777,0.470112679629438,2020-04-27,2020,4
"13364","SP",3,"Sudeste",35057,"Osasco",1986839,89887.5044060087,18,517,75,442,167,350,10,0,0,0,0,527,75,442,167,350,355,11.4063142164277,14.5020554915777,0.450921437329453,2020-05-04,2020,5
"13365","SP",3,"Sudeste",35057,"Osasco",1986839,89887.5044060087,19,568,69,499,175,393,4,0,0,0,0,572,69,499,175,393,344,11.4063142164277,14.5020554915777,0.461510127217747,2020-05-11,2020,5
"13366","SP",3,"Sudeste",35057,"Osasco",1986839,89887.5044060087,20,542,60,482,208,334,3,0,0,0,0,545,60,482,208,334,383,11.4063142164277,14.5020554915777,0.456230916903999,2020-05-18,2020,5
"13367","SP",3,"Sudeste",35057,"Osasco",1986839,89887.5044060087,21,639,75,564,215,424,6,0,0,0,0,645,75,564,215,424,367,11.4063142164277,14.5020554915777,0.449468976888151,2020-05-25,2020,5
"13368","SP",3,"Sudeste",35057,"Osasco",1986839,89887.5044060087,22,669,79,590,223,446,4,0,0,0,0,673,79,590,223,446,350,11.4063142164277,14.5020554915777,0.429628097697019,2020-06-01,2020,6
"13369","SP",3,"Sudeste",35057,"Osasco",1986839,89887.5044060087,23,595,72,523,195,400,2,0,0,0,0,597,72,523,195,400,325,11.4063142164277,14.5020554915777,0.420135542458313,2020-06-08,2020,6
"13370","SP",3,"Sudeste",35057,"Osasco",1986839,89887.5044060087,24,581,68,513,198,383,7,0,0,0,0,588,68,513,198,383,314,11.4063142164277,14.5020554915777,0.39504282775082,2020-06-15,2020,6
"13371","SP",3,"Sudeste",35057,"Osasco",1986839,89887.5044060087,25,519,67,452,157,362,4,0,0,0,0,523,67,452,157,362,331,11.4063142164277,14.5020554915777,0.418157299317462,2020-06-22,2020,6
"13372","SP",3,"Sudeste",35057,"Osasco",1986839,89887.5044060087,26,533,48,485,169,364,2,0,0,0,0,535,48,485,169,364,301,11.4063142164277,14.5020554915777,0.40315152558427,2020-06-29,2020,6
"13373","SP",3,"Sudeste",35057,"Osasco",1986839,89887.5044060087,27,515,60,455,169,346,2,0,0,0,0,517,60,455,169,346,325,11.4063142164277,14.5020554915777,0.396212372155542,2020-07-06,2020,7
"13374","SP",3,"Sudeste",35057,"Osasco",1986839,89887.5044060087,28,592,71,521,199,393,4,0,0,0,0,596,71,521,199,393,319,11.4063142164277,14.5020554915777,0.398166051103748,2020-07-13,2020,7
"13375","SP",3,"Sudeste",35057,"Osasco",1986839,89887.5044060087,29,612,75,537,200,412,5,0,0,0,0,617,75,537,200,412,308,11.4063142164277,14.5020554915777,0.395042922320507,2020-07-20,2020,7
"13376","SP",3,"Sudeste",35058,"Franco da Rocha",538837,18718.2852020184,5,113,10,103,32,81,1,0,0,0,0,114,10,103,32,81,51,9.83725614337954,13.1971683922816,0.286179476847322,2020-02-03,2020,2
"13377","SP",3,"Sudeste",35058,"Franco da Rocha",538837,18718.2852020184,6,100,10,90,41,59,1,0,0,0,0,101,10,90,41,59,64,9.83725614337954,13.1971683922816,0.289166105528207,2020-02-10,2020,2
"13378","SP",3,"Sudeste",35058,"Franco da Rocha",538837,18718.2852020184,7,134,23,111,57,77,2,0,0,0,0,136,23,111,57,77,65,9.83725614337954,13.1971683922816,0.294376411597737,2020-02-17,2020,2
"13379","SP",3,"Sudeste",35058,"Franco da Rocha",538837,18718.2852020184,8,126,19,107,55,71,2,0,0,0,0,128,19,107,55,71,52,9.83725614337954,13.1971683922816,0.352244544431075,2020-02-24,2020,2
"13380","SP",3,"Sudeste",35058,"Franco da Rocha",538837,18718.2852020184,9,148,21,127,43,105,2,0,0,0,0,150,21,127,43,105,50,9.83725614337954,13.1971683922816,0.313374991406733,2020-03-02,2020,3
"13381","SP",3,"Sudeste",35058,"Franco da Rocha",538837,18718.2852020184,10,105,17,88,49,56,3,0,0,0,0,108,17,88,49,56,50,9.83725614337954,13.1971683922816,0.319045904513297,2020-03-09,2020,3
"13382","SP",3,"Sudeste",35058,"Franco da Rocha",538837,18718.2852020184,11,127,19,108,50,77,2,0,0,0,0,129,19,108,50,77,55,9.83725614337954,13.1971683922816,0.42500978432789,2020-03-16,2020,3
"13383","SP",3,"Sudeste",35058,"Franco da Rocha",538837,18718.2852020184,12,117,18,99,47,70,0,0,0,0,0,117,18,99,47,70,63,9.83725614337954,13.1971683922816,0.536891145810114,2020-03-23,2020,3
"13384","SP",3,"Sudeste",35058,"Franco da Rocha",538837,18718.2852020184,13,119,12,107,45,74,2,0,0,0,0,121,12,107,45,74,73,9.83725614337954,13.1971683922816,0.50515526369209,2020-03-30,2020,3
"13385","SP",3,"Sudeste",35058,"Franco da Rocha",538837,18718.2852020184,14,104,12,92,36,68,2,0,0,0,0,106,12,92,36,68,68,9.83725614337954,13.1971683922816,0.494526395586609,2020-04-06,2020,4
"13386","SP",3,"Sudeste",35058,"Franco da Rocha",538837,18718.2852020184,15,138,19,119,47,91,1,0,0,0,0,139,19,119,47,91,81,9.83725614337954,13.1971683922816,0.472202569983031,2020-04-13,2020,4
"13387","SP",3,"Sudeste",35058,"Franco da Rocha",538837,18718.2852020184,16,127,9,118,46,81,0,0,0,0,0,127,9,118,46,81,77,9.83725614337954,13.1971683922816,0.472405074782584,2020-04-20,2020,4
"13388","SP",3,"Sudeste",35058,"Franco da Rocha",538837,18718.2852020184,17,124,14,110,50,74,0,0,0,0,0,124,14,110,50,74,71,9.83725614337954,13.1971683922816,0.461987228626486,2020-04-27,2020,4
"13389","SP",3,"Sudeste",35058,"Franco da Rocha",538837,18718.2852020184,18,144,15,129,58,86,2,0,0,0,0,146,15,129,58,86,81,9.83725614337954,13.1971683922816,0.441646491294421,2020-05-04,2020,5
"13390","SP",3,"Sudeste",35058,"Franco da Rocha",538837,18718.2852020184,19,133,18,115,43,90,0,0,0,0,0,133,18,115,43,90,98,9.83725614337954,13.1971683922816,0.45376070283929,2020-05-11,2020,5
"13391","SP",3,"Sudeste",35058,"Franco da Rocha",538837,18718.2852020184,20,144,18,126,57,87,2,0,0,0,0,146,18,126,57,87,86,9.83725614337954,13.1971683922816,0.459034322855846,2020-05-18,2020,5
"13392","SP",3,"Sudeste",35058,"Franco da Rocha",538837,18718.2852020184,21,156,24,132,52,104,0,0,0,0,0,156,24,132,52,104,88,9.83725614337954,13.1971683922816,0.440696079250165,2020-05-25,2020,5
"13393","SP",3,"Sudeste",35058,"Franco da Rocha",538837,18718.2852020184,22,136,13,123,42,94,3,0,0,0,0,139,13,123,42,94,91,9.83725614337954,13.1971683922816,0.424279369785543,2020-06-01,2020,6
"13394","SP",3,"Sudeste",35058,"Franco da Rocha",538837,18718.2852020184,23,159,32,127,46,113,1,0,0,0,0,160,32,127,46,113,81,9.83725614337954,13.1971683922816,0.411678360364926,2020-06-08,2020,6
"13395","SP",3,"Sudeste",35058,"Franco da Rocha",538837,18718.2852020184,24,134,19,115,44,90,1,0,0,0,0,135,19,115,44,90,75,9.83725614337954,13.1971683922816,0.396308465839144,2020-06-15,2020,6
"13396","SP",3,"Sudeste",35058,"Franco da Rocha",538837,18718.2852020184,25,143,15,128,57,86,1,0,0,0,0,144,15,128,57,86,67,9.83725614337954,13.1971683922816,0.418194114271182,2020-06-22,2020,6
"13397","SP",3,"Sudeste",35058,"Franco da Rocha",538837,18718.2852020184,26,118,14,104,40,78,0,0,0,0,0,118,14,104,40,78,80,9.83725614337954,13.1971683922816,0.402177104026345,2020-06-29,2020,6
"13398","SP",3,"Sudeste",35058,"Franco da Rocha",538837,18718.2852020184,27,133,22,111,46,87,3,0,0,0,0,136,22,111,46,87,65,9.83725614337954,13.1971683922816,0.396890204111167,2020-07-06,2020,7
"13399","SP",3,"Sudeste",35058,"Franco da Rocha",538837,18718.2852020184,28,128,11,117,42,86,0,0,0,0,0,128,11,117,42,86,62,9.83725614337954,13.1971683922816,0.399606415434,2020-07-13,2020,7
"13400","SP",3,"Sudeste",35058,"Franco da Rocha",538837,18718.2852020184,29,172,21,151,67,105,0,0,0,0,0,172,21,151,67,105,71,9.83725614337954,13.1971683922816,0.398737517780422,2020-07-20,2020,7
"13401","SP",3,"Sudeste",35059,"Guarulhos",1541244,45713.1910926563,5,361,55,306,144,217,5,0,0,0,0,366,55,306,144,217,145,10.7301421805858,14.2481004405091,0.26921531491665,2020-02-03,2020,2
"13402","SP",3,"Sudeste",35059,"Guarulhos",1541244,45713.1910926563,6,402,66,336,154,248,3,0,0,0,0,405,66,336,154,248,163,10.7301421805858,14.2481004405091,0.274223696471746,2020-02-10,2020,2
"13403","SP",3,"Sudeste",35059,"Guarulhos",1541244,45713.1910926563,7,387,52,335,135,252,4,0,0,0,0,391,52,335,135,252,181,10.7301421805858,14.2481004405091,0.277206631449932,2020-02-17,2020,2
"13404","SP",3,"Sudeste",35059,"Guarulhos",1541244,45713.1910926563,8,365,43,322,140,225,7,0,0,0,0,372,43,322,140,225,136,10.7301421805858,14.2481004405091,0.335579509682214,2020-02-24,2020,2
"13405","SP",3,"Sudeste",35059,"Guarulhos",1541244,45713.1910926563,9,378,49,329,129,249,4,0,0,0,0,382,49,329,129,249,164,10.7301421805858,14.2481004405091,0.295246299814375,2020-03-02,2020,3
"13406","SP",3,"Sudeste",35059,"Guarulhos",1541244,45713.1910926563,10,369,52,317,127,242,4,0,0,0,0,373,52,317,127,242,180,10.7301421805858,14.2481004405091,0.30184942502558,2020-03-09,2020,3
"13407","SP",3,"Sudeste",35059,"Guarulhos",1541244,45713.1910926563,11,383,53,330,130,253,5,0,0,0,0,388,53,330,130,253,183,10.7301421805858,14.2481004405091,0.407731706656786,2020-03-16,2020,3
"13408","SP",3,"Sudeste",35059,"Guarulhos",1541244,45713.1910926563,12,370,57,313,138,232,2,0,0,0,0,372,57,313,138,232,173,10.7301421805858,14.2481004405091,0.532728651523484,2020-03-23,2020,3
"13409","SP",3,"Sudeste",35059,"Guarulhos",1541244,45713.1910926563,13,353,58,295,143,210,4,0,0,0,0,357,58,295,143,210,203,10.7301421805858,14.2481004405091,0.502045209135507,2020-03-30,2020,3
"13410","SP",3,"Sudeste",35059,"Guarulhos",1541244,45713.1910926563,14,383,55,328,139,244,2,0,0,0,0,385,55,328,139,244,188,10.7301421805858,14.2481004405091,0.498147055696045,2020-04-06,2020,4
"13411","SP",3,"Sudeste",35059,"Guarulhos",1541244,45713.1910926563,15,392,46,346,135,257,3,0,0,0,0,395,46,346,135,257,193,10.7301421805858,14.2481004405091,0.473866687193924,2020-04-13,2020,4
"13412","SP",3,"Sudeste",35059,"Guarulhos",1541244,45713.1910926563,16,391,53,338,151,240,8,0,0,0,0,399,53,338,151,240,218,10.7301421805858,14.2481004405091,0.474506024891098,2020-04-20,2020,4
"13413","SP",3,"Sudeste",35059,"Guarulhos",1541244,45713.1910926563,17,363,55,308,120,243,6,0,0,0,0,369,55,308,120,243,224,10.7301421805858,14.2481004405091,0.462552215522876,2020-04-27,2020,4
"13414","SP",3,"Sudeste",35059,"Guarulhos",1541244,45713.1910926563,18,401,68,333,140,261,4,0,0,0,0,405,68,333,140,261,246,10.7301421805858,14.2481004405091,0.438608065225948,2020-05-04,2020,5
"13415","SP",3,"Sudeste",35059,"Guarulhos",1541244,45713.1910926563,19,401,66,335,154,247,8,0,0,0,0,409,66,335,154,247,271,10.7301421805858,14.2481004405091,0.451301384425412,2020-05-11,2020,5
"13416","SP",3,"Sudeste",35059,"Guarulhos",1541244,45713.1910926563,20,435,56,379,141,294,6,0,0,0,0,441,56,379,141,294,284,10.7301421805858,14.2481004405091,0.444105424914163,2020-05-18,2020,5
"13417","SP",3,"Sudeste",35059,"Guarulhos",1541244,45713.1910926563,21,411,56,355,150,261,7,0,0,0,0,418,56,355,150,261,294,10.7301421805858,14.2481004405091,0.44176365607485,2020-05-25,2020,5
"13418","SP",3,"Sudeste",35059,"Guarulhos",1541244,45713.1910926563,22,405,61,344,162,243,1,0,0,0,0,406,61,344,162,243,268,10.7301421805858,14.2481004405091,0.420978379055621,2020-06-01,2020,6
"13419","SP",3,"Sudeste",35059,"Guarulhos",1541244,45713.1910926563,23,407,52,355,143,264,4,0,0,0,0,411,52,355,143,264,291,10.7301421805858,14.2481004405091,0.411784289248732,2020-06-08,2020,6
"13420","SP",3,"Sudeste",35059,"Guarulhos",1541244,45713.1910926563,24,412,52,360,139,273,6,0,0,0,0,418,52,360,139,273,256,10.7301421805858,14.2481004405091,0.389829429466394,2020-06-15,2020,6
"13421","SP",3,"Sudeste",35059,"Guarulhos",1541244,45713.1910926563,25,369,52,317,126,243,3,0,0,0,0,372,52,317,126,243,258,10.7301421805858,14.2481004405091,0.409267111837407,2020-06-22,2020,6
"13422","SP",3,"Sudeste",35059,"Guarulhos",1541244,45713.1910926563,26,418,62,356,144,274,6,0,0,0,0,424,62,356,144,274,246,10.7301421805858,14.2481004405091,0.395686048573603,2020-06-29,2020,6
"13423","SP",3,"Sudeste",35059,"Guarulhos",1541244,45713.1910926563,27,393,51,342,141,252,3,0,0,0,0,396,51,342,141,252,247,10.7301421805858,14.2481004405091,0.388070671938995,2020-07-06,2020,7
"13424","SP",3,"Sudeste",35059,"Guarulhos",1541244,45713.1910926563,28,398,45,353,127,271,0,0,0,0,0,398,45,353,127,271,226,10.7301421805858,14.2481004405091,0.38726987190923,2020-07-13,2020,7
"13425","SP",3,"Sudeste",35059,"Guarulhos",1541244,45713.1910926563,29,404,49,355,136,268,4,0,0,0,0,408,49,355,136,268,197,10.7301421805858,14.2481004405091,0.384443353097313,2020-07-20,2020,7
"13426","SP",3,"Sudeste",35060,"Itapecerica da Serra",1172450,36594.4090648898,5,276,38,238,91,185,3,0,0,0,0,279,38,238,91,185,129,10.5076507499309,13.9746061344701,0.28035353702206,2020-02-03,2020,2
"13427","SP",3,"Sudeste",35060,"Itapecerica da Serra",1172450,36594.4090648898,6,312,50,262,118,194,4,0,0,0,0,316,50,262,118,194,107,10.5076507499309,13.9746061344701,0.280701666684516,2020-02-10,2020,2
"13428","SP",3,"Sudeste",35060,"Itapecerica da Serra",1172450,36594.4090648898,7,279,47,232,80,199,4,0,0,0,0,283,47,232,80,199,122,10.5076507499309,13.9746061344701,0.295059542788319,2020-02-17,2020,2
"13429","SP",3,"Sudeste",35060,"Itapecerica da Serra",1172450,36594.4090648898,8,289,46,243,113,176,3,0,0,0,0,292,46,243,113,176,120,10.5076507499309,13.9746061344701,0.345157273853615,2020-02-24,2020,2
"13430","SP",3,"Sudeste",35060,"Itapecerica da Serra",1172450,36594.4090648898,9,290,42,248,99,191,4,0,0,0,0,294,42,248,99,191,115,10.5076507499309,13.9746061344701,0.305291288781964,2020-03-02,2020,3
"13431","SP",3,"Sudeste",35060,"Itapecerica da Serra",1172450,36594.4090648898,10,258,31,227,83,175,5,0,0,0,0,263,31,227,83,175,143,10.5076507499309,13.9746061344701,0.312883631523787,2020-03-09,2020,3
"13432","SP",3,"Sudeste",35060,"Itapecerica da Serra",1172450,36594.4090648898,11,241,38,203,80,161,3,0,0,0,0,244,38,203,80,161,136,10.5076507499309,13.9746061344701,0.413931516523902,2020-03-16,2020,3
"13433","SP",3,"Sudeste",35060,"Itapecerica da Serra",1172450,36594.4090648898,12,263,30,233,85,178,3,0,0,0,0,266,30,233,85,178,141,10.5076507499309,13.9746061344701,0.538280826287006,2020-03-23,2020,3
"13434","SP",3,"Sudeste",35060,"Itapecerica da Serra",1172450,36594.4090648898,13,261,37,224,92,169,2,0,0,0,0,263,37,224,92,169,160,10.5076507499309,13.9746061344701,0.504095080643317,2020-03-30,2020,3
"13435","SP",3,"Sudeste",35060,"Itapecerica da Serra",1172450,36594.4090648898,14,300,36,264,107,193,4,0,0,0,0,304,36,264,107,193,130,10.5076507499309,13.9746061344701,0.494634463497923,2020-04-06,2020,4
"13436","SP",3,"Sudeste",35060,"Itapecerica da Serra",1172450,36594.4090648898,15,278,28,250,97,181,2,0,0,0,0,280,28,250,97,181,131,10.5076507499309,13.9746061344701,0.467827506540247,2020-04-13,2020,4
"13437","SP",3,"Sudeste",35060,"Itapecerica da Serra",1172450,36594.4090648898,16,313,42,271,116,197,2,0,0,0,0,315,42,271,116,197,141,10.5076507499309,13.9746061344701,0.467933712433988,2020-04-20,2020,4
"13438","SP",3,"Sudeste",35060,"Itapecerica da Serra",1172450,36594.4090648898,17,328,47,281,134,194,4,0,0,0,0,332,47,281,134,194,178,10.5076507499309,13.9746061344701,0.456176164679606,2020-04-27,2020,4
"13439","SP",3,"Sudeste",35060,"Itapecerica da Serra",1172450,36594.4090648898,18,288,48,240,100,188,9,0,0,0,0,297,48,240,100,188,150,10.5076507499309,13.9746061344701,0.442157993056476,2020-05-04,2020,5
"13440","SP",3,"Sudeste",35060,"Itapecerica da Serra",1172450,36594.4090648898,19,301,49,252,101,200,4,0,0,0,0,305,49,252,101,200,172,10.5076507499309,13.9746061344701,0.454992610099406,2020-05-11,2020,5
"13441","SP",3,"Sudeste",35060,"Itapecerica da Serra",1172450,36594.4090648898,20,303,46,257,108,195,2,0,0,0,0,305,46,257,108,195,184,10.5076507499309,13.9746061344701,0.457090410971767,2020-05-18,2020,5
"13442","SP",3,"Sudeste",35060,"Itapecerica da Serra",1172450,36594.4090648898,21,301,53,248,94,207,5,0,0,0,0,306,53,248,94,207,192,10.5076507499309,13.9746061344701,0.438595660159082,2020-05-25,2020,5
"13443","SP",3,"Sudeste",35060,"Itapecerica da Serra",1172450,36594.4090648898,22,327,49,278,98,229,2,0,0,0,0,329,49,278,98,229,207,10.5076507499309,13.9746061344701,0.425814474945377,2020-06-01,2020,6
"13444","SP",3,"Sudeste",35060,"Itapecerica da Serra",1172450,36594.4090648898,23,310,47,263,110,200,3,0,0,0,0,313,47,263,110,200,182,10.5076507499309,13.9746061344701,0.411772389280263,2020-06-08,2020,6
"13445","SP",3,"Sudeste",35060,"Itapecerica da Serra",1172450,36594.4090648898,24,307,52,255,113,194,0,0,0,0,0,307,52,255,113,194,165,10.5076507499309,13.9746061344701,0.395479736183672,2020-06-15,2020,6
"13446","SP",3,"Sudeste",35060,"Itapecerica da Serra",1172450,36594.4090648898,25,284,35,249,85,199,2,0,0,0,0,286,35,249,85,199,180,10.5076507499309,13.9746061344701,0.418745101385175,2020-06-22,2020,6
"13447","SP",3,"Sudeste",35060,"Itapecerica da Serra",1172450,36594.4090648898,26,302,39,263,100,202,3,0,0,0,0,305,39,263,100,202,165,10.5076507499309,13.9746061344701,0.403340883219778,2020-06-29,2020,6
"13448","SP",3,"Sudeste",35060,"Itapecerica da Serra",1172450,36594.4090648898,27,327,43,284,112,215,4,0,0,0,0,331,43,284,112,215,174,10.5076507499309,13.9746061344701,0.398003798735729,2020-07-06,2020,7
"13449","SP",3,"Sudeste",35060,"Itapecerica da Serra",1172450,36594.4090648898,28,303,54,249,114,189,3,0,0,0,0,306,54,249,114,189,165,10.5076507499309,13.9746061344701,0.400776447105344,2020-07-13,2020,7
"13450","SP",3,"Sudeste",35060,"Itapecerica da Serra",1172450,36594.4090648898,29,322,50,272,102,220,6,0,0,0,0,328,50,272,102,220,159,10.5076507499309,13.9746061344701,0.396092749031835,2020-07-20,2020,7
"13451","SP",3,"Sudeste",35061,"São Paulo",15132944,56272.1295723324,5,3333,449,2884,1036,2297,23,0,0,0,0,3356,449,2884,1036,2297,1687,10.9379546573187,16.5323846471403,0.278253117500921,2020-02-03,2020,2
"13452","SP",3,"Sudeste",35061,"São Paulo",15132944,56272.1295723324,6,3349,430,2919,952,2397,25,0,0,0,0,3374,430,2919,952,2397,1715,10.9379546573187,16.5323846471403,0.281724919930843,2020-02-10,2020,2
"13453","SP",3,"Sudeste",35061,"São Paulo",15132944,56272.1295723324,7,3168,431,2737,990,2178,22,0,0,0,0,3190,431,2737,990,2178,1781,10.9379546573187,16.5323846471403,0.29253617101751,2020-02-17,2020,2
"13454","SP",3,"Sudeste",35061,"São Paulo",15132944,56272.1295723324,8,3208,437,2771,1035,2173,23,0,0,0,0,3231,437,2771,1035,2173,1784,10.9379546573187,16.5323846471403,0.34724563290869,2020-02-24,2020,2
"13455","SP",3,"Sudeste",35061,"São Paulo",15132944,56272.1295723324,9,3175,405,2770,979,2196,25,0,0,0,0,3200,405,2770,979,2196,1786,10.9379546573187,16.5323846471403,0.307698876333167,2020-03-02,2020,3
"13456","SP",3,"Sudeste",35061,"São Paulo",15132944,56272.1295723324,10,3133,426,2707,999,2134,22,0,0,0,0,3155,426,2707,999,2134,1844,10.9379546573187,16.5323846471403,0.318807904418213,2020-03-09,2020,3
"13457","SP",3,"Sudeste",35061,"São Paulo",15132944,56272.1295723324,11,3155,420,2735,934,2221,21,0,0,0,0,3176,420,2735,934,2221,2006,10.9379546573187,16.5323846471403,0.434002267352907,2020-03-16,2020,3
"13458","SP",3,"Sudeste",35061,"São Paulo",15132944,56272.1295723324,12,2865,374,2491,916,1949,23,0,0,0,0,2888,374,2491,916,1949,2113,10.9379546573187,16.5323846471403,0.565461936092228,2020-03-23,2020,3
"13459","SP",3,"Sudeste",35061,"São Paulo",15132944,56272.1295723324,13,2808,381,2427,874,1934,17,0,0,0,0,2825,381,2427,874,1934,2324,10.9379546573187,16.5323846471403,0.532638426514461,2020-03-30,2020,3
"13460","SP",3,"Sudeste",35061,"São Paulo",15132944,56272.1295723324,14,3064,363,2701,985,2079,25,0,0,0,0,3089,363,2701,985,2079,2300,10.9379546573187,16.5323846471403,0.524171102336293,2020-04-06,2020,4
"13461","SP",3,"Sudeste",35061,"São Paulo",15132944,56272.1295723324,15,3056,412,2644,939,2117,25,0,0,0,0,3081,412,2644,939,2117,2287,10.9379546573187,16.5323846471403,0.502728653033559,2020-04-13,2020,4
"13462","SP",3,"Sudeste",35061,"São Paulo",15132944,56272.1295723324,16,3250,446,2804,1014,2236,14,0,0,0,0,3264,446,2804,1014,2236,2385,10.9379546573187,16.5323846471403,0.49997354370965,2020-04-20,2020,4
"13463","SP",3,"Sudeste",35061,"São Paulo",15132944,56272.1295723324,17,3123,419,2704,997,2126,25,0,0,0,0,3148,419,2704,997,2126,2655,10.9379546573187,16.5323846471403,0.484168364999596,2020-04-27,2020,4
"13464","SP",3,"Sudeste",35061,"São Paulo",15132944,56272.1295723324,18,3167,376,2791,1016,2151,22,0,0,0,0,3189,376,2791,1016,2151,2636,10.9379546573187,16.5323846471403,0.469157055585076,2020-05-04,2020,5
"13465","SP",3,"Sudeste",35061,"São Paulo",15132944,56272.1295723324,19,3197,429,2768,946,2251,24,0,0,0,0,3221,429,2768,946,2251,2766,10.9379546573187,16.5323846471403,0.488213532652355,2020-05-11,2020,5
"13466","SP",3,"Sudeste",35061,"São Paulo",15132944,56272.1295723324,20,3278,426,2852,988,2290,27,0,0,0,0,3305,426,2852,988,2290,2803,10.9379546573187,16.5323846471403,0.478759216532556,2020-05-18,2020,5
"13467","SP",3,"Sudeste",35061,"São Paulo",15132944,56272.1295723324,21,3386,426,2960,993,2393,26,0,0,0,0,3412,426,2960,993,2393,2857,10.9379546573187,16.5323846471403,0.458165180310993,2020-05-25,2020,5
"13468","SP",3,"Sudeste",35061,"São Paulo",15132944,56272.1295723324,22,3603,404,3199,1075,2528,27,0,0,0,0,3630,404,3199,1075,2528,2897,10.9379546573187,16.5323846471403,0.443483624057129,2020-06-01,2020,6
"13469","SP",3,"Sudeste",35061,"São Paulo",15132944,56272.1295723324,23,3305,430,2875,1053,2252,25,0,0,0,0,3330,430,2875,1053,2252,2798,10.9379546573187,16.5323846471403,0.426397351389763,2020-06-08,2020,6
"13470","SP",3,"Sudeste",35061,"São Paulo",15132944,56272.1295723324,24,3223,428,2795,969,2254,27,0,0,0,0,3250,428,2795,969,2254,2608,10.9379546573187,16.5323846471403,0.412062487252916,2020-06-15,2020,6
"13471","SP",3,"Sudeste",35061,"São Paulo",15132944,56272.1295723324,25,3288,463,2825,1002,2286,16,0,0,0,0,3304,463,2825,1002,2286,2371,10.9379546573187,16.5323846471403,0.432698581518228,2020-06-22,2020,6
"13472","SP",3,"Sudeste",35061,"São Paulo",15132944,56272.1295723324,26,3262,390,2872,995,2267,25,0,0,0,0,3287,390,2872,995,2267,2359,10.9379546573187,16.5323846471403,0.422922244211522,2020-06-29,2020,6
"13473","SP",3,"Sudeste",35061,"São Paulo",15132944,56272.1295723324,27,3274,414,2860,949,2325,21,0,0,0,0,3295,414,2860,949,2325,2432,10.9379546573187,16.5323846471403,0.416066366547283,2020-07-06,2020,7
"13474","SP",3,"Sudeste",35061,"São Paulo",15132944,56272.1295723324,28,3283,396,2887,950,2333,25,0,0,0,0,3308,396,2887,950,2333,2358,10.9379546573187,16.5323846471403,0.414669912131372,2020-07-13,2020,7
"13475","SP",3,"Sudeste",35061,"São Paulo",15132944,56272.1295723324,29,3436,457,2979,1039,2397,28,0,0,0,0,3464,457,2979,1039,2397,2388,10.9379546573187,16.5323846471403,0.411411571561743,2020-07-20,2020,7
"13476","SP",3,"Sudeste",35062,"Mogi das Cruzes",1521528,29435.1347966321,5,399,44,355,130,269,1,0,0,0,0,400,44,355,130,269,144,10.2899443009196,14.2352256510417,0.287943258819273,2020-02-03,2020,2
"13477","SP",3,"Sudeste",35062,"Mogi das Cruzes",1521528,29435.1347966321,6,403,41,362,141,262,5,0,0,0,0,408,41,362,141,262,166,10.2899443009196,14.2352256510417,0.291713216598599,2020-02-10,2020,2
"13478","SP",3,"Sudeste",35062,"Mogi das Cruzes",1521528,29435.1347966321,7,384,48,336,150,234,5,0,0,0,0,389,48,336,150,234,153,10.2899443009196,14.2352256510417,0.302510323288595,2020-02-17,2020,2
"13479","SP",3,"Sudeste",35062,"Mogi das Cruzes",1521528,29435.1347966321,8,386,41,345,139,247,4,0,0,0,0,390,41,345,139,247,156,10.2899443009196,14.2352256510417,0.352515437149868,2020-02-24,2020,2
"13480","SP",3,"Sudeste",35062,"Mogi das Cruzes",1521528,29435.1347966321,9,393,33,360,130,263,8,0,0,0,0,401,33,360,130,263,168,10.2899443009196,14.2352256510417,0.319740721052432,2020-03-02,2020,3
"13481","SP",3,"Sudeste",35062,"Mogi das Cruzes",1521528,29435.1347966321,10,365,42,323,130,235,3,0,0,0,0,368,42,323,130,235,180,10.2899443009196,14.2352256510417,0.327636039810609,2020-03-09,2020,3
"13482","SP",3,"Sudeste",35062,"Mogi das Cruzes",1521528,29435.1347966321,11,381,53,328,139,242,1,0,0,0,0,382,53,328,139,242,192,10.2899443009196,14.2352256510417,0.420283893343574,2020-03-16,2020,3
"13483","SP",3,"Sudeste",35062,"Mogi das Cruzes",1521528,29435.1347966321,12,328,47,281,108,220,2,0,0,0,0,330,47,281,108,220,188,10.2899443009196,14.2352256510417,0.545997645767207,2020-03-23,2020,3
"13484","SP",3,"Sudeste",35062,"Mogi das Cruzes",1521528,29435.1347966321,13,283,31,252,93,190,5,0,0,0,0,288,31,252,93,190,169,10.2899443009196,14.2352256510417,0.512767655136078,2020-03-30,2020,3
"13485","SP",3,"Sudeste",35062,"Mogi das Cruzes",1521528,29435.1347966321,14,347,43,304,130,217,2,0,0,0,0,349,43,304,130,217,194,10.2899443009196,14.2352256510417,0.498950600844467,2020-04-06,2020,4
"13486","SP",3,"Sudeste",35062,"Mogi das Cruzes",1521528,29435.1347966321,15,335,43,292,122,213,1,0,0,0,0,336,43,292,122,213,157,10.2899443009196,14.2352256510417,0.477785307789729,2020-04-13,2020,4
"13487","SP",3,"Sudeste",35062,"Mogi das Cruzes",1521528,29435.1347966321,16,422,54,368,168,254,5,0,0,0,0,427,54,368,168,254,185,10.2899443009196,14.2352256510417,0.473626106748239,2020-04-20,2020,4
"13488","SP",3,"Sudeste",35062,"Mogi das Cruzes",1521528,29435.1347966321,17,340,47,293,120,220,3,0,0,0,0,343,47,293,120,220,204,10.2899443009196,14.2352256510417,0.464415198978948,2020-04-27,2020,4
"13489","SP",3,"Sudeste",35062,"Mogi das Cruzes",1521528,29435.1347966321,18,355,44,311,139,216,3,0,0,0,0,358,44,311,139,216,220,10.2899443009196,14.2352256510417,0.443041886515187,2020-05-04,2020,5
"13490","SP",3,"Sudeste",35062,"Mogi das Cruzes",1521528,29435.1347966321,19,383,63,320,154,229,3,0,0,0,0,386,63,320,154,229,206,10.2899443009196,14.2352256510417,0.453520839424675,2020-05-11,2020,5
"13491","SP",3,"Sudeste",35062,"Mogi das Cruzes",1521528,29435.1347966321,20,403,63,340,144,259,10,0,0,0,0,413,63,340,144,259,247,10.2899443009196,14.2352256510417,0.452136816995569,2020-05-18,2020,5
"13492","SP",3,"Sudeste",35062,"Mogi das Cruzes",1521528,29435.1347966321,21,415,60,355,156,259,3,0,0,0,0,418,60,355,156,259,272,10.2899443009196,14.2352256510417,0.43908236465901,2020-05-25,2020,5
"13493","SP",3,"Sudeste",35062,"Mogi das Cruzes",1521528,29435.1347966321,22,455,58,397,176,279,6,0,0,0,0,461,58,397,176,279,210,10.2899443009196,14.2352256510417,0.425829016720428,2020-06-01,2020,6
"13494","SP",3,"Sudeste",35062,"Mogi das Cruzes",1521528,29435.1347966321,23,420,50,370,153,267,5,0,0,0,0,425,50,370,153,267,244,10.2899443009196,14.2352256510417,0.409933921299491,2020-06-08,2020,6
"13495","SP",3,"Sudeste",35062,"Mogi das Cruzes",1521528,29435.1347966321,24,426,60,366,155,271,5,0,0,0,0,431,60,366,155,271,202,10.2899443009196,14.2352256510417,0.395687741207957,2020-06-15,2020,6
"13496","SP",3,"Sudeste",35062,"Mogi das Cruzes",1521528,29435.1347966321,25,386,53,333,152,234,4,0,0,0,0,390,53,333,152,234,212,10.2899443009196,14.2352256510417,0.415504794665582,2020-06-22,2020,6
"13497","SP",3,"Sudeste",35062,"Mogi das Cruzes",1521528,29435.1347966321,26,347,53,294,111,236,5,0,0,0,0,352,53,294,111,236,230,10.2899443009196,14.2352256510417,0.40580752620876,2020-06-29,2020,6
"13498","SP",3,"Sudeste",35062,"Mogi das Cruzes",1521528,29435.1347966321,27,348,48,300,111,237,3,0,0,0,0,351,48,300,111,237,253,10.2899443009196,14.2352256510417,0.401230888820138,2020-07-06,2020,7
"13499","SP",3,"Sudeste",35062,"Mogi das Cruzes",1521528,29435.1347966321,28,379,58,321,134,245,4,0,0,0,0,383,58,321,134,245,225,10.2899443009196,14.2352256510417,0.40113712597942,2020-07-13,2020,7
"13500","SP",3,"Sudeste",35062,"Mogi das Cruzes",1521528,29435.1347966321,29,425,46,379,147,278,2,0,0,0,0,427,46,379,147,278,244,10.2899443009196,14.2352256510417,0.3972402823551,2020-07-20,2020,7
"13501","SP",3,"Sudeste",35063,"Santos",1651955,35842.8411419439,5,313,54,259,102,211,1,0,0,0,0,314,54,259,102,211,226,10.4868991368806,14.3174699929826,0.282764760946609,2020-02-03,2020,2
"13502","SP",3,"Sudeste",35063,"Santos",1651955,35842.8411419439,6,306,50,256,99,207,3,0,0,0,0,309,50,256,99,207,252,10.4868991368806,14.3174699929826,0.284478066073904,2020-02-10,2020,2
"13503","SP",3,"Sudeste",35063,"Santos",1651955,35842.8411419439,7,345,44,301,107,238,4,0,0,0,0,349,44,301,107,238,263,10.4868991368806,14.3174699929826,0.301822018502245,2020-02-17,2020,2
"13504","SP",3,"Sudeste",35063,"Santos",1651955,35842.8411419439,8,300,53,247,114,186,0,0,0,0,0,300,53,247,114,186,229,10.4868991368806,14.3174699929826,0.355651204690388,2020-02-24,2020,2
"13505","SP",3,"Sudeste",35063,"Santos",1651955,35842.8411419439,9,347,76,271,125,222,1,0,0,0,0,348,76,271,125,222,260,10.4868991368806,14.3174699929826,0.325317414427267,2020-03-02,2020,3
"13506","SP",3,"Sudeste",35063,"Santos",1651955,35842.8411419439,10,315,61,254,104,211,4,0,0,0,0,319,61,254,104,211,236,10.4868991368806,14.3174699929826,0.323919196351671,2020-03-09,2020,3
"13507","SP",3,"Sudeste",35063,"Santos",1651955,35842.8411419439,11,315,63,252,117,198,4,0,0,0,0,319,63,252,117,198,249,10.4868991368806,14.3174699929826,0.424874583766378,2020-03-16,2020,3
"13508","SP",3,"Sudeste",35063,"Santos",1651955,35842.8411419439,12,371,64,307,134,237,1,0,0,0,0,372,64,307,134,237,240,10.4868991368806,14.3174699929826,0.54228872064868,2020-03-23,2020,3
"13509","SP",3,"Sudeste",35063,"Santos",1651955,35842.8411419439,13,324,69,255,113,211,3,0,0,0,0,327,69,255,113,211,260,10.4868991368806,14.3174699929826,0.504884073566001,2020-03-30,2020,3
"13510","SP",3,"Sudeste",35063,"Santos",1651955,35842.8411419439,14,342,78,264,138,204,5,0,0,0,0,347,78,264,138,204,265,10.4868991368806,14.3174699929826,0.496103148038595,2020-04-06,2020,4
"13511","SP",3,"Sudeste",35063,"Santos",1651955,35842.8411419439,15,342,59,283,112,230,4,0,0,0,0,346,59,283,112,230,247,10.4868991368806,14.3174699929826,0.47747957032732,2020-04-13,2020,4
"13512","SP",3,"Sudeste",35063,"Santos",1651955,35842.8411419439,16,350,67,283,126,224,3,0,0,0,0,353,67,283,126,224,255,10.4868991368806,14.3174699929826,0.473377291440334,2020-04-20,2020,4
"13513","SP",3,"Sudeste",35063,"Santos",1651955,35842.8411419439,17,358,79,279,110,248,1,0,0,0,0,359,79,279,110,248,334,10.4868991368806,14.3174699929826,0.465239024089689,2020-04-27,2020,4
"13514","SP",3,"Sudeste",35063,"Santos",1651955,35842.8411419439,18,347,59,288,121,226,2,0,0,0,0,349,59,288,121,226,306,10.4868991368806,14.3174699929826,0.44437550834805,2020-05-04,2020,5
"13515","SP",3,"Sudeste",35063,"Santos",1651955,35842.8411419439,19,374,76,298,129,245,4,0,0,0,0,378,76,298,129,245,347,10.4868991368806,14.3174699929826,0.452354843448933,2020-05-11,2020,5
"13516","SP",3,"Sudeste",35063,"Santos",1651955,35842.8411419439,20,346,67,279,127,219,0,0,0,0,0,346,67,279,127,219,373,10.4868991368806,14.3174699929826,0.441771539350779,2020-05-18,2020,5
"13517","SP",3,"Sudeste",35063,"Santos",1651955,35842.8411419439,21,437,80,357,164,273,5,0,0,0,0,442,80,357,164,273,415,10.4868991368806,14.3174699929826,0.438923565161121,2020-05-25,2020,5
"13518","SP",3,"Sudeste",35063,"Santos",1651955,35842.8411419439,22,395,63,332,132,263,4,0,0,0,0,399,63,332,132,263,310,10.4868991368806,14.3174699929826,0.433523902709901,2020-06-01,2020,6
"13519","SP",3,"Sudeste",35063,"Santos",1651955,35842.8411419439,23,395,83,312,139,256,3,0,0,0,0,398,83,312,139,256,427,10.4868991368806,14.3174699929826,0.417984988197521,2020-06-08,2020,6
"13520","SP",3,"Sudeste",35063,"Santos",1651955,35842.8411419439,24,384,61,323,135,249,4,0,0,0,0,388,61,323,135,249,397,10.4868991368806,14.3174699929826,0.397796532133132,2020-06-15,2020,6
"13521","SP",3,"Sudeste",35063,"Santos",1651955,35842.8411419439,25,360,72,288,128,232,4,0,0,0,0,364,72,288,128,232,334,10.4868991368806,14.3174699929826,0.427186714660556,2020-06-22,2020,6
"13522","SP",3,"Sudeste",35063,"Santos",1651955,35842.8411419439,26,382,72,310,145,237,0,0,0,0,0,382,72,310,145,237,345,10.4868991368806,14.3174699929826,0.408317154633381,2020-06-29,2020,6
"13523","SP",3,"Sudeste",35063,"Santos",1651955,35842.8411419439,27,371,64,307,134,237,3,0,0,0,0,374,64,307,134,237,328,10.4868991368806,14.3174699929826,0.400924552773801,2020-07-06,2020,7
"13524","SP",3,"Sudeste",35063,"Santos",1651955,35842.8411419439,28,358,57,301,128,230,4,0,0,0,0,362,57,301,128,230,305,10.4868991368806,14.3174699929826,0.406345221307344,2020-07-13,2020,7
"13525","SP",3,"Sudeste",35063,"Santos",1651955,35842.8411419439,29,367,69,298,140,227,8,0,0,0,0,375,69,298,140,227,309,10.4868991368806,14.3174699929826,0.400416376746175,2020-07-20,2020,7
"13526","TO",1,"Norte",17001,"Bico do Papagaio",217560,12003.6146360544,5,57,19,38,29,28,0,0,0,0,0,57,19,38,29,28,15,9.3929631030838,12.2902299535369,0.232491965644572,2020-02-03,2020,2
"13527","TO",1,"Norte",17001,"Bico do Papagaio",217560,12003.6146360544,6,43,7,36,18,25,1,0,0,0,0,44,7,36,18,25,25,9.3929631030838,12.2902299535369,0.227902541352822,2020-02-10,2020,2
"13528","TO",1,"Norte",17001,"Bico do Papagaio",217560,12003.6146360544,7,58,14,44,20,38,0,0,0,0,0,58,14,44,20,38,18,9.3929631030838,12.2902299535369,0.23833777790822,2020-02-17,2020,2
"13529","TO",1,"Norte",17001,"Bico do Papagaio",217560,12003.6146360544,8,60,17,43,35,25,0,0,0,0,0,60,17,43,35,25,32,9.3929631030838,12.2902299535369,0.268390163039625,2020-02-24,2020,2
"13530","TO",1,"Norte",17001,"Bico do Papagaio",217560,12003.6146360544,9,45,17,28,20,25,0,0,0,0,0,45,17,28,20,25,26,9.3929631030838,12.2902299535369,0.252421522793794,2020-03-02,2020,3
"13531","TO",1,"Norte",17001,"Bico do Papagaio",217560,12003.6146360544,10,37,14,23,19,18,0,0,0,0,0,37,14,23,19,18,23,9.3929631030838,12.2902299535369,0.26428141217189,2020-03-09,2020,3
"13532","TO",1,"Norte",17001,"Bico do Papagaio",217560,12003.6146360544,11,46,11,35,23,23,3,0,0,0,0,49,11,35,23,23,20,9.3929631030838,12.2902299535369,0.331998978449237,2020-03-16,2020,3
"13533","TO",1,"Norte",17001,"Bico do Papagaio",217560,12003.6146360544,12,44,17,27,21,23,0,0,0,0,0,44,17,27,21,23,17,9.3929631030838,12.2902299535369,0.396770505295063,2020-03-23,2020,3
"13534","TO",1,"Norte",17001,"Bico do Papagaio",217560,12003.6146360544,13,32,9,23,10,22,0,0,0,0,0,32,9,23,10,22,21,9.3929631030838,12.2902299535369,0.349286441423304,2020-03-30,2020,3
"13535","TO",1,"Norte",17001,"Bico do Papagaio",217560,12003.6146360544,14,48,11,37,18,30,0,0,0,0,0,48,11,37,18,30,16,9.3929631030838,12.2902299535369,0.334224522686705,2020-04-06,2020,4
"13536","TO",1,"Norte",17001,"Bico do Papagaio",217560,12003.6146360544,15,45,12,33,26,19,0,0,0,0,0,45,12,33,26,19,18,9.3929631030838,12.2902299535369,0.325289527869363,2020-04-13,2020,4
"13537","TO",1,"Norte",17001,"Bico do Papagaio",217560,12003.6146360544,16,50,20,30,29,21,0,0,0,0,0,50,20,30,29,21,19,9.3929631030838,12.2902299535369,0.333208537371163,2020-04-20,2020,4
"13538","TO",1,"Norte",17001,"Bico do Papagaio",217560,12003.6146360544,17,43,12,31,24,19,0,0,0,0,0,43,12,31,24,19,26,9.3929631030838,12.2902299535369,0.342000489947693,2020-04-27,2020,4
"13539","TO",1,"Norte",17001,"Bico do Papagaio",217560,12003.6146360544,18,34,9,25,18,16,0,0,0,0,0,34,9,25,18,16,25,9.3929631030838,12.2902299535369,0.371580753970892,2020-05-04,2020,5
"13540","TO",1,"Norte",17001,"Bico do Papagaio",217560,12003.6146360544,19,40,9,31,24,16,1,0,0,0,0,41,9,31,24,16,39,9.3929631030838,12.2902299535369,0.382807003510138,2020-05-11,2020,5
"13541","TO",1,"Norte",17001,"Bico do Papagaio",217560,12003.6146360544,20,55,11,44,25,30,1,0,0,0,0,56,11,44,25,30,29,9.3929631030838,12.2902299535369,0.419872488625744,2020-05-18,2020,5
"13542","TO",1,"Norte",17001,"Bico do Papagaio",217560,12003.6146360544,21,66,15,51,33,33,0,0,0,0,0,66,15,51,33,33,22,9.3929631030838,12.2902299535369,0.369577765347854,2020-05-25,2020,5
"13543","TO",1,"Norte",17001,"Bico do Papagaio",217560,12003.6146360544,22,55,12,43,26,29,1,0,0,0,0,56,12,43,26,29,27,9.3929631030838,12.2902299535369,0.333094121850314,2020-06-01,2020,6
"13544","TO",1,"Norte",17001,"Bico do Papagaio",217560,12003.6146360544,23,43,12,31,29,14,0,0,0,0,0,43,12,31,29,14,27,9.3929631030838,12.2902299535369,0.338436698074503,2020-06-08,2020,6
"13545","TO",1,"Norte",17001,"Bico do Papagaio",217560,12003.6146360544,24,52,18,34,23,29,1,0,0,0,0,53,18,34,23,29,29,9.3929631030838,12.2902299535369,0.337426447002484,2020-06-15,2020,6
"13546","TO",1,"Norte",17001,"Bico do Papagaio",217560,12003.6146360544,25,49,12,37,24,25,2,0,0,0,0,51,12,37,24,25,27,9.3929631030838,12.2902299535369,0.344591029190141,2020-06-22,2020,6
"13547","TO",1,"Norte",17001,"Bico do Papagaio",217560,12003.6146360544,26,61,20,41,34,27,1,0,0,0,0,62,20,41,34,27,32,9.3929631030838,12.2902299535369,0.331692676880624,2020-06-29,2020,6
"13548","TO",1,"Norte",17001,"Bico do Papagaio",217560,12003.6146360544,27,60,15,45,30,30,1,0,0,0,0,61,15,45,30,30,25,9.3929631030838,12.2902299535369,0.356270969340604,2020-07-06,2020,7
"13549","TO",1,"Norte",17001,"Bico do Papagaio",217560,12003.6146360544,28,42,9,33,19,23,0,0,0,0,0,42,9,33,19,23,36,9.3929631030838,12.2902299535369,0.33904050368438,2020-07-13,2020,7
"13550","TO",1,"Norte",17001,"Bico do Papagaio",217560,12003.6146360544,29,70,22,48,35,35,0,0,0,0,0,70,22,48,35,35,26,9.3929631030838,12.2902299535369,0.369721467829424,2020-07-20,2020,7
"13551","TO",1,"Norte",17002,"Araguaína",323491,22082.8319929148,5,109,26,83,52,57,0,0,0,0,0,109,26,83,52,57,42,10.002555752715,12.6869265718251,0.273966677268639,2020-02-03,2020,2
"13552","TO",1,"Norte",17002,"Araguaína",323491,22082.8319929148,6,90,25,65,39,51,1,0,0,0,0,91,25,65,39,51,22,10.002555752715,12.6869265718251,0.268056433325889,2020-02-10,2020,2
"13553","TO",1,"Norte",17002,"Araguaína",323491,22082.8319929148,7,91,10,81,43,48,1,0,0,0,0,92,10,81,43,48,31,10.002555752715,12.6869265718251,0.286913851521496,2020-02-17,2020,2
"13554","TO",1,"Norte",17002,"Araguaína",323491,22082.8319929148,8,93,20,73,37,56,0,0,0,0,0,93,20,73,37,56,27,10.002555752715,12.6869265718251,0.320371620898072,2020-02-24,2020,2
"13555","TO",1,"Norte",17002,"Araguaína",323491,22082.8319929148,9,95,28,67,40,55,0,0,0,0,0,95,28,67,40,55,23,10.002555752715,12.6869265718251,0.293089543912506,2020-03-02,2020,3
"13556","TO",1,"Norte",17002,"Araguaína",323491,22082.8319929148,10,81,14,67,40,41,1,0,0,0,0,82,14,67,40,41,42,10.002555752715,12.6869265718251,0.313397240762953,2020-03-09,2020,3
"13557","TO",1,"Norte",17002,"Araguaína",323491,22082.8319929148,11,85,12,73,29,56,0,0,0,0,0,85,12,73,29,56,28,10.002555752715,12.6869265718251,0.384647923006496,2020-03-16,2020,3
"13558","TO",1,"Norte",17002,"Araguaína",323491,22082.8319929148,12,83,12,71,32,51,1,0,0,0,0,84,12,71,32,51,23,10.002555752715,12.6869265718251,0.455815517734673,2020-03-23,2020,3
"13559","TO",1,"Norte",17002,"Araguaína",323491,22082.8319929148,13,73,18,55,38,35,0,0,0,0,0,73,18,55,38,35,35,10.002555752715,12.6869265718251,0.402880342982617,2020-03-30,2020,3
"13560","TO",1,"Norte",17002,"Araguaína",323491,22082.8319929148,14,84,20,64,31,53,0,0,0,0,0,84,20,64,31,53,41,10.002555752715,12.6869265718251,0.404454226428875,2020-04-06,2020,4
"13561","TO",1,"Norte",17002,"Araguaína",323491,22082.8319929148,15,81,13,68,40,41,1,0,0,0,0,82,13,68,40,41,26,10.002555752715,12.6869265718251,0.386602929598079,2020-04-13,2020,4
"13562","TO",1,"Norte",17002,"Araguaína",323491,22082.8319929148,16,81,22,59,30,51,0,0,0,0,0,81,22,59,30,51,26,10.002555752715,12.6869265718251,0.388068141437857,2020-04-20,2020,4
"13563","TO",1,"Norte",17002,"Araguaína",323491,22082.8319929148,17,79,15,64,43,36,0,0,0,0,0,79,15,64,43,36,33,10.002555752715,12.6869265718251,0.398336739807721,2020-04-27,2020,4
"13564","TO",1,"Norte",17002,"Araguaína",323491,22082.8319929148,18,84,17,67,34,50,1,0,0,0,0,85,17,67,34,50,32,10.002555752715,12.6869265718251,0.385803228523925,2020-05-04,2020,5
"13565","TO",1,"Norte",17002,"Araguaína",323491,22082.8319929148,19,79,19,60,36,43,0,0,0,0,0,79,19,60,36,43,40,10.002555752715,12.6869265718251,0.426152848088961,2020-05-11,2020,5
"13566","TO",1,"Norte",17002,"Araguaína",323491,22082.8319929148,20,80,22,58,39,41,1,0,0,0,0,81,22,58,39,41,43,10.002555752715,12.6869265718251,0.440295357205312,2020-05-18,2020,5
"13567","TO",1,"Norte",17002,"Araguaína",323491,22082.8319929148,21,92,20,72,41,51,4,0,0,0,0,96,20,72,41,51,38,10.002555752715,12.6869265718251,0.394091745404984,2020-05-25,2020,5
"13568","TO",1,"Norte",17002,"Araguaína",323491,22082.8319929148,22,102,13,89,41,61,0,0,0,0,0,102,13,89,41,61,44,10.002555752715,12.6869265718251,0.375503984765216,2020-06-01,2020,6
"13569","TO",1,"Norte",17002,"Araguaína",323491,22082.8319929148,23,91,18,73,43,48,0,0,0,0,0,91,18,73,43,48,57,10.002555752715,12.6869265718251,0.366221413141056,2020-06-08,2020,6
"13570","TO",1,"Norte",17002,"Araguaína",323491,22082.8319929148,24,96,23,73,42,54,1,0,0,0,0,97,23,73,42,54,51,10.002555752715,12.6869265718251,0.368969711359227,2020-06-15,2020,6
"13571","TO",1,"Norte",17002,"Araguaína",323491,22082.8319929148,25,95,19,76,41,54,1,0,0,0,0,96,19,76,41,54,49,10.002555752715,12.6869265718251,0.355292195491715,2020-06-22,2020,6
"13572","TO",1,"Norte",17002,"Araguaína",323491,22082.8319929148,26,78,12,66,26,52,1,0,0,0,0,79,12,66,26,52,46,10.002555752715,12.6869265718251,0.355170644010161,2020-06-29,2020,6
"13573","TO",1,"Norte",17002,"Araguaína",323491,22082.8319929148,27,95,24,71,40,55,2,0,0,0,0,97,24,71,40,55,34,10.002555752715,12.6869265718251,0.366685441777689,2020-07-06,2020,7
"13574","TO",1,"Norte",17002,"Araguaína",323491,22082.8319929148,28,88,13,75,34,54,1,0,0,0,0,89,13,75,34,54,42,10.002555752715,12.6869265718251,0.364087891162362,2020-07-13,2020,7
"13575","TO",1,"Norte",17002,"Araguaína",323491,22082.8319929148,29,101,21,80,36,65,1,0,0,0,0,102,21,80,36,65,51,10.002555752715,12.6869265718251,0.36561813675769,2020-07-20,2020,7
"13576","TO",1,"Norte",17003,"Miracema do Tocantins",149583,21685.0453459283,5,39,12,27,19,20,0,0,0,0,0,39,12,27,19,20,17,9.98437814738687,11.9156067017018,0.257830100194861,2020-02-03,2020,2
"13577","TO",1,"Norte",17003,"Miracema do Tocantins",149583,21685.0453459283,6,35,9,26,20,15,0,0,0,0,0,35,9,26,20,15,20,9.98437814738687,11.9156067017018,0.240417265013937,2020-02-10,2020,2
"13578","TO",1,"Norte",17003,"Miracema do Tocantins",149583,21685.0453459283,7,47,14,33,26,21,1,0,0,0,0,48,14,33,26,21,15,9.98437814738687,11.9156067017018,0.267151490046142,2020-02-17,2020,2
"13579","TO",1,"Norte",17003,"Miracema do Tocantins",149583,21685.0453459283,8,54,10,44,28,26,0,0,0,0,0,54,10,44,28,26,13,9.98437814738687,11.9156067017018,0.295771904452954,2020-02-24,2020,2
"13580","TO",1,"Norte",17003,"Miracema do Tocantins",149583,21685.0453459283,9,32,6,26,9,23,0,0,0,0,0,32,6,26,9,23,19,9.98437814738687,11.9156067017018,0.274814496164335,2020-03-02,2020,3
"13581","TO",1,"Norte",17003,"Miracema do Tocantins",149583,21685.0453459283,10,37,15,22,23,14,0,0,0,0,0,37,15,22,23,14,26,9.98437814738687,11.9156067017018,0.282528562312949,2020-03-09,2020,3
"13582","TO",1,"Norte",17003,"Miracema do Tocantins",149583,21685.0453459283,11,43,7,36,18,25,0,0,0,0,0,43,7,36,18,25,20,9.98437814738687,11.9156067017018,0.346556588101695,2020-03-16,2020,3
"13583","TO",1,"Norte",17003,"Miracema do Tocantins",149583,21685.0453459283,12,44,9,35,18,26,0,0,0,0,0,44,9,35,18,26,13,9.98437814738687,11.9156067017018,0.41813439654783,2020-03-23,2020,3
"13584","TO",1,"Norte",17003,"Miracema do Tocantins",149583,21685.0453459283,13,36,17,19,23,13,0,0,0,0,0,36,17,19,23,13,26,9.98437814738687,11.9156067017018,0.359210323139587,2020-03-30,2020,3
"13585","TO",1,"Norte",17003,"Miracema do Tocantins",149583,21685.0453459283,14,30,4,26,8,22,0,0,0,0,0,30,4,26,8,22,11,9.98437814738687,11.9156067017018,0.373534808704301,2020-04-06,2020,4
"13586","TO",1,"Norte",17003,"Miracema do Tocantins",149583,21685.0453459283,15,43,9,34,27,16,1,0,0,0,0,44,9,34,27,16,13,9.98437814738687,11.9156067017018,0.342346663152129,2020-04-13,2020,4
"13587","TO",1,"Norte",17003,"Miracema do Tocantins",149583,21685.0453459283,16,33,9,24,12,21,0,0,0,0,0,33,9,24,12,21,16,9.98437814738687,11.9156067017018,0.338073896553291,2020-04-20,2020,4
"13588","TO",1,"Norte",17003,"Miracema do Tocantins",149583,21685.0453459283,17,35,15,20,18,17,0,0,0,0,0,35,15,20,18,17,17,9.98437814738687,11.9156067017018,0.366669302098144,2020-04-27,2020,4
"13589","TO",1,"Norte",17003,"Miracema do Tocantins",149583,21685.0453459283,18,32,12,20,12,20,0,0,0,0,0,32,12,20,12,20,15,9.98437814738687,11.9156067017018,0.368607437683149,2020-05-04,2020,5
"13590","TO",1,"Norte",17003,"Miracema do Tocantins",149583,21685.0453459283,19,22,7,15,10,12,3,0,0,0,0,25,7,15,10,12,16,9.98437814738687,11.9156067017018,0.379246321020395,2020-05-11,2020,5
"13591","TO",1,"Norte",17003,"Miracema do Tocantins",149583,21685.0453459283,20,33,10,23,13,20,0,0,0,0,0,33,10,23,13,20,9,9.98437814738687,11.9156067017018,0.384647110930499,2020-05-18,2020,5
"13592","TO",1,"Norte",17003,"Miracema do Tocantins",149583,21685.0453459283,21,34,8,26,18,16,0,0,0,0,0,34,8,26,18,16,15,9.98437814738687,11.9156067017018,0.369587704444946,2020-05-25,2020,5
"13593","TO",1,"Norte",17003,"Miracema do Tocantins",149583,21685.0453459283,22,43,9,34,17,26,0,0,0,0,0,43,9,34,17,26,18,9.98437814738687,11.9156067017018,0.350727648800513,2020-06-01,2020,6
"13594","TO",1,"Norte",17003,"Miracema do Tocantins",149583,21685.0453459283,23,50,10,40,27,23,1,0,0,0,0,51,10,40,27,23,14,9.98437814738687,11.9156067017018,0.349595429913383,2020-06-08,2020,6
"13595","TO",1,"Norte",17003,"Miracema do Tocantins",149583,21685.0453459283,24,40,12,28,22,18,0,0,0,0,0,40,12,28,22,18,19,9.98437814738687,11.9156067017018,0.327091536449009,2020-06-15,2020,6
"13596","TO",1,"Norte",17003,"Miracema do Tocantins",149583,21685.0453459283,25,42,13,29,19,23,0,0,0,0,0,42,13,29,19,23,15,9.98437814738687,11.9156067017018,0.34200873021971,2020-06-22,2020,6
"13597","TO",1,"Norte",17003,"Miracema do Tocantins",149583,21685.0453459283,26,35,8,27,17,18,0,0,0,0,0,35,8,27,17,18,21,9.98437814738687,11.9156067017018,0.348900233099373,2020-06-29,2020,6
"13598","TO",1,"Norte",17003,"Miracema do Tocantins",149583,21685.0453459283,27,48,15,33,25,23,0,0,0,0,0,48,15,33,25,23,23,9.98437814738687,11.9156067017018,0.360184525134584,2020-07-06,2020,7
"13599","TO",1,"Norte",17003,"Miracema do Tocantins",149583,21685.0453459283,28,37,9,28,19,18,1,0,0,0,0,38,9,28,19,18,18,9.98437814738687,11.9156067017018,0.346001307035508,2020-07-13,2020,7
"13600","TO",1,"Norte",17003,"Miracema do Tocantins",149583,21685.0453459283,29,37,8,29,23,14,0,0,0,0,0,37,8,29,23,14,29,9.98437814738687,11.9156067017018,0.347247237509917,2020-07-20,2020,7
"13601","TO",1,"Norte",17004,"Rio Formoso",128892,23195.4467949136,5,38,5,33,14,24,0,0,0,0,0,38,5,33,14,24,12,10.0517112795532,11.766730123386,0.260214513698161,2020-02-03,2020,2
"13602","TO",1,"Norte",17004,"Rio Formoso",128892,23195.4467949136,6,28,7,21,13,15,1,0,0,0,0,29,7,21,13,15,18,10.0517112795532,11.766730123386,0.25468800854108,2020-02-10,2020,2
"13603","TO",1,"Norte",17004,"Rio Formoso",128892,23195.4467949136,7,34,9,25,13,21,0,0,0,0,0,34,9,25,13,21,11,10.0517112795532,11.766730123386,0.263710749603939,2020-02-17,2020,2
"13604","TO",1,"Norte",17004,"Rio Formoso",128892,23195.4467949136,8,25,6,19,11,14,0,0,0,0,0,25,6,19,11,14,9,10.0517112795532,11.766730123386,0.294737416818261,2020-02-24,2020,2
"13605","TO",1,"Norte",17004,"Rio Formoso",128892,23195.4467949136,9,30,8,22,15,15,0,0,0,0,0,30,8,22,15,15,10,10.0517112795532,11.766730123386,0.292598099467271,2020-03-02,2020,3
"13606","TO",1,"Norte",17004,"Rio Formoso",128892,23195.4467949136,10,38,7,31,14,24,0,0,0,0,0,38,7,31,14,24,18,10.0517112795532,11.766730123386,0.305156000857762,2020-03-09,2020,3
"13607","TO",1,"Norte",17004,"Rio Formoso",128892,23195.4467949136,11,32,8,24,10,22,0,0,0,0,0,32,8,24,10,22,11,10.0517112795532,11.766730123386,0.360425596968631,2020-03-16,2020,3
"13608","TO",1,"Norte",17004,"Rio Formoso",128892,23195.4467949136,12,29,7,22,13,16,1,0,0,0,0,30,7,22,13,16,16,10.0517112795532,11.766730123386,0.432517836168765,2020-03-23,2020,3
"13609","TO",1,"Norte",17004,"Rio Formoso",128892,23195.4467949136,13,22,8,14,10,12,0,0,0,0,0,22,8,14,10,12,10,10.0517112795532,11.766730123386,0.370798019176634,2020-03-30,2020,3
"13610","TO",1,"Norte",17004,"Rio Formoso",128892,23195.4467949136,14,26,6,20,13,13,0,0,0,0,0,26,6,20,13,13,15,10.0517112795532,11.766730123386,0.367592933525143,2020-04-06,2020,4
"13611","TO",1,"Norte",17004,"Rio Formoso",128892,23195.4467949136,15,24,3,21,14,10,0,0,0,0,0,24,3,21,14,10,11,10.0517112795532,11.766730123386,0.348281513026284,2020-04-13,2020,4
"13612","TO",1,"Norte",17004,"Rio Formoso",128892,23195.4467949136,16,40,4,36,19,21,0,0,0,0,0,40,4,36,19,21,16,10.0517112795532,11.766730123386,0.351742040423048,2020-04-20,2020,4
"13613","TO",1,"Norte",17004,"Rio Formoso",128892,23195.4467949136,17,29,8,21,12,17,0,0,0,0,0,29,8,21,12,17,14,10.0517112795532,11.766730123386,0.361571460500808,2020-04-27,2020,4
"13614","TO",1,"Norte",17004,"Rio Formoso",128892,23195.4467949136,18,26,3,23,12,14,0,0,0,0,0,26,3,23,12,14,10,10.0517112795532,11.766730123386,0.350514205710184,2020-05-04,2020,5
"13615","TO",1,"Norte",17004,"Rio Formoso",128892,23195.4467949136,19,26,12,14,13,13,0,0,0,0,0,26,12,14,13,13,15,10.0517112795532,11.766730123386,0.370470308415164,2020-05-11,2020,5
"13616","TO",1,"Norte",17004,"Rio Formoso",128892,23195.4467949136,20,33,8,25,16,17,0,0,0,0,0,33,8,25,16,17,19,10.0517112795532,11.766730123386,0.369378789952773,2020-05-18,2020,5
"13617","TO",1,"Norte",17004,"Rio Formoso",128892,23195.4467949136,21,36,12,24,15,21,2,0,0,0,0,38,12,24,15,21,13,10.0517112795532,11.766730123386,0.369191899805812,2020-05-25,2020,5
"13618","TO",1,"Norte",17004,"Rio Formoso",128892,23195.4467949136,22,42,6,36,15,27,0,0,0,0,0,42,6,36,15,27,17,10.0517112795532,11.766730123386,0.348305934232086,2020-06-01,2020,6
"13619","TO",1,"Norte",17004,"Rio Formoso",128892,23195.4467949136,23,43,10,33,18,25,0,0,0,0,0,43,10,33,18,25,20,10.0517112795532,11.766730123386,0.35548555943678,2020-06-08,2020,6
"13620","TO",1,"Norte",17004,"Rio Formoso",128892,23195.4467949136,24,29,4,25,13,16,1,0,0,0,0,30,4,25,13,16,10,10.0517112795532,11.766730123386,0.345267155890745,2020-06-15,2020,6
"13621","TO",1,"Norte",17004,"Rio Formoso",128892,23195.4467949136,25,40,8,32,16,24,0,0,0,0,0,40,8,32,16,24,14,10.0517112795532,11.766730123386,0.353367909914315,2020-06-22,2020,6
"13622","TO",1,"Norte",17004,"Rio Formoso",128892,23195.4467949136,26,36,10,26,13,23,0,0,0,0,0,36,10,26,13,23,16,10.0517112795532,11.766730123386,0.352310588805634,2020-06-29,2020,6
"13623","TO",1,"Norte",17004,"Rio Formoso",128892,23195.4467949136,27,38,15,23,22,16,0,0,0,0,0,38,15,23,22,16,14,10.0517112795532,11.766730123386,0.356606669875814,2020-07-06,2020,7
"13624","TO",1,"Norte",17004,"Rio Formoso",128892,23195.4467949136,28,40,11,29,22,18,2,0,0,0,0,42,11,29,22,18,21,10.0517112795532,11.766730123386,0.360513323542892,2020-07-13,2020,7
"13625","TO",1,"Norte",17004,"Rio Formoso",128892,23195.4467949136,29,45,13,32,29,16,0,0,0,0,0,45,13,32,29,16,19,10.0517112795532,11.766730123386,0.36681832343944,2020-07-20,2020,7
"13626","TO",1,"Norte",17005,"Gurupi",151930,28875.7612465609,5,35,8,27,15,20,0,0,0,0,0,35,8,27,15,20,15,10.2707578109938,11.9311751674378,0.2710120111927,2020-02-03,2020,2
"13627","TO",1,"Norte",17005,"Gurupi",151930,28875.7612465609,6,32,8,24,11,21,2,0,0,0,0,34,8,24,11,21,18,10.2707578109938,11.9311751674378,0.255061769171184,2020-02-10,2020,2
"13628","TO",1,"Norte",17005,"Gurupi",151930,28875.7612465609,7,36,10,26,14,22,0,0,0,0,0,36,10,26,14,22,12,10.2707578109938,11.9311751674378,0.273027326866851,2020-02-17,2020,2
"13629","TO",1,"Norte",17005,"Gurupi",151930,28875.7612465609,8,38,9,29,17,21,0,0,0,0,0,38,9,29,17,21,18,10.2707578109938,11.9311751674378,0.301945597069014,2020-02-24,2020,2
"13630","TO",1,"Norte",17005,"Gurupi",151930,28875.7612465609,9,44,7,37,17,27,0,0,0,0,0,44,7,37,17,27,13,10.2707578109938,11.9311751674378,0.279476365166536,2020-03-02,2020,3
"13631","TO",1,"Norte",17005,"Gurupi",151930,28875.7612465609,10,33,10,23,20,13,0,0,0,0,0,33,10,23,20,13,11,10.2707578109938,11.9311751674378,0.285844047061939,2020-03-09,2020,3
"13632","TO",1,"Norte",17005,"Gurupi",151930,28875.7612465609,11,30,3,27,12,18,0,0,0,0,0,30,3,27,12,18,14,10.2707578109938,11.9311751674378,0.362283942442904,2020-03-16,2020,3
"13633","TO",1,"Norte",17005,"Gurupi",151930,28875.7612465609,12,38,5,33,11,27,0,0,0,0,0,38,5,33,11,27,17,10.2707578109938,11.9311751674378,0.449017347486086,2020-03-23,2020,3
"13634","TO",1,"Norte",17005,"Gurupi",151930,28875.7612465609,13,30,7,23,11,19,1,0,0,0,0,31,7,23,11,19,15,10.2707578109938,11.9311751674378,0.395086960000098,2020-03-30,2020,3
"13635","TO",1,"Norte",17005,"Gurupi",151930,28875.7612465609,14,30,5,25,16,14,1,0,0,0,0,31,5,25,16,14,10,10.2707578109938,11.9311751674378,0.379523815034865,2020-04-06,2020,4
"13636","TO",1,"Norte",17005,"Gurupi",151930,28875.7612465609,15,36,9,27,17,19,1,0,0,0,0,37,9,27,17,19,10,10.2707578109938,11.9311751674378,0.358293180770929,2020-04-13,2020,4
"13637","TO",1,"Norte",17005,"Gurupi",151930,28875.7612465609,16,39,8,31,15,24,0,0,0,0,0,39,8,31,15,24,14,10.2707578109938,11.9311751674378,0.363226396182572,2020-04-20,2020,4
"13638","TO",1,"Norte",17005,"Gurupi",151930,28875.7612465609,17,38,7,31,15,23,0,0,0,0,0,38,7,31,15,23,15,10.2707578109938,11.9311751674378,0.356383765430899,2020-04-27,2020,4
"13639","TO",1,"Norte",17005,"Gurupi",151930,28875.7612465609,18,25,4,21,13,12,0,0,0,0,0,25,4,21,13,12,14,10.2707578109938,11.9311751674378,0.3544646686867,2020-05-04,2020,5
"13640","TO",1,"Norte",17005,"Gurupi",151930,28875.7612465609,19,39,12,27,21,18,1,0,0,0,0,40,12,27,21,18,16,10.2707578109938,11.9311751674378,0.375086871410268,2020-05-11,2020,5
"13641","TO",1,"Norte",17005,"Gurupi",151930,28875.7612465609,20,36,6,30,18,18,1,0,0,0,0,37,6,30,18,18,15,10.2707578109938,11.9311751674378,0.360533505438648,2020-05-18,2020,5
"13642","TO",1,"Norte",17005,"Gurupi",151930,28875.7612465609,21,44,8,36,20,24,0,0,0,0,0,44,8,36,20,24,12,10.2707578109938,11.9311751674378,0.362721702185561,2020-05-25,2020,5
"13643","TO",1,"Norte",17005,"Gurupi",151930,28875.7612465609,22,39,10,29,19,20,0,0,0,0,0,39,10,29,19,20,8,10.2707578109938,11.9311751674378,0.350039202354404,2020-06-01,2020,6
"13644","TO",1,"Norte",17005,"Gurupi",151930,28875.7612465609,23,48,6,42,20,28,1,0,0,0,0,49,6,42,20,28,14,10.2707578109938,11.9311751674378,0.357949109682366,2020-06-08,2020,6
"13645","TO",1,"Norte",17005,"Gurupi",151930,28875.7612465609,24,46,10,36,14,32,0,0,0,0,0,46,10,36,14,32,13,10.2707578109938,11.9311751674378,0.340188270420369,2020-06-15,2020,6
"13646","TO",1,"Norte",17005,"Gurupi",151930,28875.7612465609,25,41,10,31,21,20,0,0,0,0,0,41,10,31,21,20,13,10.2707578109938,11.9311751674378,0.345820020079563,2020-06-22,2020,6
"13647","TO",1,"Norte",17005,"Gurupi",151930,28875.7612465609,26,30,6,24,10,20,0,0,0,0,0,30,6,24,10,20,22,10.2707578109938,11.9311751674378,0.344774527239955,2020-06-29,2020,6
"13648","TO",1,"Norte",17005,"Gurupi",151930,28875.7612465609,27,38,11,27,15,23,1,0,0,0,0,39,11,27,15,23,13,10.2707578109938,11.9311751674378,0.356162408649648,2020-07-06,2020,7
"13649","TO",1,"Norte",17005,"Gurupi",151930,28875.7612465609,28,36,8,28,18,18,0,0,0,0,0,36,8,28,18,18,18,10.2707578109938,11.9311751674378,0.358599239452907,2020-07-13,2020,7
"13650","TO",1,"Norte",17005,"Gurupi",151930,28875.7612465609,29,39,6,33,11,28,1,0,0,0,0,40,6,33,11,28,29,10.2707578109938,11.9311751674378,0.379693688530468,2020-07-20,2020,7
"13651","TO",1,"Norte",17006,"Porto Nacional",413057,31203.2091276507,5,102,19,83,41,61,0,0,0,0,0,102,19,83,41,61,38,10.3482762251637,12.9313408769479,0.254050012762665,2020-02-03,2020,2
"13652","TO",1,"Norte",17006,"Porto Nacional",413057,31203.2091276507,6,115,26,89,51,64,0,0,0,0,0,115,26,89,51,64,31,10.3482762251637,12.9313408769479,0.245767469002563,2020-02-10,2020,2
"13653","TO",1,"Norte",17006,"Porto Nacional",413057,31203.2091276507,7,132,15,117,55,77,1,0,0,0,0,133,15,117,55,77,29,10.3482762251637,12.9313408769479,0.263012504245962,2020-02-17,2020,2
"13654","TO",1,"Norte",17006,"Porto Nacional",413057,31203.2091276507,8,128,19,109,51,77,1,0,0,0,0,129,19,109,51,77,28,10.3482762251637,12.9313408769479,0.309030082834467,2020-02-24,2020,2
"13655","TO",1,"Norte",17006,"Porto Nacional",413057,31203.2091276507,9,119,13,106,46,73,0,0,0,0,0,119,13,106,46,73,30,10.3482762251637,12.9313408769479,0.280625844091152,2020-03-02,2020,3
"13656","TO",1,"Norte",17006,"Porto Nacional",413057,31203.2091276507,10,123,16,107,50,73,2,0,0,0,0,125,16,107,50,73,33,10.3482762251637,12.9313408769479,0.29305595562631,2020-03-09,2020,3
"13657","TO",1,"Norte",17006,"Porto Nacional",413057,31203.2091276507,11,133,22,111,51,82,1,0,0,0,0,134,22,111,51,82,36,10.3482762251637,12.9313408769479,0.40848407123054,2020-03-16,2020,3
"13658","TO",1,"Norte",17006,"Porto Nacional",413057,31203.2091276507,12,109,13,96,42,67,0,0,0,0,0,109,13,96,42,67,42,10.3482762251637,12.9313408769479,0.501035618935467,2020-03-23,2020,3
"13659","TO",1,"Norte",17006,"Porto Nacional",413057,31203.2091276507,13,114,13,101,50,64,1,0,0,0,0,115,13,101,50,64,34,10.3482762251637,12.9313408769479,0.439923168258372,2020-03-30,2020,3
"13660","TO",1,"Norte",17006,"Porto Nacional",413057,31203.2091276507,14,131,10,121,44,87,0,0,0,0,0,131,10,121,44,87,32,10.3482762251637,12.9313408769479,0.432421726642863,2020-04-06,2020,4
"13661","TO",1,"Norte",17006,"Porto Nacional",413057,31203.2091276507,15,135,25,110,48,87,0,0,0,0,0,135,25,110,48,87,33,10.3482762251637,12.9313408769479,0.405262830502422,2020-04-13,2020,4
"13662","TO",1,"Norte",17006,"Porto Nacional",413057,31203.2091276507,16,132,21,111,50,82,1,0,0,0,0,133,21,111,50,82,29,10.3482762251637,12.9313408769479,0.422053049748317,2020-04-20,2020,4
"13663","TO",1,"Norte",17006,"Porto Nacional",413057,31203.2091276507,17,118,12,106,50,68,0,0,0,0,0,118,12,106,50,68,25,10.3482762251637,12.9313408769479,0.401989322364005,2020-04-27,2020,4
"13664","TO",1,"Norte",17006,"Porto Nacional",413057,31203.2091276507,18,129,12,117,45,84,2,0,0,0,0,131,12,117,45,84,31,10.3482762251637,12.9313408769479,0.382940852998943,2020-05-04,2020,5
"13665","TO",1,"Norte",17006,"Porto Nacional",413057,31203.2091276507,19,136,13,123,37,99,1,0,0,0,0,137,13,123,37,99,39,10.3482762251637,12.9313408769479,0.396914508082337,2020-05-11,2020,5
"13666","TO",1,"Norte",17006,"Porto Nacional",413057,31203.2091276507,20,119,17,102,49,70,3,0,0,0,0,122,17,102,49,70,26,10.3482762251637,12.9313408769479,0.400466194249838,2020-05-18,2020,5
"13667","TO",1,"Norte",17006,"Porto Nacional",413057,31203.2091276507,21,128,23,105,50,78,1,0,0,0,0,129,23,105,50,78,38,10.3482762251637,12.9313408769479,0.378487092731307,2020-05-25,2020,5
"13668","TO",1,"Norte",17006,"Porto Nacional",413057,31203.2091276507,22,122,15,107,45,77,0,0,0,0,0,122,15,107,45,77,44,10.3482762251637,12.9313408769479,0.363355166051543,2020-06-01,2020,6
"13669","TO",1,"Norte",17006,"Porto Nacional",413057,31203.2091276507,23,131,16,115,53,78,0,0,0,0,0,131,16,115,53,78,30,10.3482762251637,12.9313408769479,0.365890278628447,2020-06-08,2020,6
"13670","TO",1,"Norte",17006,"Porto Nacional",413057,31203.2091276507,24,136,18,118,47,89,1,0,0,0,0,137,18,118,47,89,31,10.3482762251637,12.9313408769479,0.352801837236362,2020-06-15,2020,6
"13671","TO",1,"Norte",17006,"Porto Nacional",413057,31203.2091276507,25,134,23,111,55,79,1,0,0,0,0,135,23,111,55,79,34,10.3482762251637,12.9313408769479,0.355669431172051,2020-06-22,2020,6
"13672","TO",1,"Norte",17006,"Porto Nacional",413057,31203.2091276507,26,125,20,105,46,79,1,0,0,0,0,126,20,105,46,79,41,10.3482762251637,12.9313408769479,0.353408467768654,2020-06-29,2020,6
"13673","TO",1,"Norte",17006,"Porto Nacional",413057,31203.2091276507,27,128,23,105,56,72,4,0,0,0,0,132,23,105,56,72,44,10.3482762251637,12.9313408769479,0.359051514172264,2020-07-06,2020,7
"13674","TO",1,"Norte",17006,"Porto Nacional",413057,31203.2091276507,28,126,25,101,68,58,3,0,0,0,0,129,25,101,68,58,39,10.3482762251637,12.9313408769479,0.363124233202448,2020-07-13,2020,7
"13675","TO",1,"Norte",17006,"Porto Nacional",413057,31203.2091276507,29,158,20,138,56,102,2,0,0,0,0,160,20,138,56,102,45,10.3482762251637,12.9313408769479,0.368742652797851,2020-07-20,2020,7
"13676","TO",1,"Norte",17007,"Jalapão",80915,15745.1859781252,5,19,6,13,14,5,0,0,0,0,0,19,6,13,14,5,7,9.6642899453501,11.301154499951,0.264921666417147,2020-02-03,2020,2
"13677","TO",1,"Norte",17007,"Jalapão",80915,15745.1859781252,6,21,9,12,11,10,0,0,0,0,0,21,9,12,11,10,3,9.6642899453501,11.301154499951,0.292867363188696,2020-02-10,2020,2
"13678","TO",1,"Norte",17007,"Jalapão",80915,15745.1859781252,7,23,8,15,10,13,0,0,0,0,0,23,8,15,10,13,8,9.6642899453501,11.301154499951,0.294986682001434,2020-02-17,2020,2
"13679","TO",1,"Norte",17007,"Jalapão",80915,15745.1859781252,8,25,3,22,17,8,0,0,0,0,0,25,3,22,17,8,7,9.6642899453501,11.301154499951,0.291783513820389,2020-02-24,2020,2
"13680","TO",1,"Norte",17007,"Jalapão",80915,15745.1859781252,9,16,3,13,9,7,0,0,0,0,0,16,3,13,9,7,3,9.6642899453501,11.301154499951,0.320346329195521,2020-03-02,2020,3
"13681","TO",1,"Norte",17007,"Jalapão",80915,15745.1859781252,10,29,4,25,14,15,0,0,0,0,0,29,4,25,14,15,6,9.6642899453501,11.301154499951,0.320680899712253,2020-03-09,2020,3
"13682","TO",1,"Norte",17007,"Jalapão",80915,15745.1859781252,11,19,9,10,7,12,0,0,0,0,0,19,9,10,7,12,16,9.6642899453501,11.301154499951,0.388244798262972,2020-03-16,2020,3
"13683","TO",1,"Norte",17007,"Jalapão",80915,15745.1859781252,12,22,9,13,9,13,0,0,0,0,0,22,9,13,9,13,7,9.6642899453501,11.301154499951,0.392587542145225,2020-03-23,2020,3
"13684","TO",1,"Norte",17007,"Jalapão",80915,15745.1859781252,13,22,6,16,7,15,0,0,0,0,0,22,6,16,7,15,8,9.6642899453501,11.301154499951,0.354078536021807,2020-03-30,2020,3
"13685","TO",1,"Norte",17007,"Jalapão",80915,15745.1859781252,14,22,9,13,11,11,2,0,0,0,0,24,9,13,11,11,9,9.6642899453501,11.301154499951,0.355752740607839,2020-04-06,2020,4
"13686","TO",1,"Norte",17007,"Jalapão",80915,15745.1859781252,15,22,11,11,9,13,1,0,0,0,0,23,11,11,9,13,9,9.6642899453501,11.301154499951,0.33369591679544,2020-04-13,2020,4
"13687","TO",1,"Norte",17007,"Jalapão",80915,15745.1859781252,16,22,15,7,14,8,1,0,0,0,0,23,15,7,14,8,8,9.6642899453501,11.301154499951,0.359246749279269,2020-04-20,2020,4
"13688","TO",1,"Norte",17007,"Jalapão",80915,15745.1859781252,17,11,3,8,6,5,1,0,0,0,0,12,3,8,6,5,10,9.6642899453501,11.301154499951,0.377056233530249,2020-04-27,2020,4
"13689","TO",1,"Norte",17007,"Jalapão",80915,15745.1859781252,18,18,9,9,13,5,0,0,0,0,0,18,9,9,13,5,9,9.6642899453501,11.301154499951,0.395063132901357,2020-05-04,2020,5
"13690","TO",1,"Norte",17007,"Jalapão",80915,15745.1859781252,19,21,3,18,8,13,0,0,0,0,0,21,3,18,8,13,6,9.6642899453501,11.301154499951,0.433869257224164,2020-05-11,2020,5
"13691","TO",1,"Norte",17007,"Jalapão",80915,15745.1859781252,20,28,13,15,12,16,0,0,0,0,0,28,13,15,12,16,7,9.6642899453501,11.301154499951,0.366589842328085,2020-05-18,2020,5
"13692","TO",1,"Norte",17007,"Jalapão",80915,15745.1859781252,21,16,9,7,4,12,0,0,0,0,0,16,9,7,4,12,7,9.6642899453501,11.301154499951,0.39385058756064,2020-05-25,2020,5
"13693","TO",1,"Norte",17007,"Jalapão",80915,15745.1859781252,22,34,17,17,17,17,0,0,0,0,0,34,17,17,17,17,11,9.6642899453501,11.301154499951,0.389831650686233,2020-06-01,2020,6
"13694","TO",1,"Norte",17007,"Jalapão",80915,15745.1859781252,23,20,8,12,12,8,0,0,0,0,0,20,8,12,12,8,9,9.6642899453501,11.301154499951,0.37329739171294,2020-06-08,2020,6
"13695","TO",1,"Norte",17007,"Jalapão",80915,15745.1859781252,24,18,6,12,12,6,2,0,0,0,0,20,6,12,12,6,9,9.6642899453501,11.301154499951,0.388685545795249,2020-06-15,2020,6
"13696","TO",1,"Norte",17007,"Jalapão",80915,15745.1859781252,25,20,5,15,10,10,0,0,0,0,0,20,5,15,10,10,5,9.6642899453501,11.301154499951,0.361954761886339,2020-06-22,2020,6
"13697","TO",1,"Norte",17007,"Jalapão",80915,15745.1859781252,26,22,8,14,12,10,0,0,0,0,0,22,8,14,12,10,14,9.6642899453501,11.301154499951,0.394005081859632,2020-06-29,2020,6
"13698","TO",1,"Norte",17007,"Jalapão",80915,15745.1859781252,27,30,9,21,22,8,0,0,0,0,0,30,9,21,22,8,8,9.6642899453501,11.301154499951,0.394882215629586,2020-07-06,2020,7
"13699","TO",1,"Norte",17007,"Jalapão",80915,15745.1859781252,28,26,8,18,18,8,1,0,0,0,0,27,8,18,18,8,11,9.6642899453501,11.301154499951,0.411550554355955,2020-07-13,2020,7
"13700","TO",1,"Norte",17007,"Jalapão",80915,15745.1859781252,29,21,7,14,13,8,1,0,0,0,0,22,7,14,13,8,7,9.6642899453501,11.301154499951,0.380992960317232,2020-07-20,2020,7
"13701","TO",1,"Norte",17008,"Dianópolis",124820,16426.4508932062,5,31,8,23,14,17,1,0,0,0,0,32,8,23,14,17,11,9.70664817389333,11.734627978488,0.252157326413902,2020-02-03,2020,2
"13702","TO",1,"Norte",17008,"Dianópolis",124820,16426.4508932062,6,24,7,17,12,12,0,0,0,0,0,24,7,17,12,12,8,9.70664817389333,11.734627978488,0.232593516304741,2020-02-10,2020,2
"13703","TO",1,"Norte",17008,"Dianópolis",124820,16426.4508932062,7,25,10,15,8,17,0,0,0,0,0,25,10,15,8,17,19,9.70664817389333,11.734627978488,0.263525430896255,2020-02-17,2020,2
"13704","TO",1,"Norte",17008,"Dianópolis",124820,16426.4508932062,8,35,17,18,22,13,0,0,0,0,0,35,17,18,22,13,8,9.70664817389333,11.734627978488,0.293338639657249,2020-02-24,2020,2
"13705","TO",1,"Norte",17008,"Dianópolis",124820,16426.4508932062,9,36,16,20,19,17,0,0,0,0,0,36,16,20,19,17,13,9.70664817389333,11.734627978488,0.273790652378311,2020-03-02,2020,3
"13706","TO",1,"Norte",17008,"Dianópolis",124820,16426.4508932062,10,34,14,20,16,18,0,0,0,0,0,34,14,20,16,18,10,9.70664817389333,11.734627978488,0.282295112811888,2020-03-09,2020,3
"13707","TO",1,"Norte",17008,"Dianópolis",124820,16426.4508932062,11,21,10,11,11,10,0,0,0,0,0,21,10,11,11,10,19,9.70664817389333,11.734627978488,0.32850586994739,2020-03-16,2020,3
"13708","TO",1,"Norte",17008,"Dianópolis",124820,16426.4508932062,12,32,8,24,10,22,0,0,0,0,0,32,8,24,10,22,10,9.70664817389333,11.734627978488,0.407429484709453,2020-03-23,2020,3
"13709","TO",1,"Norte",17008,"Dianópolis",124820,16426.4508932062,13,19,5,14,11,8,0,0,0,0,0,19,5,14,11,8,14,9.70664817389333,11.734627978488,0.3544654890476,2020-03-30,2020,3
"13710","TO",1,"Norte",17008,"Dianópolis",124820,16426.4508932062,14,28,9,19,16,12,0,0,0,0,0,28,9,19,16,12,8,9.70664817389333,11.734627978488,0.362497513537742,2020-04-06,2020,4
"13711","TO",1,"Norte",17008,"Dianópolis",124820,16426.4508932062,15,23,7,16,12,11,1,0,0,0,0,24,7,16,12,11,12,9.70664817389333,11.734627978488,0.329717928969711,2020-04-13,2020,4
"13712","TO",1,"Norte",17008,"Dianópolis",124820,16426.4508932062,16,28,8,20,13,15,3,0,0,0,0,31,8,20,13,15,8,9.70664817389333,11.734627978488,0.34356836821433,2020-04-20,2020,4
"13713","TO",1,"Norte",17008,"Dianópolis",124820,16426.4508932062,17,37,9,28,19,18,0,0,0,0,0,37,9,28,19,18,10,9.70664817389333,11.734627978488,0.329373845802468,2020-04-27,2020,4
"13714","TO",1,"Norte",17008,"Dianópolis",124820,16426.4508932062,18,28,6,22,12,16,1,0,0,0,0,29,6,22,12,16,11,9.70664817389333,11.734627978488,0.357343061101242,2020-05-04,2020,5
"13715","TO",1,"Norte",17008,"Dianópolis",124820,16426.4508932062,19,34,7,27,13,21,1,0,0,0,0,35,7,27,13,21,14,9.70664817389333,11.734627978488,0.354650126364168,2020-05-11,2020,5
"13716","TO",1,"Norte",17008,"Dianópolis",124820,16426.4508932062,20,32,9,23,14,18,0,0,0,0,0,32,9,23,14,18,11,9.70664817389333,11.734627978488,0.350560516332181,2020-05-18,2020,5
"13717","TO",1,"Norte",17008,"Dianópolis",124820,16426.4508932062,21,23,6,17,13,10,0,0,0,0,0,23,6,17,13,10,12,9.70664817389333,11.734627978488,0.346988666062445,2020-05-25,2020,5
"13718","TO",1,"Norte",17008,"Dianópolis",124820,16426.4508932062,22,30,5,25,14,16,0,0,0,0,0,30,5,25,14,16,12,9.70664817389333,11.734627978488,0.323631885643577,2020-06-01,2020,6
"13719","TO",1,"Norte",17008,"Dianópolis",124820,16426.4508932062,23,29,7,22,11,18,0,0,0,0,0,29,7,22,11,18,15,9.70664817389333,11.734627978488,0.329143173902196,2020-06-08,2020,6
"13720","TO",1,"Norte",17008,"Dianópolis",124820,16426.4508932062,24,38,12,26,23,15,1,0,0,0,0,39,12,26,23,15,26,9.70664817389333,11.734627978488,0.324421822655509,2020-06-15,2020,6
"13721","TO",1,"Norte",17008,"Dianópolis",124820,16426.4508932062,25,27,9,18,12,15,1,0,0,0,0,28,9,18,12,15,12,9.70664817389333,11.734627978488,0.334004780720531,2020-06-22,2020,6
"13722","TO",1,"Norte",17008,"Dianópolis",124820,16426.4508932062,26,25,8,17,9,16,0,0,0,0,0,25,8,17,9,16,12,9.70664817389333,11.734627978488,0.347258287656688,2020-06-29,2020,6
"13723","TO",1,"Norte",17008,"Dianópolis",124820,16426.4508932062,27,37,15,22,24,13,0,0,0,0,0,37,15,22,24,13,16,9.70664817389333,11.734627978488,0.356465267676421,2020-07-06,2020,7
"13724","TO",1,"Norte",17008,"Dianópolis",124820,16426.4508932062,28,29,8,21,18,11,1,0,0,0,0,30,8,21,18,11,12,9.70664817389333,11.734627978488,0.352645404289665,2020-07-13,2020,7
"13725","TO",1,"Norte",17008,"Dianópolis",124820,16426.4508932062,29,37,11,26,19,18,0,0,0,0,0,37,11,26,19,18,18,9.70664817389333,11.734627978488,0.361484474348411,2020-07-20,2020,7
