"","UF","name","popm","gdpc","microregion","microregion_name","region","region_name","urban","codmun6","month","nconcep","nconcep_educ_low","nconcep_educ_high","nconcep_age_young","nconcep_age_old","nfetal","nfetal_educ_low","nfetal_educ_high","nfetal_age_young","nfetal_age_old","totalconcep","totalconcep_educ_low","totalconcep_educ_high","totalconcep_age_young","totalconcep_age_old","deaths","lgdp","lpop","isolated","n"
"1","RO","Alta Floresta D'Oeste",22728,21552.47,11006,"Cacoal",1,"Norte",0,"110001",2,49,17,32,20,29,0,0,0,0,0,49,17,32,20,29,10,9.97824570613322,10.031352923534,0.313762028255278,29
"2","RO","Alta Floresta D'Oeste",22728,21552.47,11006,"Cacoal",1,"Norte",0,"110001",3,42,7,35,17,25,0,0,0,0,0,42,7,35,17,25,8,9.97824570613322,10.031352923534,0.410957733516824,31
"3","RO","Alta Floresta D'Oeste",22728,21552.47,11006,"Cacoal",1,"Norte",0,"110001",4,30,13,17,13,17,0,0,0,0,0,30,13,17,13,17,11,9.97824570613322,10.031352923534,0.411934125123187,30
"4","RO","Alta Floresta D'Oeste",22728,21552.47,11006,"Cacoal",1,"Norte",0,"110001",5,24,6,18,13,11,0,0,0,0,0,24,6,18,13,11,10,9.97824570613322,10.031352923534,0.439771444109699,31
"5","RO","Alta Floresta D'Oeste",22728,21552.47,11006,"Cacoal",1,"Norte",0,"110001",6,39,15,24,23,16,0,0,0,0,0,39,15,24,23,16,8,9.97824570613322,10.031352923534,0.444111340733157,30
"6","RO","Alta Floresta D'Oeste",22728,21552.47,11006,"Cacoal",1,"Norte",0,"110001",7,38,15,23,15,23,0,0,0,0,0,38,15,23,15,23,7,9.97824570613322,10.031352923534,0.433564205073386,29
"7","RO","Ariquemes",109523,23206.36,11003,"Ariquemes",1,"Norte",1,"110002",2,239,63,176,106,133,0,0,0,0,0,239,63,176,106,133,33,10.0521816580165,11.6038898518443,0.302274032496523,29
"8","RO","Ariquemes",109523,23206.36,11003,"Ariquemes",1,"Norte",1,"110002",3,268,77,191,134,134,3,0,0,0,0,271,77,191,134,134,50,10.0521816580165,11.6038898518443,0.382985907351202,31
"9","RO","Ariquemes",109523,23206.36,11003,"Ariquemes",1,"Norte",1,"110002",4,150,35,115,69,81,2,0,0,0,0,152,35,115,69,81,44,10.0521816580165,11.6038898518443,0.415762381587051,30
"10","RO","Ariquemes",109523,23206.36,11003,"Ariquemes",1,"Norte",1,"110002",5,143,35,108,68,75,2,0,0,0,0,145,35,108,68,75,48,10.0521816580165,11.6038898518443,0.395834346236795,31
"11","RO","Ariquemes",109523,23206.36,11003,"Ariquemes",1,"Norte",1,"110002",6,138,25,113,54,84,0,0,0,0,0,138,25,113,54,84,48,10.0521816580165,11.6038898518443,0.382115612733528,30
"12","RO","Ariquemes",109523,23206.36,11003,"Ariquemes",1,"Norte",1,"110002",7,114,27,87,51,63,0,0,0,0,0,114,27,87,51,63,61,10.0521816580165,11.6038898518443,0.377858083714582,29
"13","RO","Cacoal",85893,25708.96,11006,"Cacoal",1,"Norte",1,"110004",2,212,36,176,79,133,0,0,0,0,0,212,36,176,79,133,26,10.1545948482555,11.3608576145471,0.316755494112133,29
"14","RO","Cacoal",85893,25708.96,11006,"Cacoal",1,"Norte",1,"110004",3,219,52,167,86,133,0,0,0,0,0,219,52,167,86,133,44,10.1545948482555,11.3608576145471,0.412615702474296,31
"15","RO","Cacoal",85893,25708.96,11006,"Cacoal",1,"Norte",1,"110004",4,116,27,89,42,74,1,0,0,0,0,117,27,89,42,74,36,10.1545948482555,11.3608576145471,0.438044449925928,30
"16","RO","Cacoal",85893,25708.96,11006,"Cacoal",1,"Norte",1,"110004",5,132,33,99,51,81,0,0,0,0,0,132,33,99,51,81,44,10.1545948482555,11.3608576145471,0.414557463978431,31
"17","RO","Cacoal",85893,25708.96,11006,"Cacoal",1,"Norte",1,"110004",6,117,19,98,40,77,0,0,0,0,0,117,19,98,40,77,49,10.1545948482555,11.3608576145471,0.405100348294588,30
"18","RO","Cacoal",85893,25708.96,11006,"Cacoal",1,"Norte",1,"110004",7,130,25,105,47,83,0,0,0,0,0,130,25,105,47,83,68,10.1545948482555,11.3608576145471,0.400927678387971,29
"19","RO","Cerejeiras",16204,28714.35,11008,"Colorado do Oeste",1,"Norte",1,"110005",2,34,16,18,12,22,0,0,0,0,0,34,16,18,12,22,7,10.2651522767894,9.69301340432258,0.318097365681646,29
"20","RO","Cerejeiras",16204,28714.35,11008,"Colorado do Oeste",1,"Norte",1,"110005",3,36,7,29,18,18,0,0,0,0,0,36,7,29,18,18,7,10.2651522767894,9.69301340432258,0.381834139779908,31
"21","RO","Cerejeiras",16204,28714.35,11008,"Colorado do Oeste",1,"Norte",1,"110005",4,19,2,17,8,11,1,0,0,0,0,20,2,17,8,11,7,10.2651522767894,9.69301340432258,0.423814819651316,30
"22","RO","Cerejeiras",16204,28714.35,11008,"Colorado do Oeste",1,"Norte",1,"110005",5,22,6,16,4,18,0,0,0,0,0,22,6,16,4,18,6,10.2651522767894,9.69301340432258,0.379788695703754,31
"23","RO","Cerejeiras",16204,28714.35,11008,"Colorado do Oeste",1,"Norte",1,"110005",6,20,6,14,9,11,0,0,0,0,0,20,6,14,9,11,14,10.2651522767894,9.69301340432258,0.369103761838403,30
"24","RO","Cerejeiras",16204,28714.35,11008,"Colorado do Oeste",1,"Norte",1,"110005",7,25,6,19,14,11,0,0,0,0,0,25,6,19,14,11,11,10.2651522767894,9.69301340432258,0.372664030670431,29
"25","RO","Colorado do Oeste",15544,20362.88,11008,"Colorado do Oeste",1,"Norte",0,"110006",2,33,10,23,11,22,0,0,0,0,0,33,10,23,11,22,8,9.92146891449185,9.65142999105728,0.3231189152917,29
"26","RO","Colorado do Oeste",15544,20362.88,11008,"Colorado do Oeste",1,"Norte",0,"110006",3,40,9,31,13,27,0,0,0,0,0,40,9,31,13,27,9,9.92146891449185,9.65142999105728,0.423153370680315,31
"27","RO","Colorado do Oeste",15544,20362.88,11008,"Colorado do Oeste",1,"Norte",0,"110006",4,13,1,12,5,8,0,0,0,0,0,13,1,12,5,8,10,9.92146891449185,9.65142999105728,0.469508731538151,30
"28","RO","Colorado do Oeste",15544,20362.88,11008,"Colorado do Oeste",1,"Norte",0,"110006",5,16,5,11,8,8,0,0,0,0,0,16,5,11,8,8,8,9.92146891449185,9.65142999105728,0.453461031746386,31
"29","RO","Colorado do Oeste",15544,20362.88,11008,"Colorado do Oeste",1,"Norte",0,"110006",6,29,7,22,7,22,0,0,0,0,0,29,7,22,7,22,1,9.92146891449185,9.65142999105728,0.451175745356531,30
"30","RO","Colorado do Oeste",15544,20362.88,11008,"Colorado do Oeste",1,"Norte",0,"110006",7,25,6,19,9,16,0,0,0,0,0,25,6,19,9,16,7,9.92146891449185,9.65142999105728,0.436121542999204,29
"31","RO","Costa Marques",18798,12890.7,11002,"Guajará-Mirim",1,"Norte",0,"110008",2,23,7,16,12,11,0,0,0,0,0,23,7,16,12,11,1,9.46426140012204,9.84150576018025,0.342953297867111,29
"32","RO","Costa Marques",18798,12890.7,11002,"Guajará-Mirim",1,"Norte",0,"110008",3,26,11,15,12,14,0,0,0,0,0,26,11,15,12,14,10,9.46426140012204,9.84150576018025,0.437642001494323,31
"33","RO","Costa Marques",18798,12890.7,11002,"Guajará-Mirim",1,"Norte",0,"110008",4,14,6,8,10,4,0,0,0,0,0,14,6,8,10,4,3,9.46426140012204,9.84150576018025,0.443144765014464,30
"34","RO","Costa Marques",18798,12890.7,11002,"Guajará-Mirim",1,"Norte",0,"110008",5,10,7,3,8,2,0,0,0,0,0,10,7,3,8,2,7,9.46426140012204,9.84150576018025,0.421290427371824,31
"35","RO","Costa Marques",18798,12890.7,11002,"Guajará-Mirim",1,"Norte",0,"110008",6,16,3,13,11,5,0,0,0,0,0,16,3,13,11,5,6,9.46426140012204,9.84150576018025,0.471874754091274,30
"36","RO","Costa Marques",18798,12890.7,11002,"Guajará-Mirim",1,"Norte",0,"110008",7,19,9,10,11,8,0,0,0,0,0,19,9,10,11,8,13,9.46426140012204,9.84150576018025,0.456883950560213,29
"37","RO","Espigão D'Oeste",32695,18984.55,11006,"Cacoal",1,"Norte",0,"110009",2,71,24,47,31,40,0,0,0,0,0,71,24,47,31,40,16,9.85138076946162,10.3949774399954,0.366473474454986,29
"38","RO","Espigão D'Oeste",32695,18984.55,11006,"Cacoal",1,"Norte",0,"110009",3,65,23,42,28,37,0,0,0,0,0,65,23,42,28,37,17,9.85138076946162,10.3949774399954,0.43445381681002,31
"39","RO","Espigão D'Oeste",32695,18984.55,11006,"Cacoal",1,"Norte",0,"110009",4,31,9,22,14,17,3,0,0,0,0,34,9,22,14,17,10,9.85138076946162,10.3949774399954,0.461425341491426,30
"40","RO","Espigão D'Oeste",32695,18984.55,11006,"Cacoal",1,"Norte",0,"110009",5,47,12,35,15,32,0,0,0,0,0,47,12,35,15,32,12,9.85138076946162,10.3949774399954,0.444587448687829,31
"41","RO","Espigão D'Oeste",32695,18984.55,11006,"Cacoal",1,"Norte",0,"110009",6,30,7,23,11,19,0,0,0,0,0,30,7,23,11,19,19,9.85138076946162,10.3949774399954,0.429529604478946,30
"42","RO","Espigão D'Oeste",32695,18984.55,11006,"Cacoal",1,"Norte",0,"110009",7,38,7,31,17,21,0,0,0,0,0,38,7,31,17,21,13,9.85138076946162,10.3949774399954,0.463775208384624,29
"43","RO","Guajará-Mirim",46556,18279.32,11002,"Guajará-Mirim",1,"Norte",1,"110010",2,136,52,84,63,73,2,0,0,0,0,138,52,84,63,73,22,9.81352564519151,10.7484111680619,0.312030131255039,29
"44","RO","Guajará-Mirim",46556,18279.32,11002,"Guajará-Mirim",1,"Norte",1,"110010",3,97,48,49,46,51,0,0,0,0,0,97,48,49,46,51,20,9.81352564519151,10.7484111680619,0.387221076339958,31
"45","RO","Guajará-Mirim",46556,18279.32,11002,"Guajará-Mirim",1,"Norte",1,"110010",4,70,34,36,26,44,0,0,0,0,0,70,34,36,26,44,18,9.81352564519151,10.7484111680619,0.427506933420117,30
"46","RO","Guajará-Mirim",46556,18279.32,11002,"Guajará-Mirim",1,"Norte",1,"110010",5,58,23,35,22,36,0,0,0,0,0,58,23,35,22,36,42,9.81352564519151,10.7484111680619,0.464927492831153,31
"47","RO","Guajará-Mirim",46556,18279.32,11002,"Guajará-Mirim",1,"Norte",1,"110010",6,64,31,33,35,29,0,0,0,0,0,64,31,33,35,29,51,9.81352564519151,10.7484111680619,0.428634382423291,30
"48","RO","Guajará-Mirim",46556,18279.32,11002,"Guajará-Mirim",1,"Norte",1,"110010",7,65,27,38,31,34,2,0,0,0,0,67,27,38,31,34,35,9.81352564519151,10.7484111680619,0.408248179000917,29
"49","RO","Jaru",51620,28433.31,11004,"Ji-Paraná",1,"Norte",1,"110011",2,130,32,98,59,71,0,0,0,0,0,130,32,98,59,71,30,10.2553166241783,10.8516644732726,0.305756921597329,29
"50","RO","Jaru",51620,28433.31,11004,"Ji-Paraná",1,"Norte",1,"110011",3,113,23,90,46,67,0,0,0,0,0,113,23,90,46,67,24,10.2553166241783,10.8516644732726,0.377790060491767,31
"51","RO","Jaru",51620,28433.31,11004,"Ji-Paraná",1,"Norte",1,"110011",4,74,16,58,32,42,0,0,0,0,0,74,16,58,32,42,18,10.2553166241783,10.8516644732726,0.399574853383529,30
"52","RO","Jaru",51620,28433.31,11004,"Ji-Paraná",1,"Norte",1,"110011",5,78,19,59,30,48,1,0,0,0,0,79,19,59,30,48,27,10.2553166241783,10.8516644732726,0.39126017944871,31
"53","RO","Jaru",51620,28433.31,11004,"Ji-Paraná",1,"Norte",1,"110011",6,87,25,62,44,43,0,0,0,0,0,87,25,62,44,43,36,10.2553166241783,10.8516644732726,0.406500949919239,30
"54","RO","Jaru",51620,28433.31,11004,"Ji-Paraná",1,"Norte",1,"110011",7,90,28,62,44,46,1,0,0,0,0,91,28,62,44,46,22,10.2553166241783,10.8516644732726,0.392615396842054,29
"55","RO","Ji-Paraná",130009,26287.35,11004,"Ji-Paraná",1,"Norte",1,"110012",2,270,71,199,116,154,2,0,0,0,0,272,71,199,116,154,50,10.1768431138606,11.7753589578106,0.312829126633488,29
"56","RO","Ji-Paraná",130009,26287.35,11004,"Ji-Paraná",1,"Norte",1,"110012",3,247,67,180,101,146,1,0,0,0,0,248,67,180,101,146,52,10.1768431138606,11.7753589578106,0.399997992266472,31
"57","RO","Ji-Paraná",130009,26287.35,11004,"Ji-Paraná",1,"Norte",1,"110012",4,146,36,110,72,74,1,0,0,0,0,147,36,110,72,74,45,10.1768431138606,11.7753589578106,0.418157078541927,30
"58","RO","Ji-Paraná",130009,26287.35,11004,"Ji-Paraná",1,"Norte",1,"110012",5,142,39,103,56,86,1,0,0,0,0,143,39,103,56,86,56,10.1768431138606,11.7753589578106,0.402632367778117,31
"59","RO","Ji-Paraná",130009,26287.35,11004,"Ji-Paraná",1,"Norte",1,"110012",6,163,36,127,51,112,2,0,0,0,0,165,36,127,51,112,47,10.1768431138606,11.7753589578106,0.386497508937296,30
"60","RO","Ji-Paraná",130009,26287.35,11004,"Ji-Paraná",1,"Norte",1,"110012",7,175,45,130,75,100,1,0,0,0,0,176,45,130,75,100,46,10.1768431138606,11.7753589578106,0.386433537765289,29
"61","RO","Machadinho D'Oeste",40867,16423.33,11003,"Ariquemes",1,"Norte",0,"110013",2,91,35,56,41,50,0,0,0,0,0,91,35,56,41,50,11,9.70645816390661,10.6180781703897,0.314185045999266,29
"62","RO","Machadinho D'Oeste",40867,16423.33,11003,"Ariquemes",1,"Norte",0,"110013",3,78,30,48,25,53,0,0,0,0,0,78,30,48,25,53,9,9.70645816390661,10.6180781703897,0.406719669582353,31
"63","RO","Machadinho D'Oeste",40867,16423.33,11003,"Ariquemes",1,"Norte",0,"110013",4,27,16,11,13,14,0,0,0,0,0,27,16,11,13,14,7,9.70645816390661,10.6180781703897,0.425229940538788,30
"64","RO","Machadinho D'Oeste",40867,16423.33,11003,"Ariquemes",1,"Norte",0,"110013",5,41,17,24,18,23,0,0,0,0,0,41,17,24,18,23,11,9.70645816390661,10.6180781703897,0.447237276403376,31
"65","RO","Machadinho D'Oeste",40867,16423.33,11003,"Ariquemes",1,"Norte",0,"110013",6,46,21,25,24,22,0,0,0,0,0,46,21,25,24,22,12,9.70645816390661,10.6180781703897,0.409695866608835,30
"66","RO","Machadinho D'Oeste",40867,16423.33,11003,"Ariquemes",1,"Norte",0,"110013",7,27,10,17,18,9,1,0,0,0,0,28,10,17,18,9,11,9.70645816390661,10.6180781703897,0.426667798559181,29
"67","RO","Nova Brasilândia D'Oeste",20489,18086.15,11005,"Alvorada D'Oeste",1,"Norte",0,"110014",2,37,8,29,18,19,0,0,0,0,0,37,8,29,18,19,5,9.80290173097387,9.9276434357472,0.330461085872681,29
"68","RO","Nova Brasilândia D'Oeste",20489,18086.15,11005,"Alvorada D'Oeste",1,"Norte",0,"110014",3,36,10,26,13,23,0,0,0,0,0,36,10,26,13,23,4,9.80290173097387,9.9276434357472,0.378662245597666,31
"69","RO","Nova Brasilândia D'Oeste",20489,18086.15,11005,"Alvorada D'Oeste",1,"Norte",0,"110014",4,17,4,13,6,11,0,0,0,0,0,17,4,13,6,11,12,9.80290173097387,9.9276434357472,0.406849955052334,30
"70","RO","Nova Brasilândia D'Oeste",20489,18086.15,11005,"Alvorada D'Oeste",1,"Norte",0,"110014",5,22,4,18,5,17,0,0,0,0,0,22,4,18,5,17,4,9.80290173097387,9.9276434357472,0.418003227582752,31
"71","RO","Nova Brasilândia D'Oeste",20489,18086.15,11005,"Alvorada D'Oeste",1,"Norte",0,"110014",6,14,5,9,5,9,0,0,0,0,0,14,5,9,5,9,11,9.80290173097387,9.9276434357472,0.410094818605519,30
"72","RO","Nova Brasilândia D'Oeste",20489,18086.15,11005,"Alvorada D'Oeste",1,"Norte",0,"110014",7,11,3,8,4,7,0,0,0,0,0,11,3,8,4,7,10,9.80290173097387,9.9276434357472,0.404905044615016,29
"73","RO","Ouro Preto do Oeste",35737,22252.8,11004,"Ji-Paraná",1,"Norte",1,"110015",2,74,19,55,29,45,0,0,0,0,0,74,19,55,29,45,13,10.0102231223735,10.4839418456268,0.293831262595354,29
"74","RO","Ouro Preto do Oeste",35737,22252.8,11004,"Ji-Paraná",1,"Norte",1,"110015",3,96,22,74,41,55,0,0,0,0,0,96,22,74,41,55,23,10.0102231223735,10.4839418456268,0.37550511632357,31
"75","RO","Ouro Preto do Oeste",35737,22252.8,11004,"Ji-Paraná",1,"Norte",1,"110015",4,42,6,36,18,24,0,0,0,0,0,42,6,36,18,24,18,10.0102231223735,10.4839418456268,0.403816935599158,30
"76","RO","Ouro Preto do Oeste",35737,22252.8,11004,"Ji-Paraná",1,"Norte",1,"110015",5,32,6,26,15,17,0,0,0,0,0,32,6,26,15,17,17,10.0102231223735,10.4839418456268,0.3972330686142,31
"77","RO","Ouro Preto do Oeste",35737,22252.8,11004,"Ji-Paraná",1,"Norte",1,"110015",6,49,11,38,18,31,0,0,0,0,0,49,11,38,18,31,16,10.0102231223735,10.4839418456268,0.372922020994446,30
"78","RO","Ouro Preto do Oeste",35737,22252.8,11004,"Ji-Paraná",1,"Norte",1,"110015",7,44,11,33,18,26,0,0,0,0,0,44,11,33,18,26,18,10.0102231223735,10.4839418456268,0.378493525205494,29
"79","RO","Pimenta Bueno",36881,31046.76,11007,"Vilhena",1,"Norte",1,"110018",2,67,20,47,38,29,1,0,0,0,0,68,20,47,38,29,4,10.3432497340909,10.5154517922704,0.317125437960628,29
"80","RO","Pimenta Bueno",36881,31046.76,11007,"Vilhena",1,"Norte",1,"110018",3,85,19,66,31,54,0,0,0,0,0,85,19,66,31,54,15,10.3432497340909,10.5154517922704,0.401051385844442,31
"81","RO","Pimenta Bueno",36881,31046.76,11007,"Vilhena",1,"Norte",1,"110018",4,49,17,32,22,27,0,0,0,0,0,49,17,32,22,27,15,10.3432497340909,10.5154517922704,0.425586902886357,30
"82","RO","Pimenta Bueno",36881,31046.76,11007,"Vilhena",1,"Norte",1,"110018",5,51,11,40,26,25,0,0,0,0,0,51,11,40,26,25,25,10.3432497340909,10.5154517922704,0.416034324320679,31
"83","RO","Pimenta Bueno",36881,31046.76,11007,"Vilhena",1,"Norte",1,"110018",6,48,12,36,22,26,0,0,0,0,0,48,12,36,22,26,16,10.3432497340909,10.5154517922704,0.42428139435393,30
"84","RO","Pimenta Bueno",36881,31046.76,11007,"Vilhena",1,"Norte",1,"110018",7,45,11,34,17,28,0,0,0,0,0,45,11,34,17,28,26,10.3432497340909,10.5154517922704,0.399644792527818,29
"85","RO","Porto Velho",539354,32042.66,11001,"Porto Velho",1,"Norte",1,"110020",2,1037,304,733,463,574,6,0,0,0,0,1043,304,733,463,574,172,10.3748234189597,13.1981274061106,0.31231803276805,29
"86","RO","Porto Velho",539354,32042.66,11001,"Porto Velho",1,"Norte",1,"110020",3,1040,277,763,447,593,3,0,0,0,0,1043,277,763,447,593,222,10.3748234189597,13.1981274061106,0.417353601194784,31
"87","RO","Porto Velho",539354,32042.66,11001,"Porto Velho",1,"Norte",1,"110020",4,628,175,453,265,363,7,0,0,0,0,635,175,453,265,363,216,10.3748234189597,13.1981274061106,0.467701724580404,30
"88","RO","Porto Velho",539354,32042.66,11001,"Porto Velho",1,"Norte",1,"110020",5,551,148,403,257,294,9,0,0,0,0,560,148,403,257,294,313,10.3748234189597,13.1981274061106,0.451462989732605,31
"89","RO","Porto Velho",539354,32042.66,11001,"Porto Velho",1,"Norte",1,"110020",6,591,177,414,291,300,8,0,0,0,0,599,177,414,291,300,484,10.3748234189597,13.1981274061106,0.45132225401937,30
"90","RO","Porto Velho",539354,32042.66,11001,"Porto Velho",1,"Norte",1,"110020",7,543,119,424,235,308,8,0,0,0,0,551,119,424,235,308,392,10.3748234189597,13.1981274061106,0.429768305183768,29
"91","RO","Presidente Médici",18571,21515.83,11004,"Ji-Paraná",1,"Norte",0,"110025",2,34,5,29,17,17,0,0,0,0,0,34,5,29,17,17,15,9.97654422226506,9.82935650319305,0.35296208306941,29
"92","RO","Presidente Médici",18571,21515.83,11004,"Ji-Paraná",1,"Norte",0,"110025",3,47,14,33,15,32,0,0,0,0,0,47,14,33,15,32,6,9.97654422226506,9.82935650319305,0.415731713459309,31
"93","RO","Presidente Médici",18571,21515.83,11004,"Ji-Paraná",1,"Norte",0,"110025",4,22,2,20,4,18,0,0,0,0,0,22,2,20,4,18,11,9.97654422226506,9.82935650319305,0.443225933219614,30
"94","RO","Presidente Médici",18571,21515.83,11004,"Ji-Paraná",1,"Norte",0,"110025",5,23,6,17,11,12,0,0,0,0,0,23,6,17,11,12,15,9.97654422226506,9.82935650319305,0.440606327009992,31
"95","RO","Presidente Médici",18571,21515.83,11004,"Ji-Paraná",1,"Norte",0,"110025",6,23,7,16,10,13,0,0,0,0,0,23,7,16,10,13,10,9.97654422226506,9.82935650319305,0.426335230141213,30
"96","RO","Presidente Médici",18571,21515.83,11004,"Ji-Paraná",1,"Norte",0,"110025",7,25,10,15,8,17,0,0,0,0,0,25,10,15,8,17,14,9.97654422226506,9.82935650319305,0.435448836774366,29
"97","RO","Rolim de Moura",55407,24077.57,11006,"Cacoal",1,"Norte",1,"110028",2,99,24,75,43,56,0,0,0,0,0,99,24,75,43,56,26,10.0890359807094,10.922461218544,0.320299707487464,29
"98","RO","Rolim de Moura",55407,24077.57,11006,"Cacoal",1,"Norte",1,"110028",3,84,14,70,38,46,0,0,0,0,0,84,14,70,38,46,32,10.0890359807094,10.922461218544,0.414119132372106,31
"99","RO","Rolim de Moura",55407,24077.57,11006,"Cacoal",1,"Norte",1,"110028",4,81,12,69,25,56,0,0,0,0,0,81,12,69,25,56,22,10.0890359807094,10.922461218544,0.440277120031501,30
"100","RO","Rolim de Moura",55407,24077.57,11006,"Cacoal",1,"Norte",1,"110028",5,56,17,39,28,28,1,0,0,0,0,57,17,39,28,28,22,10.0890359807094,10.922461218544,0.415045634908602,31
"101","RO","Rolim de Moura",55407,24077.57,11006,"Cacoal",1,"Norte",1,"110028",6,90,28,62,46,44,1,0,0,0,0,91,28,62,46,44,31,10.0890359807094,10.922461218544,0.40569930587141,30
"102","RO","Rolim de Moura",55407,24077.57,11006,"Cacoal",1,"Norte",1,"110028",7,72,14,58,19,53,0,0,0,0,0,72,14,58,19,53,32,10.0890359807094,10.922461218544,0.409587345848809,29
"103","RO","Vilhena",102211,28420.11,11007,"Vilhena",1,"Norte",1,"110030",2,221,48,173,77,144,3,0,0,0,0,224,48,173,77,144,36,10.2548522721573,11.5347945830538,0.323250221458671,29
"104","RO","Vilhena",102211,28420.11,11007,"Vilhena",1,"Norte",1,"110030",3,224,53,171,89,135,1,0,0,0,0,225,53,171,89,135,43,10.2548522721573,11.5347945830538,0.398693991044705,31
"105","RO","Vilhena",102211,28420.11,11007,"Vilhena",1,"Norte",1,"110030",4,136,28,108,50,86,0,0,0,0,0,136,28,108,50,86,42,10.2548522721573,11.5347945830538,0.431790542446465,30
"106","RO","Vilhena",102211,28420.11,11007,"Vilhena",1,"Norte",1,"110030",5,159,36,123,71,88,1,0,0,0,0,160,36,123,71,88,50,10.2548522721573,11.5347945830538,0.407512819185178,31
"107","RO","Vilhena",102211,28420.11,11007,"Vilhena",1,"Norte",1,"110030",6,122,28,94,62,60,2,0,0,0,0,124,28,94,62,60,60,10.2548522721573,11.5347945830538,0.397956237603939,30
"108","RO","Vilhena",102211,28420.11,11007,"Vilhena",1,"Norte",1,"110030",7,143,33,110,61,82,2,0,0,0,0,145,33,110,61,82,48,10.2548522721573,11.5347945830538,0.397929173973432,29
"109","RO","São Miguel do Guaporé",23077,31025.71,11005,"Alvorada D'Oeste",1,"Norte",0,"110032",2,56,15,41,23,33,0,0,0,0,0,56,15,41,23,33,16,10.3425714945813,10.0465917295046,0.347441096534059,29
"110","RO","São Miguel do Guaporé",23077,31025.71,11005,"Alvorada D'Oeste",1,"Norte",0,"110032",3,62,21,41,21,41,0,0,0,0,0,62,21,41,21,41,8,10.3425714945813,10.0465917295046,0.400881543888032,31
"111","RO","São Miguel do Guaporé",23077,31025.71,11005,"Alvorada D'Oeste",1,"Norte",0,"110032",4,30,8,22,13,17,0,0,0,0,0,30,8,22,13,17,9,10.3425714945813,10.0465917295046,0.411411697831091,30
"112","RO","São Miguel do Guaporé",23077,31025.71,11005,"Alvorada D'Oeste",1,"Norte",0,"110032",5,31,7,24,18,13,0,0,0,0,0,31,7,24,18,13,11,10.3425714945813,10.0465917295046,0.477486334114911,31
"113","RO","São Miguel do Guaporé",23077,31025.71,11005,"Alvorada D'Oeste",1,"Norte",0,"110032",6,20,5,15,11,9,1,0,0,0,0,21,5,15,11,9,16,10.3425714945813,10.0465917295046,0.467213575989295,30
"114","RO","São Miguel do Guaporé",23077,31025.71,11005,"Alvorada D'Oeste",1,"Norte",0,"110032",7,33,4,29,18,15,0,0,0,0,0,33,4,29,18,15,10,10.3425714945813,10.0465917295046,0.447624479434005,29
"115","RO","Nova Mamoré",31392,17095.19,11001,"Porto Velho",1,"Norte",0,"110033",2,71,26,45,36,35,1,0,0,0,0,72,26,45,36,35,6,9.74655241637256,10.3543083623651,0.345543756647012,29
"116","RO","Nova Mamoré",31392,17095.19,11001,"Porto Velho",1,"Norte",0,"110033",3,60,16,44,34,26,0,0,0,0,0,60,16,44,34,26,12,9.74655241637256,10.3543083623651,0.408226568203771,31
"117","RO","Nova Mamoré",31392,17095.19,11001,"Porto Velho",1,"Norte",0,"110033",4,32,8,24,13,19,0,0,0,0,0,32,8,24,13,19,8,9.74655241637256,10.3543083623651,0.441940600020456,30
"118","RO","Nova Mamoré",31392,17095.19,11001,"Porto Velho",1,"Norte",0,"110033",5,27,11,16,17,10,1,0,0,0,0,28,11,16,17,10,12,9.74655241637256,10.3543083623651,0.46951938296521,31
"119","RO","Nova Mamoré",31392,17095.19,11001,"Porto Velho",1,"Norte",0,"110033",6,34,8,26,13,21,0,0,0,0,0,34,8,26,13,21,7,9.74655241637256,10.3543083623651,0.447288241935054,30
"120","RO","Nova Mamoré",31392,17095.19,11001,"Porto Velho",1,"Norte",0,"110033",7,43,21,22,23,20,0,0,0,0,0,43,21,22,23,20,9,9.74655241637256,10.3543083623651,0.434954961073318,29
"121","RO","Alvorada D'Oeste",14106,17423.49,11005,"Alvorada D'Oeste",1,"Norte",0,"110034",2,31,9,22,10,21,0,0,0,0,0,31,9,22,10,21,8,9.76557457477192,9.55435551776812,0.326287052189632,29
"122","RO","Alvorada D'Oeste",14106,17423.49,11005,"Alvorada D'Oeste",1,"Norte",0,"110034",3,28,6,22,14,14,0,0,0,0,0,28,6,22,14,14,10,9.76557457477192,9.55435551776812,0.406361213778052,31
"123","RO","Alvorada D'Oeste",14106,17423.49,11005,"Alvorada D'Oeste",1,"Norte",0,"110034",4,7,0,7,1,6,0,0,0,0,0,7,0,7,1,6,7,9.76557457477192,9.55435551776812,0.457502979025962,30
"124","RO","Alvorada D'Oeste",14106,17423.49,11005,"Alvorada D'Oeste",1,"Norte",0,"110034",5,18,3,15,7,11,0,0,0,0,0,18,3,15,7,11,7,9.76557457477192,9.55435551776812,0.471443359183091,31
"125","RO","Alvorada D'Oeste",14106,17423.49,11005,"Alvorada D'Oeste",1,"Norte",0,"110034",6,16,3,13,4,12,0,0,0,0,0,16,3,13,4,12,6,9.76557457477192,9.55435551776812,0.452431617370526,30
"126","RO","Alvorada D'Oeste",14106,17423.49,11005,"Alvorada D'Oeste",1,"Norte",0,"110034",7,18,7,11,7,11,0,0,0,0,0,18,7,11,7,11,8,9.76557457477192,9.55435551776812,0.432568299587892,29
"127","RO","Alto Paraíso",21847,15655.57,11003,"Ariquemes",1,"Norte",0,"110040",2,28,9,19,15,13,0,0,0,0,0,28,9,19,15,13,8,9.6585820431903,9.99181889132609,0.320094137230605,29
"128","RO","Alto Paraíso",21847,15655.57,11003,"Ariquemes",1,"Norte",0,"110040",3,47,15,32,22,25,0,0,0,0,0,47,15,32,22,25,7,9.6585820431903,9.99181889132609,0.414974491829417,31
"129","RO","Alto Paraíso",21847,15655.57,11003,"Ariquemes",1,"Norte",0,"110040",4,19,9,10,8,11,0,0,0,0,0,19,9,10,8,11,6,9.6585820431903,9.99181889132609,0.435590781542704,30
"130","RO","Alto Paraíso",21847,15655.57,11003,"Ariquemes",1,"Norte",0,"110040",5,13,4,9,5,8,0,0,0,0,0,13,4,9,5,8,6,9.6585820431903,9.99181889132609,0.418481501836099,31
"131","RO","Alto Paraíso",21847,15655.57,11003,"Ariquemes",1,"Norte",0,"110040",6,20,11,9,16,4,0,0,0,0,0,20,11,9,16,4,14,9.6585820431903,9.99181889132609,0.422101364128746,30
"132","RO","Alto Paraíso",21847,15655.57,11003,"Ariquemes",1,"Norte",0,"110040",7,17,5,12,10,7,0,0,0,0,0,17,5,12,10,7,6,9.6585820431903,9.99181889132609,0.433526939346045,29
"133","RO","Buritis",40356,17489.18,11001,"Porto Velho",1,"Norte",0,"110045",2,64,22,42,32,32,0,0,0,0,0,64,22,42,32,32,8,9.76933768297989,10.6054953615283,0.311273118641721,29
"134","RO","Buritis",40356,17489.18,11001,"Porto Velho",1,"Norte",0,"110045",3,85,25,60,39,46,0,0,0,0,0,85,25,60,39,46,13,9.76933768297989,10.6054953615283,0.379569097079542,31
"135","RO","Buritis",40356,17489.18,11001,"Porto Velho",1,"Norte",0,"110045",4,45,17,28,24,21,0,0,0,0,0,45,17,28,24,21,12,9.76933768297989,10.6054953615283,0.389972623814078,30
"136","RO","Buritis",40356,17489.18,11001,"Porto Velho",1,"Norte",0,"110045",5,46,15,31,24,22,0,0,0,0,0,46,15,31,24,22,12,9.76933768297989,10.6054953615283,0.379346425654326,31
"137","RO","Buritis",40356,17489.18,11001,"Porto Velho",1,"Norte",0,"110045",6,52,22,30,23,29,1,0,0,0,0,53,22,30,23,29,15,9.76933768297989,10.6054953615283,0.374539123996353,30
"138","RO","Buritis",40356,17489.18,11001,"Porto Velho",1,"Norte",0,"110045",7,37,12,25,16,21,1,0,0,0,0,38,12,25,16,21,13,9.76933768297989,10.6054953615283,0.380952161007808,29
"139","RO","Candeias do Jamari",27388,21856.51,11001,"Porto Velho",1,"Norte",1,"110080",2,40,20,20,21,19,2,0,0,0,0,42,20,20,21,19,11,9.99225409665171,10.217860240241,0.354851578403345,29
"140","RO","Candeias do Jamari",27388,21856.51,11001,"Porto Velho",1,"Norte",1,"110080",3,46,17,29,24,22,0,0,0,0,0,46,17,29,24,22,7,9.99225409665171,10.217860240241,0.432909610606436,31
"141","RO","Candeias do Jamari",27388,21856.51,11001,"Porto Velho",1,"Norte",1,"110080",4,28,10,18,16,12,0,0,0,0,0,28,10,18,16,12,7,9.99225409665171,10.217860240241,0.458569467980301,30
"142","RO","Candeias do Jamari",27388,21856.51,11001,"Porto Velho",1,"Norte",1,"110080",5,34,13,21,17,17,0,0,0,0,0,34,13,21,17,17,21,9.99225409665171,10.217860240241,0.463759324576636,31
"143","RO","Candeias do Jamari",27388,21856.51,11001,"Porto Velho",1,"Norte",1,"110080",6,17,8,9,5,12,1,0,0,0,0,18,8,9,5,12,23,9.99225409665171,10.217860240241,0.449822812925166,30
"144","RO","Candeias do Jamari",27388,21856.51,11001,"Porto Velho",1,"Norte",1,"110080",7,36,16,20,18,18,0,0,0,0,0,36,16,20,18,18,17,9.99225409665171,10.217860240241,0.455824128598937,29
"145","RO","Chupinguaia",11472,27680.65,11007,"Vilhena",1,"Norte",0,"110092",2,20,2,18,9,11,1,0,0,0,0,21,2,18,9,11,1,10.2284888921149,9.3476645628394,0.372746786441529,29
"146","RO","Chupinguaia",11472,27680.65,11007,"Vilhena",1,"Norte",0,"110092",3,20,8,12,11,9,0,0,0,0,0,20,8,12,11,9,2,10.2284888921149,9.3476645628394,0.399932788118029,31
"147","RO","Chupinguaia",11472,27680.65,11007,"Vilhena",1,"Norte",0,"110092",4,10,2,8,4,6,0,0,0,0,0,10,2,8,4,6,3,10.2284888921149,9.3476645628394,0.415973086306039,30
"148","RO","Chupinguaia",11472,27680.65,11007,"Vilhena",1,"Norte",0,"110092",5,22,5,17,13,9,0,0,0,0,0,22,5,17,13,9,3,10.2284888921149,9.3476645628394,0.410683173184278,31
"149","RO","Chupinguaia",11472,27680.65,11007,"Vilhena",1,"Norte",0,"110092",6,16,6,10,8,8,0,0,0,0,0,16,6,10,8,8,4,10.2284888921149,9.3476645628394,0.462799244728716,30
"150","RO","Chupinguaia",11472,27680.65,11007,"Vilhena",1,"Norte",0,"110092",7,13,6,7,2,11,0,0,0,0,0,13,6,7,2,11,6,10.2284888921149,9.3476645628394,0.454600099429365,29
"151","RO","Cujubim",26183,14739.4,11001,"Porto Velho",1,"Norte",0,"110094",2,39,13,26,21,18,0,0,0,0,0,39,13,26,21,18,7,9.59827945935174,10.1728656241899,0.352335991640297,29
"152","RO","Cujubim",26183,14739.4,11001,"Porto Velho",1,"Norte",0,"110094",3,34,9,25,16,18,0,0,0,0,0,34,9,25,16,18,9,9.59827945935174,10.1728656241899,0.404520499516046,31
"153","RO","Cujubim",26183,14739.4,11001,"Porto Velho",1,"Norte",0,"110094",4,16,8,8,5,11,0,0,0,0,0,16,8,8,5,11,9,9.59827945935174,10.1728656241899,0.42123014278659,30
"154","RO","Cujubim",26183,14739.4,11001,"Porto Velho",1,"Norte",0,"110094",5,16,6,10,11,5,0,0,0,0,0,16,6,10,11,5,3,9.59827945935174,10.1728656241899,0.437334335614922,31
"155","RO","Cujubim",26183,14739.4,11001,"Porto Velho",1,"Norte",0,"110094",6,24,10,14,12,12,0,0,0,0,0,24,10,14,12,12,8,9.59827945935174,10.1728656241899,0.417426984176515,30
"156","RO","Cujubim",26183,14739.4,11001,"Porto Velho",1,"Norte",0,"110094",7,19,10,9,9,10,0,0,0,0,0,19,10,9,9,10,9,9.59827945935174,10.1728656241899,0.406009876039509,29
"157","RO","Itapuã do Oeste",10641,17551.21,11001,"Porto Velho",1,"Norte",0,"110110",2,17,9,8,7,10,0,0,0,0,0,17,9,8,7,10,6,9.7728781723863,9.27246974344173,0.328215453610724,29
"158","RO","Itapuã do Oeste",10641,17551.21,11001,"Porto Velho",1,"Norte",0,"110110",3,27,13,14,11,16,0,0,0,0,0,27,13,14,11,16,2,9.7728781723863,9.27246974344173,0.407960979873332,31
"159","RO","Itapuã do Oeste",10641,17551.21,11001,"Porto Velho",1,"Norte",0,"110110",4,7,1,6,1,6,0,0,0,0,0,7,1,6,1,6,3,9.7728781723863,9.27246974344173,0.400812042245946,30
"160","RO","Itapuã do Oeste",10641,17551.21,11001,"Porto Velho",1,"Norte",0,"110110",5,10,3,7,3,7,0,0,0,0,0,10,3,7,3,7,1,9.7728781723863,9.27246974344173,0.431393378010565,31
"161","RO","Itapuã do Oeste",10641,17551.21,11001,"Porto Velho",1,"Norte",0,"110110",6,10,2,8,6,4,0,0,0,0,0,10,2,8,6,4,6,9.7728781723863,9.27246974344173,0.402698641118849,30
"162","RO","Itapuã do Oeste",10641,17551.21,11001,"Porto Velho",1,"Norte",0,"110110",7,8,1,7,3,5,0,0,0,0,0,8,1,7,3,5,8,9.7728781723863,9.27246974344173,0.412668516704534,29
"163","RO","Mirante da Serra",10818,19672.11,11004,"Ji-Paraná",1,"Norte",0,"110130",2,27,7,20,11,16,0,0,0,0,0,27,7,20,11,16,5,9.88695717558434,9.28896669243137,0.343033397660931,29
"164","RO","Mirante da Serra",10818,19672.11,11004,"Ji-Paraná",1,"Norte",0,"110130",3,24,10,14,9,15,0,0,0,0,0,24,10,14,9,15,2,9.88695717558434,9.28896669243137,0.420013945631224,31
"165","RO","Mirante da Serra",10818,19672.11,11004,"Ji-Paraná",1,"Norte",0,"110130",4,15,4,11,9,6,0,0,0,0,0,15,4,11,9,6,9,9.88695717558434,9.28896669243137,0.4148600010257,30
"166","RO","Mirante da Serra",10818,19672.11,11004,"Ji-Paraná",1,"Norte",0,"110130",5,9,3,6,3,6,0,0,0,0,0,9,3,6,3,6,4,9.88695717558434,9.28896669243137,0.45307681089269,31
"167","RO","Mirante da Serra",10818,19672.11,11004,"Ji-Paraná",1,"Norte",0,"110130",6,17,7,10,8,9,0,0,0,0,0,17,7,10,8,9,5,9.88695717558434,9.28896669243137,0.39553851713246,30
"168","RO","Mirante da Serra",10818,19672.11,11004,"Ji-Paraná",1,"Norte",0,"110130",7,14,7,7,8,6,0,0,0,0,0,14,7,7,8,6,3,9.88695717558434,9.28896669243137,0.43098836238733,29
"169","RO","São Francisco do Guaporé",20681,17778.54,11002,"Guajará-Mirim",1,"Norte",0,"110149",2,39,13,26,18,21,0,0,0,0,0,39,13,26,18,21,6,9.78574739096064,9.93697068335268,0.310342474568364,29
"170","RO","São Francisco do Guaporé",20681,17778.54,11002,"Guajará-Mirim",1,"Norte",0,"110149",3,26,10,16,11,15,0,0,0,0,0,26,10,16,11,15,3,9.78574739096064,9.93697068335268,0.369802418250709,31
"171","RO","São Francisco do Guaporé",20681,17778.54,11002,"Guajará-Mirim",1,"Norte",0,"110149",4,21,6,15,13,8,1,0,0,0,0,22,6,15,13,8,7,9.78574739096064,9.93697068335268,0.411531319181909,30
"172","RO","São Francisco do Guaporé",20681,17778.54,11002,"Guajará-Mirim",1,"Norte",0,"110149",5,26,4,22,9,17,0,0,0,0,0,26,4,22,9,17,10,9.78574739096064,9.93697068335268,0.438478543521889,31
"173","RO","São Francisco do Guaporé",20681,17778.54,11002,"Guajará-Mirim",1,"Norte",0,"110149",6,22,8,14,16,6,0,0,0,0,0,22,8,14,16,6,7,9.78574739096064,9.93697068335268,0.432831075544001,30
"174","RO","São Francisco do Guaporé",20681,17778.54,11002,"Guajará-Mirim",1,"Norte",0,"110149",7,26,4,22,13,13,0,0,0,0,0,26,4,22,13,13,11,9.78574739096064,9.93697068335268,0.449361903806453,29
"175","AC","Acrelândia",15490,15737.64,12004,"Rio Branco",1,"Norte",0,"120001",2,32,16,16,12,20,0,0,0,0,0,32,16,16,12,20,8,9.6638105742622,9.64794993341091,0.328380379202718,29
"176","AC","Acrelândia",15490,15737.64,12004,"Rio Branco",1,"Norte",0,"120001",3,25,9,16,17,8,0,0,0,0,0,25,9,16,17,8,3,9.6638105742622,9.64794993341091,0.425500474472966,31
"177","AC","Acrelândia",15490,15737.64,12004,"Rio Branco",1,"Norte",0,"120001",4,19,8,11,8,11,0,0,0,0,0,19,8,11,8,11,1,9.6638105742622,9.64794993341091,0.440096885288628,30
"178","AC","Acrelândia",15490,15737.64,12004,"Rio Branco",1,"Norte",0,"120001",5,18,5,13,6,12,0,0,0,0,0,18,5,13,6,12,6,9.6638105742622,9.64794993341091,0.433600432057412,31
"179","AC","Acrelândia",15490,15737.64,12004,"Rio Branco",1,"Norte",0,"120001",6,21,8,13,8,13,0,0,0,0,0,21,8,13,8,13,8,9.6638105742622,9.64794993341091,0.406603723503383,30
"180","AC","Acrelândia",15490,15737.64,12004,"Rio Branco",1,"Norte",0,"120001",7,21,6,15,7,14,0,0,0,0,0,21,6,15,7,14,5,9.6638105742622,9.64794993341091,0.384765228194729,29
"181","AC","Brasiléia",26702,16165.25,12005,"Brasiléia",1,"Norte",0,"120010",2,59,26,33,33,26,0,0,0,0,0,59,26,33,33,26,6,9.69061915555185,10.19249374795,0.312974746519202,29
"182","AC","Brasiléia",26702,16165.25,12005,"Brasiléia",1,"Norte",0,"120010",3,71,28,43,41,30,0,0,0,0,0,71,28,43,41,30,4,9.69061915555185,10.19249374795,0.384529225273248,31
"183","AC","Brasiléia",26702,16165.25,12005,"Brasiléia",1,"Norte",0,"120010",4,47,15,32,22,25,0,0,0,0,0,47,15,32,22,25,14,9.69061915555185,10.19249374795,0.420885389408681,30
"184","AC","Brasiléia",26702,16165.25,12005,"Brasiléia",1,"Norte",0,"120010",5,37,18,19,17,20,1,0,0,0,0,38,18,19,17,20,16,9.69061915555185,10.19249374795,0.434863492066098,31
"185","AC","Brasiléia",26702,16165.25,12005,"Brasiléia",1,"Norte",0,"120010",6,39,23,16,26,13,0,0,0,0,0,39,23,16,26,13,10,9.69061915555185,10.19249374795,0.398826338875032,30
"186","AC","Brasiléia",26702,16165.25,12005,"Brasiléia",1,"Norte",0,"120010",7,49,27,22,22,27,1,0,0,0,0,50,27,22,22,27,13,9.69061915555185,10.19249374795,0.410019789508057,29
"187","AC","Bujari",10420,15606.47,12004,"Rio Branco",1,"Norte",0,"120013",2,34,20,14,20,14,0,0,0,0,0,34,20,14,20,14,5,9.65544085084502,9.25148231530736,0.309387028400998,29
"188","AC","Bujari",10420,15606.47,12004,"Rio Branco",1,"Norte",0,"120013",3,29,14,15,17,12,0,0,0,0,0,29,14,15,17,12,5,9.65544085084502,9.25148231530736,0.389171034761988,31
"189","AC","Bujari",10420,15606.47,12004,"Rio Branco",1,"Norte",0,"120013",4,23,10,13,13,10,0,0,0,0,0,23,10,13,13,10,10,9.65544085084502,9.25148231530736,0.449492790305523,30
"190","AC","Bujari",10420,15606.47,12004,"Rio Branco",1,"Norte",0,"120013",5,15,6,9,8,7,0,0,0,0,0,15,6,9,8,7,5,9.65544085084502,9.25148231530736,0.476780825751431,31
"191","AC","Bujari",10420,15606.47,12004,"Rio Branco",1,"Norte",0,"120013",6,15,5,10,6,9,0,0,0,0,0,15,5,10,6,9,7,9.65544085084502,9.25148231530736,0.447824278751272,30
"192","AC","Bujari",10420,15606.47,12004,"Rio Branco",1,"Norte",0,"120013",7,21,11,10,12,9,0,0,0,0,0,21,11,10,12,9,8,9.65544085084502,9.25148231530736,0.452313445525104,29
"193","AC","Capixaba",12008,14874.52,12004,"Rio Branco",1,"Norte",0,"120017",2,27,10,17,18,9,0,0,0,0,0,27,10,17,18,9,2,9.60740496098562,9.3933283733133,0.298253228011711,29
"194","AC","Capixaba",12008,14874.52,12004,"Rio Branco",1,"Norte",0,"120017",3,20,8,12,8,12,0,0,0,0,0,20,8,12,8,12,6,9.60740496098562,9.3933283733133,0.408659309473277,31
"195","AC","Capixaba",12008,14874.52,12004,"Rio Branco",1,"Norte",0,"120017",4,17,10,7,14,3,0,0,0,0,0,17,10,7,14,3,5,9.60740496098562,9.3933283733133,0.424493702056289,30
"196","AC","Capixaba",12008,14874.52,12004,"Rio Branco",1,"Norte",0,"120017",5,17,9,8,9,8,0,0,0,0,0,17,9,8,9,8,6,9.60740496098562,9.3933283733133,0.455732231596428,31
"197","AC","Capixaba",12008,14874.52,12004,"Rio Branco",1,"Norte",0,"120017",6,28,12,16,12,16,1,0,0,0,0,29,12,16,12,16,7,9.60740496098562,9.3933283733133,0.444661659472215,30
"198","AC","Capixaba",12008,14874.52,12004,"Rio Branco",1,"Norte",0,"120017",7,13,6,7,11,2,0,0,0,0,0,13,6,7,11,2,5,9.60740496098562,9.3933283733133,0.457975391428859,29
"199","AC","Cruzeiro do Sul",89072,16261.39,12001,"Cruzeiro do Sul",1,"Norte",1,"120020",2,266,99,167,129,137,3,0,0,0,0,269,99,167,129,137,36,9.69654886530295,11.3972003104233,0.322340334628148,29
"200","AC","Cruzeiro do Sul",89072,16261.39,12001,"Cruzeiro do Sul",1,"Norte",1,"120020",3,267,101,166,125,142,0,0,0,0,0,267,101,166,125,142,27,9.69654886530295,11.3972003104233,0.401346856482689,31
"201","AC","Cruzeiro do Sul",89072,16261.39,12001,"Cruzeiro do Sul",1,"Norte",1,"120020",4,152,52,100,70,82,2,0,0,0,0,154,52,100,70,82,36,9.69654886530295,11.3972003104233,0.478311730018264,30
"202","AC","Cruzeiro do Sul",89072,16261.39,12001,"Cruzeiro do Sul",1,"Norte",1,"120020",5,146,62,84,85,61,0,0,0,0,0,146,62,84,85,61,39,9.69654886530295,11.3972003104233,0.519555958265841,31
"203","AC","Cruzeiro do Sul",89072,16261.39,12001,"Cruzeiro do Sul",1,"Norte",1,"120020",6,174,75,99,100,74,0,0,0,0,0,174,75,99,100,74,57,9.69654886530295,11.3972003104233,0.467245365781149,30
"204","AC","Cruzeiro do Sul",89072,16261.39,12001,"Cruzeiro do Sul",1,"Norte",1,"120020",7,147,57,90,73,74,2,0,0,0,0,149,57,90,73,74,45,9.69654886530295,11.3972003104233,0.449490552901807,29
"205","AC","Epitaciolândia",18696,25349.75,12005,"Brasiléia",1,"Norte",0,"120025",2,52,20,32,26,26,0,0,0,0,0,52,20,32,26,26,3,10.1405241470378,9.83606487621869,0.319568045030431,29
"206","AC","Epitaciolândia",18696,25349.75,12005,"Brasiléia",1,"Norte",0,"120025",3,40,15,25,16,24,1,0,0,0,0,41,15,25,16,24,10,10.1405241470378,9.83606487621869,0.446105976786695,31
"207","AC","Epitaciolândia",18696,25349.75,12005,"Brasiléia",1,"Norte",0,"120025",4,21,8,13,7,14,0,0,0,0,0,21,8,13,7,14,8,10.1405241470378,9.83606487621869,0.458774852790977,30
"208","AC","Epitaciolândia",18696,25349.75,12005,"Brasiléia",1,"Norte",0,"120025",5,17,11,6,8,9,0,0,0,0,0,17,11,6,8,9,10,10.1405241470378,9.83606487621869,0.46329916059353,31
"209","AC","Epitaciolândia",18696,25349.75,12005,"Brasiléia",1,"Norte",0,"120025",6,18,8,10,8,10,1,0,0,0,0,19,8,10,8,10,14,10.1405241470378,9.83606487621869,0.439873953736073,30
"210","AC","Epitaciolândia",18696,25349.75,12005,"Brasiléia",1,"Norte",0,"120025",7,18,6,12,8,10,0,0,0,0,0,18,6,12,8,10,9,10.1405241470378,9.83606487621869,0.456525670453695,29
"211","AC","Feijó",34884,10500.72,12002,"Tarauacá",1,"Norte",0,"120030",2,98,51,47,50,48,1,0,0,0,0,99,51,47,50,48,9,9.25919910522327,10.4597835503469,0.335539737431991,29
"212","AC","Feijó",34884,10500.72,12002,"Tarauacá",1,"Norte",0,"120030",3,84,45,39,49,35,1,0,0,0,0,85,45,39,49,35,17,9.25919910522327,10.4597835503469,0.404405425329154,31
"213","AC","Feijó",34884,10500.72,12002,"Tarauacá",1,"Norte",0,"120030",4,65,33,32,36,29,0,0,0,0,0,65,33,32,36,29,5,9.25919910522327,10.4597835503469,0.432637855120585,30
"214","AC","Feijó",34884,10500.72,12002,"Tarauacá",1,"Norte",0,"120030",5,78,52,26,40,38,0,0,0,0,0,78,52,26,40,38,15,9.25919910522327,10.4597835503469,0.442662579132782,31
"215","AC","Feijó",34884,10500.72,12002,"Tarauacá",1,"Norte",0,"120030",6,61,38,23,39,22,2,0,0,0,0,63,38,23,39,22,20,9.25919910522327,10.4597835503469,0.434789081442418,30
"216","AC","Feijó",34884,10500.72,12002,"Tarauacá",1,"Norte",0,"120030",7,67,43,24,39,28,1,0,0,0,0,68,43,24,39,28,12,9.25919910522327,10.4597835503469,0.451478491271222,29
"217","AC","Plácido de Castro",19955,12926.47,12004,"Rio Branco",1,"Norte",0,"120038",2,37,21,16,19,18,0,0,0,0,0,37,21,16,19,18,10,9.46703242598495,9.90123501748283,0.316552868673336,29
"218","AC","Plácido de Castro",19955,12926.47,12004,"Rio Branco",1,"Norte",0,"120038",3,30,14,16,18,12,0,0,0,0,0,30,14,16,18,12,6,9.46703242598495,9.90123501748283,0.391762127132903,31
"219","AC","Plácido de Castro",19955,12926.47,12004,"Rio Branco",1,"Norte",0,"120038",4,19,10,9,9,10,0,0,0,0,0,19,10,9,9,10,8,9.46703242598495,9.90123501748283,0.450309865338551,30
"220","AC","Plácido de Castro",19955,12926.47,12004,"Rio Branco",1,"Norte",0,"120038",5,22,12,10,9,13,0,0,0,0,0,22,12,10,9,13,6,9.46703242598495,9.90123501748283,0.473276996077043,31
"221","AC","Plácido de Castro",19955,12926.47,12004,"Rio Branco",1,"Norte",0,"120038",6,26,9,17,16,10,0,0,0,0,0,26,9,17,16,10,10,9.46703242598495,9.90123501748283,0.415825360187781,30
"222","AC","Plácido de Castro",19955,12926.47,12004,"Rio Branco",1,"Norte",0,"120038",7,21,9,12,10,11,1,0,0,0,0,22,9,12,10,11,10,9.46703242598495,9.90123501748283,0.442491376432665,29
"223","AC","Rio Branco",413418,22287.7,12004,"Rio Branco",1,"Norte",1,"120040",2,784,210,574,341,443,4,0,0,0,0,788,210,574,341,443,175,10.0117902357711,12.9322144666462,0.333779128808831,29
"224","AC","Rio Branco",413418,22287.7,12004,"Rio Branco",1,"Norte",1,"120040",3,597,132,465,232,365,6,0,0,0,0,603,132,465,232,365,189,10.0117902357711,12.9322144666462,0.437916550192601,31
"225","AC","Rio Branco",413418,22287.7,12004,"Rio Branco",1,"Norte",1,"120040",4,426,127,299,177,249,6,0,0,0,0,432,127,299,177,249,178,10.0117902357711,12.9322144666462,0.492587414095601,30
"226","AC","Rio Branco",413418,22287.7,12004,"Rio Branco",1,"Norte",1,"120040",5,400,107,293,176,224,3,0,0,0,0,403,107,293,176,224,352,10.0117902357711,12.9322144666462,0.494399780774378,31
"227","AC","Rio Branco",413418,22287.7,12004,"Rio Branco",1,"Norte",1,"120040",6,505,136,369,209,296,6,0,0,0,0,511,136,369,209,296,316,10.0117902357711,12.9322144666462,0.449694183880728,30
"228","AC","Rio Branco",413418,22287.7,12004,"Rio Branco",1,"Norte",1,"120040",7,506,125,381,222,284,7,0,0,0,0,513,125,381,222,284,229,10.0117902357711,12.9322144666462,0.442097584381124,29
"229","AC","Senador Guiomard",23236,16360.61,12004,"Rio Branco",1,"Norte",0,"120045",2,57,22,35,30,27,0,0,0,0,0,57,22,35,30,27,4,9.7026318955252,10.0534580791124,0.34466456392792,29
"230","AC","Senador Guiomard",23236,16360.61,12004,"Rio Branco",1,"Norte",0,"120045",3,47,18,29,23,24,0,0,0,0,0,47,18,29,23,24,8,9.7026318955252,10.0534580791124,0.435728294877038,31
"231","AC","Senador Guiomard",23236,16360.61,12004,"Rio Branco",1,"Norte",0,"120045",4,31,12,19,19,12,2,0,0,0,0,33,12,19,19,12,9,9.7026318955252,10.0534580791124,0.479047853185034,30
"232","AC","Senador Guiomard",23236,16360.61,12004,"Rio Branco",1,"Norte",0,"120045",5,38,12,26,15,23,0,0,0,0,0,38,12,26,15,23,10,9.7026318955252,10.0534580791124,0.486610509283062,31
"233","AC","Senador Guiomard",23236,16360.61,12004,"Rio Branco",1,"Norte",0,"120045",6,38,15,23,16,22,0,0,0,0,0,38,15,23,16,22,19,9.7026318955252,10.0534580791124,0.454405708670669,30
"234","AC","Senador Guiomard",23236,16360.61,12004,"Rio Branco",1,"Norte",0,"120045",7,27,7,20,6,21,0,0,0,0,0,27,7,20,6,21,18,9.7026318955252,10.0534580791124,0.460836071330599,29
"235","AC","Sena Madureira",46511,11475.22,12003,"Sena Madureira",1,"Norte",0,"120050",2,38,15,23,29,9,0,0,0,0,0,38,15,23,29,9,17,9.34794520685825,10.7474441227395,0.319604307306778,29
"236","AC","Sena Madureira",46511,11475.22,12003,"Sena Madureira",1,"Norte",0,"120050",3,40,23,17,17,23,0,0,0,0,0,40,23,17,17,23,16,9.34794520685825,10.7474441227395,0.404438493304436,31
"237","AC","Sena Madureira",46511,11475.22,12003,"Sena Madureira",1,"Norte",0,"120050",4,52,22,30,34,18,0,0,0,0,0,52,22,30,34,18,25,9.34794520685825,10.7474441227395,0.442155085981083,30
"238","AC","Sena Madureira",46511,11475.22,12003,"Sena Madureira",1,"Norte",0,"120050",5,24,13,11,9,15,0,0,0,0,0,24,13,11,9,15,19,9.34794520685825,10.7474441227395,0.448366305918097,31
"239","AC","Sena Madureira",46511,11475.22,12003,"Sena Madureira",1,"Norte",0,"120050",6,19,9,10,5,14,1,0,0,0,0,20,9,10,5,14,12,9.34794520685825,10.7474441227395,0.410820323719285,30
"240","AC","Sena Madureira",46511,11475.22,12003,"Sena Madureira",1,"Norte",0,"120050",7,16,9,7,9,7,0,0,0,0,0,16,9,7,9,7,21,9.34794520685825,10.7474441227395,0.403046541429623,29
"241","AC","Tarauacá",43151,11645.35,12002,"Tarauacá",1,"Norte",0,"120060",2,151,80,71,89,62,2,0,0,0,0,153,80,71,89,62,13,9.36266223768472,10.6724608712141,0.28493216399017,29
"242","AC","Tarauacá",43151,11645.35,12002,"Tarauacá",1,"Norte",0,"120060",3,137,89,48,82,55,3,0,0,0,0,140,89,48,82,55,29,9.36266223768472,10.6724608712141,0.365612132358222,31
"243","AC","Tarauacá",43151,11645.35,12002,"Tarauacá",1,"Norte",0,"120060",4,92,52,40,61,31,0,0,0,0,0,92,52,40,61,31,13,9.36266223768472,10.6724608712141,0.425617532668442,30
"244","AC","Tarauacá",43151,11645.35,12002,"Tarauacá",1,"Norte",0,"120060",5,82,49,33,55,27,3,0,0,0,0,85,49,33,55,27,7,9.36266223768472,10.6724608712141,0.456543238150129,31
"245","AC","Tarauacá",43151,11645.35,12002,"Tarauacá",1,"Norte",0,"120060",6,85,48,37,57,28,1,0,0,0,0,86,48,37,57,28,19,9.36266223768472,10.6724608712141,0.426417995982312,30
"246","AC","Tarauacá",43151,11645.35,12002,"Tarauacá",1,"Norte",0,"120060",7,107,66,41,74,33,1,0,0,0,0,108,66,41,74,33,21,9.36266223768472,10.6724608712141,0.400855164464469,29
"247","AC","Xapuri",19596,12553.21,12005,"Brasiléia",1,"Norte",0,"120070",2,42,19,23,25,17,0,0,0,0,0,42,19,23,25,17,5,9.43773168874703,9.88308074275847,0.277344778476483,29
"248","AC","Xapuri",19596,12553.21,12005,"Brasiléia",1,"Norte",0,"120070",3,39,17,22,19,20,0,0,0,0,0,39,17,22,19,20,7,9.43773168874703,9.88308074275847,0.407957256208128,31
"249","AC","Xapuri",19596,12553.21,12005,"Brasiléia",1,"Norte",0,"120070",4,28,11,17,15,13,0,0,0,0,0,28,11,17,15,13,3,9.43773168874703,9.88308074275847,0.468961209204499,30
"250","AC","Xapuri",19596,12553.21,12005,"Brasiléia",1,"Norte",0,"120070",5,31,12,19,14,17,0,0,0,0,0,31,12,19,14,17,10,9.43773168874703,9.88308074275847,0.469400025933348,31
"251","AC","Xapuri",19596,12553.21,12005,"Brasiléia",1,"Norte",0,"120070",6,26,19,7,13,13,0,0,0,0,0,26,19,7,13,13,7,9.43773168874703,9.88308074275847,0.455072180060347,30
"252","AC","Xapuri",19596,12553.21,12005,"Brasiléia",1,"Norte",0,"120070",7,33,18,15,21,12,1,0,0,0,0,34,18,15,21,12,6,9.43773168874703,9.88308074275847,0.448385918623429,29
"253","AC","Porto Acre",18824,12855.64,12004,"Rio Branco",1,"Norte",0,"120080",2,66,32,34,36,30,1,0,0,0,0,67,32,34,36,30,12,9.46153790453616,9.8428879304072,0.350547671515036,29
"254","AC","Porto Acre",18824,12855.64,12004,"Rio Branco",1,"Norte",0,"120080",3,32,13,19,14,18,0,0,0,0,0,32,13,19,14,18,10,9.46153790453616,9.8428879304072,0.435101089812198,31
"255","AC","Porto Acre",18824,12855.64,12004,"Rio Branco",1,"Norte",0,"120080",4,27,11,16,21,6,0,0,0,0,0,27,11,16,21,6,8,9.46153790453616,9.8428879304072,0.488111978503506,30
"256","AC","Porto Acre",18824,12855.64,12004,"Rio Branco",1,"Norte",0,"120080",5,29,12,17,21,8,1,0,0,0,0,30,12,17,21,8,15,9.46153790453616,9.8428879304072,0.483829148436519,31
"257","AC","Porto Acre",18824,12855.64,12004,"Rio Branco",1,"Norte",0,"120080",6,28,7,21,8,20,0,0,0,0,0,28,7,21,8,20,9,9.46153790453616,9.8428879304072,0.467898819189497,30
"258","AC","Porto Acre",18824,12855.64,12004,"Rio Branco",1,"Norte",0,"120080",7,33,11,22,17,16,0,0,0,0,0,33,11,22,17,16,14,9.46153790453616,9.8428879304072,0.452536413461106,29
"259","AM","Anori",21477,10626.79,13006,"Coari",1,"Norte",0,"130010",2,43,22,21,28,15,0,0,0,0,0,43,22,21,28,15,4,9.27113345019128,9.97473787406429,0.306183960348118,29
"260","AM","Anori",21477,10626.79,13006,"Coari",1,"Norte",0,"130010",3,31,12,19,22,9,0,0,0,0,0,31,12,19,22,9,4,9.27113345019128,9.97473787406429,0.399510757709311,31
"261","AM","Anori",21477,10626.79,13006,"Coari",1,"Norte",0,"130010",4,14,4,10,8,6,0,0,0,0,0,14,4,10,8,6,2,9.27113345019128,9.97473787406429,0.466901439869663,30
"262","AM","Anori",21477,10626.79,13006,"Coari",1,"Norte",0,"130010",5,22,8,14,15,7,0,0,0,0,0,22,8,14,15,7,12,9.27113345019128,9.97473787406429,0.413211019296618,31
"263","AM","Anori",21477,10626.79,13006,"Coari",1,"Norte",0,"130010",6,18,6,12,11,7,1,0,0,0,0,19,6,12,11,7,10,9.27113345019128,9.97473787406429,0.390425897060214,30
"264","AM","Anori",21477,10626.79,13006,"Coari",1,"Norte",0,"130010",7,5,2,3,3,2,1,0,0,0,0,6,2,3,3,2,8,9.27113345019128,9.97473787406429,0.404742019370231,29
"265","AM","Autazes",40290,9196.44,13007,"Manaus",1,"Norte",0,"130030",2,151,68,83,89,62,0,0,0,0,0,151,68,83,89,62,11,9.1265717316284,10.6038585781854,0.310748432218744,29
"266","AM","Autazes",40290,9196.44,13007,"Manaus",1,"Norte",0,"130030",3,149,60,89,92,57,0,0,0,0,0,149,60,89,92,57,18,9.1265717316284,10.6038585781854,0.396485337421486,31
"267","AM","Autazes",40290,9196.44,13007,"Manaus",1,"Norte",0,"130030",4,67,27,40,44,23,2,0,0,0,0,69,27,40,44,23,23,9.1265717316284,10.6038585781854,0.463745631660714,30
"268","AM","Autazes",40290,9196.44,13007,"Manaus",1,"Norte",0,"130030",5,73,23,50,45,28,1,0,0,0,0,74,23,50,45,28,28,9.1265717316284,10.6038585781854,0.479499717477216,31
"269","AM","Autazes",40290,9196.44,13007,"Manaus",1,"Norte",0,"130030",6,77,37,40,47,30,0,0,0,0,0,77,37,40,47,30,18,9.1265717316284,10.6038585781854,0.419255283941581,30
"270","AM","Autazes",40290,9196.44,13007,"Manaus",1,"Norte",0,"130030",7,81,34,47,49,32,2,0,0,0,0,83,34,47,49,32,14,9.1265717316284,10.6038585781854,0.434850196799028,29
"271","AM","Barcelos",27638,6145.96,13001,"Rio Negro",1,"Norte",0,"130040",2,51,21,30,28,23,0,0,0,0,0,51,21,30,28,23,7,8.72355023437117,10.2269469163634,0.339450086479915,29
"272","AM","Barcelos",27638,6145.96,13001,"Rio Negro",1,"Norte",0,"130040",3,50,26,24,28,22,0,0,0,0,0,50,26,24,28,22,5,8.72355023437117,10.2269469163634,0.400977172617127,31
"273","AM","Barcelos",27638,6145.96,13001,"Rio Negro",1,"Norte",0,"130040",4,56,32,24,30,26,0,0,0,0,0,56,32,24,30,26,6,8.72355023437117,10.2269469163634,0.476725012580951,30
"274","AM","Barcelos",27638,6145.96,13001,"Rio Negro",1,"Norte",0,"130040",5,46,29,17,30,16,0,0,0,0,0,46,29,17,30,16,22,8.72355023437117,10.2269469163634,0.580889824265037,31
"275","AM","Barcelos",27638,6145.96,13001,"Rio Negro",1,"Norte",0,"130040",6,43,24,19,26,17,0,0,0,0,0,43,24,19,26,17,18,8.72355023437117,10.2269469163634,0.459257420317192,30
"276","AM","Barcelos",27638,6145.96,13001,"Rio Negro",1,"Norte",0,"130040",7,49,31,18,29,20,0,0,0,0,0,49,31,18,29,20,6,8.72355023437117,10.2269469163634,0.414154916195997,29
"277","AM","Beruri",20093,7868.69,13006,"Coari",1,"Norte",0,"130063",2,82,50,32,50,32,0,0,0,0,0,82,50,32,50,32,3,8.9706468726643,9.90812677468455,0.291575702486391,29
"278","AM","Beruri",20093,7868.69,13006,"Coari",1,"Norte",0,"130063",3,69,34,35,39,30,2,0,0,0,0,71,34,35,39,30,4,8.9706468726643,9.90812677468455,0.360296929884661,31
"279","AM","Beruri",20093,7868.69,13006,"Coari",1,"Norte",0,"130063",4,48,26,22,29,19,2,0,0,0,0,50,26,22,29,19,7,8.9706468726643,9.90812677468455,0.421584118833657,30
"280","AM","Beruri",20093,7868.69,13006,"Coari",1,"Norte",0,"130063",5,37,27,10,25,12,1,0,0,0,0,38,27,10,25,12,13,8.9706468726643,9.90812677468455,0.499865284233169,31
"281","AM","Beruri",20093,7868.69,13006,"Coari",1,"Norte",0,"130063",6,52,24,28,32,20,1,0,0,0,0,53,24,28,32,20,5,8.9706468726643,9.90812677468455,0.457040870390009,30
"282","AM","Beruri",20093,7868.69,13006,"Coari",1,"Norte",0,"130063",7,50,30,20,30,20,1,0,0,0,0,51,30,20,30,20,9,8.9706468726643,9.90812677468455,0.446612214490894,29
"283","AM","Boca do Acre",34635,12248.29,13011,"Boca do Acre",1,"Norte",0,"130070",2,101,52,49,68,33,1,0,0,0,0,102,52,49,68,33,14,9.41314161439229,10.4526200104567,0.353322581875452,29
"284","AM","Boca do Acre",34635,12248.29,13011,"Boca do Acre",1,"Norte",0,"130070",3,64,35,29,33,31,2,0,0,0,0,66,35,29,33,31,22,9.41314161439229,10.4526200104567,0.429913642072024,31
"285","AM","Boca do Acre",34635,12248.29,13011,"Boca do Acre",1,"Norte",0,"130070",4,47,21,26,34,13,1,0,0,0,0,48,21,26,34,13,13,9.41314161439229,10.4526200104567,0.488139702907873,30
"286","AM","Boca do Acre",34635,12248.29,13011,"Boca do Acre",1,"Norte",0,"130070",5,66,32,34,35,31,1,0,0,0,0,67,32,34,35,31,21,9.41314161439229,10.4526200104567,0.506974905257307,31
"287","AM","Boca do Acre",34635,12248.29,13011,"Boca do Acre",1,"Norte",0,"130070",6,50,27,23,26,24,1,0,0,0,0,51,27,23,26,24,18,9.41314161439229,10.4526200104567,0.459901805901837,30
"288","AM","Boca do Acre",34635,12248.29,13011,"Boca do Acre",1,"Norte",0,"130070",7,48,24,24,28,20,1,0,0,0,0,49,24,24,28,20,13,9.41314161439229,10.4526200104567,0.459929360243339,29
"289","AM","Borba",41748,7487.09,13013,"Madeira",1,"Norte",0,"130080",2,119,48,71,79,40,0,0,0,0,0,119,48,71,79,40,10,8.92093548299455,10.6394068249399,0.322123736338795,29
"290","AM","Borba",41748,7487.09,13013,"Madeira",1,"Norte",0,"130080",3,101,51,50,63,38,1,0,0,0,0,102,51,50,63,38,8,8.92093548299455,10.6394068249399,0.417835300759318,31
"291","AM","Borba",41748,7487.09,13013,"Madeira",1,"Norte",0,"130080",4,66,26,40,41,25,0,0,0,0,0,66,26,40,41,25,7,8.92093548299455,10.6394068249399,0.50701654009241,30
"292","AM","Borba",41748,7487.09,13013,"Madeira",1,"Norte",0,"130080",5,69,40,29,42,27,1,0,0,0,0,70,40,29,42,27,31,8.92093548299455,10.6394068249399,0.533318692956931,31
"293","AM","Borba",41748,7487.09,13013,"Madeira",1,"Norte",0,"130080",6,76,32,44,49,27,0,0,0,0,0,76,32,44,49,27,13,8.92093548299455,10.6394068249399,0.434342339169009,30
"294","AM","Borba",41748,7487.09,13013,"Madeira",1,"Norte",0,"130080",7,59,26,33,36,23,1,0,0,0,0,60,26,33,36,23,16,8.92093548299455,10.6394068249399,0.41455944843889,29
"295","AM","Careiro",38348,8414.97,13007,"Manaus",1,"Norte",0,"130110",2,90,36,54,35,55,0,0,0,0,0,90,36,54,35,55,10,9.03776754155616,10.5544576541969,0.333741314999185,29
"296","AM","Careiro",38348,8414.97,13007,"Manaus",1,"Norte",0,"130110",3,45,18,27,22,23,1,0,0,0,0,46,18,27,22,23,14,9.03776754155616,10.5544576541969,0.39723274759393,31
"297","AM","Careiro",38348,8414.97,13007,"Manaus",1,"Norte",0,"130110",4,44,13,31,26,18,0,0,0,0,0,44,13,31,26,18,21,9.03776754155616,10.5544576541969,0.462357053948193,30
"298","AM","Careiro",38348,8414.97,13007,"Manaus",1,"Norte",0,"130110",5,37,15,22,26,11,0,0,0,0,0,37,15,22,26,11,19,9.03776754155616,10.5544576541969,0.494038168065194,31
"299","AM","Careiro",38348,8414.97,13007,"Manaus",1,"Norte",0,"130110",6,53,23,30,34,19,0,0,0,0,0,53,23,30,34,19,14,9.03776754155616,10.5544576541969,0.448749468022825,30
"300","AM","Careiro",38348,8414.97,13007,"Manaus",1,"Norte",0,"130110",7,52,24,28,29,23,1,0,0,0,0,53,24,28,29,23,14,9.03776754155616,10.5544576541969,0.44485519946776,29
"301","AM","Careiro da Várzea",30846,11396.04,13007,"Manaus",1,"Norte",0,"130115",2,30,8,22,13,17,0,0,0,0,0,30,8,22,13,17,10,9.34102120561515,10.3367623612836,0.32497978497407,29
"302","AM","Careiro da Várzea",30846,11396.04,13007,"Manaus",1,"Norte",0,"130115",3,17,5,12,6,11,0,0,0,0,0,17,5,12,6,11,4,9.34102120561515,10.3367623612836,0.422137009722875,31
"303","AM","Careiro da Várzea",30846,11396.04,13007,"Manaus",1,"Norte",0,"130115",4,14,5,9,7,7,1,0,0,0,0,15,5,9,7,7,11,9.34102120561515,10.3367623612836,0.526662998022826,30
"304","AM","Careiro da Várzea",30846,11396.04,13007,"Manaus",1,"Norte",0,"130115",5,25,10,15,13,12,0,0,0,0,0,25,10,15,13,12,3,9.34102120561515,10.3367623612836,0.566417096949328,31
"305","AM","Careiro da Várzea",30846,11396.04,13007,"Manaus",1,"Norte",0,"130115",6,23,12,11,9,14,0,0,0,0,0,23,12,11,9,14,13,9.34102120561515,10.3367623612836,0.511733365390415,30
"306","AM","Careiro da Várzea",30846,11396.04,13007,"Manaus",1,"Norte",0,"130115",7,20,8,12,6,14,0,0,0,0,0,20,8,12,6,14,4,9.34102120561515,10.3367623612836,0.544470285270207,29
"307","AM","Coari",85910,23921.53,13006,"Coari",1,"Norte",1,"130120",2,227,96,131,135,92,0,0,0,0,0,227,96,131,135,92,28,10.0825341692297,11.3610555156321,0.348330254649053,29
"308","AM","Coari",85910,23921.53,13006,"Coari",1,"Norte",1,"130120",3,272,123,149,150,122,2,0,0,0,0,274,123,149,150,122,24,10.0825341692297,11.3610555156321,0.409160896072735,31
"309","AM","Coari",85910,23921.53,13006,"Coari",1,"Norte",1,"130120",4,121,64,57,75,46,1,0,0,0,0,122,64,57,75,46,41,10.0825341692297,11.3610555156321,0.482579909661506,30
"310","AM","Coari",85910,23921.53,13006,"Coari",1,"Norte",1,"130120",5,143,64,79,90,53,1,0,0,0,0,144,64,79,90,53,103,10.0825341692297,11.3610555156321,0.505492591034575,31
"311","AM","Coari",85910,23921.53,13006,"Coari",1,"Norte",1,"130120",6,149,63,86,91,58,3,0,0,0,0,152,63,86,91,58,40,10.0825341692297,11.3610555156321,0.434135908505967,30
"312","AM","Coari",85910,23921.53,13006,"Coari",1,"Norte",1,"130120",7,149,73,76,90,59,3,0,0,0,0,152,73,76,90,59,32,10.0825341692297,11.3610555156321,0.452439156679795,29
"313","AM","Humaitá",56144,11521.07,13013,"Madeira",1,"Norte",1,"130170",2,156,62,94,87,69,1,0,0,0,0,157,62,94,87,69,18,9.35193281188107,10.935675097823,0.303116354938608,29
"314","AM","Humaitá",56144,11521.07,13013,"Madeira",1,"Norte",1,"130170",3,158,60,98,83,75,1,0,0,0,0,159,60,98,83,75,22,9.35193281188107,10.935675097823,0.361985234272097,31
"315","AM","Humaitá",56144,11521.07,13013,"Madeira",1,"Norte",1,"130170",4,95,48,47,58,37,2,0,0,0,0,97,48,47,58,37,11,9.35193281188107,10.935675097823,0.42890399062401,30
"316","AM","Humaitá",56144,11521.07,13013,"Madeira",1,"Norte",1,"130170",5,101,44,57,53,48,3,0,0,0,0,104,44,57,53,48,17,9.35193281188107,10.935675097823,0.420314949303331,31
"317","AM","Humaitá",56144,11521.07,13013,"Madeira",1,"Norte",1,"130170",6,92,36,56,44,48,2,0,0,0,0,94,36,56,44,48,29,9.35193281188107,10.935675097823,0.42477297656831,30
"318","AM","Humaitá",56144,11521.07,13013,"Madeira",1,"Norte",1,"130170",7,75,25,50,36,39,1,0,0,0,0,76,25,50,36,39,65,9.35193281188107,10.935675097823,0.424241446426848,29
"319","AM","Iranduba",49011,14276.35,13007,"Manaus",1,"Norte",0,"130185",2,124,51,73,70,54,1,0,0,0,0,125,51,73,70,54,19,9.56635960098086,10.7998000416946,0.3200874116886,29
"320","AM","Iranduba",49011,14276.35,13007,"Manaus",1,"Norte",0,"130185",3,79,32,47,44,35,1,0,0,0,0,80,32,47,44,35,10,9.56635960098086,10.7998000416946,0.405179454342616,31
"321","AM","Iranduba",49011,14276.35,13007,"Manaus",1,"Norte",0,"130185",4,58,22,36,31,27,0,0,0,0,0,58,22,36,31,27,43,9.56635960098086,10.7998000416946,0.500169697998253,30
"322","AM","Iranduba",49011,14276.35,13007,"Manaus",1,"Norte",0,"130185",5,85,27,58,45,40,4,0,0,0,0,89,27,58,45,40,63,9.56635960098086,10.7998000416946,0.462817464470757,31
"323","AM","Iranduba",49011,14276.35,13007,"Manaus",1,"Norte",0,"130185",6,89,32,57,49,40,1,0,0,0,0,90,32,57,49,40,31,9.56635960098086,10.7998000416946,0.410036287731364,30
"324","AM","Iranduba",49011,14276.35,13007,"Manaus",1,"Norte",0,"130185",7,75,24,51,45,30,1,0,0,0,0,76,24,51,45,30,22,9.56635960098086,10.7998000416946,0.409782219270127,29
"325","AM","Itacoatiara",102701,18818.5,13009,"Itacoatiara",1,"Norte",1,"130190",2,314,91,223,156,158,1,0,0,0,0,315,91,223,156,158,40,9.84259570751875,11.5395771329676,0.277566065648203,29
"326","AM","Itacoatiara",102701,18818.5,13009,"Itacoatiara",1,"Norte",1,"130190",3,292,80,212,137,155,3,0,0,0,0,295,80,212,137,155,38,9.84259570751875,11.5395771329676,0.380619883802556,31
"327","AM","Itacoatiara",102701,18818.5,13009,"Itacoatiara",1,"Norte",1,"130190",4,156,38,118,86,70,1,0,0,0,0,157,38,118,86,70,61,9.84259570751875,11.5395771329676,0.471589527526818,30
"328","AM","Itacoatiara",102701,18818.5,13009,"Itacoatiara",1,"Norte",1,"130190",5,176,52,124,99,77,2,0,0,0,0,178,52,124,99,77,103,9.84259570751875,11.5395771329676,0.463527205941186,31
"329","AM","Itacoatiara",102701,18818.5,13009,"Itacoatiara",1,"Norte",1,"130190",6,174,51,123,98,76,4,0,0,0,0,178,51,123,98,76,56,9.84259570751875,11.5395771329676,0.400597843741179,30
"330","AM","Itacoatiara",102701,18818.5,13009,"Itacoatiara",1,"Norte",1,"130190",7,175,54,121,94,81,2,0,0,0,0,177,54,121,94,81,44,9.84259570751875,11.5395771329676,0.39176672706575,29
"331","AM","Itapiranga",9230,12126.8,13009,"Itacoatiara",1,"Norte",0,"130200",2,26,4,22,17,9,0,0,0,0,0,26,4,22,17,9,4,9.40317315839578,9.1302143274969,0.318357901409705,29
"332","AM","Itapiranga",9230,12126.8,13009,"Itacoatiara",1,"Norte",0,"130200",3,35,6,29,16,19,0,0,0,0,0,35,6,29,16,19,1,9.40317315839578,9.1302143274969,0.400327800062747,31
"333","AM","Itapiranga",9230,12126.8,13009,"Itacoatiara",1,"Norte",0,"130200",4,10,2,8,7,3,0,0,0,0,0,10,2,8,7,3,5,9.40317315839578,9.1302143274969,0.444418427565203,30
"334","AM","Itapiranga",9230,12126.8,13009,"Itacoatiara",1,"Norte",0,"130200",5,14,5,9,8,6,1,0,0,0,0,15,5,9,8,6,8,9.40317315839578,9.1302143274969,0.431568724294568,31
"335","AM","Itapiranga",9230,12126.8,13009,"Itacoatiara",1,"Norte",0,"130200",6,22,9,13,13,9,0,0,0,0,0,22,9,13,13,9,7,9.40317315839578,9.1302143274969,0.364543718154527,30
"336","AM","Itapiranga",9230,12126.8,13009,"Itacoatiara",1,"Norte",0,"130200",7,14,4,10,7,7,0,0,0,0,0,14,4,10,7,7,2,9.40317315839578,9.1302143274969,0.336762966885175,29
"337","AM","Lábrea",46882,10941.94,13012,"Purus",1,"Norte",0,"130240",2,118,54,64,72,46,0,0,0,0,0,118,54,64,72,46,12,9.3003583911505,10.7553890854569,0.325075064671648,29
"338","AM","Lábrea",46882,10941.94,13012,"Purus",1,"Norte",0,"130240",3,112,51,61,67,45,0,0,0,0,0,112,51,61,67,45,19,9.3003583911505,10.7553890854569,0.410791056299774,31
"339","AM","Lábrea",46882,10941.94,13012,"Purus",1,"Norte",0,"130240",4,69,32,37,43,26,0,0,0,0,0,69,32,37,43,26,12,9.3003583911505,10.7553890854569,0.476636535590686,30
"340","AM","Lábrea",46882,10941.94,13012,"Purus",1,"Norte",0,"130240",5,70,33,37,44,26,1,0,0,0,0,71,33,37,44,26,20,9.3003583911505,10.7553890854569,0.467732469288181,31
"341","AM","Lábrea",46882,10941.94,13012,"Purus",1,"Norte",0,"130240",6,65,26,39,42,23,1,0,0,0,0,66,26,39,42,23,26,9.3003583911505,10.7553890854569,0.491336685393259,30
"342","AM","Lábrea",46882,10941.94,13012,"Purus",1,"Norte",0,"130240",7,74,38,36,42,32,1,0,0,0,0,75,38,36,42,32,17,9.3003583911505,10.7553890854569,0.483881929278847,29
"343","AM","Manacapuru",98502,14839.87,13007,"Manaus",1,"Norte",1,"130250",2,326,106,220,173,153,3,0,0,0,0,329,106,220,173,153,42,9.60507275657518,11.4978321315226,0.315890701778199,29
"344","AM","Manacapuru",98502,14839.87,13007,"Manaus",1,"Norte",1,"130250",3,323,111,212,181,142,1,0,0,0,0,324,111,212,181,142,30,9.60507275657518,11.4978321315226,0.397606706766636,31
"345","AM","Manacapuru",98502,14839.87,13007,"Manaus",1,"Norte",1,"130250",4,196,79,117,94,102,0,0,0,0,0,196,79,117,94,102,79,9.60507275657518,11.4978321315226,0.494318728015803,30
"346","AM","Manacapuru",98502,14839.87,13007,"Manaus",1,"Norte",1,"130250",5,201,71,130,100,101,1,0,0,0,0,202,71,130,100,101,108,9.60507275657518,11.4978321315226,0.457188040417288,31
"347","AM","Manacapuru",98502,14839.87,13007,"Manaus",1,"Norte",1,"130250",6,196,69,127,109,87,1,0,0,0,0,197,69,127,109,87,60,9.60507275657518,11.4978321315226,0.405126409898212,30
"348","AM","Manacapuru",98502,14839.87,13007,"Manaus",1,"Norte",1,"130250",7,186,81,105,107,79,1,0,0,0,0,187,81,105,107,79,50,9.60507275657518,11.4978321315226,0.418357132581578,29
"349","AM","Manaquiri",33049,8834.03,13007,"Manaus",1,"Norte",0,"130255",2,33,11,22,21,12,0,0,0,0,0,33,11,22,21,12,5,9.08636658812082,10.405746587636,0.286864715503603,29
"350","AM","Manaquiri",33049,8834.03,13007,"Manaus",1,"Norte",0,"130255",3,31,8,23,20,11,1,0,0,0,0,32,8,23,20,11,6,9.08636658812082,10.405746587636,0.372290741234454,31
"351","AM","Manaquiri",33049,8834.03,13007,"Manaus",1,"Norte",0,"130255",4,20,7,13,9,11,0,0,0,0,0,20,7,13,9,11,8,9.08636658812082,10.405746587636,0.482413464264983,30
"352","AM","Manaquiri",33049,8834.03,13007,"Manaus",1,"Norte",0,"130255",5,27,7,20,13,14,0,0,0,0,0,27,7,20,13,14,11,9.08636658812082,10.405746587636,0.44703825098012,31
"353","AM","Manaquiri",33049,8834.03,13007,"Manaus",1,"Norte",0,"130255",6,20,9,11,14,6,0,0,0,0,0,20,9,11,14,6,17,9.08636658812082,10.405746587636,0.415090027786192,30
"354","AM","Manaquiri",33049,8834.03,13007,"Manaus",1,"Norte",0,"130255",7,18,7,11,12,6,0,0,0,0,0,18,7,11,12,6,8,9.08636658812082,10.405746587636,0.424189546896623,29
"355","AM","Manaus",2219580,36445.75,13007,"Manaus",1,"Norte",1,"130260",2,4698,1155,3543,2149,2549,26,0,0,0,0,4724,1155,3543,2149,2549,920,10.5035801325592,14.6128285467607,0.330203834221807,29
"356","AM","Manaus",2219580,36445.75,13007,"Manaus",1,"Norte",1,"130260",3,3340,754,2586,1482,1858,33,0,0,0,0,3373,754,2586,1482,1858,990,10.5035801325592,14.6128285467607,0.428987368721834,31
"357","AM","Manaus",2219580,36445.75,13007,"Manaus",1,"Norte",1,"130260",4,2777,632,2145,1236,1541,34,0,0,0,0,2811,632,2145,1236,1541,2947,10.5035801325592,14.6128285467607,0.531817799721067,30
"358","AM","Manaus",2219580,36445.75,13007,"Manaus",1,"Norte",1,"130260",5,3078,688,2390,1346,1732,39,0,0,0,0,3117,688,2390,1346,1732,2214,10.5035801325592,14.6128285467607,0.480108244805488,31
"359","AM","Manaus",2219580,36445.75,13007,"Manaus",1,"Norte",1,"130260",6,3006,655,2351,1320,1686,40,0,0,0,0,3046,655,2351,1320,1686,1016,10.5035801325592,14.6128285467607,0.419267830905756,30
"360","AM","Manaus",2219580,36445.75,13007,"Manaus",1,"Norte",1,"130260",7,3134,678,2456,1319,1815,35,0,0,0,0,3169,678,2456,1319,1815,956,10.5035801325592,14.6128285467607,0.413158170575724,29
"361","AM","Manicoré",56583,9633.66,13013,"Madeira",1,"Norte",0,"130270",2,149,63,86,79,70,0,0,0,0,0,149,63,86,79,70,13,9.17301849489208,10.9434638657193,0.313908053993124,29
"362","AM","Manicoré",56583,9633.66,13013,"Madeira",1,"Norte",0,"130270",3,169,81,88,103,66,2,0,0,0,0,171,81,88,103,66,10,9.17301849489208,10.9434638657193,0.405874033168848,31
"363","AM","Manicoré",56583,9633.66,13013,"Madeira",1,"Norte",0,"130270",4,85,38,47,54,31,0,0,0,0,0,85,38,47,54,31,16,9.17301849489208,10.9434638657193,0.423906293189086,30
"364","AM","Manicoré",56583,9633.66,13013,"Madeira",1,"Norte",0,"130270",5,82,36,46,54,28,4,0,0,0,0,86,36,46,54,28,11,9.17301849489208,10.9434638657193,0.451851369129619,31
"365","AM","Manicoré",56583,9633.66,13013,"Madeira",1,"Norte",0,"130270",6,90,36,54,49,41,1,0,0,0,0,91,36,54,49,41,13,9.17301849489208,10.9434638657193,0.422845408463916,30
"366","AM","Manicoré",56583,9633.66,13013,"Madeira",1,"Norte",0,"130270",7,79,37,42,44,35,2,0,0,0,0,81,37,42,44,35,26,9.17301849489208,10.9434638657193,0.459935362029235,29
"367","AM","Maués",65040,7988.19,13010,"Parintins",1,"Norte",0,"130290",2,223,112,111,123,100,0,0,0,0,0,223,112,111,123,100,24,8.98571947993135,11.0827577442217,0.248918003820801,29
"368","AM","Maués",65040,7988.19,13010,"Parintins",1,"Norte",0,"130290",3,179,84,95,93,86,5,0,0,0,0,184,84,95,93,86,15,8.98571947993135,11.0827577442217,0.326638573147343,31
"369","AM","Maués",65040,7988.19,13010,"Parintins",1,"Norte",0,"130290",4,125,70,55,74,51,2,0,0,0,0,127,70,55,74,51,35,8.98571947993135,11.0827577442217,0.421673441873328,30
"370","AM","Maués",65040,7988.19,13010,"Parintins",1,"Norte",0,"130290",5,119,56,63,62,57,2,0,0,0,0,121,56,63,62,57,43,8.98571947993135,11.0827577442217,0.410758245087167,31
"371","AM","Maués",65040,7988.19,13010,"Parintins",1,"Norte",0,"130290",6,128,58,70,73,55,1,0,0,0,0,129,58,70,73,55,31,8.98571947993135,11.0827577442217,0.348906426748431,30
"372","AM","Maués",65040,7988.19,13010,"Parintins",1,"Norte",0,"130290",7,140,58,82,86,54,2,0,0,0,0,142,58,82,86,54,19,8.98571947993135,11.0827577442217,0.33632732348843,29
"373","AM","Nhamundá",21443,7250.55,13010,"Parintins",1,"Norte",0,"130300",2,55,19,36,29,26,1,0,0,0,0,56,19,36,29,26,10,8.8888326070403,9.97315353076923,0.33126539527856,29
"374","AM","Nhamundá",21443,7250.55,13010,"Parintins",1,"Norte",0,"130300",3,45,17,28,23,22,0,0,0,0,0,45,17,28,23,22,7,8.8888326070403,9.97315353076923,0.416717294766183,31
"375","AM","Nhamundá",21443,7250.55,13010,"Parintins",1,"Norte",0,"130300",4,26,9,17,10,16,0,0,0,0,0,26,9,17,10,16,2,8.8888326070403,9.97315353076923,0.457699396478176,30
"376","AM","Nhamundá",21443,7250.55,13010,"Parintins",1,"Norte",0,"130300",5,25,5,20,15,10,0,0,0,0,0,25,5,20,15,10,7,8.8888326070403,9.97315353076923,0.494120864481076,31
"377","AM","Nhamundá",21443,7250.55,13010,"Parintins",1,"Norte",0,"130300",6,36,9,27,18,18,0,0,0,0,0,36,9,27,18,18,6,8.8888326070403,9.97315353076923,0.379768165640183,30
"378","AM","Nhamundá",21443,7250.55,13010,"Parintins",1,"Norte",0,"130300",7,25,5,20,10,15,0,0,0,0,0,25,5,20,10,15,7,8.8888326070403,9.97315353076923,0.418013334084612,29
"379","AM","Nova Olinda do Norte",38026,6718.55,13009,"Itacoatiara",1,"Norte",0,"130310",2,102,44,58,53,49,1,0,0,0,0,103,44,58,53,49,6,8.81262763642515,10.5460254152695,0.319752359598046,29
"380","AM","Nova Olinda do Norte",38026,6718.55,13009,"Itacoatiara",1,"Norte",0,"130310",3,85,41,44,47,38,0,0,0,0,0,85,41,44,47,38,12,8.81262763642515,10.5460254152695,0.392748575518943,31
"381","AM","Nova Olinda do Norte",38026,6718.55,13009,"Itacoatiara",1,"Norte",0,"130310",4,54,28,26,34,20,1,0,0,0,0,55,28,26,34,20,8,8.81262763642515,10.5460254152695,0.453551063010261,30
"382","AM","Nova Olinda do Norte",38026,6718.55,13009,"Itacoatiara",1,"Norte",0,"130310",5,48,25,23,26,22,2,0,0,0,0,50,25,23,26,22,26,8.81262763642515,10.5460254152695,0.448326237837574,31
"383","AM","Nova Olinda do Norte",38026,6718.55,13009,"Itacoatiara",1,"Norte",0,"130310",6,49,27,22,36,13,0,0,0,0,0,49,27,22,36,13,31,8.81262763642515,10.5460254152695,0.393742216997402,30
"384","AM","Nova Olinda do Norte",38026,6718.55,13009,"Itacoatiara",1,"Norte",0,"130310",7,56,23,33,28,28,0,0,0,0,0,56,23,33,28,28,6,8.81262763642515,10.5460254152695,0.397711172549414,29
"385","AM","Novo Airão",19928,7168.78,13001,"Rio Negro",1,"Norte",0,"130320",2,54,24,30,30,24,0,0,0,0,0,54,24,30,30,24,4,8.87749076569892,9.89988105694202,0.32943258298017,29
"386","AM","Novo Airão",19928,7168.78,13001,"Rio Negro",1,"Norte",0,"130320",3,32,15,17,17,15,0,0,0,0,0,32,15,17,17,15,2,8.87749076569892,9.89988105694202,0.400563821240732,31
"387","AM","Novo Airão",19928,7168.78,13001,"Rio Negro",1,"Norte",0,"130320",4,14,9,5,4,10,0,0,0,0,0,14,9,5,4,10,13,8.87749076569892,9.89988105694202,0.468901608627586,30
"388","AM","Novo Airão",19928,7168.78,13001,"Rio Negro",1,"Norte",0,"130320",5,27,12,15,18,9,0,0,0,0,0,27,12,15,18,9,16,8.87749076569892,9.89988105694202,0.452704877201661,31
"389","AM","Novo Airão",19928,7168.78,13001,"Rio Negro",1,"Norte",0,"130320",6,24,11,13,13,11,0,0,0,0,0,24,11,13,13,11,4,8.87749076569892,9.89988105694202,0.372231052822598,30
"390","AM","Novo Airão",19928,7168.78,13001,"Rio Negro",1,"Norte",0,"130320",7,19,7,12,12,7,0,0,0,0,0,19,7,12,12,7,3,8.87749076569892,9.89988105694202,0.367102950750592,29
"391","AM","Parintins",115363,9890.96,13010,"Parintins",1,"Norte",1,"130340",2,305,57,248,173,132,2,0,0,0,0,307,57,248,173,132,28,9.19937648765119,11.6558389577285,0.252975157756642,29
"392","AM","Parintins",115363,9890.96,13010,"Parintins",1,"Norte",1,"130340",3,287,66,221,114,173,0,0,0,0,0,287,66,221,114,173,32,9.19937648765119,11.6558389577285,0.341902391775529,31
"393","AM","Parintins",115363,9890.96,13010,"Parintins",1,"Norte",1,"130340",4,154,43,111,84,70,0,0,0,0,0,154,43,111,84,70,47,9.19937648765119,11.6558389577285,0.441887989686988,30
"394","AM","Parintins",115363,9890.96,13010,"Parintins",1,"Norte",1,"130340",5,160,41,119,92,68,1,0,0,0,0,161,41,119,92,68,65,9.19937648765119,11.6558389577285,0.438927536893829,31
"395","AM","Parintins",115363,9890.96,13010,"Parintins",1,"Norte",1,"130340",6,141,28,113,78,63,3,0,0,0,0,144,28,113,78,63,53,9.19937648765119,11.6558389577285,0.377272658443879,30
"396","AM","Parintins",115363,9890.96,13010,"Parintins",1,"Norte",1,"130340",7,142,27,115,77,65,2,0,0,0,0,144,27,115,77,65,46,9.19937648765119,11.6558389577285,0.358166984242258,29
"397","AM","Presidente Figueiredo",37193,23264,13008,"Rio Preto da Eva",1,"Norte",0,"130353",2,70,28,42,39,31,3,0,0,0,0,73,28,42,39,31,13,10.0546623803332,10.5238758505116,0.310162781755762,29
"398","AM","Presidente Figueiredo",37193,23264,13008,"Rio Preto da Eva",1,"Norte",0,"130353",3,46,12,34,26,20,0,0,0,0,0,46,12,34,26,20,4,10.0546623803332,10.5238758505116,0.378837811564623,31
"399","AM","Presidente Figueiredo",37193,23264,13008,"Rio Preto da Eva",1,"Norte",0,"130353",4,52,14,38,22,30,0,0,0,0,0,52,14,38,22,30,18,10.0546623803332,10.5238758505116,0.454230467608217,30
"400","AM","Presidente Figueiredo",37193,23264,13008,"Rio Preto da Eva",1,"Norte",0,"130353",5,45,10,35,30,15,1,0,0,0,0,46,10,35,30,15,22,10.0546623803332,10.5238758505116,0.457466554425027,31
"401","AM","Presidente Figueiredo",37193,23264,13008,"Rio Preto da Eva",1,"Norte",0,"130353",6,57,21,36,23,34,2,0,0,0,0,59,21,36,23,34,14,10.0546623803332,10.5238758505116,0.411646009609442,30
"402","AM","Presidente Figueiredo",37193,23264,13008,"Rio Preto da Eva",1,"Norte",0,"130353",7,47,16,31,26,21,0,0,0,0,0,47,16,31,26,21,12,10.0546623803332,10.5238758505116,0.425974252985179,29
"403","AM","Rio Preto da Eva",34106,11769.8,13008,"Rio Preto da Eva",1,"Norte",0,"130356",2,52,22,30,21,31,1,0,0,0,0,53,22,30,21,31,9,9.37329220775651,10.4372286008729,0.298368757316284,29
"404","AM","Rio Preto da Eva",34106,11769.8,13008,"Rio Preto da Eva",1,"Norte",0,"130356",3,59,28,31,28,31,0,0,0,0,0,59,28,31,28,31,6,9.37329220775651,10.4372286008729,0.396393037360717,31
"405","AM","Rio Preto da Eva",34106,11769.8,13008,"Rio Preto da Eva",1,"Norte",0,"130356",4,38,17,21,26,12,0,0,0,0,0,38,17,21,26,12,19,9.37329220775651,10.4372286008729,0.469701185942674,30
"406","AM","Rio Preto da Eva",34106,11769.8,13008,"Rio Preto da Eva",1,"Norte",0,"130356",5,40,18,22,19,21,1,0,0,0,0,41,18,22,19,21,16,9.37329220775651,10.4372286008729,0.479636816408807,31
"407","AM","Rio Preto da Eva",34106,11769.8,13008,"Rio Preto da Eva",1,"Norte",0,"130356",6,26,12,14,15,11,1,0,0,0,0,27,12,14,15,11,13,9.37329220775651,10.4372286008729,0.401787269546733,30
"408","AM","Rio Preto da Eva",34106,11769.8,13008,"Rio Preto da Eva",1,"Norte",0,"130356",7,33,14,19,15,18,1,0,0,0,0,34,14,19,15,18,6,9.37329220775651,10.4372286008729,0.401314333761277,29
"409","AM","São Gabriel da Cachoeira",46303,7344.41,13001,"Rio Negro",1,"Norte",0,"130380",2,140,66,74,83,57,1,0,0,0,0,141,66,74,83,57,28,8.90169475862872,10.7429620327916,0.281766156092189,29
"410","AM","São Gabriel da Cachoeira",46303,7344.41,13001,"Rio Negro",1,"Norte",0,"130380",3,115,61,54,59,56,3,0,0,0,0,118,61,54,59,56,32,8.90169475862872,10.7429620327916,0.339095008980391,31
"411","AM","São Gabriel da Cachoeira",46303,7344.41,13001,"Rio Negro",1,"Norte",0,"130380",4,84,42,42,40,44,2,0,0,0,0,86,42,42,40,44,19,8.90169475862872,10.7429620327916,0.381474461448245,30
"412","AM","São Gabriel da Cachoeira",46303,7344.41,13001,"Rio Negro",1,"Norte",0,"130380",5,96,43,53,45,51,1,0,0,0,0,97,43,53,45,51,58,8.90169475862872,10.7429620327916,0.426005920950457,31
"413","AM","São Gabriel da Cachoeira",46303,7344.41,13001,"Rio Negro",1,"Norte",0,"130380",6,117,48,69,56,61,1,0,0,0,0,118,48,69,56,61,34,8.90169475862872,10.7429620327916,0.373214383696148,30
"414","AM","São Gabriel da Cachoeira",46303,7344.41,13001,"Rio Negro",1,"Norte",0,"130380",7,96,47,49,52,44,2,0,0,0,0,98,47,49,52,44,18,8.90169475862872,10.7429620327916,0.345082796301907,29
"415","AM","Tabatinga",67182,8274.57,13003,"Alto Solimões",1,"Norte",1,"130406",2,260,109,151,126,134,3,0,0,0,0,263,109,151,126,134,40,9.02094223514888,11.1151606334883,0.322618447787893,29
"416","AM","Tabatinga",67182,8274.57,13003,"Alto Solimões",1,"Norte",1,"130406",3,218,85,133,121,97,2,0,0,0,0,220,85,133,121,97,14,9.02094223514888,11.1151606334883,0.404678774180793,31
"417","AM","Tabatinga",67182,8274.57,13003,"Alto Solimões",1,"Norte",1,"130406",4,134,48,86,71,63,1,0,0,0,0,135,48,86,71,63,61,9.02094223514888,11.1151606334883,0.490040637058728,30
"418","AM","Tabatinga",67182,8274.57,13003,"Alto Solimões",1,"Norte",1,"130406",5,131,43,88,67,64,3,0,0,0,0,134,43,88,67,64,83,9.02094223514888,11.1151606334883,0.505963693030495,31
"419","AM","Tabatinga",67182,8274.57,13003,"Alto Solimões",1,"Norte",1,"130406",6,131,45,86,76,55,1,0,0,0,0,132,45,86,76,55,30,9.02094223514888,11.1151606334883,0.426436377680998,30
"420","AM","Tabatinga",67182,8274.57,13003,"Alto Solimões",1,"Norte",1,"130406",7,160,58,102,86,74,6,0,0,0,0,166,58,102,86,74,27,9.02094223514888,11.1151606334883,0.411907646158067,29
"421","AM","Tefé",59547,15530.32,13005,"Tefé",1,"Norte",1,"130420",2,258,93,165,144,114,1,0,0,0,0,259,93,165,144,114,19,9.65054952121055,10.9945211956807,0.317178017835617,29
"422","AM","Tefé",59547,15530.32,13005,"Tefé",1,"Norte",1,"130420",3,304,136,168,178,126,2,0,0,0,0,306,136,168,178,126,16,9.65054952121055,10.9945211956807,0.387806479415222,31
"423","AM","Tefé",59547,15530.32,13005,"Tefé",1,"Norte",1,"130420",4,144,70,74,93,51,2,0,0,0,0,146,70,74,93,51,38,9.65054952121055,10.9945211956807,0.495084174264744,30
"424","AM","Tefé",59547,15530.32,13005,"Tefé",1,"Norte",1,"130420",5,158,64,94,96,62,2,0,0,0,0,160,64,94,96,62,94,9.65054952121055,10.9945211956807,0.494297119652536,31
"425","AM","Tefé",59547,15530.32,13005,"Tefé",1,"Norte",1,"130420",6,167,62,105,95,72,1,0,0,0,0,168,62,105,95,72,38,9.65054952121055,10.9945211956807,0.4166386294245,30
"426","AM","Tefé",59547,15530.32,13005,"Tefé",1,"Norte",1,"130420",7,166,55,111,100,66,1,0,0,0,0,167,55,111,100,66,32,9.65054952121055,10.9945211956807,0.41997910752305,29
"427","AM","Urucurituba",23585,7381.23,13009,"Itacoatiara",1,"Norte",0,"130440",2,57,20,37,30,27,0,0,0,0,0,57,20,37,30,27,4,8.90669557037384,10.0683661957184,0.290008101130562,29
"428","AM","Urucurituba",23585,7381.23,13009,"Itacoatiara",1,"Norte",0,"130440",3,41,17,24,15,26,0,0,0,0,0,41,17,24,15,26,3,8.90669557037384,10.0683661957184,0.349918975586432,31
"429","AM","Urucurituba",23585,7381.23,13009,"Itacoatiara",1,"Norte",0,"130440",4,24,11,13,19,5,0,0,0,0,0,24,11,13,19,5,7,8.90669557037384,10.0683661957184,0.416197205731215,30
"430","AM","Urucurituba",23585,7381.23,13009,"Itacoatiara",1,"Norte",0,"130440",5,28,13,15,18,10,0,0,0,0,0,28,13,15,18,10,9,8.90669557037384,10.0683661957184,0.425871755007561,31
"431","AM","Urucurituba",23585,7381.23,13009,"Itacoatiara",1,"Norte",0,"130440",6,27,12,15,13,14,0,0,0,0,0,27,12,15,13,14,7,8.90669557037384,10.0683661957184,0.393422345159452,30
"432","AM","Urucurituba",23585,7381.23,13009,"Itacoatiara",1,"Norte",0,"130440",7,26,14,12,15,11,0,0,0,0,0,26,14,12,15,11,0,8.90669557037384,10.0683661957184,0.379127352690893,29
"433","RR","Amajari",13185,13690.88,14001,"Boa Vista",1,"Norte",0,"140002",2,54,27,27,35,19,0,0,0,0,0,54,27,27,35,19,10,9.52448519671331,9.48683509878739,0.334432761361829,29
"434","RR","Amajari",13185,13690.88,14001,"Boa Vista",1,"Norte",0,"140002",3,52,31,21,32,20,0,0,0,0,0,52,31,21,32,20,4,9.52448519671331,9.48683509878739,0.411369309150591,31
"435","RR","Amajari",13185,13690.88,14001,"Boa Vista",1,"Norte",0,"140002",4,41,32,9,15,26,0,0,0,0,0,41,32,9,15,26,7,9.52448519671331,9.48683509878739,0.455244236019587,30
"436","RR","Amajari",13185,13690.88,14001,"Boa Vista",1,"Norte",0,"140002",5,37,24,13,20,17,2,0,0,0,0,39,24,13,20,17,14,9.52448519671331,9.48683509878739,0.511131232622745,31
"437","RR","Amajari",13185,13690.88,14001,"Boa Vista",1,"Norte",0,"140002",6,33,17,16,14,19,0,0,0,0,0,33,17,16,14,19,14,9.52448519671331,9.48683509878739,0.490648489287773,30
"438","RR","Amajari",13185,13690.88,14001,"Boa Vista",1,"Norte",0,"140002",7,48,33,15,26,22,1,0,0,0,0,49,33,15,26,22,14,9.52448519671331,9.48683509878739,0.525679756335686,29
"439","RR","Alto Alegre",15380,17912.43,14001,"Boa Vista",1,"Norte",0,"140005",2,88,58,30,47,41,1,0,0,0,0,89,58,30,47,41,6,9.79325016424324,9.64082324305964,0.343443894813139,29
"440","RR","Alto Alegre",15380,17912.43,14001,"Boa Vista",1,"Norte",0,"140005",3,59,32,27,31,28,0,0,0,0,0,59,32,27,31,28,9,9.79325016424324,9.64082324305964,0.403433748588591,31
"441","RR","Alto Alegre",15380,17912.43,14001,"Boa Vista",1,"Norte",0,"140005",4,65,45,20,42,23,0,0,0,0,0,65,45,20,42,23,9,9.79325016424324,9.64082324305964,0.444475822113095,30
"442","RR","Alto Alegre",15380,17912.43,14001,"Boa Vista",1,"Norte",0,"140005",5,70,57,13,39,31,0,0,0,0,0,70,57,13,39,31,6,9.79325016424324,9.64082324305964,0.491959685894888,31
"443","RR","Alto Alegre",15380,17912.43,14001,"Boa Vista",1,"Norte",0,"140005",6,57,51,6,39,18,0,0,0,0,0,57,51,6,39,18,23,9.79325016424324,9.64082324305964,0.490675836126293,30
"444","RR","Alto Alegre",15380,17912.43,14001,"Boa Vista",1,"Norte",0,"140005",7,47,35,12,20,27,0,0,0,0,0,47,35,12,20,27,12,9.79325016424324,9.64082324305964,0.47830485749956,29
"445","RR","Boa Vista",419652,26752.67,14001,"Boa Vista",1,"Norte",1,"140010",2,1227,280,947,573,654,4,0,0,0,0,1231,280,947,573,654,143,10.1943895604273,12.9471810753759,0.295698126328316,29
"446","RR","Boa Vista",419652,26752.67,14001,"Boa Vista",1,"Norte",1,"140010",3,1213,280,933,560,653,3,0,0,0,0,1216,280,933,560,653,166,10.1943895604273,12.9471810753759,0.387778993490517,31
"447","RR","Boa Vista",419652,26752.67,14001,"Boa Vista",1,"Norte",1,"140010",4,675,167,508,327,348,4,0,0,0,0,679,167,508,327,348,147,10.1943895604273,12.9471810753759,0.434692752325294,30
"448","RR","Boa Vista",419652,26752.67,14001,"Boa Vista",1,"Norte",1,"140010",5,615,165,450,289,326,8,0,0,0,0,623,165,450,289,326,300,10.1943895604273,12.9471810753759,0.427553706203024,31
"449","RR","Boa Vista",419652,26752.67,14001,"Boa Vista",1,"Norte",1,"140010",6,674,151,523,314,360,5,0,0,0,0,679,151,523,314,360,415,10.1943895604273,12.9471810753759,0.411522349425907,30
"450","RR","Boa Vista",419652,26752.67,14001,"Boa Vista",1,"Norte",1,"140010",7,636,134,502,302,334,10,0,0,0,0,646,134,502,302,334,237,10.1943895604273,12.9471810753759,0.397252837980602,29
"451","RR","Bonfim",12557,22953.42,14002,"Nordeste de Roraima",1,"Norte",0,"140015",2,79,42,37,39,40,0,0,0,0,0,79,42,37,39,40,4,10.0412222239942,9.43803355798896,0.299246739232592,29
"452","RR","Bonfim",12557,22953.42,14002,"Nordeste de Roraima",1,"Norte",0,"140015",3,60,35,25,34,26,0,0,0,0,0,60,35,25,34,26,4,10.0412222239942,9.43803355798896,0.385158680466528,31
"453","RR","Bonfim",12557,22953.42,14002,"Nordeste de Roraima",1,"Norte",0,"140015",4,36,17,19,23,13,0,0,0,0,0,36,17,19,23,13,6,10.0412222239942,9.43803355798896,0.437143362161075,30
"454","RR","Bonfim",12557,22953.42,14002,"Nordeste de Roraima",1,"Norte",0,"140015",5,32,19,13,18,14,0,0,0,0,0,32,19,13,18,14,8,10.0412222239942,9.43803355798896,0.517142611639012,31
"455","RR","Bonfim",12557,22953.42,14002,"Nordeste de Roraima",1,"Norte",0,"140015",6,31,18,13,21,10,1,0,0,0,0,32,18,13,21,10,10,10.0412222239942,9.43803355798896,0.484811915976046,30
"456","RR","Bonfim",12557,22953.42,14002,"Nordeste de Roraima",1,"Norte",0,"140015",7,39,21,18,20,19,0,0,0,0,0,39,21,18,20,19,8,10.0412222239942,9.43803355798896,0.489754961499409,29
"457","RR","Cantá",18799,15025.69,14002,"Nordeste de Roraima",1,"Norte",0,"140017",2,58,18,40,29,29,1,0,0,0,0,59,18,40,29,29,4,9.61751668180986,9.84155895591396,0.333795341247553,29
"458","RR","Cantá",18799,15025.69,14002,"Nordeste de Roraima",1,"Norte",0,"140017",3,63,19,44,34,29,0,0,0,0,0,63,19,44,34,29,10,9.61751668180986,9.84155895591396,0.403698679845848,31
"459","RR","Cantá",18799,15025.69,14002,"Nordeste de Roraima",1,"Norte",0,"140017",4,36,15,21,16,20,0,0,0,0,0,36,15,21,16,20,6,9.61751668180986,9.84155895591396,0.444897843364248,30
"460","RR","Cantá",18799,15025.69,14002,"Nordeste de Roraima",1,"Norte",0,"140017",5,31,12,19,16,15,0,0,0,0,0,31,12,19,16,15,7,9.61751668180986,9.84155895591396,0.466098467346864,31
"461","RR","Cantá",18799,15025.69,14002,"Nordeste de Roraima",1,"Norte",0,"140017",6,41,15,26,15,26,0,0,0,0,0,41,15,26,15,26,14,9.61751668180986,9.84155895591396,0.441944233951455,30
"462","RR","Cantá",18799,15025.69,14002,"Nordeste de Roraima",1,"Norte",0,"140017",7,46,16,30,20,26,1,0,0,0,0,47,16,30,20,26,7,9.61751668180986,9.84155895591396,0.4405313263577,29
"463","RR","Caracaraí",22283,16093.39,14003,"Caracaraí",1,"Norte",0,"140020",2,63,31,32,34,29,1,0,0,0,0,64,31,32,34,29,6,9.68616390766392,10.011579334887,0.290604669288104,29
"464","RR","Caracaraí",22283,16093.39,14003,"Caracaraí",1,"Norte",0,"140020",3,62,31,31,38,24,0,0,0,0,0,62,31,31,38,24,11,9.68616390766392,10.011579334887,0.361574361650257,31
"465","RR","Caracaraí",22283,16093.39,14003,"Caracaraí",1,"Norte",0,"140020",4,35,19,16,13,22,0,0,0,0,0,35,19,16,13,22,13,9.68616390766392,10.011579334887,0.403569989865718,30
"466","RR","Caracaraí",22283,16093.39,14003,"Caracaraí",1,"Norte",0,"140020",5,30,15,15,18,12,1,0,0,0,0,31,15,15,18,12,9,9.68616390766392,10.011579334887,0.424765980284207,31
"467","RR","Caracaraí",22283,16093.39,14003,"Caracaraí",1,"Norte",0,"140020",6,30,17,13,15,15,0,0,0,0,0,30,17,13,15,15,24,9.68616390766392,10.011579334887,0.408297175300529,30
"468","RR","Caracaraí",22283,16093.39,14003,"Caracaraí",1,"Norte",0,"140020",7,28,17,11,19,9,0,0,0,0,0,28,17,11,19,9,20,9.68616390766392,10.011579334887,0.425133489249349,29
"469","RR","Caroebe",10383,17928.78,14004,"Sudeste de Roraima",1,"Norte",0,"140023",2,37,17,20,21,16,0,0,0,0,0,37,17,20,21,16,2,9.79416252189713,9.24792513230345,0.334328207175219,29
"470","RR","Caroebe",10383,17928.78,14004,"Sudeste de Roraima",1,"Norte",0,"140023",3,34,14,20,10,24,0,0,0,0,0,34,14,20,10,24,3,9.79416252189713,9.24792513230345,0.413502029303422,31
"471","RR","Caroebe",10383,17928.78,14004,"Sudeste de Roraima",1,"Norte",0,"140023",4,17,6,11,8,9,0,0,0,0,0,17,6,11,8,9,3,9.79416252189713,9.24792513230345,0.451090706203317,30
"472","RR","Caroebe",10383,17928.78,14004,"Sudeste de Roraima",1,"Norte",0,"140023",5,12,4,8,6,6,0,0,0,0,0,12,4,8,6,6,4,9.79416252189713,9.24792513230345,0.450152702579943,31
"473","RR","Caroebe",10383,17928.78,14004,"Sudeste de Roraima",1,"Norte",0,"140023",6,24,7,17,12,12,0,0,0,0,0,24,7,17,12,12,2,9.79416252189713,9.24792513230345,0.453432070933244,30
"474","RR","Caroebe",10383,17928.78,14004,"Sudeste de Roraima",1,"Norte",0,"140023",7,20,6,14,14,6,0,0,0,0,0,20,6,14,14,6,4,9.79416252189713,9.24792513230345,0.463670754526792,29
"475","RR","Iracema",12296,13783.97,14003,"Caracaraí",1,"Norte",0,"140028",2,23,10,13,12,11,0,0,0,0,0,23,10,13,12,11,0,9.53126160176895,9.41702928521843,0.338894428483966,29
"476","RR","Iracema",12296,13783.97,14003,"Caracaraí",1,"Norte",0,"140028",3,10,4,6,2,8,0,0,0,0,0,10,4,6,2,8,4,9.53126160176895,9.41702928521843,0.416317144692628,31
"477","RR","Iracema",12296,13783.97,14003,"Caracaraí",1,"Norte",0,"140028",4,13,5,8,4,9,0,0,0,0,0,13,5,8,4,9,6,9.53126160176895,9.41702928521843,0.448419856730568,30
"478","RR","Iracema",12296,13783.97,14003,"Caracaraí",1,"Norte",0,"140028",5,9,6,3,4,5,0,0,0,0,0,9,6,3,4,5,3,9.53126160176895,9.41702928521843,0.448941410050103,31
"479","RR","Iracema",12296,13783.97,14003,"Caracaraí",1,"Norte",0,"140028",6,13,6,7,7,6,0,0,0,0,0,13,6,7,7,6,8,9.53126160176895,9.41702928521843,0.458761498985491,30
"480","RR","Iracema",12296,13783.97,14003,"Caracaraí",1,"Norte",0,"140028",7,10,1,9,3,7,0,0,0,0,0,10,1,9,3,7,1,9.53126160176895,9.41702928521843,0.465666618965452,29
"481","RR","Mucajaí",18172,17661.31,14003,"Caracaraí",1,"Norte",0,"140030",2,42,14,28,25,17,0,0,0,0,0,42,14,28,25,17,4,9.77913165034228,9.80763722687929,0.30567186415731,29
"482","RR","Mucajaí",18172,17661.31,14003,"Caracaraí",1,"Norte",0,"140030",3,62,16,46,33,29,0,0,0,0,0,62,16,46,33,29,12,9.77913165034228,9.80763722687929,0.365145059440761,31
"483","RR","Mucajaí",18172,17661.31,14003,"Caracaraí",1,"Norte",0,"140030",4,35,13,22,15,20,0,0,0,0,0,35,13,22,15,20,6,9.77913165034228,9.80763722687929,0.429668648162608,30
"484","RR","Mucajaí",18172,17661.31,14003,"Caracaraí",1,"Norte",0,"140030",5,22,6,16,9,13,0,0,0,0,0,22,6,16,9,13,8,9.77913165034228,9.80763722687929,0.460928932263989,31
"485","RR","Mucajaí",18172,17661.31,14003,"Caracaraí",1,"Norte",0,"140030",6,20,9,11,11,9,1,0,0,0,0,21,9,11,11,9,17,9.77913165034228,9.80763722687929,0.448799028057642,30
"486","RR","Mucajaí",18172,17661.31,14003,"Caracaraí",1,"Norte",0,"140030",7,32,15,17,19,13,0,0,0,0,0,32,15,17,19,13,10,9.77913165034228,9.80763722687929,0.451150358380616,29
"487","RR","Pacaraima",18913,13123.04,14001,"Boa Vista",1,"Norte",0,"140045",2,90,48,42,41,49,0,0,0,0,0,90,48,42,41,49,4,9.48212474297516,9.84760479528845,0.315473946947491,29
"488","RR","Pacaraima",18913,13123.04,14001,"Boa Vista",1,"Norte",0,"140045",3,93,38,55,55,38,0,0,0,0,0,93,38,55,55,38,2,9.48212474297516,9.84760479528845,0.384061810126814,31
"489","RR","Pacaraima",18913,13123.04,14001,"Boa Vista",1,"Norte",0,"140045",4,57,23,34,34,23,0,0,0,0,0,57,23,34,34,23,1,9.48212474297516,9.84760479528845,0.393756416148679,30
"490","RR","Pacaraima",18913,13123.04,14001,"Boa Vista",1,"Norte",0,"140045",5,37,18,19,26,11,1,0,0,0,0,38,18,19,26,11,11,9.48212474297516,9.84760479528845,0.418891285708086,31
"491","RR","Pacaraima",18913,13123.04,14001,"Boa Vista",1,"Norte",0,"140045",6,52,21,31,32,20,0,0,0,0,0,52,21,31,32,20,24,9.48212474297516,9.84760479528845,0.413201121002295,30
"492","RR","Pacaraima",18913,13123.04,14001,"Boa Vista",1,"Norte",0,"140045",7,66,31,35,38,28,0,0,0,0,0,66,31,35,38,28,15,9.48212474297516,9.84760479528845,0.396219520756992,29
"493","RR","Rorainópolis",30782,18536.04,14004,"Sudeste de Roraima",1,"Norte",0,"140047",2,84,27,57,54,30,0,0,0,0,0,84,27,57,54,30,6,9.82747222407277,10.3346853825399,0.294260557367811,29
"494","RR","Rorainópolis",30782,18536.04,14004,"Sudeste de Roraima",1,"Norte",0,"140047",3,78,28,50,41,37,1,0,0,0,0,79,28,50,41,37,16,9.82747222407277,10.3346853825399,0.343863436298281,31
"495","RR","Rorainópolis",30782,18536.04,14004,"Sudeste de Roraima",1,"Norte",0,"140047",4,47,15,32,30,17,1,0,0,0,0,48,15,32,30,17,5,9.82747222407277,10.3346853825399,0.387909449229315,30
"496","RR","Rorainópolis",30782,18536.04,14004,"Sudeste de Roraima",1,"Norte",0,"140047",5,51,19,32,22,29,0,0,0,0,0,51,19,32,22,29,19,9.82747222407277,10.3346853825399,0.412005281640484,31
"497","RR","Rorainópolis",30782,18536.04,14004,"Sudeste de Roraima",1,"Norte",0,"140047",6,43,17,26,29,14,0,0,0,0,0,43,17,26,29,14,18,9.82747222407277,10.3346853825399,0.383857999928751,30
"498","RR","Rorainópolis",30782,18536.04,14004,"Sudeste de Roraima",1,"Norte",0,"140047",7,43,10,33,26,17,0,0,0,0,0,43,10,33,26,17,13,9.82747222407277,10.3346853825399,0.388755771286487,29
"499","RR","São João da Baliza",8348,22072.82,14004,"Sudeste de Roraima",1,"Norte",0,"140050",2,24,9,15,9,15,0,0,0,0,0,24,9,15,9,15,0,10.0021022663488,9.02977726819709,0.340237362210953,29
"500","RR","São João da Baliza",8348,22072.82,14004,"Sudeste de Roraima",1,"Norte",0,"140050",3,18,6,12,8,10,0,0,0,0,0,18,6,12,8,10,3,10.0021022663488,9.02977726819709,0.409916324569194,31
"501","RR","São João da Baliza",8348,22072.82,14004,"Sudeste de Roraima",1,"Norte",0,"140050",4,11,2,9,4,7,0,0,0,0,0,11,2,9,4,7,1,10.0021022663488,9.02977726819709,0.409316673177774,30
"502","RR","São João da Baliza",8348,22072.82,14004,"Sudeste de Roraima",1,"Norte",0,"140050",5,5,1,4,4,1,0,0,0,0,0,5,1,4,4,1,1,10.0021022663488,9.02977726819709,0.400886900487692,31
"503","RR","São João da Baliza",8348,22072.82,14004,"Sudeste de Roraima",1,"Norte",0,"140050",6,8,0,8,7,1,0,0,0,0,0,8,0,8,7,1,4,10.0021022663488,9.02977726819709,0.399461138202125,30
"504","RR","São João da Baliza",8348,22072.82,14004,"Sudeste de Roraima",1,"Norte",0,"140050",7,6,1,5,2,4,0,0,0,0,0,6,1,5,2,4,3,10.0021022663488,9.02977726819709,0.429600419157532,29
"505","RR","São Luiz",8110,17693.77,14004,"Sudeste de Roraima",1,"Norte",0,"140060",2,14,2,12,4,10,0,0,0,0,0,14,2,12,4,10,3,9.78096787920221,9.00085314710946,0.354558167146054,29
"506","RR","São Luiz",8110,17693.77,14004,"Sudeste de Roraima",1,"Norte",0,"140060",3,13,6,7,4,9,0,0,0,0,0,13,6,7,4,9,4,9.78096787920221,9.00085314710946,0.419132475875349,31
"507","RR","São Luiz",8110,17693.77,14004,"Sudeste de Roraima",1,"Norte",0,"140060",4,7,2,5,4,3,0,0,0,0,0,7,2,5,4,3,1,9.78096787920221,9.00085314710946,0.439178201976668,30
"508","RR","São Luiz",8110,17693.77,14004,"Sudeste de Roraima",1,"Norte",0,"140060",5,9,0,9,4,5,0,0,0,0,0,9,0,9,4,5,5,9.78096787920221,9.00085314710946,0.440097310813332,31
"509","RR","São Luiz",8110,17693.77,14004,"Sudeste de Roraima",1,"Norte",0,"140060",6,9,5,4,5,4,0,0,0,0,0,9,5,4,5,4,2,9.78096787920221,9.00085314710946,0.395794175898193,30
"510","RR","São Luiz",8110,17693.77,14004,"Sudeste de Roraima",1,"Norte",0,"140060",7,7,2,5,4,3,0,0,0,0,0,7,2,5,4,3,4,9.78096787920221,9.00085314710946,0.385776367322227,29
"511","PA","Abaetetuba",159080,9046.13,15011,"Cametá",1,"Norte",1,"150010",2,425,130,295,188,237,2,0,0,0,0,427,130,295,188,237,58,9.11009232092723,11.9771624993216,0.301599434714306,29
"512","PA","Abaetetuba",159080,9046.13,15011,"Cametá",1,"Norte",1,"150010",3,359,101,258,188,171,2,0,0,0,0,361,101,258,188,171,64,9.11009232092723,11.9771624993216,0.39107413840779,31
"513","PA","Abaetetuba",159080,9046.13,15011,"Cametá",1,"Norte",1,"150010",4,245,62,183,116,129,2,0,0,0,0,247,62,183,116,129,65,9.11009232092723,11.9771624993216,0.467174306647447,30
"514","PA","Abaetetuba",159080,9046.13,15011,"Cametá",1,"Norte",1,"150010",5,209,56,153,105,104,4,0,0,0,0,213,56,153,105,104,204,9.11009232092723,11.9771624993216,0.524090030097437,31
"515","PA","Abaetetuba",159080,9046.13,15011,"Cametá",1,"Norte",1,"150010",6,228,70,158,118,110,0,0,0,0,0,228,70,158,118,110,65,9.11009232092723,11.9771624993216,0.424765211712168,30
"516","PA","Abaetetuba",159080,9046.13,15011,"Cametá",1,"Norte",1,"150010",7,224,59,165,110,114,3,0,0,0,0,227,59,165,110,114,60,9.11009232092723,11.9771624993216,0.401078597256146,29
"517","PA","Acará",55669,16467.17,15012,"Tomé-Açu",1,"Norte",0,"150020",2,131,69,62,74,57,1,0,0,0,0,132,69,62,74,57,20,9.70912398084237,10.92717871802,0.30676128265755,29
"518","PA","Acará",55669,16467.17,15012,"Tomé-Açu",1,"Norte",0,"150020",3,120,61,59,66,54,0,0,0,0,0,120,61,59,66,54,15,9.70912398084237,10.92717871802,0.381091359182981,31
"519","PA","Acará",55669,16467.17,15012,"Tomé-Açu",1,"Norte",0,"150020",4,75,34,41,41,34,1,0,0,0,0,76,34,41,41,34,16,9.70912398084237,10.92717871802,0.452339757814636,30
"520","PA","Acará",55669,16467.17,15012,"Tomé-Açu",1,"Norte",0,"150020",5,46,27,19,25,21,1,0,0,0,0,47,27,19,25,21,34,9.70912398084237,10.92717871802,0.494895734814678,31
"521","PA","Acará",55669,16467.17,15012,"Tomé-Açu",1,"Norte",0,"150020",6,67,36,31,37,30,0,0,0,0,0,67,36,31,37,30,26,9.70912398084237,10.92717871802,0.437869236402081,30
"522","PA","Acará",55669,16467.17,15012,"Tomé-Açu",1,"Norte",0,"150020",7,71,33,38,43,28,2,0,0,0,0,73,33,38,43,28,24,9.70912398084237,10.92717871802,0.433389573322235,29
"523","PA","Afuá",39567,9207.83,15005,"Furos de Breves",1,"Norte",0,"150030",2,113,81,32,61,52,0,0,0,0,0,113,81,32,61,52,4,9.12780948802451,10.585750716494,0.312468091705511,29
"524","PA","Afuá",39567,9207.83,15005,"Furos de Breves",1,"Norte",0,"150030",3,114,78,36,62,52,0,0,0,0,0,114,78,36,62,52,8,9.12780948802451,10.585750716494,0.402854237211545,31
"525","PA","Afuá",39567,9207.83,15005,"Furos de Breves",1,"Norte",0,"150030",4,82,52,30,40,42,1,0,0,0,0,83,52,30,40,42,4,9.12780948802451,10.585750716494,0.481607128092029,30
"526","PA","Afuá",39567,9207.83,15005,"Furos de Breves",1,"Norte",0,"150030",5,90,73,17,57,33,1,0,0,0,0,91,73,17,57,33,17,9.12780948802451,10.585750716494,0.53607974632383,31
"527","PA","Afuá",39567,9207.83,15005,"Furos de Breves",1,"Norte",0,"150030",6,81,60,21,52,29,0,0,0,0,0,81,60,21,52,29,15,9.12780948802451,10.585750716494,0.524352344646253,30
"528","PA","Afuá",39567,9207.83,15005,"Furos de Breves",1,"Norte",0,"150030",7,76,56,20,43,33,1,0,0,0,0,77,56,20,43,33,13,9.12780948802451,10.585750716494,0.499891574731001,29
"529","PA","Água Azul do Norte",27615,15529.79,15019,"Parauapebas",1,"Norte",0,"150034",2,34,15,19,23,11,0,0,0,0,0,34,15,19,23,11,5,9.65051539383624,10.2261143823353,0.316054716212925,29
"530","PA","Água Azul do Norte",27615,15529.79,15019,"Parauapebas",1,"Norte",0,"150034",3,23,7,16,9,14,0,0,0,0,0,23,7,16,9,14,4,9.65051539383624,10.2261143823353,0.35443571569755,31
"531","PA","Água Azul do Norte",27615,15529.79,15019,"Parauapebas",1,"Norte",0,"150034",4,17,6,11,6,11,0,0,0,0,0,17,6,11,6,11,4,9.65051539383624,10.2261143823353,0.379409353964191,30
"532","PA","Água Azul do Norte",27615,15529.79,15019,"Parauapebas",1,"Norte",0,"150034",5,17,6,11,10,7,0,0,0,0,0,17,6,11,10,7,3,9.65051539383624,10.2261143823353,0.400474339538166,31
"533","PA","Água Azul do Norte",27615,15529.79,15019,"Parauapebas",1,"Norte",0,"150034",6,21,9,12,9,12,2,0,0,0,0,23,9,12,9,12,3,9.65051539383624,10.2261143823353,0.401529206818858,30
"534","PA","Água Azul do Norte",27615,15529.79,15019,"Parauapebas",1,"Norte",0,"150034",7,14,2,12,9,5,1,0,0,0,0,15,2,12,9,5,8,9.65051539383624,10.2261143823353,0.382785064718111,29
"535","PA","Alenquer",57092,10034.93,15002,"Santarém",1,"Norte",1,"150040",2,181,89,92,94,87,1,0,0,0,0,182,89,92,94,87,14,9.21382728562066,10.9524192807497,0.251425561163296,29
"536","PA","Alenquer",57092,10034.93,15002,"Santarém",1,"Norte",1,"150040",3,165,93,72,81,84,1,0,0,0,0,166,93,72,81,84,12,9.21382728562066,10.9524192807497,0.328752417718601,31
"537","PA","Alenquer",57092,10034.93,15002,"Santarém",1,"Norte",1,"150040",4,80,44,36,40,40,0,0,0,0,0,80,44,36,40,40,20,9.21382728562066,10.9524192807497,0.37848757280888,30
"538","PA","Alenquer",57092,10034.93,15002,"Santarém",1,"Norte",1,"150040",5,84,47,37,55,29,0,0,0,0,0,84,47,37,55,29,32,9.21382728562066,10.9524192807497,0.399507634340238,31
"539","PA","Alenquer",57092,10034.93,15002,"Santarém",1,"Norte",1,"150040",6,95,49,46,58,37,3,0,0,0,0,98,49,46,58,37,29,9.21382728562066,10.9524192807497,0.356664792307395,30
"540","PA","Alenquer",57092,10034.93,15002,"Santarém",1,"Norte",1,"150040",7,80,40,40,43,37,3,0,0,0,0,83,40,40,43,37,38,9.21382728562066,10.9524192807497,0.3766332313208,29
"541","PA","Almeirim",34076,17327.19,15003,"Almeirim",1,"Norte",0,"150050",2,111,59,52,59,52,2,0,0,0,0,113,59,52,59,52,10,9.76003222299583,10.4363486031627,0.286330531339274,29
"542","PA","Almeirim",34076,17327.19,15003,"Almeirim",1,"Norte",0,"150050",3,112,62,50,66,46,0,0,0,0,0,112,62,50,66,46,12,9.76003222299583,10.4363486031627,0.352451626725285,31
"543","PA","Almeirim",34076,17327.19,15003,"Almeirim",1,"Norte",0,"150050",4,53,31,22,29,24,0,0,0,0,0,53,31,22,29,24,19,9.76003222299583,10.4363486031627,0.403345003689123,30
"544","PA","Almeirim",34076,17327.19,15003,"Almeirim",1,"Norte",0,"150050",5,58,36,22,38,20,1,0,0,0,0,59,36,22,38,20,18,9.76003222299583,10.4363486031627,0.445786899487189,31
"545","PA","Almeirim",34076,17327.19,15003,"Almeirim",1,"Norte",0,"150050",6,57,38,19,35,22,0,0,0,0,0,57,38,19,35,22,32,9.76003222299583,10.4363486031627,0.41393073951678,30
"546","PA","Almeirim",34076,17327.19,15003,"Almeirim",1,"Norte",0,"150050",7,50,34,16,35,15,1,0,0,0,0,51,34,16,35,15,19,9.76003222299583,10.4363486031627,0.399480702806893,29
"547","PA","Altamira",115969,24049.71,15015,"Altamira",1,"Norte",1,"150060",2,326,119,207,167,159,2,0,0,0,0,328,119,207,167,159,65,10.0878782172491,11.6610781929939,0.308306750630636,29
"548","PA","Altamira",115969,24049.71,15015,"Altamira",1,"Norte",1,"150060",3,372,140,232,188,184,1,0,0,0,0,373,140,232,188,184,62,10.0878782172491,11.6610781929939,0.385752867161572,31
"549","PA","Altamira",115969,24049.71,15015,"Altamira",1,"Norte",1,"150060",4,233,85,148,123,110,1,0,0,0,0,234,85,148,123,110,63,10.0878782172491,11.6610781929939,0.429187745113457,30
"550","PA","Altamira",115969,24049.71,15015,"Altamira",1,"Norte",1,"150060",5,165,67,98,91,74,0,0,0,0,0,165,67,98,91,74,66,10.0878782172491,11.6610781929939,0.454863558822887,31
"551","PA","Altamira",115969,24049.71,15015,"Altamira",1,"Norte",1,"150060",6,145,51,94,68,77,1,0,0,0,0,146,51,94,68,77,95,10.0878782172491,11.6610781929939,0.441185009867105,30
"552","PA","Altamira",115969,24049.71,15015,"Altamira",1,"Norte",1,"150060",7,182,62,120,94,88,1,0,0,0,0,183,62,120,94,88,100,10.0878782172491,11.6610781929939,0.432608383383411,29
"553","PA","Anajás",29688,7166.52,15005,"Furos de Breves",1,"Norte",0,"150070",2,133,81,52,81,52,0,0,0,0,0,133,81,52,81,52,5,8.87717546012195,10.2984982027404,0.345205460650045,29
"554","PA","Anajás",29688,7166.52,15005,"Furos de Breves",1,"Norte",0,"150070",3,93,58,35,56,37,0,0,0,0,0,93,58,35,56,37,4,8.87717546012195,10.2984982027404,0.459111036622762,31
"555","PA","Anajás",29688,7166.52,15005,"Furos de Breves",1,"Norte",0,"150070",4,62,42,20,40,22,1,0,0,0,0,63,42,20,40,22,7,8.87717546012195,10.2984982027404,0.504455444547167,30
"556","PA","Anajás",29688,7166.52,15005,"Furos de Breves",1,"Norte",0,"150070",5,61,44,17,38,23,0,0,0,0,0,61,44,17,38,23,11,8.87717546012195,10.2984982027404,0.589041467489536,31
"557","PA","Anajás",29688,7166.52,15005,"Furos de Breves",1,"Norte",0,"150070",6,55,44,11,28,27,0,0,0,0,0,55,44,11,28,27,6,8.87717546012195,10.2984982027404,0.482067127726863,30
"558","PA","Anajás",29688,7166.52,15005,"Furos de Breves",1,"Norte",0,"150070",7,77,59,18,49,28,0,0,0,0,0,77,59,18,49,28,8,8.87717546012195,10.2984982027404,0.460083309793003,29
"559","PA","Ananindeua",535547,14314.96,15007,"Belém",1,"Norte",1,"150080",2,754,125,629,315,439,4,0,0,0,0,758,125,629,315,439,230,9.56906042325657,13.1910439334592,0.304421153624467,29
"560","PA","Ananindeua",535547,14314.96,15007,"Belém",1,"Norte",1,"150080",3,757,150,607,323,434,7,0,0,0,0,764,150,607,323,434,273,9.56906042325657,13.1910439334592,0.398873145481486,31
"561","PA","Ananindeua",535547,14314.96,15007,"Belém",1,"Norte",1,"150080",4,414,92,322,177,237,6,0,0,0,0,420,92,322,177,237,503,9.56906042325657,13.1910439334592,0.484491744575952,30
"562","PA","Ananindeua",535547,14314.96,15007,"Belém",1,"Norte",1,"150080",5,351,69,282,154,197,1,0,0,0,0,352,69,282,154,197,717,9.56906042325657,13.1910439334592,0.494338989849631,31
"563","PA","Ananindeua",535547,14314.96,15007,"Belém",1,"Norte",1,"150080",6,370,78,292,140,230,10,0,0,0,0,380,78,292,140,230,243,9.56906042325657,13.1910439334592,0.391799304762106,30
"564","PA","Ananindeua",535547,14314.96,15007,"Belém",1,"Norte",1,"150080",7,401,73,328,157,244,3,0,0,0,0,404,73,328,157,244,227,9.56906042325657,13.1910439334592,0.389503960613169,29
"565","PA","Anapu",28607,13582.65,15015,"Altamira",1,"Norte",0,"150085",2,86,50,36,51,35,1,0,0,0,0,87,50,36,51,35,6,9.51654852198701,10.261406722105,0.308208233152816,29
"566","PA","Anapu",28607,13582.65,15015,"Altamira",1,"Norte",0,"150085",3,97,53,44,64,33,1,0,0,0,0,98,53,44,64,33,11,9.51654852198701,10.261406722105,0.379645261465541,31
"567","PA","Anapu",28607,13582.65,15015,"Altamira",1,"Norte",0,"150085",4,60,31,29,38,22,0,0,0,0,0,60,31,29,38,22,16,9.51654852198701,10.261406722105,0.423153093979191,30
"568","PA","Anapu",28607,13582.65,15015,"Altamira",1,"Norte",0,"150085",5,37,15,22,21,16,0,0,0,0,0,37,15,22,21,16,12,9.51654852198701,10.261406722105,0.446806089248992,31
"569","PA","Anapu",28607,13582.65,15015,"Altamira",1,"Norte",0,"150085",6,52,28,24,30,22,1,0,0,0,0,53,28,24,30,22,18,9.51654852198701,10.261406722105,0.404108106319492,30
"570","PA","Anapu",28607,13582.65,15015,"Altamira",1,"Norte",0,"150085",7,54,28,26,27,27,1,0,0,0,0,55,28,26,27,27,23,9.51654852198701,10.261406722105,0.424595929861801,29
"571","PA","Augusto Corrêa",46471,6719.53,15010,"Bragantina",1,"Norte",0,"150090",2,118,53,65,63,55,0,0,0,0,0,118,53,65,63,55,12,8.81277349059506,10.7465837411072,0.318768940399244,29
"572","PA","Augusto Corrêa",46471,6719.53,15010,"Bragantina",1,"Norte",0,"150090",3,116,63,53,70,46,0,0,0,0,0,116,63,53,70,46,13,8.81277349059506,10.7465837411072,0.385702967417256,31
"573","PA","Augusto Corrêa",46471,6719.53,15010,"Bragantina",1,"Norte",0,"150090",4,65,37,28,46,19,0,0,0,0,0,65,37,28,46,19,24,8.81277349059506,10.7465837411072,0.433261103315029,30
"574","PA","Augusto Corrêa",46471,6719.53,15010,"Bragantina",1,"Norte",0,"150090",5,58,38,20,30,28,1,0,0,0,0,59,38,20,30,28,39,8.81277349059506,10.7465837411072,0.456108146886502,31
"575","PA","Augusto Corrêa",46471,6719.53,15010,"Bragantina",1,"Norte",0,"150090",6,71,39,32,35,36,0,0,0,0,0,71,39,32,35,36,25,8.81277349059506,10.7465837411072,0.365639105951246,30
"576","PA","Augusto Corrêa",46471,6719.53,15010,"Bragantina",1,"Norte",0,"150090",7,85,42,43,54,31,0,0,0,0,0,85,42,43,54,31,28,8.81277349059506,10.7465837411072,0.380085235306328,29
"577","PA","Aurora do Pará",31773,8442.6,15013,"Guamá",1,"Norte",0,"150095",2,62,28,34,37,25,0,0,0,0,0,62,28,34,37,25,7,9.04104559702226,10.3663721515118,0.283693412965613,29
"578","PA","Aurora do Pará",31773,8442.6,15013,"Guamá",1,"Norte",0,"150095",3,41,17,24,21,20,0,0,0,0,0,41,17,24,21,20,8,9.04104559702226,10.3663721515118,0.369363568454998,31
"579","PA","Aurora do Pará",31773,8442.6,15013,"Guamá",1,"Norte",0,"150095",4,32,17,15,19,13,0,0,0,0,0,32,17,15,19,13,15,9.04104559702226,10.3663721515118,0.416802864477017,30
"580","PA","Aurora do Pará",31773,8442.6,15013,"Guamá",1,"Norte",0,"150095",5,36,16,20,21,15,0,0,0,0,0,36,16,20,21,15,10,9.04104559702226,10.3663721515118,0.433218444685649,31
"581","PA","Aurora do Pará",31773,8442.6,15013,"Guamá",1,"Norte",0,"150095",6,27,12,15,20,7,0,0,0,0,0,27,12,15,20,7,10,9.04104559702226,10.3663721515118,0.401911743193524,30
"582","PA","Aurora do Pará",31773,8442.6,15013,"Guamá",1,"Norte",0,"150095",7,44,17,27,25,19,1,0,0,0,0,45,17,27,25,19,9,9.04104559702226,10.3663721515118,0.418012474572987,29
"583","PA","Baião",48459,7471.71,15011,"Cametá",1,"Norte",0,"150120",2,76,27,49,47,29,1,0,0,0,0,77,27,49,47,29,10,8.91887916759232,10.7884733585819,0.284904678556009,29
"584","PA","Baião",48459,7471.71,15011,"Cametá",1,"Norte",0,"150120",3,85,30,55,49,36,0,0,0,0,0,85,30,55,49,36,14,8.91887916759232,10.7884733585819,0.378285341051046,31
"585","PA","Baião",48459,7471.71,15011,"Cametá",1,"Norte",0,"150120",4,45,19,26,25,20,0,0,0,0,0,45,19,26,25,20,13,8.91887916759232,10.7884733585819,0.459769885454311,30
"586","PA","Baião",48459,7471.71,15011,"Cametá",1,"Norte",0,"150120",5,34,10,24,19,15,0,0,0,0,0,34,10,24,19,15,14,8.91887916759232,10.7884733585819,0.523150613825041,31
"587","PA","Baião",48459,7471.71,15011,"Cametá",1,"Norte",0,"150120",6,53,19,34,34,19,1,0,0,0,0,54,19,34,34,19,11,8.91887916759232,10.7884733585819,0.476759301485485,30
"588","PA","Baião",48459,7471.71,15011,"Cametá",1,"Norte",0,"150120",7,54,21,33,32,22,0,0,0,0,0,54,21,33,32,22,11,8.91887916759232,10.7884733585819,0.462958804197581,29
"589","PA","Barcarena",127027,38739.32,15007,"Belém",1,"Norte",1,"150130",2,337,110,227,165,172,0,0,0,0,0,337,110,227,165,172,38,10.5646103838901,11.7521549412701,0.292103843653382,29
"590","PA","Barcarena",127027,38739.32,15007,"Belém",1,"Norte",1,"150130",3,337,102,235,144,193,2,0,0,0,0,339,102,235,144,193,53,10.5646103838901,11.7521549412701,0.372433226486967,31
"591","PA","Barcarena",127027,38739.32,15007,"Belém",1,"Norte",1,"150130",4,221,80,141,124,97,1,0,0,0,0,222,80,141,124,97,53,10.5646103838901,11.7521549412701,0.43684584802906,30
"592","PA","Barcarena",127027,38739.32,15007,"Belém",1,"Norte",1,"150130",5,202,64,138,107,95,4,0,0,0,0,206,64,138,107,95,161,10.5646103838901,11.7521549412701,0.445604716781895,31
"593","PA","Barcarena",127027,38739.32,15007,"Belém",1,"Norte",1,"150130",6,174,51,123,79,95,4,0,0,0,0,178,51,123,79,95,55,10.5646103838901,11.7521549412701,0.373074960454661,30
"594","PA","Barcarena",127027,38739.32,15007,"Belém",1,"Norte",1,"150130",7,187,56,131,88,99,1,0,0,0,0,188,56,131,88,99,35,10.5646103838901,11.7521549412701,0.361629662610009,29
"595","PA","Belém",1499641,21191.47,15007,"Belém",1,"Norte",1,"150140",2,2650,576,2074,1053,1597,18,0,0,0,0,2668,576,2074,1053,1597,788,9.96135402120164,14.2207363040943,0.310430574444174,29
"596","PA","Belém",1499641,21191.47,15007,"Belém",1,"Norte",1,"150140",3,2460,561,1899,977,1483,19,0,0,0,0,2479,561,1899,977,1483,996,9.96135402120164,14.2207363040943,0.413086213427028,31
"597","PA","Belém",1499641,21191.47,15007,"Belém",1,"Norte",1,"150140",4,1320,332,988,575,745,11,0,0,0,0,1331,332,988,575,745,2229,9.96135402120164,14.2207363040943,0.510919245493658,30
"598","PA","Belém",1499641,21191.47,15007,"Belém",1,"Norte",1,"150140",5,1255,302,953,501,754,15,0,0,0,0,1270,302,953,501,754,2520,9.96135402120164,14.2207363040943,0.516164779313101,31
"599","PA","Belém",1499641,21191.47,15007,"Belém",1,"Norte",1,"150140",6,1398,354,1044,572,826,12,0,0,0,0,1410,354,1044,572,826,844,9.96135402120164,14.2207363040943,0.408080762864207,30
"600","PA","Belém",1499641,21191.47,15007,"Belém",1,"Norte",1,"150140",7,1291,268,1023,477,814,13,0,0,0,0,1304,268,1023,477,814,803,9.96135402120164,14.2207363040943,0.403351850853449,29
"601","PA","Belterra",17839,9032.66,15002,"Santarém",1,"Norte",0,"150145",2,45,15,30,22,23,0,0,0,0,0,45,15,30,22,23,10,9.10860217667615,9.78914235075127,0.294850412060522,29
"602","PA","Belterra",17839,9032.66,15002,"Santarém",1,"Norte",0,"150145",3,42,22,20,24,18,0,0,0,0,0,42,22,20,24,18,12,9.10860217667615,9.78914235075127,0.388981100564168,31
"603","PA","Belterra",17839,9032.66,15002,"Santarém",1,"Norte",0,"150145",4,19,3,16,11,8,0,0,0,0,0,19,3,16,11,8,7,9.10860217667615,9.78914235075127,0.423108159091184,30
"604","PA","Belterra",17839,9032.66,15002,"Santarém",1,"Norte",0,"150145",5,15,3,12,8,7,0,0,0,0,0,15,3,12,8,7,17,9.10860217667615,9.78914235075127,0.440748112425419,31
"605","PA","Belterra",17839,9032.66,15002,"Santarém",1,"Norte",0,"150145",6,16,4,12,11,5,0,0,0,0,0,16,4,12,11,5,15,9.10860217667615,9.78914235075127,0.412778953671137,30
"606","PA","Belterra",17839,9032.66,15002,"Santarém",1,"Norte",0,"150145",7,35,10,25,14,21,1,0,0,0,0,36,10,25,14,21,10,9.10860217667615,9.78914235075127,0.419333340924139,29
"607","PA","Benevides",63768,25772.35,15007,"Belém",1,"Norte",1,"150150",2,121,32,89,66,55,0,0,0,0,0,121,32,89,66,55,27,10.1570574907965,11.0630067761078,0.312089920342077,29
"608","PA","Benevides",63768,25772.35,15007,"Belém",1,"Norte",1,"150150",3,117,40,77,60,57,2,0,0,0,0,119,40,77,60,57,31,10.1570574907965,11.0630067761078,0.399172677576308,31
"609","PA","Benevides",63768,25772.35,15007,"Belém",1,"Norte",1,"150150",4,64,27,37,36,28,0,0,0,0,0,64,27,37,36,28,49,10.1570574907965,11.0630067761078,0.466989586163332,30
"610","PA","Benevides",63768,25772.35,15007,"Belém",1,"Norte",1,"150150",5,59,17,42,28,31,0,0,0,0,0,59,17,42,28,31,62,10.1570574907965,11.0630067761078,0.478212218949961,31
"611","PA","Benevides",63768,25772.35,15007,"Belém",1,"Norte",1,"150150",6,81,19,62,44,37,0,0,0,0,0,81,19,62,44,37,38,10.1570574907965,11.0630067761078,0.374340519107832,30
"612","PA","Benevides",63768,25772.35,15007,"Belém",1,"Norte",1,"150150",7,64,19,45,36,28,1,0,0,0,0,65,19,45,36,28,31,10.1570574907965,11.0630067761078,0.376646046403827,29
"613","PA","Bom Jesus do Tocantins",17118,10451.71,15017,"Paragominas",1,"Norte",0,"150157",2,49,19,30,22,27,1,0,0,0,0,50,19,30,22,27,10,9.25452088036962,9.74788582044155,0.27052353173888,29
"614","PA","Bom Jesus do Tocantins",17118,10451.71,15017,"Paragominas",1,"Norte",0,"150157",3,43,13,30,26,17,1,0,0,0,0,44,13,30,26,17,11,9.25452088036962,9.74788582044155,0.314368094724826,31
"615","PA","Bom Jesus do Tocantins",17118,10451.71,15017,"Paragominas",1,"Norte",0,"150157",4,36,17,19,21,15,0,0,0,0,0,36,17,19,21,15,2,9.25452088036962,9.74788582044155,0.378613189961828,30
"616","PA","Bom Jesus do Tocantins",17118,10451.71,15017,"Paragominas",1,"Norte",0,"150157",5,22,11,11,13,9,0,0,0,0,0,22,11,11,13,9,8,9.25452088036962,9.74788582044155,0.381411206586173,31
"617","PA","Bom Jesus do Tocantins",17118,10451.71,15017,"Paragominas",1,"Norte",0,"150157",6,20,6,14,13,7,0,0,0,0,0,20,6,14,13,7,4,9.25452088036962,9.74788582044155,0.345328527962946,30
"618","PA","Bom Jesus do Tocantins",17118,10451.71,15017,"Paragominas",1,"Norte",0,"150157",7,24,8,16,13,11,0,0,0,0,0,24,8,16,13,11,5,9.25452088036962,9.74788582044155,0.398049058122184,29
"619","PA","Bragança",128914,8920.18,15010,"Bragantina",1,"Norte",1,"150170",2,258,99,159,130,128,1,0,0,0,0,259,99,159,130,128,67,9.09607140474265,11.7669007943561,0.315933510493444,29
"620","PA","Bragança",128914,8920.18,15010,"Bragantina",1,"Norte",1,"150170",3,268,87,181,167,101,3,0,0,0,0,271,87,181,167,101,61,9.09607140474265,11.7669007943561,0.409423231173295,31
"621","PA","Bragança",128914,8920.18,15010,"Bragantina",1,"Norte",1,"150170",4,139,48,91,76,63,2,0,0,0,0,141,48,91,76,63,78,9.09607140474265,11.7669007943561,0.484916075317793,30
"622","PA","Bragança",128914,8920.18,15010,"Bragantina",1,"Norte",1,"150170",5,148,72,76,86,62,1,0,0,0,0,149,72,76,86,62,186,9.09607140474265,11.7669007943561,0.510770080008904,31
"623","PA","Bragança",128914,8920.18,15010,"Bragantina",1,"Norte",1,"150170",6,155,48,107,80,75,0,0,0,0,0,155,48,107,80,75,75,9.09607140474265,11.7669007943561,0.417975123694043,30
"624","PA","Bragança",128914,8920.18,15010,"Bragantina",1,"Norte",1,"150170",7,149,59,90,83,66,1,0,0,0,0,150,59,90,83,66,64,9.09607140474265,11.7669007943561,0.417319635476175,29
"625","PA","Brasil Novo",14983,16581.6,15015,"Altamira",1,"Norte",0,"150172",2,52,22,30,32,20,0,0,0,0,0,52,22,30,32,20,5,9.71604892584269,9.61467150404314,0.282132793354877,29
"626","PA","Brasil Novo",14983,16581.6,15015,"Altamira",1,"Norte",0,"150172",3,58,22,36,29,29,0,0,0,0,0,58,22,36,29,29,16,9.71604892584269,9.61467150404314,0.357478991899518,31
"627","PA","Brasil Novo",14983,16581.6,15015,"Altamira",1,"Norte",0,"150172",4,23,11,12,9,14,0,0,0,0,0,23,11,12,9,14,12,9.71604892584269,9.61467150404314,0.357950683605375,30
"628","PA","Brasil Novo",14983,16581.6,15015,"Altamira",1,"Norte",0,"150172",5,25,12,13,15,10,0,0,0,0,0,25,12,13,15,10,14,9.71604892584269,9.61467150404314,0.388916030633984,31
"629","PA","Brasil Novo",14983,16581.6,15015,"Altamira",1,"Norte",0,"150172",6,31,11,20,17,14,0,0,0,0,0,31,11,20,17,14,12,9.71604892584269,9.61467150404314,0.415723181282241,30
"630","PA","Brasil Novo",14983,16581.6,15015,"Altamira",1,"Norte",0,"150172",7,24,14,10,15,9,1,0,0,0,0,25,14,10,15,9,20,9.71604892584269,9.61467150404314,0.389649786972487,29
"631","PA","Breu Branco",67332,8800.88,15016,"Tucuruí",1,"Norte",1,"150178",2,109,50,59,63,46,0,0,0,0,0,109,50,59,63,46,17,9.08260699546663,11.117390885539,0.315850002802319,29
"632","PA","Breu Branco",67332,8800.88,15016,"Tucuruí",1,"Norte",1,"150178",3,117,53,64,81,36,1,0,0,0,0,118,53,64,81,36,24,9.08260699546663,11.117390885539,0.389797212305217,31
"633","PA","Breu Branco",67332,8800.88,15016,"Tucuruí",1,"Norte",1,"150178",4,56,19,37,33,23,0,0,0,0,0,56,19,37,33,23,22,9.08260699546663,11.117390885539,0.394506052621277,30
"634","PA","Breu Branco",67332,8800.88,15016,"Tucuruí",1,"Norte",1,"150178",5,63,39,24,42,21,0,0,0,0,0,63,39,24,42,21,36,9.08260699546663,11.117390885539,0.419977307679982,31
"635","PA","Breu Branco",67332,8800.88,15016,"Tucuruí",1,"Norte",1,"150178",6,64,21,43,40,24,1,0,0,0,0,65,21,43,40,24,25,9.08260699546663,11.117390885539,0.401812616935849,30
"636","PA","Breu Branco",67332,8800.88,15016,"Tucuruí",1,"Norte",1,"150178",7,75,32,43,49,26,1,0,0,0,0,76,32,43,49,26,25,9.08260699546663,11.117390885539,0.38560942554596,29
"637","PA","Breves",103497,7986.65,15005,"Furos de Breves",1,"Norte",1,"150180",2,399,270,129,193,206,2,0,0,0,0,401,270,129,193,206,29,8.98552667674775,11.5472979057602,0.299180627073605,29
"638","PA","Breves",103497,7986.65,15005,"Furos de Breves",1,"Norte",1,"150180",3,369,243,126,183,186,3,0,0,0,0,372,243,126,183,186,27,8.98552667674775,11.5472979057602,0.39557261641565,31
"639","PA","Breves",103497,7986.65,15005,"Furos de Breves",1,"Norte",1,"150180",4,218,147,71,111,107,1,0,0,0,0,219,147,71,111,107,37,8.98552667674775,11.5472979057602,0.473981024542254,30
"640","PA","Breves",103497,7986.65,15005,"Furos de Breves",1,"Norte",1,"150180",5,213,145,68,104,109,3,0,0,0,0,216,145,68,104,109,75,8.98552667674775,11.5472979057602,0.56678384285281,31
"641","PA","Breves",103497,7986.65,15005,"Furos de Breves",1,"Norte",1,"150180",6,214,149,65,109,105,3,0,0,0,0,217,149,65,109,105,35,8.98552667674775,11.5472979057602,0.423931318834561,30
"642","PA","Breves",103497,7986.65,15005,"Furos de Breves",1,"Norte",1,"150180",7,258,175,83,137,121,3,0,0,0,0,261,175,83,137,121,29,8.98552667674775,11.5472979057602,0.414524827609363,29
"643","PA","Bujaru",29427,15721.51,15008,"Castanhal",1,"Norte",0,"150190",2,65,25,40,34,31,0,0,0,0,0,65,25,40,34,31,13,9.66278511734976,10.2896678992324,0.351993524028983,29
"644","PA","Bujaru",29427,15721.51,15008,"Castanhal",1,"Norte",0,"150190",3,39,11,28,21,18,0,0,0,0,0,39,11,28,21,18,10,9.66278511734976,10.2896678992324,0.420970033660153,31
"645","PA","Bujaru",29427,15721.51,15008,"Castanhal",1,"Norte",0,"150190",4,24,14,10,14,10,0,0,0,0,0,24,14,10,14,10,10,9.66278511734976,10.2896678992324,0.458754250818981,30
"646","PA","Bujaru",29427,15721.51,15008,"Castanhal",1,"Norte",0,"150190",5,43,17,26,26,17,1,0,0,0,0,44,17,26,26,17,21,9.66278511734976,10.2896678992324,0.523397389139518,31
"647","PA","Bujaru",29427,15721.51,15008,"Castanhal",1,"Norte",0,"150190",6,30,11,19,15,15,0,0,0,0,0,30,11,19,15,15,16,9.66278511734976,10.2896678992324,0.422690270146014,30
"648","PA","Bujaru",29427,15721.51,15008,"Castanhal",1,"Norte",0,"150190",7,32,12,20,17,15,0,0,0,0,0,32,12,20,17,15,14,9.66278511734976,10.2896678992324,0.402360420577054,29
"649","PA","Cachoeira do Piriá",34609,5408.39,15013,"Guamá",1,"Norte",0,"150195",2,47,29,18,32,15,0,0,0,0,0,47,29,18,32,15,4,8.59570673050723,10.4518690428286,0.32149204396645,29
"650","PA","Cachoeira do Piriá",34609,5408.39,15013,"Guamá",1,"Norte",0,"150195",3,36,20,16,25,11,0,0,0,0,0,36,20,16,25,11,6,8.59570673050723,10.4518690428286,0.469151809349026,31
"651","PA","Cachoeira do Piriá",34609,5408.39,15013,"Guamá",1,"Norte",0,"150195",4,16,11,5,8,8,1,0,0,0,0,17,11,5,8,8,3,8.59570673050723,10.4518690428286,0.463454459392821,30
"652","PA","Cachoeira do Piriá",34609,5408.39,15013,"Guamá",1,"Norte",0,"150195",5,25,16,9,18,7,1,0,0,0,0,26,16,9,18,7,5,8.59570673050723,10.4518690428286,0.508728851282635,31
"653","PA","Cachoeira do Piriá",34609,5408.39,15013,"Guamá",1,"Norte",0,"150195",6,23,9,14,16,7,0,0,0,0,0,23,9,14,16,7,8,8.59570673050723,10.4518690428286,0.484678308889331,30
"654","PA","Cachoeira do Piriá",34609,5408.39,15013,"Guamá",1,"Norte",0,"150195",7,25,9,16,17,8,0,0,0,0,0,25,9,16,17,8,11,8.59570673050723,10.4518690428286,0.481479987556126,29
"655","PA","Cachoeira do Arari",24064,7811.71,15006,"Arari",1,"Norte",0,"150200",2,53,30,23,32,21,1,0,0,0,0,54,30,23,32,21,4,8.96337916893168,10.0884722267496,0.378071625830929,29
"656","PA","Cachoeira do Arari",24064,7811.71,15006,"Arari",1,"Norte",0,"150200",3,46,27,19,34,12,0,0,0,0,0,46,27,19,34,12,6,8.96337916893168,10.0884722267496,0.462155547021105,31
"657","PA","Cachoeira do Arari",24064,7811.71,15006,"Arari",1,"Norte",0,"150200",4,18,11,7,10,8,0,0,0,0,0,18,11,7,10,8,3,8.96337916893168,10.0884722267496,0.482726120146444,30
"658","PA","Cachoeira do Arari",24064,7811.71,15006,"Arari",1,"Norte",0,"150200",5,21,13,8,12,9,0,0,0,0,0,21,13,8,12,9,19,8.96337916893168,10.0884722267496,0.544690421806925,31
"659","PA","Cachoeira do Arari",24064,7811.71,15006,"Arari",1,"Norte",0,"150200",6,16,6,10,7,9,1,0,0,0,0,17,6,10,7,9,7,8.96337916893168,10.0884722267496,0.470053441133148,30
"660","PA","Cachoeira do Arari",24064,7811.71,15006,"Arari",1,"Norte",0,"150200",7,29,15,14,17,12,0,0,0,0,0,29,15,14,17,12,6,8.96337916893168,10.0884722267496,0.476952405437059,29
"661","PA","Cametá",139364,8333.51,15011,"Cametá",1,"Norte",1,"150210",2,369,169,200,214,155,1,0,0,0,0,370,169,200,214,155,38,9.02804001495751,11.8448444943151,0.307985602855247,29
"662","PA","Cametá",139364,8333.51,15011,"Cametá",1,"Norte",1,"150210",3,396,165,231,220,176,4,0,0,0,0,400,165,231,220,176,47,9.02804001495751,11.8448444943151,0.411728969299501,31
"663","PA","Cametá",139364,8333.51,15011,"Cametá",1,"Norte",1,"150210",4,214,76,138,119,95,1,0,0,0,0,215,76,138,119,95,38,9.02804001495751,11.8448444943151,0.502643331324434,30
"664","PA","Cametá",139364,8333.51,15011,"Cametá",1,"Norte",1,"150210",5,185,79,106,105,80,2,0,0,0,0,187,79,106,105,80,103,9.02804001495751,11.8448444943151,0.527102786625405,31
"665","PA","Cametá",139364,8333.51,15011,"Cametá",1,"Norte",1,"150210",6,198,81,117,102,96,1,0,0,0,0,199,81,117,102,96,75,9.02804001495751,11.8448444943151,0.438377792018612,30
"666","PA","Cametá",139364,8333.51,15011,"Cametá",1,"Norte",1,"150210",7,170,72,98,94,76,2,0,0,0,0,172,72,98,94,76,42,9.02804001495751,11.8448444943151,0.427894254183217,29
"667","PA","Canaã dos Carajás",38103,197137.69,15019,"Parauapebas",1,"Norte",0,"150215",2,206,52,154,116,90,1,0,0,0,0,207,52,154,116,90,10,12.1916576975897,10.5480482981724,0.287568744178999,29
"668","PA","Canaã dos Carajás",38103,197137.69,15019,"Parauapebas",1,"Norte",0,"150215",3,209,50,159,109,100,0,0,0,0,0,209,50,159,109,100,25,12.1916576975897,10.5480482981724,0.351258150315785,31
"669","PA","Canaã dos Carajás",38103,197137.69,15019,"Parauapebas",1,"Norte",0,"150215",4,104,25,79,44,60,1,0,0,0,0,105,25,79,44,60,16,12.1916576975897,10.5480482981724,0.392890847606284,30
"670","PA","Canaã dos Carajás",38103,197137.69,15019,"Parauapebas",1,"Norte",0,"150215",5,115,43,72,57,58,0,0,0,0,0,115,43,72,57,58,25,12.1916576975897,10.5480482981724,0.426227714820839,31
"671","PA","Canaã dos Carajás",38103,197137.69,15019,"Parauapebas",1,"Norte",0,"150215",6,106,25,81,52,54,1,0,0,0,0,107,25,81,52,54,31,12.1916576975897,10.5480482981724,0.359266064499358,30
"672","PA","Canaã dos Carajás",38103,197137.69,15019,"Parauapebas",1,"Norte",0,"150215",7,118,30,88,54,64,2,0,0,0,0,120,30,88,54,64,20,12.1916576975897,10.5480482981724,0.352010533098294,29
"673","PA","Capanema",69431,14974.3,15010,"Bragantina",1,"Norte",1,"150220",2,139,28,111,65,74,0,0,0,0,0,139,28,111,65,74,31,9.6140906773168,11.1480887326394,0.308639447313259,29
"674","PA","Capanema",69431,14974.3,15010,"Bragantina",1,"Norte",1,"150220",3,157,43,114,59,98,0,0,0,0,0,157,43,114,59,98,39,9.6140906773168,11.1480887326394,0.3969884476643,31
"675","PA","Capanema",69431,14974.3,15010,"Bragantina",1,"Norte",1,"150220",4,60,17,43,27,33,0,0,0,0,0,60,17,43,27,33,43,9.6140906773168,11.1480887326394,0.448339739902278,30
"676","PA","Capanema",69431,14974.3,15010,"Bragantina",1,"Norte",1,"150220",5,63,18,45,33,30,0,0,0,0,0,63,18,45,33,30,105,9.6140906773168,11.1480887326394,0.465420781647539,31
"677","PA","Capanema",69431,14974.3,15010,"Bragantina",1,"Norte",1,"150220",6,83,24,59,47,36,0,0,0,0,0,83,24,59,47,36,70,9.6140906773168,11.1480887326394,0.365511601505724,30
"678","PA","Capanema",69431,14974.3,15010,"Bragantina",1,"Norte",1,"150220",7,70,13,57,37,33,0,0,0,0,0,70,13,57,37,33,30,9.6140906773168,11.1480887326394,0.361376800243701,29
"679","PA","Capitão Poço",54425,9217.63,15013,"Guamá",1,"Norte",0,"150230",2,135,53,82,62,73,0,0,0,0,0,135,53,82,62,73,27,9.12887323361611,10.9045788861027,0.304659149755762,29
"680","PA","Capitão Poço",54425,9217.63,15013,"Guamá",1,"Norte",0,"150230",3,144,63,81,82,62,1,0,0,0,0,145,63,81,82,62,20,9.12887323361611,10.9045788861027,0.372742404342204,31
"681","PA","Capitão Poço",54425,9217.63,15013,"Guamá",1,"Norte",0,"150230",4,81,34,47,40,41,0,0,0,0,0,81,34,47,40,41,27,9.12887323361611,10.9045788861027,0.423887762345966,30
"682","PA","Capitão Poço",54425,9217.63,15013,"Guamá",1,"Norte",0,"150230",5,61,30,31,35,26,2,0,0,0,0,63,30,31,35,26,46,9.12887323361611,10.9045788861027,0.453525865441303,31
"683","PA","Capitão Poço",54425,9217.63,15013,"Guamá",1,"Norte",0,"150230",6,71,31,40,47,24,4,0,0,0,0,75,31,40,47,24,35,9.12887323361611,10.9045788861027,0.391516967798886,30
"684","PA","Capitão Poço",54425,9217.63,15013,"Guamá",1,"Norte",0,"150230",7,76,33,43,38,38,1,0,0,0,0,77,33,43,38,38,32,9.12887323361611,10.9045788861027,0.397414079869502,29
"685","PA","Castanhal",203251,19728.13,15008,"Castanhal",1,"Norte",1,"150240",2,528,134,394,259,269,2,0,0,0,0,530,134,394,259,269,82,9.88980081500123,12.2221969474472,0.299829259238867,29
"686","PA","Castanhal",203251,19728.13,15008,"Castanhal",1,"Norte",1,"150240",3,512,138,374,234,278,3,0,0,0,0,515,138,374,234,278,124,9.88980081500123,12.2221969474472,0.391130421629495,31
"687","PA","Castanhal",203251,19728.13,15008,"Castanhal",1,"Norte",1,"150240",4,250,68,182,114,136,1,0,0,0,0,251,68,182,114,136,126,9.88980081500123,12.2221969474472,0.454689851116956,30
"688","PA","Castanhal",203251,19728.13,15008,"Castanhal",1,"Norte",1,"150240",5,234,60,174,108,126,2,0,0,0,0,236,60,174,108,126,311,9.88980081500123,12.2221969474472,0.486495244509431,31
"689","PA","Castanhal",203251,19728.13,15008,"Castanhal",1,"Norte",1,"150240",6,293,69,224,129,164,2,0,0,0,0,295,69,224,129,164,128,9.88980081500123,12.2221969474472,0.38628197610757,30
"690","PA","Castanhal",203251,19728.13,15008,"Castanhal",1,"Norte",1,"150240",7,248,52,196,111,137,1,0,0,0,0,249,52,196,111,137,77,9.88980081500123,12.2221969474472,0.378345123365396,29
"691","PA","Conceição do Araguaia",47991,11577.95,15022,"Conceição do Araguaia",1,"Norte",1,"150270",2,105,20,85,50,55,1,0,0,0,0,106,20,85,50,55,25,9.35685770609447,10.7787687723097,0.289951621895693,29
"692","PA","Conceição do Araguaia",47991,11577.95,15022,"Conceição do Araguaia",1,"Norte",1,"150270",3,100,17,83,53,47,0,0,0,0,0,100,17,83,53,47,17,9.35685770609447,10.7787687723097,0.35853793192293,31
"693","PA","Conceição do Araguaia",47991,11577.95,15022,"Conceição do Araguaia",1,"Norte",1,"150270",4,57,15,42,29,28,0,0,0,0,0,57,15,42,29,28,20,9.35685770609447,10.7787687723097,0.38402487827687,30
"694","PA","Conceição do Araguaia",47991,11577.95,15022,"Conceição do Araguaia",1,"Norte",1,"150270",5,51,10,41,28,23,2,0,0,0,0,53,10,41,28,23,25,9.35685770609447,10.7787687723097,0.387850190908135,31
"695","PA","Conceição do Araguaia",47991,11577.95,15022,"Conceição do Araguaia",1,"Norte",1,"150270",6,59,16,43,30,29,1,0,0,0,0,60,16,43,30,29,25,9.35685770609447,10.7787687723097,0.367028221044586,30
"696","PA","Conceição do Araguaia",47991,11577.95,15022,"Conceição do Araguaia",1,"Norte",1,"150270",7,58,11,47,37,21,0,0,0,0,0,58,11,47,37,21,25,9.35685770609447,10.7787687723097,0.399900406305139,29
"697","PA","Concórdia do Pará",33781,8940.13,15012,"Tomé-Açu",1,"Norte",0,"150275",2,44,21,23,25,19,0,0,0,0,0,44,21,23,25,19,10,9.09830540944886,10.4276537932392,0.282950385786335,29
"698","PA","Concórdia do Pará",33781,8940.13,15012,"Tomé-Açu",1,"Norte",0,"150275",3,69,37,32,37,32,0,0,0,0,0,69,37,32,37,32,6,9.09830540944886,10.4276537932392,0.349253217752774,31
"699","PA","Concórdia do Pará",33781,8940.13,15012,"Tomé-Açu",1,"Norte",0,"150275",4,39,22,17,20,19,1,0,0,0,0,40,22,17,20,19,14,9.09830540944886,10.4276537932392,0.400870933336964,30
"700","PA","Concórdia do Pará",33781,8940.13,15012,"Tomé-Açu",1,"Norte",0,"150275",5,43,21,22,31,12,0,0,0,0,0,43,21,22,31,12,19,9.09830540944886,10.4276537932392,0.412899960418737,31
"701","PA","Concórdia do Pará",33781,8940.13,15012,"Tomé-Açu",1,"Norte",0,"150275",6,44,21,23,25,19,1,0,0,0,0,45,21,23,25,19,14,9.09830540944886,10.4276537932392,0.382021198402756,30
"702","PA","Concórdia do Pará",33781,8940.13,15012,"Tomé-Açu",1,"Norte",0,"150275",7,39,14,25,26,13,2,0,0,0,0,41,14,25,26,13,10,9.09830540944886,10.4276537932392,0.365074158638744,29
"703","PA","Curionópolis",17846,45532.54,15019,"Parauapebas",1,"Norte",1,"150277",2,46,18,28,17,29,0,0,0,0,0,46,18,28,17,29,10,10.7261825141657,9.7895346724601,0.27429029068492,29
"704","PA","Curionópolis",17846,45532.54,15019,"Parauapebas",1,"Norte",1,"150277",3,63,18,45,41,22,0,0,0,0,0,63,18,45,41,22,19,10.7261825141657,9.7895346724601,0.329504899035302,31
"705","PA","Curionópolis",17846,45532.54,15019,"Parauapebas",1,"Norte",1,"150277",4,25,4,21,14,11,0,0,0,0,0,25,4,21,14,11,9,10.7261825141657,9.7895346724601,0.365456272507227,30
"706","PA","Curionópolis",17846,45532.54,15019,"Parauapebas",1,"Norte",1,"150277",5,24,8,16,9,15,0,0,0,0,0,24,8,16,9,15,21,10.7261825141657,9.7895346724601,0.389395174688803,31
"707","PA","Curionópolis",17846,45532.54,15019,"Parauapebas",1,"Norte",1,"150277",6,35,9,26,21,14,0,0,0,0,0,35,9,26,21,14,14,10.7261825141657,9.7895346724601,0.352250585001417,30
"708","PA","Curionópolis",17846,45532.54,15019,"Parauapebas",1,"Norte",1,"150277",7,37,12,25,21,16,0,0,0,0,0,37,12,25,21,16,12,10.7261825141657,9.7895346724601,0.357562573434163,29
"709","PA","Curralinho",34994,14591.11,15005,"Furos de Breves",1,"Norte",0,"150280",2,95,57,38,60,35,0,0,0,0,0,95,57,38,60,35,6,9.58816771812944,10.4629318972046,0.343375836734331,29
"710","PA","Curralinho",34994,14591.11,15005,"Furos de Breves",1,"Norte",0,"150280",3,76,39,37,45,31,3,0,0,0,0,79,39,37,45,31,8,9.58816771812944,10.4629318972046,0.393373317931777,31
"711","PA","Curralinho",34994,14591.11,15005,"Furos de Breves",1,"Norte",0,"150280",4,54,33,21,32,22,1,0,0,0,0,55,33,21,32,22,7,9.58816771812944,10.4629318972046,0.458715319476168,30
"712","PA","Curralinho",34994,14591.11,15005,"Furos de Breves",1,"Norte",0,"150280",5,42,29,13,22,20,0,0,0,0,0,42,29,13,22,20,9,9.58816771812944,10.4629318972046,0.534171967553442,31
"713","PA","Curralinho",34994,14591.11,15005,"Furos de Breves",1,"Norte",0,"150280",6,57,33,24,35,22,0,0,0,0,0,57,33,24,35,22,9,9.58816771812944,10.4629318972046,0.457140287629744,30
"714","PA","Curralinho",34994,14591.11,15005,"Furos de Breves",1,"Norte",0,"150280",7,58,39,19,37,21,1,0,0,0,0,59,39,19,37,21,5,9.58816771812944,10.4629318972046,0.455116158463833,29
"715","PA","Curuçá",40584,7355.01,15009,"Salgado",1,"Norte",0,"150290",2,65,19,46,35,30,0,0,0,0,0,65,19,46,35,30,16,8.90313699265392,10.6111291792465,0.320770608096927,29
"716","PA","Curuçá",40584,7355.01,15009,"Salgado",1,"Norte",0,"150290",3,72,31,41,37,35,0,0,0,0,0,72,31,41,37,35,23,8.90313699265392,10.6111291792465,0.389570717114772,31
"717","PA","Curuçá",40584,7355.01,15009,"Salgado",1,"Norte",0,"150290",4,44,19,25,24,20,0,0,0,0,0,44,19,25,24,20,33,8.90313699265392,10.6111291792465,0.458197032411159,30
"718","PA","Curuçá",40584,7355.01,15009,"Salgado",1,"Norte",0,"150290",5,32,9,23,19,13,0,0,0,0,0,32,9,23,19,13,64,8.90313699265392,10.6111291792465,0.481266131135414,31
"719","PA","Curuçá",40584,7355.01,15009,"Salgado",1,"Norte",0,"150290",6,44,19,25,30,14,1,0,0,0,0,45,19,25,30,14,33,8.90313699265392,10.6111291792465,0.417507552716725,30
"720","PA","Curuçá",40584,7355.01,15009,"Salgado",1,"Norte",0,"150290",7,47,17,30,27,20,0,0,0,0,0,47,17,30,27,20,22,8.90313699265392,10.6111291792465,0.405565876371631,29
"721","PA","Dom Eliseu",60469,11626.49,15017,"Paragominas",1,"Norte",1,"150293",2,85,36,49,44,41,0,0,0,0,0,85,36,49,44,41,18,9.36104139428523,11.0098861160047,0.287492375064073,29
"722","PA","Dom Eliseu",60469,11626.49,15017,"Paragominas",1,"Norte",1,"150293",3,92,44,48,49,43,0,0,0,0,0,92,44,48,49,43,20,9.36104139428523,11.0098861160047,0.372940814785118,31
"723","PA","Dom Eliseu",60469,11626.49,15017,"Paragominas",1,"Norte",1,"150293",4,58,20,38,30,28,2,0,0,0,0,60,20,38,30,28,20,9.36104139428523,11.0098861160047,0.401882746347123,30
"724","PA","Dom Eliseu",60469,11626.49,15017,"Paragominas",1,"Norte",1,"150293",5,58,26,32,35,23,0,0,0,0,0,58,26,32,35,23,27,9.36104139428523,11.0098861160047,0.413807177583482,31
"725","PA","Dom Eliseu",60469,11626.49,15017,"Paragominas",1,"Norte",1,"150293",6,54,21,33,29,25,1,0,0,0,0,55,21,33,29,25,35,9.36104139428523,11.0098861160047,0.365375735059411,30
"726","PA","Dom Eliseu",60469,11626.49,15017,"Paragominas",1,"Norte",1,"150293",7,56,19,37,27,29,0,0,0,0,0,56,19,37,27,29,24,9.36104139428523,11.0098861160047,0.371109320469903,29
"727","PA","Eldorado do Carajás",33940,11216.38,15019,"Parauapebas",1,"Norte",0,"150295",2,65,24,41,36,29,0,0,0,0,0,65,24,41,36,29,3,9.32513048887163,10.4323495387882,0.296682012699125,29
"728","PA","Eldorado do Carajás",33940,11216.38,15019,"Parauapebas",1,"Norte",0,"150295",3,84,38,46,43,41,0,0,0,0,0,84,38,46,43,41,15,9.32513048887163,10.4323495387882,0.356728608452483,31
"729","PA","Eldorado do Carajás",33940,11216.38,15019,"Parauapebas",1,"Norte",0,"150295",4,40,17,23,24,16,0,0,0,0,0,40,17,23,24,16,11,9.32513048887163,10.4323495387882,0.375833231353575,30
"730","PA","Eldorado do Carajás",33940,11216.38,15019,"Parauapebas",1,"Norte",0,"150295",5,37,20,17,22,15,0,0,0,0,0,37,20,17,22,15,19,9.32513048887163,10.4323495387882,0.411087082799308,31
"731","PA","Eldorado do Carajás",33940,11216.38,15019,"Parauapebas",1,"Norte",0,"150295",6,29,11,18,15,14,0,0,0,0,0,29,11,18,15,14,23,9.32513048887163,10.4323495387882,0.382550828005898,30
"732","PA","Eldorado do Carajás",33940,11216.38,15019,"Parauapebas",1,"Norte",0,"150295",7,48,20,28,27,21,0,0,0,0,0,48,20,28,27,21,15,9.32513048887163,10.4323495387882,0.361194501313565,29
"733","PA","Floresta do Araguaia",20525,16942.98,15022,"Conceição do Araguaia",1,"Norte",0,"150304",2,53,17,36,30,23,0,0,0,0,0,53,17,36,30,23,9,9.73760886772891,9.92939893432063,0.302119932436926,29
"734","PA","Floresta do Araguaia",20525,16942.98,15022,"Conceição do Araguaia",1,"Norte",0,"150304",3,38,14,24,27,11,0,0,0,0,0,38,14,24,27,11,12,9.73760886772891,9.92939893432063,0.384253980731037,31
"735","PA","Floresta do Araguaia",20525,16942.98,15022,"Conceição do Araguaia",1,"Norte",0,"150304",4,28,11,17,14,14,0,0,0,0,0,28,11,17,14,14,6,9.73760886772891,9.92939893432063,0.392107046374242,30
"736","PA","Floresta do Araguaia",20525,16942.98,15022,"Conceição do Araguaia",1,"Norte",0,"150304",5,29,11,18,18,11,0,0,0,0,0,29,11,18,18,11,10,9.73760886772891,9.92939893432063,0.393394769504096,31
"737","PA","Floresta do Araguaia",20525,16942.98,15022,"Conceição do Araguaia",1,"Norte",0,"150304",6,23,9,14,17,6,0,0,0,0,0,23,9,14,17,6,11,9.73760886772891,9.92939893432063,0.37425124286135,30
"738","PA","Floresta do Araguaia",20525,16942.98,15022,"Conceição do Araguaia",1,"Norte",0,"150304",7,20,9,11,16,4,0,0,0,0,0,20,9,11,16,4,14,9.73760886772891,9.92939893432063,0.41216668961738,29
"739","PA","Garrafão do Norte",26111,8407.2,15013,"Guamá",1,"Norte",0,"150307",2,75,39,36,37,38,0,0,0,0,0,75,39,36,37,38,10,9.03684376055139,10.1701119604619,0.315655923120553,29
"740","PA","Garrafão do Norte",26111,8407.2,15013,"Guamá",1,"Norte",0,"150307",3,68,38,30,41,27,0,0,0,0,0,68,38,30,41,27,10,9.03684376055139,10.1701119604619,0.386124611520868,31
"741","PA","Garrafão do Norte",26111,8407.2,15013,"Guamá",1,"Norte",0,"150307",4,41,24,17,25,16,1,0,0,0,0,42,24,17,25,16,11,9.03684376055139,10.1701119604619,0.402974688208494,30
"742","PA","Garrafão do Norte",26111,8407.2,15013,"Guamá",1,"Norte",0,"150307",5,24,13,11,15,9,2,0,0,0,0,26,13,11,15,9,20,9.03684376055139,10.1701119604619,0.460839407857274,31
"743","PA","Garrafão do Norte",26111,8407.2,15013,"Guamá",1,"Norte",0,"150307",6,34,14,20,15,19,0,0,0,0,0,34,14,20,15,19,11,9.03684376055139,10.1701119604619,0.409655485887416,30
"744","PA","Garrafão do Norte",26111,8407.2,15013,"Guamá",1,"Norte",0,"150307",7,33,14,19,15,18,1,0,0,0,0,34,14,19,15,18,9,9.03684376055139,10.1701119604619,0.418578057153206,29
"745","PA","Goianésia do Pará",41081,8517.09,15017,"Paragominas",1,"Norte",0,"150309",2,94,45,49,59,35,2,0,0,0,0,96,45,49,59,35,11,9.04983001218634,10.6233010064921,0.256042969909697,29
"746","PA","Goianésia do Pará",41081,8517.09,15017,"Paragominas",1,"Norte",0,"150309",3,78,36,42,45,33,1,0,0,0,0,79,36,42,45,33,7,9.04983001218634,10.6233010064921,0.335416430276699,31
"747","PA","Goianésia do Pará",41081,8517.09,15017,"Paragominas",1,"Norte",0,"150309",4,34,14,20,21,13,1,0,0,0,0,35,14,20,21,13,12,9.04983001218634,10.6233010064921,0.344175954046982,30
"748","PA","Goianésia do Pará",41081,8517.09,15017,"Paragominas",1,"Norte",0,"150309",5,51,28,23,27,24,0,0,0,0,0,51,28,23,27,24,19,9.04983001218634,10.6233010064921,0.363365030194572,31
"749","PA","Goianésia do Pará",41081,8517.09,15017,"Paragominas",1,"Norte",0,"150309",6,41,18,23,23,18,1,0,0,0,0,42,18,23,23,18,17,9.04983001218634,10.6233010064921,0.345894456146781,30
"750","PA","Goianésia do Pará",41081,8517.09,15017,"Paragominas",1,"Norte",0,"150309",7,50,25,25,32,18,0,0,0,0,0,50,25,25,32,18,12,9.04983001218634,10.6233010064921,0.330228629589217,29
"751","PA","Gurupá",33755,8176.92,15004,"Portel",1,"Norte",0,"150310",2,65,43,22,32,33,1,0,0,0,0,66,43,22,32,33,7,9.00907083057492,10.426883833476,0.342695920708265,29
"752","PA","Gurupá",33755,8176.92,15004,"Portel",1,"Norte",0,"150310",3,65,39,26,34,31,0,0,0,0,0,65,39,26,34,31,7,9.00907083057492,10.426883833476,0.404514741219909,31
"753","PA","Gurupá",33755,8176.92,15004,"Portel",1,"Norte",0,"150310",4,62,47,15,27,35,1,0,0,0,0,63,47,15,27,35,7,9.00907083057492,10.426883833476,0.431069569253435,30
"754","PA","Gurupá",33755,8176.92,15004,"Portel",1,"Norte",0,"150310",5,56,33,23,32,24,1,0,0,0,0,57,33,23,32,24,14,9.00907083057492,10.426883833476,0.553478780072531,31
"755","PA","Gurupá",33755,8176.92,15004,"Portel",1,"Norte",0,"150310",6,62,42,20,37,25,0,0,0,0,0,62,42,20,37,25,15,9.00907083057492,10.426883833476,0.464460666287337,30
"756","PA","Gurupá",33755,8176.92,15004,"Portel",1,"Norte",0,"150310",7,61,32,29,33,28,5,0,0,0,0,66,32,29,33,28,11,9.00907083057492,10.426883833476,0.490450958121193,29
"757","PA","Igarapé-Açu",39023,9202.31,15010,"Bragantina",1,"Norte",0,"150320",2,89,34,55,45,44,1,0,0,0,0,90,34,55,45,44,15,9.1272098184766,10.5719064948711,0.300983875551696,29
"758","PA","Igarapé-Açu",39023,9202.31,15010,"Bragantina",1,"Norte",0,"150320",3,78,32,46,39,39,0,0,0,0,0,78,32,46,39,39,30,9.1272098184766,10.5719064948711,0.39221561114786,31
"759","PA","Igarapé-Açu",39023,9202.31,15010,"Bragantina",1,"Norte",0,"150320",4,37,14,23,18,19,0,0,0,0,0,37,14,23,18,19,21,9.1272098184766,10.5719064948711,0.447788851807996,30
"760","PA","Igarapé-Açu",39023,9202.31,15010,"Bragantina",1,"Norte",0,"150320",5,41,11,30,23,18,1,0,0,0,0,42,11,30,23,18,46,9.1272098184766,10.5719064948711,0.477929954880275,31
"761","PA","Igarapé-Açu",39023,9202.31,15010,"Bragantina",1,"Norte",0,"150320",6,50,16,34,27,23,0,0,0,0,0,50,16,34,27,23,26,9.1272098184766,10.5719064948711,0.408274258688814,30
"762","PA","Igarapé-Açu",39023,9202.31,15010,"Bragantina",1,"Norte",0,"150320",7,48,16,32,23,25,0,0,0,0,0,48,16,32,23,25,15,9.1272098184766,10.5719064948711,0.404042485241927,29
"763","PA","Igarapé-Miri",63036,6251.33,15011,"Cametá",1,"Norte",0,"150330",2,178,90,88,91,87,0,0,0,0,0,178,90,88,91,87,15,8.74054952009174,11.051461270742,0.295118148812136,29
"764","PA","Igarapé-Miri",63036,6251.33,15011,"Cametá",1,"Norte",0,"150330",3,154,78,76,87,67,1,0,0,0,0,155,78,76,87,67,21,8.74054952009174,11.051461270742,0.358242167449293,31
"765","PA","Igarapé-Miri",63036,6251.33,15011,"Cametá",1,"Norte",0,"150330",4,88,44,44,52,36,1,0,0,0,0,89,44,44,52,36,30,8.74054952009174,11.051461270742,0.448190876128813,30
"766","PA","Igarapé-Miri",63036,6251.33,15011,"Cametá",1,"Norte",0,"150330",5,75,35,40,44,31,0,0,0,0,0,75,35,40,44,31,64,8.74054952009174,11.051461270742,0.523327141930893,31
"767","PA","Igarapé-Miri",63036,6251.33,15011,"Cametá",1,"Norte",0,"150330",6,97,46,51,57,40,0,0,0,0,0,97,46,51,57,40,20,8.74054952009174,11.051461270742,0.41531600817705,30
"768","PA","Igarapé-Miri",63036,6251.33,15011,"Cametá",1,"Norte",0,"150330",7,103,44,59,62,41,2,0,0,0,0,105,44,59,62,41,17,8.74054952009174,11.051461270742,0.415286382577803,29
"769","PA","Ipixuna do Pará",65625,8311.48,15013,"Guamá",1,"Norte",0,"150345",2,89,41,48,48,41,1,0,0,0,0,90,41,48,48,41,12,9.0253929706681,11.0917119998939,0.294235018135479,29
"770","PA","Ipixuna do Pará",65625,8311.48,15013,"Guamá",1,"Norte",0,"150345",3,80,40,40,42,38,0,0,0,0,0,80,40,40,42,38,13,9.0253929706681,11.0917119998939,0.373185825610325,31
"771","PA","Ipixuna do Pará",65625,8311.48,15013,"Guamá",1,"Norte",0,"150345",4,54,18,36,37,17,0,0,0,0,0,54,18,36,37,17,16,9.0253929706681,11.0917119998939,0.433818674506311,30
"772","PA","Ipixuna do Pará",65625,8311.48,15013,"Guamá",1,"Norte",0,"150345",5,46,25,21,32,14,1,0,0,0,0,47,25,21,32,14,30,9.0253929706681,11.0917119998939,0.47567481435633,31
"773","PA","Ipixuna do Pará",65625,8311.48,15013,"Guamá",1,"Norte",0,"150345",6,39,12,27,21,18,2,0,0,0,0,41,12,27,21,18,20,9.0253929706681,11.0917119998939,0.452192500076114,30
"774","PA","Ipixuna do Pará",65625,8311.48,15013,"Guamá",1,"Norte",0,"150345",7,41,17,24,27,14,0,0,0,0,0,41,17,24,27,14,16,9.0253929706681,11.0917119998939,0.43587644212632,29
"775","PA","Irituia",32595,6568.83,15013,"Guamá",1,"Norte",0,"150350",2,55,25,30,34,21,0,0,0,0,0,55,25,30,34,21,16,8.79009101342836,10.3919141813586,0.286193613963555,29
"776","PA","Irituia",32595,6568.83,15013,"Guamá",1,"Norte",0,"150350",3,76,35,41,34,42,0,0,0,0,0,76,35,41,34,42,14,8.79009101342836,10.3919141813586,0.364111064103156,31
"777","PA","Irituia",32595,6568.83,15013,"Guamá",1,"Norte",0,"150350",4,37,17,20,20,17,1,0,0,0,0,38,17,20,20,17,18,8.79009101342836,10.3919141813586,0.43705608864754,30
"778","PA","Irituia",32595,6568.83,15013,"Guamá",1,"Norte",0,"150350",5,40,16,24,20,20,2,0,0,0,0,42,16,24,20,20,21,8.79009101342836,10.3919141813586,0.509356544316428,31
"779","PA","Irituia",32595,6568.83,15013,"Guamá",1,"Norte",0,"150350",6,45,14,31,28,17,0,0,0,0,0,45,14,31,28,17,11,8.79009101342836,10.3919141813586,0.420923753076867,30
"780","PA","Irituia",32595,6568.83,15013,"Guamá",1,"Norte",0,"150350",7,33,9,24,18,15,1,0,0,0,0,34,9,24,18,15,16,8.79009101342836,10.3919141813586,0.421085717336795,29
"781","PA","Itaituba",101395,17949.27,15014,"Itaituba",1,"Norte",1,"150360",2,389,138,251,215,174,2,0,0,0,0,391,138,251,215,174,46,9.79530472456576,11.5267790592588,0.308303167270108,29
"782","PA","Itaituba",101395,17949.27,15014,"Itaituba",1,"Norte",1,"150360",3,396,139,257,211,185,3,0,0,0,0,399,139,257,211,185,73,9.79530472456576,11.5267790592588,0.370396705775488,31
"783","PA","Itaituba",101395,17949.27,15014,"Itaituba",1,"Norte",1,"150360",4,214,77,137,122,92,3,0,0,0,0,217,77,137,122,92,58,9.79530472456576,11.5267790592588,0.403303920348516,30
"784","PA","Itaituba",101395,17949.27,15014,"Itaituba",1,"Norte",1,"150360",5,202,90,112,126,76,2,0,0,0,0,204,90,112,126,76,84,9.79530472456576,11.5267790592588,0.421153316562189,31
"785","PA","Itaituba",101395,17949.27,15014,"Itaituba",1,"Norte",1,"150360",6,207,88,119,118,89,7,0,0,0,0,214,88,119,118,89,114,9.79530472456576,11.5267790592588,0.400610333602145,30
"786","PA","Itaituba",101395,17949.27,15014,"Itaituba",1,"Norte",1,"150360",7,231,84,147,128,103,3,0,0,0,0,234,84,147,128,103,93,9.79530472456576,11.5267790592588,0.399881043984877,29
"787","PA","Itupiranga",53355,9760.03,15016,"Tucuruí",1,"Norte",1,"150370",2,142,64,78,89,53,0,0,0,0,0,142,64,78,89,53,16,9.18605075317291,10.8847229730507,0.287536983720933,29
"788","PA","Itupiranga",53355,9760.03,15016,"Tucuruí",1,"Norte",1,"150370",3,120,61,59,67,53,0,0,0,0,0,120,61,59,67,53,24,9.18605075317291,10.8847229730507,0.361064009831383,31
"789","PA","Itupiranga",53355,9760.03,15016,"Tucuruí",1,"Norte",1,"150370",4,54,22,32,32,22,0,0,0,0,0,54,22,32,32,22,26,9.18605075317291,10.8847229730507,0.402795538030817,30
"790","PA","Itupiranga",53355,9760.03,15016,"Tucuruí",1,"Norte",1,"150370",5,54,19,35,33,21,0,0,0,0,0,54,19,35,33,21,27,9.18605075317291,10.8847229730507,0.414687733053964,31
"791","PA","Itupiranga",53355,9760.03,15016,"Tucuruí",1,"Norte",1,"150370",6,64,28,36,38,26,0,0,0,0,0,64,28,36,38,26,29,9.18605075317291,10.8847229730507,0.411331391572741,30
"792","PA","Itupiranga",53355,9760.03,15016,"Tucuruí",1,"Norte",1,"150370",7,58,22,36,37,21,0,0,0,0,0,58,22,36,37,21,34,9.18605075317291,10.8847229730507,0.410543183228669,29
"793","PA","Jacareacanga",7590,51864.99,15014,"Itaituba",1,"Norte",0,"150375",2,99,61,38,58,41,1,0,0,0,0,100,61,38,58,41,5,10.8563992750577,8.93458687038968,0.326128262893454,29
"794","PA","Jacareacanga",7590,51864.99,15014,"Itaituba",1,"Norte",0,"150375",3,81,49,32,49,32,0,0,0,0,0,81,49,32,49,32,8,10.8563992750577,8.93458687038968,0.399713980587955,31
"795","PA","Jacareacanga",7590,51864.99,15014,"Itaituba",1,"Norte",0,"150375",4,41,25,16,26,15,0,0,0,0,0,41,25,16,26,15,5,10.8563992750577,8.93458687038968,0.400097633922869,30
"796","PA","Jacareacanga",7590,51864.99,15014,"Itaituba",1,"Norte",0,"150375",5,64,46,18,36,28,2,0,0,0,0,66,46,18,36,28,12,10.8563992750577,8.93458687038968,0.453271088909721,31
"797","PA","Jacareacanga",7590,51864.99,15014,"Itaituba",1,"Norte",0,"150375",6,56,35,21,38,18,0,0,0,0,0,56,35,21,38,18,22,10.8563992750577,8.93458687038968,0.425575432024678,30
"798","PA","Jacareacanga",7590,51864.99,15014,"Itaituba",1,"Norte",0,"150375",7,55,40,15,33,22,0,0,0,0,0,55,40,15,33,22,21,10.8563992750577,8.93458687038968,0.445907977513362,29
"799","PA","Jacundá",59842,8283.6,15016,"Tucuruí",1,"Norte",1,"150380",2,123,52,71,60,63,2,0,0,0,0,125,52,71,60,63,29,9.02203293549743,10.9994630345497,0.27543596676875,29
"800","PA","Jacundá",59842,8283.6,15016,"Tucuruí",1,"Norte",1,"150380",3,99,39,60,71,28,1,0,0,0,0,100,39,60,71,28,23,9.02203293549743,10.9994630345497,0.348880620910563,31
"801","PA","Jacundá",59842,8283.6,15016,"Tucuruí",1,"Norte",1,"150380",4,59,19,40,34,25,0,0,0,0,0,59,19,40,34,25,24,9.02203293549743,10.9994630345497,0.372180343685294,30
"802","PA","Jacundá",59842,8283.6,15016,"Tucuruí",1,"Norte",1,"150380",5,49,19,30,21,28,1,0,0,0,0,50,19,30,21,28,29,9.02203293549743,10.9994630345497,0.362690863203282,31
"803","PA","Jacundá",59842,8283.6,15016,"Tucuruí",1,"Norte",1,"150380",6,67,27,40,35,32,1,0,0,0,0,68,27,40,35,32,21,9.02203293549743,10.9994630345497,0.347202519179203,30
"804","PA","Jacundá",59842,8283.6,15016,"Tucuruí",1,"Norte",1,"150380",7,67,24,43,44,23,0,0,0,0,0,67,24,43,44,23,29,9.02203293549743,10.9994630345497,0.364895377669309,29
"805","PA","Juruti",58960,17514.79,15001,"Óbidos",1,"Norte",0,"150390",2,169,65,104,86,83,2,0,0,0,0,171,65,104,86,83,14,9.77080094583662,10.9846145268632,0.258240573150753,29
"806","PA","Juruti",58960,17514.79,15001,"Óbidos",1,"Norte",0,"150390",3,154,44,110,80,74,2,0,0,0,0,156,44,110,80,74,12,9.77080094583662,10.9846145268632,0.329105463181544,31
"807","PA","Juruti",58960,17514.79,15001,"Óbidos",1,"Norte",0,"150390",4,104,44,60,54,50,2,0,0,0,0,106,44,60,54,50,22,9.77080094583662,10.9846145268632,0.399009262268872,30
"808","PA","Juruti",58960,17514.79,15001,"Óbidos",1,"Norte",0,"150390",5,95,42,53,56,39,1,0,0,0,0,96,42,53,56,39,45,9.77080094583662,10.9846145268632,0.400683366032385,31
"809","PA","Juruti",58960,17514.79,15001,"Óbidos",1,"Norte",0,"150390",6,102,38,64,48,54,1,0,0,0,0,103,38,64,48,54,62,9.77080094583662,10.9846145268632,0.373495073594677,30
"810","PA","Juruti",58960,17514.79,15001,"Óbidos",1,"Norte",0,"150390",7,87,34,53,41,46,0,0,0,0,0,87,34,53,41,46,29,9.77080094583662,10.9846145268632,0.338743943047982,29
"811","PA","Mãe do Rio",30235,9794.11,15013,"Guamá",1,"Norte",1,"150405",2,85,31,54,46,39,0,0,0,0,0,85,31,54,46,39,15,9.18953646356533,10.3167554727073,0.277355859180142,29
"812","PA","Mãe do Rio",30235,9794.11,15013,"Guamá",1,"Norte",1,"150405",3,87,35,52,41,46,2,0,0,0,0,89,35,52,41,46,23,9.18953646356533,10.3167554727073,0.341452081574569,31
"813","PA","Mãe do Rio",30235,9794.11,15013,"Guamá",1,"Norte",1,"150405",4,43,17,26,27,16,3,0,0,0,0,46,17,26,27,16,16,9.18953646356533,10.3167554727073,0.384564104522483,30
"814","PA","Mãe do Rio",30235,9794.11,15013,"Guamá",1,"Norte",1,"150405",5,36,15,21,20,16,0,0,0,0,0,36,15,21,20,16,29,9.18953646356533,10.3167554727073,0.436461605705676,31
"815","PA","Mãe do Rio",30235,9794.11,15013,"Guamá",1,"Norte",1,"150405",6,51,12,39,23,28,0,0,0,0,0,51,12,39,23,28,24,9.18953646356533,10.3167554727073,0.348331272825389,30
"816","PA","Mãe do Rio",30235,9794.11,15013,"Guamá",1,"Norte",1,"150405",7,56,28,28,30,26,0,0,0,0,0,56,28,28,30,26,10,9.18953646356533,10.3167554727073,0.362034110350098,29
"817","PA","Marabá",283542,31920.2,15020,"Marabá",1,"Norte",1,"150420",2,700,189,511,322,378,3,0,0,0,0,703,189,511,322,378,131,10.3709943172083,12.5551155393252,0.299799139387206,29
"818","PA","Marabá",283542,31920.2,15020,"Marabá",1,"Norte",1,"150420",3,698,177,521,283,415,1,0,0,0,0,699,177,521,283,415,133,10.3709943172083,12.5551155393252,0.374469933929352,31
"819","PA","Marabá",283542,31920.2,15020,"Marabá",1,"Norte",1,"150420",4,450,144,306,208,242,0,0,0,0,0,450,144,306,208,242,116,10.3709943172083,12.5551155393252,0.424270567019081,30
"820","PA","Marabá",283542,31920.2,15020,"Marabá",1,"Norte",1,"150420",5,329,110,219,164,165,1,0,0,0,0,330,110,219,164,165,261,10.3709943172083,12.5551155393252,0.433705556034256,31
"821","PA","Marabá",283542,31920.2,15020,"Marabá",1,"Norte",1,"150420",6,412,141,271,203,209,4,0,0,0,0,416,141,271,203,209,139,10.3709943172083,12.5551155393252,0.382972134331614,30
"822","PA","Marabá",283542,31920.2,15020,"Marabá",1,"Norte",1,"150420",7,371,106,265,165,206,9,0,0,0,0,380,106,265,165,206,120,10.3709943172083,12.5551155393252,0.375037145130172,29
"823","PA","Maracanã",29516,7971.52,15009,"Salgado",1,"Norte",0,"150430",2,55,22,33,30,25,0,0,0,0,0,55,22,33,30,25,9,8.98363046878236,10.2926877681783,0.333726512795661,29
"824","PA","Maracanã",29516,7971.52,15009,"Salgado",1,"Norte",0,"150430",3,42,17,25,24,18,0,0,0,0,0,42,17,25,24,18,8,8.98363046878236,10.2926877681783,0.413952843032703,31
"825","PA","Maracanã",29516,7971.52,15009,"Salgado",1,"Norte",0,"150430",4,33,15,18,17,16,0,0,0,0,0,33,15,18,17,16,15,8.98363046878236,10.2926877681783,0.456653113145955,30
"826","PA","Maracanã",29516,7971.52,15009,"Salgado",1,"Norte",0,"150430",5,29,14,15,13,16,0,0,0,0,0,29,14,15,13,16,42,8.98363046878236,10.2926877681783,0.528386549495627,31
"827","PA","Maracanã",29516,7971.52,15009,"Salgado",1,"Norte",0,"150430",6,30,12,18,19,11,0,0,0,0,0,30,12,18,19,11,19,8.98363046878236,10.2926877681783,0.42255002060522,30
"828","PA","Maracanã",29516,7971.52,15009,"Salgado",1,"Norte",0,"150430",7,36,12,24,16,20,2,0,0,0,0,38,12,24,16,20,10,8.98363046878236,10.2926877681783,0.395733822849853,29
"829","PA","Marapanim",28450,8311.98,15009,"Salgado",1,"Norte",0,"150440",2,47,21,26,27,20,0,0,0,0,0,47,21,26,27,20,14,9.0254531266164,10.2559034395545,0.328361205201362,29
"830","PA","Marapanim",28450,8311.98,15009,"Salgado",1,"Norte",0,"150440",3,36,16,20,21,15,0,0,0,0,0,36,16,20,21,15,15,9.0254531266164,10.2559034395545,0.409315464757327,31
"831","PA","Marapanim",28450,8311.98,15009,"Salgado",1,"Norte",0,"150440",4,23,9,14,17,6,0,0,0,0,0,23,9,14,17,6,12,9.0254531266164,10.2559034395545,0.470579961697402,30
"832","PA","Marapanim",28450,8311.98,15009,"Salgado",1,"Norte",0,"150440",5,24,10,14,10,14,0,0,0,0,0,24,10,14,10,14,33,9.0254531266164,10.2559034395545,0.523297534005768,31
"833","PA","Marapanim",28450,8311.98,15009,"Salgado",1,"Norte",0,"150440",6,38,12,26,20,18,0,0,0,0,0,38,12,26,20,18,20,9.0254531266164,10.2559034395545,0.456890814709615,30
"834","PA","Marapanim",28450,8311.98,15009,"Salgado",1,"Norte",0,"150440",7,22,10,12,12,10,0,0,0,0,0,22,10,12,12,10,11,9.0254531266164,10.2559034395545,0.47617296558204,29
"835","PA","Marituba",133685,14706.6,15007,"Belém",1,"Norte",1,"150442",2,199,59,140,106,93,0,0,0,0,0,199,59,140,106,93,41,9.59605165159749,11.8032415653227,0.300970389383999,29
"836","PA","Marituba",133685,14706.6,15007,"Belém",1,"Norte",1,"150442",3,217,55,162,110,107,0,0,0,0,0,217,55,162,110,107,68,9.59605165159749,11.8032415653227,0.384216591975682,31
"837","PA","Marituba",133685,14706.6,15007,"Belém",1,"Norte",1,"150442",4,145,32,113,68,77,0,0,0,0,0,145,32,113,68,77,92,9.59605165159749,11.8032415653227,0.458909466341396,30
"838","PA","Marituba",133685,14706.6,15007,"Belém",1,"Norte",1,"150442",5,131,41,90,75,56,1,0,0,0,0,132,41,90,75,56,130,9.59605165159749,11.8032415653227,0.466023755498243,31
"839","PA","Marituba",133685,14706.6,15007,"Belém",1,"Norte",1,"150442",6,103,31,72,48,55,3,0,0,0,0,106,31,72,48,55,62,9.59605165159749,11.8032415653227,0.379799091042148,30
"840","PA","Marituba",133685,14706.6,15007,"Belém",1,"Norte",1,"150442",7,119,27,92,57,62,4,0,0,0,0,123,27,92,57,62,47,9.59605165159749,11.8032415653227,0.378130294988745,29
"841","PA","Medicilândia",31975,19671.8,15015,"Altamira",1,"Norte",0,"150445",2,79,34,45,49,30,0,0,0,0,0,79,34,45,49,30,8,9.8869414171099,10.372709626447,0.318462405106621,29
"842","PA","Medicilândia",31975,19671.8,15015,"Altamira",1,"Norte",0,"150445",3,52,29,23,30,22,0,0,0,0,0,52,29,23,30,22,12,9.8869414171099,10.372709626447,0.385624751804111,31
"843","PA","Medicilândia",31975,19671.8,15015,"Altamira",1,"Norte",0,"150445",4,38,17,21,22,16,1,0,0,0,0,39,17,21,22,16,11,9.8869414171099,10.372709626447,0.40952633284413,30
"844","PA","Medicilândia",31975,19671.8,15015,"Altamira",1,"Norte",0,"150445",5,29,19,10,15,14,0,0,0,0,0,29,19,10,15,14,13,9.8869414171099,10.372709626447,0.452044516082564,31
"845","PA","Medicilândia",31975,19671.8,15015,"Altamira",1,"Norte",0,"150445",6,26,14,12,17,9,0,0,0,0,0,26,14,12,17,9,12,9.8869414171099,10.372709626447,0.454752866218591,30
"846","PA","Medicilândia",31975,19671.8,15015,"Altamira",1,"Norte",0,"150445",7,42,21,21,26,16,1,0,0,0,0,43,21,21,26,16,19,9.8869414171099,10.372709626447,0.457319737427116,29
"847","PA","Mocajuba",31530,9588.54,15011,"Cametá",1,"Norte",0,"150460",2,77,38,39,36,41,0,0,0,0,0,77,38,39,36,41,9,9.16832391436884,10.3586947525391,0.3059695865765,29
"848","PA","Mocajuba",31530,9588.54,15011,"Cametá",1,"Norte",0,"150460",3,66,30,36,36,30,0,0,0,0,0,66,30,36,36,30,13,9.16832391436884,10.3586947525391,0.392985901162211,31
"849","PA","Mocajuba",31530,9588.54,15011,"Cametá",1,"Norte",0,"150460",4,41,18,23,24,17,2,0,0,0,0,43,18,23,24,17,9,9.16832391436884,10.3586947525391,0.433199080100443,30
"850","PA","Mocajuba",31530,9588.54,15011,"Cametá",1,"Norte",0,"150460",5,42,14,28,28,14,0,0,0,0,0,42,14,28,28,14,34,9.16832391436884,10.3586947525391,0.48758489873576,31
"851","PA","Mocajuba",31530,9588.54,15011,"Cametá",1,"Norte",0,"150460",6,36,15,21,19,17,0,0,0,0,0,36,15,21,19,17,24,9.16832391436884,10.3586947525391,0.427434658233234,30
"852","PA","Mocajuba",31530,9588.54,15011,"Cametá",1,"Norte",0,"150460",7,42,21,21,31,11,0,0,0,0,0,42,21,21,31,11,15,9.16832391436884,10.3586947525391,0.41536722821276,29
"853","PA","Moju",83182,11653.36,15012,"Tomé-Açu",1,"Norte",0,"150470",2,147,46,101,93,54,0,0,0,0,0,147,46,101,93,54,26,9.36334982942826,11.3287862572492,0.329887746521302,29
"854","PA","Moju",83182,11653.36,15012,"Tomé-Açu",1,"Norte",0,"150470",3,155,68,87,86,69,2,0,0,0,0,157,68,87,86,69,33,9.36334982942826,11.3287862572492,0.406961168491271,31
"855","PA","Moju",83182,11653.36,15012,"Tomé-Açu",1,"Norte",0,"150470",4,90,41,49,52,38,2,0,0,0,0,92,41,49,52,38,35,9.36334982942826,11.3287862572492,0.451257360150357,30
"856","PA","Moju",83182,11653.36,15012,"Tomé-Açu",1,"Norte",0,"150470",5,87,33,54,57,30,2,0,0,0,0,89,33,54,57,30,68,9.36334982942826,11.3287862572492,0.504187184426424,31
"857","PA","Moju",83182,11653.36,15012,"Tomé-Açu",1,"Norte",0,"150470",6,110,49,61,57,53,1,0,0,0,0,111,49,61,57,53,36,9.36334982942826,11.3287862572492,0.428692718892037,30
"858","PA","Moju",83182,11653.36,15012,"Tomé-Açu",1,"Norte",0,"150470",7,98,47,51,50,48,1,0,0,0,0,99,47,51,50,48,20,9.36334982942826,11.3287862572492,0.425248129403189,29
"859","PA","Monte Alegre",58162,12455.01,15002,"Santarém",1,"Norte",1,"150480",2,186,81,105,89,97,1,0,0,0,0,187,81,105,89,97,21,9.42987823058636,10.9709874995116,0.276161382967249,29
"860","PA","Monte Alegre",58162,12455.01,15002,"Santarém",1,"Norte",1,"150480",3,170,87,83,86,84,0,0,0,0,0,170,87,83,86,84,21,9.42987823058636,10.9709874995116,0.341829403797011,31
"861","PA","Monte Alegre",58162,12455.01,15002,"Santarém",1,"Norte",1,"150480",4,84,31,53,41,43,0,0,0,0,0,84,31,53,41,43,26,9.42987823058636,10.9709874995116,0.384788819519247,30
"862","PA","Monte Alegre",58162,12455.01,15002,"Santarém",1,"Norte",1,"150480",5,84,46,38,48,36,0,0,0,0,0,84,46,38,48,36,32,9.42987823058636,10.9709874995116,0.418352649476715,31
"863","PA","Monte Alegre",58162,12455.01,15002,"Santarém",1,"Norte",1,"150480",6,98,46,52,52,46,2,0,0,0,0,100,46,52,52,46,52,9.42987823058636,10.9709874995116,0.449620567115375,30
"864","PA","Monte Alegre",58162,12455.01,15002,"Santarém",1,"Norte",1,"150480",7,98,45,53,57,41,1,0,0,0,0,99,45,53,57,41,63,9.42987823058636,10.9709874995116,0.437678417940299,29
"865","PA","Muaná",40906,6472.59,15006,"Arari",1,"Norte",0,"150490",2,109,54,55,61,48,0,0,0,0,0,109,54,55,61,48,8,8.77533161651164,10.6190320305381,0.289449173679101,29
"866","PA","Muaná",40906,6472.59,15006,"Arari",1,"Norte",0,"150490",3,72,45,27,48,24,1,0,0,0,0,73,45,27,48,24,10,8.77533161651164,10.6190320305381,0.379712840129516,31
"867","PA","Muaná",40906,6472.59,15006,"Arari",1,"Norte",0,"150490",4,50,21,29,27,23,2,0,0,0,0,52,21,29,27,23,7,8.77533161651164,10.6190320305381,0.447136549818025,30
"868","PA","Muaná",40906,6472.59,15006,"Arari",1,"Norte",0,"150490",5,56,33,23,34,22,0,0,0,0,0,56,33,23,34,22,28,8.77533161651164,10.6190320305381,0.516188107886616,31
"869","PA","Muaná",40906,6472.59,15006,"Arari",1,"Norte",0,"150490",6,64,41,23,40,24,1,0,0,0,0,65,41,23,40,24,15,8.77533161651164,10.6190320305381,0.429802414572417,30
"870","PA","Muaná",40906,6472.59,15006,"Arari",1,"Norte",0,"150490",7,50,23,27,25,25,0,0,0,0,0,50,23,27,25,25,12,8.77533161651164,10.6190320305381,0.418455274304146,29
"871","PA","Nova Ipixuna",16854,8263.67,15016,"Tucuruí",1,"Norte",0,"150497",2,34,12,22,19,15,0,0,0,0,0,34,12,22,19,15,7,9.01962407776596,9.7323432963323,0.258248963982525,29
"872","PA","Nova Ipixuna",16854,8263.67,15016,"Tucuruí",1,"Norte",0,"150497",3,30,16,14,15,15,0,0,0,0,0,30,16,14,15,15,4,9.01962407776596,9.7323432963323,0.343828111797567,31
"873","PA","Nova Ipixuna",16854,8263.67,15016,"Tucuruí",1,"Norte",0,"150497",4,14,5,9,6,8,1,0,0,0,0,15,5,9,6,8,4,9.01962407776596,9.7323432963323,0.388381654597828,30
"874","PA","Nova Ipixuna",16854,8263.67,15016,"Tucuruí",1,"Norte",0,"150497",5,16,6,10,6,10,0,0,0,0,0,16,6,10,6,10,8,9.01962407776596,9.7323432963323,0.407590675152929,31
"875","PA","Nova Ipixuna",16854,8263.67,15016,"Tucuruí",1,"Norte",0,"150497",6,10,2,8,4,6,0,0,0,0,0,10,2,8,4,6,6,9.01962407776596,9.7323432963323,0.381919485421417,30
"876","PA","Nova Ipixuna",16854,8263.67,15016,"Tucuruí",1,"Norte",0,"150497",7,18,9,9,13,5,0,0,0,0,0,18,9,9,13,5,10,9.01962407776596,9.7323432963323,0.370742568370499,29
"877","PA","Nova Timboteua",15506,7801.32,15010,"Bragantina",1,"Norte",0,"150500",2,20,9,11,9,11,0,0,0,0,0,20,9,11,9,11,10,8.962048229129,9.6489823247789,0.331456810497448,29
"878","PA","Nova Timboteua",15506,7801.32,15010,"Bragantina",1,"Norte",0,"150500",3,26,6,20,7,19,0,0,0,0,0,26,6,20,7,19,5,8.962048229129,9.6489823247789,0.414352855512073,31
"879","PA","Nova Timboteua",15506,7801.32,15010,"Bragantina",1,"Norte",0,"150500",4,8,3,5,4,4,0,0,0,0,0,8,3,5,4,4,6,8.962048229129,9.6489823247789,0.457220859535397,30
"880","PA","Nova Timboteua",15506,7801.32,15010,"Bragantina",1,"Norte",0,"150500",5,10,5,5,6,4,0,0,0,0,0,10,5,5,6,4,9,8.962048229129,9.6489823247789,0.481224278001391,31
"881","PA","Nova Timboteua",15506,7801.32,15010,"Bragantina",1,"Norte",0,"150500",6,9,2,7,6,3,0,0,0,0,0,9,2,7,6,3,10,8.962048229129,9.6489823247789,0.389054638830601,30
"882","PA","Nova Timboteua",15506,7801.32,15010,"Bragantina",1,"Norte",0,"150500",7,15,5,10,9,6,0,0,0,0,0,15,5,10,9,6,5,8.962048229129,9.6489823247789,0.422822368418822,29
"883","PA","Novo Progresso",25766,22691.73,15014,"Itaituba",1,"Norte",0,"150503",2,98,44,54,56,42,0,0,0,0,0,98,44,54,56,42,12,10.0297558199093,10.1568110723515,0.334531115768999,29
"884","PA","Novo Progresso",25766,22691.73,15014,"Itaituba",1,"Norte",0,"150503",3,89,40,49,38,51,0,0,0,0,0,89,40,49,38,51,7,10.0297558199093,10.1568110723515,0.408846197158748,31
"885","PA","Novo Progresso",25766,22691.73,15014,"Itaituba",1,"Norte",0,"150503",4,63,28,35,34,29,0,0,0,0,0,63,28,35,34,29,14,10.0297558199093,10.1568110723515,0.408006557973348,30
"886","PA","Novo Progresso",25766,22691.73,15014,"Itaituba",1,"Norte",0,"150503",5,58,23,35,31,27,0,0,0,0,0,58,23,35,31,27,14,10.0297558199093,10.1568110723515,0.404865879428621,31
"887","PA","Novo Progresso",25766,22691.73,15014,"Itaituba",1,"Norte",0,"150503",6,72,31,41,35,37,0,0,0,0,0,72,31,41,35,37,10,10.0297558199093,10.1568110723515,0.402916890769612,30
"888","PA","Novo Progresso",25766,22691.73,15014,"Itaituba",1,"Norte",0,"150503",7,51,25,26,25,26,1,0,0,0,0,52,25,26,25,26,26,10.0297558199093,10.1568110723515,0.429515075612609,29
"889","PA","Novo Repartimento",77214,11449.04,15016,"Tucuruí",1,"Norte",0,"150506",2,198,108,90,111,87,0,0,0,0,0,198,108,90,111,87,25,9.34566116267262,11.2543360667217,0.275943495174821,29
"890","PA","Novo Repartimento",77214,11449.04,15016,"Tucuruí",1,"Norte",0,"150506",3,192,114,78,105,87,1,0,0,0,0,193,114,78,105,87,24,9.34566116267262,11.2543360667217,0.344912465192483,31
"891","PA","Novo Repartimento",77214,11449.04,15016,"Tucuruí",1,"Norte",0,"150506",4,108,56,52,75,33,0,0,0,0,0,108,56,52,75,33,31,9.34566116267262,11.2543360667217,0.36608057796042,30
"892","PA","Novo Repartimento",77214,11449.04,15016,"Tucuruí",1,"Norte",0,"150506",5,94,58,36,57,37,1,0,0,0,0,95,58,36,57,37,30,9.34566116267262,11.2543360667217,0.42403886654976,31
"893","PA","Novo Repartimento",77214,11449.04,15016,"Tucuruí",1,"Norte",0,"150506",6,100,50,50,68,32,0,0,0,0,0,100,50,50,68,32,28,9.34566116267262,11.2543360667217,0.380032754038736,30
"894","PA","Novo Repartimento",77214,11449.04,15016,"Tucuruí",1,"Norte",0,"150506",7,96,46,50,62,34,0,0,0,0,0,96,46,50,62,34,18,9.34566116267262,11.2543360667217,0.419764386166459,29
"895","PA","Óbidos",52306,12336.86,15001,"Óbidos",1,"Norte",1,"150510",2,168,80,88,90,78,3,0,0,0,0,171,80,88,90,78,17,9.42034680802945,10.8648663662262,0.297762323427808,29
"896","PA","Óbidos",52306,12336.86,15001,"Óbidos",1,"Norte",1,"150510",3,156,78,78,90,66,0,0,0,0,0,156,78,78,90,66,19,9.42034680802945,10.8648663662262,0.366233870309834,31
"897","PA","Óbidos",52306,12336.86,15001,"Óbidos",1,"Norte",1,"150510",4,76,36,40,44,32,0,0,0,0,0,76,36,40,44,32,19,9.42034680802945,10.8648663662262,0.409985522834874,30
"898","PA","Óbidos",52306,12336.86,15001,"Óbidos",1,"Norte",1,"150510",5,102,43,59,55,47,1,0,0,0,0,103,43,59,55,47,26,9.42034680802945,10.8648663662262,0.416478255491924,31
"899","PA","Óbidos",52306,12336.86,15001,"Óbidos",1,"Norte",1,"150510",6,78,36,42,44,34,1,0,0,0,0,79,36,42,44,34,19,9.42034680802945,10.8648663662262,0.392950756272475,30
"900","PA","Óbidos",52306,12336.86,15001,"Óbidos",1,"Norte",1,"150510",7,90,46,44,55,35,1,0,0,0,0,91,46,44,55,35,44,9.42034680802945,10.8648663662262,0.405323781569317,29
"901","PA","Oeiras do Pará",32850,12077.28,15011,"Cametá",1,"Norte",0,"150520",2,61,37,24,39,22,1,0,0,0,0,62,37,24,39,22,13,9.39908128057232,10.3997070239128,0.270027201848313,29
"902","PA","Oeiras do Pará",32850,12077.28,15011,"Cametá",1,"Norte",0,"150520",3,63,32,31,41,22,2,0,0,0,0,65,32,31,41,22,13,9.39908128057232,10.3997070239128,0.314280985887718,31
"903","PA","Oeiras do Pará",32850,12077.28,15011,"Cametá",1,"Norte",0,"150520",4,47,30,17,31,16,0,0,0,0,0,47,30,17,31,16,11,9.39908128057232,10.3997070239128,0.427882326573802,30
"904","PA","Oeiras do Pará",32850,12077.28,15011,"Cametá",1,"Norte",0,"150520",5,29,19,10,18,11,1,0,0,0,0,30,19,10,18,11,23,9.39908128057232,10.3997070239128,0.462538088395869,31
"905","PA","Oeiras do Pará",32850,12077.28,15011,"Cametá",1,"Norte",0,"150520",6,17,10,7,13,4,0,0,0,0,0,17,10,7,13,4,11,9.39908128057232,10.3997070239128,0.38081952122364,30
"906","PA","Oeiras do Pará",32850,12077.28,15011,"Cametá",1,"Norte",0,"150520",7,15,8,7,9,6,0,0,0,0,0,15,8,7,9,6,9,9.39908128057232,10.3997070239128,0.376771739165203,29
"907","PA","Oriximiná",74016,22543.08,15001,"Óbidos",1,"Norte",1,"150530",2,217,105,112,125,92,1,0,0,0,0,218,105,112,125,92,25,10.0231834242213,11.2120365650312,0.268180498404489,29
"908","PA","Oriximiná",74016,22543.08,15001,"Óbidos",1,"Norte",1,"150530",3,253,118,135,132,121,2,0,0,0,0,255,118,135,132,121,27,10.0231834242213,11.2120365650312,0.31664557564691,31
"909","PA","Oriximiná",74016,22543.08,15001,"Óbidos",1,"Norte",1,"150530",4,119,50,69,68,51,3,0,0,0,0,122,50,69,68,51,14,10.0231834242213,11.2120365650312,0.384111441163023,30
"910","PA","Oriximiná",74016,22543.08,15001,"Óbidos",1,"Norte",1,"150530",5,155,53,102,86,69,1,0,0,0,0,156,53,102,86,69,40,10.0231834242213,11.2120365650312,0.377129656916044,31
"911","PA","Oriximiná",74016,22543.08,15001,"Óbidos",1,"Norte",1,"150530",6,116,52,64,56,60,0,0,0,0,0,116,52,64,56,60,37,10.0231834242213,11.2120365650312,0.382822624782474,30
"912","PA","Oriximiná",74016,22543.08,15001,"Óbidos",1,"Norte",1,"150530",7,133,57,76,75,58,2,0,0,0,0,135,57,76,75,58,42,10.0231834242213,11.2120365650312,0.362512571642844,29
"913","PA","Ourém",17961,9544.04,15013,"Guamá",1,"Norte",0,"150540",2,50,17,33,25,25,3,0,0,0,0,53,17,33,25,25,10,9.16367215488381,9.79595801959346,0.32830195491639,29
"914","PA","Ourém",17961,9544.04,15013,"Guamá",1,"Norte",0,"150540",3,41,18,23,24,17,0,0,0,0,0,41,18,23,24,17,12,9.16367215488381,9.79595801959346,0.431363520664358,31
"915","PA","Ourém",17961,9544.04,15013,"Guamá",1,"Norte",0,"150540",4,16,5,11,9,7,0,0,0,0,0,16,5,11,9,7,9,9.16367215488381,9.79595801959346,0.475076990814259,30
"916","PA","Ourém",17961,9544.04,15013,"Guamá",1,"Norte",0,"150540",5,19,13,6,12,7,0,0,0,0,0,19,13,6,12,7,7,9.16367215488381,9.79595801959346,0.463286327388308,31
"917","PA","Ourém",17961,9544.04,15013,"Guamá",1,"Norte",0,"150540",6,17,10,7,6,11,0,0,0,0,0,17,10,7,6,11,21,9.16367215488381,9.79595801959346,0.43757079647048,30
"918","PA","Ourém",17961,9544.04,15013,"Guamá",1,"Norte",0,"150540",7,24,11,13,16,8,0,0,0,0,0,24,11,13,16,8,11,9.16367215488381,9.79595801959346,0.394585411262372,29
"919","PA","Ourilândia do Norte",33335,18895.86,15018,"São Félix do Xingu",1,"Norte",1,"150543",2,103,43,60,50,53,2,0,0,0,0,105,43,60,50,53,13,9.84669812943425,10.4143631750522,0.287777045058361,29
"920","PA","Ourilândia do Norte",33335,18895.86,15018,"São Félix do Xingu",1,"Norte",1,"150543",3,82,40,42,43,39,0,0,0,0,0,82,40,42,43,39,10,9.84669812943425,10.4143631750522,0.349153770348672,31
"921","PA","Ourilândia do Norte",33335,18895.86,15018,"São Félix do Xingu",1,"Norte",1,"150543",4,65,35,30,31,34,1,0,0,0,0,66,35,30,31,34,10,9.84669812943425,10.4143631750522,0.376516916778646,30
"922","PA","Ourilândia do Norte",33335,18895.86,15018,"São Félix do Xingu",1,"Norte",1,"150543",5,54,19,35,31,23,1,0,0,0,0,55,19,35,31,23,12,9.84669812943425,10.4143631750522,0.396318821992001,31
"923","PA","Ourilândia do Norte",33335,18895.86,15018,"São Félix do Xingu",1,"Norte",1,"150543",6,52,23,29,30,22,1,0,0,0,0,53,23,29,30,22,11,9.84669812943425,10.4143631750522,0.372513960155534,30
"924","PA","Ourilândia do Norte",33335,18895.86,15018,"São Félix do Xingu",1,"Norte",1,"150543",7,55,25,30,28,27,1,0,0,0,0,56,25,30,28,27,18,9.84669812943425,10.4143631750522,0.405338008834344,29
"925","PA","Pacajá",48414,12677.22,15015,"Altamira",1,"Norte",0,"150548",2,122,65,57,65,57,2,0,0,0,0,124,65,57,65,57,11,9.44756196105177,10.7875443070766,0.320523229339457,29
"926","PA","Pacajá",48414,12677.22,15015,"Altamira",1,"Norte",0,"150548",3,130,62,68,69,61,2,0,0,0,0,132,62,68,69,61,19,9.44756196105177,10.7875443070766,0.372082836874945,31
"927","PA","Pacajá",48414,12677.22,15015,"Altamira",1,"Norte",0,"150548",4,66,35,31,37,29,0,0,0,0,0,66,35,31,37,29,12,9.44756196105177,10.7875443070766,0.391256079511516,30
"928","PA","Pacajá",48414,12677.22,15015,"Altamira",1,"Norte",0,"150548",5,60,28,32,36,24,1,0,0,0,0,61,28,32,36,24,27,9.44756196105177,10.7875443070766,0.44399539228917,31
"929","PA","Pacajá",48414,12677.22,15015,"Altamira",1,"Norte",0,"150548",6,63,36,27,34,29,2,0,0,0,0,65,36,27,34,29,11,9.44756196105177,10.7875443070766,0.400434692782577,30
"930","PA","Pacajá",48414,12677.22,15015,"Altamira",1,"Norte",0,"150548",7,55,30,25,33,22,1,0,0,0,0,56,30,25,33,22,17,9.44756196105177,10.7875443070766,0.424255578895671,29
"931","PA","Paragominas",114503,23685.18,15017,"Paragominas",1,"Norte",1,"150550",2,27,2,25,7,20,0,0,0,0,0,27,2,25,7,20,39,10.0726048150756,11.6483563025066,0.295605594197736,29
"932","PA","Paragominas",114503,23685.18,15017,"Paragominas",1,"Norte",1,"150550",3,23,4,19,5,18,1,0,0,0,0,24,4,19,5,18,42,10.0726048150756,11.6483563025066,0.375387308846579,31
"933","PA","Paragominas",114503,23685.18,15017,"Paragominas",1,"Norte",1,"150550",4,18,3,15,6,12,1,0,0,0,0,19,3,15,6,12,39,10.0726048150756,11.6483563025066,0.417015133518837,30
"934","PA","Paragominas",114503,23685.18,15017,"Paragominas",1,"Norte",1,"150550",5,11,3,8,4,7,0,0,0,0,0,11,3,8,4,7,105,10.0726048150756,11.6483563025066,0.448545342586395,31
"935","PA","Paragominas",114503,23685.18,15017,"Paragominas",1,"Norte",1,"150550",6,9,2,7,2,7,3,0,0,0,0,12,2,7,2,7,67,10.0726048150756,11.6483563025066,0.392420937751011,30
"936","PA","Paragominas",114503,23685.18,15017,"Paragominas",1,"Norte",1,"150550",7,7,2,5,4,3,3,0,0,0,0,10,2,5,4,3,55,10.0726048150756,11.6483563025066,0.38777796944374,29
"937","PA","Parauapebas",213576,78841.15,15019,"Parauapebas",1,"Norte",1,"150553",2,824,186,638,346,478,0,0,0,0,0,824,186,638,346,478,69,11.2751903476646,12.2717480202048,0.304550904938831,29
"938","PA","Parauapebas",213576,78841.15,15019,"Parauapebas",1,"Norte",1,"150553",3,784,184,600,312,472,1,0,0,0,0,785,184,600,312,472,56,11.2751903476646,12.2717480202048,0.383941595011455,31
"939","PA","Parauapebas",213576,78841.15,15019,"Parauapebas",1,"Norte",1,"150553",4,391,91,300,164,227,1,0,0,0,0,392,91,300,164,227,93,11.2751903476646,12.2717480202048,0.437644152112087,30
"940","PA","Parauapebas",213576,78841.15,15019,"Parauapebas",1,"Norte",1,"150553",5,378,86,292,166,212,1,0,0,0,0,379,86,292,166,212,164,11.2751903476646,12.2717480202048,0.453727830682472,31
"941","PA","Parauapebas",213576,78841.15,15019,"Parauapebas",1,"Norte",1,"150553",6,426,110,316,208,218,1,0,0,0,0,427,110,316,208,218,95,11.2751903476646,12.2717480202048,0.381445979237184,30
"942","PA","Parauapebas",213576,78841.15,15019,"Parauapebas",1,"Norte",1,"150553",7,419,111,308,190,229,7,0,0,0,0,426,111,308,190,229,81,11.2751903476646,12.2717480202048,0.375117979026604,29
"943","PA","Placas",31659,8103.04,15002,"Santarém",1,"Norte",0,"150565",2,52,23,29,35,17,1,0,0,0,0,53,23,29,35,17,6,8.99999457889183,10.3627777473392,0.333000152075446,29
"944","PA","Placas",31659,8103.04,15002,"Santarém",1,"Norte",0,"150565",3,52,20,32,21,31,0,0,0,0,0,52,20,32,21,31,2,8.99999457889183,10.3627777473392,0.420106997830233,31
"945","PA","Placas",31659,8103.04,15002,"Santarém",1,"Norte",0,"150565",4,21,10,11,8,13,0,0,0,0,0,21,10,11,8,13,6,8.99999457889183,10.3627777473392,0.42294087920849,30
"946","PA","Placas",31659,8103.04,15002,"Santarém",1,"Norte",0,"150565",5,31,15,16,18,13,0,0,0,0,0,31,15,16,18,13,6,8.99999457889183,10.3627777473392,0.437743058767413,31
"947","PA","Placas",31659,8103.04,15002,"Santarém",1,"Norte",0,"150565",6,18,11,7,10,8,0,0,0,0,0,18,11,7,10,8,9,8.99999457889183,10.3627777473392,0.411276792329383,30
"948","PA","Placas",31659,8103.04,15002,"Santarém",1,"Norte",0,"150565",7,24,10,14,17,7,0,0,0,0,0,24,10,14,17,7,16,8.99999457889183,10.3627777473392,0.448654280242656,29
"949","PA","Ponta de Pedras",31549,6928.47,15006,"Arari",1,"Norte",0,"150570",2,43,16,27,29,14,0,0,0,0,0,43,16,27,29,14,4,8.84339428858785,10.359297171746,0.280556757742964,29
"950","PA","Ponta de Pedras",31549,6928.47,15006,"Arari",1,"Norte",0,"150570",3,47,24,23,30,17,1,0,0,0,0,48,24,23,30,17,9,8.84339428858785,10.359297171746,0.358612272139772,31
"951","PA","Ponta de Pedras",31549,6928.47,15006,"Arari",1,"Norte",0,"150570",4,20,12,8,10,10,1,0,0,0,0,21,12,8,10,10,9,8.84339428858785,10.359297171746,0.471730994178577,30
"952","PA","Ponta de Pedras",31549,6928.47,15006,"Arari",1,"Norte",0,"150570",5,25,12,13,15,10,0,0,0,0,0,25,12,13,15,10,11,8.84339428858785,10.359297171746,0.474002628583077,31
"953","PA","Ponta de Pedras",31549,6928.47,15006,"Arari",1,"Norte",0,"150570",6,21,12,9,15,6,1,0,0,0,0,22,12,9,15,6,7,8.84339428858785,10.359297171746,0.392311181770395,30
"954","PA","Ponta de Pedras",31549,6928.47,15006,"Arari",1,"Norte",0,"150570",7,21,9,12,12,9,1,0,0,0,0,22,9,12,12,9,8,8.84339428858785,10.359297171746,0.385588440612122,29
"955","PA","Portel",62945,14619.53,15004,"Portel",1,"Norte",0,"150580",2,231,159,72,115,116,2,0,0,0,0,233,159,72,115,116,17,9.5901135850442,11.0500166082004,0.300246836388741,29
"956","PA","Portel",62945,14619.53,15004,"Portel",1,"Norte",0,"150580",3,234,154,80,143,91,1,0,0,0,0,235,154,80,143,91,14,9.5901135850442,11.0500166082004,0.396935389139851,31
"957","PA","Portel",62945,14619.53,15004,"Portel",1,"Norte",0,"150580",4,123,87,36,74,49,5,0,0,0,0,128,87,36,74,49,11,9.5901135850442,11.0500166082004,0.462540537309095,30
"958","PA","Portel",62945,14619.53,15004,"Portel",1,"Norte",0,"150580",5,109,81,28,68,41,0,0,0,0,0,109,81,28,68,41,35,9.5901135850442,11.0500166082004,0.576812630934425,31
"959","PA","Portel",62945,14619.53,15004,"Portel",1,"Norte",0,"150580",6,103,77,26,61,42,2,0,0,0,0,105,77,26,61,42,24,9.5901135850442,11.0500166082004,0.469433255719269,30
"960","PA","Portel",62945,14619.53,15004,"Portel",1,"Norte",0,"150580",7,120,83,37,70,50,3,0,0,0,0,123,83,37,70,50,22,9.5901135850442,11.0500166082004,0.412685549110265,29
"961","PA","Porto de Moz",41801,7660.88,15003,"Almeirim",1,"Norte",0,"150590",2,106,63,43,70,36,0,0,0,0,0,106,63,43,70,36,8,8.94388213864267,10.6406755416717,0.313209263780865,29
"962","PA","Porto de Moz",41801,7660.88,15003,"Almeirim",1,"Norte",0,"150590",3,113,65,48,72,41,0,0,0,0,0,113,65,48,72,41,6,8.94388213864267,10.6406755416717,0.35089469924961,31
"963","PA","Porto de Moz",41801,7660.88,15003,"Almeirim",1,"Norte",0,"150590",4,46,21,25,30,16,0,0,0,0,0,46,21,25,30,16,9,8.94388213864267,10.6406755416717,0.415301222690846,30
"964","PA","Porto de Moz",41801,7660.88,15003,"Almeirim",1,"Norte",0,"150590",5,56,36,20,38,18,0,0,0,0,0,56,36,20,38,18,25,8.94388213864267,10.6406755416717,0.493737974806409,31
"965","PA","Porto de Moz",41801,7660.88,15003,"Almeirim",1,"Norte",0,"150590",6,58,24,34,35,23,0,0,0,0,0,58,24,34,35,23,15,8.94388213864267,10.6406755416717,0.426936200891202,30
"966","PA","Porto de Moz",41801,7660.88,15003,"Almeirim",1,"Norte",0,"150590",7,72,38,34,47,25,0,0,0,0,0,72,38,34,47,25,7,8.94388213864267,10.6406755416717,0.420804127037881,29
"967","PA","Prainha",29846,9660.37,15002,"Santarém",1,"Norte",0,"150600",2,104,50,54,58,46,1,0,0,0,0,105,50,54,58,46,9,9.17578722875048,10.3038061064914,0.381255703021617,29
"968","PA","Prainha",29846,9660.37,15002,"Santarém",1,"Norte",0,"150600",3,119,54,65,77,42,0,0,0,0,0,119,54,65,77,42,11,9.17578722875048,10.3038061064914,0.431938486338251,31
"969","PA","Prainha",29846,9660.37,15002,"Santarém",1,"Norte",0,"150600",4,64,29,35,46,18,0,0,0,0,0,64,29,35,46,18,4,9.17578722875048,10.3038061064914,0.460575112373331,30
"970","PA","Prainha",29846,9660.37,15002,"Santarém",1,"Norte",0,"150600",5,64,25,39,41,23,0,0,0,0,0,64,25,39,41,23,12,9.17578722875048,10.3038061064914,0.471763454175228,31
"971","PA","Prainha",29846,9660.37,15002,"Santarém",1,"Norte",0,"150600",6,63,40,23,34,29,0,0,0,0,0,63,40,23,34,29,20,9.17578722875048,10.3038061064914,0.461982127570445,30
"972","PA","Prainha",29846,9660.37,15002,"Santarém",1,"Norte",0,"150600",7,51,30,21,31,20,2,0,0,0,0,53,30,21,31,20,21,9.17578722875048,10.3038061064914,0.508588947747219,29
"973","PA","Redenção",85563,21459.84,15021,"Redenção",1,"Norte",1,"150613",2,251,97,154,153,98,1,0,0,0,0,252,97,154,153,98,47,9.9739385604253,11.3570082256952,0.293362179011521,29
"974","PA","Redenção",85563,21459.84,15021,"Redenção",1,"Norte",1,"150613",3,266,81,185,136,130,1,0,0,0,0,267,81,185,136,130,41,9.9739385604253,11.3570082256952,0.378835560261228,31
"975","PA","Redenção",85563,21459.84,15021,"Redenção",1,"Norte",1,"150613",4,146,48,98,84,62,0,0,0,0,0,146,48,98,84,62,39,9.9739385604253,11.3570082256952,0.398436320372021,30
"976","PA","Redenção",85563,21459.84,15021,"Redenção",1,"Norte",1,"150613",5,141,55,86,82,59,0,0,0,0,0,141,55,86,82,59,43,9.9739385604253,11.3570082256952,0.389414194149799,31
"977","PA","Redenção",85563,21459.84,15021,"Redenção",1,"Norte",1,"150613",6,137,43,94,66,71,0,0,0,0,0,137,43,94,66,71,74,9.9739385604253,11.3570082256952,0.374511465481611,30
"978","PA","Redenção",85563,21459.84,15021,"Redenção",1,"Norte",1,"150613",7,150,45,105,82,68,1,0,0,0,0,151,45,105,82,68,78,9.9739385604253,11.3570082256952,0.382932148215328,29
"979","PA","Rio Maria",18201,26363.76,15021,"Redenção",1,"Norte",1,"150616",2,48,22,26,27,21,0,0,0,0,0,48,22,26,27,21,10,10.1797456188085,9.80923181661041,0.269835038724306,29
"980","PA","Rio Maria",18201,26363.76,15021,"Redenção",1,"Norte",1,"150616",3,49,20,29,36,13,0,0,0,0,0,49,20,29,36,13,8,10.1797456188085,9.80923181661041,0.326660704926077,31
"981","PA","Rio Maria",18201,26363.76,15021,"Redenção",1,"Norte",1,"150616",4,24,10,14,16,8,0,0,0,0,0,24,10,14,16,8,10,10.1797456188085,9.80923181661041,0.330455185599933,30
"982","PA","Rio Maria",18201,26363.76,15021,"Redenção",1,"Norte",1,"150616",5,20,9,11,13,7,1,0,0,0,0,21,9,11,13,7,7,10.1797456188085,9.80923181661041,0.374090631858653,31
"983","PA","Rio Maria",18201,26363.76,15021,"Redenção",1,"Norte",1,"150616",6,28,7,21,16,12,1,0,0,0,0,29,7,21,16,12,14,10.1797456188085,9.80923181661041,0.361450214634172,30
"984","PA","Rio Maria",18201,26363.76,15021,"Redenção",1,"Norte",1,"150616",7,35,18,17,23,12,0,0,0,0,0,35,18,17,23,12,12,10.1797456188085,9.80923181661041,0.372478722922979,29
"985","PA","Rondon do Pará",52803,10248.03,15017,"Paragominas",1,"Norte",1,"150618",2,74,25,49,33,41,0,0,0,0,0,74,25,49,33,41,16,9.23484077097275,10.8743232862621,0.274850753871444,29
"986","PA","Rondon do Pará",52803,10248.03,15017,"Paragominas",1,"Norte",1,"150618",3,77,28,49,44,33,1,0,0,0,0,78,28,49,44,33,20,9.23484077097275,10.8743232862621,0.348270520907442,31
"987","PA","Rondon do Pará",52803,10248.03,15017,"Paragominas",1,"Norte",1,"150618",4,59,20,39,35,24,0,0,0,0,0,59,20,39,35,24,12,9.23484077097275,10.8743232862621,0.374212453987006,30
"988","PA","Rondon do Pará",52803,10248.03,15017,"Paragominas",1,"Norte",1,"150618",5,48,19,29,28,20,2,0,0,0,0,50,19,29,28,20,31,9.23484077097275,10.8743232862621,0.385029331815798,31
"989","PA","Rondon do Pará",52803,10248.03,15017,"Paragominas",1,"Norte",1,"150618",6,46,17,29,22,24,1,0,0,0,0,47,17,29,22,24,26,9.23484077097275,10.8743232862621,0.372980148749987,30
"990","PA","Rondon do Pará",52803,10248.03,15017,"Paragominas",1,"Norte",1,"150618",7,52,17,35,30,22,0,0,0,0,0,52,17,35,30,22,36,9.23484077097275,10.8743232862621,0.372326494373589,29
"991","PA","Rurópolis",51500,7077.44,15014,"Itaituba",1,"Norte",0,"150619",2,72,39,33,41,31,0,0,0,0,0,72,39,33,41,31,8,8.86466753938036,10.8493370866518,0.337926452041765,29
"992","PA","Rurópolis",51500,7077.44,15014,"Itaituba",1,"Norte",0,"150619",3,64,30,34,34,30,0,0,0,0,0,64,30,34,34,30,8,8.86466753938036,10.8493370866518,0.417982155023984,31
"993","PA","Rurópolis",51500,7077.44,15014,"Itaituba",1,"Norte",0,"150619",4,36,23,13,22,14,1,0,0,0,0,37,23,13,22,14,11,8.86466753938036,10.8493370866518,0.432172925049185,30
"994","PA","Rurópolis",51500,7077.44,15014,"Itaituba",1,"Norte",0,"150619",5,31,11,20,18,13,1,0,0,0,0,32,11,20,18,13,17,8.86466753938036,10.8493370866518,0.443911182615505,31
"995","PA","Rurópolis",51500,7077.44,15014,"Itaituba",1,"Norte",0,"150619",6,32,16,16,16,16,0,0,0,0,0,32,16,16,16,16,18,8.86466753938036,10.8493370866518,0.439710747465457,30
"996","PA","Rurópolis",51500,7077.44,15014,"Itaituba",1,"Norte",0,"150619",7,38,14,24,20,18,1,0,0,0,0,39,14,24,20,18,16,8.86466753938036,10.8493370866518,0.417216303934752,29
"997","PA","Salinópolis",40922,11636.45,15009,"Salgado",1,"Norte",1,"150620",2,92,27,65,51,41,1,0,0,0,0,93,27,65,51,41,26,9.36189769195084,10.6194230947265,0.279742452405521,29
"998","PA","Salinópolis",40922,11636.45,15009,"Salgado",1,"Norte",1,"150620",3,57,21,36,32,25,1,0,0,0,0,58,21,36,32,25,19,9.36189769195084,10.6194230947265,0.378735250765811,31
"999","PA","Salinópolis",40922,11636.45,15009,"Salgado",1,"Norte",1,"150620",4,37,15,22,24,13,0,0,0,0,0,37,15,22,24,13,27,9.36189769195084,10.6194230947265,0.456663173859468,30
"1000","PA","Salinópolis",40922,11636.45,15009,"Salgado",1,"Norte",1,"150620",5,50,19,31,33,17,0,0,0,0,0,50,19,31,33,17,48,9.36189769195084,10.6194230947265,0.471929802196878,31
"1001","PA","Salinópolis",40922,11636.45,15009,"Salgado",1,"Norte",1,"150620",6,59,31,28,36,23,2,0,0,0,0,61,31,28,36,23,28,9.36189769195084,10.6194230947265,0.36645024261938,30
"1002","PA","Salinópolis",40922,11636.45,15009,"Salgado",1,"Norte",1,"150620",7,55,23,32,35,20,0,0,0,0,0,55,23,32,35,20,29,9.36189769195084,10.6194230947265,0.343962615318379,29
"1003","PA","Salvaterra",24075,7470.17,15006,"Arari",1,"Norte",0,"150630",2,74,31,43,40,34,0,0,0,0,0,74,31,43,40,34,10,8.91867303556537,10.0889292366663,0.342030205210742,29
"1004","PA","Salvaterra",24075,7470.17,15006,"Arari",1,"Norte",0,"150630",3,45,14,31,27,18,0,0,0,0,0,45,14,31,27,18,14,8.91867303556537,10.0889292366663,0.412861990311027,31
"1005","PA","Salvaterra",24075,7470.17,15006,"Arari",1,"Norte",0,"150630",4,21,7,14,8,13,0,0,0,0,0,21,7,14,8,13,9,8.91867303556537,10.0889292366663,0.469727818077045,30
"1006","PA","Salvaterra",24075,7470.17,15006,"Arari",1,"Norte",0,"150630",5,27,10,17,16,11,0,0,0,0,0,27,10,17,16,11,20,8.91867303556537,10.0889292366663,0.495500092422601,31
"1007","PA","Salvaterra",24075,7470.17,15006,"Arari",1,"Norte",0,"150630",6,22,10,12,12,10,0,0,0,0,0,22,10,12,12,10,14,8.91867303556537,10.0889292366663,0.423099194435271,30
"1008","PA","Salvaterra",24075,7470.17,15006,"Arari",1,"Norte",0,"150630",7,24,8,16,8,16,0,0,0,0,0,24,8,16,8,16,14,8.91867303556537,10.0889292366663,0.405650680771206,29
"1009","PA","Santa Bárbara do Pará",21449,8325.1,15007,"Belém",1,"Norte",0,"150635",2,27,11,16,18,9,1,0,0,0,0,28,11,16,18,9,4,9.02703032678851,9.97343330322279,0.304143066505874,29
"1010","PA","Santa Bárbara do Pará",21449,8325.1,15007,"Belém",1,"Norte",0,"150635",3,45,20,25,20,25,0,0,0,0,0,45,20,25,20,25,16,9.02703032678851,9.97343330322279,0.380794691297887,31
"1011","PA","Santa Bárbara do Pará",21449,8325.1,15007,"Belém",1,"Norte",0,"150635",4,25,10,15,13,12,1,0,0,0,0,26,10,15,13,12,15,9.02703032678851,9.97343330322279,0.450303393600609,30
"1012","PA","Santa Bárbara do Pará",21449,8325.1,15007,"Belém",1,"Norte",0,"150635",5,21,6,15,13,8,0,0,0,0,0,21,6,15,13,8,27,9.02703032678851,9.97343330322279,0.458330665318309,31
"1013","PA","Santa Bárbara do Pará",21449,8325.1,15007,"Belém",1,"Norte",0,"150635",6,24,10,14,17,7,0,0,0,0,0,24,10,14,17,7,17,9.02703032678851,9.97343330322279,0.384050734592213,30
"1014","PA","Santa Bárbara do Pará",21449,8325.1,15007,"Belém",1,"Norte",0,"150635",7,19,8,11,9,10,0,0,0,0,0,19,8,11,9,10,9,9.02703032678851,9.97343330322279,0.389430692879839,29
"1015","PA","Santa Izabel do Pará",71837,10867.42,15008,"Castanhal",1,"Norte",1,"150650",2,145,42,103,80,65,1,0,0,0,0,146,42,103,80,65,26,9.29352460143719,11.1821549426387,0.308348061717108,29
"1016","PA","Santa Izabel do Pará",71837,10867.42,15008,"Castanhal",1,"Norte",1,"150650",3,120,36,84,65,55,0,0,0,0,0,120,36,84,65,55,35,9.29352460143719,11.1821549426387,0.383710453553384,31
"1017","PA","Santa Izabel do Pará",71837,10867.42,15008,"Castanhal",1,"Norte",1,"150650",4,79,23,56,33,46,0,0,0,0,0,79,23,56,33,46,37,9.29352460143719,11.1821549426387,0.445352309707464,30
"1018","PA","Santa Izabel do Pará",71837,10867.42,15008,"Castanhal",1,"Norte",1,"150650",5,71,19,52,38,33,2,0,0,0,0,73,19,52,38,33,66,9.29352460143719,11.1821549426387,0.466740501654522,31
"1019","PA","Santa Izabel do Pará",71837,10867.42,15008,"Castanhal",1,"Norte",1,"150650",6,73,22,51,42,31,2,0,0,0,0,75,22,51,42,31,43,9.29352460143719,11.1821549426387,0.379955489574027,30
"1020","PA","Santa Izabel do Pará",71837,10867.42,15008,"Castanhal",1,"Norte",1,"150650",7,78,25,53,48,30,2,0,0,0,0,80,25,53,48,30,27,9.29352460143719,11.1821549426387,0.375696218254946,29
"1021","PA","Santa Luzia do Pará",19843,8218.49,15013,"Guamá",1,"Norte",0,"150655",2,49,18,31,24,25,0,0,0,0,0,49,18,31,24,25,13,9.01414177287879,9.89560657908525,0.274336751523872,29
"1022","PA","Santa Luzia do Pará",19843,8218.49,15013,"Guamá",1,"Norte",0,"150655",3,37,13,24,17,20,0,0,0,0,0,37,13,24,17,20,8,9.01414177287879,9.89560657908525,0.363191485274084,31
"1023","PA","Santa Luzia do Pará",19843,8218.49,15013,"Guamá",1,"Norte",0,"150655",4,25,17,8,16,9,0,0,0,0,0,25,17,8,16,9,7,9.01414177287879,9.89560657908525,0.410709278513845,30
"1024","PA","Santa Luzia do Pará",19843,8218.49,15013,"Guamá",1,"Norte",0,"150655",5,22,12,10,10,12,0,0,0,0,0,22,12,10,10,12,13,9.01414177287879,9.89560657908525,0.476151874043582,31
"1025","PA","Santa Luzia do Pará",19843,8218.49,15013,"Guamá",1,"Norte",0,"150655",6,21,10,11,9,12,0,0,0,0,0,21,10,11,9,12,16,9.01414177287879,9.89560657908525,0.399748482217533,30
"1026","PA","Santa Luzia do Pará",19843,8218.49,15013,"Guamá",1,"Norte",0,"150655",7,22,4,18,11,11,0,0,0,0,0,22,4,18,11,11,13,9.01414177287879,9.89560657908525,0.397469258302291,29
"1027","PA","Santa Maria das Barreiras",21850,18052.36,15022,"Conceição do Araguaia",1,"Norte",0,"150658",2,27,8,19,17,10,0,0,0,0,0,27,8,19,17,10,10,9.8010317031367,9.99195620052374,0.321093717291438,29
"1028","PA","Santa Maria das Barreiras",21850,18052.36,15022,"Conceição do Araguaia",1,"Norte",0,"150658",3,24,9,15,16,8,0,0,0,0,0,24,9,15,16,8,5,9.8010317031367,9.99195620052374,0.396695911688716,31
"1029","PA","Santa Maria das Barreiras",21850,18052.36,15022,"Conceição do Araguaia",1,"Norte",0,"150658",4,6,1,5,3,3,0,0,0,0,0,6,1,5,3,3,6,9.8010317031367,9.99195620052374,0.408028525242042,30
"1030","PA","Santa Maria das Barreiras",21850,18052.36,15022,"Conceição do Araguaia",1,"Norte",0,"150658",5,10,6,4,7,3,2,0,0,0,0,12,6,4,7,3,6,9.8010317031367,9.99195620052374,0.47977873314209,31
"1031","PA","Santa Maria das Barreiras",21850,18052.36,15022,"Conceição do Araguaia",1,"Norte",0,"150658",6,21,10,11,14,7,0,0,0,0,0,21,10,11,14,7,8,9.8010317031367,9.99195620052374,0.469059295076537,30
"1032","PA","Santa Maria das Barreiras",21850,18052.36,15022,"Conceição do Araguaia",1,"Norte",0,"150658",7,18,10,8,10,8,0,0,0,0,0,18,10,8,10,8,8,9.8010317031367,9.99195620052374,0.498389795880019,29
"1033","PA","Santa Maria do Pará",24995,15526.48,15010,"Bragantina",1,"Norte",0,"150660",2,56,22,34,30,26,1,0,0,0,0,57,22,34,30,26,12,9.65030223237078,10.1264310838477,0.28822092195208,29
"1034","PA","Santa Maria do Pará",24995,15526.48,15010,"Bragantina",1,"Norte",0,"150660",3,59,26,33,35,24,0,0,0,0,0,59,26,33,35,24,15,9.65030223237078,10.1264310838477,0.385481936762448,31
"1035","PA","Santa Maria do Pará",24995,15526.48,15010,"Bragantina",1,"Norte",0,"150660",4,25,12,13,12,13,1,0,0,0,0,26,12,13,12,13,11,9.65030223237078,10.1264310838477,0.41512533099333,30
"1036","PA","Santa Maria do Pará",24995,15526.48,15010,"Bragantina",1,"Norte",0,"150660",5,23,5,18,11,12,1,0,0,0,0,24,5,18,11,12,26,9.65030223237078,10.1264310838477,0.443762988865663,31
"1037","PA","Santa Maria do Pará",24995,15526.48,15010,"Bragantina",1,"Norte",0,"150660",6,34,17,17,16,18,0,0,0,0,0,34,17,17,16,18,20,9.65030223237078,10.1264310838477,0.380698283974069,30
"1038","PA","Santa Maria do Pará",24995,15526.48,15010,"Bragantina",1,"Norte",0,"150660",7,20,4,16,11,9,1,0,0,0,0,21,4,16,11,9,14,9.65030223237078,10.1264310838477,0.353140258947418,29
"1039","PA","Santana do Araguaia",74419,11850.1,15022,"Conceição do Araguaia",1,"Norte",1,"150670",2,80,32,48,37,43,0,0,0,0,0,80,32,48,37,43,17,9.38009158534624,11.2174665645623,0.295352492515607,29
"1040","PA","Santana do Araguaia",74419,11850.1,15022,"Conceição do Araguaia",1,"Norte",1,"150670",3,82,33,49,45,37,1,0,0,0,0,83,33,49,45,37,16,9.38009158534624,11.2174665645623,0.358072560166927,31
"1041","PA","Santana do Araguaia",74419,11850.1,15022,"Conceição do Araguaia",1,"Norte",1,"150670",4,51,25,26,32,19,1,0,0,0,0,52,25,26,32,19,12,9.38009158534624,11.2174665645623,0.388601805240426,30
"1042","PA","Santana do Araguaia",74419,11850.1,15022,"Conceição do Araguaia",1,"Norte",1,"150670",5,41,17,24,21,20,0,0,0,0,0,41,17,24,21,20,14,9.38009158534624,11.2174665645623,0.382014279906155,31
"1043","PA","Santana do Araguaia",74419,11850.1,15022,"Conceição do Araguaia",1,"Norte",1,"150670",6,45,20,25,25,20,0,0,0,0,0,45,20,25,25,20,20,9.38009158534624,11.2174665645623,0.397255728649304,30
"1044","PA","Santana do Araguaia",74419,11850.1,15022,"Conceição do Araguaia",1,"Norte",1,"150670",7,56,20,36,32,24,2,0,0,0,0,58,20,36,32,24,33,9.38009158534624,11.2174665645623,0.41149552975002,29
"1045","PA","Santarém",306480,16053.85,15002,"Santarém",1,"Norte",1,"150680",2,1087,258,829,478,609,1,0,0,0,0,1088,258,829,478,609,130,9.68370397518207,12.6329077793745,0.28009119419618,29
"1046","PA","Santarém",306480,16053.85,15002,"Santarém",1,"Norte",1,"150680",3,968,241,727,392,576,5,0,0,0,0,973,241,727,392,576,144,9.68370397518207,12.6329077793745,0.361005687582853,31
"1047","PA","Santarém",306480,16053.85,15002,"Santarém",1,"Norte",1,"150680",4,517,141,376,247,270,3,0,0,0,0,520,141,376,247,270,152,9.68370397518207,12.6329077793745,0.424464315295543,30
"1048","PA","Santarém",306480,16053.85,15002,"Santarém",1,"Norte",1,"150680",5,510,123,387,224,286,3,0,0,0,0,513,123,387,224,286,338,9.68370397518207,12.6329077793745,0.447629202761558,31
"1049","PA","Santarém",306480,16053.85,15002,"Santarém",1,"Norte",1,"150680",6,516,111,405,207,309,6,0,0,0,0,522,111,405,207,309,325,9.68370397518207,12.6329077793745,0.385333643674821,30
"1050","PA","Santarém",306480,16053.85,15002,"Santarém",1,"Norte",1,"150680",7,521,95,426,221,300,4,0,0,0,0,525,95,426,221,300,188,9.68370397518207,12.6329077793745,0.366060398738279,29
"1051","PA","Santo Antônio do Tauá",31918,11825.46,15008,"Castanhal",1,"Norte",0,"150700",2,77,19,58,40,37,1,0,0,0,0,78,19,58,40,37,15,9.37801011323777,10.3709253929591,0.304695090784686,29
"1052","PA","Santo Antônio do Tauá",31918,11825.46,15008,"Castanhal",1,"Norte",0,"150700",3,58,16,42,29,29,1,0,0,0,0,59,16,42,29,29,10,9.37801011323777,10.3709253929591,0.38409897645682,31
"1053","PA","Santo Antônio do Tauá",31918,11825.46,15008,"Castanhal",1,"Norte",0,"150700",4,30,15,15,20,10,0,0,0,0,0,30,15,15,20,10,25,9.37801011323777,10.3709253929591,0.459125124873766,30
"1054","PA","Santo Antônio do Tauá",31918,11825.46,15008,"Castanhal",1,"Norte",0,"150700",5,33,8,25,17,16,0,0,0,0,0,33,8,25,17,16,27,9.37801011323777,10.3709253929591,0.501920170715826,31
"1055","PA","Santo Antônio do Tauá",31918,11825.46,15008,"Castanhal",1,"Norte",0,"150700",6,29,6,23,17,12,0,0,0,0,0,29,6,23,17,12,16,9.37801011323777,10.3709253929591,0.401780185205852,30
"1056","PA","Santo Antônio do Tauá",31918,11825.46,15008,"Castanhal",1,"Norte",0,"150700",7,33,7,26,22,11,0,0,0,0,0,33,7,26,22,11,16,9.37801011323777,10.3709253929591,0.40473287512684,29
"1057","PA","São Domingos do Araguaia",25753,11082.05,15020,"Marabá",1,"Norte",0,"150715",2,58,28,30,31,27,1,0,0,0,0,59,28,30,31,27,14,9.31308196123809,10.1563064041601,0.283787939752489,29
"1058","PA","São Domingos do Araguaia",25753,11082.05,15020,"Marabá",1,"Norte",0,"150715",3,50,25,25,29,21,0,0,0,0,0,50,25,25,29,21,10,9.31308196123809,10.1563064041601,0.346414159144468,31
"1059","PA","São Domingos do Araguaia",25753,11082.05,15020,"Marabá",1,"Norte",0,"150715",4,34,12,22,23,11,0,0,0,0,0,34,12,22,23,11,12,9.31308196123809,10.1563064041601,0.359584581988526,30
"1060","PA","São Domingos do Araguaia",25753,11082.05,15020,"Marabá",1,"Norte",0,"150715",5,29,14,15,15,14,0,0,0,0,0,29,14,15,15,14,15,9.31308196123809,10.1563064041601,0.408241912898676,31
"1061","PA","São Domingos do Araguaia",25753,11082.05,15020,"Marabá",1,"Norte",0,"150715",6,33,15,18,17,16,1,0,0,0,0,34,15,18,17,16,12,9.31308196123809,10.1563064041601,0.382763410738106,30
"1062","PA","São Domingos do Araguaia",25753,11082.05,15020,"Marabá",1,"Norte",0,"150715",7,29,8,21,14,15,0,0,0,0,0,29,8,21,14,15,19,9.31308196123809,10.1563064041601,0.386358049618848,29
"1063","PA","São Félix do Xingu",132138,11187,15018,"São Félix do Xingu",1,"Norte",1,"150730",2,167,80,87,98,69,1,0,0,0,0,168,80,87,98,69,21,9.32250766884693,11.7916021100069,0.328474596647293,29
"1064","PA","São Félix do Xingu",132138,11187,15018,"São Félix do Xingu",1,"Norte",1,"150730",3,65,33,32,39,26,1,0,0,0,0,66,33,32,39,26,20,9.32250766884693,11.7916021100069,0.375245684100863,31
"1065","PA","São Félix do Xingu",132138,11187,15018,"São Félix do Xingu",1,"Norte",1,"150730",4,75,32,43,41,34,1,0,0,0,0,76,32,43,41,34,20,9.32250766884693,11.7916021100069,0.402412063503567,30
"1066","PA","São Félix do Xingu",132138,11187,15018,"São Félix do Xingu",1,"Norte",1,"150730",5,69,34,35,41,28,0,0,0,0,0,69,34,35,41,28,21,9.32250766884693,11.7916021100069,0.430540291019749,31
"1067","PA","São Félix do Xingu",132138,11187,15018,"São Félix do Xingu",1,"Norte",1,"150730",6,89,48,41,57,32,2,0,0,0,0,91,48,41,57,32,24,9.32250766884693,11.7916021100069,0.431175773600983,30
"1068","PA","São Félix do Xingu",132138,11187,15018,"São Félix do Xingu",1,"Norte",1,"150730",7,88,40,48,51,37,1,0,0,0,0,89,40,48,51,37,38,9.32250766884693,11.7916021100069,0.457121905368104,29
"1069","PA","São Francisco do Pará",15930,14783.65,15010,"Bragantina",1,"Norte",0,"150740",2,39,10,29,17,22,0,0,0,0,0,39,10,29,17,22,6,9.6012771193588,9.67595940290409,0.316084309926978,29
"1070","PA","São Francisco do Pará",15930,14783.65,15010,"Bragantina",1,"Norte",0,"150740",3,59,13,46,25,34,0,0,0,0,0,59,13,46,25,34,5,9.6012771193588,9.67595940290409,0.406648941914112,31
"1071","PA","São Francisco do Pará",15930,14783.65,15010,"Bragantina",1,"Norte",0,"150740",4,15,7,8,8,7,0,0,0,0,0,15,7,8,8,7,4,9.6012771193588,9.67595940290409,0.469127900033609,30
"1072","PA","São Francisco do Pará",15930,14783.65,15010,"Bragantina",1,"Norte",0,"150740",5,18,6,12,7,11,0,0,0,0,0,18,6,12,7,11,18,9.6012771193588,9.67595940290409,0.4656528815364,31
"1073","PA","São Francisco do Pará",15930,14783.65,15010,"Bragantina",1,"Norte",0,"150740",6,23,4,19,9,14,0,0,0,0,0,23,4,19,9,14,16,9.6012771193588,9.67595940290409,0.392648144163947,30
"1074","PA","São Francisco do Pará",15930,14783.65,15010,"Bragantina",1,"Norte",0,"150740",7,27,5,22,13,14,0,0,0,0,0,27,5,22,13,14,12,9.6012771193588,9.67595940290409,0.414262681815383,29
"1075","PA","São Geraldo do Araguaia",24705,19620.1,15021,"Redenção",1,"Norte",0,"150745",2,55,25,30,28,27,0,0,0,0,0,55,25,30,28,27,12,9.88430982994633,10.1147609312799,0.275769024110216,29
"1076","PA","São Geraldo do Araguaia",24705,19620.1,15021,"Redenção",1,"Norte",0,"150745",3,53,22,31,33,20,1,0,0,0,0,54,22,31,33,20,15,9.88430982994633,10.1147609312799,0.353527983047107,31
"1077","PA","São Geraldo do Araguaia",24705,19620.1,15021,"Redenção",1,"Norte",0,"150745",4,31,15,16,21,10,0,0,0,0,0,31,15,16,21,10,9,9.88430982994633,10.1147609312799,0.362384184449912,30
"1078","PA","São Geraldo do Araguaia",24705,19620.1,15021,"Redenção",1,"Norte",0,"150745",5,30,10,20,15,15,0,0,0,0,0,30,10,20,15,15,21,9.88430982994633,10.1147609312799,0.406052763607624,31
"1079","PA","São Geraldo do Araguaia",24705,19620.1,15021,"Redenção",1,"Norte",0,"150745",6,24,7,17,12,12,1,0,0,0,0,25,7,17,12,12,18,9.88430982994633,10.1147609312799,0.35621403265859,30
"1080","PA","São Geraldo do Araguaia",24705,19620.1,15021,"Redenção",1,"Norte",0,"150745",7,20,7,13,9,11,2,0,0,0,0,22,7,13,9,11,10,9.88430982994633,10.1147609312799,0.355471072422012,29
"1081","PA","São Miguel do Guamá",59632,11593.97,15013,"Guamá",1,"Norte",1,"150760",2,130,42,88,60,70,1,0,0,0,0,131,42,88,60,70,21,9.35824041435105,10.995947621719,0.289305920688912,29
"1082","PA","São Miguel do Guamá",59632,11593.97,15013,"Guamá",1,"Norte",1,"150760",3,141,65,76,79,62,0,0,0,0,0,141,65,76,79,62,27,9.35824041435105,10.995947621719,0.371817580049263,31
"1083","PA","São Miguel do Guamá",59632,11593.97,15013,"Guamá",1,"Norte",1,"150760",4,65,31,34,39,26,0,0,0,0,0,65,31,34,39,26,32,9.35824041435105,10.995947621719,0.413039656885803,30
"1084","PA","São Miguel do Guamá",59632,11593.97,15013,"Guamá",1,"Norte",1,"150760",5,53,22,31,30,23,0,0,0,0,0,53,22,31,30,23,64,9.35824041435105,10.995947621719,0.442903428624338,31
"1085","PA","São Miguel do Guamá",59632,11593.97,15013,"Guamá",1,"Norte",1,"150760",6,72,27,45,46,26,1,0,0,0,0,73,27,45,46,26,36,9.35824041435105,10.995947621719,0.368614004646301,30
"1086","PA","São Miguel do Guamá",59632,11593.97,15013,"Guamá",1,"Norte",1,"150760",7,63,17,46,29,34,1,0,0,0,0,64,17,46,29,34,30,9.35824041435105,10.995947621719,0.383310008093851,29
"1087","PA","São Sebastião da Boa Vista",26974,7956.47,15005,"Furos de Breves",1,"Norte",0,"150770",2,73,38,35,37,36,0,0,0,0,0,73,38,35,37,36,3,8.98174071314103,10.2026287180768,0.259943634500434,29
"1088","PA","São Sebastião da Boa Vista",26974,7956.47,15005,"Furos de Breves",1,"Norte",0,"150770",3,83,36,47,50,33,0,0,0,0,0,83,36,47,50,33,5,8.98174071314103,10.2026287180768,0.313226827963042,31
"1089","PA","São Sebastião da Boa Vista",26974,7956.47,15005,"Furos de Breves",1,"Norte",0,"150770",4,35,23,12,24,11,0,0,0,0,0,35,23,12,24,11,5,8.98174071314103,10.2026287180768,0.424630074036184,30
"1090","PA","São Sebastião da Boa Vista",26974,7956.47,15005,"Furos de Breves",1,"Norte",0,"150770",5,33,16,17,20,13,1,0,0,0,0,34,16,17,20,13,16,8.98174071314103,10.2026287180768,0.462554818954062,31
"1091","PA","São Sebastião da Boa Vista",26974,7956.47,15005,"Furos de Breves",1,"Norte",0,"150770",6,49,23,26,32,17,0,0,0,0,0,49,23,26,32,17,6,8.98174071314103,10.2026287180768,0.363512292415411,30
"1092","PA","São Sebastião da Boa Vista",26974,7956.47,15005,"Furos de Breves",1,"Norte",0,"150770",7,41,22,19,18,23,0,0,0,0,0,41,22,19,18,23,4,8.98174071314103,10.2026287180768,0.363386030297439,29
"1093","PA","Soure",25565,7469.63,15006,"Arari",1,"Norte",1,"150790",2,63,22,41,33,30,1,0,0,0,0,64,22,41,33,30,6,8.91860074544097,10.1489795075141,0.294788299310107,29
"1094","PA","Soure",25565,7469.63,15006,"Arari",1,"Norte",1,"150790",3,65,26,39,37,28,0,0,0,0,0,65,26,39,37,28,16,8.91860074544097,10.1489795075141,0.367256330457832,31
"1095","PA","Soure",25565,7469.63,15006,"Arari",1,"Norte",1,"150790",4,48,23,25,30,18,0,0,0,0,0,48,23,25,30,18,10,8.91860074544097,10.1489795075141,0.402394887367092,30
"1096","PA","Soure",25565,7469.63,15006,"Arari",1,"Norte",1,"150790",5,29,16,13,18,11,0,0,0,0,0,29,16,13,18,11,19,8.91860074544097,10.1489795075141,0.426354942733958,31
"1097","PA","Soure",25565,7469.63,15006,"Arari",1,"Norte",1,"150790",6,31,11,20,11,20,0,0,0,0,0,31,11,20,11,20,20,8.91860074544097,10.1489795075141,0.387003091837459,30
"1098","PA","Soure",25565,7469.63,15006,"Arari",1,"Norte",1,"150790",7,46,23,23,25,21,0,0,0,0,0,46,23,23,25,21,11,8.91860074544097,10.1489795075141,0.361409100144895,29
"1099","PA","Tailândia",108969,8660.12,15012,"Tomé-Açu",1,"Norte",1,"150795",2,238,103,135,124,114,3,0,0,0,0,241,103,135,124,114,26,9.06648385827341,11.5988187170912,0.293700235281558,29
"1100","PA","Tailândia",108969,8660.12,15012,"Tomé-Açu",1,"Norte",1,"150795",3,258,109,149,137,121,1,0,0,0,0,259,109,149,137,121,28,9.06648385827341,11.5988187170912,0.353358050324538,31
"1101","PA","Tailândia",108969,8660.12,15012,"Tomé-Açu",1,"Norte",1,"150795",4,150,54,96,87,63,1,0,0,0,0,151,54,96,87,63,41,9.06648385827341,11.5988187170912,0.38870875479336,30
"1102","PA","Tailândia",108969,8660.12,15012,"Tomé-Açu",1,"Norte",1,"150795",5,127,55,72,68,59,2,0,0,0,0,129,55,72,68,59,53,9.06648385827341,11.5988187170912,0.418103429459053,31
"1103","PA","Tailândia",108969,8660.12,15012,"Tomé-Açu",1,"Norte",1,"150795",6,135,59,76,80,55,1,0,0,0,0,136,59,76,80,55,49,9.06648385827341,11.5988187170912,0.369485697952477,30
"1104","PA","Tailândia",108969,8660.12,15012,"Tomé-Açu",1,"Norte",1,"150795",7,101,44,57,54,47,2,0,0,0,0,103,44,57,54,47,32,9.06648385827341,11.5988187170912,0.367443646184409,29
"1105","PA","Terra Alta",11847,6074.4,15009,"Salgado",1,"Norte",0,"150796",2,25,10,15,12,13,0,0,0,0,0,25,10,15,12,13,6,8.71183849789902,9.37982994995476,0.311422043103728,29
"1106","PA","Terra Alta",11847,6074.4,15009,"Salgado",1,"Norte",0,"150796",3,23,6,17,16,7,0,0,0,0,0,23,6,17,16,7,3,8.71183849789902,9.37982994995476,0.370960973403699,31
"1107","PA","Terra Alta",11847,6074.4,15009,"Salgado",1,"Norte",0,"150796",4,13,5,8,5,8,0,0,0,0,0,13,5,8,5,8,8,8.71183849789902,9.37982994995476,0.461010602768556,30
"1108","PA","Terra Alta",11847,6074.4,15009,"Salgado",1,"Norte",0,"150796",5,18,6,12,7,11,1,0,0,0,0,19,6,12,7,11,15,8.71183849789902,9.37982994995476,0.508850279183501,31
"1109","PA","Terra Alta",11847,6074.4,15009,"Salgado",1,"Norte",0,"150796",6,14,3,11,10,4,0,0,0,0,0,14,3,11,10,4,12,8.71183849789902,9.37982994995476,0.38996062838482,30
"1110","PA","Terra Alta",11847,6074.4,15009,"Salgado",1,"Norte",0,"150796",7,7,2,5,3,4,0,0,0,0,0,7,2,5,3,4,4,8.71183849789902,9.37982994995476,0.388259114796835,29
"1111","PA","Terra Santa",18917,27414,15001,"Óbidos",1,"Norte",1,"150797",2,43,14,29,27,16,0,0,0,0,0,43,14,29,27,16,5,10.2188091107913,9.84781626766566,0.266536212170065,29
"1112","PA","Terra Santa",18917,27414,15001,"Óbidos",1,"Norte",1,"150797",3,42,17,25,23,19,0,0,0,0,0,42,17,25,23,19,9,10.2188091107913,9.84781626766566,0.330771223078605,31
"1113","PA","Terra Santa",18917,27414,15001,"Óbidos",1,"Norte",1,"150797",4,29,8,21,20,9,0,0,0,0,0,29,8,21,20,9,4,10.2188091107913,9.84781626766566,0.38303440377624,30
"1114","PA","Terra Santa",18917,27414,15001,"Óbidos",1,"Norte",1,"150797",5,25,11,14,13,12,0,0,0,0,0,25,11,14,13,12,12,10.2188091107913,9.84781626766566,0.431275222226249,31
"1115","PA","Terra Santa",18917,27414,15001,"Óbidos",1,"Norte",1,"150797",6,24,8,16,14,10,0,0,0,0,0,24,8,16,14,10,11,10.2188091107913,9.84781626766566,0.382448208570223,30
"1116","PA","Terra Santa",18917,27414,15001,"Óbidos",1,"Norte",1,"150797",7,19,5,14,7,12,0,0,0,0,0,19,5,14,7,12,6,10.2188091107913,9.84781626766566,0.359475201538832,29
"1117","PA","Tomé-Açu",64030,10625.48,15012,"Tomé-Açu",1,"Norte",1,"150800",2,236,119,117,117,119,2,0,0,0,0,238,119,117,117,119,23,9.27101016924278,11.0671070025128,0.300493513025748,29
"1118","PA","Tomé-Açu",64030,10625.48,15012,"Tomé-Açu",1,"Norte",1,"150800",3,192,87,105,97,95,3,0,0,0,0,195,87,105,97,95,25,9.27101016924278,11.0671070025128,0.382240278451908,31
"1119","PA","Tomé-Açu",64030,10625.48,15012,"Tomé-Açu",1,"Norte",1,"150800",4,121,61,60,60,61,1,0,0,0,0,122,61,60,60,61,40,9.27101016924278,11.0671070025128,0.416696802340816,30
"1120","PA","Tomé-Açu",64030,10625.48,15012,"Tomé-Açu",1,"Norte",1,"150800",5,106,45,61,58,48,1,0,0,0,0,107,45,61,58,48,79,9.27101016924278,11.0671070025128,0.481888952559904,31
"1121","PA","Tomé-Açu",64030,10625.48,15012,"Tomé-Açu",1,"Norte",1,"150800",6,134,62,72,79,55,0,0,0,0,0,134,62,72,79,55,44,9.27101016924278,11.0671070025128,0.376709592524958,30
"1122","PA","Tomé-Açu",64030,10625.48,15012,"Tomé-Açu",1,"Norte",1,"150800",7,122,47,75,73,49,0,0,0,0,0,122,47,75,73,49,36,9.27101016924278,11.0671070025128,0.359590473356477,29
"1123","PA","Tracuateua",31257,7036.19,15010,"Bragantina",1,"Norte",0,"150803",2,61,26,35,32,29,0,0,0,0,0,61,26,35,32,29,9,8.85882210947238,10.3499986300803,0.334029552016649,29
"1124","PA","Tracuateua",31257,7036.19,15010,"Bragantina",1,"Norte",0,"150803",3,48,21,27,30,18,0,0,0,0,0,48,21,27,30,18,14,8.85882210947238,10.3499986300803,0.405390825644312,31
"1125","PA","Tracuateua",31257,7036.19,15010,"Bragantina",1,"Norte",0,"150803",4,33,9,24,22,11,0,0,0,0,0,33,9,24,22,11,17,8.85882210947238,10.3499986300803,0.455975104966133,30
"1126","PA","Tracuateua",31257,7036.19,15010,"Bragantina",1,"Norte",0,"150803",5,27,10,17,13,14,0,0,0,0,0,27,10,17,13,14,39,8.85882210947238,10.3499986300803,0.526915118733997,31
"1127","PA","Tracuateua",31257,7036.19,15010,"Bragantina",1,"Norte",0,"150803",6,34,17,17,20,14,1,0,0,0,0,35,17,17,20,14,29,8.85882210947238,10.3499986300803,0.426936151381741,30
"1128","PA","Tracuateua",31257,7036.19,15010,"Bragantina",1,"Norte",0,"150803",7,35,12,23,20,15,0,0,0,0,0,35,12,23,20,15,19,8.85882210947238,10.3499986300803,0.421341041905976,29
"1129","PA","Trairão",19168,15639.24,15014,"Itaituba",1,"Norte",0,"150805",2,35,15,20,20,15,0,0,0,0,0,35,15,20,20,15,3,9.65753841956822,9.86099750091518,0.336313727262785,29
"1130","PA","Trairão",19168,15639.24,15014,"Itaituba",1,"Norte",0,"150805",3,39,17,22,21,18,1,0,0,0,0,40,17,22,21,18,5,9.65753841956822,9.86099750091518,0.37991109786587,31
"1131","PA","Trairão",19168,15639.24,15014,"Itaituba",1,"Norte",0,"150805",4,20,12,8,14,6,1,0,0,0,0,21,12,8,14,6,0,9.65753841956822,9.86099750091518,0.406383869540518,30
"1132","PA","Trairão",19168,15639.24,15014,"Itaituba",1,"Norte",0,"150805",5,12,5,7,9,3,0,0,0,0,0,12,5,7,9,3,14,9.65753841956822,9.86099750091518,0.430954061745528,31
"1133","PA","Trairão",19168,15639.24,15014,"Itaituba",1,"Norte",0,"150805",6,22,9,13,16,6,1,0,0,0,0,23,9,13,16,6,11,9.65753841956822,9.86099750091518,0.385654195912829,30
"1134","PA","Trairão",19168,15639.24,15014,"Itaituba",1,"Norte",0,"150805",7,19,11,8,12,7,1,0,0,0,0,20,11,8,12,7,6,9.65753841956822,9.86099750091518,0.409298544202164,29
"1135","PA","Tucumã",40136,19936.09,15018,"São Félix do Xingu",1,"Norte",1,"150808",2,123,39,84,65,58,1,0,0,0,0,124,39,84,65,58,21,9.90028693602322,10.6000289661641,0.282627398613947,29
"1136","PA","Tucumã",40136,19936.09,15018,"São Félix do Xingu",1,"Norte",1,"150808",3,100,53,47,52,48,2,0,0,0,0,102,53,47,52,48,12,9.90028693602322,10.6000289661641,0.353571242901687,31
"1137","PA","Tucumã",40136,19936.09,15018,"São Félix do Xingu",1,"Norte",1,"150808",4,53,22,31,18,35,1,0,0,0,0,54,22,31,18,35,16,9.90028693602322,10.6000289661641,0.357987366235179,30
"1138","PA","Tucumã",40136,19936.09,15018,"São Félix do Xingu",1,"Norte",1,"150808",5,62,29,33,34,28,0,0,0,0,0,62,29,33,34,28,19,9.90028693602322,10.6000289661641,0.393579806977547,31
"1139","PA","Tucumã",40136,19936.09,15018,"São Félix do Xingu",1,"Norte",1,"150808",6,64,24,40,30,34,1,0,0,0,0,65,24,40,30,34,25,9.90028693602322,10.6000289661641,0.361722442307509,30
"1140","PA","Tucumã",40136,19936.09,15018,"São Félix do Xingu",1,"Norte",1,"150808",7,82,32,50,49,33,1,0,0,0,0,83,32,50,49,33,28,9.90028693602322,10.6000289661641,0.379671140466444,29
"1141","PA","Tucuruí",115144,66715,15016,"Tucuruí",1,"Norte",1,"150810",2,297,111,186,163,134,3,0,0,0,0,300,111,186,163,134,35,11.1081850941765,11.6539387979425,0.321609942142434,29
"1142","PA","Tucuruí",115144,66715,15016,"Tucuruí",1,"Norte",1,"150810",3,247,83,164,132,115,1,0,0,0,0,248,83,164,132,115,46,11.1081850941765,11.6539387979425,0.408809700879749,31
"1143","PA","Tucuruí",115144,66715,15016,"Tucuruí",1,"Norte",1,"150810",4,130,41,89,67,63,3,0,0,0,0,133,41,89,67,63,40,11.1081850941765,11.6539387979425,0.461367940992884,30
"1144","PA","Tucuruí",115144,66715,15016,"Tucuruí",1,"Norte",1,"150810",5,123,43,80,60,63,1,0,0,0,0,124,43,80,60,63,104,11.1081850941765,11.6539387979425,0.503440949389592,31
"1145","PA","Tucuruí",115144,66715,15016,"Tucuruí",1,"Norte",1,"150810",6,163,47,116,80,83,0,0,0,0,0,163,47,116,80,83,52,11.1081850941765,11.6539387979425,0.438945259718658,30
"1146","PA","Tucuruí",115144,66715,15016,"Tucuruí",1,"Norte",1,"150810",7,136,37,99,61,75,0,0,0,0,0,136,37,99,61,75,58,11.1081850941765,11.6539387979425,0.422255737474262,29
"1147","PA","Ulianópolis",60761,23080.67,15017,"Paragominas",1,"Norte",1,"150812",2,60,28,32,32,28,0,0,0,0,0,60,28,32,32,28,11,10.0467507496634,11.0147034147705,0.302838351406035,29
"1148","PA","Ulianópolis",60761,23080.67,15017,"Paragominas",1,"Norte",1,"150812",3,57,30,27,27,30,1,0,0,0,0,58,30,27,27,30,13,10.0467507496634,11.0147034147705,0.356987595177239,31
"1149","PA","Ulianópolis",60761,23080.67,15017,"Paragominas",1,"Norte",1,"150812",4,33,16,17,20,13,1,0,0,0,0,34,16,17,20,13,5,10.0467507496634,11.0147034147705,0.374738270513783,30
"1150","PA","Ulianópolis",60761,23080.67,15017,"Paragominas",1,"Norte",1,"150812",5,28,16,12,15,13,0,0,0,0,0,28,16,12,15,13,17,10.0467507496634,11.0147034147705,0.430887355047538,31
"1151","PA","Ulianópolis",60761,23080.67,15017,"Paragominas",1,"Norte",1,"150812",6,38,18,20,24,14,1,0,0,0,0,39,18,20,24,14,10,10.0467507496634,11.0147034147705,0.361677703472227,30
"1152","PA","Ulianópolis",60761,23080.67,15017,"Paragominas",1,"Norte",1,"150812",7,39,18,21,27,12,0,0,0,0,0,39,18,21,27,12,14,10.0467507496634,11.0147034147705,0.392924392913448,29
"1153","PA","Uruará",45435,11986.94,15015,"Altamira",1,"Norte",0,"150815",2,138,61,77,73,65,1,0,0,0,0,139,61,77,73,65,20,9.39157300277203,10.7240380121294,0.294090685526431,29
"1154","PA","Uruará",45435,11986.94,15015,"Altamira",1,"Norte",0,"150815",3,125,67,58,67,58,1,0,0,0,0,126,67,58,67,58,17,9.39157300277203,10.7240380121294,0.360247607579529,31
"1155","PA","Uruará",45435,11986.94,15015,"Altamira",1,"Norte",0,"150815",4,70,27,43,46,24,1,0,0,0,0,71,27,43,46,24,9,9.39157300277203,10.7240380121294,0.386378953289974,30
"1156","PA","Uruará",45435,11986.94,15015,"Altamira",1,"Norte",0,"150815",5,75,39,36,36,39,1,0,0,0,0,76,39,36,36,39,11,9.39157300277203,10.7240380121294,0.40673741983914,31
"1157","PA","Uruará",45435,11986.94,15015,"Altamira",1,"Norte",0,"150815",6,48,26,22,23,25,1,0,0,0,0,49,26,22,23,25,20,9.39157300277203,10.7240380121294,0.402846216183223,30
"1158","PA","Uruará",45435,11986.94,15015,"Altamira",1,"Norte",0,"150815",7,65,32,33,39,26,1,0,0,0,0,66,32,33,39,26,23,9.39157300277203,10.7240380121294,0.3990939789136,29
"1159","PA","Vigia",54172,7188.06,15009,"Salgado",1,"Norte",1,"150820",2,92,39,53,46,46,2,0,0,0,0,94,39,53,46,46,14,8.88017659511402,10.8999194487753,0.323387084182388,29
"1160","PA","Vigia",54172,7188.06,15009,"Salgado",1,"Norte",1,"150820",3,93,34,59,53,40,0,0,0,0,0,93,34,59,53,40,30,8.88017659511402,10.8999194487753,0.393462711922914,31
"1161","PA","Vigia",54172,7188.06,15009,"Salgado",1,"Norte",1,"150820",4,52,23,29,28,24,0,0,0,0,0,52,23,29,28,24,48,8.88017659511402,10.8999194487753,0.490059761670887,30
"1162","PA","Vigia",54172,7188.06,15009,"Salgado",1,"Norte",1,"150820",5,43,18,25,23,20,0,0,0,0,0,43,18,25,23,20,69,8.88017659511402,10.8999194487753,0.480137790819035,31
"1163","PA","Vigia",54172,7188.06,15009,"Salgado",1,"Norte",1,"150820",6,49,20,29,30,19,2,0,0,0,0,51,20,29,30,19,31,8.88017659511402,10.8999194487753,0.393575422021823,30
"1164","PA","Vigia",54172,7188.06,15009,"Salgado",1,"Norte",1,"150820",7,54,23,31,29,25,2,0,0,0,0,56,23,31,29,25,16,8.88017659511402,10.8999194487753,0.410411795554246,29
"1165","PA","Viseu",61751,7971.69,15013,"Guamá",1,"Norte",0,"150830",2,144,72,72,91,53,0,0,0,0,0,144,72,72,91,53,16,8.98365179447525,11.0308654486911,0.360597193780508,29
"1166","PA","Viseu",61751,7971.69,15013,"Guamá",1,"Norte",0,"150830",3,102,57,45,59,43,1,0,0,0,0,103,57,45,59,43,14,8.98365179447525,11.0308654486911,0.444097378348893,31
"1167","PA","Viseu",61751,7971.69,15013,"Guamá",1,"Norte",0,"150830",4,69,34,35,41,28,1,0,0,0,0,70,34,35,41,28,29,8.98365179447525,11.0308654486911,0.47222932637928,30
"1168","PA","Viseu",61751,7971.69,15013,"Guamá",1,"Norte",0,"150830",5,78,41,37,53,25,0,0,0,0,0,78,41,37,53,25,39,8.98365179447525,11.0308654486911,0.515205367813983,31
"1169","PA","Viseu",61751,7971.69,15013,"Guamá",1,"Norte",0,"150830",6,68,47,21,50,18,1,0,0,0,0,69,47,21,50,18,34,8.98365179447525,11.0308654486911,0.444969883639856,30
"1170","PA","Viseu",61751,7971.69,15013,"Guamá",1,"Norte",0,"150830",7,82,42,40,52,30,0,0,0,0,0,82,42,40,52,30,14,8.98365179447525,11.0308654486911,0.460776925356231,29
"1171","PA","Xinguara",45086,27618.27,15021,"Redenção",1,"Norte",1,"150840",2,139,53,86,64,75,0,0,0,0,0,139,53,86,64,75,28,10.2262327892304,10.7163270560141,0.285487188923848,29
"1172","PA","Xinguara",45086,27618.27,15021,"Redenção",1,"Norte",1,"150840",3,127,43,84,73,54,0,0,0,0,0,127,43,84,73,54,28,10.2262327892304,10.7163270560141,0.355811028486298,31
"1173","PA","Xinguara",45086,27618.27,15021,"Redenção",1,"Norte",1,"150840",4,100,37,63,52,48,0,0,0,0,0,100,37,63,52,48,12,10.2262327892304,10.7163270560141,0.376467252911629,30
"1174","PA","Xinguara",45086,27618.27,15021,"Redenção",1,"Norte",1,"150840",5,77,28,49,40,37,0,0,0,0,0,77,28,49,40,37,30,10.2262327892304,10.7163270560141,0.38353999170638,31
"1175","PA","Xinguara",45086,27618.27,15021,"Redenção",1,"Norte",1,"150840",6,74,28,46,32,42,2,0,0,0,0,76,28,46,32,42,42,10.2262327892304,10.7163270560141,0.361576785432611,30
"1176","PA","Xinguara",45086,27618.27,15021,"Redenção",1,"Norte",1,"150840",7,99,33,66,41,58,1,0,0,0,0,100,33,66,41,58,37,10.2262327892304,10.7163270560141,0.378714221853464,29
"1177","AP","Ferreira Gomes",7967,70268.95,16003,"Macapá",1,"Norte",0,"160023",2,16,5,11,7,9,0,0,0,0,0,16,5,11,7,9,3,11.1600853017094,8.98306328938037,0.335262987872393,29
"1178","AP","Ferreira Gomes",7967,70268.95,16003,"Macapá",1,"Norte",0,"160023",3,20,12,8,14,6,0,0,0,0,0,20,12,8,14,6,2,11.1600853017094,8.98306328938037,0.416647937891955,31
"1179","AP","Ferreira Gomes",7967,70268.95,16003,"Macapá",1,"Norte",0,"160023",4,10,2,8,7,3,0,0,0,0,0,10,2,8,7,3,2,11.1600853017094,8.98306328938037,0.464468979416873,30
"1180","AP","Ferreira Gomes",7967,70268.95,16003,"Macapá",1,"Norte",0,"160023",5,14,6,8,9,5,1,0,0,0,0,15,6,8,9,5,7,11.1600853017094,8.98306328938037,0.512639959041717,31
"1181","AP","Ferreira Gomes",7967,70268.95,16003,"Macapá",1,"Norte",0,"160023",6,13,5,8,6,7,0,0,0,0,0,13,5,8,6,7,3,11.1600853017094,8.98306328938037,0.480416368805421,30
"1182","AP","Ferreira Gomes",7967,70268.95,16003,"Macapá",1,"Norte",0,"160023",7,13,5,8,8,5,0,0,0,0,0,13,5,8,8,5,3,11.1600853017094,8.98306328938037,0.421733734735466,29
"1183","AP","Laranjal do Jari",51362,18252.7,16004,"Mazagão",1,"Norte",1,"160027",2,134,66,68,79,55,0,0,0,0,0,134,66,68,79,55,19,9.8120682932733,10.8466538784156,0.316394397952677,29
"1184","AP","Laranjal do Jari",51362,18252.7,16004,"Mazagão",1,"Norte",1,"160027",3,115,58,57,69,46,0,0,0,0,0,115,58,57,69,46,12,9.8120682932733,10.8466538784156,0.417330337296306,31
"1185","AP","Laranjal do Jari",51362,18252.7,16004,"Mazagão",1,"Norte",1,"160027",4,64,28,36,39,25,1,0,0,0,0,65,28,36,39,25,32,9.8120682932733,10.8466538784156,0.478427906579563,30
"1186","AP","Laranjal do Jari",51362,18252.7,16004,"Mazagão",1,"Norte",1,"160027",5,58,29,29,38,20,1,0,0,0,0,59,29,29,38,20,48,9.8120682932733,10.8466538784156,0.492564050883897,31
"1187","AP","Laranjal do Jari",51362,18252.7,16004,"Mazagão",1,"Norte",1,"160027",6,57,24,33,28,29,0,0,0,0,0,57,24,33,28,29,21,9.8120682932733,10.8466538784156,0.414405984356819,30
"1188","AP","Laranjal do Jari",51362,18252.7,16004,"Mazagão",1,"Norte",1,"160027",7,64,35,29,37,27,2,0,0,0,0,66,35,29,37,27,16,9.8120682932733,10.8466538784156,0.395611613283918,29
"1189","AP","Macapá",512902,22181.72,16003,"Macapá",1,"Norte",1,"160030",2,1463,419,1044,658,805,6,0,0,0,0,1469,419,1044,658,805,199,10.0070238052377,13.1478400727654,0.308445036107411,29
"1190","AP","Macapá",512902,22181.72,16003,"Macapá",1,"Norte",1,"160030",3,1279,382,897,576,703,7,0,0,0,0,1286,382,897,576,703,181,10.0070238052377,13.1478400727654,0.420173136815511,31
"1191","AP","Macapá",512902,22181.72,16003,"Macapá",1,"Norte",1,"160030",4,809,231,578,375,434,5,0,0,0,0,814,231,578,375,434,262,10.0070238052377,13.1478400727654,0.487956187908677,30
"1192","AP","Macapá",512902,22181.72,16003,"Macapá",1,"Norte",1,"160030",5,698,189,509,322,376,6,0,0,0,0,704,189,509,322,376,536,10.0070238052377,13.1478400727654,0.522087777954478,31
"1193","AP","Macapá",512902,22181.72,16003,"Macapá",1,"Norte",1,"160030",6,743,222,521,318,425,9,0,0,0,0,752,222,521,318,425,333,10.0070238052377,13.1478400727654,0.445081763350484,30
"1194","AP","Macapá",512902,22181.72,16003,"Macapá",1,"Norte",1,"160030",7,644,189,455,269,375,15,0,0,0,0,659,189,455,269,375,206,10.0070238052377,13.1478400727654,0.420499648652112,29
"1195","AP","Mazagão",22053,12172.06,16004,"Mazagão",1,"Norte",0,"160040",2,57,27,30,32,25,0,0,0,0,0,57,27,30,32,25,3,9.40689844035075,10.0012039260422,0.304805934181877,29
"1196","AP","Mazagão",22053,12172.06,16004,"Mazagão",1,"Norte",0,"160040",3,63,28,35,33,30,0,0,0,0,0,63,28,35,33,30,4,9.40689844035075,10.0012039260422,0.418622871037837,31
"1197","AP","Mazagão",22053,12172.06,16004,"Mazagão",1,"Norte",0,"160040",4,44,22,22,21,23,0,0,0,0,0,44,22,22,21,23,10,9.40689844035075,10.0012039260422,0.478538043256998,30
"1198","AP","Mazagão",22053,12172.06,16004,"Mazagão",1,"Norte",0,"160040",5,47,22,25,25,22,0,0,0,0,0,47,22,25,25,22,14,9.40689844035075,10.0012039260422,0.52641603007893,31
"1199","AP","Mazagão",22053,12172.06,16004,"Mazagão",1,"Norte",0,"160040",6,52,35,17,29,23,1,0,0,0,0,53,35,17,29,23,14,9.40689844035075,10.0012039260422,0.46127537871911,30
"1200","AP","Mazagão",22053,12172.06,16004,"Mazagão",1,"Norte",0,"160040",7,51,33,18,29,22,1,0,0,0,0,52,33,18,29,22,10,9.40689844035075,10.0012039260422,0.4450736090822,29
"1201","AP","Porto Grande",22452,15834.25,16003,"Macapá",1,"Norte",0,"160053",2,61,37,24,34,27,0,0,0,0,0,61,37,24,34,27,4,9.66993059441563,10.0191349760621,0.344914317402961,29
"1202","AP","Porto Grande",22452,15834.25,16003,"Macapá",1,"Norte",0,"160053",3,36,12,24,20,16,0,0,0,0,0,36,12,24,20,16,5,9.66993059441563,10.0191349760621,0.424788149636507,31
"1203","AP","Porto Grande",22452,15834.25,16003,"Macapá",1,"Norte",0,"160053",4,41,18,23,22,19,2,0,0,0,0,43,18,23,22,19,7,9.66993059441563,10.0191349760621,0.462015803304241,30
"1204","AP","Porto Grande",22452,15834.25,16003,"Macapá",1,"Norte",0,"160053",5,30,12,18,13,17,1,0,0,0,0,31,12,18,13,17,7,9.66993059441563,10.0191349760621,0.486159288396812,31
"1205","AP","Porto Grande",22452,15834.25,16003,"Macapá",1,"Norte",0,"160053",6,27,14,13,15,12,1,0,0,0,0,28,14,13,15,12,5,9.66993059441563,10.0191349760621,0.458857583452898,30
"1206","AP","Porto Grande",22452,15834.25,16003,"Macapá",1,"Norte",0,"160053",7,26,12,14,18,8,0,0,0,0,0,26,12,14,18,8,14,9.66993059441563,10.0191349760621,0.457136066169509,29
"1207","AP","Santana",123096,17307.11,16003,"Macapá",1,"Norte",1,"160060",2,247,77,170,106,141,1,0,0,0,0,248,77,170,106,141,46,9.75887267871459,11.7207198177372,0.308246105796098,29
"1208","AP","Santana",123096,17307.11,16003,"Macapá",1,"Norte",1,"160060",3,221,48,173,86,135,1,0,0,0,0,222,48,173,86,135,43,9.75887267871459,11.7207198177372,0.419792035350688,31
"1209","AP","Santana",123096,17307.11,16003,"Macapá",1,"Norte",1,"160060",4,141,42,99,66,75,2,0,0,0,0,143,42,99,66,75,62,9.75887267871459,11.7207198177372,0.480725785131204,30
"1210","AP","Santana",123096,17307.11,16003,"Macapá",1,"Norte",1,"160060",5,163,42,121,79,84,0,0,0,0,0,163,42,121,79,84,148,9.75887267871459,11.7207198177372,0.522834219758721,31
"1211","AP","Santana",123096,17307.11,16003,"Macapá",1,"Norte",1,"160060",6,180,65,115,85,95,2,0,0,0,0,182,65,115,85,95,70,9.75887267871459,11.7207198177372,0.444223013046833,30
"1212","AP","Santana",123096,17307.11,16003,"Macapá",1,"Norte",1,"160060",7,169,46,123,79,90,2,0,0,0,0,171,46,123,79,90,52,9.75887267871459,11.7207198177372,0.42301156742437,29
"1213","TO","Alvorada",8396,32238.9,17005,"Gurupi",1,"Norte",0,"170070",2,16,6,10,7,9,1,0,0,0,0,17,6,10,7,9,4,10.3809290769318,9.03551068094052,0.241793347173042,29
"1214","TO","Alvorada",8396,32238.9,17005,"Gurupi",1,"Norte",0,"170070",3,14,2,12,4,10,0,0,0,0,0,14,2,12,4,10,4,10.3809290769318,9.03551068094052,0.290650533701452,31
"1215","TO","Alvorada",8396,32238.9,17005,"Gurupi",1,"Norte",0,"170070",4,14,2,12,9,5,0,0,0,0,0,14,2,12,9,5,5,10.3809290769318,9.03551068094052,0.320038525884202,30
"1216","TO","Alvorada",8396,32238.9,17005,"Gurupi",1,"Norte",0,"170070",5,8,1,7,6,2,0,0,0,0,0,8,1,7,6,2,1,10.3809290769318,9.03551068094052,0.347105073966215,31
"1217","TO","Alvorada",8396,32238.9,17005,"Gurupi",1,"Norte",0,"170070",6,7,2,5,3,4,0,0,0,0,0,7,2,5,3,4,7,10.3809290769318,9.03551068094052,0.36085102238368,30
"1218","TO","Alvorada",8396,32238.9,17005,"Gurupi",1,"Norte",0,"170070",7,8,2,6,6,2,0,0,0,0,0,8,2,6,6,2,10,10.3809290769318,9.03551068094052,0.363454291362185,29
"1219","TO","Araguaçu",8467,22458.34,17004,"Rio Formoso",1,"Norte",0,"170200",2,18,4,14,11,7,0,0,0,0,0,18,4,14,11,7,6,10.0194173163892,9.04393153364228,0.28793857966814,29
"1220","TO","Araguaçu",8467,22458.34,17004,"Rio Formoso",1,"Norte",0,"170200",3,21,1,20,8,13,0,0,0,0,0,21,1,20,8,13,3,10.0194173163892,9.04393153364228,0.369105473165971,31
"1221","TO","Araguaçu",8467,22458.34,17004,"Rio Formoso",1,"Norte",0,"170200",4,2,1,1,1,1,0,0,0,0,0,2,1,1,1,1,6,10.0194173163892,9.04393153364228,0.34780382606521,30
"1222","TO","Araguaçu",8467,22458.34,17004,"Rio Formoso",1,"Norte",0,"170200",5,4,2,2,2,2,0,0,0,0,0,4,2,2,2,2,3,10.0194173163892,9.04393153364228,0.388482069385379,31
"1223","TO","Araguaçu",8467,22458.34,17004,"Rio Formoso",1,"Norte",0,"170200",6,8,1,7,5,3,0,0,0,0,0,8,1,7,5,3,3,10.0194173163892,9.04393153364228,0.41257107542205,30
"1224","TO","Araguaçu",8467,22458.34,17004,"Rio Formoso",1,"Norte",0,"170200",7,8,3,5,5,3,0,0,0,0,0,8,3,5,5,3,7,10.0194173163892,9.04393153364228,0.452072331881304,29
"1225","TO","Araguaína",183381,24715.96,17002,"Araguaína",1,"Norte",1,"170210",2,459,72,387,179,280,1,0,0,0,0,460,72,387,179,280,69,10.1152044677947,12.1193212347464,0.290499691360703,29
"1226","TO","Araguaína",183381,24715.96,17002,"Araguaína",1,"Norte",1,"170210",3,470,87,383,176,294,1,0,0,0,0,471,87,383,176,294,73,10.1152044677947,12.1193212347464,0.369860314688848,31
"1227","TO","Araguaína",183381,24715.96,17002,"Araguaína",1,"Norte",1,"170210",4,265,44,221,99,166,1,0,0,0,0,266,44,221,99,166,82,10.1152044677947,12.1193212347464,0.399120131919237,30
"1228","TO","Araguaína",183381,24715.96,17002,"Araguaína",1,"Norte",1,"170210",5,249,50,199,105,144,5,0,0,0,0,254,50,199,105,144,94,10.1152044677947,12.1193212347464,0.422896333989474,31
"1229","TO","Araguaína",183381,24715.96,17002,"Araguaína",1,"Norte",1,"170210",6,261,43,218,98,163,0,0,0,0,0,261,43,218,98,163,130,10.1152044677947,12.1193212347464,0.372025717124801,30
"1230","TO","Araguaína",183381,24715.96,17002,"Araguaína",1,"Norte",1,"170210",7,271,48,223,95,176,4,0,0,0,0,275,48,223,95,176,113,10.1152044677947,12.1193212347464,0.367912808488394,29
"1231","TO","Araguatins",36170,12060.54,17001,"Bico do Papagaio",1,"Norte",0,"170220",2,66,18,48,35,31,0,0,0,0,0,66,18,48,35,31,11,9.39769424539816,10.4959853249461,0.235670474289129,29
"1232","TO","Araguatins",36170,12060.54,17001,"Bico do Papagaio",1,"Norte",0,"170220",3,51,17,34,18,33,0,0,0,0,0,51,17,34,18,33,15,9.39769424539816,10.4959853249461,0.318866327984184,31
"1233","TO","Araguatins",36170,12060.54,17001,"Bico do Papagaio",1,"Norte",0,"170220",4,33,10,23,19,14,0,0,0,0,0,33,10,23,19,14,20,9.39769424539816,10.4959853249461,0.328700407371947,30
"1234","TO","Araguatins",36170,12060.54,17001,"Bico do Papagaio",1,"Norte",0,"170220",5,34,8,26,19,15,2,0,0,0,0,36,8,26,19,15,25,9.39769424539816,10.4959853249461,0.395976736842578,31
"1235","TO","Araguatins",36170,12060.54,17001,"Bico do Papagaio",1,"Norte",0,"170220",6,42,6,36,20,22,1,0,0,0,0,43,6,36,20,22,19,9.39769424539816,10.4959853249461,0.335158674322029,30
"1236","TO","Araguatins",36170,12060.54,17001,"Bico do Papagaio",1,"Norte",0,"170220",7,33,10,23,15,18,0,0,0,0,0,33,10,23,15,18,24,9.39769424539816,10.4959853249461,0.348941107017816,29
"1237","TO","Arraias",10534,17500.23,17008,"Dianópolis",1,"Norte",0,"170240",2,24,9,15,9,15,0,0,0,0,0,24,9,15,9,15,2,9.76996930268238,9.26236340004333,0.303439661136353,29
"1238","TO","Arraias",10534,17500.23,17008,"Dianópolis",1,"Norte",0,"170240",3,20,4,16,11,9,0,0,0,0,0,20,4,16,11,9,5,9.76996930268238,9.26236340004333,0.395946640849852,31
"1239","TO","Arraias",10534,17500.23,17008,"Dianópolis",1,"Norte",0,"170240",4,11,2,9,7,4,0,0,0,0,0,11,2,9,7,4,5,9.76996930268238,9.26236340004333,0.420665942561998,30
"1240","TO","Arraias",10534,17500.23,17008,"Dianópolis",1,"Norte",0,"170240",5,15,1,14,6,9,0,0,0,0,0,15,1,14,6,9,5,9.76996930268238,9.26236340004333,0.43619483234321,31
"1241","TO","Arraias",10534,17500.23,17008,"Dianópolis",1,"Norte",0,"170240",6,13,2,11,6,7,0,0,0,0,0,13,2,11,6,7,2,9.76996930268238,9.26236340004333,0.376895527999834,30
"1242","TO","Arraias",10534,17500.23,17008,"Dianópolis",1,"Norte",0,"170240",7,12,3,9,5,7,1,0,0,0,0,13,3,9,5,7,9,9.76996930268238,9.26236340004333,0.391651936540343,29
"1243","TO","Augustinópolis",18643,13961.17,17001,"Bico do Papagaio",1,"Norte",1,"170255",2,49,11,38,25,24,0,0,0,0,0,49,11,38,25,24,8,9.54403518369268,9.83322601949546,0.240318934853892,29
"1244","TO","Augustinópolis",18643,13961.17,17001,"Bico do Papagaio",1,"Norte",1,"170255",3,30,8,22,12,18,0,0,0,0,0,30,8,22,12,18,8,9.54403518369268,9.83322601949546,0.29870358633264,31
"1245","TO","Augustinópolis",18643,13961.17,17001,"Bico do Papagaio",1,"Norte",1,"170255",4,25,2,23,14,11,0,0,0,0,0,25,2,23,14,11,7,9.54403518369268,9.83322601949546,0.338000911017738,30
"1246","TO","Augustinópolis",18643,13961.17,17001,"Bico do Papagaio",1,"Norte",1,"170255",5,25,5,20,15,10,0,0,0,0,0,25,5,20,15,10,7,9.54403518369268,9.83322601949546,0.376876133221472,31
"1247","TO","Augustinópolis",18643,13961.17,17001,"Bico do Papagaio",1,"Norte",1,"170255",6,25,9,16,14,11,1,0,0,0,0,26,9,16,14,11,6,9.54403518369268,9.83322601949546,0.345776759042031,30
"1248","TO","Augustinópolis",18643,13961.17,17001,"Bico do Papagaio",1,"Norte",1,"170255",7,30,8,22,18,12,0,0,0,0,0,30,8,22,18,12,12,9.54403518369268,9.83322601949546,0.346433858707186,29
"1249","TO","Barrolândia",5651,16696.13,17003,"Miracema do Tocantins",1,"Norte",0,"170310",2,9,1,8,7,2,0,0,0,0,0,9,1,8,7,2,3,9.72293223502284,8.63958779962984,0.271260906921682,29
"1250","TO","Barrolândia",5651,16696.13,17003,"Miracema do Tocantins",1,"Norte",0,"170310",3,6,3,3,5,1,0,0,0,0,0,6,3,3,5,1,0,9.72293223502284,8.63958779962984,0.316216073984039,31
"1251","TO","Barrolândia",5651,16696.13,17003,"Miracema do Tocantins",1,"Norte",0,"170310",4,3,0,3,3,0,0,0,0,0,0,3,0,3,3,0,3,9.72293223502284,8.63958779962984,0.379890072116215,30
"1252","TO","Barrolândia",5651,16696.13,17003,"Miracema do Tocantins",1,"Norte",0,"170310",5,2,1,1,1,1,0,0,0,0,0,2,1,1,1,1,2,9.72293223502284,8.63958779962984,0.361659651051789,31
"1253","TO","Barrolândia",5651,16696.13,17003,"Miracema do Tocantins",1,"Norte",0,"170310",6,4,0,4,1,3,0,0,0,0,0,4,0,4,1,3,2,9.72293223502284,8.63958779962984,0.329432225715487,30
"1254","TO","Barrolândia",5651,16696.13,17003,"Miracema do Tocantins",1,"Norte",0,"170310",7,1,0,1,0,1,0,0,0,0,0,1,0,1,0,1,5,9.72293223502284,8.63958779962984,0.362995737994324,29
"1255","TO","Colinas do Tocantins",35851,20752.91,17002,"Araguaína",1,"Norte",1,"170550",2,95,14,81,43,52,1,0,0,0,0,96,14,81,43,52,22,9.94044175678986,10.4871267396415,0.277166139021657,29
"1256","TO","Colinas do Tocantins",35851,20752.91,17002,"Araguaína",1,"Norte",1,"170550",3,98,22,76,39,59,1,0,0,0,0,99,22,76,39,59,22,9.94044175678986,10.4871267396415,0.359728273836512,31
"1257","TO","Colinas do Tocantins",35851,20752.91,17002,"Araguaína",1,"Norte",1,"170550",4,54,16,38,27,27,0,0,0,0,0,54,16,38,27,27,19,9.94044175678986,10.4871267396415,0.367897962610943,30
"1258","TO","Colinas do Tocantins",35851,20752.91,17002,"Araguaína",1,"Norte",1,"170550",5,37,11,26,15,22,1,0,0,0,0,38,11,26,15,22,22,9.94044175678986,10.4871267396415,0.377837738426672,31
"1259","TO","Colinas do Tocantins",35851,20752.91,17002,"Araguaína",1,"Norte",1,"170550",6,40,8,32,15,25,0,0,0,0,0,40,8,32,15,25,28,9.94044175678986,10.4871267396415,0.331263598179758,30
"1260","TO","Colinas do Tocantins",35851,20752.91,17002,"Araguaína",1,"Norte",1,"170550",7,41,9,32,16,25,1,0,0,0,0,42,9,32,16,25,23,9.94044175678986,10.4871267396415,0.33369357028217,29
"1261","TO","Cristalândia",7278,15058.8,17004,"Rio Formoso",1,"Norte",0,"170610",2,9,6,3,4,5,0,0,0,0,0,9,6,3,4,5,5,9.61971781690426,8.89261137817211,0.29659369529697,29
"1262","TO","Cristalândia",7278,15058.8,17004,"Rio Formoso",1,"Norte",0,"170610",3,11,2,9,7,4,0,0,0,0,0,11,2,9,7,4,3,9.61971781690426,8.89261137817211,0.379043664874631,31
"1263","TO","Cristalândia",7278,15058.8,17004,"Rio Formoso",1,"Norte",0,"170610",4,4,0,4,2,2,0,0,0,0,0,4,0,4,2,2,5,9.61971781690426,8.89261137817211,0.3828790513524,30
"1264","TO","Cristalândia",7278,15058.8,17004,"Rio Formoso",1,"Norte",0,"170610",5,11,4,7,3,8,0,0,0,0,0,11,4,7,3,8,4,9.61971781690426,8.89261137817211,0.380275838997689,31
"1265","TO","Cristalândia",7278,15058.8,17004,"Rio Formoso",1,"Norte",0,"170610",6,9,0,9,4,5,0,0,0,0,0,9,0,9,4,5,4,9.61971781690426,8.89261137817211,0.351984465024998,30
"1266","TO","Cristalândia",7278,15058.8,17004,"Rio Formoso",1,"Norte",0,"170610",7,2,1,1,0,2,0,0,0,0,0,2,1,1,0,2,4,9.61971781690426,8.89261137817211,0.383122628500476,29
"1267","TO","Dianópolis",22424,15912.16,17008,"Dianópolis",1,"Norte",1,"170700",2,49,21,28,24,25,0,0,0,0,0,49,21,28,24,25,8,9.67483887578743,10.0178870928446,0.26028128066241,29
"1268","TO","Dianópolis",22424,15912.16,17008,"Dianópolis",1,"Norte",1,"170700",3,49,17,32,26,23,0,0,0,0,0,49,17,32,26,23,8,9.67483887578743,10.0178870928446,0.333794573317894,31
"1269","TO","Dianópolis",22424,15912.16,17008,"Dianópolis",1,"Norte",1,"170700",4,19,6,13,10,9,1,0,0,0,0,20,6,13,10,9,7,9.67483887578743,10.0178870928446,0.350768875909323,30
"1270","TO","Dianópolis",22424,15912.16,17008,"Dianópolis",1,"Norte",1,"170700",5,19,6,13,7,12,0,0,0,0,0,19,6,13,7,12,13,9.67483887578743,10.0178870928446,0.341354357417832,31
"1271","TO","Dianópolis",22424,15912.16,17008,"Dianópolis",1,"Norte",1,"170700",6,24,7,17,12,12,0,0,0,0,0,24,7,17,12,12,13,9.67483887578743,10.0178870928446,0.310833751338717,30
"1272","TO","Dianópolis",22424,15912.16,17008,"Dianópolis",1,"Norte",1,"170700",7,26,6,20,16,10,0,0,0,0,0,26,6,20,16,10,11,9.67483887578743,10.0178870928446,0.35763859607633,29
"1273","TO","Divinópolis do Tocantins",6943,17949.32,17003,"Miracema do Tocantins",1,"Norte",0,"170710",2,14,3,11,5,9,0,0,0,0,0,14,3,11,5,9,5,9.79530751019049,8.84548923675327,0.212383853415693,29
"1274","TO","Divinópolis do Tocantins",6943,17949.32,17003,"Miracema do Tocantins",1,"Norte",0,"170710",3,10,1,9,5,5,0,0,0,0,0,10,1,9,5,5,4,9.79530751019049,8.84548923675327,0.28129604939186,31
"1275","TO","Divinópolis do Tocantins",6943,17949.32,17003,"Miracema do Tocantins",1,"Norte",0,"170710",4,9,2,7,3,6,0,0,0,0,0,9,2,7,3,6,6,9.79530751019049,8.84548923675327,0.278165597813257,30
"1276","TO","Divinópolis do Tocantins",6943,17949.32,17003,"Miracema do Tocantins",1,"Norte",0,"170710",5,4,1,3,1,3,0,0,0,0,0,4,1,3,1,3,5,9.79530751019049,8.84548923675327,0.320926343701095,31
"1277","TO","Divinópolis do Tocantins",6943,17949.32,17003,"Miracema do Tocantins",1,"Norte",0,"170710",6,9,4,5,3,6,0,0,0,0,0,9,4,5,3,6,5,9.79530751019049,8.84548923675327,0.311057354736218,30
"1278","TO","Divinópolis do Tocantins",6943,17949.32,17003,"Miracema do Tocantins",1,"Norte",0,"170710",7,7,1,6,4,3,0,0,0,0,0,7,1,6,4,3,4,9.79530751019049,8.84548923675327,0.332348439260089,29
"1279","TO","Dois Irmãos do Tocantins",7185,14213.92,17003,"Miracema do Tocantins",1,"Norte",0,"170720",2,9,2,7,4,5,0,0,0,0,0,9,2,7,4,5,1,9.56197704511717,8.87975079851313,0.238083809233011,29
"1280","TO","Dois Irmãos do Tocantins",7185,14213.92,17003,"Miracema do Tocantins",1,"Norte",0,"170720",3,9,0,9,2,7,0,0,0,0,0,9,0,9,2,7,7,9.56197704511717,8.87975079851313,0.252305694085004,31
"1281","TO","Dois Irmãos do Tocantins",7185,14213.92,17003,"Miracema do Tocantins",1,"Norte",0,"170720",4,5,3,2,2,3,0,0,0,0,0,5,3,2,2,3,3,9.56197704511717,8.87975079851313,0.342258570801153,30
"1282","TO","Dois Irmãos do Tocantins",7185,14213.92,17003,"Miracema do Tocantins",1,"Norte",0,"170720",5,6,2,4,3,3,0,0,0,0,0,6,2,4,3,3,3,9.56197704511717,8.87975079851313,0.392234669220514,31
"1283","TO","Dois Irmãos do Tocantins",7185,14213.92,17003,"Miracema do Tocantins",1,"Norte",0,"170720",6,9,1,8,3,6,0,0,0,0,0,9,1,8,3,6,2,9.56197704511717,8.87975079851313,0.367534544254567,30
"1284","TO","Dois Irmãos do Tocantins",7185,14213.92,17003,"Miracema do Tocantins",1,"Norte",0,"170720",7,11,5,6,6,5,0,0,0,0,0,11,5,6,6,5,5,9.56197704511717,8.87975079851313,0.361811958041896,29
"1285","TO","Formoso do Araguaia",18399,18913.66,17004,"Rio Formoso",1,"Norte",0,"170820",2,37,8,29,16,21,1,0,0,0,0,38,8,29,16,21,10,9.84763969131153,9.82005159429409,0.260253163483187,29
"1286","TO","Formoso do Araguaia",18399,18913.66,17004,"Rio Formoso",1,"Norte",0,"170820",3,39,11,28,15,24,0,0,0,0,0,39,11,28,15,24,13,9.84763969131153,9.82005159429409,0.35741104346965,31
"1287","TO","Formoso do Araguaia",18399,18913.66,17004,"Rio Formoso",1,"Norte",0,"170820",4,19,8,11,12,7,0,0,0,0,0,19,8,11,12,7,11,9.84763969131153,9.82005159429409,0.348084088665117,30
"1288","TO","Formoso do Araguaia",18399,18913.66,17004,"Rio Formoso",1,"Norte",0,"170820",5,27,9,18,15,12,0,0,0,0,0,27,9,18,15,12,12,9.84763969131153,9.82005159429409,0.381193255902548,31
"1289","TO","Formoso do Araguaia",18399,18913.66,17004,"Rio Formoso",1,"Norte",0,"170820",6,29,8,21,11,18,0,0,0,0,0,29,8,21,11,18,6,9.84763969131153,9.82005159429409,0.366765081397798,30
"1290","TO","Formoso do Araguaia",18399,18913.66,17004,"Rio Formoso",1,"Norte",0,"170820",7,37,10,27,23,14,0,0,0,0,0,37,10,27,23,14,14,9.84763969131153,9.82005159429409,0.376943227256827,29
"1291","TO","Goiatins",13095,12487.88,17007,"Jalapão",1,"Norte",0,"170900",2,31,12,19,17,14,0,0,0,0,0,31,12,19,17,14,6,9.43251385292424,9.47998575694181,0.286109308770267,29
"1292","TO","Goiatins",13095,12487.88,17007,"Jalapão",1,"Norte",0,"170900",3,30,9,21,15,15,0,0,0,0,0,30,9,21,15,15,2,9.43251385292424,9.47998575694181,0.356797920494142,31
"1293","TO","Goiatins",13095,12487.88,17007,"Jalapão",1,"Norte",0,"170900",4,19,9,10,8,11,1,0,0,0,0,20,9,10,8,11,9,9.43251385292424,9.47998575694181,0.349346931543645,30
"1294","TO","Goiatins",13095,12487.88,17007,"Jalapão",1,"Norte",0,"170900",5,16,9,7,8,8,0,0,0,0,0,16,9,7,8,8,3,9.43251385292424,9.47998575694181,0.400310574537397,31
"1295","TO","Goiatins",13095,12487.88,17007,"Jalapão",1,"Norte",0,"170900",6,16,8,8,10,6,0,0,0,0,0,16,8,8,10,6,10,9.43251385292424,9.47998575694181,0.377963185734094,30
"1296","TO","Goiatins",13095,12487.88,17007,"Jalapão",1,"Norte",0,"170900",7,15,6,9,11,4,0,0,0,0,0,15,6,9,11,4,5,9.43251385292424,9.47998575694181,0.396061508125427,29
"1297","TO","Guaraí",26165,25371.81,17003,"Miracema do Tocantins",1,"Norte",1,"170930",2,75,11,64,34,41,0,0,0,0,0,75,11,64,34,41,15,10.1413939941557,10.1721779188063,0.269075457490676,29
"1298","TO","Guaraí",26165,25371.81,17003,"Miracema do Tocantins",1,"Norte",1,"170930",3,49,7,42,21,28,0,0,0,0,0,49,7,42,21,28,13,10.1413939941557,10.1721779188063,0.337966851256288,31
"1299","TO","Guaraí",26165,25371.81,17003,"Miracema do Tocantins",1,"Norte",1,"170930",4,34,6,28,21,13,0,0,0,0,0,34,6,28,21,13,11,10.1413939941557,10.1721779188063,0.360529018279489,30
"1300","TO","Guaraí",26165,25371.81,17003,"Miracema do Tocantins",1,"Norte",1,"170930",5,25,4,21,11,14,0,0,0,0,0,25,4,21,11,14,13,10.1413939941557,10.1721779188063,0.375473864021665,31
"1301","TO","Guaraí",26165,25371.81,17003,"Miracema do Tocantins",1,"Norte",1,"170930",6,26,2,24,13,13,0,0,0,0,0,26,2,24,13,13,11,10.1413939941557,10.1721779188063,0.338027813954704,30
"1302","TO","Guaraí",26165,25371.81,17003,"Miracema do Tocantins",1,"Norte",1,"170930",7,34,6,28,25,9,1,0,0,0,0,35,6,28,25,9,15,10.1413939941557,10.1721779188063,0.344299767199852,29
"1303","TO","Gurupi",87545,25690.42,17005,"Gurupi",1,"Norte",1,"170950",2,210,37,173,80,130,2,0,0,0,0,212,37,173,80,130,37,10.1538734387441,11.3799082258604,0.27581684489804,29
"1304","TO","Gurupi",87545,25690.42,17005,"Gurupi",1,"Norte",1,"170950",3,201,32,169,74,127,0,0,0,0,0,201,32,169,74,127,41,10.1538734387441,11.3799082258604,0.355954696472628,31
"1305","TO","Gurupi",87545,25690.42,17005,"Gurupi",1,"Norte",1,"170950",4,110,18,92,43,67,2,0,0,0,0,112,18,92,43,67,30,10.1538734387441,11.3799082258604,0.376200000631163,30
"1306","TO","Gurupi",87545,25690.42,17005,"Gurupi",1,"Norte",1,"170950",5,97,18,79,45,52,2,0,0,0,0,99,18,79,45,52,32,10.1538734387441,11.3799082258604,0.366405621259447,31
"1307","TO","Gurupi",87545,25690.42,17005,"Gurupi",1,"Norte",1,"170950",6,128,23,105,48,80,0,0,0,0,0,128,23,105,48,80,31,10.1538734387441,11.3799082258604,0.346638948362189,30
"1308","TO","Gurupi",87545,25690.42,17005,"Gurupi",1,"Norte",1,"170950",7,107,20,87,38,69,2,0,0,0,0,109,20,87,38,69,52,10.1538734387441,11.3799082258604,0.359973760570951,29
"1309","TO","Lagoa da Confusão",13676,37107.01,17004,"Rio Formoso",1,"Norte",0,"171190",2,31,14,17,19,12,0,0,0,0,0,31,14,17,19,12,3,10.521561179534,9.52339775075919,0.25538274497615,29
"1310","TO","Lagoa da Confusão",13676,37107.01,17004,"Rio Formoso",1,"Norte",0,"171190",3,30,12,18,14,16,0,0,0,0,0,30,12,18,14,16,3,10.521561179534,9.52339775075919,0.327645294015001,31
"1311","TO","Lagoa da Confusão",13676,37107.01,17004,"Rio Formoso",1,"Norte",0,"171190",4,15,6,9,9,6,0,0,0,0,0,15,6,9,9,6,5,10.521561179534,9.52339775075919,0.347755627419395,30
"1312","TO","Lagoa da Confusão",13676,37107.01,17004,"Rio Formoso",1,"Norte",0,"171190",5,19,6,13,10,9,1,0,0,0,0,20,6,13,10,9,3,10.521561179534,9.52339775075919,0.352353615683641,31
"1313","TO","Lagoa da Confusão",13676,37107.01,17004,"Rio Formoso",1,"Norte",0,"171190",6,18,3,15,10,8,0,0,0,0,0,18,3,15,10,8,5,10.521561179534,9.52339775075919,0.342651212815902,30
"1314","TO","Lagoa da Confusão",13676,37107.01,17004,"Rio Formoso",1,"Norte",0,"171190",7,33,11,22,15,18,1,0,0,0,0,34,11,22,15,18,5,10.521561179534,9.52339775075919,0.365846949559597,29
"1315","TO","Miracema do Tocantins",17936,28347.5,17003,"Miracema do Tocantins",1,"Norte",0,"171320",2,55,13,42,24,31,0,0,0,0,0,55,13,42,24,31,9,10.252294121846,9.79456514531194,0.280315762146464,29
"1316","TO","Miracema do Tocantins",17936,28347.5,17003,"Miracema do Tocantins",1,"Norte",0,"171320",3,37,10,27,22,15,0,0,0,0,0,37,10,27,22,15,13,10.252294121846,9.79456514531194,0.371212437200498,31
"1317","TO","Miracema do Tocantins",17936,28347.5,17003,"Miracema do Tocantins",1,"Norte",0,"171320",4,26,6,20,13,13,0,0,0,0,0,26,6,20,13,13,7,10.252294121846,9.79456514531194,0.390261461156187,30
"1318","TO","Miracema do Tocantins",17936,28347.5,17003,"Miracema do Tocantins",1,"Norte",0,"171320",5,24,10,14,10,14,1,0,0,0,0,25,10,14,10,14,9,10.252294121846,9.79456514531194,0.401286923192815,31
"1319","TO","Miracema do Tocantins",17936,28347.5,17003,"Miracema do Tocantins",1,"Norte",0,"171320",6,33,10,23,14,19,0,0,0,0,0,33,10,23,14,19,6,10.252294121846,9.79456514531194,0.356268998289218,30
"1320","TO","Miracema do Tocantins",17936,28347.5,17003,"Miracema do Tocantins",1,"Norte",0,"171320",7,24,8,16,10,14,1,0,0,0,0,25,8,16,10,14,25,10.252294121846,9.79456514531194,0.36164545635531,29
"1321","TO","Miranorte",13493,19648.43,17003,"Miracema do Tocantins",1,"Norte",1,"171330",2,23,4,19,14,9,0,0,0,0,0,23,4,19,14,9,5,9.88575271588654,9.50992631143079,0.267981507293073,29
"1322","TO","Miranorte",13493,19648.43,17003,"Miracema do Tocantins",1,"Norte",1,"171330",3,31,8,23,10,21,0,0,0,0,0,31,8,23,10,21,11,9.88575271588654,9.50992631143079,0.336736832784596,31
"1323","TO","Miranorte",13493,19648.43,17003,"Miracema do Tocantins",1,"Norte",1,"171330",4,20,4,16,11,9,1,0,0,0,0,21,4,16,11,9,9,9.88575271588654,9.50992631143079,0.322039041422925,30
"1324","TO","Miranorte",13493,19648.43,17003,"Miracema do Tocantins",1,"Norte",1,"171330",5,12,5,7,3,9,0,0,0,0,0,12,5,7,3,9,8,9.88575271588654,9.50992631143079,0.368966789411177,31
"1325","TO","Miranorte",13493,19648.43,17003,"Miracema do Tocantins",1,"Norte",1,"171330",6,21,9,12,10,11,1,0,0,0,0,22,9,12,10,11,6,9.88575271588654,9.50992631143079,0.317517192049243,30
"1326","TO","Miranorte",13493,19648.43,17003,"Miracema do Tocantins",1,"Norte",1,"171330",7,15,2,13,8,7,0,0,0,0,0,15,2,13,8,7,9,9.88575271588654,9.50992631143079,0.343848724883553,29
"1327","TO","Natividade",9250,18906.3,17008,"Dianópolis",1,"Norte",0,"171420",2,22,6,16,11,11,0,0,0,0,0,22,6,16,11,11,3,9.84725047883785,9.13237883050647,0.253299055526202,29
"1328","TO","Natividade",9250,18906.3,17008,"Dianópolis",1,"Norte",0,"171420",3,23,7,16,8,15,0,0,0,0,0,23,7,16,8,15,8,9.84725047883785,9.13237883050647,0.295570569224391,31
"1329","TO","Natividade",9250,18906.3,17008,"Dianópolis",1,"Norte",0,"171420",4,11,1,10,3,8,1,0,0,0,0,12,1,10,3,8,5,9.84725047883785,9.13237883050647,0.311961349182252,30
"1330","TO","Natividade",9250,18906.3,17008,"Dianópolis",1,"Norte",0,"171420",5,5,2,3,3,2,0,0,0,0,0,5,2,3,3,2,3,9.84725047883785,9.13237883050647,0.338591845703944,31
"1331","TO","Natividade",9250,18906.3,17008,"Dianópolis",1,"Norte",0,"171420",6,12,2,10,1,11,0,0,0,0,0,12,2,10,1,11,3,9.84725047883785,9.13237883050647,0.311491231341457,30
"1332","TO","Natividade",9250,18906.3,17008,"Dianópolis",1,"Norte",0,"171420",7,11,4,7,7,4,0,0,0,0,0,11,4,7,7,4,3,9.84725047883785,9.13237883050647,0.304110870061433,29
"1333","TO","Palmeirópolis",7676,15543.8,17005,"Gurupi",1,"Norte",0,"171575",2,16,7,9,9,7,0,0,0,0,0,16,7,9,9,7,1,9.65141712427352,8.94585385712759,0.290617924756205,29
"1334","TO","Palmeirópolis",7676,15543.8,17005,"Gurupi",1,"Norte",0,"171575",3,9,1,8,3,6,0,0,0,0,0,9,1,8,3,6,3,9.65141712427352,8.94585385712759,0.352742799926086,31
"1335","TO","Palmeirópolis",7676,15543.8,17005,"Gurupi",1,"Norte",0,"171575",4,4,2,2,3,1,0,0,0,0,0,4,2,2,3,1,2,9.65141712427352,8.94585385712759,0.333173184934417,30
"1336","TO","Palmeirópolis",7676,15543.8,17005,"Gurupi",1,"Norte",0,"171575",5,10,3,7,8,2,0,0,0,0,0,10,3,7,8,2,2,9.65141712427352,8.94585385712759,0.340587812729437,31
"1337","TO","Palmeirópolis",7676,15543.8,17005,"Gurupi",1,"Norte",0,"171575",6,7,3,4,3,4,0,0,0,0,0,7,3,4,3,4,2,9.65141712427352,8.94585385712759,0.336000987232438,30
"1338","TO","Palmeirópolis",7676,15543.8,17005,"Gurupi",1,"Norte",0,"171575",7,9,1,8,5,4,0,0,0,0,0,9,1,8,5,4,1,9.65141712427352,8.94585385712759,0.33182435322458,29
"1339","TO","Paraíso do Tocantins",51891,24316.23,17004,"Rio Formoso",1,"Norte",1,"171610",2,116,16,100,51,65,0,0,0,0,0,116,16,100,51,65,20,10.0988993076164,10.856900643712,0.270512430818,29
"1340","TO","Paraíso do Tocantins",51891,24316.23,17004,"Rio Formoso",1,"Norte",1,"171610",3,84,12,72,34,50,1,0,0,0,0,85,12,72,34,50,22,10.0988993076164,10.856900643712,0.343359035444137,31
"1341","TO","Paraíso do Tocantins",51891,24316.23,17004,"Rio Formoso",1,"Norte",1,"171610",4,72,11,61,32,40,0,0,0,0,0,72,11,61,32,40,22,10.0988993076164,10.856900643712,0.360344488335279,30
"1342","TO","Paraíso do Tocantins",51891,24316.23,17004,"Rio Formoso",1,"Norte",1,"171610",5,55,10,45,26,29,0,0,0,0,0,55,10,45,26,29,18,10.0988993076164,10.856900643712,0.360967491011987,31
"1343","TO","Paraíso do Tocantins",51891,24316.23,17004,"Rio Formoso",1,"Norte",1,"171610",6,63,9,54,18,45,1,0,0,0,0,64,9,54,18,45,24,10.0988993076164,10.856900643712,0.334849353701755,30
"1344","TO","Paraíso do Tocantins",51891,24316.23,17004,"Rio Formoso",1,"Norte",1,"171610",7,70,17,53,34,36,1,0,0,0,0,71,17,53,34,36,32,10.0988993076164,10.856900643712,0.334982919410674,29
"1345","TO","Paranã",10437,20584.61,17008,"Dianópolis",1,"Norte",0,"171620",2,24,8,16,12,12,0,0,0,0,0,24,8,16,12,12,4,9.93229898819019,9.25311246382005,0.242596162463647,29
"1346","TO","Paranã",10437,20584.61,17008,"Dianópolis",1,"Norte",0,"171620",3,19,9,10,8,11,0,0,0,0,0,19,9,10,8,11,4,9.93229898819019,9.25311246382005,0.294844463337323,31
"1347","TO","Paranã",10437,20584.61,17008,"Dianópolis",1,"Norte",0,"171620",4,16,6,10,6,10,0,0,0,0,0,16,6,10,6,10,3,9.93229898819019,9.25311246382005,0.310417461698069,30
"1348","TO","Paranã",10437,20584.61,17008,"Dianópolis",1,"Norte",0,"171620",5,19,4,15,8,11,0,0,0,0,0,19,4,15,8,11,4,9.93229898819019,9.25311246382005,0.343136283990171,31
"1349","TO","Paranã",10437,20584.61,17008,"Dianópolis",1,"Norte",0,"171620",6,14,3,11,9,5,0,0,0,0,0,14,3,11,9,5,7,9.93229898819019,9.25311246382005,0.335926062501063,30
"1350","TO","Paranã",10437,20584.61,17008,"Dianópolis",1,"Norte",0,"171620",7,16,5,11,12,4,0,0,0,0,0,16,5,11,12,4,7,9.93229898819019,9.25311246382005,0.390582433846278,29
"1351","TO","Pedro Afonso",13773,39844.35,17006,"Porto Nacional",1,"Norte",0,"171650",2,37,10,27,20,17,0,0,0,0,0,37,10,27,20,17,4,10.5927358924851,9.53046543291733,0.270705523598729,29
"1352","TO","Pedro Afonso",13773,39844.35,17006,"Porto Nacional",1,"Norte",0,"171650",3,33,3,30,14,19,0,0,0,0,0,33,3,30,14,19,7,10.5927358924851,9.53046543291733,0.334555791564104,31
"1353","TO","Pedro Afonso",13773,39844.35,17006,"Porto Nacional",1,"Norte",0,"171650",4,19,3,16,7,12,0,0,0,0,0,19,3,16,7,12,8,10.5927358924851,9.53046543291733,0.343439176922779,30
"1354","TO","Pedro Afonso",13773,39844.35,17006,"Porto Nacional",1,"Norte",0,"171650",5,25,5,20,12,13,1,0,0,0,0,26,5,20,12,13,8,10.5927358924851,9.53046543291733,0.337832679774114,31
"1355","TO","Pedro Afonso",13773,39844.35,17006,"Porto Nacional",1,"Norte",0,"171650",6,17,4,13,6,11,0,0,0,0,0,17,4,13,6,11,9,10.5927358924851,9.53046543291733,0.346663990584103,30
"1356","TO","Pedro Afonso",13773,39844.35,17006,"Porto Nacional",1,"Norte",0,"171650",7,18,3,15,12,6,0,0,0,0,0,18,3,15,12,6,7,10.5927358924851,9.53046543291733,0.356407045443713,29
"1357","TO","Peixe",11873,45449.34,17005,"Gurupi",1,"Norte",0,"171660",2,12,4,8,8,4,0,0,0,0,0,12,4,8,8,4,2,10.724353578048,9.38202219366579,0.286013106763162,29
"1358","TO","Peixe",11873,45449.34,17005,"Gurupi",1,"Norte",0,"171660",3,13,4,9,7,6,0,0,0,0,0,13,4,9,7,6,5,10.724353578048,9.38202219366579,0.324397344600241,31
"1359","TO","Peixe",11873,45449.34,17005,"Gurupi",1,"Norte",0,"171660",4,15,6,9,8,7,0,0,0,0,0,15,6,9,8,7,2,10.724353578048,9.38202219366579,0.359115047136497,30
"1360","TO","Peixe",11873,45449.34,17005,"Gurupi",1,"Norte",0,"171660",5,8,5,3,5,3,0,0,0,0,0,8,5,3,5,3,3,10.724353578048,9.38202219366579,0.389701271238077,31
"1361","TO","Peixe",11873,45449.34,17005,"Gurupi",1,"Norte",0,"171660",6,12,3,9,5,7,0,0,0,0,0,12,3,9,5,7,6,10.724353578048,9.38202219366579,0.355756455546289,30
"1362","TO","Peixe",11873,45449.34,17005,"Gurupi",1,"Norte",0,"171660",7,8,5,3,4,4,0,0,0,0,0,8,5,3,4,4,11,10.724353578048,9.38202219366579,0.396370051150298,29
"1363","TO","Colméia",8141,17497.68,17003,"Miracema do Tocantins",1,"Norte",0,"171670",2,15,4,11,9,6,0,0,0,0,0,15,4,11,9,6,2,9.76982357969467,9.00466830157398,0.281339480534432,29
"1364","TO","Colméia",8141,17497.68,17003,"Miracema do Tocantins",1,"Norte",0,"171670",3,24,12,12,17,7,0,0,0,0,0,24,12,12,17,7,7,9.76982357969467,9.00466830157398,0.343729622782285,31
"1365","TO","Colméia",8141,17497.68,17003,"Miracema do Tocantins",1,"Norte",0,"171670",4,10,4,6,3,7,0,0,0,0,0,10,4,6,3,7,4,9.76982357969467,9.00466830157398,0.35471258990837,30
"1366","TO","Colméia",8141,17497.68,17003,"Miracema do Tocantins",1,"Norte",0,"171670",5,10,3,7,6,4,0,0,0,0,0,10,3,7,6,4,4,9.76982357969467,9.00466830157398,0.385245534313013,31
"1367","TO","Colméia",8141,17497.68,17003,"Miracema do Tocantins",1,"Norte",0,"171670",6,12,4,8,7,5,0,0,0,0,0,12,4,8,7,5,5,9.76982357969467,9.00466830157398,0.372982475407548,30
"1368","TO","Colméia",8141,17497.68,17003,"Miracema do Tocantins",1,"Norte",0,"171670",7,10,0,10,5,5,1,0,0,0,0,11,0,10,5,5,3,9.76982357969467,9.00466830157398,0.361098647428192,29
"1369","TO","Porto Nacional",53316,31830.46,17006,"Porto Nacional",1,"Norte",1,"171820",2,169,39,130,79,90,0,0,0,0,0,169,39,130,79,90,27,10.3681789719468,10.8839917527239,0.258321404366753,29
"1370","TO","Porto Nacional",53316,31830.46,17006,"Porto Nacional",1,"Norte",1,"171820",3,154,24,130,59,95,1,0,0,0,0,155,24,130,59,95,29,10.3681789719468,10.8839917527239,0.340738915363424,31
"1371","TO","Porto Nacional",53316,31830.46,17006,"Porto Nacional",1,"Norte",1,"171820",4,106,23,83,45,61,0,0,0,0,0,106,23,83,45,61,27,10.3681789719468,10.8839917527239,0.364677954909008,30
"1372","TO","Porto Nacional",53316,31830.46,17006,"Porto Nacional",1,"Norte",1,"171820",5,84,8,76,37,47,1,0,0,0,0,85,8,76,37,47,33,10.3681789719468,10.8839917527239,0.358299988796226,31
"1373","TO","Porto Nacional",53316,31830.46,17006,"Porto Nacional",1,"Norte",1,"171820",6,103,20,83,46,57,1,0,0,0,0,104,20,83,46,57,35,10.3681789719468,10.8839917527239,0.338698395374894,30
"1374","TO","Porto Nacional",53316,31830.46,17006,"Porto Nacional",1,"Norte",1,"171820",7,98,21,77,43,55,1,0,0,0,0,99,21,77,43,55,39,10.3681789719468,10.8839917527239,0.345224136207322,29
"1375","TO","Taguatinga",16825,14648.47,17008,"Dianópolis",1,"Norte",0,"172090",2,22,9,13,6,16,0,0,0,0,0,22,9,13,6,16,10,9.59209117213124,9.73062115451293,0.244066308617301,29
"1376","TO","Taguatinga",16825,14648.47,17008,"Dianópolis",1,"Norte",0,"172090",3,21,7,14,10,11,0,0,0,0,0,21,7,14,10,11,4,9.59209117213124,9.73062115451293,0.308666365541426,31
"1377","TO","Taguatinga",16825,14648.47,17008,"Dianópolis",1,"Norte",0,"172090",4,12,6,6,5,7,0,0,0,0,0,12,6,6,5,7,6,9.59209117213124,9.73062115451293,0.315684723083385,30
"1378","TO","Taguatinga",16825,14648.47,17008,"Dianópolis",1,"Norte",0,"172090",5,18,6,12,10,8,0,0,0,0,0,18,6,12,10,8,5,9.59209117213124,9.73062115451293,0.333110682873481,31
"1379","TO","Taguatinga",16825,14648.47,17008,"Dianópolis",1,"Norte",0,"172090",6,15,7,8,8,7,0,0,0,0,0,15,7,8,8,7,8,9.59209117213124,9.73062115451293,0.318302512141027,30
"1380","TO","Taguatinga",16825,14648.47,17008,"Dianópolis",1,"Norte",0,"172090",7,15,6,9,8,7,0,0,0,0,0,15,6,9,8,7,11,9.59209117213124,9.73062115451293,0.337225465880459,29
"1381","TO","Palmas",306296,32293.89,17006,"Porto Nacional",1,"Norte",1,"172100",2,752,95,657,283,469,2,0,0,0,0,754,95,657,283,469,94,10.3826333272303,12.6323072336432,0.269610545954865,29
"1382","TO","Palmas",306296,32293.89,17006,"Porto Nacional",1,"Norte",1,"172100",3,755,79,676,282,473,2,0,0,0,0,757,79,676,282,473,101,10.3826333272303,12.6323072336432,0.38305825820778,31
"1383","TO","Palmas",306296,32293.89,17006,"Porto Nacional",1,"Norte",1,"172100",4,466,49,417,151,315,2,0,0,0,0,468,49,417,151,315,87,10.3826333272303,12.6323072336432,0.429371695291192,30
"1384","TO","Palmas",306296,32293.89,17006,"Porto Nacional",1,"Norte",1,"172100",5,426,43,383,138,288,5,0,0,0,0,431,43,383,138,288,82,10.3826333272303,12.6323072336432,0.404161089753356,31
"1385","TO","Palmas",306296,32293.89,17006,"Porto Nacional",1,"Norte",1,"172100",6,396,42,354,131,265,2,0,0,0,0,398,42,354,131,265,93,10.3826333272303,12.6323072336432,0.362131610047419,30
"1386","TO","Palmas",306296,32293.89,17006,"Porto Nacional",1,"Norte",1,"172100",7,418,43,375,157,261,9,0,0,0,0,427,43,375,157,261,119,10.3826333272303,12.6323072336432,0.363997089557477,29
"1387","TO","Tocantinópolis",22845,12913.56,17001,"Bico do Papagaio",1,"Norte",1,"172120",2,69,13,56,34,35,0,0,0,0,0,69,13,56,34,35,16,9.46603320105571,10.0364875539974,0.253148071743011,29
"1388","TO","Tocantinópolis",22845,12913.56,17001,"Bico do Papagaio",1,"Norte",1,"172120",3,57,16,41,30,27,2,0,0,0,0,59,16,41,30,27,9,9.46603320105571,10.0364875539974,0.319033713573419,31
"1389","TO","Tocantinópolis",22845,12913.56,17001,"Bico do Papagaio",1,"Norte",1,"172120",4,28,10,18,17,11,0,0,0,0,0,28,10,18,17,11,10,9.46603320105571,10.0364875539974,0.32944394982845,30
"1390","TO","Tocantinópolis",22845,12913.56,17001,"Bico do Papagaio",1,"Norte",1,"172120",5,41,6,35,26,15,0,0,0,0,0,41,6,35,26,15,10,9.46603320105571,10.0364875539974,0.375937466465335,31
"1391","TO","Tocantinópolis",22845,12913.56,17001,"Bico do Papagaio",1,"Norte",1,"172120",6,30,12,18,17,13,0,0,0,0,0,30,12,18,17,13,12,9.46603320105571,10.0364875539974,0.330716393648323,30
"1392","TO","Tocantinópolis",22845,12913.56,17001,"Bico do Papagaio",1,"Norte",1,"172120",7,43,15,28,23,20,1,0,0,0,0,44,15,28,23,20,23,9.46603320105571,10.0364875539974,0.35417264337342,29
"1393","TO","Wanderlândia",11734,12089.51,17002,"Araguaína",1,"Norte",0,"172208",2,24,3,21,14,10,0,0,0,0,0,24,3,21,14,10,5,9.40009341342439,9.3702458894858,0.291661995173627,29
"1394","TO","Wanderlândia",11734,12089.51,17002,"Araguaína",1,"Norte",0,"172208",3,17,4,13,10,7,0,0,0,0,0,17,4,13,10,7,1,9.40009341342439,9.3702458894858,0.342957449434789,31
"1395","TO","Wanderlândia",11734,12089.51,17002,"Araguaína",1,"Norte",0,"172208",4,16,4,12,9,7,0,0,0,0,0,16,4,12,9,7,4,9.40009341342439,9.3702458894858,0.40638625328525,30
"1396","TO","Wanderlândia",11734,12089.51,17002,"Araguaína",1,"Norte",0,"172208",5,12,3,9,9,3,0,0,0,0,0,12,3,9,9,3,4,9.40009341342439,9.3702458894858,0.417838815201106,31
"1397","TO","Wanderlândia",11734,12089.51,17002,"Araguaína",1,"Norte",0,"172208",6,9,2,7,6,3,0,0,0,0,0,9,2,7,6,3,6,9.40009341342439,9.3702458894858,0.376668191611867,30
"1398","TO","Wanderlândia",11734,12089.51,17002,"Araguaína",1,"Norte",0,"172208",7,15,4,11,6,9,0,0,0,0,0,15,4,11,6,9,5,9.40009341342439,9.3702458894858,0.389913779304472,29
"1399","TO","Xambioá",11520,25166.89,17002,"Araguaína",1,"Norte",0,"172210",2,26,5,21,11,15,0,0,0,0,0,26,5,21,11,15,8,10.1332845207018,9.35183993424988,0.266603513386236,29
"1400","TO","Xambioá",11520,25166.89,17002,"Araguaína",1,"Norte",0,"172210",3,33,7,26,11,22,0,0,0,0,0,33,7,26,11,22,6,10.1332845207018,9.35183993424988,0.319900834797167,31
"1401","TO","Xambioá",11520,25166.89,17002,"Araguaína",1,"Norte",0,"172210",4,10,4,6,4,6,0,0,0,0,0,10,4,6,4,6,4,10.1332845207018,9.35183993424988,0.327038805016615,30
"1402","TO","Xambioá",11520,25166.89,17002,"Araguaína",1,"Norte",0,"172210",5,11,4,7,5,6,0,0,0,0,0,11,4,7,5,6,12,10.1332845207018,9.35183993424988,0.40187071179515,31
"1403","TO","Xambioá",11520,25166.89,17002,"Araguaína",1,"Norte",0,"172210",6,14,4,10,9,5,0,0,0,0,0,14,4,10,9,5,8,10.1332845207018,9.35183993424988,0.344927620899348,30
"1404","TO","Xambioá",11520,25166.89,17002,"Araguaína",1,"Norte",0,"172210",7,15,3,12,8,7,1,0,0,0,0,16,3,12,8,7,8,10.1332845207018,9.35183993424988,0.356696118138458,29
"1405","MA","Açailândia",113121,23289.73,21009,"Imperatriz",2,"Nordeste",1,"210005",2,249,76,173,131,118,1,0,0,0,0,250,76,173,131,118,66,10.0557677698528,11.6362133212611,0.299808810768889,29
"1406","MA","Açailândia",113121,23289.73,21009,"Imperatriz",2,"Nordeste",1,"210005",3,264,66,198,124,140,0,0,0,0,0,264,66,198,124,140,44,10.0557677698528,11.6362133212611,0.384441131209705,31
"1407","MA","Açailândia",113121,23289.73,21009,"Imperatriz",2,"Nordeste",1,"210005",4,146,37,109,70,76,0,0,0,0,0,146,37,109,70,76,42,10.0557677698528,11.6362133212611,0.417157112009066,30
"1408","MA","Açailândia",113121,23289.73,21009,"Imperatriz",2,"Nordeste",1,"210005",5,145,45,100,61,84,4,0,0,0,0,149,45,100,61,84,140,10.0557677698528,11.6362133212611,0.435470581934144,31
"1409","MA","Açailândia",113121,23289.73,21009,"Imperatriz",2,"Nordeste",1,"210005",6,137,41,96,77,60,1,0,0,0,0,138,41,96,77,60,86,10.0557677698528,11.6362133212611,0.385422595839369,30
"1410","MA","Açailândia",113121,23289.73,21009,"Imperatriz",2,"Nordeste",1,"210005",7,159,41,118,87,72,3,0,0,0,0,162,41,118,87,72,75,10.0557677698528,11.6362133212611,0.39717816862323,29
"1411","MA","Água Doce do Maranhão",12652,6901.51,21013,"Baixo Parnaíba Maranhense",2,"Nordeste",0,"210015",2,21,10,11,11,10,0,0,0,0,0,21,10,11,11,10,4,8.83949550722295,9.44557058442554,0.374725868806758,29
"1412","MA","Água Doce do Maranhão",12652,6901.51,21013,"Baixo Parnaíba Maranhense",2,"Nordeste",0,"210015",3,22,11,11,14,8,0,0,0,0,0,22,11,11,14,8,2,8.83949550722295,9.44557058442554,0.485892655033585,31
"1413","MA","Água Doce do Maranhão",12652,6901.51,21013,"Baixo Parnaíba Maranhense",2,"Nordeste",0,"210015",4,14,5,9,11,3,0,0,0,0,0,14,5,9,11,3,4,8.83949550722295,9.44557058442554,0.529817574771441,30
"1414","MA","Água Doce do Maranhão",12652,6901.51,21013,"Baixo Parnaíba Maranhense",2,"Nordeste",0,"210015",5,16,5,11,10,6,0,0,0,0,0,16,5,11,10,6,3,8.83949550722295,9.44557058442554,0.541694512479368,31
"1415","MA","Água Doce do Maranhão",12652,6901.51,21013,"Baixo Parnaíba Maranhense",2,"Nordeste",0,"210015",6,12,6,6,5,7,0,0,0,0,0,12,6,6,5,7,14,8.83949550722295,9.44557058442554,0.49762988949676,30
"1416","MA","Água Doce do Maranhão",12652,6901.51,21013,"Baixo Parnaíba Maranhense",2,"Nordeste",0,"210015",7,16,7,9,8,8,1,0,0,0,0,17,7,9,8,8,3,8.83949550722295,9.44557058442554,0.554518414999174,29
"1417","MA","Alcântara",22112,5880.13,21001,"Litoral Ocidental Maranhense",2,"Nordeste",0,"210020",2,23,7,16,13,10,0,0,0,0,0,23,7,16,13,10,7,8.67933414949181,10.0038757265674,0.325198115331732,29
"1418","MA","Alcântara",22112,5880.13,21001,"Litoral Ocidental Maranhense",2,"Nordeste",0,"210020",3,23,7,16,13,10,0,0,0,0,0,23,7,16,13,10,5,8.67933414949181,10.0038757265674,0.423739410790786,31
"1419","MA","Alcântara",22112,5880.13,21001,"Litoral Ocidental Maranhense",2,"Nordeste",0,"210020",4,13,5,8,7,6,0,0,0,0,0,13,5,8,7,6,7,8.67933414949181,10.0038757265674,0.463684885282483,30
"1420","MA","Alcântara",22112,5880.13,21001,"Litoral Ocidental Maranhense",2,"Nordeste",0,"210020",5,14,5,9,6,8,1,0,0,0,0,15,5,9,6,8,16,8.67933414949181,10.0038757265674,0.506954524399368,31
"1421","MA","Alcântara",22112,5880.13,21001,"Litoral Ocidental Maranhense",2,"Nordeste",0,"210020",6,18,5,13,9,9,1,0,0,0,0,19,5,13,9,9,6,8.67933414949181,10.0038757265674,0.449200947992453,30
"1422","MA","Alcântara",22112,5880.13,21001,"Litoral Ocidental Maranhense",2,"Nordeste",0,"210020",7,19,11,8,9,10,0,0,0,0,0,19,11,8,9,10,2,8.67933414949181,10.0038757265674,0.452123593539326,29
"1423","MA","Aldeias Altas",26757,6895.22,21016,"Coelho Neto",2,"Nordeste",0,"210030",2,62,32,30,34,28,2,0,0,0,0,64,32,30,34,28,14,8.83858369689749,10.1945514003343,0.321300846781306,29
"1424","MA","Aldeias Altas",26757,6895.22,21016,"Coelho Neto",2,"Nordeste",0,"210030",3,62,37,25,34,28,0,0,0,0,0,62,37,25,34,28,10,8.83858369689749,10.1945514003343,0.403854855103586,31
"1425","MA","Aldeias Altas",26757,6895.22,21016,"Coelho Neto",2,"Nordeste",0,"210030",4,43,15,28,22,21,2,0,0,0,0,45,15,28,22,21,8,8.83858369689749,10.1945514003343,0.433565791233711,30
"1426","MA","Aldeias Altas",26757,6895.22,21016,"Coelho Neto",2,"Nordeste",0,"210030",5,35,20,15,16,19,0,0,0,0,0,35,20,15,16,19,12,8.83858369689749,10.1945514003343,0.415062396805155,31
"1427","MA","Aldeias Altas",26757,6895.22,21016,"Coelho Neto",2,"Nordeste",0,"210030",6,38,21,17,25,13,1,0,0,0,0,39,21,17,25,13,11,8.83858369689749,10.1945514003343,0.408065420109325,30
"1428","MA","Aldeias Altas",26757,6895.22,21016,"Coelho Neto",2,"Nordeste",0,"210030",7,40,18,22,22,18,0,0,0,0,0,40,18,22,22,18,20,8.83858369689749,10.1945514003343,0.434044376470531,29
"1429","MA","Altamira do Maranhão",8189,7008.78,21008,"Pindaré",2,"Nordeste",0,"210040",2,10,1,9,6,4,0,0,0,0,0,10,1,9,6,4,3,8.85491892779255,9.01054706927019,0.27471707793615,29
"1430","MA","Altamira do Maranhão",8189,7008.78,21008,"Pindaré",2,"Nordeste",0,"210040",3,12,1,11,6,6,0,0,0,0,0,12,1,11,6,6,3,8.85491892779255,9.01054706927019,0.405567597677751,31
"1431","MA","Altamira do Maranhão",8189,7008.78,21008,"Pindaré",2,"Nordeste",0,"210040",4,9,7,2,4,5,0,0,0,0,0,9,7,2,4,5,4,8.85491892779255,9.01054706927019,0.440787960893149,30
"1432","MA","Altamira do Maranhão",8189,7008.78,21008,"Pindaré",2,"Nordeste",0,"210040",5,5,2,3,3,2,0,0,0,0,0,5,2,3,3,2,2,8.85491892779255,9.01054706927019,0.478747234418827,31
"1433","MA","Altamira do Maranhão",8189,7008.78,21008,"Pindaré",2,"Nordeste",0,"210040",6,3,1,2,1,2,0,0,0,0,0,3,1,2,1,2,5,8.85491892779255,9.01054706927019,0.427918201266234,30
"1434","MA","Altamira do Maranhão",8189,7008.78,21008,"Pindaré",2,"Nordeste",0,"210040",7,8,2,6,4,4,0,0,0,0,0,8,2,6,4,4,4,8.85491892779255,9.01054706927019,0.446305879429844,29
"1435","MA","Alto Alegre do Maranhão",27858,10020.02,21015,"Codó",2,"Nordeste",1,"210043",2,64,23,41,34,30,0,0,0,0,0,64,23,41,34,30,12,9.21234037064485,10.234875457248,0.278421245203477,29
"1436","MA","Alto Alegre do Maranhão",27858,10020.02,21015,"Codó",2,"Nordeste",1,"210043",3,58,21,37,33,25,1,0,0,0,0,59,21,37,33,25,14,9.21234037064485,10.234875457248,0.35782025147281,31
"1437","MA","Alto Alegre do Maranhão",27858,10020.02,21015,"Codó",2,"Nordeste",1,"210043",4,39,18,21,23,16,1,0,0,0,0,40,18,21,23,16,14,9.21234037064485,10.234875457248,0.374353757269339,30
"1438","MA","Alto Alegre do Maranhão",27858,10020.02,21015,"Codó",2,"Nordeste",1,"210043",5,33,10,23,22,11,0,0,0,0,0,33,10,23,22,11,28,9.21234037064485,10.234875457248,0.376196140991188,31
"1439","MA","Alto Alegre do Maranhão",27858,10020.02,21015,"Codó",2,"Nordeste",1,"210043",6,29,13,16,17,12,0,0,0,0,0,29,13,16,17,12,13,9.21234037064485,10.234875457248,0.346008861383955,30
"1440","MA","Alto Alegre do Maranhão",27858,10020.02,21015,"Codó",2,"Nordeste",1,"210043",7,34,7,27,21,13,0,0,0,0,0,34,7,27,21,13,12,9.21234037064485,10.234875457248,0.367543352763099,29
"1441","MA","Alto Alegre do Pindaré",31943,5980.04,21008,"Pindaré",2,"Nordeste",0,"210047",2,62,26,36,39,23,0,0,0,0,0,62,26,36,39,23,7,8.69618253588552,10.3717083434697,0.327073419595343,29
"1442","MA","Alto Alegre do Pindaré",31943,5980.04,21008,"Pindaré",2,"Nordeste",0,"210047",3,44,14,30,27,17,0,0,0,0,0,44,14,30,27,17,11,8.69618253588552,10.3717083434697,0.418202348570929,31
"1443","MA","Alto Alegre do Pindaré",31943,5980.04,21008,"Pindaré",2,"Nordeste",0,"210047",4,16,4,12,8,8,0,0,0,0,0,16,4,12,8,8,10,8.69618253588552,10.3717083434697,0.433526133092254,30
"1444","MA","Alto Alegre do Pindaré",31943,5980.04,21008,"Pindaré",2,"Nordeste",0,"210047",5,37,9,28,25,12,0,0,0,0,0,37,9,28,25,12,18,8.69618253588552,10.3717083434697,0.493378287403283,31
"1445","MA","Alto Alegre do Pindaré",31943,5980.04,21008,"Pindaré",2,"Nordeste",0,"210047",6,36,17,19,22,14,1,0,0,0,0,37,17,19,22,14,31,8.69618253588552,10.3717083434697,0.45812440778244,30
"1446","MA","Alto Alegre do Pindaré",31943,5980.04,21008,"Pindaré",2,"Nordeste",0,"210047",7,37,11,26,27,10,1,0,0,0,0,38,11,26,27,10,13,8.69618253588552,10.3717083434697,0.467839639187286,29
"1447","MA","Alto Parnaíba",11212,31263.56,21020,"Gerais de Balsas",2,"Nordeste",0,"210050",2,26,8,18,17,9,0,0,0,0,0,26,8,18,17,9,8,10.3502084810485,9.32473991228468,0.291306959808715,29
"1448","MA","Alto Parnaíba",11212,31263.56,21020,"Gerais de Balsas",2,"Nordeste",0,"210050",3,14,4,10,9,5,1,0,0,0,0,15,4,10,9,5,4,10.3502084810485,9.32473991228468,0.363263235394251,31
"1449","MA","Alto Parnaíba",11212,31263.56,21020,"Gerais de Balsas",2,"Nordeste",0,"210050",4,11,5,6,4,7,0,0,0,0,0,11,5,6,4,7,4,10.3502084810485,9.32473991228468,0.376486008150749,30
"1450","MA","Alto Parnaíba",11212,31263.56,21020,"Gerais de Balsas",2,"Nordeste",0,"210050",5,4,2,2,2,2,0,0,0,0,0,4,2,2,2,2,3,10.3502084810485,9.32473991228468,0.397870288788347,31
"1451","MA","Alto Parnaíba",11212,31263.56,21020,"Gerais de Balsas",2,"Nordeste",0,"210050",6,7,3,4,6,1,0,0,0,0,0,7,3,4,6,1,8,10.3502084810485,9.32473991228468,0.370662537697633,30
"1452","MA","Alto Parnaíba",11212,31263.56,21020,"Gerais de Balsas",2,"Nordeste",0,"210050",7,11,2,9,9,2,0,0,0,0,0,11,2,9,9,2,9,10.3502084810485,9.32473991228468,0.384429615715937,29
"1453","MA","Amarante do Maranhão",41729,7638.94,21009,"Imperatriz",2,"Nordeste",0,"210060",2,97,62,35,59,38,1,0,0,0,0,98,62,35,59,38,21,8.9410141290793,10.6389516097231,0.297142362027702,29
"1454","MA","Amarante do Maranhão",41729,7638.94,21009,"Imperatriz",2,"Nordeste",0,"210060",3,98,58,40,66,32,0,0,0,0,0,98,58,40,66,32,16,8.9410141290793,10.6389516097231,0.375223916936409,31
"1455","MA","Amarante do Maranhão",41729,7638.94,21009,"Imperatriz",2,"Nordeste",0,"210060",4,67,41,26,35,32,2,0,0,0,0,69,41,26,35,32,15,8.9410141290793,10.6389516097231,0.369699850375398,30
"1456","MA","Amarante do Maranhão",41729,7638.94,21009,"Imperatriz",2,"Nordeste",0,"210060",5,61,40,21,47,14,0,0,0,0,0,61,40,21,47,14,29,8.9410141290793,10.6389516097231,0.417550796622789,31
"1457","MA","Amarante do Maranhão",41729,7638.94,21009,"Imperatriz",2,"Nordeste",0,"210060",6,51,32,19,31,20,1,0,0,0,0,52,32,19,31,20,34,8.9410141290793,10.6389516097231,0.381644480748239,30
"1458","MA","Amarante do Maranhão",41729,7638.94,21009,"Imperatriz",2,"Nordeste",0,"210060",7,58,38,20,41,17,2,0,0,0,0,60,38,20,41,17,26,8.9410141290793,10.6389516097231,0.384189585475571,29
"1459","MA","Anajatuba",26988,6692.9,21005,"Baixada Maranhense",2,"Nordeste",0,"210070",2,44,12,32,20,24,0,0,0,0,0,44,12,32,20,24,16,8.80880254200591,10.2031476017473,0.307357811884076,29
"1460","MA","Anajatuba",26988,6692.9,21005,"Baixada Maranhense",2,"Nordeste",0,"210070",3,37,11,26,21,16,0,0,0,0,0,37,11,26,21,16,13,8.80880254200591,10.2031476017473,0.399446732408006,31
"1461","MA","Anajatuba",26988,6692.9,21005,"Baixada Maranhense",2,"Nordeste",0,"210070",4,24,9,15,9,15,0,0,0,0,0,24,9,15,9,15,13,8.80880254200591,10.2031476017473,0.427722918305637,30
"1462","MA","Anajatuba",26988,6692.9,21005,"Baixada Maranhense",2,"Nordeste",0,"210070",5,16,8,8,11,5,0,0,0,0,0,16,8,8,11,5,18,8.80880254200591,10.2031476017473,0.478304711989059,31
"1463","MA","Anajatuba",26988,6692.9,21005,"Baixada Maranhense",2,"Nordeste",0,"210070",6,24,5,19,10,14,0,0,0,0,0,24,5,19,10,14,15,8.80880254200591,10.2031476017473,0.415132901560538,30
"1464","MA","Anajatuba",26988,6692.9,21005,"Baixada Maranhense",2,"Nordeste",0,"210070",7,33,13,20,13,20,0,0,0,0,0,33,13,20,13,20,13,8.80880254200591,10.2031476017473,0.440037654361458,29
"1465","MA","Anapurus",15894,8464.04,21014,"Chapadinha",2,"Nordeste",0,"210080",2,27,9,18,14,13,0,0,0,0,0,27,9,18,14,13,2,9.04358187998483,9.67369695850013,0.263563978767629,29
"1466","MA","Anapurus",15894,8464.04,21014,"Chapadinha",2,"Nordeste",0,"210080",3,27,10,17,17,10,1,0,0,0,0,28,10,17,17,10,8,9.04358187998483,9.67369695850013,0.362500362830444,31
"1467","MA","Anapurus",15894,8464.04,21014,"Chapadinha",2,"Nordeste",0,"210080",4,25,8,17,14,11,0,0,0,0,0,25,8,17,14,11,3,9.04358187998483,9.67369695850013,0.381381998850474,30
"1468","MA","Anapurus",15894,8464.04,21014,"Chapadinha",2,"Nordeste",0,"210080",5,17,6,11,11,6,1,0,0,0,0,18,6,11,11,6,12,9.04358187998483,9.67369695850013,0.451021333442129,31
"1469","MA","Anapurus",15894,8464.04,21014,"Chapadinha",2,"Nordeste",0,"210080",6,27,12,15,14,13,0,0,0,0,0,27,12,15,14,13,11,9.04358187998483,9.67369695850013,0.407480372891371,30
"1470","MA","Anapurus",15894,8464.04,21014,"Chapadinha",2,"Nordeste",0,"210080",7,30,12,18,15,15,0,0,0,0,0,30,12,18,15,15,10,9.04358187998483,9.67369695850013,0.388916348819108,29
"1471","MA","Apicum-Açu",17413,6388.28,21001,"Litoral Ocidental Maranhense",2,"Nordeste",0,"210083",2,36,15,21,20,16,0,0,0,0,0,36,15,21,20,16,6,8.76222034055965,9.76497233267938,0.289036986474103,29
"1472","MA","Apicum-Açu",17413,6388.28,21001,"Litoral Ocidental Maranhense",2,"Nordeste",0,"210083",3,21,9,12,14,7,1,0,0,0,0,22,9,12,14,7,9,8.76222034055965,9.76497233267938,0.342496688990232,31
"1473","MA","Apicum-Açu",17413,6388.28,21001,"Litoral Ocidental Maranhense",2,"Nordeste",0,"210083",4,17,9,8,11,6,1,0,0,0,0,18,9,8,11,6,5,8.76222034055965,9.76497233267938,0.355443989728736,30
"1474","MA","Apicum-Açu",17413,6388.28,21001,"Litoral Ocidental Maranhense",2,"Nordeste",0,"210083",5,16,11,5,9,7,0,0,0,0,0,16,11,5,9,7,12,8.76222034055965,9.76497233267938,0.389335324037491,31
"1475","MA","Apicum-Açu",17413,6388.28,21001,"Litoral Ocidental Maranhense",2,"Nordeste",0,"210083",6,17,8,9,12,5,0,0,0,0,0,17,8,9,12,5,9,8.76222034055965,9.76497233267938,0.3579705305202,30
"1476","MA","Apicum-Açu",17413,6388.28,21001,"Litoral Ocidental Maranhense",2,"Nordeste",0,"210083",7,22,9,13,9,13,0,0,0,0,0,22,9,13,9,13,12,8.76222034055965,9.76497233267938,0.389117732061482,29
"1477","MA","Araguanã",15551,5309.7,21008,"Pindaré",2,"Nordeste",0,"210087",2,16,8,8,10,6,0,0,0,0,0,16,8,8,10,6,1,8.57729061546482,9.65188022422134,0.328873971288898,29
"1478","MA","Araguanã",15551,5309.7,21008,"Pindaré",2,"Nordeste",0,"210087",3,14,7,7,11,3,2,0,0,0,0,16,7,7,11,3,3,8.57729061546482,9.65188022422134,0.386527797784603,31
"1479","MA","Araguanã",15551,5309.7,21008,"Pindaré",2,"Nordeste",0,"210087",4,5,2,3,4,1,0,0,0,0,0,5,2,3,4,1,0,8.57729061546482,9.65188022422134,0.390548683486333,30
"1480","MA","Araguanã",15551,5309.7,21008,"Pindaré",2,"Nordeste",0,"210087",5,7,3,4,5,2,0,0,0,0,0,7,3,4,5,2,1,8.57729061546482,9.65188022422134,0.490149506328551,31
"1481","MA","Araguanã",15551,5309.7,21008,"Pindaré",2,"Nordeste",0,"210087",6,9,4,5,6,3,1,0,0,0,0,10,4,5,6,3,2,8.57729061546482,9.65188022422134,0.438383009013035,30
"1482","MA","Araguanã",15551,5309.7,21008,"Pindaré",2,"Nordeste",0,"210087",7,7,2,5,5,2,0,0,0,0,0,7,2,5,5,2,5,8.57729061546482,9.65188022422134,0.404839517785919,29
"1483","MA","Araioses",46771,5853.72,21013,"Baixo Parnaíba Maranhense",2,"Nordeste",0,"210090",2,92,49,43,50,42,1,0,0,0,0,93,49,43,50,42,15,8.6748326355647,10.7530186317186,0.340389320044272,29
"1484","MA","Araioses",46771,5853.72,21013,"Baixo Parnaíba Maranhense",2,"Nordeste",0,"210090",3,86,35,51,52,34,0,0,0,0,0,86,35,51,52,34,22,8.6748326355647,10.7530186317186,0.441465069716969,31
"1485","MA","Araioses",46771,5853.72,21013,"Baixo Parnaíba Maranhense",2,"Nordeste",0,"210090",4,45,25,20,26,19,0,0,0,0,0,45,25,20,26,19,18,8.6748326355647,10.7530186317186,0.446686314341891,30
"1486","MA","Araioses",46771,5853.72,21013,"Baixo Parnaíba Maranhense",2,"Nordeste",0,"210090",5,31,18,13,19,12,1,0,0,0,0,32,18,13,19,12,28,8.6748326355647,10.7530186317186,0.523785974952606,31
"1487","MA","Araioses",46771,5853.72,21013,"Baixo Parnaíba Maranhense",2,"Nordeste",0,"210090",6,29,17,12,19,10,0,0,0,0,0,29,17,12,19,10,39,8.6748326355647,10.7530186317186,0.462913945472676,30
"1488","MA","Araioses",46771,5853.72,21013,"Baixo Parnaíba Maranhense",2,"Nordeste",0,"210090",7,47,20,27,25,22,0,0,0,0,0,47,20,27,25,22,34,8.6748326355647,10.7530186317186,0.496331857456481,29
"1489","MA","Arame",32764,7157.11,21011,"Alto Mearim e Grajaú",2,"Nordeste",0,"210095",2,86,50,36,46,40,0,0,0,0,0,86,50,36,46,40,16,8.87586154718874,10.3970856306355,0.278041137164483,29
"1490","MA","Arame",32764,7157.11,21011,"Alto Mearim e Grajaú",2,"Nordeste",0,"210095",3,77,43,34,45,32,1,0,0,0,0,78,43,34,45,32,11,8.87586154718874,10.3970856306355,0.334445105570158,31
"1491","MA","Arame",32764,7157.11,21011,"Alto Mearim e Grajaú",2,"Nordeste",0,"210095",4,33,26,7,20,13,1,0,0,0,0,34,26,7,20,13,5,8.87586154718874,10.3970856306355,0.359055695499871,30
"1492","MA","Arame",32764,7157.11,21011,"Alto Mearim e Grajaú",2,"Nordeste",0,"210095",5,53,36,17,31,22,1,0,0,0,0,54,36,17,31,22,12,8.87586154718874,10.3970856306355,0.431155996781959,31
"1493","MA","Arame",32764,7157.11,21011,"Alto Mearim e Grajaú",2,"Nordeste",0,"210095",6,44,27,17,29,15,2,0,0,0,0,46,27,17,29,15,22,8.87586154718874,10.3970856306355,0.351512061775143,30
"1494","MA","Arame",32764,7157.11,21011,"Alto Mearim e Grajaú",2,"Nordeste",0,"210095",7,54,34,20,25,29,3,0,0,0,0,57,34,20,25,29,21,8.87586154718874,10.3970856306355,0.416015689355827,29
"1495","MA","Arari",29932,8528.04,21005,"Baixada Maranhense",2,"Nordeste",0,"210100",2,56,20,36,28,28,0,0,0,0,0,56,20,36,28,28,26,9.05111483682615,10.3066834212002,0.295770545996326,29
"1496","MA","Arari",29932,8528.04,21005,"Baixada Maranhense",2,"Nordeste",0,"210100",3,68,22,46,36,32,0,0,0,0,0,68,22,46,36,32,22,9.05111483682615,10.3066834212002,0.385240172778299,31
"1497","MA","Arari",29932,8528.04,21005,"Baixada Maranhense",2,"Nordeste",0,"210100",4,40,14,26,23,17,1,0,0,0,0,41,14,26,23,17,13,9.05111483682615,10.3066834212002,0.427621780701691,30
"1498","MA","Arari",29932,8528.04,21005,"Baixada Maranhense",2,"Nordeste",0,"210100",5,31,10,21,17,14,0,0,0,0,0,31,10,21,17,14,25,9.05111483682615,10.3066834212002,0.460417579063825,31
"1499","MA","Arari",29932,8528.04,21005,"Baixada Maranhense",2,"Nordeste",0,"210100",6,26,5,21,17,9,0,0,0,0,0,26,5,21,17,9,15,9.05111483682615,10.3066834212002,0.413775368231152,30
"1500","MA","Arari",29932,8528.04,21005,"Baixada Maranhense",2,"Nordeste",0,"210100",7,30,10,20,20,10,0,0,0,0,0,30,10,20,20,10,21,9.05111483682615,10.3066834212002,0.419360797827323,29
"1501","MA","Bacabal",104790,10881.15,21010,"Médio Mearim",2,"Nordeste",1,"210120",2,264,84,180,143,121,1,0,0,0,0,265,84,180,143,121,49,9.29478721335365,11.559713626469,0.273464133173844,29
"1502","MA","Bacabal",104790,10881.15,21010,"Médio Mearim",2,"Nordeste",1,"210120",3,279,70,209,148,131,0,0,0,0,0,279,70,209,148,131,63,9.29478721335365,11.559713626469,0.366916719651683,31
"1503","MA","Bacabal",104790,10881.15,21010,"Médio Mearim",2,"Nordeste",1,"210120",4,141,32,109,82,59,1,0,0,0,0,142,32,109,82,59,52,9.29478721335365,11.559713626469,0.412233411200442,30
"1504","MA","Bacabal",104790,10881.15,21010,"Médio Mearim",2,"Nordeste",1,"210120",5,121,41,80,72,49,1,0,0,0,0,122,41,80,72,49,104,9.29478721335365,11.559713626469,0.42797850402346,31
"1505","MA","Bacabal",104790,10881.15,21010,"Médio Mearim",2,"Nordeste",1,"210120",6,138,45,93,80,58,1,0,0,0,0,139,45,93,80,58,88,9.29478721335365,11.559713626469,0.394027380228075,30
"1506","MA","Bacabal",104790,10881.15,21010,"Médio Mearim",2,"Nordeste",1,"210120",7,145,45,100,82,63,2,0,0,0,0,147,45,100,82,63,56,9.29478721335365,11.559713626469,0.392953570361498,29
"1507","MA","Bacabeira",17252,18224.09,21003,"Rosário",2,"Nordeste",0,"210125",2,34,10,24,22,12,1,0,0,0,0,35,10,24,22,12,6,9.81049962421735,9.75568335776773,0.281694812265924,29
"1508","MA","Bacabeira",17252,18224.09,21003,"Rosário",2,"Nordeste",0,"210125",3,15,8,7,11,4,1,0,0,0,0,16,8,7,11,4,9,9.81049962421735,9.75568335776773,0.350759654489503,31
"1509","MA","Bacabeira",17252,18224.09,21003,"Rosário",2,"Nordeste",0,"210125",4,16,3,13,9,7,0,0,0,0,0,16,3,13,9,7,8,9.81049962421735,9.75568335776773,0.370020080889306,30
"1510","MA","Bacabeira",17252,18224.09,21003,"Rosário",2,"Nordeste",0,"210125",5,12,2,10,6,6,0,0,0,0,0,12,2,10,6,6,21,9.81049962421735,9.75568335776773,0.365535785024979,31
"1511","MA","Bacabeira",17252,18224.09,21003,"Rosário",2,"Nordeste",0,"210125",6,6,3,3,2,4,2,0,0,0,0,8,3,3,2,4,10,9.81049962421735,9.75568335776773,0.321238006737569,30
"1512","MA","Bacabeira",17252,18224.09,21003,"Rosário",2,"Nordeste",0,"210125",7,9,3,6,2,7,0,0,0,0,0,9,3,6,2,7,12,9.81049962421735,9.75568335776773,0.348162552760298,29
"1513","MA","Bacuri",18654,5320.4,21001,"Litoral Ocidental Maranhense",2,"Nordeste",0,"210130",2,41,10,31,24,17,0,0,0,0,0,41,10,31,24,17,8,8.57930376747914,9.83381587928681,0.311782133543932,29
"1514","MA","Bacuri",18654,5320.4,21001,"Litoral Ocidental Maranhense",2,"Nordeste",0,"210130",3,31,6,25,20,11,0,0,0,0,0,31,6,25,20,11,5,8.57930376747914,9.83381587928681,0.386316973524286,31
"1515","MA","Bacuri",18654,5320.4,21001,"Litoral Ocidental Maranhense",2,"Nordeste",0,"210130",4,15,8,7,12,3,0,0,0,0,0,15,8,7,12,3,12,8.57930376747914,9.83381587928681,0.468972131784673,30
"1516","MA","Bacuri",18654,5320.4,21001,"Litoral Ocidental Maranhense",2,"Nordeste",0,"210130",5,19,6,13,10,9,0,0,0,0,0,19,6,13,10,9,17,8.57930376747914,9.83381587928681,0.492852313921745,31
"1517","MA","Bacuri",18654,5320.4,21001,"Litoral Ocidental Maranhense",2,"Nordeste",0,"210130",6,16,5,11,9,7,0,0,0,0,0,16,5,11,9,7,13,8.57930376747914,9.83381587928681,0.44199159886969,30
"1518","MA","Bacuri",18654,5320.4,21001,"Litoral Ocidental Maranhense",2,"Nordeste",0,"210130",7,26,10,16,12,14,0,0,0,0,0,26,10,16,12,14,9,8.57930376747914,9.83381587928681,0.437119174294789,29
"1519","MA","Balsas",95929,36852.56,21020,"Gerais de Balsas",2,"Nordeste",1,"210140",2,286,82,204,133,153,2,0,0,0,0,288,82,204,133,153,36,10.5146803660322,11.47136361349,0.284056831297561,29
"1520","MA","Balsas",95929,36852.56,21020,"Gerais de Balsas",2,"Nordeste",1,"210140",3,310,94,216,145,165,0,0,0,0,0,310,94,216,145,165,57,10.5146803660322,11.47136361349,0.356192881968187,31
"1521","MA","Balsas",95929,36852.56,21020,"Gerais de Balsas",2,"Nordeste",1,"210140",4,160,53,107,72,88,1,0,0,0,0,161,53,107,72,88,32,10.5146803660322,11.47136361349,0.368924077406057,30
"1522","MA","Balsas",95929,36852.56,21020,"Gerais de Balsas",2,"Nordeste",1,"210140",5,151,44,107,79,72,1,0,0,0,0,152,44,107,79,72,53,10.5146803660322,11.47136361349,0.378518395232266,31
"1523","MA","Balsas",95929,36852.56,21020,"Gerais de Balsas",2,"Nordeste",1,"210140",6,138,49,89,73,65,1,0,0,0,0,139,49,89,73,65,56,10.5146803660322,11.47136361349,0.364940533122546,30
"1524","MA","Balsas",95929,36852.56,21020,"Gerais de Balsas",2,"Nordeste",1,"210140",7,162,39,123,78,84,2,0,0,0,0,164,39,123,78,84,73,10.5146803660322,11.47136361349,0.390032125125483,29
"1525","MA","Barão de Grajaú",18924,11089.03,21018,"Chapadas do Alto Itapecuru",2,"Nordeste",1,"210150",2,37,16,21,16,21,0,0,0,0,0,37,16,21,16,21,14,9.31371161033327,9.84818623675104,0.241098495012787,29
"1526","MA","Barão de Grajaú",18924,11089.03,21018,"Chapadas do Alto Itapecuru",2,"Nordeste",1,"210150",3,53,17,36,19,34,1,0,0,0,0,54,17,36,19,34,16,9.31371161033327,9.84818623675104,0.375852779297947,31
"1527","MA","Barão de Grajaú",18924,11089.03,21018,"Chapadas do Alto Itapecuru",2,"Nordeste",1,"210150",4,27,13,14,16,11,0,0,0,0,0,27,13,14,16,11,9,9.31371161033327,9.84818623675104,0.412028225925413,30
"1528","MA","Barão de Grajaú",18924,11089.03,21018,"Chapadas do Alto Itapecuru",2,"Nordeste",1,"210150",5,27,9,18,10,17,0,0,0,0,0,27,9,18,10,17,15,9.31371161033327,9.84818623675104,0.40889809616117,31
"1529","MA","Barão de Grajaú",18924,11089.03,21018,"Chapadas do Alto Itapecuru",2,"Nordeste",1,"210150",6,27,11,16,14,13,0,0,0,0,0,27,11,16,14,13,10,9.31371161033327,9.84818623675104,0.365686108469315,30
"1530","MA","Barão de Grajaú",18924,11089.03,21018,"Chapadas do Alto Itapecuru",2,"Nordeste",1,"210150",7,26,13,13,9,17,0,0,0,0,0,26,13,13,9,17,16,9.31371161033327,9.84818623675104,0.396347241441795,29
"1531","MA","Barra do Corda",88492,8239.59,21011,"Alto Mearim e Grajaú",2,"Nordeste",1,"210160",2,208,86,122,112,96,2,0,0,0,0,210,86,122,112,96,42,9.01670586438403,11.3906674314299,0.296259432725647,29
"1532","MA","Barra do Corda",88492,8239.59,21011,"Alto Mearim e Grajaú",2,"Nordeste",1,"210160",3,193,93,100,93,100,1,0,0,0,0,194,93,100,93,100,45,9.01670586438403,11.3906674314299,0.400322799324701,31
"1533","MA","Barra do Corda",88492,8239.59,21011,"Alto Mearim e Grajaú",2,"Nordeste",1,"210160",4,116,53,63,65,51,2,0,0,0,0,118,53,63,65,51,34,9.01670586438403,11.3906674314299,0.407502040927003,30
"1534","MA","Barra do Corda",88492,8239.59,21011,"Alto Mearim e Grajaú",2,"Nordeste",1,"210160",5,128,59,69,65,63,2,0,0,0,0,130,59,69,65,63,47,9.01670586438403,11.3906674314299,0.473404693337088,31
"1535","MA","Barra do Corda",88492,8239.59,21011,"Alto Mearim e Grajaú",2,"Nordeste",1,"210160",6,131,56,75,70,61,1,0,0,0,0,132,56,75,70,61,74,9.01670586438403,11.3906674314299,0.406284844353904,30
"1536","MA","Barra do Corda",88492,8239.59,21011,"Alto Mearim e Grajaú",2,"Nordeste",1,"210160",7,131,58,73,75,56,1,0,0,0,0,132,58,73,75,56,79,9.01670586438403,11.3906674314299,0.41690841556626,29
"1537","MA","Barreirinhas",63217,7851.92,21004,"Lençóis Maranhenses",2,"Nordeste",0,"210170",2,193,63,130,101,92,1,0,0,0,0,194,63,130,101,92,11,8.96851336685744,11.0543285313061,0.245300192154181,29
"1538","MA","Barreirinhas",63217,7851.92,21004,"Lençóis Maranhenses",2,"Nordeste",0,"210170",3,181,61,120,84,97,3,0,0,0,0,184,61,120,84,97,29,8.96851336685744,11.0543285313061,0.327434980322306,31
"1539","MA","Barreirinhas",63217,7851.92,21004,"Lençóis Maranhenses",2,"Nordeste",0,"210170",4,91,37,54,46,45,3,0,0,0,0,94,37,54,46,45,20,8.96851336685744,11.0543285313061,0.37465541686871,30
"1540","MA","Barreirinhas",63217,7851.92,21004,"Lençóis Maranhenses",2,"Nordeste",0,"210170",5,108,37,71,57,51,0,0,0,0,0,108,37,71,57,51,64,8.96851336685744,11.0543285313061,0.403060387951543,31
"1541","MA","Barreirinhas",63217,7851.92,21004,"Lençóis Maranhenses",2,"Nordeste",0,"210170",6,94,34,60,50,44,0,0,0,0,0,94,34,60,50,44,27,8.96851336685744,11.0543285313061,0.333787785952692,30
"1542","MA","Barreirinhas",63217,7851.92,21004,"Lençóis Maranhenses",2,"Nordeste",0,"210170",7,104,40,64,60,44,1,0,0,0,0,105,40,64,60,44,25,8.96851336685744,11.0543285313061,0.348784177376453,29
"1543","MA","Bela Vista do Maranhão",11279,7613.43,21005,"Baixada Maranhense",2,"Nordeste",0,"210177",2,31,10,21,15,16,1,0,0,0,0,32,10,21,15,16,5,8.937669072044,9.33069786863992,0.317849262028748,29
"1544","MA","Bela Vista do Maranhão",11279,7613.43,21005,"Baixada Maranhense",2,"Nordeste",0,"210177",3,29,9,20,16,13,0,0,0,0,0,29,9,20,16,13,6,8.937669072044,9.33069786863992,0.408746388440822,31
"1545","MA","Bela Vista do Maranhão",11279,7613.43,21005,"Baixada Maranhense",2,"Nordeste",0,"210177",4,16,4,12,9,7,1,0,0,0,0,17,4,12,9,7,9,8.937669072044,9.33069786863992,0.42109685422388,30
"1546","MA","Bela Vista do Maranhão",11279,7613.43,21005,"Baixada Maranhense",2,"Nordeste",0,"210177",5,11,5,6,5,6,1,0,0,0,0,12,5,6,5,6,8,8.937669072044,9.33069786863992,0.446408701140827,31
"1547","MA","Bela Vista do Maranhão",11279,7613.43,21005,"Baixada Maranhense",2,"Nordeste",0,"210177",6,20,7,13,11,9,1,0,0,0,0,21,7,13,11,9,6,8.937669072044,9.33069786863992,0.370332594592125,30
"1548","MA","Bela Vista do Maranhão",11279,7613.43,21005,"Baixada Maranhense",2,"Nordeste",0,"210177",7,13,6,7,4,9,0,0,0,0,0,13,6,7,4,9,9,8.937669072044,9.33069786863992,0.382524433328057,29
"1549","MA","Bequimão",21299,6082.57,21001,"Litoral Ocidental Maranhense",2,"Nordeste",0,"210190",2,31,6,25,15,16,0,0,0,0,0,31,6,25,15,16,12,8.71318258301727,9.9664154022386,0.261476016230329,29
"1550","MA","Bequimão",21299,6082.57,21001,"Litoral Ocidental Maranhense",2,"Nordeste",0,"210190",3,21,5,16,8,13,1,0,0,0,0,22,5,16,8,13,11,8.71318258301727,9.9664154022386,0.351170654628481,31
"1551","MA","Bequimão",21299,6082.57,21001,"Litoral Ocidental Maranhense",2,"Nordeste",0,"210190",4,13,5,8,8,5,0,0,0,0,0,13,5,8,8,5,6,8.71318258301727,9.9664154022386,0.399408554408009,30
"1552","MA","Bequimão",21299,6082.57,21001,"Litoral Ocidental Maranhense",2,"Nordeste",0,"210190",5,23,10,13,14,9,0,0,0,0,0,23,10,13,14,9,12,8.71318258301727,9.9664154022386,0.486441393779555,31
"1553","MA","Bequimão",21299,6082.57,21001,"Litoral Ocidental Maranhense",2,"Nordeste",0,"210190",6,20,5,15,5,15,0,0,0,0,0,20,5,15,5,15,13,8.71318258301727,9.9664154022386,0.368372784528707,30
"1554","MA","Bequimão",21299,6082.57,21001,"Litoral Ocidental Maranhense",2,"Nordeste",0,"210190",7,19,4,15,9,10,0,0,0,0,0,19,4,15,9,10,7,8.71318258301727,9.9664154022386,0.384016056792779,29
"1555","MA","Bom Jardim",41822,7607.9,21008,"Pindaré",2,"Nordeste",0,"210200",2,88,45,43,52,36,0,0,0,0,0,88,45,43,52,36,13,8.93694246007996,10.6411777958467,0.298029191332399,29
"1556","MA","Bom Jardim",41822,7607.9,21008,"Pindaré",2,"Nordeste",0,"210200",3,86,41,45,51,35,0,0,0,0,0,86,41,45,51,35,19,8.93694246007996,10.6411777958467,0.378438020992087,31
"1557","MA","Bom Jardim",41822,7607.9,21008,"Pindaré",2,"Nordeste",0,"210200",4,54,24,30,40,14,1,0,0,0,0,55,24,30,40,14,26,8.93694246007996,10.6411777958467,0.391990442543998,30
"1558","MA","Bom Jardim",41822,7607.9,21008,"Pindaré",2,"Nordeste",0,"210200",5,44,25,19,29,15,0,0,0,0,0,44,25,19,29,15,29,8.93694246007996,10.6411777958467,0.436735115782313,31
"1559","MA","Bom Jardim",41822,7607.9,21008,"Pindaré",2,"Nordeste",0,"210200",6,35,15,20,19,16,2,0,0,0,0,37,15,20,19,16,46,8.93694246007996,10.6411777958467,0.411880118599321,30
"1560","MA","Bom Jardim",41822,7607.9,21008,"Pindaré",2,"Nordeste",0,"210200",7,47,18,29,29,18,1,0,0,0,0,48,18,29,29,18,18,8.93694246007996,10.6411777958467,0.413861576888437,29
"1561","MA","Bom Jesus das Selvas",34567,8666.68,21008,"Pindaré",2,"Nordeste",0,"210203",2,62,23,39,36,26,0,0,0,0,0,62,23,39,36,26,14,9.06724106679586,10.4506547487046,0.26995942527354,29
"1562","MA","Bom Jesus das Selvas",34567,8666.68,21008,"Pindaré",2,"Nordeste",0,"210203",3,42,15,27,22,20,2,0,0,0,0,44,15,27,22,20,11,9.06724106679586,10.4506547487046,0.335514060450788,31
"1563","MA","Bom Jesus das Selvas",34567,8666.68,21008,"Pindaré",2,"Nordeste",0,"210203",4,23,10,13,14,9,1,0,0,0,0,24,10,13,14,9,5,9.06724106679586,10.4506547487046,0.351132397530331,30
"1564","MA","Bom Jesus das Selvas",34567,8666.68,21008,"Pindaré",2,"Nordeste",0,"210203",5,24,14,10,17,7,0,0,0,0,0,24,14,10,17,7,13,9.06724106679586,10.4506547487046,0.401480260486283,31
"1565","MA","Bom Jesus das Selvas",34567,8666.68,21008,"Pindaré",2,"Nordeste",0,"210203",6,29,14,15,12,17,0,0,0,0,0,29,14,15,12,17,30,9.06724106679586,10.4506547487046,0.359359998100803,30
"1566","MA","Bom Jesus das Selvas",34567,8666.68,21008,"Pindaré",2,"Nordeste",0,"210203",7,35,19,16,21,14,0,0,0,0,0,35,19,16,21,14,22,9.06724106679586,10.4506547487046,0.402240507374736,29
"1567","MA","Brejo",36651,8082.28,21014,"Chapadinha",2,"Nordeste",0,"210210",2,74,20,54,42,32,0,0,0,0,0,74,20,54,42,32,16,8.99742928992818,10.5091959920722,0.307734145878261,29
"1568","MA","Brejo",36651,8082.28,21014,"Chapadinha",2,"Nordeste",0,"210210",3,38,18,20,20,18,0,0,0,0,0,38,18,20,20,18,15,8.99742928992818,10.5091959920722,0.391286370101544,31
"1569","MA","Brejo",36651,8082.28,21014,"Chapadinha",2,"Nordeste",0,"210210",4,23,11,12,13,10,2,0,0,0,0,25,11,12,13,10,14,8.99742928992818,10.5091959920722,0.423237648777927,30
"1570","MA","Brejo",36651,8082.28,21014,"Chapadinha",2,"Nordeste",0,"210210",5,27,14,13,11,16,0,0,0,0,0,27,14,13,11,16,23,8.99742928992818,10.5091959920722,0.450763113631081,31
"1571","MA","Brejo",36651,8082.28,21014,"Chapadinha",2,"Nordeste",0,"210210",6,34,11,23,14,20,1,0,0,0,0,35,11,23,14,20,24,8.99742928992818,10.5091959920722,0.4025841006279,30
"1572","MA","Brejo",36651,8082.28,21014,"Chapadinha",2,"Nordeste",0,"210210",7,39,10,29,22,17,0,0,0,0,0,39,10,29,22,17,24,8.99742928992818,10.5091959920722,0.395810643438508,29
"1573","MA","Buriti",28798,7090.84,21014,"Chapadinha",2,"Nordeste",0,"210220",2,65,28,37,35,30,1,0,0,0,0,66,28,37,35,30,8,8.86655908923615,10.2680612192682,0.30090657276004,29
"1574","MA","Buriti",28798,7090.84,21014,"Chapadinha",2,"Nordeste",0,"210220",3,57,27,30,33,24,1,0,0,0,0,58,27,30,33,24,20,8.86655908923615,10.2680612192682,0.377648532080731,31
"1575","MA","Buriti",28798,7090.84,21014,"Chapadinha",2,"Nordeste",0,"210220",4,31,18,13,18,13,0,0,0,0,0,31,18,13,18,13,13,8.86655908923615,10.2680612192682,0.376058433452507,30
"1576","MA","Buriti",28798,7090.84,21014,"Chapadinha",2,"Nordeste",0,"210220",5,35,15,20,25,10,0,0,0,0,0,35,15,20,25,10,22,8.86655908923615,10.2680612192682,0.425390404856255,31
"1577","MA","Buriti",28798,7090.84,21014,"Chapadinha",2,"Nordeste",0,"210220",6,33,18,15,16,17,2,0,0,0,0,35,18,15,16,17,19,8.86655908923615,10.2680612192682,0.401189913054243,30
"1578","MA","Buriti",28798,7090.84,21014,"Chapadinha",2,"Nordeste",0,"210220",7,55,22,33,32,23,1,0,0,0,0,56,22,33,32,23,12,8.86655908923615,10.2680612192682,0.405175651142437,29
"1579","MA","Buriti Bravo",23939,7111.22,21017,"Caxias",2,"Nordeste",1,"210230",2,40,14,26,27,13,1,0,0,0,0,41,14,26,27,13,21,8.86942909738835,10.0832642071451,0.316325031101196,29
"1580","MA","Buriti Bravo",23939,7111.22,21017,"Caxias",2,"Nordeste",1,"210230",3,37,15,22,19,18,1,0,0,0,0,38,15,22,19,18,22,8.86942909738835,10.0832642071451,0.413784329040188,31
"1581","MA","Buriti Bravo",23939,7111.22,21017,"Caxias",2,"Nordeste",1,"210230",4,23,7,16,14,9,0,0,0,0,0,23,7,16,14,9,15,8.86942909738835,10.0832642071451,0.42771611008332,30
"1582","MA","Buriti Bravo",23939,7111.22,21017,"Caxias",2,"Nordeste",1,"210230",5,34,13,21,18,16,0,0,0,0,0,34,13,21,18,16,21,8.86942909738835,10.0832642071451,0.436783803193887,31
"1583","MA","Buriti Bravo",23939,7111.22,21017,"Caxias",2,"Nordeste",1,"210230",6,35,7,28,22,13,0,0,0,0,0,35,7,28,22,13,8,8.86942909738835,10.0832642071451,0.405613171794857,30
"1584","MA","Buriti Bravo",23939,7111.22,21017,"Caxias",2,"Nordeste",1,"210230",7,25,12,13,19,6,0,0,0,0,0,25,12,13,19,6,15,8.86942909738835,10.0832642071451,0.444819515061683,29
"1585","MA","Buriticupu",72983,7822.02,21008,"Pindaré",2,"Nordeste",1,"210232",2,160,77,83,82,78,2,0,0,0,0,162,77,83,82,78,26,8.96469811220301,11.1979818162982,0.317252360275844,29
"1586","MA","Buriticupu",72983,7822.02,21008,"Pindaré",2,"Nordeste",1,"210232",3,138,50,88,78,60,2,0,0,0,0,140,50,88,78,60,26,8.96469811220301,11.1979818162982,0.404404883174148,31
"1587","MA","Buriticupu",72983,7822.02,21008,"Pindaré",2,"Nordeste",1,"210232",4,88,40,48,51,37,1,0,0,0,0,89,40,48,51,37,23,8.96469811220301,11.1979818162982,0.411190679685805,30
"1588","MA","Buriticupu",72983,7822.02,21008,"Pindaré",2,"Nordeste",1,"210232",5,86,35,51,45,41,0,0,0,0,0,86,35,51,45,41,49,8.96469811220301,11.1979818162982,0.469923259109735,31
"1589","MA","Buriticupu",72983,7822.02,21008,"Pindaré",2,"Nordeste",1,"210232",6,61,29,32,34,27,0,0,0,0,0,61,29,32,34,27,49,8.96469811220301,11.1979818162982,0.401952495984859,30
"1590","MA","Buriticupu",72983,7822.02,21008,"Pindaré",2,"Nordeste",1,"210232",7,84,32,52,43,41,0,0,0,0,0,84,32,52,43,41,31,8.96469811220301,11.1979818162982,0.436035873624755,29
"1591","MA","Cajari",19451,5351.2,21005,"Baixada Maranhense",2,"Nordeste",0,"210250",2,37,12,25,20,17,0,0,0,0,0,37,12,25,20,17,7,8.5850761138042,9.87565376160669,0.318760440735594,29
"1592","MA","Cajari",19451,5351.2,21005,"Baixada Maranhense",2,"Nordeste",0,"210250",3,33,15,18,17,16,0,0,0,0,0,33,15,18,17,16,3,8.5850761138042,9.87565376160669,0.407710668044526,31
"1593","MA","Cajari",19451,5351.2,21005,"Baixada Maranhense",2,"Nordeste",0,"210250",4,16,4,12,7,9,0,0,0,0,0,16,4,12,7,9,9,8.5850761138042,9.87565376160669,0.401185988457979,30
"1594","MA","Cajari",19451,5351.2,21005,"Baixada Maranhense",2,"Nordeste",0,"210250",5,8,4,4,6,2,0,0,0,0,0,8,4,4,6,2,9,8.5850761138042,9.87565376160669,0.448206549574819,31
"1595","MA","Cajari",19451,5351.2,21005,"Baixada Maranhense",2,"Nordeste",0,"210250",6,20,7,13,11,9,0,0,0,0,0,20,7,13,11,9,6,8.5850761138042,9.87565376160669,0.387739505389061,30
"1596","MA","Cajari",19451,5351.2,21005,"Baixada Maranhense",2,"Nordeste",0,"210250",7,12,5,7,9,3,1,0,0,0,0,13,5,7,9,3,6,8.5850761138042,9.87565376160669,0.416225088338875,29
"1597","MA","Campestre do Maranhão",14453,11570.45,21019,"Porto Franco",2,"Nordeste",1,"210255",2,20,6,14,13,7,2,0,0,0,0,22,6,14,13,7,6,9.35620971312196,9.57865728444884,0.30552057001734,29
"1598","MA","Campestre do Maranhão",14453,11570.45,21019,"Porto Franco",2,"Nordeste",1,"210255",3,25,7,18,12,13,0,0,0,0,0,25,7,18,12,13,1,9.35620971312196,9.57865728444884,0.365150516732762,31
"1599","MA","Campestre do Maranhão",14453,11570.45,21019,"Porto Franco",2,"Nordeste",1,"210255",4,13,5,8,6,7,1,0,0,0,0,14,5,8,6,7,0,9.35620971312196,9.57865728444884,0.379642343253909,30
"1600","MA","Campestre do Maranhão",14453,11570.45,21019,"Porto Franco",2,"Nordeste",1,"210255",5,10,3,7,4,6,0,0,0,0,0,10,3,7,4,6,12,9.35620971312196,9.57865728444884,0.432223577877362,31
"1601","MA","Campestre do Maranhão",14453,11570.45,21019,"Porto Franco",2,"Nordeste",1,"210255",6,21,12,9,12,9,0,0,0,0,0,21,12,9,12,9,4,9.35620971312196,9.57865728444884,0.407695392407672,30
"1602","MA","Campestre do Maranhão",14453,11570.45,21019,"Porto Franco",2,"Nordeste",1,"210255",7,28,8,20,15,13,0,0,0,0,0,28,8,20,15,13,10,9.35620971312196,9.57865728444884,0.403340683069344,29
"1603","MA","Cantanhede",22117,5690.35,21006,"Itapecuru Mirim",2,"Nordeste",0,"210270",2,42,18,24,27,15,0,0,0,0,0,42,18,24,27,15,5,8.64652703665218,10.0041018225687,0.305440530537555,29
"1604","MA","Cantanhede",22117,5690.35,21006,"Itapecuru Mirim",2,"Nordeste",0,"210270",3,29,14,15,17,12,0,0,0,0,0,29,14,15,17,12,15,8.64652703665218,10.0041018225687,0.393297863895994,31
"1605","MA","Cantanhede",22117,5690.35,21006,"Itapecuru Mirim",2,"Nordeste",0,"210270",4,28,9,19,15,13,0,0,0,0,0,28,9,19,15,13,8,8.64652703665218,10.0041018225687,0.452199267658767,30
"1606","MA","Cantanhede",22117,5690.35,21006,"Itapecuru Mirim",2,"Nordeste",0,"210270",5,18,6,12,12,6,0,0,0,0,0,18,6,12,12,6,14,8.64652703665218,10.0041018225687,0.41370697685785,31
"1607","MA","Cantanhede",22117,5690.35,21006,"Itapecuru Mirim",2,"Nordeste",0,"210270",6,19,7,12,9,10,1,0,0,0,0,20,7,12,9,10,10,8.64652703665218,10.0041018225687,0.37723784211668,30
"1608","MA","Cantanhede",22117,5690.35,21006,"Itapecuru Mirim",2,"Nordeste",0,"210270",7,19,6,13,9,10,0,0,0,0,0,19,6,13,9,10,8,8.64652703665218,10.0041018225687,0.410400918775958,29
"1609","MA","Capinzal do Norte",10935,13164.1,21015,"Codó",2,"Nordeste",0,"210275",2,21,7,14,10,11,0,0,0,0,0,21,7,14,10,11,3,9.48524870650961,9.29972393311087,0.257077732556006,29
"1610","MA","Capinzal do Norte",10935,13164.1,21015,"Codó",2,"Nordeste",0,"210275",3,33,12,21,20,13,0,0,0,0,0,33,12,21,20,13,3,9.48524870650961,9.29972393311087,0.358981152911788,31
"1611","MA","Capinzal do Norte",10935,13164.1,21015,"Codó",2,"Nordeste",0,"210275",4,9,2,7,6,3,0,0,0,0,0,9,2,7,6,3,5,9.48524870650961,9.29972393311087,0.402238692136637,30
"1612","MA","Capinzal do Norte",10935,13164.1,21015,"Codó",2,"Nordeste",0,"210275",5,13,1,12,7,6,0,0,0,0,0,13,1,12,7,6,9,9.48524870650961,9.29972393311087,0.434338176454861,31
"1613","MA","Capinzal do Norte",10935,13164.1,21015,"Codó",2,"Nordeste",0,"210275",6,15,2,13,6,9,0,0,0,0,0,15,2,13,6,9,10,9.48524870650961,9.29972393311087,0.389960058307274,30
"1614","MA","Capinzal do Norte",10935,13164.1,21015,"Codó",2,"Nordeste",0,"210275",7,17,5,12,14,3,0,0,0,0,0,17,5,12,14,3,8,9.48524870650961,9.29972393311087,0.399194211281343,29
"1615","MA","Carolina",24165,13268.52,21019,"Porto Franco",2,"Nordeste",0,"210280",2,53,13,40,28,25,1,0,0,0,0,54,13,40,28,25,10,9.49314959133996,10.0926605842792,0.293787288608733,29
"1616","MA","Carolina",24165,13268.52,21019,"Porto Franco",2,"Nordeste",0,"210280",3,38,11,27,22,16,1,0,0,0,0,39,11,27,22,16,17,9.49314959133996,10.0926605842792,0.376640314759367,31
"1617","MA","Carolina",24165,13268.52,21019,"Porto Franco",2,"Nordeste",0,"210280",4,23,4,19,11,12,0,0,0,0,0,23,4,19,11,12,14,9.49314959133996,10.0926605842792,0.374926789899889,30
"1618","MA","Carolina",24165,13268.52,21019,"Porto Franco",2,"Nordeste",0,"210280",5,27,10,17,14,13,1,0,0,0,0,28,10,17,14,13,16,9.49314959133996,10.0926605842792,0.391552433607947,31
"1619","MA","Carolina",24165,13268.52,21019,"Porto Franco",2,"Nordeste",0,"210280",6,38,15,23,16,22,0,0,0,0,0,38,15,23,16,22,13,9.49314959133996,10.0926605842792,0.378079016745873,30
"1620","MA","Carolina",24165,13268.52,21019,"Porto Franco",2,"Nordeste",0,"210280",7,34,16,18,20,14,0,0,0,0,0,34,16,18,20,14,22,9.49314959133996,10.0926605842792,0.375328884313902,29
"1621","MA","Carutapera",23952,7029.33,21007,"Gurupi",2,"Nordeste",1,"210290",2,80,29,51,52,28,0,0,0,0,0,80,29,51,52,28,4,8.85784667443067,10.0838071066594,0.302765716097428,29
"1622","MA","Carutapera",23952,7029.33,21007,"Gurupi",2,"Nordeste",1,"210290",3,44,19,25,24,20,1,0,0,0,0,45,19,25,24,20,5,8.85784667443067,10.0838071066594,0.35624263333191,31
"1623","MA","Carutapera",23952,7029.33,21007,"Gurupi",2,"Nordeste",1,"210290",4,40,13,27,20,20,0,0,0,0,0,40,13,27,20,20,13,8.85784667443067,10.0838071066594,0.4230330370904,30
"1624","MA","Carutapera",23952,7029.33,21007,"Gurupi",2,"Nordeste",1,"210290",5,20,3,17,11,9,1,0,0,0,0,21,3,17,11,9,16,8.85784667443067,10.0838071066594,0.454950035929297,31
"1625","MA","Carutapera",23952,7029.33,21007,"Gurupi",2,"Nordeste",1,"210290",6,45,14,31,28,17,3,0,0,0,0,48,14,31,28,17,8,8.85784667443067,10.0838071066594,0.356027484869316,30
"1626","MA","Carutapera",23952,7029.33,21007,"Gurupi",2,"Nordeste",1,"210290",7,36,20,16,24,12,0,0,0,0,0,36,20,16,24,12,9,8.85784667443067,10.0838071066594,0.37926946626357,29
"1627","MA","Caxias",165525,11046.47,21017,"Caxias",2,"Nordeste",1,"210300",2,386,119,267,186,200,0,0,0,0,0,386,119,267,186,200,71,9.30986619889506,12.016877519793,0.288002651892418,29
"1628","MA","Caxias",165525,11046.47,21017,"Caxias",2,"Nordeste",1,"210300",3,352,110,242,188,164,2,0,0,0,0,354,110,242,188,164,97,9.30986619889506,12.016877519793,0.38921626960202,31
"1629","MA","Caxias",165525,11046.47,21017,"Caxias",2,"Nordeste",1,"210300",4,220,80,140,107,113,0,0,0,0,0,220,80,140,107,113,81,9.30986619889506,12.016877519793,0.442547989843463,30
"1630","MA","Caxias",165525,11046.47,21017,"Caxias",2,"Nordeste",1,"210300",5,198,63,135,114,84,3,0,0,0,0,201,63,135,114,84,109,9.30986619889506,12.016877519793,0.445698427920954,31
"1631","MA","Caxias",165525,11046.47,21017,"Caxias",2,"Nordeste",1,"210300",6,187,66,121,84,103,2,0,0,0,0,189,66,121,84,103,169,9.30986619889506,12.016877519793,0.423718187178531,30
"1632","MA","Caxias",165525,11046.47,21017,"Caxias",2,"Nordeste",1,"210300",7,218,64,154,95,123,0,0,0,0,0,218,64,154,95,123,153,9.30986619889506,12.016877519793,0.458234469262575,29
"1633","MA","Centro do Guilherme",13670,6100.9,21007,"Gurupi",2,"Nordeste",0,"210315",2,14,6,8,8,6,0,0,0,0,0,14,6,8,8,6,3,8.71619158026191,9.522958929718,0.309223600650855,29
"1634","MA","Centro do Guilherme",13670,6100.9,21007,"Gurupi",2,"Nordeste",0,"210315",3,9,3,6,4,5,0,0,0,0,0,9,3,6,4,5,1,8.71619158026191,9.522958929718,0.415722511745105,31
"1635","MA","Centro do Guilherme",13670,6100.9,21007,"Gurupi",2,"Nordeste",0,"210315",4,4,2,2,2,2,0,0,0,0,0,4,2,2,2,2,0,8.71619158026191,9.522958929718,0.400882310565011,30
"1636","MA","Centro do Guilherme",13670,6100.9,21007,"Gurupi",2,"Nordeste",0,"210315",5,3,0,3,1,2,0,0,0,0,0,3,0,3,1,2,10,8.71619158026191,9.522958929718,0.459499576069327,31
"1637","MA","Centro do Guilherme",13670,6100.9,21007,"Gurupi",2,"Nordeste",0,"210315",6,3,2,1,2,1,0,0,0,0,0,3,2,1,2,1,6,8.71619158026191,9.522958929718,0.410089733667556,30
"1638","MA","Centro do Guilherme",13670,6100.9,21007,"Gurupi",2,"Nordeste",0,"210315",7,9,3,6,4,5,0,0,0,0,0,9,3,6,4,5,5,8.71619158026191,9.522958929718,0.430655013465415,29
"1639","MA","Centro Novo do Maranhão",21840,6852.79,21007,"Gurupi",2,"Nordeste",0,"210317",2,15,5,10,7,8,0,0,0,0,0,15,5,10,7,8,4,8.83241114760251,9.99149842985884,0.287444170510606,29
"1640","MA","Centro Novo do Maranhão",21840,6852.79,21007,"Gurupi",2,"Nordeste",0,"210317",3,9,5,4,7,2,0,0,0,0,0,9,5,4,7,2,4,8.83241114760251,9.99149842985884,0.397776987387986,31
"1641","MA","Centro Novo do Maranhão",21840,6852.79,21007,"Gurupi",2,"Nordeste",0,"210317",4,3,0,3,1,2,0,0,0,0,0,3,0,3,1,2,5,8.83241114760251,9.99149842985884,0.392940168898786,30
"1642","MA","Centro Novo do Maranhão",21840,6852.79,21007,"Gurupi",2,"Nordeste",0,"210317",5,4,2,2,3,1,1,0,0,0,0,5,2,2,3,1,7,8.83241114760251,9.99149842985884,0.453477668782044,31
"1643","MA","Centro Novo do Maranhão",21840,6852.79,21007,"Gurupi",2,"Nordeste",0,"210317",6,2,1,1,1,1,1,0,0,0,0,3,1,1,1,1,6,8.83241114760251,9.99149842985884,0.393558006390942,30
"1644","MA","Centro Novo do Maranhão",21840,6852.79,21007,"Gurupi",2,"Nordeste",0,"210317",7,4,0,4,3,1,0,0,0,0,0,4,0,4,3,1,10,8.83241114760251,9.99149842985884,0.399862042316561,29
"1645","MA","Chapadinha",80195,8997.04,21014,"Chapadinha",2,"Nordeste",1,"210320",2,178,67,111,93,85,1,0,0,0,0,179,67,111,93,85,40,9.10465091333366,11.2922164477715,0.263709558589604,29
"1646","MA","Chapadinha",80195,8997.04,21014,"Chapadinha",2,"Nordeste",1,"210320",3,121,46,75,66,55,1,0,0,0,0,122,46,75,66,55,38,9.10465091333366,11.2922164477715,0.364534887448559,31
"1647","MA","Chapadinha",80195,8997.04,21014,"Chapadinha",2,"Nordeste",1,"210320",4,101,43,58,43,58,2,0,0,0,0,103,43,58,43,58,50,9.10465091333366,11.2922164477715,0.397115054217268,30
"1648","MA","Chapadinha",80195,8997.04,21014,"Chapadinha",2,"Nordeste",1,"210320",5,83,28,55,45,38,3,0,0,0,0,86,28,55,45,38,74,9.10465091333366,11.2922164477715,0.42680087509009,31
"1649","MA","Chapadinha",80195,8997.04,21014,"Chapadinha",2,"Nordeste",1,"210320",6,103,44,59,61,42,1,0,0,0,0,104,44,59,61,42,72,9.10465091333366,11.2922164477715,0.357132555453033,30
"1650","MA","Chapadinha",80195,8997.04,21014,"Chapadinha",2,"Nordeste",1,"210320",7,108,48,60,56,52,2,0,0,0,0,110,48,60,56,52,43,9.10465091333366,11.2922164477715,0.356958785445438,29
"1651","MA","Codó",123116,7856.47,21015,"Codó",2,"Nordeste",1,"210330",2,265,106,159,152,113,3,0,0,0,0,268,106,159,152,113,55,8.96909267512866,11.720882279356,0.309794557863788,29
"1652","MA","Codó",123116,7856.47,21015,"Codó",2,"Nordeste",1,"210330",3,249,89,160,121,128,2,0,0,0,0,251,89,160,121,128,80,8.96909267512866,11.720882279356,0.398184927761811,31
"1653","MA","Codó",123116,7856.47,21015,"Codó",2,"Nordeste",1,"210330",4,150,60,90,79,71,1,0,0,0,0,151,60,90,79,71,54,8.96909267512866,11.720882279356,0.417805016394407,30
"1654","MA","Codó",123116,7856.47,21015,"Codó",2,"Nordeste",1,"210330",5,128,57,71,70,58,3,0,0,0,0,131,57,71,70,58,119,8.96909267512866,11.720882279356,0.45026889968443,31
"1655","MA","Codó",123116,7856.47,21015,"Codó",2,"Nordeste",1,"210330",6,155,69,86,98,57,0,0,0,0,0,155,69,86,98,57,113,8.96909267512866,11.720882279356,0.404292131667959,30
"1656","MA","Codó",123116,7856.47,21015,"Codó",2,"Nordeste",1,"210330",7,180,79,101,109,71,1,0,0,0,0,181,79,101,109,71,64,8.96909267512866,11.720882279356,0.424099990724875,29
"1657","MA","Coelho Neto",49621,7462.53,21016,"Coelho Neto",2,"Nordeste",1,"210340",2,101,43,58,46,55,1,0,0,0,0,102,43,58,46,55,26,8.91764977779328,10.8121694102068,0.291349568488844,29
"1658","MA","Coelho Neto",49621,7462.53,21016,"Coelho Neto",2,"Nordeste",1,"210340",3,105,45,60,50,55,1,0,0,0,0,106,45,60,50,55,30,8.91764977779328,10.8121694102068,0.385220005561816,31
"1659","MA","Coelho Neto",49621,7462.53,21016,"Coelho Neto",2,"Nordeste",1,"210340",4,51,22,29,30,21,0,0,0,0,0,51,22,29,30,21,22,8.91764977779328,10.8121694102068,0.413596636535086,30
"1660","MA","Coelho Neto",49621,7462.53,21016,"Coelho Neto",2,"Nordeste",1,"210340",5,60,29,31,24,36,1,0,0,0,0,61,29,31,24,36,33,8.91764977779328,10.8121694102068,0.454290619423108,31
"1661","MA","Coelho Neto",49621,7462.53,21016,"Coelho Neto",2,"Nordeste",1,"210340",6,59,33,26,27,32,1,0,0,0,0,60,33,26,27,32,55,8.91764977779328,10.8121694102068,0.415705161164151,30
"1662","MA","Coelho Neto",49621,7462.53,21016,"Coelho Neto",2,"Nordeste",1,"210340",7,55,19,36,28,27,0,0,0,0,0,55,19,36,28,27,33,8.91764977779328,10.8121694102068,0.384684752696349,29
"1663","MA","Colinas",41312,9345.17,21018,"Chapadas do Alto Itapecuru",2,"Nordeste",0,"210350",2,102,30,72,57,45,0,0,0,0,0,102,30,72,57,45,15,9.14261491127048,10.6289082936464,0.270985719145337,29
"1664","MA","Colinas",41312,9345.17,21018,"Chapadas do Alto Itapecuru",2,"Nordeste",0,"210350",3,78,27,51,44,34,1,0,0,0,0,79,27,51,44,34,28,9.14261491127048,10.6289082936464,0.343760060187738,31
"1665","MA","Colinas",41312,9345.17,21018,"Chapadas do Alto Itapecuru",2,"Nordeste",0,"210350",4,55,17,38,37,18,2,0,0,0,0,57,17,38,37,18,15,9.14261491127048,10.6289082936464,0.380894156101398,30
"1666","MA","Colinas",41312,9345.17,21018,"Chapadas do Alto Itapecuru",2,"Nordeste",0,"210350",5,56,32,24,31,25,3,0,0,0,0,59,32,24,31,25,21,9.14261491127048,10.6289082936464,0.388645427180888,31
"1667","MA","Colinas",41312,9345.17,21018,"Chapadas do Alto Itapecuru",2,"Nordeste",0,"210350",6,51,16,35,25,26,1,0,0,0,0,52,16,35,25,26,33,9.14261491127048,10.6289082936464,0.352013370381856,30
"1668","MA","Colinas",41312,9345.17,21018,"Chapadas do Alto Itapecuru",2,"Nordeste",0,"210350",7,61,20,41,36,25,1,0,0,0,0,62,20,41,36,25,38,9.14261491127048,10.6289082936464,0.373353536096612,29
"1669","MA","Coroatá",65544,7031.3,21015,"Codó",2,"Nordeste",1,"210360",2,153,59,94,76,77,0,0,0,0,0,153,59,94,76,77,28,8.85812688947266,11.0904769518217,0.291441774237163,29
"1670","MA","Coroatá",65544,7031.3,21015,"Codó",2,"Nordeste",1,"210360",3,101,33,68,61,40,1,0,0,0,0,102,33,68,61,40,33,8.85812688947266,11.0904769518217,0.394727556415072,31
"1671","MA","Coroatá",65544,7031.3,21015,"Codó",2,"Nordeste",1,"210360",4,87,31,56,52,35,0,0,0,0,0,87,31,56,52,35,33,8.85812688947266,11.0904769518217,0.406428448690637,30
"1672","MA","Coroatá",65544,7031.3,21015,"Codó",2,"Nordeste",1,"210360",5,78,35,43,48,30,0,0,0,0,0,78,35,43,48,30,62,8.85812688947266,11.0904769518217,0.463233678155197,31
"1673","MA","Coroatá",65544,7031.3,21015,"Codó",2,"Nordeste",1,"210360",6,82,30,52,45,37,1,0,0,0,0,83,30,52,45,37,52,8.85812688947266,11.0904769518217,0.379251259863516,30
"1674","MA","Coroatá",65544,7031.3,21015,"Codó",2,"Nordeste",1,"210360",7,74,37,37,36,38,2,0,0,0,0,76,37,37,36,38,38,8.85812688947266,11.0904769518217,0.409934098448549,29
"1675","MA","Cururupu",32626,7150.07,21001,"Litoral Ocidental Maranhense",2,"Nordeste",0,"210370",2,70,16,54,37,33,1,0,0,0,0,71,16,54,37,33,17,8.87487742584992,10.3928647954962,0.27841229716999,29
"1676","MA","Cururupu",32626,7150.07,21001,"Litoral Ocidental Maranhense",2,"Nordeste",0,"210370",3,67,27,40,40,27,1,0,0,0,0,68,27,40,40,27,10,8.87487742584992,10.3928647954962,0.363191016691422,31
"1677","MA","Cururupu",32626,7150.07,21001,"Litoral Ocidental Maranhense",2,"Nordeste",0,"210370",4,42,13,29,21,21,1,0,0,0,0,43,13,29,21,21,15,8.87487742584992,10.3928647954962,0.419166556054036,30
"1678","MA","Cururupu",32626,7150.07,21001,"Litoral Ocidental Maranhense",2,"Nordeste",0,"210370",5,34,13,21,21,13,0,0,0,0,0,34,13,21,21,13,30,8.87487742584992,10.3928647954962,0.44702605927474,31
"1679","MA","Cururupu",32626,7150.07,21001,"Litoral Ocidental Maranhense",2,"Nordeste",0,"210370",6,42,17,25,22,20,0,0,0,0,0,42,17,25,22,20,24,8.87487742584992,10.3928647954962,0.430367548113536,30
"1680","MA","Cururupu",32626,7150.07,21001,"Litoral Ocidental Maranhense",2,"Nordeste",0,"210370",7,44,22,22,27,17,1,0,0,0,0,45,22,22,27,17,17,8.87487742584992,10.3928647954962,0.416427705900466,29
"1681","MA","Davinópolis",12916,37649.26,21009,"Imperatriz",2,"Nordeste",1,"210375",2,3,0,3,1,2,0,0,0,0,0,3,0,3,1,2,7,10.5360685783204,9.46622213187817,0.333825779804126,29
"1682","MA","Davinópolis",12916,37649.26,21009,"Imperatriz",2,"Nordeste",1,"210375",3,5,1,4,0,5,0,0,0,0,0,5,1,4,0,5,8,10.5360685783204,9.46622213187817,0.376355244958045,31
"1683","MA","Davinópolis",12916,37649.26,21009,"Imperatriz",2,"Nordeste",1,"210375",4,3,0,3,1,2,0,0,0,0,0,3,0,3,1,2,17,10.5360685783204,9.46622213187817,0.394190322540666,30
"1684","MA","Davinópolis",12916,37649.26,21009,"Imperatriz",2,"Nordeste",1,"210375",5,0,0,0,0,0,0,0,0,0,0,0,0,0,0,0,15,10.5360685783204,9.46622213187817,0.412865269281906,31
"1685","MA","Davinópolis",12916,37649.26,21009,"Imperatriz",2,"Nordeste",1,"210375",6,1,0,1,0,1,0,0,0,0,0,1,0,1,0,1,12,10.5360685783204,9.46622213187817,0.377856101012028,30
"1686","MA","Davinópolis",12916,37649.26,21009,"Imperatriz",2,"Nordeste",1,"210375",7,3,0,3,0,3,0,0,0,0,0,3,0,3,0,3,4,10.5360685783204,9.46622213187817,0.401130951644227,29
"1687","MA","Dom Pedro",23372,9852.49,21012,"Presidente Dutra",2,"Nordeste",0,"210380",2,49,20,29,27,22,0,0,0,0,0,49,20,29,27,22,9,9.19547949409782,10.0592940036743,0.262305095245698,29
"1688","MA","Dom Pedro",23372,9852.49,21012,"Presidente Dutra",2,"Nordeste",0,"210380",3,39,8,31,17,22,0,0,0,0,0,39,8,31,17,22,17,9.19547949409782,10.0592940036743,0.373606463380561,31
"1689","MA","Dom Pedro",23372,9852.49,21012,"Presidente Dutra",2,"Nordeste",0,"210380",4,21,6,15,8,13,0,0,0,0,0,21,6,15,8,13,10,9.19547949409782,10.0592940036743,0.394383010649968,30
"1690","MA","Dom Pedro",23372,9852.49,21012,"Presidente Dutra",2,"Nordeste",0,"210380",5,17,4,13,8,9,0,0,0,0,0,17,4,13,8,9,16,9.19547949409782,10.0592940036743,0.429088873007075,31
"1691","MA","Dom Pedro",23372,9852.49,21012,"Presidente Dutra",2,"Nordeste",0,"210380",6,24,9,15,12,12,0,0,0,0,0,24,9,15,12,12,15,9.19547949409782,10.0592940036743,0.364355351544054,30
"1692","MA","Dom Pedro",23372,9852.49,21012,"Presidente Dutra",2,"Nordeste",0,"210380",7,28,4,24,14,14,1,0,0,0,0,29,4,24,14,14,11,9.19547949409782,10.0592940036743,0.380003349040771,29
"1693","MA","Duque Bacelar",11401,6820.37,21016,"Coelho Neto",2,"Nordeste",0,"210390",2,22,12,10,13,9,1,0,0,0,0,23,12,10,13,9,4,8.82766900156532,9.34145634983372,0.270189898097519,29
"1694","MA","Duque Bacelar",11401,6820.37,21016,"Coelho Neto",2,"Nordeste",0,"210390",3,25,10,15,18,7,0,0,0,0,0,25,10,15,18,7,6,8.82766900156532,9.34145634983372,0.372506222597177,31
"1695","MA","Duque Bacelar",11401,6820.37,21016,"Coelho Neto",2,"Nordeste",0,"210390",4,11,5,6,6,5,0,0,0,0,0,11,5,6,6,5,4,8.82766900156532,9.34145634983372,0.357334711512867,30
"1696","MA","Duque Bacelar",11401,6820.37,21016,"Coelho Neto",2,"Nordeste",0,"210390",5,10,4,6,7,3,0,0,0,0,0,10,4,6,7,3,4,8.82766900156532,9.34145634983372,0.415541831212974,31
"1697","MA","Duque Bacelar",11401,6820.37,21016,"Coelho Neto",2,"Nordeste",0,"210390",6,17,5,12,4,13,1,0,0,0,0,18,5,12,4,13,11,8.82766900156532,9.34145634983372,0.398082071956371,30
"1698","MA","Duque Bacelar",11401,6820.37,21016,"Coelho Neto",2,"Nordeste",0,"210390",7,18,5,13,6,12,0,0,0,0,0,18,5,13,6,12,9,8.82766900156532,9.34145634983372,0.425107283901107,29
"1699","MA","Esperantinópolis",17104,8084.84,21010,"Médio Mearim",2,"Nordeste",0,"210400",2,44,21,23,27,17,0,0,0,0,0,44,21,23,27,17,3,8.99774598208131,9.74706763326483,0.280924797260726,29
"1700","MA","Esperantinópolis",17104,8084.84,21010,"Médio Mearim",2,"Nordeste",0,"210400",3,43,11,32,18,25,0,0,0,0,0,43,11,32,18,25,8,8.99774598208131,9.74706763326483,0.385940203364721,31
"1701","MA","Esperantinópolis",17104,8084.84,21010,"Médio Mearim",2,"Nordeste",0,"210400",4,17,7,10,7,10,0,0,0,0,0,17,7,10,7,10,9,8.99774598208131,9.74706763326483,0.400545051834162,30
"1702","MA","Esperantinópolis",17104,8084.84,21010,"Médio Mearim",2,"Nordeste",0,"210400",5,19,6,13,8,11,0,0,0,0,0,19,6,13,8,11,19,8.99774598208131,9.74706763326483,0.480305546715068,31
"1703","MA","Esperantinópolis",17104,8084.84,21010,"Médio Mearim",2,"Nordeste",0,"210400",6,26,10,16,14,12,0,0,0,0,0,26,10,16,14,12,19,8.99774598208131,9.74706763326483,0.441519709064947,30
"1704","MA","Esperantinópolis",17104,8084.84,21010,"Médio Mearim",2,"Nordeste",0,"210400",7,22,5,17,9,13,1,0,0,0,0,23,5,17,9,13,15,8.99774598208131,9.74706763326483,0.427998737695104,29
"1705","MA","Estreito",42527,23771.43,21019,"Porto Franco",2,"Nordeste",1,"210405",2,59,20,39,37,22,0,0,0,0,0,59,20,39,37,22,13,10.0762397184101,10.6578944473163,0.295853803977032,29
"1706","MA","Estreito",42527,23771.43,21019,"Porto Franco",2,"Nordeste",1,"210405",3,67,19,48,27,40,1,0,0,0,0,68,19,48,27,40,21,10.0762397184101,10.6578944473163,0.361517294230125,31
"1707","MA","Estreito",42527,23771.43,21019,"Porto Franco",2,"Nordeste",1,"210405",4,26,7,19,14,12,0,0,0,0,0,26,7,19,14,12,21,10.0762397184101,10.6578944473163,0.382470143927246,30
"1708","MA","Estreito",42527,23771.43,21019,"Porto Franco",2,"Nordeste",1,"210405",5,25,8,17,12,13,0,0,0,0,0,25,8,17,12,13,27,10.0762397184101,10.6578944473163,0.424514848950005,31
"1709","MA","Estreito",42527,23771.43,21019,"Porto Franco",2,"Nordeste",1,"210405",6,35,10,25,17,18,0,0,0,0,0,35,10,25,17,18,15,10.0762397184101,10.6578944473163,0.367245557730836,30
"1710","MA","Estreito",42527,23771.43,21019,"Porto Franco",2,"Nordeste",1,"210405",7,41,14,27,26,15,0,0,0,0,0,41,14,27,26,15,22,10.0762397184101,10.6578944473163,0.389970077663498,29
"1711","MA","Formosa da Serra Negra",19258,7403.28,21011,"Alto Mearim e Grajaú",2,"Nordeste",0,"210409",2,22,9,13,10,12,0,0,0,0,0,22,9,13,10,12,4,8.90967842423223,9.86568183780023,0.275017298389632,29
"1712","MA","Formosa da Serra Negra",19258,7403.28,21011,"Alto Mearim e Grajaú",2,"Nordeste",0,"210409",3,24,10,14,13,11,0,0,0,0,0,24,10,14,13,11,5,8.90967842423223,9.86568183780023,0.319769950390981,31
"1713","MA","Formosa da Serra Negra",19258,7403.28,21011,"Alto Mearim e Grajaú",2,"Nordeste",0,"210409",4,8,0,8,5,3,0,0,0,0,0,8,0,8,5,3,2,8.90967842423223,9.86568183780023,0.365620822054872,30
"1714","MA","Formosa da Serra Negra",19258,7403.28,21011,"Alto Mearim e Grajaú",2,"Nordeste",0,"210409",5,19,6,13,11,8,0,0,0,0,0,19,6,13,11,8,5,8.90967842423223,9.86568183780023,0.376595664091409,31
"1715","MA","Formosa da Serra Negra",19258,7403.28,21011,"Alto Mearim e Grajaú",2,"Nordeste",0,"210409",6,22,5,17,12,10,0,0,0,0,0,22,5,17,12,10,7,8.90967842423223,9.86568183780023,0.346587155007383,30
"1716","MA","Formosa da Serra Negra",19258,7403.28,21011,"Alto Mearim e Grajaú",2,"Nordeste",0,"210409",7,19,8,11,13,6,0,0,0,0,0,19,8,11,13,6,7,8.90967842423223,9.86568183780023,0.399582961883388,29
"1717","MA","Fortaleza dos Nogueiras",12647,12571.1,21021,"Chapadas das Mangabeiras",2,"Nordeste",0,"210410",2,26,11,15,14,12,0,0,0,0,0,26,11,15,14,12,8,9.43915580769983,9.44517531187998,0.297407856175457,29
"1718","MA","Fortaleza dos Nogueiras",12647,12571.1,21021,"Chapadas das Mangabeiras",2,"Nordeste",0,"210410",3,32,11,21,20,12,1,0,0,0,0,33,11,21,20,12,7,9.43915580769983,9.44517531187998,0.369554508976467,31
"1719","MA","Fortaleza dos Nogueiras",12647,12571.1,21021,"Chapadas das Mangabeiras",2,"Nordeste",0,"210410",4,21,13,8,13,8,0,0,0,0,0,21,13,8,13,8,2,9.43915580769983,9.44517531187998,0.377038205030458,30
"1720","MA","Fortaleza dos Nogueiras",12647,12571.1,21021,"Chapadas das Mangabeiras",2,"Nordeste",0,"210410",5,19,5,14,8,11,0,0,0,0,0,19,5,14,8,11,3,9.43915580769983,9.44517531187998,0.41599106002487,31
"1721","MA","Fortaleza dos Nogueiras",12647,12571.1,21021,"Chapadas das Mangabeiras",2,"Nordeste",0,"210410",6,18,7,11,12,6,0,0,0,0,0,18,7,11,12,6,3,9.43915580769983,9.44517531187998,0.368496969343306,30
"1722","MA","Fortaleza dos Nogueiras",12647,12571.1,21021,"Chapadas das Mangabeiras",2,"Nordeste",0,"210410",7,15,5,10,8,7,1,0,0,0,0,16,5,10,8,7,8,9.43915580769983,9.44517531187998,0.427557009023137,29
"1723","MA","Fortuna",15567,6963.71,21012,"Presidente Dutra",2,"Nordeste",0,"210420",2,26,12,14,13,13,0,0,0,0,0,26,12,14,13,13,5,8.84846765728694,9.65290856803585,0.294666506351624,29
"1724","MA","Fortuna",15567,6963.71,21012,"Presidente Dutra",2,"Nordeste",0,"210420",3,29,12,17,14,15,0,0,0,0,0,29,12,17,14,15,6,8.84846765728694,9.65290856803585,0.394167503711801,31
"1725","MA","Fortuna",15567,6963.71,21012,"Presidente Dutra",2,"Nordeste",0,"210420",4,14,7,7,13,1,0,0,0,0,0,14,7,7,13,1,11,8.84846765728694,9.65290856803585,0.395904815573391,30
"1726","MA","Fortuna",15567,6963.71,21012,"Presidente Dutra",2,"Nordeste",0,"210420",5,20,11,9,11,9,0,0,0,0,0,20,11,9,11,9,14,8.84846765728694,9.65290856803585,0.426161700188054,31
"1727","MA","Fortuna",15567,6963.71,21012,"Presidente Dutra",2,"Nordeste",0,"210420",6,18,8,10,9,9,1,0,0,0,0,19,8,10,9,9,7,8.84846765728694,9.65290856803585,0.393499335189826,30
"1728","MA","Fortuna",15567,6963.71,21012,"Presidente Dutra",2,"Nordeste",0,"210420",7,19,7,12,10,9,0,0,0,0,0,19,7,12,10,9,13,8.84846765728694,9.65290856803585,0.433138127455521,29
"1729","MA","Godofredo Viana",11963,9853.67,21007,"Gurupi",2,"Nordeste",0,"210430",2,22,7,15,13,9,0,0,0,0,0,22,7,15,13,9,2,9.19559925360464,9.38957383217091,0.312454966660155,29
"1730","MA","Godofredo Viana",11963,9853.67,21007,"Gurupi",2,"Nordeste",0,"210430",3,10,4,6,5,5,0,0,0,0,0,10,4,6,5,5,1,9.19559925360464,9.38957383217091,0.378989814515991,31
"1731","MA","Godofredo Viana",11963,9853.67,21007,"Gurupi",2,"Nordeste",0,"210430",4,9,3,6,5,4,1,0,0,0,0,10,3,6,5,4,3,9.19559925360464,9.38957383217091,0.404689970955859,30
"1732","MA","Godofredo Viana",11963,9853.67,21007,"Gurupi",2,"Nordeste",0,"210430",5,9,4,5,4,5,0,0,0,0,0,9,4,5,4,5,9,9.19559925360464,9.38957383217091,0.449435520817868,31
"1733","MA","Godofredo Viana",11963,9853.67,21007,"Gurupi",2,"Nordeste",0,"210430",6,7,3,4,3,4,0,0,0,0,0,7,3,4,3,4,3,9.19559925360464,9.38957383217091,0.386587963642181,30
"1734","MA","Godofredo Viana",11963,9853.67,21007,"Gurupi",2,"Nordeste",0,"210430",7,12,1,11,8,4,0,0,0,0,0,12,1,11,8,4,4,9.19559925360464,9.38957383217091,0.424133493889401,29
"1735","MA","Gonçalves Dias",17944,6743.87,21012,"Presidente Dutra",2,"Nordeste",0,"210440",2,32,12,20,19,13,0,0,0,0,0,32,12,20,19,13,8,8.81638922310207,9.79501107620004,0.316544928305882,29
"1736","MA","Gonçalves Dias",17944,6743.87,21012,"Presidente Dutra",2,"Nordeste",0,"210440",3,30,15,15,16,14,0,0,0,0,0,30,15,15,16,14,7,8.81638922310207,9.79501107620004,0.41664131842802,31
"1737","MA","Gonçalves Dias",17944,6743.87,21012,"Presidente Dutra",2,"Nordeste",0,"210440",4,28,12,16,15,13,0,0,0,0,0,28,12,16,15,13,11,8.81638922310207,9.79501107620004,0.435713400713648,30
"1738","MA","Gonçalves Dias",17944,6743.87,21012,"Presidente Dutra",2,"Nordeste",0,"210440",5,13,4,9,7,6,0,0,0,0,0,13,4,9,7,6,12,8.81638922310207,9.79501107620004,0.474442925232051,31
"1739","MA","Gonçalves Dias",17944,6743.87,21012,"Presidente Dutra",2,"Nordeste",0,"210440",6,22,12,10,12,10,0,0,0,0,0,22,12,10,12,10,19,8.81638922310207,9.79501107620004,0.460717336821211,30
"1740","MA","Gonçalves Dias",17944,6743.87,21012,"Presidente Dutra",2,"Nordeste",0,"210440",7,24,6,18,8,16,1,0,0,0,0,25,6,18,8,16,12,8.81638922310207,9.79501107620004,0.463321661682105,29
"1741","MA","Governador Edison Lobão",18520,14228.27,21009,"Imperatriz",2,"Nordeste",0,"210455",2,3,1,2,1,2,0,0,0,0,0,3,1,2,1,2,8,9.56298610955402,9.82660650820017,0.312248933652298,29
"1742","MA","Governador Edison Lobão",18520,14228.27,21009,"Imperatriz",2,"Nordeste",0,"210455",3,4,1,3,2,2,0,0,0,0,0,4,1,3,2,2,8,9.56298610955402,9.82660650820017,0.381965329689795,31
"1743","MA","Governador Edison Lobão",18520,14228.27,21009,"Imperatriz",2,"Nordeste",0,"210455",4,1,0,1,0,1,0,0,0,0,0,1,0,1,0,1,9,9.56298610955402,9.82660650820017,0.401466830535491,30
"1744","MA","Governador Edison Lobão",18520,14228.27,21009,"Imperatriz",2,"Nordeste",0,"210455",5,0,0,0,0,0,1,0,0,0,0,1,0,0,0,0,22,9.56298610955402,9.82660650820017,0.449857820226594,31
"1745","MA","Governador Edison Lobão",18520,14228.27,21009,"Imperatriz",2,"Nordeste",0,"210455",6,3,1,2,3,0,0,0,0,0,0,3,1,2,3,0,14,9.56298610955402,9.82660650820017,0.380979074809348,30
"1746","MA","Governador Edison Lobão",18520,14228.27,21009,"Imperatriz",2,"Nordeste",0,"210455",7,0,0,0,0,0,0,0,0,0,0,0,0,0,0,0,5,9.56298610955402,9.82660650820017,0.416691182885254,29
"1747","MA","Governador Eugênio Barros",16882,5829.88,21012,"Presidente Dutra",2,"Nordeste",0,"210460",2,38,16,22,22,16,1,0,0,0,0,39,16,22,22,16,9,8.67075169594231,9.73400324454366,0.372943875602201,29
"1748","MA","Governador Eugênio Barros",16882,5829.88,21012,"Presidente Dutra",2,"Nordeste",0,"210460",3,29,11,18,18,11,0,0,0,0,0,29,11,18,18,11,9,8.67075169594231,9.73400324454366,0.466841679748356,31
"1749","MA","Governador Eugênio Barros",16882,5829.88,21012,"Presidente Dutra",2,"Nordeste",0,"210460",4,16,8,8,9,7,0,0,0,0,0,16,8,8,9,7,9,8.67075169594231,9.73400324454366,0.470182268722191,30
"1750","MA","Governador Eugênio Barros",16882,5829.88,21012,"Presidente Dutra",2,"Nordeste",0,"210460",5,21,13,8,10,11,0,0,0,0,0,21,13,8,10,11,10,8.67075169594231,9.73400324454366,0.510857434199452,31
"1751","MA","Governador Eugênio Barros",16882,5829.88,21012,"Presidente Dutra",2,"Nordeste",0,"210460",6,26,10,16,12,14,0,0,0,0,0,26,10,16,12,14,11,8.67075169594231,9.73400324454366,0.450010389529905,30
"1752","MA","Governador Eugênio Barros",16882,5829.88,21012,"Presidente Dutra",2,"Nordeste",0,"210460",7,27,11,16,18,9,0,0,0,0,0,27,11,16,18,9,8,8.67075169594231,9.73400324454366,0.510236060084339,29
"1753","MA","Governador Newton Bello",10151,6599.87,21008,"Pindaré",2,"Nordeste",0,"210465",2,16,10,6,12,4,0,0,0,0,0,16,10,6,12,4,4,8.79480523085083,9.22532750178443,0.347385295395451,29
"1754","MA","Governador Newton Bello",10151,6599.87,21008,"Pindaré",2,"Nordeste",0,"210465",3,16,7,9,11,5,1,0,0,0,0,17,7,9,11,5,2,8.79480523085083,9.22532750178443,0.439373211132303,31
"1755","MA","Governador Newton Bello",10151,6599.87,21008,"Pindaré",2,"Nordeste",0,"210465",4,9,6,3,4,5,1,0,0,0,0,10,6,3,4,5,5,8.79480523085083,9.22532750178443,0.470758311599249,30
"1756","MA","Governador Newton Bello",10151,6599.87,21008,"Pindaré",2,"Nordeste",0,"210465",5,5,3,2,2,3,0,0,0,0,0,5,3,2,2,3,9,8.79480523085083,9.22532750178443,0.538512211152194,31
"1757","MA","Governador Newton Bello",10151,6599.87,21008,"Pindaré",2,"Nordeste",0,"210465",6,11,7,4,5,6,0,0,0,0,0,11,7,4,5,6,10,8.79480523085083,9.22532750178443,0.462376299827382,30
"1758","MA","Governador Newton Bello",10151,6599.87,21008,"Pindaré",2,"Nordeste",0,"210465",7,11,5,6,7,4,0,0,0,0,0,11,5,6,7,4,2,8.79480523085083,9.22532750178443,0.472743610099464,29
"1759","MA","Governador Nunes Freire",25539,8397.79,21007,"Gurupi",2,"Nordeste",0,"210467",2,17,5,12,9,8,1,0,0,0,0,18,5,12,9,8,10,9.03572385497769,10.1479619745522,0.277023947941877,29
"1760","MA","Governador Nunes Freire",25539,8397.79,21007,"Gurupi",2,"Nordeste",0,"210467",3,8,1,7,6,2,0,0,0,0,0,8,1,7,6,2,11,9.03572385497769,10.1479619745522,0.399361684434169,31
"1761","MA","Governador Nunes Freire",25539,8397.79,21007,"Gurupi",2,"Nordeste",0,"210467",4,2,1,1,2,0,0,0,0,0,0,2,1,1,2,0,9,9.03572385497769,10.1479619745522,0.405209769557673,30
"1762","MA","Governador Nunes Freire",25539,8397.79,21007,"Gurupi",2,"Nordeste",0,"210467",5,2,2,0,0,2,0,0,0,0,0,2,2,0,0,2,19,9.03572385497769,10.1479619745522,0.453694849045468,31
"1763","MA","Governador Nunes Freire",25539,8397.79,21007,"Gurupi",2,"Nordeste",0,"210467",6,4,2,2,2,2,0,0,0,0,0,4,2,2,2,2,12,9.03572385497769,10.1479619745522,0.364026942436436,30
"1764","MA","Governador Nunes Freire",25539,8397.79,21007,"Gurupi",2,"Nordeste",0,"210467",7,4,1,3,2,2,0,0,0,0,0,4,1,3,2,2,8,9.03572385497769,10.1479619745522,0.401103101830492,29
"1765","MA","Grajaú",70065,10913.15,21011,"Alto Mearim e Grajaú",2,"Nordeste",1,"210480",2,184,101,83,114,70,0,0,0,0,0,184,101,83,114,70,39,9.29772376309331,11.1571786616043,0.278424648074126,29
"1766","MA","Grajaú",70065,10913.15,21011,"Alto Mearim e Grajaú",2,"Nordeste",1,"210480",3,151,73,78,83,68,0,0,0,0,0,151,73,78,83,68,53,9.29772376309331,11.1571786616043,0.355143569236912,31
"1767","MA","Grajaú",70065,10913.15,21011,"Alto Mearim e Grajaú",2,"Nordeste",1,"210480",4,93,37,56,47,46,4,0,0,0,0,97,37,56,47,46,33,9.29772376309331,11.1571786616043,0.371716560878935,30
"1768","MA","Grajaú",70065,10913.15,21011,"Alto Mearim e Grajaú",2,"Nordeste",1,"210480",5,90,44,46,45,45,2,0,0,0,0,92,44,46,45,45,35,9.29772376309331,11.1571786616043,0.407446984167515,31
"1769","MA","Grajaú",70065,10913.15,21011,"Alto Mearim e Grajaú",2,"Nordeste",1,"210480",6,105,55,50,54,51,3,0,0,0,0,108,55,50,54,51,70,9.29772376309331,11.1571786616043,0.379119419207895,30
"1770","MA","Grajaú",70065,10913.15,21011,"Alto Mearim e Grajaú",2,"Nordeste",1,"210480",7,120,60,60,69,51,1,0,0,0,0,121,60,60,69,51,54,9.29772376309331,11.1571786616043,0.401598341549976,29
"1771","MA","Igarapé do Meio",14324,13283.34,21005,"Baixada Maranhense",2,"Nordeste",0,"210515",2,48,14,34,24,24,0,0,0,0,0,48,14,34,24,24,10,9.49426589743218,9.56969173111832,0.313171025122405,29
"1772","MA","Igarapé do Meio",14324,13283.34,21005,"Baixada Maranhense",2,"Nordeste",0,"210515",3,37,12,25,21,16,0,0,0,0,0,37,12,25,21,16,8,9.49426589743218,9.56969173111832,0.368815295279331,31
"1773","MA","Igarapé do Meio",14324,13283.34,21005,"Baixada Maranhense",2,"Nordeste",0,"210515",4,18,5,13,13,5,0,0,0,0,0,18,5,13,13,5,6,9.49426589743218,9.56969173111832,0.420911646435545,30
"1774","MA","Igarapé do Meio",14324,13283.34,21005,"Baixada Maranhense",2,"Nordeste",0,"210515",5,19,9,10,13,6,0,0,0,0,0,19,9,10,13,6,11,9.49426589743218,9.56969173111832,0.469888547939535,31
"1775","MA","Igarapé do Meio",14324,13283.34,21005,"Baixada Maranhense",2,"Nordeste",0,"210515",6,18,10,8,12,6,0,0,0,0,0,18,10,8,12,6,7,9.49426589743218,9.56969173111832,0.406950292512344,30
"1776","MA","Igarapé do Meio",14324,13283.34,21005,"Baixada Maranhense",2,"Nordeste",0,"210515",7,24,10,14,13,11,1,0,0,0,0,25,10,14,13,11,6,9.49426589743218,9.56969173111832,0.432344499408389,29
"1777","MA","Igarapé Grande",11387,7911.24,21010,"Médio Mearim",2,"Nordeste",0,"210520",2,35,15,20,19,16,0,0,0,0,0,35,15,20,19,16,5,8.97603981206596,9.3402276328106,0.291452611897223,29
"1778","MA","Igarapé Grande",11387,7911.24,21010,"Médio Mearim",2,"Nordeste",0,"210520",3,24,8,16,14,10,0,0,0,0,0,24,8,16,14,10,6,8.97603981206596,9.3402276328106,0.394597725896261,31
"1779","MA","Igarapé Grande",11387,7911.24,21010,"Médio Mearim",2,"Nordeste",0,"210520",4,14,8,6,7,7,0,0,0,0,0,14,8,6,7,7,7,8.97603981206596,9.3402276328106,0.395434962755603,30
"1780","MA","Igarapé Grande",11387,7911.24,21010,"Médio Mearim",2,"Nordeste",0,"210520",5,17,4,13,8,9,0,0,0,0,0,17,4,13,8,9,8,8.97603981206596,9.3402276328106,0.485992367102532,31
"1781","MA","Igarapé Grande",11387,7911.24,21010,"Médio Mearim",2,"Nordeste",0,"210520",6,11,3,8,5,6,0,0,0,0,0,11,3,8,5,6,14,8.97603981206596,9.3402276328106,0.399223845482807,30
"1782","MA","Igarapé Grande",11387,7911.24,21010,"Médio Mearim",2,"Nordeste",0,"210520",7,13,6,7,5,8,0,0,0,0,0,13,6,7,5,8,9,8.97603981206596,9.3402276328106,0.439939587149159,29
"1783","MA","Imperatriz",259337,27621.33,21009,"Imperatriz",2,"Nordeste",1,"210530",2,146,10,136,30,116,4,0,0,0,0,150,10,136,30,116,165,10.2263435793159,12.4658836532099,0.301343885177672,29
"1784","MA","Imperatriz",259337,27621.33,21009,"Imperatriz",2,"Nordeste",1,"210530",3,192,7,185,25,167,3,0,0,0,0,195,7,185,25,167,143,10.2263435793159,12.4658836532099,0.395985322974029,31
"1785","MA","Imperatriz",259337,27621.33,21009,"Imperatriz",2,"Nordeste",1,"210530",4,90,6,84,16,74,1,0,0,0,0,91,6,84,16,74,161,10.2263435793159,12.4658836532099,0.45356014348045,30
"1786","MA","Imperatriz",259337,27621.33,21009,"Imperatriz",2,"Nordeste",1,"210530",5,92,6,86,17,75,3,0,0,0,0,95,6,86,17,75,353,10.2263435793159,12.4658836532099,0.454798693459655,31
"1787","MA","Imperatriz",259337,27621.33,21009,"Imperatriz",2,"Nordeste",1,"210530",6,112,5,107,15,97,2,0,0,0,0,114,5,107,15,97,244,10.2263435793159,12.4658836532099,0.392289156518675,30
"1788","MA","Imperatriz",259337,27621.33,21009,"Imperatriz",2,"Nordeste",1,"210530",7,115,3,112,9,106,3,0,0,0,0,118,3,112,9,106,154,10.2263435793159,12.4658836532099,0.396825825356695,29
"1789","MA","Itapecuru Mirim",68723,8342.28,21006,"Itapecuru Mirim",2,"Nordeste",1,"210540",2,192,55,137,97,95,1,0,0,0,0,193,55,137,97,95,30,9.0290918392859,11.1378392111185,0.264123885321152,29
"1790","MA","Itapecuru Mirim",68723,8342.28,21006,"Itapecuru Mirim",2,"Nordeste",1,"210540",3,150,47,103,83,67,1,0,0,0,0,151,47,103,83,67,27,9.0290918392859,11.1378392111185,0.332871237057293,31
"1791","MA","Itapecuru Mirim",68723,8342.28,21006,"Itapecuru Mirim",2,"Nordeste",1,"210540",4,91,35,56,46,45,1,0,0,0,0,92,35,56,46,45,19,9.0290918392859,11.1378392111185,0.367464614981822,30
"1792","MA","Itapecuru Mirim",68723,8342.28,21006,"Itapecuru Mirim",2,"Nordeste",1,"210540",5,88,30,58,47,41,1,0,0,0,0,89,30,58,47,41,45,9.0290918392859,11.1378392111185,0.39203122969325,31
"1793","MA","Itapecuru Mirim",68723,8342.28,21006,"Itapecuru Mirim",2,"Nordeste",1,"210540",6,97,36,61,51,46,2,0,0,0,0,99,36,61,51,46,37,9.0290918392859,11.1378392111185,0.340352745796781,30
"1794","MA","Itapecuru Mirim",68723,8342.28,21006,"Itapecuru Mirim",2,"Nordeste",1,"210540",7,87,19,68,45,42,1,0,0,0,0,88,19,68,45,42,32,9.0290918392859,11.1378392111185,0.348536667144974,29
"1795","MA","Itinga do Maranhão",26068,12384.98,21009,"Imperatriz",2,"Nordeste",0,"210542",2,30,11,19,18,12,0,0,0,0,0,30,11,19,18,12,17,9.42423972706547,10.1684637874523,0.316853752118707,29
"1796","MA","Itinga do Maranhão",26068,12384.98,21009,"Imperatriz",2,"Nordeste",0,"210542",3,31,16,15,19,12,2,0,0,0,0,33,16,15,19,12,11,9.42423972706547,10.1684637874523,0.395505562575972,31
"1797","MA","Itinga do Maranhão",26068,12384.98,21009,"Imperatriz",2,"Nordeste",0,"210542",4,20,10,10,8,12,0,0,0,0,0,20,10,10,8,12,9,9.42423972706547,10.1684637874523,0.426243566785969,30
"1798","MA","Itinga do Maranhão",26068,12384.98,21009,"Imperatriz",2,"Nordeste",0,"210542",5,22,13,9,11,11,1,0,0,0,0,23,13,9,11,11,35,9.42423972706547,10.1684637874523,0.462481030625308,31
"1799","MA","Itinga do Maranhão",26068,12384.98,21009,"Imperatriz",2,"Nordeste",0,"210542",6,14,7,7,5,9,0,0,0,0,0,14,7,7,5,9,18,9.42423972706547,10.1684637874523,0.377751460023994,30
"1800","MA","Itinga do Maranhão",26068,12384.98,21009,"Imperatriz",2,"Nordeste",0,"210542",7,26,14,12,16,10,0,0,0,0,0,26,14,12,16,10,16,9.42423972706547,10.1684637874523,0.405245375201034,29
"1801","MA","João Lisboa",23740,9150.22,21009,"Imperatriz",2,"Nordeste",0,"210550",2,9,2,7,4,5,0,0,0,0,0,9,2,7,4,5,5,9.12153320169637,10.0749166681637,0.297017747294895,29
"1802","MA","João Lisboa",23740,9150.22,21009,"Imperatriz",2,"Nordeste",0,"210550",3,8,0,8,1,7,0,0,0,0,0,8,0,8,1,7,15,9.12153320169637,10.0749166681637,0.412946918975742,31
"1803","MA","João Lisboa",23740,9150.22,21009,"Imperatriz",2,"Nordeste",0,"210550",4,7,0,7,1,6,0,0,0,0,0,7,0,7,1,6,15,9.12153320169637,10.0749166681637,0.439747623581863,30
"1804","MA","João Lisboa",23740,9150.22,21009,"Imperatriz",2,"Nordeste",0,"210550",5,6,0,6,1,5,0,0,0,0,0,6,0,6,1,5,24,9.12153320169637,10.0749166681637,0.454798926691957,31
"1805","MA","João Lisboa",23740,9150.22,21009,"Imperatriz",2,"Nordeste",0,"210550",6,5,1,4,1,4,0,0,0,0,0,5,1,4,1,4,16,9.12153320169637,10.0749166681637,0.416547453659674,30
"1806","MA","João Lisboa",23740,9150.22,21009,"Imperatriz",2,"Nordeste",0,"210550",7,11,2,9,3,8,1,0,0,0,0,12,2,9,3,8,11,9.12153320169637,10.0749166681637,0.409834801728589,29
"1807","MA","Joselândia",16198,6227.24,21011,"Alto Mearim e Grajaú",2,"Nordeste",0,"210560",2,29,8,21,15,14,0,0,0,0,0,29,8,21,15,14,5,8.73668849596368,9.69264305680893,0.292741763573768,29
"1808","MA","Joselândia",16198,6227.24,21011,"Alto Mearim e Grajaú",2,"Nordeste",0,"210560",3,40,13,27,21,19,0,0,0,0,0,40,13,27,21,19,8,8.73668849596368,9.69264305680893,0.356864190975676,31
"1809","MA","Joselândia",16198,6227.24,21011,"Alto Mearim e Grajaú",2,"Nordeste",0,"210560",4,22,9,13,12,10,0,0,0,0,0,22,9,13,12,10,3,8.73668849596368,9.69264305680893,0.351651029733207,30
"1810","MA","Joselândia",16198,6227.24,21011,"Alto Mearim e Grajaú",2,"Nordeste",0,"210560",5,12,7,5,5,7,0,0,0,0,0,12,7,5,5,7,16,8.73668849596368,9.69264305680893,0.400600974854589,31
"1811","MA","Joselândia",16198,6227.24,21011,"Alto Mearim e Grajaú",2,"Nordeste",0,"210560",6,21,9,12,10,11,1,0,0,0,0,22,9,12,10,11,10,8.73668849596368,9.69264305680893,0.367445728602477,30
"1812","MA","Joselândia",16198,6227.24,21011,"Alto Mearim e Grajaú",2,"Nordeste",0,"210560",7,24,12,12,16,8,2,0,0,0,0,26,12,12,16,8,11,8.73668849596368,9.69264305680893,0.416392729291973,29
"1813","MA","Lago da Pedra",50616,7931.64,21008,"Pindaré",2,"Nordeste",1,"210570",2,122,47,75,62,60,0,0,0,0,0,122,47,75,62,60,22,8.9786151028306,10.8320230108267,0.280665012162631,29
"1814","MA","Lago da Pedra",50616,7931.64,21008,"Pindaré",2,"Nordeste",1,"210570",3,110,41,69,54,56,2,0,0,0,0,112,41,69,54,56,18,8.9786151028306,10.8320230108267,0.363441714957364,31
"1815","MA","Lago da Pedra",50616,7931.64,21008,"Pindaré",2,"Nordeste",1,"210570",4,56,21,35,33,23,0,0,0,0,0,56,21,35,33,23,20,8.9786151028306,10.8320230108267,0.375049230045581,30
"1816","MA","Lago da Pedra",50616,7931.64,21008,"Pindaré",2,"Nordeste",1,"210570",5,50,22,28,25,25,0,0,0,0,0,50,22,28,25,25,50,8.9786151028306,10.8320230108267,0.420579691486837,31
"1817","MA","Lago da Pedra",50616,7931.64,21008,"Pindaré",2,"Nordeste",1,"210570",6,89,35,54,45,44,0,0,0,0,0,89,35,54,45,44,29,8.9786151028306,10.8320230108267,0.371928052420451,30
"1818","MA","Lago da Pedra",50616,7931.64,21008,"Pindaré",2,"Nordeste",1,"210570",7,66,18,48,34,32,0,0,0,0,0,66,18,48,34,32,28,8.9786151028306,10.8320230108267,0.378372729142683,29
"1819","MA","Lima Campos",11918,14459.73,21010,"Médio Mearim",2,"Nordeste",0,"210600",2,15,6,9,4,11,0,0,0,0,0,15,6,9,4,11,2,9.57912282333926,9.38580514130692,0.264892067624444,29
"1820","MA","Lima Campos",11918,14459.73,21010,"Médio Mearim",2,"Nordeste",0,"210600",3,32,13,19,17,15,0,0,0,0,0,32,13,19,17,15,8,9.57912282333926,9.38580514130692,0.363240467317453,31
"1821","MA","Lima Campos",11918,14459.73,21010,"Médio Mearim",2,"Nordeste",0,"210600",4,14,7,7,6,8,0,0,0,0,0,14,7,7,6,8,6,9.57912282333926,9.38580514130692,0.377204038559748,30
"1822","MA","Lima Campos",11918,14459.73,21010,"Médio Mearim",2,"Nordeste",0,"210600",5,10,5,5,9,1,1,0,0,0,0,11,5,5,9,1,26,9.57912282333926,9.38580514130692,0.495948785863894,31
"1823","MA","Lima Campos",11918,14459.73,21010,"Médio Mearim",2,"Nordeste",0,"210600",6,18,7,11,9,9,0,0,0,0,0,18,7,11,9,9,15,9.57912282333926,9.38580514130692,0.440965771520828,30
"1824","MA","Lima Campos",11918,14459.73,21010,"Médio Mearim",2,"Nordeste",0,"210600",7,19,4,15,7,12,0,0,0,0,0,19,4,15,7,12,15,9.57912282333926,9.38580514130692,0.415763041030196,29
"1825","MA","Loreto",12214,18298.49,21021,"Chapadas das Mangabeiras",2,"Nordeste",0,"210610",2,17,5,12,8,9,1,0,0,0,0,18,5,12,8,9,6,9.81457382176387,9.41033811378308,0.289102338713175,29
"1826","MA","Loreto",12214,18298.49,21021,"Chapadas das Mangabeiras",2,"Nordeste",0,"210610",3,23,9,14,13,10,0,0,0,0,0,23,9,14,13,10,4,9.81457382176387,9.41033811378308,0.397397311352022,31
"1827","MA","Loreto",12214,18298.49,21021,"Chapadas das Mangabeiras",2,"Nordeste",0,"210610",4,9,1,8,7,2,0,0,0,0,0,9,1,8,7,2,4,9.81457382176387,9.41033811378308,0.409142906347413,30
"1828","MA","Loreto",12214,18298.49,21021,"Chapadas das Mangabeiras",2,"Nordeste",0,"210610",5,16,2,14,6,10,0,0,0,0,0,16,2,14,6,10,5,9.81457382176387,9.41033811378308,0.397239195656806,31
"1829","MA","Loreto",12214,18298.49,21021,"Chapadas das Mangabeiras",2,"Nordeste",0,"210610",6,11,4,7,5,6,0,0,0,0,0,11,4,7,5,6,4,9.81457382176387,9.41033811378308,0.380921083981722,30
"1830","MA","Loreto",12214,18298.49,21021,"Chapadas das Mangabeiras",2,"Nordeste",0,"210610",7,8,3,5,5,3,0,0,0,0,0,8,3,5,5,3,11,9.81457382176387,9.41033811378308,0.434344040521135,29
"1831","MA","Magalhães de Almeida",20029,6274.84,21013,"Baixo Parnaíba Maranhense",2,"Nordeste",0,"210630",2,20,8,12,7,13,0,0,0,0,0,20,8,12,7,13,9,8.74430326566694,9.90493650230123,0.285176801876217,29
"1832","MA","Magalhães de Almeida",20029,6274.84,21013,"Baixo Parnaíba Maranhense",2,"Nordeste",0,"210630",3,23,12,11,13,10,0,0,0,0,0,23,12,11,13,10,4,8.74430326566694,9.90493650230123,0.363039766003115,31
"1833","MA","Magalhães de Almeida",20029,6274.84,21013,"Baixo Parnaíba Maranhense",2,"Nordeste",0,"210630",4,11,4,7,7,4,1,0,0,0,0,12,4,7,7,4,9,8.74430326566694,9.90493650230123,0.396583602610328,30
"1834","MA","Magalhães de Almeida",20029,6274.84,21013,"Baixo Parnaíba Maranhense",2,"Nordeste",0,"210630",5,10,2,8,4,6,0,0,0,0,0,10,2,8,4,6,3,8.74430326566694,9.90493650230123,0.456176983122069,31
"1835","MA","Magalhães de Almeida",20029,6274.84,21013,"Baixo Parnaíba Maranhense",2,"Nordeste",0,"210630",6,11,5,6,5,6,0,0,0,0,0,11,5,6,5,6,14,8.74430326566694,9.90493650230123,0.400580012464745,30
"1836","MA","Magalhães de Almeida",20029,6274.84,21013,"Baixo Parnaíba Maranhense",2,"Nordeste",0,"210630",7,15,7,8,8,7,0,0,0,0,0,15,7,8,8,7,10,8.74430326566694,9.90493650230123,0.420126005171417,29
"1837","MA","Maracaçumé",21586,8432,21007,"Gurupi",2,"Nordeste",1,"210632",2,16,10,6,11,5,0,0,0,0,0,16,10,6,11,5,11,9.03978927078114,9.97980023538529,0.279050749597386,29
"1838","MA","Maracaçumé",21586,8432,21007,"Gurupi",2,"Nordeste",1,"210632",3,7,4,3,4,3,0,0,0,0,0,7,4,3,4,3,6,9.03978927078114,9.97980023538529,0.347260247908111,31
"1839","MA","Maracaçumé",21586,8432,21007,"Gurupi",2,"Nordeste",1,"210632",4,5,2,3,2,3,0,0,0,0,0,5,2,3,2,3,7,9.03978927078114,9.97980023538529,0.374046995406856,30
"1840","MA","Maracaçumé",21586,8432,21007,"Gurupi",2,"Nordeste",1,"210632",5,4,1,3,1,3,0,0,0,0,0,4,1,3,1,3,8,9.03978927078114,9.97980023538529,0.414248665551643,31
"1841","MA","Maracaçumé",21586,8432,21007,"Gurupi",2,"Nordeste",1,"210632",6,5,0,5,2,3,0,0,0,0,0,5,0,5,2,3,16,9.03978927078114,9.97980023538529,0.345086138985053,30
"1842","MA","Maracaçumé",21586,8432,21007,"Gurupi",2,"Nordeste",1,"210632",7,4,1,3,2,2,0,0,0,0,0,4,1,3,2,2,8,9.03978927078114,9.97980023538529,0.354254935559368,29
"1843","MA","Mata Roma",16977,8804.63,21014,"Chapadinha",2,"Nordeste",0,"210640",2,32,13,19,22,10,0,0,0,0,0,32,13,19,22,10,7,9.08303299846873,9.73961476581063,0.307064551290083,29
"1844","MA","Mata Roma",16977,8804.63,21014,"Chapadinha",2,"Nordeste",0,"210640",3,20,11,9,13,7,0,0,0,0,0,20,11,9,13,7,3,9.08303299846873,9.73961476581063,0.411070175789428,31
"1845","MA","Mata Roma",16977,8804.63,21014,"Chapadinha",2,"Nordeste",0,"210640",4,31,14,17,18,13,0,0,0,0,0,31,14,17,18,13,6,9.08303299846873,9.73961476581063,0.418641395400504,30
"1846","MA","Mata Roma",16977,8804.63,21014,"Chapadinha",2,"Nordeste",0,"210640",5,30,12,18,17,13,1,0,0,0,0,31,12,18,17,13,10,9.08303299846873,9.73961476581063,0.447095751405028,31
"1847","MA","Mata Roma",16977,8804.63,21014,"Chapadinha",2,"Nordeste",0,"210640",6,18,12,6,7,11,0,0,0,0,0,18,12,6,7,11,6,9.08303299846873,9.73961476581063,0.37934016822048,30
"1848","MA","Mata Roma",16977,8804.63,21014,"Chapadinha",2,"Nordeste",0,"210640",7,10,5,5,7,3,0,0,0,0,0,10,5,5,7,3,4,9.08303299846873,9.73961476581063,0.403513379084731,29
"1849","MA","Matinha",23482,6951.88,21005,"Baixada Maranhense",2,"Nordeste",0,"210650",2,38,11,27,19,19,0,0,0,0,0,38,11,27,19,19,7,8.84676740557646,10.0639894491902,0.303330484752564,29
"1850","MA","Matinha",23482,6951.88,21005,"Baixada Maranhense",2,"Nordeste",0,"210650",3,46,15,31,23,23,1,0,0,0,0,47,15,31,23,23,10,8.84676740557646,10.0639894491902,0.363061339402505,31
"1851","MA","Matinha",23482,6951.88,21005,"Baixada Maranhense",2,"Nordeste",0,"210650",4,25,9,16,10,15,0,0,0,0,0,25,9,16,10,15,13,8.84676740557646,10.0639894491902,0.431119888595606,30
"1852","MA","Matinha",23482,6951.88,21005,"Baixada Maranhense",2,"Nordeste",0,"210650",5,30,9,21,16,14,0,0,0,0,0,30,9,21,16,14,17,8.84676740557646,10.0639894491902,0.464005185077901,31
"1853","MA","Matinha",23482,6951.88,21005,"Baixada Maranhense",2,"Nordeste",0,"210650",6,22,7,15,14,8,0,0,0,0,0,22,7,15,14,8,14,8.84676740557646,10.0639894491902,0.386215493741055,30
"1854","MA","Matinha",23482,6951.88,21005,"Baixada Maranhense",2,"Nordeste",0,"210650",7,25,11,14,11,14,0,0,0,0,0,25,11,14,11,14,5,8.84676740557646,10.0639894491902,0.379402807434319,29
"1855","MA","Matões",33943,5499.84,21017,"Caxias",2,"Nordeste",0,"210660",2,66,40,26,31,35,1,0,0,0,0,67,40,26,31,35,10,8.61247427988832,10.4324379261607,0.264111794311571,29
"1856","MA","Matões",33943,5499.84,21017,"Caxias",2,"Nordeste",0,"210660",3,51,26,25,30,21,0,0,0,0,0,51,26,25,30,21,14,8.61247427988832,10.4324379261607,0.367911506943755,31
"1857","MA","Matões",33943,5499.84,21017,"Caxias",2,"Nordeste",0,"210660",4,45,26,19,22,23,0,0,0,0,0,45,26,19,22,23,9,8.61247427988832,10.4324379261607,0.397171781045291,30
"1858","MA","Matões",33943,5499.84,21017,"Caxias",2,"Nordeste",0,"210660",5,36,19,17,23,13,1,0,0,0,0,37,19,17,23,13,18,8.61247427988832,10.4324379261607,0.412754131472711,31
"1859","MA","Matões",33943,5499.84,21017,"Caxias",2,"Nordeste",0,"210660",6,43,17,26,23,20,1,0,0,0,0,44,17,26,23,20,13,8.61247427988832,10.4324379261607,0.401632589351716,30
"1860","MA","Matões",33943,5499.84,21017,"Caxias",2,"Nordeste",0,"210660",7,41,26,15,22,19,0,0,0,0,0,41,26,15,22,19,25,8.61247427988832,10.4324379261607,0.424632606639513,29
"1861","MA","Mirador",21031,9806.13,21018,"Chapadas do Alto Itapecuru",2,"Nordeste",0,"210670",2,44,17,27,30,14,0,0,0,0,0,44,17,27,30,14,9,9.19076297931278,9.95375281868368,0.269510482048093,29
"1862","MA","Mirador",21031,9806.13,21018,"Chapadas do Alto Itapecuru",2,"Nordeste",0,"210670",3,39,10,29,19,20,0,0,0,0,0,39,10,29,19,20,7,9.19076297931278,9.95375281868368,0.350969417202222,31
"1863","MA","Mirador",21031,9806.13,21018,"Chapadas do Alto Itapecuru",2,"Nordeste",0,"210670",4,28,8,20,18,10,1,0,0,0,0,29,8,20,18,10,6,9.19076297931278,9.95375281868368,0.404995203628452,30
"1864","MA","Mirador",21031,9806.13,21018,"Chapadas do Alto Itapecuru",2,"Nordeste",0,"210670",5,21,10,11,13,8,0,0,0,0,0,21,10,11,13,8,4,9.19076297931278,9.95375281868368,0.420240999693753,31
"1865","MA","Mirador",21031,9806.13,21018,"Chapadas do Alto Itapecuru",2,"Nordeste",0,"210670",6,20,7,13,14,6,0,0,0,0,0,20,7,13,14,6,7,9.19076297931278,9.95375281868368,0.362305604844688,30
"1866","MA","Mirador",21031,9806.13,21018,"Chapadas do Alto Itapecuru",2,"Nordeste",0,"210670",7,25,6,19,12,13,1,0,0,0,0,26,6,19,12,13,7,9.19076297931278,9.95375281868368,0.411249286770141,29
"1867","MA","Miranda do Norte",28754,19809.18,21006,"Itapecuru Mirim",2,"Nordeste",1,"210675",2,35,10,25,18,17,0,0,0,0,0,35,10,25,18,17,20,9.89390074560013,10.2665321669825,0.289670519320393,29
"1868","MA","Miranda do Norte",28754,19809.18,21006,"Itapecuru Mirim",2,"Nordeste",1,"210675",3,23,9,14,13,10,0,0,0,0,0,23,9,14,13,10,14,9.89390074560013,10.2665321669825,0.371141969865705,31
"1869","MA","Miranda do Norte",28754,19809.18,21006,"Itapecuru Mirim",2,"Nordeste",1,"210675",4,29,8,21,17,12,0,0,0,0,0,29,8,21,17,12,15,9.89390074560013,10.2665321669825,0.400981509692759,30
"1870","MA","Miranda do Norte",28754,19809.18,21006,"Itapecuru Mirim",2,"Nordeste",1,"210675",5,22,5,17,12,10,0,0,0,0,0,22,5,17,12,10,21,9.89390074560013,10.2665321669825,0.407998464376371,31
"1871","MA","Miranda do Norte",28754,19809.18,21006,"Itapecuru Mirim",2,"Nordeste",1,"210675",6,40,13,27,22,18,0,0,0,0,0,40,13,27,22,18,10,9.89390074560013,10.2665321669825,0.35019049737089,30
"1872","MA","Miranda do Norte",28754,19809.18,21006,"Itapecuru Mirim",2,"Nordeste",1,"210675",7,23,9,14,8,15,0,0,0,0,0,23,9,14,8,15,8,9.89390074560013,10.2665321669825,0.366653742644549,29
"1873","MA","Mirinzal",15011,6821.57,21001,"Litoral Ocidental Maranhense",2,"Nordeste",0,"210680",2,32,7,25,15,17,0,0,0,0,0,32,7,25,15,17,5,8.82784492962293,9.61653854466018,0.262557012356397,29
"1874","MA","Mirinzal",15011,6821.57,21001,"Litoral Ocidental Maranhense",2,"Nordeste",0,"210680",3,31,8,23,19,12,0,0,0,0,0,31,8,23,19,12,5,8.82784492962293,9.61653854466018,0.347022780467782,31
"1875","MA","Mirinzal",15011,6821.57,21001,"Litoral Ocidental Maranhense",2,"Nordeste",0,"210680",4,13,5,8,7,6,0,0,0,0,0,13,5,8,7,6,8,8.82784492962293,9.61653854466018,0.396606403550951,30
"1876","MA","Mirinzal",15011,6821.57,21001,"Litoral Ocidental Maranhense",2,"Nordeste",0,"210680",5,17,2,15,8,9,0,0,0,0,0,17,2,15,8,9,13,8.82784492962293,9.61653854466018,0.433618742352556,31
"1877","MA","Mirinzal",15011,6821.57,21001,"Litoral Ocidental Maranhense",2,"Nordeste",0,"210680",6,19,2,17,11,8,0,0,0,0,0,19,2,17,11,8,9,8.82784492962293,9.61653854466018,0.382428811404818,30
"1878","MA","Mirinzal",15011,6821.57,21001,"Litoral Ocidental Maranhense",2,"Nordeste",0,"210680",7,25,4,21,18,7,0,0,0,0,0,25,4,21,18,7,4,8.82784492962293,9.61653854466018,0.377568835501422,29
"1879","MA","Monção",33664,6545.79,21005,"Baixada Maranhense",2,"Nordeste",0,"210690",2,73,33,40,50,23,0,0,0,0,0,73,33,40,50,23,7,8.78657737388659,10.4241842960974,0.303032230542181,29
"1880","MA","Monção",33664,6545.79,21005,"Baixada Maranhense",2,"Nordeste",0,"210690",3,59,24,35,28,31,2,0,0,0,0,61,24,35,28,31,13,8.78657737388659,10.4241842960974,0.36388663957981,31
"1881","MA","Monção",33664,6545.79,21005,"Baixada Maranhense",2,"Nordeste",0,"210690",4,41,22,19,26,15,1,0,0,0,0,42,22,19,26,15,10,8.78657737388659,10.4241842960974,0.359837287372016,30
"1882","MA","Monção",33664,6545.79,21005,"Baixada Maranhense",2,"Nordeste",0,"210690",5,36,19,17,23,13,0,0,0,0,0,36,19,17,23,13,24,8.78657737388659,10.4241842960974,0.413328521049015,31
"1883","MA","Monção",33664,6545.79,21005,"Baixada Maranhense",2,"Nordeste",0,"210690",6,36,16,20,21,15,0,0,0,0,0,36,16,20,21,15,22,8.78657737388659,10.4241842960974,0.390382502038477,30
"1884","MA","Monção",33664,6545.79,21005,"Baixada Maranhense",2,"Nordeste",0,"210690",7,35,13,22,19,16,1,0,0,0,0,36,13,22,19,16,15,8.78657737388659,10.4241842960974,0.409569180552682,29
"1885","MA","Morros",19572,6451.76,21003,"Rosário",2,"Nordeste",0,"210710",2,32,16,16,22,10,0,0,0,0,0,32,16,16,22,10,5,8.77210824078511,9.88185525240901,0.304427993383456,29
"1886","MA","Morros",19572,6451.76,21003,"Rosário",2,"Nordeste",0,"210710",3,30,13,17,20,10,0,0,0,0,0,30,13,17,20,10,4,8.77210824078511,9.88185525240901,0.342528418607354,31
"1887","MA","Morros",19572,6451.76,21003,"Rosário",2,"Nordeste",0,"210710",4,21,9,12,13,8,0,0,0,0,0,21,9,12,13,8,8,8.77210824078511,9.88185525240901,0.39722081528971,30
"1888","MA","Morros",19572,6451.76,21003,"Rosário",2,"Nordeste",0,"210710",5,25,11,14,15,10,0,0,0,0,0,25,11,14,15,10,10,8.77210824078511,9.88185525240901,0.390882534791781,31
"1889","MA","Morros",19572,6451.76,21003,"Rosário",2,"Nordeste",0,"210710",6,16,10,6,11,5,0,0,0,0,0,16,10,6,11,5,8,8.77210824078511,9.88185525240901,0.297881929010322,30
"1890","MA","Morros",19572,6451.76,21003,"Rosário",2,"Nordeste",0,"210710",7,6,2,4,4,2,0,0,0,0,0,6,2,4,4,2,2,8.77210824078511,9.88185525240901,0.300205064214435,29
"1891","MA","Nova Olinda do Maranhão",21080,6408.69,21008,"Pindaré",2,"Nordeste",0,"210735",2,45,14,31,25,20,0,0,0,0,0,45,14,31,25,20,4,8.76541016085397,9.9560800026553,0.263477268160936,29
"1892","MA","Nova Olinda do Maranhão",21080,6408.69,21008,"Pindaré",2,"Nordeste",0,"210735",3,31,11,20,21,10,0,0,0,0,0,31,11,20,21,10,6,8.76541016085397,9.9560800026553,0.313062511432258,31
"1893","MA","Nova Olinda do Maranhão",21080,6408.69,21008,"Pindaré",2,"Nordeste",0,"210735",4,13,4,9,8,5,2,0,0,0,0,15,4,9,8,5,11,8.76541016085397,9.9560800026553,0.359473583891404,30
"1894","MA","Nova Olinda do Maranhão",21080,6408.69,21008,"Pindaré",2,"Nordeste",0,"210735",5,28,8,20,19,9,2,0,0,0,0,30,8,20,19,9,15,8.76541016085397,9.9560800026553,0.372789054149789,31
"1895","MA","Nova Olinda do Maranhão",21080,6408.69,21008,"Pindaré",2,"Nordeste",0,"210735",6,23,5,18,16,7,0,0,0,0,0,23,5,18,16,7,5,8.76541016085397,9.9560800026553,0.307093086496994,30
"1896","MA","Nova Olinda do Maranhão",21080,6408.69,21008,"Pindaré",2,"Nordeste",0,"210735",7,11,5,6,7,4,0,0,0,0,0,11,5,6,7,4,7,8.76541016085397,9.9560800026553,0.351677005578594,29
"1897","MA","Olho d'Água das Cunhãs",19561,7747.88,21010,"Médio Mearim",2,"Nordeste",0,"210740",2,42,24,18,24,18,0,0,0,0,0,42,24,18,24,18,11,8.95517453653911,9.88129306702636,0.30226227659387,29
"1898","MA","Olho d'Água das Cunhãs",19561,7747.88,21010,"Médio Mearim",2,"Nordeste",0,"210740",3,25,7,18,8,17,1,0,0,0,0,26,7,18,8,17,6,8.95517453653911,9.88129306702636,0.392191212326065,31
"1899","MA","Olho d'Água das Cunhãs",19561,7747.88,21010,"Médio Mearim",2,"Nordeste",0,"210740",4,16,6,10,10,6,0,0,0,0,0,16,6,10,10,6,4,8.95517453653911,9.88129306702636,0.423718615441132,30
"1900","MA","Olho d'Água das Cunhãs",19561,7747.88,21010,"Médio Mearim",2,"Nordeste",0,"210740",5,19,8,11,11,8,0,0,0,0,0,19,8,11,11,8,14,8.95517453653911,9.88129306702636,0.456335981077512,31
"1901","MA","Olho d'Água das Cunhãs",19561,7747.88,21010,"Médio Mearim",2,"Nordeste",0,"210740",6,22,16,6,15,7,1,0,0,0,0,23,16,6,15,7,12,8.95517453653911,9.88129306702636,0.413661032708834,30
"1902","MA","Olho d'Água das Cunhãs",19561,7747.88,21010,"Médio Mearim",2,"Nordeste",0,"210740",7,26,11,15,16,10,0,0,0,0,0,26,11,15,16,10,15,8.95517453653911,9.88129306702636,0.425993018895022,29
"1903","MA","Paço do Lumiar",123747,7733.25,21002,"Aglomeração Urbana de São Luís",2,"Nordeste",1,"210750",2,257,39,218,97,160,0,0,0,0,0,257,39,218,97,160,49,8.95328449306616,11.7259944377128,0.307532431576877,29
"1904","MA","Paço do Lumiar",123747,7733.25,21002,"Aglomeração Urbana de São Luís",2,"Nordeste",1,"210750",3,200,49,151,76,124,2,0,0,0,0,202,49,151,76,124,54,8.95328449306616,11.7259944377128,0.405761337585849,31
"1905","MA","Paço do Lumiar",123747,7733.25,21002,"Aglomeração Urbana de São Luís",2,"Nordeste",1,"210750",4,112,21,91,48,64,1,0,0,0,0,113,21,91,48,64,78,8.95328449306616,11.7259944377128,0.477809371323457,30
"1906","MA","Paço do Lumiar",123747,7733.25,21002,"Aglomeração Urbana de São Luís",2,"Nordeste",1,"210750",5,134,32,102,51,83,3,0,0,0,0,137,32,102,51,83,120,8.95328449306616,11.7259944377128,0.47656013495163,31
"1907","MA","Paço do Lumiar",123747,7733.25,21002,"Aglomeração Urbana de São Luís",2,"Nordeste",1,"210750",6,136,30,106,52,84,1,0,0,0,0,137,30,106,52,84,57,8.95328449306616,11.7259944377128,0.387743392984651,30
"1908","MA","Paço do Lumiar",123747,7733.25,21002,"Aglomeração Urbana de São Luís",2,"Nordeste",1,"210750",7,121,20,101,51,70,2,0,0,0,0,123,20,101,51,70,46,8.95328449306616,11.7259944377128,0.391163805733363,29
"1909","MA","Palmeirândia",19781,6301.12,21005,"Baixada Maranhense",2,"Nordeste",0,"210760",2,22,9,13,14,8,1,0,0,0,0,23,9,13,14,8,5,8.74848267435681,9.89247716001608,0.286140780343522,29
"1910","MA","Palmeirândia",19781,6301.12,21005,"Baixada Maranhense",2,"Nordeste",0,"210760",3,10,3,7,8,2,1,0,0,0,0,11,3,7,8,2,9,8.74848267435681,9.89247716001608,0.373363788962208,31
"1911","MA","Palmeirândia",19781,6301.12,21005,"Baixada Maranhense",2,"Nordeste",0,"210760",4,16,6,10,7,9,1,0,0,0,0,17,6,10,7,9,10,8.74848267435681,9.89247716001608,0.434365242393257,30
"1912","MA","Palmeirândia",19781,6301.12,21005,"Baixada Maranhense",2,"Nordeste",0,"210760",5,21,9,12,13,8,0,0,0,0,0,21,9,12,13,8,8,8.74848267435681,9.89247716001608,0.489064146537874,31
"1913","MA","Palmeirândia",19781,6301.12,21005,"Baixada Maranhense",2,"Nordeste",0,"210760",6,19,5,14,13,6,0,0,0,0,0,19,5,14,13,6,7,8.74848267435681,9.89247716001608,0.426526887573483,30
"1914","MA","Palmeirândia",19781,6301.12,21005,"Baixada Maranhense",2,"Nordeste",0,"210760",7,33,9,24,18,15,0,0,0,0,0,33,9,24,18,15,7,8.74848267435681,9.89247716001608,0.400028596654794,29
"1915","MA","Paraibano",21479,6450.14,21018,"Chapadas do Alto Itapecuru",2,"Nordeste",1,"210770",2,39,19,20,22,17,0,0,0,0,0,39,19,20,22,17,10,8.77185711498062,9.97483099260426,0.289689610491025,29
"1916","MA","Paraibano",21479,6450.14,21018,"Chapadas do Alto Itapecuru",2,"Nordeste",1,"210770",3,36,16,20,23,13,0,0,0,0,0,36,16,20,23,13,13,8.77185711498062,9.97483099260426,0.386017325905579,31
"1917","MA","Paraibano",21479,6450.14,21018,"Chapadas do Alto Itapecuru",2,"Nordeste",1,"210770",4,19,9,10,13,6,0,0,0,0,0,19,9,10,13,6,11,8.77185711498062,9.97483099260426,0.393551291377008,30
"1918","MA","Paraibano",21479,6450.14,21018,"Chapadas do Alto Itapecuru",2,"Nordeste",1,"210770",5,17,8,9,10,7,1,0,0,0,0,18,8,9,10,7,8,8.77185711498062,9.97483099260426,0.427896653445844,31
"1919","MA","Paraibano",21479,6450.14,21018,"Chapadas do Alto Itapecuru",2,"Nordeste",1,"210770",6,17,5,12,10,7,0,0,0,0,0,17,5,12,10,7,6,8.77185711498062,9.97483099260426,0.414951269036797,30
"1920","MA","Paraibano",21479,6450.14,21018,"Chapadas do Alto Itapecuru",2,"Nordeste",1,"210770",7,27,6,21,12,15,2,0,0,0,0,29,6,21,12,15,11,8.77185711498062,9.97483099260426,0.42182582605453,29
"1921","MA","Parnarama",35008,6574.68,21017,"Caxias",2,"Nordeste",0,"210780",2,46,21,25,18,28,0,0,0,0,0,46,21,25,18,28,16,8.79098118666006,10.4633318857817,0.283890080461847,29
"1922","MA","Parnarama",35008,6574.68,21017,"Caxias",2,"Nordeste",0,"210780",3,45,21,24,25,20,0,0,0,0,0,45,21,24,25,20,15,8.79098118666006,10.4633318857817,0.39726235085716,31
"1923","MA","Parnarama",35008,6574.68,21017,"Caxias",2,"Nordeste",0,"210780",4,41,20,21,25,16,0,0,0,0,0,41,20,21,25,16,17,8.79098118666006,10.4633318857817,0.406382861136689,30
"1924","MA","Parnarama",35008,6574.68,21017,"Caxias",2,"Nordeste",0,"210780",5,29,17,12,18,11,2,0,0,0,0,31,17,12,18,11,15,8.79098118666006,10.4633318857817,0.448177822311484,31
"1925","MA","Parnarama",35008,6574.68,21017,"Caxias",2,"Nordeste",0,"210780",6,38,16,22,17,21,0,0,0,0,0,38,16,22,17,21,21,8.79098118666006,10.4633318857817,0.396783654794584,30
"1926","MA","Parnarama",35008,6574.68,21017,"Caxias",2,"Nordeste",0,"210780",7,43,20,23,28,15,0,0,0,0,0,43,20,23,28,15,17,8.79098118666006,10.4633318857817,0.43649149623209,29
"1927","MA","Passagem Franca",19137,7787.83,21018,"Chapadas do Alto Itapecuru",2,"Nordeste",0,"210790",2,51,20,31,26,25,0,0,0,0,0,51,20,31,26,25,13,8.96031753779981,9.85937891291007,0.24298562721497,29
"1928","MA","Passagem Franca",19137,7787.83,21018,"Chapadas do Alto Itapecuru",2,"Nordeste",0,"210790",3,38,16,22,16,22,1,0,0,0,0,39,16,22,16,22,10,8.96031753779981,9.85937891291007,0.371858156257551,31
"1929","MA","Passagem Franca",19137,7787.83,21018,"Chapadas do Alto Itapecuru",2,"Nordeste",0,"210790",4,25,9,16,15,10,0,0,0,0,0,25,9,16,15,10,8,8.96031753779981,9.85937891291007,0.402473793782788,30
"1930","MA","Passagem Franca",19137,7787.83,21018,"Chapadas do Alto Itapecuru",2,"Nordeste",0,"210790",5,21,10,11,12,9,0,0,0,0,0,21,10,11,12,9,7,8.96031753779981,9.85937891291007,0.377910701208954,31
"1931","MA","Passagem Franca",19137,7787.83,21018,"Chapadas do Alto Itapecuru",2,"Nordeste",0,"210790",6,26,7,19,12,14,0,0,0,0,0,26,7,19,12,14,5,8.96031753779981,9.85937891291007,0.351306720143847,30
"1932","MA","Passagem Franca",19137,7787.83,21018,"Chapadas do Alto Itapecuru",2,"Nordeste",0,"210790",7,24,10,14,13,11,0,0,0,0,0,24,10,14,13,11,4,8.96031753779981,9.85937891291007,0.375678196359103,29
"1933","MA","Pastos Bons",19583,10180.01,21018,"Chapadas do Alto Itapecuru",2,"Nordeste",0,"210800",2,25,3,22,11,14,1,0,0,0,0,26,3,22,11,14,5,9.2281812724223,9.88241712191684,0.27214996866987,29
"1934","MA","Pastos Bons",19583,10180.01,21018,"Chapadas do Alto Itapecuru",2,"Nordeste",0,"210800",3,31,7,24,11,20,0,0,0,0,0,31,7,24,11,20,8,9.2281812724223,9.88241712191684,0.349454697551081,31
"1935","MA","Pastos Bons",19583,10180.01,21018,"Chapadas do Alto Itapecuru",2,"Nordeste",0,"210800",4,20,3,17,4,16,0,0,0,0,0,20,3,17,4,16,14,9.2281812724223,9.88241712191684,0.311611016815555,30
"1936","MA","Pastos Bons",19583,10180.01,21018,"Chapadas do Alto Itapecuru",2,"Nordeste",0,"210800",5,15,7,8,6,9,0,0,0,0,0,15,7,8,6,9,13,9.2281812724223,9.88241712191684,0.335140534392323,31
"1937","MA","Pastos Bons",19583,10180.01,21018,"Chapadas do Alto Itapecuru",2,"Nordeste",0,"210800",6,22,7,15,8,14,0,0,0,0,0,22,7,15,8,14,11,9.2281812724223,9.88241712191684,0.316123888551115,30
"1938","MA","Pastos Bons",19583,10180.01,21018,"Chapadas do Alto Itapecuru",2,"Nordeste",0,"210800",7,44,19,25,19,25,0,0,0,0,0,44,19,25,19,25,12,9.2281812724223,9.88241712191684,0.3358538817417,29
"1939","MA","Paulino Neves",16166,6487.82,21004,"Lençóis Maranhenses",2,"Nordeste",0,"210805",2,34,15,19,17,17,0,0,0,0,0,34,15,19,17,17,3,8.77768185188388,9.69066555029379,0.293896012337053,29
"1940","MA","Paulino Neves",16166,6487.82,21004,"Lençóis Maranhenses",2,"Nordeste",0,"210805",3,29,11,18,21,8,0,0,0,0,0,29,11,18,21,8,8,8.77768185188388,9.69066555029379,0.348294541220341,31
"1941","MA","Paulino Neves",16166,6487.82,21004,"Lençóis Maranhenses",2,"Nordeste",0,"210805",4,15,7,8,6,9,0,0,0,0,0,15,7,8,6,9,6,8.77768185188388,9.69066555029379,0.375938479586712,30
"1942","MA","Paulino Neves",16166,6487.82,21004,"Lençóis Maranhenses",2,"Nordeste",0,"210805",5,32,9,23,11,21,0,0,0,0,0,32,9,23,11,21,13,8.77768185188388,9.69066555029379,0.456736213882287,31
"1943","MA","Paulino Neves",16166,6487.82,21004,"Lençóis Maranhenses",2,"Nordeste",0,"210805",6,37,11,26,25,12,1,0,0,0,0,38,11,26,25,12,6,8.77768185188388,9.69066555029379,0.419662010087247,30
"1944","MA","Paulino Neves",16166,6487.82,21004,"Lençóis Maranhenses",2,"Nordeste",0,"210805",7,22,8,14,9,13,0,0,0,0,0,22,8,14,9,13,7,8.77768185188388,9.69066555029379,0.465023028559403,29
"1945","MA","Paulo Ramos",21066,7161.16,21008,"Pindaré",2,"Nordeste",0,"210810",2,53,27,26,22,31,0,0,0,0,0,53,27,26,22,31,8,8.87642725800548,9.95541564539649,0.266670676520884,29
"1946","MA","Paulo Ramos",21066,7161.16,21008,"Pindaré",2,"Nordeste",0,"210810",3,33,15,18,21,12,0,0,0,0,0,33,15,18,21,12,11,8.87642725800548,9.95541564539649,0.374977152997073,31
"1947","MA","Paulo Ramos",21066,7161.16,21008,"Pindaré",2,"Nordeste",0,"210810",4,28,16,12,13,15,1,0,0,0,0,29,16,12,13,15,7,8.87642725800548,9.95541564539649,0.393692443631516,30
"1948","MA","Paulo Ramos",21066,7161.16,21008,"Pindaré",2,"Nordeste",0,"210810",5,19,12,7,8,11,0,0,0,0,0,19,12,7,8,11,17,8.87642725800548,9.95541564539649,0.440914556747942,31
"1949","MA","Paulo Ramos",21066,7161.16,21008,"Pindaré",2,"Nordeste",0,"210810",6,25,13,12,15,10,1,0,0,0,0,26,13,12,15,10,20,8.87642725800548,9.95541564539649,0.375587636331771,30
"1950","MA","Paulo Ramos",21066,7161.16,21008,"Pindaré",2,"Nordeste",0,"210810",7,31,17,14,19,12,0,0,0,0,0,31,17,14,19,12,13,8.87642725800548,9.95541564539649,0.40718885823065,29
"1951","MA","Pedreiras",39191,15334.36,21010,"Médio Mearim",2,"Nordeste",1,"210820",2,91,24,67,46,45,0,0,0,0,0,91,24,67,46,45,18,9.63785134108337,10.5762024075816,0.272135655629625,29
"1952","MA","Pedreiras",39191,15334.36,21010,"Médio Mearim",2,"Nordeste",1,"210820",3,74,15,59,34,40,0,0,0,0,0,74,15,59,34,40,29,9.63785134108337,10.5762024075816,0.375950751004726,31
"1953","MA","Pedreiras",39191,15334.36,21010,"Médio Mearim",2,"Nordeste",1,"210820",4,50,12,38,26,24,1,0,0,0,0,51,12,38,26,24,20,9.63785134108337,10.5762024075816,0.411876900798653,30
"1954","MA","Pedreiras",39191,15334.36,21010,"Médio Mearim",2,"Nordeste",1,"210820",5,36,7,29,19,17,1,0,0,0,0,37,7,29,19,17,72,9.63785134108337,10.5762024075816,0.448528192958036,31
"1955","MA","Pedreiras",39191,15334.36,21010,"Médio Mearim",2,"Nordeste",1,"210820",6,44,10,34,27,17,0,0,0,0,0,44,10,34,27,17,33,9.63785134108337,10.5762024075816,0.37490433805394,30
"1956","MA","Pedreiras",39191,15334.36,21010,"Médio Mearim",2,"Nordeste",1,"210820",7,41,11,30,22,19,2,0,0,0,0,43,11,30,22,19,29,9.63785134108337,10.5762024075816,0.362778084181534,29
"1957","MA","Penalva",38731,5606.64,21005,"Baixada Maranhense",2,"Nordeste",0,"210830",2,101,39,62,67,34,0,0,0,0,0,101,39,62,67,34,18,8.63170688860495,10.5643955919534,0.286395661652214,29
"1958","MA","Penalva",38731,5606.64,21005,"Baixada Maranhense",2,"Nordeste",0,"210830",3,73,26,47,42,31,0,0,0,0,0,73,26,47,42,31,16,8.63170688860495,10.5643955919534,0.374226959390925,31
"1959","MA","Penalva",38731,5606.64,21005,"Baixada Maranhense",2,"Nordeste",0,"210830",4,52,24,28,24,28,0,0,0,0,0,52,24,28,24,28,13,8.63170688860495,10.5643955919534,0.401673613870406,30
"1960","MA","Penalva",38731,5606.64,21005,"Baixada Maranhense",2,"Nordeste",0,"210830",5,53,25,28,32,21,2,0,0,0,0,55,25,28,32,21,57,8.63170688860495,10.5643955919534,0.420758825767542,31
"1961","MA","Penalva",38731,5606.64,21005,"Baixada Maranhense",2,"Nordeste",0,"210830",6,65,23,42,37,28,1,0,0,0,0,66,23,42,37,28,17,8.63170688860495,10.5643955919534,0.350049165580942,30
"1962","MA","Penalva",38731,5606.64,21005,"Baixada Maranhense",2,"Nordeste",0,"210830",7,62,35,27,36,26,0,0,0,0,0,62,35,27,36,26,12,8.63170688860495,10.5643955919534,0.384525474658374,29
"1963","MA","Peri Mirim",14345,5489.02,21005,"Baixada Maranhense",2,"Nordeste",0,"210840",2,16,7,9,11,5,0,0,0,0,0,16,7,9,11,5,5,8.61050501219419,9.57115672841547,0.299773044321132,29
"1964","MA","Peri Mirim",14345,5489.02,21005,"Baixada Maranhense",2,"Nordeste",0,"210840",3,17,5,12,11,6,1,0,0,0,0,18,5,12,11,6,4,8.61050501219419,9.57115672841547,0.370254975822002,31
"1965","MA","Peri Mirim",14345,5489.02,21005,"Baixada Maranhense",2,"Nordeste",0,"210840",4,9,2,7,3,6,0,0,0,0,0,9,2,7,3,6,6,8.61050501219419,9.57115672841547,0.428766266532518,30
"1966","MA","Peri Mirim",14345,5489.02,21005,"Baixada Maranhense",2,"Nordeste",0,"210840",5,5,1,4,3,2,0,0,0,0,0,5,1,4,3,2,11,8.61050501219419,9.57115672841547,0.502501774066094,31
"1967","MA","Peri Mirim",14345,5489.02,21005,"Baixada Maranhense",2,"Nordeste",0,"210840",6,11,1,10,5,6,1,0,0,0,0,12,1,10,5,6,2,8.61050501219419,9.57115672841547,0.395321476761144,30
"1968","MA","Peri Mirim",14345,5489.02,21005,"Baixada Maranhense",2,"Nordeste",0,"210840",7,10,2,8,6,4,0,0,0,0,0,10,2,8,6,4,4,8.61050501219419,9.57115672841547,0.413186654729931,29
"1969","MA","Peritoró",23364,9459.6,21015,"Codó",2,"Nordeste",0,"210845",2,74,27,47,44,30,0,0,0,0,0,74,27,47,44,30,9,9.15478537785386,10.0589516551602,0.302790220307614,29
"1970","MA","Peritoró",23364,9459.6,21015,"Codó",2,"Nordeste",0,"210845",3,52,24,28,26,26,1,0,0,0,0,53,24,28,26,26,10,9.15478537785386,10.0589516551602,0.394799153594318,31
"1971","MA","Peritoró",23364,9459.6,21015,"Codó",2,"Nordeste",0,"210845",4,29,12,17,17,12,0,0,0,0,0,29,12,17,17,12,7,9.15478537785386,10.0589516551602,0.420544207048425,30
"1972","MA","Peritoró",23364,9459.6,21015,"Codó",2,"Nordeste",0,"210845",5,32,14,18,24,8,0,0,0,0,0,32,14,18,24,8,10,9.15478537785386,10.0589516551602,0.455468051106592,31
"1973","MA","Peritoró",23364,9459.6,21015,"Codó",2,"Nordeste",0,"210845",6,22,7,15,15,7,0,0,0,0,0,22,7,15,15,7,15,9.15478537785386,10.0589516551602,0.406875414169856,30
"1974","MA","Peritoró",23364,9459.6,21015,"Codó",2,"Nordeste",0,"210845",7,33,14,19,20,13,0,0,0,0,0,33,14,19,20,13,10,9.15478537785386,10.0589516551602,0.426998422719262,29
"1975","MA","Pindaré-Mirim",33065,7942.86,21008,"Pindaré",2,"Nordeste",0,"210850",2,71,24,47,39,32,0,0,0,0,0,71,24,47,39,32,15,8.98002869089553,10.4062306001088,0.320253156446926,29
"1976","MA","Pindaré-Mirim",33065,7942.86,21008,"Pindaré",2,"Nordeste",0,"210850",3,53,25,28,30,23,0,0,0,0,0,53,25,28,30,23,15,8.98002869089553,10.4062306001088,0.427526279237645,31
"1977","MA","Pindaré-Mirim",33065,7942.86,21008,"Pindaré",2,"Nordeste",0,"210850",4,37,15,22,20,17,0,0,0,0,0,37,15,22,20,17,27,8.98002869089553,10.4062306001088,0.461081101655864,30
"1978","MA","Pindaré-Mirim",33065,7942.86,21008,"Pindaré",2,"Nordeste",0,"210850",5,49,14,35,32,17,0,0,0,0,0,49,14,35,32,17,44,8.98002869089553,10.4062306001088,0.511239348876599,31
"1979","MA","Pindaré-Mirim",33065,7942.86,21008,"Pindaré",2,"Nordeste",0,"210850",6,38,7,31,28,10,0,0,0,0,0,38,7,31,28,10,17,8.98002869089553,10.4062306001088,0.434222608204608,30
"1980","MA","Pindaré-Mirim",33065,7942.86,21008,"Pindaré",2,"Nordeste",0,"210850",7,50,15,35,30,20,0,0,0,0,0,50,15,35,30,20,9,8.98002869089553,10.4062306001088,0.440364765426805,29
"1981","MA","Pinheiro",83777,9970.68,21005,"Baixada Maranhense",2,"Nordeste",1,"210860",2,217,59,158,93,124,2,0,0,0,0,219,59,158,93,124,40,9.2074040652439,11.3359137857912,0.276905215014692,29
"1982","MA","Pinheiro",83777,9970.68,21005,"Baixada Maranhense",2,"Nordeste",1,"210860",3,243,46,197,100,143,1,0,0,0,0,244,46,197,100,143,39,9.2074040652439,11.3359137857912,0.355870474423264,31
"1983","MA","Pinheiro",83777,9970.68,21005,"Baixada Maranhense",2,"Nordeste",1,"210860",4,108,20,88,58,50,1,0,0,0,0,109,20,88,58,50,32,9.2074040652439,11.3359137857912,0.392281433335688,30
"1984","MA","Pinheiro",83777,9970.68,21005,"Baixada Maranhense",2,"Nordeste",1,"210860",5,103,30,73,54,49,3,0,0,0,0,106,30,73,54,49,102,9.2074040652439,11.3359137857912,0.437064289391685,31
"1985","MA","Pinheiro",83777,9970.68,21005,"Baixada Maranhense",2,"Nordeste",1,"210860",6,130,38,92,63,67,3,0,0,0,0,133,38,92,63,67,42,9.2074040652439,11.3359137857912,0.354396757037282,30
"1986","MA","Pinheiro",83777,9970.68,21005,"Baixada Maranhense",2,"Nordeste",1,"210860",7,126,25,101,59,67,1,0,0,0,0,127,25,101,59,67,40,9.2074040652439,11.3359137857912,0.370360135987722,29
"1987","MA","Pio XII",21379,7376.57,21010,"Médio Mearim",2,"Nordeste",0,"210870",2,46,19,27,26,20,1,0,0,0,0,47,19,27,26,20,7,8.90606403990793,9.97016441080041,0.275359281244705,29
"1988","MA","Pio XII",21379,7376.57,21010,"Médio Mearim",2,"Nordeste",0,"210870",3,57,24,33,37,20,0,0,0,0,0,57,24,33,37,20,14,8.90606403990793,9.97016441080041,0.365484804183237,31
"1989","MA","Pio XII",21379,7376.57,21010,"Médio Mearim",2,"Nordeste",0,"210870",4,27,10,17,18,9,1,0,0,0,0,28,10,17,18,9,12,8.90606403990793,9.97016441080041,0.400754619319486,30
"1990","MA","Pio XII",21379,7376.57,21010,"Médio Mearim",2,"Nordeste",0,"210870",5,18,11,7,10,8,0,0,0,0,0,18,11,7,10,8,14,8.90606403990793,9.97016441080041,0.446300425865108,31
"1991","MA","Pio XII",21379,7376.57,21010,"Médio Mearim",2,"Nordeste",0,"210870",6,19,9,10,11,8,0,0,0,0,0,19,9,10,11,8,10,8.90606403990793,9.97016441080041,0.392534218975327,30
"1992","MA","Pio XII",21379,7376.57,21010,"Médio Mearim",2,"Nordeste",0,"210870",7,36,14,22,21,15,0,0,0,0,0,36,14,22,21,15,16,8.90606403990793,9.97016441080041,0.386303305563687,29
"1993","MA","Pirapemas",18720,6289.57,21006,"Itapecuru Mirim",2,"Nordeste",0,"210880",2,42,26,16,26,16,1,0,0,0,0,43,26,16,26,16,8,8.74664798487754,9.83734775003158,0.301373320899253,29
"1994","MA","Pirapemas",18720,6289.57,21006,"Itapecuru Mirim",2,"Nordeste",0,"210880",3,31,11,20,21,10,0,0,0,0,0,31,11,20,21,10,5,8.74664798487754,9.83734775003158,0.432559637931343,31
"1995","MA","Pirapemas",18720,6289.57,21006,"Itapecuru Mirim",2,"Nordeste",0,"210880",4,22,9,13,12,10,1,0,0,0,0,23,9,13,12,10,9,8.74664798487754,9.83734775003158,0.43974840278179,30
"1996","MA","Pirapemas",18720,6289.57,21006,"Itapecuru Mirim",2,"Nordeste",0,"210880",5,19,4,15,12,7,0,0,0,0,0,19,4,15,12,7,8,8.74664798487754,9.83734775003158,0.4472594999835,31
"1997","MA","Pirapemas",18720,6289.57,21006,"Itapecuru Mirim",2,"Nordeste",0,"210880",6,20,7,13,10,10,0,0,0,0,0,20,7,13,10,10,13,8.74664798487754,9.83734775003158,0.375694775995003,30
"1998","MA","Pirapemas",18720,6289.57,21006,"Itapecuru Mirim",2,"Nordeste",0,"210880",7,24,12,12,14,10,0,0,0,0,0,24,12,12,14,10,8,8.74664798487754,9.83734775003158,0.397713605086512,29
"1999","MA","Poção de Pedras",17595,8212,21010,"Médio Mearim",2,"Nordeste",0,"210890",2,30,9,21,22,8,0,0,0,0,0,30,9,21,22,8,15,9.01335177813882,9.77537004975569,0.289100324819427,29
"2000","MA","Poção de Pedras",17595,8212,21010,"Médio Mearim",2,"Nordeste",0,"210890",3,27,11,16,11,16,0,0,0,0,0,27,11,16,11,16,12,9.01335177813882,9.77537004975569,0.403547156272839,31
"2001","MA","Poção de Pedras",17595,8212,21010,"Médio Mearim",2,"Nordeste",0,"210890",4,21,7,14,13,8,0,0,0,0,0,21,7,14,13,8,5,9.01335177813882,9.77537004975569,0.427505579702846,30
"2002","MA","Poção de Pedras",17595,8212,21010,"Médio Mearim",2,"Nordeste",0,"210890",5,13,4,9,6,7,0,0,0,0,0,13,4,9,6,7,7,9.01335177813882,9.77537004975569,0.449659401852692,31
"2003","MA","Poção de Pedras",17595,8212,21010,"Médio Mearim",2,"Nordeste",0,"210890",6,19,7,12,9,10,0,0,0,0,0,19,7,12,9,10,15,9.01335177813882,9.77537004975569,0.378731966315614,30
"2004","MA","Poção de Pedras",17595,8212,21010,"Médio Mearim",2,"Nordeste",0,"210890",7,15,7,8,4,11,0,0,0,0,0,15,7,8,4,11,17,9.01335177813882,9.77537004975569,0.423870753016329,29
"2005","MA","Porto Franco",24092,22240.43,21019,"Porto Franco",2,"Nordeste",1,"210900",2,59,14,45,28,31,0,0,0,0,0,59,14,45,28,31,14,10.00966708271,10.0896351141636,0.258575987796278,29
"2006","MA","Porto Franco",24092,22240.43,21019,"Porto Franco",2,"Nordeste",1,"210900",3,56,17,39,30,26,0,0,0,0,0,56,17,39,30,26,6,10.00966708271,10.0896351141636,0.34438814941311,31
"2007","MA","Porto Franco",24092,22240.43,21019,"Porto Franco",2,"Nordeste",1,"210900",4,20,5,15,10,10,0,0,0,0,0,20,5,15,10,10,10,10.00966708271,10.0896351141636,0.369996763089682,30
"2008","MA","Porto Franco",24092,22240.43,21019,"Porto Franco",2,"Nordeste",1,"210900",5,25,2,23,10,15,0,0,0,0,0,25,2,23,10,15,13,10.00966708271,10.0896351141636,0.382742375686715,31
"2009","MA","Porto Franco",24092,22240.43,21019,"Porto Franco",2,"Nordeste",1,"210900",6,36,6,30,22,14,0,0,0,0,0,36,6,30,22,14,17,10.00966708271,10.0896351141636,0.370653120503264,30
"2010","MA","Porto Franco",24092,22240.43,21019,"Porto Franco",2,"Nordeste",1,"210900",7,34,7,27,22,12,0,0,0,0,0,34,7,27,22,12,15,10.00966708271,10.0896351141636,0.389737121763599,29
"2011","MA","Presidente Dutra",48036,12362.73,21012,"Presidente Dutra",2,"Nordeste",1,"210910",2,107,27,80,48,59,1,0,0,0,0,108,27,80,48,59,19,9.42244158040907,10.7797060087806,0.271409248856997,29
"2012","MA","Presidente Dutra",48036,12362.73,21012,"Presidente Dutra",2,"Nordeste",1,"210910",3,97,21,76,43,54,0,0,0,0,0,97,21,76,43,54,19,9.42244158040907,10.7797060087806,0.358924841583696,31
"2013","MA","Presidente Dutra",48036,12362.73,21012,"Presidente Dutra",2,"Nordeste",1,"210910",4,49,12,37,24,25,0,0,0,0,0,49,12,37,24,25,20,9.42244158040907,10.7797060087806,0.372012268552965,30
"2014","MA","Presidente Dutra",48036,12362.73,21012,"Presidente Dutra",2,"Nordeste",1,"210910",5,60,13,47,31,29,0,0,0,0,0,60,13,47,31,29,40,9.42244158040907,10.7797060087806,0.402090573811492,31
"2015","MA","Presidente Dutra",48036,12362.73,21012,"Presidente Dutra",2,"Nordeste",1,"210910",6,52,17,35,29,23,1,0,0,0,0,53,17,35,29,23,42,9.42244158040907,10.7797060087806,0.342949269150676,30
"2016","MA","Presidente Dutra",48036,12362.73,21012,"Presidente Dutra",2,"Nordeste",1,"210910",7,72,25,47,33,39,0,0,0,0,0,72,25,47,33,39,40,9.42244158040907,10.7797060087806,0.365768810842287,29
"2017","MA","Raposa",31177,7838.23,21002,"Aglomeração Urbana de São Luís",2,"Nordeste",1,"210945",2,74,20,54,30,44,0,0,0,0,0,74,20,54,30,44,10,8.96676832254951,10.34743592246,0.298672389652848,29
"2018","MA","Raposa",31177,7838.23,21002,"Aglomeração Urbana de São Luís",2,"Nordeste",1,"210945",3,50,16,34,25,25,1,0,0,0,0,51,16,34,25,25,12,8.96676832254951,10.34743592246,0.401281583299018,31
"2019","MA","Raposa",31177,7838.23,21002,"Aglomeração Urbana de São Luís",2,"Nordeste",1,"210945",4,39,11,28,26,13,0,0,0,0,0,39,11,28,26,13,24,8.96676832254951,10.34743592246,0.46350539656418,30
"2020","MA","Raposa",31177,7838.23,21002,"Aglomeração Urbana de São Luís",2,"Nordeste",1,"210945",5,41,10,31,21,20,0,0,0,0,0,41,10,31,21,20,30,8.96676832254951,10.34743592246,0.461976504599635,31
"2021","MA","Raposa",31177,7838.23,21002,"Aglomeração Urbana de São Luís",2,"Nordeste",1,"210945",6,45,19,26,17,28,0,0,0,0,0,45,19,26,17,28,15,8.96676832254951,10.34743592246,0.373081788557365,30
"2022","MA","Raposa",31177,7838.23,21002,"Aglomeração Urbana de São Luís",2,"Nordeste",1,"210945",7,48,12,36,27,21,0,0,0,0,0,48,12,36,27,21,12,8.96676832254951,10.34743592246,0.36795829548895,29
"2023","MA","Riachão",20334,17440.2,21020,"Gerais de Balsas",2,"Nordeste",0,"210950",2,61,26,35,37,24,1,0,0,0,0,62,26,35,37,24,8,9.76653316528712,9.92004964083511,0.295470788597982,29
"2024","MA","Riachão",20334,17440.2,21020,"Gerais de Balsas",2,"Nordeste",0,"210950",3,49,23,26,27,22,0,0,0,0,0,49,23,26,27,22,15,9.76653316528712,9.92004964083511,0.377130618347075,31
"2025","MA","Riachão",20334,17440.2,21020,"Gerais de Balsas",2,"Nordeste",0,"210950",4,27,13,14,12,15,0,0,0,0,0,27,13,14,12,15,5,9.76653316528712,9.92004964083511,0.362585974086953,30
"2026","MA","Riachão",20334,17440.2,21020,"Gerais de Balsas",2,"Nordeste",0,"210950",5,27,16,11,21,6,0,0,0,0,0,27,16,11,21,6,13,9.76653316528712,9.92004964083511,0.403218723647018,31
"2027","MA","Riachão",20334,17440.2,21020,"Gerais de Balsas",2,"Nordeste",0,"210950",6,37,20,17,21,16,0,0,0,0,0,37,20,17,21,16,14,9.76653316528712,9.92004964083511,0.378179874588245,30
"2028","MA","Riachão",20334,17440.2,21020,"Gerais de Balsas",2,"Nordeste",0,"210950",7,31,12,19,18,13,0,0,0,0,0,31,12,19,18,13,12,9.76653316528712,9.92004964083511,0.415569243224254,29
"2029","MA","Rosário",42994,8426.98,21003,"Rosário",2,"Nordeste",1,"210960",2,79,18,61,46,33,0,0,0,0,0,79,18,61,46,33,29,9.0391937424457,10.6688158500561,0.283487259617629,29
"2030","MA","Rosário",42994,8426.98,21003,"Rosário",2,"Nordeste",1,"210960",3,59,17,42,29,30,2,0,0,0,0,61,17,42,29,30,28,9.0391937424457,10.6688158500561,0.378012251763324,31
"2031","MA","Rosário",42994,8426.98,21003,"Rosário",2,"Nordeste",1,"210960",4,42,13,29,20,22,0,0,0,0,0,42,13,29,20,22,22,9.0391937424457,10.6688158500561,0.403894740496736,30
"2032","MA","Rosário",42994,8426.98,21003,"Rosário",2,"Nordeste",1,"210960",5,29,9,20,15,14,1,0,0,0,0,30,9,20,15,14,49,9.0391937424457,10.6688158500561,0.40622617061709,31
"2033","MA","Rosário",42994,8426.98,21003,"Rosário",2,"Nordeste",1,"210960",6,29,7,22,14,15,1,0,0,0,0,30,7,22,14,15,26,9.0391937424457,10.6688158500561,0.344775302550659,30
"2034","MA","Rosário",42994,8426.98,21003,"Rosário",2,"Nordeste",1,"210960",7,25,11,14,12,13,0,0,0,0,0,25,11,14,12,13,18,9.0391937424457,10.6688158500561,0.360182911845309,29
"2035","MA","Santa Helena",42483,6862.82,21005,"Baixada Maranhense",2,"Nordeste",1,"210980",2,56,19,37,27,29,0,0,0,0,0,56,19,37,27,29,10,8.83387371496742,10.6568592748912,0.296877760560799,29
"2036","MA","Santa Helena",42483,6862.82,21005,"Baixada Maranhense",2,"Nordeste",1,"210980",3,58,20,38,36,22,1,0,0,0,0,59,20,38,36,22,11,8.83387371496742,10.6568592748912,0.39364460392298,31
"2037","MA","Santa Helena",42483,6862.82,21005,"Baixada Maranhense",2,"Nordeste",1,"210980",4,36,14,22,23,13,0,0,0,0,0,36,14,22,23,13,16,8.83387371496742,10.6568592748912,0.434290438090218,30
"2038","MA","Santa Helena",42483,6862.82,21005,"Baixada Maranhense",2,"Nordeste",1,"210980",5,45,14,31,27,18,0,0,0,0,0,45,14,31,27,18,35,8.83387371496742,10.6568592748912,0.481025010449371,31
"2039","MA","Santa Helena",42483,6862.82,21005,"Baixada Maranhense",2,"Nordeste",1,"210980",6,39,10,29,27,12,0,0,0,0,0,39,10,29,27,12,15,8.83387371496742,10.6568592748912,0.382259415512571,30
"2040","MA","Santa Helena",42483,6862.82,21005,"Baixada Maranhense",2,"Nordeste",1,"210980",7,48,20,28,29,19,0,0,0,0,0,48,20,28,29,19,12,8.83387371496742,10.6568592748912,0.40193416773967,29
"2041","MA","Santa Inês",89489,14593.34,21008,"Pindaré",2,"Nordeste",1,"210990",2,235,73,162,122,113,2,0,0,0,0,237,73,162,122,113,43,9.58832053923824,11.4018709916816,0.306129055134721,29
"2042","MA","Santa Inês",89489,14593.34,21008,"Pindaré",2,"Nordeste",1,"210990",3,214,63,151,106,108,2,0,0,0,0,216,63,151,106,108,46,9.58832053923824,11.4018709916816,0.390528263819367,31
"2043","MA","Santa Inês",89489,14593.34,21008,"Pindaré",2,"Nordeste",1,"210990",4,144,39,105,79,65,3,0,0,0,0,147,39,105,79,65,54,9.58832053923824,11.4018709916816,0.431949514693913,30
"2044","MA","Santa Inês",89489,14593.34,21008,"Pindaré",2,"Nordeste",1,"210990",5,111,26,85,63,48,2,0,0,0,0,113,26,85,63,48,123,9.58832053923824,11.4018709916816,0.456918625407809,31
"2045","MA","Santa Inês",89489,14593.34,21008,"Pindaré",2,"Nordeste",1,"210990",6,138,38,100,80,58,2,0,0,0,0,140,38,100,80,58,78,9.58832053923824,11.4018709916816,0.39106318735391,30
"2046","MA","Santa Inês",89489,14593.34,21008,"Pindaré",2,"Nordeste",1,"210990",7,100,24,76,57,43,2,0,0,0,0,102,24,76,57,43,59,9.58832053923824,11.4018709916816,0.403567070154348,29
"2047","MA","Santa Luzia",72887,7867.14,21008,"Pindaré",2,"Nordeste",0,"211000",2,159,70,89,94,65,0,0,0,0,0,159,70,89,94,65,32,8.97044987002701,11.1966655756201,0.311789982232337,29
"2048","MA","Santa Luzia",72887,7867.14,21008,"Pindaré",2,"Nordeste",0,"211000",3,133,48,85,80,53,0,0,0,0,0,133,48,85,80,53,33,8.97044987002701,11.1966655756201,0.400115141229984,31
"2049","MA","Santa Luzia",72887,7867.14,21008,"Pindaré",2,"Nordeste",0,"211000",4,83,29,54,57,26,3,0,0,0,0,86,29,54,57,26,33,8.97044987002701,11.1966655756201,0.414949881174371,30
"2050","MA","Santa Luzia",72887,7867.14,21008,"Pindaré",2,"Nordeste",0,"211000",5,67,32,35,44,23,0,0,0,0,0,67,32,35,44,23,44,8.97044987002701,11.1966655756201,0.442865513399004,31
"2051","MA","Santa Luzia",72887,7867.14,21008,"Pindaré",2,"Nordeste",0,"211000",6,76,32,44,46,30,0,0,0,0,0,76,32,44,46,30,56,8.97044987002701,11.1966655756201,0.430226201026847,30
"2052","MA","Santa Luzia",72887,7867.14,21008,"Pindaré",2,"Nordeste",0,"211000",7,85,29,56,56,29,3,0,0,0,0,88,29,56,56,29,36,8.97044987002701,11.1966655756201,0.458711564391801,29
"2053","MA","Santa Luzia do Paruá",25371,8526.12,21008,"Pindaré",2,"Nordeste",0,"211003",2,42,12,30,20,22,1,0,0,0,0,43,12,30,20,22,7,9.05088967182147,10.1413620684503,0.277458593104405,29
"2054","MA","Santa Luzia do Paruá",25371,8526.12,21008,"Pindaré",2,"Nordeste",0,"211003",3,33,9,24,15,18,0,0,0,0,0,33,9,24,15,18,11,9.05088967182147,10.1413620684503,0.345336920973271,31
"2055","MA","Santa Luzia do Paruá",25371,8526.12,21008,"Pindaré",2,"Nordeste",0,"211003",4,8,2,6,5,3,0,0,0,0,0,8,2,6,5,3,4,9.05088967182147,10.1413620684503,0.371089223479142,30
"2056","MA","Santa Luzia do Paruá",25371,8526.12,21008,"Pindaré",2,"Nordeste",0,"211003",5,10,6,4,4,6,1,0,0,0,0,11,6,4,4,6,12,9.05088967182147,10.1413620684503,0.397149561081236,31
"2057","MA","Santa Luzia do Paruá",25371,8526.12,21008,"Pindaré",2,"Nordeste",0,"211003",6,5,0,5,2,3,1,0,0,0,0,6,0,5,2,3,25,9.05088967182147,10.1413620684503,0.346820790871435,30
"2058","MA","Santa Luzia do Paruá",25371,8526.12,21008,"Pindaré",2,"Nordeste",0,"211003",7,10,2,8,4,6,0,0,0,0,0,10,2,8,4,6,10,9.05088967182147,10.1413620684503,0.369599963106639,29
"2059","MA","Santa Quitéria do Maranhão",25764,7256.54,21013,"Baixo Parnaíba Maranhense",2,"Nordeste",0,"211010",2,62,23,39,39,23,1,0,0,0,0,63,23,39,39,23,6,8.88965841019454,10.1567334476668,0.311742451281552,29
"2060","MA","Santa Quitéria do Maranhão",25764,7256.54,21013,"Baixo Parnaíba Maranhense",2,"Nordeste",0,"211010",3,36,10,26,23,13,1,0,0,0,0,37,10,26,23,13,16,8.88965841019454,10.1567334476668,0.42358701665908,31
"2061","MA","Santa Quitéria do Maranhão",25764,7256.54,21013,"Baixo Parnaíba Maranhense",2,"Nordeste",0,"211010",4,28,13,15,17,11,0,0,0,0,0,28,13,15,17,11,15,8.88965841019454,10.1567334476668,0.46113563265503,30
"2062","MA","Santa Quitéria do Maranhão",25764,7256.54,21013,"Baixo Parnaíba Maranhense",2,"Nordeste",0,"211010",5,31,10,21,18,13,1,0,0,0,0,32,10,21,18,13,20,8.88965841019454,10.1567334476668,0.543355309047256,31
"2063","MA","Santa Quitéria do Maranhão",25764,7256.54,21013,"Baixo Parnaíba Maranhense",2,"Nordeste",0,"211010",6,32,15,17,21,11,1,0,0,0,0,33,15,17,21,11,22,8.88965841019454,10.1567334476668,0.461068775067812,30
"2064","MA","Santa Quitéria do Maranhão",25764,7256.54,21013,"Baixo Parnaíba Maranhense",2,"Nordeste",0,"211010",7,39,19,20,19,20,0,0,0,0,0,39,19,20,19,20,11,8.88965841019454,10.1567334476668,0.474071276908202,29
"2065","MA","Santa Rita",38298,7226.98,21003,"Rosário",2,"Nordeste",0,"211020",2,84,24,60,48,36,0,0,0,0,0,84,24,60,48,36,14,8.88557652387912,10.5531529544841,0.276476554795219,29
"2066","MA","Santa Rita",38298,7226.98,21003,"Rosário",2,"Nordeste",0,"211020",3,84,29,55,43,41,2,0,0,0,0,86,29,55,43,41,8,8.88557652387912,10.5531529544841,0.355599640967436,31
"2067","MA","Santa Rita",38298,7226.98,21003,"Rosário",2,"Nordeste",0,"211020",4,46,20,26,24,22,0,0,0,0,0,46,20,26,24,22,12,8.88557652387912,10.5531529544841,0.398156070955418,30
"2068","MA","Santa Rita",38298,7226.98,21003,"Rosário",2,"Nordeste",0,"211020",5,45,19,26,28,17,0,0,0,0,0,45,19,26,28,17,33,8.88557652387912,10.5531529544841,0.411727479057668,31
"2069","MA","Santa Rita",38298,7226.98,21003,"Rosário",2,"Nordeste",0,"211020",6,45,13,32,18,27,0,0,0,0,0,45,13,32,18,27,15,8.88557652387912,10.5531529544841,0.354703042364778,30
"2070","MA","Santa Rita",38298,7226.98,21003,"Rosário",2,"Nordeste",0,"211020",7,56,17,39,35,21,0,0,0,0,0,56,17,39,35,21,17,8.88557652387912,10.5531529544841,0.366817363123473,29
"2071","MA","Santo Antônio dos Lopes",14522,131703.11,21010,"Médio Mearim",2,"Nordeste",0,"211030",2,32,7,25,15,17,1,0,0,0,0,33,7,25,15,17,12,11.7883055017274,9.58342001994019,0.272885151945669,29
"2072","MA","Santo Antônio dos Lopes",14522,131703.11,21010,"Médio Mearim",2,"Nordeste",0,"211030",3,43,8,35,19,24,0,0,0,0,0,43,8,35,19,24,7,11.7883055017274,9.58342001994019,0.369801401787135,31
"2073","MA","Santo Antônio dos Lopes",14522,131703.11,21010,"Médio Mearim",2,"Nordeste",0,"211030",4,14,5,9,8,6,0,0,0,0,0,14,5,9,8,6,5,11.7883055017274,9.58342001994019,0.385750100207391,30
"2074","MA","Santo Antônio dos Lopes",14522,131703.11,21010,"Médio Mearim",2,"Nordeste",0,"211030",5,18,5,13,8,10,0,0,0,0,0,18,5,13,8,10,15,11.7883055017274,9.58342001994019,0.448931888322235,31
"2075","MA","Santo Antônio dos Lopes",14522,131703.11,21010,"Médio Mearim",2,"Nordeste",0,"211030",6,21,8,13,13,8,0,0,0,0,0,21,8,13,13,8,11,11.7883055017274,9.58342001994019,0.371491750213523,30
"2076","MA","Santo Antônio dos Lopes",14522,131703.11,21010,"Médio Mearim",2,"Nordeste",0,"211030",7,35,5,30,13,22,0,0,0,0,0,35,5,30,13,22,9,11.7883055017274,9.58342001994019,0.381645242826119,29
"2077","MA","São Benedito do Rio Preto",18717,6366.23,21014,"Chapadinha",2,"Nordeste",0,"211040",2,50,24,26,31,19,0,0,0,0,0,50,24,26,31,19,10,8.75876273662702,9.8371874807789,0.290213162703649,29
"2078","MA","São Benedito do Rio Preto",18717,6366.23,21014,"Chapadinha",2,"Nordeste",0,"211040",3,33,17,16,18,15,0,0,0,0,0,33,17,16,18,15,6,8.75876273662702,9.8371874807789,0.383721039373691,31
"2079","MA","São Benedito do Rio Preto",18717,6366.23,21014,"Chapadinha",2,"Nordeste",0,"211040",4,27,11,16,18,9,0,0,0,0,0,27,11,16,18,9,8,8.75876273662702,9.8371874807789,0.413693111215833,30
"2080","MA","São Benedito do Rio Preto",18717,6366.23,21014,"Chapadinha",2,"Nordeste",0,"211040",5,20,9,11,14,6,1,0,0,0,0,21,9,11,14,6,8,8.75876273662702,9.8371874807789,0.432036120346288,31
"2081","MA","São Benedito do Rio Preto",18717,6366.23,21014,"Chapadinha",2,"Nordeste",0,"211040",6,21,8,13,12,9,0,0,0,0,0,21,8,13,12,9,14,8.75876273662702,9.8371874807789,0.418690026585157,30
"2082","MA","São Benedito do Rio Preto",18717,6366.23,21014,"Chapadinha",2,"Nordeste",0,"211040",7,39,20,19,19,20,0,0,0,0,0,39,20,19,19,20,12,8.75876273662702,9.8371874807789,0.407167422117476,29
"2083","MA","São Bento",45604,6118.81,21005,"Baixada Maranhense",2,"Nordeste",0,"211050",2,68,14,54,37,31,0,0,0,0,0,68,14,54,37,31,7,8.71912291215516,10.7277507109536,0.276698920832715,29
"2084","MA","São Bento",45604,6118.81,21005,"Baixada Maranhense",2,"Nordeste",0,"211050",3,68,23,45,38,30,1,0,0,0,0,69,23,45,38,30,17,8.71912291215516,10.7277507109536,0.344395340125032,31
"2085","MA","São Bento",45604,6118.81,21005,"Baixada Maranhense",2,"Nordeste",0,"211050",4,39,19,20,23,16,0,0,0,0,0,39,19,20,23,16,10,8.71912291215516,10.7277507109536,0.411829484192065,30
"2086","MA","São Bento",45604,6118.81,21005,"Baixada Maranhense",2,"Nordeste",0,"211050",5,31,10,21,14,17,2,0,0,0,0,33,10,21,14,17,21,8.71912291215516,10.7277507109536,0.459336709894081,31
"2087","MA","São Bento",45604,6118.81,21005,"Baixada Maranhense",2,"Nordeste",0,"211050",6,26,6,20,16,10,0,0,0,0,0,26,6,20,16,10,11,8.71912291215516,10.7277507109536,0.377511122847197,30
"2088","MA","São Bento",45604,6118.81,21005,"Baixada Maranhense",2,"Nordeste",0,"211050",7,29,10,19,20,9,1,0,0,0,0,30,10,19,20,9,16,8.71912291215516,10.7277507109536,0.368805648745277,29
"2089","MA","São Bernardo",28667,8975.53,21013,"Baixo Parnaíba Maranhense",2,"Nordeste",0,"211060",2,57,17,40,31,26,0,0,0,0,0,57,17,40,31,26,3,9.10225726453772,10.2635019144069,0.258331049679257,29
"2090","MA","São Bernardo",28667,8975.53,21013,"Baixo Parnaíba Maranhense",2,"Nordeste",0,"211060",3,54,16,38,29,25,1,0,0,0,0,55,16,38,29,25,9,9.10225726453772,10.2635019144069,0.358012137526107,31
"2091","MA","São Bernardo",28667,8975.53,21013,"Baixo Parnaíba Maranhense",2,"Nordeste",0,"211060",4,30,12,18,9,21,0,0,0,0,0,30,12,18,9,21,6,9.10225726453772,10.2635019144069,0.390860110318394,30
"2092","MA","São Bernardo",28667,8975.53,21013,"Baixo Parnaíba Maranhense",2,"Nordeste",0,"211060",5,24,10,14,10,14,0,0,0,0,0,24,10,14,10,14,13,9.10225726453772,10.2635019144069,0.461840873570013,31
"2093","MA","São Bernardo",28667,8975.53,21013,"Baixo Parnaíba Maranhense",2,"Nordeste",0,"211060",6,25,8,17,10,15,0,0,0,0,0,25,8,17,10,15,19,9.10225726453772,10.2635019144069,0.439215376666276,30
"2094","MA","São Bernardo",28667,8975.53,21013,"Baixo Parnaíba Maranhense",2,"Nordeste",0,"211060",7,37,10,27,16,21,1,0,0,0,0,38,10,27,16,21,13,9.10225726453772,10.2635019144069,0.453839982319466,29
"2095","MA","São Domingos do Maranhão",34384,8465.37,21012,"Presidente Dutra",2,"Nordeste",0,"211070",2,99,32,67,57,42,0,0,0,0,0,99,32,67,57,42,17,9.04373900300362,10.4453466188823,0.294708277896716,29
"2096","MA","São Domingos do Maranhão",34384,8465.37,21012,"Presidente Dutra",2,"Nordeste",0,"211070",3,82,29,53,41,41,0,0,0,0,0,82,29,53,41,41,25,9.04373900300362,10.4453466188823,0.381200021869972,31
"2097","MA","São Domingos do Maranhão",34384,8465.37,21012,"Presidente Dutra",2,"Nordeste",0,"211070",4,44,15,29,27,17,0,0,0,0,0,44,15,29,27,17,12,9.04373900300362,10.4453466188823,0.387644541848211,30
"2098","MA","São Domingos do Maranhão",34384,8465.37,21012,"Presidente Dutra",2,"Nordeste",0,"211070",5,53,20,33,31,22,0,0,0,0,0,53,20,33,31,22,27,9.04373900300362,10.4453466188823,0.424985697930062,31
"2099","MA","São Domingos do Maranhão",34384,8465.37,21012,"Presidente Dutra",2,"Nordeste",0,"211070",6,53,19,34,27,26,2,0,0,0,0,55,19,34,27,26,24,9.04373900300362,10.4453466188823,0.362101973702315,30
"2100","MA","São Domingos do Maranhão",34384,8465.37,21012,"Presidente Dutra",2,"Nordeste",0,"211070",7,59,21,38,35,24,1,0,0,0,0,60,21,38,35,24,30,9.04373900300362,10.4453466188823,0.391380323889352,29
"2101","MA","São João do Soter",18645,5536.58,21017,"Caxias",2,"Nordeste",0,"211107",2,41,13,28,25,16,0,0,0,0,0,41,13,28,25,16,6,8.61913226059577,9.83333329261292,0.31673355785954,29
"2102","MA","São João do Soter",18645,5536.58,21017,"Caxias",2,"Nordeste",0,"211107",3,22,13,9,16,6,1,0,0,0,0,23,13,9,16,6,5,8.61913226059577,9.83333329261292,0.388849104134958,31
"2103","MA","São João do Soter",18645,5536.58,21017,"Caxias",2,"Nordeste",0,"211107",4,15,9,6,8,7,1,0,0,0,0,16,9,6,8,7,7,8.61913226059577,9.83333329261292,0.397127226938097,30
"2104","MA","São João do Soter",18645,5536.58,21017,"Caxias",2,"Nordeste",0,"211107",5,21,6,15,15,6,0,0,0,0,0,21,6,15,15,6,14,8.61913226059577,9.83333329261292,0.412654843875761,31
"2105","MA","São João do Soter",18645,5536.58,21017,"Caxias",2,"Nordeste",0,"211107",6,17,8,9,11,6,0,0,0,0,0,17,8,9,11,6,7,8.61913226059577,9.83333329261292,0.427435228855771,30
"2106","MA","São João do Soter",18645,5536.58,21017,"Caxias",2,"Nordeste",0,"211107",7,24,12,12,19,5,0,0,0,0,0,24,12,12,19,5,12,8.61913226059577,9.83333329261292,0.442922419142756,29
"2107","MA","São João dos Patos",25996,10324.86,21018,"Chapadas do Alto Itapecuru",2,"Nordeste",1,"211110",2,53,24,29,29,24,0,0,0,0,0,53,24,29,29,24,14,9.24230985841527,10.1656979590142,0.258406173348064,29
"2108","MA","São João dos Patos",25996,10324.86,21018,"Chapadas do Alto Itapecuru",2,"Nordeste",1,"211110",3,50,12,38,24,26,0,0,0,0,0,50,12,38,24,26,19,9.24230985841527,10.1656979590142,0.35033320457742,31
"2109","MA","São João dos Patos",25996,10324.86,21018,"Chapadas do Alto Itapecuru",2,"Nordeste",1,"211110",4,27,11,16,17,10,0,0,0,0,0,27,11,16,17,10,14,9.24230985841527,10.1656979590142,0.399586756025136,30
"2110","MA","São João dos Patos",25996,10324.86,21018,"Chapadas do Alto Itapecuru",2,"Nordeste",1,"211110",5,25,7,18,12,13,0,0,0,0,0,25,7,18,12,13,19,9.24230985841527,10.1656979590142,0.392843002307114,31
"2111","MA","São João dos Patos",25996,10324.86,21018,"Chapadas do Alto Itapecuru",2,"Nordeste",1,"211110",6,42,18,24,24,18,0,0,0,0,0,42,18,24,24,18,20,9.24230985841527,10.1656979590142,0.362829248129457,30
"2112","MA","São João dos Patos",25996,10324.86,21018,"Chapadas do Alto Itapecuru",2,"Nordeste",1,"211110",7,31,14,17,13,18,0,0,0,0,0,31,14,17,13,18,24,9.24230985841527,10.1656979590142,0.38556187617475,29
"2113","MA","São José de Ribamar",179028,12366.97,21002,"Aglomeração Urbana de São Luís",2,"Nordeste",1,"211120",2,522,98,424,217,305,0,0,0,0,0,522,98,424,217,305,88,9.42278448792849,12.0952974971708,0.292528470976765,29
"2114","MA","São José de Ribamar",179028,12366.97,21002,"Aglomeração Urbana de São Luís",2,"Nordeste",1,"211120",3,359,52,307,144,215,1,0,0,0,0,360,52,307,144,215,116,9.42278448792849,12.0952974971708,0.392031187780465,31
"2115","MA","São José de Ribamar",179028,12366.97,21002,"Aglomeração Urbana de São Luís",2,"Nordeste",1,"211120",4,246,45,201,107,139,3,0,0,0,0,249,45,201,107,139,152,9.42278448792849,12.0952974971708,0.468761649088927,30
"2116","MA","São José de Ribamar",179028,12366.97,21002,"Aglomeração Urbana de São Luís",2,"Nordeste",1,"211120",5,272,55,217,113,159,3,0,0,0,0,275,55,217,113,159,226,9.42278448792849,12.0952974971708,0.471342764893992,31
"2117","MA","São José de Ribamar",179028,12366.97,21002,"Aglomeração Urbana de São Luís",2,"Nordeste",1,"211120",6,283,51,232,121,162,5,0,0,0,0,288,51,232,121,162,103,9.42278448792849,12.0952974971708,0.377710935846588,30
"2118","MA","São José de Ribamar",179028,12366.97,21002,"Aglomeração Urbana de São Luís",2,"Nordeste",1,"211120",7,280,50,230,110,170,4,0,0,0,0,284,50,230,110,170,73,9.42278448792849,12.0952974971708,0.375386761838773,29
"2119","MA","São Luís",1108975,30699.57,21002,"Aglomeração Urbana de São Luís",2,"Nordeste",1,"211130",2,2352,347,2005,895,1457,12,0,0,0,0,2364,347,2005,895,1457,463,10.3320039269625,13.918946723247,0.299085779268054,29
"2120","MA","São Luís",1108975,30699.57,21002,"Aglomeração Urbana de São Luís",2,"Nordeste",1,"211130",3,2167,290,1877,782,1385,7,0,0,0,0,2174,290,1877,782,1385,554,10.3320039269625,13.918946723247,0.400947433217733,31
"2121","MA","São Luís",1108975,30699.57,21002,"Aglomeração Urbana de São Luís",2,"Nordeste",1,"211130",4,1088,191,897,423,665,6,0,0,0,0,1094,191,897,423,665,1163,10.3320039269625,13.918946723247,0.488882277799385,30
"2122","MA","São Luís",1108975,30699.57,21002,"Aglomeração Urbana de São Luís",2,"Nordeste",1,"211130",5,1144,191,953,401,743,6,0,0,0,0,1150,191,953,401,743,1398,10.3320039269625,13.918946723247,0.484594197044201,31
"2123","MA","São Luís",1108975,30699.57,21002,"Aglomeração Urbana de São Luís",2,"Nordeste",1,"211130",6,1298,200,1098,482,816,10,0,0,0,0,1308,200,1098,482,816,520,10.3320039269625,13.918946723247,0.388506505141208,30
"2124","MA","São Luís",1108975,30699.57,21002,"Aglomeração Urbana de São Luís",2,"Nordeste",1,"211130",7,1222,176,1046,448,774,13,0,0,0,0,1235,176,1046,448,774,449,10.3320039269625,13.918946723247,0.386000914127306,29
"2125","MA","São Luís Gonzaga do Maranhão",18727,7278.09,21010,"Médio Mearim",2,"Nordeste",0,"211140",2,39,19,20,23,16,0,0,0,0,0,39,19,20,23,16,4,8.89262374413027,9.83772161176051,0.265202173778586,29
"2126","MA","São Luís Gonzaga do Maranhão",18727,7278.09,21010,"Médio Mearim",2,"Nordeste",0,"211140",3,36,10,26,19,17,0,0,0,0,0,36,10,26,19,17,3,8.89262374413027,9.83772161176051,0.352321143791089,31
"2127","MA","São Luís Gonzaga do Maranhão",18727,7278.09,21010,"Médio Mearim",2,"Nordeste",0,"211140",4,23,7,16,12,11,1,0,0,0,0,24,7,16,12,11,12,8.89262374413027,9.83772161176051,0.399344457172966,30
"2128","MA","São Luís Gonzaga do Maranhão",18727,7278.09,21010,"Médio Mearim",2,"Nordeste",0,"211140",5,20,2,18,10,10,1,0,0,0,0,21,2,18,10,10,15,8.89262374413027,9.83772161176051,0.465959346001734,31
"2129","MA","São Luís Gonzaga do Maranhão",18727,7278.09,21010,"Médio Mearim",2,"Nordeste",0,"211140",6,17,4,13,14,3,0,0,0,0,0,17,4,13,14,3,14,8.89262374413027,9.83772161176051,0.415235323579302,30
"2130","MA","São Luís Gonzaga do Maranhão",18727,7278.09,21010,"Médio Mearim",2,"Nordeste",0,"211140",7,22,12,10,12,10,0,0,0,0,0,22,12,10,12,10,11,8.89262374413027,9.83772161176051,0.433305474121159,29
"2131","MA","São Mateus do Maranhão",41579,8333.39,21010,"Médio Mearim",2,"Nordeste",1,"211150",2,100,30,70,53,47,1,0,0,0,0,101,30,70,53,47,19,9.02802561515911,10.6353505110987,0.289795678993896,29
"2132","MA","São Mateus do Maranhão",41579,8333.39,21010,"Médio Mearim",2,"Nordeste",1,"211150",3,83,31,52,46,37,1,0,0,0,0,84,31,52,46,37,23,9.02802561515911,10.6353505110987,0.385845998266992,31
"2133","MA","São Mateus do Maranhão",41579,8333.39,21010,"Médio Mearim",2,"Nordeste",1,"211150",4,53,18,35,33,20,0,0,0,0,0,53,18,35,33,20,12,9.02802561515911,10.6353505110987,0.391098125976226,30
"2134","MA","São Mateus do Maranhão",41579,8333.39,21010,"Médio Mearim",2,"Nordeste",1,"211150",5,39,17,22,24,15,0,0,0,0,0,39,17,22,24,15,49,9.02802561515911,10.6353505110987,0.438019190703644,31
"2135","MA","São Mateus do Maranhão",41579,8333.39,21010,"Médio Mearim",2,"Nordeste",1,"211150",6,47,19,28,23,24,3,0,0,0,0,50,19,28,23,24,32,9.02802561515911,10.6353505110987,0.383452300171546,30
"2136","MA","São Mateus do Maranhão",41579,8333.39,21010,"Médio Mearim",2,"Nordeste",1,"211150",7,49,21,28,23,26,1,0,0,0,0,50,21,28,23,26,29,9.02802561515911,10.6353505110987,0.397303324672633,29
"2137","MA","São Raimundo das Mangabeiras",18980,22251.85,21021,"Chapadas das Mangabeiras",2,"Nordeste",0,"211160",2,51,20,31,26,25,0,0,0,0,0,51,20,31,26,25,12,10.0101804302054,9.85114107216392,0.280882309782591,29
"2138","MA","São Raimundo das Mangabeiras",18980,22251.85,21021,"Chapadas das Mangabeiras",2,"Nordeste",0,"211160",3,34,9,25,16,18,0,0,0,0,0,34,9,25,16,18,16,10.0101804302054,9.85114107216392,0.343356755488424,31
"2139","MA","São Raimundo das Mangabeiras",18980,22251.85,21021,"Chapadas das Mangabeiras",2,"Nordeste",0,"211160",4,33,10,23,16,17,2,0,0,0,0,35,10,23,16,17,11,10.0101804302054,9.85114107216392,0.354898064186661,30
"2140","MA","São Raimundo das Mangabeiras",18980,22251.85,21021,"Chapadas das Mangabeiras",2,"Nordeste",0,"211160",5,20,5,15,14,6,0,0,0,0,0,20,5,15,14,6,6,10.0101804302054,9.85114107216392,0.351733250463846,31
"2141","MA","São Raimundo das Mangabeiras",18980,22251.85,21021,"Chapadas das Mangabeiras",2,"Nordeste",0,"211160",6,29,8,21,17,12,0,0,0,0,0,29,8,21,17,12,18,10.0101804302054,9.85114107216392,0.343615777149462,30
"2142","MA","São Raimundo das Mangabeiras",18980,22251.85,21021,"Chapadas das Mangabeiras",2,"Nordeste",0,"211160",7,25,8,17,9,16,0,0,0,0,0,25,8,17,9,16,15,10.0101804302054,9.85114107216392,0.408129878163766,29
"2143","MA","São Vicente Ferrer",22350,6201.44,21005,"Baixada Maranhense",2,"Nordeste",0,"211170",2,34,7,27,18,16,0,0,0,0,0,34,7,27,18,16,3,8.73253680212997,10.0145816000417,0.301040857759073,29
"2144","MA","São Vicente Ferrer",22350,6201.44,21005,"Baixada Maranhense",2,"Nordeste",0,"211170",3,42,13,29,17,25,1,0,0,0,0,43,13,29,17,25,11,8.73253680212997,10.0145816000417,0.364660995929086,31
"2145","MA","São Vicente Ferrer",22350,6201.44,21005,"Baixada Maranhense",2,"Nordeste",0,"211170",4,16,3,13,10,6,1,0,0,0,0,17,3,13,10,6,8,8.73253680212997,10.0145816000417,0.390993194910276,30
"2146","MA","São Vicente Ferrer",22350,6201.44,21005,"Baixada Maranhense",2,"Nordeste",0,"211170",5,18,6,12,12,6,0,0,0,0,0,18,6,12,12,6,12,8.73253680212997,10.0145816000417,0.429548873893425,31
"2147","MA","São Vicente Ferrer",22350,6201.44,21005,"Baixada Maranhense",2,"Nordeste",0,"211170",6,24,10,14,12,12,0,0,0,0,0,24,10,14,12,12,5,8.73253680212997,10.0145816000417,0.394548724267052,30
"2148","MA","São Vicente Ferrer",22350,6201.44,21005,"Baixada Maranhense",2,"Nordeste",0,"211170",7,28,5,23,16,12,0,0,0,0,0,28,5,23,16,12,6,8.73253680212997,10.0145816000417,0.415926451393648,29
"2149","MA","Senador La Rocque",14050,10120.64,21009,"Imperatriz",2,"Nordeste",0,"211176",2,7,1,6,2,5,0,0,0,0,0,7,1,6,2,5,7,9.22233218194854,9.55037767476189,0.326035570114315,29
"2150","MA","Senador La Rocque",14050,10120.64,21009,"Imperatriz",2,"Nordeste",0,"211176",3,5,0,5,3,2,0,0,0,0,0,5,0,5,3,2,6,9.22233218194854,9.55037767476189,0.422090160895004,31
"2151","MA","Senador La Rocque",14050,10120.64,21009,"Imperatriz",2,"Nordeste",0,"211176",4,3,0,3,1,2,0,0,0,0,0,3,0,3,1,2,13,9.22233218194854,9.55037767476189,0.456374681190773,30
"2152","MA","Senador La Rocque",14050,10120.64,21009,"Imperatriz",2,"Nordeste",0,"211176",5,3,0,3,0,3,0,0,0,0,0,3,0,3,0,3,22,9.22233218194854,9.55037767476189,0.464379611970563,31
"2153","MA","Senador La Rocque",14050,10120.64,21009,"Imperatriz",2,"Nordeste",0,"211176",6,2,0,2,0,2,0,0,0,0,0,2,0,2,0,2,8,9.22233218194854,9.55037767476189,0.394018334103145,30
"2154","MA","Senador La Rocque",14050,10120.64,21009,"Imperatriz",2,"Nordeste",0,"211176",7,7,1,6,1,6,1,0,0,0,0,8,1,6,1,6,7,9.22233218194854,9.55037767476189,0.397418025027268,29
"2155","MA","Sítio Novo",18160,8476.85,21011,"Alto Mearim e Grajaú",2,"Nordeste",0,"211180",2,21,10,11,11,10,0,0,0,0,0,21,10,11,11,10,8,9.0450941975126,9.80697665215529,0.300183061740373,29
"2156","MA","Sítio Novo",18160,8476.85,21011,"Alto Mearim e Grajaú",2,"Nordeste",0,"211180",3,33,14,19,22,11,1,0,0,0,0,34,14,19,22,11,8,9.0450941975126,9.80697665215529,0.376442294475863,31
"2157","MA","Sítio Novo",18160,8476.85,21011,"Alto Mearim e Grajaú",2,"Nordeste",0,"211180",4,17,7,10,6,11,1,0,0,0,0,18,7,10,6,11,4,9.0450941975126,9.80697665215529,0.410192259436005,30
"2158","MA","Sítio Novo",18160,8476.85,21011,"Alto Mearim e Grajaú",2,"Nordeste",0,"211180",5,16,5,11,8,8,0,0,0,0,0,16,5,11,8,8,5,9.0450941975126,9.80697665215529,0.473602479256601,31
"2159","MA","Sítio Novo",18160,8476.85,21011,"Alto Mearim e Grajaú",2,"Nordeste",0,"211180",6,16,7,9,7,9,0,0,0,0,0,16,7,9,7,9,12,9.0450941975126,9.80697665215529,0.400897219078325,30
"2160","MA","Sítio Novo",18160,8476.85,21011,"Alto Mearim e Grajaú",2,"Nordeste",0,"211180",7,21,4,17,15,6,0,0,0,0,0,21,4,17,15,6,7,9.0450941975126,9.80697665215529,0.421021906593642,29
"2161","MA","Timbiras",29183,5776.82,21015,"Codó",2,"Nordeste",0,"211210",2,32,15,17,17,15,1,0,0,0,0,33,15,17,17,15,9,8.66160863725534,10.2813416269361,0.312703598066626,29
"2162","MA","Timbiras",29183,5776.82,21015,"Codó",2,"Nordeste",0,"211210",3,41,17,24,20,21,0,0,0,0,0,41,17,24,20,21,11,8.66160863725534,10.2813416269361,0.416119893839639,31
"2163","MA","Timbiras",29183,5776.82,21015,"Codó",2,"Nordeste",0,"211210",4,31,15,16,20,11,0,0,0,0,0,31,15,16,20,11,6,8.66160863725534,10.2813416269361,0.43376195186499,30
"2164","MA","Timbiras",29183,5776.82,21015,"Codó",2,"Nordeste",0,"211210",5,27,13,14,18,9,2,0,0,0,0,29,13,14,18,9,23,8.66160863725534,10.2813416269361,0.492330337430404,31
"2165","MA","Timbiras",29183,5776.82,21015,"Codó",2,"Nordeste",0,"211210",6,39,18,21,23,16,0,0,0,0,0,39,18,21,23,16,17,8.66160863725534,10.2813416269361,0.395148493706585,30
"2166","MA","Timbiras",29183,5776.82,21015,"Codó",2,"Nordeste",0,"211210",7,36,22,14,22,14,1,0,0,0,0,37,22,14,22,14,17,8.66160863725534,10.2813416269361,0.406826532527571,29
"2167","MA","Timon",170222,11120.68,21017,"Caxias",2,"Nordeste",1,"211220",2,427,124,303,210,217,2,0,0,0,0,429,124,303,210,217,69,9.31656171701406,12.0448587464626,0.288655868483829,29
"2168","MA","Timon",170222,11120.68,21017,"Caxias",2,"Nordeste",1,"211220",3,454,137,317,223,231,2,0,0,0,0,456,137,317,223,231,122,9.31656171701406,12.0448587464626,0.401952410194251,31
"2169","MA","Timon",170222,11120.68,21017,"Caxias",2,"Nordeste",1,"211220",4,241,76,165,107,134,5,0,0,0,0,246,76,165,107,134,99,9.31656171701406,12.0448587464626,0.464583175639414,30
"2170","MA","Timon",170222,11120.68,21017,"Caxias",2,"Nordeste",1,"211220",5,227,54,173,113,114,0,0,0,0,0,227,54,173,113,114,119,9.31656171701406,12.0448587464626,0.459986671746255,31
"2171","MA","Timon",170222,11120.68,21017,"Caxias",2,"Nordeste",1,"211220",6,218,72,146,111,107,4,0,0,0,0,222,72,146,111,107,167,9.31656171701406,12.0448587464626,0.424634626945038,30
"2172","MA","Timon",170222,11120.68,21017,"Caxias",2,"Nordeste",1,"211220",7,264,86,178,137,127,1,0,0,0,0,265,86,178,137,127,163,9.31656171701406,12.0448587464626,0.449977835781716,29
"2173","MA","Trizidela do Vale",22112,12874.46,21010,"Médio Mearim",2,"Nordeste",1,"211223",2,39,6,33,22,17,0,0,0,0,0,39,6,33,22,17,8,9.46300078290478,10.0038757265674,0.274958745230405,29
"2174","MA","Trizidela do Vale",22112,12874.46,21010,"Médio Mearim",2,"Nordeste",1,"211223",3,50,9,41,27,23,1,0,0,0,0,51,9,41,27,23,19,9.46300078290478,10.0038757265674,0.369087366517314,31
"2175","MA","Trizidela do Vale",22112,12874.46,21010,"Médio Mearim",2,"Nordeste",1,"211223",4,24,7,17,15,9,0,0,0,0,0,24,7,17,15,9,17,9.46300078290478,10.0038757265674,0.38043818404515,30
"2176","MA","Trizidela do Vale",22112,12874.46,21010,"Médio Mearim",2,"Nordeste",1,"211223",5,23,3,20,11,12,0,0,0,0,0,23,3,20,11,12,44,9.46300078290478,10.0038757265674,0.418026042950078,31
"2177","MA","Trizidela do Vale",22112,12874.46,21010,"Médio Mearim",2,"Nordeste",1,"211223",6,44,8,36,22,22,1,0,0,0,0,45,8,36,22,22,18,9.46300078290478,10.0038757265674,0.372507335457054,30
"2178","MA","Trizidela do Vale",22112,12874.46,21010,"Médio Mearim",2,"Nordeste",1,"211223",7,29,4,25,12,17,0,0,0,0,0,29,4,25,12,17,21,9.46300078290478,10.0038757265674,0.379516725872784,29
"2179","MA","Tuntum",42040,7528.18,21011,"Alto Mearim e Grajaú",2,"Nordeste",0,"211230",2,76,30,46,39,37,0,0,0,0,0,76,30,46,39,37,12,8.92640859171262,10.6463768249909,0.296070572152353,29
"2180","MA","Tuntum",42040,7528.18,21011,"Alto Mearim e Grajaú",2,"Nordeste",0,"211230",3,64,24,40,31,33,0,0,0,0,0,64,24,40,31,33,14,8.92640859171262,10.6463768249909,0.38436098413075,31
"2181","MA","Tuntum",42040,7528.18,21011,"Alto Mearim e Grajaú",2,"Nordeste",0,"211230",4,36,9,27,17,19,0,0,0,0,0,36,9,27,17,19,13,8.92640859171262,10.6463768249909,0.392149248274857,30
"2182","MA","Tuntum",42040,7528.18,21011,"Alto Mearim e Grajaú",2,"Nordeste",0,"211230",5,34,16,18,18,16,0,0,0,0,0,34,16,18,18,16,16,8.92640859171262,10.6463768249909,0.427085327964956,31
"2183","MA","Tuntum",42040,7528.18,21011,"Alto Mearim e Grajaú",2,"Nordeste",0,"211230",6,40,16,24,29,11,0,0,0,0,0,40,16,24,29,11,33,8.92640859171262,10.6463768249909,0.391890313408564,30
"2184","MA","Tuntum",42040,7528.18,21011,"Alto Mearim e Grajaú",2,"Nordeste",0,"211230",7,47,17,30,21,26,0,0,0,0,0,47,17,30,21,26,30,8.92640859171262,10.6463768249909,0.415299286074108,29
"2185","MA","Turiaçu",35709,7178.43,21007,"Gurupi",2,"Nordeste",0,"211240",2,102,41,61,59,43,1,0,0,0,0,103,41,61,59,43,4,8.8788359751794,10.483158036836,0.313309631405422,29
"2186","MA","Turiaçu",35709,7178.43,21007,"Gurupi",2,"Nordeste",0,"211240",3,75,31,44,41,34,0,0,0,0,0,75,31,44,41,34,14,8.8788359751794,10.483158036836,0.397024014192505,31
"2187","MA","Turiaçu",35709,7178.43,21007,"Gurupi",2,"Nordeste",0,"211240",4,49,22,27,27,22,0,0,0,0,0,49,22,27,27,22,11,8.8788359751794,10.483158036836,0.451186558665042,30
"2188","MA","Turiaçu",35709,7178.43,21007,"Gurupi",2,"Nordeste",0,"211240",5,50,27,23,27,23,0,0,0,0,0,50,27,23,27,23,20,8.8788359751794,10.483158036836,0.529700906451366,31
"2189","MA","Turiaçu",35709,7178.43,21007,"Gurupi",2,"Nordeste",0,"211240",6,53,30,23,33,20,0,0,0,0,0,53,30,23,33,20,11,8.8788359751794,10.483158036836,0.412174989247315,30
"2190","MA","Turiaçu",35709,7178.43,21007,"Gurupi",2,"Nordeste",0,"211240",7,60,34,26,28,32,0,0,0,0,0,60,34,26,28,32,13,8.8788359751794,10.483158036836,0.464296193521663,29
"2191","MA","Turilândia",25868,6267.27,21007,"Gurupi",2,"Nordeste",1,"211245",2,40,21,19,25,15,0,0,0,0,0,40,21,19,25,15,6,8.74309613211138,10.1607619625665,0.325197145709443,29
"2192","MA","Turilândia",25868,6267.27,21007,"Gurupi",2,"Nordeste",1,"211245",3,46,27,19,26,20,1,0,0,0,0,47,27,19,26,20,1,8.74309613211138,10.1607619625665,0.403663105360048,31
"2193","MA","Turilândia",25868,6267.27,21007,"Gurupi",2,"Nordeste",1,"211245",4,25,14,11,15,10,0,0,0,0,0,25,14,11,15,10,9,8.74309613211138,10.1607619625665,0.439252260020981,30
"2194","MA","Turilândia",25868,6267.27,21007,"Gurupi",2,"Nordeste",1,"211245",5,19,9,10,11,8,0,0,0,0,0,19,9,10,11,8,14,8.74309613211138,10.1607619625665,0.479800959113126,31
"2195","MA","Turilândia",25868,6267.27,21007,"Gurupi",2,"Nordeste",1,"211245",6,29,8,21,15,14,0,0,0,0,0,29,8,21,15,14,10,8.74309613211138,10.1607619625665,0.387061336154232,30
"2196","MA","Turilândia",25868,6267.27,21007,"Gurupi",2,"Nordeste",1,"211245",7,31,19,12,17,14,0,0,0,0,0,31,19,12,17,14,8,8.74309613211138,10.1607619625665,0.425473155533846,29
"2197","MA","Tutóia",59398,7013.35,21004,"Lençóis Maranhenses",2,"Nordeste",0,"211250",2,181,80,101,110,71,0,0,0,0,0,181,80,101,110,71,21,8.85557075460657,10.9920158347502,0.313119811101715,29
"2198","MA","Tutóia",59398,7013.35,21004,"Lençóis Maranhenses",2,"Nordeste",0,"211250",3,124,54,70,63,61,0,0,0,0,0,124,54,70,63,61,25,8.85557075460657,10.9920158347502,0.386069407649613,31
"2199","MA","Tutóia",59398,7013.35,21004,"Lençóis Maranhenses",2,"Nordeste",0,"211250",4,89,35,54,42,47,2,0,0,0,0,91,35,54,42,47,27,8.85557075460657,10.9920158347502,0.420888991077157,30
"2200","MA","Tutóia",59398,7013.35,21004,"Lençóis Maranhenses",2,"Nordeste",0,"211250",5,69,24,45,31,38,0,0,0,0,0,69,24,45,31,38,56,8.85557075460657,10.9920158347502,0.467724770914726,31
"2201","MA","Tutóia",59398,7013.35,21004,"Lençóis Maranhenses",2,"Nordeste",0,"211250",6,69,28,41,38,31,0,0,0,0,0,69,28,41,38,31,34,8.85557075460657,10.9920158347502,0.407383065615601,30
"2202","MA","Tutóia",59398,7013.35,21004,"Lençóis Maranhenses",2,"Nordeste",0,"211250",7,77,29,48,49,28,3,0,0,0,0,80,29,48,49,28,26,8.85557075460657,10.9920158347502,0.423184172617452,29
"2203","MA","Urbano Santos",33459,5828.91,21014,"Chapadinha",2,"Nordeste",0,"211260",2,85,24,61,53,32,0,0,0,0,0,85,24,61,53,32,8,8.67058529788518,10.4180760876626,0.251749240120308,29
"2204","MA","Urbano Santos",33459,5828.91,21014,"Chapadinha",2,"Nordeste",0,"211260",3,72,28,44,46,26,0,0,0,0,0,72,28,44,46,26,5,8.67058529788518,10.4180760876626,0.32650285439984,31
"2205","MA","Urbano Santos",33459,5828.91,21014,"Chapadinha",2,"Nordeste",0,"211260",4,52,23,29,28,24,0,0,0,0,0,52,23,29,28,24,12,8.67058529788518,10.4180760876626,0.366011310472798,30
"2206","MA","Urbano Santos",33459,5828.91,21014,"Chapadinha",2,"Nordeste",0,"211260",5,46,27,19,30,16,0,0,0,0,0,46,27,19,30,16,15,8.67058529788518,10.4180760876626,0.411268094985869,31
"2207","MA","Urbano Santos",33459,5828.91,21014,"Chapadinha",2,"Nordeste",0,"211260",6,57,24,33,37,20,0,0,0,0,0,57,24,33,37,20,14,8.67058529788518,10.4180760876626,0.354613115036482,30
"2208","MA","Urbano Santos",33459,5828.91,21014,"Chapadinha",2,"Nordeste",0,"211260",7,55,31,24,35,20,0,0,0,0,0,55,31,24,35,20,8,8.67058529788518,10.4180760876626,0.346515136847743,29
"2209","MA","Vargem Grande",57168,5832.73,21006,"Itapecuru Mirim",2,"Nordeste",0,"211270",2,123,45,78,63,60,1,0,0,0,0,124,45,78,63,60,24,8.67124043732296,10.9537495802632,0.233922838990923,29
"2210","MA","Vargem Grande",57168,5832.73,21006,"Itapecuru Mirim",2,"Nordeste",0,"211270",3,101,38,63,59,42,0,0,0,0,0,101,38,63,59,42,18,8.67124043732296,10.9537495802632,0.303456941351773,31
"2211","MA","Vargem Grande",57168,5832.73,21006,"Itapecuru Mirim",2,"Nordeste",0,"211270",4,68,23,45,41,27,0,0,0,0,0,68,23,45,41,27,16,8.67124043732296,10.9537495802632,0.328744688085202,30
"2212","MA","Vargem Grande",57168,5832.73,21006,"Itapecuru Mirim",2,"Nordeste",0,"211270",5,78,31,47,37,41,0,0,0,0,0,78,31,47,37,41,35,8.67124043732296,10.9537495802632,0.372735755590838,31
"2213","MA","Vargem Grande",57168,5832.73,21006,"Itapecuru Mirim",2,"Nordeste",0,"211270",6,64,31,33,31,33,1,0,0,0,0,65,31,33,31,33,28,8.67124043732296,10.9537495802632,0.333456864132071,30
"2214","MA","Vargem Grande",57168,5832.73,21006,"Itapecuru Mirim",2,"Nordeste",0,"211270",7,79,26,53,42,37,2,0,0,0,0,81,26,53,42,37,20,8.67124043732296,10.9537495802632,0.337508351583042,29
"2215","MA","Viana",52649,7895.21,21005,"Baixada Maranhense",2,"Nordeste",0,"211280",2,141,39,102,87,54,0,0,0,0,0,141,39,102,87,54,28,8.97401152544936,10.8714025240294,0.259359743411512,29
"2216","MA","Viana",52649,7895.21,21005,"Baixada Maranhense",2,"Nordeste",0,"211280",3,139,52,87,82,57,0,0,0,0,0,139,52,87,82,57,25,8.97401152544936,10.8714025240294,0.31626318789054,31
"2217","MA","Viana",52649,7895.21,21005,"Baixada Maranhense",2,"Nordeste",0,"211280",4,75,22,53,43,32,0,0,0,0,0,75,22,53,43,32,33,8.97401152544936,10.8714025240294,0.344427812709526,30
"2218","MA","Viana",52649,7895.21,21005,"Baixada Maranhense",2,"Nordeste",0,"211280",5,61,16,45,30,31,0,0,0,0,0,61,16,45,30,31,54,8.97401152544936,10.8714025240294,0.392758435399387,31
"2219","MA","Viana",52649,7895.21,21005,"Baixada Maranhense",2,"Nordeste",0,"211280",6,63,21,42,40,23,0,0,0,0,0,63,21,42,40,23,31,8.97401152544936,10.8714025240294,0.326929222243275,30
"2220","MA","Viana",52649,7895.21,21005,"Baixada Maranhense",2,"Nordeste",0,"211280",7,82,31,51,46,36,0,0,0,0,0,82,31,51,46,36,27,8.97401152544936,10.8714025240294,0.343704642327563,29
"2221","MA","Vitória do Mearim",32861,7892.92,21005,"Baixada Maranhense",2,"Nordeste",0,"211290",2,40,15,25,23,17,0,0,0,0,0,40,15,25,23,17,14,8.97372143409388,10.4000418232645,0.313949092890762,29
"2222","MA","Vitória do Mearim",32861,7892.92,21005,"Baixada Maranhense",2,"Nordeste",0,"211290",3,45,12,33,20,25,1,0,0,0,0,46,12,33,20,25,21,8.97372143409388,10.4000418232645,0.391668136570989,31
"2223","MA","Vitória do Mearim",32861,7892.92,21005,"Baixada Maranhense",2,"Nordeste",0,"211290",4,14,3,11,8,6,0,0,0,0,0,14,3,11,8,6,19,8.97372143409388,10.4000418232645,0.427404843790164,30
"2224","MA","Vitória do Mearim",32861,7892.92,21005,"Baixada Maranhense",2,"Nordeste",0,"211290",5,11,4,7,3,8,0,0,0,0,0,11,4,7,3,8,28,8.97372143409388,10.4000418232645,0.427789923969589,31
"2225","MA","Vitória do Mearim",32861,7892.92,21005,"Baixada Maranhense",2,"Nordeste",0,"211290",6,10,3,7,7,3,0,0,0,0,0,10,3,7,7,3,16,8.97372143409388,10.4000418232645,0.373796385628881,30
"2226","MA","Vitória do Mearim",32861,7892.92,21005,"Baixada Maranhense",2,"Nordeste",0,"211290",7,2,2,0,0,2,1,0,0,0,0,3,2,0,0,2,20,8.97372143409388,10.4000418232645,0.415215491750585,29
"2227","MA","Vitorino Freire",31522,8154.74,21008,"Pindaré",2,"Nordeste",0,"211300",2,57,13,44,36,21,0,0,0,0,0,57,13,44,36,21,17,9.00635463226605,10.3584409937355,0.31097025528105,29
"2228","MA","Vitorino Freire",31522,8154.74,21008,"Pindaré",2,"Nordeste",0,"211300",3,82,26,56,48,34,0,0,0,0,0,82,26,56,48,34,19,9.00635463226605,10.3584409937355,0.396888036915103,31
"2229","MA","Vitorino Freire",31522,8154.74,21008,"Pindaré",2,"Nordeste",0,"211300",4,39,15,24,20,19,1,0,0,0,0,40,15,24,20,19,9,9.00635463226605,10.3584409937355,0.423063514785716,30
"2230","MA","Vitorino Freire",31522,8154.74,21008,"Pindaré",2,"Nordeste",0,"211300",5,34,12,22,14,20,1,0,0,0,0,35,12,22,14,20,17,9.00635463226605,10.3584409937355,0.437987312611552,31
"2231","MA","Vitorino Freire",31522,8154.74,21008,"Pindaré",2,"Nordeste",0,"211300",6,46,21,25,30,16,0,0,0,0,0,46,21,25,30,16,29,9.00635463226605,10.3584409937355,0.436651733620306,30
"2232","MA","Vitorino Freire",31522,8154.74,21008,"Pindaré",2,"Nordeste",0,"211300",7,43,18,25,23,20,0,0,0,0,0,43,18,25,23,20,24,9.00635463226605,10.3584409937355,0.463762536382436,29
"2233","MA","Zé Doca",51956,8429.4,21008,"Pindaré",2,"Nordeste",1,"211400",2,105,36,69,57,48,0,0,0,0,0,105,36,69,57,48,14,9.03948087408566,10.8581524855272,0.279881388867383,29
"2234","MA","Zé Doca",51956,8429.4,21008,"Pindaré",2,"Nordeste",1,"211400",3,95,39,56,54,41,0,0,0,0,0,95,39,56,54,41,30,9.03948087408566,10.8581524855272,0.373285614947265,31
"2235","MA","Zé Doca",51956,8429.4,21008,"Pindaré",2,"Nordeste",1,"211400",4,84,31,53,46,38,0,0,0,0,0,84,31,53,46,38,20,9.03948087408566,10.8581524855272,0.389346452917251,30
"2236","MA","Zé Doca",51956,8429.4,21008,"Pindaré",2,"Nordeste",1,"211400",5,63,23,40,42,21,1,0,0,0,0,64,23,40,42,21,38,9.03948087408566,10.8581524855272,0.429193276181414,31
"2237","MA","Zé Doca",51956,8429.4,21008,"Pindaré",2,"Nordeste",1,"211400",6,62,21,41,42,20,1,0,0,0,0,63,21,41,42,20,48,9.03948087408566,10.8581524855272,0.367483759395962,30
"2238","MA","Zé Doca",51956,8429.4,21008,"Pindaré",2,"Nordeste",1,"211400",7,62,23,39,35,27,1,0,0,0,0,63,23,39,35,27,26,9.03948087408566,10.8581524855272,0.377321780278462,29
"2239","PI","Água Branca",17470,11560.54,22005,"Médio Parnaíba Piauiense",2,"Nordeste",1,"220020",2,28,6,22,12,16,0,0,0,0,0,28,6,22,12,16,11,9.35535285393813,9.7682404031281,0.24351585422366,29
"2240","PI","Água Branca",17470,11560.54,22005,"Médio Parnaíba Piauiense",2,"Nordeste",1,"220020",3,33,10,23,16,17,0,0,0,0,0,33,10,23,16,17,10,9.35535285393813,9.7682404031281,0.328428888223874,31
"2241","PI","Água Branca",17470,11560.54,22005,"Médio Parnaíba Piauiense",2,"Nordeste",1,"220020",4,16,3,13,9,7,0,0,0,0,0,16,3,13,9,7,6,9.35535285393813,9.7682404031281,0.365668392700164,30
"2242","PI","Água Branca",17470,11560.54,22005,"Médio Parnaíba Piauiense",2,"Nordeste",1,"220020",5,18,5,13,8,10,0,0,0,0,0,18,5,13,8,10,16,9.35535285393813,9.7682404031281,0.392189986457383,31
"2243","PI","Água Branca",17470,11560.54,22005,"Médio Parnaíba Piauiense",2,"Nordeste",1,"220020",6,12,3,9,9,3,0,0,0,0,0,12,3,9,9,3,12,9.35535285393813,9.7682404031281,0.348533803614813,30
"2244","PI","Água Branca",17470,11560.54,22005,"Médio Parnaíba Piauiense",2,"Nordeste",1,"220020",7,21,4,17,12,9,0,0,0,0,0,21,4,17,12,9,18,9.35535285393813,9.7682404031281,0.383667051148744,29
"2245","PI","Alto Longá",14339,7050.48,22004,"Campo Maior",2,"Nordeste",0,"220030",2,16,6,10,12,4,0,0,0,0,0,16,6,10,12,4,7,8.86085097859501,9.57073837671504,0.281379453334141,29
"2246","PI","Alto Longá",14339,7050.48,22004,"Campo Maior",2,"Nordeste",0,"220030",3,11,5,6,3,8,0,0,0,0,0,11,5,6,3,8,10,8.86085097859501,9.57073837671504,0.348087647614784,31
"2247","PI","Alto Longá",14339,7050.48,22004,"Campo Maior",2,"Nordeste",0,"220030",4,9,5,4,4,5,0,0,0,0,0,9,5,4,4,5,10,8.86085097859501,9.57073837671504,0.409378638870375,30
"2248","PI","Alto Longá",14339,7050.48,22004,"Campo Maior",2,"Nordeste",0,"220030",5,11,3,8,4,7,0,0,0,0,0,11,3,8,4,7,11,8.86085097859501,9.57073837671504,0.459746147587761,31
"2249","PI","Alto Longá",14339,7050.48,22004,"Campo Maior",2,"Nordeste",0,"220030",6,11,4,7,5,6,0,0,0,0,0,11,4,7,5,6,7,8.86085097859501,9.57073837671504,0.38037156555063,30
"2250","PI","Alto Longá",14339,7050.48,22004,"Campo Maior",2,"Nordeste",0,"220030",7,6,3,3,4,2,0,0,0,0,0,6,3,3,4,2,12,8.86085097859501,9.57073837671504,0.398282389125917,29
"2251","PI","Altos",40605,10361.22,22003,"Teresina",2,"Nordeste",1,"220040",2,92,19,73,36,56,0,0,0,0,0,92,19,73,36,56,15,9.245825269498,10.6116464907165,0.265216342485376,29
"2252","PI","Altos",40605,10361.22,22003,"Teresina",2,"Nordeste",1,"220040",3,91,30,61,38,53,1,0,0,0,0,92,30,61,38,53,24,9.245825269498,10.6116464907165,0.356567448227413,31
"2253","PI","Altos",40605,10361.22,22003,"Teresina",2,"Nordeste",1,"220040",4,42,10,32,19,23,0,0,0,0,0,42,10,32,19,23,25,9.245825269498,10.6116464907165,0.424609039689084,30
"2254","PI","Altos",40605,10361.22,22003,"Teresina",2,"Nordeste",1,"220040",5,46,13,33,20,26,1,0,0,0,0,47,13,33,20,26,26,9.245825269498,10.6116464907165,0.422465440386088,31
"2255","PI","Altos",40605,10361.22,22003,"Teresina",2,"Nordeste",1,"220040",6,33,10,23,15,18,0,0,0,0,0,33,10,23,15,18,30,9.245825269498,10.6116464907165,0.386491339923459,30
"2256","PI","Altos",40605,10361.22,22003,"Teresina",2,"Nordeste",1,"220040",7,57,12,45,26,31,0,0,0,0,0,57,12,45,26,31,22,9.245825269498,10.6116464907165,0.408838531913921,29
"2257","PI","Amarante",17604,8206.67,22005,"Médio Parnaíba Piauiense",2,"Nordeste",0,"220050",2,31,8,23,13,18,1,0,0,0,0,32,8,23,13,18,13,9.0127025172441,9.77588142793098,0.276195290565942,29
"2258","PI","Amarante",17604,8206.67,22005,"Médio Parnaíba Piauiense",2,"Nordeste",0,"220050",3,32,9,23,17,15,0,0,0,0,0,32,9,23,17,15,11,9.0127025172441,9.77588142793098,0.35481102253363,31
"2259","PI","Amarante",17604,8206.67,22005,"Médio Parnaíba Piauiense",2,"Nordeste",0,"220050",4,21,8,13,10,11,0,0,0,0,0,21,8,13,10,11,10,9.0127025172441,9.77588142793098,0.402915243127489,30
"2260","PI","Amarante",17604,8206.67,22005,"Médio Parnaíba Piauiense",2,"Nordeste",0,"220050",5,27,8,19,7,20,1,0,0,0,0,28,8,19,7,20,8,9.0127025172441,9.77588142793098,0.411612843184899,31
"2261","PI","Amarante",17604,8206.67,22005,"Médio Parnaíba Piauiense",2,"Nordeste",0,"220050",6,17,9,8,7,10,0,0,0,0,0,17,9,8,7,10,8,9.0127025172441,9.77588142793098,0.356906367200705,30
"2262","PI","Amarante",17604,8206.67,22005,"Médio Parnaíba Piauiense",2,"Nordeste",0,"220050",7,19,9,10,13,6,1,0,0,0,0,20,9,10,13,6,13,9.0127025172441,9.77588142793098,0.415055863400847,29
"2263","PI","Angical do Piauí",6783,9428.55,22005,"Médio Parnaíba Piauiense",2,"Nordeste",0,"220060",2,10,3,7,5,5,0,0,0,0,0,10,3,7,5,5,4,9.15149759922339,8.82217476094608,0.274689255860728,29
"2264","PI","Angical do Piauí",6783,9428.55,22005,"Médio Parnaíba Piauiense",2,"Nordeste",0,"220060",3,8,4,4,2,6,0,0,0,0,0,8,4,4,2,6,6,9.15149759922339,8.82217476094608,0.394670860968423,31
"2265","PI","Angical do Piauí",6783,9428.55,22005,"Médio Parnaíba Piauiense",2,"Nordeste",0,"220060",4,9,3,6,3,6,0,0,0,0,0,9,3,6,3,6,5,9.15149759922339,8.82217476094608,0.422916444783009,30
"2266","PI","Angical do Piauí",6783,9428.55,22005,"Médio Parnaíba Piauiense",2,"Nordeste",0,"220060",5,6,2,4,3,3,0,0,0,0,0,6,2,4,3,3,2,9.15149759922339,8.82217476094608,0.424497553617341,31
"2267","PI","Angical do Piauí",6783,9428.55,22005,"Médio Parnaíba Piauiense",2,"Nordeste",0,"220060",6,10,1,9,4,6,0,0,0,0,0,10,1,9,4,6,3,9.15149759922339,8.82217476094608,0.395879231566117,30
"2268","PI","Angical do Piauí",6783,9428.55,22005,"Médio Parnaíba Piauiense",2,"Nordeste",0,"220060",7,3,2,1,0,3,0,0,0,0,0,3,2,1,0,3,8,9.15149759922339,8.82217476094608,0.413873645318069,29
"2269","PI","Assunção do Piauí",7863,7099.72,22004,"Campo Maior",2,"Nordeste",0,"220105",2,13,5,8,5,8,0,0,0,0,0,13,5,8,5,8,4,8.86781062563204,8.96992349199152,0.276075329979589,29
"2270","PI","Assunção do Piauí",7863,7099.72,22004,"Campo Maior",2,"Nordeste",0,"220105",3,11,6,5,8,3,0,0,0,0,0,11,6,5,8,3,2,8.86781062563204,8.96992349199152,0.361059844647413,31
"2271","PI","Assunção do Piauí",7863,7099.72,22004,"Campo Maior",2,"Nordeste",0,"220105",4,9,3,6,1,8,0,0,0,0,0,9,3,6,1,8,5,8.86781062563204,8.96992349199152,0.383670225408073,30
"2272","PI","Assunção do Piauí",7863,7099.72,22004,"Campo Maior",2,"Nordeste",0,"220105",5,10,3,7,5,5,0,0,0,0,0,10,3,7,5,5,3,8.86781062563204,8.96992349199152,0.356793109992502,31
"2273","PI","Assunção do Piauí",7863,7099.72,22004,"Campo Maior",2,"Nordeste",0,"220105",6,14,5,9,8,6,0,0,0,0,0,14,5,9,8,6,6,8.86781062563204,8.96992349199152,0.369755145924745,30
"2274","PI","Assunção do Piauí",7863,7099.72,22004,"Campo Maior",2,"Nordeste",0,"220105",7,11,5,6,5,6,0,0,0,0,0,11,5,6,5,6,3,8.86781062563204,8.96992349199152,0.436915418202798,29
"2275","PI","Baixa Grande do Ribeiro",11671,82913.59,22007,"Alto Parnaíba Piauiense",2,"Nordeste",0,"220115",2,41,16,25,21,20,0,0,0,0,0,41,16,25,21,20,6,11.3255542601367,9.36486241141235,0.295336459307247,29
"2276","PI","Baixa Grande do Ribeiro",11671,82913.59,22007,"Alto Parnaíba Piauiense",2,"Nordeste",0,"220115",3,51,13,38,24,27,0,0,0,0,0,51,13,38,24,27,7,11.3255542601367,9.36486241141235,0.342486387319809,31
"2277","PI","Baixa Grande do Ribeiro",11671,82913.59,22007,"Alto Parnaíba Piauiense",2,"Nordeste",0,"220115",4,23,7,16,14,9,0,0,0,0,0,23,7,16,14,9,6,11.3255542601367,9.36486241141235,0.357854576387094,30
"2278","PI","Baixa Grande do Ribeiro",11671,82913.59,22007,"Alto Parnaíba Piauiense",2,"Nordeste",0,"220115",5,16,7,9,8,8,1,0,0,0,0,17,7,9,8,8,4,11.3255542601367,9.36486241141235,0.391065184903256,31
"2279","PI","Baixa Grande do Ribeiro",11671,82913.59,22007,"Alto Parnaíba Piauiense",2,"Nordeste",0,"220115",6,38,9,29,20,18,0,0,0,0,0,38,9,29,20,18,8,11.3255542601367,9.36486241141235,0.341995821555046,30
"2280","PI","Baixa Grande do Ribeiro",11671,82913.59,22007,"Alto Parnaíba Piauiense",2,"Nordeste",0,"220115",7,17,6,11,11,6,0,0,0,0,0,17,6,11,11,6,8,11.3255542601367,9.36486241141235,0.388921474255384,29
"2281","PI","Barras",47185,8412,22001,"Baixo Parnaíba Piauiense",2,"Nordeste",0,"220120",2,112,38,74,62,50,0,0,0,0,0,112,38,74,62,50,24,9.03741453682259,10.7618313244554,0.26369562470749,29
"2282","PI","Barras",47185,8412,22001,"Baixo Parnaíba Piauiense",2,"Nordeste",0,"220120",3,80,29,51,40,40,0,0,0,0,0,80,29,51,40,40,25,9.03741453682259,10.7618313244554,0.354846627232533,31
"2283","PI","Barras",47185,8412,22001,"Baixo Parnaíba Piauiense",2,"Nordeste",0,"220120",4,51,25,26,24,27,0,0,0,0,0,51,25,26,24,27,15,9.03741453682259,10.7618313244554,0.422027939023659,30
"2284","PI","Barras",47185,8412,22001,"Baixo Parnaíba Piauiense",2,"Nordeste",0,"220120",5,64,14,50,32,32,0,0,0,0,0,64,14,50,32,32,29,9.03741453682259,10.7618313244554,0.451374736912961,31
"2285","PI","Barras",47185,8412,22001,"Baixo Parnaíba Piauiense",2,"Nordeste",0,"220120",6,53,18,35,29,24,0,0,0,0,0,53,18,35,29,24,29,9.03741453682259,10.7618313244554,0.434870592923069,30
"2286","PI","Barras",47185,8412,22001,"Baixo Parnaíba Piauiense",2,"Nordeste",0,"220120",7,53,24,29,26,27,0,0,0,0,0,53,24,29,26,27,37,9.03741453682259,10.7618313244554,0.454448097307787,29
"2287","PI","Batalha",26905,7161.96,22001,"Baixo Parnaíba Piauiense",2,"Nordeste",0,"220150",2,45,19,26,16,29,0,0,0,0,0,45,19,26,16,29,8,8.87653896551067,10.2000674219235,0.26975554202158,29
"2288","PI","Batalha",26905,7161.96,22001,"Baixo Parnaíba Piauiense",2,"Nordeste",0,"220150",3,40,16,24,10,30,1,0,0,0,0,41,16,24,10,30,18,8.87653896551067,10.2000674219235,0.357159649437629,31
"2289","PI","Batalha",26905,7161.96,22001,"Baixo Parnaíba Piauiense",2,"Nordeste",0,"220150",4,30,12,18,17,13,1,0,0,0,0,31,12,18,17,13,17,8.87653896551067,10.2000674219235,0.389206275737116,30
"2290","PI","Batalha",26905,7161.96,22001,"Baixo Parnaíba Piauiense",2,"Nordeste",0,"220150",5,25,9,16,9,16,0,0,0,0,0,25,9,16,9,16,21,8.87653896551067,10.2000674219235,0.446559301374146,31
"2291","PI","Batalha",26905,7161.96,22001,"Baixo Parnaíba Piauiense",2,"Nordeste",0,"220150",6,20,9,11,7,13,1,0,0,0,0,21,9,11,7,13,18,8.87653896551067,10.2000674219235,0.40285951439439,30
"2292","PI","Batalha",26905,7161.96,22001,"Baixo Parnaíba Piauiense",2,"Nordeste",0,"220150",7,30,10,20,14,16,1,0,0,0,0,31,10,20,14,16,12,8.87653896551067,10.2000674219235,0.425825469330889,29
"2293","PI","Beneditinos",10473,7260.24,22003,"Teresina",2,"Nordeste",0,"220160",2,18,6,12,8,10,0,0,0,0,0,18,6,12,8,10,0,8.89016816512368,9.25655579577315,0.283851029802913,29
"2294","PI","Beneditinos",10473,7260.24,22003,"Teresina",2,"Nordeste",0,"220160",3,12,3,9,6,6,0,0,0,0,0,12,3,9,6,6,7,8.89016816512368,9.25655579577315,0.35642335619742,31
"2295","PI","Beneditinos",10473,7260.24,22003,"Teresina",2,"Nordeste",0,"220160",4,13,5,8,6,7,0,0,0,0,0,13,5,8,6,7,10,8.89016816512368,9.25655579577315,0.387908244386456,30
"2296","PI","Beneditinos",10473,7260.24,22003,"Teresina",2,"Nordeste",0,"220160",5,9,4,5,7,2,0,0,0,0,0,9,4,5,7,2,3,8.89016816512368,9.25655579577315,0.380874429762066,31
"2297","PI","Beneditinos",10473,7260.24,22003,"Teresina",2,"Nordeste",0,"220160",6,11,5,6,4,7,0,0,0,0,0,11,5,6,4,7,9,8.89016816512368,9.25655579577315,0.364281039858875,30
"2298","PI","Beneditinos",10473,7260.24,22003,"Teresina",2,"Nordeste",0,"220160",7,9,1,8,3,6,0,0,0,0,0,9,1,8,3,6,10,8.89016816512368,9.25655579577315,0.419152492290666,29
"2299","PI","Bom Jesus",25387,36392.02,22010,"Alto Médio Gurguéia",2,"Nordeste",1,"220190",2,87,25,62,43,44,1,0,0,0,0,88,25,62,43,44,7,10.502104798821,10.141992510963,0.233457110153727,29
"2300","PI","Bom Jesus",25387,36392.02,22010,"Alto Médio Gurguéia",2,"Nordeste",1,"220190",3,94,24,70,37,57,0,0,0,0,0,94,24,70,37,57,9,10.502104798821,10.141992510963,0.322683682268518,31
"2301","PI","Bom Jesus",25387,36392.02,22010,"Alto Médio Gurguéia",2,"Nordeste",1,"220190",4,53,22,31,20,33,0,0,0,0,0,53,22,31,20,33,7,10.502104798821,10.141992510963,0.355504819479994,30
"2302","PI","Bom Jesus",25387,36392.02,22010,"Alto Médio Gurguéia",2,"Nordeste",1,"220190",5,22,8,14,13,9,1,0,0,0,0,23,8,14,13,9,6,10.502104798821,10.141992510963,0.37605932118899,31
"2303","PI","Bom Jesus",25387,36392.02,22010,"Alto Médio Gurguéia",2,"Nordeste",1,"220190",6,38,14,24,18,20,0,0,0,0,0,38,14,24,18,20,11,10.502104798821,10.141992510963,0.332353853327713,30
"2304","PI","Bom Jesus",25387,36392.02,22010,"Alto Médio Gurguéia",2,"Nordeste",1,"220190",7,50,16,34,28,22,0,0,0,0,0,50,16,34,28,22,16,10.502104798821,10.141992510963,0.381786569835072,29
"2305","PI","Brasileira",8347,6752.32,22001,"Baixo Parnaíba Piauiense",2,"Nordeste",0,"220196",2,7,2,5,4,3,0,0,0,0,0,7,2,5,4,3,5,8.81764142851769,9.02965747185074,0.343287350135519,29
"2306","PI","Brasileira",8347,6752.32,22001,"Baixo Parnaíba Piauiense",2,"Nordeste",0,"220196",3,16,8,8,6,10,0,0,0,0,0,16,8,8,6,10,4,8.81764142851769,9.02965747185074,0.454193088790645,31
"2307","PI","Brasileira",8347,6752.32,22001,"Baixo Parnaíba Piauiense",2,"Nordeste",0,"220196",4,5,0,5,2,3,0,0,0,0,0,5,0,5,2,3,3,8.81764142851769,9.02965747185074,0.508701157490704,30
"2308","PI","Brasileira",8347,6752.32,22001,"Baixo Parnaíba Piauiense",2,"Nordeste",0,"220196",5,2,1,1,1,1,0,0,0,0,0,2,1,1,1,1,1,8.81764142851769,9.02965747185074,0.522850690465538,31
"2309","PI","Brasileira",8347,6752.32,22001,"Baixo Parnaíba Piauiense",2,"Nordeste",0,"220196",6,7,4,3,3,4,0,0,0,0,0,7,4,3,3,4,11,8.81764142851769,9.02965747185074,0.49730085158574,30
"2310","PI","Brasileira",8347,6752.32,22001,"Baixo Parnaíba Piauiense",2,"Nordeste",0,"220196",7,12,3,9,1,11,2,0,0,0,0,14,3,9,1,11,7,8.81764142851769,9.02965747185074,0.509971393783636,29
"2311","PI","Buriti dos Lopes",19807,8822.34,22002,"Litoral Piauiense",2,"Nordeste",0,"220200",2,56,28,28,27,29,1,0,0,0,0,57,28,28,27,29,15,9.08504241993584,9.89379068955726,0.317592278663561,29
"2312","PI","Buriti dos Lopes",19807,8822.34,22002,"Litoral Piauiense",2,"Nordeste",0,"220200",3,40,20,20,22,18,2,0,0,0,0,42,20,20,22,18,17,9.08504241993584,9.89379068955726,0.396164563731938,31
"2313","PI","Buriti dos Lopes",19807,8822.34,22002,"Litoral Piauiense",2,"Nordeste",0,"220200",4,26,11,15,15,11,0,0,0,0,0,26,11,15,15,11,14,9.08504241993584,9.89379068955726,0.429870086675998,30
"2314","PI","Buriti dos Lopes",19807,8822.34,22002,"Litoral Piauiense",2,"Nordeste",0,"220200",5,23,12,11,16,7,0,0,0,0,0,23,12,11,16,7,8,9.08504241993584,9.89379068955726,0.434604107113554,31
"2315","PI","Buriti dos Lopes",19807,8822.34,22002,"Litoral Piauiense",2,"Nordeste",0,"220200",6,26,13,13,14,12,0,0,0,0,0,26,13,13,14,12,14,9.08504241993584,9.89379068955726,0.436871502518628,30
"2316","PI","Buriti dos Lopes",19807,8822.34,22002,"Litoral Piauiense",2,"Nordeste",0,"220200",7,24,7,17,10,14,1,0,0,0,0,25,7,17,10,14,15,9.08504241993584,9.89379068955726,0.450715576564325,29
"2317","PI","Buriti dos Montes",8264,6978.01,22004,"Campo Maior",2,"Nordeste",0,"220202",2,3,1,2,1,2,0,0,0,0,0,3,1,2,1,2,6,8.85051905482107,9.01966401079947,0.31330230005972,29
"2318","PI","Buriti dos Montes",8264,6978.01,22004,"Campo Maior",2,"Nordeste",0,"220202",3,5,2,3,2,3,0,0,0,0,0,5,2,3,2,3,2,8.85051905482107,9.01966401079947,0.41498410643908,31
"2319","PI","Buriti dos Montes",8264,6978.01,22004,"Campo Maior",2,"Nordeste",0,"220202",4,4,1,3,1,3,0,0,0,0,0,4,1,3,1,3,0,8.85051905482107,9.01966401079947,0.43781894519937,30
"2320","PI","Buriti dos Montes",8264,6978.01,22004,"Campo Maior",2,"Nordeste",0,"220202",5,8,1,7,1,7,0,0,0,0,0,8,1,7,1,7,2,8.85051905482107,9.01966401079947,0.464794289057591,31
"2321","PI","Buriti dos Montes",8264,6978.01,22004,"Campo Maior",2,"Nordeste",0,"220202",6,5,1,4,4,1,0,0,0,0,0,5,1,4,4,1,3,8.85051905482107,9.01966401079947,0.436865968842784,30
"2322","PI","Buriti dos Montes",8264,6978.01,22004,"Campo Maior",2,"Nordeste",0,"220202",7,4,2,2,3,1,0,0,0,0,0,4,2,2,3,1,1,8.85051905482107,9.01966401079947,0.515794440449031,29
"2323","PI","Cajueiro da Praia",7674,10776.62,22002,"Litoral Piauiense",2,"Nordeste",0,"220208",2,16,5,11,11,5,0,0,0,0,0,16,5,11,11,5,5,9.28513425169866,8.9455932708069,0.336677939212111,29
"2324","PI","Cajueiro da Praia",7674,10776.62,22002,"Litoral Piauiense",2,"Nordeste",0,"220208",3,11,7,4,4,7,0,0,0,0,0,11,7,4,4,7,2,9.28513425169866,8.9455932708069,0.450784777159471,31
"2325","PI","Cajueiro da Praia",7674,10776.62,22002,"Litoral Piauiense",2,"Nordeste",0,"220208",4,12,7,5,8,4,0,0,0,0,0,12,7,5,8,4,2,9.28513425169866,8.9455932708069,0.485079993796139,30
"2326","PI","Cajueiro da Praia",7674,10776.62,22002,"Litoral Piauiense",2,"Nordeste",0,"220208",5,10,4,6,5,5,0,0,0,0,0,10,4,6,5,5,1,9.28513425169866,8.9455932708069,0.508401951835951,31
"2327","PI","Cajueiro da Praia",7674,10776.62,22002,"Litoral Piauiense",2,"Nordeste",0,"220208",6,14,8,6,8,6,0,0,0,0,0,14,8,6,8,6,8,9.28513425169866,8.9455932708069,0.483825065335758,30
"2328","PI","Cajueiro da Praia",7674,10776.62,22002,"Litoral Piauiense",2,"Nordeste",0,"220208",7,13,5,8,7,6,0,0,0,0,0,13,5,8,7,6,10,9.28513425169866,8.9455932708069,0.463956103073833,29
"2329","PI","Campo Maior",46893,13062.7,22004,"Campo Maior",2,"Nordeste",1,"220220",2,101,19,82,46,55,0,0,0,0,0,101,19,82,46,55,22,9.47751611959474,10.7556236895636,0.259079493257864,29
"2330","PI","Campo Maior",46893,13062.7,22004,"Campo Maior",2,"Nordeste",1,"220220",3,86,19,67,35,51,1,0,0,0,0,87,19,67,35,51,41,9.47751611959474,10.7556236895636,0.361453320719722,31
"2331","PI","Campo Maior",46893,13062.7,22004,"Campo Maior",2,"Nordeste",1,"220220",4,44,8,36,16,28,0,0,0,0,0,44,8,36,16,28,34,9.47751611959474,10.7556236895636,0.4091631757215,30
"2332","PI","Campo Maior",46893,13062.7,22004,"Campo Maior",2,"Nordeste",1,"220220",5,40,6,34,16,24,1,0,0,0,0,41,6,34,16,24,35,9.47751611959474,10.7556236895636,0.403399107151643,31
"2333","PI","Campo Maior",46893,13062.7,22004,"Campo Maior",2,"Nordeste",1,"220220",6,44,11,33,17,27,0,0,0,0,0,44,11,33,17,27,37,9.47751611959474,10.7556236895636,0.369586255596419,30
"2334","PI","Campo Maior",46893,13062.7,22004,"Campo Maior",2,"Nordeste",1,"220220",7,44,14,30,20,24,0,0,0,0,0,44,14,30,20,24,47,9.47751611959474,10.7556236895636,0.392921737407536,29
"2335","PI","Canto do Buriti",21258,10520.05,22011,"São Raimundo Nonato",2,"Nordeste",0,"220230",2,45,13,32,25,20,0,0,0,0,0,45,13,32,25,20,6,9.26103823913212,9.96448857409353,0.2589176504102,29
"2336","PI","Canto do Buriti",21258,10520.05,22011,"São Raimundo Nonato",2,"Nordeste",0,"220230",3,37,14,23,16,21,0,0,0,0,0,37,14,23,16,21,17,9.26103823913212,9.96448857409353,0.358319889885996,31
"2337","PI","Canto do Buriti",21258,10520.05,22011,"São Raimundo Nonato",2,"Nordeste",0,"220230",4,20,7,13,8,12,0,0,0,0,0,20,7,13,8,12,11,9.26103823913212,9.96448857409353,0.383962985554635,30
"2338","PI","Canto do Buriti",21258,10520.05,22011,"São Raimundo Nonato",2,"Nordeste",0,"220230",5,18,9,9,9,9,0,0,0,0,0,18,9,9,9,9,11,9.26103823913212,9.96448857409353,0.372494815206053,31
"2339","PI","Canto do Buriti",21258,10520.05,22011,"São Raimundo Nonato",2,"Nordeste",0,"220230",6,24,11,13,12,12,0,0,0,0,0,24,11,13,12,12,12,9.26103823913212,9.96448857409353,0.341099535806177,30
"2340","PI","Canto do Buriti",21258,10520.05,22011,"São Raimundo Nonato",2,"Nordeste",0,"220230",7,25,15,10,8,17,0,0,0,0,0,25,15,10,8,17,13,9.26103823913212,9.96448857409353,0.381989881153881,29
"2341","PI","Capitão de Campos",11445,8130.92,22004,"Campo Maior",2,"Nordeste",0,"220240",2,23,10,13,13,10,0,0,0,0,0,23,10,13,13,10,7,9.00342935727123,9.34530823238667,0.286452708744574,29
"2342","PI","Capitão de Campos",11445,8130.92,22004,"Campo Maior",2,"Nordeste",0,"220240",3,23,8,15,6,17,0,0,0,0,0,23,8,15,6,17,6,9.00342935727123,9.34530823238667,0.414013024922973,31
"2343","PI","Capitão de Campos",11445,8130.92,22004,"Campo Maior",2,"Nordeste",0,"220240",4,16,6,10,7,9,0,0,0,0,0,16,6,10,7,9,6,9.00342935727123,9.34530823238667,0.433432979018297,30
"2344","PI","Capitão de Campos",11445,8130.92,22004,"Campo Maior",2,"Nordeste",0,"220240",5,12,5,7,6,6,0,0,0,0,0,12,5,7,6,6,7,9.00342935727123,9.34530823238667,0.446992574059551,31
"2345","PI","Capitão de Campos",11445,8130.92,22004,"Campo Maior",2,"Nordeste",0,"220240",6,8,1,7,6,2,1,0,0,0,0,9,1,7,6,2,6,9.00342935727123,9.34530823238667,0.409701331893007,30
"2346","PI","Capitão de Campos",11445,8130.92,22004,"Campo Maior",2,"Nordeste",0,"220240",7,9,5,4,1,8,1,0,0,0,0,10,5,4,1,8,4,9.00342935727123,9.34530823238667,0.467910252378876,29
"2347","PI","Castelo do Piauí",19715,8915.5,22004,"Campo Maior",2,"Nordeste",0,"220260",2,35,15,20,17,18,0,0,0,0,0,35,15,20,17,18,12,9.0955466139741,9.88913504631173,0.27532026161316,29
"2348","PI","Castelo do Piauí",19715,8915.5,22004,"Campo Maior",2,"Nordeste",0,"220260",3,35,13,22,16,19,0,0,0,0,0,35,13,22,16,19,11,9.0955466139741,9.88913504631173,0.393221020392483,31
"2349","PI","Castelo do Piauí",19715,8915.5,22004,"Campo Maior",2,"Nordeste",0,"220260",4,18,8,10,9,9,0,0,0,0,0,18,8,10,9,9,10,9.0955466139741,9.88913504631173,0.425916888496462,30
"2350","PI","Castelo do Piauí",19715,8915.5,22004,"Campo Maior",2,"Nordeste",0,"220260",5,20,5,15,8,12,0,0,0,0,0,20,5,15,8,12,9,9.0955466139741,9.88913504631173,0.415599838729376,31
"2351","PI","Castelo do Piauí",19715,8915.5,22004,"Campo Maior",2,"Nordeste",0,"220260",6,15,6,9,5,10,0,0,0,0,0,15,6,9,5,10,10,9.0955466139741,9.88913504631173,0.385058656537648,30
"2352","PI","Castelo do Piauí",19715,8915.5,22004,"Campo Maior",2,"Nordeste",0,"220260",7,28,8,20,11,17,0,0,0,0,0,28,8,20,11,17,19,9.0955466139741,9.88913504631173,0.42530851240411,29
"2353","PI","Cocal",27845,7999.27,22002,"Litoral Piauiense",2,"Nordeste",0,"220270",2,59,31,28,24,35,0,0,0,0,0,59,31,28,24,35,12,8.98710556649844,10.2344086960238,0.324969238697229,29
"2354","PI","Cocal",27845,7999.27,22002,"Litoral Piauiense",2,"Nordeste",0,"220270",3,57,31,26,24,33,0,0,0,0,0,57,31,26,24,33,13,8.98710556649844,10.2344086960238,0.442882528982292,31
"2355","PI","Cocal",27845,7999.27,22002,"Litoral Piauiense",2,"Nordeste",0,"220270",4,37,21,16,15,22,0,0,0,0,0,37,21,16,15,22,15,8.98710556649844,10.2344086960238,0.478661732779147,30
"2356","PI","Cocal",27845,7999.27,22002,"Litoral Piauiense",2,"Nordeste",0,"220270",5,37,17,20,19,18,1,0,0,0,0,38,17,20,19,18,15,8.98710556649844,10.2344086960238,0.454472639663232,31
"2357","PI","Cocal",27845,7999.27,22002,"Litoral Piauiense",2,"Nordeste",0,"220270",6,39,23,16,17,22,0,0,0,0,0,39,23,16,17,22,19,8.98710556649844,10.2344086960238,0.42536022593193,30
"2358","PI","Cocal",27845,7999.27,22002,"Litoral Piauiense",2,"Nordeste",0,"220270",7,30,14,16,17,13,0,0,0,0,0,30,14,16,17,13,22,8.98710556649844,10.2344086960238,0.480120299133262,29
"2359","PI","Corrente",26709,17079.37,22012,"Chapadas do Extremo Sul Piauiense",2,"Nordeste",0,"220290",2,77,22,55,27,50,1,0,0,0,0,78,22,55,27,50,13,9.74562658141638,10.1927558662418,0.249965378527559,29
"2360","PI","Corrente",26709,17079.37,22012,"Chapadas do Extremo Sul Piauiense",2,"Nordeste",0,"220290",3,34,11,23,16,18,1,0,0,0,0,35,11,23,16,18,10,9.74562658141638,10.1927558662418,0.32776289072212,31
"2361","PI","Corrente",26709,17079.37,22012,"Chapadas do Extremo Sul Piauiense",2,"Nordeste",0,"220290",4,31,11,20,15,16,0,0,0,0,0,31,11,20,15,16,22,9.74562658141638,10.1927558662418,0.350461673345548,30
"2362","PI","Corrente",26709,17079.37,22012,"Chapadas do Extremo Sul Piauiense",2,"Nordeste",0,"220290",5,40,18,22,23,17,1,0,0,0,0,41,18,22,23,17,16,9.74562658141638,10.1927558662418,0.361837779345765,31
"2363","PI","Corrente",26709,17079.37,22012,"Chapadas do Extremo Sul Piauiense",2,"Nordeste",0,"220290",6,31,12,19,16,15,0,0,0,0,0,31,12,19,16,15,7,9.74562658141638,10.1927558662418,0.331406343477725,30
"2364","PI","Corrente",26709,17079.37,22012,"Chapadas do Extremo Sul Piauiense",2,"Nordeste",0,"220290",7,55,26,29,26,29,1,0,0,0,0,56,26,29,26,29,18,9.74562658141638,10.1927558662418,0.368925581270259,29
"2365","PI","Cristino Castro",10444,9800.11,22010,"Alto Médio Gurguéia",2,"Nordeste",0,"220310",2,33,15,18,15,18,0,0,0,0,0,33,15,18,15,18,7,9.19014888908547,9.25378292981902,0.257758129160172,29
"2366","PI","Cristino Castro",10444,9800.11,22010,"Alto Médio Gurguéia",2,"Nordeste",0,"220310",3,29,10,19,15,14,0,0,0,0,0,29,10,19,15,14,6,9.19014888908547,9.25378292981902,0.349398920580926,31
"2367","PI","Cristino Castro",10444,9800.11,22010,"Alto Médio Gurguéia",2,"Nordeste",0,"220310",4,12,4,8,3,9,0,0,0,0,0,12,4,8,3,9,5,9.19014888908547,9.25378292981902,0.351848115455379,30
"2368","PI","Cristino Castro",10444,9800.11,22010,"Alto Médio Gurguéia",2,"Nordeste",0,"220310",5,10,6,4,5,5,0,0,0,0,0,10,6,4,5,5,7,9.19014888908547,9.25378292981902,0.372043757751037,31
"2369","PI","Cristino Castro",10444,9800.11,22010,"Alto Médio Gurguéia",2,"Nordeste",0,"220310",6,17,8,9,9,8,0,0,0,0,0,17,8,9,9,8,1,9.19014888908547,9.25378292981902,0.354390894951548,30
"2370","PI","Cristino Castro",10444,9800.11,22010,"Alto Médio Gurguéia",2,"Nordeste",0,"220310",7,24,12,12,10,14,1,0,0,0,0,25,12,12,10,14,9,9.19014888908547,9.25378292981902,0.370779469090347,29
"2371","PI","Curimatá",11426,8990.73,22012,"Chapadas do Extremo Sul Piauiense",2,"Nordeste",0,"220320",2,22,11,11,10,12,0,0,0,0,0,22,11,11,10,12,5,9.10394932550383,9.34364673928441,0.269248272930885,29
"2372","PI","Curimatá",11426,8990.73,22012,"Chapadas do Extremo Sul Piauiense",2,"Nordeste",0,"220320",3,22,10,12,11,11,0,0,0,0,0,22,10,12,11,11,8,9.10394932550383,9.34364673928441,0.355091642385329,31
"2373","PI","Curimatá",11426,8990.73,22012,"Chapadas do Extremo Sul Piauiense",2,"Nordeste",0,"220320",4,14,8,6,7,7,0,0,0,0,0,14,8,6,7,7,5,9.10394932550383,9.34364673928441,0.361933935007053,30
"2374","PI","Curimatá",11426,8990.73,22012,"Chapadas do Extremo Sul Piauiense",2,"Nordeste",0,"220320",5,22,10,12,9,13,0,0,0,0,0,22,10,12,9,13,1,9.10394932550383,9.34364673928441,0.350797961462903,31
"2375","PI","Curimatá",11426,8990.73,22012,"Chapadas do Extremo Sul Piauiense",2,"Nordeste",0,"220320",6,11,6,5,5,6,0,0,0,0,0,11,6,5,5,6,4,9.10394932550383,9.34364673928441,0.339175309603625,30
"2376","PI","Curimatá",11426,8990.73,22012,"Chapadas do Extremo Sul Piauiense",2,"Nordeste",0,"220320",7,16,6,10,9,7,0,0,0,0,0,16,6,10,9,7,9,9.10394932550383,9.34364673928441,0.358606604287963,29
"2377","PI","Demerval Lobão",13840,12246.6,22003,"Teresina",2,"Nordeste",0,"220330",2,29,7,22,11,18,0,0,0,0,0,29,7,22,11,18,10,9.41300362642805,9.53531822917166,0.279587077126274,29
"2378","PI","Demerval Lobão",13840,12246.6,22003,"Teresina",2,"Nordeste",0,"220330",3,26,8,18,13,13,0,0,0,0,0,26,8,18,13,13,7,9.41300362642805,9.53531822917166,0.368904151654892,31
"2379","PI","Demerval Lobão",13840,12246.6,22003,"Teresina",2,"Nordeste",0,"220330",4,22,6,16,9,13,0,0,0,0,0,22,6,16,9,13,13,9.41300362642805,9.53531822917166,0.427326723047461,30
"2380","PI","Demerval Lobão",13840,12246.6,22003,"Teresina",2,"Nordeste",0,"220330",5,18,8,10,8,10,0,0,0,0,0,18,8,10,8,10,13,9.41300362642805,9.53531822917166,0.430313949185876,31
"2381","PI","Demerval Lobão",13840,12246.6,22003,"Teresina",2,"Nordeste",0,"220330",6,22,11,11,13,9,0,0,0,0,0,22,11,11,13,9,13,9.41300362642805,9.53531822917166,0.405404796082165,30
"2382","PI","Demerval Lobão",13840,12246.6,22003,"Teresina",2,"Nordeste",0,"220330",7,23,4,19,12,11,0,0,0,0,0,23,4,19,12,11,9,9.41300362642805,9.53531822917166,0.436314897163587,29
"2383","PI","Dom Expedito Lopes",6922,10880.85,22013,"Picos",2,"Nordeste",0,"220340",2,8,2,6,4,4,0,0,0,0,0,8,2,6,4,4,5,9.29475964235833,8.84246002419529,0.367842794215381,29
"2384","PI","Dom Expedito Lopes",6922,10880.85,22013,"Picos",2,"Nordeste",0,"220340",3,6,1,5,1,5,0,0,0,0,0,6,1,5,1,5,2,9.29475964235833,8.84246002419529,0.43692658245674,31
"2385","PI","Dom Expedito Lopes",6922,10880.85,22013,"Picos",2,"Nordeste",0,"220340",4,7,3,4,5,2,0,0,0,0,0,7,3,4,5,2,5,9.29475964235833,8.84246002419529,0.472520431620117,30
"2386","PI","Dom Expedito Lopes",6922,10880.85,22013,"Picos",2,"Nordeste",0,"220340",5,5,1,4,2,3,0,0,0,0,0,5,1,4,2,3,2,9.29475964235833,8.84246002419529,0.468940463883816,31
"2387","PI","Dom Expedito Lopes",6922,10880.85,22013,"Picos",2,"Nordeste",0,"220340",6,10,4,6,4,6,0,0,0,0,0,10,4,6,4,6,1,9.29475964235833,8.84246002419529,0.423153594775343,30
"2388","PI","Dom Expedito Lopes",6922,10880.85,22013,"Picos",2,"Nordeste",0,"220340",7,3,1,2,0,3,0,0,0,0,0,3,1,2,0,3,3,9.29475964235833,8.84246002419529,0.498924350161516,29
"2389","PI","Elesbão Veloso",14575,9461.37,22006,"Valença do Piauí",2,"Nordeste",0,"220350",2,18,6,12,5,13,0,0,0,0,0,18,6,12,5,13,10,9.15497247185646,9.58706301121869,0.235533585199948,29
"2390","PI","Elesbão Veloso",14575,9461.37,22006,"Valença do Piauí",2,"Nordeste",0,"220350",3,21,6,15,11,10,0,0,0,0,0,21,6,15,11,10,15,9.15497247185646,9.58706301121869,0.312349385577957,31
"2391","PI","Elesbão Veloso",14575,9461.37,22006,"Valença do Piauí",2,"Nordeste",0,"220350",4,11,3,8,2,9,1,0,0,0,0,12,3,8,2,9,9,9.15497247185646,9.58706301121869,0.379541865375674,30
"2392","PI","Elesbão Veloso",14575,9461.37,22006,"Valença do Piauí",2,"Nordeste",0,"220350",5,9,3,6,4,5,0,0,0,0,0,9,3,6,4,5,21,9.15497247185646,9.58706301121869,0.418266312437128,31
"2393","PI","Elesbão Veloso",14575,9461.37,22006,"Valença do Piauí",2,"Nordeste",0,"220350",6,12,7,5,6,6,1,0,0,0,0,13,7,5,6,6,13,9.15497247185646,9.58706301121869,0.375720818489471,30
"2394","PI","Elesbão Veloso",14575,9461.37,22006,"Valença do Piauí",2,"Nordeste",0,"220350",7,12,3,9,7,5,0,0,0,0,0,12,3,9,7,5,10,9.15497247185646,9.58706301121869,0.400326004839862,29
"2395","PI","Esperantina",39848,9472.03,22001,"Baixo Parnaíba Piauiense",2,"Nordeste",0,"220370",2,102,43,59,42,60,3,0,0,0,0,105,43,59,42,60,19,9.1560985243485,10.5928274947531,0.290259465027336,29
"2396","PI","Esperantina",39848,9472.03,22001,"Baixo Parnaíba Piauiense",2,"Nordeste",0,"220370",3,99,41,58,35,64,1,0,0,0,0,100,41,58,35,64,20,9.1560985243485,10.5928274947531,0.389492604887398,31
"2397","PI","Esperantina",39848,9472.03,22001,"Baixo Parnaíba Piauiense",2,"Nordeste",0,"220370",4,68,34,34,34,34,1,0,0,0,0,69,34,34,34,34,21,9.1560985243485,10.5928274947531,0.421203719347097,30
"2398","PI","Esperantina",39848,9472.03,22001,"Baixo Parnaíba Piauiense",2,"Nordeste",0,"220370",5,38,16,22,21,17,0,0,0,0,0,38,16,22,21,17,22,9.1560985243485,10.5928274947531,0.440502832092917,31
"2399","PI","Esperantina",39848,9472.03,22001,"Baixo Parnaíba Piauiense",2,"Nordeste",0,"220370",6,56,26,30,21,35,1,0,0,0,0,57,26,30,21,35,37,9.1560985243485,10.5928274947531,0.402294568652273,30
"2400","PI","Esperantina",39848,9472.03,22001,"Baixo Parnaíba Piauiense",2,"Nordeste",0,"220370",7,57,20,37,26,31,1,0,0,0,0,58,20,37,26,31,39,9.1560985243485,10.5928274947531,0.441223644161348,29
"2401","PI","Floriano",60025,18465.4,22009,"Floriano",2,"Nordeste",1,"220390",2,156,28,128,53,103,0,0,0,0,0,156,28,128,53,103,35,9.82365398965696,11.0025164210895,0.263193887917761,29
"2402","PI","Floriano",60025,18465.4,22009,"Floriano",2,"Nordeste",1,"220390",3,135,23,112,51,84,0,0,0,0,0,135,23,112,51,84,46,9.82365398965696,11.0025164210895,0.369698446291412,31
"2403","PI","Floriano",60025,18465.4,22009,"Floriano",2,"Nordeste",1,"220390",4,75,11,64,22,53,0,0,0,0,0,75,11,64,22,53,42,9.82365398965696,11.0025164210895,0.44141691548807,30
"2404","PI","Floriano",60025,18465.4,22009,"Floriano",2,"Nordeste",1,"220390",5,79,17,62,27,52,0,0,0,0,0,79,17,62,27,52,42,9.82365398965696,11.0025164210895,0.420538343640894,31
"2405","PI","Floriano",60025,18465.4,22009,"Floriano",2,"Nordeste",1,"220390",6,83,12,71,29,54,0,0,0,0,0,83,12,71,29,54,37,9.82365398965696,11.0025164210895,0.363430881957807,30
"2406","PI","Floriano",60025,18465.4,22009,"Floriano",2,"Nordeste",1,"220390",7,65,14,51,18,47,1,0,0,0,0,66,14,51,18,47,33,9.82365398965696,11.0025164210895,0.390470428449073,29
"2407","PI","Fronteiras",11659,8715.75,22015,"Alto Médio Canindé",2,"Nordeste",0,"220430",2,17,9,8,8,9,1,0,0,0,0,18,9,8,8,9,5,9.07288701277109,9.36383369293329,0.300607217076474,29
"2408","PI","Fronteiras",11659,8715.75,22015,"Alto Médio Canindé",2,"Nordeste",0,"220430",3,14,4,10,6,8,1,0,0,0,0,15,4,10,6,8,6,9.07288701277109,9.36383369293329,0.389762512583199,31
"2409","PI","Fronteiras",11659,8715.75,22015,"Alto Médio Canindé",2,"Nordeste",0,"220430",4,9,4,5,4,5,0,0,0,0,0,9,4,5,4,5,7,9.07288701277109,9.36383369293329,0.427629660343205,30
"2410","PI","Fronteiras",11659,8715.75,22015,"Alto Médio Canindé",2,"Nordeste",0,"220430",5,5,2,3,2,3,0,0,0,0,0,5,2,3,2,3,7,9.07288701277109,9.36383369293329,0.440269948358951,31
"2411","PI","Fronteiras",11659,8715.75,22015,"Alto Médio Canindé",2,"Nordeste",0,"220430",6,12,2,10,5,7,0,0,0,0,0,12,2,10,5,7,5,9.07288701277109,9.36383369293329,0.40959899839126,30
"2412","PI","Fronteiras",11659,8715.75,22015,"Alto Médio Canindé",2,"Nordeste",0,"220430",7,9,3,6,6,3,0,0,0,0,0,9,3,6,6,3,4,9.07288701277109,9.36383369293329,0.438609150287468,29
"2413","PI","Geminiano",5460,8660.45,22013,"Picos",2,"Nordeste",0,"220435",2,21,6,15,7,14,0,0,0,0,0,21,6,15,7,14,3,9.06652196325495,8.60520406873895,0.322369923538597,29
"2414","PI","Geminiano",5460,8660.45,22013,"Picos",2,"Nordeste",0,"220435",3,13,5,8,7,6,0,0,0,0,0,13,5,8,7,6,6,9.06652196325495,8.60520406873895,0.40739787081103,31
"2415","PI","Geminiano",5460,8660.45,22013,"Picos",2,"Nordeste",0,"220435",4,6,3,3,2,4,0,0,0,0,0,6,3,3,2,4,3,9.06652196325495,8.60520406873895,0.40546434318598,30
"2416","PI","Geminiano",5460,8660.45,22013,"Picos",2,"Nordeste",0,"220435",5,4,2,2,2,2,0,0,0,0,0,4,2,2,2,2,1,9.06652196325495,8.60520406873895,0.388064010047362,31
"2417","PI","Geminiano",5460,8660.45,22013,"Picos",2,"Nordeste",0,"220435",6,11,3,8,5,6,0,0,0,0,0,11,3,8,5,6,3,9.06652196325495,8.60520406873895,0.349353590752785,30
"2418","PI","Geminiano",5460,8660.45,22013,"Picos",2,"Nordeste",0,"220435",7,10,5,5,7,3,0,0,0,0,0,10,5,5,7,3,8,9.06652196325495,8.60520406873895,0.411237789128126,29
"2419","PI","Gilbués",10694,21181.84,22010,"Alto Médio Gurguéia",2,"Nordeste",0,"220440",2,24,8,16,9,15,1,0,0,0,0,25,8,16,9,15,6,9.96089948979185,9.27743811550868,0.274130621008416,29
"2420","PI","Gilbués",10694,21181.84,22010,"Alto Médio Gurguéia",2,"Nordeste",0,"220440",3,23,10,13,10,13,0,0,0,0,0,23,10,13,10,13,3,9.96089948979185,9.27743811550868,0.320848757171658,31
"2421","PI","Gilbués",10694,21181.84,22010,"Alto Médio Gurguéia",2,"Nordeste",0,"220440",4,11,2,9,6,5,1,0,0,0,0,12,2,9,6,5,1,9.96089948979185,9.27743811550868,0.356495158513551,30
"2422","PI","Gilbués",10694,21181.84,22010,"Alto Médio Gurguéia",2,"Nordeste",0,"220440",5,15,11,4,9,6,1,0,0,0,0,16,11,4,9,6,4,9.96089948979185,9.27743811550868,0.338755409379552,31
"2423","PI","Gilbués",10694,21181.84,22010,"Alto Médio Gurguéia",2,"Nordeste",0,"220440",6,10,3,7,4,6,0,0,0,0,0,10,3,7,4,6,8,9.96089948979185,9.27743811550868,0.333853601173337,30
"2424","PI","Gilbués",10694,21181.84,22010,"Alto Médio Gurguéia",2,"Nordeste",0,"220440",7,13,5,8,6,7,0,0,0,0,0,13,5,8,6,7,4,9.96089948979185,9.27743811550868,0.342278859829889,29
"2425","PI","Guadalupe",10497,70596.56,22009,"Floriano",2,"Nordeste",0,"220450",2,12,7,5,6,6,0,0,0,0,0,12,7,5,6,6,5,11.1647366970818,9.2588447810358,0.276908041941162,29
"2426","PI","Guadalupe",10497,70596.56,22009,"Floriano",2,"Nordeste",0,"220450",3,23,6,17,9,14,0,0,0,0,0,23,6,17,9,14,8,11.1647366970818,9.2588447810358,0.355067233499039,31
"2427","PI","Guadalupe",10497,70596.56,22009,"Floriano",2,"Nordeste",0,"220450",4,12,3,9,5,7,0,0,0,0,0,12,3,9,5,7,7,11.1647366970818,9.2588447810358,0.377352340905807,30
"2428","PI","Guadalupe",10497,70596.56,22009,"Floriano",2,"Nordeste",0,"220450",5,14,5,9,8,6,0,0,0,0,0,14,5,9,8,6,3,11.1647366970818,9.2588447810358,0.354929829170115,31
"2429","PI","Guadalupe",10497,70596.56,22009,"Floriano",2,"Nordeste",0,"220450",6,22,8,14,14,8,0,0,0,0,0,22,8,14,14,8,3,11.1647366970818,9.2588447810358,0.312932631850702,30
"2430","PI","Guadalupe",10497,70596.56,22009,"Floriano",2,"Nordeste",0,"220450",7,16,4,12,8,8,0,0,0,0,0,16,4,12,8,8,3,11.1647366970818,9.2588447810358,0.377279390157126,29
"2431","PI","Inhuma",15319,8959.41,22006,"Valença do Piauí",2,"Nordeste",0,"220470",2,16,3,13,10,6,0,0,0,0,0,16,3,13,10,6,12,9.1004596555866,9.6368491670127,0.264749435474923,29
"2432","PI","Inhuma",15319,8959.41,22006,"Valença do Piauí",2,"Nordeste",0,"220470",3,26,5,21,14,12,1,0,0,0,0,27,5,21,14,12,10,9.1004596555866,9.6368491670127,0.369305030621311,31
"2433","PI","Inhuma",15319,8959.41,22006,"Valença do Piauí",2,"Nordeste",0,"220470",4,13,1,12,2,11,0,0,0,0,0,13,1,12,2,11,5,9.1004596555866,9.6368491670127,0.400527423178466,30
"2434","PI","Inhuma",15319,8959.41,22006,"Valença do Piauí",2,"Nordeste",0,"220470",5,13,4,9,7,6,0,0,0,0,0,13,4,9,7,6,7,9.1004596555866,9.6368491670127,0.401581298644451,31
"2435","PI","Inhuma",15319,8959.41,22006,"Valença do Piauí",2,"Nordeste",0,"220470",6,20,5,15,13,7,1,0,0,0,0,21,5,15,13,7,16,9.1004596555866,9.6368491670127,0.365897720399487,30
"2436","PI","Inhuma",15319,8959.41,22006,"Valença do Piauí",2,"Nordeste",0,"220470",7,22,2,20,8,14,0,0,0,0,0,22,2,20,8,14,7,9.1004596555866,9.6368491670127,0.394698905217805,29
"2437","PI","Ipiranga do Piauí",9838,7368.94,22013,"Picos",2,"Nordeste",0,"220480",2,16,3,13,9,7,0,0,0,0,0,16,3,13,9,7,5,8.90502914851645,9.19400771735529,0.264675247236392,29
"2438","PI","Ipiranga do Piauí",9838,7368.94,22013,"Picos",2,"Nordeste",0,"220480",3,13,4,9,4,9,1,0,0,0,0,14,4,9,4,9,4,8.90502914851645,9.19400771735529,0.368732880620942,31
"2439","PI","Ipiranga do Piauí",9838,7368.94,22013,"Picos",2,"Nordeste",0,"220480",4,12,3,9,5,7,0,0,0,0,0,12,3,9,5,7,5,8.90502914851645,9.19400771735529,0.384120645607136,30
"2440","PI","Ipiranga do Piauí",9838,7368.94,22013,"Picos",2,"Nordeste",0,"220480",5,9,5,4,3,6,0,0,0,0,0,9,5,4,3,6,5,8.90502914851645,9.19400771735529,0.411039856845655,31
"2441","PI","Ipiranga do Piauí",9838,7368.94,22013,"Picos",2,"Nordeste",0,"220480",6,7,1,6,3,4,0,0,0,0,0,7,1,6,3,4,7,8.90502914851645,9.19400771735529,0.394460044378091,30
"2442","PI","Ipiranga do Piauí",9838,7368.94,22013,"Picos",2,"Nordeste",0,"220480",7,13,4,9,5,8,1,0,0,0,0,14,4,9,5,8,9,8.90502914851645,9.19400771735529,0.425697071391451,29
"2443","PI","Itainópolis",11551,7712.13,22015,"Alto Médio Canindé",2,"Nordeste",0,"220500",2,16,5,11,5,11,0,0,0,0,0,16,5,11,5,11,6,8.95054969299478,9.35452729228868,0.250815954924774,29
"2444","PI","Itainópolis",11551,7712.13,22015,"Alto Médio Canindé",2,"Nordeste",0,"220500",3,10,2,8,8,2,0,0,0,0,0,10,2,8,8,2,8,8.95054969299478,9.35452729228868,0.343739765183193,31
"2445","PI","Itainópolis",11551,7712.13,22015,"Alto Médio Canindé",2,"Nordeste",0,"220500",4,8,2,6,5,3,0,0,0,0,0,8,2,6,5,3,7,8.95054969299478,9.35452729228868,0.383184046386137,30
"2446","PI","Itainópolis",11551,7712.13,22015,"Alto Médio Canindé",2,"Nordeste",0,"220500",5,7,2,5,3,4,0,0,0,0,0,7,2,5,3,4,6,8.95054969299478,9.35452729228868,0.389665554947201,31
"2447","PI","Itainópolis",11551,7712.13,22015,"Alto Médio Canindé",2,"Nordeste",0,"220500",6,11,3,8,4,7,0,0,0,0,0,11,3,8,4,7,5,8.95054969299478,9.35452729228868,0.358537991624966,30
"2448","PI","Itainópolis",11551,7712.13,22015,"Alto Médio Canindé",2,"Nordeste",0,"220500",7,10,4,6,6,4,1,0,0,0,0,11,4,6,6,4,4,8.95054969299478,9.35452729228868,0.378964783437253,29
"2449","PI","Itaueira",11028,10006.91,22009,"Floriano",2,"Nordeste",0,"220510",2,12,5,7,6,6,0,0,0,0,0,12,5,7,6,6,2,9.2110311333456,9.30819277214369,0.247299393844139,29
"2450","PI","Itaueira",11028,10006.91,22009,"Floriano",2,"Nordeste",0,"220510",3,13,6,7,4,9,0,0,0,0,0,13,6,7,4,9,9,9.2110311333456,9.30819277214369,0.312737456490864,31
"2451","PI","Itaueira",11028,10006.91,22009,"Floriano",2,"Nordeste",0,"220510",4,10,4,6,5,5,0,0,0,0,0,10,4,6,5,5,10,9.2110311333456,9.30819277214369,0.341999777559617,30
"2452","PI","Itaueira",11028,10006.91,22009,"Floriano",2,"Nordeste",0,"220510",5,9,3,6,2,7,0,0,0,0,0,9,3,6,2,7,4,9.2110311333456,9.30819277214369,0.336169918740245,31
"2453","PI","Itaueira",11028,10006.91,22009,"Floriano",2,"Nordeste",0,"220510",6,14,6,8,8,6,0,0,0,0,0,14,6,8,8,6,4,9.2110311333456,9.30819277214369,0.335734540613763,30
"2454","PI","Itaueira",11028,10006.91,22009,"Floriano",2,"Nordeste",0,"220510",7,8,2,6,5,3,0,0,0,0,0,8,2,6,5,3,6,9.2110311333456,9.30819277214369,0.371345050760987,29
"2455","PI","Jaicós",19170,9027.86,22015,"Alto Médio Canindé",2,"Nordeste",0,"220520",2,36,18,18,13,23,1,0,0,0,0,37,18,18,13,23,4,9.1080706305066,9.86110183603969,0.2534678724657,29
"2456","PI","Jaicós",19170,9027.86,22015,"Alto Médio Canindé",2,"Nordeste",0,"220520",3,25,14,11,11,14,0,0,0,0,0,25,14,11,11,14,18,9.1080706305066,9.86110183603969,0.345171306508313,31
"2457","PI","Jaicós",19170,9027.86,22015,"Alto Médio Canindé",2,"Nordeste",0,"220520",4,18,10,8,10,8,1,0,0,0,0,19,10,8,10,8,12,9.1080706305066,9.86110183603969,0.369860975571849,30
"2458","PI","Jaicós",19170,9027.86,22015,"Alto Médio Canindé",2,"Nordeste",0,"220520",5,19,8,11,10,9,0,0,0,0,0,19,8,11,10,9,6,9.1080706305066,9.86110183603969,0.382846464215907,31
"2459","PI","Jaicós",19170,9027.86,22015,"Alto Médio Canindé",2,"Nordeste",0,"220520",6,34,15,19,11,23,0,0,0,0,0,34,15,19,11,23,10,9.1080706305066,9.86110183603969,0.355336255216595,30
"2460","PI","Jaicós",19170,9027.86,22015,"Alto Médio Canindé",2,"Nordeste",0,"220520",7,22,15,7,13,9,0,0,0,0,0,22,15,7,13,9,11,9.1080706305066,9.86110183603969,0.403437703541578,29
"2461","PI","Joaquim Pires",14376,6745,22001,"Baixo Parnaíba Piauiense",2,"Nordeste",0,"220540",2,32,14,18,14,18,0,0,0,0,0,32,14,18,14,18,9,8.81655676864186,9.5733154284634,0.321478335695925,29
"2462","PI","Joaquim Pires",14376,6745,22001,"Baixo Parnaíba Piauiense",2,"Nordeste",0,"220540",3,24,16,8,13,11,1,0,0,0,0,25,16,8,13,11,5,8.81655676864186,9.5733154284634,0.444840883709935,31
"2463","PI","Joaquim Pires",14376,6745,22001,"Baixo Parnaíba Piauiense",2,"Nordeste",0,"220540",4,11,1,10,4,7,0,0,0,0,0,11,1,10,4,7,6,8.81655676864186,9.5733154284634,0.428778494781311,30
"2464","PI","Joaquim Pires",14376,6745,22001,"Baixo Parnaíba Piauiense",2,"Nordeste",0,"220540",5,22,13,9,8,14,0,0,0,0,0,22,13,9,8,14,4,8.81655676864186,9.5733154284634,0.46294112630704,31
"2465","PI","Joaquim Pires",14376,6745,22001,"Baixo Parnaíba Piauiense",2,"Nordeste",0,"220540",6,16,6,10,9,7,0,0,0,0,0,16,6,10,9,7,11,8.81655676864186,9.5733154284634,0.46545309104613,30
"2466","PI","Joaquim Pires",14376,6745,22001,"Baixo Parnaíba Piauiense",2,"Nordeste",0,"220540",7,15,8,7,6,9,0,0,0,0,0,15,8,7,6,9,15,8.81655676864186,9.5733154284634,0.515420969082426,29
"2467","PI","José de Freitas",39336,8962.16,22003,"Teresina",2,"Nordeste",0,"220550",2,103,37,66,48,55,2,0,0,0,0,105,37,66,48,55,23,9.1007665483445,10.5798954090918,0.268322907447593,29
"2468","PI","José de Freitas",39336,8962.16,22003,"Teresina",2,"Nordeste",0,"220550",3,84,30,54,40,44,0,0,0,0,0,84,30,54,40,44,26,9.1007665483445,10.5798954090918,0.378122719516732,31
"2469","PI","José de Freitas",39336,8962.16,22003,"Teresina",2,"Nordeste",0,"220550",4,45,18,27,20,25,0,0,0,0,0,45,18,27,20,25,25,9.1007665483445,10.5798954090918,0.423767871537235,30
"2470","PI","José de Freitas",39336,8962.16,22003,"Teresina",2,"Nordeste",0,"220550",5,34,13,21,10,24,0,0,0,0,0,34,13,21,10,24,19,9.1007665483445,10.5798954090918,0.415958549052465,31
"2471","PI","José de Freitas",39336,8962.16,22003,"Teresina",2,"Nordeste",0,"220550",6,49,13,36,26,23,0,0,0,0,0,49,13,36,26,23,25,9.1007665483445,10.5798954090918,0.387002611010955,30
"2472","PI","José de Freitas",39336,8962.16,22003,"Teresina",2,"Nordeste",0,"220550",7,44,13,31,21,23,1,0,0,0,0,45,13,31,21,23,28,9.1007665483445,10.5798954090918,0.416993952960999,29
"2473","PI","Lagoa do Barro do Piauí",4656,38007.17,22015,"Alto Médio Canindé",2,"Nordeste",0,"220556",2,10,3,7,6,4,0,0,0,0,0,10,3,7,6,4,2,10.5455301051204,8.44591198941127,0.221286805144653,29
"2474","PI","Lagoa do Barro do Piauí",4656,38007.17,22015,"Alto Médio Canindé",2,"Nordeste",0,"220556",3,9,3,6,4,5,0,0,0,0,0,9,3,6,4,5,1,10.5455301051204,8.44591198941127,0.286306583413287,31
"2475","PI","Lagoa do Barro do Piauí",4656,38007.17,22015,"Alto Médio Canindé",2,"Nordeste",0,"220556",4,3,1,2,1,2,0,0,0,0,0,3,1,2,1,2,3,10.5455301051204,8.44591198941127,0.324759366775887,30
"2476","PI","Lagoa do Barro do Piauí",4656,38007.17,22015,"Alto Médio Canindé",2,"Nordeste",0,"220556",5,4,1,3,2,2,0,0,0,0,0,4,1,3,2,2,2,10.5455301051204,8.44591198941127,0.350272939910259,31
"2477","PI","Lagoa do Barro do Piauí",4656,38007.17,22015,"Alto Médio Canindé",2,"Nordeste",0,"220556",6,5,3,2,3,2,0,0,0,0,0,5,3,2,3,2,4,10.5455301051204,8.44591198941127,0.319066318228933,30
"2478","PI","Lagoa do Barro do Piauí",4656,38007.17,22015,"Alto Médio Canindé",2,"Nordeste",0,"220556",7,1,0,1,0,1,0,0,0,0,0,1,0,1,0,1,4,10.5455301051204,8.44591198941127,0.339447917693379,29
"2479","PI","Luís Correia",30438,10137.26,22002,"Litoral Piauiense",2,"Nordeste",0,"220570",2,69,30,39,34,35,0,0,0,0,0,69,30,39,34,35,17,9.22397302366747,10.3234471067947,0.324240673778743,29
"2480","PI","Luís Correia",30438,10137.26,22002,"Litoral Piauiense",2,"Nordeste",0,"220570",3,59,29,30,26,33,0,0,0,0,0,59,29,30,26,33,11,9.22397302366747,10.3234471067947,0.413557252626325,31
"2481","PI","Luís Correia",30438,10137.26,22002,"Litoral Piauiense",2,"Nordeste",0,"220570",4,32,16,16,11,21,0,0,0,0,0,32,16,16,11,21,6,9.22397302366747,10.3234471067947,0.473112445033549,30
"2482","PI","Luís Correia",30438,10137.26,22002,"Litoral Piauiense",2,"Nordeste",0,"220570",5,40,21,19,20,20,0,0,0,0,0,40,21,19,20,20,13,9.22397302366747,10.3234471067947,0.491326781868058,31
"2483","PI","Luís Correia",30438,10137.26,22002,"Litoral Piauiense",2,"Nordeste",0,"220570",6,45,24,21,24,21,1,0,0,0,0,46,24,21,24,21,19,9.22397302366747,10.3234471067947,0.452445413973194,30
"2484","PI","Luís Correia",30438,10137.26,22002,"Litoral Piauiense",2,"Nordeste",0,"220570",7,38,13,25,20,18,0,0,0,0,0,38,13,25,20,18,26,9.22397302366747,10.3234471067947,0.472674581023322,29
"2485","PI","Luzilândia",25504,8110.41,22001,"Baixo Parnaíba Piauiense",2,"Nordeste",0,"220580",2,52,17,35,28,24,0,0,0,0,0,52,17,35,28,24,11,9.00090370070213,10.1465905815899,0.269636034665544,29
"2486","PI","Luzilândia",25504,8110.41,22001,"Baixo Parnaíba Piauiense",2,"Nordeste",0,"220580",3,44,13,31,17,27,1,0,0,0,0,45,13,31,17,27,13,9.00090370070213,10.1465905815899,0.37398011136127,31
"2487","PI","Luzilândia",25504,8110.41,22001,"Baixo Parnaíba Piauiense",2,"Nordeste",0,"220580",4,22,6,16,7,15,0,0,0,0,0,22,6,16,7,15,9,9.00090370070213,10.1465905815899,0.411126563509001,30
"2488","PI","Luzilândia",25504,8110.41,22001,"Baixo Parnaíba Piauiense",2,"Nordeste",0,"220580",5,19,13,6,9,10,0,0,0,0,0,19,13,6,9,10,19,9.00090370070213,10.1465905815899,0.441038951230121,31
"2489","PI","Luzilândia",25504,8110.41,22001,"Baixo Parnaíba Piauiense",2,"Nordeste",0,"220580",6,27,15,12,14,13,1,0,0,0,0,28,15,12,14,13,31,9.00090370070213,10.1465905815899,0.429505393425703,30
"2490","PI","Luzilândia",25504,8110.41,22001,"Baixo Parnaíba Piauiense",2,"Nordeste",0,"220580",7,24,8,16,13,11,0,0,0,0,0,24,8,16,13,11,36,9.00090370070213,10.1465905815899,0.465811898822892,29
"2491","PI","Marcolândia",8543,8248.42,22015,"Alto Médio Canindé",2,"Nordeste",0,"220595",2,20,8,12,13,7,0,0,0,0,0,20,8,12,13,7,3,9.01777694583584,9.05286751315162,0.243406826563396,29
"2492","PI","Marcolândia",8543,8248.42,22015,"Alto Médio Canindé",2,"Nordeste",0,"220595",3,12,7,5,9,3,0,0,0,0,0,12,7,5,9,3,5,9.01777694583584,9.05286751315162,0.312342132385672,31
"2493","PI","Marcolândia",8543,8248.42,22015,"Alto Médio Canindé",2,"Nordeste",0,"220595",4,5,1,4,4,1,0,0,0,0,0,5,1,4,4,1,5,9.01777694583584,9.05286751315162,0.326347141831899,30
"2494","PI","Marcolândia",8543,8248.42,22015,"Alto Médio Canindé",2,"Nordeste",0,"220595",5,17,6,11,7,10,1,0,0,0,0,18,6,11,7,10,4,9.01777694583584,9.05286751315162,0.386242203197768,31
"2495","PI","Marcolândia",8543,8248.42,22015,"Alto Médio Canindé",2,"Nordeste",0,"220595",6,8,4,4,4,4,0,0,0,0,0,8,4,4,4,4,5,9.01777694583584,9.05286751315162,0.313534680511812,30
"2496","PI","Marcolândia",8543,8248.42,22015,"Alto Médio Canindé",2,"Nordeste",0,"220595",7,7,1,6,4,3,0,0,0,0,0,7,1,6,4,3,7,9.01777694583584,9.05286751315162,0.372416048697637,29
"2497","PI","Matias Olímpio",10958,7071.35,22001,"Baixo Parnaíba Piauiense",2,"Nordeste",0,"220610",2,19,7,12,10,9,0,0,0,0,0,19,7,12,10,9,5,8.86380668832863,9.30182506209836,0.300956306234237,29
"2498","PI","Matias Olímpio",10958,7071.35,22001,"Baixo Parnaíba Piauiense",2,"Nordeste",0,"220610",3,26,10,16,15,11,1,0,0,0,0,27,10,16,15,11,8,8.86380668832863,9.30182506209836,0.340558593776806,31
"2499","PI","Matias Olímpio",10958,7071.35,22001,"Baixo Parnaíba Piauiense",2,"Nordeste",0,"220610",4,3,1,2,1,2,0,0,0,0,0,3,1,2,1,2,5,8.86380668832863,9.30182506209836,0.415519157559281,30
"2500","PI","Matias Olímpio",10958,7071.35,22001,"Baixo Parnaíba Piauiense",2,"Nordeste",0,"220610",5,19,7,12,5,14,0,0,0,0,0,19,7,12,5,14,4,8.86380668832863,9.30182506209836,0.47719891540722,31
"2501","PI","Matias Olímpio",10958,7071.35,22001,"Baixo Parnaíba Piauiense",2,"Nordeste",0,"220610",6,11,6,5,4,7,1,0,0,0,0,12,6,5,4,7,3,8.86380668832863,9.30182506209836,0.422834499145008,30
"2502","PI","Matias Olímpio",10958,7071.35,22001,"Baixo Parnaíba Piauiense",2,"Nordeste",0,"220610",7,11,8,3,7,4,0,0,0,0,0,11,8,3,7,4,5,8.86380668832863,9.30182506209836,0.445760532491203,29
"2503","PI","Miguel Alves",33833,7090.86,22001,"Baixo Parnaíba Piauiense",2,"Nordeste",0,"220620",2,58,36,22,22,36,0,0,0,0,0,58,36,22,22,36,8,8.86656190977247,10.4291919365306,0.28095492175476,29
"2504","PI","Miguel Alves",33833,7090.86,22001,"Baixo Parnaíba Piauiense",2,"Nordeste",0,"220620",3,42,24,18,23,19,1,0,0,0,0,43,24,18,23,19,14,8.86656190977247,10.4291919365306,0.341869440792784,31
"2505","PI","Miguel Alves",33833,7090.86,22001,"Baixo Parnaíba Piauiense",2,"Nordeste",0,"220620",4,26,17,9,9,17,0,0,0,0,0,26,17,9,9,17,20,8.86656190977247,10.4291919365306,0.376314083922089,30
"2506","PI","Miguel Alves",33833,7090.86,22001,"Baixo Parnaíba Piauiense",2,"Nordeste",0,"220620",5,31,18,13,19,12,2,0,0,0,0,33,18,13,19,12,25,8.86656190977247,10.4291919365306,0.43214153415877,31
"2507","PI","Miguel Alves",33833,7090.86,22001,"Baixo Parnaíba Piauiense",2,"Nordeste",0,"220620",6,36,25,11,18,18,0,0,0,0,0,36,25,11,18,18,19,8.86656190977247,10.4291919365306,0.424330765349397,30
"2508","PI","Miguel Alves",33833,7090.86,22001,"Baixo Parnaíba Piauiense",2,"Nordeste",0,"220620",7,49,22,27,23,26,1,0,0,0,0,50,22,27,23,26,15,8.86656190977247,10.4291919365306,0.452207988961722,29
"2509","PI","Monsenhor Gil",10564,8898.35,22003,"Teresina",2,"Nordeste",0,"220640",2,18,6,12,9,9,0,0,0,0,0,18,6,12,9,9,3,9.09362114527435,9.26520727341702,0.300578936922827,29
"2510","PI","Monsenhor Gil",10564,8898.35,22003,"Teresina",2,"Nordeste",0,"220640",3,20,6,14,9,11,0,0,0,0,0,20,6,14,9,11,6,9.09362114527435,9.26520727341702,0.388857517282567,31
"2511","PI","Monsenhor Gil",10564,8898.35,22003,"Teresina",2,"Nordeste",0,"220640",4,8,2,6,4,4,0,0,0,0,0,8,2,6,4,4,6,9.09362114527435,9.26520727341702,0.424105848049229,30
"2512","PI","Monsenhor Gil",10564,8898.35,22003,"Teresina",2,"Nordeste",0,"220640",5,12,2,10,4,8,0,0,0,0,0,12,2,10,4,8,6,9.09362114527435,9.26520727341702,0.437677363013895,31
"2513","PI","Monsenhor Gil",10564,8898.35,22003,"Teresina",2,"Nordeste",0,"220640",6,14,5,9,7,7,1,0,0,0,0,15,5,9,7,7,6,9.09362114527435,9.26520727341702,0.372547820390004,30
"2514","PI","Monsenhor Gil",10564,8898.35,22003,"Teresina",2,"Nordeste",0,"220640",7,9,2,7,3,6,0,0,0,0,0,9,2,7,3,6,6,9.09362114527435,9.26520727341702,0.392778343264215,29
"2515","PI","Monte Alegre do Piauí",10615,18484.95,22010,"Alto Médio Gurguéia",2,"Nordeste",0,"220660",2,32,14,18,19,13,0,0,0,0,0,32,14,18,19,13,5,9.82471216647121,9.27002337413736,0.274237155268812,29
"2516","PI","Monte Alegre do Piauí",10615,18484.95,22010,"Alto Médio Gurguéia",2,"Nordeste",0,"220660",3,22,10,12,11,11,0,0,0,0,0,22,10,12,11,11,8,9.82471216647121,9.27002337413736,0.367256772970786,31
"2517","PI","Monte Alegre do Piauí",10615,18484.95,22010,"Alto Médio Gurguéia",2,"Nordeste",0,"220660",4,18,5,13,13,5,0,0,0,0,0,18,5,13,13,5,6,9.82471216647121,9.27002337413736,0.363825341269964,30
"2518","PI","Monte Alegre do Piauí",10615,18484.95,22010,"Alto Médio Gurguéia",2,"Nordeste",0,"220660",5,22,12,10,12,10,0,0,0,0,0,22,12,10,12,10,6,9.82471216647121,9.27002337413736,0.39467207865962,31
"2519","PI","Monte Alegre do Piauí",10615,18484.95,22010,"Alto Médio Gurguéia",2,"Nordeste",0,"220660",6,14,4,10,8,6,0,0,0,0,0,14,4,10,8,6,1,9.82471216647121,9.27002337413736,0.385348006415379,30
"2520","PI","Monte Alegre do Piauí",10615,18484.95,22010,"Alto Médio Gurguéia",2,"Nordeste",0,"220660",7,14,6,8,8,6,0,0,0,0,0,14,6,8,8,6,9,9.82471216647121,9.27002337413736,0.422971812247269,29
"2521","PI","Nazária",8602,10205.47,22003,"Teresina",2,"Nordeste",0,"220672",2,27,10,17,17,10,0,0,0,0,0,27,10,17,17,10,5,9.23067913003838,9.05975001334368,0.306127383945175,29
"2522","PI","Nazária",8602,10205.47,22003,"Teresina",2,"Nordeste",0,"220672",3,26,12,14,10,16,0,0,0,0,0,26,12,14,10,16,8,9.23067913003838,9.05975001334368,0.403898623722794,31
"2523","PI","Nazária",8602,10205.47,22003,"Teresina",2,"Nordeste",0,"220672",4,8,2,6,6,2,0,0,0,0,0,8,2,6,6,2,3,9.23067913003838,9.05975001334368,0.411756986873976,30
"2524","PI","Nazária",8602,10205.47,22003,"Teresina",2,"Nordeste",0,"220672",5,12,4,8,6,6,0,0,0,0,0,12,4,8,6,6,5,9.23067913003838,9.05975001334368,0.448089867027017,31
"2525","PI","Nazária",8602,10205.47,22003,"Teresina",2,"Nordeste",0,"220672",6,11,5,6,8,3,0,0,0,0,0,11,5,6,8,3,2,9.23067913003838,9.05975001334368,0.430918927984063,30
"2526","PI","Nazária",8602,10205.47,22003,"Teresina",2,"Nordeste",0,"220672",7,12,4,8,3,9,0,0,0,0,0,12,4,8,3,9,10,9.23067913003838,9.05975001334368,0.435796151553018,29
"2527","PI","Novo Oriente do Piauí",6556,6968.94,22006,"Valença do Piauí",2,"Nordeste",0,"220690",2,11,4,7,5,6,0,0,0,0,0,11,4,7,5,6,5,8.84921841184485,8.78813593986372,0.305996816428039,29
"2528","PI","Novo Oriente do Piauí",6556,6968.94,22006,"Valença do Piauí",2,"Nordeste",0,"220690",3,4,3,1,1,3,0,0,0,0,0,4,3,1,1,3,3,8.84921841184485,8.78813593986372,0.365297557864731,31
"2529","PI","Novo Oriente do Piauí",6556,6968.94,22006,"Valença do Piauí",2,"Nordeste",0,"220690",4,5,1,4,4,1,1,0,0,0,0,6,1,4,4,1,5,8.84921841184485,8.78813593986372,0.423407120133985,30
"2530","PI","Novo Oriente do Piauí",6556,6968.94,22006,"Valença do Piauí",2,"Nordeste",0,"220690",5,2,1,1,1,1,0,0,0,0,0,2,1,1,1,1,3,8.84921841184485,8.78813593986372,0.425679615236008,31
"2531","PI","Novo Oriente do Piauí",6556,6968.94,22006,"Valença do Piauí",2,"Nordeste",0,"220690",6,4,1,3,3,1,0,0,0,0,0,4,1,3,3,1,7,8.84921841184485,8.78813593986372,0.376426717100372,30
"2532","PI","Novo Oriente do Piauí",6556,6968.94,22006,"Valença do Piauí",2,"Nordeste",0,"220690",7,3,1,2,1,2,0,0,0,0,0,3,1,2,1,2,4,8.84921841184485,8.78813593986372,0.400537814983468,29
"2533","PI","Oeiras",37085,11928.73,22013,"Picos",2,"Nordeste",0,"220700",2,68,16,52,39,29,0,0,0,0,0,68,16,52,39,29,26,9.38670505510845,10.5209678541707,0.257399742509168,29
"2534","PI","Oeiras",37085,11928.73,22013,"Picos",2,"Nordeste",0,"220700",3,78,19,59,41,37,0,0,0,0,0,78,19,59,41,37,25,9.38670505510845,10.5209678541707,0.346718340293967,31
"2535","PI","Oeiras",37085,11928.73,22013,"Picos",2,"Nordeste",0,"220700",4,42,12,30,16,26,0,0,0,0,0,42,12,30,16,26,17,9.38670505510845,10.5209678541707,0.386492861671467,30
"2536","PI","Oeiras",37085,11928.73,22013,"Picos",2,"Nordeste",0,"220700",5,39,7,32,13,26,1,0,0,0,0,40,7,32,13,26,19,9.38670505510845,10.5209678541707,0.394520981010556,31
"2537","PI","Oeiras",37085,11928.73,22013,"Picos",2,"Nordeste",0,"220700",6,40,12,28,16,24,0,0,0,0,0,40,12,28,16,24,25,9.38670505510845,10.5209678541707,0.365399173863315,30
"2538","PI","Oeiras",37085,11928.73,22013,"Picos",2,"Nordeste",0,"220700",7,42,8,34,19,23,0,0,0,0,0,42,8,34,19,23,25,9.38670505510845,10.5209678541707,0.398630484091418,29
"2539","PI","Palmeirais",14587,7313.76,22005,"Médio Parnaíba Piauiense",2,"Nordeste",0,"220750",2,22,10,12,10,12,0,0,0,0,0,22,10,12,10,12,4,8.89751278438915,9.58788600008621,0.228842431364188,29
"2540","PI","Palmeirais",14587,7313.76,22005,"Médio Parnaíba Piauiense",2,"Nordeste",0,"220750",3,26,12,14,9,17,1,0,0,0,0,27,12,14,9,17,10,8.89751278438915,9.58788600008621,0.335618504238923,31
"2541","PI","Palmeirais",14587,7313.76,22005,"Médio Parnaíba Piauiense",2,"Nordeste",0,"220750",4,12,4,8,3,9,0,0,0,0,0,12,4,8,3,9,4,8.89751278438915,9.58788600008621,0.378186557834589,30
"2542","PI","Palmeirais",14587,7313.76,22005,"Médio Parnaíba Piauiense",2,"Nordeste",0,"220750",5,11,5,6,4,7,0,0,0,0,0,11,5,6,4,7,7,8.89751278438915,9.58788600008621,0.423071709950413,31
"2543","PI","Palmeirais",14587,7313.76,22005,"Médio Parnaíba Piauiense",2,"Nordeste",0,"220750",6,15,7,8,8,7,0,0,0,0,0,15,7,8,8,7,9,8.89751278438915,9.58788600008621,0.38028815026277,30
"2544","PI","Palmeirais",14587,7313.76,22005,"Médio Parnaíba Piauiense",2,"Nordeste",0,"220750",7,15,6,9,8,7,0,0,0,0,0,15,6,9,8,7,6,8.89751278438915,9.58788600008621,0.424822118971648,29
"2545","PI","Parnaíba",153482,15216.39,22002,"Litoral Piauiense",2,"Nordeste",1,"220770",2,360,111,249,147,213,2,0,0,0,0,362,111,249,147,213,84,9.63012841537153,11.9413385752898,0.290289779129864,29
"2546","PI","Parnaíba",153482,15216.39,22002,"Litoral Piauiense",2,"Nordeste",1,"220770",3,329,109,220,127,202,1,0,0,0,0,330,109,220,127,202,94,9.63012841537153,11.9413385752898,0.402625908278887,31
"2547","PI","Parnaíba",153482,15216.39,22002,"Litoral Piauiense",2,"Nordeste",1,"220770",4,228,78,150,94,134,3,0,0,0,0,231,78,150,94,134,92,9.63012841537153,11.9413385752898,0.474181737715369,30
"2548","PI","Parnaíba",153482,15216.39,22002,"Litoral Piauiense",2,"Nordeste",1,"220770",5,168,55,113,72,96,2,0,0,0,0,170,55,113,72,96,103,9.63012841537153,11.9413385752898,0.45282980847721,31
"2549","PI","Parnaíba",153482,15216.39,22002,"Litoral Piauiense",2,"Nordeste",1,"220770",6,152,37,115,66,86,2,0,0,0,0,154,37,115,66,86,208,9.63012841537153,11.9413385752898,0.43226250433317,30
"2550","PI","Parnaíba",153482,15216.39,22002,"Litoral Piauiense",2,"Nordeste",1,"220770",7,215,75,140,99,116,2,0,0,0,0,217,75,140,99,116,141,9.63012841537153,11.9413385752898,0.450401890205245,29
"2551","PI","Paulistana",20554,10053.24,22015,"Alto Médio Canindé",2,"Nordeste",0,"220780",2,51,23,28,26,25,0,0,0,0,0,51,23,28,26,25,15,9.21565024959106,9.93081084818502,0.240864837825994,29
"2552","PI","Paulistana",20554,10053.24,22015,"Alto Médio Canindé",2,"Nordeste",0,"220780",3,33,13,20,13,20,0,0,0,0,0,33,13,20,13,20,11,9.21565024959106,9.93081084818502,0.334367451345057,31
"2553","PI","Paulistana",20554,10053.24,22015,"Alto Médio Canindé",2,"Nordeste",0,"220780",4,24,8,16,15,9,1,0,0,0,0,25,8,16,15,9,8,9.21565024959106,9.93081084818502,0.372068093596781,30
"2554","PI","Paulistana",20554,10053.24,22015,"Alto Médio Canindé",2,"Nordeste",0,"220780",5,24,10,14,11,13,1,0,0,0,0,25,10,14,11,13,11,9.21565024959106,9.93081084818502,0.360006068503206,31
"2555","PI","Paulistana",20554,10053.24,22015,"Alto Médio Canindé",2,"Nordeste",0,"220780",6,39,20,19,16,23,0,0,0,0,0,39,20,19,16,23,7,9.21565024959106,9.93081084818502,0.344451022728253,30
"2556","PI","Paulistana",20554,10053.24,22015,"Alto Médio Canindé",2,"Nordeste",0,"220780",7,31,15,16,11,20,0,0,0,0,0,31,15,16,11,20,11,9.21565024959106,9.93081084818502,0.385760854989904,29
"2557","PI","Pedro II",38778,8296.92,22004,"Campo Maior",2,"Nordeste",0,"220790",2,80,32,48,37,43,0,0,0,0,0,80,32,48,37,43,23,9.02363964057851,10.5656083544909,0.267792649335027,29
"2558","PI","Pedro II",38778,8296.92,22004,"Campo Maior",2,"Nordeste",0,"220790",3,86,32,54,39,47,0,0,0,0,0,86,32,54,39,47,40,9.02363964057851,10.5656083544909,0.375721931813227,31
"2559","PI","Pedro II",38778,8296.92,22004,"Campo Maior",2,"Nordeste",0,"220790",4,45,29,16,21,24,1,0,0,0,0,46,29,16,21,24,18,9.02363964057851,10.5656083544909,0.427273056831038,30
"2560","PI","Pedro II",38778,8296.92,22004,"Campo Maior",2,"Nordeste",0,"220790",5,46,24,22,18,28,0,0,0,0,0,46,24,22,18,28,26,9.02363964057851,10.5656083544909,0.448184239795912,31
"2561","PI","Pedro II",38778,8296.92,22004,"Campo Maior",2,"Nordeste",0,"220790",6,35,20,15,19,16,0,0,0,0,0,35,20,15,19,16,20,9.02363964057851,10.5656083544909,0.395285939945771,30
"2562","PI","Pedro II",38778,8296.92,22004,"Campo Maior",2,"Nordeste",0,"220790",7,45,19,26,22,23,1,0,0,0,0,46,19,26,22,23,21,9.02363964057851,10.5656083544909,0.429346439347957,29
"2563","PI","Picos",78431,19445.94,22013,"Picos",2,"Nordeste",1,"220800",2,160,44,116,63,97,1,0,0,0,0,161,44,116,63,97,34,9.87539358689739,11.2699745363486,0.268161104100122,29
"2564","PI","Picos",78431,19445.94,22013,"Picos",2,"Nordeste",1,"220800",3,149,39,110,50,99,0,0,0,0,0,149,39,110,50,99,80,9.87539358689739,11.2699745363486,0.376526535625698,31
"2565","PI","Picos",78431,19445.94,22013,"Picos",2,"Nordeste",1,"220800",4,103,20,83,34,69,0,0,0,0,0,103,20,83,34,69,34,9.87539358689739,11.2699745363486,0.430938012372387,30
"2566","PI","Picos",78431,19445.94,22013,"Picos",2,"Nordeste",1,"220800",5,90,16,74,25,65,0,0,0,0,0,90,16,74,25,65,48,9.87539358689739,11.2699745363486,0.412108627858196,31
"2567","PI","Picos",78431,19445.94,22013,"Picos",2,"Nordeste",1,"220800",6,101,23,78,41,60,0,0,0,0,0,101,23,78,41,60,57,9.87539358689739,11.2699745363486,0.366808430899755,30
"2568","PI","Picos",78431,19445.94,22013,"Picos",2,"Nordeste",1,"220800",7,79,24,55,32,47,1,0,0,0,0,80,24,55,32,47,50,9.87539358689739,11.2699745363486,0.404710588040013,29
"2569","PI","Pimenteiras",12139,7085.51,22006,"Valença do Piauí",2,"Nordeste",0,"220810",2,28,12,16,10,18,0,0,0,0,0,28,12,16,10,18,6,8.86580713259693,9.4041786888978,0.239834726463162,29
"2570","PI","Pimenteiras",12139,7085.51,22006,"Valença do Piauí",2,"Nordeste",0,"220810",3,14,7,7,7,7,0,0,0,0,0,14,7,7,7,7,3,8.86580713259693,9.4041786888978,0.32473567384637,31
"2571","PI","Pimenteiras",12139,7085.51,22006,"Valença do Piauí",2,"Nordeste",0,"220810",4,11,3,8,5,6,0,0,0,0,0,11,3,8,5,6,7,8.86580713259693,9.4041786888978,0.396604487881112,30
"2572","PI","Pimenteiras",12139,7085.51,22006,"Valença do Piauí",2,"Nordeste",0,"220810",5,11,4,7,7,4,0,0,0,0,0,11,4,7,7,4,8,8.86580713259693,9.4041786888978,0.40599622584983,31
"2573","PI","Pimenteiras",12139,7085.51,22006,"Valença do Piauí",2,"Nordeste",0,"220810",6,9,4,5,6,3,0,0,0,0,0,9,4,5,6,3,7,8.86580713259693,9.4041786888978,0.410091402250277,30
"2574","PI","Pimenteiras",12139,7085.51,22006,"Valença do Piauí",2,"Nordeste",0,"220810",7,9,5,4,6,3,0,0,0,0,0,9,5,4,6,3,6,8.86580713259693,9.4041786888978,0.416886005496215,29
"2575","PI","Pio IX",18459,9461.94,22014,"Pio IX",2,"Nordeste",0,"220820",2,43,13,30,15,28,1,0,0,0,0,44,13,30,15,28,6,9.1550327150169,9.8233073354086,0.268542383193585,29
"2576","PI","Pio IX",18459,9461.94,22014,"Pio IX",2,"Nordeste",0,"220820",3,39,13,26,18,21,0,0,0,0,0,39,13,26,18,21,5,9.1550327150169,9.8233073354086,0.354564555467806,31
"2577","PI","Pio IX",18459,9461.94,22014,"Pio IX",2,"Nordeste",0,"220820",4,14,6,8,4,10,1,0,0,0,0,15,6,8,4,10,11,9.1550327150169,9.8233073354086,0.369515225309064,30
"2578","PI","Pio IX",18459,9461.94,22014,"Pio IX",2,"Nordeste",0,"220820",5,21,10,11,14,7,0,0,0,0,0,21,10,11,14,7,12,9.1550327150169,9.8233073354086,0.406580790014625,31
"2579","PI","Pio IX",18459,9461.94,22014,"Pio IX",2,"Nordeste",0,"220820",6,20,11,9,8,12,0,0,0,0,0,20,11,9,8,12,15,9.1550327150169,9.8233073354086,0.384046053602148,30
"2580","PI","Pio IX",18459,9461.94,22014,"Pio IX",2,"Nordeste",0,"220820",7,21,7,14,12,9,0,0,0,0,0,21,7,14,12,9,12,9.1550327150169,9.8233073354086,0.428802227066728,29
"2581","PI","Piracuruca",28874,9793.87,22002,"Litoral Piauiense",2,"Nordeste",0,"220830",2,70,24,46,33,37,0,0,0,0,0,70,24,46,33,37,18,9.18951195874146,10.2706968151898,0.245205850266509,29
"2582","PI","Piracuruca",28874,9793.87,22002,"Litoral Piauiense",2,"Nordeste",0,"220830",3,51,18,33,20,31,0,0,0,0,0,51,18,33,20,31,15,9.18951195874146,10.2706968151898,0.364788914969867,31
"2583","PI","Piracuruca",28874,9793.87,22002,"Litoral Piauiense",2,"Nordeste",0,"220830",4,26,7,19,13,13,1,0,0,0,0,27,7,19,13,13,22,9.18951195874146,10.2706968151898,0.428203248002445,30
"2584","PI","Piracuruca",28874,9793.87,22002,"Litoral Piauiense",2,"Nordeste",0,"220830",5,29,12,17,16,13,0,0,0,0,0,29,12,17,16,13,21,9.18951195874146,10.2706968151898,0.398552127240786,31
"2585","PI","Piracuruca",28874,9793.87,22002,"Litoral Piauiense",2,"Nordeste",0,"220830",6,30,12,18,11,19,0,0,0,0,0,30,12,18,11,19,22,9.18951195874146,10.2706968151898,0.351683642423181,30
"2586","PI","Piracuruca",28874,9793.87,22002,"Litoral Piauiense",2,"Nordeste",0,"220830",7,35,8,27,11,24,0,0,0,0,0,35,8,27,11,24,27,9.18951195874146,10.2706968151898,0.399658792438132,29
"2587","PI","Piripiri",63787,11286.42,22001,"Baixo Parnaíba Piauiense",2,"Nordeste",1,"220840",2,124,48,76,62,62,0,0,0,0,0,124,48,76,62,62,41,9.33135551208439,11.0633046868151,0.268347085697707,29
"2588","PI","Piripiri",63787,11286.42,22001,"Baixo Parnaíba Piauiense",2,"Nordeste",1,"220840",3,153,51,102,58,95,1,0,0,0,0,154,51,102,58,95,39,9.33135551208439,11.0633046868151,0.379592613044666,31
"2589","PI","Piripiri",63787,11286.42,22001,"Baixo Parnaíba Piauiense",2,"Nordeste",1,"220840",4,71,27,44,28,43,1,0,0,0,0,72,27,44,28,43,36,9.33135551208439,11.0633046868151,0.431338426556834,30
"2590","PI","Piripiri",63787,11286.42,22001,"Baixo Parnaíba Piauiense",2,"Nordeste",1,"220840",5,68,22,46,31,37,0,0,0,0,0,68,22,46,31,37,34,9.33135551208439,11.0633046868151,0.441786434742993,31
"2591","PI","Piripiri",63787,11286.42,22001,"Baixo Parnaíba Piauiense",2,"Nordeste",1,"220840",6,74,26,48,33,41,1,0,0,0,0,75,26,48,33,41,47,9.33135551208439,11.0633046868151,0.400002084166136,30
"2592","PI","Piripiri",63787,11286.42,22001,"Baixo Parnaíba Piauiense",2,"Nordeste",1,"220840",7,71,17,54,29,42,1,0,0,0,0,72,17,54,29,42,43,9.33135551208439,11.0633046868151,0.438074994669187,29
"2593","PI","Porto",12608,7246.7,22001,"Baixo Parnaíba Piauiense",2,"Nordeste",0,"220850",2,33,20,13,17,16,0,0,0,0,0,33,20,13,17,16,3,8.88830147181252,9.44208681209766,0.306256369793237,29
"2594","PI","Porto",12608,7246.7,22001,"Baixo Parnaíba Piauiense",2,"Nordeste",0,"220850",3,21,7,14,11,10,1,0,0,0,0,22,7,14,11,10,5,8.88830147181252,9.44208681209766,0.387680605823703,31
"2595","PI","Porto",12608,7246.7,22001,"Baixo Parnaíba Piauiense",2,"Nordeste",0,"220850",4,14,7,7,7,7,0,0,0,0,0,14,7,7,7,7,11,8.88830147181252,9.44208681209766,0.412359206068487,30
"2596","PI","Porto",12608,7246.7,22001,"Baixo Parnaíba Piauiense",2,"Nordeste",0,"220850",5,17,7,10,12,5,1,0,0,0,0,18,7,10,12,5,8,8.88830147181252,9.44208681209766,0.414445071694206,31
"2597","PI","Porto",12608,7246.7,22001,"Baixo Parnaíba Piauiense",2,"Nordeste",0,"220850",6,16,6,10,4,12,0,0,0,0,0,16,6,10,4,12,8,8.88830147181252,9.44208681209766,0.410020285460222,30
"2598","PI","Porto",12608,7246.7,22001,"Baixo Parnaíba Piauiense",2,"Nordeste",0,"220850",7,21,11,10,12,9,0,0,0,0,0,21,11,10,12,9,16,8.88830147181252,9.44208681209766,0.497895863895495,29
"2599","PI","Queimada Nova",9017,8367.88,22015,"Alto Médio Canindé",2,"Nordeste",0,"220865",2,10,5,5,4,6,1,0,0,0,0,11,5,5,4,6,7,9.03215584585771,9.10686696349991,0.235341239102878,29
"2600","PI","Queimada Nova",9017,8367.88,22015,"Alto Médio Canindé",2,"Nordeste",0,"220865",3,6,2,4,2,4,0,0,0,0,0,6,2,4,2,4,6,9.03215584585771,9.10686696349991,0.302281609559218,31
"2601","PI","Queimada Nova",9017,8367.88,22015,"Alto Médio Canindé",2,"Nordeste",0,"220865",4,9,4,5,3,6,0,0,0,0,0,9,4,5,3,6,9,9.03215584585771,9.10686696349991,0.308703124690363,30
"2602","PI","Queimada Nova",9017,8367.88,22015,"Alto Médio Canindé",2,"Nordeste",0,"220865",5,12,6,6,5,7,0,0,0,0,0,12,6,6,5,7,2,9.03215584585771,9.10686696349991,0.320893748069443,31
"2603","PI","Queimada Nova",9017,8367.88,22015,"Alto Médio Canindé",2,"Nordeste",0,"220865",6,18,8,10,8,10,0,0,0,0,0,18,8,10,8,10,1,9.03215584585771,9.10686696349991,0.301912012885786,30
"2604","PI","Queimada Nova",9017,8367.88,22015,"Alto Médio Canindé",2,"Nordeste",0,"220865",7,9,4,5,2,7,0,0,0,0,0,9,4,5,2,7,9,9.03215584585771,9.10686696349991,0.3157043159685,29
"2605","PI","Regeneração",17979,10306.62,22005,"Médio Parnaíba Piauiense",2,"Nordeste",1,"220880",2,29,10,19,13,16,1,0,0,0,0,30,10,19,13,16,7,9.24054168620929,9.79695968912629,0.252434652082321,29
"2606","PI","Regeneração",17979,10306.62,22005,"Médio Parnaíba Piauiense",2,"Nordeste",1,"220880",3,35,15,20,11,24,0,0,0,0,0,35,15,20,11,24,7,9.24054168620929,9.79695968912629,0.379440364541538,31
"2607","PI","Regeneração",17979,10306.62,22005,"Médio Parnaíba Piauiense",2,"Nordeste",1,"220880",4,15,9,6,6,9,0,0,0,0,0,15,9,6,6,9,10,9.24054168620929,9.79695968912629,0.414249690691799,30
"2608","PI","Regeneração",17979,10306.62,22005,"Médio Parnaíba Piauiense",2,"Nordeste",1,"220880",5,15,3,12,8,7,0,0,0,0,0,15,3,12,8,7,10,9.24054168620929,9.79695968912629,0.421771237526317,31
"2609","PI","Regeneração",17979,10306.62,22005,"Médio Parnaíba Piauiense",2,"Nordeste",1,"220880",6,17,6,11,6,11,0,0,0,0,0,17,6,11,6,11,15,9.24054168620929,9.79695968912629,0.358500793756517,30
"2610","PI","Regeneração",17979,10306.62,22005,"Médio Parnaíba Piauiense",2,"Nordeste",1,"220880",7,21,5,16,8,13,3,0,0,0,0,24,5,16,8,13,9,9.24054168620929,9.79695968912629,0.415813663410106,29
"2611","PI","São João da Fronteira",6064,7816.02,22002,"Litoral Piauiense",2,"Nordeste",0,"220987",2,12,6,6,5,7,1,0,0,0,0,13,6,6,5,7,3,8.96393075257298,8.71012492732221,0.297416777877473,29
"2612","PI","São João da Fronteira",6064,7816.02,22002,"Litoral Piauiense",2,"Nordeste",0,"220987",3,12,3,9,7,5,0,0,0,0,0,12,3,9,7,5,2,8.96393075257298,8.71012492732221,0.405022977262265,31
"2613","PI","São João da Fronteira",6064,7816.02,22002,"Litoral Piauiense",2,"Nordeste",0,"220987",4,12,9,3,5,7,0,0,0,0,0,12,9,3,5,7,3,8.96393075257298,8.71012492732221,0.401286494688662,30
"2614","PI","São João da Fronteira",6064,7816.02,22002,"Litoral Piauiense",2,"Nordeste",0,"220987",5,3,2,1,3,0,0,0,0,0,0,3,2,1,3,0,4,8.96393075257298,8.71012492732221,0.429501367878231,31
"2615","PI","São João da Fronteira",6064,7816.02,22002,"Litoral Piauiense",2,"Nordeste",0,"220987",6,6,4,2,1,5,0,0,0,0,0,6,4,2,1,5,2,8.96393075257298,8.71012492732221,0.391231723855524,30
"2616","PI","São João da Fronteira",6064,7816.02,22002,"Litoral Piauiense",2,"Nordeste",0,"220987",7,6,5,1,1,5,0,0,0,0,0,6,5,1,1,5,0,8.96393075257298,8.71012492732221,0.4300217036523,29
"2617","PI","São João do Piauí",20662,11149.29,22015,"Alto Médio Canindé",2,"Nordeste",0,"221000",2,50,16,34,25,25,0,0,0,0,0,50,16,34,25,25,9,9.31913109773074,9.93605154340939,0.254735506651212,29
"2618","PI","São João do Piauí",20662,11149.29,22015,"Alto Médio Canindé",2,"Nordeste",0,"221000",3,44,11,33,22,22,0,0,0,0,0,44,11,33,22,22,12,9.31913109773074,9.93605154340939,0.317686426247134,31
"2619","PI","São João do Piauí",20662,11149.29,22015,"Alto Médio Canindé",2,"Nordeste",0,"221000",4,33,8,25,16,17,0,0,0,0,0,33,8,25,16,17,13,9.31913109773074,9.93605154340939,0.379578595259692,30
"2620","PI","São João do Piauí",20662,11149.29,22015,"Alto Médio Canindé",2,"Nordeste",0,"221000",5,30,7,23,14,16,0,0,0,0,0,30,7,23,14,16,15,9.31913109773074,9.93605154340939,0.384169790818232,31
"2621","PI","São João do Piauí",20662,11149.29,22015,"Alto Médio Canindé",2,"Nordeste",0,"221000",6,34,5,29,18,16,0,0,0,0,0,34,5,29,18,16,10,9.31913109773074,9.93605154340939,0.334145437140558,30
"2622","PI","São João do Piauí",20662,11149.29,22015,"Alto Médio Canindé",2,"Nordeste",0,"221000",7,29,6,23,17,12,0,0,0,0,0,29,6,23,17,12,11,9.31913109773074,9.93605154340939,0.364616766701747,29
"2623","PI","São Miguel do Tapuio",17639,7529.35,22004,"Campo Maior",2,"Nordeste",0,"221040",2,27,17,10,14,13,0,0,0,0,0,27,17,10,14,13,14,8.92656399568689,9.77786763861148,0.252960462196353,29
"2624","PI","São Miguel do Tapuio",17639,7529.35,22004,"Campo Maior",2,"Nordeste",0,"221040",3,27,10,17,11,16,1,0,0,0,0,28,10,17,11,16,19,8.92656399568689,9.77786763861148,0.354191998788244,31
"2625","PI","São Miguel do Tapuio",17639,7529.35,22004,"Campo Maior",2,"Nordeste",0,"221040",4,12,6,6,7,5,0,0,0,0,0,12,6,6,7,5,6,8.92656399568689,9.77786763861148,0.370249484263127,30
"2626","PI","São Miguel do Tapuio",17639,7529.35,22004,"Campo Maior",2,"Nordeste",0,"221040",5,9,2,7,4,5,0,0,0,0,0,9,2,7,4,5,11,8.92656399568689,9.77786763861148,0.382533033166765,31
"2627","PI","São Miguel do Tapuio",17639,7529.35,22004,"Campo Maior",2,"Nordeste",0,"221040",6,18,2,16,10,8,0,0,0,0,0,18,2,16,10,8,11,8.92656399568689,9.77786763861148,0.379189510699399,30
"2628","PI","São Miguel do Tapuio",17639,7529.35,22004,"Campo Maior",2,"Nordeste",0,"221040",7,24,11,13,10,14,0,0,0,0,0,24,11,13,10,14,13,8.92656399568689,9.77786763861148,0.40398904717345,29
"2629","PI","São Pedro do Piauí",14324,7329.39,22005,"Médio Parnaíba Piauiense",2,"Nordeste",0,"221050",2,22,15,7,11,11,0,0,0,0,0,22,15,7,11,11,7,8.89964757177246,9.56969173111832,0.31640330406775,29
"2630","PI","São Pedro do Piauí",14324,7329.39,22005,"Médio Parnaíba Piauiense",2,"Nordeste",0,"221050",3,17,4,13,8,9,1,0,0,0,0,18,4,13,8,9,6,8.89964757177246,9.56969173111832,0.395907266695331,31
"2631","PI","São Pedro do Piauí",14324,7329.39,22005,"Médio Parnaíba Piauiense",2,"Nordeste",0,"221050",4,15,7,8,8,7,0,0,0,0,0,15,7,8,8,7,9,8.89964757177246,9.56969173111832,0.423524045850877,30
"2632","PI","São Pedro do Piauí",14324,7329.39,22005,"Médio Parnaíba Piauiense",2,"Nordeste",0,"221050",5,22,9,13,9,13,0,0,0,0,0,22,9,13,9,13,10,8.89964757177246,9.56969173111832,0.459530099707837,31
"2633","PI","São Pedro do Piauí",14324,7329.39,22005,"Médio Parnaíba Piauiense",2,"Nordeste",0,"221050",6,12,6,6,5,7,0,0,0,0,0,12,6,6,5,7,4,8.89964757177246,9.56969173111832,0.419438815173258,30
"2634","PI","São Pedro do Piauí",14324,7329.39,22005,"Médio Parnaíba Piauiense",2,"Nordeste",0,"221050",7,9,4,5,5,4,0,0,0,0,0,9,4,5,5,4,7,8.89964757177246,9.56969173111832,0.457607929598183,29
"2635","PI","São Raimundo Nonato",34877,12993.94,22011,"São Raimundo Nonato",2,"Nordeste",0,"221060",2,77,25,52,40,37,0,0,0,0,0,77,25,52,40,37,18,9.47223837391404,10.4595828651496,0.228841050511652,29
"2636","PI","São Raimundo Nonato",34877,12993.94,22011,"São Raimundo Nonato",2,"Nordeste",0,"221060",3,83,22,61,37,46,0,0,0,0,0,83,22,61,37,46,16,9.47223837391404,10.4595828651496,0.332918537675037,31
"2637","PI","São Raimundo Nonato",34877,12993.94,22011,"São Raimundo Nonato",2,"Nordeste",0,"221060",4,42,17,25,16,26,0,0,0,0,0,42,17,25,16,26,20,9.47223837391404,10.4595828651496,0.391404006364303,30
"2638","PI","São Raimundo Nonato",34877,12993.94,22011,"São Raimundo Nonato",2,"Nordeste",0,"221060",5,40,14,26,16,24,1,0,0,0,0,41,14,26,16,24,25,9.47223837391404,10.4595828651496,0.372221193586924,31
"2639","PI","São Raimundo Nonato",34877,12993.94,22011,"São Raimundo Nonato",2,"Nordeste",0,"221060",6,56,23,33,26,30,0,0,0,0,0,56,23,33,26,30,19,9.47223837391404,10.4595828651496,0.339159685905115,30
"2640","PI","São Raimundo Nonato",34877,12993.94,22011,"São Raimundo Nonato",2,"Nordeste",0,"221060",7,50,9,41,16,34,0,0,0,0,0,50,9,41,16,34,16,9.47223837391404,10.4595828651496,0.361977438717113,29
"2641","PI","Simões",14649,17754.79,22015,"Alto Médio Canindé",2,"Nordeste",0,"221070",2,26,11,15,15,11,0,0,0,0,0,26,11,15,15,11,11,9.78441061765306,9.59212735272977,0.262530306850646,29
"2642","PI","Simões",14649,17754.79,22015,"Alto Médio Canindé",2,"Nordeste",0,"221070",3,29,15,14,11,18,0,0,0,0,0,29,15,14,11,18,7,9.78441061765306,9.59212735272977,0.354606371526463,31
"2643","PI","Simões",14649,17754.79,22015,"Alto Médio Canindé",2,"Nordeste",0,"221070",4,12,2,10,5,7,0,0,0,0,0,12,2,10,5,7,8,9.78441061765306,9.59212735272977,0.39973835343337,30
"2644","PI","Simões",14649,17754.79,22015,"Alto Médio Canindé",2,"Nordeste",0,"221070",5,18,5,13,11,7,0,0,0,0,0,18,5,13,11,7,7,9.78441061765306,9.59212735272977,0.440334366774647,31
"2645","PI","Simões",14649,17754.79,22015,"Alto Médio Canindé",2,"Nordeste",0,"221070",6,21,7,14,14,7,0,0,0,0,0,21,7,14,14,7,7,9.78441061765306,9.59212735272977,0.42464252166115,30
"2646","PI","Simões",14649,17754.79,22015,"Alto Médio Canindé",2,"Nordeste",0,"221070",7,20,10,10,7,13,0,0,0,0,0,20,10,10,7,13,3,9.78441061765306,9.59212735272977,0.485659053331853,29
"2647","PI","Simplício Mendes",12746,11240.79,22015,"Alto Médio Canindé",2,"Nordeste",0,"221080",2,27,6,21,12,15,0,0,0,0,0,27,6,21,12,15,7,9.32730440567534,9.45297277587424,0.224752065754124,29
"2648","PI","Simplício Mendes",12746,11240.79,22015,"Alto Médio Canindé",2,"Nordeste",0,"221080",3,19,4,15,3,16,0,0,0,0,0,19,4,15,3,16,8,9.32730440567534,9.45297277587424,0.321863341731749,31
"2649","PI","Simplício Mendes",12746,11240.79,22015,"Alto Médio Canindé",2,"Nordeste",0,"221080",4,13,3,10,7,6,1,0,0,0,0,14,3,10,7,6,6,9.32730440567534,9.45297277587424,0.382973918388149,30
"2650","PI","Simplício Mendes",12746,11240.79,22015,"Alto Médio Canindé",2,"Nordeste",0,"221080",5,15,3,12,7,8,0,0,0,0,0,15,3,12,7,8,8,9.32730440567534,9.45297277587424,0.386865640363151,31
"2651","PI","Simplício Mendes",12746,11240.79,22015,"Alto Médio Canindé",2,"Nordeste",0,"221080",6,13,10,3,3,10,0,0,0,0,0,13,10,3,3,10,7,9.32730440567534,9.45297277587424,0.331372941502646,30
"2652","PI","Simplício Mendes",12746,11240.79,22015,"Alto Médio Canindé",2,"Nordeste",0,"221080",7,13,2,11,10,3,0,0,0,0,0,13,2,11,10,3,10,9.32730440567534,9.45297277587424,0.341995231850808,29
"2653","PI","Sussuapara",6767,8269.49,22013,"Picos",2,"Nordeste",0,"221093",2,14,4,10,6,8,0,0,0,0,0,14,4,10,6,8,2,9.02032811743416,8.81981313623223,0.288520686209651,29
"2654","PI","Sussuapara",6767,8269.49,22013,"Picos",2,"Nordeste",0,"221093",3,14,2,12,3,11,0,0,0,0,0,14,2,12,3,11,8,9.02032811743416,8.81981313623223,0.396451191574732,31
"2655","PI","Sussuapara",6767,8269.49,22013,"Picos",2,"Nordeste",0,"221093",4,5,0,5,2,3,0,0,0,0,0,5,0,5,2,3,4,9.02032811743416,8.81981313623223,0.435340385344934,30
"2656","PI","Sussuapara",6767,8269.49,22013,"Picos",2,"Nordeste",0,"221093",5,4,0,4,3,1,0,0,0,0,0,4,0,4,3,1,5,9.02032811743416,8.81981313623223,0.404335795858385,31
"2657","PI","Sussuapara",6767,8269.49,22013,"Picos",2,"Nordeste",0,"221093",6,9,2,7,4,5,0,0,0,0,0,9,2,7,4,5,5,9.02032811743416,8.81981313623223,0.367850377032255,30
"2658","PI","Sussuapara",6767,8269.49,22013,"Picos",2,"Nordeste",0,"221093",7,5,2,3,3,2,0,0,0,0,0,5,2,3,3,2,8,9.02032811743416,8.81981313623223,0.401309577935496,29
"2659","PI","Teresina",868075,24333,22003,"Teresina",2,"Nordeste",1,"221100",2,1846,276,1570,631,1215,7,0,0,0,0,1853,276,1570,631,1215,430,10.0995887327385,13.6740333954397,0.284690711895926,29
"2660","PI","Teresina",868075,24333,22003,"Teresina",2,"Nordeste",1,"221100",3,1655,271,1384,528,1127,10,0,0,0,0,1665,271,1384,528,1127,478,10.0995887327385,13.6740333954397,0.40853563932531,31
"2661","PI","Teresina",868075,24333,22003,"Teresina",2,"Nordeste",1,"221100",4,916,163,753,329,587,12,0,0,0,0,928,163,753,329,587,403,10.0995887327385,13.6740333954397,0.492520246901886,30
"2662","PI","Teresina",868075,24333,22003,"Teresina",2,"Nordeste",1,"221100",5,865,153,712,311,554,6,0,0,0,0,871,153,712,311,554,504,10.0995887327385,13.6740333954397,0.472091034188623,31
"2663","PI","Teresina",868075,24333,22003,"Teresina",2,"Nordeste",1,"221100",6,852,186,666,295,557,6,0,0,0,0,858,186,666,295,557,774,10.0995887327385,13.6740333954397,0.434814193076721,30
"2664","PI","Teresina",868075,24333,22003,"Teresina",2,"Nordeste",1,"221100",7,967,181,786,324,643,7,0,0,0,0,974,181,786,324,643,760,10.0995887327385,13.6740333954397,0.456132226381802,29
"2665","PI","União",44569,8241.26,22003,"Teresina",2,"Nordeste",0,"221110",2,84,35,49,34,50,0,0,0,0,0,84,35,49,34,50,24,9.01690852383493,10.7047938290723,0.295801226721024,29
"2666","PI","União",44569,8241.26,22003,"Teresina",2,"Nordeste",0,"221110",3,80,28,52,36,44,0,0,0,0,0,80,28,52,36,44,21,9.01690852383493,10.7047938290723,0.396426700776397,31
"2667","PI","União",44569,8241.26,22003,"Teresina",2,"Nordeste",0,"221110",4,38,14,24,16,22,0,0,0,0,0,38,14,24,16,22,27,9.01690852383493,10.7047938290723,0.432310039531966,30
"2668","PI","União",44569,8241.26,22003,"Teresina",2,"Nordeste",0,"221110",5,53,26,27,19,34,0,0,0,0,0,53,26,27,19,34,26,9.01690852383493,10.7047938290723,0.448490111834631,31
"2669","PI","União",44569,8241.26,22003,"Teresina",2,"Nordeste",0,"221110",6,49,22,27,14,35,0,0,0,0,0,49,22,27,14,35,32,9.01690852383493,10.7047938290723,0.412217645913053,30
"2670","PI","União",44569,8241.26,22003,"Teresina",2,"Nordeste",0,"221110",7,52,23,29,22,30,0,0,0,0,0,52,23,29,22,30,31,9.01690852383493,10.7047938290723,0.437481366015531,29
"2671","PI","Uruçuí",21655,79384.48,22007,"Alto Parnaíba Piauiense",2,"Nordeste",0,"221120",2,69,22,47,36,33,0,0,0,0,0,69,22,47,36,33,14,11.2820581621343,9.98299165364873,0.24568617067067,29
"2672","PI","Uruçuí",21655,79384.48,22007,"Alto Parnaíba Piauiense",2,"Nordeste",0,"221120",3,59,26,33,30,29,0,0,0,0,0,59,26,33,30,29,9,11.2820581621343,9.98299165364873,0.319991562520626,31
"2673","PI","Uruçuí",21655,79384.48,22007,"Alto Parnaíba Piauiense",2,"Nordeste",0,"221120",4,34,7,27,14,20,0,0,0,0,0,34,7,27,14,20,14,11.2820581621343,9.98299165364873,0.352502509802547,30
"2674","PI","Uruçuí",21655,79384.48,22007,"Alto Parnaíba Piauiense",2,"Nordeste",0,"221120",5,44,14,30,22,22,0,0,0,0,0,44,14,30,22,22,12,11.2820581621343,9.98299165364873,0.362337639577986,31
"2675","PI","Uruçuí",21655,79384.48,22007,"Alto Parnaíba Piauiense",2,"Nordeste",0,"221120",6,41,11,30,20,21,0,0,0,0,0,41,11,30,20,21,27,11.2820581621343,9.98299165364873,0.328397013448539,30
"2676","PI","Uruçuí",21655,79384.48,22007,"Alto Parnaíba Piauiense",2,"Nordeste",0,"221120",7,32,12,20,17,15,0,0,0,0,0,32,12,20,17,15,17,11.2820581621343,9.98299165364873,0.375218782713269,29
"2677","PI","Valença do Piauí",20929,11449.03,22006,"Valença do Piauí",2,"Nordeste",1,"221130",2,25,10,15,12,13,0,0,0,0,0,25,10,15,12,13,8,9.34566028923656,9.94889103598998,0.237644676576689,29
"2678","PI","Valença do Piauí",20929,11449.03,22006,"Valença do Piauí",2,"Nordeste",1,"221130",3,44,8,36,22,22,0,0,0,0,0,44,8,36,22,22,10,9.34566028923656,9.94889103598998,0.334427675457058,31
"2679","PI","Valença do Piauí",20929,11449.03,22006,"Valença do Piauí",2,"Nordeste",1,"221130",4,17,4,13,6,11,0,0,0,0,0,17,4,13,6,11,16,9.34566028923656,9.94889103598998,0.380039750666282,30
"2680","PI","Valença do Piauí",20929,11449.03,22006,"Valença do Piauí",2,"Nordeste",1,"221130",5,26,7,19,12,14,0,0,0,0,0,26,7,19,12,14,19,9.34566028923656,9.94889103598998,0.377393896362577,31
"2681","PI","Valença do Piauí",20929,11449.03,22006,"Valença do Piauí",2,"Nordeste",1,"221130",6,25,5,20,10,15,0,0,0,0,0,25,5,20,10,15,18,9.34566028923656,9.94889103598998,0.340581822830109,30
"2682","PI","Valença do Piauí",20929,11449.03,22006,"Valença do Piauí",2,"Nordeste",1,"221130",7,20,7,13,8,12,0,0,0,0,0,20,7,13,8,12,20,9.34566028923656,9.94889103598998,0.381475530941771,29
"2683","PI","Várzea Grande",4386,7425.19,22006,"Valença do Piauí",2,"Nordeste",0,"221140",2,4,1,3,1,3,0,0,0,0,0,4,1,3,1,3,1,8.91263355256909,8.38617292897783,0.298453846639289,29
"2684","PI","Várzea Grande",4386,7425.19,22006,"Valença do Piauí",2,"Nordeste",0,"221140",3,8,3,5,5,3,0,0,0,0,0,8,3,5,5,3,5,8.91263355256909,8.38617292897783,0.385053712345325,31
"2685","PI","Várzea Grande",4386,7425.19,22006,"Valença do Piauí",2,"Nordeste",0,"221140",4,4,1,3,2,2,0,0,0,0,0,4,1,3,2,2,7,8.91263355256909,8.38617292897783,0.44723510751715,30
"2686","PI","Várzea Grande",4386,7425.19,22006,"Valença do Piauí",2,"Nordeste",0,"221140",5,5,0,5,5,0,0,0,0,0,0,5,0,5,5,0,3,8.91263355256909,8.38617292897783,0.466825390883791,31
"2687","PI","Várzea Grande",4386,7425.19,22006,"Valença do Piauí",2,"Nordeste",0,"221140",6,5,0,5,2,3,0,0,0,0,0,5,0,5,2,3,2,8.91263355256909,8.38617292897783,0.442778966946646,30
"2688","PI","Várzea Grande",4386,7425.19,22006,"Valença do Piauí",2,"Nordeste",0,"221140",7,5,1,4,4,1,0,0,0,0,0,5,1,4,4,1,3,8.91263355256909,8.38617292897783,0.440362030145142,29
"2689","CE","Abaiara",11853,7360.5,23033,"Brejo Santo",2,"Nordeste",0,"230010",2,21,6,15,8,13,0,0,0,0,0,21,6,15,8,13,5,8.90388314419807,9.3803362790795,0.253691612820298,29
"2690","CE","Abaiara",11853,7360.5,23033,"Brejo Santo",2,"Nordeste",0,"230010",3,28,10,18,13,15,0,0,0,0,0,28,10,18,13,15,5,8.90388314419807,9.3803362790795,0.386337118401434,31
"2691","CE","Abaiara",11853,7360.5,23033,"Brejo Santo",2,"Nordeste",0,"230010",4,16,4,12,7,9,1,0,0,0,0,17,4,12,7,9,7,8.90388314419807,9.3803362790795,0.407646393030505,30
"2692","CE","Abaiara",11853,7360.5,23033,"Brejo Santo",2,"Nordeste",0,"230010",5,13,2,11,5,8,0,0,0,0,0,13,2,11,5,8,5,8.90388314419807,9.3803362790795,0.410366947469224,31
"2693","CE","Abaiara",11853,7360.5,23033,"Brejo Santo",2,"Nordeste",0,"230010",6,7,2,5,5,2,0,0,0,0,0,7,2,5,5,2,10,8.90388314419807,9.3803362790795,0.412135542611808,30
"2694","CE","Abaiara",11853,7360.5,23033,"Brejo Santo",2,"Nordeste",0,"230010",7,13,3,10,8,5,0,0,0,0,0,13,3,10,8,5,5,8.90388314419807,9.3803362790795,0.440715830800551,29
"2695","CE","Acarape",15036,8075.56,23013,"Baturité",2,"Nordeste",0,"230015",2,30,14,16,13,17,1,0,0,0,0,31,14,16,13,17,8,8.99659749553147,9.61820260468407,0.298358465298689,29
"2696","CE","Acarape",15036,8075.56,23013,"Baturité",2,"Nordeste",0,"230015",3,20,7,13,9,11,1,0,0,0,0,21,7,13,9,11,8,8.99659749553147,9.61820260468407,0.398859964230409,31
"2697","CE","Acarape",15036,8075.56,23013,"Baturité",2,"Nordeste",0,"230015",4,15,3,12,10,5,0,0,0,0,0,15,3,12,10,5,11,8.99659749553147,9.61820260468407,0.455833890800231,30
"2698","CE","Acarape",15036,8075.56,23013,"Baturité",2,"Nordeste",0,"230015",5,12,4,8,3,9,2,0,0,0,0,14,4,8,3,9,20,8.99659749553147,9.61820260468407,0.511233015186917,31
"2699","CE","Acarape",15036,8075.56,23013,"Baturité",2,"Nordeste",0,"230015",6,20,6,14,6,14,0,0,0,0,0,20,6,14,6,14,16,8.99659749553147,9.61820260468407,0.406724371215241,30
"2700","CE","Acarape",15036,8075.56,23013,"Baturité",2,"Nordeste",0,"230015",7,20,6,14,9,11,0,0,0,0,0,20,6,14,9,11,6,8.99659749553147,9.61820260468407,0.400747238425407,29
"2701","CE","Acaraú",63104,8932.85,23001,"Litoral de Camocim e Acaraú",2,"Nordeste",0,"230020",2,145,51,94,57,88,0,0,0,0,0,145,51,94,57,88,42,9.09749077188953,11.0525394379623,0.307030515611461,29
"2702","CE","Acaraú",63104,8932.85,23001,"Litoral de Camocim e Acaraú",2,"Nordeste",0,"230020",3,145,45,100,57,88,2,0,0,0,0,147,45,100,57,88,44,9.09749077188953,11.0525394379623,0.419269966760943,31
"2703","CE","Acaraú",63104,8932.85,23001,"Litoral de Camocim e Acaraú",2,"Nordeste",0,"230020",4,97,32,65,40,57,0,0,0,0,0,97,32,65,40,57,33,9.09749077188953,11.0525394379623,0.46656743903767,30
"2704","CE","Acaraú",63104,8932.85,23001,"Litoral de Camocim e Acaraú",2,"Nordeste",0,"230020",5,77,23,54,34,43,1,0,0,0,0,78,23,54,34,43,69,9.09749077188953,11.0525394379623,0.495858807605025,31
"2705","CE","Acaraú",63104,8932.85,23001,"Litoral de Camocim e Acaraú",2,"Nordeste",0,"230020",6,74,23,51,34,40,1,0,0,0,0,75,23,51,34,40,48,9.09749077188953,11.0525394379623,0.442047372620859,30
"2706","CE","Acaraú",63104,8932.85,23001,"Litoral de Camocim e Acaraú",2,"Nordeste",0,"230020",7,91,25,66,33,58,1,0,0,0,0,92,25,66,33,58,36,9.09749077188953,11.0525394379623,0.441454455864936,29
"2707","CE","Acopiara",54481,7038.21,23021,"Sertão de Senador Pompeu",2,"Nordeste",0,"230030",2,101,30,71,48,53,2,0,0,0,0,103,30,71,48,53,18,8.85910915545855,10.9056072960147,0.273013166553585,29
"2708","CE","Acopiara",54481,7038.21,23021,"Sertão de Senador Pompeu",2,"Nordeste",0,"230030",3,73,22,51,39,34,1,0,0,0,0,74,22,51,39,34,27,8.85910915545855,10.9056072960147,0.380654041770535,31
"2709","CE","Acopiara",54481,7038.21,23021,"Sertão de Senador Pompeu",2,"Nordeste",0,"230030",4,69,27,42,31,38,2,0,0,0,0,71,27,42,31,38,40,8.85910915545855,10.9056072960147,0.424547203859254,30
"2710","CE","Acopiara",54481,7038.21,23021,"Sertão de Senador Pompeu",2,"Nordeste",0,"230030",5,53,17,36,25,28,1,0,0,0,0,54,17,36,25,28,50,8.85910915545855,10.9056072960147,0.443649464702397,31
"2711","CE","Acopiara",54481,7038.21,23021,"Sertão de Senador Pompeu",2,"Nordeste",0,"230030",6,45,18,27,25,20,0,0,0,0,0,45,18,27,25,20,34,8.85910915545855,10.9056072960147,0.401247628333044,30
"2712","CE","Acopiara",54481,7038.21,23021,"Sertão de Senador Pompeu",2,"Nordeste",0,"230030",7,56,24,32,21,35,1,0,0,0,0,57,24,32,21,35,40,8.85910915545855,10.9056072960147,0.438483118782713,29
"2713","CE","Aiuaba",17493,6424.51,23020,"Sertão de Inhamuns",2,"Nordeste",0,"230040",2,21,8,13,9,12,0,0,0,0,0,21,8,13,9,12,7,8.76787564226369,9.76955607989027,0.28718475042825,29
"2714","CE","Aiuaba",17493,6424.51,23020,"Sertão de Inhamuns",2,"Nordeste",0,"230040",3,19,8,11,7,12,0,0,0,0,0,19,8,11,7,12,15,8.76787564226369,9.76955607989027,0.363395086132703,31
"2715","CE","Aiuaba",17493,6424.51,23020,"Sertão de Inhamuns",2,"Nordeste",0,"230040",4,16,4,12,9,7,0,0,0,0,0,16,4,12,9,7,11,8.76787564226369,9.76955607989027,0.390042407645384,30
"2716","CE","Aiuaba",17493,6424.51,23020,"Sertão de Inhamuns",2,"Nordeste",0,"230040",5,8,4,4,4,4,0,0,0,0,0,8,4,4,4,4,5,8.76787564226369,9.76955607989027,0.392678814602032,31
"2717","CE","Aiuaba",17493,6424.51,23020,"Sertão de Inhamuns",2,"Nordeste",0,"230040",6,12,5,7,4,8,0,0,0,0,0,12,5,7,4,8,11,8.76787564226369,9.76955607989027,0.3865854435585,30
"2718","CE","Aiuaba",17493,6424.51,23020,"Sertão de Inhamuns",2,"Nordeste",0,"230040",7,18,8,10,11,7,0,0,0,0,0,18,8,10,11,7,4,8.76787564226369,9.76955607989027,0.409463014879158,29
"2719","CE","Alcântaras",11781,6506.65,23004,"Meruoca",2,"Nordeste",0,"230050",2,27,9,18,6,21,1,0,0,0,0,28,9,18,6,21,7,8.78058000982028,9.37424334324612,0.305968641164121,29
"2720","CE","Alcântaras",11781,6506.65,23004,"Meruoca",2,"Nordeste",0,"230050",3,16,3,13,5,11,0,0,0,0,0,16,3,13,5,11,6,8.78058000982028,9.37424334324612,0.434654124015089,31
"2721","CE","Alcântaras",11781,6506.65,23004,"Meruoca",2,"Nordeste",0,"230050",4,14,5,9,7,7,0,0,0,0,0,14,5,9,7,7,4,8.78058000982028,9.37424334324612,0.472919866519293,30
"2722","CE","Alcântaras",11781,6506.65,23004,"Meruoca",2,"Nordeste",0,"230050",5,12,3,9,5,7,0,0,0,0,0,12,3,9,5,7,6,8.78058000982028,9.37424334324612,0.515060659204118,31
"2723","CE","Alcântaras",11781,6506.65,23004,"Meruoca",2,"Nordeste",0,"230050",6,12,3,9,5,7,0,0,0,0,0,12,3,9,5,7,9,8.78058000982028,9.37424334324612,0.477580409588149,30
"2724","CE","Alcântaras",11781,6506.65,23004,"Meruoca",2,"Nordeste",0,"230050",7,13,9,4,2,11,0,0,0,0,0,13,9,4,2,11,3,8.78058000982028,9.37424334324612,0.479847808240708,29
"2725","CE","Altaneira",7650,6606.64,23030,"Caririaçu",2,"Nordeste",0,"230060",2,9,3,6,7,2,0,0,0,0,0,9,3,6,7,2,4,8.79583048288078,8.94246092682058,0.252373050812235,29
"2726","CE","Altaneira",7650,6606.64,23030,"Caririaçu",2,"Nordeste",0,"230060",3,12,4,8,3,9,0,0,0,0,0,12,4,8,3,9,5,8.79583048288078,8.94246092682058,0.367401362772866,31
"2727","CE","Altaneira",7650,6606.64,23030,"Caririaçu",2,"Nordeste",0,"230060",4,10,5,5,8,2,0,0,0,0,0,10,5,5,8,2,4,8.79583048288078,8.94246092682058,0.396665243620858,30
"2728","CE","Altaneira",7650,6606.64,23030,"Caririaçu",2,"Nordeste",0,"230060",5,6,3,3,1,5,0,0,0,0,0,6,3,3,1,5,2,8.79583048288078,8.94246092682058,0.407648268964225,31
"2729","CE","Altaneira",7650,6606.64,23030,"Caririaçu",2,"Nordeste",0,"230060",6,9,3,6,2,7,0,0,0,0,0,9,3,6,2,7,4,8.79583048288078,8.94246092682058,0.374902282731747,30
"2730","CE","Altaneira",7650,6606.64,23030,"Caririaçu",2,"Nordeste",0,"230060",7,16,5,11,3,13,0,0,0,0,0,16,5,11,3,13,6,8.79583048288078,8.94246092682058,0.416701420074894,29
"2731","CE","Alto Santo",17196,8908.98,23023,"Baixo Jaguaribe",2,"Nordeste",0,"230070",2,23,8,15,7,16,0,0,0,0,0,23,8,15,7,16,3,9.09481503579726,9.75243207761617,0.310382607852802,29
"2732","CE","Alto Santo",17196,8908.98,23023,"Baixo Jaguaribe",2,"Nordeste",0,"230070",3,30,8,22,11,19,0,0,0,0,0,30,8,22,11,19,7,9.09481503579726,9.75243207761617,0.38471322540019,31
"2733","CE","Alto Santo",17196,8908.98,23023,"Baixo Jaguaribe",2,"Nordeste",0,"230070",4,14,5,9,7,7,1,0,0,0,0,15,5,9,7,7,13,9.09481503579726,9.75243207761617,0.443987796195212,30
"2734","CE","Alto Santo",17196,8908.98,23023,"Baixo Jaguaribe",2,"Nordeste",0,"230070",5,13,3,10,7,6,0,0,0,0,0,13,3,10,7,6,5,9.09481503579726,9.75243207761617,0.443926284521161,31
"2735","CE","Alto Santo",17196,8908.98,23023,"Baixo Jaguaribe",2,"Nordeste",0,"230070",6,14,4,10,4,10,1,0,0,0,0,15,4,10,4,10,14,9.09481503579726,9.75243207761617,0.412964046065474,30
"2736","CE","Alto Santo",17196,8908.98,23023,"Baixo Jaguaribe",2,"Nordeste",0,"230070",7,24,9,15,9,15,0,0,0,0,0,24,9,15,9,15,8,9.09481503579726,9.75243207761617,0.444136079377154,29
"2737","CE","Amontada",43829,10090.68,23008,"Itapipoca",2,"Nordeste",0,"230075",2,48,11,37,21,27,0,0,0,0,0,48,11,37,21,27,14,9.21936750453569,10.6880509777294,0.307119550572126,29
"2738","CE","Amontada",43829,10090.68,23008,"Itapipoca",2,"Nordeste",0,"230075",3,59,16,43,29,30,1,0,0,0,0,60,16,43,29,30,20,9.21936750453569,10.6880509777294,0.424827366621894,31
"2739","CE","Amontada",43829,10090.68,23008,"Itapipoca",2,"Nordeste",0,"230075",4,58,16,42,23,35,1,0,0,0,0,59,16,42,23,35,15,9.21936750453569,10.6880509777294,0.4397282725909,30
"2740","CE","Amontada",43829,10090.68,23008,"Itapipoca",2,"Nordeste",0,"230075",5,60,17,43,31,29,0,0,0,0,0,60,17,43,31,29,31,9.21936750453569,10.6880509777294,0.493123716864828,31
"2741","CE","Amontada",43829,10090.68,23008,"Itapipoca",2,"Nordeste",0,"230075",6,67,23,44,35,32,0,0,0,0,0,67,23,44,35,32,26,9.21936750453569,10.6880509777294,0.4501497904409,30
"2742","CE","Amontada",43829,10090.68,23008,"Itapipoca",2,"Nordeste",0,"230075",7,54,23,31,24,30,0,0,0,0,0,54,23,31,24,30,21,9.21936750453569,10.6880509777294,0.445603377948258,29
"2743","CE","Antonina do Norte",7378,7290.2,23027,"Várzea Alegre",2,"Nordeste",0,"230080",2,11,8,3,6,5,0,0,0,0,0,11,8,3,6,5,4,8.89428625946863,8.90625787815662,0.264734308360197,29
"2744","CE","Antonina do Norte",7378,7290.2,23027,"Várzea Alegre",2,"Nordeste",0,"230080",3,10,3,7,2,8,0,0,0,0,0,10,3,7,2,8,3,8.89428625946863,8.90625787815662,0.354249689281733,31
"2745","CE","Antonina do Norte",7378,7290.2,23027,"Várzea Alegre",2,"Nordeste",0,"230080",4,8,2,6,4,4,1,0,0,0,0,9,2,6,4,4,5,8.89428625946863,8.90625787815662,0.379649795942183,30
"2746","CE","Antonina do Norte",7378,7290.2,23027,"Várzea Alegre",2,"Nordeste",0,"230080",5,7,2,5,4,3,0,0,0,0,0,7,2,5,4,3,0,8.89428625946863,8.90625787815662,0.386374635692875,31
"2747","CE","Antonina do Norte",7378,7290.2,23027,"Várzea Alegre",2,"Nordeste",0,"230080",6,9,4,5,1,8,0,0,0,0,0,9,4,5,1,8,7,8.89428625946863,8.90625787815662,0.346159550890003,30
"2748","CE","Antonina do Norte",7378,7290.2,23027,"Várzea Alegre",2,"Nordeste",0,"230080",7,4,1,3,2,2,0,0,0,0,0,4,1,3,2,2,8,8.89428625946863,8.90625787815662,0.38426976049803,29
"2749","CE","Apuiarés",14672,6805.1,23011,"Médio Curu",2,"Nordeste",0,"230090",2,23,9,14,5,18,0,0,0,0,0,23,9,14,5,18,10,8.82542761005474,9.59369619449625,0.304800118818776,29
"2750","CE","Apuiarés",14672,6805.1,23011,"Médio Curu",2,"Nordeste",0,"230090",3,19,3,16,5,14,0,0,0,0,0,19,3,16,5,14,7,8.82542761005474,9.59369619449625,0.42044765364369,31
"2751","CE","Apuiarés",14672,6805.1,23011,"Médio Curu",2,"Nordeste",0,"230090",4,11,1,10,6,5,0,0,0,0,0,11,1,10,6,5,10,8.82542761005474,9.59369619449625,0.429989660014734,30
"2752","CE","Apuiarés",14672,6805.1,23011,"Médio Curu",2,"Nordeste",0,"230090",5,11,4,7,6,5,0,0,0,0,0,11,4,7,6,5,13,8.82542761005474,9.59369619449625,0.495286441581284,31
"2753","CE","Apuiarés",14672,6805.1,23011,"Médio Curu",2,"Nordeste",0,"230090",6,10,3,7,3,7,1,0,0,0,0,11,3,7,3,7,11,8.82542761005474,9.59369619449625,0.4244713942641,30
"2754","CE","Apuiarés",14672,6805.1,23011,"Médio Curu",2,"Nordeste",0,"230090",7,22,7,15,9,13,0,0,0,0,0,22,7,15,9,13,3,8.82542761005474,9.59369619449625,0.400619717972812,29
"2755","CE","Aquiraz",80935,24630.33,23016,"Fortaleza",2,"Nordeste",1,"230100",2,66,15,51,23,43,0,0,0,0,0,66,15,51,23,43,55,10.1117338893196,11.3014016423681,0.306918587520023,29
"2756","CE","Aquiraz",80935,24630.33,23016,"Fortaleza",2,"Nordeste",1,"230100",3,73,19,54,30,43,0,0,0,0,0,73,19,54,30,43,56,10.1117338893196,11.3014016423681,0.41865849373783,31
"2757","CE","Aquiraz",80935,24630.33,23016,"Fortaleza",2,"Nordeste",1,"230100",4,41,15,26,20,21,1,0,0,0,0,42,15,26,20,21,47,10.1117338893196,11.3014016423681,0.477071766115249,30
"2758","CE","Aquiraz",80935,24630.33,23016,"Fortaleza",2,"Nordeste",1,"230100",5,42,9,33,14,28,0,0,0,0,0,42,9,33,14,28,80,10.1117338893196,11.3014016423681,0.477023062399028,31
"2759","CE","Aquiraz",80935,24630.33,23016,"Fortaleza",2,"Nordeste",1,"230100",6,50,12,38,19,31,0,0,0,0,0,50,12,38,19,31,58,10.1117338893196,11.3014016423681,0.400784749666972,30
"2760","CE","Aquiraz",80935,24630.33,23016,"Fortaleza",2,"Nordeste",1,"230100",7,32,8,24,13,19,0,0,0,0,0,32,8,24,13,19,45,10.1117338893196,11.3014016423681,0.397490162224625,29
"2761","CE","Aracati",74975,15210.71,23022,"Litoral de Aracati",2,"Nordeste",1,"230110",2,145,42,103,59,86,1,0,0,0,0,146,42,103,59,86,32,9.62975506397978,11.2249100036172,0.295404579242083,29
"2762","CE","Aracati",74975,15210.71,23022,"Litoral de Aracati",2,"Nordeste",1,"230110",3,125,28,97,52,73,1,0,0,0,0,126,28,97,52,73,43,9.62975506397978,11.2249100036172,0.415015269038487,31
"2763","CE","Aracati",74975,15210.71,23022,"Litoral de Aracati",2,"Nordeste",1,"230110",4,75,21,54,28,47,0,0,0,0,0,75,21,54,28,47,38,9.62975506397978,11.2249100036172,0.456523633189675,30
"2764","CE","Aracati",74975,15210.71,23022,"Litoral de Aracati",2,"Nordeste",1,"230110",5,50,18,32,17,33,0,0,0,0,0,50,18,32,17,33,61,9.62975506397978,11.2249100036172,0.466517337035409,31
"2765","CE","Aracati",74975,15210.71,23022,"Litoral de Aracati",2,"Nordeste",1,"230110",6,58,19,39,22,36,1,0,0,0,0,59,19,39,22,36,57,9.62975506397978,11.2249100036172,0.417415205433853,30
"2766","CE","Aracati",74975,15210.71,23022,"Litoral de Aracati",2,"Nordeste",1,"230110",7,81,21,60,24,57,1,0,0,0,0,82,21,60,24,57,41,9.62975506397978,11.2249100036172,0.433460322063737,29
"2767","CE","Aracoiaba",26535,7457.75,23013,"Baturité",2,"Nordeste",0,"230120",2,54,16,38,14,40,0,0,0,0,0,54,16,38,14,40,20,8.9170090391257,10.186219895262,0.317536843955054,29
"2768","CE","Aracoiaba",26535,7457.75,23013,"Baturité",2,"Nordeste",0,"230120",3,35,12,23,9,26,0,0,0,0,0,35,12,23,9,26,32,8.9170090391257,10.186219895262,0.430489843882011,31
"2769","CE","Aracoiaba",26535,7457.75,23013,"Baturité",2,"Nordeste",0,"230120",4,19,6,13,8,11,0,0,0,0,0,19,6,13,8,11,18,8.9170090391257,10.186219895262,0.477152369959348,30
"2770","CE","Aracoiaba",26535,7457.75,23013,"Baturité",2,"Nordeste",0,"230120",5,23,10,13,8,15,0,0,0,0,0,23,10,13,8,15,23,8.9170090391257,10.186219895262,0.504735132586046,31
"2771","CE","Aracoiaba",26535,7457.75,23013,"Baturité",2,"Nordeste",0,"230120",6,26,8,18,9,17,0,0,0,0,0,26,8,18,9,17,17,8.9170090391257,10.186219895262,0.443960811742372,30
"2772","CE","Aracoiaba",26535,7457.75,23013,"Baturité",2,"Nordeste",0,"230120",7,26,8,18,11,15,1,0,0,0,0,27,8,18,11,15,16,8.9170090391257,10.186219895262,0.444215741471843,29
"2773","CE","Ararendá",10959,7162.31,23018,"Sertão de Cratéus",2,"Nordeste",0,"230125",2,4,1,3,1,3,0,0,0,0,0,4,1,3,1,3,11,8.87658783362054,9.30191631546339,0.308458483574897,29
"2774","CE","Ararendá",10959,7162.31,23018,"Sertão de Cratéus",2,"Nordeste",0,"230125",3,1,1,0,0,1,1,0,0,0,0,2,1,0,0,1,5,8.87658783362054,9.30191631546339,0.424632707419847,31
"2775","CE","Ararendá",10959,7162.31,23018,"Sertão de Cratéus",2,"Nordeste",0,"230125",4,4,3,1,0,4,0,0,0,0,0,4,3,1,0,4,7,8.87658783362054,9.30191631546339,0.45990374553729,30
"2776","CE","Ararendá",10959,7162.31,23018,"Sertão de Cratéus",2,"Nordeste",0,"230125",5,3,1,2,1,2,0,0,0,0,0,3,1,2,1,2,9,8.87658783362054,9.30191631546339,0.464976025239694,31
"2777","CE","Ararendá",10959,7162.31,23018,"Sertão de Cratéus",2,"Nordeste",0,"230125",6,4,3,1,0,4,0,0,0,0,0,4,3,1,0,4,7,8.87658783362054,9.30191631546339,0.445641169874279,30
"2778","CE","Ararendá",10959,7162.31,23018,"Sertão de Cratéus",2,"Nordeste",0,"230125",7,2,0,2,0,2,0,0,0,0,0,2,0,2,0,2,7,8.87658783362054,9.30191631546339,0.475849705226167,29
"2779","CE","Araripe",21654,6724.7,23029,"Chapada do Araripe",2,"Nordeste",0,"230130",2,34,16,18,19,15,0,0,0,0,0,34,16,18,19,15,11,8.81354259380957,9.98294547387084,0.27877935016326,29
"2780","CE","Araripe",21654,6724.7,23029,"Chapada do Araripe",2,"Nordeste",0,"230130",3,26,8,18,10,16,0,0,0,0,0,26,8,18,10,16,11,8.81354259380957,9.98294547387084,0.384742217281181,31
"2781","CE","Araripe",21654,6724.7,23029,"Chapada do Araripe",2,"Nordeste",0,"230130",4,23,11,12,12,11,1,0,0,0,0,24,11,12,12,11,17,8.81354259380957,9.98294547387084,0.392720986941663,30
"2782","CE","Araripe",21654,6724.7,23029,"Chapada do Araripe",2,"Nordeste",0,"230130",5,31,11,20,21,10,0,0,0,0,0,31,11,20,21,10,14,8.81354259380957,9.98294547387084,0.407593379167036,31
"2783","CE","Araripe",21654,6724.7,23029,"Chapada do Araripe",2,"Nordeste",0,"230130",6,25,7,18,11,14,3,0,0,0,0,28,7,18,11,14,7,8.81354259380957,9.98294547387084,0.40860961945976,30
"2784","CE","Araripe",21654,6724.7,23029,"Chapada do Araripe",2,"Nordeste",0,"230130",7,27,8,19,14,13,2,0,0,0,0,29,8,19,14,13,12,8.81354259380957,9.98294547387084,0.441960166647743,29
"2785","CE","Aratuba",11802,11444.89,23013,"Baturité",2,"Nordeste",0,"230140",2,26,7,19,12,14,0,0,0,0,0,26,7,19,12,14,6,9.34529862115656,9.37602428761711,0.325734992054815,29
"2786","CE","Aratuba",11802,11444.89,23013,"Baturité",2,"Nordeste",0,"230140",3,17,5,12,9,8,1,0,0,0,0,18,5,12,9,8,9,9.34529862115656,9.37602428761711,0.417293494876912,31
"2787","CE","Aratuba",11802,11444.89,23013,"Baturité",2,"Nordeste",0,"230140",4,13,1,12,5,8,0,0,0,0,0,13,1,12,5,8,6,9.34529862115656,9.37602428761711,0.446697134884966,30
"2788","CE","Aratuba",11802,11444.89,23013,"Baturité",2,"Nordeste",0,"230140",5,15,4,11,6,9,0,0,0,0,0,15,4,11,6,9,12,9.34529862115656,9.37602428761711,0.47596260909096,31
"2789","CE","Aratuba",11802,11444.89,23013,"Baturité",2,"Nordeste",0,"230140",6,14,6,8,5,9,0,0,0,0,0,14,6,8,5,9,11,9.34529862115656,9.37602428761711,0.427484613374846,30
"2790","CE","Aratuba",11802,11444.89,23013,"Baturité",2,"Nordeste",0,"230140",7,9,3,6,5,4,1,0,0,0,0,10,3,6,5,4,2,9.34529862115656,9.37602428761711,0.445629373690142,29
"2791","CE","Arneiroz",7844,6907.11,23020,"Sertão de Inhamuns",2,"Nordeste",0,"230150",2,8,0,8,5,3,0,0,0,0,0,8,0,8,5,3,6,8.84030659483446,8.96750418731624,0.27874854287497,29
"2792","CE","Arneiroz",7844,6907.11,23020,"Sertão de Inhamuns",2,"Nordeste",0,"230150",3,10,6,4,6,4,0,0,0,0,0,10,6,4,6,4,3,8.84030659483446,8.96750418731624,0.391651635049572,31
"2793","CE","Arneiroz",7844,6907.11,23020,"Sertão de Inhamuns",2,"Nordeste",0,"230150",4,6,1,5,2,4,0,0,0,0,0,6,1,5,2,4,5,8.84030659483446,8.96750418731624,0.417907034253472,30
"2794","CE","Arneiroz",7844,6907.11,23020,"Sertão de Inhamuns",2,"Nordeste",0,"230150",5,8,3,5,2,6,0,0,0,0,0,8,3,5,2,6,5,8.84030659483446,8.96750418731624,0.434376204750868,31
"2795","CE","Arneiroz",7844,6907.11,23020,"Sertão de Inhamuns",2,"Nordeste",0,"230150",6,5,2,3,3,2,0,0,0,0,0,5,2,3,3,2,5,8.84030659483446,8.96750418731624,0.380014373310374,30
"2796","CE","Arneiroz",7844,6907.11,23020,"Sertão de Inhamuns",2,"Nordeste",0,"230150",7,14,4,10,5,9,0,0,0,0,0,14,4,10,5,9,3,8.84030659483446,8.96750418731624,0.433261980313269,29
"2797","CE","Assaré",23478,6947.09,23029,"Chapada do Araripe",2,"Nordeste",0,"230160",2,28,7,21,9,19,3,0,0,0,0,31,7,21,9,19,15,8.84607814584144,10.0638190914385,0.27201453236318,29
"2798","CE","Assaré",23478,6947.09,23029,"Chapada do Araripe",2,"Nordeste",0,"230160",3,31,13,18,10,21,1,0,0,0,0,32,13,18,10,21,11,8.84607814584144,10.0638190914385,0.359716007911007,31
"2799","CE","Assaré",23478,6947.09,23029,"Chapada do Araripe",2,"Nordeste",0,"230160",4,16,4,12,7,9,0,0,0,0,0,16,4,12,7,9,15,8.84607814584144,10.0638190914385,0.383487255654,30
"2800","CE","Assaré",23478,6947.09,23029,"Chapada do Araripe",2,"Nordeste",0,"230160",5,27,8,19,8,19,0,0,0,0,0,27,8,19,8,19,14,8.84607814584144,10.0638190914385,0.389457006894308,31
"2801","CE","Assaré",23478,6947.09,23029,"Chapada do Araripe",2,"Nordeste",0,"230160",6,27,6,21,13,14,1,0,0,0,0,28,6,21,13,14,15,8.84607814584144,10.0638190914385,0.396457202439488,30
"2802","CE","Assaré",23478,6947.09,23029,"Chapada do Araripe",2,"Nordeste",0,"230160",7,21,5,16,9,12,0,0,0,0,0,21,5,16,9,12,21,8.84607814584144,10.0638190914385,0.425666402235067,29
"2803","CE","Aurora",24610,7511.26,23031,"Barro",2,"Nordeste",0,"230170",2,43,8,35,20,23,0,0,0,0,0,43,8,35,20,23,6,8.92415850698358,10.1109081433851,0.256468297100271,29
"2804","CE","Aurora",24610,7511.26,23031,"Barro",2,"Nordeste",0,"230170",3,62,31,31,26,36,0,0,0,0,0,62,31,31,26,36,9,8.92415850698358,10.1109081433851,0.358340544752033,31
"2805","CE","Aurora",24610,7511.26,23031,"Barro",2,"Nordeste",0,"230170",4,30,13,17,15,15,0,0,0,0,0,30,13,17,15,15,15,8.92415850698358,10.1109081433851,0.379120277001175,30
"2806","CE","Aurora",24610,7511.26,23031,"Barro",2,"Nordeste",0,"230170",5,25,9,16,12,13,0,0,0,0,0,25,9,16,12,13,10,8.92415850698358,10.1109081433851,0.417500874179106,31
"2807","CE","Aurora",24610,7511.26,23031,"Barro",2,"Nordeste",0,"230170",6,30,7,23,8,22,0,0,0,0,0,30,7,23,8,22,13,8.92415850698358,10.1109081433851,0.387381978065127,30
"2808","CE","Aurora",24610,7511.26,23031,"Barro",2,"Nordeste",0,"230170",7,27,10,17,12,15,0,0,0,0,0,27,10,17,12,15,20,8.92415850698358,10.1109081433851,0.436350837744376,29
"2809","CE","Banabuiú",18256,8874.99,23019,"Sertão de Quixeramobim",2,"Nordeste",0,"230185",2,25,10,15,6,19,0,0,0,0,0,25,10,15,6,19,7,9.09099248758242,9.81224907210186,0.276950455664902,29
"2810","CE","Banabuiú",18256,8874.99,23019,"Sertão de Quixeramobim",2,"Nordeste",0,"230185",3,19,8,11,6,13,0,0,0,0,0,19,8,11,6,13,9,9.09099248758242,9.81224907210186,0.38334426072474,31
"2811","CE","Banabuiú",18256,8874.99,23019,"Sertão de Quixeramobim",2,"Nordeste",0,"230185",4,4,3,1,3,1,0,0,0,0,0,4,3,1,3,1,8,9.09099248758242,9.81224907210186,0.423813719679826,30
"2812","CE","Banabuiú",18256,8874.99,23019,"Sertão de Quixeramobim",2,"Nordeste",0,"230185",5,3,1,2,1,2,0,0,0,0,0,3,1,2,1,2,6,9.09099248758242,9.81224907210186,0.438508357403494,31
"2813","CE","Banabuiú",18256,8874.99,23019,"Sertão de Quixeramobim",2,"Nordeste",0,"230185",6,8,3,5,4,4,0,0,0,0,0,8,3,5,4,4,9,9.09099248758242,9.81224907210186,0.412527972515482,30
"2814","CE","Banabuiú",18256,8874.99,23019,"Sertão de Quixeramobim",2,"Nordeste",0,"230185",7,5,3,2,1,4,0,0,0,0,0,5,3,2,1,4,11,9.09099248758242,9.81224907210186,0.428551306747426,29
"2815","CE","Barbalha",61228,14320.84,23032,"Cariri",2,"Nordeste",1,"230190",2,193,38,155,71,122,1,0,0,0,0,194,38,155,71,122,35,9.56947109801213,11.0223598802116,0.278753666236301,29
"2816","CE","Barbalha",61228,14320.84,23032,"Cariri",2,"Nordeste",1,"230190",3,178,36,142,70,108,0,0,0,0,0,178,36,142,70,108,49,9.56947109801213,11.0223598802116,0.392784475510769,31
"2817","CE","Barbalha",61228,14320.84,23032,"Cariri",2,"Nordeste",1,"230190",4,128,29,99,44,84,1,0,0,0,0,129,29,99,44,84,41,9.56947109801213,11.0223598802116,0.430796966133914,30
"2818","CE","Barbalha",61228,14320.84,23032,"Cariri",2,"Nordeste",1,"230190",5,98,27,71,34,64,0,0,0,0,0,98,27,71,34,64,34,9.56947109801213,11.0223598802116,0.412701012983956,31
"2819","CE","Barbalha",61228,14320.84,23032,"Cariri",2,"Nordeste",1,"230190",6,94,18,76,38,56,0,0,0,0,0,94,18,76,38,56,46,9.56947109801213,11.0223598802116,0.398990630516844,30
"2820","CE","Barbalha",61228,14320.84,23032,"Cariri",2,"Nordeste",1,"230190",7,127,24,103,53,74,1,0,0,0,0,128,24,103,53,74,70,9.56947109801213,11.0223598802116,0.430150818723409,29
"2821","CE","Barreira",22573,6958.94,23014,"Chorozinho",2,"Nordeste",0,"230195",2,36,14,22,20,16,0,0,0,0,0,36,14,22,20,16,10,8.84778244287924,10.0245097807836,0.295586528771969,29
"2822","CE","Barreira",22573,6958.94,23014,"Chorozinho",2,"Nordeste",0,"230195",3,44,16,28,20,24,0,0,0,0,0,44,16,28,20,24,17,8.84778244287924,10.0245097807836,0.412465554554822,31
"2823","CE","Barreira",22573,6958.94,23014,"Chorozinho",2,"Nordeste",0,"230195",4,24,8,16,7,17,0,0,0,0,0,24,8,16,7,17,15,8.84778244287924,10.0245097807836,0.460495093889397,30
"2824","CE","Barreira",22573,6958.94,23014,"Chorozinho",2,"Nordeste",0,"230195",5,23,7,16,11,12,0,0,0,0,0,23,7,16,11,12,33,8.84778244287924,10.0245097807836,0.467520316413821,31
"2825","CE","Barreira",22573,6958.94,23014,"Chorozinho",2,"Nordeste",0,"230195",6,18,10,8,9,9,0,0,0,0,0,18,10,8,9,9,17,8.84778244287924,10.0245097807836,0.406981466894648,30
"2826","CE","Barreira",22573,6958.94,23014,"Chorozinho",2,"Nordeste",0,"230195",7,20,12,8,7,13,0,0,0,0,0,20,12,8,7,13,21,8.84778244287924,10.0245097807836,0.425988707102246,29
"2827","CE","Barro",22758,7674.21,23031,"Barro",2,"Nordeste",0,"230200",2,28,9,19,9,19,0,0,0,0,0,28,9,19,9,19,13,8.94562063556149,10.032672010917,0.242489239671392,29
"2828","CE","Barro",22758,7674.21,23031,"Barro",2,"Nordeste",0,"230200",3,29,10,19,8,21,0,0,0,0,0,29,10,19,8,21,18,8.94562063556149,10.032672010917,0.374750244245078,31
"2829","CE","Barro",22758,7674.21,23031,"Barro",2,"Nordeste",0,"230200",4,22,7,15,9,13,0,0,0,0,0,22,7,15,9,13,8,8.94562063556149,10.032672010917,0.378763314527909,30
"2830","CE","Barro",22758,7674.21,23031,"Barro",2,"Nordeste",0,"230200",5,21,6,15,6,15,0,0,0,0,0,21,6,15,6,15,12,8.94562063556149,10.032672010917,0.436050231062597,31
"2831","CE","Barro",22758,7674.21,23031,"Barro",2,"Nordeste",0,"230200",6,21,9,12,8,13,0,0,0,0,0,21,9,12,8,13,16,8.94562063556149,10.032672010917,0.396433471444755,30
"2832","CE","Barro",22758,7674.21,23031,"Barro",2,"Nordeste",0,"230200",7,26,8,18,8,18,0,0,0,0,0,26,8,18,8,18,11,8.94562063556149,10.032672010917,0.424194625136418,29
"2833","CE","Barroquinha",15044,6662.58,23001,"Litoral de Camocim e Acaraú",2,"Nordeste",0,"230205",2,37,11,26,18,19,0,0,0,0,0,37,11,26,18,19,12,8.8042620759067,9.61873451959023,0.28763262508052,29
"2834","CE","Barroquinha",15044,6662.58,23001,"Litoral de Camocim e Acaraú",2,"Nordeste",0,"230205",3,24,10,14,12,12,0,0,0,0,0,24,10,14,12,12,6,8.8042620759067,9.61873451959023,0.412227677740854,31
"2835","CE","Barroquinha",15044,6662.58,23001,"Litoral de Camocim e Acaraú",2,"Nordeste",0,"230205",4,17,5,12,9,8,0,0,0,0,0,17,5,12,9,8,4,8.8042620759067,9.61873451959023,0.447379103567,30
"2836","CE","Barroquinha",15044,6662.58,23001,"Litoral de Camocim e Acaraú",2,"Nordeste",0,"230205",5,16,7,9,8,8,0,0,0,0,0,16,7,9,8,8,15,8.8042620759067,9.61873451959023,0.456658288442249,31
"2837","CE","Barroquinha",15044,6662.58,23001,"Litoral de Camocim e Acaraú",2,"Nordeste",0,"230205",6,15,7,8,11,4,0,0,0,0,0,15,7,8,11,4,23,8.8042620759067,9.61873451959023,0.421339075965328,30
"2838","CE","Barroquinha",15044,6662.58,23001,"Litoral de Camocim e Acaraú",2,"Nordeste",0,"230205",7,28,12,16,11,17,1,0,0,0,0,29,12,16,11,17,13,8.8042620759067,9.61873451959023,0.442909134242373,29
"2839","CE","Baturité",35941,9114.77,23013,"Baturité",2,"Nordeste",0,"230210",2,71,30,41,27,44,1,0,0,0,0,72,30,41,27,44,18,9.1176514536622,10.4896339841018,0.297753975176919,29
"2840","CE","Baturité",35941,9114.77,23013,"Baturité",2,"Nordeste",0,"230210",3,49,14,35,21,28,1,0,0,0,0,50,14,35,21,28,21,9.1176514536622,10.4896339841018,0.409057021697268,31
"2841","CE","Baturité",35941,9114.77,23013,"Baturité",2,"Nordeste",0,"230210",4,32,16,16,9,23,0,0,0,0,0,32,16,16,9,23,25,9.1176514536622,10.4896339841018,0.460700013439463,30
"2842","CE","Baturité",35941,9114.77,23013,"Baturité",2,"Nordeste",0,"230210",5,29,8,21,12,17,0,0,0,0,0,29,8,21,12,17,50,9.1176514536622,10.4896339841018,0.49123764970778,31
"2843","CE","Baturité",35941,9114.77,23013,"Baturité",2,"Nordeste",0,"230210",6,36,10,26,15,21,0,0,0,0,0,36,10,26,15,21,31,9.1176514536622,10.4896339841018,0.419284730174453,30
"2844","CE","Baturité",35941,9114.77,23013,"Baturité",2,"Nordeste",0,"230210",7,42,15,27,10,32,0,0,0,0,0,42,15,27,10,32,22,9.1176514536622,10.4896339841018,0.416665460669228,29
"2845","CE","Beberibe",53949,13744.68,23015,"Cascavel",2,"Nordeste",0,"230220",2,62,16,46,24,38,0,0,0,0,0,62,16,46,24,38,32,9.52840711913517,10.8957944348333,0.305771483391078,29
"2846","CE","Beberibe",53949,13744.68,23015,"Cascavel",2,"Nordeste",0,"230220",3,43,16,27,16,27,0,0,0,0,0,43,16,27,16,27,29,9.52840711913517,10.8957944348333,0.41843398461606,31
"2847","CE","Beberibe",53949,13744.68,23015,"Cascavel",2,"Nordeste",0,"230220",4,45,15,30,16,29,0,0,0,0,0,45,15,30,16,29,31,9.52840711913517,10.8957944348333,0.475018600515962,30
"2848","CE","Beberibe",53949,13744.68,23015,"Cascavel",2,"Nordeste",0,"230220",5,41,7,34,18,23,0,0,0,0,0,41,7,34,18,23,46,9.52840711913517,10.8957944348333,0.48752835946407,31
"2849","CE","Beberibe",53949,13744.68,23015,"Cascavel",2,"Nordeste",0,"230220",6,38,11,27,14,24,0,0,0,0,0,38,11,27,14,24,38,9.52840711913517,10.8957944348333,0.41792791611734,30
"2850","CE","Beberibe",53949,13744.68,23015,"Cascavel",2,"Nordeste",0,"230220",7,49,19,30,17,32,0,0,0,0,0,49,19,30,17,32,40,9.52840711913517,10.8957944348333,0.424999895778262,29
"2851","CE","Bela Cruz",32722,7322.64,23001,"Litoral de Camocim e Acaraú",2,"Nordeste",0,"230230",2,58,21,37,23,35,1,0,0,0,0,59,21,37,23,35,15,8.89872619767242,10.395802913543,0.34001268099004,29
"2852","CE","Bela Cruz",32722,7322.64,23001,"Litoral de Camocim e Acaraú",2,"Nordeste",0,"230230",3,50,10,40,22,28,1,0,0,0,0,51,10,40,22,28,21,8.89872619767242,10.395802913543,0.467600909848446,31
"2853","CE","Bela Cruz",32722,7322.64,23001,"Litoral de Camocim e Acaraú",2,"Nordeste",0,"230230",4,25,6,19,12,13,0,0,0,0,0,25,6,19,12,13,17,8.89872619767242,10.395802913543,0.52368517581056,30
"2854","CE","Bela Cruz",32722,7322.64,23001,"Litoral de Camocim e Acaraú",2,"Nordeste",0,"230230",5,25,7,18,9,16,0,0,0,0,0,25,7,18,9,16,23,8.89872619767242,10.395802913543,0.526115666624201,31
"2855","CE","Bela Cruz",32722,7322.64,23001,"Litoral de Camocim e Acaraú",2,"Nordeste",0,"230230",6,36,10,26,12,24,1,0,0,0,0,37,10,26,12,24,27,8.89872619767242,10.395802913543,0.478446326646574,30
"2856","CE","Bela Cruz",32722,7322.64,23001,"Litoral de Camocim e Acaraú",2,"Nordeste",0,"230230",7,33,10,23,14,19,1,0,0,0,0,34,10,23,14,19,16,8.89872619767242,10.395802913543,0.472982432804763,29
"2857","CE","Boa Viagem",54577,7031.15,23019,"Sertão de Quixeramobim",2,"Nordeste",0,"230240",2,101,35,66,51,50,0,0,0,0,0,101,35,66,51,50,32,8.85810555606347,10.907367827563,0.310590399617967,29
"2858","CE","Boa Viagem",54577,7031.15,23019,"Sertão de Quixeramobim",2,"Nordeste",0,"230240",3,89,37,52,38,51,0,0,0,0,0,89,37,52,38,51,30,8.85810555606347,10.907367827563,0.384029391772975,31
"2859","CE","Boa Viagem",54577,7031.15,23019,"Sertão de Quixeramobim",2,"Nordeste",0,"230240",4,61,21,40,24,37,1,0,0,0,0,62,21,40,24,37,43,8.85810555606347,10.907367827563,0.408367827181978,30
"2860","CE","Boa Viagem",54577,7031.15,23019,"Sertão de Quixeramobim",2,"Nordeste",0,"230240",5,42,18,24,21,21,3,0,0,0,0,45,18,24,21,21,40,8.85810555606347,10.907367827563,0.44894962401506,31
"2861","CE","Boa Viagem",54577,7031.15,23019,"Sertão de Quixeramobim",2,"Nordeste",0,"230240",6,48,21,27,24,24,1,0,0,0,0,49,21,27,24,24,33,8.85810555606347,10.907367827563,0.408776810571452,30
"2862","CE","Boa Viagem",54577,7031.15,23019,"Sertão de Quixeramobim",2,"Nordeste",0,"230240",7,47,14,33,18,29,1,0,0,0,0,48,14,33,18,29,36,8.85810555606347,10.907367827563,0.441604650938948,29
"2863","CE","Brejo Santo",49842,10248.61,23033,"Brejo Santo",2,"Nordeste",1,"230250",2,103,29,74,40,63,1,0,0,0,0,104,29,74,40,63,27,9.23489736561462,10.8166132810671,0.27046292036774,29
"2864","CE","Brejo Santo",49842,10248.61,23033,"Brejo Santo",2,"Nordeste",1,"230250",3,107,32,75,46,61,1,0,0,0,0,108,32,75,46,61,21,9.23489736561462,10.8166132810671,0.390067222453131,31
"2865","CE","Brejo Santo",49842,10248.61,23033,"Brejo Santo",2,"Nordeste",1,"230250",4,68,13,55,31,37,0,0,0,0,0,68,13,55,31,37,32,9.23489736561462,10.8166132810671,0.411520816100482,30
"2866","CE","Brejo Santo",49842,10248.61,23033,"Brejo Santo",2,"Nordeste",1,"230250",5,62,21,41,25,37,0,0,0,0,0,62,21,41,25,37,22,9.23489736561462,10.8166132810671,0.39990935692081,31
"2867","CE","Brejo Santo",49842,10248.61,23033,"Brejo Santo",2,"Nordeste",1,"230250",6,68,22,46,30,38,1,0,0,0,0,69,22,46,30,38,36,9.23489736561462,10.8166132810671,0.373807077616997,30
"2868","CE","Brejo Santo",49842,10248.61,23033,"Brejo Santo",2,"Nordeste",1,"230250",7,55,18,37,22,33,0,0,0,0,0,55,18,37,22,33,41,9.23489736561462,10.8166132810671,0.397112373689466,29
"2869","CE","Camocim",63907,9005.04,23001,"Litoral de Camocim e Acaraú",2,"Nordeste",1,"230260",2,144,48,96,73,71,1,0,0,0,0,145,48,96,73,71,36,9.10553969957687,11.0651841805318,0.284629508466964,29
"2870","CE","Camocim",63907,9005.04,23001,"Litoral de Camocim e Acaraú",2,"Nordeste",1,"230260",3,141,56,85,52,89,0,0,0,0,0,141,56,85,52,89,37,9.10553969957687,11.0651841805318,0.393307930169582,31
"2871","CE","Camocim",63907,9005.04,23001,"Litoral de Camocim e Acaraú",2,"Nordeste",1,"230260",4,81,33,48,35,46,2,0,0,0,0,83,33,48,35,46,26,9.10553969957687,11.0651841805318,0.427815193349384,30
"2872","CE","Camocim",63907,9005.04,23001,"Litoral de Camocim e Acaraú",2,"Nordeste",1,"230260",5,62,24,38,30,32,0,0,0,0,0,62,24,38,30,32,65,9.10553969957687,11.0651841805318,0.456443414473084,31
"2873","CE","Camocim",63907,9005.04,23001,"Litoral de Camocim e Acaraú",2,"Nordeste",1,"230260",6,92,37,55,40,52,1,0,0,0,0,93,37,55,40,52,93,9.10553969957687,11.0651841805318,0.460851825156155,30
"2874","CE","Camocim",63907,9005.04,23001,"Litoral de Camocim e Acaraú",2,"Nordeste",1,"230260",7,89,20,69,32,57,1,0,0,0,0,90,20,69,32,57,41,9.10553969957687,11.0651841805318,0.425739465382,29
"2875","CE","Campos Sales",27470,6896.85,23029,"Chapada do Araripe",2,"Nordeste",0,"230270",2,56,20,36,21,35,1,0,0,0,0,57,20,36,21,35,27,8.83882006460844,10.2208497790893,0.246907223939324,29
"2876","CE","Campos Sales",27470,6896.85,23029,"Chapada do Araripe",2,"Nordeste",0,"230270",3,31,7,24,15,16,1,0,0,0,0,32,7,24,15,16,20,8.83882006460844,10.2208497790893,0.335449630707805,31
"2877","CE","Campos Sales",27470,6896.85,23029,"Chapada do Araripe",2,"Nordeste",0,"230270",4,35,11,24,13,22,0,0,0,0,0,35,11,24,13,22,20,8.83882006460844,10.2208497790893,0.350687272398535,30
"2878","CE","Campos Sales",27470,6896.85,23029,"Chapada do Araripe",2,"Nordeste",0,"230270",5,21,7,14,7,14,0,0,0,0,0,21,7,14,7,14,18,8.83882006460844,10.2208497790893,0.387482467875305,31
"2879","CE","Campos Sales",27470,6896.85,23029,"Chapada do Araripe",2,"Nordeste",0,"230270",6,32,9,23,16,16,0,0,0,0,0,32,9,23,16,16,26,8.83882006460844,10.2208497790893,0.363812659523509,30
"2880","CE","Campos Sales",27470,6896.85,23029,"Chapada do Araripe",2,"Nordeste",0,"230270",7,27,9,18,17,10,0,0,0,0,0,27,9,18,17,10,18,8.83882006460844,10.2208497790893,0.390009686533343,29
"2881","CE","Canindé",77244,8106.88,23012,"Canindé",2,"Nordeste",1,"230280",2,165,64,101,76,89,1,0,0,0,0,166,64,101,76,89,48,9.00046836285521,11.2547245218406,0.28969937696288,29
"2882","CE","Canindé",77244,8106.88,23012,"Canindé",2,"Nordeste",1,"230280",3,124,48,76,54,70,0,0,0,0,0,124,48,76,54,70,64,9.00046836285521,11.2547245218406,0.401459238377117,31
"2883","CE","Canindé",77244,8106.88,23012,"Canindé",2,"Nordeste",1,"230280",4,89,29,60,38,51,1,0,0,0,0,90,29,60,38,51,44,9.00046836285521,11.2547245218406,0.424173479069757,30
"2884","CE","Canindé",77244,8106.88,23012,"Canindé",2,"Nordeste",1,"230280",5,85,24,61,39,46,0,0,0,0,0,85,24,61,39,46,71,9.00046836285521,11.2547245218406,0.446705370099903,31
"2885","CE","Canindé",77244,8106.88,23012,"Canindé",2,"Nordeste",1,"230280",6,74,29,45,29,45,1,0,0,0,0,75,29,45,29,45,74,9.00046836285521,11.2547245218406,0.414518434947645,30
"2886","CE","Canindé",77244,8106.88,23012,"Canindé",2,"Nordeste",1,"230280",7,85,32,53,39,46,1,0,0,0,0,86,32,53,39,46,69,9.00046836285521,11.2547245218406,0.438430553258862,29
"2887","CE","Capistrano",17786,9827.07,23013,"Baturité",2,"Nordeste",0,"230290",2,33,9,24,11,22,0,0,0,0,0,33,9,24,11,22,7,9.19289610156897,9.78616690995958,0.323585758211605,29
"2888","CE","Capistrano",17786,9827.07,23013,"Baturité",2,"Nordeste",0,"230290",3,19,6,13,7,12,0,0,0,0,0,19,6,13,7,12,21,9.19289610156897,9.78616690995958,0.427636731807861,31
"2889","CE","Capistrano",17786,9827.07,23013,"Baturité",2,"Nordeste",0,"230290",4,21,6,15,12,9,0,0,0,0,0,21,6,15,12,9,10,9.19289610156897,9.78616690995958,0.476640797643157,30
"2890","CE","Capistrano",17786,9827.07,23013,"Baturité",2,"Nordeste",0,"230290",5,15,6,9,7,8,0,0,0,0,0,15,6,9,7,8,17,9.19289610156897,9.78616690995958,0.514151248217758,31
"2891","CE","Capistrano",17786,9827.07,23013,"Baturité",2,"Nordeste",0,"230290",6,26,11,15,14,12,0,0,0,0,0,26,11,15,14,12,12,9.19289610156897,9.78616690995958,0.442859979911168,30
"2892","CE","Capistrano",17786,9827.07,23013,"Baturité",2,"Nordeste",0,"230290",7,19,3,16,11,8,0,0,0,0,0,19,3,16,11,8,12,9.19289610156897,9.78616690995958,0.469693353691316,29
"2893","CE","Caridade",22782,5631.24,23012,"Canindé",2,"Nordeste",0,"230300",2,24,13,11,7,17,0,0,0,0,0,24,13,11,7,17,7,8.63608494555041,10.0337260294599,0.340563823242129,29
"2894","CE","Caridade",22782,5631.24,23012,"Canindé",2,"Nordeste",0,"230300",3,31,20,11,11,20,0,0,0,0,0,31,20,11,11,20,7,8.63608494555041,10.0337260294599,0.432283531343495,31
"2895","CE","Caridade",22782,5631.24,23012,"Canindé",2,"Nordeste",0,"230300",4,26,15,11,12,14,0,0,0,0,0,26,15,11,12,14,13,8.63608494555041,10.0337260294599,0.479449405757405,30
"2896","CE","Caridade",22782,5631.24,23012,"Canindé",2,"Nordeste",0,"230300",5,20,9,11,3,17,0,0,0,0,0,20,9,11,3,17,15,8.63608494555041,10.0337260294599,0.497812109432463,31
"2897","CE","Caridade",22782,5631.24,23012,"Canindé",2,"Nordeste",0,"230300",6,26,13,13,10,16,0,0,0,0,0,26,13,13,10,16,6,8.63608494555041,10.0337260294599,0.428335813804106,30
"2898","CE","Caridade",22782,5631.24,23012,"Canindé",2,"Nordeste",0,"230300",7,15,5,10,10,5,0,0,0,0,0,15,5,10,10,5,10,8.63608494555041,10.0337260294599,0.455461681314634,29
"2899","CE","Cariré",18459,8062.68,23005,"Sobral",2,"Nordeste",0,"230310",2,53,13,40,24,29,0,0,0,0,0,53,13,40,24,29,9,8.99500128643621,9.8233073354086,0.294648331579684,29
"2900","CE","Cariré",18459,8062.68,23005,"Sobral",2,"Nordeste",0,"230310",3,47,12,35,16,31,0,0,0,0,0,47,12,35,16,31,12,8.99500128643621,9.8233073354086,0.396159076352712,31
"2901","CE","Cariré",18459,8062.68,23005,"Sobral",2,"Nordeste",0,"230310",4,16,3,13,8,8,0,0,0,0,0,16,3,13,8,8,8,8.99500128643621,9.8233073354086,0.405436369978589,30
"2902","CE","Cariré",18459,8062.68,23005,"Sobral",2,"Nordeste",0,"230310",5,16,3,13,5,11,0,0,0,0,0,16,3,13,5,11,14,8.99500128643621,9.8233073354086,0.475504383661314,31
"2903","CE","Cariré",18459,8062.68,23005,"Sobral",2,"Nordeste",0,"230310",6,19,7,12,3,16,0,0,0,0,0,19,7,12,3,16,12,8.99500128643621,9.8233073354086,0.458264003158663,30
"2904","CE","Cariré",18459,8062.68,23005,"Sobral",2,"Nordeste",0,"230310",7,23,9,14,10,13,0,0,0,0,0,23,9,14,10,13,17,8.99500128643621,9.8233073354086,0.45309516063272,29
"2905","CE","Caririaçu",26987,7476.01,23030,"Caririaçu",2,"Nordeste",0,"230320",2,47,16,31,20,27,1,0,0,0,0,48,16,31,20,27,14,8.91945450618826,10.2031105475556,0.265811509919071,29
"2906","CE","Caririaçu",26987,7476.01,23030,"Caririaçu",2,"Nordeste",0,"230320",3,56,18,38,26,30,1,0,0,0,0,57,18,38,26,30,26,8.91945450618826,10.2031105475556,0.354646070479979,31
"2907","CE","Caririaçu",26987,7476.01,23030,"Caririaçu",2,"Nordeste",0,"230320",4,30,10,20,19,11,0,0,0,0,0,30,10,20,19,11,19,8.91945450618826,10.2031105475556,0.405832600806539,30
"2908","CE","Caririaçu",26987,7476.01,23030,"Caririaçu",2,"Nordeste",0,"230320",5,33,7,26,14,19,0,0,0,0,0,33,7,26,14,19,20,8.91945450618826,10.2031105475556,0.407745654205393,31
"2909","CE","Caririaçu",26987,7476.01,23030,"Caririaçu",2,"Nordeste",0,"230320",6,27,11,16,8,19,1,0,0,0,0,28,11,16,8,19,25,8.91945450618826,10.2031105475556,0.389616688893377,30
"2910","CE","Caririaçu",26987,7476.01,23030,"Caririaçu",2,"Nordeste",0,"230320",7,42,13,29,20,22,0,0,0,0,0,42,13,29,20,22,17,8.91945450618826,10.2031105475556,0.405659449501211,29
"2911","CE","Cariús",18699,7267.16,23027,"Várzea Alegre",2,"Nordeste",0,"230330",2,21,9,12,9,12,0,0,0,0,0,21,9,12,9,12,12,8.89112084771291,9.83622532547696,0.290919527460932,29
"2912","CE","Cariús",18699,7267.16,23027,"Várzea Alegre",2,"Nordeste",0,"230330",3,23,8,15,6,17,2,0,0,0,0,25,8,15,6,17,18,8.89112084771291,9.83622532547696,0.395825515303312,31
"2913","CE","Cariús",18699,7267.16,23027,"Várzea Alegre",2,"Nordeste",0,"230330",4,12,5,7,7,5,0,0,0,0,0,12,5,7,7,5,13,8.89112084771291,9.83622532547696,0.437934011642013,30
"2914","CE","Cariús",18699,7267.16,23027,"Várzea Alegre",2,"Nordeste",0,"230330",5,10,3,7,4,6,0,0,0,0,0,10,3,7,4,6,11,8.89112084771291,9.83622532547696,0.447246737462362,31
"2915","CE","Cariús",18699,7267.16,23027,"Várzea Alegre",2,"Nordeste",0,"230330",6,8,3,5,3,5,0,0,0,0,0,8,3,5,3,5,10,8.89112084771291,9.83622532547696,0.442649074488311,30
"2916","CE","Cariús",18699,7267.16,23027,"Várzea Alegre",2,"Nordeste",0,"230330",7,17,7,10,6,11,0,0,0,0,0,17,7,10,6,11,12,8.89112084771291,9.83622532547696,0.448433483493495,29
"2917","CE","Carnaubal",17685,6609.89,23002,"Ibiapaba",2,"Nordeste",0,"230340",2,28,11,17,11,17,0,0,0,0,0,28,11,17,11,17,8,8.79632229125492,9.78047210163958,0.283156862499781,29
"2918","CE","Carnaubal",17685,6609.89,23002,"Ibiapaba",2,"Nordeste",0,"230340",3,23,11,12,12,11,0,0,0,0,0,23,11,12,12,11,3,8.79632229125492,9.78047210163958,0.413227627848718,31
"2919","CE","Carnaubal",17685,6609.89,23002,"Ibiapaba",2,"Nordeste",0,"230340",4,9,3,6,7,2,0,0,0,0,0,9,3,6,7,2,13,8.79632229125492,9.78047210163958,0.446875163788842,30
"2920","CE","Carnaubal",17685,6609.89,23002,"Ibiapaba",2,"Nordeste",0,"230340",5,25,5,20,12,13,0,0,0,0,0,25,5,20,12,13,9,8.79632229125492,9.78047210163958,0.430788724064131,31
"2921","CE","Carnaubal",17685,6609.89,23002,"Ibiapaba",2,"Nordeste",0,"230340",6,28,14,14,9,19,0,0,0,0,0,28,14,14,9,19,15,8.79632229125492,9.78047210163958,0.403940477217276,30
"2922","CE","Carnaubal",17685,6609.89,23002,"Ibiapaba",2,"Nordeste",0,"230340",7,25,12,13,15,10,0,0,0,0,0,25,12,13,15,10,9,8.79632229125492,9.78047210163958,0.460891950591424,29
"2923","CE","Cascavel",72232,10317.32,23015,"Cascavel",2,"Nordeste",1,"230350",2,126,51,75,58,68,0,0,0,0,0,126,51,75,58,68,41,9.24157931538781,11.1876384399873,0.288740135777243,29
"2924","CE","Cascavel",72232,10317.32,23015,"Cascavel",2,"Nordeste",1,"230350",3,121,30,91,56,65,1,0,0,0,0,122,30,91,56,65,48,9.24157931538781,11.1876384399873,0.397117645402008,31
"2925","CE","Cascavel",72232,10317.32,23015,"Cascavel",2,"Nordeste",1,"230350",4,69,28,41,37,32,1,0,0,0,0,70,28,41,37,32,51,9.24157931538781,11.1876384399873,0.442636833542978,30
"2926","CE","Cascavel",72232,10317.32,23015,"Cascavel",2,"Nordeste",1,"230350",5,72,19,53,34,38,2,0,0,0,0,74,19,53,34,38,122,9.24157931538781,11.1876384399873,0.4677714507863,31
"2927","CE","Cascavel",72232,10317.32,23015,"Cascavel",2,"Nordeste",1,"230350",6,65,21,44,24,41,1,0,0,0,0,66,21,44,24,41,67,9.24157931538781,11.1876384399873,0.38858923291101,30
"2928","CE","Cascavel",72232,10317.32,23015,"Cascavel",2,"Nordeste",1,"230350",7,59,18,41,19,40,0,0,0,0,0,59,18,41,19,40,52,9.24157931538781,11.1876384399873,0.385619368706687,29
"2929","CE","Catarina",20871,5797.02,23020,"Sertão de Inhamuns",2,"Nordeste",0,"230360",2,15,7,8,7,8,0,0,0,0,0,15,7,8,7,8,5,8.66509927139416,9.94611591459175,0.271561208693406,29
"2930","CE","Catarina",20871,5797.02,23020,"Sertão de Inhamuns",2,"Nordeste",0,"230360",3,21,8,13,10,11,0,0,0,0,0,21,8,13,10,11,2,8.66509927139416,9.94611591459175,0.331191373153991,31
"2931","CE","Catarina",20871,5797.02,23020,"Sertão de Inhamuns",2,"Nordeste",0,"230360",4,9,2,7,4,5,0,0,0,0,0,9,2,7,4,5,11,8.66509927139416,9.94611591459175,0.376662202733863,30
"2932","CE","Catarina",20871,5797.02,23020,"Sertão de Inhamuns",2,"Nordeste",0,"230360",5,10,3,7,5,5,0,0,0,0,0,10,3,7,5,5,8,8.66509927139416,9.94611591459175,0.390514338606697,31
"2933","CE","Catarina",20871,5797.02,23020,"Sertão de Inhamuns",2,"Nordeste",0,"230360",6,16,4,12,9,7,1,0,0,0,0,17,4,12,9,7,8,8.66509927139416,9.94611591459175,0.356037980730417,30
"2934","CE","Catarina",20871,5797.02,23020,"Sertão de Inhamuns",2,"Nordeste",0,"230360",7,15,4,11,5,10,0,0,0,0,0,15,4,11,5,10,9,8.66509927139416,9.94611591459175,0.388248358435521,29
"2935","CE","Catunda",10376,7723.1,23007,"Santa Quitéria",2,"Nordeste",0,"230365",2,12,7,5,5,7,0,0,0,0,0,12,7,5,5,7,6,8.95197111682157,9.24725072599628,0.290953703839297,29
"2936","CE","Catunda",10376,7723.1,23007,"Santa Quitéria",2,"Nordeste",0,"230365",3,19,7,12,8,11,0,0,0,0,0,19,7,12,8,11,10,8.95197111682157,9.24725072599628,0.385411394361189,31
"2937","CE","Catunda",10376,7723.1,23007,"Santa Quitéria",2,"Nordeste",0,"230365",4,8,3,5,0,8,0,0,0,0,0,8,3,5,0,8,7,8.95197111682157,9.24725072599628,0.422338203870323,30
"2938","CE","Catunda",10376,7723.1,23007,"Santa Quitéria",2,"Nordeste",0,"230365",5,12,5,7,4,8,0,0,0,0,0,12,5,7,4,8,4,8.95197111682157,9.24725072599628,0.485192266983207,31
"2939","CE","Catunda",10376,7723.1,23007,"Santa Quitéria",2,"Nordeste",0,"230365",6,4,1,3,1,3,0,0,0,0,0,4,1,3,1,3,8,8.95197111682157,9.24725072599628,0.407505561849579,30
"2940","CE","Catunda",10376,7723.1,23007,"Santa Quitéria",2,"Nordeste",0,"230365",7,7,1,6,6,1,0,0,0,0,0,7,1,6,6,1,13,8.95197111682157,9.24725072599628,0.453067880027446,29
"2941","CE","Caucaia",365212,13944.16,23016,"Fortaleza",2,"Nordeste",1,"230370",2,668,198,470,291,377,5,0,0,0,0,673,198,470,291,377,175,9.54281606160333,12.8082332858707,0.315240534412851,29
"2942","CE","Caucaia",365212,13944.16,23016,"Fortaleza",2,"Nordeste",1,"230370",3,590,146,444,220,370,1,0,0,0,0,591,146,444,220,370,210,9.54281606160333,12.8082332858707,0.432131658629937,31
"2943","CE","Caucaia",365212,13944.16,23016,"Fortaleza",2,"Nordeste",1,"230370",4,397,120,277,159,238,6,0,0,0,0,403,120,277,159,238,234,9.54281606160333,12.8082332858707,0.49309872976289,30
"2944","CE","Caucaia",365212,13944.16,23016,"Fortaleza",2,"Nordeste",1,"230370",5,388,100,288,162,226,3,0,0,0,0,391,100,288,162,226,464,9.54281606160333,12.8082332858707,0.48986032383342,31
"2945","CE","Caucaia",365212,13944.16,23016,"Fortaleza",2,"Nordeste",1,"230370",6,427,125,302,166,261,5,0,0,0,0,432,125,302,166,261,232,9.54281606160333,12.8082332858707,0.411823478214922,30
"2946","CE","Caucaia",365212,13944.16,23016,"Fortaleza",2,"Nordeste",1,"230370",7,448,116,332,159,289,6,0,0,0,0,454,116,332,159,289,166,9.54281606160333,12.8082332858707,0.410237651326737,29
"2947","CE","Cedro",25585,7130.37,23026,"Iguatu",2,"Nordeste",0,"230380",2,40,15,25,17,23,0,0,0,0,0,40,15,25,17,23,24,8.87211840547006,10.1497615212392,0.263849580527409,29
"2948","CE","Cedro",25585,7130.37,23026,"Iguatu",2,"Nordeste",0,"230380",3,37,15,22,17,20,1,0,0,0,0,38,15,22,17,20,26,8.87211840547006,10.1497615212392,0.358422216045885,31
"2949","CE","Cedro",25585,7130.37,23026,"Iguatu",2,"Nordeste",0,"230380",4,18,8,10,7,11,0,0,0,0,0,18,8,10,7,11,14,8.87211840547006,10.1497615212392,0.393890011175743,30
"2950","CE","Cedro",25585,7130.37,23026,"Iguatu",2,"Nordeste",0,"230380",5,19,6,13,8,11,0,0,0,0,0,19,6,13,8,11,23,8.87211840547006,10.1497615212392,0.396773045609464,31
"2951","CE","Cedro",25585,7130.37,23026,"Iguatu",2,"Nordeste",0,"230380",6,34,13,21,20,14,0,0,0,0,0,34,13,21,20,14,19,8.87211840547006,10.1497615212392,0.369505711023533,30
"2952","CE","Cedro",25585,7130.37,23026,"Iguatu",2,"Nordeste",0,"230380",7,22,11,11,12,10,0,0,0,0,0,22,11,11,12,10,19,8.87211840547006,10.1497615212392,0.411546837677242,29
"2953","CE","Chaval",13091,6202.22,23001,"Litoral de Camocim e Acaraú",2,"Nordeste",0,"230390",2,32,4,28,12,20,1,0,0,0,0,33,4,28,12,20,9,8.73266257145951,9.4796802501801,0.303622743836971,29
"2954","CE","Chaval",13091,6202.22,23001,"Litoral de Camocim e Acaraú",2,"Nordeste",0,"230390",3,16,6,10,7,9,0,0,0,0,0,16,6,10,7,9,7,8.73266257145951,9.4796802501801,0.415389107287856,31
"2955","CE","Chaval",13091,6202.22,23001,"Litoral de Camocim e Acaraú",2,"Nordeste",0,"230390",4,11,4,7,5,6,0,0,0,0,0,11,4,7,5,6,6,8.73266257145951,9.4796802501801,0.416695305545752,30
"2956","CE","Chaval",13091,6202.22,23001,"Litoral de Camocim e Acaraú",2,"Nordeste",0,"230390",5,10,4,6,5,5,0,0,0,0,0,10,4,6,5,5,11,8.73266257145951,9.4796802501801,0.454465505935691,31
"2957","CE","Chaval",13091,6202.22,23001,"Litoral de Camocim e Acaraú",2,"Nordeste",0,"230390",6,18,7,11,9,9,0,0,0,0,0,18,7,11,9,9,14,8.73266257145951,9.4796802501801,0.407413661424057,30
"2958","CE","Chaval",13091,6202.22,23001,"Litoral de Camocim e Acaraú",2,"Nordeste",0,"230390",7,12,7,5,7,5,0,0,0,0,0,12,7,5,7,5,8,8.73266257145951,9.4796802501801,0.438185240406976,29
"2959","CE","Chorozinho",20274,18237.69,23014,"Chorozinho",2,"Nordeste",0,"230395",2,33,11,22,15,18,0,0,0,0,0,33,11,22,15,18,8,9.81124561087136,9.91709455594235,0.286646090001614,29
"2960","CE","Chorozinho",20274,18237.69,23014,"Chorozinho",2,"Nordeste",0,"230395",3,34,15,19,16,18,0,0,0,0,0,34,15,19,16,18,16,9.81124561087136,9.91709455594235,0.401981049071779,31
"2961","CE","Chorozinho",20274,18237.69,23014,"Chorozinho",2,"Nordeste",0,"230395",4,12,4,8,4,8,1,0,0,0,0,13,4,8,4,8,15,9.81124561087136,9.91709455594235,0.453424690365171,30
"2962","CE","Chorozinho",20274,18237.69,23014,"Chorozinho",2,"Nordeste",0,"230395",5,24,7,17,9,15,0,0,0,0,0,24,7,17,9,15,30,9.81124561087136,9.91709455594235,0.486349301399205,31
"2963","CE","Chorozinho",20274,18237.69,23014,"Chorozinho",2,"Nordeste",0,"230395",6,21,9,12,10,11,0,0,0,0,0,21,9,12,10,11,14,9.81124561087136,9.91709455594235,0.424311852338254,30
"2964","CE","Chorozinho",20274,18237.69,23014,"Chorozinho",2,"Nordeste",0,"230395",7,22,12,10,9,13,0,0,0,0,0,22,12,10,9,13,9,9.81124561087136,9.91709455594235,0.447995673413878,29
"2965","CE","Coreaú",23239,6233.8,23003,"Coreaú",2,"Nordeste",0,"230400",2,53,20,33,23,30,0,0,0,0,0,53,20,33,23,30,7,8.73774137768239,10.0535871807802,0.293841631303813,29
"2966","CE","Coreaú",23239,6233.8,23003,"Coreaú",2,"Nordeste",0,"230400",3,37,11,26,18,19,0,0,0,0,0,37,11,26,18,19,11,8.73774137768239,10.0535871807802,0.409476759396987,31
"2967","CE","Coreaú",23239,6233.8,23003,"Coreaú",2,"Nordeste",0,"230400",4,31,16,15,11,20,0,0,0,0,0,31,16,15,11,20,17,8.73774137768239,10.0535871807802,0.472898866433848,30
"2968","CE","Coreaú",23239,6233.8,23003,"Coreaú",2,"Nordeste",0,"230400",5,28,10,18,8,20,0,0,0,0,0,28,10,18,8,20,14,8.73774137768239,10.0535871807802,0.492257018564697,31
"2969","CE","Coreaú",23239,6233.8,23003,"Coreaú",2,"Nordeste",0,"230400",6,13,6,7,5,8,0,0,0,0,0,13,6,7,5,8,22,8.73774137768239,10.0535871807802,0.454046693136329,30
"2970","CE","Coreaú",23239,6233.8,23003,"Coreaú",2,"Nordeste",0,"230400",7,24,8,16,12,12,0,0,0,0,0,24,8,16,12,12,23,8.73774137768239,10.0535871807802,0.467686246656408,29
"2971","CE","Crateús",75159,9105.67,23018,"Sertão de Cratéus",2,"Nordeste",1,"230410",2,11,3,8,1,10,0,0,0,0,0,11,3,8,1,10,49,9.11665257539619,11.2273611484894,0.276558702660799,29
"2972","CE","Crateús",75159,9105.67,23018,"Sertão de Cratéus",2,"Nordeste",1,"230410",3,9,3,6,3,6,0,0,0,0,0,9,3,6,3,6,54,9.11665257539619,11.2273611484894,0.38329087873959,31
"2973","CE","Crateús",75159,9105.67,23018,"Sertão de Cratéus",2,"Nordeste",1,"230410",4,8,3,5,3,5,1,0,0,0,0,9,3,5,3,5,54,9.11665257539619,11.2273611484894,0.427604801471542,30
"2974","CE","Crateús",75159,9105.67,23018,"Sertão de Cratéus",2,"Nordeste",1,"230410",5,12,3,9,6,6,0,0,0,0,0,12,3,9,6,6,55,9.11665257539619,11.2273611484894,0.424394662521117,31
"2975","CE","Crateús",75159,9105.67,23018,"Sertão de Cratéus",2,"Nordeste",1,"230410",6,9,2,7,1,8,4,0,0,0,0,13,2,7,1,8,64,9.11665257539619,11.2273611484894,0.398339742646348,30
"2976","CE","Crateús",75159,9105.67,23018,"Sertão de Cratéus",2,"Nordeste",1,"230410",7,7,2,5,2,5,2,0,0,0,0,9,2,5,2,5,72,9.11665257539619,11.2273611484894,0.419514944648902,29
"2977","CE","Crato",133031,10262.41,23032,"Cariri",2,"Nordeste",1,"230420",2,307,77,230,106,201,1,0,0,0,0,308,77,230,106,201,94,9.23624298392929,11.7983374627511,0.283787508629116,29
"2978","CE","Crato",133031,10262.41,23032,"Cariri",2,"Nordeste",1,"230420",3,218,52,166,85,133,2,0,0,0,0,220,52,166,85,133,64,9.23624298392929,11.7983374627511,0.399939437853426,31
"2979","CE","Crato",133031,10262.41,23032,"Cariri",2,"Nordeste",1,"230420",4,157,34,123,71,86,1,0,0,0,0,158,34,123,71,86,65,9.23624298392929,11.7983374627511,0.457173804103609,30
"2980","CE","Crato",133031,10262.41,23032,"Cariri",2,"Nordeste",1,"230420",5,166,48,118,69,97,5,0,0,0,0,171,48,118,69,97,87,9.23624298392929,11.7983374627511,0.427588385528531,31
"2981","CE","Crato",133031,10262.41,23032,"Cariri",2,"Nordeste",1,"230420",6,160,36,124,61,99,4,0,0,0,0,164,36,124,61,99,77,9.23624298392929,11.7983374627511,0.393390673679789,30
"2982","CE","Crato",133031,10262.41,23032,"Cariri",2,"Nordeste",1,"230420",7,179,38,141,68,111,0,0,0,0,0,179,38,141,68,111,124,9.23624298392929,11.7983374627511,0.440324356005824,29
"2983","CE","Croatá",18133,7696.46,23002,"Ibiapaba",2,"Nordeste",0,"230423",2,36,9,27,16,20,0,0,0,0,0,36,9,27,16,20,12,8.94851576186908,9.80548876165403,0.326345206713473,29
"2984","CE","Croatá",18133,7696.46,23002,"Ibiapaba",2,"Nordeste",0,"230423",3,27,8,19,13,14,0,0,0,0,0,27,8,19,13,14,19,8.94851576186908,9.80548876165403,0.412646863726562,31
"2985","CE","Croatá",18133,7696.46,23002,"Ibiapaba",2,"Nordeste",0,"230423",4,18,5,13,9,9,1,0,0,0,0,19,5,13,9,9,6,8.94851576186908,9.80548876165403,0.435685875784159,30
"2986","CE","Croatá",18133,7696.46,23002,"Ibiapaba",2,"Nordeste",0,"230423",5,20,7,13,12,8,0,0,0,0,0,20,7,13,12,8,15,8.94851576186908,9.80548876165403,0.439756994725858,31
"2987","CE","Croatá",18133,7696.46,23002,"Ibiapaba",2,"Nordeste",0,"230423",6,30,12,18,12,18,0,0,0,0,0,30,12,18,12,18,8,8.94851576186908,9.80548876165403,0.439087160390075,30
"2988","CE","Croatá",18133,7696.46,23002,"Ibiapaba",2,"Nordeste",0,"230423",7,25,10,15,12,13,0,0,0,0,0,25,10,15,12,13,16,8.94851576186908,9.80548876165403,0.487844046433149,29
"2989","CE","Cruz",24977,8946,23001,"Litoral de Camocim e Acaraú",2,"Nordeste",0,"230425",2,71,25,46,27,44,0,0,0,0,0,71,25,46,27,44,15,9.09896178399279,10.1257106803906,0.292556428410506,29
"2990","CE","Cruz",24977,8946,23001,"Litoral de Camocim e Acaraú",2,"Nordeste",0,"230425",3,63,15,48,21,42,0,0,0,0,0,63,15,48,21,42,10,9.09896178399279,10.1257106803906,0.402497686275443,31
"2991","CE","Cruz",24977,8946,23001,"Litoral de Camocim e Acaraú",2,"Nordeste",0,"230425",4,37,11,26,14,23,0,0,0,0,0,37,11,26,14,23,10,9.09896178399279,10.1257106803906,0.449427069199698,30
"2992","CE","Cruz",24977,8946,23001,"Litoral de Camocim e Acaraú",2,"Nordeste",0,"230425",5,55,17,38,18,37,0,0,0,0,0,55,17,38,18,37,15,9.09896178399279,10.1257106803906,0.463604918624421,31
"2993","CE","Cruz",24977,8946,23001,"Litoral de Camocim e Acaraú",2,"Nordeste",0,"230425",6,35,9,26,12,23,0,0,0,0,0,35,9,26,12,23,17,9.09896178399279,10.1257106803906,0.422800032451518,30
"2994","CE","Cruz",24977,8946,23001,"Litoral de Camocim e Acaraú",2,"Nordeste",0,"230425",7,29,9,20,11,18,0,0,0,0,0,29,9,20,11,18,13,9.09896178399279,10.1257106803906,0.434540946364247,29
"2995","CE","Deputado Irapuan Pinheiro",9662,6413.75,23021,"Sertão de Senador Pompeu",2,"Nordeste",0,"230426",2,8,2,6,2,6,0,0,0,0,0,8,2,6,2,6,2,8.76619940225618,9.17595594511435,0.310198848706073,29
"2996","CE","Deputado Irapuan Pinheiro",9662,6413.75,23021,"Sertão de Senador Pompeu",2,"Nordeste",0,"230426",3,8,3,5,3,5,0,0,0,0,0,8,3,5,3,5,9,8.76619940225618,9.17595594511435,0.39473334759803,31
"2997","CE","Deputado Irapuan Pinheiro",9662,6413.75,23021,"Sertão de Senador Pompeu",2,"Nordeste",0,"230426",4,6,1,5,2,4,0,0,0,0,0,6,1,5,2,4,5,8.76619940225618,9.17595594511435,0.386063271679187,30
"2998","CE","Deputado Irapuan Pinheiro",9662,6413.75,23021,"Sertão de Senador Pompeu",2,"Nordeste",0,"230426",5,7,1,6,1,6,0,0,0,0,0,7,1,6,1,6,5,8.76619940225618,9.17595594511435,0.388852431896629,31
"2999","CE","Deputado Irapuan Pinheiro",9662,6413.75,23021,"Sertão de Senador Pompeu",2,"Nordeste",0,"230426",6,6,3,3,4,2,0,0,0,0,0,6,3,3,4,2,11,8.76619940225618,9.17595594511435,0.371415714756056,30
"3000","CE","Deputado Irapuan Pinheiro",9662,6413.75,23021,"Sertão de Senador Pompeu",2,"Nordeste",0,"230426",7,8,2,6,5,3,0,0,0,0,0,8,2,6,5,3,5,8.76619940225618,9.17595594511435,0.417629017298171,29
"3001","CE","Ereré",7225,6983.79,23025,"Serra do Pereiro",2,"Nordeste",0,"230427",2,4,0,4,4,0,0,0,0,0,0,4,0,4,4,0,3,8.85134702833884,8.88530251298063,0.260933385670139,29
"3002","CE","Ereré",7225,6983.79,23025,"Serra do Pereiro",2,"Nordeste",0,"230427",3,3,1,2,2,1,0,0,0,0,0,3,1,2,2,1,4,8.85134702833884,8.88530251298063,0.33517475719274,31
"3003","CE","Ereré",7225,6983.79,23025,"Serra do Pereiro",2,"Nordeste",0,"230427",4,4,1,3,1,3,0,0,0,0,0,4,1,3,1,3,5,8.85134702833884,8.88530251298063,0.380678650615134,30
"3004","CE","Ereré",7225,6983.79,23025,"Serra do Pereiro",2,"Nordeste",0,"230427",5,3,1,2,0,3,0,0,0,0,0,3,1,2,0,3,4,8.85134702833884,8.88530251298063,0.451220921120826,31
"3005","CE","Ereré",7225,6983.79,23025,"Serra do Pereiro",2,"Nordeste",0,"230427",6,0,0,0,0,0,0,0,0,0,0,0,0,0,0,0,4,8.85134702833884,8.88530251298063,0.396836119566044,30
"3006","CE","Ereré",7225,6983.79,23025,"Serra do Pereiro",2,"Nordeste",0,"230427",7,4,2,2,1,3,0,0,0,0,0,4,2,2,1,3,2,8.85134702833884,8.88530251298063,0.487933277857176,29
"3007","CE","Eusébio",54337,46830.08,23016,"Fortaleza",2,"Nordeste",1,"230428",2,64,3,61,9,55,1,0,0,0,0,65,3,61,9,55,22,10.7542810104828,10.9029606735064,0.293898021571203,29
"3008","CE","Eusébio",54337,46830.08,23016,"Fortaleza",2,"Nordeste",1,"230428",3,67,2,65,16,51,0,0,0,0,0,67,2,65,16,51,33,10.7542810104828,10.9029606735064,0.415732164573308,31
"3009","CE","Eusébio",54337,46830.08,23016,"Fortaleza",2,"Nordeste",1,"230428",4,32,4,28,4,28,1,0,0,0,0,33,4,28,4,28,50,10.7542810104828,10.9029606735064,0.489352700173375,30
"3010","CE","Eusébio",54337,46830.08,23016,"Fortaleza",2,"Nordeste",1,"230428",5,27,5,22,9,18,0,0,0,0,0,27,5,22,9,18,69,10.7542810104828,10.9029606735064,0.490469127643261,31
"3011","CE","Eusébio",54337,46830.08,23016,"Fortaleza",2,"Nordeste",1,"230428",6,39,3,36,3,36,0,0,0,0,0,39,3,36,3,36,30,10.7542810104828,10.9029606735064,0.405056549617825,30
"3012","CE","Eusébio",54337,46830.08,23016,"Fortaleza",2,"Nordeste",1,"230428",7,35,3,32,9,26,0,0,0,0,0,35,3,32,9,26,30,10.7542810104828,10.9029606735064,0.398120577553262,29
"3013","CE","Farias Brito",19389,8195.13,23030,"Caririaçu",2,"Nordeste",0,"230430",2,26,7,19,13,13,0,0,0,0,0,26,7,19,13,13,16,9.01129535438341,9.87246117393101,0.294102121541917,29
"3014","CE","Farias Brito",19389,8195.13,23030,"Caririaçu",2,"Nordeste",0,"230430",3,21,8,13,7,14,0,0,0,0,0,21,8,13,7,14,15,9.01129535438341,9.87246117393101,0.393379239932412,31
"3015","CE","Farias Brito",19389,8195.13,23030,"Caririaçu",2,"Nordeste",0,"230430",4,19,8,11,7,12,0,0,0,0,0,19,8,11,7,12,18,9.01129535438341,9.87246117393101,0.42779789937042,30
"3016","CE","Farias Brito",19389,8195.13,23030,"Caririaçu",2,"Nordeste",0,"230430",5,12,2,10,4,8,0,0,0,0,0,12,2,10,4,8,9,9.01129535438341,9.87246117393101,0.452222275490457,31
"3017","CE","Farias Brito",19389,8195.13,23030,"Caririaçu",2,"Nordeste",0,"230430",6,26,6,20,15,11,0,0,0,0,0,26,6,20,15,11,9,9.01129535438341,9.87246117393101,0.41066346291113,30
"3018","CE","Farias Brito",19389,8195.13,23030,"Caririaçu",2,"Nordeste",0,"230430",7,26,4,22,9,17,0,0,0,0,0,26,4,22,9,17,20,9.01129535438341,9.87246117393101,0.456820648253311,29
"3019","CE","Forquilha",24452,7698.67,23005,"Sobral",2,"Nordeste",1,"230435",2,44,3,41,16,28,0,0,0,0,0,44,3,41,16,28,15,8.94880286564998,10.1044672911486,0.31210582105292,29
"3020","CE","Forquilha",24452,7698.67,23005,"Sobral",2,"Nordeste",1,"230435",3,49,14,35,13,36,0,0,0,0,0,49,14,35,13,36,17,8.94880286564998,10.1044672911486,0.393427084602814,31
"3021","CE","Forquilha",24452,7698.67,23005,"Sobral",2,"Nordeste",1,"230435",4,29,4,25,12,17,0,0,0,0,0,29,4,25,12,17,13,8.94880286564998,10.1044672911486,0.435589657837874,30
"3022","CE","Forquilha",24452,7698.67,23005,"Sobral",2,"Nordeste",1,"230435",5,25,3,22,14,11,0,0,0,0,0,25,3,22,14,11,21,8.94880286564998,10.1044672911486,0.466815068373892,31
"3023","CE","Forquilha",24452,7698.67,23005,"Sobral",2,"Nordeste",1,"230435",6,19,4,15,5,14,1,0,0,0,0,20,4,15,5,14,28,8.94880286564998,10.1044672911486,0.431024697301208,30
"3024","CE","Forquilha",24452,7698.67,23005,"Sobral",2,"Nordeste",1,"230435",7,22,7,15,7,15,1,0,0,0,0,23,7,15,7,15,23,8.94880286564998,10.1044672911486,0.444432235617978,29
"3025","CE","Fortaleza",2686612,25356.73,23016,"Fortaleza",2,"Nordeste",1,"230440",2,4380,1000,3380,1498,2882,21,0,0,0,0,4401,1000,3380,1498,2882,1407,10.1407994570196,14.8037914782131,0.313266874986328,29
"3026","CE","Fortaleza",2686612,25356.73,23016,"Fortaleza",2,"Nordeste",1,"230440",3,4437,1009,3428,1556,2881,18,0,0,0,0,4455,1009,3428,1556,2881,1575,10.1407994570196,14.8037914782131,0.443115470670899,31
"3027","CE","Fortaleza",2686612,25356.73,23016,"Fortaleza",2,"Nordeste",1,"230440",4,2604,595,2009,879,1725,23,0,0,0,0,2627,595,2009,879,1725,2331,10.1407994570196,14.8037914782131,0.522573277638604,30
"3028","CE","Fortaleza",2686612,25356.73,23016,"Fortaleza",2,"Nordeste",1,"230440",5,2446,588,1858,898,1548,22,0,0,0,0,2468,588,1858,898,1548,4699,10.1407994570196,14.8037914782131,0.520505615845466,31
"3029","CE","Fortaleza",2686612,25356.73,23016,"Fortaleza",2,"Nordeste",1,"230440",6,2575,629,1946,917,1658,20,0,0,0,0,2595,629,1946,917,1658,1850,10.1407994570196,14.8037914782131,0.428684170241637,30
"3030","CE","Fortaleza",2686612,25356.73,23016,"Fortaleza",2,"Nordeste",1,"230440",7,2708,607,2101,949,1759,24,0,0,0,0,2732,607,2101,949,1759,1312,10.1407994570196,14.8037914782131,0.422371637533561,29
"3031","CE","Fortim",16631,9806.29,23022,"Litoral de Aracati",2,"Nordeste",0,"230445",2,37,9,28,15,22,0,0,0,0,0,37,9,28,15,22,5,9.19077929550425,9.71902370267014,0.299178519003929,29
"3032","CE","Fortim",16631,9806.29,23022,"Litoral de Aracati",2,"Nordeste",0,"230445",3,21,6,15,7,14,0,0,0,0,0,21,6,15,7,14,8,9.19077929550425,9.71902370267014,0.424923577928739,31
"3033","CE","Fortim",16631,9806.29,23022,"Litoral de Aracati",2,"Nordeste",0,"230445",4,15,5,10,8,7,0,0,0,0,0,15,5,10,8,7,5,9.19077929550425,9.71902370267014,0.469460327711155,30
"3034","CE","Fortim",16631,9806.29,23022,"Litoral de Aracati",2,"Nordeste",0,"230445",5,16,5,11,6,10,0,0,0,0,0,16,5,11,6,10,6,9.19077929550425,9.71902370267014,0.4795184584673,31
"3035","CE","Fortim",16631,9806.29,23022,"Litoral de Aracati",2,"Nordeste",0,"230445",6,20,8,12,8,12,0,0,0,0,0,20,8,12,8,12,6,9.19077929550425,9.71902370267014,0.42230985180305,30
"3036","CE","Fortim",16631,9806.29,23022,"Litoral de Aracati",2,"Nordeste",0,"230445",7,14,5,9,5,9,1,0,0,0,0,15,5,9,5,9,9,9.19077929550425,9.71902370267014,0.413992482174414,29
"3037","CE","Frecheirinha",14134,18393.96,23003,"Coreaú",2,"Nordeste",0,"230450",2,33,10,23,14,19,0,0,0,0,0,33,10,23,14,19,5,9.81977762883812,9.5563385212508,0.260592616828079,29
"3038","CE","Frecheirinha",14134,18393.96,23003,"Coreaú",2,"Nordeste",0,"230450",3,37,16,21,19,18,0,0,0,0,0,37,16,21,19,18,7,9.81977762883812,9.5563385212508,0.384575185785767,31
"3039","CE","Frecheirinha",14134,18393.96,23003,"Coreaú",2,"Nordeste",0,"230450",4,19,6,13,8,11,0,0,0,0,0,19,6,13,8,11,10,9.81977762883812,9.5563385212508,0.411957812992612,30
"3040","CE","Frecheirinha",14134,18393.96,23003,"Coreaú",2,"Nordeste",0,"230450",5,14,3,11,3,11,2,0,0,0,0,16,3,11,3,11,15,9.81977762883812,9.5563385212508,0.430797566318175,31
"3041","CE","Frecheirinha",14134,18393.96,23003,"Coreaú",2,"Nordeste",0,"230450",6,14,6,8,7,7,0,0,0,0,0,14,6,8,7,7,13,9.81977762883812,9.5563385212508,0.395245305116542,30
"3042","CE","Frecheirinha",14134,18393.96,23003,"Coreaú",2,"Nordeste",0,"230450",7,13,5,8,3,10,1,0,0,0,0,14,5,8,3,10,13,9.81977762883812,9.5563385212508,0.437899503999485,29
"3043","CE","General Sampaio",7694,8336.85,23011,"Médio Curu",2,"Nordeste",0,"230460",2,16,3,13,7,9,0,0,0,0,0,16,3,13,7,9,7,9.02844072616527,8.94819608331224,0.309876715338675,29
"3044","CE","General Sampaio",7694,8336.85,23011,"Médio Curu",2,"Nordeste",0,"230460",3,10,2,8,4,6,0,0,0,0,0,10,2,8,4,6,5,9.02844072616527,8.94819608331224,0.401810326768332,31
"3045","CE","General Sampaio",7694,8336.85,23011,"Médio Curu",2,"Nordeste",0,"230460",4,4,3,1,1,3,0,0,0,0,0,4,3,1,1,3,6,9.02844072616527,8.94819608331224,0.43359881320312,30
"3046","CE","General Sampaio",7694,8336.85,23011,"Médio Curu",2,"Nordeste",0,"230460",5,7,2,5,5,2,0,0,0,0,0,7,2,5,5,2,10,9.02844072616527,8.94819608331224,0.471285366892244,31
"3047","CE","General Sampaio",7694,8336.85,23011,"Médio Curu",2,"Nordeste",0,"230460",6,8,5,3,3,5,0,0,0,0,0,8,5,3,3,5,5,9.02844072616527,8.94819608331224,0.429474609837566,30
"3048","CE","General Sampaio",7694,8336.85,23011,"Médio Curu",2,"Nordeste",0,"230460",7,8,4,4,6,2,0,0,0,0,0,8,4,4,6,2,2,9.02844072616527,8.94819608331224,0.430853760727711,29
"3049","CE","Graça",14407,6616.29,23005,"Sobral",2,"Nordeste",0,"230465",2,31,11,20,12,19,0,0,0,0,0,31,11,20,12,19,9,8.79729006887469,9.57546947856147,0.346007618138391,29
"3050","CE","Graça",14407,6616.29,23005,"Sobral",2,"Nordeste",0,"230465",3,24,9,15,10,14,1,0,0,0,0,25,9,15,10,14,7,8.79729006887469,9.57546947856147,0.441099384669561,31
"3051","CE","Graça",14407,6616.29,23005,"Sobral",2,"Nordeste",0,"230465",4,20,3,17,8,12,0,0,0,0,0,20,3,17,8,12,11,8.79729006887469,9.57546947856147,0.482904331530271,30
"3052","CE","Graça",14407,6616.29,23005,"Sobral",2,"Nordeste",0,"230465",5,13,4,9,2,11,0,0,0,0,0,13,4,9,2,11,8,8.79729006887469,9.57546947856147,0.474366970916223,31
"3053","CE","Graça",14407,6616.29,23005,"Sobral",2,"Nordeste",0,"230465",6,15,7,8,7,8,0,0,0,0,0,15,7,8,7,8,9,8.79729006887469,9.57546947856147,0.443092144351121,30
"3054","CE","Graça",14407,6616.29,23005,"Sobral",2,"Nordeste",0,"230465",7,16,3,13,9,7,0,0,0,0,0,16,3,13,9,7,21,8.79729006887469,9.57546947856147,0.505233767312999,29
"3055","CE","Granja",54962,6692.4,23001,"Litoral de Camocim e Acaraú",2,"Nordeste",0,"230470",2,122,43,79,65,57,1,0,0,0,0,123,43,79,65,57,32,8.80872783318351,10.914397316336,0.316997712418238,29
"3056","CE","Granja",54962,6692.4,23001,"Litoral de Camocim e Acaraú",2,"Nordeste",0,"230470",3,104,31,73,47,57,0,0,0,0,0,104,31,73,47,57,33,8.80872783318351,10.914397316336,0.431974797963801,31
"3057","CE","Granja",54962,6692.4,23001,"Litoral de Camocim e Acaraú",2,"Nordeste",0,"230470",4,64,23,41,19,45,1,0,0,0,0,65,23,41,19,45,26,8.80872783318351,10.914397316336,0.462931843672865,30
"3058","CE","Granja",54962,6692.4,23001,"Litoral de Camocim e Acaraú",2,"Nordeste",0,"230470",5,67,34,33,35,32,2,0,0,0,0,69,34,33,35,32,33,8.80872783318351,10.914397316336,0.479130771546888,31
"3059","CE","Granja",54962,6692.4,23001,"Litoral de Camocim e Acaraú",2,"Nordeste",0,"230470",6,63,21,42,23,40,0,0,0,0,0,63,21,42,23,40,45,8.80872783318351,10.914397316336,0.452758612645184,30
"3060","CE","Granja",54962,6692.4,23001,"Litoral de Camocim e Acaraú",2,"Nordeste",0,"230470",7,66,24,42,35,31,0,0,0,0,0,66,24,42,35,31,50,8.80872783318351,10.914397316336,0.480283352814598,29
"3061","CE","Groaíras",11144,7025.19,23005,"Sobral",2,"Nordeste",0,"230490",2,21,2,19,11,10,0,0,0,0,0,21,2,19,11,10,5,8.85725754009955,9.31865651545964,0.320476319824339,29
"3062","CE","Groaíras",11144,7025.19,23005,"Sobral",2,"Nordeste",0,"230490",3,14,1,13,6,8,0,0,0,0,0,14,1,13,6,8,5,8.85725754009955,9.31865651545964,0.415094965254505,31
"3063","CE","Groaíras",11144,7025.19,23005,"Sobral",2,"Nordeste",0,"230490",4,11,3,8,6,5,0,0,0,0,0,11,3,8,6,5,6,8.85725754009955,9.31865651545964,0.469753143383259,30
"3064","CE","Groaíras",11144,7025.19,23005,"Sobral",2,"Nordeste",0,"230490",5,10,1,9,4,6,0,0,0,0,0,10,1,9,4,6,10,8.85725754009955,9.31865651545964,0.472731155763041,31
"3065","CE","Groaíras",11144,7025.19,23005,"Sobral",2,"Nordeste",0,"230490",6,8,2,6,2,6,2,0,0,0,0,10,2,6,2,6,8,8.85725754009955,9.31865651545964,0.45999576984328,30
"3066","CE","Groaíras",11144,7025.19,23005,"Sobral",2,"Nordeste",0,"230490",7,10,3,7,5,5,1,0,0,0,0,11,3,7,5,5,16,8.85725754009955,9.31865651545964,0.467697841992935,29
"3067","CE","Guaiúba",26290,7684.11,23016,"Fortaleza",2,"Nordeste",0,"230495",2,53,7,46,23,30,0,0,0,0,0,53,7,46,23,30,14,8.94690983924668,10.1769439177239,0.300214611447905,29
"3068","CE","Guaiúba",26290,7684.11,23016,"Fortaleza",2,"Nordeste",0,"230495",3,42,15,27,18,24,0,0,0,0,0,42,15,27,18,24,22,8.94690983924668,10.1769439177239,0.428645440734943,31
"3069","CE","Guaiúba",26290,7684.11,23016,"Fortaleza",2,"Nordeste",0,"230495",4,21,7,14,7,14,0,0,0,0,0,21,7,14,7,14,15,8.94690983924668,10.1769439177239,0.458260385850733,30
"3070","CE","Guaiúba",26290,7684.11,23016,"Fortaleza",2,"Nordeste",0,"230495",5,30,11,19,16,14,0,0,0,0,0,30,11,19,16,14,39,8.94690983924668,10.1769439177239,0.461219246102614,31
"3071","CE","Guaiúba",26290,7684.11,23016,"Fortaleza",2,"Nordeste",0,"230495",6,23,9,14,12,11,0,0,0,0,0,23,9,14,12,11,23,8.94690983924668,10.1769439177239,0.411290801970811,30
"3072","CE","Guaiúba",26290,7684.11,23016,"Fortaleza",2,"Nordeste",0,"230495",7,27,11,16,13,14,0,0,0,0,0,27,11,16,13,14,9,8.94690983924668,10.1769439177239,0.408233736229913,29
"3073","CE","Guaraciaba do Norte",40784,11978.47,23002,"Ibiapaba",2,"Nordeste",0,"230500",2,81,22,59,39,42,0,0,0,0,0,81,22,59,39,42,23,9.3908661506587,10.6160451266159,0.292983708120833,29
"3074","CE","Guaraciaba do Norte",40784,11978.47,23002,"Ibiapaba",2,"Nordeste",0,"230500",3,69,24,45,23,46,0,0,0,0,0,69,24,45,23,46,27,9.3908661506587,10.6160451266159,0.404236780552444,31
"3075","CE","Guaraciaba do Norte",40784,11978.47,23002,"Ibiapaba",2,"Nordeste",0,"230500",4,43,21,22,15,28,3,0,0,0,0,46,21,22,15,28,19,9.3908661506587,10.6160451266159,0.467540052640303,30
"3076","CE","Guaraciaba do Norte",40784,11978.47,23002,"Ibiapaba",2,"Nordeste",0,"230500",5,48,15,33,18,30,0,0,0,0,0,48,15,33,18,30,30,9.3908661506587,10.6160451266159,0.447669040809027,31
"3077","CE","Guaraciaba do Norte",40784,11978.47,23002,"Ibiapaba",2,"Nordeste",0,"230500",6,61,21,40,25,36,2,0,0,0,0,63,21,40,25,36,33,9.3908661506587,10.6160451266159,0.410169492850696,30
"3078","CE","Guaraciaba do Norte",40784,11978.47,23002,"Ibiapaba",2,"Nordeste",0,"230500",7,49,20,29,22,27,0,0,0,0,0,49,20,29,22,27,23,9.3908661506587,10.6160451266159,0.448514678625336,29
"3079","CE","Guaramiranga",5132,16087.25,23013,"Baturité",2,"Nordeste",0,"230510",2,11,2,9,5,6,0,0,0,0,0,11,2,9,5,6,3,9.6857823117681,8.54325072573553,0.304953794134481,29
"3080","CE","Guaramiranga",5132,16087.25,23013,"Baturité",2,"Nordeste",0,"230510",3,7,2,5,2,5,0,0,0,0,0,7,2,5,2,5,2,9.6857823117681,8.54325072573553,0.442718605795891,31
"3081","CE","Guaramiranga",5132,16087.25,23013,"Baturité",2,"Nordeste",0,"230510",4,4,2,2,1,3,1,0,0,0,0,5,2,2,1,3,1,9.6857823117681,8.54325072573553,0.460718820185192,30
"3082","CE","Guaramiranga",5132,16087.25,23013,"Baturité",2,"Nordeste",0,"230510",5,6,4,2,4,2,0,0,0,0,0,6,4,2,4,2,2,9.6857823117681,8.54325072573553,0.482244830706299,31
"3083","CE","Guaramiranga",5132,16087.25,23013,"Baturité",2,"Nordeste",0,"230510",6,4,2,2,1,3,0,0,0,0,0,4,2,2,1,3,5,9.6857823117681,8.54325072573553,0.455413029769416,30
"3084","CE","Guaramiranga",5132,16087.25,23013,"Baturité",2,"Nordeste",0,"230510",7,5,1,4,1,4,0,0,0,0,0,5,1,4,1,4,2,9.6857823117681,8.54325072573553,0.441768509290805,29
"3085","CE","Hidrolândia",20053,7036.69,23007,"Santa Quitéria",2,"Nordeste",0,"230520",2,29,7,22,17,12,0,0,0,0,0,29,7,22,17,12,13,8.85889316813276,9.90613404747703,0.261714246857173,29
"3086","CE","Hidrolândia",20053,7036.69,23007,"Santa Quitéria",2,"Nordeste",0,"230520",3,29,11,18,10,19,0,0,0,0,0,29,11,18,10,19,16,8.85889316813276,9.90613404747703,0.397324248743255,31
"3087","CE","Hidrolândia",20053,7036.69,23007,"Santa Quitéria",2,"Nordeste",0,"230520",4,14,6,8,7,7,0,0,0,0,0,14,6,8,7,7,17,8.85889316813276,9.90613404747703,0.414212511477702,30
"3088","CE","Hidrolândia",20053,7036.69,23007,"Santa Quitéria",2,"Nordeste",0,"230520",5,17,7,10,10,7,0,0,0,0,0,17,7,10,10,7,11,8.85889316813276,9.90613404747703,0.432346711775435,31
"3089","CE","Hidrolândia",20053,7036.69,23007,"Santa Quitéria",2,"Nordeste",0,"230520",6,22,6,16,5,17,0,0,0,0,0,22,6,16,5,17,18,8.85889316813276,9.90613404747703,0.41483884849766,30
"3090","CE","Hidrolândia",20053,7036.69,23007,"Santa Quitéria",2,"Nordeste",0,"230520",7,16,4,12,8,8,0,0,0,0,0,16,4,12,8,8,10,8.85889316813276,9.90613404747703,0.454141593061104,29
"3091","CE","Horizonte",68529,25783.29,23017,"Pacajus",2,"Nordeste",1,"230523",2,148,40,108,61,87,0,0,0,0,0,148,40,108,61,87,36,10.1574818866594,11.135012292324,0.315252920140174,29
"3092","CE","Horizonte",68529,25783.29,23017,"Pacajus",2,"Nordeste",1,"230523",3,124,28,96,41,83,2,0,0,0,0,126,28,96,41,83,46,10.1574818866594,11.135012292324,0.428930751356763,31
"3093","CE","Horizonte",68529,25783.29,23017,"Pacajus",2,"Nordeste",1,"230523",4,81,23,58,28,53,0,0,0,0,0,81,23,58,28,53,58,10.1574818866594,11.135012292324,0.485810289465674,30
"3094","CE","Horizonte",68529,25783.29,23017,"Pacajus",2,"Nordeste",1,"230523",5,89,38,51,38,51,0,0,0,0,0,89,38,51,38,51,76,10.1574818866594,11.135012292324,0.497035236971955,31
"3095","CE","Horizonte",68529,25783.29,23017,"Pacajus",2,"Nordeste",1,"230523",6,85,28,57,31,54,1,0,0,0,0,86,28,57,31,54,53,10.1574818866594,11.135012292324,0.406932835292424,30
"3096","CE","Horizonte",68529,25783.29,23017,"Pacajus",2,"Nordeste",1,"230523",7,106,36,70,35,71,1,0,0,0,0,107,36,70,35,71,40,10.1574818866594,11.135012292324,0.409067409690832,29
"3097","CE","Ibiapina",25082,11277.09,23002,"Ibiapaba",2,"Nordeste",0,"230530",2,40,8,32,10,30,0,0,0,0,0,40,8,32,10,30,12,9.33052851304641,10.129905736384,0.272565760163264,29
"3098","CE","Ibiapina",25082,11277.09,23002,"Ibiapaba",2,"Nordeste",0,"230530",3,32,10,22,8,24,0,0,0,0,0,32,10,22,8,24,8,9.33052851304641,10.129905736384,0.405131807839136,31
"3099","CE","Ibiapina",25082,11277.09,23002,"Ibiapaba",2,"Nordeste",0,"230530",4,32,11,21,17,15,0,0,0,0,0,32,11,21,17,15,7,9.33052851304641,10.129905736384,0.45714183434231,30
"3100","CE","Ibiapina",25082,11277.09,23002,"Ibiapaba",2,"Nordeste",0,"230530",5,29,11,18,8,21,0,0,0,0,0,29,11,18,8,21,17,9.33052851304641,10.129905736384,0.462652320011027,31
"3101","CE","Ibiapina",25082,11277.09,23002,"Ibiapaba",2,"Nordeste",0,"230530",6,25,12,13,11,14,0,0,0,0,0,25,12,13,11,14,15,9.33052851304641,10.129905736384,0.41947150759342,30
"3102","CE","Ibiapina",25082,11277.09,23002,"Ibiapaba",2,"Nordeste",0,"230530",7,31,5,26,18,13,1,0,0,0,0,32,5,26,18,13,11,9.33052851304641,10.129905736384,0.437600953580167,29
"3103","CE","Ibicuitinga",12629,7109.47,23023,"Baixo Jaguaribe",2,"Nordeste",0,"230533",2,13,5,8,7,6,0,0,0,0,0,13,5,8,7,6,3,8.8691829771215,9.44375103564617,0.326918761086312,29
"3104","CE","Ibicuitinga",12629,7109.47,23023,"Baixo Jaguaribe",2,"Nordeste",0,"230533",3,6,1,5,3,3,0,0,0,0,0,6,1,5,3,3,6,8.8691829771215,9.44375103564617,0.428904695848415,31
"3105","CE","Ibicuitinga",12629,7109.47,23023,"Baixo Jaguaribe",2,"Nordeste",0,"230533",4,1,0,1,1,0,0,0,0,0,0,1,0,1,1,0,5,8.8691829771215,9.44375103564617,0.454711208948402,30
"3106","CE","Ibicuitinga",12629,7109.47,23023,"Baixo Jaguaribe",2,"Nordeste",0,"230533",5,3,2,1,1,2,0,0,0,0,0,3,2,1,1,2,11,8.8691829771215,9.44375103564617,0.472277065846204,31
"3107","CE","Ibicuitinga",12629,7109.47,23023,"Baixo Jaguaribe",2,"Nordeste",0,"230533",6,1,0,1,0,1,0,0,0,0,0,1,0,1,0,1,9,8.8691829771215,9.44375103564617,0.388462257665626,30
"3108","CE","Ibicuitinga",12629,7109.47,23023,"Baixo Jaguaribe",2,"Nordeste",0,"230533",7,1,0,1,1,0,0,0,0,0,0,1,0,1,1,0,7,8.8691829771215,9.44375103564617,0.40888367175273,29
"3109","CE","Icapuí",20060,17060.8,23022,"Litoral de Aracati",2,"Nordeste",0,"230535",2,32,7,25,16,16,0,0,0,0,0,32,7,25,16,16,12,9.74453871326392,9.90648306151593,0.30782140812185,29
"3110","CE","Icapuí",20060,17060.8,23022,"Litoral de Aracati",2,"Nordeste",0,"230535",3,35,10,25,15,20,0,0,0,0,0,35,10,25,15,20,13,9.74453871326392,9.90648306151593,0.417787552475952,31
"3111","CE","Icapuí",20060,17060.8,23022,"Litoral de Aracati",2,"Nordeste",0,"230535",4,19,8,11,8,11,0,0,0,0,0,19,8,11,8,11,15,9.74453871326392,9.90648306151593,0.451753423429685,30
"3112","CE","Icapuí",20060,17060.8,23022,"Litoral de Aracati",2,"Nordeste",0,"230535",5,15,5,10,8,7,0,0,0,0,0,15,5,10,8,7,17,9.74453871326392,9.90648306151593,0.449225202200882,31
"3113","CE","Icapuí",20060,17060.8,23022,"Litoral de Aracati",2,"Nordeste",0,"230535",6,14,9,5,6,8,0,0,0,0,0,14,9,5,6,8,11,9.74453871326392,9.90648306151593,0.404453343938309,30
"3114","CE","Icapuí",20060,17060.8,23022,"Litoral de Aracati",2,"Nordeste",0,"230535",7,23,6,17,10,13,0,0,0,0,0,23,6,17,10,13,7,9.74453871326392,9.90648306151593,0.430601010162357,29
"3115","CE","Icó",68162,8126.78,23026,"Iguatu",2,"Nordeste",0,"230540",2,106,47,59,52,54,0,0,0,0,0,106,47,59,52,54,37,9.00292006012717,11.1296425037957,0.300658129147238,29
"3116","CE","Icó",68162,8126.78,23026,"Iguatu",2,"Nordeste",0,"230540",3,113,43,70,41,72,0,0,0,0,0,113,43,70,41,72,40,9.00292006012717,11.1296425037957,0.396927392608315,31
"3117","CE","Icó",68162,8126.78,23026,"Iguatu",2,"Nordeste",0,"230540",4,66,29,37,30,36,1,0,0,0,0,67,29,37,30,36,37,9.00292006012717,11.1296425037957,0.441948752593077,30
"3118","CE","Icó",68162,8126.78,23026,"Iguatu",2,"Nordeste",0,"230540",5,44,15,29,16,28,0,0,0,0,0,44,15,29,16,28,39,9.00292006012717,11.1296425037957,0.442133224700435,31
"3119","CE","Icó",68162,8126.78,23026,"Iguatu",2,"Nordeste",0,"230540",6,88,38,50,33,55,1,0,0,0,0,89,38,50,33,55,40,9.00292006012717,11.1296425037957,0.404399064306918,30
"3120","CE","Icó",68162,8126.78,23026,"Iguatu",2,"Nordeste",0,"230540",7,45,12,33,15,30,1,0,0,0,0,46,12,33,15,30,43,9.00292006012717,11.1296425037957,0.430966571501289,29
"3121","CE","Iguatu",103074,15624.21,23026,"Iguatu",2,"Nordeste",1,"230550",2,200,58,142,82,118,2,0,0,0,0,202,58,142,82,118,76,9.6565769133264,11.5432024558545,0.27831843409671,29
"3122","CE","Iguatu",103074,15624.21,23026,"Iguatu",2,"Nordeste",1,"230550",3,210,49,161,73,137,0,0,0,0,0,210,49,161,73,137,59,9.6565769133264,11.5432024558545,0.385211068531858,31
"3123","CE","Iguatu",103074,15624.21,23026,"Iguatu",2,"Nordeste",1,"230550",4,138,36,102,52,86,1,0,0,0,0,139,36,102,52,86,51,9.6565769133264,11.5432024558545,0.438021429294245,30
"3124","CE","Iguatu",103074,15624.21,23026,"Iguatu",2,"Nordeste",1,"230550",5,122,33,89,56,66,1,0,0,0,0,123,33,89,56,66,70,9.6565769133264,11.5432024558545,0.412773984188725,31
"3125","CE","Iguatu",103074,15624.21,23026,"Iguatu",2,"Nordeste",1,"230550",6,125,36,89,43,82,2,0,0,0,0,127,36,89,43,82,74,9.6565769133264,11.5432024558545,0.392307478591193,30
"3126","CE","Iguatu",103074,15624.21,23026,"Iguatu",2,"Nordeste",1,"230550",7,145,36,109,58,87,1,0,0,0,0,146,36,109,58,87,82,9.6565769133264,11.5432024558545,0.412373890413551,29
"3127","CE","Independência",26187,8950.81,23018,"Sertão de Cratéus",2,"Nordeste",0,"230560",2,7,3,4,3,4,0,0,0,0,0,7,3,4,3,4,22,9.09949930996707,10.1730183834035,0.300415426589595,29
"3128","CE","Independência",26187,8950.81,23018,"Sertão de Cratéus",2,"Nordeste",0,"230560",3,8,4,4,2,6,0,0,0,0,0,8,4,4,2,6,18,9.09949930996707,10.1730183834035,0.40106770345129,31
"3129","CE","Independência",26187,8950.81,23018,"Sertão de Cratéus",2,"Nordeste",0,"230560",4,12,3,9,1,11,1,0,0,0,0,13,3,9,1,11,15,9.09949930996707,10.1730183834035,0.409924043539957,30
"3130","CE","Independência",26187,8950.81,23018,"Sertão de Cratéus",2,"Nordeste",0,"230560",5,7,3,4,2,5,0,0,0,0,0,7,3,4,2,5,19,9.09949930996707,10.1730183834035,0.459107665229616,31
"3131","CE","Independência",26187,8950.81,23018,"Sertão de Cratéus",2,"Nordeste",0,"230560",6,13,7,6,3,10,1,0,0,0,0,14,7,6,3,10,18,9.09949930996707,10.1730183834035,0.426173200848955,30
"3132","CE","Independência",26187,8950.81,23018,"Sertão de Cratéus",2,"Nordeste",0,"230560",7,8,2,6,3,5,0,0,0,0,0,8,2,6,3,5,11,9.09949930996707,10.1730183834035,0.446052604351934,29
"3133","CE","Ipaporanga",11596,6478.06,23018,"Sertão de Cratéus",2,"Nordeste",0,"230565",2,1,0,1,1,0,0,0,0,0,0,1,0,1,1,0,7,8.77617636180632,9.35841549004155,0.299501662638829,29
"3134","CE","Ipaporanga",11596,6478.06,23018,"Sertão de Cratéus",2,"Nordeste",0,"230565",3,3,1,2,1,2,0,0,0,0,0,3,1,2,1,2,9,8.77617636180632,9.35841549004155,0.43425015527312,31
"3135","CE","Ipaporanga",11596,6478.06,23018,"Sertão de Cratéus",2,"Nordeste",0,"230565",4,1,0,1,0,1,0,0,0,0,0,1,0,1,0,1,12,8.77617636180632,9.35841549004155,0.485509924121817,30
"3136","CE","Ipaporanga",11596,6478.06,23018,"Sertão de Cratéus",2,"Nordeste",0,"230565",5,0,0,0,0,0,0,0,0,0,0,0,0,0,0,0,11,8.77617636180632,9.35841549004155,0.491933866900966,31
"3137","CE","Ipaporanga",11596,6478.06,23018,"Sertão de Cratéus",2,"Nordeste",0,"230565",6,0,0,0,0,0,0,0,0,0,0,0,0,0,0,0,4,8.77617636180632,9.35841549004155,0.404646745499298,30
"3138","CE","Ipaporanga",11596,6478.06,23018,"Sertão de Cratéus",2,"Nordeste",0,"230565",7,1,0,1,0,1,0,0,0,0,0,1,0,1,0,1,8,8.77617636180632,9.35841549004155,0.467989338472524,29
"3139","CE","Ipaumirim",12485,9122.59,23028,"Lavras da Mangabeira",2,"Nordeste",0,"230570",2,22,9,13,8,14,0,0,0,0,0,22,9,13,8,14,3,9.11850903397857,9.43228320271387,0.285214500301805,29
"3140","CE","Ipaumirim",12485,9122.59,23028,"Lavras da Mangabeira",2,"Nordeste",0,"230570",3,14,4,10,6,8,0,0,0,0,0,14,4,10,6,8,6,9.11850903397857,9.43228320271387,0.397966676974205,31
"3141","CE","Ipaumirim",12485,9122.59,23028,"Lavras da Mangabeira",2,"Nordeste",0,"230570",4,7,2,5,4,3,0,0,0,0,0,7,2,5,4,3,6,9.11850903397857,9.43228320271387,0.434028091865857,30
"3142","CE","Ipaumirim",12485,9122.59,23028,"Lavras da Mangabeira",2,"Nordeste",0,"230570",5,6,5,1,4,2,0,0,0,0,0,6,5,1,4,2,12,9.11850903397857,9.43228320271387,0.445235431052654,31
"3143","CE","Ipaumirim",12485,9122.59,23028,"Lavras da Mangabeira",2,"Nordeste",0,"230570",6,10,6,4,6,4,1,0,0,0,0,11,6,4,6,4,4,9.11850903397857,9.43228320271387,0.422167621088851,30
"3144","CE","Ipaumirim",12485,9122.59,23028,"Lavras da Mangabeira",2,"Nordeste",0,"230570",7,8,1,7,4,4,0,0,0,0,0,8,1,7,4,4,9,9.11850903397857,9.43228320271387,0.437046964634443,29
"3145","CE","Ipu",42058,9341.6,23006,"Ipu",2,"Nordeste",0,"230580",2,91,35,56,25,66,2,0,0,0,0,93,35,56,25,66,36,9.14223282276151,10.6468048970086,0.305297220192966,29
"3146","CE","Ipu",42058,9341.6,23006,"Ipu",2,"Nordeste",0,"230580",3,74,24,50,32,42,0,0,0,0,0,74,24,50,32,42,28,9.14223282276151,10.6468048970086,0.417523668766437,31
"3147","CE","Ipu",42058,9341.6,23006,"Ipu",2,"Nordeste",0,"230580",4,45,17,28,24,21,1,0,0,0,0,46,17,28,24,21,31,9.14223282276151,10.6468048970086,0.451356094496372,30
"3148","CE","Ipu",42058,9341.6,23006,"Ipu",2,"Nordeste",0,"230580",5,51,13,38,23,28,0,0,0,0,0,51,13,38,23,28,27,9.14223282276151,10.6468048970086,0.459688467650905,31
"3149","CE","Ipu",42058,9341.6,23006,"Ipu",2,"Nordeste",0,"230580",6,61,20,41,27,34,0,0,0,0,0,61,20,41,27,34,38,9.14223282276151,10.6468048970086,0.433505609193163,30
"3150","CE","Ipu",42058,9341.6,23006,"Ipu",2,"Nordeste",0,"230580",7,47,16,31,23,24,0,0,0,0,0,47,16,31,23,24,23,9.14223282276151,10.6468048970086,0.481197674520114,29
"3151","CE","Ipueiras",38114,6430.39,23006,"Ipu",2,"Nordeste",0,"230590",2,32,15,17,10,22,0,0,0,0,0,32,15,17,10,22,20,8.76879046858052,10.5483369476883,0.287394066771779,29
"3152","CE","Ipueiras",38114,6430.39,23006,"Ipu",2,"Nordeste",0,"230590",3,25,11,14,12,13,0,0,0,0,0,25,11,14,12,13,21,8.76879046858052,10.5483369476883,0.395812195421983,31
"3153","CE","Ipueiras",38114,6430.39,23006,"Ipu",2,"Nordeste",0,"230590",4,16,8,8,5,11,1,0,0,0,0,17,8,8,5,11,41,8.76879046858052,10.5483369476883,0.44544369473965,30
"3154","CE","Ipueiras",38114,6430.39,23006,"Ipu",2,"Nordeste",0,"230590",5,19,7,12,7,12,1,0,0,0,0,20,7,12,7,12,21,8.76879046858052,10.5483369476883,0.45307462621788,31
"3155","CE","Ipueiras",38114,6430.39,23006,"Ipu",2,"Nordeste",0,"230590",6,23,11,12,10,13,0,0,0,0,0,23,11,12,10,13,24,8.76879046858052,10.5483369476883,0.420233224687913,30
"3156","CE","Ipueiras",38114,6430.39,23006,"Ipu",2,"Nordeste",0,"230590",7,25,9,16,7,18,0,0,0,0,0,25,9,16,7,18,27,8.76879046858052,10.5483369476883,0.46914115290187,29
"3157","CE","Iracema",14326,9756.96,23025,"Serra do Pereiro",2,"Nordeste",0,"230600",2,27,3,24,12,15,0,0,0,0,0,27,3,24,12,15,8,9.18573615547876,9.5698313471744,0.270511944376511,29
"3158","CE","Iracema",14326,9756.96,23025,"Serra do Pereiro",2,"Nordeste",0,"230600",3,20,4,16,8,12,0,0,0,0,0,20,4,16,8,12,4,9.18573615547876,9.5698313471744,0.359108723735187,31
"3159","CE","Iracema",14326,9756.96,23025,"Serra do Pereiro",2,"Nordeste",0,"230600",4,14,4,10,8,6,1,0,0,0,0,15,4,10,8,6,8,9.18573615547876,9.5698313471744,0.39523529118797,30
"3160","CE","Iracema",14326,9756.96,23025,"Serra do Pereiro",2,"Nordeste",0,"230600",5,12,2,10,6,6,0,0,0,0,0,12,2,10,6,6,10,9.18573615547876,9.5698313471744,0.407700961714477,31
"3161","CE","Iracema",14326,9756.96,23025,"Serra do Pereiro",2,"Nordeste",0,"230600",6,10,4,6,4,6,0,0,0,0,0,10,4,6,4,6,6,9.18573615547876,9.5698313471744,0.379455898306768,30
"3162","CE","Iracema",14326,9756.96,23025,"Serra do Pereiro",2,"Nordeste",0,"230600",7,10,2,8,2,8,0,0,0,0,0,10,2,8,2,8,6,9.18573615547876,9.5698313471744,0.406646816191256,29
"3163","CE","Irauçuba",24305,6665.39,23005,"Sobral",2,"Nordeste",0,"230610",2,37,7,30,17,20,0,0,0,0,0,37,7,30,17,20,10,8.80468374552955,10.0984373694796,0.281068526062589,29
"3164","CE","Irauçuba",24305,6665.39,23005,"Sobral",2,"Nordeste",0,"230610",3,36,6,30,19,17,0,0,0,0,0,36,6,30,19,17,11,8.80468374552955,10.0984373694796,0.392041684823405,31
"3165","CE","Irauçuba",24305,6665.39,23005,"Sobral",2,"Nordeste",0,"230610",4,11,2,9,4,7,1,0,0,0,0,12,2,9,4,7,10,8.80468374552955,10.0984373694796,0.421573270767893,30
"3166","CE","Irauçuba",24305,6665.39,23005,"Sobral",2,"Nordeste",0,"230610",5,19,5,14,8,11,0,0,0,0,0,19,5,14,8,11,16,8.80468374552955,10.0984373694796,0.474943586670905,31
"3167","CE","Irauçuba",24305,6665.39,23005,"Sobral",2,"Nordeste",0,"230610",6,26,8,18,12,14,0,0,0,0,0,26,8,18,12,14,16,8.80468374552955,10.0984373694796,0.41265910766441,30
"3168","CE","Irauçuba",24305,6665.39,23005,"Sobral",2,"Nordeste",0,"230610",7,19,3,16,10,9,0,0,0,0,0,19,3,16,10,9,20,8.80468374552955,10.0984373694796,0.426119212729636,29
"3169","CE","Itaiçaba",7866,8245.31,23022,"Litoral de Aracati",2,"Nordeste",0,"230620",2,10,4,6,3,7,0,0,0,0,0,10,4,6,3,7,5,9.01739983283146,8.97030495299176,0.289354038782322,29
"3170","CE","Itaiçaba",7866,8245.31,23022,"Litoral de Aracati",2,"Nordeste",0,"230620",3,14,3,11,5,9,0,0,0,0,0,14,3,11,5,9,6,9.01739983283146,8.97030495299176,0.41031493908494,31
"3171","CE","Itaiçaba",7866,8245.31,23022,"Litoral de Aracati",2,"Nordeste",0,"230620",4,5,3,2,1,4,0,0,0,0,0,5,3,2,1,4,2,9.01739983283146,8.97030495299176,0.410643684044205,30
"3172","CE","Itaiçaba",7866,8245.31,23022,"Litoral de Aracati",2,"Nordeste",0,"230620",5,3,1,2,0,3,0,0,0,0,0,3,1,2,0,3,8,9.01739983283146,8.97030495299176,0.43550584608933,31
"3173","CE","Itaiçaba",7866,8245.31,23022,"Litoral de Aracati",2,"Nordeste",0,"230620",6,10,0,10,4,6,0,0,0,0,0,10,0,10,4,6,4,9.01739983283146,8.97030495299176,0.388343630094525,30
"3174","CE","Itaiçaba",7866,8245.31,23022,"Litoral de Aracati",2,"Nordeste",0,"230620",7,10,3,7,6,4,0,0,0,0,0,10,3,7,6,4,1,9.01739983283146,8.97030495299176,0.413664413259083,29
"3175","CE","Itaitinga",38325,17804.8,23016,"Fortaleza",2,"Nordeste",1,"230625",2,47,8,39,16,31,1,0,0,0,0,48,8,39,16,31,26,9.78722336284901,10.55385770374,0.295458723988755,29
"3176","CE","Itaitinga",38325,17804.8,23016,"Fortaleza",2,"Nordeste",1,"230625",3,49,6,43,12,37,1,0,0,0,0,50,6,43,12,37,17,9.78722336284901,10.55385770374,0.410472792623824,31
"3177","CE","Itaitinga",38325,17804.8,23016,"Fortaleza",2,"Nordeste",1,"230625",4,38,8,30,13,25,1,0,0,0,0,39,8,30,13,25,34,9.78722336284901,10.55385770374,0.45941288705878,30
"3178","CE","Itaitinga",38325,17804.8,23016,"Fortaleza",2,"Nordeste",1,"230625",5,36,9,27,11,25,1,0,0,0,0,37,9,27,11,25,57,9.78722336284901,10.55385770374,0.457683298565217,31
"3179","CE","Itaitinga",38325,17804.8,23016,"Fortaleza",2,"Nordeste",1,"230625",6,34,7,27,13,21,0,0,0,0,0,34,7,27,13,21,33,9.78722336284901,10.55385770374,0.372622552601701,30
"3180","CE","Itaitinga",38325,17804.8,23016,"Fortaleza",2,"Nordeste",1,"230625",7,32,3,29,10,22,0,0,0,0,0,32,3,29,10,22,28,9.78722336284901,10.55385770374,0.368526617976607,29
"3181","CE","Itapajé",53067,10664.27,23010,"Uruburetama",2,"Nordeste",1,"230630",2,92,34,58,40,52,1,0,0,0,0,93,34,58,40,52,29,9.27465418036774,10.8793105451116,0.287086522484245,29
"3182","CE","Itapajé",53067,10664.27,23010,"Uruburetama",2,"Nordeste",1,"230630",3,85,25,60,34,51,1,0,0,0,0,86,25,60,34,51,28,9.27465418036774,10.8793105451116,0.392112558263453,31
"3183","CE","Itapajé",53067,10664.27,23010,"Uruburetama",2,"Nordeste",1,"230630",4,66,20,46,33,33,1,0,0,0,0,67,20,46,33,33,28,9.27465418036774,10.8793105451116,0.431623246096575,30
"3184","CE","Itapajé",53067,10664.27,23010,"Uruburetama",2,"Nordeste",1,"230630",5,59,21,38,23,36,0,0,0,0,0,59,21,38,23,36,98,9.27465418036774,10.8793105451116,0.474415099847512,31
"3185","CE","Itapajé",53067,10664.27,23010,"Uruburetama",2,"Nordeste",1,"230630",6,44,13,31,17,27,1,0,0,0,0,45,13,31,17,27,53,9.27465418036774,10.8793105451116,0.399353826794154,30
"3186","CE","Itapajé",53067,10664.27,23010,"Uruburetama",2,"Nordeste",1,"230630",7,43,16,27,16,27,1,0,0,0,0,44,16,27,16,27,30,9.27465418036774,10.8793105451116,0.404516837952338,29
"3187","CE","Itapipoca",130539,12863.49,23008,"Itapipoca",2,"Nordeste",1,"230640",2,176,42,134,67,109,7,0,0,0,0,183,42,134,67,109,51,9.46214834511045,11.7794273116727,0.295145262617868,29
"3188","CE","Itapipoca",130539,12863.49,23008,"Itapipoca",2,"Nordeste",1,"230640",3,171,46,125,81,90,1,0,0,0,0,172,46,125,81,90,62,9.46214834511045,11.7794273116727,0.417736504607119,31
"3189","CE","Itapipoca",130539,12863.49,23008,"Itapipoca",2,"Nordeste",1,"230640",4,162,49,113,71,91,1,0,0,0,0,163,49,113,71,91,68,9.46214834511045,11.7794273116727,0.468035815970336,30
"3190","CE","Itapipoca",130539,12863.49,23008,"Itapipoca",2,"Nordeste",1,"230640",5,158,34,124,69,89,2,0,0,0,0,160,34,124,69,89,137,9.46214834511045,11.7794273116727,0.519436972392428,31
"3191","CE","Itapipoca",130539,12863.49,23008,"Itapipoca",2,"Nordeste",1,"230640",6,159,37,122,73,86,2,0,0,0,0,161,37,122,73,86,88,9.46214834511045,11.7794273116727,0.447435926199719,30
"3192","CE","Itapipoca",130539,12863.49,23008,"Itapipoca",2,"Nordeste",1,"230640",7,192,40,152,85,107,0,0,0,0,0,192,40,152,85,107,68,9.46214834511045,11.7794273116727,0.436978466479718,29
"3193","CE","Itapiúna",20520,6523.57,23013,"Baturité",2,"Nordeste",0,"230650",2,31,14,17,11,20,0,0,0,0,0,31,14,17,11,20,13,8.78317705108435,9.92915529928471,0.329112626787473,29
"3194","CE","Itapiúna",20520,6523.57,23013,"Baturité",2,"Nordeste",0,"230650",3,19,6,13,10,9,0,0,0,0,0,19,6,13,10,9,11,8.78317705108435,9.92915529928471,0.431964972092084,31
"3195","CE","Itapiúna",20520,6523.57,23013,"Baturité",2,"Nordeste",0,"230650",4,16,5,11,3,13,1,0,0,0,0,17,5,11,3,13,4,8.78317705108435,9.92915529928471,0.484520969536631,30
"3196","CE","Itapiúna",20520,6523.57,23013,"Baturité",2,"Nordeste",0,"230650",5,27,8,19,8,19,0,0,0,0,0,27,8,19,8,19,15,8.78317705108435,9.92915529928471,0.494027706975458,31
"3197","CE","Itapiúna",20520,6523.57,23013,"Baturité",2,"Nordeste",0,"230650",6,18,9,9,5,13,0,0,0,0,0,18,9,9,5,13,13,8.78317705108435,9.92915529928471,0.456726014016719,30
"3198","CE","Itapiúna",20520,6523.57,23013,"Baturité",2,"Nordeste",0,"230650",7,18,5,13,6,12,0,0,0,0,0,18,5,13,6,12,6,8.78317705108435,9.92915529928471,0.457726147031968,29
"3199","CE","Itarema",42215,17804.2,23001,"Litoral de Camocim e Acaraú",2,"Nordeste",0,"230655",2,111,25,86,41,70,1,0,0,0,0,112,25,86,41,70,19,9.78718966350334,10.6505308871036,0.317032850383021,29
"3200","CE","Itarema",42215,17804.2,23001,"Litoral de Camocim e Acaraú",2,"Nordeste",0,"230655",3,97,27,70,35,62,1,0,0,0,0,98,27,70,35,62,26,9.78718966350334,10.6505308871036,0.443779628060083,31
"3201","CE","Itarema",42215,17804.2,23001,"Litoral de Camocim e Acaraú",2,"Nordeste",0,"230655",4,74,22,52,30,44,0,0,0,0,0,74,22,52,30,44,26,9.78718966350334,10.6505308871036,0.461965836613176,30
"3202","CE","Itarema",42215,17804.2,23001,"Litoral de Camocim e Acaraú",2,"Nordeste",0,"230655",5,58,7,51,24,34,1,0,0,0,0,59,7,51,24,34,44,9.78718966350334,10.6505308871036,0.485004879843199,31
"3203","CE","Itarema",42215,17804.2,23001,"Litoral de Camocim e Acaraú",2,"Nordeste",0,"230655",6,53,17,36,18,35,2,0,0,0,0,55,17,36,18,35,33,9.78718966350334,10.6505308871036,0.433350678856431,30
"3204","CE","Itarema",42215,17804.2,23001,"Litoral de Camocim e Acaraú",2,"Nordeste",0,"230655",7,62,8,54,25,37,0,0,0,0,0,62,8,54,25,37,16,9.78718966350334,10.6505308871036,0.414607123515859,29
"3205","CE","Itatira",21836,5888.14,23012,"Canindé",2,"Nordeste",0,"230660",2,51,20,31,26,25,1,0,0,0,0,52,20,31,26,25,9,8.68069543729995,9.99131526290165,0.323776543746599,29
"3206","CE","Itatira",21836,5888.14,23012,"Canindé",2,"Nordeste",0,"230660",3,39,12,27,12,27,0,0,0,0,0,39,12,27,12,27,17,8.68069543729995,9.99131526290165,0.42477784692596,31
"3207","CE","Itatira",21836,5888.14,23012,"Canindé",2,"Nordeste",0,"230660",4,26,10,16,13,13,0,0,0,0,0,26,10,16,13,13,15,8.68069543729995,9.99131526290165,0.44779731709166,30
"3208","CE","Itatira",21836,5888.14,23012,"Canindé",2,"Nordeste",0,"230660",5,16,7,9,9,7,0,0,0,0,0,16,7,9,9,7,14,8.68069543729995,9.99131526290165,0.460267401232047,31
"3209","CE","Itatira",21836,5888.14,23012,"Canindé",2,"Nordeste",0,"230660",6,16,3,13,6,10,1,0,0,0,0,17,3,13,6,10,18,8.68069543729995,9.99131526290165,0.431713787256263,30
"3210","CE","Itatira",21836,5888.14,23012,"Canindé",2,"Nordeste",0,"230660",7,18,8,10,9,9,0,0,0,0,0,18,8,10,9,9,15,8.68069543729995,9.99131526290165,0.450162410002211,29
"3211","CE","Jaguaretama",18147,8548.15,23024,"Médio Jaguaribe",2,"Nordeste",0,"230670",2,33,16,17,17,16,0,0,0,0,0,33,16,17,17,16,4,9.05347016424951,9.80626053677502,0.256400246198306,29
"3212","CE","Jaguaretama",18147,8548.15,23024,"Médio Jaguaribe",2,"Nordeste",0,"230670",3,21,6,15,7,14,0,0,0,0,0,21,6,15,7,14,15,9.05347016424951,9.80626053677502,0.338101887241621,31
"3213","CE","Jaguaretama",18147,8548.15,23024,"Médio Jaguaribe",2,"Nordeste",0,"230670",4,27,10,17,9,18,0,0,0,0,0,27,10,17,9,18,12,9.05347016424951,9.80626053677502,0.364050344194619,30
"3214","CE","Jaguaretama",18147,8548.15,23024,"Médio Jaguaribe",2,"Nordeste",0,"230670",5,16,5,11,6,10,0,0,0,0,0,16,5,11,6,10,20,9.05347016424951,9.80626053677502,0.409716983309897,31
"3215","CE","Jaguaretama",18147,8548.15,23024,"Médio Jaguaribe",2,"Nordeste",0,"230670",6,31,10,21,11,20,0,0,0,0,0,31,10,21,11,20,9,9.05347016424951,9.80626053677502,0.374850436136689,30
"3216","CE","Jaguaretama",18147,8548.15,23024,"Médio Jaguaribe",2,"Nordeste",0,"230670",7,15,2,13,9,6,0,0,0,0,0,15,2,13,9,6,17,9.05347016424951,9.80626053677502,0.41156444569161,29
"3217","CE","Jaguaribara",11492,11343.44,23024,"Médio Jaguaribe",2,"Nordeste",0,"230680",2,21,5,16,9,12,0,0,0,0,0,21,5,16,9,12,8,9.33639488225016,9.34940642009918,0.289895251064763,29
"3218","CE","Jaguaribara",11492,11343.44,23024,"Médio Jaguaribe",2,"Nordeste",0,"230680",3,16,2,14,11,5,0,0,0,0,0,16,2,14,11,5,6,9.33639488225016,9.34940642009918,0.380479606008146,31
"3219","CE","Jaguaribara",11492,11343.44,23024,"Médio Jaguaribe",2,"Nordeste",0,"230680",4,14,7,7,5,9,0,0,0,0,0,14,7,7,5,9,4,9.33639488225016,9.34940642009918,0.411130833948867,30
"3220","CE","Jaguaribara",11492,11343.44,23024,"Médio Jaguaribe",2,"Nordeste",0,"230680",5,7,3,4,2,5,0,0,0,0,0,7,3,4,2,5,8,9.33639488225016,9.34940642009918,0.436314685724754,31
"3221","CE","Jaguaribara",11492,11343.44,23024,"Médio Jaguaribe",2,"Nordeste",0,"230680",6,10,3,7,2,8,0,0,0,0,0,10,3,7,2,8,11,9.33639488225016,9.34940642009918,0.400746645284136,30
"3222","CE","Jaguaribara",11492,11343.44,23024,"Médio Jaguaribe",2,"Nordeste",0,"230680",7,10,3,7,4,6,0,0,0,0,0,10,3,7,4,6,13,9.33639488225016,9.34940642009918,0.421337741468131,29
"3223","CE","Jaguaribe",34636,16763.71,23024,"Médio Jaguaribe",2,"Nordeste",0,"230690",2,54,14,40,24,30,0,0,0,0,0,54,14,40,24,30,18,9.72697170992134,10.4526488825677,0.2614810445107,29
"3224","CE","Jaguaribe",34636,16763.71,23024,"Médio Jaguaribe",2,"Nordeste",0,"230690",3,67,27,40,21,46,0,0,0,0,0,67,27,40,21,46,20,9.72697170992134,10.4526488825677,0.352242387298539,31
"3225","CE","Jaguaribe",34636,16763.71,23024,"Médio Jaguaribe",2,"Nordeste",0,"230690",4,25,7,18,9,16,0,0,0,0,0,25,7,18,9,16,20,9.72697170992134,10.4526488825677,0.392566259556087,30
"3226","CE","Jaguaribe",34636,16763.71,23024,"Médio Jaguaribe",2,"Nordeste",0,"230690",5,39,9,30,20,19,0,0,0,0,0,39,9,30,20,19,28,9.72697170992134,10.4526488825677,0.40487670977769,31
"3227","CE","Jaguaribe",34636,16763.71,23024,"Médio Jaguaribe",2,"Nordeste",0,"230690",6,41,17,24,22,19,0,0,0,0,0,41,17,24,22,19,24,9.72697170992134,10.4526488825677,0.364041980145285,30
"3228","CE","Jaguaribe",34636,16763.71,23024,"Médio Jaguaribe",2,"Nordeste",0,"230690",7,28,12,16,12,16,0,0,0,0,0,28,12,16,12,16,32,9.72697170992134,10.4526488825677,0.39712142560687,29
"3229","CE","Jaguaruana",33834,11683.11,23023,"Baixo Jaguaribe",2,"Nordeste",0,"230700",2,48,15,33,18,30,0,0,0,0,0,48,15,33,18,30,21,9.36589948806271,10.4292214930352,0.265363876120366,29
"3230","CE","Jaguaruana",33834,11683.11,23023,"Baixo Jaguaribe",2,"Nordeste",0,"230700",3,49,22,27,19,30,1,0,0,0,0,50,22,27,19,30,17,9.36589948806271,10.4292214930352,0.376694345285906,31
"3231","CE","Jaguaruana",33834,11683.11,23023,"Baixo Jaguaribe",2,"Nordeste",0,"230700",4,34,12,22,15,19,2,0,0,0,0,36,12,22,15,19,29,9.36589948806271,10.4292214930352,0.395270218427805,30
"3232","CE","Jaguaruana",33834,11683.11,23023,"Baixo Jaguaribe",2,"Nordeste",0,"230700",5,31,7,24,17,14,1,0,0,0,0,32,7,24,17,14,26,9.36589948806271,10.4292214930352,0.398441022184424,31
"3233","CE","Jaguaruana",33834,11683.11,23023,"Baixo Jaguaribe",2,"Nordeste",0,"230700",6,31,8,23,13,18,1,0,0,0,0,32,8,23,13,18,26,9.36589948806271,10.4292214930352,0.352576531988223,30
"3234","CE","Jaguaruana",33834,11683.11,23023,"Baixo Jaguaribe",2,"Nordeste",0,"230700",7,30,12,18,10,20,0,0,0,0,0,30,12,18,10,20,30,9.36589948806271,10.4292214930352,0.391105219336349,29
"3235","CE","Jardim",27181,7529.39,23032,"Cariri",2,"Nordeste",0,"230710",2,51,18,33,22,29,0,0,0,0,0,51,18,33,22,29,13,8.92656930821636,10.210273478787,0.299599664403627,29
"3236","CE","Jardim",27181,7529.39,23032,"Cariri",2,"Nordeste",0,"230710",3,51,20,31,22,29,1,0,0,0,0,52,20,31,22,29,24,8.92656930821636,10.210273478787,0.406503102816496,31
"3237","CE","Jardim",27181,7529.39,23032,"Cariri",2,"Nordeste",0,"230710",4,32,10,22,16,16,0,0,0,0,0,32,10,22,16,16,18,8.92656930821636,10.210273478787,0.453294989714085,30
"3238","CE","Jardim",27181,7529.39,23032,"Cariri",2,"Nordeste",0,"230710",5,28,10,18,7,21,1,0,0,0,0,29,10,18,7,21,14,8.92656930821636,10.210273478787,0.452894423365225,31
"3239","CE","Jardim",27181,7529.39,23032,"Cariri",2,"Nordeste",0,"230710",6,35,9,26,12,23,0,0,0,0,0,35,9,26,12,23,20,8.92656930821636,10.210273478787,0.42225544661844,30
"3240","CE","Jardim",27181,7529.39,23032,"Cariri",2,"Nordeste",0,"230710",7,36,8,28,14,22,0,0,0,0,0,36,8,28,14,22,17,8.92656930821636,10.210273478787,0.44412129194944,29
"3241","CE","Jati",8130,12184.14,23033,"Brejo Santo",2,"Nordeste",0,"230720",2,15,3,12,8,7,0,0,0,0,0,15,3,12,8,7,7,9.4078903849883,9.00331620254186,0.286464875735153,29
"3242","CE","Jati",8130,12184.14,23033,"Brejo Santo",2,"Nordeste",0,"230720",3,16,4,12,6,10,1,0,0,0,0,17,4,12,6,10,5,9.4078903849883,9.00331620254186,0.364177476874829,31
"3243","CE","Jati",8130,12184.14,23033,"Brejo Santo",2,"Nordeste",0,"230720",4,10,2,8,2,8,0,0,0,0,0,10,2,8,2,8,3,9.4078903849883,9.00331620254186,0.403715422489069,30
"3244","CE","Jati",8130,12184.14,23033,"Brejo Santo",2,"Nordeste",0,"230720",5,5,1,4,4,1,0,0,0,0,0,5,1,4,4,1,8,9.4078903849883,9.00331620254186,0.414350476120548,31
"3245","CE","Jati",8130,12184.14,23033,"Brejo Santo",2,"Nordeste",0,"230720",6,10,1,9,4,6,0,0,0,0,0,10,1,9,4,6,3,9.4078903849883,9.00331620254186,0.387530167160353,30
"3246","CE","Jati",8130,12184.14,23033,"Brejo Santo",2,"Nordeste",0,"230720",7,4,1,3,1,3,0,0,0,0,0,4,1,3,1,3,4,9.4078903849883,9.00331620254186,0.445182490615785,29
"3247","CE","Jijoca de Jericoacoara",20087,17740.75,23001,"Litoral de Camocim e Acaraú",2,"Nordeste",0,"230725",2,50,6,44,23,27,0,0,0,0,0,50,6,44,23,27,11,9.78361953230925,9.90782811863455,0.275973827961541,29
"3248","CE","Jijoca de Jericoacoara",20087,17740.75,23001,"Litoral de Camocim e Acaraú",2,"Nordeste",0,"230725",3,52,10,42,19,33,2,0,0,0,0,54,10,42,19,33,11,9.78361953230925,9.90782811863455,0.402134697890102,31
"3249","CE","Jijoca de Jericoacoara",20087,17740.75,23001,"Litoral de Camocim e Acaraú",2,"Nordeste",0,"230725",4,28,10,18,10,18,2,0,0,0,0,30,10,18,10,18,8,9.78361953230925,9.90782811863455,0.466277160431682,30
"3250","CE","Jijoca de Jericoacoara",20087,17740.75,23001,"Litoral de Camocim e Acaraú",2,"Nordeste",0,"230725",5,23,5,18,6,17,0,0,0,0,0,23,5,18,6,17,16,9.78361953230925,9.90782811863455,0.492510635518514,31
"3251","CE","Jijoca de Jericoacoara",20087,17740.75,23001,"Litoral de Camocim e Acaraú",2,"Nordeste",0,"230725",6,30,4,26,9,21,0,0,0,0,0,30,4,26,9,21,5,9.78361953230925,9.90782811863455,0.438522006370019,30
"3252","CE","Jijoca de Jericoacoara",20087,17740.75,23001,"Litoral de Camocim e Acaraú",2,"Nordeste",0,"230725",7,30,7,23,13,17,2,0,0,0,0,32,7,23,13,17,11,9.78361953230925,9.90782811863455,0.431114173722043,29
"3253","CE","Juazeiro do Norte",276264,17725.62,23032,"Cariri",2,"Nordeste",1,"230730",2,589,144,445,232,357,2,0,0,0,0,591,144,445,232,357,158,9.78276632963202,12.529112209263,0.291032461381888,29
"3254","CE","Juazeiro do Norte",276264,17725.62,23032,"Cariri",2,"Nordeste",1,"230730",3,544,132,412,193,351,5,0,0,0,0,549,132,412,193,351,192,9.78276632963202,12.529112209263,0.409597149837655,31
"3255","CE","Juazeiro do Norte",276264,17725.62,23032,"Cariri",2,"Nordeste",1,"230730",4,370,89,281,146,224,5,0,0,0,0,375,89,281,146,224,167,9.78276632963202,12.529112209263,0.461632853026431,30
"3256","CE","Juazeiro do Norte",276264,17725.62,23032,"Cariri",2,"Nordeste",1,"230730",5,324,86,238,120,204,5,0,0,0,0,329,86,238,120,204,168,9.78276632963202,12.529112209263,0.442893728388534,31
"3257","CE","Juazeiro do Norte",276264,17725.62,23032,"Cariri",2,"Nordeste",1,"230730",6,339,82,257,122,217,3,0,0,0,0,342,82,257,122,217,269,9.78276632963202,12.529112209263,0.415560821202112,30
"3258","CE","Juazeiro do Norte",276264,17725.62,23032,"Cariri",2,"Nordeste",1,"230730",7,361,84,277,147,214,6,0,0,0,0,367,84,277,147,214,292,9.78276632963202,12.529112209263,0.445794024067709,29
"3259","CE","Jucás",24892,9024.13,23027,"Várzea Alegre",2,"Nordeste",0,"230740",2,42,18,24,8,34,1,0,0,0,0,43,18,24,8,34,12,9.10765737966244,10.1223017456891,0.303222887356803,29
"3260","CE","Jucás",24892,9024.13,23027,"Várzea Alegre",2,"Nordeste",0,"230740",3,52,16,36,21,31,0,0,0,0,0,52,16,36,21,31,19,9.10765737966244,10.1223017456891,0.431184182618439,31
"3261","CE","Jucás",24892,9024.13,23027,"Várzea Alegre",2,"Nordeste",0,"230740",4,29,12,17,12,17,0,0,0,0,0,29,12,17,12,17,15,9.10765737966244,10.1223017456891,0.442977327579461,30
"3262","CE","Jucás",24892,9024.13,23027,"Várzea Alegre",2,"Nordeste",0,"230740",5,34,12,22,20,14,0,0,0,0,0,34,12,22,20,14,19,9.10765737966244,10.1223017456891,0.399850156223628,31
"3263","CE","Jucás",24892,9024.13,23027,"Várzea Alegre",2,"Nordeste",0,"230740",6,22,10,12,12,10,0,0,0,0,0,22,10,12,12,10,16,9.10765737966244,10.1223017456891,0.384863724625028,30
"3264","CE","Jucás",24892,9024.13,23027,"Várzea Alegre",2,"Nordeste",0,"230740",7,46,19,27,17,29,0,0,0,0,0,46,19,27,17,29,26,9.10765737966244,10.1223017456891,0.428162649356927,29
"3265","CE","Lavras da Mangabeira",31492,8139.37,23028,"Lavras da Mangabeira",2,"Nordeste",0,"230750",2,53,20,33,21,32,0,0,0,0,0,53,20,33,21,32,14,9.004468060424,10.3574888243044,0.270889919830757,29
"3266","CE","Lavras da Mangabeira",31492,8139.37,23028,"Lavras da Mangabeira",2,"Nordeste",0,"230750",3,32,9,23,16,16,0,0,0,0,0,32,9,23,16,16,12,9.004468060424,10.3574888243044,0.38738371654888,31
"3267","CE","Lavras da Mangabeira",31492,8139.37,23028,"Lavras da Mangabeira",2,"Nordeste",0,"230750",4,27,10,17,12,15,0,0,0,0,0,27,10,17,12,15,17,9.004468060424,10.3574888243044,0.40643285164507,30
"3268","CE","Lavras da Mangabeira",31492,8139.37,23028,"Lavras da Mangabeira",2,"Nordeste",0,"230750",5,23,5,18,10,13,0,0,0,0,0,23,5,18,10,13,18,9.004468060424,10.3574888243044,0.43821163787495,31
"3269","CE","Lavras da Mangabeira",31492,8139.37,23028,"Lavras da Mangabeira",2,"Nordeste",0,"230750",6,28,11,17,17,11,0,0,0,0,0,28,11,17,17,11,19,9.004468060424,10.3574888243044,0.396111050544765,30
"3270","CE","Lavras da Mangabeira",31492,8139.37,23028,"Lavras da Mangabeira",2,"Nordeste",0,"230750",7,24,5,19,10,14,0,0,0,0,0,24,5,19,10,14,24,9.004468060424,10.3574888243044,0.434322221039181,29
"3271","CE","Limoeiro do Norte",59890,15961.09,23023,"Baixo Jaguaribe",2,"Nordeste",1,"230760",2,97,29,68,36,61,1,0,0,0,0,98,29,68,36,61,31,9.6779091644111,11.0002648252585,0.296629511223829,29
"3272","CE","Limoeiro do Norte",59890,15961.09,23023,"Baixo Jaguaribe",2,"Nordeste",1,"230760",3,103,28,75,35,68,0,0,0,0,0,103,28,75,35,68,37,9.6779091644111,11.0002648252585,0.406897386706015,31
"3273","CE","Limoeiro do Norte",59890,15961.09,23023,"Baixo Jaguaribe",2,"Nordeste",1,"230760",4,49,9,40,18,31,0,0,0,0,0,49,9,40,18,31,36,9.6779091644111,11.0002648252585,0.446951936142659,30
"3274","CE","Limoeiro do Norte",59890,15961.09,23023,"Baixo Jaguaribe",2,"Nordeste",1,"230760",5,50,14,36,19,31,0,0,0,0,0,50,14,36,19,31,33,9.6779091644111,11.0002648252585,0.43896631240906,31
"3275","CE","Limoeiro do Norte",59890,15961.09,23023,"Baixo Jaguaribe",2,"Nordeste",1,"230760",6,66,12,54,23,43,0,0,0,0,0,66,12,54,23,43,30,9.6779091644111,11.0002648252585,0.402991939701861,30
"3276","CE","Limoeiro do Norte",59890,15961.09,23023,"Baixo Jaguaribe",2,"Nordeste",1,"230760",7,64,17,47,24,40,1,0,0,0,0,65,17,47,24,40,41,9.6779091644111,11.0002648252585,0.422540598816884,29
"3277","CE","Madalena",19864,6435.63,23019,"Sertão de Quixeramobim",2,"Nordeste",0,"230763",2,27,12,15,13,14,0,0,0,0,0,27,12,15,13,14,11,8.76960501733603,9.896664327188,0.267808142827182,29
"3278","CE","Madalena",19864,6435.63,23019,"Sertão de Quixeramobim",2,"Nordeste",0,"230763",3,20,10,10,12,8,0,0,0,0,0,20,10,10,12,8,16,8.76960501733603,9.896664327188,0.367210668597424,31
"3279","CE","Madalena",19864,6435.63,23019,"Sertão de Quixeramobim",2,"Nordeste",0,"230763",4,15,5,10,4,11,1,0,0,0,0,16,5,10,4,11,4,8.76960501733603,9.896664327188,0.418199876540058,30
"3280","CE","Madalena",19864,6435.63,23019,"Sertão de Quixeramobim",2,"Nordeste",0,"230763",5,13,6,7,6,7,0,0,0,0,0,13,6,7,6,7,15,8.76960501733603,9.896664327188,0.453751481044189,31
"3281","CE","Madalena",19864,6435.63,23019,"Sertão de Quixeramobim",2,"Nordeste",0,"230763",6,11,4,7,6,5,0,0,0,0,0,11,4,7,6,5,17,8.76960501733603,9.896664327188,0.39756448164837,30
"3282","CE","Madalena",19864,6435.63,23019,"Sertão de Quixeramobim",2,"Nordeste",0,"230763",7,16,4,12,10,6,1,0,0,0,0,17,4,12,10,6,18,8.76960501733603,9.896664327188,0.443590315474132,29
"3283","CE","Maracanaú",229458,46240.54,23016,"Fortaleza",2,"Nordeste",1,"230765",2,606,128,478,229,377,2,0,0,0,0,608,128,478,229,377,121,10.7416121814788,12.343475285199,0.319791177984717,29
"3284","CE","Maracanaú",229458,46240.54,23016,"Fortaleza",2,"Nordeste",1,"230765",3,546,125,421,211,335,5,0,0,0,0,551,125,421,211,335,115,10.7416121814788,12.343475285199,0.437313611163127,31
"3285","CE","Maracanaú",229458,46240.54,23016,"Fortaleza",2,"Nordeste",1,"230765",4,328,84,244,115,213,0,0,0,0,0,328,84,244,115,213,175,10.7416121814788,12.343475285199,0.494313244320242,30
"3286","CE","Maracanaú",229458,46240.54,23016,"Fortaleza",2,"Nordeste",1,"230765",5,319,90,229,136,183,4,0,0,0,0,323,90,229,136,183,338,10.7416121814788,12.343475285199,0.491522728427471,31
"3287","CE","Maracanaú",229458,46240.54,23016,"Fortaleza",2,"Nordeste",1,"230765",6,357,86,271,149,208,1,0,0,0,0,358,86,271,149,208,143,10.7416121814788,12.343475285199,0.416291984333908,30
"3288","CE","Maracanaú",229458,46240.54,23016,"Fortaleza",2,"Nordeste",1,"230765",7,381,98,283,131,250,1,0,0,0,0,382,98,283,131,250,102,10.7416121814788,12.343475285199,0.416889722555082,29
"3289","CE","Maranguape",130346,11788.59,23016,"Fortaleza",2,"Nordeste",1,"230770",2,157,34,123,51,106,2,0,0,0,0,159,34,123,51,106,59,9.3748873935043,11.7779477322778,0.312022677880738,29
"3290","CE","Maranguape",130346,11788.59,23016,"Fortaleza",2,"Nordeste",1,"230770",3,189,44,145,79,110,0,0,0,0,0,189,44,145,79,110,69,9.3748873935043,11.7779477322778,0.424880865074029,31
"3291","CE","Maranguape",130346,11788.59,23016,"Fortaleza",2,"Nordeste",1,"230770",4,84,25,59,33,51,0,0,0,0,0,84,25,59,33,51,85,9.3748873935043,11.7779477322778,0.48054530020782,30
"3292","CE","Maranguape",130346,11788.59,23016,"Fortaleza",2,"Nordeste",1,"230770",5,104,26,78,36,68,2,0,0,0,0,106,26,78,36,68,162,9.3748873935043,11.7779477322778,0.488607808112933,31
"3293","CE","Maranguape",130346,11788.59,23016,"Fortaleza",2,"Nordeste",1,"230770",6,103,22,81,46,57,2,0,0,0,0,105,22,81,46,57,89,9.3748873935043,11.7779477322778,0.408552041170609,30
"3294","CE","Maranguape",130346,11788.59,23016,"Fortaleza",2,"Nordeste",1,"230770",7,110,20,90,47,63,1,0,0,0,0,111,20,90,47,63,57,9.3748873935043,11.7779477322778,0.410469539801496,29
"3295","CE","Marco",27595,11895.32,23001,"Litoral de Camocim e Acaraú",2,"Nordeste",0,"230780",2,71,32,39,25,46,0,0,0,0,0,71,32,39,25,46,14,9.38390032443489,10.2253898758736,0.334563379350262,29
"3296","CE","Marco",27595,11895.32,23001,"Litoral de Camocim e Acaraú",2,"Nordeste",0,"230780",3,88,32,56,39,49,0,0,0,0,0,88,32,56,39,49,14,9.38390032443489,10.2253898758736,0.45326719250085,31
"3297","CE","Marco",27595,11895.32,23001,"Litoral de Camocim e Acaraú",2,"Nordeste",0,"230780",4,47,18,29,19,28,2,0,0,0,0,49,18,29,19,28,19,9.38390032443489,10.2253898758736,0.460219158633324,30
"3298","CE","Marco",27595,11895.32,23001,"Litoral de Camocim e Acaraú",2,"Nordeste",0,"230780",5,48,18,30,21,27,0,0,0,0,0,48,18,30,21,27,33,9.38390032443489,10.2253898758736,0.468279755525956,31
"3299","CE","Marco",27595,11895.32,23001,"Litoral de Camocim e Acaraú",2,"Nordeste",0,"230780",6,47,16,31,21,26,0,0,0,0,0,47,16,31,21,26,29,9.38390032443489,10.2253898758736,0.433289035109831,30
"3300","CE","Marco",27595,11895.32,23001,"Litoral de Camocim e Acaraú",2,"Nordeste",0,"230780",7,45,17,28,20,25,1,0,0,0,0,46,17,28,20,25,11,9.38390032443489,10.2253898758736,0.441848090222166,29
"3301","CE","Martinópole",11321,6793.18,23001,"Litoral de Camocim e Acaraú",2,"Nordeste",0,"230790",2,24,6,18,8,16,0,0,0,0,0,24,6,18,8,16,9,8.82367444670569,9.33441468707811,0.270586852043017,29
"3302","CE","Martinópole",11321,6793.18,23001,"Litoral de Camocim e Acaraú",2,"Nordeste",0,"230790",3,25,11,14,11,14,0,0,0,0,0,25,11,14,11,14,4,8.82367444670569,9.33441468707811,0.381323860284976,31
"3303","CE","Martinópole",11321,6793.18,23001,"Litoral de Camocim e Acaraú",2,"Nordeste",0,"230790",4,17,9,8,4,13,0,0,0,0,0,17,9,8,4,13,9,8.82367444670569,9.33441468707811,0.43828563924629,30
"3304","CE","Martinópole",11321,6793.18,23001,"Litoral de Camocim e Acaraú",2,"Nordeste",0,"230790",5,12,5,7,4,8,1,0,0,0,0,13,5,7,4,8,6,8.82367444670569,9.33441468707811,0.424205957181683,31
"3305","CE","Martinópole",11321,6793.18,23001,"Litoral de Camocim e Acaraú",2,"Nordeste",0,"230790",6,20,8,12,9,11,0,0,0,0,0,20,8,12,9,11,13,8.82367444670569,9.33441468707811,0.403037628487715,30
"3306","CE","Martinópole",11321,6793.18,23001,"Litoral de Camocim e Acaraú",2,"Nordeste",0,"230790",7,19,9,10,8,11,0,0,0,0,0,19,9,10,8,11,2,8.82367444670569,9.33441468707811,0.417008096654831,29
"3307","CE","Massapê",39044,7143.58,23005,"Sobral",2,"Nordeste",0,"230800",2,86,18,68,41,45,1,0,0,0,0,87,18,68,41,45,19,8.8739693302346,10.5724444942949,0.286352929129593,29
"3308","CE","Massapê",39044,7143.58,23005,"Sobral",2,"Nordeste",0,"230800",3,80,27,53,38,42,0,0,0,0,0,80,27,53,38,42,24,8.8739693302346,10.5724444942949,0.39559424284735,31
"3309","CE","Massapê",39044,7143.58,23005,"Sobral",2,"Nordeste",0,"230800",4,47,10,37,25,22,0,0,0,0,0,47,10,37,25,22,27,8.8739693302346,10.5724444942949,0.433567905278607,30
"3310","CE","Massapê",39044,7143.58,23005,"Sobral",2,"Nordeste",0,"230800",5,47,14,33,21,26,0,0,0,0,0,47,14,33,21,26,42,8.8739693302346,10.5724444942949,0.473680233445406,31
"3311","CE","Massapê",39044,7143.58,23005,"Sobral",2,"Nordeste",0,"230800",6,50,15,35,20,30,0,0,0,0,0,50,15,35,20,30,46,8.8739693302346,10.5724444942949,0.404564869418268,30
"3312","CE","Massapê",39044,7143.58,23005,"Sobral",2,"Nordeste",0,"230800",7,46,12,34,20,26,0,0,0,0,0,46,12,34,20,26,21,8.8739693302346,10.5724444942949,0.449280452048128,29
"3313","CE","Mauriti",48168,8624.33,23031,"Barro",2,"Nordeste",0,"230810",2,81,31,50,34,47,0,0,0,0,0,81,31,50,34,47,17,9.0623425577228,10.7824501791443,0.262133608601227,29
"3314","CE","Mauriti",48168,8624.33,23031,"Barro",2,"Nordeste",0,"230810",3,101,36,65,43,58,2,0,0,0,0,103,36,65,43,58,17,9.0623425577228,10.7824501791443,0.390473948029517,31
"3315","CE","Mauriti",48168,8624.33,23031,"Barro",2,"Nordeste",0,"230810",4,63,23,40,22,41,1,0,0,0,0,64,23,40,22,41,24,9.0623425577228,10.7824501791443,0.40135652907853,30
"3316","CE","Mauriti",48168,8624.33,23031,"Barro",2,"Nordeste",0,"230810",5,47,12,35,22,25,0,0,0,0,0,47,12,35,22,25,30,9.0623425577228,10.7824501791443,0.405840361240423,31
"3317","CE","Mauriti",48168,8624.33,23031,"Barro",2,"Nordeste",0,"230810",6,69,23,46,26,43,0,0,0,0,0,69,23,46,26,43,27,9.0623425577228,10.7824501791443,0.375915346715553,30
"3318","CE","Mauriti",48168,8624.33,23031,"Barro",2,"Nordeste",0,"230810",7,63,26,37,35,28,0,0,0,0,0,63,26,37,35,28,39,9.0623425577228,10.7824501791443,0.408244862038137,29
"3319","CE","Meruoca",15185,6681.85,23004,"Meruoca",2,"Nordeste",0,"230820",2,31,6,25,10,21,0,0,0,0,0,31,6,25,10,21,8,8.80715017429598,9.62806337747985,0.287847870933001,29
"3320","CE","Meruoca",15185,6681.85,23004,"Meruoca",2,"Nordeste",0,"230820",3,20,3,17,2,18,0,0,0,0,0,20,3,17,2,18,8,8.80715017429598,9.62806337747985,0.40878111630595,31
"3321","CE","Meruoca",15185,6681.85,23004,"Meruoca",2,"Nordeste",0,"230820",4,16,7,9,3,13,0,0,0,0,0,16,7,9,3,13,8,8.80715017429598,9.62806337747985,0.474660084433451,30
"3322","CE","Meruoca",15185,6681.85,23004,"Meruoca",2,"Nordeste",0,"230820",5,14,4,10,5,9,0,0,0,0,0,14,4,10,5,9,11,8.80715017429598,9.62806337747985,0.473066992800698,31
"3323","CE","Meruoca",15185,6681.85,23004,"Meruoca",2,"Nordeste",0,"230820",6,13,4,9,4,9,0,0,0,0,0,13,4,9,4,9,15,8.80715017429598,9.62806337747985,0.448072431518431,30
"3324","CE","Meruoca",15185,6681.85,23004,"Meruoca",2,"Nordeste",0,"230820",7,16,3,13,9,7,0,0,0,0,0,16,3,13,9,7,10,8.80715017429598,9.62806337747985,0.448176199259252,29
"3325","CE","Milagres",27462,7955.64,23033,"Brejo Santo",2,"Nordeste",0,"230830",2,43,10,33,17,26,0,0,0,0,0,43,10,33,17,26,19,8.98163639008132,10.2205585098817,0.287840845368171,29
"3326","CE","Milagres",27462,7955.64,23033,"Brejo Santo",2,"Nordeste",0,"230830",3,56,20,36,28,28,0,0,0,0,0,56,20,36,28,28,14,8.98163639008132,10.2205585098817,0.412376467074695,31
"3327","CE","Milagres",27462,7955.64,23033,"Brejo Santo",2,"Nordeste",0,"230830",4,39,15,24,13,26,0,0,0,0,0,39,15,24,13,26,20,8.98163639008132,10.2205585098817,0.43716113019502,30
"3328","CE","Milagres",27462,7955.64,23033,"Brejo Santo",2,"Nordeste",0,"230830",5,24,12,12,8,16,0,0,0,0,0,24,12,12,8,16,14,8.98163639008132,10.2205585098817,0.442641948979593,31
"3329","CE","Milagres",27462,7955.64,23033,"Brejo Santo",2,"Nordeste",0,"230830",6,21,6,15,8,13,1,0,0,0,0,22,6,15,8,13,15,8.98163639008132,10.2205585098817,0.40204332554156,30
"3330","CE","Milagres",27462,7955.64,23033,"Brejo Santo",2,"Nordeste",0,"230830",7,33,6,27,16,17,0,0,0,0,0,33,6,27,16,17,17,8.98163639008132,10.2205585098817,0.427473810244788,29
"3331","CE","Milhã",13142,9674.79,23021,"Sertão de Senador Pompeu",2,"Nordeste",0,"230835",2,7,3,4,1,6,0,0,0,0,0,7,3,4,1,6,7,9.17727881223606,9.48356848745781,0.260464370795107,29
"3332","CE","Milhã",13142,9674.79,23021,"Sertão de Senador Pompeu",2,"Nordeste",0,"230835",3,12,3,9,7,5,0,0,0,0,0,12,3,9,7,5,9,9.17727881223606,9.48356848745781,0.338367480610149,31
"3333","CE","Milhã",13142,9674.79,23021,"Sertão de Senador Pompeu",2,"Nordeste",0,"230835",4,4,1,3,1,3,0,0,0,0,0,4,1,3,1,3,5,9.17727881223606,9.48356848745781,0.361463044819674,30
"3334","CE","Milhã",13142,9674.79,23021,"Sertão de Senador Pompeu",2,"Nordeste",0,"230835",5,5,2,3,3,2,0,0,0,0,0,5,2,3,3,2,8,9.17727881223606,9.48356848745781,0.362141706789961,31
"3335","CE","Milhã",13142,9674.79,23021,"Sertão de Senador Pompeu",2,"Nordeste",0,"230835",6,5,2,3,3,2,0,0,0,0,0,5,2,3,3,2,7,9.17727881223606,9.48356848745781,0.357795906434912,30
"3336","CE","Milhã",13142,9674.79,23021,"Sertão de Senador Pompeu",2,"Nordeste",0,"230835",7,5,3,2,0,5,0,0,0,0,0,5,3,2,0,5,10,9.17727881223606,9.48356848745781,0.381678836480711,29
"3337","CE","Miraíma",13894,6253.17,23005,"Sobral",2,"Nordeste",0,"230837",2,14,2,12,4,10,0,0,0,0,0,14,2,12,4,10,4,8.740843814148,9.53921237125283,0.288925973400488,29
"3338","CE","Miraíma",13894,6253.17,23005,"Sobral",2,"Nordeste",0,"230837",3,21,7,14,9,12,0,0,0,0,0,21,7,14,9,12,6,8.740843814148,9.53921237125283,0.420959469562642,31
"3339","CE","Miraíma",13894,6253.17,23005,"Sobral",2,"Nordeste",0,"230837",4,10,5,5,5,5,1,0,0,0,0,11,5,5,5,5,6,8.740843814148,9.53921237125283,0.441303686834484,30
"3340","CE","Miraíma",13894,6253.17,23005,"Sobral",2,"Nordeste",0,"230837",5,17,7,10,6,11,0,0,0,0,0,17,7,10,6,11,12,8.740843814148,9.53921237125283,0.497338246424552,31
"3341","CE","Miraíma",13894,6253.17,23005,"Sobral",2,"Nordeste",0,"230837",6,17,6,11,5,12,0,0,0,0,0,17,6,11,5,12,7,8.740843814148,9.53921237125283,0.447693365327141,30
"3342","CE","Miraíma",13894,6253.17,23005,"Sobral",2,"Nordeste",0,"230837",7,11,5,6,5,6,0,0,0,0,0,11,5,6,5,6,5,8.740843814148,9.53921237125283,0.477644244046646,29
"3343","CE","Missão Velha",35480,13585.53,23032,"Cariri",2,"Nordeste",0,"230840",2,86,30,56,44,42,0,0,0,0,0,86,30,56,44,42,19,9.5167605347174,10.4767244364235,0.311430111036955,29
"3344","CE","Missão Velha",35480,13585.53,23032,"Cariri",2,"Nordeste",0,"230840",3,100,22,78,39,61,0,0,0,0,0,100,22,78,39,61,24,9.5167605347174,10.4767244364235,0.41578149301293,31
"3345","CE","Missão Velha",35480,13585.53,23032,"Cariri",2,"Nordeste",0,"230840",4,49,16,33,24,25,0,0,0,0,0,49,16,33,24,25,22,9.5167605347174,10.4767244364235,0.423553536925134,30
"3346","CE","Missão Velha",35480,13585.53,23032,"Cariri",2,"Nordeste",0,"230840",5,50,19,31,20,30,1,0,0,0,0,51,19,31,20,30,26,9.5167605347174,10.4767244364235,0.429983949359303,31
"3347","CE","Missão Velha",35480,13585.53,23032,"Cariri",2,"Nordeste",0,"230840",6,43,15,28,21,22,1,0,0,0,0,44,15,28,21,22,29,9.5167605347174,10.4767244364235,0.388246569326387,30
"3348","CE","Missão Velha",35480,13585.53,23032,"Cariri",2,"Nordeste",0,"230840",7,42,15,27,13,29,0,0,0,0,0,42,15,27,13,29,21,9.5167605347174,10.4767244364235,0.434521137964641,29
"3349","CE","Mombaça",43858,7369.18,23021,"Sertão de Senador Pompeu",2,"Nordeste",0,"230850",2,61,25,36,28,33,1,0,0,0,0,62,25,36,28,33,25,8.90506171712087,10.688712421297,0.263275351460319,29
"3350","CE","Mombaça",43858,7369.18,23021,"Sertão de Senador Pompeu",2,"Nordeste",0,"230850",3,66,25,41,36,30,0,0,0,0,0,66,25,41,36,30,31,8.90506171712087,10.688712421297,0.373613178187923,31
"3351","CE","Mombaça",43858,7369.18,23021,"Sertão de Senador Pompeu",2,"Nordeste",0,"230850",4,36,15,21,14,22,0,0,0,0,0,36,15,21,14,22,31,8.90506171712087,10.688712421297,0.436843920452817,30
"3352","CE","Mombaça",43858,7369.18,23021,"Sertão de Senador Pompeu",2,"Nordeste",0,"230850",5,43,17,26,20,23,1,0,0,0,0,44,17,26,20,23,28,8.90506171712087,10.688712421297,0.428464280061044,31
"3353","CE","Mombaça",43858,7369.18,23021,"Sertão de Senador Pompeu",2,"Nordeste",0,"230850",6,45,19,26,19,26,0,0,0,0,0,45,19,26,19,26,29,8.90506171712087,10.688712421297,0.42121021205137,30
"3354","CE","Mombaça",43858,7369.18,23021,"Sertão de Senador Pompeu",2,"Nordeste",0,"230850",7,51,21,30,17,34,2,0,0,0,0,53,21,30,17,34,35,8.90506171712087,10.688712421297,0.44755300491702,29
"3355","CE","Monsenhor Tabosa",17249,7436.65,23018,"Sertão de Cratéus",2,"Nordeste",0,"230860",2,15,6,9,8,7,0,0,0,0,0,15,6,9,8,7,15,8.91417575760849,9.75550944976463,0.300585405784148,29
"3356","CE","Monsenhor Tabosa",17249,7436.65,23018,"Sertão de Cratéus",2,"Nordeste",0,"230860",3,15,5,10,4,11,0,0,0,0,0,15,5,10,4,11,14,8.91417575760849,9.75550944976463,0.391803110418568,31
"3357","CE","Monsenhor Tabosa",17249,7436.65,23018,"Sertão de Cratéus",2,"Nordeste",0,"230860",4,9,4,5,3,6,0,0,0,0,0,9,4,5,3,6,15,8.91417575760849,9.75550944976463,0.418725111055781,30
"3358","CE","Monsenhor Tabosa",17249,7436.65,23018,"Sertão de Cratéus",2,"Nordeste",0,"230860",5,5,4,1,2,3,0,0,0,0,0,5,4,1,2,3,20,8.91417575760849,9.75550944976463,0.46681161772509,31
"3359","CE","Monsenhor Tabosa",17249,7436.65,23018,"Sertão de Cratéus",2,"Nordeste",0,"230860",6,6,3,3,1,5,0,0,0,0,0,6,3,3,1,5,14,8.91417575760849,9.75550944976463,0.413615414845541,30
"3360","CE","Monsenhor Tabosa",17249,7436.65,23018,"Sertão de Cratéus",2,"Nordeste",0,"230860",7,8,6,2,8,0,1,0,0,0,0,9,6,2,8,0,12,8.91417575760849,9.75550944976463,0.436042247481589,29
"3361","CE","Morada Nova",61738,15430.56,23023,"Baixo Jaguaribe",2,"Nordeste",0,"230870",2,77,24,53,33,44,0,0,0,0,0,77,24,53,33,44,34,9.64410523763447,11.0306549036215,0.310204261559193,29
"3362","CE","Morada Nova",61738,15430.56,23023,"Baixo Jaguaribe",2,"Nordeste",0,"230870",3,106,32,74,37,69,1,0,0,0,0,107,32,74,37,69,40,9.64410523763447,11.0306549036215,0.414840677287318,31
"3363","CE","Morada Nova",61738,15430.56,23023,"Baixo Jaguaribe",2,"Nordeste",0,"230870",4,57,17,40,14,43,2,0,0,0,0,59,17,40,14,43,39,9.64410523763447,11.0306549036215,0.447429882891087,30
"3364","CE","Morada Nova",61738,15430.56,23023,"Baixo Jaguaribe",2,"Nordeste",0,"230870",5,70,27,43,29,41,0,0,0,0,0,70,27,43,29,41,55,9.64410523763447,11.0306549036215,0.484159865972499,31
"3365","CE","Morada Nova",61738,15430.56,23023,"Baixo Jaguaribe",2,"Nordeste",0,"230870",6,68,29,39,29,39,1,0,0,0,0,69,29,39,29,39,45,9.64410523763447,11.0306549036215,0.425878240889793,30
"3366","CE","Morada Nova",61738,15430.56,23023,"Baixo Jaguaribe",2,"Nordeste",0,"230870",7,53,15,38,28,25,0,0,0,0,0,53,15,38,28,25,57,9.64410523763447,11.0306549036215,0.451804988339475,29
"3367","CE","Moraújo",8779,7141.58,23003,"Coreaú",2,"Nordeste",0,"230880",2,12,2,10,6,6,0,0,0,0,0,12,2,10,6,6,4,8.87368931936834,9.08011778492621,0.323836706625925,29
"3368","CE","Moraújo",8779,7141.58,23003,"Coreaú",2,"Nordeste",0,"230880",3,15,3,12,6,9,0,0,0,0,0,15,3,12,6,9,2,8.87368931936834,9.08011778492621,0.473671384151219,31
"3369","CE","Moraújo",8779,7141.58,23003,"Coreaú",2,"Nordeste",0,"230880",4,11,4,7,5,6,0,0,0,0,0,11,4,7,5,6,4,8.87368931936834,9.08011778492621,0.53850554745851,30
"3370","CE","Moraújo",8779,7141.58,23003,"Coreaú",2,"Nordeste",0,"230880",5,7,1,6,3,4,0,0,0,0,0,7,1,6,3,4,5,8.87368931936834,9.08011778492621,0.542335993161113,31
"3371","CE","Moraújo",8779,7141.58,23003,"Coreaú",2,"Nordeste",0,"230880",6,7,3,4,4,3,0,0,0,0,0,7,3,4,4,3,6,8.87368931936834,9.08011778492621,0.476492587658932,30
"3372","CE","Moraújo",8779,7141.58,23003,"Coreaú",2,"Nordeste",0,"230880",7,13,5,8,4,9,0,0,0,0,0,13,5,8,4,9,7,8.87368931936834,9.08011778492621,0.464562349093316,29
"3373","CE","Morrinhos",22685,6198.22,23001,"Litoral de Camocim e Acaraú",2,"Nordeste",0,"230890",2,41,12,29,14,27,0,0,0,0,0,41,12,29,14,27,6,8.73201743303882,10.0294591920981,0.317453907142965,29
"3374","CE","Morrinhos",22685,6198.22,23001,"Litoral de Camocim e Acaraú",2,"Nordeste",0,"230890",3,45,10,35,16,29,0,0,0,0,0,45,10,35,16,29,8,8.73201743303882,10.0294591920981,0.423231544732417,31
"3375","CE","Morrinhos",22685,6198.22,23001,"Litoral de Camocim e Acaraú",2,"Nordeste",0,"230890",4,22,7,15,10,12,1,0,0,0,0,23,7,15,10,12,12,8.73201743303882,10.0294591920981,0.447609141902747,30
"3376","CE","Morrinhos",22685,6198.22,23001,"Litoral de Camocim e Acaraú",2,"Nordeste",0,"230890",5,26,10,16,15,11,0,0,0,0,0,26,10,16,15,11,12,8.73201743303882,10.0294591920981,0.49620380193689,31
"3377","CE","Morrinhos",22685,6198.22,23001,"Litoral de Camocim e Acaraú",2,"Nordeste",0,"230890",6,31,8,23,13,18,0,0,0,0,0,31,8,23,13,18,7,8.73201743303882,10.0294591920981,0.431957078032257,30
"3378","CE","Morrinhos",22685,6198.22,23001,"Litoral de Camocim e Acaraú",2,"Nordeste",0,"230890",7,36,10,26,12,24,1,0,0,0,0,37,10,26,12,24,10,8.73201743303882,10.0294591920981,0.42255730987678,29
"3379","CE","Mucambo",14549,6687.03,23005,"Sobral",2,"Nordeste",0,"230900",2,27,4,23,12,15,0,0,0,0,0,27,4,23,12,15,12,8.80792510836065,9.58527754171539,0.292295874732856,29
"3380","CE","Mucambo",14549,6687.03,23005,"Sobral",2,"Nordeste",0,"230900",3,26,4,22,10,16,0,0,0,0,0,26,4,22,10,16,10,8.80792510836065,9.58527754171539,0.387001322840926,31
"3381","CE","Mucambo",14549,6687.03,23005,"Sobral",2,"Nordeste",0,"230900",4,12,7,5,3,9,0,0,0,0,0,12,7,5,3,9,9,8.80792510836065,9.58527754171539,0.397827558880226,30
"3382","CE","Mucambo",14549,6687.03,23005,"Sobral",2,"Nordeste",0,"230900",5,9,4,5,3,6,0,0,0,0,0,9,4,5,3,6,11,8.80792510836065,9.58527754171539,0.459199057163483,31
"3383","CE","Mucambo",14549,6687.03,23005,"Sobral",2,"Nordeste",0,"230900",6,14,7,7,6,8,0,0,0,0,0,14,7,7,6,8,7,8.80792510836065,9.58527754171539,0.414087215610767,30
"3384","CE","Mucambo",14549,6687.03,23005,"Sobral",2,"Nordeste",0,"230900",7,14,6,8,4,10,0,0,0,0,0,14,6,8,4,10,16,8.80792510836065,9.58527754171539,0.427032156189843,29
"3385","CE","Mulungu",10941,9079.87,23013,"Baturité",2,"Nordeste",0,"230910",2,22,9,13,9,13,0,0,0,0,0,22,9,13,9,13,3,9.11381515431223,9.30027247947679,0.288701075016527,29
"3386","CE","Mulungu",10941,9079.87,23013,"Baturité",2,"Nordeste",0,"230910",3,13,4,9,4,9,0,0,0,0,0,13,4,9,4,9,1,9.11381515431223,9.30027247947679,0.410612259874889,31
"3387","CE","Mulungu",10941,9079.87,23013,"Baturité",2,"Nordeste",0,"230910",4,13,4,9,5,8,1,0,0,0,0,14,4,9,5,8,4,9.11381515431223,9.30027247947679,0.425796546471817,30
"3388","CE","Mulungu",10941,9079.87,23013,"Baturité",2,"Nordeste",0,"230910",5,14,4,10,8,6,0,0,0,0,0,14,4,10,8,6,11,9.11381515431223,9.30027247947679,0.463781411928753,31
"3389","CE","Mulungu",10941,9079.87,23013,"Baturité",2,"Nordeste",0,"230910",6,13,3,10,5,8,0,0,0,0,0,13,3,10,5,8,5,9.11381515431223,9.30027247947679,0.400541329790001,30
"3390","CE","Mulungu",10941,9079.87,23013,"Baturité",2,"Nordeste",0,"230910",7,10,6,4,6,4,0,0,0,0,0,10,6,4,6,4,9,9.11381515431223,9.30027247947679,0.408768688188859,29
"3391","CE","Nova Olinda",15684,8311.8,23032,"Cariri",2,"Nordeste",0,"230920",2,29,10,19,11,18,0,0,0,0,0,29,10,19,11,18,6,9.02543147089189,9.66039636341222,0.254564721956939,29
"3392","CE","Nova Olinda",15684,8311.8,23032,"Cariri",2,"Nordeste",0,"230920",3,25,5,20,9,16,0,0,0,0,0,25,5,20,9,16,12,9.02543147089189,9.66039636341222,0.341548782097778,31
"3393","CE","Nova Olinda",15684,8311.8,23032,"Cariri",2,"Nordeste",0,"230920",4,14,4,10,8,6,1,0,0,0,0,15,4,10,8,6,14,9.02543147089189,9.66039636341222,0.353941773336812,30
"3394","CE","Nova Olinda",15684,8311.8,23032,"Cariri",2,"Nordeste",0,"230920",5,23,5,18,5,18,0,0,0,0,0,23,5,18,5,18,10,9.02543147089189,9.66039636341222,0.379728661217887,31
"3395","CE","Nova Olinda",15684,8311.8,23032,"Cariri",2,"Nordeste",0,"230920",6,18,4,14,8,10,0,0,0,0,0,18,4,14,8,10,10,9.02543147089189,9.66039636341222,0.324697294076859,30
"3396","CE","Nova Olinda",15684,8311.8,23032,"Cariri",2,"Nordeste",0,"230920",7,25,13,12,13,12,0,0,0,0,0,25,13,12,13,12,14,9.02543147089189,9.66039636341222,0.373955244271728,29
"3397","CE","Nova Russas",32408,8305.82,23018,"Sertão de Cratéus",2,"Nordeste",0,"230930",2,33,15,18,11,22,0,0,0,0,0,33,15,18,11,22,14,9.02471175287473,10.3861605848825,0.28144160696185,29
"3398","CE","Nova Russas",32408,8305.82,23018,"Sertão de Cratéus",2,"Nordeste",0,"230930",3,38,14,24,14,24,1,0,0,0,0,39,14,24,14,24,20,9.02471175287473,10.3861605848825,0.382007627433323,31
"3399","CE","Nova Russas",32408,8305.82,23018,"Sertão de Cratéus",2,"Nordeste",0,"230930",4,15,5,10,8,7,0,0,0,0,0,15,5,10,8,7,18,9.02471175287473,10.3861605848825,0.419363515341914,30
"3400","CE","Nova Russas",32408,8305.82,23018,"Sertão de Cratéus",2,"Nordeste",0,"230930",5,20,7,13,6,14,1,0,0,0,0,21,7,13,6,14,29,9.02471175287473,10.3861605848825,0.430192829719762,31
"3401","CE","Nova Russas",32408,8305.82,23018,"Sertão de Cratéus",2,"Nordeste",0,"230930",6,18,7,11,8,10,0,0,0,0,0,18,7,11,8,10,25,9.02471175287473,10.3861605848825,0.396156866302943,30
"3402","CE","Nova Russas",32408,8305.82,23018,"Sertão de Cratéus",2,"Nordeste",0,"230930",7,24,5,19,10,14,2,0,0,0,0,26,5,19,10,14,33,9.02471175287473,10.3861605848825,0.4156832486092,29
"3403","CE","Novo Oriente",28673,7018.68,23018,"Sertão de Cratéus",2,"Nordeste",0,"230940",2,12,4,8,4,8,0,0,0,0,0,12,4,8,4,8,16,8.85633044515118,10.2637111923986,0.302318115222602,29
"3404","CE","Novo Oriente",28673,7018.68,23018,"Sertão de Cratéus",2,"Nordeste",0,"230940",3,12,4,8,4,8,0,0,0,0,0,12,4,8,4,8,27,8.85633044515118,10.2637111923986,0.403335536357586,31
"3405","CE","Novo Oriente",28673,7018.68,23018,"Sertão de Cratéus",2,"Nordeste",0,"230940",4,8,5,3,4,4,1,0,0,0,0,9,5,3,4,4,14,8.85633044515118,10.2637111923986,0.431282938183932,30
"3406","CE","Novo Oriente",28673,7018.68,23018,"Sertão de Cratéus",2,"Nordeste",0,"230940",5,6,3,3,0,6,1,0,0,0,0,7,3,3,0,6,24,8.85633044515118,10.2637111923986,0.416299076295542,31
"3407","CE","Novo Oriente",28673,7018.68,23018,"Sertão de Cratéus",2,"Nordeste",0,"230940",6,10,4,6,0,10,0,0,0,0,0,10,4,6,0,10,21,8.85633044515118,10.2637111923986,0.420845047502368,30
"3408","CE","Novo Oriente",28673,7018.68,23018,"Sertão de Cratéus",2,"Nordeste",0,"230940",7,4,1,3,2,2,0,0,0,0,0,4,1,3,2,2,14,8.85633044515118,10.2637111923986,0.47060892000514,29
"3409","CE","Ocara",25833,6918.38,23014,"Chorozinho",2,"Nordeste",0,"230945",2,30,14,16,15,15,0,0,0,0,0,30,14,16,15,15,15,8.84193691715884,10.1594080233643,0.313930755305676,29
"3410","CE","Ocara",25833,6918.38,23014,"Chorozinho",2,"Nordeste",0,"230945",3,38,20,18,15,23,0,0,0,0,0,38,20,18,15,23,14,8.84193691715884,10.1594080233643,0.420682585157493,31
"3411","CE","Ocara",25833,6918.38,23014,"Chorozinho",2,"Nordeste",0,"230945",4,20,10,10,7,13,1,0,0,0,0,21,10,10,7,13,21,8.84193691715884,10.1594080233643,0.461853966145424,30
"3412","CE","Ocara",25833,6918.38,23014,"Chorozinho",2,"Nordeste",0,"230945",5,25,8,17,12,13,0,0,0,0,0,25,8,17,12,13,27,8.84193691715884,10.1594080233643,0.486029758248762,31
"3413","CE","Ocara",25833,6918.38,23014,"Chorozinho",2,"Nordeste",0,"230945",6,26,9,17,10,16,0,0,0,0,0,26,9,17,10,16,15,8.84193691715884,10.1594080233643,0.414541440440981,30
"3414","CE","Ocara",25833,6918.38,23014,"Chorozinho",2,"Nordeste",0,"230945",7,17,3,14,3,14,0,0,0,0,0,17,3,14,3,14,20,8.84193691715884,10.1594080233643,0.417961498966035,29
"3415","CE","Orós",21384,8000.89,23026,"Iguatu",2,"Nordeste",0,"230950",2,34,10,24,13,21,0,0,0,0,0,34,10,24,13,21,13,8.98730806447415,9.97039825781875,0.300028746735148,29
"3416","CE","Orós",21384,8000.89,23026,"Iguatu",2,"Nordeste",0,"230950",3,30,10,20,10,20,0,0,0,0,0,30,10,20,10,20,11,8.98730806447415,9.97039825781875,0.395470955342089,31
"3417","CE","Orós",21384,8000.89,23026,"Iguatu",2,"Nordeste",0,"230950",4,21,10,11,8,13,0,0,0,0,0,21,10,11,8,13,9,8.98730806447415,9.97039825781875,0.424765371762181,30
"3418","CE","Orós",21384,8000.89,23026,"Iguatu",2,"Nordeste",0,"230950",5,30,13,17,13,17,0,0,0,0,0,30,13,17,13,17,17,8.98730806447415,9.97039825781875,0.448337417380421,31
"3419","CE","Orós",21384,8000.89,23026,"Iguatu",2,"Nordeste",0,"230950",6,13,5,8,4,9,1,0,0,0,0,14,5,8,4,9,23,8.98730806447415,9.97039825781875,0.415044853139068,30
"3420","CE","Orós",21384,8000.89,23026,"Iguatu",2,"Nordeste",0,"230950",7,14,4,10,5,9,0,0,0,0,0,14,4,10,5,9,31,8.98730806447415,9.97039825781875,0.460009579013182,29
"3421","CE","Pacajus",73188,16046.29,23017,"Pacajus",2,"Nordeste",1,"230960",2,81,22,59,34,47,0,0,0,0,0,81,22,59,34,47,41,9.6832329491903,11.2007867520845,0.294432427228916,29
"3422","CE","Pacajus",73188,16046.29,23017,"Pacajus",2,"Nordeste",1,"230960",3,96,21,75,37,59,1,0,0,0,0,97,21,75,37,59,43,9.6832329491903,11.2007867520845,0.410756871950938,31
"3423","CE","Pacajus",73188,16046.29,23017,"Pacajus",2,"Nordeste",1,"230960",4,72,22,50,27,45,0,0,0,0,0,72,22,50,27,45,31,9.6832329491903,11.2007867520845,0.462214989100529,30
"3424","CE","Pacajus",73188,16046.29,23017,"Pacajus",2,"Nordeste",1,"230960",5,63,21,42,22,41,2,0,0,0,0,65,21,42,22,41,57,9.6832329491903,11.2007867520845,0.46882181897457,31
"3425","CE","Pacajus",73188,16046.29,23017,"Pacajus",2,"Nordeste",1,"230960",6,82,22,60,34,48,0,0,0,0,0,82,22,60,34,48,62,9.6832329491903,11.2007867520845,0.404049689361834,30
"3426","CE","Pacajus",73188,16046.29,23017,"Pacajus",2,"Nordeste",1,"230960",7,76,18,58,26,50,2,0,0,0,0,78,18,58,26,50,40,9.6832329491903,11.2007867520845,0.404471200056045,29
"3427","CE","Pacatuba",84554,14015.57,23016,"Fortaleza",2,"Nordeste",1,"230970",2,157,37,120,63,94,1,0,0,0,0,158,37,120,63,94,42,9.54792413348181,11.3451456624921,0.315376894652799,29
"3428","CE","Pacatuba",84554,14015.57,23016,"Fortaleza",2,"Nordeste",1,"230970",3,160,35,125,69,91,0,0,0,0,0,160,35,125,69,91,32,9.54792413348181,11.3451456624921,0.433537731123514,31
"3429","CE","Pacatuba",84554,14015.57,23016,"Fortaleza",2,"Nordeste",1,"230970",4,75,19,56,22,53,1,0,0,0,0,76,19,56,22,53,55,9.54792413348181,11.3451456624921,0.493179501686722,30
"3430","CE","Pacatuba",84554,14015.57,23016,"Fortaleza",2,"Nordeste",1,"230970",5,93,25,68,42,51,1,0,0,0,0,94,25,68,42,51,84,9.54792413348181,11.3451456624921,0.495314725419851,31
"3431","CE","Pacatuba",84554,14015.57,23016,"Fortaleza",2,"Nordeste",1,"230970",6,78,25,53,22,56,1,0,0,0,0,79,25,53,22,56,40,9.54792413348181,11.3451456624921,0.418937879124401,30
"3432","CE","Pacatuba",84554,14015.57,23016,"Fortaleza",2,"Nordeste",1,"230970",7,97,22,75,33,64,1,0,0,0,0,98,22,75,33,64,35,9.54792413348181,11.3451456624921,0.411608660093894,29
"3433","CE","Pacoti",12288,8863.39,23013,"Baturité",2,"Nordeste",0,"230980",2,21,8,13,9,12,0,0,0,0,0,21,8,13,9,12,6,9.08968458892949,9.41637845538745,0.285332567941087,29
"3434","CE","Pacoti",12288,8863.39,23013,"Baturité",2,"Nordeste",0,"230980",3,11,4,7,3,8,0,0,0,0,0,11,4,7,3,8,13,9.08968458892949,9.41637845538745,0.419215054649142,31
"3435","CE","Pacoti",12288,8863.39,23013,"Baturité",2,"Nordeste",0,"230980",4,5,1,4,2,3,0,0,0,0,0,5,1,4,2,3,6,9.08968458892949,9.41637845538745,0.465131732751461,30
"3436","CE","Pacoti",12288,8863.39,23013,"Baturité",2,"Nordeste",0,"230980",5,9,2,7,3,6,0,0,0,0,0,9,2,7,3,6,11,9.08968458892949,9.41637845538745,0.475474472636317,31
"3437","CE","Pacoti",12288,8863.39,23013,"Baturité",2,"Nordeste",0,"230980",6,8,1,7,2,6,2,0,0,0,0,10,1,7,2,6,11,9.08968458892949,9.41637845538745,0.433810957980413,30
"3438","CE","Pacoti",12288,8863.39,23013,"Baturité",2,"Nordeste",0,"230980",7,17,7,10,6,11,0,0,0,0,0,17,7,10,6,11,15,9.08968458892949,9.41637845538745,0.423187735096669,29
"3439","CE","Palhano",9422,8245.56,23023,"Baixo Jaguaribe",2,"Nordeste",0,"231000",2,22,5,17,7,15,0,0,0,0,0,22,5,17,7,15,9,9.01743015263873,9.15080265925999,0.312576561202069,29
"3440","CE","Palhano",9422,8245.56,23023,"Baixo Jaguaribe",2,"Nordeste",0,"231000",3,14,7,7,6,8,0,0,0,0,0,14,7,7,6,8,4,9.01743015263873,9.15080265925999,0.436647634164658,31
"3441","CE","Palhano",9422,8245.56,23023,"Baixo Jaguaribe",2,"Nordeste",0,"231000",4,8,4,4,2,6,0,0,0,0,0,8,4,4,2,6,9,9.01743015263873,9.15080265925999,0.447333449241914,30
"3442","CE","Palhano",9422,8245.56,23023,"Baixo Jaguaribe",2,"Nordeste",0,"231000",5,8,3,5,4,4,0,0,0,0,0,8,3,5,4,4,5,9.01743015263873,9.15080265925999,0.452419775517504,31
"3443","CE","Palhano",9422,8245.56,23023,"Baixo Jaguaribe",2,"Nordeste",0,"231000",6,0,0,0,0,0,0,0,0,0,0,0,0,0,0,0,9,9.01743015263873,9.15080265925999,0.411333430168341,30
"3444","CE","Palhano",9422,8245.56,23023,"Baixo Jaguaribe",2,"Nordeste",0,"231000",7,9,3,6,3,6,0,0,0,0,0,9,3,6,3,6,5,9.01743015263873,9.15080265925999,0.431807083988527,29
"3445","CE","Palmácia",13439,7017.58,23013,"Baturité",2,"Nordeste",0,"231010",2,9,3,6,3,6,0,0,0,0,0,9,3,6,3,6,2,8.85617370824231,9.50591620654706,0.295183411463393,29
"3446","CE","Palmácia",13439,7017.58,23013,"Baturité",2,"Nordeste",0,"231010",3,20,8,12,5,15,0,0,0,0,0,20,8,12,5,15,8,8.85617370824231,9.50591620654706,0.40570622006071,31
"3447","CE","Palmácia",13439,7017.58,23013,"Baturité",2,"Nordeste",0,"231010",4,15,6,9,8,7,0,0,0,0,0,15,6,9,8,7,4,8.85617370824231,9.50591620654706,0.445314303684851,30
"3448","CE","Palmácia",13439,7017.58,23013,"Baturité",2,"Nordeste",0,"231010",5,10,4,6,6,4,0,0,0,0,0,10,4,6,6,4,7,8.85617370824231,9.50591620654706,0.505108089968535,31
"3449","CE","Palmácia",13439,7017.58,23013,"Baturité",2,"Nordeste",0,"231010",6,8,2,6,3,5,0,0,0,0,0,8,2,6,3,5,6,8.85617370824231,9.50591620654706,0.453296811395248,30
"3450","CE","Palmácia",13439,7017.58,23013,"Baturité",2,"Nordeste",0,"231010",7,11,4,7,6,5,0,0,0,0,0,11,4,7,6,5,6,8.85617370824231,9.50591620654706,0.47091535039207,29
"3451","CE","Paracuru",35304,14316.98,23009,"Baixo Curu",2,"Nordeste",0,"231020",2,97,29,68,38,59,0,0,0,0,0,97,29,68,38,59,27,9.56920152441865,10.4717515509494,0.279495371643413,29
"3452","CE","Paracuru",35304,14316.98,23009,"Baixo Curu",2,"Nordeste",0,"231020",3,77,15,62,32,45,0,0,0,0,0,77,15,62,32,45,19,9.56920152441865,10.4717515509494,0.383131954491476,31
"3453","CE","Paracuru",35304,14316.98,23009,"Baixo Curu",2,"Nordeste",0,"231020",4,45,13,32,14,31,1,0,0,0,0,46,13,32,14,31,18,9.56920152441865,10.4717515509494,0.442296773169265,30
"3454","CE","Paracuru",35304,14316.98,23009,"Baixo Curu",2,"Nordeste",0,"231020",5,43,12,31,17,26,2,0,0,0,0,45,12,31,17,26,32,9.56920152441865,10.4717515509494,0.451696285621228,31
"3455","CE","Paracuru",35304,14316.98,23009,"Baixo Curu",2,"Nordeste",0,"231020",6,44,16,28,18,26,0,0,0,0,0,44,16,28,18,26,26,9.56920152441865,10.4717515509494,0.386775858278024,30
"3456","CE","Paracuru",35304,14316.98,23009,"Baixo Curu",2,"Nordeste",0,"231020",7,50,11,39,19,31,0,0,0,0,0,50,11,39,19,31,28,9.56920152441865,10.4717515509494,0.389796967793007,29
"3457","CE","Paraipaba",32992,11941.7,23009,"Baixo Curu",2,"Nordeste",0,"231025",2,73,15,58,34,39,0,0,0,0,0,73,15,58,34,39,12,9.38779175537119,10.4040203868167,0.296953824306907,29
"3458","CE","Paraipaba",32992,11941.7,23009,"Baixo Curu",2,"Nordeste",0,"231025",3,57,15,42,17,40,0,0,0,0,0,57,15,42,17,40,21,9.38779175537119,10.4040203868167,0.412538205426415,31
"3459","CE","Paraipaba",32992,11941.7,23009,"Baixo Curu",2,"Nordeste",0,"231025",4,28,9,19,12,16,0,0,0,0,0,28,9,19,12,16,17,9.38779175537119,10.4040203868167,0.469896950972453,30
"3460","CE","Paraipaba",32992,11941.7,23009,"Baixo Curu",2,"Nordeste",0,"231025",5,18,4,14,3,15,0,0,0,0,0,18,4,14,3,15,37,9.38779175537119,10.4040203868167,0.480058396190285,31
"3461","CE","Paraipaba",32992,11941.7,23009,"Baixo Curu",2,"Nordeste",0,"231025",6,31,13,18,9,22,1,0,0,0,0,32,13,18,9,22,13,9.38779175537119,10.4040203868167,0.413842755836985,30
"3462","CE","Paraipaba",32992,11941.7,23009,"Baixo Curu",2,"Nordeste",0,"231025",7,30,9,21,20,10,1,0,0,0,0,31,9,21,20,10,26,9.38779175537119,10.4040203868167,0.398022468449405,29
"3463","CE","Parambu",31455,6709.78,23020,"Sertão de Inhamuns",2,"Nordeste",0,"231030",2,66,21,45,29,37,0,0,0,0,0,66,21,45,29,37,10,8.81132144254298,10.3563132320041,0.267012588654741,29
"3464","CE","Parambu",31455,6709.78,23020,"Sertão de Inhamuns",2,"Nordeste",0,"231030",3,51,24,27,23,28,1,0,0,0,0,52,24,27,23,28,20,8.81132144254298,10.3563132320041,0.324804440194784,31
"3465","CE","Parambu",31455,6709.78,23020,"Sertão de Inhamuns",2,"Nordeste",0,"231030",4,38,13,25,10,28,0,0,0,0,0,38,13,25,10,28,20,8.81132144254298,10.3563132320041,0.358086102320959,30
"3466","CE","Parambu",31455,6709.78,23020,"Sertão de Inhamuns",2,"Nordeste",0,"231030",5,41,12,29,15,26,1,0,0,0,0,42,12,29,15,26,35,8.81132144254298,10.3563132320041,0.420892941017854,31
"3467","CE","Parambu",31455,6709.78,23020,"Sertão de Inhamuns",2,"Nordeste",0,"231030",6,48,19,29,16,32,2,0,0,0,0,50,19,29,16,32,27,8.81132144254298,10.3563132320041,0.3799586319653,30
"3468","CE","Parambu",31455,6709.78,23020,"Sertão de Inhamuns",2,"Nordeste",0,"231030",7,27,12,15,11,16,1,0,0,0,0,28,12,15,11,16,21,8.81132144254298,10.3563132320041,0.404970851529327,29
"3469","CE","Paramoti",12252,7997.84,23012,"Canindé",2,"Nordeste",0,"231040",2,12,7,5,6,6,0,0,0,0,0,12,7,5,6,6,7,8.98692678420541,9.41344446795267,0.308838817088287,29
"3470","CE","Paramoti",12252,7997.84,23012,"Canindé",2,"Nordeste",0,"231040",3,14,6,8,10,4,0,0,0,0,0,14,6,8,10,4,5,8.98692678420541,9.41344446795267,0.413960707884218,31
"3471","CE","Paramoti",12252,7997.84,23012,"Canindé",2,"Nordeste",0,"231040",4,9,6,3,8,1,0,0,0,0,0,9,6,3,8,1,5,8.98692678420541,9.41344446795267,0.49104574158343,30
"3472","CE","Paramoti",12252,7997.84,23012,"Canindé",2,"Nordeste",0,"231040",5,4,2,2,2,2,0,0,0,0,0,4,2,2,2,2,7,8.98692678420541,9.41344446795267,0.489131375177996,31
"3473","CE","Paramoti",12252,7997.84,23012,"Canindé",2,"Nordeste",0,"231040",6,4,1,3,1,3,0,0,0,0,0,4,1,3,1,3,13,8.98692678420541,9.41344446795267,0.433089400154982,30
"3474","CE","Paramoti",12252,7997.84,23012,"Canindé",2,"Nordeste",0,"231040",7,7,4,3,2,5,0,0,0,0,0,7,4,3,2,5,4,8.98692678420541,9.41344446795267,0.448360925366568,29
"3475","CE","Pedra Branca",43309,6723.4,23021,"Sertão de Senador Pompeu",2,"Nordeste",0,"231050",2,50,19,31,21,29,0,0,0,0,0,50,19,31,21,29,23,8.8133492579474,10.6761157445863,0.294905678679266,29
"3476","CE","Pedra Branca",43309,6723.4,23021,"Sertão de Senador Pompeu",2,"Nordeste",0,"231050",3,39,17,22,11,28,0,0,0,0,0,39,17,22,11,28,34,8.8133492579474,10.6761157445863,0.389810624429089,31
"3477","CE","Pedra Branca",43309,6723.4,23021,"Sertão de Senador Pompeu",2,"Nordeste",0,"231050",4,19,5,14,4,15,0,0,0,0,0,19,5,14,4,15,24,8.8133492579474,10.6761157445863,0.430282179229706,30
"3478","CE","Pedra Branca",43309,6723.4,23021,"Sertão de Senador Pompeu",2,"Nordeste",0,"231050",5,29,10,19,10,19,1,0,0,0,0,30,10,19,10,19,29,8.8133492579474,10.6761157445863,0.434715937196699,31
"3479","CE","Pedra Branca",43309,6723.4,23021,"Sertão de Senador Pompeu",2,"Nordeste",0,"231050",6,43,20,23,14,29,1,0,0,0,0,44,20,23,14,29,35,8.8133492579474,10.6761157445863,0.393305609285637,30
"3480","CE","Pedra Branca",43309,6723.4,23021,"Sertão de Senador Pompeu",2,"Nordeste",0,"231050",7,33,17,16,13,20,1,0,0,0,0,34,17,16,13,20,22,8.8133492579474,10.6761157445863,0.431156217599266,29
"3481","CE","Penaforte",9143,23504.33,23033,"Brejo Santo",2,"Nordeste",0,"231060",2,25,5,20,9,16,0,0,0,0,0,25,5,20,9,16,3,10.0649399384785,9.12074383816443,0.246783602155468,29
"3482","CE","Penaforte",9143,23504.33,23033,"Brejo Santo",2,"Nordeste",0,"231060",3,22,6,16,9,13,0,0,0,0,0,22,6,16,9,13,5,10.0649399384785,9.12074383816443,0.347415964106757,31
"3483","CE","Penaforte",9143,23504.33,23033,"Brejo Santo",2,"Nordeste",0,"231060",4,14,3,11,9,5,0,0,0,0,0,14,3,11,9,5,6,10.0649399384785,9.12074383816443,0.359696985802735,30
"3484","CE","Penaforte",9143,23504.33,23033,"Brejo Santo",2,"Nordeste",0,"231060",5,13,2,11,5,8,0,0,0,0,0,13,2,11,5,8,6,10.0649399384785,9.12074383816443,0.379267966487495,31
"3485","CE","Penaforte",9143,23504.33,23033,"Brejo Santo",2,"Nordeste",0,"231060",6,14,5,9,7,7,1,0,0,0,0,15,5,9,7,7,8,10.0649399384785,9.12074383816443,0.35154396527792,30
"3486","CE","Penaforte",9143,23504.33,23033,"Brejo Santo",2,"Nordeste",0,"231060",7,15,6,9,6,9,1,0,0,0,0,16,6,9,6,9,7,10.0649399384785,9.12074383816443,0.383553239506623,29
"3487","CE","Pentecoste",37900,10924.95,23011,"Médio Curu",2,"Nordeste",0,"231070",2,68,20,48,36,32,0,0,0,0,0,68,20,48,36,32,26,9.29880444329428,10.5427063910705,0.280992669210208,29
"3488","CE","Pentecoste",37900,10924.95,23011,"Médio Curu",2,"Nordeste",0,"231070",3,63,19,44,14,49,0,0,0,0,0,63,19,44,14,49,29,9.29880444329428,10.5427063910705,0.390140902254158,31
"3489","CE","Pentecoste",37900,10924.95,23011,"Médio Curu",2,"Nordeste",0,"231070",4,36,9,27,18,18,0,0,0,0,0,36,9,27,18,18,16,9.29880444329428,10.5427063910705,0.443150131327096,30
"3490","CE","Pentecoste",37900,10924.95,23011,"Médio Curu",2,"Nordeste",0,"231070",5,38,13,25,21,17,0,0,0,0,0,38,13,25,21,17,30,9.29880444329428,10.5427063910705,0.476686559122594,31
"3491","CE","Pentecoste",37900,10924.95,23011,"Médio Curu",2,"Nordeste",0,"231070",6,40,14,26,20,20,0,0,0,0,0,40,14,26,20,20,36,9.29880444329428,10.5427063910705,0.430368382951699,30
"3492","CE","Pentecoste",37900,10924.95,23011,"Médio Curu",2,"Nordeste",0,"231070",7,44,15,29,17,27,1,0,0,0,0,45,15,29,17,27,27,9.29880444329428,10.5427063910705,0.426752875229571,29
"3493","CE","Pereiro",16331,18931.91,23025,"Serra do Pereiro",2,"Nordeste",0,"231080",2,21,5,16,4,17,0,0,0,0,0,21,5,16,4,17,11,9.84860413715893,9.70082042107674,0.30088546160602,29
"3494","CE","Pereiro",16331,18931.91,23025,"Serra do Pereiro",2,"Nordeste",0,"231080",3,25,9,16,9,16,0,0,0,0,0,25,9,16,9,16,12,9.84860413715893,9.70082042107674,0.409046324512734,31
"3495","CE","Pereiro",16331,18931.91,23025,"Serra do Pereiro",2,"Nordeste",0,"231080",4,23,5,18,11,12,0,0,0,0,0,23,5,18,11,12,5,9.84860413715893,9.70082042107674,0.443642019976744,30
"3496","CE","Pereiro",16331,18931.91,23025,"Serra do Pereiro",2,"Nordeste",0,"231080",5,16,5,11,5,11,0,0,0,0,0,16,5,11,5,11,8,9.84860413715893,9.70082042107674,0.431712768290773,31
"3497","CE","Pereiro",16331,18931.91,23025,"Serra do Pereiro",2,"Nordeste",0,"231080",6,18,7,11,9,9,0,0,0,0,0,18,7,11,9,9,7,9.84860413715893,9.70082042107674,0.398408637396519,30
"3498","CE","Pereiro",16331,18931.91,23025,"Serra do Pereiro",2,"Nordeste",0,"231080",7,22,5,17,5,17,0,0,0,0,0,22,5,17,5,17,14,9.84860413715893,9.70082042107674,0.447058889068226,29
"3499","CE","Pindoretama",20769,11747.62,23015,"Cascavel",2,"Nordeste",0,"231085",2,30,11,19,17,13,0,0,0,0,0,30,11,19,17,13,14,9.37140594586415,9.94121676934614,0.310412162948298,29
"3500","CE","Pindoretama",20769,11747.62,23015,"Cascavel",2,"Nordeste",0,"231085",3,23,8,15,6,17,0,0,0,0,0,23,8,15,6,17,14,9.37140594586415,9.94121676934614,0.413726913202404,31
"3501","CE","Pindoretama",20769,11747.62,23015,"Cascavel",2,"Nordeste",0,"231085",4,23,7,16,8,15,1,0,0,0,0,24,7,16,8,15,15,9.37140594586415,9.94121676934614,0.457995019591344,30
"3502","CE","Pindoretama",20769,11747.62,23015,"Cascavel",2,"Nordeste",0,"231085",5,22,5,17,6,16,0,0,0,0,0,22,5,17,6,16,31,9.37140594586415,9.94121676934614,0.461906530117231,31
"3503","CE","Pindoretama",20769,11747.62,23015,"Cascavel",2,"Nordeste",0,"231085",6,21,6,15,8,13,2,0,0,0,0,23,6,15,8,13,18,9.37140594586415,9.94121676934614,0.391366122729134,30
"3504","CE","Pindoretama",20769,11747.62,23015,"Cascavel",2,"Nordeste",0,"231085",7,24,3,21,8,16,0,0,0,0,0,24,3,21,8,16,16,9.37140594586415,9.94121676934614,0.400320647139396,29
"3505","CE","Piquet Carneiro",17086,7262.42,23021,"Sertão de Senador Pompeu",2,"Nordeste",0,"231090",2,23,12,11,11,12,0,0,0,0,0,23,12,11,11,12,10,8.89046838560896,9.74601469371156,0.298246960454025,29
"3506","CE","Piquet Carneiro",17086,7262.42,23021,"Sertão de Senador Pompeu",2,"Nordeste",0,"231090",3,20,7,13,10,10,1,0,0,0,0,21,7,13,10,10,13,8.89046838560896,9.74601469371156,0.393993018935443,31
"3507","CE","Piquet Carneiro",17086,7262.42,23021,"Sertão de Senador Pompeu",2,"Nordeste",0,"231090",4,10,3,7,5,5,0,0,0,0,0,10,3,7,5,5,7,8.89046838560896,9.74601469371156,0.41215112134259,30
"3508","CE","Piquet Carneiro",17086,7262.42,23021,"Sertão de Senador Pompeu",2,"Nordeste",0,"231090",5,12,4,8,7,5,0,0,0,0,0,12,4,8,7,5,9,8.89046838560896,9.74601469371156,0.42686972011035,31
"3509","CE","Piquet Carneiro",17086,7262.42,23021,"Sertão de Senador Pompeu",2,"Nordeste",0,"231090",6,15,6,9,9,6,1,0,0,0,0,16,6,9,9,6,8,8.89046838560896,9.74601469371156,0.414075761590299,30
"3510","CE","Piquet Carneiro",17086,7262.42,23021,"Sertão de Senador Pompeu",2,"Nordeste",0,"231090",7,13,5,8,7,6,0,0,0,0,0,13,5,8,7,6,9,8.89046838560896,9.74601469371156,0.479602598311801,29
"3511","CE","Poranga",12347,6103.61,23006,"Ipu",2,"Nordeste",0,"231100",2,4,2,2,1,3,0,0,0,0,0,4,2,2,1,3,9,8.71663567839359,9.42116839756774,0.320088454975118,29
"3512","CE","Poranga",12347,6103.61,23006,"Ipu",2,"Nordeste",0,"231100",3,3,1,2,2,1,1,0,0,0,0,4,1,2,2,1,13,8.71663567839359,9.42116839756774,0.431304180471516,31
"3513","CE","Poranga",12347,6103.61,23006,"Ipu",2,"Nordeste",0,"231100",4,4,1,3,2,2,1,0,0,0,0,5,1,3,2,2,5,8.71663567839359,9.42116839756774,0.429638101737936,30
"3514","CE","Poranga",12347,6103.61,23006,"Ipu",2,"Nordeste",0,"231100",5,3,2,1,0,3,0,0,0,0,0,3,2,1,0,3,10,8.71663567839359,9.42116839756774,0.442337591816484,31
"3515","CE","Poranga",12347,6103.61,23006,"Ipu",2,"Nordeste",0,"231100",6,6,2,4,0,6,0,0,0,0,0,6,2,4,0,6,8,8.71663567839359,9.42116839756774,0.431932737700527,30
"3516","CE","Poranga",12347,6103.61,23006,"Ipu",2,"Nordeste",0,"231100",7,3,2,1,1,2,0,0,0,0,0,3,2,1,1,2,6,8.71663567839359,9.42116839756774,0.470246461713976,29
"3517","CE","Porteiras",14958,9841.9,23032,"Cariri",2,"Nordeste",0,"231110",2,36,13,23,12,24,1,0,0,0,0,37,13,23,12,24,5,9.19440406083783,9.61300155275161,0.240400764163421,29
"3518","CE","Porteiras",14958,9841.9,23032,"Cariri",2,"Nordeste",0,"231110",3,44,11,33,18,26,1,0,0,0,0,45,11,33,18,26,14,9.19440406083783,9.61300155275161,0.359306231129491,31
"3519","CE","Porteiras",14958,9841.9,23032,"Cariri",2,"Nordeste",0,"231110",4,27,11,16,13,14,0,0,0,0,0,27,11,16,13,14,15,9.19440406083783,9.61300155275161,0.383848431804995,30
"3520","CE","Porteiras",14958,9841.9,23032,"Cariri",2,"Nordeste",0,"231110",5,17,7,10,9,8,0,0,0,0,0,17,7,10,9,8,11,9.19440406083783,9.61300155275161,0.37641968118741,31
"3521","CE","Porteiras",14958,9841.9,23032,"Cariri",2,"Nordeste",0,"231110",6,27,10,17,14,13,1,0,0,0,0,28,10,17,14,13,11,9.19440406083783,9.61300155275161,0.367402247320977,30
"3522","CE","Porteiras",14958,9841.9,23032,"Cariri",2,"Nordeste",0,"231110",7,33,6,27,10,23,0,0,0,0,0,33,6,27,10,23,9,9.19440406083783,9.61300155275161,0.393832993424679,29
"3523","CE","Potengi",11106,7955.5,23029,"Chapada do Araripe",2,"Nordeste",0,"231120",2,7,5,2,2,5,0,0,0,0,0,7,5,2,2,5,7,8.98161879234791,9.31524078180155,0.267775549094106,29
"3524","CE","Potengi",11106,7955.5,23029,"Chapada do Araripe",2,"Nordeste",0,"231120",3,16,8,8,9,7,0,0,0,0,0,16,8,8,9,7,4,8.98161879234791,9.31524078180155,0.345384884345438,31
"3525","CE","Potengi",11106,7955.5,23029,"Chapada do Araripe",2,"Nordeste",0,"231120",4,10,4,6,4,6,0,0,0,0,0,10,4,6,4,6,1,8.98161879234791,9.31524078180155,0.410886912285262,30
"3526","CE","Potengi",11106,7955.5,23029,"Chapada do Araripe",2,"Nordeste",0,"231120",5,18,11,7,9,9,0,0,0,0,0,18,11,7,9,9,6,8.98161879234791,9.31524078180155,0.412987232164397,31
"3527","CE","Potengi",11106,7955.5,23029,"Chapada do Araripe",2,"Nordeste",0,"231120",6,12,5,7,2,10,0,0,0,0,0,12,5,7,2,10,3,8.98161879234791,9.31524078180155,0.399465095643661,30
"3528","CE","Potengi",11106,7955.5,23029,"Chapada do Araripe",2,"Nordeste",0,"231120",7,15,6,9,6,9,0,0,0,0,0,15,6,9,6,9,8,8.98161879234791,9.31524078180155,0.403624414672362,29
"3529","CE","Potiretama",6437,8804.47,23025,"Serra do Pereiro",2,"Nordeste",0,"231123",2,7,1,6,4,3,0,0,0,0,0,7,1,6,4,3,2,9.08301482604651,8.76981787205262,0.259396561295514,29
"3530","CE","Potiretama",6437,8804.47,23025,"Serra do Pereiro",2,"Nordeste",0,"231123",3,6,2,4,1,5,0,0,0,0,0,6,2,4,1,5,3,9.08301482604651,8.76981787205262,0.35428383426755,31
"3531","CE","Potiretama",6437,8804.47,23025,"Serra do Pereiro",2,"Nordeste",0,"231123",4,4,3,1,2,2,0,0,0,0,0,4,3,1,2,2,4,9.08301482604651,8.76981787205262,0.392890945187663,30
"3532","CE","Potiretama",6437,8804.47,23025,"Serra do Pereiro",2,"Nordeste",0,"231123",5,5,1,4,0,5,0,0,0,0,0,5,1,4,0,5,1,9.08301482604651,8.76981787205262,0.464240622208109,31
"3533","CE","Potiretama",6437,8804.47,23025,"Serra do Pereiro",2,"Nordeste",0,"231123",6,8,3,5,6,2,0,0,0,0,0,8,3,5,6,2,2,9.08301482604651,8.76981787205262,0.416908684270951,30
"3534","CE","Potiretama",6437,8804.47,23025,"Serra do Pereiro",2,"Nordeste",0,"231123",7,9,5,4,4,5,0,0,0,0,0,9,5,4,4,5,2,9.08301482604651,8.76981787205262,0.430554121760667,29
"3535","CE","Quiterianópolis",21166,6913.59,23018,"Sertão de Cratéus",2,"Nordeste",0,"231126",2,13,5,8,2,11,0,0,0,0,0,13,5,8,2,11,12,8.84124431875218,9.96015139965367,0.31780405245092,29
"3536","CE","Quiterianópolis",21166,6913.59,23018,"Sertão de Cratéus",2,"Nordeste",0,"231126",3,9,1,8,3,6,0,0,0,0,0,9,1,8,3,6,15,8.84124431875218,9.96015139965367,0.409581362560556,31
"3537","CE","Quiterianópolis",21166,6913.59,23018,"Sertão de Cratéus",2,"Nordeste",0,"231126",4,2,1,1,0,2,0,0,0,0,0,2,1,1,0,2,9,8.84124431875218,9.96015139965367,0.430034619616742,30
"3538","CE","Quiterianópolis",21166,6913.59,23018,"Sertão de Cratéus",2,"Nordeste",0,"231126",5,9,4,5,7,2,0,0,0,0,0,9,4,5,7,2,8,8.84124431875218,9.96015139965367,0.436194988876474,31
"3539","CE","Quiterianópolis",21166,6913.59,23018,"Sertão de Cratéus",2,"Nordeste",0,"231126",6,3,1,2,1,2,0,0,0,0,0,3,1,2,1,2,11,8.84124431875218,9.96015139965367,0.412283942637483,30
"3540","CE","Quiterianópolis",21166,6913.59,23018,"Sertão de Cratéus",2,"Nordeste",0,"231126",7,5,3,2,1,4,2,0,0,0,0,7,3,2,1,4,16,8.84124431875218,9.96015139965367,0.445706125585964,29
"3541","CE","Quixadá",88321,11927.82,23019,"Sertão de Quixeramobim",2,"Nordeste",1,"231130",2,87,21,66,32,55,0,0,0,0,0,87,21,66,32,55,33,9.38662876578745,11.3887331839106,0.292935539635898,29
"3542","CE","Quixadá",88321,11927.82,23019,"Sertão de Quixeramobim",2,"Nordeste",1,"231130",3,50,11,39,21,29,0,0,0,0,0,50,11,39,21,29,49,9.38662876578745,11.3887331839106,0.412851498474714,31
"3543","CE","Quixadá",88321,11927.82,23019,"Sertão de Quixeramobim",2,"Nordeste",1,"231130",4,12,2,10,3,9,3,0,0,0,0,15,2,10,3,9,61,9.38662876578745,11.3887331839106,0.451694279670333,30
"3544","CE","Quixadá",88321,11927.82,23019,"Sertão de Quixeramobim",2,"Nordeste",1,"231130",5,15,7,8,7,8,1,0,0,0,0,16,7,8,7,8,73,9.38662876578745,11.3887331839106,0.465567207469692,31
"3545","CE","Quixadá",88321,11927.82,23019,"Sertão de Quixeramobim",2,"Nordeste",1,"231130",6,11,6,5,3,8,0,0,0,0,0,11,6,5,3,8,77,9.38662876578745,11.3887331839106,0.424180329953217,30
"3546","CE","Quixadá",88321,11927.82,23019,"Sertão de Quixeramobim",2,"Nordeste",1,"231130",7,10,2,8,3,7,0,0,0,0,0,10,2,8,3,7,62,9.38662876578745,11.3887331839106,0.429808340446589,29
"3547","CE","Quixelô",16147,7905.03,23026,"Iguatu",2,"Nordeste",0,"231135",2,24,11,13,9,15,0,0,0,0,0,24,11,13,9,15,10,8.97525454470279,9.68948955288162,0.295608226725501,29
"3548","CE","Quixelô",16147,7905.03,23026,"Iguatu",2,"Nordeste",0,"231135",3,16,1,15,10,6,0,0,0,0,0,16,1,15,10,6,10,8.97525454470279,9.68948955288162,0.395226204117966,31
"3549","CE","Quixelô",16147,7905.03,23026,"Iguatu",2,"Nordeste",0,"231135",4,19,6,13,7,12,0,0,0,0,0,19,6,13,7,12,10,8.97525454470279,9.68948955288162,0.441563091112568,30
"3550","CE","Quixelô",16147,7905.03,23026,"Iguatu",2,"Nordeste",0,"231135",5,19,11,8,8,11,0,0,0,0,0,19,11,8,8,11,5,8.97525454470279,9.68948955288162,0.457760186664902,31
"3551","CE","Quixelô",16147,7905.03,23026,"Iguatu",2,"Nordeste",0,"231135",6,15,4,11,6,9,0,0,0,0,0,15,4,11,6,9,13,8.97525454470279,9.68948955288162,0.425778704453323,30
"3552","CE","Quixelô",16147,7905.03,23026,"Iguatu",2,"Nordeste",0,"231135",7,13,3,10,6,7,0,0,0,0,0,13,3,10,6,7,20,8.97525454470279,9.68948955288162,0.46323216569606,29
"3553","CE","Quixeramobim",81778,13420.15,23019,"Sertão de Quixeramobim",2,"Nordeste",1,"231140",2,191,71,120,71,120,1,0,0,0,0,192,71,120,71,120,42,9.50451258781045,11.3117635377624,0.295959425578835,29
"3554","CE","Quixeramobim",81778,13420.15,23019,"Sertão de Quixeramobim",2,"Nordeste",1,"231140",3,121,33,88,43,78,1,0,0,0,0,122,33,88,43,78,53,9.50451258781045,11.3117635377624,0.39549901067927,31
"3555","CE","Quixeramobim",81778,13420.15,23019,"Sertão de Quixeramobim",2,"Nordeste",1,"231140",4,83,24,59,36,47,0,0,0,0,0,83,24,59,36,47,54,9.50451258781045,11.3117635377624,0.454016197626002,30
"3556","CE","Quixeramobim",81778,13420.15,23019,"Sertão de Quixeramobim",2,"Nordeste",1,"231140",5,82,25,57,36,46,1,0,0,0,0,83,25,57,36,46,56,9.50451258781045,11.3117635377624,0.457155532969632,31
"3557","CE","Quixeramobim",81778,13420.15,23019,"Sertão de Quixeramobim",2,"Nordeste",1,"231140",6,87,33,54,33,54,0,0,0,0,0,87,33,54,33,54,51,9.50451258781045,11.3117635377624,0.399810846672035,30
"3558","CE","Quixeramobim",81778,13420.15,23019,"Sertão de Quixeramobim",2,"Nordeste",1,"231140",7,93,33,60,37,56,2,0,0,0,0,95,33,60,37,56,78,9.50451258781045,11.3117635377624,0.432462190224011,29
"3559","CE","Quixeré",22293,19154.79,23023,"Baixo Jaguaribe",2,"Nordeste",0,"231150",2,33,9,24,14,19,0,0,0,0,0,33,9,24,14,19,9,9.86030809387966,10.0120280068256,0.293730264093452,29
"3560","CE","Quixeré",22293,19154.79,23023,"Baixo Jaguaribe",2,"Nordeste",0,"231150",3,32,9,23,16,16,0,0,0,0,0,32,9,23,16,16,10,9.86030809387966,10.0120280068256,0.388968960717235,31
"3561","CE","Quixeré",22293,19154.79,23023,"Baixo Jaguaribe",2,"Nordeste",0,"231150",4,18,0,18,9,9,0,0,0,0,0,18,0,18,9,9,17,9.86030809387966,10.0120280068256,0.413140052020826,30
"3562","CE","Quixeré",22293,19154.79,23023,"Baixo Jaguaribe",2,"Nordeste",0,"231150",5,29,11,18,9,20,0,0,0,0,0,29,11,18,9,20,14,9.86030809387966,10.0120280068256,0.405881047490816,31
"3563","CE","Quixeré",22293,19154.79,23023,"Baixo Jaguaribe",2,"Nordeste",0,"231150",6,24,8,16,7,17,0,0,0,0,0,24,8,16,7,17,9,9.86030809387966,10.0120280068256,0.377386915732762,30
"3564","CE","Quixeré",22293,19154.79,23023,"Baixo Jaguaribe",2,"Nordeste",0,"231150",7,21,10,11,11,10,0,0,0,0,0,21,10,11,11,10,7,9.86030809387966,10.0120280068256,0.417491276582155,29
"3565","CE","Redenção",29146,16423.12,23013,"Baturité",2,"Nordeste",0,"231160",2,55,21,34,22,33,0,0,0,0,0,55,21,34,22,33,18,9.70644537713666,10.2800729610936,0.298386632321906,29
"3566","CE","Redenção",29146,16423.12,23013,"Baturité",2,"Nordeste",0,"231160",3,58,18,40,24,34,0,0,0,0,0,58,18,40,24,34,23,9.70644537713666,10.2800729610936,0.405156812226565,31
"3567","CE","Redenção",29146,16423.12,23013,"Baturité",2,"Nordeste",0,"231160",4,42,16,26,25,17,0,0,0,0,0,42,16,26,25,17,17,9.70644537713666,10.2800729610936,0.473982918561734,30
"3568","CE","Redenção",29146,16423.12,23013,"Baturité",2,"Nordeste",0,"231160",5,33,12,21,15,18,0,0,0,0,0,33,12,21,15,18,29,9.70644537713666,10.2800729610936,0.502454600033332,31
"3569","CE","Redenção",29146,16423.12,23013,"Baturité",2,"Nordeste",0,"231160",6,32,9,23,10,22,0,0,0,0,0,32,9,23,10,22,29,9.70644537713666,10.2800729610936,0.440440338336893,30
"3570","CE","Redenção",29146,16423.12,23013,"Baturité",2,"Nordeste",0,"231160",7,35,12,23,14,21,0,0,0,0,0,35,12,23,14,21,20,9.70644537713666,10.2800729610936,0.445379219510821,29
"3571","CE","Reriutaba",18385,9859.88,23006,"Ipu",2,"Nordeste",0,"231170",2,42,14,28,17,25,0,0,0,0,0,42,14,28,17,25,12,9.19622927713723,9.81929039373537,0.264746772742787,29
"3572","CE","Reriutaba",18385,9859.88,23006,"Ipu",2,"Nordeste",0,"231170",3,33,10,23,14,19,1,0,0,0,0,34,10,23,14,19,8,9.19622927713723,9.81929039373537,0.377955833960034,31
"3573","CE","Reriutaba",18385,9859.88,23006,"Ipu",2,"Nordeste",0,"231170",4,17,4,13,10,7,1,0,0,0,0,18,4,13,10,7,7,9.19622927713723,9.81929039373537,0.416387114575157,30
"3574","CE","Reriutaba",18385,9859.88,23006,"Ipu",2,"Nordeste",0,"231170",5,15,6,9,7,8,0,0,0,0,0,15,6,9,7,8,17,9.19622927713723,9.81929039373537,0.418399180115151,31
"3575","CE","Reriutaba",18385,9859.88,23006,"Ipu",2,"Nordeste",0,"231170",6,19,7,12,7,12,0,0,0,0,0,19,7,12,7,12,11,9.19622927713723,9.81929039373537,0.391993721782373,30
"3576","CE","Reriutaba",18385,9859.88,23006,"Ipu",2,"Nordeste",0,"231170",7,18,3,15,6,12,0,0,0,0,0,18,3,15,6,12,18,9.19622927713723,9.81929039373537,0.427581722060481,29
"3577","CE","Russas",78882,14304.44,23023,"Baixo Jaguaribe",2,"Nordeste",1,"231180",2,140,52,88,50,90,0,0,0,0,0,140,52,88,50,90,29,9.5683252575666,11.2757083439247,0.297014114433233,29
"3578","CE","Russas",78882,14304.44,23023,"Baixo Jaguaribe",2,"Nordeste",1,"231180",3,165,38,127,67,98,0,0,0,0,0,165,38,127,67,98,49,9.5683252575666,11.2757083439247,0.398017885734308,31
"3579","CE","Russas",78882,14304.44,23023,"Baixo Jaguaribe",2,"Nordeste",1,"231180",4,74,24,50,30,44,0,0,0,0,0,74,24,50,30,44,45,9.5683252575666,11.2757083439247,0.424743276378471,30
"3580","CE","Russas",78882,14304.44,23023,"Baixo Jaguaribe",2,"Nordeste",1,"231180",5,72,24,48,27,45,0,0,0,0,0,72,24,48,27,45,44,9.5683252575666,11.2757083439247,0.416486889117923,31
"3581","CE","Russas",78882,14304.44,23023,"Baixo Jaguaribe",2,"Nordeste",1,"231180",6,88,30,58,39,49,1,0,0,0,0,89,30,58,39,49,49,9.5683252575666,11.2757083439247,0.381903965608763,30
"3582","CE","Russas",78882,14304.44,23023,"Baixo Jaguaribe",2,"Nordeste",1,"231180",7,79,27,52,30,49,0,0,0,0,0,79,27,52,30,49,60,9.5683252575666,11.2757083439247,0.416927306008919,29
"3583","CE","Saboeiro",15788,8035.33,23020,"Sertão de Inhamuns",2,"Nordeste",0,"231190",2,33,7,26,18,15,0,0,0,0,0,33,7,26,18,15,9,8.99160334764561,9.66700543678274,0.31600583412167,29
"3584","CE","Saboeiro",15788,8035.33,23020,"Sertão de Inhamuns",2,"Nordeste",0,"231190",3,16,3,13,8,8,0,0,0,0,0,16,3,13,8,8,9,8.99160334764561,9.66700543678274,0.388266032165029,31
"3585","CE","Saboeiro",15788,8035.33,23020,"Sertão de Inhamuns",2,"Nordeste",0,"231190",4,18,12,6,8,10,0,0,0,0,0,18,12,6,8,10,11,8.99160334764561,9.66700543678274,0.409872907697309,30
"3586","CE","Saboeiro",15788,8035.33,23020,"Sertão de Inhamuns",2,"Nordeste",0,"231190",5,18,5,13,9,9,0,0,0,0,0,18,5,13,9,9,17,8.99160334764561,9.66700543678274,0.423588110428928,31
"3587","CE","Saboeiro",15788,8035.33,23020,"Sertão de Inhamuns",2,"Nordeste",0,"231190",6,10,2,8,6,4,0,0,0,0,0,10,2,8,6,4,8,8.99160334764561,9.66700543678274,0.421962109910357,30
"3588","CE","Saboeiro",15788,8035.33,23020,"Sertão de Inhamuns",2,"Nordeste",0,"231190",7,14,1,13,6,8,0,0,0,0,0,14,1,13,6,8,7,8.99160334764561,9.66700543678274,0.425830208438912,29
"3589","CE","Salitre",16635,6602.19,23029,"Chapada do Araripe",2,"Nordeste",0,"231195",2,46,18,28,21,25,0,0,0,0,0,46,18,28,21,25,8,8.79515669115686,9.71926418845258,0.277177991395847,29
"3590","CE","Salitre",16635,6602.19,23029,"Chapada do Araripe",2,"Nordeste",0,"231195",3,26,11,15,14,12,0,0,0,0,0,26,11,15,14,12,11,8.79515669115686,9.71926418845258,0.36475305695889,31
"3591","CE","Salitre",16635,6602.19,23029,"Chapada do Araripe",2,"Nordeste",0,"231195",4,22,9,13,13,9,0,0,0,0,0,22,9,13,13,9,16,8.79515669115686,9.71926418845258,0.375643120148774,30
"3592","CE","Salitre",16635,6602.19,23029,"Chapada do Araripe",2,"Nordeste",0,"231195",5,28,12,16,16,12,0,0,0,0,0,28,12,16,16,12,4,8.79515669115686,9.71926418845258,0.39047797418812,31
"3593","CE","Salitre",16635,6602.19,23029,"Chapada do Araripe",2,"Nordeste",0,"231195",6,28,13,15,16,12,0,0,0,0,0,28,13,15,16,12,10,8.79515669115686,9.71926418845258,0.36429697898937,30
"3594","CE","Salitre",16635,6602.19,23029,"Chapada do Araripe",2,"Nordeste",0,"231195",7,27,11,16,16,11,0,0,0,0,0,27,11,16,16,11,13,8.79515669115686,9.71926418845258,0.432003027941191,29
"3595","CE","Santana do Acaraú",32654,6705.45,23005,"Sobral",2,"Nordeste",0,"231200",2,66,31,35,33,33,0,0,0,0,0,66,31,35,33,33,11,8.81067590755769,10.3937226386861,0.316820464394699,29
"3596","CE","Santana do Acaraú",32654,6705.45,23005,"Sobral",2,"Nordeste",0,"231200",3,53,17,36,27,26,0,0,0,0,0,53,17,36,27,26,23,8.81067590755769,10.3937226386861,0.429367473514765,31
"3597","CE","Santana do Acaraú",32654,6705.45,23005,"Sobral",2,"Nordeste",0,"231200",4,44,19,25,17,27,0,0,0,0,0,44,19,25,17,27,17,8.81067590755769,10.3937226386861,0.474939786365212,30
"3598","CE","Santana do Acaraú",32654,6705.45,23005,"Sobral",2,"Nordeste",0,"231200",5,37,15,22,19,18,0,0,0,0,0,37,15,22,19,18,30,8.81067590755769,10.3937226386861,0.500956239198294,31
"3599","CE","Santana do Acaraú",32654,6705.45,23005,"Sobral",2,"Nordeste",0,"231200",6,27,13,14,16,11,1,0,0,0,0,28,13,14,16,11,25,8.81067590755769,10.3937226386861,0.468934084906951,30
"3600","CE","Santana do Acaraú",32654,6705.45,23005,"Sobral",2,"Nordeste",0,"231200",7,32,14,18,11,21,0,0,0,0,0,32,14,18,11,21,24,8.81067590755769,10.3937226386861,0.496532852710227,29
"3601","CE","Santana do Cariri",17712,6921.76,23032,"Cariri",2,"Nordeste",0,"231210",2,19,7,12,6,13,0,0,0,0,0,19,7,12,6,13,9,8.8424253515341,9.78199765494842,0.277653445248266,29
"3602","CE","Santana do Cariri",17712,6921.76,23032,"Cariri",2,"Nordeste",0,"231210",3,25,10,15,11,14,0,0,0,0,0,25,10,15,11,14,8,8.8424253515341,9.78199765494842,0.386052419503038,31
"3603","CE","Santana do Cariri",17712,6921.76,23032,"Cariri",2,"Nordeste",0,"231210",4,21,5,16,7,14,0,0,0,0,0,21,5,16,7,14,9,8.8424253515341,9.78199765494842,0.396936994534381,30
"3604","CE","Santana do Cariri",17712,6921.76,23032,"Cariri",2,"Nordeste",0,"231210",5,25,12,13,12,13,1,0,0,0,0,26,12,13,12,13,8,8.8424253515341,9.78199765494842,0.446369674909487,31
"3605","CE","Santana do Cariri",17712,6921.76,23032,"Cariri",2,"Nordeste",0,"231210",6,14,3,11,7,7,0,0,0,0,0,14,3,11,7,7,11,8.8424253515341,9.78199765494842,0.42042220079722,30
"3606","CE","Santana do Cariri",17712,6921.76,23032,"Cariri",2,"Nordeste",0,"231210",7,24,12,12,7,17,0,0,0,0,0,24,12,12,7,17,6,8.8424253515341,9.78199765494842,0.434883586575941,29
"3607","CE","Santa Quitéria",43711,10095.69,23007,"Santa Quitéria",2,"Nordeste",0,"231220",2,96,31,65,50,46,1,0,0,0,0,97,31,65,50,46,19,9.21986387907979,10.6853550656556,0.283998023471142,29
"3608","CE","Santa Quitéria",43711,10095.69,23007,"Santa Quitéria",2,"Nordeste",0,"231220",3,78,22,56,34,44,0,0,0,0,0,78,22,56,34,44,38,9.21986387907979,10.6853550656556,0.401668295886813,31
"3609","CE","Santa Quitéria",43711,10095.69,23007,"Santa Quitéria",2,"Nordeste",0,"231220",4,36,10,26,13,23,0,0,0,0,0,36,10,26,13,23,27,9.21986387907979,10.6853550656556,0.442593987520534,30
"3610","CE","Santa Quitéria",43711,10095.69,23007,"Santa Quitéria",2,"Nordeste",0,"231220",5,34,9,25,12,22,0,0,0,0,0,34,9,25,12,22,38,9.21986387907979,10.6853550656556,0.45843573265727,31
"3611","CE","Santa Quitéria",43711,10095.69,23007,"Santa Quitéria",2,"Nordeste",0,"231220",6,33,4,29,15,18,0,0,0,0,0,33,4,29,15,18,22,9.21986387907979,10.6853550656556,0.417035518475887,30
"3612","CE","Santa Quitéria",43711,10095.69,23007,"Santa Quitéria",2,"Nordeste",0,"231220",7,45,10,35,25,20,1,0,0,0,0,46,10,35,25,20,31,9.21986387907979,10.6853550656556,0.447600284943652,29
"3613","CE","São Benedito",48131,10796.05,23002,"Ibiapaba",2,"Nordeste",0,"231230",2,98,32,66,34,64,0,0,0,0,0,98,32,66,34,64,36,9.28693560547211,10.7816817391434,0.300785976711356,29
"3614","CE","São Benedito",48131,10796.05,23002,"Ibiapaba",2,"Nordeste",0,"231230",3,77,32,45,27,50,2,0,0,0,0,79,32,45,27,50,27,9.28693560547211,10.7816817391434,0.411147194594284,31
"3615","CE","São Benedito",48131,10796.05,23002,"Ibiapaba",2,"Nordeste",0,"231230",4,61,20,41,27,34,0,0,0,0,0,61,20,41,27,34,20,9.28693560547211,10.7816817391434,0.463100477357471,30
"3616","CE","São Benedito",48131,10796.05,23002,"Ibiapaba",2,"Nordeste",0,"231230",5,55,22,33,29,26,0,0,0,0,0,55,22,33,29,26,29,9.28693560547211,10.7816817391434,0.466467955916102,31
"3617","CE","São Benedito",48131,10796.05,23002,"Ibiapaba",2,"Nordeste",0,"231230",6,58,22,36,20,38,1,0,0,0,0,59,22,36,20,38,44,9.28693560547211,10.7816817391434,0.426978329996156,30
"3618","CE","São Benedito",48131,10796.05,23002,"Ibiapaba",2,"Nordeste",0,"231230",7,46,20,26,18,28,2,0,0,0,0,48,20,26,18,28,36,9.28693560547211,10.7816817391434,0.454856449840029,29
"3619","CE","São Gonçalo do Amarante",48869,87086.02,23009,"Baixo Curu",2,"Nordeste",0,"231240",2,118,20,98,58,60,0,0,0,0,0,118,20,98,58,60,24,11.3746516447918,10.7968985276034,0.292111527200586,29
"3620","CE","São Gonçalo do Amarante",48869,87086.02,23009,"Baixo Curu",2,"Nordeste",0,"231240",3,124,30,94,45,79,1,0,0,0,0,125,30,94,45,79,30,11.3746516447918,10.7968985276034,0.376493331287653,31
"3621","CE","São Gonçalo do Amarante",48869,87086.02,23009,"Baixo Curu",2,"Nordeste",0,"231240",4,84,17,67,30,54,0,0,0,0,0,84,17,67,30,54,31,11.3746516447918,10.7968985276034,0.430853768003775,30
"3622","CE","São Gonçalo do Amarante",48869,87086.02,23009,"Baixo Curu",2,"Nordeste",0,"231240",5,59,14,45,29,30,0,0,0,0,0,59,14,45,29,30,49,11.3746516447918,10.7968985276034,0.442058356567215,31
"3623","CE","São Gonçalo do Amarante",48869,87086.02,23009,"Baixo Curu",2,"Nordeste",0,"231240",6,59,11,48,25,34,0,0,0,0,0,59,11,48,25,34,31,11.3746516447918,10.7968985276034,0.376511326206934,30
"3624","CE","São Gonçalo do Amarante",48869,87086.02,23009,"Baixo Curu",2,"Nordeste",0,"231240",7,73,25,48,33,40,0,0,0,0,0,73,25,48,33,40,34,11.3746516447918,10.7968985276034,0.370514540521211,29
"3625","CE","São João do Jaguaribe",7601,11662.2,23023,"Baixo Jaguaribe",2,"Nordeste",0,"231250",2,5,2,3,3,2,0,0,0,0,0,5,2,3,3,2,5,9.36410812135208,8.93603509656604,0.308035039898676,29
"3626","CE","São João do Jaguaribe",7601,11662.2,23023,"Baixo Jaguaribe",2,"Nordeste",0,"231250",3,11,1,10,3,8,0,0,0,0,0,11,1,10,3,8,4,9.36410812135208,8.93603509656604,0.424993558962228,31
"3627","CE","São João do Jaguaribe",7601,11662.2,23023,"Baixo Jaguaribe",2,"Nordeste",0,"231250",4,3,0,3,0,3,0,0,0,0,0,3,0,3,0,3,8,9.36410812135208,8.93603509656604,0.416929406299026,30
"3628","CE","São João do Jaguaribe",7601,11662.2,23023,"Baixo Jaguaribe",2,"Nordeste",0,"231250",5,4,2,2,0,4,0,0,0,0,0,4,2,2,0,4,7,9.36410812135208,8.93603509656604,0.419369543973614,31
"3629","CE","São João do Jaguaribe",7601,11662.2,23023,"Baixo Jaguaribe",2,"Nordeste",0,"231250",6,6,1,5,3,3,0,0,0,0,0,6,1,5,3,3,8,9.36410812135208,8.93603509656604,0.376688346215561,30
"3630","CE","São João do Jaguaribe",7601,11662.2,23023,"Baixo Jaguaribe",2,"Nordeste",0,"231250",7,5,1,4,0,5,0,0,0,0,0,5,1,4,0,5,7,9.36410812135208,8.93603509656604,0.451888190208375,29
"3631","CE","São Luís do Curu",13044,8042.9,23011,"Médio Curu",2,"Nordeste",0,"231260",2,21,7,14,7,14,0,0,0,0,0,21,7,14,7,14,12,8.99254499365508,9.47608353690921,0.330198140499855,29
"3632","CE","São Luís do Curu",13044,8042.9,23011,"Médio Curu",2,"Nordeste",0,"231260",3,21,8,13,12,9,0,0,0,0,0,21,8,13,12,9,6,8.99254499365508,9.47608353690921,0.428523277342764,31
"3633","CE","São Luís do Curu",13044,8042.9,23011,"Médio Curu",2,"Nordeste",0,"231260",4,15,5,10,11,4,0,0,0,0,0,15,5,10,11,4,5,8.99254499365508,9.47608353690921,0.475056022302212,30
"3634","CE","São Luís do Curu",13044,8042.9,23011,"Médio Curu",2,"Nordeste",0,"231260",5,8,4,4,5,3,0,0,0,0,0,8,4,4,5,3,19,8.99254499365508,9.47608353690921,0.493325053773968,31
"3635","CE","São Luís do Curu",13044,8042.9,23011,"Médio Curu",2,"Nordeste",0,"231260",6,9,1,8,5,4,0,0,0,0,0,9,1,8,5,4,5,8.99254499365508,9.47608353690921,0.42596025267009,30
"3636","CE","São Luís do Curu",13044,8042.9,23011,"Médio Curu",2,"Nordeste",0,"231260",7,11,3,8,3,8,0,0,0,0,0,11,3,8,3,8,5,8.99254499365508,9.47608353690921,0.438157705349564,29
"3637","CE","Senador Pompeu",25456,11443.71,23021,"Sertão de Senador Pompeu",2,"Nordeste",0,"231270",2,23,7,16,11,12,0,0,0,0,0,23,7,16,11,12,13,9.34519551305898,10.1447067505776,0.286451994444663,29
"3638","CE","Senador Pompeu",25456,11443.71,23021,"Sertão de Senador Pompeu",2,"Nordeste",0,"231270",3,14,5,9,5,9,0,0,0,0,0,14,5,9,5,9,15,9.34519551305898,10.1447067505776,0.386929365515155,31
"3639","CE","Senador Pompeu",25456,11443.71,23021,"Sertão de Senador Pompeu",2,"Nordeste",0,"231270",4,6,3,3,2,4,1,0,0,0,0,7,3,3,2,4,18,9.34519551305898,10.1447067505776,0.4365797964659,30
"3640","CE","Senador Pompeu",25456,11443.71,23021,"Sertão de Senador Pompeu",2,"Nordeste",0,"231270",5,13,7,6,3,10,0,0,0,0,0,13,7,6,3,10,13,9.34519551305898,10.1447067505776,0.448762960682655,31
"3641","CE","Senador Pompeu",25456,11443.71,23021,"Sertão de Senador Pompeu",2,"Nordeste",0,"231270",6,9,5,4,2,7,0,0,0,0,0,9,5,4,2,7,12,9.34519551305898,10.1447067505776,0.397743467634667,30
"3642","CE","Senador Pompeu",25456,11443.71,23021,"Sertão de Senador Pompeu",2,"Nordeste",0,"231270",7,10,6,4,4,6,0,0,0,0,0,10,6,4,4,6,23,9.34519551305898,10.1447067505776,0.442846544218306,29
"3643","CE","Senador Sá",7691,6992.89,23005,"Sobral",2,"Nordeste",0,"231280",2,10,2,8,3,7,0,0,0,0,0,10,2,8,3,7,2,8.85264919756442,8.94780609305705,0.364983903464531,29
"3644","CE","Senador Sá",7691,6992.89,23005,"Sobral",2,"Nordeste",0,"231280",3,18,9,9,12,6,0,0,0,0,0,18,9,9,12,6,6,8.85264919756442,8.94780609305705,0.434516695602512,31
"3645","CE","Senador Sá",7691,6992.89,23005,"Sobral",2,"Nordeste",0,"231280",4,14,2,12,7,7,0,0,0,0,0,14,2,12,7,7,6,8.85264919756442,8.94780609305705,0.464402031975695,30
"3646","CE","Senador Sá",7691,6992.89,23005,"Sobral",2,"Nordeste",0,"231280",5,8,3,5,2,6,0,0,0,0,0,8,3,5,2,6,6,8.85264919756442,8.94780609305705,0.471546182911921,31
"3647","CE","Senador Sá",7691,6992.89,23005,"Sobral",2,"Nordeste",0,"231280",6,6,2,4,5,1,0,0,0,0,0,6,2,4,5,1,10,8.85264919756442,8.94780609305705,0.436282389661834,30
"3648","CE","Senador Sá",7691,6992.89,23005,"Sobral",2,"Nordeste",0,"231280",7,16,8,8,8,8,0,0,0,0,0,16,8,8,8,8,4,8.85264919756442,8.94780609305705,0.476681548454433,29
"3649","CE","Sobral",210711,23104.7,23005,"Sobral",2,"Nordeste",1,"231290",2,503,69,434,169,334,4,0,0,0,0,507,69,434,169,334,114,10.0477913390175,12.2582428053588,0.305319144054773,29
"3650","CE","Sobral",210711,23104.7,23005,"Sobral",2,"Nordeste",1,"231290",3,461,86,375,162,299,0,0,0,0,0,461,86,375,162,299,124,10.0477913390175,12.2582428053588,0.434177061893863,31
"3651","CE","Sobral",210711,23104.7,23005,"Sobral",2,"Nordeste",1,"231290",4,298,46,252,96,202,1,0,0,0,0,299,46,252,96,202,114,10.0477913390175,12.2582428053588,0.49054110869067,30
"3652","CE","Sobral",210711,23104.7,23005,"Sobral",2,"Nordeste",1,"231290",5,263,52,211,98,165,4,0,0,0,0,267,52,211,98,165,220,10.0477913390175,12.2582428053588,0.513034001866297,31
"3653","CE","Sobral",210711,23104.7,23005,"Sobral",2,"Nordeste",1,"231290",6,232,38,194,78,154,5,0,0,0,0,237,38,194,78,154,257,10.0477913390175,12.2582428053588,0.470250230184233,30
"3654","CE","Sobral",210711,23104.7,23005,"Sobral",2,"Nordeste",1,"231290",7,259,43,216,89,170,2,0,0,0,0,261,43,216,89,170,140,10.0477913390175,12.2582428053588,0.461020760208758,29
"3655","CE","Solonópole",18357,10514.05,23021,"Sertão de Senador Pompeu",2,"Nordeste",0,"231300",2,18,5,13,10,8,0,0,0,0,0,18,5,13,10,8,5,9.2604677369321,9.81776625213065,0.248098224258717,29
"3656","CE","Solonópole",18357,10514.05,23021,"Sertão de Senador Pompeu",2,"Nordeste",0,"231300",3,15,2,13,2,13,0,0,0,0,0,15,2,13,2,13,13,9.2604677369321,9.81776625213065,0.335764249272529,31
"3657","CE","Solonópole",18357,10514.05,23021,"Sertão de Senador Pompeu",2,"Nordeste",0,"231300",4,5,0,5,2,3,0,0,0,0,0,5,0,5,2,3,16,9.2604677369321,9.81776625213065,0.387424861867797,30
"3658","CE","Solonópole",18357,10514.05,23021,"Sertão de Senador Pompeu",2,"Nordeste",0,"231300",5,15,4,11,4,11,0,0,0,0,0,15,4,11,4,11,10,9.2604677369321,9.81776625213065,0.394575586444654,31
"3659","CE","Solonópole",18357,10514.05,23021,"Sertão de Senador Pompeu",2,"Nordeste",0,"231300",6,8,1,7,2,6,1,0,0,0,0,9,1,7,2,6,11,9.2604677369321,9.81776625213065,0.384644473238792,30
"3660","CE","Solonópole",18357,10514.05,23021,"Sertão de Senador Pompeu",2,"Nordeste",0,"231300",7,10,3,7,6,4,0,0,0,0,0,10,3,7,6,4,23,9.2604677369321,9.81776625213065,0.383195193329146,29
"3661","CE","Tabuleiro do Norte",30807,10276.06,23023,"Baixo Jaguaribe",2,"Nordeste",0,"231310",2,45,13,32,12,33,1,0,0,0,0,46,13,32,12,33,15,9.23757219706053,10.3354972158664,0.28689372858005,29
"3662","CE","Tabuleiro do Norte",30807,10276.06,23023,"Baixo Jaguaribe",2,"Nordeste",0,"231310",3,47,12,35,22,25,0,0,0,0,0,47,12,35,22,25,19,9.23757219706053,10.3354972158664,0.387523013666958,31
"3663","CE","Tabuleiro do Norte",30807,10276.06,23023,"Baixo Jaguaribe",2,"Nordeste",0,"231310",4,22,4,18,5,17,0,0,0,0,0,22,4,18,5,17,26,9.23757219706053,10.3354972158664,0.41918239495811,30
"3664","CE","Tabuleiro do Norte",30807,10276.06,23023,"Baixo Jaguaribe",2,"Nordeste",0,"231310",5,27,6,21,10,17,1,0,0,0,0,28,6,21,10,17,21,9.23757219706053,10.3354972158664,0.415720853144383,31
"3665","CE","Tabuleiro do Norte",30807,10276.06,23023,"Baixo Jaguaribe",2,"Nordeste",0,"231310",6,30,8,22,9,21,0,0,0,0,0,30,8,22,9,21,27,9.23757219706053,10.3354972158664,0.384822705862225,30
"3666","CE","Tabuleiro do Norte",30807,10276.06,23023,"Baixo Jaguaribe",2,"Nordeste",0,"231310",7,16,4,12,6,10,0,0,0,0,0,16,4,12,6,10,28,9.23757219706053,10.3354972158664,0.407197156223121,29
"3667","CE","Tamboril",26225,7947.74,23018,"Sertão de Cratéus",2,"Nordeste",0,"231320",2,4,2,2,2,2,0,0,0,0,0,4,2,2,2,2,11,8.98064289050453,10.1744684332645,0.25505601532198,29
"3668","CE","Tamboril",26225,7947.74,23018,"Sertão de Cratéus",2,"Nordeste",0,"231320",3,6,2,4,1,5,2,0,0,0,0,8,2,4,1,5,16,8.98064289050453,10.1744684332645,0.362205984741457,31
"3669","CE","Tamboril",26225,7947.74,23018,"Sertão de Cratéus",2,"Nordeste",0,"231320",4,4,2,2,1,3,0,0,0,0,0,4,2,2,1,3,19,8.98064289050453,10.1744684332645,0.400360866958335,30
"3670","CE","Tamboril",26225,7947.74,23018,"Sertão de Cratéus",2,"Nordeste",0,"231320",5,2,1,1,1,1,0,0,0,0,0,2,1,1,1,1,16,8.98064289050453,10.1744684332645,0.433783527430867,31
"3671","CE","Tamboril",26225,7947.74,23018,"Sertão de Cratéus",2,"Nordeste",0,"231320",6,3,0,3,2,1,0,0,0,0,0,3,0,3,2,1,10,8.98064289050453,10.1744684332645,0.400130043272116,30
"3672","CE","Tamboril",26225,7947.74,23018,"Sertão de Cratéus",2,"Nordeste",0,"231320",7,3,1,2,0,3,0,0,0,0,0,3,1,2,0,3,21,8.98064289050453,10.1744684332645,0.43585146146561,29
"3673","CE","Tarrafas",8573,6788.95,23027,"Várzea Alegre",2,"Nordeste",0,"231325",2,14,3,11,7,7,0,0,0,0,0,14,3,11,7,7,2,8.82305156941961,9.05637300867876,0.309239023721088,29
"3674","CE","Tarrafas",8573,6788.95,23027,"Várzea Alegre",2,"Nordeste",0,"231325",3,10,2,8,3,7,0,0,0,0,0,10,2,8,3,7,5,8.82305156941961,9.05637300867876,0.394417198053556,31
"3675","CE","Tarrafas",8573,6788.95,23027,"Várzea Alegre",2,"Nordeste",0,"231325",4,4,2,2,1,3,0,0,0,0,0,4,2,2,1,3,5,8.82305156941961,9.05637300867876,0.40618042502224,30
"3676","CE","Tarrafas",8573,6788.95,23027,"Várzea Alegre",2,"Nordeste",0,"231325",5,7,1,6,5,2,0,0,0,0,0,7,1,6,5,2,3,8.82305156941961,9.05637300867876,0.424154759899077,31
"3677","CE","Tarrafas",8573,6788.95,23027,"Várzea Alegre",2,"Nordeste",0,"231325",6,10,4,6,6,4,0,0,0,0,0,10,4,6,6,4,7,8.82305156941961,9.05637300867876,0.389004365185624,30
"3678","CE","Tarrafas",8573,6788.95,23027,"Várzea Alegre",2,"Nordeste",0,"231325",7,6,4,2,3,3,0,0,0,0,0,6,4,2,3,3,4,8.82305156941961,9.05637300867876,0.408700719567672,29
"3679","CE","Tauá",59062,10253.8,23020,"Sertão de Inhamuns",2,"Nordeste",0,"231330",2,114,36,78,44,70,1,0,0,0,0,115,36,78,44,70,38,9.23540364756985,10.9863430185918,0.273638269672278,29
"3680","CE","Tauá",59062,10253.8,23020,"Sertão de Inhamuns",2,"Nordeste",0,"231330",3,65,20,45,28,37,0,0,0,0,0,65,20,45,28,37,49,9.23540364756985,10.9863430185918,0.374219263608406,31
"3681","CE","Tauá",59062,10253.8,23020,"Sertão de Inhamuns",2,"Nordeste",0,"231330",4,60,16,44,26,34,1,0,0,0,0,61,16,44,26,34,36,9.23540364756985,10.9863430185918,0.409158865747382,30
"3682","CE","Tauá",59062,10253.8,23020,"Sertão de Inhamuns",2,"Nordeste",0,"231330",5,52,14,38,26,26,2,0,0,0,0,54,14,38,26,26,23,9.23540364756985,10.9863430185918,0.418024318171592,31
"3683","CE","Tauá",59062,10253.8,23020,"Sertão de Inhamuns",2,"Nordeste",0,"231330",6,64,16,48,22,42,1,0,0,0,0,65,16,48,22,42,32,9.23540364756985,10.9863430185918,0.372862817542775,30
"3684","CE","Tauá",59062,10253.8,23020,"Sertão de Inhamuns",2,"Nordeste",0,"231330",7,67,14,53,28,39,0,0,0,0,0,67,14,53,28,39,36,9.23540364756985,10.9863430185918,0.4052124264299,29
"3685","CE","Tejuçuoca",19371,5555.49,23011,"Médio Curu",2,"Nordeste",0,"231335",2,37,12,25,19,18,0,0,0,0,0,37,12,25,19,18,7,8.62254190700444,9.87153238129458,0.296767103728,29
"3686","CE","Tejuçuoca",19371,5555.49,23011,"Médio Curu",2,"Nordeste",0,"231335",3,23,14,9,13,10,0,0,0,0,0,23,14,9,13,10,15,8.62254190700444,9.87153238129458,0.402079248351308,31
"3687","CE","Tejuçuoca",19371,5555.49,23011,"Médio Curu",2,"Nordeste",0,"231335",4,22,7,15,12,10,1,0,0,0,0,23,7,15,12,10,8,8.62254190700444,9.87153238129458,0.440109003463183,30
"3688","CE","Tejuçuoca",19371,5555.49,23011,"Médio Curu",2,"Nordeste",0,"231335",5,23,13,10,12,11,1,0,0,0,0,24,13,10,12,11,13,8.62254190700444,9.87153238129458,0.505276158798544,31
"3689","CE","Tejuçuoca",19371,5555.49,23011,"Médio Curu",2,"Nordeste",0,"231335",6,21,9,12,9,12,0,0,0,0,0,21,9,12,9,12,17,8.62254190700444,9.87153238129458,0.436713578832426,30
"3690","CE","Tejuçuoca",19371,5555.49,23011,"Médio Curu",2,"Nordeste",0,"231335",7,20,7,13,7,13,0,0,0,0,0,20,7,13,7,13,7,8.62254190700444,9.87153238129458,0.432131757988855,29
"3691","CE","Tianguá",76537,17463.86,23002,"Ibiapaba",2,"Nordeste",1,"231340",2,169,40,129,71,98,0,0,0,0,0,169,40,129,71,98,33,9.76788888170658,11.2455295630195,0.283208378427049,29
"3692","CE","Tianguá",76537,17463.86,23002,"Ibiapaba",2,"Nordeste",1,"231340",3,135,31,104,47,88,0,0,0,0,0,135,31,104,47,88,33,9.76788888170658,11.2455295630195,0.396440687285382,31
"3693","CE","Tianguá",76537,17463.86,23002,"Ibiapaba",2,"Nordeste",1,"231340",4,116,33,83,54,62,2,0,0,0,0,118,33,83,54,62,30,9.76788888170658,11.2455295630195,0.432746435657502,30
"3694","CE","Tianguá",76537,17463.86,23002,"Ibiapaba",2,"Nordeste",1,"231340",5,111,36,75,39,72,3,0,0,0,0,114,36,75,39,72,53,9.76788888170658,11.2455295630195,0.425426236676081,31
"3695","CE","Tianguá",76537,17463.86,23002,"Ibiapaba",2,"Nordeste",1,"231340",6,118,37,81,50,68,2,0,0,0,0,120,37,81,50,68,67,9.76788888170658,11.2455295630195,0.404539562465642,30
"3696","CE","Tianguá",76537,17463.86,23002,"Ibiapaba",2,"Nordeste",1,"231340",7,118,34,84,46,72,0,0,0,0,0,118,34,84,46,72,64,9.76788888170658,11.2455295630195,0.424681910886591,29
"3697","CE","Trairi",56291,14855.42,23008,"Itapipoca",2,"Nordeste",0,"231350",2,72,27,45,33,39,1,0,0,0,0,73,27,45,33,39,21,9.60612006080568,10.9382899434451,0.307255612243509,29
"3698","CE","Trairi",56291,14855.42,23008,"Itapipoca",2,"Nordeste",0,"231350",3,70,20,50,29,41,0,0,0,0,0,70,20,50,29,41,29,9.60612006080568,10.9382899434451,0.39882322654286,31
"3699","CE","Trairi",56291,14855.42,23008,"Itapipoca",2,"Nordeste",0,"231350",4,41,16,25,14,27,1,0,0,0,0,42,16,25,14,27,33,9.60612006080568,10.9382899434451,0.437827518348102,30
"3700","CE","Trairi",56291,14855.42,23008,"Itapipoca",2,"Nordeste",0,"231350",5,66,19,47,35,31,0,0,0,0,0,66,19,47,35,31,57,9.60612006080568,10.9382899434451,0.458122889797361,31
"3701","CE","Trairi",56291,14855.42,23008,"Itapipoca",2,"Nordeste",0,"231350",6,64,21,43,25,39,0,0,0,0,0,64,21,43,25,39,35,9.60612006080568,10.9382899434451,0.403343620113275,30
"3702","CE","Trairi",56291,14855.42,23008,"Itapipoca",2,"Nordeste",0,"231350",7,69,18,51,29,40,0,0,0,0,0,69,18,51,29,40,27,9.60612006080568,10.9382899434451,0.400467968865121,29
"3703","CE","Tururu",16431,6539.47,23010,"Uruburetama",2,"Nordeste",0,"231355",2,26,10,16,11,15,0,0,0,0,0,26,10,16,11,15,11,8.78561140141199,9.70692507345183,0.324707181353913,29
"3704","CE","Tururu",16431,6539.47,23010,"Uruburetama",2,"Nordeste",0,"231355",3,18,3,15,8,10,1,0,0,0,0,19,3,15,8,10,10,8.78561140141199,9.70692507345183,0.398916249187346,31
"3705","CE","Tururu",16431,6539.47,23010,"Uruburetama",2,"Nordeste",0,"231355",4,8,2,6,2,6,0,0,0,0,0,8,2,6,2,6,12,8.78561140141199,9.70692507345183,0.448679610707241,30
"3706","CE","Tururu",16431,6539.47,23010,"Uruburetama",2,"Nordeste",0,"231355",5,14,5,9,3,11,0,0,0,0,0,14,5,9,3,11,20,8.78561140141199,9.70692507345183,0.527484119349459,31
"3707","CE","Tururu",16431,6539.47,23010,"Uruburetama",2,"Nordeste",0,"231355",6,19,7,12,5,14,0,0,0,0,0,19,7,12,5,14,9,8.78561140141199,9.70692507345183,0.449680634664307,30
"3708","CE","Tururu",16431,6539.47,23010,"Uruburetama",2,"Nordeste",0,"231355",7,21,5,16,6,15,0,0,0,0,0,21,5,16,6,15,5,8.78561140141199,9.70692507345183,0.45656534833781,29
"3709","CE","Ubajara",35047,16719.18,23002,"Ibiapaba",2,"Nordeste",0,"231360",2,55,10,45,17,38,0,0,0,0,0,55,10,45,17,38,19,9.72431184237384,10.4644452967881,0.274070096909881,29
"3710","CE","Ubajara",35047,16719.18,23002,"Ibiapaba",2,"Nordeste",0,"231360",3,44,11,33,11,33,0,0,0,0,0,44,11,33,11,33,32,9.72431184237384,10.4644452967881,0.400236643490147,31
"3711","CE","Ubajara",35047,16719.18,23002,"Ibiapaba",2,"Nordeste",0,"231360",4,41,17,24,11,30,1,0,0,0,0,42,17,24,11,30,23,9.72431184237384,10.4644452967881,0.443344434017308,30
"3712","CE","Ubajara",35047,16719.18,23002,"Ibiapaba",2,"Nordeste",0,"231360",5,33,14,19,14,19,0,0,0,0,0,33,14,19,14,19,17,9.72431184237384,10.4644452967881,0.45456759146969,31
"3713","CE","Ubajara",35047,16719.18,23002,"Ibiapaba",2,"Nordeste",0,"231360",6,33,14,19,15,18,0,0,0,0,0,33,14,19,15,18,25,9.72431184237384,10.4644452967881,0.413849761483972,30
"3714","CE","Ubajara",35047,16719.18,23002,"Ibiapaba",2,"Nordeste",0,"231360",7,43,8,35,14,29,0,0,0,0,0,43,8,35,14,29,31,9.72431184237384,10.4644452967881,0.427121637813256,29
"3715","CE","Umari",7736,6863.11,23028,"Lavras da Mangabeira",2,"Nordeste",0,"231370",2,11,4,7,3,8,0,0,0,0,0,11,4,7,3,8,6,8.83391597075629,8.95364003713313,0.291309647506883,29
"3716","CE","Umari",7736,6863.11,23028,"Lavras da Mangabeira",2,"Nordeste",0,"231370",3,8,3,5,2,6,0,0,0,0,0,8,3,5,2,6,2,8.83391597075629,8.95364003713313,0.427821227740532,31
"3717","CE","Umari",7736,6863.11,23028,"Lavras da Mangabeira",2,"Nordeste",0,"231370",4,2,2,0,0,2,1,0,0,0,0,3,2,0,0,2,2,8.83391597075629,8.95364003713313,0.461655698159152,30
"3718","CE","Umari",7736,6863.11,23028,"Lavras da Mangabeira",2,"Nordeste",0,"231370",5,5,0,5,3,2,0,0,0,0,0,5,0,5,3,2,4,8.83391597075629,8.95364003713313,0.433097818484326,31
"3719","CE","Umari",7736,6863.11,23028,"Lavras da Mangabeira",2,"Nordeste",0,"231370",6,9,6,3,5,4,0,0,0,0,0,9,6,3,5,4,3,8.83391597075629,8.95364003713313,0.450852933348011,30
"3720","CE","Umari",7736,6863.11,23028,"Lavras da Mangabeira",2,"Nordeste",0,"231370",7,6,4,2,2,4,0,0,0,0,0,6,4,2,2,4,4,8.83391597075629,8.95364003713313,0.461466836367778,29
"3721","CE","Umirim",19903,7754.01,23010,"Uruburetama",2,"Nordeste",0,"231375",2,24,8,16,11,13,1,0,0,0,0,25,8,16,11,13,8,8.95596540788699,9.89862575311922,0.309499363336966,29
"3722","CE","Umirim",19903,7754.01,23010,"Uruburetama",2,"Nordeste",0,"231375",3,15,6,9,4,11,0,0,0,0,0,15,6,9,4,11,17,8.95596540788699,9.89862575311922,0.431087406168554,31
"3723","CE","Umirim",19903,7754.01,23010,"Uruburetama",2,"Nordeste",0,"231375",4,11,4,7,5,6,0,0,0,0,0,11,4,7,5,6,14,8.95596540788699,9.89862575311922,0.451724936505072,30
"3724","CE","Umirim",19903,7754.01,23010,"Uruburetama",2,"Nordeste",0,"231375",5,18,7,11,8,10,0,0,0,0,0,18,7,11,8,10,20,8.95596540788699,9.89862575311922,0.506622336978059,31
"3725","CE","Umirim",19903,7754.01,23010,"Uruburetama",2,"Nordeste",0,"231375",6,22,5,17,12,10,0,0,0,0,0,22,5,17,12,10,13,8.95596540788699,9.89862575311922,0.449193041561466,30
"3726","CE","Umirim",19903,7754.01,23010,"Uruburetama",2,"Nordeste",0,"231375",7,16,8,8,5,11,0,0,0,0,0,16,8,8,5,11,10,8.95596540788699,9.89862575311922,0.431171705463597,29
"3727","CE","Uruburetama",22040,16358.24,23010,"Uruburetama",2,"Nordeste",0,"231380",2,38,10,28,17,21,0,0,0,0,0,38,10,28,17,21,9,9.70248702490755,10.0006142632669,0.290276677896872,29
"3728","CE","Uruburetama",22040,16358.24,23010,"Uruburetama",2,"Nordeste",0,"231380",3,18,2,16,4,14,1,0,0,0,0,19,2,16,4,14,15,9.70248702490755,10.0006142632669,0.410542923141885,31
"3729","CE","Uruburetama",22040,16358.24,23010,"Uruburetama",2,"Nordeste",0,"231380",4,23,7,16,11,12,0,0,0,0,0,23,7,16,11,12,10,9.70248702490755,10.0006142632669,0.449875561940651,30
"3730","CE","Uruburetama",22040,16358.24,23010,"Uruburetama",2,"Nordeste",0,"231380",5,23,7,16,7,16,0,0,0,0,0,23,7,16,7,16,16,9.70248702490755,10.0006142632669,0.49408243346499,31
"3731","CE","Uruburetama",22040,16358.24,23010,"Uruburetama",2,"Nordeste",0,"231380",6,22,3,19,8,14,0,0,0,0,0,22,3,19,8,14,21,9.70248702490755,10.0006142632669,0.397603624058697,30
"3732","CE","Uruburetama",22040,16358.24,23010,"Uruburetama",2,"Nordeste",0,"231380",7,17,5,12,11,6,0,0,0,0,0,17,5,12,11,6,7,9.70248702490755,10.0006142632669,0.408302650140194,29
"3733","CE","Uruoca",13915,12289.43,23003,"Coreaú",2,"Nordeste",0,"231390",2,30,7,23,10,20,0,0,0,0,0,30,7,23,10,20,7,9.41649482231448,9.54072267395999,0.343389638684631,29
"3734","CE","Uruoca",13915,12289.43,23003,"Coreaú",2,"Nordeste",0,"231390",3,24,11,13,10,14,0,0,0,0,0,24,11,13,10,14,5,9.41649482231448,9.54072267395999,0.43631699434326,31
"3735","CE","Uruoca",13915,12289.43,23003,"Coreaú",2,"Nordeste",0,"231390",4,15,8,7,4,11,0,0,0,0,0,15,8,7,4,11,6,9.41649482231448,9.54072267395999,0.479450325946495,30
"3736","CE","Uruoca",13915,12289.43,23003,"Coreaú",2,"Nordeste",0,"231390",5,16,4,12,4,12,1,0,0,0,0,17,4,12,4,12,5,9.41649482231448,9.54072267395999,0.459026791768652,31
"3737","CE","Uruoca",13915,12289.43,23003,"Coreaú",2,"Nordeste",0,"231390",6,17,7,10,9,8,0,0,0,0,0,17,7,10,9,8,16,9.41649482231448,9.54072267395999,0.418448509216345,30
"3738","CE","Uruoca",13915,12289.43,23003,"Coreaú",2,"Nordeste",0,"231390",7,15,8,7,9,6,0,0,0,0,0,15,8,7,9,6,9,9.41649482231448,9.54072267395999,0.451022656734782,29
"3739","CE","Varjota",18471,14244.64,23006,"Ipu",2,"Nordeste",0,"231395",2,42,18,24,17,25,0,0,0,0,0,42,18,24,17,25,16,9.56413597458739,9.82395721357932,0.287441788390335,29
"3740","CE","Varjota",18471,14244.64,23006,"Ipu",2,"Nordeste",0,"231395",3,38,11,27,19,19,0,0,0,0,0,38,11,27,19,19,14,9.56413597458739,9.82395721357932,0.407528766932283,31
"3741","CE","Varjota",18471,14244.64,23006,"Ipu",2,"Nordeste",0,"231395",4,18,6,12,8,10,0,0,0,0,0,18,6,12,8,10,8,9.56413597458739,9.82395721357932,0.424664087417478,30
"3742","CE","Varjota",18471,14244.64,23006,"Ipu",2,"Nordeste",0,"231395",5,21,5,16,5,16,0,0,0,0,0,21,5,16,5,16,16,9.56413597458739,9.82395721357932,0.444363422097222,31
"3743","CE","Varjota",18471,14244.64,23006,"Ipu",2,"Nordeste",0,"231395",6,19,5,14,9,10,0,0,0,0,0,19,5,14,9,10,10,9.56413597458739,9.82395721357932,0.37918975090099,30
"3744","CE","Varjota",18471,14244.64,23006,"Ipu",2,"Nordeste",0,"231395",7,20,5,15,8,12,0,0,0,0,0,20,5,15,8,12,14,9.56413597458739,9.82395721357932,0.434495343271156,29
"3745","CE","Várzea Alegre",40903,8756.89,23027,"Várzea Alegre",2,"Nordeste",0,"231400",2,73,20,53,29,44,0,0,0,0,0,73,20,53,29,44,22,9.07759609806386,10.6189586889742,0.271946329897514,29
"3746","CE","Várzea Alegre",40903,8756.89,23027,"Várzea Alegre",2,"Nordeste",0,"231400",3,64,19,45,28,36,1,0,0,0,0,65,19,45,28,36,25,9.07759609806386,10.6189586889742,0.37884259754077,31
"3747","CE","Várzea Alegre",40903,8756.89,23027,"Várzea Alegre",2,"Nordeste",0,"231400",4,32,10,22,9,23,0,0,0,0,0,32,10,22,9,23,21,9.07759609806386,10.6189586889742,0.424827105097938,30
"3748","CE","Várzea Alegre",40903,8756.89,23027,"Várzea Alegre",2,"Nordeste",0,"231400",5,30,6,24,10,20,1,0,0,0,0,31,6,24,10,20,21,9.07759609806386,10.6189586889742,0.412147337453963,31
"3749","CE","Várzea Alegre",40903,8756.89,23027,"Várzea Alegre",2,"Nordeste",0,"231400",6,48,11,37,16,32,0,0,0,0,0,48,11,37,16,32,37,9.07759609806386,10.6189586889742,0.393752050892387,30
"3750","CE","Várzea Alegre",40903,8756.89,23027,"Várzea Alegre",2,"Nordeste",0,"231400",7,43,13,30,13,30,0,0,0,0,0,43,13,30,13,30,41,9.07759609806386,10.6189586889742,0.427479836290847,29
"3751","CE","Viçosa do Ceará",61410,7202.63,23002,"Ibiapaba",2,"Nordeste",0,"231410",2,162,69,93,66,96,0,0,0,0,0,162,69,93,66,96,30,8.88220151608424,11.0253279673234,0.296981514098618,29
"3752","CE","Viçosa do Ceará",61410,7202.63,23002,"Ibiapaba",2,"Nordeste",0,"231410",3,142,54,88,65,77,0,0,0,0,0,142,54,88,65,77,43,8.88220151608424,11.0253279673234,0.428880995251163,31
"3753","CE","Viçosa do Ceará",61410,7202.63,23002,"Ibiapaba",2,"Nordeste",0,"231410",4,55,24,31,20,35,2,0,0,0,0,57,24,31,20,35,33,8.88220151608424,11.0253279673234,0.462423583079731,30
"3754","CE","Viçosa do Ceará",61410,7202.63,23002,"Ibiapaba",2,"Nordeste",0,"231410",5,73,29,44,32,41,0,0,0,0,0,73,29,44,32,41,39,8.88220151608424,11.0253279673234,0.501975234378627,31
"3755","CE","Viçosa do Ceará",61410,7202.63,23002,"Ibiapaba",2,"Nordeste",0,"231410",6,75,26,49,34,41,2,0,0,0,0,77,26,49,34,41,50,8.88220151608424,11.0253279673234,0.43481494944591,30
"3756","CE","Viçosa do Ceará",61410,7202.63,23002,"Ibiapaba",2,"Nordeste",0,"231410",7,96,41,55,37,59,0,0,0,0,0,96,41,55,37,59,41,8.88220151608424,11.0253279673234,0.464801710218902,29
"3757","RN","Acari",11121,10388.03,24012,"Seridó Oriental",2,"Nordeste",0,"240010",2,16,3,13,4,12,0,0,0,0,0,16,3,13,4,12,5,9.2484094607261,9.31659049181884,0.27262863171052,29
"3758","RN","Acari",11121,10388.03,24012,"Seridó Oriental",2,"Nordeste",0,"240010",3,11,4,7,4,7,0,0,0,0,0,11,4,7,4,7,6,9.2484094607261,9.31659049181884,0.356091697425923,31
"3759","RN","Acari",11121,10388.03,24012,"Seridó Oriental",2,"Nordeste",0,"240010",4,8,0,8,4,4,0,0,0,0,0,8,0,8,4,4,6,9.2484094607261,9.31659049181884,0.369087822277194,30
"3760","RN","Acari",11121,10388.03,24012,"Seridó Oriental",2,"Nordeste",0,"240010",5,16,6,10,6,10,0,0,0,0,0,16,6,10,6,10,11,9.2484094607261,9.31659049181884,0.358828765024741,31
"3761","RN","Acari",11121,10388.03,24012,"Seridó Oriental",2,"Nordeste",0,"240010",6,10,2,8,2,8,0,0,0,0,0,10,2,8,2,8,9,9.2484094607261,9.31659049181884,0.35936095379409,30
"3762","RN","Acari",11121,10388.03,24012,"Seridó Oriental",2,"Nordeste",0,"240010",7,10,1,9,4,6,0,0,0,0,0,10,1,9,4,6,14,9.2484094607261,9.31659049181884,0.392637534177783,29
"3763","RN","Açu",58384,19009.95,24004,"Vale do Açu",2,"Nordeste",1,"240020",2,102,26,76,43,59,1,0,0,0,0,103,26,76,43,59,33,9.85271780528438,10.9747971586762,0.273529912279948,29
"3764","RN","Açu",58384,19009.95,24004,"Vale do Açu",2,"Nordeste",1,"240020",3,78,20,58,29,49,0,0,0,0,0,78,20,58,29,49,35,9.85271780528438,10.9747971586762,0.361518662255611,31
"3765","RN","Açu",58384,19009.95,24004,"Vale do Açu",2,"Nordeste",1,"240020",4,39,20,19,22,17,0,0,0,0,0,39,20,19,22,17,33,9.85271780528438,10.9747971586762,0.400620329088498,30
"3766","RN","Açu",58384,19009.95,24004,"Vale do Açu",2,"Nordeste",1,"240020",5,58,25,33,25,33,0,0,0,0,0,58,25,33,25,33,35,9.85271780528438,10.9747971586762,0.383640565847968,31
"3767","RN","Açu",58384,19009.95,24004,"Vale do Açu",2,"Nordeste",1,"240020",6,60,19,41,27,33,0,0,0,0,0,60,19,41,27,33,47,9.85271780528438,10.9747971586762,0.378842428166383,30
"3768","RN","Açu",58384,19009.95,24004,"Vale do Açu",2,"Nordeste",1,"240020",7,53,26,27,22,31,0,0,0,0,0,53,26,27,22,31,61,9.85271780528438,10.9747971586762,0.389959799182353,29
"3769","RN","Afonso Bezerra",11029,8595.97,24009,"Angicos",2,"Nordeste",0,"240030",2,20,10,10,7,13,0,0,0,0,0,20,10,10,7,13,2,9.05904876776096,9.30828344630615,0.3063154028366,29
"3770","RN","Afonso Bezerra",11029,8595.97,24009,"Angicos",2,"Nordeste",0,"240030",3,5,1,4,1,4,0,0,0,0,0,5,1,4,1,4,4,9.05904876776096,9.30828344630615,0.381201441497352,31
"3771","RN","Afonso Bezerra",11029,8595.97,24009,"Angicos",2,"Nordeste",0,"240030",4,8,2,6,3,5,0,0,0,0,0,8,2,6,3,5,6,9.05904876776096,9.30828344630615,0.409964663577712,30
"3772","RN","Afonso Bezerra",11029,8595.97,24009,"Angicos",2,"Nordeste",0,"240030",5,8,2,6,6,2,0,0,0,0,0,8,2,6,6,2,4,9.05904876776096,9.30828344630615,0.395423887308544,31
"3773","RN","Afonso Bezerra",11029,8595.97,24009,"Angicos",2,"Nordeste",0,"240030",6,15,5,10,8,7,0,0,0,0,0,15,5,10,8,7,11,9.05904876776096,9.30828344630615,0.392543395876056,30
"3774","RN","Afonso Bezerra",11029,8595.97,24009,"Angicos",2,"Nordeste",0,"240030",7,11,7,4,6,5,0,0,0,0,0,11,7,4,6,5,6,9.05904876776096,9.30828344630615,0.426397743687849,29
"3775","RN","Alexandria",13553,9600.68,24006,"Pau dos Ferros",2,"Nordeste",0,"240050",2,23,11,12,8,15,0,0,0,0,0,23,11,12,8,15,6,9.1695892082807,9.51436320401602,0.27063377501033,29
"3776","RN","Alexandria",13553,9600.68,24006,"Pau dos Ferros",2,"Nordeste",0,"240050",3,26,12,14,13,13,0,0,0,0,0,26,12,14,13,13,9,9.1695892082807,9.51436320401602,0.362363811919575,31
"3777","RN","Alexandria",13553,9600.68,24006,"Pau dos Ferros",2,"Nordeste",0,"240050",4,18,5,13,7,11,0,0,0,0,0,18,5,13,7,11,17,9.1695892082807,9.51436320401602,0.392113890272531,30
"3778","RN","Alexandria",13553,9600.68,24006,"Pau dos Ferros",2,"Nordeste",0,"240050",5,15,9,6,8,7,0,0,0,0,0,15,9,6,8,7,7,9.1695892082807,9.51436320401602,0.365523798706565,31
"3779","RN","Alexandria",13553,9600.68,24006,"Pau dos Ferros",2,"Nordeste",0,"240050",6,13,6,7,5,8,0,0,0,0,0,13,6,7,5,8,9,9.1695892082807,9.51436320401602,0.349733797633288,30
"3780","RN","Alexandria",13553,9600.68,24006,"Pau dos Ferros",2,"Nordeste",0,"240050",7,12,7,5,5,7,0,0,0,0,0,12,7,5,5,7,6,9.1695892082807,9.51436320401602,0.407973694436792,29
"3781","RN","Almino Afonso",4710,7775.43,24007,"Umarizal",2,"Nordeste",0,"240060",2,10,5,5,1,9,0,0,0,0,0,10,5,5,1,9,2,8.95872404098438,8.45744318701046,0.287404351872371,29
"3782","RN","Almino Afonso",4710,7775.43,24007,"Umarizal",2,"Nordeste",0,"240060",3,4,0,4,1,3,0,0,0,0,0,4,0,4,1,3,1,8.95872404098438,8.45744318701046,0.363926673332604,31
"3783","RN","Almino Afonso",4710,7775.43,24007,"Umarizal",2,"Nordeste",0,"240060",4,2,0,2,2,0,0,0,0,0,0,2,0,2,2,0,4,8.95872404098438,8.45744318701046,0.449320028760699,30
"3784","RN","Almino Afonso",4710,7775.43,24007,"Umarizal",2,"Nordeste",0,"240060",5,3,2,1,1,2,0,0,0,0,0,3,2,1,1,2,2,8.95872404098438,8.45744318701046,0.422119563179652,31
"3785","RN","Almino Afonso",4710,7775.43,24007,"Umarizal",2,"Nordeste",0,"240060",6,5,2,3,3,2,0,0,0,0,0,5,2,3,3,2,3,8.95872404098438,8.45744318701046,0.389306020491523,30
"3786","RN","Almino Afonso",4710,7775.43,24007,"Umarizal",2,"Nordeste",0,"240060",7,6,3,3,1,5,0,0,0,0,0,6,3,3,1,5,2,8.95872404098438,8.45744318701046,0.416415476309956,29
"3787","RN","Alto do Rodrigues",14728,33684.54,24004,"Vale do Açu",2,"Nordeste",0,"240070",2,18,4,14,7,11,0,0,0,0,0,18,4,14,7,11,4,10.4247942573716,9.59750572291291,0.285688035490882,29
"3788","RN","Alto do Rodrigues",14728,33684.54,24004,"Vale do Açu",2,"Nordeste",0,"240070",3,28,9,19,11,17,0,0,0,0,0,28,9,19,11,17,6,10.4247942573716,9.59750572291291,0.362687731085638,31
"3789","RN","Alto do Rodrigues",14728,33684.54,24004,"Vale do Açu",2,"Nordeste",0,"240070",4,11,5,6,4,7,0,0,0,0,0,11,5,6,4,7,5,10.4247942573716,9.59750572291291,0.382762723281357,30
"3790","RN","Alto do Rodrigues",14728,33684.54,24004,"Vale do Açu",2,"Nordeste",0,"240070",5,15,3,12,7,8,0,0,0,0,0,15,3,12,7,8,16,10.4247942573716,9.59750572291291,0.390000552286762,31
"3791","RN","Alto do Rodrigues",14728,33684.54,24004,"Vale do Açu",2,"Nordeste",0,"240070",6,12,4,8,5,7,1,0,0,0,0,13,4,8,5,7,8,10.4247942573716,9.59750572291291,0.36652459425887,30
"3792","RN","Alto do Rodrigues",14728,33684.54,24004,"Vale do Açu",2,"Nordeste",0,"240070",7,13,1,12,5,8,0,0,0,0,0,13,1,12,5,8,6,10.4247942573716,9.59750572291291,0.388517495649709,29
"3793","RN","Angicos",11705,11692.68,24009,"Angicos",2,"Nordeste",0,"240080",2,19,5,14,6,13,0,0,0,0,0,19,5,14,6,13,6,9.36671828396519,9.36777137992501,0.272430469386187,29
"3794","RN","Angicos",11705,11692.68,24009,"Angicos",2,"Nordeste",0,"240080",3,14,2,12,5,9,0,0,0,0,0,14,2,12,5,9,7,9.36671828396519,9.36777137992501,0.350968379001859,31
"3795","RN","Angicos",11705,11692.68,24009,"Angicos",2,"Nordeste",0,"240080",4,7,1,6,1,6,0,0,0,0,0,7,1,6,1,6,7,9.36671828396519,9.36777137992501,0.376989447760003,30
"3796","RN","Angicos",11705,11692.68,24009,"Angicos",2,"Nordeste",0,"240080",5,13,4,9,5,8,0,0,0,0,0,13,4,9,5,8,8,9.36671828396519,9.36777137992501,0.368748365424479,31
"3797","RN","Angicos",11705,11692.68,24009,"Angicos",2,"Nordeste",0,"240080",6,7,2,5,3,4,0,0,0,0,0,7,2,5,3,4,8,9.36671828396519,9.36777137992501,0.366951731145581,30
"3798","RN","Angicos",11705,11692.68,24009,"Angicos",2,"Nordeste",0,"240080",7,14,5,9,8,6,1,0,0,0,0,15,5,9,8,6,6,9.36671828396519,9.36777137992501,0.376562418860304,29
"3799","RN","Antônio Martins",7154,7678.86,24007,"Umarizal",2,"Nordeste",0,"240090",2,6,3,3,2,4,0,0,0,0,0,6,3,3,2,4,7,8.94622637762378,8.87542691981896,0.33001961102181,29
"3800","RN","Antônio Martins",7154,7678.86,24007,"Umarizal",2,"Nordeste",0,"240090",3,14,7,7,7,7,0,0,0,0,0,14,7,7,7,7,5,8.94622637762378,8.87542691981896,0.411802221040219,31
"3801","RN","Antônio Martins",7154,7678.86,24007,"Umarizal",2,"Nordeste",0,"240090",4,8,3,5,2,6,0,0,0,0,0,8,3,5,2,6,3,8.94622637762378,8.87542691981896,0.453125007497454,30
"3802","RN","Antônio Martins",7154,7678.86,24007,"Umarizal",2,"Nordeste",0,"240090",5,6,2,4,1,5,0,0,0,0,0,6,2,4,1,5,6,8.94622637762378,8.87542691981896,0.444946089361272,31
"3803","RN","Antônio Martins",7154,7678.86,24007,"Umarizal",2,"Nordeste",0,"240090",6,4,1,3,1,3,0,0,0,0,0,4,1,3,1,3,6,8.94622637762378,8.87542691981896,0.411976932951929,30
"3804","RN","Antônio Martins",7154,7678.86,24007,"Umarizal",2,"Nordeste",0,"240090",7,11,8,3,8,3,0,0,0,0,0,11,8,3,8,3,5,8.94622637762378,8.87542691981896,0.466333456689082,29
"3805","RN","Apodi",35874,13736.01,24002,"Chapada do Apodi",2,"Nordeste",0,"240100",2,48,14,34,16,32,0,0,0,0,0,48,14,34,16,32,18,9.52777613059102,10.487768078109,0.283126569456452,29
"3806","RN","Apodi",35874,13736.01,24002,"Chapada do Apodi",2,"Nordeste",0,"240100",3,56,13,43,18,38,0,0,0,0,0,56,13,43,18,38,14,9.52777613059102,10.487768078109,0.383253473737062,31
"3807","RN","Apodi",35874,13736.01,24002,"Chapada do Apodi",2,"Nordeste",0,"240100",4,29,7,22,9,20,0,0,0,0,0,29,7,22,9,20,22,9.52777613059102,10.487768078109,0.436456538166717,30
"3808","RN","Apodi",35874,13736.01,24002,"Chapada do Apodi",2,"Nordeste",0,"240100",5,34,10,24,14,20,0,0,0,0,0,34,10,24,14,20,21,9.52777613059102,10.487768078109,0.452276405299845,31
"3809","RN","Apodi",35874,13736.01,24002,"Chapada do Apodi",2,"Nordeste",0,"240100",6,33,10,23,9,24,1,0,0,0,0,34,10,23,9,24,26,9.52777613059102,10.487768078109,0.428718034391683,30
"3810","RN","Apodi",35874,13736.01,24002,"Chapada do Apodi",2,"Nordeste",0,"240100",7,41,16,25,19,22,0,0,0,0,0,41,16,25,19,22,28,9.52777613059102,10.487768078109,0.445564668456362,29
"3811","RN","Areia Branca",27967,24877.33,24001,"Mossoró",2,"Nordeste",1,"240110",2,46,12,34,16,30,0,0,0,0,0,46,12,34,16,30,18,10.1217122259819,10.2387805226673,0.280790468661123,29
"3812","RN","Areia Branca",27967,24877.33,24001,"Mossoró",2,"Nordeste",1,"240110",3,38,13,25,18,20,0,0,0,0,0,38,13,25,18,20,22,10.1217122259819,10.2387805226673,0.38105879809484,31
"3813","RN","Areia Branca",27967,24877.33,24001,"Mossoró",2,"Nordeste",1,"240110",4,20,4,16,14,6,0,0,0,0,0,20,4,16,14,6,11,10.1217122259819,10.2387805226673,0.420833313019263,30
"3814","RN","Areia Branca",27967,24877.33,24001,"Mossoró",2,"Nordeste",1,"240110",5,18,9,9,8,10,0,0,0,0,0,18,9,9,8,10,48,10.1217122259819,10.2387805226673,0.448164428136732,31
"3815","RN","Areia Branca",27967,24877.33,24001,"Mossoró",2,"Nordeste",1,"240110",6,33,8,25,10,23,0,0,0,0,0,33,8,25,10,23,36,10.1217122259819,10.2387805226673,0.40589744920958,30
"3816","RN","Areia Branca",27967,24877.33,24001,"Mossoró",2,"Nordeste",1,"240110",7,27,9,18,18,9,0,0,0,0,0,27,9,18,18,9,14,10.1217122259819,10.2387805226673,0.417123925605732,29
"3817","RN","Arês",14417,31547.93,24019,"Litoral Sul",2,"Nordeste",0,"240120",2,22,10,12,7,15,0,0,0,0,0,22,10,12,7,15,7,10.3592632556743,9.5761633448119,0.293188890203577,29
"3818","RN","Arês",14417,31547.93,24019,"Litoral Sul",2,"Nordeste",0,"240120",3,25,15,10,16,9,0,0,0,0,0,25,15,10,16,9,7,10.3592632556743,9.5761633448119,0.415973500939779,31
"3819","RN","Arês",14417,31547.93,24019,"Litoral Sul",2,"Nordeste",0,"240120",4,11,3,8,2,9,0,0,0,0,0,11,3,8,2,9,5,10.3592632556743,9.5761633448119,0.425334338907203,30
"3820","RN","Arês",14417,31547.93,24019,"Litoral Sul",2,"Nordeste",0,"240120",5,18,11,7,6,12,0,0,0,0,0,18,11,7,6,12,7,10.3592632556743,9.5761633448119,0.423124928539975,31
"3821","RN","Arês",14417,31547.93,24019,"Litoral Sul",2,"Nordeste",0,"240120",6,11,4,7,5,6,0,0,0,0,0,11,4,7,5,6,5,10.3592632556743,9.5761633448119,0.425274715723522,30
"3822","RN","Arês",14417,31547.93,24019,"Litoral Sul",2,"Nordeste",0,"240120",7,20,13,7,9,11,1,0,0,0,0,21,13,7,9,11,15,10.3592632556743,9.5761633448119,0.448664435142105,29
"3823","RN","Campo Grande",9670,8736.18,24003,"Médio Oeste",2,"Nordeste",0,"240130",2,9,4,5,1,8,0,0,0,0,0,9,4,5,1,8,6,9.07522830216802,9.17678358844734,0.282344072597863,29
"3824","RN","Campo Grande",9670,8736.18,24003,"Médio Oeste",2,"Nordeste",0,"240130",3,18,3,15,7,11,0,0,0,0,0,18,3,15,7,11,8,9.07522830216802,9.17678358844734,0.347569933704823,31
"3825","RN","Campo Grande",9670,8736.18,24003,"Médio Oeste",2,"Nordeste",0,"240130",4,8,2,6,4,4,0,0,0,0,0,8,2,6,4,4,8,9.07522830216802,9.17678358844734,0.359810931740052,30
"3826","RN","Campo Grande",9670,8736.18,24003,"Médio Oeste",2,"Nordeste",0,"240130",5,10,6,4,3,7,0,0,0,0,0,10,6,4,3,7,5,9.07522830216802,9.17678358844734,0.37201160187843,31
"3827","RN","Campo Grande",9670,8736.18,24003,"Médio Oeste",2,"Nordeste",0,"240130",6,8,4,4,4,4,0,0,0,0,0,8,4,4,4,4,6,9.07522830216802,9.17678358844734,0.349702467526493,30
"3828","RN","Campo Grande",9670,8736.18,24003,"Médio Oeste",2,"Nordeste",0,"240130",7,7,1,6,5,2,0,0,0,0,0,7,1,6,5,2,7,9.07522830216802,9.17678358844734,0.402195752393365,29
"3829","RN","Baía Formosa",9322,16170.82,24019,"Litoral Sul",2,"Nordeste",0,"240140",2,11,3,8,4,7,0,0,0,0,0,11,3,8,4,7,4,9.69096366247895,9.14013247693269,0.269370990451234,29
"3830","RN","Baía Formosa",9322,16170.82,24019,"Litoral Sul",2,"Nordeste",0,"240140",3,11,4,7,5,6,0,0,0,0,0,11,4,7,5,6,6,9.69096366247895,9.14013247693269,0.370119647291314,31
"3831","RN","Baía Formosa",9322,16170.82,24019,"Litoral Sul",2,"Nordeste",0,"240140",4,6,4,2,3,3,0,0,0,0,0,6,4,2,3,3,7,9.69096366247895,9.14013247693269,0.435684922212466,30
"3832","RN","Baía Formosa",9322,16170.82,24019,"Litoral Sul",2,"Nordeste",0,"240140",5,9,4,5,3,6,0,0,0,0,0,9,4,5,3,6,6,9.69096366247895,9.14013247693269,0.425581098771552,31
"3833","RN","Baía Formosa",9322,16170.82,24019,"Litoral Sul",2,"Nordeste",0,"240140",6,9,4,5,4,5,0,0,0,0,0,9,4,5,4,5,4,9.69096366247895,9.14013247693269,0.419837998662958,30
"3834","RN","Baía Formosa",9322,16170.82,24019,"Litoral Sul",2,"Nordeste",0,"240140",7,10,5,5,5,5,0,0,0,0,0,10,5,5,5,5,10,9.69096366247895,9.14013247693269,0.423280026391096,29
"3835","RN","Baraúna",28747,19514.31,24001,"Mossoró",2,"Nordeste",0,"240145",2,61,34,27,32,29,0,0,0,0,0,61,34,27,32,29,16,9.87890332157226,10.2662886929548,0.278300307829114,29
"3836","RN","Baraúna",28747,19514.31,24001,"Mossoró",2,"Nordeste",0,"240145",3,54,25,29,25,29,1,0,0,0,0,55,25,29,25,29,13,9.87890332157226,10.2662886929548,0.368896874913188,31
"3837","RN","Baraúna",28747,19514.31,24001,"Mossoró",2,"Nordeste",0,"240145",4,22,11,11,7,15,0,0,0,0,0,22,11,11,7,15,13,9.87890332157226,10.2662886929548,0.383276132949545,30
"3838","RN","Baraúna",28747,19514.31,24001,"Mossoró",2,"Nordeste",0,"240145",5,22,9,13,10,12,0,0,0,0,0,22,9,13,10,12,24,9.87890332157226,10.2662886929548,0.414930080710587,31
"3839","RN","Baraúna",28747,19514.31,24001,"Mossoró",2,"Nordeste",0,"240145",6,26,14,12,13,13,0,0,0,0,0,26,14,12,13,13,15,9.87890332157226,10.2662886929548,0.37437103633619,30
"3840","RN","Baraúna",28747,19514.31,24001,"Mossoró",2,"Nordeste",0,"240145",7,29,14,15,15,14,0,0,0,0,0,29,14,15,15,14,15,9.87890332157226,10.2662886929548,0.393850883797187,29
"3841","RN","Barcelona",3994,9197.51,24014,"Borborema Potiguar",2,"Nordeste",0,"240150",2,4,1,3,1,3,0,0,0,0,0,4,1,3,1,3,2,9.12668807423031,8.29254851397576,0.315868323756169,29
"3842","RN","Barcelona",3994,9197.51,24014,"Borborema Potiguar",2,"Nordeste",0,"240150",3,8,3,5,3,5,0,0,0,0,0,8,3,5,3,5,3,9.12668807423031,8.29254851397576,0.425720279046159,31
"3843","RN","Barcelona",3994,9197.51,24014,"Borborema Potiguar",2,"Nordeste",0,"240150",4,3,1,2,0,3,0,0,0,0,0,3,1,2,0,3,2,9.12668807423031,8.29254851397576,0.416426600404053,30
"3844","RN","Barcelona",3994,9197.51,24014,"Borborema Potiguar",2,"Nordeste",0,"240150",5,3,1,2,1,2,0,0,0,0,0,3,1,2,1,2,3,9.12668807423031,8.29254851397576,0.453472825264906,31
"3845","RN","Barcelona",3994,9197.51,24014,"Borborema Potiguar",2,"Nordeste",0,"240150",6,10,4,6,3,7,0,0,0,0,0,10,4,6,3,7,4,9.12668807423031,8.29254851397576,0.416032530128787,30
"3846","RN","Barcelona",3994,9197.51,24014,"Borborema Potiguar",2,"Nordeste",0,"240150",7,4,2,2,2,2,0,0,0,0,0,4,2,2,2,2,9,9.12668807423031,8.29254851397576,0.470987179551614,29
"3847","RN","Bento Fernandes",5525,8670.25,24013,"Baixa Verde",2,"Nordeste",0,"240160",2,8,2,6,5,3,0,0,0,0,0,8,2,6,5,3,2,9.0676529044223,8.61703852638595,0.315722117587244,29
"3848","RN","Bento Fernandes",5525,8670.25,24013,"Baixa Verde",2,"Nordeste",0,"240160",3,10,4,6,5,5,0,0,0,0,0,10,4,6,5,5,2,9.0676529044223,8.61703852638595,0.422136885724004,31
"3849","RN","Bento Fernandes",5525,8670.25,24013,"Baixa Verde",2,"Nordeste",0,"240160",4,5,2,3,3,2,0,0,0,0,0,5,2,3,3,2,1,9.0676529044223,8.61703852638595,0.450702542038319,30
"3850","RN","Bento Fernandes",5525,8670.25,24013,"Baixa Verde",2,"Nordeste",0,"240160",5,5,3,2,3,2,0,0,0,0,0,5,3,2,3,2,2,9.0676529044223,8.61703852638595,0.435523489079652,31
"3851","RN","Bento Fernandes",5525,8670.25,24013,"Baixa Verde",2,"Nordeste",0,"240160",6,3,1,2,1,2,0,0,0,0,0,3,1,2,1,2,5,9.0676529044223,8.61703852638595,0.415692527504158,30
"3852","RN","Bento Fernandes",5525,8670.25,24013,"Baixa Verde",2,"Nordeste",0,"240160",7,4,3,1,4,0,0,0,0,0,0,4,3,1,4,0,2,9.0676529044223,8.61703852638595,0.423602499736025,29
"3853","RN","Bom Jesus",10267,8148.63,24015,"Agreste Potiguar",2,"Nordeste",0,"240170",2,16,6,10,5,11,0,0,0,0,0,16,6,10,5,11,7,9.00560509394532,9.23669014729897,0.283123191416888,29
"3854","RN","Bom Jesus",10267,8148.63,24015,"Agreste Potiguar",2,"Nordeste",0,"240170",3,12,6,6,5,7,1,0,0,0,0,13,6,6,5,7,5,9.00560509394532,9.23669014729897,0.373649203233265,31
"3855","RN","Bom Jesus",10267,8148.63,24015,"Agreste Potiguar",2,"Nordeste",0,"240170",4,15,10,5,5,10,0,0,0,0,0,15,10,5,5,10,13,9.00560509394532,9.23669014729897,0.385989741625303,30
"3856","RN","Bom Jesus",10267,8148.63,24015,"Agreste Potiguar",2,"Nordeste",0,"240170",5,11,3,8,3,8,0,0,0,0,0,11,3,8,3,8,3,9.00560509394532,9.23669014729897,0.395590452733816,31
"3857","RN","Bom Jesus",10267,8148.63,24015,"Agreste Potiguar",2,"Nordeste",0,"240170",6,10,3,7,5,5,0,0,0,0,0,10,3,7,5,5,10,9.00560509394532,9.23669014729897,0.37662645321401,30
"3858","RN","Bom Jesus",10267,8148.63,24015,"Agreste Potiguar",2,"Nordeste",0,"240170",7,9,2,7,4,5,0,0,0,0,0,9,2,7,4,5,11,9.00560509394532,9.23669014729897,0.404753116513023,29
"3859","RN","Brejinho",12787,12028.7,24015,"Agreste Potiguar",2,"Nordeste",0,"240180",2,31,12,19,14,17,0,0,0,0,0,31,12,19,14,17,9,9.39505073995409,9.45618430881117,0.261201558916314,29
"3860","RN","Brejinho",12787,12028.7,24015,"Agreste Potiguar",2,"Nordeste",0,"240180",3,21,10,11,9,12,0,0,0,0,0,21,10,11,9,12,12,9.39505073995409,9.45618430881117,0.348817891222397,31
"3861","RN","Brejinho",12787,12028.7,24015,"Agreste Potiguar",2,"Nordeste",0,"240180",4,13,7,6,2,11,0,0,0,0,0,13,7,6,2,11,9,9.39505073995409,9.45618430881117,0.375473263179421,30
"3862","RN","Brejinho",12787,12028.7,24015,"Agreste Potiguar",2,"Nordeste",0,"240180",5,13,7,6,5,8,0,0,0,0,0,13,7,6,5,8,8,9.39505073995409,9.45618430881117,0.378633344748548,31
"3863","RN","Brejinho",12787,12028.7,24015,"Agreste Potiguar",2,"Nordeste",0,"240180",6,13,4,9,6,7,0,0,0,0,0,13,4,9,6,7,13,9.39505073995409,9.45618430881117,0.371954145350925,30
"3864","RN","Brejinho",12787,12028.7,24015,"Agreste Potiguar",2,"Nordeste",0,"240180",7,15,3,12,5,10,0,0,0,0,0,15,3,12,5,10,5,9.39505073995409,9.45618430881117,0.372357530180356,29
"3865","RN","Caiçara do Norte",6561,11257.31,24008,"Macau",2,"Nordeste",0,"240185",2,15,11,4,6,9,0,0,0,0,0,15,11,4,6,9,2,9.32877297439617,8.78889830934488,0.265817656570676,29
"3866","RN","Caiçara do Norte",6561,11257.31,24008,"Macau",2,"Nordeste",0,"240185",3,9,3,6,6,3,0,0,0,0,0,9,3,6,6,3,1,9.32877297439617,8.78889830934488,0.302173343772571,31
"3867","RN","Caiçara do Norte",6561,11257.31,24008,"Macau",2,"Nordeste",0,"240185",4,3,3,0,1,2,0,0,0,0,0,3,3,0,1,2,1,9.32877297439617,8.78889830934488,0.295741003793341,30
"3868","RN","Caiçara do Norte",6561,11257.31,24008,"Macau",2,"Nordeste",0,"240185",5,6,4,2,5,1,0,0,0,0,0,6,4,2,5,1,5,9.32877297439617,8.78889830934488,0.275076817532899,31
"3869","RN","Caiçara do Norte",6561,11257.31,24008,"Macau",2,"Nordeste",0,"240185",6,2,2,0,1,1,0,0,0,0,0,2,2,0,1,1,11,9.32877297439617,8.78889830934488,0.290952137031506,30
"3870","RN","Caiçara do Norte",6561,11257.31,24008,"Macau",2,"Nordeste",0,"240185",7,3,2,1,2,1,0,0,0,0,0,3,2,1,2,1,7,9.32877297439617,8.78889830934488,0.31421040224723,29
"3871","RN","Caiçara do Rio do Vento",3715,9510.31,24009,"Angicos",2,"Nordeste",0,"240190",2,7,3,4,4,3,1,0,0,0,0,8,3,4,4,3,0,9.16013175227419,8.22013395715186,0.307296344126757,29
"3872","RN","Caiçara do Rio do Vento",3715,9510.31,24009,"Angicos",2,"Nordeste",0,"240190",3,6,4,2,4,2,0,0,0,0,0,6,4,2,4,2,2,9.16013175227419,8.22013395715186,0.38588649704602,31
"3873","RN","Caiçara do Rio do Vento",3715,9510.31,24009,"Angicos",2,"Nordeste",0,"240190",4,1,0,1,1,0,1,0,0,0,0,2,0,1,1,0,2,9.16013175227419,8.22013395715186,0.404485886105895,30
"3874","RN","Caiçara do Rio do Vento",3715,9510.31,24009,"Angicos",2,"Nordeste",0,"240190",5,3,0,3,1,2,0,0,0,0,0,3,0,3,1,2,3,9.16013175227419,8.22013395715186,0.435739382733031,31
"3875","RN","Caiçara do Rio do Vento",3715,9510.31,24009,"Angicos",2,"Nordeste",0,"240190",6,4,3,1,3,1,0,0,0,0,0,4,3,1,3,1,2,9.16013175227419,8.22013395715186,0.423447445830121,30
"3876","RN","Caiçara do Rio do Vento",3715,9510.31,24009,"Angicos",2,"Nordeste",0,"240190",7,4,2,2,3,1,0,0,0,0,0,4,2,2,3,1,0,9.16013175227419,8.22013395715186,0.41346442256924,29
"3877","RN","Caicó",68343,17533.57,24011,"Seridó Ocidental",2,"Nordeste",1,"240200",2,92,25,67,31,61,0,0,0,0,0,92,25,67,31,61,33,9.77187260806545,11.1322944228621,0.25736210471288,29
"3878","RN","Caicó",68343,17533.57,24011,"Seridó Ocidental",2,"Nordeste",1,"240200",3,103,24,79,32,71,1,0,0,0,0,104,24,79,32,71,42,9.77187260806545,11.1322944228621,0.344353665292416,31
"3879","RN","Caicó",68343,17533.57,24011,"Seridó Ocidental",2,"Nordeste",1,"240200",4,54,18,36,24,30,2,0,0,0,0,56,18,36,24,30,37,9.77187260806545,11.1322944228621,0.380664267751527,30
"3880","RN","Caicó",68343,17533.57,24011,"Seridó Ocidental",2,"Nordeste",1,"240200",5,79,15,64,28,51,0,0,0,0,0,79,15,64,28,51,40,9.77187260806545,11.1322944228621,0.389249968987664,31
"3881","RN","Caicó",68343,17533.57,24011,"Seridó Ocidental",2,"Nordeste",1,"240200",6,73,16,57,27,46,0,0,0,0,0,73,16,57,27,46,46,9.77187260806545,11.1322944228621,0.372165937947599,30
"3882","RN","Caicó",68343,17533.57,24011,"Seridó Ocidental",2,"Nordeste",1,"240200",7,68,17,51,32,36,1,0,0,0,0,69,17,51,32,36,55,9.77187260806545,11.1322944228621,0.384858370176775,29
"3883","RN","Campo Redondo",11291,7356.92,24014,"Borborema Potiguar",2,"Nordeste",0,"240210",2,9,1,8,2,7,0,0,0,0,0,9,1,8,2,7,4,8.90339664587559,9.33176122718052,0.319447906198085,29
"3884","RN","Campo Redondo",11291,7356.92,24014,"Borborema Potiguar",2,"Nordeste",0,"240210",3,17,4,13,9,8,0,0,0,0,0,17,4,13,9,8,8,8.90339664587559,9.33176122718052,0.400704593593083,31
"3885","RN","Campo Redondo",11291,7356.92,24014,"Borborema Potiguar",2,"Nordeste",0,"240210",4,10,5,5,4,6,0,0,0,0,0,10,5,5,4,6,6,8.90339664587559,9.33176122718052,0.450878634361765,30
"3886","RN","Campo Redondo",11291,7356.92,24014,"Borborema Potiguar",2,"Nordeste",0,"240210",5,7,1,6,3,4,1,0,0,0,0,8,1,6,3,4,3,8.90339664587559,9.33176122718052,0.450533891489148,31
"3887","RN","Campo Redondo",11291,7356.92,24014,"Borborema Potiguar",2,"Nordeste",0,"240210",6,9,3,6,3,6,0,0,0,0,0,9,3,6,3,6,4,8.90339664587559,9.33176122718052,0.402454385747252,30
"3888","RN","Campo Redondo",11291,7356.92,24014,"Borborema Potiguar",2,"Nordeste",0,"240210",7,12,6,6,5,7,1,0,0,0,0,13,6,6,5,7,12,8.90339664587559,9.33176122718052,0.467657132547226,29
"3889","RN","Canguaretama",34548,15424.27,24019,"Litoral Sul",2,"Nordeste",1,"240220",2,71,33,38,35,36,0,0,0,0,0,71,33,38,35,36,14,9.64369752188384,10.4501049404002,0.295197786691287,29
"3890","RN","Canguaretama",34548,15424.27,24019,"Litoral Sul",2,"Nordeste",1,"240220",3,61,32,29,32,29,0,0,0,0,0,61,32,29,32,29,16,9.64369752188384,10.4501049404002,0.387507289077137,31
"3891","RN","Canguaretama",34548,15424.27,24019,"Litoral Sul",2,"Nordeste",1,"240220",4,42,20,22,21,21,0,0,0,0,0,42,20,22,21,21,16,9.64369752188384,10.4501049404002,0.426852928328549,30
"3892","RN","Canguaretama",34548,15424.27,24019,"Litoral Sul",2,"Nordeste",1,"240220",5,53,18,35,18,35,0,0,0,0,0,53,18,35,18,35,16,9.64369752188384,10.4501049404002,0.417053129785354,31
"3893","RN","Canguaretama",34548,15424.27,24019,"Litoral Sul",2,"Nordeste",1,"240220",6,30,17,13,12,18,3,0,0,0,0,33,17,13,12,18,25,9.64369752188384,10.4501049404002,0.39086330297839,30
"3894","RN","Canguaretama",34548,15424.27,24019,"Litoral Sul",2,"Nordeste",1,"240220",7,42,21,21,18,24,0,0,0,0,0,42,21,21,18,24,30,9.64369752188384,10.4501049404002,0.417126208183803,29
"3895","RN","Caraúbas",20541,17410.77,24002,"Chapada do Apodi",2,"Nordeste",0,"240230",2,26,9,17,11,15,0,0,0,0,0,26,9,17,11,15,12,9.76484425923971,9.93017816778917,0.266975392713396,29
"3896","RN","Caraúbas",20541,17410.77,24002,"Chapada do Apodi",2,"Nordeste",0,"240230",3,24,6,18,7,17,0,0,0,0,0,24,6,18,7,17,23,9.76484425923971,9.93017816778917,0.369031438177023,31
"3897","RN","Caraúbas",20541,17410.77,24002,"Chapada do Apodi",2,"Nordeste",0,"240230",4,13,2,11,8,5,0,0,0,0,0,13,2,11,8,5,13,9.76484425923971,9.93017816778917,0.39415632934623,30
"3898","RN","Caraúbas",20541,17410.77,24002,"Chapada do Apodi",2,"Nordeste",0,"240230",5,13,4,9,4,9,0,0,0,0,0,13,4,9,4,9,8,9.76484425923971,9.93017816778917,0.387381220317878,31
"3899","RN","Caraúbas",20541,17410.77,24002,"Chapada do Apodi",2,"Nordeste",0,"240230",6,15,3,12,7,8,0,0,0,0,0,15,3,12,7,8,14,9.76484425923971,9.93017816778917,0.411936384354156,30
"3900","RN","Caraúbas",20541,17410.77,24002,"Chapada do Apodi",2,"Nordeste",0,"240230",7,16,3,13,6,10,0,0,0,0,0,16,3,13,6,10,16,9.76484425923971,9.93017816778917,0.416365474675899,29
"3901","RN","Carnaúba dos Dantas",8239,10191.51,24012,"Seridó Oriental",2,"Nordeste",0,"240240",2,8,1,7,2,6,0,0,0,0,0,8,1,7,2,6,5,9.22931029973314,9.01663425631559,0.266644546709877,29
"3902","RN","Carnaúba dos Dantas",8239,10191.51,24012,"Seridó Oriental",2,"Nordeste",0,"240240",3,13,4,9,3,10,0,0,0,0,0,13,4,9,3,10,4,9.22931029973314,9.01663425631559,0.324305782248462,31
"3903","RN","Carnaúba dos Dantas",8239,10191.51,24012,"Seridó Oriental",2,"Nordeste",0,"240240",4,11,0,11,1,10,0,0,0,0,0,11,0,11,1,10,4,9.22931029973314,9.01663425631559,0.35742499197224,30
"3904","RN","Carnaúba dos Dantas",8239,10191.51,24012,"Seridó Oriental",2,"Nordeste",0,"240240",5,10,1,9,1,9,0,0,0,0,0,10,1,9,1,9,7,9.22931029973314,9.01663425631559,0.355503619265041,31
"3905","RN","Carnaúba dos Dantas",8239,10191.51,24012,"Seridó Oriental",2,"Nordeste",0,"240240",6,8,0,8,3,5,0,0,0,0,0,8,0,8,3,5,3,9.22931029973314,9.01663425631559,0.371315998923008,30
"3906","RN","Carnaúba dos Dantas",8239,10191.51,24012,"Seridó Oriental",2,"Nordeste",0,"240240",7,9,4,5,4,5,1,0,0,0,0,10,4,5,4,5,10,9.22931029973314,9.01663425631559,0.389541962804565,29
"3907","RN","Carnaubais",10867,15370.65,24004,"Vale do Açu",2,"Nordeste",0,"240250",2,17,2,15,8,9,0,0,0,0,0,17,2,15,8,9,5,9.6402151258141,9.29348595306285,0.275607623419511,29
"3908","RN","Carnaubais",10867,15370.65,24004,"Vale do Açu",2,"Nordeste",0,"240250",3,10,1,9,4,6,0,0,0,0,0,10,1,9,4,6,6,9.6402151258141,9.29348595306285,0.384006422794654,31
"3909","RN","Carnaubais",10867,15370.65,24004,"Vale do Açu",2,"Nordeste",0,"240250",4,8,4,4,3,5,0,0,0,0,0,8,4,4,3,5,5,9.6402151258141,9.29348595306285,0.408427660756934,30
"3910","RN","Carnaubais",10867,15370.65,24004,"Vale do Açu",2,"Nordeste",0,"240250",5,15,7,8,10,5,0,0,0,0,0,15,7,8,10,5,6,9.6402151258141,9.29348595306285,0.396753945035435,31
"3911","RN","Carnaubais",10867,15370.65,24004,"Vale do Açu",2,"Nordeste",0,"240250",6,9,5,4,4,5,0,0,0,0,0,9,5,4,4,5,8,9.6402151258141,9.29348595306285,0.383411053337873,30
"3912","RN","Carnaubais",10867,15370.65,24004,"Vale do Açu",2,"Nordeste",0,"240250",7,7,2,5,3,4,1,0,0,0,0,8,2,5,3,4,11,9.6402151258141,9.29348595306285,0.404147169009797,29
"3913","RN","Ceará-Mirim",73886,11617.19,24017,"Macaíba",2,"Nordeste",1,"240260",2,154,58,96,68,86,2,0,0,0,0,156,58,96,68,86,44,9.36024117672104,11.2102786437931,0.276218072396437,29
"3914","RN","Ceará-Mirim",73886,11617.19,24017,"Macaíba",2,"Nordeste",1,"240260",3,151,70,81,61,90,1,0,0,0,0,152,70,81,61,90,39,9.36024117672104,11.2102786437931,0.365042764000513,31
"3915","RN","Ceará-Mirim",73886,11617.19,24017,"Macaíba",2,"Nordeste",1,"240260",4,84,45,39,29,55,1,0,0,0,0,85,45,39,29,55,48,9.36024117672104,11.2102786437931,0.408088182046825,30
"3916","RN","Ceará-Mirim",73886,11617.19,24017,"Macaíba",2,"Nordeste",1,"240260",5,91,35,56,34,57,0,0,0,0,0,91,35,56,34,57,58,9.36024117672104,11.2102786437931,0.396670129428631,31
"3917","RN","Ceará-Mirim",73886,11617.19,24017,"Macaíba",2,"Nordeste",1,"240260",6,91,32,59,38,53,3,0,0,0,0,94,32,59,38,53,59,9.36024117672104,11.2102786437931,0.380218737868239,30
"3918","RN","Ceará-Mirim",73886,11617.19,24017,"Macaíba",2,"Nordeste",1,"240260",7,131,47,84,56,75,0,0,0,0,0,131,47,84,56,75,53,9.36024117672104,11.2102786437931,0.373792564242443,29
"3919","RN","Cerro Corá",11181,13788.61,24010,"Serra de Santana",2,"Nordeste",0,"240270",2,14,4,10,6,8,0,0,0,0,0,14,4,10,6,8,2,9.53159816802744,9.32197118814737,0.303294394880509,29
"3920","RN","Cerro Corá",11181,13788.61,24010,"Serra de Santana",2,"Nordeste",0,"240270",3,13,7,6,4,9,0,0,0,0,0,13,7,6,4,9,3,9.53159816802744,9.32197118814737,0.389793153460562,31
"3921","RN","Cerro Corá",11181,13788.61,24010,"Serra de Santana",2,"Nordeste",0,"240270",4,9,5,4,3,6,0,0,0,0,0,9,5,4,3,6,5,9.53159816802744,9.32197118814737,0.395258570230301,30
"3922","RN","Cerro Corá",11181,13788.61,24010,"Serra de Santana",2,"Nordeste",0,"240270",5,16,6,10,6,10,1,0,0,0,0,17,6,10,6,10,5,9.53159816802744,9.32197118814737,0.392882327251397,31
"3923","RN","Cerro Corá",11181,13788.61,24010,"Serra de Santana",2,"Nordeste",0,"240270",6,7,3,4,3,4,0,0,0,0,0,7,3,4,3,4,6,9.53159816802744,9.32197118814737,0.400005394737556,30
"3924","RN","Cerro Corá",11181,13788.61,24010,"Serra de Santana",2,"Nordeste",0,"240270",7,11,3,8,4,7,0,0,0,0,0,11,3,8,4,7,5,9.53159816802744,9.32197118814737,0.438147743386257,29
"3925","RN","Cruzeta",7983,12123.7,24012,"Seridó Oriental",2,"Nordeste",0,"240300",2,19,4,15,5,14,0,0,0,0,0,19,4,15,5,14,2,9.40291749356274,8.9850695596458,0.272495257320262,29
"3926","RN","Cruzeta",7983,12123.7,24012,"Seridó Oriental",2,"Nordeste",0,"240300",3,11,1,10,4,7,0,0,0,0,0,11,1,10,4,7,6,9.40291749356274,8.9850695596458,0.342685715833033,31
"3927","RN","Cruzeta",7983,12123.7,24012,"Seridó Oriental",2,"Nordeste",0,"240300",4,10,3,7,6,4,0,0,0,0,0,10,3,7,6,4,8,9.40291749356274,8.9850695596458,0.353117768309256,30
"3928","RN","Cruzeta",7983,12123.7,24012,"Seridó Oriental",2,"Nordeste",0,"240300",5,9,1,8,2,7,0,0,0,0,0,9,1,8,2,7,3,9.40291749356274,8.9850695596458,0.36545031818248,31
"3929","RN","Cruzeta",7983,12123.7,24012,"Seridó Oriental",2,"Nordeste",0,"240300",6,5,2,3,2,3,0,0,0,0,0,5,2,3,2,3,6,9.40291749356274,8.9850695596458,0.325207590340595,30
"3930","RN","Cruzeta",7983,12123.7,24012,"Seridó Oriental",2,"Nordeste",0,"240300",7,8,3,5,2,6,0,0,0,0,0,8,3,5,2,6,8,9.40291749356274,8.9850695596458,0.349305494308232,29
"3931","RN","Currais Novos",44905,15575.8,24012,"Seridó Oriental",2,"Nordeste",1,"240310",2,73,8,65,24,49,0,0,0,0,0,73,8,65,24,49,29,9.65347370670252,10.712304426105,0.258340524076195,29
"3932","RN","Currais Novos",44905,15575.8,24012,"Seridó Oriental",2,"Nordeste",1,"240310",3,63,12,51,20,43,1,0,0,0,0,64,12,51,20,43,37,9.65347370670252,10.712304426105,0.346830277928785,31
"3933","RN","Currais Novos",44905,15575.8,24012,"Seridó Oriental",2,"Nordeste",1,"240310",4,40,8,32,13,27,0,0,0,0,0,40,8,32,13,27,30,9.65347370670252,10.712304426105,0.402575429239442,30
"3934","RN","Currais Novos",44905,15575.8,24012,"Seridó Oriental",2,"Nordeste",1,"240310",5,45,7,38,14,31,0,0,0,0,0,45,7,38,14,31,37,9.65347370670252,10.712304426105,0.383741888242708,31
"3935","RN","Currais Novos",44905,15575.8,24012,"Seridó Oriental",2,"Nordeste",1,"240310",6,45,14,31,17,28,2,0,0,0,0,47,14,31,17,28,17,9.65347370670252,10.712304426105,0.376169227286792,30
"3936","RN","Currais Novos",44905,15575.8,24012,"Seridó Oriental",2,"Nordeste",1,"240310",7,34,4,30,13,21,0,0,0,0,0,34,4,30,13,21,35,9.65347370670252,10.712304426105,0.39471892276494,29
"3937","RN","Doutor Severiano",7072,8089.54,24005,"Serra de São Miguel",2,"Nordeste",0,"240320",2,10,2,8,5,5,0,0,0,0,0,10,2,8,5,5,5,8.99832714811454,8.86389860431748,0.292392183015002,29
"3938","RN","Doutor Severiano",7072,8089.54,24005,"Serra de São Miguel",2,"Nordeste",0,"240320",3,24,8,16,9,15,0,0,0,0,0,24,8,16,9,15,1,8.99832714811454,8.86389860431748,0.358372557398948,31
"3939","RN","Doutor Severiano",7072,8089.54,24005,"Serra de São Miguel",2,"Nordeste",0,"240320",4,12,5,7,8,4,0,0,0,0,0,12,5,7,8,4,1,8.99832714811454,8.86389860431748,0.411053066751345,30
"3940","RN","Doutor Severiano",7072,8089.54,24005,"Serra de São Miguel",2,"Nordeste",0,"240320",5,8,0,8,4,4,0,0,0,0,0,8,0,8,4,4,2,8.99832714811454,8.86389860431748,0.431684468513857,31
"3941","RN","Doutor Severiano",7072,8089.54,24005,"Serra de São Miguel",2,"Nordeste",0,"240320",6,10,5,5,2,8,0,0,0,0,0,10,5,5,2,8,2,8.99832714811454,8.86389860431748,0.37085298209852,30
"3942","RN","Doutor Severiano",7072,8089.54,24005,"Serra de São Miguel",2,"Nordeste",0,"240320",7,7,0,7,2,5,0,0,0,0,0,7,0,7,2,5,6,8.99832714811454,8.86389860431748,0.380878389975781,29
"3943","RN","Parnamirim",267036,20317.98,24018,"Natal",2,"Nordeste",1,"240325",2,544,118,426,149,395,4,0,0,0,0,548,118,426,149,395,109,9.91926148730215,12.4951387597541,0.281257250751359,29
"3944","RN","Parnamirim",267036,20317.98,24018,"Natal",2,"Nordeste",1,"240325",3,409,93,316,105,304,0,0,0,0,0,409,93,316,105,304,99,9.91926148730215,12.4951387597541,0.387625868505534,31
"3945","RN","Parnamirim",267036,20317.98,24018,"Natal",2,"Nordeste",1,"240325",4,265,53,212,71,194,3,0,0,0,0,268,53,212,71,194,96,9.91926148730215,12.4951387597541,0.460102910277402,30
"3946","RN","Parnamirim",267036,20317.98,24018,"Natal",2,"Nordeste",1,"240325",5,242,36,206,76,166,2,0,0,0,0,244,36,206,76,166,105,9.91926148730215,12.4951387597541,0.435769052749882,31
"3947","RN","Parnamirim",267036,20317.98,24018,"Natal",2,"Nordeste",1,"240325",6,273,43,230,73,200,2,0,0,0,0,275,43,230,73,200,150,9.91926148730215,12.4951387597541,0.418904246812196,30
"3948","RN","Parnamirim",267036,20317.98,24018,"Natal",2,"Nordeste",1,"240325",7,308,59,249,78,230,2,0,0,0,0,310,59,249,78,230,143,9.91926148730215,12.4951387597541,0.40620562492027,29
"3949","RN","Encanto",5668,7779.9,24005,"Serra de São Miguel",2,"Nordeste",0,"240330",2,12,6,6,4,8,0,0,0,0,0,12,6,6,4,8,5,8.95929876361939,8.64259160081057,0.268725305312425,29
"3950","RN","Encanto",5668,7779.9,24005,"Serra de São Miguel",2,"Nordeste",0,"240330",3,12,4,8,5,7,0,0,0,0,0,12,4,8,5,7,5,8.95929876361939,8.64259160081057,0.36320327956439,31
"3951","RN","Encanto",5668,7779.9,24005,"Serra de São Miguel",2,"Nordeste",0,"240330",4,10,5,5,7,3,0,0,0,0,0,10,5,5,7,3,5,8.95929876361939,8.64259160081057,0.462286608963425,30
"3952","RN","Encanto",5668,7779.9,24005,"Serra de São Miguel",2,"Nordeste",0,"240330",5,7,5,2,5,2,0,0,0,0,0,7,5,2,5,2,8,8.95929876361939,8.64259160081057,0.464550169311695,31
"3953","RN","Encanto",5668,7779.9,24005,"Serra de São Miguel",2,"Nordeste",0,"240330",6,7,3,4,4,3,0,0,0,0,0,7,3,4,4,3,5,8.95929876361939,8.64259160081057,0.384202744062381,30
"3954","RN","Encanto",5668,7779.9,24005,"Serra de São Miguel",2,"Nordeste",0,"240330",7,4,0,4,1,3,0,0,0,0,0,4,0,4,1,3,3,8.95929876361939,8.64259160081057,0.422799121930859,29
"3955","RN","Equador",6054,10581.62,24012,"Seridó Oriental",2,"Nordeste",0,"240340",2,7,4,3,4,3,0,0,0,0,0,7,4,3,4,3,1,9.26687381278339,8.70847448958166,0.289227433925078,29
"3956","RN","Equador",6054,10581.62,24012,"Seridó Oriental",2,"Nordeste",0,"240340",3,6,1,5,1,5,1,0,0,0,0,7,1,5,1,5,2,9.26687381278339,8.70847448958166,0.375729056936212,31
"3957","RN","Equador",6054,10581.62,24012,"Seridó Oriental",2,"Nordeste",0,"240340",4,5,2,3,0,5,0,0,0,0,0,5,2,3,0,5,2,9.26687381278339,8.70847448958166,0.416346138376514,30
"3958","RN","Equador",6054,10581.62,24012,"Seridó Oriental",2,"Nordeste",0,"240340",5,8,1,7,3,5,0,0,0,0,0,8,1,7,3,5,1,9.26687381278339,8.70847448958166,0.383012483416979,31
"3959","RN","Equador",6054,10581.62,24012,"Seridó Oriental",2,"Nordeste",0,"240340",6,3,1,2,1,2,0,0,0,0,0,3,1,2,1,2,3,9.26687381278339,8.70847448958166,0.395033576242104,30
"3960","RN","Equador",6054,10581.62,24012,"Seridó Oriental",2,"Nordeste",0,"240340",7,9,1,8,1,8,0,0,0,0,0,9,1,8,1,8,5,9.26687381278339,8.70847448958166,0.382019291668969,29
"3961","RN","Espírito Santo",10484,7123.1,24019,"Litoral Sul",2,"Nordeste",0,"240350",2,17,6,11,6,11,1,0,0,0,0,18,6,11,6,11,3,8.87109830290831,9.2576055644433,0.291209629461519,29
"3962","RN","Espírito Santo",10484,7123.1,24019,"Litoral Sul",2,"Nordeste",0,"240350",3,15,9,6,7,8,0,0,0,0,0,15,9,6,7,8,6,8.87109830290831,9.2576055644433,0.396058983044017,31
"3963","RN","Espírito Santo",10484,7123.1,24019,"Litoral Sul",2,"Nordeste",0,"240350",4,4,3,1,2,2,0,0,0,0,0,4,3,1,2,2,2,8.87109830290831,9.2576055644433,0.421006198919518,30
"3964","RN","Espírito Santo",10484,7123.1,24019,"Litoral Sul",2,"Nordeste",0,"240350",5,8,7,1,5,3,0,0,0,0,0,8,7,1,5,3,4,8.87109830290831,9.2576055644433,0.423803511635421,31
"3965","RN","Espírito Santo",10484,7123.1,24019,"Litoral Sul",2,"Nordeste",0,"240350",6,5,3,2,3,2,0,0,0,0,0,5,3,2,3,2,5,8.87109830290831,9.2576055644433,0.448172344620767,30
"3966","RN","Espírito Santo",10484,7123.1,24019,"Litoral Sul",2,"Nordeste",0,"240350",7,14,4,10,6,8,1,0,0,0,0,15,4,10,6,8,3,8.87109830290831,9.2576055644433,0.439783089215826,29
"3967","RN","Extremoz",28936,14409.49,24018,"Natal",2,"Nordeste",1,"240360",2,83,31,52,31,52,2,0,0,0,0,85,31,52,31,52,28,9.57564229627843,10.2728417736319,0.278048137417203,29
"3968","RN","Extremoz",28936,14409.49,24018,"Natal",2,"Nordeste",1,"240360",3,81,16,65,23,58,1,0,0,0,0,82,16,65,23,58,10,9.57564229627843,10.2728417736319,0.378637490501846,31
"3969","RN","Extremoz",28936,14409.49,24018,"Natal",2,"Nordeste",1,"240360",4,41,15,26,17,24,0,0,0,0,0,41,15,26,17,24,28,9.57564229627843,10.2728417736319,0.442015173083617,30
"3970","RN","Extremoz",28936,14409.49,24018,"Natal",2,"Nordeste",1,"240360",5,49,10,39,18,31,0,0,0,0,0,49,10,39,18,31,20,9.57564229627843,10.2728417736319,0.42580323021587,31
"3971","RN","Extremoz",28936,14409.49,24018,"Natal",2,"Nordeste",1,"240360",6,55,17,38,19,36,0,0,0,0,0,55,17,38,19,36,39,9.57564229627843,10.2728417736319,0.413345327967099,30
"3972","RN","Extremoz",28936,14409.49,24018,"Natal",2,"Nordeste",1,"240360",7,56,18,38,18,38,1,0,0,0,0,57,18,38,18,38,34,9.57564229627843,10.2728417736319,0.393898062014389,29
"3973","RN","Felipe Guerra",5997,16532.41,24002,"Chapada do Apodi",2,"Nordeste",0,"240370",2,9,5,4,7,2,0,0,0,0,0,9,5,4,7,2,3,9.71307797571123,8.69901462316851,0.248701969872874,29
"3974","RN","Felipe Guerra",5997,16532.41,24002,"Chapada do Apodi",2,"Nordeste",0,"240370",3,11,3,8,4,7,0,0,0,0,0,11,3,8,4,7,3,9.71307797571123,8.69901462316851,0.363675834823218,31
"3975","RN","Felipe Guerra",5997,16532.41,24002,"Chapada do Apodi",2,"Nordeste",0,"240370",4,2,1,1,1,1,0,0,0,0,0,2,1,1,1,1,5,9.71307797571123,8.69901462316851,0.375478568814297,30
"3976","RN","Felipe Guerra",5997,16532.41,24002,"Chapada do Apodi",2,"Nordeste",0,"240370",5,6,1,5,3,3,0,0,0,0,0,6,1,5,3,3,5,9.71307797571123,8.69901462316851,0.406661475383216,31
"3977","RN","Felipe Guerra",5997,16532.41,24002,"Chapada do Apodi",2,"Nordeste",0,"240370",6,4,1,3,2,2,1,0,0,0,0,5,1,3,2,2,3,9.71307797571123,8.69901462316851,0.378743284888007,30
"3978","RN","Felipe Guerra",5997,16532.41,24002,"Chapada do Apodi",2,"Nordeste",0,"240370",7,5,1,4,1,4,0,0,0,0,0,5,1,4,1,4,1,9.71307797571123,8.69901462316851,0.397265825417155,29
"3979","RN","Florânia",9786,9653.16,24010,"Serra de Santana",2,"Nordeste",0,"240380",2,23,9,14,13,10,0,0,0,0,0,23,9,14,13,10,4,9.17504060186923,9.18870807184907,0.274328192358984,29
"3980","RN","Florânia",9786,9653.16,24010,"Serra de Santana",2,"Nordeste",0,"240380",3,13,4,9,5,8,0,0,0,0,0,13,4,9,5,8,4,9.17504060186923,9.18870807184907,0.341259666245433,31
"3981","RN","Florânia",9786,9653.16,24010,"Serra de Santana",2,"Nordeste",0,"240380",4,10,1,9,3,7,0,0,0,0,0,10,1,9,3,7,9,9.17504060186923,9.18870807184907,0.366508010913636,30
"3982","RN","Florânia",9786,9653.16,24010,"Serra de Santana",2,"Nordeste",0,"240380",5,7,0,7,3,4,0,0,0,0,0,7,0,7,3,4,9,9.17504060186923,9.18870807184907,0.378950913343258,31
"3983","RN","Florânia",9786,9653.16,24010,"Serra de Santana",2,"Nordeste",0,"240380",6,9,3,6,3,6,0,0,0,0,0,9,3,6,3,6,9,9.17504060186923,9.18870807184907,0.390620224145125,30
"3984","RN","Florânia",9786,9653.16,24010,"Serra de Santana",2,"Nordeste",0,"240380",7,10,1,9,3,7,0,0,0,0,0,10,1,9,3,7,9,9.17504060186923,9.18870807184907,0.42288256639243,29
"3985","RN","Frutuoso Gomes",4041,8890.17,24007,"Umarizal",2,"Nordeste",0,"240400",2,15,8,7,5,10,0,0,0,0,0,15,8,7,5,10,1,9.09270145093479,8.30424746507847,0.280002005900162,29
"3986","RN","Frutuoso Gomes",4041,8890.17,24007,"Umarizal",2,"Nordeste",0,"240400",3,9,2,7,3,6,0,0,0,0,0,9,2,7,3,6,3,9.09270145093479,8.30424746507847,0.374126441693105,31
"3987","RN","Frutuoso Gomes",4041,8890.17,24007,"Umarizal",2,"Nordeste",0,"240400",4,1,1,0,1,0,0,0,0,0,0,1,1,0,1,0,3,9.09270145093479,8.30424746507847,0.415483123690752,30
"3988","RN","Frutuoso Gomes",4041,8890.17,24007,"Umarizal",2,"Nordeste",0,"240400",5,5,5,0,3,2,0,0,0,0,0,5,5,0,3,2,7,9.09270145093479,8.30424746507847,0.422752998252568,31
"3989","RN","Frutuoso Gomes",4041,8890.17,24007,"Umarizal",2,"Nordeste",0,"240400",6,5,0,5,2,3,0,0,0,0,0,5,0,5,2,3,1,9.09270145093479,8.30424746507847,0.412252448981299,30
"3990","RN","Frutuoso Gomes",4041,8890.17,24007,"Umarizal",2,"Nordeste",0,"240400",7,2,1,1,1,1,0,0,0,0,0,2,1,1,1,1,1,9.09270145093479,8.30424746507847,0.430743423301787,29
"3991","RN","Goianinha",26669,14575.26,24019,"Litoral Sul",2,"Nordeste",1,"240420",2,65,28,37,31,34,1,0,0,0,0,66,28,37,31,34,13,9.58708084982459,10.19125712116,0.289037286828166,29
"3992","RN","Goianinha",26669,14575.26,24019,"Litoral Sul",2,"Nordeste",1,"240420",3,61,24,37,30,31,1,0,0,0,0,62,24,37,30,31,13,9.58708084982459,10.19125712116,0.385544440113306,31
"3993","RN","Goianinha",26669,14575.26,24019,"Litoral Sul",2,"Nordeste",1,"240420",4,47,21,26,18,29,0,0,0,0,0,47,21,26,18,29,16,9.58708084982459,10.19125712116,0.408140818552616,30
"3994","RN","Goianinha",26669,14575.26,24019,"Litoral Sul",2,"Nordeste",1,"240420",5,31,13,18,18,13,1,0,0,0,0,32,13,18,18,13,16,9.58708084982459,10.19125712116,0.405028242840326,31
"3995","RN","Goianinha",26669,14575.26,24019,"Litoral Sul",2,"Nordeste",1,"240420",6,38,17,21,16,22,2,0,0,0,0,40,17,21,16,22,20,9.58708084982459,10.19125712116,0.389412317602331,30
"3996","RN","Goianinha",26669,14575.26,24019,"Litoral Sul",2,"Nordeste",1,"240420",7,55,23,32,24,31,0,0,0,0,0,55,23,32,24,31,17,9.58708084982459,10.19125712116,0.389387021923349,29
"3997","RN","Governador Dix-Sept Rosado",13076,20229.67,24002,"Chapada do Apodi",2,"Nordeste",0,"240430",2,11,6,5,3,8,0,0,0,0,0,11,6,5,3,8,11,9.91490561762143,9.4785337678441,0.290765477888632,29
"3998","RN","Governador Dix-Sept Rosado",13076,20229.67,24002,"Chapada do Apodi",2,"Nordeste",0,"240430",3,16,7,9,8,8,0,0,0,0,0,16,7,9,8,8,7,9.91490561762143,9.4785337678441,0.384854360964319,31
"3999","RN","Governador Dix-Sept Rosado",13076,20229.67,24002,"Chapada do Apodi",2,"Nordeste",0,"240430",4,13,3,10,8,5,0,0,0,0,0,13,3,10,8,5,10,9.91490561762143,9.4785337678441,0.418783330348352,30
"4000","RN","Governador Dix-Sept Rosado",13076,20229.67,24002,"Chapada do Apodi",2,"Nordeste",0,"240430",5,18,8,10,10,8,0,0,0,0,0,18,8,10,10,8,11,9.91490561762143,9.4785337678441,0.418446278843927,31
"4001","RN","Governador Dix-Sept Rosado",13076,20229.67,24002,"Chapada do Apodi",2,"Nordeste",0,"240430",6,17,4,13,7,10,0,0,0,0,0,17,4,13,7,10,8,9.91490561762143,9.4785337678441,0.391777256637831,30
"4002","RN","Governador Dix-Sept Rosado",13076,20229.67,24002,"Chapada do Apodi",2,"Nordeste",0,"240430",7,8,3,5,6,2,0,0,0,0,0,8,3,5,6,2,14,9.91490561762143,9.4785337678441,0.424158155337152,29
"4003","RN","Grossos",10463,14933.57,24001,"Mossoró",2,"Nordeste",0,"240440",2,13,4,9,5,8,0,0,0,0,0,13,4,9,5,8,10,9.61136697782367,9.25560050338105,0.270352804868754,29
"4004","RN","Grossos",10463,14933.57,24001,"Mossoró",2,"Nordeste",0,"240440",3,9,4,5,3,6,0,0,0,0,0,9,4,5,3,6,5,9.61136697782367,9.25560050338105,0.370372211175632,31
"4005","RN","Grossos",10463,14933.57,24001,"Mossoró",2,"Nordeste",0,"240440",4,4,1,3,1,3,0,0,0,0,0,4,1,3,1,3,5,9.61136697782367,9.25560050338105,0.418026575702398,30
"4006","RN","Grossos",10463,14933.57,24001,"Mossoró",2,"Nordeste",0,"240440",5,13,4,9,6,7,0,0,0,0,0,13,4,9,6,7,13,9.61136697782367,9.25560050338105,0.423392212938436,31
"4007","RN","Grossos",10463,14933.57,24001,"Mossoró",2,"Nordeste",0,"240440",6,6,1,5,2,4,0,0,0,0,0,6,1,5,2,4,6,9.61136697782367,9.25560050338105,0.431282373806767,30
"4008","RN","Grossos",10463,14933.57,24001,"Mossoró",2,"Nordeste",0,"240440",7,10,4,6,6,4,1,0,0,0,0,11,4,6,6,4,6,9.61136697782367,9.25560050338105,0.407902552118961,29
"4009","RN","Guamaré",15963,90678.84,24008,"Macau",2,"Nordeste",0,"240450",2,31,12,19,15,16,0,0,0,0,0,31,12,19,15,16,7,11.4150793123032,9.67802882326448,0.272510508724637,29
"4010","RN","Guamaré",15963,90678.84,24008,"Macau",2,"Nordeste",0,"240450",3,20,9,11,11,9,0,0,0,0,0,20,9,11,11,9,9,11.4150793123032,9.67802882326448,0.348350842676974,31
"4011","RN","Guamaré",15963,90678.84,24008,"Macau",2,"Nordeste",0,"240450",4,15,7,8,4,11,1,0,0,0,0,16,7,8,4,11,8,11.4150793123032,9.67802882326448,0.400081549992754,30
"4012","RN","Guamaré",15963,90678.84,24008,"Macau",2,"Nordeste",0,"240450",5,26,11,15,9,17,0,0,0,0,0,26,11,15,9,17,8,11.4150793123032,9.67802882326448,0.412604629916141,31
"4013","RN","Guamaré",15963,90678.84,24008,"Macau",2,"Nordeste",0,"240450",6,30,11,19,20,10,0,0,0,0,0,30,11,19,20,10,19,11.4150793123032,9.67802882326448,0.407503192288557,30
"4014","RN","Guamaré",15963,90678.84,24008,"Macau",2,"Nordeste",0,"240450",7,28,17,11,9,19,1,0,0,0,0,29,17,11,9,19,11,11.4150793123032,9.67802882326448,0.405234737440854,29
"4015","RN","Ielmo Marinho",13901,7740.82,24015,"Agreste Potiguar",2,"Nordeste",0,"240460",2,15,9,6,9,6,0,0,0,0,0,15,9,6,9,6,4,8.95426290412465,9.53971605897709,0.341757508767343,29
"4016","RN","Ielmo Marinho",13901,7740.82,24015,"Agreste Potiguar",2,"Nordeste",0,"240460",3,15,10,5,8,7,0,0,0,0,0,15,10,5,8,7,7,8.95426290412465,9.53971605897709,0.438119412117092,31
"4017","RN","Ielmo Marinho",13901,7740.82,24015,"Agreste Potiguar",2,"Nordeste",0,"240460",4,12,4,8,6,6,0,0,0,0,0,12,4,8,6,6,3,8.95426290412465,9.53971605897709,0.442693166441792,30
"4018","RN","Ielmo Marinho",13901,7740.82,24015,"Agreste Potiguar",2,"Nordeste",0,"240460",5,12,6,6,5,7,1,0,0,0,0,13,6,6,5,7,6,8.95426290412465,9.53971605897709,0.445066606445512,31
"4019","RN","Ielmo Marinho",13901,7740.82,24015,"Agreste Potiguar",2,"Nordeste",0,"240460",6,11,5,6,4,7,0,0,0,0,0,11,5,6,4,7,8,8.95426290412465,9.53971605897709,0.434514651449144,30
"4020","RN","Ielmo Marinho",13901,7740.82,24015,"Agreste Potiguar",2,"Nordeste",0,"240460",7,16,6,10,4,12,0,0,0,0,0,16,6,10,4,12,7,8.95426290412465,9.53971605897709,0.456406354948046,29
"4021","RN","Ipanguaçu",15626,8819.39,24004,"Vale do Açu",2,"Nordeste",0,"240470",2,36,9,27,17,19,0,0,0,0,0,36,9,27,17,19,11,9.08470798561137,9.65669147255669,0.280647022664486,29
"4022","RN","Ipanguaçu",15626,8819.39,24004,"Vale do Açu",2,"Nordeste",0,"240470",3,24,12,12,10,14,0,0,0,0,0,24,12,12,10,14,6,9.08470798561137,9.65669147255669,0.381025891500087,31
"4023","RN","Ipanguaçu",15626,8819.39,24004,"Vale do Açu",2,"Nordeste",0,"240470",4,6,2,4,3,3,0,0,0,0,0,6,2,4,3,3,13,9.08470798561137,9.65669147255669,0.400326895215067,30
"4024","RN","Ipanguaçu",15626,8819.39,24004,"Vale do Açu",2,"Nordeste",0,"240470",5,13,6,7,5,8,0,0,0,0,0,13,6,7,5,8,9,9.08470798561137,9.65669147255669,0.37950806726152,31
"4025","RN","Ipanguaçu",15626,8819.39,24004,"Vale do Açu",2,"Nordeste",0,"240470",6,11,5,6,8,3,1,0,0,0,0,12,5,6,8,3,10,9.08470798561137,9.65669147255669,0.372017781349222,30
"4026","RN","Ipanguaçu",15626,8819.39,24004,"Vale do Açu",2,"Nordeste",0,"240470",7,20,10,10,15,5,3,0,0,0,0,23,10,10,15,5,13,9.08470798561137,9.65669147255669,0.404052843783462,29
"4027","RN","Itajá",7595,10937.11,24004,"Vale do Açu",2,"Nordeste",0,"240485",2,11,1,10,5,6,0,0,0,0,0,11,1,10,5,6,4,9.29991687288728,8.93524541502987,0.226925360318461,29
"4028","RN","Itajá",7595,10937.11,24004,"Vale do Açu",2,"Nordeste",0,"240485",3,13,3,10,7,6,0,0,0,0,0,13,3,10,7,6,3,9.29991687288728,8.93524541502987,0.295313007889171,31
"4029","RN","Itajá",7595,10937.11,24004,"Vale do Açu",2,"Nordeste",0,"240485",4,7,3,4,2,5,0,0,0,0,0,7,3,4,2,5,3,9.29991687288728,8.93524541502987,0.327226673213451,30
"4030","RN","Itajá",7595,10937.11,24004,"Vale do Açu",2,"Nordeste",0,"240485",5,12,4,8,8,4,0,0,0,0,0,12,4,8,8,4,5,9.29991687288728,8.93524541502987,0.305489519603991,31
"4031","RN","Itajá",7595,10937.11,24004,"Vale do Açu",2,"Nordeste",0,"240485",6,10,1,9,2,8,0,0,0,0,0,10,1,9,2,8,5,9.29991687288728,8.93524541502987,0.308815955062677,30
"4032","RN","Itajá",7595,10937.11,24004,"Vale do Açu",2,"Nordeste",0,"240485",7,7,3,4,2,5,0,0,0,0,0,7,3,4,2,5,3,9.29991687288728,8.93524541502987,0.328508281753552,29
"4033","RN","Itaú",5897,9197.21,24006,"Pau dos Ferros",2,"Nordeste",0,"240490",2,16,9,7,10,6,0,0,0,0,0,16,9,7,10,6,2,9.12665545617469,8.6821990260005,0.232351537631284,29
"4034","RN","Itaú",5897,9197.21,24006,"Pau dos Ferros",2,"Nordeste",0,"240490",3,7,5,2,3,4,1,0,0,0,0,8,5,2,3,4,5,9.12665545617469,8.6821990260005,0.335232444014393,31
"4035","RN","Itaú",5897,9197.21,24006,"Pau dos Ferros",2,"Nordeste",0,"240490",4,2,2,0,1,1,0,0,0,0,0,2,2,0,1,1,1,9.12665545617469,8.6821990260005,0.354160142806433,30
"4036","RN","Itaú",5897,9197.21,24006,"Pau dos Ferros",2,"Nordeste",0,"240490",5,7,3,4,5,2,0,0,0,0,0,7,3,4,5,2,5,9.12665545617469,8.6821990260005,0.37331337726022,31
"4037","RN","Itaú",5897,9197.21,24006,"Pau dos Ferros",2,"Nordeste",0,"240490",6,7,6,1,6,1,0,0,0,0,0,7,6,1,6,1,2,9.12665545617469,8.6821990260005,0.331532798481868,30
"4038","RN","Itaú",5897,9197.21,24006,"Pau dos Ferros",2,"Nordeste",0,"240490",7,7,2,5,3,4,0,0,0,0,0,7,2,5,3,4,3,9.12665545617469,8.6821990260005,0.377263461371507,29
"4039","RN","Jaçanã",9238,6873.49,24014,"Borborema Potiguar",2,"Nordeste",0,"240500",2,10,5,5,6,4,0,0,0,0,0,10,5,5,6,4,6,8.83542726204754,9.13108069099055,0.295081944395561,29
"4040","RN","Jaçanã",9238,6873.49,24014,"Borborema Potiguar",2,"Nordeste",0,"240500",3,10,4,6,5,5,1,0,0,0,0,11,4,6,5,5,4,8.83542726204754,9.13108069099055,0.397772102886673,31
"4041","RN","Jaçanã",9238,6873.49,24014,"Borborema Potiguar",2,"Nordeste",0,"240500",4,9,3,6,5,4,0,0,0,0,0,9,3,6,5,4,3,8.83542726204754,9.13108069099055,0.41812334941026,30
"4042","RN","Jaçanã",9238,6873.49,24014,"Borborema Potiguar",2,"Nordeste",0,"240500",5,10,3,7,2,8,0,0,0,0,0,10,3,7,2,8,6,8.83542726204754,9.13108069099055,0.415167016895296,31
"4043","RN","Jaçanã",9238,6873.49,24014,"Borborema Potiguar",2,"Nordeste",0,"240500",6,10,2,8,4,6,0,0,0,0,0,10,2,8,4,6,2,8.83542726204754,9.13108069099055,0.402359637557323,30
"4044","RN","Jaçanã",9238,6873.49,24014,"Borborema Potiguar",2,"Nordeste",0,"240500",7,12,4,8,7,5,0,0,0,0,0,12,4,8,7,5,12,8.83542726204754,9.13108069099055,0.461595028475061,29
"4045","RN","Jandaíra",6893,10084.08,24013,"Baixa Verde",2,"Nordeste",0,"240510",2,10,3,7,5,5,0,0,0,0,0,10,3,7,5,5,2,9.21871322163612,8.83826168288565,0.321794491246319,29
"4046","RN","Jandaíra",6893,10084.08,24013,"Baixa Verde",2,"Nordeste",0,"240510",3,16,5,11,6,10,0,0,0,0,0,16,5,11,6,10,5,9.21871322163612,8.83826168288565,0.403887157480272,31
"4047","RN","Jandaíra",6893,10084.08,24013,"Baixa Verde",2,"Nordeste",0,"240510",4,7,4,3,4,3,0,0,0,0,0,7,4,3,4,3,2,9.21871322163612,8.83826168288565,0.391620879744654,30
"4048","RN","Jandaíra",6893,10084.08,24013,"Baixa Verde",2,"Nordeste",0,"240510",5,5,2,3,0,5,0,0,0,0,0,5,2,3,0,5,0,9.21871322163612,8.83826168288565,0.372449638381844,31
"4049","RN","Jandaíra",6893,10084.08,24013,"Baixa Verde",2,"Nordeste",0,"240510",6,11,7,4,5,6,1,0,0,0,0,12,7,4,5,6,10,9.21871322163612,8.83826168288565,0.405119841029558,30
"4050","RN","Jandaíra",6893,10084.08,24013,"Baixa Verde",2,"Nordeste",0,"240510",7,9,3,6,3,6,0,0,0,0,0,9,3,6,3,6,2,9.21871322163612,8.83826168288565,0.431976860878764,29
"4051","RN","Janduís",5248,12455.4,24003,"Médio Oeste",2,"Nordeste",0,"240520",2,3,0,3,0,3,0,0,0,0,0,3,0,3,0,3,4,9.4299095427968,8.56560233062392,0.248480780924171,29
"4052","RN","Janduís",5248,12455.4,24003,"Médio Oeste",2,"Nordeste",0,"240520",3,8,4,4,4,4,0,0,0,0,0,8,4,4,4,4,2,9.4299095427968,8.56560233062392,0.33432502441428,31
"4053","RN","Janduís",5248,12455.4,24003,"Médio Oeste",2,"Nordeste",0,"240520",4,7,2,5,0,7,0,0,0,0,0,7,2,5,0,7,4,9.4299095427968,8.56560233062392,0.354697817979441,30
"4054","RN","Janduís",5248,12455.4,24003,"Médio Oeste",2,"Nordeste",0,"240520",5,2,0,2,0,2,0,0,0,0,0,2,0,2,0,2,4,9.4299095427968,8.56560233062392,0.374749103339468,31
"4055","RN","Janduís",5248,12455.4,24003,"Médio Oeste",2,"Nordeste",0,"240520",6,4,2,2,2,2,0,0,0,0,0,4,2,2,2,2,6,9.4299095427968,8.56560233062392,0.33812874373112,30
"4056","RN","Janduís",5248,12455.4,24003,"Médio Oeste",2,"Nordeste",0,"240520",7,1,1,0,0,1,0,0,0,0,0,1,1,0,0,1,6,9.4299095427968,8.56560233062392,0.43149306403934,29
"4057","RN","Januário Cicco",10275,6660.62,24015,"Agreste Potiguar",2,"Nordeste",0,"240530",2,14,8,6,11,3,0,0,0,0,0,14,8,6,11,3,8,8.80396785229463,9.23746903936444,0.296018557541514,29
"4058","RN","Januário Cicco",10275,6660.62,24015,"Agreste Potiguar",2,"Nordeste",0,"240530",3,17,6,11,4,13,0,0,0,0,0,17,6,11,4,13,8,8.80396785229463,9.23746903936444,0.367130304828595,31
"4059","RN","Januário Cicco",10275,6660.62,24015,"Agreste Potiguar",2,"Nordeste",0,"240530",4,8,5,3,2,6,0,0,0,0,0,8,5,3,2,6,3,8.80396785229463,9.23746903936444,0.401783436534112,30
"4060","RN","Januário Cicco",10275,6660.62,24015,"Agreste Potiguar",2,"Nordeste",0,"240530",5,10,5,5,6,4,0,0,0,0,0,10,5,5,6,4,4,8.80396785229463,9.23746903936444,0.420463907868194,31
"4061","RN","Januário Cicco",10275,6660.62,24015,"Agreste Potiguar",2,"Nordeste",0,"240530",6,8,2,6,2,6,0,0,0,0,0,8,2,6,2,6,5,8.80396785229463,9.23746903936444,0.428309944026528,30
"4062","RN","Januário Cicco",10275,6660.62,24015,"Agreste Potiguar",2,"Nordeste",0,"240530",7,14,8,6,3,11,1,0,0,0,0,15,8,6,3,11,4,8.80396785229463,9.23746903936444,0.45011411948359,29
"4063","RN","Japi",4995,7581.1,24014,"Borborema Potiguar",2,"Nordeste",0,"240540",2,9,5,4,4,5,0,0,0,0,0,9,5,4,4,5,4,8.93341358684122,8.51619269108265,0.284524518827965,29
"4064","RN","Japi",4995,7581.1,24014,"Borborema Potiguar",2,"Nordeste",0,"240540",3,3,1,2,1,2,0,0,0,0,0,3,1,2,1,2,2,8.93341358684122,8.51619269108265,0.337132570534993,31
"4065","RN","Japi",4995,7581.1,24014,"Borborema Potiguar",2,"Nordeste",0,"240540",4,7,1,6,2,5,1,0,0,0,0,8,1,6,2,5,5,8.93341358684122,8.51619269108265,0.410240918889856,30
"4066","RN","Japi",4995,7581.1,24014,"Borborema Potiguar",2,"Nordeste",0,"240540",5,5,1,4,3,2,0,0,0,0,0,5,1,4,3,2,4,8.93341358684122,8.51619269108265,0.399051694323068,31
"4067","RN","Japi",4995,7581.1,24014,"Borborema Potiguar",2,"Nordeste",0,"240540",6,5,4,1,2,3,1,0,0,0,0,6,4,1,2,3,1,8.93341358684122,8.51619269108265,0.390972255145897,30
"4068","RN","Japi",4995,7581.1,24014,"Borborema Potiguar",2,"Nordeste",0,"240540",7,11,8,3,5,6,0,0,0,0,0,11,8,3,5,6,3,8.93341358684122,8.51619269108265,0.418686880051969,29
"4069","RN","Jardim de Piranhas",14942,9106.49,24011,"Seridó Ocidental",2,"Nordeste",1,"240560",2,20,10,10,10,10,0,0,0,0,0,20,10,10,10,10,7,9.11674262512127,9.61193131853575,0.234224596774722,29
"4070","RN","Jardim de Piranhas",14942,9106.49,24011,"Seridó Ocidental",2,"Nordeste",1,"240560",3,28,17,11,7,21,0,0,0,0,0,28,17,11,7,21,11,9.11674262512127,9.61193131853575,0.318153885909477,31
"4071","RN","Jardim de Piranhas",14942,9106.49,24011,"Seridó Ocidental",2,"Nordeste",1,"240560",4,14,8,6,6,8,0,0,0,0,0,14,8,6,6,8,10,9.11674262512127,9.61193131853575,0.34248111353037,30
"4072","RN","Jardim de Piranhas",14942,9106.49,24011,"Seridó Ocidental",2,"Nordeste",1,"240560",5,7,3,4,3,4,0,0,0,0,0,7,3,4,3,4,10,9.11674262512127,9.61193131853575,0.355832451789125,31
"4073","RN","Jardim de Piranhas",14942,9106.49,24011,"Seridó Ocidental",2,"Nordeste",1,"240560",6,16,9,7,6,10,0,0,0,0,0,16,9,7,6,10,8,9.11674262512127,9.61193131853575,0.325619505470628,30
"4074","RN","Jardim de Piranhas",14942,9106.49,24011,"Seridó Ocidental",2,"Nordeste",1,"240560",7,11,7,4,7,4,0,0,0,0,0,11,7,4,7,4,17,9.11674262512127,9.61193131853575,0.416390241348957,29
"4075","RN","Jardim do Seridó",12396,12874.17,24012,"Seridó Oriental",2,"Nordeste",0,"240570",2,8,2,6,4,4,0,0,0,0,0,8,2,6,4,4,7,9.4629782574345,9.42512911890764,0.253511322594952,29
"4076","RN","Jardim do Seridó",12396,12874.17,24012,"Seridó Oriental",2,"Nordeste",0,"240570",3,20,4,16,5,15,0,0,0,0,0,20,4,16,5,15,6,9.4629782574345,9.42512911890764,0.323909287672682,31
"4077","RN","Jardim do Seridó",12396,12874.17,24012,"Seridó Oriental",2,"Nordeste",0,"240570",4,7,2,5,1,6,0,0,0,0,0,7,2,5,1,6,8,9.4629782574345,9.42512911890764,0.339094027143622,30
"4078","RN","Jardim do Seridó",12396,12874.17,24012,"Seridó Oriental",2,"Nordeste",0,"240570",5,12,3,9,1,11,0,0,0,0,0,12,3,9,1,11,9,9.4629782574345,9.42512911890764,0.356175885059584,31
"4079","RN","Jardim do Seridó",12396,12874.17,24012,"Seridó Oriental",2,"Nordeste",0,"240570",6,13,4,9,4,9,0,0,0,0,0,13,4,9,4,9,10,9.4629782574345,9.42512911890764,0.332737762001035,30
"4080","RN","Jardim do Seridó",12396,12874.17,24012,"Seridó Oriental",2,"Nordeste",0,"240570",7,5,0,5,3,2,0,0,0,0,0,5,0,5,3,2,5,9.4629782574345,9.42512911890764,0.376772407395237,29
"4081","RN","João Câmara",35160,29528.28,24013,"Baixa Verde",2,"Nordeste",0,"240580",2,79,38,41,37,42,0,0,0,0,0,79,38,41,37,42,20,10.2931037271899,10.4676643517991,0.272072031071622,29
"4082","RN","João Câmara",35160,29528.28,24013,"Baixa Verde",2,"Nordeste",0,"240580",3,55,28,27,26,29,0,0,0,0,0,55,28,27,26,29,18,10.2931037271899,10.4676643517991,0.356624815264837,31
"4083","RN","João Câmara",35160,29528.28,24013,"Baixa Verde",2,"Nordeste",0,"240580",4,41,23,18,17,24,0,0,0,0,0,41,23,18,17,24,17,10.2931037271899,10.4676643517991,0.385802820054812,30
"4084","RN","João Câmara",35160,29528.28,24013,"Baixa Verde",2,"Nordeste",0,"240580",5,34,15,19,20,14,2,0,0,0,0,36,15,19,20,14,20,10.2931037271899,10.4676643517991,0.381539903150018,31
"4085","RN","João Câmara",35160,29528.28,24013,"Baixa Verde",2,"Nordeste",0,"240580",6,40,25,15,19,21,0,0,0,0,0,40,25,15,19,21,30,10.2931037271899,10.4676643517991,0.378929879101737,30
"4086","RN","João Câmara",35160,29528.28,24013,"Baixa Verde",2,"Nordeste",0,"240580",7,51,20,31,28,23,0,0,0,0,0,51,20,31,28,23,21,10.2931037271899,10.4676643517991,0.387450262764602,29
"4087","RN","José da Penha",5946,8763.65,24006,"Pau dos Ferros",2,"Nordeste",0,"240600",2,9,1,8,5,4,0,0,0,0,0,9,1,8,5,4,7,9.07836776381565,8.69047400355804,0.308987566272364,29
"4088","RN","José da Penha",5946,8763.65,24006,"Pau dos Ferros",2,"Nordeste",0,"240600",3,4,1,3,1,3,0,0,0,0,0,4,1,3,1,3,10,9.07836776381565,8.69047400355804,0.423865237439829,31
"4089","RN","José da Penha",5946,8763.65,24006,"Pau dos Ferros",2,"Nordeste",0,"240600",4,4,0,4,3,1,0,0,0,0,0,4,0,4,3,1,6,9.07836776381565,8.69047400355804,0.463302556327089,30
"4090","RN","José da Penha",5946,8763.65,24006,"Pau dos Ferros",2,"Nordeste",0,"240600",5,10,4,6,5,5,0,0,0,0,0,10,4,6,5,5,3,9.07836776381565,8.69047400355804,0.424084217578525,31
"4091","RN","José da Penha",5946,8763.65,24006,"Pau dos Ferros",2,"Nordeste",0,"240600",6,4,1,3,1,3,0,0,0,0,0,4,1,3,1,3,3,9.07836776381565,8.69047400355804,0.403448620719779,30
"4092","RN","José da Penha",5946,8763.65,24006,"Pau dos Ferros",2,"Nordeste",0,"240600",7,13,4,9,7,6,0,0,0,0,0,13,4,9,7,6,6,9.07836776381565,8.69047400355804,0.460368025564871,29
"4093","RN","Jucurutu",18315,12240.79,24004,"Vale do Açu",2,"Nordeste",0,"240610",2,25,13,12,10,15,0,0,0,0,0,25,13,12,10,15,9,9.4125290964672,9.81547567521291,0.26605574690812,29
"4094","RN","Jucurutu",18315,12240.79,24004,"Vale do Açu",2,"Nordeste",0,"240610",3,27,12,15,14,13,0,0,0,0,0,27,12,15,14,13,15,9.4125290964672,9.81547567521291,0.35339314615786,31
"4095","RN","Jucurutu",18315,12240.79,24004,"Vale do Açu",2,"Nordeste",0,"240610",4,15,6,9,7,8,0,0,0,0,0,15,6,9,7,8,9,9.4125290964672,9.81547567521291,0.380556429106825,30
"4096","RN","Jucurutu",18315,12240.79,24004,"Vale do Açu",2,"Nordeste",0,"240610",5,17,7,10,10,7,0,0,0,0,0,17,7,10,10,7,10,9.4125290964672,9.81547567521291,0.399457295703732,31
"4097","RN","Jucurutu",18315,12240.79,24004,"Vale do Açu",2,"Nordeste",0,"240610",6,28,9,19,14,14,0,0,0,0,0,28,9,19,14,14,13,9.4125290964672,9.81547567521291,0.390408374713125,30
"4098","RN","Jucurutu",18315,12240.79,24004,"Vale do Açu",2,"Nordeste",0,"240610",7,21,6,15,6,15,0,0,0,0,0,21,6,15,6,15,9,9.4125290964672,9.81547567521291,0.392124865611211,29
"4099","RN","Jundiá",3922,8611.06,24015,"Agreste Potiguar",2,"Nordeste",0,"240615",2,4,2,2,1,3,0,0,0,0,0,4,2,2,1,3,0,9.06080270250373,8.27435700675629,0.295354703889929,29
"4100","RN","Jundiá",3922,8611.06,24015,"Agreste Potiguar",2,"Nordeste",0,"240615",3,4,3,1,1,3,0,0,0,0,0,4,3,1,1,3,2,9.06080270250373,8.27435700675629,0.413306734534568,31
"4101","RN","Jundiá",3922,8611.06,24015,"Agreste Potiguar",2,"Nordeste",0,"240615",4,2,0,2,1,1,0,0,0,0,0,2,0,2,1,1,3,9.06080270250373,8.27435700675629,0.459499383732386,30
"4102","RN","Jundiá",3922,8611.06,24015,"Agreste Potiguar",2,"Nordeste",0,"240615",5,1,1,0,0,1,0,0,0,0,0,1,1,0,0,1,0,9.06080270250373,8.27435700675629,0.448381726929274,31
"4103","RN","Jundiá",3922,8611.06,24015,"Agreste Potiguar",2,"Nordeste",0,"240615",6,1,0,1,0,1,0,0,0,0,0,1,0,1,0,1,1,9.06080270250373,8.27435700675629,0.399363911873074,30
"4104","RN","Jundiá",3922,8611.06,24015,"Agreste Potiguar",2,"Nordeste",0,"240615",7,8,3,5,4,4,2,0,0,0,0,10,3,5,4,4,4,9.06080270250373,8.27435700675629,0.44440637325445,29
"4105","RN","Lagoa d'Anta",6811,8178.86,24015,"Agreste Potiguar",2,"Nordeste",0,"240620",2,8,5,3,2,6,0,0,0,0,0,8,5,3,2,6,3,9.00930805558151,8.82629423124132,0.279905620178456,29
"4106","RN","Lagoa d'Anta",6811,8178.86,24015,"Agreste Potiguar",2,"Nordeste",0,"240620",3,10,4,6,2,8,0,0,0,0,0,10,4,6,2,8,2,9.00930805558151,8.82629423124132,0.334315113675505,31
"4107","RN","Lagoa d'Anta",6811,8178.86,24015,"Agreste Potiguar",2,"Nordeste",0,"240620",4,3,2,1,1,2,0,0,0,0,0,3,2,1,1,2,5,9.00930805558151,8.82629423124132,0.327417518238521,30
"4108","RN","Lagoa d'Anta",6811,8178.86,24015,"Agreste Potiguar",2,"Nordeste",0,"240620",5,8,5,3,5,3,0,0,0,0,0,8,5,3,5,3,2,9.00930805558151,8.82629423124132,0.351111633373602,31
"4109","RN","Lagoa d'Anta",6811,8178.86,24015,"Agreste Potiguar",2,"Nordeste",0,"240620",6,9,6,3,2,7,0,0,0,0,0,9,6,3,2,7,9,9.00930805558151,8.82629423124132,0.374149597948167,30
"4110","RN","Lagoa d'Anta",6811,8178.86,24015,"Agreste Potiguar",2,"Nordeste",0,"240620",7,6,2,4,4,2,0,0,0,0,0,6,2,4,4,2,8,9.00930805558151,8.82629423124132,0.372710685556098,29
"4111","RN","Lagoa de Pedras",7584,8082.07,24015,"Agreste Potiguar",2,"Nordeste",0,"240630",2,19,8,11,4,15,0,0,0,0,0,19,8,11,4,15,3,8.99740330682338,8.93379604393486,0.325249771753939,29
"4112","RN","Lagoa de Pedras",7584,8082.07,24015,"Agreste Potiguar",2,"Nordeste",0,"240630",3,6,4,2,4,2,0,0,0,0,0,6,4,2,4,2,8,8.99740330682338,8.93379604393486,0.406786512937623,31
"4113","RN","Lagoa de Pedras",7584,8082.07,24015,"Agreste Potiguar",2,"Nordeste",0,"240630",4,10,6,4,3,7,1,0,0,0,0,11,6,4,3,7,4,8.99740330682338,8.93379604393486,0.451921236964522,30
"4114","RN","Lagoa de Pedras",7584,8082.07,24015,"Agreste Potiguar",2,"Nordeste",0,"240630",5,7,3,4,1,6,1,0,0,0,0,8,3,4,1,6,2,8.99740330682338,8.93379604393486,0.428600140242672,31
"4115","RN","Lagoa de Pedras",7584,8082.07,24015,"Agreste Potiguar",2,"Nordeste",0,"240630",6,9,3,6,3,6,0,0,0,0,0,9,3,6,3,6,4,8.99740330682338,8.93379604393486,0.441563497324736,30
"4116","RN","Lagoa de Pedras",7584,8082.07,24015,"Agreste Potiguar",2,"Nordeste",0,"240630",7,11,9,2,7,4,1,0,0,0,0,12,9,2,7,4,6,8.99740330682338,8.93379604393486,0.448729142611638,29
"4117","RN","Lagoa de Velhos",2732,11774.9,24014,"Borborema Potiguar",2,"Nordeste",0,"240640",2,4,2,2,2,2,0,0,0,0,0,4,2,2,2,2,2,9.37372542627955,7.91278922069068,0.29829639705873,29
"4118","RN","Lagoa de Velhos",2732,11774.9,24014,"Borborema Potiguar",2,"Nordeste",0,"240640",3,6,5,1,4,2,0,0,0,0,0,6,5,1,4,2,0,9.37372542627955,7.91278922069068,0.40698071680865,31
"4119","RN","Lagoa de Velhos",2732,11774.9,24014,"Borborema Potiguar",2,"Nordeste",0,"240640",4,6,4,2,3,3,0,0,0,0,0,6,4,2,3,3,1,9.37372542627955,7.91278922069068,0.434546840023964,30
"4120","RN","Lagoa de Velhos",2732,11774.9,24014,"Borborema Potiguar",2,"Nordeste",0,"240640",5,2,1,1,1,1,0,0,0,0,0,2,1,1,1,1,2,9.37372542627955,7.91278922069068,0.394906000714023,31
"4121","RN","Lagoa de Velhos",2732,11774.9,24014,"Borborema Potiguar",2,"Nordeste",0,"240640",6,3,1,2,1,2,0,0,0,0,0,3,1,2,1,2,2,9.37372542627955,7.91278922069068,0.440635666128796,30
"4122","RN","Lagoa de Velhos",2732,11774.9,24014,"Borborema Potiguar",2,"Nordeste",0,"240640",7,5,1,4,1,4,0,0,0,0,0,5,1,4,1,4,0,9.37372542627955,7.91278922069068,0.455949962719299,29
"4123","RN","Lagoa Nova",15749,19902.35,24010,"Serra de Santana",2,"Nordeste",0,"240650",2,35,15,20,10,25,0,0,0,0,0,35,15,20,10,25,11,9.89859309419272,9.66453215017458,0.294453079485532,29
"4124","RN","Lagoa Nova",15749,19902.35,24010,"Serra de Santana",2,"Nordeste",0,"240650",3,20,9,11,10,10,0,0,0,0,0,20,9,11,10,10,6,9.89859309419272,9.66453215017458,0.376803694240631,31
"4125","RN","Lagoa Nova",15749,19902.35,24010,"Serra de Santana",2,"Nordeste",0,"240650",4,13,3,10,7,6,0,0,0,0,0,13,3,10,7,6,9,9.89859309419272,9.66453215017458,0.388803132415258,30
"4126","RN","Lagoa Nova",15749,19902.35,24010,"Serra de Santana",2,"Nordeste",0,"240650",5,18,8,10,9,9,1,0,0,0,0,19,8,10,9,9,11,9.89859309419272,9.66453215017458,0.390516542592538,31
"4127","RN","Lagoa Nova",15749,19902.35,24010,"Serra de Santana",2,"Nordeste",0,"240650",6,24,9,15,6,18,0,0,0,0,0,24,9,15,6,18,11,9.89859309419272,9.66453215017458,0.381754379238059,30
"4128","RN","Lagoa Nova",15749,19902.35,24010,"Serra de Santana",2,"Nordeste",0,"240650",7,13,4,9,5,8,0,0,0,0,0,13,4,9,5,8,8,9.89859309419272,9.66453215017458,0.42979103667446,29
"4129","RN","Lagoa Salgada",8297,8601.65,24015,"Agreste Potiguar",2,"Nordeste",0,"240660",2,16,10,6,5,11,0,0,0,0,0,16,10,6,5,11,3,9.05970932430385,9.02364928266429,0.271324913268686,29
"4130","RN","Lagoa Salgada",8297,8601.65,24015,"Agreste Potiguar",2,"Nordeste",0,"240660",3,15,6,9,6,9,0,0,0,0,0,15,6,9,6,9,6,9.05970932430385,9.02364928266429,0.355054423336152,31
"4131","RN","Lagoa Salgada",8297,8601.65,24015,"Agreste Potiguar",2,"Nordeste",0,"240660",4,16,11,5,8,8,0,0,0,0,0,16,11,5,8,8,5,9.05970932430385,9.02364928266429,0.371807190596345,30
"4132","RN","Lagoa Salgada",8297,8601.65,24015,"Agreste Potiguar",2,"Nordeste",0,"240660",5,11,6,5,3,8,1,0,0,0,0,12,6,5,3,8,4,9.05970932430385,9.02364928266429,0.364247247743333,31
"4133","RN","Lagoa Salgada",8297,8601.65,24015,"Agreste Potiguar",2,"Nordeste",0,"240660",6,15,9,6,8,7,0,0,0,0,0,15,9,6,8,7,8,9.05970932430385,9.02364928266429,0.356380063624456,30
"4134","RN","Lagoa Salgada",8297,8601.65,24015,"Agreste Potiguar",2,"Nordeste",0,"240660",7,13,5,8,5,8,0,0,0,0,0,13,5,8,5,8,9,9.05970932430385,9.02364928266429,0.39072219405774,29
"4135","RN","Lajes",11344,10716.94,24009,"Angicos",2,"Nordeste",0,"240670",2,17,5,12,5,12,0,0,0,0,0,17,5,12,5,12,8,9.27958094611563,9.33644424877191,0.255667852736705,29
"4136","RN","Lajes",11344,10716.94,24009,"Angicos",2,"Nordeste",0,"240670",3,8,2,6,2,6,0,0,0,0,0,8,2,6,2,6,11,9.27958094611563,9.33644424877191,0.356239498623747,31
"4137","RN","Lajes",11344,10716.94,24009,"Angicos",2,"Nordeste",0,"240670",4,16,7,9,9,7,0,0,0,0,0,16,7,9,9,7,4,9.27958094611563,9.33644424877191,0.366037427172241,30
"4138","RN","Lajes",11344,10716.94,24009,"Angicos",2,"Nordeste",0,"240670",5,10,7,3,4,6,0,0,0,0,0,10,7,3,4,6,4,9.27958094611563,9.33644424877191,0.358733560848714,31
"4139","RN","Lajes",11344,10716.94,24009,"Angicos",2,"Nordeste",0,"240670",6,11,3,8,5,6,1,0,0,0,0,12,3,8,5,6,6,9.27958094611563,9.33644424877191,0.367283720938946,30
"4140","RN","Lajes",11344,10716.94,24009,"Angicos",2,"Nordeste",0,"240670",7,14,5,9,5,9,0,0,0,0,0,14,5,9,5,9,11,9.27958094611563,9.33644424877191,0.400077573985206,29
"4141","RN","Lajes Pintadas",4763,8830.48,24014,"Borborema Potiguar",2,"Nordeste",0,"240680",2,8,2,6,3,5,0,0,0,0,0,8,2,6,3,5,4,9.08596465225645,8.46863300080086,0.262399927867513,29
"4142","RN","Lajes Pintadas",4763,8830.48,24014,"Borborema Potiguar",2,"Nordeste",0,"240680",3,8,3,5,3,5,0,0,0,0,0,8,3,5,3,5,3,9.08596465225645,8.46863300080086,0.363110260565956,31
"4143","RN","Lajes Pintadas",4763,8830.48,24014,"Borborema Potiguar",2,"Nordeste",0,"240680",4,4,2,2,3,1,0,0,0,0,0,4,2,2,3,1,6,9.08596465225645,8.46863300080086,0.407680909715073,30
"4144","RN","Lajes Pintadas",4763,8830.48,24014,"Borborema Potiguar",2,"Nordeste",0,"240680",5,5,3,2,2,3,0,0,0,0,0,5,3,2,2,3,3,9.08596465225645,8.46863300080086,0.39847181155904,31
"4145","RN","Lajes Pintadas",4763,8830.48,24014,"Borborema Potiguar",2,"Nordeste",0,"240680",6,7,4,3,2,5,0,0,0,0,0,7,4,3,2,5,6,9.08596465225645,8.46863300080086,0.399730547955336,30
"4146","RN","Lajes Pintadas",4763,8830.48,24014,"Borborema Potiguar",2,"Nordeste",0,"240680",7,9,3,6,3,6,0,0,0,0,0,9,3,6,3,6,4,9.08596465225645,8.46863300080086,0.412414694130738,29
"4147","RN","Luís Gomes",10146,7090.04,24005,"Serra de São Miguel",2,"Nordeste",0,"240700",2,17,7,10,8,9,0,0,0,0,0,17,7,10,8,9,9,8.8664462612592,9.22483481812663,0.271902470601521,29
"4148","RN","Luís Gomes",10146,7090.04,24005,"Serra de São Miguel",2,"Nordeste",0,"240700",3,16,6,10,9,7,0,0,0,0,0,16,6,10,9,7,6,8.8664462612592,9.22483481812663,0.381688487214953,31
"4149","RN","Luís Gomes",10146,7090.04,24005,"Serra de São Miguel",2,"Nordeste",0,"240700",4,9,5,4,8,1,0,0,0,0,0,9,5,4,8,1,5,8.8664462612592,9.22483481812663,0.425820751643523,30
"4150","RN","Luís Gomes",10146,7090.04,24005,"Serra de São Miguel",2,"Nordeste",0,"240700",5,9,4,5,7,2,0,0,0,0,0,9,4,5,7,2,4,8.8664462612592,9.22483481812663,0.377351717045447,31
"4151","RN","Luís Gomes",10146,7090.04,24005,"Serra de São Miguel",2,"Nordeste",0,"240700",6,11,6,5,7,4,0,0,0,0,0,11,6,5,7,4,5,8.8664462612592,9.22483481812663,0.38673174872563,30
"4152","RN","Luís Gomes",10146,7090.04,24005,"Serra de São Miguel",2,"Nordeste",0,"240700",7,10,6,4,7,3,0,0,0,0,0,10,6,4,7,3,6,8.8664462612592,9.22483481812663,0.399607199177365,29
"4153","RN","Macaíba",81821,19021.36,24017,"Macaíba",2,"Nordeste",1,"240710",2,139,44,95,58,81,1,0,0,0,0,140,44,95,58,81,48,9.85331783722345,11.3122892133593,0.272587197099183,29
"4154","RN","Macaíba",81821,19021.36,24017,"Macaíba",2,"Nordeste",1,"240710",3,131,41,90,54,77,0,0,0,0,0,131,41,90,54,77,46,9.85331783722345,11.3122892133593,0.363383041841888,31
"4155","RN","Macaíba",81821,19021.36,24017,"Macaíba",2,"Nordeste",1,"240710",4,77,32,45,36,41,2,0,0,0,0,79,32,45,36,41,44,9.85331783722345,11.3122892133593,0.414089779782821,30
"4156","RN","Macaíba",81821,19021.36,24017,"Macaíba",2,"Nordeste",1,"240710",5,90,23,67,34,56,0,0,0,0,0,90,23,67,34,56,61,9.85331783722345,11.3122892133593,0.397947414881869,31
"4157","RN","Macaíba",81821,19021.36,24017,"Macaíba",2,"Nordeste",1,"240710",6,101,30,71,48,53,0,0,0,0,0,101,30,71,48,53,89,9.85331783722345,11.3122892133593,0.388792251139496,30
"4158","RN","Macaíba",81821,19021.36,24017,"Macaíba",2,"Nordeste",1,"240710",7,86,28,58,34,52,3,0,0,0,0,89,28,58,34,52,65,9.85331783722345,11.3122892133593,0.38525076693793,29
"4159","RN","Macau",32039,24034.97,24008,"Macau",2,"Nordeste",0,"240720",2,39,9,30,13,26,2,0,0,0,0,41,9,30,13,26,11,10.0872651321475,10.374709189709,0.316891614790154,29
"4160","RN","Macau",32039,24034.97,24008,"Macau",2,"Nordeste",0,"240720",3,34,11,23,17,17,0,0,0,0,0,34,11,23,17,17,24,10.0872651321475,10.374709189709,0.401037642413914,31
"4161","RN","Macau",32039,24034.97,24008,"Macau",2,"Nordeste",0,"240720",4,18,8,10,9,9,0,0,0,0,0,18,8,10,9,9,16,10.0872651321475,10.374709189709,0.434419068996652,30
"4162","RN","Macau",32039,24034.97,24008,"Macau",2,"Nordeste",0,"240720",5,15,7,8,8,7,0,0,0,0,0,15,7,8,8,7,10,10.0872651321475,10.374709189709,0.44400031478404,31
"4163","RN","Macau",32039,24034.97,24008,"Macau",2,"Nordeste",0,"240720",6,25,8,17,14,11,1,0,0,0,0,26,8,17,14,11,10,10.0872651321475,10.374709189709,0.43291228671048,30
"4164","RN","Macau",32039,24034.97,24008,"Macau",2,"Nordeste",0,"240720",7,33,14,19,15,18,0,0,0,0,0,33,14,19,15,18,11,10.0872651321475,10.374709189709,0.437753679382369,29
"4165","RN","Marcelino Vieira",8336,7757.89,24006,"Pau dos Ferros",2,"Nordeste",0,"240730",2,12,4,8,3,9,0,0,0,0,0,12,4,8,3,9,6,8.9564656689873,9.02833876399315,0.283790597395562,29
"4166","RN","Marcelino Vieira",8336,7757.89,24006,"Pau dos Ferros",2,"Nordeste",0,"240730",3,19,8,11,9,10,0,0,0,0,0,19,8,11,9,10,2,8.9564656689873,9.02833876399315,0.360285007184248,31
"4167","RN","Marcelino Vieira",8336,7757.89,24006,"Pau dos Ferros",2,"Nordeste",0,"240730",4,9,6,3,6,3,0,0,0,0,0,9,6,3,6,3,7,8.9564656689873,9.02833876399315,0.379030358220912,30
"4168","RN","Marcelino Vieira",8336,7757.89,24006,"Pau dos Ferros",2,"Nordeste",0,"240730",5,9,3,6,4,5,0,0,0,0,0,9,3,6,4,5,1,8.9564656689873,9.02833876399315,0.371649084916038,31
"4169","RN","Marcelino Vieira",8336,7757.89,24006,"Pau dos Ferros",2,"Nordeste",0,"240730",6,10,5,5,7,3,0,0,0,0,0,10,5,5,7,3,1,8.9564656689873,9.02833876399315,0.385111669650683,30
"4170","RN","Marcelino Vieira",8336,7757.89,24006,"Pau dos Ferros",2,"Nordeste",0,"240730",7,16,6,10,3,13,0,0,0,0,0,16,6,10,3,13,9,8.9564656689873,9.02833876399315,0.448670962700292,29
"4171","RN","Martins",8758,9018.77,24007,"Umarizal",2,"Nordeste",0,"240740",2,19,4,15,10,9,0,0,0,0,0,19,4,15,10,9,2,9.10706324012194,9.07772284736134,0.274176231476366,29
"4172","RN","Martins",8758,9018.77,24007,"Umarizal",2,"Nordeste",0,"240740",3,11,4,7,2,9,0,0,0,0,0,11,4,7,2,9,9,9.10706324012194,9.07772284736134,0.358700217487982,31
"4173","RN","Martins",8758,9018.77,24007,"Umarizal",2,"Nordeste",0,"240740",4,10,2,8,3,7,1,0,0,0,0,11,2,8,3,7,8,9.10706324012194,9.07772284736134,0.370003918654108,30
"4174","RN","Martins",8758,9018.77,24007,"Umarizal",2,"Nordeste",0,"240740",5,10,4,6,5,5,0,0,0,0,0,10,4,6,5,5,4,9.10706324012194,9.07772284736134,0.368515349799655,31
"4175","RN","Martins",8758,9018.77,24007,"Umarizal",2,"Nordeste",0,"240740",6,8,3,5,3,5,0,0,0,0,0,8,3,5,3,5,4,9.10706324012194,9.07772284736134,0.362888790168784,30
"4176","RN","Martins",8758,9018.77,24007,"Umarizal",2,"Nordeste",0,"240740",7,8,1,7,4,4,0,0,0,0,0,8,1,7,4,4,5,9.10706324012194,9.07772284736134,0.370118533760705,29
"4177","RN","Maxaranguape",12544,9767.33,24016,"Litoral Nordeste",2,"Nordeste",0,"240750",2,19,12,7,8,11,0,0,0,0,0,19,12,7,8,11,7,9.18679842211946,9.43699774259019,0.329224775265273,29
"4178","RN","Maxaranguape",12544,9767.33,24016,"Litoral Nordeste",2,"Nordeste",0,"240750",3,14,5,9,7,7,0,0,0,0,0,14,5,9,7,7,6,9.18679842211946,9.43699774259019,0.426999560118179,31
"4179","RN","Maxaranguape",12544,9767.33,24016,"Litoral Nordeste",2,"Nordeste",0,"240750",4,13,3,10,6,7,0,0,0,0,0,13,3,10,6,7,5,9.18679842211946,9.43699774259019,0.46890840966615,30
"4180","RN","Maxaranguape",12544,9767.33,24016,"Litoral Nordeste",2,"Nordeste",0,"240750",5,9,5,4,5,4,1,0,0,0,0,10,5,4,5,4,6,9.18679842211946,9.43699774259019,0.475359893050274,31
"4181","RN","Maxaranguape",12544,9767.33,24016,"Litoral Nordeste",2,"Nordeste",0,"240750",6,11,7,4,4,7,0,0,0,0,0,11,7,4,4,7,7,9.18679842211946,9.43699774259019,0.472229440817842,30
"4182","RN","Maxaranguape",12544,9767.33,24016,"Litoral Nordeste",2,"Nordeste",0,"240750",7,12,3,9,4,8,0,0,0,0,0,12,3,9,4,8,7,9.18679842211946,9.43699774259019,0.476757376908233,29
"4183","RN","Messias Targino",4634,17547.52,24003,"Médio Oeste",2,"Nordeste",0,"240760",2,4,2,2,2,2,0,0,0,0,0,4,2,2,2,2,3,9.77266790836743,8.44117570499232,0.236621789834109,29
"4184","RN","Messias Targino",4634,17547.52,24003,"Médio Oeste",2,"Nordeste",0,"240760",3,9,3,6,2,7,0,0,0,0,0,9,3,6,2,7,1,9.77266790836743,8.44117570499232,0.310968752841388,31
"4185","RN","Messias Targino",4634,17547.52,24003,"Médio Oeste",2,"Nordeste",0,"240760",4,3,0,3,0,3,0,0,0,0,0,3,0,3,0,3,6,9.77266790836743,8.44117570499232,0.340389738111427,30
"4186","RN","Messias Targino",4634,17547.52,24003,"Médio Oeste",2,"Nordeste",0,"240760",5,4,2,2,1,3,0,0,0,0,0,4,2,2,1,3,1,9.77266790836743,8.44117570499232,0.358084038868374,31
"4187","RN","Messias Targino",4634,17547.52,24003,"Médio Oeste",2,"Nordeste",0,"240760",6,5,3,2,4,1,1,0,0,0,0,6,3,2,4,1,6,9.77266790836743,8.44117570499232,0.336216590890842,30
"4188","RN","Messias Targino",4634,17547.52,24003,"Médio Oeste",2,"Nordeste",0,"240760",7,6,3,3,2,4,0,0,0,0,0,6,3,3,2,4,3,9.77266790836743,8.44117570499232,0.362878978555811,29
"4189","RN","Montanhas",11208,8155.25,24019,"Litoral Sul",2,"Nordeste",0,"240770",2,20,9,11,12,8,1,0,0,0,0,21,9,11,12,8,5,9.00641717062447,9.32438308801684,0.27046802159754,29
"4190","RN","Montanhas",11208,8155.25,24019,"Litoral Sul",2,"Nordeste",0,"240770",3,30,13,17,16,14,0,0,0,0,0,30,13,17,16,14,8,9.00641717062447,9.32438308801684,0.369634343634809,31
"4191","RN","Montanhas",11208,8155.25,24019,"Litoral Sul",2,"Nordeste",0,"240770",4,20,7,13,7,13,0,0,0,0,0,20,7,13,7,13,8,9.00641717062447,9.32438308801684,0.375307887683932,30
"4192","RN","Montanhas",11208,8155.25,24019,"Litoral Sul",2,"Nordeste",0,"240770",5,24,17,7,12,12,0,0,0,0,0,24,17,7,12,12,9,9.00641717062447,9.32438308801684,0.380694953491716,31
"4193","RN","Montanhas",11208,8155.25,24019,"Litoral Sul",2,"Nordeste",0,"240770",6,7,3,4,1,6,0,0,0,0,0,7,3,4,1,6,9,9.00641717062447,9.32438308801684,0.376019825664188,30
"4194","RN","Montanhas",11208,8155.25,24019,"Litoral Sul",2,"Nordeste",0,"240770",7,25,10,15,8,17,1,0,0,0,0,26,10,15,8,17,9,9.00641717062447,9.32438308801684,0.389718283657502,29
"4195","RN","Monte Alegre",22576,9510.79,24015,"Agreste Potiguar",2,"Nordeste",0,"240780",2,44,11,33,22,22,0,0,0,0,0,44,11,33,22,22,11,9.16018222254143,10.0246426740926,0.281729600657906,29
"4196","RN","Monte Alegre",22576,9510.79,24015,"Agreste Potiguar",2,"Nordeste",0,"240780",3,32,18,14,17,15,0,0,0,0,0,32,18,14,17,15,10,9.16018222254143,10.0246426740926,0.360041225107976,31
"4197","RN","Monte Alegre",22576,9510.79,24015,"Agreste Potiguar",2,"Nordeste",0,"240780",4,18,9,9,9,9,0,0,0,0,0,18,9,9,9,9,11,9.16018222254143,10.0246426740926,0.388380610235983,30
"4198","RN","Monte Alegre",22576,9510.79,24015,"Agreste Potiguar",2,"Nordeste",0,"240780",5,21,6,15,9,12,0,0,0,0,0,21,6,15,9,12,20,9.16018222254143,10.0246426740926,0.406136532521683,31
"4199","RN","Monte Alegre",22576,9510.79,24015,"Agreste Potiguar",2,"Nordeste",0,"240780",6,25,12,13,9,16,0,0,0,0,0,25,12,13,9,16,21,9.16018222254143,10.0246426740926,0.394533809317144,30
"4200","RN","Monte Alegre",22576,9510.79,24015,"Agreste Potiguar",2,"Nordeste",0,"240780",7,27,13,14,8,19,0,0,0,0,0,27,13,14,8,19,6,9.16018222254143,10.0246426740926,0.405785367092724,29
"4201","RN","Mossoró",300618,22185.02,24001,"Mossoró",2,"Nordeste",1,"240800",2,525,106,419,173,352,7,0,0,0,0,532,106,419,173,352,137,10.0071725653226,12.6135956347478,0.297840139524957,29
"4202","RN","Mossoró",300618,22185.02,24001,"Mossoró",2,"Nordeste",1,"240800",3,525,103,422,150,375,2,0,0,0,0,527,103,422,150,375,165,10.0071725653226,12.6135956347478,0.404287329417796,31
"4203","RN","Mossoró",300618,22185.02,24001,"Mossoró",2,"Nordeste",1,"240800",4,268,49,219,102,166,2,0,0,0,0,270,49,219,102,166,194,10.0071725653226,12.6135956347478,0.45794983419738,30
"4204","RN","Mossoró",300618,22185.02,24001,"Mossoró",2,"Nordeste",1,"240800",5,287,66,221,102,185,3,0,0,0,0,290,66,221,102,185,200,10.0071725653226,12.6135956347478,0.437265077229382,31
"4205","RN","Mossoró",300618,22185.02,24001,"Mossoró",2,"Nordeste",1,"240800",6,292,68,224,106,186,4,0,0,0,0,296,68,224,106,186,223,10.0071725653226,12.6135956347478,0.415295589588829,30
"4206","RN","Mossoró",300618,22185.02,24001,"Mossoró",2,"Nordeste",1,"240800",7,292,73,219,89,203,1,0,0,0,0,293,73,219,89,203,195,10.0071725653226,12.6135956347478,0.423050568240926,29
"4207","RN","Natal",890480,27122.37,24018,"Natal",2,"Nordeste",1,"240810",2,1477,368,1109,476,1001,2,0,0,0,0,1479,368,1109,476,1001,434,10.2081141276166,13.6995159221671,0.287229296218183,29
"4208","RN","Natal",890480,27122.37,24018,"Natal",2,"Nordeste",1,"240810",3,1451,394,1057,509,942,8,0,0,0,0,1459,394,1057,509,942,487,10.2081141276166,13.6995159221671,0.395533652602295,31
"4209","RN","Natal",890480,27122.37,24018,"Natal",2,"Nordeste",1,"240810",4,971,285,686,328,643,6,0,0,0,0,977,285,686,328,643,434,10.2081141276166,13.6995159221671,0.470994514217831,30
"4210","RN","Natal",890480,27122.37,24018,"Natal",2,"Nordeste",1,"240810",5,868,244,624,304,564,7,0,0,0,0,875,244,624,304,564,616,10.2081141276166,13.6995159221671,0.449075323871306,31
"4211","RN","Natal",890480,27122.37,24018,"Natal",2,"Nordeste",1,"240810",6,822,226,596,297,525,7,0,0,0,0,829,226,596,297,525,956,10.2081141276166,13.6995159221671,0.436310599720463,30
"4212","RN","Natal",890480,27122.37,24018,"Natal",2,"Nordeste",1,"240810",7,911,259,652,289,622,7,0,0,0,0,918,259,652,289,622,686,10.2081141276166,13.6995159221671,0.422388321366572,29
"4213","RN","Nísia Floresta",27938,15066.81,24017,"Macaíba",2,"Nordeste",0,"240820",2,59,33,26,23,36,0,0,0,0,0,59,33,26,23,36,7,9.6202495903813,10.2377430482875,0.270626335242079,29
"4214","RN","Nísia Floresta",27938,15066.81,24017,"Macaíba",2,"Nordeste",0,"240820",3,45,17,28,16,29,0,0,0,0,0,45,17,28,16,29,11,9.6202495903813,10.2377430482875,0.38052790405643,31
"4215","RN","Nísia Floresta",27938,15066.81,24017,"Macaíba",2,"Nordeste",0,"240820",4,30,15,15,13,17,0,0,0,0,0,30,15,15,13,17,14,9.6202495903813,10.2377430482875,0.416007560203018,30
"4216","RN","Nísia Floresta",27938,15066.81,24017,"Macaíba",2,"Nordeste",0,"240820",5,27,13,14,8,19,1,0,0,0,0,28,13,14,8,19,9,9.6202495903813,10.2377430482875,0.418203691042236,31
"4217","RN","Nísia Floresta",27938,15066.81,24017,"Macaíba",2,"Nordeste",0,"240820",6,33,12,21,15,18,0,0,0,0,0,33,12,21,15,18,15,9.6202495903813,10.2377430482875,0.40243334392574,30
"4218","RN","Nísia Floresta",27938,15066.81,24017,"Macaíba",2,"Nordeste",0,"240820",7,30,14,16,12,18,0,0,0,0,0,30,14,16,12,18,18,9.6202495903813,10.2377430482875,0.401370486961454,29
"4219","RN","Nova Cruz",37450,12793.93,24015,"Agreste Potiguar",2,"Nordeste",0,"240830",2,71,34,37,27,44,1,0,0,0,0,72,34,37,27,44,13,9.45672611868044,10.5307619889454,0.287415804492679,29
"4220","RN","Nova Cruz",37450,12793.93,24015,"Agreste Potiguar",2,"Nordeste",0,"240830",3,52,25,27,13,39,1,0,0,0,0,53,25,27,13,39,14,9.45672611868044,10.5307619889454,0.370859761283115,31
"4221","RN","Nova Cruz",37450,12793.93,24015,"Agreste Potiguar",2,"Nordeste",0,"240830",4,48,23,25,17,31,1,0,0,0,0,49,23,25,17,31,19,9.45672611868044,10.5307619889454,0.393986508341619,30
"4222","RN","Nova Cruz",37450,12793.93,24015,"Agreste Potiguar",2,"Nordeste",0,"240830",5,46,17,29,15,31,0,0,0,0,0,46,17,29,15,31,21,9.45672611868044,10.5307619889454,0.402811513720164,31
"4223","RN","Nova Cruz",37450,12793.93,24015,"Agreste Potiguar",2,"Nordeste",0,"240830",6,34,20,14,12,22,2,0,0,0,0,36,20,14,12,22,46,9.45672611868044,10.5307619889454,0.392958281101539,30
"4224","RN","Nova Cruz",37450,12793.93,24015,"Agreste Potiguar",2,"Nordeste",0,"240830",7,42,23,19,16,26,0,0,0,0,0,42,23,19,16,26,39,9.45672611868044,10.5307619889454,0.396711022095371,29
"4225","RN","Ouro Branco",4813,10086.47,24012,"Seridó Oriental",2,"Nordeste",0,"240850",2,12,3,9,6,6,0,0,0,0,0,12,3,9,6,6,0,9.21895020079744,8.47907586930311,0.320929744557588,29
"4226","RN","Ouro Branco",4813,10086.47,24012,"Seridó Oriental",2,"Nordeste",0,"240850",3,5,1,4,2,3,0,0,0,0,0,5,1,4,2,3,2,9.21895020079744,8.47907586930311,0.410462228307541,31
"4227","RN","Ouro Branco",4813,10086.47,24012,"Seridó Oriental",2,"Nordeste",0,"240850",4,2,0,2,1,1,0,0,0,0,0,2,0,2,1,1,4,9.21895020079744,8.47907586930311,0.428037956594003,30
"4228","RN","Ouro Branco",4813,10086.47,24012,"Seridó Oriental",2,"Nordeste",0,"240850",5,5,1,4,0,5,0,0,0,0,0,5,1,4,0,5,1,9.21895020079744,8.47907586930311,0.427004523436066,31
"4229","RN","Ouro Branco",4813,10086.47,24012,"Seridó Oriental",2,"Nordeste",0,"240850",6,5,1,4,4,1,0,0,0,0,0,5,1,4,4,1,3,9.21895020079744,8.47907586930311,0.398871514666381,30
"4230","RN","Ouro Branco",4813,10086.47,24012,"Seridó Oriental",2,"Nordeste",0,"240850",7,6,2,4,3,3,0,0,0,0,0,6,2,4,3,3,0,9.21895020079744,8.47907586930311,0.387096712876913,29
"4231","RN","Parelhas",21545,15402.14,24012,"Seridó Oriental",2,"Nordeste",1,"240890",2,37,8,29,13,24,1,0,0,0,0,38,8,29,13,24,14,9.64226173978649,9.97789905004994,0.266613832508802,29
"4232","RN","Parelhas",21545,15402.14,24012,"Seridó Oriental",2,"Nordeste",1,"240890",3,43,10,33,11,32,1,0,0,0,0,44,10,33,11,32,15,9.64226173978649,9.97789905004994,0.350700817593007,31
"4233","RN","Parelhas",21545,15402.14,24012,"Seridó Oriental",2,"Nordeste",1,"240890",4,19,5,14,8,11,0,0,0,0,0,19,5,14,8,11,25,9.64226173978649,9.97789905004994,0.38291600815464,30
"4234","RN","Parelhas",21545,15402.14,24012,"Seridó Oriental",2,"Nordeste",1,"240890",5,19,6,13,9,10,1,0,0,0,0,20,6,13,9,10,10,9.64226173978649,9.97789905004994,0.382852580626116,31
"4235","RN","Parelhas",21545,15402.14,24012,"Seridó Oriental",2,"Nordeste",1,"240890",6,19,4,15,10,9,0,0,0,0,0,19,4,15,10,9,16,9.64226173978649,9.97789905004994,0.344279817991683,30
"4236","RN","Parelhas",21545,15402.14,24012,"Seridó Oriental",2,"Nordeste",1,"240890",7,24,8,16,8,16,0,0,0,0,0,24,8,16,8,16,15,9.64226173978649,9.97789905004994,0.390537690169489,29
"4237","RN","Rio do Fogo",10905,15443.72,24016,"Litoral Nordeste",2,"Nordeste",0,"240895",2,25,8,17,13,12,0,0,0,0,0,25,8,17,13,12,5,9.64495772720165,9.29697667863573,0.332867555758008,29
"4238","RN","Rio do Fogo",10905,15443.72,24016,"Litoral Nordeste",2,"Nordeste",0,"240895",3,12,8,4,9,3,0,0,0,0,0,12,8,4,9,3,8,9.64495772720165,9.29697667863573,0.398607521213773,31
"4239","RN","Rio do Fogo",10905,15443.72,24016,"Litoral Nordeste",2,"Nordeste",0,"240895",4,7,5,2,3,4,0,0,0,0,0,7,5,2,3,4,10,9.64495772720165,9.29697667863573,0.433500855939161,30
"4240","RN","Rio do Fogo",10905,15443.72,24016,"Litoral Nordeste",2,"Nordeste",0,"240895",5,13,5,8,7,6,0,0,0,0,0,13,5,8,7,6,9,9.64495772720165,9.29697667863573,0.45180388881027,31
"4241","RN","Rio do Fogo",10905,15443.72,24016,"Litoral Nordeste",2,"Nordeste",0,"240895",6,9,3,6,2,7,0,0,0,0,0,9,3,6,2,7,13,9.64495772720165,9.29697667863573,0.453022021905753,30
"4242","RN","Rio do Fogo",10905,15443.72,24016,"Litoral Nordeste",2,"Nordeste",0,"240895",7,12,7,5,8,4,0,0,0,0,0,12,7,5,8,4,8,9.64495772720165,9.29697667863573,0.458963120411518,29
"4243","RN","Passa e Fica",13474,8197.45,24015,"Agreste Potiguar",2,"Nordeste",0,"240910",2,21,9,12,10,11,1,0,0,0,0,22,9,12,10,11,4,9.01157840927965,9.50851718152061,0.255668268548469,29
"4244","RN","Passa e Fica",13474,8197.45,24015,"Agreste Potiguar",2,"Nordeste",0,"240910",3,14,9,5,6,8,0,0,0,0,0,14,9,5,6,8,3,9.01157840927965,9.50851718152061,0.336139839202817,31
"4245","RN","Passa e Fica",13474,8197.45,24015,"Agreste Potiguar",2,"Nordeste",0,"240910",4,16,3,13,10,6,0,0,0,0,0,16,3,13,10,6,8,9.01157840927965,9.50851718152061,0.362624175361628,30
"4246","RN","Passa e Fica",13474,8197.45,24015,"Agreste Potiguar",2,"Nordeste",0,"240910",5,18,6,12,9,9,0,0,0,0,0,18,6,12,9,9,8,9.01157840927965,9.50851718152061,0.338952067504555,31
"4247","RN","Passa e Fica",13474,8197.45,24015,"Agreste Potiguar",2,"Nordeste",0,"240910",6,15,4,11,7,8,0,0,0,0,0,15,4,11,7,8,9,9.01157840927965,9.50851718152061,0.337832722240941,30
"4248","RN","Passa e Fica",13474,8197.45,24015,"Agreste Potiguar",2,"Nordeste",0,"240910",7,13,4,9,2,11,0,0,0,0,0,13,4,9,2,11,7,9.01157840927965,9.50851718152061,0.355651886112663,29
"4249","RN","Passagem",3102,10416.02,24015,"Agreste Potiguar",2,"Nordeste",0,"240920",2,4,3,1,4,0,0,0,0,0,0,4,3,1,4,0,5,9.25110028456939,8.03980234373648,0.282383522813257,29
"4250","RN","Passagem",3102,10416.02,24015,"Agreste Potiguar",2,"Nordeste",0,"240920",3,5,1,4,1,4,0,0,0,0,0,5,1,4,1,4,2,9.25110028456939,8.03980234373648,0.401531562706192,31
"4251","RN","Passagem",3102,10416.02,24015,"Agreste Potiguar",2,"Nordeste",0,"240920",4,3,0,3,1,2,0,0,0,0,0,3,0,3,1,2,2,9.25110028456939,8.03980234373648,0.418666215405993,30
"4252","RN","Passagem",3102,10416.02,24015,"Agreste Potiguar",2,"Nordeste",0,"240920",5,1,1,0,1,0,0,0,0,0,0,1,1,0,1,0,1,9.25110028456939,8.03980234373648,0.418904802132223,31
"4253","RN","Passagem",3102,10416.02,24015,"Agreste Potiguar",2,"Nordeste",0,"240920",6,4,2,2,2,2,0,0,0,0,0,4,2,2,2,2,1,9.25110028456939,8.03980234373648,0.426332355265125,30
"4254","RN","Passagem",3102,10416.02,24015,"Agreste Potiguar",2,"Nordeste",0,"240920",7,5,3,2,3,2,0,0,0,0,0,5,3,2,3,2,2,9.25110028456939,8.03980234373648,0.444887456059658,29
"4255","RN","Patu",12809,10701.76,24007,"Umarizal",2,"Nordeste",0,"240930",2,27,12,15,18,9,0,0,0,0,0,27,12,15,18,9,5,9.27816349290497,9.45790332783114,0.242084043238388,29
"4256","RN","Patu",12809,10701.76,24007,"Umarizal",2,"Nordeste",0,"240930",3,16,6,10,6,10,0,0,0,0,0,16,6,10,6,10,11,9.27816349290497,9.45790332783114,0.340333234118809,31
"4257","RN","Patu",12809,10701.76,24007,"Umarizal",2,"Nordeste",0,"240930",4,7,4,3,5,2,0,0,0,0,0,7,4,3,5,2,8,9.27816349290497,9.45790332783114,0.343527654777564,30
"4258","RN","Patu",12809,10701.76,24007,"Umarizal",2,"Nordeste",0,"240930",5,8,4,4,4,4,0,0,0,0,0,8,4,4,4,4,4,9.27816349290497,9.45790332783114,0.355799409039342,31
"4259","RN","Patu",12809,10701.76,24007,"Umarizal",2,"Nordeste",0,"240930",6,8,2,6,5,3,0,0,0,0,0,8,2,6,5,3,9,9.27816349290497,9.45790332783114,0.340567020689519,30
"4260","RN","Patu",12809,10701.76,24007,"Umarizal",2,"Nordeste",0,"240930",7,10,5,5,2,8,0,0,0,0,0,10,5,5,2,8,8,9.27816349290497,9.45790332783114,0.364797171221567,29
"4261","RN","Santa Maria",5621,12357.75,24015,"Agreste Potiguar",2,"Nordeste",0,"240933",2,6,3,3,3,3,1,0,0,0,0,7,3,3,3,3,1,9.42203867560565,8.63426486300208,0.290935792423942,29
"4262","RN","Santa Maria",5621,12357.75,24015,"Agreste Potiguar",2,"Nordeste",0,"240933",3,7,2,5,2,5,0,0,0,0,0,7,2,5,2,5,4,9.42203867560565,8.63426486300208,0.374747943599113,31
"4263","RN","Santa Maria",5621,12357.75,24015,"Agreste Potiguar",2,"Nordeste",0,"240933",4,7,3,4,4,3,0,0,0,0,0,7,3,4,4,3,0,9.42203867560565,8.63426486300208,0.417576472494573,30
"4264","RN","Santa Maria",5621,12357.75,24015,"Agreste Potiguar",2,"Nordeste",0,"240933",5,6,4,2,2,4,0,0,0,0,0,6,4,2,2,4,2,9.42203867560565,8.63426486300208,0.380163996578947,31
"4265","RN","Santa Maria",5621,12357.75,24015,"Agreste Potiguar",2,"Nordeste",0,"240933",6,7,3,4,5,2,0,0,0,0,0,7,3,4,5,2,8,9.42203867560565,8.63426486300208,0.419077480676673,30
"4266","RN","Santa Maria",5621,12357.75,24015,"Agreste Potiguar",2,"Nordeste",0,"240933",7,9,1,8,3,6,0,0,0,0,0,9,1,8,3,6,0,9.42203867560565,8.63426486300208,0.382776644638561,29
"4267","RN","Pau dos Ferros",30600,17016.15,24006,"Pau dos Ferros",2,"Nordeste",1,"240940",2,61,16,45,26,35,0,0,0,0,0,61,16,45,26,35,17,9.74191817207394,10.3287552879405,0.267873837672994,29
"4268","RN","Pau dos Ferros",30600,17016.15,24006,"Pau dos Ferros",2,"Nordeste",1,"240940",3,69,18,51,29,40,0,0,0,0,0,69,18,51,29,40,21,9.74191817207394,10.3287552879405,0.353706716291988,31
"4269","RN","Pau dos Ferros",30600,17016.15,24006,"Pau dos Ferros",2,"Nordeste",1,"240940",4,48,8,40,13,35,0,0,0,0,0,48,8,40,13,35,19,9.74191817207394,10.3287552879405,0.395852066174233,30
"4270","RN","Pau dos Ferros",30600,17016.15,24006,"Pau dos Ferros",2,"Nordeste",1,"240940",5,32,8,24,8,24,0,0,0,0,0,32,8,24,8,24,28,9.74191817207394,10.3287552879405,0.38684102637408,31
"4271","RN","Pau dos Ferros",30600,17016.15,24006,"Pau dos Ferros",2,"Nordeste",1,"240940",6,47,15,32,16,31,0,0,0,0,0,47,15,32,16,31,14,9.74191817207394,10.3287552879405,0.36749073235642,30
"4272","RN","Pau dos Ferros",30600,17016.15,24006,"Pau dos Ferros",2,"Nordeste",1,"240940",7,35,9,26,7,28,1,0,0,0,0,36,9,26,7,28,25,9.74191817207394,10.3287552879405,0.382503263803693,29
"4273","RN","Pedra Grande",3199,65310.13,24016,"Litoral Nordeste",2,"Nordeste",0,"240950",2,7,1,6,5,2,0,0,0,0,0,7,1,6,5,2,0,11.0869024334015,8.07059353994952,0.327862229077122,29
"4274","RN","Pedra Grande",3199,65310.13,24016,"Litoral Nordeste",2,"Nordeste",0,"240950",3,3,1,2,1,2,0,0,0,0,0,3,1,2,1,2,1,11.0869024334015,8.07059353994952,0.38743610283469,31
"4275","RN","Pedra Grande",3199,65310.13,24016,"Litoral Nordeste",2,"Nordeste",0,"240950",4,4,2,2,2,2,0,0,0,0,0,4,2,2,2,2,2,11.0869024334015,8.07059353994952,0.383981277152739,30
"4276","RN","Pedra Grande",3199,65310.13,24016,"Litoral Nordeste",2,"Nordeste",0,"240950",5,5,0,5,2,3,0,0,0,0,0,5,0,5,2,3,0,11.0869024334015,8.07059353994952,0.402440171470985,31
"4277","RN","Pedra Grande",3199,65310.13,24016,"Litoral Nordeste",2,"Nordeste",0,"240950",6,7,2,5,2,5,0,0,0,0,0,7,2,5,2,5,1,11.0869024334015,8.07059353994952,0.423080296801326,30
"4278","RN","Pedra Grande",3199,65310.13,24016,"Litoral Nordeste",2,"Nordeste",0,"240950",7,7,3,4,4,3,0,0,0,0,0,7,3,4,4,3,2,11.0869024334015,8.07059353994952,0.432921447224167,29
"4279","RN","Pedro Avelino",6653,8202.59,24009,"Angicos",2,"Nordeste",0,"240970",2,14,9,5,6,8,0,0,0,0,0,14,9,5,6,8,2,9.01220523703962,8.80282315974189,0.300399563254449,29
"4280","RN","Pedro Avelino",6653,8202.59,24009,"Angicos",2,"Nordeste",0,"240970",3,6,3,3,2,4,0,0,0,0,0,6,3,3,2,4,1,9.01220523703962,8.80282315974189,0.344177998393314,31
"4281","RN","Pedro Avelino",6653,8202.59,24009,"Angicos",2,"Nordeste",0,"240970",4,7,3,4,4,3,0,0,0,0,0,7,3,4,4,3,2,9.01220523703962,8.80282315974189,0.407842953551438,30
"4282","RN","Pedro Avelino",6653,8202.59,24009,"Angicos",2,"Nordeste",0,"240970",5,5,1,4,2,3,0,0,0,0,0,5,1,4,2,3,2,9.01220523703962,8.80282315974189,0.426531194138199,31
"4283","RN","Pedro Avelino",6653,8202.59,24009,"Angicos",2,"Nordeste",0,"240970",6,7,1,6,1,6,0,0,0,0,0,7,1,6,1,6,3,9.01220523703962,8.80282315974189,0.415580014881708,30
"4284","RN","Pedro Avelino",6653,8202.59,24009,"Angicos",2,"Nordeste",0,"240970",7,2,1,1,0,2,1,0,0,0,0,3,1,1,0,2,4,9.01220523703962,8.80282315974189,0.455449621967606,29
"4285","RN","Pedro Velho",14844,8366.95,24019,"Litoral Sul",2,"Nordeste",0,"240980",2,26,10,16,13,13,0,0,0,0,0,26,10,16,13,13,8,9.03204470042021,9.60535102218049,0.289743177621254,29
"4286","RN","Pedro Velho",14844,8366.95,24019,"Litoral Sul",2,"Nordeste",0,"240980",3,21,9,12,10,11,0,0,0,0,0,21,9,12,10,11,16,9.03204470042021,9.60535102218049,0.383845717076987,31
"4287","RN","Pedro Velho",14844,8366.95,24019,"Litoral Sul",2,"Nordeste",0,"240980",4,16,8,8,5,11,0,0,0,0,0,16,8,8,5,11,4,9.03204470042021,9.60535102218049,0.398666849524294,30
"4288","RN","Pedro Velho",14844,8366.95,24019,"Litoral Sul",2,"Nordeste",0,"240980",5,16,11,5,11,5,1,0,0,0,0,17,11,5,11,5,7,9.03204470042021,9.60535102218049,0.412976575266097,31
"4289","RN","Pedro Velho",14844,8366.95,24019,"Litoral Sul",2,"Nordeste",0,"240980",6,16,6,10,6,10,1,0,0,0,0,17,6,10,6,10,6,9.03204470042021,9.60535102218049,0.405367351962669,30
"4290","RN","Pedro Velho",14844,8366.95,24019,"Litoral Sul",2,"Nordeste",0,"240980",7,14,4,10,7,7,0,0,0,0,0,14,4,10,7,7,7,9.03204470042021,9.60535102218049,0.424810588590973,29
"4291","RN","Pendências",15272,32065.62,24004,"Vale do Açu",2,"Nordeste",0,"240990",2,16,3,13,10,6,0,0,0,0,0,16,3,13,10,6,8,10.3755397071203,9.63377636540558,0.294584472659589,29
"4292","RN","Pendências",15272,32065.62,24004,"Vale do Açu",2,"Nordeste",0,"240990",3,15,6,9,9,6,1,0,0,0,0,16,6,9,9,6,11,10.3755397071203,9.63377636540558,0.383186697111232,31
"4293","RN","Pendências",15272,32065.62,24004,"Vale do Açu",2,"Nordeste",0,"240990",4,13,3,10,2,11,0,0,0,0,0,13,3,10,2,11,3,10.3755397071203,9.63377636540558,0.41717985581932,30
"4294","RN","Pendências",15272,32065.62,24004,"Vale do Açu",2,"Nordeste",0,"240990",5,10,2,8,6,4,0,0,0,0,0,10,2,8,6,4,12,10.3755397071203,9.63377636540558,0.41586945911239,31
"4295","RN","Pendências",15272,32065.62,24004,"Vale do Açu",2,"Nordeste",0,"240990",6,13,3,10,5,8,0,0,0,0,0,13,3,10,5,8,13,10.3755397071203,9.63377636540558,0.400906200781353,30
"4296","RN","Pendências",15272,32065.62,24004,"Vale do Açu",2,"Nordeste",0,"240990",7,12,5,7,5,7,0,0,0,0,0,12,5,7,5,7,13,10.3755397071203,9.63377636540558,0.395144284793984,29
"4297","RN","Poço Branco",15531,7090.78,24013,"Baixa Verde",2,"Nordeste",0,"241010",2,23,5,18,13,10,2,0,0,0,0,25,5,18,13,10,2,8.86655062757944,9.65059330557001,0.30067035116582,29
"4298","RN","Poço Branco",15531,7090.78,24013,"Baixa Verde",2,"Nordeste",0,"241010",3,15,3,12,5,10,0,0,0,0,0,15,3,12,5,10,9,8.86655062757944,9.65059330557001,0.425002607476552,31
"4299","RN","Poço Branco",15531,7090.78,24013,"Baixa Verde",2,"Nordeste",0,"241010",4,14,6,8,6,8,0,0,0,0,0,14,6,8,6,8,7,8.86655062757944,9.65059330557001,0.454199405145471,30
"4300","RN","Poço Branco",15531,7090.78,24013,"Baixa Verde",2,"Nordeste",0,"241010",5,16,6,10,6,10,0,0,0,0,0,16,6,10,6,10,10,8.86655062757944,9.65059330557001,0.467387968274108,31
"4301","RN","Poço Branco",15531,7090.78,24013,"Baixa Verde",2,"Nordeste",0,"241010",6,10,3,7,3,7,2,0,0,0,0,12,3,7,3,7,11,8.86655062757944,9.65059330557001,0.469174743393028,30
"4302","RN","Poço Branco",15531,7090.78,24013,"Baixa Verde",2,"Nordeste",0,"241010",7,13,4,9,3,10,1,0,0,0,0,14,4,9,3,10,14,8.86655062757944,9.65059330557001,0.461528245112045,29
"4303","RN","Portalegre",7906,7736.42,24006,"Pau dos Ferros",2,"Nordeste",0,"241020",2,17,8,9,6,11,0,0,0,0,0,17,8,9,6,11,4,8.95369432728297,8.97537724385663,0.243386153537983,29
"4304","RN","Portalegre",7906,7736.42,24006,"Pau dos Ferros",2,"Nordeste",0,"241020",3,9,4,5,6,3,0,0,0,0,0,9,4,5,6,3,6,8.95369432728297,8.97537724385663,0.353134749075345,31
"4305","RN","Portalegre",7906,7736.42,24006,"Pau dos Ferros",2,"Nordeste",0,"241020",4,13,2,11,5,8,0,0,0,0,0,13,2,11,5,8,5,8.95369432728297,8.97537724385663,0.394007479000169,30
"4306","RN","Portalegre",7906,7736.42,24006,"Pau dos Ferros",2,"Nordeste",0,"241020",5,9,4,5,5,4,0,0,0,0,0,9,4,5,5,4,5,8.95369432728297,8.97537724385663,0.368649791531752,31
"4307","RN","Portalegre",7906,7736.42,24006,"Pau dos Ferros",2,"Nordeste",0,"241020",6,3,1,2,0,3,0,0,0,0,0,3,1,2,0,3,4,8.95369432728297,8.97537724385663,0.350517957420711,30
"4308","RN","Portalegre",7906,7736.42,24006,"Pau dos Ferros",2,"Nordeste",0,"241020",7,6,2,4,2,4,0,0,0,0,0,6,2,4,2,4,4,8.95369432728297,8.97537724385663,0.397382167357588,29
"4309","RN","Porto do Mangue",6522,22960.2,24004,"Vale do Açu",2,"Nordeste",0,"241025",2,20,14,6,13,7,0,0,0,0,0,20,14,6,13,7,1,10.041517561197,8.78293635634926,0.296002651897671,29
"4310","RN","Porto do Mangue",6522,22960.2,24004,"Vale do Açu",2,"Nordeste",0,"241025",3,12,4,8,5,7,0,0,0,0,0,12,4,8,5,7,2,10.041517561197,8.78293635634926,0.358602839455302,31
"4311","RN","Porto do Mangue",6522,22960.2,24004,"Vale do Açu",2,"Nordeste",0,"241025",4,5,3,2,4,1,0,0,0,0,0,5,3,2,4,1,7,10.041517561197,8.78293635634926,0.415968039548569,30
"4312","RN","Porto do Mangue",6522,22960.2,24004,"Vale do Açu",2,"Nordeste",0,"241025",5,7,4,3,5,2,0,0,0,0,0,7,4,3,5,2,3,10.041517561197,8.78293635634926,0.407209046284366,31
"4313","RN","Porto do Mangue",6522,22960.2,24004,"Vale do Açu",2,"Nordeste",0,"241025",6,8,3,5,2,6,0,0,0,0,0,8,3,5,2,6,6,10.041517561197,8.78293635634926,0.40516942976367,30
"4314","RN","Porto do Mangue",6522,22960.2,24004,"Vale do Açu",2,"Nordeste",0,"241025",7,8,3,5,4,4,0,0,0,0,0,8,3,5,4,4,2,10.041517561197,8.78293635634926,0.434719046279245,29
"4315","RN","Serra Caiada",10522,7653.36,24015,"Agreste Potiguar",2,"Nordeste",0,"241030",2,15,10,5,10,5,0,0,0,0,0,15,10,5,10,5,3,8.94290004607988,9.26122358229075,0.310979918349786,29
"4316","RN","Serra Caiada",10522,7653.36,24015,"Agreste Potiguar",2,"Nordeste",0,"241030",3,16,8,8,9,7,1,0,0,0,0,17,8,8,9,7,6,8.94290004607988,9.26122358229075,0.377939615996241,31
"4317","RN","Serra Caiada",10522,7653.36,24015,"Agreste Potiguar",2,"Nordeste",0,"241030",4,14,8,6,7,7,0,0,0,0,0,14,8,6,7,7,2,8.94290004607988,9.26122358229075,0.386975832980773,30
"4318","RN","Serra Caiada",10522,7653.36,24015,"Agreste Potiguar",2,"Nordeste",0,"241030",5,15,8,7,7,8,0,0,0,0,0,15,8,7,7,8,7,8.94290004607988,9.26122358229075,0.406925080692172,31
"4319","RN","Serra Caiada",10522,7653.36,24015,"Agreste Potiguar",2,"Nordeste",0,"241030",6,9,5,4,5,4,0,0,0,0,0,9,5,4,5,4,7,8.94290004607988,9.26122358229075,0.369344431838416,30
"4320","RN","Serra Caiada",10522,7653.36,24015,"Agreste Potiguar",2,"Nordeste",0,"241030",7,11,7,4,5,6,0,0,0,0,0,11,7,4,5,6,8,8.94290004607988,9.26122358229075,0.398058017018636,29
"4321","RN","Pureza",9724,12508.1,24016,"Litoral Nordeste",2,"Nordeste",0,"241040",2,21,8,13,9,12,0,0,0,0,0,21,8,13,9,12,3,9.43413171342905,9.18235233543601,0.302381201450611,29
"4322","RN","Pureza",9724,12508.1,24016,"Litoral Nordeste",2,"Nordeste",0,"241040",3,17,10,7,11,6,0,0,0,0,0,17,10,7,11,6,4,9.43413171342905,9.18235233543601,0.396909245969213,31
"4323","RN","Pureza",9724,12508.1,24016,"Litoral Nordeste",2,"Nordeste",0,"241040",4,11,4,7,7,4,0,0,0,0,0,11,4,7,7,4,1,9.43413171342905,9.18235233543601,0.408811563878179,30
"4324","RN","Pureza",9724,12508.1,24016,"Litoral Nordeste",2,"Nordeste",0,"241040",5,3,2,1,2,1,0,0,0,0,0,3,2,1,2,1,7,9.43413171342905,9.18235233543601,0.444654267067235,31
"4325","RN","Pureza",9724,12508.1,24016,"Litoral Nordeste",2,"Nordeste",0,"241040",6,14,7,7,9,5,0,0,0,0,0,14,7,7,9,5,10,9.43413171342905,9.18235233543601,0.455829378992922,30
"4326","RN","Pureza",9724,12508.1,24016,"Litoral Nordeste",2,"Nordeste",0,"241040",7,13,5,8,6,7,0,0,0,0,0,13,5,8,6,7,3,9.43413171342905,9.18235233543601,0.458284210945278,29
"4327","RN","Rafael Fernandes",5128,8352.04,24006,"Pau dos Ferros",2,"Nordeste",0,"241050",2,10,5,5,5,5,0,0,0,0,0,10,5,5,5,5,2,9.03026109938298,8.54247099860051,0.278703468903311,29
"4328","RN","Rafael Fernandes",5128,8352.04,24006,"Pau dos Ferros",2,"Nordeste",0,"241050",3,8,5,3,4,4,0,0,0,0,0,8,5,3,4,4,2,9.03026109938298,8.54247099860051,0.374393164528538,31
"4329","RN","Rafael Fernandes",5128,8352.04,24006,"Pau dos Ferros",2,"Nordeste",0,"241050",4,2,2,0,1,1,1,0,0,0,0,3,2,0,1,1,3,9.03026109938298,8.54247099860051,0.379987493092851,30
"4330","RN","Rafael Fernandes",5128,8352.04,24006,"Pau dos Ferros",2,"Nordeste",0,"241050",5,5,2,3,0,5,0,0,0,0,0,5,2,3,0,5,2,9.03026109938298,8.54247099860051,0.38435468133835,31
"4331","RN","Rafael Fernandes",5128,8352.04,24006,"Pau dos Ferros",2,"Nordeste",0,"241050",6,7,2,5,3,4,0,0,0,0,0,7,2,5,3,4,2,9.03026109938298,8.54247099860051,0.373432716915398,30
"4332","RN","Rafael Fernandes",5128,8352.04,24006,"Pau dos Ferros",2,"Nordeste",0,"241050",7,7,2,5,2,5,0,0,0,0,0,7,2,5,2,5,2,9.03026109938298,8.54247099860051,0.418276254105437,29
"4333","RN","Riacho da Cruz",3614,8734.2,24006,"Pau dos Ferros",2,"Nordeste",0,"241070",2,5,1,4,2,3,0,0,0,0,0,5,1,4,2,3,0,9.07500163279867,8.19257047115217,0.249126977188195,29
"4334","RN","Riacho da Cruz",3614,8734.2,24006,"Pau dos Ferros",2,"Nordeste",0,"241070",3,4,1,3,3,1,1,0,0,0,0,5,1,3,3,1,2,9.07500163279867,8.19257047115217,0.359485238894941,31
"4335","RN","Riacho da Cruz",3614,8734.2,24006,"Pau dos Ferros",2,"Nordeste",0,"241070",4,2,1,1,2,0,0,0,0,0,0,2,1,1,2,0,1,9.07500163279867,8.19257047115217,0.41224100692939,30
"4336","RN","Riacho da Cruz",3614,8734.2,24006,"Pau dos Ferros",2,"Nordeste",0,"241070",5,1,0,1,1,0,0,0,0,0,0,1,0,1,1,0,3,9.07500163279867,8.19257047115217,0.421447775505195,31
"4337","RN","Riacho da Cruz",3614,8734.2,24006,"Pau dos Ferros",2,"Nordeste",0,"241070",6,2,0,2,1,1,0,0,0,0,0,2,0,2,1,1,0,9.07500163279867,8.19257047115217,0.320686260771734,30
"4338","RN","Riacho da Cruz",3614,8734.2,24006,"Pau dos Ferros",2,"Nordeste",0,"241070",7,3,1,2,0,3,0,0,0,0,0,3,1,2,0,3,4,9.07500163279867,8.19257047115217,0.391021516001362,29
"4339","RN","Riachuelo",8220,8398.14,24015,"Agreste Potiguar",2,"Nordeste",0,"241090",2,12,5,7,8,4,0,0,0,0,0,12,5,7,8,4,4,9.03576553174105,9.01432548805023,0.29879727313378,29
"4340","RN","Riachuelo",8220,8398.14,24015,"Agreste Potiguar",2,"Nordeste",0,"241090",3,11,3,8,5,6,0,0,0,0,0,11,3,8,5,6,5,9.03576553174105,9.01432548805023,0.401620146542475,31
"4341","RN","Riachuelo",8220,8398.14,24015,"Agreste Potiguar",2,"Nordeste",0,"241090",4,7,3,4,4,3,0,0,0,0,0,7,3,4,4,3,3,9.03576553174105,9.01432548805023,0.389055807876215,30
"4342","RN","Riachuelo",8220,8398.14,24015,"Agreste Potiguar",2,"Nordeste",0,"241090",5,8,4,4,2,6,0,0,0,0,0,8,4,4,2,6,4,9.03576553174105,9.01432548805023,0.383302666393802,31
"4343","RN","Riachuelo",8220,8398.14,24015,"Agreste Potiguar",2,"Nordeste",0,"241090",6,6,1,5,2,4,0,0,0,0,0,6,1,5,2,4,6,9.03576553174105,9.01432548805023,0.400120256207891,30
"4344","RN","Riachuelo",8220,8398.14,24015,"Agreste Potiguar",2,"Nordeste",0,"241090",7,9,3,6,2,7,1,0,0,0,0,10,3,6,2,7,3,9.03576553174105,9.01432548805023,0.411070661416942,29
"4345","RN","Rodolfo Fernandes",4462,9161.2,24006,"Pau dos Ferros",2,"Nordeste",0,"241100",2,5,2,3,2,3,0,0,0,0,0,5,2,3,2,3,2,9.12273245345466,8.40335237499248,0.242823831740329,29
"4346","RN","Rodolfo Fernandes",4462,9161.2,24006,"Pau dos Ferros",2,"Nordeste",0,"241100",3,12,4,8,5,7,0,0,0,0,0,12,4,8,5,7,2,9.12273245345466,8.40335237499248,0.331906357164782,31
"4347","RN","Rodolfo Fernandes",4462,9161.2,24006,"Pau dos Ferros",2,"Nordeste",0,"241100",4,7,2,5,5,2,0,0,0,0,0,7,2,5,5,2,4,9.12273245345466,8.40335237499248,0.356368750238596,30
"4348","RN","Rodolfo Fernandes",4462,9161.2,24006,"Pau dos Ferros",2,"Nordeste",0,"241100",5,3,0,3,2,1,0,0,0,0,0,3,0,3,2,1,2,9.12273245345466,8.40335237499248,0.381548032794429,31
"4349","RN","Rodolfo Fernandes",4462,9161.2,24006,"Pau dos Ferros",2,"Nordeste",0,"241100",6,5,2,3,1,4,0,0,0,0,0,5,2,3,1,4,3,9.12273245345466,8.40335237499248,0.371565944474919,30
"4350","RN","Rodolfo Fernandes",4462,9161.2,24006,"Pau dos Ferros",2,"Nordeste",0,"241100",7,6,1,5,4,2,0,0,0,0,0,6,1,5,4,2,4,9.12273245345466,8.40335237499248,0.396937586985774,29
"4351","RN","Tibau",4140,23498.9,24001,"Mossoró",2,"Nordeste",0,"241105",2,19,7,12,7,12,0,0,0,0,0,19,7,12,7,12,4,10.0647088905261,8.32845106681936,0.277631463182825,29
"4352","RN","Tibau",4140,23498.9,24001,"Mossoró",2,"Nordeste",0,"241105",3,8,4,4,2,6,1,0,0,0,0,9,4,4,2,6,4,10.0647088905261,8.32845106681936,0.380586182039336,31
"4353","RN","Tibau",4140,23498.9,24001,"Mossoró",2,"Nordeste",0,"241105",4,4,1,3,1,3,0,0,0,0,0,4,1,3,1,3,3,10.0647088905261,8.32845106681936,0.399912049507071,30
"4354","RN","Tibau",4140,23498.9,24001,"Mossoró",2,"Nordeste",0,"241105",5,8,3,5,3,5,0,0,0,0,0,8,3,5,3,5,7,10.0647088905261,8.32845106681936,0.412507695080056,31
"4355","RN","Tibau",4140,23498.9,24001,"Mossoró",2,"Nordeste",0,"241105",6,4,3,1,3,1,0,0,0,0,0,4,3,1,3,1,7,10.0647088905261,8.32845106681936,0.361866439368038,30
"4356","RN","Tibau",4140,23498.9,24001,"Mossoró",2,"Nordeste",0,"241105",7,6,3,3,2,4,0,0,0,0,0,6,3,3,2,4,3,10.0647088905261,8.32845106681936,0.386163174454514,29
"4357","RN","Ruy Barbosa",3592,8799.68,24014,"Borborema Potiguar",2,"Nordeste",0,"241110",2,4,0,4,2,2,0,0,0,0,0,4,0,4,2,2,0,9.08247063616876,8.18646442942209,0.317067430314878,29
"4358","RN","Ruy Barbosa",3592,8799.68,24014,"Borborema Potiguar",2,"Nordeste",0,"241110",3,3,1,2,2,1,1,0,0,0,0,4,1,2,2,1,1,9.08247063616876,8.18646442942209,0.378766033380801,31
"4359","RN","Ruy Barbosa",3592,8799.68,24014,"Borborema Potiguar",2,"Nordeste",0,"241110",4,6,3,3,1,5,0,0,0,0,0,6,3,3,1,5,0,9.08247063616876,8.18646442942209,0.394599769036657,30
"4360","RN","Ruy Barbosa",3592,8799.68,24014,"Borborema Potiguar",2,"Nordeste",0,"241110",5,3,1,2,1,2,0,0,0,0,0,3,1,2,1,2,0,9.08247063616876,8.18646442942209,0.409788496521467,31
"4361","RN","Ruy Barbosa",3592,8799.68,24014,"Borborema Potiguar",2,"Nordeste",0,"241110",6,3,2,1,2,1,0,0,0,0,0,3,2,1,2,1,0,9.08247063616876,8.18646442942209,0.442860223666933,30
"4362","RN","Ruy Barbosa",3592,8799.68,24014,"Borborema Potiguar",2,"Nordeste",0,"241110",7,3,0,3,2,1,0,0,0,0,0,3,0,3,2,1,2,9.08247063616876,8.18646442942209,0.418730287203532,29
"4363","RN","Santa Cruz",39988,14489.25,24014,"Borborema Potiguar",2,"Nordeste",1,"241120",2,83,31,52,35,48,0,0,0,0,0,83,31,52,35,48,15,9.58116227414077,10.5963346880871,0.256088382790392,29
"4364","RN","Santa Cruz",39988,14489.25,24014,"Borborema Potiguar",2,"Nordeste",1,"241120",3,57,20,37,25,32,0,0,0,0,0,57,20,37,25,32,22,9.58116227414077,10.5963346880871,0.347874251603917,31
"4365","RN","Santa Cruz",39988,14489.25,24014,"Borborema Potiguar",2,"Nordeste",1,"241120",4,37,13,24,15,22,0,0,0,0,0,37,13,24,15,22,25,9.58116227414077,10.5963346880871,0.378188483388331,30
"4366","RN","Santa Cruz",39988,14489.25,24014,"Borborema Potiguar",2,"Nordeste",1,"241120",5,33,16,17,13,20,1,0,0,0,0,34,16,17,13,20,23,9.58116227414077,10.5963346880871,0.36753916283173,31
"4367","RN","Santa Cruz",39988,14489.25,24014,"Borborema Potiguar",2,"Nordeste",1,"241120",6,44,14,30,19,25,0,0,0,0,0,44,14,30,19,25,21,9.58116227414077,10.5963346880871,0.366855083070192,30
"4368","RN","Santa Cruz",39988,14489.25,24014,"Borborema Potiguar",2,"Nordeste",1,"241120",7,43,13,30,13,30,1,0,0,0,0,44,13,30,13,30,27,9.58116227414077,10.5963346880871,0.389869232101583,29
"4369","RN","Santana do Matos",11956,9346.7,24010,"Serra de Santana",2,"Nordeste",0,"241140",2,18,6,12,7,11,0,0,0,0,0,18,6,12,7,11,9,9.14277861880787,9.38898852340383,0.275771458531683,29
"4370","RN","Santana do Matos",11956,9346.7,24010,"Serra de Santana",2,"Nordeste",0,"241140",3,15,8,7,8,7,0,0,0,0,0,15,8,7,8,7,7,9.14277861880787,9.38898852340383,0.354818573875945,31
"4371","RN","Santana do Matos",11956,9346.7,24010,"Serra de Santana",2,"Nordeste",0,"241140",4,7,0,7,2,5,0,0,0,0,0,7,0,7,2,5,14,9.14277861880787,9.38898852340383,0.38030842558625,30
"4372","RN","Santana do Matos",11956,9346.7,24010,"Serra de Santana",2,"Nordeste",0,"241140",5,11,7,4,3,8,0,0,0,0,0,11,7,4,3,8,7,9.14277861880787,9.38898852340383,0.425169154223618,31
"4373","RN","Santana do Matos",11956,9346.7,24010,"Serra de Santana",2,"Nordeste",0,"241140",6,13,7,6,2,11,0,0,0,0,0,13,7,6,2,11,8,9.14277861880787,9.38898852340383,0.415082949455319,30
"4374","RN","Santana do Matos",11956,9346.7,24010,"Serra de Santana",2,"Nordeste",0,"241140",7,15,5,10,5,10,1,0,0,0,0,16,5,10,5,10,12,9.14277861880787,9.38898852340383,0.441356722234711,29
"4375","RN","Santo Antônio",24280,9355.26,24015,"Agreste Potiguar",2,"Nordeste",0,"241150",2,40,12,28,10,30,0,0,0,0,0,40,12,28,10,30,15,9.14369403094625,10.0974082451734,0.268483126500718,29
"4376","RN","Santo Antônio",24280,9355.26,24015,"Agreste Potiguar",2,"Nordeste",0,"241150",3,36,13,23,14,22,1,0,0,0,0,37,13,23,14,22,12,9.14369403094625,10.0974082451734,0.358086328317768,31
"4377","RN","Santo Antônio",24280,9355.26,24015,"Agreste Potiguar",2,"Nordeste",0,"241150",4,37,19,18,14,23,0,0,0,0,0,37,19,18,14,23,7,9.14369403094625,10.0974082451734,0.369898184647879,30
"4378","RN","Santo Antônio",24280,9355.26,24015,"Agreste Potiguar",2,"Nordeste",0,"241150",5,29,13,16,14,15,0,0,0,0,0,29,13,16,14,15,10,9.14369403094625,10.0974082451734,0.371174121578946,31
"4379","RN","Santo Antônio",24280,9355.26,24015,"Agreste Potiguar",2,"Nordeste",0,"241150",6,22,11,11,11,11,0,0,0,0,0,22,11,11,11,11,21,9.14369403094625,10.0974082451734,0.37681493322292,30
"4380","RN","Santo Antônio",24280,9355.26,24015,"Agreste Potiguar",2,"Nordeste",0,"241150",7,25,10,15,14,11,0,0,0,0,0,25,10,15,14,11,10,9.14369403094625,10.0974082451734,0.390156991773783,29
"4381","RN","São Bento do Norte",2717,71914,24008,"Macau",2,"Nordeste",0,"241160",2,5,3,2,3,2,0,0,0,0,0,5,3,2,3,2,1,11.1832262396364,7.90728360942635,0.278928450645354,29
"4382","RN","São Bento do Norte",2717,71914,24008,"Macau",2,"Nordeste",0,"241160",3,7,3,4,2,5,0,0,0,0,0,7,3,4,2,5,3,11.1832262396364,7.90728360942635,0.364510586758128,31
"4383","RN","São Bento do Norte",2717,71914,24008,"Macau",2,"Nordeste",0,"241160",4,6,2,4,2,4,0,0,0,0,0,6,2,4,2,4,2,11.1832262396364,7.90728360942635,0.370214892193616,30
"4384","RN","São Bento do Norte",2717,71914,24008,"Macau",2,"Nordeste",0,"241160",5,7,1,6,2,5,0,0,0,0,0,7,1,6,2,5,0,11.1832262396364,7.90728360942635,0.362164064862218,31
"4385","RN","São Bento do Norte",2717,71914,24008,"Macau",2,"Nordeste",0,"241160",6,7,3,4,6,1,0,0,0,0,0,7,3,4,6,1,1,11.1832262396364,7.90728360942635,0.367540303937841,30
"4386","RN","São Bento do Norte",2717,71914,24008,"Macau",2,"Nordeste",0,"241160",7,7,5,2,3,4,0,0,0,0,0,7,5,2,3,4,1,11.1832262396364,7.90728360942635,0.402052214230287,29
"4387","RN","São Fernando",3595,13671,24011,"Seridó Ocidental",2,"Nordeste",0,"241180",2,2,1,1,2,0,0,0,0,0,0,2,1,1,2,0,1,9.52303207993199,8.18729927015515,0.244426915395858,29
"4388","RN","São Fernando",3595,13671,24011,"Seridó Ocidental",2,"Nordeste",0,"241180",3,5,2,3,2,3,0,0,0,0,0,5,2,3,2,3,2,9.52303207993199,8.18729927015515,0.362534592424714,31
"4389","RN","São Fernando",3595,13671,24011,"Seridó Ocidental",2,"Nordeste",0,"241180",4,3,1,2,0,3,0,0,0,0,0,3,1,2,0,3,0,9.52303207993199,8.18729927015515,0.373555054824879,30
"4390","RN","São Fernando",3595,13671,24011,"Seridó Ocidental",2,"Nordeste",0,"241180",5,3,2,1,1,2,0,0,0,0,0,3,2,1,1,2,0,9.52303207993199,8.18729927015515,0.412713451872103,31
"4391","RN","São Fernando",3595,13671,24011,"Seridó Ocidental",2,"Nordeste",0,"241180",6,1,1,0,1,0,0,0,0,0,0,1,1,0,1,0,1,9.52303207993199,8.18729927015515,0.416102378737141,30
"4392","RN","São Fernando",3595,13671,24011,"Seridó Ocidental",2,"Nordeste",0,"241180",7,4,1,3,2,2,0,0,0,0,0,4,1,3,2,2,2,9.52303207993199,8.18729927015515,0.369670776405403,29
"4393","RN","São Gonçalo do Amarante",103672,14666.66,24017,"Macaíba",2,"Nordeste",1,"241200",2,205,58,147,53,152,0,0,0,0,0,205,58,147,53,152,47,9.59333216968673,11.5489873481153,0.272786604202409,29
"4394","RN","São Gonçalo do Amarante",103672,14666.66,24017,"Macaíba",2,"Nordeste",1,"241200",3,157,36,121,56,101,4,0,0,0,0,161,36,121,56,101,60,9.59333216968673,11.5489873481153,0.370980888756113,31
"4395","RN","São Gonçalo do Amarante",103672,14666.66,24017,"Macaíba",2,"Nordeste",1,"241200",4,97,21,76,31,66,1,0,0,0,0,98,21,76,31,66,40,9.59333216968673,11.5489873481153,0.439380528317523,30
"4396","RN","São Gonçalo do Amarante",103672,14666.66,24017,"Macaíba",2,"Nordeste",1,"241200",5,100,21,79,34,66,0,0,0,0,0,100,21,79,34,66,57,9.59333216968673,11.5489873481153,0.42024524284171,31
"4397","RN","São Gonçalo do Amarante",103672,14666.66,24017,"Macaíba",2,"Nordeste",1,"241200",6,118,34,84,41,77,1,0,0,0,0,119,34,84,41,77,86,9.59333216968673,11.5489873481153,0.408194822859428,30
"4398","RN","São Gonçalo do Amarante",103672,14666.66,24017,"Macaíba",2,"Nordeste",1,"241200",7,131,36,95,52,79,1,0,0,0,0,132,36,95,52,79,68,9.59333216968673,11.5489873481153,0.390874458389392,29
"4399","RN","São João do Sabugi",6207,9612.68,24011,"Seridó Ocidental",2,"Nordeste",0,"241210",2,13,6,7,5,8,0,0,0,0,0,13,6,7,5,8,3,9.17083833925626,8.73343296641365,0.273660824244726,29
"4400","RN","São João do Sabugi",6207,9612.68,24011,"Seridó Ocidental",2,"Nordeste",0,"241210",3,14,6,8,6,8,0,0,0,0,0,14,6,8,6,8,3,9.17083833925626,8.73343296641365,0.371277141923304,31
"4401","RN","São João do Sabugi",6207,9612.68,24011,"Seridó Ocidental",2,"Nordeste",0,"241210",4,4,0,4,0,4,0,0,0,0,0,4,0,4,0,4,5,9.17083833925626,8.73343296641365,0.385340549592715,30
"4402","RN","São João do Sabugi",6207,9612.68,24011,"Seridó Ocidental",2,"Nordeste",0,"241210",5,5,2,3,1,4,0,0,0,0,0,5,2,3,1,4,3,9.17083833925626,8.73343296641365,0.420423247966025,31
"4403","RN","São João do Sabugi",6207,9612.68,24011,"Seridó Ocidental",2,"Nordeste",0,"241210",6,7,2,5,2,5,0,0,0,0,0,7,2,5,2,5,3,9.17083833925626,8.73343296641365,0.426895925291875,30
"4404","RN","São João do Sabugi",6207,9612.68,24011,"Seridó Ocidental",2,"Nordeste",0,"241210",7,4,0,4,0,4,0,0,0,0,0,4,0,4,0,4,7,9.17083833925626,8.73343296641365,0.45234711339248,29
"4405","RN","São José de Mipibu",44236,17715.29,24017,"Macaíba",2,"Nordeste",0,"241220",2,85,33,52,35,50,0,0,0,0,0,85,33,52,35,50,23,9.78218338747323,10.6972942161953,0.27938775614437,29
"4406","RN","São José de Mipibu",44236,17715.29,24017,"Macaíba",2,"Nordeste",0,"241220",3,85,40,45,36,49,1,0,0,0,0,86,40,45,36,49,31,9.78218338747323,10.6972942161953,0.368256430922619,31
"4407","RN","São José de Mipibu",44236,17715.29,24017,"Macaíba",2,"Nordeste",0,"241220",4,71,28,43,27,44,1,0,0,0,0,72,28,43,27,44,24,9.78218338747323,10.6972942161953,0.403154300400235,30
"4408","RN","São José de Mipibu",44236,17715.29,24017,"Macaíba",2,"Nordeste",0,"241220",5,61,29,32,25,36,0,0,0,0,0,61,29,32,25,36,27,9.78218338747323,10.6972942161953,0.400188299280465,31
"4409","RN","São José de Mipibu",44236,17715.29,24017,"Macaíba",2,"Nordeste",0,"241220",6,65,32,33,33,32,1,0,0,0,0,66,32,33,33,32,43,9.78218338747323,10.6972942161953,0.390541801886453,30
"4410","RN","São José de Mipibu",44236,17715.29,24017,"Macaíba",2,"Nordeste",0,"241220",7,75,39,36,34,41,2,0,0,0,0,77,39,36,34,41,36,9.78218338747323,10.6972942161953,0.383644820480612,29
"4411","RN","São José do Campestre",12879,7228.09,24014,"Borborema Potiguar",2,"Nordeste",1,"241230",2,13,6,7,4,9,0,0,0,0,0,13,6,7,4,9,6,8.8857301032118,9.46335335689267,0.273405791346394,29
"4412","RN","São José do Campestre",12879,7228.09,24014,"Borborema Potiguar",2,"Nordeste",1,"241230",3,15,5,10,7,8,0,0,0,0,0,15,5,10,7,8,6,8.8857301032118,9.46335335689267,0.346475572774636,31
"4413","RN","São José do Campestre",12879,7228.09,24014,"Borborema Potiguar",2,"Nordeste",1,"241230",4,5,2,3,3,2,0,0,0,0,0,5,2,3,3,2,6,8.8857301032118,9.46335335689267,0.361085286870314,30
"4414","RN","São José do Campestre",12879,7228.09,24014,"Borborema Potiguar",2,"Nordeste",1,"241230",5,14,7,7,6,8,0,0,0,0,0,14,7,7,6,8,9,8.8857301032118,9.46335335689267,0.361128407568044,31
"4415","RN","São José do Campestre",12879,7228.09,24014,"Borborema Potiguar",2,"Nordeste",1,"241230",6,9,3,6,1,8,0,0,0,0,0,9,3,6,1,8,12,8.8857301032118,9.46335335689267,0.390376358374214,30
"4416","RN","São José do Campestre",12879,7228.09,24014,"Borborema Potiguar",2,"Nordeste",1,"241230",7,12,6,6,7,5,0,0,0,0,0,12,6,6,7,5,11,8.8857301032118,9.46335335689267,0.397086924097177,29
"4417","RN","São José do Seridó",4665,23186.58,24012,"Seridó Oriental",2,"Nordeste",0,"241240",2,8,3,5,4,4,0,0,0,0,0,8,3,5,4,4,5,10.0513289420128,8.44784311328144,0.291211493038162,29
"4418","RN","São José do Seridó",4665,23186.58,24012,"Seridó Oriental",2,"Nordeste",0,"241240",3,11,3,8,5,6,0,0,0,0,0,11,3,8,5,6,5,10.0513289420128,8.44784311328144,0.384011948731713,31
"4419","RN","São José do Seridó",4665,23186.58,24012,"Seridó Oriental",2,"Nordeste",0,"241240",4,3,2,1,2,1,0,0,0,0,0,3,2,1,2,1,5,10.0513289420128,8.44784311328144,0.406166286219908,30
"4420","RN","São José do Seridó",4665,23186.58,24012,"Seridó Oriental",2,"Nordeste",0,"241240",5,2,0,2,0,2,0,0,0,0,0,2,0,2,0,2,2,10.0513289420128,8.44784311328144,0.366414542530628,31
"4421","RN","São José do Seridó",4665,23186.58,24012,"Seridó Oriental",2,"Nordeste",0,"241240",6,6,3,3,3,3,0,0,0,0,0,6,3,3,3,3,1,10.0513289420128,8.44784311328144,0.362247230289698,30
"4422","RN","São José do Seridó",4665,23186.58,24012,"Seridó Oriental",2,"Nordeste",0,"241240",7,3,0,3,1,2,0,0,0,0,0,3,0,3,1,2,1,10.0513289420128,8.44784311328144,0.410509882056413,29
"4423","RN","São Miguel",23655,9623.12,24005,"Serra de São Miguel",2,"Nordeste",0,"241250",2,48,18,30,20,28,0,0,0,0,0,48,18,30,20,28,14,9.17192381540231,10.0713297880652,0.279909650885814,29
"4424","RN","São Miguel",23655,9623.12,24005,"Serra de São Miguel",2,"Nordeste",0,"241250",3,41,18,23,21,20,0,0,0,0,0,41,18,23,21,20,12,9.17192381540231,10.0713297880652,0.365332863429253,31
"4425","RN","São Miguel",23655,9623.12,24005,"Serra de São Miguel",2,"Nordeste",0,"241250",4,21,13,8,10,11,1,0,0,0,0,22,13,8,10,11,11,9.17192381540231,10.0713297880652,0.428640289752177,30
"4426","RN","São Miguel",23655,9623.12,24005,"Serra de São Miguel",2,"Nordeste",0,"241250",5,13,7,6,6,7,0,0,0,0,0,13,7,6,6,7,23,9.17192381540231,10.0713297880652,0.422147451861367,31
"4427","RN","São Miguel",23655,9623.12,24005,"Serra de São Miguel",2,"Nordeste",0,"241250",6,27,17,10,15,12,0,0,0,0,0,27,17,10,15,12,18,9.17192381540231,10.0713297880652,0.386541132186333,30
"4428","RN","São Miguel",23655,9623.12,24005,"Serra de São Miguel",2,"Nordeste",0,"241250",7,21,14,7,14,7,0,0,0,0,0,21,14,7,14,7,18,9.17192381540231,10.0713297880652,0.434653514730966,29
"4429","RN","São Miguel do Gostoso",10362,44082.85,24016,"Litoral Nordeste",2,"Nordeste",0,"241255",2,10,2,8,5,5,0,0,0,0,0,10,2,8,5,5,2,10.6938260969092,9.24590054737473,0.280372998014303,29
"4430","RN","São Miguel do Gostoso",10362,44082.85,24016,"Litoral Nordeste",2,"Nordeste",0,"241255",3,13,5,8,5,8,0,0,0,0,0,13,5,8,5,8,4,10.6938260969092,9.24590054737473,0.362387139796652,31
"4431","RN","São Miguel do Gostoso",10362,44082.85,24016,"Litoral Nordeste",2,"Nordeste",0,"241255",4,9,3,6,4,5,0,0,0,0,0,9,3,6,4,5,2,10.6938260969092,9.24590054737473,0.37908305905105,30
"4432","RN","São Miguel do Gostoso",10362,44082.85,24016,"Litoral Nordeste",2,"Nordeste",0,"241255",5,10,6,4,5,5,0,0,0,0,0,10,6,4,5,5,6,10.6938260969092,9.24590054737473,0.399927289566707,31
"4433","RN","São Miguel do Gostoso",10362,44082.85,24016,"Litoral Nordeste",2,"Nordeste",0,"241255",6,16,8,8,5,11,0,0,0,0,0,16,8,8,5,11,14,10.6938260969092,9.24590054737473,0.407415421756976,30
"4434","RN","São Miguel do Gostoso",10362,44082.85,24016,"Litoral Nordeste",2,"Nordeste",0,"241255",7,18,6,12,4,14,0,0,0,0,0,18,6,12,4,14,9,10.6938260969092,9.24590054737473,0.396309624884571,29
"4435","RN","São Paulo do Potengi",17720,9581.67,24015,"Agreste Potiguar",2,"Nordeste",0,"241260",2,32,8,24,10,22,1,0,0,0,0,33,8,24,10,22,7,9.16760717727581,9.78244922415907,0.255316256560904,29
"4436","RN","São Paulo do Potengi",17720,9581.67,24015,"Agreste Potiguar",2,"Nordeste",0,"241260",3,25,8,17,11,14,0,0,0,0,0,25,8,17,11,14,10,9.16760717727581,9.78244922415907,0.335918773036973,31
"4437","RN","São Paulo do Potengi",17720,9581.67,24015,"Agreste Potiguar",2,"Nordeste",0,"241260",4,13,3,10,1,12,1,0,0,0,0,14,3,10,1,12,4,9.16760717727581,9.78244922415907,0.350963394754198,30
"4438","RN","São Paulo do Potengi",17720,9581.67,24015,"Agreste Potiguar",2,"Nordeste",0,"241260",5,12,5,7,3,9,0,0,0,0,0,12,5,7,3,9,11,9.16760717727581,9.78244922415907,0.351939262597393,31
"4439","RN","São Paulo do Potengi",17720,9581.67,24015,"Agreste Potiguar",2,"Nordeste",0,"241260",6,17,5,12,7,10,0,0,0,0,0,17,5,12,7,10,22,9.16760717727581,9.78244922415907,0.412001144306436,30
"4440","RN","São Paulo do Potengi",17720,9581.67,24015,"Agreste Potiguar",2,"Nordeste",0,"241260",7,21,6,15,8,13,0,0,0,0,0,21,6,15,8,13,15,9.16760717727581,9.78244922415907,0.369028472437136,29
"4441","RN","São Pedro",5930,9837.78,24015,"Agreste Potiguar",2,"Nordeste",0,"241270",2,10,4,6,7,3,0,0,0,0,0,10,4,6,7,3,4,9.19398535483649,8.68777949199177,0.310837823246994,29
"4442","RN","São Pedro",5930,9837.78,24015,"Agreste Potiguar",2,"Nordeste",0,"241270",3,10,4,6,3,7,0,0,0,0,0,10,4,6,3,7,3,9.19398535483649,8.68777949199177,0.415306093181846,31
"4443","RN","São Pedro",5930,9837.78,24015,"Agreste Potiguar",2,"Nordeste",0,"241270",4,7,5,2,2,5,0,0,0,0,0,7,5,2,2,5,3,9.19398535483649,8.68777949199177,0.42448486667371,30
"4444","RN","São Pedro",5930,9837.78,24015,"Agreste Potiguar",2,"Nordeste",0,"241270",5,5,4,1,4,1,0,0,0,0,0,5,4,1,4,1,3,9.19398535483649,8.68777949199177,0.414070025071849,31
"4445","RN","São Pedro",5930,9837.78,24015,"Agreste Potiguar",2,"Nordeste",0,"241270",6,3,1,2,1,2,0,0,0,0,0,3,1,2,1,2,6,9.19398535483649,8.68777949199177,0.42682519202759,30
"4446","RN","São Pedro",5930,9837.78,24015,"Agreste Potiguar",2,"Nordeste",0,"241270",7,5,4,1,2,3,0,0,0,0,0,5,4,1,2,3,5,9.19398535483649,8.68777949199177,0.455564471359378,29
"4447","RN","São Rafael",8192,9075.99,24004,"Vale do Açu",2,"Nordeste",0,"241280",2,9,2,7,2,7,1,0,0,0,0,10,2,7,2,7,6,9.11338774409216,9.01091334727929,0.292294837077281,29
"4448","RN","São Rafael",8192,9075.99,24004,"Vale do Açu",2,"Nordeste",0,"241280",3,14,5,9,7,7,0,0,0,0,0,14,5,9,7,7,5,9.11338774409216,9.01091334727929,0.382567294482868,31
"4449","RN","São Rafael",8192,9075.99,24004,"Vale do Açu",2,"Nordeste",0,"241280",4,3,1,2,2,1,0,0,0,0,0,3,1,2,2,1,5,9.11338774409216,9.01091334727929,0.405967736804407,30
"4450","RN","São Rafael",8192,9075.99,24004,"Vale do Açu",2,"Nordeste",0,"241280",5,7,3,4,4,3,0,0,0,0,0,7,3,4,4,3,2,9.11338774409216,9.01091334727929,0.407385556819078,31
"4451","RN","São Rafael",8192,9075.99,24004,"Vale do Açu",2,"Nordeste",0,"241280",6,6,3,3,4,2,0,0,0,0,0,6,3,3,4,2,4,9.11338774409216,9.01091334727929,0.411213221555393,30
"4452","RN","São Rafael",8192,9075.99,24004,"Vale do Açu",2,"Nordeste",0,"241280",7,5,2,3,3,2,0,0,0,0,0,5,2,3,3,2,5,9.11338774409216,9.01091334727929,0.422552959278507,29
"4453","RN","São Tomé",11053,9037.98,24014,"Borborema Potiguar",2,"Nordeste",0,"241290",2,16,8,8,5,11,0,0,0,0,0,16,8,8,5,11,8,9.10919097708982,9.31045716331096,0.283743522972061,29
"4454","RN","São Tomé",11053,9037.98,24014,"Borborema Potiguar",2,"Nordeste",0,"241290",3,12,8,4,3,9,0,0,0,0,0,12,8,4,3,9,4,9.10919097708982,9.31045716331096,0.351576432529848,31
"4455","RN","São Tomé",11053,9037.98,24014,"Borborema Potiguar",2,"Nordeste",0,"241290",4,4,2,2,2,2,0,0,0,0,0,4,2,2,2,2,6,9.10919097708982,9.31045716331096,0.378106083055219,30
"4456","RN","São Tomé",11053,9037.98,24014,"Borborema Potiguar",2,"Nordeste",0,"241290",5,14,7,7,4,10,0,0,0,0,0,14,7,7,4,10,9,9.10919097708982,9.31045716331096,0.414403932001115,31
"4457","RN","São Tomé",11053,9037.98,24014,"Borborema Potiguar",2,"Nordeste",0,"241290",6,9,4,5,2,7,0,0,0,0,0,9,4,5,2,7,7,9.10919097708982,9.31045716331096,0.394765626768164,30
"4458","RN","São Tomé",11053,9037.98,24014,"Borborema Potiguar",2,"Nordeste",0,"241290",7,10,4,6,4,6,0,0,0,0,0,10,4,6,4,6,12,9.10919097708982,9.31045716331096,0.427254875862642,29
"4459","RN","São Vicente",6450,10701.68,24010,"Serra de Santana",2,"Nordeste",0,"241300",2,11,4,7,3,8,0,0,0,0,0,11,4,7,3,8,2,9.27815601747112,8.77183540978982,0.284512242267253,29
"4460","RN","São Vicente",6450,10701.68,24010,"Serra de Santana",2,"Nordeste",0,"241300",3,9,4,5,4,5,0,0,0,0,0,9,4,5,4,5,3,9.27815601747112,8.77183540978982,0.352189425135944,31
"4461","RN","São Vicente",6450,10701.68,24010,"Serra de Santana",2,"Nordeste",0,"241300",4,3,1,2,1,2,0,0,0,0,0,3,1,2,1,2,4,9.27815601747112,8.77183540978982,0.36817128192854,30
"4462","RN","São Vicente",6450,10701.68,24010,"Serra de Santana",2,"Nordeste",0,"241300",5,5,1,4,0,5,0,0,0,0,0,5,1,4,0,5,1,9.27815601747112,8.77183540978982,0.398468121943104,31
"4463","RN","São Vicente",6450,10701.68,24010,"Serra de Santana",2,"Nordeste",0,"241300",6,6,0,6,1,5,0,0,0,0,0,6,0,6,1,5,7,9.27815601747112,8.77183540978982,0.377389170440533,30
"4464","RN","São Vicente",6450,10701.68,24010,"Serra de Santana",2,"Nordeste",0,"241300",7,8,0,8,2,6,0,0,0,0,0,8,0,8,2,6,3,9.27815601747112,8.77183540978982,0.397002873577752,29
"4465","RN","Senador Elói de Souza",6127,7405.42,24015,"Agreste Potiguar",2,"Nordeste",0,"241310",2,13,7,6,4,9,0,0,0,0,0,13,7,6,4,9,5,8.90996744352696,8.72046051272565,0.27616533929873,29
"4466","RN","Senador Elói de Souza",6127,7405.42,24015,"Agreste Potiguar",2,"Nordeste",0,"241310",3,12,5,7,5,7,0,0,0,0,0,12,5,7,5,7,1,8.90996744352696,8.72046051272565,0.358067628613543,31
"4467","RN","Senador Elói de Souza",6127,7405.42,24015,"Agreste Potiguar",2,"Nordeste",0,"241310",4,9,3,6,3,6,0,0,0,0,0,9,3,6,3,6,4,8.90996744352696,8.72046051272565,0.412233748203128,30
"4468","RN","Senador Elói de Souza",6127,7405.42,24015,"Agreste Potiguar",2,"Nordeste",0,"241310",5,4,1,3,1,3,0,0,0,0,0,4,1,3,1,3,3,8.90996744352696,8.72046051272565,0.453272310957978,31
"4469","RN","Senador Elói de Souza",6127,7405.42,24015,"Agreste Potiguar",2,"Nordeste",0,"241310",6,7,2,5,3,4,1,0,0,0,0,8,2,5,3,4,5,8.90996744352696,8.72046051272565,0.419334165310447,30
"4470","RN","Senador Elói de Souza",6127,7405.42,24015,"Agreste Potiguar",2,"Nordeste",0,"241310",7,4,1,3,1,3,0,0,0,0,0,4,1,3,1,3,2,8.90996744352696,8.72046051272565,0.437570366635728,29
"4471","RN","Senador Georgino Avelino",4484,28781.96,24019,"Litoral Sul",2,"Nordeste",0,"241320",2,13,4,9,3,10,0,0,0,0,0,13,4,9,3,10,1,10.2675040809717,8.40827078419205,0.290232558434462,29
"4472","RN","Senador Georgino Avelino",4484,28781.96,24019,"Litoral Sul",2,"Nordeste",0,"241320",3,10,5,5,4,6,0,0,0,0,0,10,5,5,4,6,1,10.2675040809717,8.40827078419205,0.386920986363729,31
"4473","RN","Senador Georgino Avelino",4484,28781.96,24019,"Litoral Sul",2,"Nordeste",0,"241320",4,7,3,4,3,4,0,0,0,0,0,7,3,4,3,4,3,10.2675040809717,8.40827078419205,0.420609003541203,30
"4474","RN","Senador Georgino Avelino",4484,28781.96,24019,"Litoral Sul",2,"Nordeste",0,"241320",5,4,3,1,3,1,1,0,0,0,0,5,3,1,3,1,4,10.2675040809717,8.40827078419205,0.434707110040114,31
"4475","RN","Senador Georgino Avelino",4484,28781.96,24019,"Litoral Sul",2,"Nordeste",0,"241320",6,2,1,1,2,0,0,0,0,0,0,2,1,1,2,0,1,10.2675040809717,8.40827078419205,0.395097422495592,30
"4476","RN","Senador Georgino Avelino",4484,28781.96,24019,"Litoral Sul",2,"Nordeste",0,"241320",7,10,6,4,5,5,0,0,0,0,0,10,6,4,5,5,1,10.2675040809717,8.40827078419205,0.427319705530462,29
"4477","RN","Serra de São Bento",5751,7746.66,24014,"Borborema Potiguar",2,"Nordeste",0,"241330",2,8,5,3,2,6,0,0,0,0,0,8,5,3,2,6,5,8.95501706171217,8.65712903171375,0.280386473908789,29
"4478","RN","Serra de São Bento",5751,7746.66,24014,"Borborema Potiguar",2,"Nordeste",0,"241330",3,6,2,4,2,4,0,0,0,0,0,6,2,4,2,4,3,8.95501706171217,8.65712903171375,0.369916716054682,31
"4479","RN","Serra de São Bento",5751,7746.66,24014,"Borborema Potiguar",2,"Nordeste",0,"241330",4,2,0,2,2,0,0,0,0,0,0,2,0,2,2,0,2,8.95501706171217,8.65712903171375,0.370511899691451,30
"4480","RN","Serra de São Bento",5751,7746.66,24014,"Borborema Potiguar",2,"Nordeste",0,"241330",5,1,0,1,0,1,0,0,0,0,0,1,0,1,0,1,3,8.95501706171217,8.65712903171375,0.382254329342352,31
"4481","RN","Serra de São Bento",5751,7746.66,24014,"Borborema Potiguar",2,"Nordeste",0,"241330",6,7,2,5,3,4,0,0,0,0,0,7,2,5,3,4,6,8.95501706171217,8.65712903171375,0.379924507546008,30
"4482","RN","Serra de São Bento",5751,7746.66,24014,"Borborema Potiguar",2,"Nordeste",0,"241330",7,7,3,4,6,1,0,0,0,0,0,7,3,4,6,1,3,8.95501706171217,8.65712903171375,0.444110762047677,29
"4483","RN","Serra do Mel",12083,27909.59,24001,"Mossoró",2,"Nordeste",0,"241335",2,36,10,26,21,15,1,0,0,0,0,37,10,26,21,15,5,10.2367256363472,9.39955478502731,0.263872622481505,29
"4484","RN","Serra do Mel",12083,27909.59,24001,"Mossoró",2,"Nordeste",0,"241335",3,24,6,18,11,13,0,0,0,0,0,24,6,18,11,13,4,10.2367256363472,9.39955478502731,0.33178454732949,31
"4485","RN","Serra do Mel",12083,27909.59,24001,"Mossoró",2,"Nordeste",0,"241335",4,16,4,12,9,7,0,0,0,0,0,16,4,12,9,7,7,10.2367256363472,9.39955478502731,0.351876720674684,30
"4486","RN","Serra do Mel",12083,27909.59,24001,"Mossoró",2,"Nordeste",0,"241335",5,19,9,10,8,11,0,0,0,0,0,19,9,10,8,11,6,10.2367256363472,9.39955478502731,0.356873498920752,31
"4487","RN","Serra do Mel",12083,27909.59,24001,"Mossoró",2,"Nordeste",0,"241335",6,13,6,7,6,7,0,0,0,0,0,13,6,7,6,7,11,10.2367256363472,9.39955478502731,0.342349411201518,30
"4488","RN","Serra do Mel",12083,27909.59,24001,"Mossoró",2,"Nordeste",0,"241335",7,14,6,8,8,6,0,0,0,0,0,14,6,8,8,6,7,10.2367256363472,9.39955478502731,0.363423230850488,29
"4489","RN","Serra Negra do Norte",8092,9569.74,24011,"Seridó Ocidental",2,"Nordeste",0,"241340",2,7,4,3,2,5,0,0,0,0,0,7,4,3,2,5,9,9.16636131584387,8.99863119828764,0.281132091517503,29
"4490","RN","Serra Negra do Norte",8092,9569.74,24011,"Seridó Ocidental",2,"Nordeste",0,"241340",3,12,5,7,6,6,0,0,0,0,0,12,5,7,6,6,4,9.16636131584387,8.99863119828764,0.378819010513099,31
"4491","RN","Serra Negra do Norte",8092,9569.74,24011,"Seridó Ocidental",2,"Nordeste",0,"241340",4,8,5,3,6,2,0,0,0,0,0,8,5,3,6,2,5,9.16636131584387,8.99863119828764,0.372126680804691,30
"4492","RN","Serra Negra do Norte",8092,9569.74,24011,"Seridó Ocidental",2,"Nordeste",0,"241340",5,4,1,3,1,3,0,0,0,0,0,4,1,3,1,3,6,9.16636131584387,8.99863119828764,0.450576366464318,31
"4493","RN","Serra Negra do Norte",8092,9569.74,24011,"Seridó Ocidental",2,"Nordeste",0,"241340",6,8,1,7,2,6,0,0,0,0,0,8,1,7,2,6,4,9.16636131584387,8.99863119828764,0.392933541218769,30
"4494","RN","Serra Negra do Norte",8092,9569.74,24011,"Seridó Ocidental",2,"Nordeste",0,"241340",7,7,1,6,3,4,0,0,0,0,0,7,1,6,3,4,11,9.16636131584387,8.99863119828764,0.381504364363525,29
"4495","RN","Serrinha",6178,9122.12,24015,"Agreste Potiguar",2,"Nordeste",0,"241350",2,18,6,12,5,13,0,0,0,0,0,18,6,12,5,13,5,9.11845751219499,8.72874987347853,0.295042639314703,29
"4496","RN","Serrinha",6178,9122.12,24015,"Agreste Potiguar",2,"Nordeste",0,"241350",3,6,0,6,3,3,0,0,0,0,0,6,0,6,3,3,3,9.11845751219499,8.72874987347853,0.363821497114064,31
"4497","RN","Serrinha",6178,9122.12,24015,"Agreste Potiguar",2,"Nordeste",0,"241350",4,8,1,7,3,5,0,0,0,0,0,8,1,7,3,5,2,9.11845751219499,8.72874987347853,0.4159028655426,30
"4498","RN","Serrinha",6178,9122.12,24015,"Agreste Potiguar",2,"Nordeste",0,"241350",5,9,6,3,6,3,0,0,0,0,0,9,6,3,6,3,4,9.11845751219499,8.72874987347853,0.415671943080003,31
"4499","RN","Serrinha",6178,9122.12,24015,"Agreste Potiguar",2,"Nordeste",0,"241350",6,2,1,1,1,1,0,0,0,0,0,2,1,1,1,1,2,9.11845751219499,8.72874987347853,0.41284706699489,30
"4500","RN","Serrinha",6178,9122.12,24015,"Agreste Potiguar",2,"Nordeste",0,"241350",7,9,5,4,5,4,0,0,0,0,0,9,5,4,5,4,4,9.11845751219499,8.72874987347853,0.406898790229517,29
"4501","RN","Serrinha dos Pintos",4816,8388.85,24007,"Umarizal",2,"Nordeste",0,"241355",2,6,4,2,3,3,1,0,0,0,0,7,4,2,3,3,0,9.03465872212856,8.47969898698866,0.267620909575564,29
"4502","RN","Serrinha dos Pintos",4816,8388.85,24007,"Umarizal",2,"Nordeste",0,"241355",3,6,3,3,3,3,0,0,0,0,0,6,3,3,3,3,2,9.03465872212856,8.47969898698866,0.362972978380252,31
"4503","RN","Serrinha dos Pintos",4816,8388.85,24007,"Umarizal",2,"Nordeste",0,"241355",4,3,0,3,1,2,0,0,0,0,0,3,0,3,1,2,3,9.03465872212856,8.47969898698866,0.367579623488275,30
"4504","RN","Serrinha dos Pintos",4816,8388.85,24007,"Umarizal",2,"Nordeste",0,"241355",5,4,2,2,0,4,0,0,0,0,0,4,2,2,0,4,2,9.03465872212856,8.47969898698866,0.350272521401801,31
"4505","RN","Serrinha dos Pintos",4816,8388.85,24007,"Umarizal",2,"Nordeste",0,"241355",6,5,1,4,2,3,0,0,0,0,0,5,1,4,2,3,1,9.03465872212856,8.47969898698866,0.388794695071474,30
"4506","RN","Serrinha dos Pintos",4816,8388.85,24007,"Umarizal",2,"Nordeste",0,"241355",7,3,2,1,1,2,0,0,0,0,0,3,2,1,1,2,5,9.03465872212856,8.47969898698866,0.337648717823099,29
"4507","RN","Severiano Melo",2088,14671.68,24006,"Pau dos Ferros",2,"Nordeste",0,"241360",2,12,3,9,4,8,0,0,0,0,0,12,3,9,4,8,3,9.59367438400758,7.64396194900253,0.271595517032969,29
"4508","RN","Severiano Melo",2088,14671.68,24006,"Pau dos Ferros",2,"Nordeste",0,"241360",3,11,0,11,5,6,0,0,0,0,0,11,0,11,5,6,2,9.59367438400758,7.64396194900253,0.377249195064538,31
"4509","RN","Severiano Melo",2088,14671.68,24006,"Pau dos Ferros",2,"Nordeste",0,"241360",4,10,3,7,5,5,0,0,0,0,0,10,3,7,5,5,8,9.59367438400758,7.64396194900253,0.400719416279036,30
"4510","RN","Severiano Melo",2088,14671.68,24006,"Pau dos Ferros",2,"Nordeste",0,"241360",5,4,2,2,2,2,0,0,0,0,0,4,2,2,2,2,4,9.59367438400758,7.64396194900253,0.403825055836422,31
"4511","RN","Severiano Melo",2088,14671.68,24006,"Pau dos Ferros",2,"Nordeste",0,"241360",6,1,1,0,0,1,0,0,0,0,0,1,1,0,0,1,6,9.59367438400758,7.64396194900253,0.413360110183459,30
"4512","RN","Severiano Melo",2088,14671.68,24006,"Pau dos Ferros",2,"Nordeste",0,"241360",7,5,1,4,1,4,0,0,0,0,0,5,1,4,1,4,7,9.59367438400758,7.64396194900253,0.36082189544293,29
"4513","RN","Sítio Novo",5561,7528.4,24014,"Borborema Potiguar",2,"Nordeste",0,"241370",2,9,6,3,5,4,0,0,0,0,0,9,6,3,5,4,2,8.92643781481641,8.62353322718756,0.265885090458817,29
"4514","RN","Sítio Novo",5561,7528.4,24014,"Borborema Potiguar",2,"Nordeste",0,"241370",3,5,0,5,2,3,0,0,0,0,0,5,0,5,2,3,6,8.92643781481641,8.62353322718756,0.347972874075686,31
"4515","RN","Sítio Novo",5561,7528.4,24014,"Borborema Potiguar",2,"Nordeste",0,"241370",4,2,1,1,0,2,0,0,0,0,0,2,1,1,0,2,6,8.92643781481641,8.62353322718756,0.384058308003876,30
"4516","RN","Sítio Novo",5561,7528.4,24014,"Borborema Potiguar",2,"Nordeste",0,"241370",5,3,2,1,0,3,0,0,0,0,0,3,2,1,0,3,2,8.92643781481641,8.62353322718756,0.392624035307658,31
"4517","RN","Sítio Novo",5561,7528.4,24014,"Borborema Potiguar",2,"Nordeste",0,"241370",6,0,0,0,0,0,0,0,0,0,0,0,0,0,0,0,1,8.92643781481641,8.62353322718756,0.366856146543803,30
"4518","RN","Sítio Novo",5561,7528.4,24014,"Borborema Potiguar",2,"Nordeste",0,"241370",7,4,2,2,1,3,0,0,0,0,0,4,2,2,1,3,3,8.92643781481641,8.62353322718756,0.376848042397468,29
"4519","RN","Taipu",12297,9152.34,24016,"Litoral Nordeste",2,"Nordeste",0,"241390",2,12,6,6,3,9,0,0,0,0,0,12,6,6,3,9,2,9.12176486327917,9.41711060917245,0.310839723600363,29
"4520","RN","Taipu",12297,9152.34,24016,"Litoral Nordeste",2,"Nordeste",0,"241390",3,24,10,14,10,14,0,0,0,0,0,24,10,14,10,14,5,9.12176486327917,9.41711060917245,0.382546217001982,31
"4521","RN","Taipu",12297,9152.34,24016,"Litoral Nordeste",2,"Nordeste",0,"241390",4,10,5,5,6,4,0,0,0,0,0,10,5,5,6,4,5,9.12176486327917,9.41711060917245,0.425699745710816,30
"4522","RN","Taipu",12297,9152.34,24016,"Litoral Nordeste",2,"Nordeste",0,"241390",5,9,9,0,3,6,0,0,0,0,0,9,9,0,3,6,3,9.12176486327917,9.41711060917245,0.410981153479661,31
"4523","RN","Taipu",12297,9152.34,24016,"Litoral Nordeste",2,"Nordeste",0,"241390",6,10,5,5,6,4,1,0,0,0,0,11,5,5,6,4,16,9.12176486327917,9.41711060917245,0.415712900146972,30
"4524","RN","Taipu",12297,9152.34,24016,"Litoral Nordeste",2,"Nordeste",0,"241390",7,12,5,7,4,8,0,0,0,0,0,12,5,7,4,8,11,9.12176486327917,9.41711060917245,0.424739290978613,29
"4525","RN","Tangará",15869,8878.7,24014,"Borborema Potiguar",2,"Nordeste",0,"241400",2,19,7,12,8,11,0,0,0,0,0,19,7,12,8,11,7,9.09141042887282,9.67212279956284,0.273027821229281,29
"4526","RN","Tangará",15869,8878.7,24014,"Borborema Potiguar",2,"Nordeste",0,"241400",3,18,7,11,6,12,0,0,0,0,0,18,7,11,6,12,8,9.09141042887282,9.67212279956284,0.347472453080173,31
"4527","RN","Tangará",15869,8878.7,24014,"Borborema Potiguar",2,"Nordeste",0,"241400",4,14,0,14,3,11,0,0,0,0,0,14,0,14,3,11,10,9.09141042887282,9.67212279956284,0.375932510357524,30
"4528","RN","Tangará",15869,8878.7,24014,"Borborema Potiguar",2,"Nordeste",0,"241400",5,12,2,10,5,7,0,0,0,0,0,12,2,10,5,7,13,9.09141042887282,9.67212279956284,0.364426515015166,31
"4529","RN","Tangará",15869,8878.7,24014,"Borborema Potiguar",2,"Nordeste",0,"241400",6,18,9,9,9,9,0,0,0,0,0,18,9,9,9,9,17,9.09141042887282,9.67212279956284,0.378607553283358,30
"4530","RN","Tangará",15869,8878.7,24014,"Borborema Potiguar",2,"Nordeste",0,"241400",7,18,6,12,8,10,0,0,0,0,0,18,6,12,8,10,11,9.09141042887282,9.67212279956284,0.396004409610271,29
"4531","RN","Tenente Ananias",10855,8012.41,24006,"Pau dos Ferros",2,"Nordeste",0,"241410",2,15,6,9,7,8,0,0,0,0,0,15,6,9,7,8,10,8.98874686871654,9.29238108231239,0.285925083834807,29
"4532","RN","Tenente Ananias",10855,8012.41,24006,"Pau dos Ferros",2,"Nordeste",0,"241410",3,27,10,17,18,9,0,0,0,0,0,27,10,17,18,9,10,8.98874686871654,9.29238108231239,0.360181899012791,31
"4533","RN","Tenente Ananias",10855,8012.41,24006,"Pau dos Ferros",2,"Nordeste",0,"241410",4,13,5,8,5,8,0,0,0,0,0,13,5,8,5,8,7,8.98874686871654,9.29238108231239,0.407712829645642,30
"4534","RN","Tenente Ananias",10855,8012.41,24006,"Pau dos Ferros",2,"Nordeste",0,"241410",5,17,7,10,8,9,0,0,0,0,0,17,7,10,8,9,4,8.98874686871654,9.29238108231239,0.413857636178128,31
"4535","RN","Tenente Ananias",10855,8012.41,24006,"Pau dos Ferros",2,"Nordeste",0,"241410",6,12,8,4,4,8,0,0,0,0,0,12,8,4,4,8,6,8.98874686871654,9.29238108231239,0.382912800786325,30
"4536","RN","Tenente Ananias",10855,8012.41,24006,"Pau dos Ferros",2,"Nordeste",0,"241410",7,14,9,5,7,7,0,0,0,0,0,14,9,5,7,7,5,8.98874686871654,9.29238108231239,0.429611364466585,29
"4537","RN","Tenente Laurentino Cruz",6019,19058.71,24010,"Serra de Santana",2,"Nordeste",0,"241415",2,7,0,7,4,3,0,0,0,0,0,7,0,7,4,3,2,9.85527949391039,8.70267641154777,0.230547430838927,29
"4538","RN","Tenente Laurentino Cruz",6019,19058.71,24010,"Serra de Santana",2,"Nordeste",0,"241415",3,18,7,11,6,12,0,0,0,0,0,18,7,11,6,12,4,9.85527949391039,8.70267641154777,0.340222265110791,31
"4539","RN","Tenente Laurentino Cruz",6019,19058.71,24010,"Serra de Santana",2,"Nordeste",0,"241415",4,6,1,5,6,0,0,0,0,0,0,6,1,5,6,0,5,9.85527949391039,8.70267641154777,0.324468088620355,30
"4540","RN","Tenente Laurentino Cruz",6019,19058.71,24010,"Serra de Santana",2,"Nordeste",0,"241415",5,5,1,4,2,3,0,0,0,0,0,5,1,4,2,3,4,9.85527949391039,8.70267641154777,0.341440947445526,31
"4541","RN","Tenente Laurentino Cruz",6019,19058.71,24010,"Serra de Santana",2,"Nordeste",0,"241415",6,8,1,7,3,5,0,0,0,0,0,8,1,7,3,5,1,9.85527949391039,8.70267641154777,0.355464992054453,30
"4542","RN","Tenente Laurentino Cruz",6019,19058.71,24010,"Serra de Santana",2,"Nordeste",0,"241415",7,4,0,4,0,4,0,0,0,0,0,4,0,4,0,4,1,9.85527949391039,8.70267641154777,0.367237981622646,29
"4543","RN","Tibau do Sul",14440,24185.08,24019,"Litoral Sul",2,"Nordeste",0,"241420",2,33,16,17,11,22,0,0,0,0,0,33,16,17,11,22,9,10.093491193087,9.57775741244682,0.2562267221694,29
"4544","RN","Tibau do Sul",14440,24185.08,24019,"Litoral Sul",2,"Nordeste",0,"241420",3,23,10,13,11,12,0,0,0,0,0,23,10,13,11,12,7,10.093491193087,9.57775741244682,0.372748364756988,31
"4545","RN","Tibau do Sul",14440,24185.08,24019,"Litoral Sul",2,"Nordeste",0,"241420",4,18,10,8,5,13,0,0,0,0,0,18,10,8,5,13,5,10.093491193087,9.57775741244682,0.450407951334364,30
"4546","RN","Tibau do Sul",14440,24185.08,24019,"Litoral Sul",2,"Nordeste",0,"241420",5,11,5,6,4,7,0,0,0,0,0,11,5,6,4,7,8,10.093491193087,9.57775741244682,0.447258046962352,31
"4547","RN","Tibau do Sul",14440,24185.08,24019,"Litoral Sul",2,"Nordeste",0,"241420",6,25,12,13,13,12,0,0,0,0,0,25,12,13,13,12,6,10.093491193087,9.57775741244682,0.445446365970342,30
"4548","RN","Tibau do Sul",14440,24185.08,24019,"Litoral Sul",2,"Nordeste",0,"241420",7,21,12,9,13,8,0,0,0,0,0,21,12,9,13,8,9,10.093491193087,9.57775741244682,0.428172696412325,29
"4549","RN","Touros",33503,19625.73,24016,"Litoral Nordeste",2,"Nordeste",0,"241440",2,60,24,36,26,34,1,0,0,0,0,61,24,36,26,34,13,9.88459673941103,10.4193902660424,0.292484797488001,29
"4550","RN","Touros",33503,19625.73,24016,"Litoral Nordeste",2,"Nordeste",0,"241440",3,55,25,30,28,27,0,0,0,0,0,55,25,30,28,27,14,9.88459673941103,10.4193902660424,0.388638490124671,31
"4551","RN","Touros",33503,19625.73,24016,"Litoral Nordeste",2,"Nordeste",0,"241440",4,40,15,25,17,23,0,0,0,0,0,40,15,25,17,23,14,9.88459673941103,10.4193902660424,0.416792426559665,30
"4552","RN","Touros",33503,19625.73,24016,"Litoral Nordeste",2,"Nordeste",0,"241440",5,40,13,27,22,18,0,0,0,0,0,40,13,27,22,18,35,9.88459673941103,10.4193902660424,0.419325916528224,31
"4553","RN","Touros",33503,19625.73,24016,"Litoral Nordeste",2,"Nordeste",0,"241440",6,35,12,23,18,17,1,0,0,0,0,36,12,23,18,17,19,9.88459673941103,10.4193902660424,0.413350060396911,30
"4554","RN","Touros",33503,19625.73,24016,"Litoral Nordeste",2,"Nordeste",0,"241440",7,47,16,31,25,22,0,0,0,0,0,47,16,31,25,22,20,9.88459673941103,10.4193902660424,0.419304885855536,29
"4555","RN","Umarizal",10520,12114.22,24007,"Umarizal",2,"Nordeste",0,"241450",2,15,8,7,5,10,0,0,0,0,0,15,8,7,5,10,8,9.40213524818167,9.2610334862917,0.251715210825239,29
"4556","RN","Umarizal",10520,12114.22,24007,"Umarizal",2,"Nordeste",0,"241450",3,11,3,8,4,7,0,0,0,0,0,11,3,8,4,7,6,9.40213524818167,9.2610334862917,0.332577200386388,31
"4557","RN","Umarizal",10520,12114.22,24007,"Umarizal",2,"Nordeste",0,"241450",4,10,3,7,1,9,1,0,0,0,0,11,3,7,1,9,9,9.40213524818167,9.2610334862917,0.3520813506429,30
"4558","RN","Umarizal",10520,12114.22,24007,"Umarizal",2,"Nordeste",0,"241450",5,8,3,5,2,6,1,0,0,0,0,9,3,5,2,6,4,9.40213524818167,9.2610334862917,0.371508707295092,31
"4559","RN","Umarizal",10520,12114.22,24007,"Umarizal",2,"Nordeste",0,"241450",6,8,1,7,3,5,0,0,0,0,0,8,1,7,3,5,15,9.40213524818167,9.2610334862917,0.332696957153799,30
"4560","RN","Umarizal",10520,12114.22,24007,"Umarizal",2,"Nordeste",0,"241450",7,10,3,7,2,8,0,0,0,0,0,10,3,7,2,8,5,9.40213524818167,9.2610334862917,0.364742790662585,29
"4561","RN","Upanema",14800,12381.99,24003,"Médio Oeste",2,"Nordeste",0,"241460",2,22,11,11,8,14,1,0,0,0,0,23,11,11,8,14,9,9.42399827645488,9.60238245975221,0.287749961625981,29
"4562","RN","Upanema",14800,12381.99,24003,"Médio Oeste",2,"Nordeste",0,"241460",3,20,5,15,10,10,0,0,0,0,0,20,5,15,10,10,5,9.42399827645488,9.60238245975221,0.367862004991502,31
"4563","RN","Upanema",14800,12381.99,24003,"Médio Oeste",2,"Nordeste",0,"241460",4,13,5,8,5,8,0,0,0,0,0,13,5,8,5,8,11,9.42399827645488,9.60238245975221,0.373653974487787,30
"4564","RN","Upanema",14800,12381.99,24003,"Médio Oeste",2,"Nordeste",0,"241460",5,11,5,6,6,5,0,0,0,0,0,11,5,6,6,5,7,9.42399827645488,9.60238245975221,0.411502619992721,31
"4565","RN","Upanema",14800,12381.99,24003,"Médio Oeste",2,"Nordeste",0,"241460",6,10,4,6,4,6,1,0,0,0,0,11,4,6,4,6,11,9.42399827645488,9.60238245975221,0.395937780496111,30
"4566","RN","Upanema",14800,12381.99,24003,"Médio Oeste",2,"Nordeste",0,"241460",7,11,7,4,5,6,0,0,0,0,0,11,7,4,5,6,11,9.42399827645488,9.60238245975221,0.445362312383697,29
"4567","RN","Várzea",5515,8142.21,24015,"Agreste Potiguar",2,"Nordeste",0,"241470",2,8,4,4,3,5,0,0,0,0,0,8,4,4,3,5,2,9.00481692091896,8.6152269316876,0.244555707548035,29
"4568","RN","Várzea",5515,8142.21,24015,"Agreste Potiguar",2,"Nordeste",0,"241470",3,6,2,4,2,4,0,0,0,0,0,6,2,4,2,4,4,9.00481692091896,8.6152269316876,0.34428115715719,31
"4569","RN","Várzea",5515,8142.21,24015,"Agreste Potiguar",2,"Nordeste",0,"241470",4,4,1,3,1,3,0,0,0,0,0,4,1,3,1,3,4,9.00481692091896,8.6152269316876,0.370774397872347,30
"4570","RN","Várzea",5515,8142.21,24015,"Agreste Potiguar",2,"Nordeste",0,"241470",5,4,2,2,2,2,0,0,0,0,0,4,2,2,2,2,0,9.00481692091896,8.6152269316876,0.39948018677646,31
"4571","RN","Várzea",5515,8142.21,24015,"Agreste Potiguar",2,"Nordeste",0,"241470",6,3,2,1,0,3,0,0,0,0,0,3,2,1,0,3,7,9.00481692091896,8.6152269316876,0.388369939328811,30
"4572","RN","Várzea",5515,8142.21,24015,"Agreste Potiguar",2,"Nordeste",0,"241470",7,7,3,4,2,5,2,0,0,0,0,9,3,4,2,5,5,9.00481692091896,8.6152269316876,0.409728875989881,29
"4573","RN","Vera Cruz",12637,8784.43,24015,"Agreste Potiguar",2,"Nordeste",0,"241480",2,31,14,17,18,13,1,0,0,0,0,32,14,17,18,13,5,9.08073611519234,9.44438429775868,0.297210883631424,29
"4574","RN","Vera Cruz",12637,8784.43,24015,"Agreste Potiguar",2,"Nordeste",0,"241480",3,29,12,17,12,17,0,0,0,0,0,29,12,17,12,17,13,9.08073611519234,9.44438429775868,0.377496523073744,31
"4575","RN","Vera Cruz",12637,8784.43,24015,"Agreste Potiguar",2,"Nordeste",0,"241480",4,13,3,10,3,10,0,0,0,0,0,13,3,10,3,10,7,9.08073611519234,9.44438429775868,0.385673430882018,30
"4576","RN","Vera Cruz",12637,8784.43,24015,"Agreste Potiguar",2,"Nordeste",0,"241480",5,19,7,12,10,9,0,0,0,0,0,19,7,12,10,9,13,9.08073611519234,9.44438429775868,0.382716465638648,31
"4577","RN","Vera Cruz",12637,8784.43,24015,"Agreste Potiguar",2,"Nordeste",0,"241480",6,16,10,6,8,8,0,0,0,0,0,16,10,6,8,8,15,9.08073611519234,9.44438429775868,0.375478827085253,30
"4578","RN","Vera Cruz",12637,8784.43,24015,"Agreste Potiguar",2,"Nordeste",0,"241480",7,19,8,11,7,12,0,0,0,0,0,19,8,11,7,12,11,9.08073611519234,9.44438429775868,0.372960212869177,29
"4579","RN","Vila Flor",3194,12215.6,24019,"Litoral Sul",2,"Nordeste",0,"241500",2,6,5,1,2,4,0,0,0,0,0,6,5,1,2,4,0,9.41046910242,8.06902932877496,0.26457609770547,29
"4580","RN","Vila Flor",3194,12215.6,24019,"Litoral Sul",2,"Nordeste",0,"241500",3,8,4,4,3,5,0,0,0,0,0,8,4,4,3,5,0,9.41046910242,8.06902932877496,0.385618049030432,31
"4581","RN","Vila Flor",3194,12215.6,24019,"Litoral Sul",2,"Nordeste",0,"241500",4,4,2,2,3,1,0,0,0,0,0,4,2,2,3,1,0,9.41046910242,8.06902932877496,0.393835610374422,30
"4582","RN","Vila Flor",3194,12215.6,24019,"Litoral Sul",2,"Nordeste",0,"241500",5,7,2,5,2,5,0,0,0,0,0,7,2,5,2,5,2,9.41046910242,8.06902932877496,0.394591667467588,31
"4583","RN","Vila Flor",3194,12215.6,24019,"Litoral Sul",2,"Nordeste",0,"241500",6,8,3,5,3,5,0,0,0,0,0,8,3,5,3,5,1,9.41046910242,8.06902932877496,0.389312502093239,30
"4584","RN","Vila Flor",3194,12215.6,24019,"Litoral Sul",2,"Nordeste",0,"241500",7,9,2,7,3,6,0,0,0,0,0,9,2,7,3,6,0,9.41046910242,8.06902932877496,0.409717329876442,29
"4585","PB","Água Branca",10306,7902.92,25007,"Serra do Teixeira",2,"Nordeste",0,"250010",2,19,11,8,6,13,0,0,0,0,0,19,11,8,6,13,5,8.97498759041554,9.24048152888817,0.276750720828537,29
"4586","PB","Água Branca",10306,7902.92,25007,"Serra do Teixeira",2,"Nordeste",0,"250010",3,17,5,12,5,12,0,0,0,0,0,17,5,12,5,12,5,8.97498759041554,9.24048152888817,0.36298942086446,31
"4587","PB","Água Branca",10306,7902.92,25007,"Serra do Teixeira",2,"Nordeste",0,"250010",4,9,4,5,6,3,0,0,0,0,0,9,4,5,6,3,3,8.97498759041554,9.24048152888817,0.36797897760347,30
"4588","PB","Água Branca",10306,7902.92,25007,"Serra do Teixeira",2,"Nordeste",0,"250010",5,11,4,7,3,8,0,0,0,0,0,11,4,7,3,8,8,8.97498759041554,9.24048152888817,0.389985025797622,31
"4589","PB","Água Branca",10306,7902.92,25007,"Serra do Teixeira",2,"Nordeste",0,"250010",6,14,5,9,8,6,1,0,0,0,0,15,5,9,8,6,1,8.97498759041554,9.24048152888817,0.3735873762201,30
"4590","PB","Água Branca",10306,7902.92,25007,"Serra do Teixeira",2,"Nordeste",0,"250010",7,11,4,7,6,5,0,0,0,0,0,11,4,7,6,5,13,8.97498759041554,9.24048152888817,0.405657680478667,29
"4591","PB","Alagoa Grande",28439,9042.25,25015,"Brejo Paraibano",2,"Nordeste",0,"250030",2,60,33,27,31,29,0,0,0,0,0,60,33,27,31,29,12,9.10966331622261,10.255516721555,0.273829224031105,29
"4592","PB","Alagoa Grande",28439,9042.25,25015,"Brejo Paraibano",2,"Nordeste",0,"250030",3,45,15,30,24,21,0,0,0,0,0,45,15,30,24,21,27,9.10966331622261,10.255516721555,0.361511308408853,31
"4593","PB","Alagoa Grande",28439,9042.25,25015,"Brejo Paraibano",2,"Nordeste",0,"250030",4,34,14,20,15,19,1,0,0,0,0,35,14,20,15,19,16,9.10966331622261,10.255516721555,0.396081400202883,30
"4594","PB","Alagoa Grande",28439,9042.25,25015,"Brejo Paraibano",2,"Nordeste",0,"250030",5,35,19,16,11,24,0,0,0,0,0,35,19,16,11,24,12,9.10966331622261,10.255516721555,0.392079554787884,31
"4595","PB","Alagoa Grande",28439,9042.25,25015,"Brejo Paraibano",2,"Nordeste",0,"250030",6,26,7,19,14,12,0,0,0,0,0,26,7,19,14,12,25,9.10966331622261,10.255516721555,0.376861168473352,30
"4596","PB","Alagoa Grande",28439,9042.25,25015,"Brejo Paraibano",2,"Nordeste",0,"250030",7,22,11,11,11,11,1,0,0,0,0,23,11,11,11,11,31,9.10966331622261,10.255516721555,0.399510001148982,29
"4597","PB","Alagoa Nova",20921,14002.94,25015,"Brejo Paraibano",2,"Nordeste",0,"250040",2,43,21,22,22,21,0,0,0,0,0,43,21,22,22,21,12,9.54702258655048,9.94850871818365,0.284567362852263,29
"4598","PB","Alagoa Nova",20921,14002.94,25015,"Brejo Paraibano",2,"Nordeste",0,"250040",3,56,21,35,26,30,0,0,0,0,0,56,21,35,26,30,11,9.54702258655048,9.94850871818365,0.382473942875006,31
"4599","PB","Alagoa Nova",20921,14002.94,25015,"Brejo Paraibano",2,"Nordeste",0,"250040",4,33,11,22,14,19,0,0,0,0,0,33,11,22,14,19,9,9.54702258655048,9.94850871818365,0.411126763038224,30
"4600","PB","Alagoa Nova",20921,14002.94,25015,"Brejo Paraibano",2,"Nordeste",0,"250040",5,29,10,19,16,13,3,0,0,0,0,32,10,19,16,13,14,9.54702258655048,9.94850871818365,0.427232841864228,31
"4601","PB","Alagoa Nova",20921,14002.94,25015,"Brejo Paraibano",2,"Nordeste",0,"250040",6,15,6,9,5,10,0,0,0,0,0,15,6,9,5,10,23,9.54702258655048,9.94850871818365,0.410092684789129,30
"4602","PB","Alagoa Nova",20921,14002.94,25015,"Brejo Paraibano",2,"Nordeste",0,"250040",7,30,11,19,15,15,1,0,0,0,0,31,11,19,15,15,13,9.54702258655048,9.94850871818365,0.420411490831852,29
"4603","PB","Alagoinha",14560,7676.78,25016,"Guarabira",2,"Nordeste",0,"250050",2,19,9,10,8,11,0,0,0,0,0,19,9,10,8,11,8,8.94595546738979,9.58603332175068,0.305441649318967,29
"4604","PB","Alagoinha",14560,7676.78,25016,"Guarabira",2,"Nordeste",0,"250050",3,18,7,11,7,11,0,0,0,0,0,18,7,11,7,11,4,8.94595546738979,9.58603332175068,0.384377220636805,31
"4605","PB","Alagoinha",14560,7676.78,25016,"Guarabira",2,"Nordeste",0,"250050",4,20,8,12,12,8,0,0,0,0,0,20,8,12,12,8,9,8.94595546738979,9.58603332175068,0.424078495274268,30
"4606","PB","Alagoinha",14560,7676.78,25016,"Guarabira",2,"Nordeste",0,"250050",5,15,9,6,8,7,0,0,0,0,0,15,9,6,8,7,4,8.94595546738979,9.58603332175068,0.448395065638822,31
"4607","PB","Alagoinha",14560,7676.78,25016,"Guarabira",2,"Nordeste",0,"250050",6,18,14,4,9,9,0,0,0,0,0,18,14,4,9,9,14,8.94595546738979,9.58603332175068,0.402126250033969,30
"4608","PB","Alagoinha",14560,7676.78,25016,"Guarabira",2,"Nordeste",0,"250050",7,25,12,13,14,11,0,0,0,0,0,25,12,13,14,11,15,8.94595546738979,9.58603332175068,0.41905527993209,29
"4609","PB","Alcantil",5509,7746.28,25011,"Cariri Oriental",2,"Nordeste",0,"250053",2,14,4,10,9,5,0,0,0,0,0,14,4,10,9,5,2,8.95496800711052,8.61413839747272,0.336469626808432,29
"4610","PB","Alcantil",5509,7746.28,25011,"Cariri Oriental",2,"Nordeste",0,"250053",3,6,3,3,3,3,0,0,0,0,0,6,3,3,3,3,5,8.95496800711052,8.61413839747272,0.425052796774457,31
"4611","PB","Alcantil",5509,7746.28,25011,"Cariri Oriental",2,"Nordeste",0,"250053",4,9,4,5,4,5,0,0,0,0,0,9,4,5,4,5,4,8.95496800711052,8.61413839747272,0.435653735728372,30
"4612","PB","Alcantil",5509,7746.28,25011,"Cariri Oriental",2,"Nordeste",0,"250053",5,7,4,3,5,2,0,0,0,0,0,7,4,3,5,2,1,8.95496800711052,8.61413839747272,0.435878590736058,31
"4613","PB","Alcantil",5509,7746.28,25011,"Cariri Oriental",2,"Nordeste",0,"250053",6,8,2,6,3,5,0,0,0,0,0,8,2,6,3,5,1,8.95496800711052,8.61413839747272,0.432430392407433,30
"4614","PB","Alcantil",5509,7746.28,25011,"Cariri Oriental",2,"Nordeste",0,"250053",7,11,5,6,3,8,0,0,0,0,0,11,5,6,3,8,3,8.95496800711052,8.61413839747272,0.469538701678515,29
"4615","PB","Alhandra",19727,63198.2,25023,"Litoral Sul",2,"Nordeste",1,"250060",2,60,20,40,31,29,0,0,0,0,0,60,20,40,31,29,8,11.0540310987167,9.88974353474387,0.301737563418624,29
"4616","PB","Alhandra",19727,63198.2,25023,"Litoral Sul",2,"Nordeste",1,"250060",3,46,17,29,19,27,0,0,0,0,0,46,17,29,19,27,6,11.0540310987167,9.88974353474387,0.383439920612478,31
"4617","PB","Alhandra",19727,63198.2,25023,"Litoral Sul",2,"Nordeste",1,"250060",4,38,18,20,19,19,0,0,0,0,0,38,18,20,19,19,9,11.0540310987167,9.88974353474387,0.413176310309398,30
"4618","PB","Alhandra",19727,63198.2,25023,"Litoral Sul",2,"Nordeste",1,"250060",5,28,11,17,11,17,1,0,0,0,0,29,11,17,11,17,15,11.0540310987167,9.88974353474387,0.431750725370006,31
"4619","PB","Alhandra",19727,63198.2,25023,"Litoral Sul",2,"Nordeste",1,"250060",6,23,10,13,12,11,0,0,0,0,0,23,10,13,12,11,9,11.0540310987167,9.88974353474387,0.39303218173576,30
"4620","PB","Alhandra",19727,63198.2,25023,"Litoral Sul",2,"Nordeste",1,"250060",7,31,14,17,16,15,1,0,0,0,0,32,14,17,16,15,18,11.0540310987167,9.88974353474387,0.409044306647269,29
"4621","PB","São João do Rio do Peixe",18026,10424.95,25002,"Cajazeiras",2,"Nordeste",0,"250070",2,30,13,17,12,18,0,0,0,0,0,30,13,17,12,18,10,9.25195725049243,9.79957043911635,0.301653046557165,29
"4622","PB","São João do Rio do Peixe",18026,10424.95,25002,"Cajazeiras",2,"Nordeste",0,"250070",3,17,5,12,4,13,1,0,0,0,0,18,5,12,4,13,10,9.25195725049243,9.79957043911635,0.403532658335943,31
"4623","PB","São João do Rio do Peixe",18026,10424.95,25002,"Cajazeiras",2,"Nordeste",0,"250070",4,14,5,9,3,11,0,0,0,0,0,14,5,9,3,11,13,9.25195725049243,9.79957043911635,0.426288325794177,30
"4624","PB","São João do Rio do Peixe",18026,10424.95,25002,"Cajazeiras",2,"Nordeste",0,"250070",5,20,9,11,13,7,0,0,0,0,0,20,9,11,13,7,9,9.25195725049243,9.79957043911635,0.415611565875747,31
"4625","PB","São João do Rio do Peixe",18026,10424.95,25002,"Cajazeiras",2,"Nordeste",0,"250070",6,13,5,8,3,10,0,0,0,0,0,13,5,8,3,10,10,9.25195725049243,9.79957043911635,0.39293366455425,30
"4626","PB","São João do Rio do Peixe",18026,10424.95,25002,"Cajazeiras",2,"Nordeste",0,"250070",7,14,3,11,2,12,0,0,0,0,0,14,3,11,2,12,13,9.25195725049243,9.79957043911635,0.443346586899018,29
"4627","PB","Aparecida",8416,9412.9,25003,"Sousa",2,"Nordeste",0,"250077",2,14,6,8,4,10,0,0,0,0,0,14,6,8,4,10,6,9.14983636788514,9.03788993497749,0.262505037304708,29
"4628","PB","Aparecida",8416,9412.9,25003,"Sousa",2,"Nordeste",0,"250077",3,6,3,3,1,5,0,0,0,0,0,6,3,3,1,5,2,9.14983636788514,9.03788993497749,0.373300576946727,31
"4629","PB","Aparecida",8416,9412.9,25003,"Sousa",2,"Nordeste",0,"250077",4,5,2,3,1,4,0,0,0,0,0,5,2,3,1,4,2,9.14983636788514,9.03788993497749,0.37572665578205,30
"4630","PB","Aparecida",8416,9412.9,25003,"Sousa",2,"Nordeste",0,"250077",5,5,1,4,2,3,0,0,0,0,0,5,1,4,2,3,2,9.14983636788514,9.03788993497749,0.384615176637571,31
"4631","PB","Aparecida",8416,9412.9,25003,"Sousa",2,"Nordeste",0,"250077",6,10,4,6,3,7,0,0,0,0,0,10,4,6,3,7,2,9.14983636788514,9.03788993497749,0.365525890905749,30
"4632","PB","Aparecida",8416,9412.9,25003,"Sousa",2,"Nordeste",0,"250077",7,5,0,5,0,5,0,0,0,0,0,5,0,5,0,5,6,9.14983636788514,9.03788993497749,0.40915022032523,29
"4633","PB","Araçagi",16921,9138.13,25016,"Guarabira",2,"Nordeste",0,"250080",2,22,10,12,11,11,0,0,0,0,0,22,10,12,11,11,12,9.12021104832975,9.73631073306863,0.299139925131736,29
"4634","PB","Araçagi",16921,9138.13,25016,"Guarabira",2,"Nordeste",0,"250080",3,32,11,21,10,22,0,0,0,0,0,32,11,21,10,22,5,9.12021104832975,9.73631073306863,0.393216510430994,31
"4635","PB","Araçagi",16921,9138.13,25016,"Guarabira",2,"Nordeste",0,"250080",4,21,10,11,6,15,0,0,0,0,0,21,10,11,6,15,9,9.12021104832975,9.73631073306863,0.409822337511006,30
"4636","PB","Araçagi",16921,9138.13,25016,"Guarabira",2,"Nordeste",0,"250080",5,18,6,12,5,13,0,0,0,0,0,18,6,12,5,13,15,9.12021104832975,9.73631073306863,0.438381239412995,31
"4637","PB","Araçagi",16921,9138.13,25016,"Guarabira",2,"Nordeste",0,"250080",6,26,8,18,11,15,0,0,0,0,0,26,8,18,11,15,9,9.12021104832975,9.73631073306863,0.402362320030591,30
"4638","PB","Araçagi",16921,9138.13,25016,"Guarabira",2,"Nordeste",0,"250080",7,20,8,12,7,13,0,0,0,0,0,20,8,12,7,13,13,9.12021104832975,9.73631073306863,0.447557756655747,29
"4639","PB","Arara",13542,7566.77,25012,"Curimataú Ocidental",2,"Nordeste",0,"250090",2,21,8,13,9,12,0,0,0,0,0,21,8,13,9,12,9,8.9315215710958,9.51355124604559,0.306800199931399,29
"4640","PB","Arara",13542,7566.77,25012,"Curimataú Ocidental",2,"Nordeste",0,"250090",3,23,10,13,17,6,0,0,0,0,0,23,10,13,17,6,8,8.9315215710958,9.51355124604559,0.39238831693694,31
"4641","PB","Arara",13542,7566.77,25012,"Curimataú Ocidental",2,"Nordeste",0,"250090",4,14,7,7,7,7,0,0,0,0,0,14,7,7,7,7,9,8.9315215710958,9.51355124604559,0.405783690749465,30
"4642","PB","Arara",13542,7566.77,25012,"Curimataú Ocidental",2,"Nordeste",0,"250090",5,15,5,10,5,10,0,0,0,0,0,15,5,10,5,10,15,8.9315215710958,9.51355124604559,0.395330471183199,31
"4643","PB","Arara",13542,7566.77,25012,"Curimataú Ocidental",2,"Nordeste",0,"250090",6,7,2,5,5,2,0,0,0,0,0,7,2,5,5,2,11,8.9315215710958,9.51355124604559,0.374328089601763,30
"4644","PB","Arara",13542,7566.77,25012,"Curimataú Ocidental",2,"Nordeste",0,"250090",7,13,10,3,8,5,0,0,0,0,0,13,10,3,8,5,6,8.9315215710958,9.51355124604559,0.398297257764188,29
"4645","PB","Araruna",20463,8221.53,25013,"Curimataú Oriental",2,"Nordeste",0,"250100",2,25,11,14,9,16,0,0,0,0,0,25,11,14,9,16,11,9.01451160211679,9.92637365632283,0.283253159008394,29
"4646","PB","Araruna",20463,8221.53,25013,"Curimataú Oriental",2,"Nordeste",0,"250100",3,25,9,16,11,14,1,0,0,0,0,26,9,16,11,14,9,9.01451160211679,9.92637365632283,0.37222951556646,31
"4647","PB","Araruna",20463,8221.53,25013,"Curimataú Oriental",2,"Nordeste",0,"250100",4,16,9,7,7,9,0,0,0,0,0,16,9,7,7,9,5,9.01451160211679,9.92637365632283,0.395526738893097,30
"4648","PB","Araruna",20463,8221.53,25013,"Curimataú Oriental",2,"Nordeste",0,"250100",5,20,8,12,10,10,0,0,0,0,0,20,8,12,10,10,15,9.01451160211679,9.92637365632283,0.40853174407024,31
"4649","PB","Araruna",20463,8221.53,25013,"Curimataú Oriental",2,"Nordeste",0,"250100",6,18,10,8,10,8,0,0,0,0,0,18,10,8,10,8,15,9.01451160211679,9.92637365632283,0.388669551652132,30
"4650","PB","Araruna",20463,8221.53,25013,"Curimataú Oriental",2,"Nordeste",0,"250100",7,23,11,12,8,15,0,0,0,0,0,23,11,12,8,15,10,9.01451160211679,9.92637365632283,0.423186710415353,29
"4651","PB","Areia",22656,10249.84,25015,"Brejo Paraibano",2,"Nordeste",0,"250110",2,43,21,22,21,22,0,0,0,0,0,43,21,22,21,22,13,9.23501737468862,10.0281799964934,0.275501630839967,29
"4652","PB","Areia",22656,10249.84,25015,"Brejo Paraibano",2,"Nordeste",0,"250110",3,36,18,18,16,20,0,0,0,0,0,36,18,18,16,20,14,9.23501737468862,10.0281799964934,0.378767776285952,31
"4653","PB","Areia",22656,10249.84,25015,"Brejo Paraibano",2,"Nordeste",0,"250110",4,25,12,13,10,15,0,0,0,0,0,25,12,13,10,15,16,9.23501737468862,10.0281799964934,0.436609766646824,30
"4654","PB","Areia",22656,10249.84,25015,"Brejo Paraibano",2,"Nordeste",0,"250110",5,18,8,10,11,7,0,0,0,0,0,18,8,10,11,7,20,9.23501737468862,10.0281799964934,0.469458067623209,31
"4655","PB","Areia",22656,10249.84,25015,"Brejo Paraibano",2,"Nordeste",0,"250110",6,33,14,19,16,17,0,0,0,0,0,33,14,19,16,17,16,9.23501737468862,10.0281799964934,0.427572666594656,30
"4656","PB","Areia",22656,10249.84,25015,"Brejo Paraibano",2,"Nordeste",0,"250110",7,26,13,13,11,15,0,0,0,0,0,26,13,13,11,15,23,9.23501737468862,10.0281799964934,0.456280866227619,29
"4657","PB","Areial",7027,7535.95,25014,"Esperança",2,"Nordeste",0,"250120",2,18,4,14,9,9,0,0,0,0,0,18,4,14,9,9,4,8.92744018141465,8.8575151511922,0.299448861606589,29
"4658","PB","Areial",7027,7535.95,25014,"Esperança",2,"Nordeste",0,"250120",3,16,8,8,8,8,0,0,0,0,0,16,8,8,8,8,2,8.92744018141465,8.8575151511922,0.381470828067404,31
"4659","PB","Areial",7027,7535.95,25014,"Esperança",2,"Nordeste",0,"250120",4,10,3,7,2,8,0,0,0,0,0,10,3,7,2,8,8,8.92744018141465,8.8575151511922,0.415512500950785,30
"4660","PB","Areial",7027,7535.95,25014,"Esperança",2,"Nordeste",0,"250120",5,6,1,5,3,3,0,0,0,0,0,6,1,5,3,3,3,8.92744018141465,8.8575151511922,0.434992287802502,31
"4661","PB","Areial",7027,7535.95,25014,"Esperança",2,"Nordeste",0,"250120",6,11,5,6,4,7,0,0,0,0,0,11,5,6,4,7,4,8.92744018141465,8.8575151511922,0.395825731315499,30
"4662","PB","Areial",7027,7535.95,25014,"Esperança",2,"Nordeste",0,"250120",7,12,7,5,6,6,0,0,0,0,0,12,7,5,6,6,9,8.92744018141465,8.8575151511922,0.414283597074724,29
"4663","PB","Aroeiras",19116,8020.47,25019,"Umbuzeiro",2,"Nordeste",0,"250130",2,30,17,13,13,17,0,0,0,0,0,30,17,13,13,17,7,8.98975230263471,9.85828095969805,0.292869299821796,29
"4664","PB","Aroeiras",19116,8020.47,25019,"Umbuzeiro",2,"Nordeste",0,"250130",3,32,17,15,11,21,0,0,0,0,0,32,17,15,11,21,15,8.98975230263471,9.85828095969805,0.376220759117329,31
"4665","PB","Aroeiras",19116,8020.47,25019,"Umbuzeiro",2,"Nordeste",0,"250130",4,22,13,9,13,9,1,0,0,0,0,23,13,9,13,9,11,8.98975230263471,9.85828095969805,0.416421852593993,30
"4666","PB","Aroeiras",19116,8020.47,25019,"Umbuzeiro",2,"Nordeste",0,"250130",5,17,10,7,8,9,1,0,0,0,0,18,10,7,8,9,9,8.98975230263471,9.85828095969805,0.422742331887466,31
"4667","PB","Aroeiras",19116,8020.47,25019,"Umbuzeiro",2,"Nordeste",0,"250130",6,27,13,14,10,17,1,0,0,0,0,28,13,14,10,17,13,8.98975230263471,9.85828095969805,0.397914837516383,30
"4668","PB","Aroeiras",19116,8020.47,25019,"Umbuzeiro",2,"Nordeste",0,"250130",7,19,4,15,7,12,0,0,0,0,0,19,4,15,7,12,10,8.98975230263471,9.85828095969805,0.435648467987132,29
"4669","PB","Assunção",4029,9697.59,25010,"Cariri Ocidental",2,"Nordeste",0,"250135",2,10,2,8,7,3,0,0,0,0,0,10,2,8,7,3,3,9.17963268001352,8.30127348519135,0.2793825699889,29
"4670","PB","Assunção",4029,9697.59,25010,"Cariri Ocidental",2,"Nordeste",0,"250135",3,10,5,5,6,4,0,0,0,0,0,10,5,5,6,4,2,9.17963268001352,8.30127348519135,0.376198717963606,31
"4671","PB","Assunção",4029,9697.59,25010,"Cariri Ocidental",2,"Nordeste",0,"250135",4,10,4,6,2,8,0,0,0,0,0,10,4,6,2,8,2,9.17963268001352,8.30127348519135,0.406063615010461,30
"4672","PB","Assunção",4029,9697.59,25010,"Cariri Ocidental",2,"Nordeste",0,"250135",5,3,2,1,1,2,0,0,0,0,0,3,2,1,1,2,2,9.17963268001352,8.30127348519135,0.413578685936224,31
"4673","PB","Assunção",4029,9697.59,25010,"Cariri Ocidental",2,"Nordeste",0,"250135",6,5,1,4,0,5,0,0,0,0,0,5,1,4,0,5,3,9.17963268001352,8.30127348519135,0.383527479877547,30
"4674","PB","Assunção",4029,9697.59,25010,"Cariri Ocidental",2,"Nordeste",0,"250135",7,8,1,7,2,6,1,0,0,0,0,9,1,7,2,6,2,9.17963268001352,8.30127348519135,0.380272879991407,29
"4675","PB","Baía da Traição",9096,9647.7,25020,"Litoral Norte",2,"Nordeste",0,"250140",2,14,3,11,9,5,1,0,0,0,0,15,3,11,9,5,2,9.17447482395616,9.11559003543037,0.328613822086215,29
"4676","PB","Baía da Traição",9096,9647.7,25020,"Litoral Norte",2,"Nordeste",0,"250140",3,17,6,11,9,8,0,0,0,0,0,17,6,11,9,8,1,9.17447482395616,9.11559003543037,0.412006971510198,31
"4677","PB","Baía da Traição",9096,9647.7,25020,"Litoral Norte",2,"Nordeste",0,"250140",4,16,11,5,11,5,0,0,0,0,0,16,11,5,11,5,4,9.17447482395616,9.11559003543037,0.481251005469728,30
"4678","PB","Baía da Traição",9096,9647.7,25020,"Litoral Norte",2,"Nordeste",0,"250140",5,12,7,5,9,3,0,0,0,0,0,12,7,5,9,3,6,9.17447482395616,9.11559003543037,0.485850760050881,31
"4679","PB","Baía da Traição",9096,9647.7,25020,"Litoral Norte",2,"Nordeste",0,"250140",6,17,4,13,9,8,0,0,0,0,0,17,4,13,9,8,7,9.17447482395616,9.11559003543037,0.446361814060161,30
"4680","PB","Baía da Traição",9096,9647.7,25020,"Litoral Norte",2,"Nordeste",0,"250140",7,19,5,14,9,10,1,0,0,0,0,20,5,14,9,10,8,9.17447482395616,9.11559003543037,0.45088350173213,29
"4681","PB","Bananeiras",21269,11279.55,25015,"Brejo Paraibano",2,"Nordeste",1,"250150",2,28,9,19,10,18,0,0,0,0,0,28,9,19,10,18,9,9.33074663063926,9.96500589251455,0.293721202111146,29
"4682","PB","Bananeiras",21269,11279.55,25015,"Brejo Paraibano",2,"Nordeste",1,"250150",3,42,15,27,14,28,0,0,0,0,0,42,15,27,14,28,14,9.33074663063926,9.96500589251455,0.389875153164757,31
"4683","PB","Bananeiras",21269,11279.55,25015,"Brejo Paraibano",2,"Nordeste",1,"250150",4,20,9,11,9,11,0,0,0,0,0,20,9,11,9,11,10,9.33074663063926,9.96500589251455,0.433118955092435,30
"4684","PB","Bananeiras",21269,11279.55,25015,"Brejo Paraibano",2,"Nordeste",1,"250150",5,22,12,10,9,13,1,0,0,0,0,23,12,10,9,13,15,9.33074663063926,9.96500589251455,0.453948554249574,31
"4685","PB","Bananeiras",21269,11279.55,25015,"Brejo Paraibano",2,"Nordeste",1,"250150",6,37,17,20,17,20,0,0,0,0,0,37,17,20,17,20,16,9.33074663063926,9.96500589251455,0.411320633433894,30
"4686","PB","Bananeiras",21269,11279.55,25015,"Brejo Paraibano",2,"Nordeste",1,"250150",7,25,12,13,7,18,0,0,0,0,0,25,12,13,7,18,15,9.33074663063926,9.96500589251455,0.432607827964082,29
"4687","PB","Baraúna",4964,8738.71,25009,"Seridó Oriental Paraibano",2,"Nordeste",0,"250153",2,7,1,6,3,4,0,0,0,0,0,7,1,6,3,4,1,9.07551786050203,8.5099671463245,0.270418041942543,29
"4688","PB","Baraúna",4964,8738.71,25009,"Seridó Oriental Paraibano",2,"Nordeste",0,"250153",3,5,2,3,3,2,0,0,0,0,0,5,2,3,3,2,1,9.07551786050203,8.5099671463245,0.358666015254714,31
"4689","PB","Baraúna",4964,8738.71,25009,"Seridó Oriental Paraibano",2,"Nordeste",0,"250153",4,3,1,2,3,0,0,0,0,0,0,3,1,2,3,0,2,9.07551786050203,8.5099671463245,0.380953374976544,30
"4690","PB","Baraúna",4964,8738.71,25009,"Seridó Oriental Paraibano",2,"Nordeste",0,"250153",5,6,0,6,4,2,0,0,0,0,0,6,0,6,4,2,3,9.07551786050203,8.5099671463245,0.386271738330063,31
"4691","PB","Baraúna",4964,8738.71,25009,"Seridó Oriental Paraibano",2,"Nordeste",0,"250153",6,5,1,4,3,2,0,0,0,0,0,5,1,4,3,2,4,9.07551786050203,8.5099671463245,0.446496288712603,30
"4692","PB","Baraúna",4964,8738.71,25009,"Seridó Oriental Paraibano",2,"Nordeste",0,"250153",7,5,3,2,2,3,0,0,0,0,0,5,3,2,2,3,1,9.07551786050203,8.5099671463245,0.398013710902925,29
"4693","PB","Barra de Santana",8349,8925.13,25011,"Cariri Oriental",2,"Nordeste",0,"250157",2,14,7,7,4,10,0,0,0,0,0,14,7,7,4,10,6,9.09662617236809,9.029897050194,0.31344834250498,29
"4694","PB","Barra de Santana",8349,8925.13,25011,"Cariri Oriental",2,"Nordeste",0,"250157",3,15,5,10,5,10,0,0,0,0,0,15,5,10,5,10,2,9.09662617236809,9.029897050194,0.355546362960082,31
"4695","PB","Barra de Santana",8349,8925.13,25011,"Cariri Oriental",2,"Nordeste",0,"250157",4,6,1,5,4,2,0,0,0,0,0,6,1,5,4,2,5,9.09662617236809,9.029897050194,0.391578047295483,30
"4696","PB","Barra de Santana",8349,8925.13,25011,"Cariri Oriental",2,"Nordeste",0,"250157",5,10,0,10,0,10,0,0,0,0,0,10,0,10,0,10,2,9.09662617236809,9.029897050194,0.447193846105047,31
"4697","PB","Barra de Santana",8349,8925.13,25011,"Cariri Oriental",2,"Nordeste",0,"250157",6,9,3,6,2,7,0,0,0,0,0,9,3,6,2,7,5,9.09662617236809,9.029897050194,0.434365290699701,30
"4698","PB","Barra de Santana",8349,8925.13,25011,"Cariri Oriental",2,"Nordeste",0,"250157",7,9,2,7,7,2,0,0,0,0,0,9,2,7,7,2,11,9.09662617236809,9.029897050194,0.476122426207317,29
"4699","PB","Barra de Santa Rosa",15497,8354.37,25012,"Curimataú Ocidental",2,"Nordeste",0,"250160",2,18,7,11,6,12,0,0,0,0,0,18,7,11,6,12,6,9.03054003423674,9.64840173578733,0.269569047897654,29
"4700","PB","Barra de Santa Rosa",15497,8354.37,25012,"Curimataú Ocidental",2,"Nordeste",0,"250160",3,21,6,15,10,11,0,0,0,0,0,21,6,15,10,11,8,9.03054003423674,9.64840173578733,0.36030020872699,31
"4701","PB","Barra de Santa Rosa",15497,8354.37,25012,"Curimataú Ocidental",2,"Nordeste",0,"250160",4,16,8,8,7,9,0,0,0,0,0,16,8,8,7,9,7,9.03054003423674,9.64840173578733,0.36349716418578,30
"4702","PB","Barra de Santa Rosa",15497,8354.37,25012,"Curimataú Ocidental",2,"Nordeste",0,"250160",5,10,3,7,4,6,0,0,0,0,0,10,3,7,4,6,12,9.03054003423674,9.64840173578733,0.361775343889,31
"4703","PB","Barra de Santa Rosa",15497,8354.37,25012,"Curimataú Ocidental",2,"Nordeste",0,"250160",6,14,7,7,7,7,0,0,0,0,0,14,7,7,7,7,8,9.03054003423674,9.64840173578733,0.355785165673603,30
"4704","PB","Barra de Santa Rosa",15497,8354.37,25012,"Curimataú Ocidental",2,"Nordeste",0,"250160",7,16,2,14,9,7,0,0,0,0,0,16,2,14,9,7,6,9.03054003423674,9.64840173578733,0.39715761160737,29
"4705","PB","Barra de São Miguel",6065,9953.94,25011,"Cariri Oriental",2,"Nordeste",0,"250170",2,12,4,8,8,4,0,0,0,0,0,12,4,8,8,4,4,9.20572373167279,8.71028982137815,0.299616203477794,29
"4706","PB","Barra de São Miguel",6065,9953.94,25011,"Cariri Oriental",2,"Nordeste",0,"250170",3,17,5,12,8,9,0,0,0,0,0,17,5,12,8,9,4,9.20572373167279,8.71028982137815,0.38049005339578,31
"4707","PB","Barra de São Miguel",6065,9953.94,25011,"Cariri Oriental",2,"Nordeste",0,"250170",4,7,4,3,4,3,0,0,0,0,0,7,4,3,4,3,1,9.20572373167279,8.71028982137815,0.388533511470255,30
"4708","PB","Barra de São Miguel",6065,9953.94,25011,"Cariri Oriental",2,"Nordeste",0,"250170",5,7,3,4,3,4,0,0,0,0,0,7,3,4,3,4,1,9.20572373167279,8.71028982137815,0.420959713501806,31
"4709","PB","Barra de São Miguel",6065,9953.94,25011,"Cariri Oriental",2,"Nordeste",0,"250170",6,9,3,6,4,5,0,0,0,0,0,9,3,6,4,5,1,9.20572373167279,8.71028982137815,0.391425803890659,30
"4710","PB","Barra de São Miguel",6065,9953.94,25011,"Cariri Oriental",2,"Nordeste",0,"250170",7,8,5,3,3,5,0,0,0,0,0,8,5,3,3,5,6,9.20572373167279,8.71028982137815,0.438906705553508,29
"4711","PB","Bayeux",97203,13922.53,25022,"João Pessoa",2,"Nordeste",1,"250180",2,106,28,78,48,58,1,0,0,0,0,107,28,78,48,58,42,9.54126367024692,11.4845568541698,0.297224663274713,29
"4712","PB","Bayeux",97203,13922.53,25022,"João Pessoa",2,"Nordeste",1,"250180",3,97,23,74,37,60,2,0,0,0,0,99,23,74,37,60,63,9.54126367024692,11.4845568541698,0.396016506987746,31
"4713","PB","Bayeux",97203,13922.53,25022,"João Pessoa",2,"Nordeste",1,"250180",4,61,18,43,22,39,0,0,0,0,0,61,18,43,22,39,66,9.54126367024692,11.4845568541698,0.454017256254375,30
"4714","PB","Bayeux",97203,13922.53,25022,"João Pessoa",2,"Nordeste",1,"250180",5,61,10,51,20,41,0,0,0,0,0,61,10,51,20,41,128,9.54126367024692,11.4845568541698,0.451515238932816,31
"4715","PB","Bayeux",97203,13922.53,25022,"João Pessoa",2,"Nordeste",1,"250180",6,56,19,37,22,34,1,0,0,0,0,57,19,37,22,34,77,9.54126367024692,11.4845568541698,0.412190630370076,30
"4716","PB","Bayeux",97203,13922.53,25022,"João Pessoa",2,"Nordeste",1,"250180",7,49,14,35,21,28,1,0,0,0,0,50,14,35,21,28,64,9.54126367024692,11.4845568541698,0.406719174726086,29
"4717","PB","Belém",17705,10331.85,25016,"Guarabira",2,"Nordeste",0,"250190",2,19,4,15,7,12,0,0,0,0,0,19,4,15,7,12,10,9.24298663610802,9.781602364546,0.303885685124691,29
"4718","PB","Belém",17705,10331.85,25016,"Guarabira",2,"Nordeste",0,"250190",3,26,10,16,7,19,0,0,0,0,0,26,10,16,7,19,9,9.24298663610802,9.781602364546,0.394104061096321,31
"4719","PB","Belém",17705,10331.85,25016,"Guarabira",2,"Nordeste",0,"250190",4,20,4,16,8,12,0,0,0,0,0,20,4,16,8,12,9,9.24298663610802,9.781602364546,0.412534535746233,30
"4720","PB","Belém",17705,10331.85,25016,"Guarabira",2,"Nordeste",0,"250190",5,21,7,14,10,11,1,0,0,0,0,22,7,14,10,11,7,9.24298663610802,9.781602364546,0.424966296702559,31
"4721","PB","Belém",17705,10331.85,25016,"Guarabira",2,"Nordeste",0,"250190",6,15,8,7,10,5,0,0,0,0,0,15,8,7,10,5,12,9.24298663610802,9.781602364546,0.386447036665185,30
"4722","PB","Belém",17705,10331.85,25016,"Guarabira",2,"Nordeste",0,"250190",7,27,8,19,15,12,1,0,0,0,0,28,8,19,15,12,18,9.24298663610802,9.781602364546,0.43105192037643,29
"4723","PB","Belém do Brejo do Cruz",7349,8876.56,25001,"Catolé do Rocha",2,"Nordeste",0,"250200",2,10,3,7,3,7,0,0,0,0,0,10,3,7,3,7,6,9.09116937354495,8.90231952852887,0.290622948665273,29
"4724","PB","Belém do Brejo do Cruz",7349,8876.56,25001,"Catolé do Rocha",2,"Nordeste",0,"250200",3,9,4,5,3,6,0,0,0,0,0,9,4,5,3,6,2,9.09116937354495,8.90231952852887,0.3789830477913,31
"4725","PB","Belém do Brejo do Cruz",7349,8876.56,25001,"Catolé do Rocha",2,"Nordeste",0,"250200",4,7,3,4,7,0,1,0,0,0,0,8,3,4,7,0,4,9.09116937354495,8.90231952852887,0.397801182690276,30
"4726","PB","Belém do Brejo do Cruz",7349,8876.56,25001,"Catolé do Rocha",2,"Nordeste",0,"250200",5,6,0,6,3,3,0,0,0,0,0,6,0,6,3,3,5,9.09116937354495,8.90231952852887,0.368326622400642,31
"4727","PB","Belém do Brejo do Cruz",7349,8876.56,25001,"Catolé do Rocha",2,"Nordeste",0,"250200",6,3,2,1,2,1,0,0,0,0,0,3,2,1,2,1,3,9.09116937354495,8.90231952852887,0.412976651778295,30
"4728","PB","Belém do Brejo do Cruz",7349,8876.56,25001,"Catolé do Rocha",2,"Nordeste",0,"250200",7,5,2,3,1,4,0,0,0,0,0,5,2,3,1,4,4,9.09116937354495,8.90231952852887,0.441578291557584,29
"4729","PB","Boa Ventura",5307,8037.85,25006,"Itaporanga",2,"Nordeste",0,"250210",2,12,3,9,4,8,0,0,0,0,0,12,3,9,4,8,0,8.99191691347647,8.57678198282789,0.291281104122549,29
"4730","PB","Boa Ventura",5307,8037.85,25006,"Itaporanga",2,"Nordeste",0,"250210",3,8,5,3,5,3,0,0,0,0,0,8,5,3,5,3,3,8.99191691347647,8.57678198282789,0.383356722072156,31
"4731","PB","Boa Ventura",5307,8037.85,25006,"Itaporanga",2,"Nordeste",0,"250210",4,3,2,1,2,1,0,0,0,0,0,3,2,1,2,1,6,8.99191691347647,8.57678198282789,0.347006029571138,30
"4732","PB","Boa Ventura",5307,8037.85,25006,"Itaporanga",2,"Nordeste",0,"250210",5,4,2,2,2,2,0,0,0,0,0,4,2,2,2,2,0,8.99191691347647,8.57678198282789,0.440385603794994,31
"4733","PB","Boa Ventura",5307,8037.85,25006,"Itaporanga",2,"Nordeste",0,"250210",6,12,3,9,5,7,0,0,0,0,0,12,3,9,5,7,4,8.99191691347647,8.57678198282789,0.359721819635681,30
"4734","PB","Boa Ventura",5307,8037.85,25006,"Itaporanga",2,"Nordeste",0,"250210",7,6,2,4,3,3,0,0,0,0,0,6,2,4,3,3,3,8.99191691347647,8.57678198282789,0.338909202672656,29
"4735","PB","Boa Vista",7136,22414.02,25017,"Campina Grande",2,"Nordeste",0,"250215",2,16,3,13,5,11,0,0,0,0,0,16,3,13,5,11,2,10.017441934911,8.87290767425985,0.266487183558211,29
"4736","PB","Boa Vista",7136,22414.02,25017,"Campina Grande",2,"Nordeste",0,"250215",3,11,2,9,5,6,0,0,0,0,0,11,2,9,5,6,7,10.017441934911,8.87290767425985,0.360131169493723,31
"4737","PB","Boa Vista",7136,22414.02,25017,"Campina Grande",2,"Nordeste",0,"250215",4,3,0,3,3,0,0,0,0,0,0,3,0,3,3,0,4,10.017441934911,8.87290767425985,0.374758525270918,30
"4738","PB","Boa Vista",7136,22414.02,25017,"Campina Grande",2,"Nordeste",0,"250215",5,3,0,3,2,1,0,0,0,0,0,3,0,3,2,1,3,10.017441934911,8.87290767425985,0.40651972534617,31
"4739","PB","Boa Vista",7136,22414.02,25017,"Campina Grande",2,"Nordeste",0,"250215",6,3,1,2,0,3,0,0,0,0,0,3,1,2,0,3,4,10.017441934911,8.87290767425985,0.368417872076569,30
"4740","PB","Boa Vista",7136,22414.02,25017,"Campina Grande",2,"Nordeste",0,"250215",7,11,4,7,5,6,0,0,0,0,0,11,4,7,5,6,8,10.017441934911,8.87290767425985,0.397793450131065,29
"4741","PB","Bonito de Santa Fé",12022,7779.78,25002,"Cajazeiras",2,"Nordeste",0,"250240",2,19,10,9,13,6,0,0,0,0,0,19,10,9,13,6,6,8.95928333913766,9.39449358359911,0.29556323371106,29
"4742","PB","Bonito de Santa Fé",12022,7779.78,25002,"Cajazeiras",2,"Nordeste",0,"250240",3,15,12,3,6,9,0,0,0,0,0,15,12,3,6,9,6,8.95928333913766,9.39449358359911,0.350928845192517,31
"4743","PB","Bonito de Santa Fé",12022,7779.78,25002,"Cajazeiras",2,"Nordeste",0,"250240",4,8,3,5,3,5,0,0,0,0,0,8,3,5,3,5,10,8.95928333913766,9.39449358359911,0.388252957081279,30
"4744","PB","Bonito de Santa Fé",12022,7779.78,25002,"Cajazeiras",2,"Nordeste",0,"250240",5,22,14,8,9,13,0,0,0,0,0,22,14,8,9,13,4,8.95928333913766,9.39449358359911,0.378667678734624,31
"4745","PB","Bonito de Santa Fé",12022,7779.78,25002,"Cajazeiras",2,"Nordeste",0,"250240",6,16,12,4,4,12,1,0,0,0,0,17,12,4,4,12,2,8.95928333913766,9.39449358359911,0.372020411037939,30
"4746","PB","Bonito de Santa Fé",12022,7779.78,25002,"Cajazeiras",2,"Nordeste",0,"250240",7,15,6,9,7,8,0,0,0,0,0,15,6,9,7,8,3,8.95928333913766,9.39449358359911,0.421766821944082,29
"4747","PB","Boqueirão",17870,11674.69,25011,"Cariri Oriental",2,"Nordeste",0,"250250",2,41,17,24,12,29,0,0,0,0,0,41,17,24,12,29,13,9.36517852972205,9.79087860815347,0.277680172071479,29
"4748","PB","Boqueirão",17870,11674.69,25011,"Cariri Oriental",2,"Nordeste",0,"250250",3,37,19,18,17,20,0,0,0,0,0,37,19,18,17,20,8,9.36517852972205,9.79087860815347,0.342090732657439,31
"4749","PB","Boqueirão",17870,11674.69,25011,"Cariri Oriental",2,"Nordeste",0,"250250",4,24,12,12,8,16,0,0,0,0,0,24,12,12,8,16,12,9.36517852972205,9.79087860815347,0.371176743760186,30
"4750","PB","Boqueirão",17870,11674.69,25011,"Cariri Oriental",2,"Nordeste",0,"250250",5,20,10,10,8,12,0,0,0,0,0,20,10,10,8,12,10,9.36517852972205,9.79087860815347,0.374720616483775,31
"4751","PB","Boqueirão",17870,11674.69,25011,"Cariri Oriental",2,"Nordeste",0,"250250",6,25,7,18,13,12,1,0,0,0,0,26,7,18,13,12,16,9.36517852972205,9.79087860815347,0.376149507156966,30
"4752","PB","Boqueirão",17870,11674.69,25011,"Cariri Oriental",2,"Nordeste",0,"250250",7,21,10,11,10,11,0,0,0,0,0,21,10,11,10,11,20,9.36517852972205,9.79087860815347,0.387078123836529,29
"4753","PB","Igaracy",6105,8707.43,25005,"Piancó",2,"Nordeste",0,"250260",2,14,7,7,6,8,0,0,0,0,0,14,7,7,6,8,3,9.07193196316104,8.71686338654481,0.272857553504927,29
"4754","PB","Igaracy",6105,8707.43,25005,"Piancó",2,"Nordeste",0,"250260",3,11,2,9,3,8,0,0,0,0,0,11,2,9,3,8,5,9.07193196316104,8.71686338654481,0.354768423936104,31
"4755","PB","Igaracy",6105,8707.43,25005,"Piancó",2,"Nordeste",0,"250260",4,8,1,7,2,6,0,0,0,0,0,8,1,7,2,6,1,9.07193196316104,8.71686338654481,0.365949470430962,30
"4756","PB","Igaracy",6105,8707.43,25005,"Piancó",2,"Nordeste",0,"250260",5,6,1,5,3,3,0,0,0,0,0,6,1,5,3,3,3,9.07193196316104,8.71686338654481,0.361017727465361,31
"4757","PB","Igaracy",6105,8707.43,25005,"Piancó",2,"Nordeste",0,"250260",6,3,1,2,3,0,0,0,0,0,0,3,1,2,3,0,3,9.07193196316104,8.71686338654481,0.360158429057086,30
"4758","PB","Igaracy",6105,8707.43,25005,"Piancó",2,"Nordeste",0,"250260",7,3,2,1,0,3,0,0,0,0,0,3,2,1,0,3,1,9.07193196316104,8.71686338654481,0.404937618247891,29
"4759","PB","Borborema",5287,11028.17,25015,"Brejo Paraibano",2,"Nordeste",0,"250270",2,3,2,1,2,1,0,0,0,0,0,3,2,1,2,1,1,9.30820818733137,8.57300625623545,0.284434440675928,29
"4760","PB","Borborema",5287,11028.17,25015,"Brejo Paraibano",2,"Nordeste",0,"250270",3,6,3,3,4,2,0,0,0,0,0,6,3,3,4,2,1,9.30820818733137,8.57300625623545,0.370913744479684,31
"4761","PB","Borborema",5287,11028.17,25015,"Brejo Paraibano",2,"Nordeste",0,"250270",4,6,2,4,1,5,0,0,0,0,0,6,2,4,1,5,1,9.30820818733137,8.57300625623545,0.392994875781499,30
"4762","PB","Borborema",5287,11028.17,25015,"Brejo Paraibano",2,"Nordeste",0,"250270",5,2,1,1,2,0,0,0,0,0,0,2,1,1,2,0,5,9.30820818733137,8.57300625623545,0.423698345991183,31
"4763","PB","Borborema",5287,11028.17,25015,"Brejo Paraibano",2,"Nordeste",0,"250270",6,6,3,3,4,2,0,0,0,0,0,6,3,3,4,2,5,9.30820818733137,8.57300625623545,0.385020054342496,30
"4764","PB","Borborema",5287,11028.17,25015,"Brejo Paraibano",2,"Nordeste",0,"250270",7,4,2,2,2,2,0,0,0,0,0,4,2,2,2,2,1,9.30820818733137,8.57300625623545,0.417844563891497,29
"4765","PB","Brejo do Cruz",14206,9007.6,25001,"Catolé do Rocha",2,"Nordeste",0,"250280",2,21,11,10,8,13,0,0,0,0,0,21,11,10,8,13,9,9.10582394442018,9.56141968955776,0.284752675717859,29
"4766","PB","Brejo do Cruz",14206,9007.6,25001,"Catolé do Rocha",2,"Nordeste",0,"250280",3,23,13,10,10,13,0,0,0,0,0,23,13,10,10,13,16,9.10582394442018,9.56141968955776,0.351208544956173,31
"4767","PB","Brejo do Cruz",14206,9007.6,25001,"Catolé do Rocha",2,"Nordeste",0,"250280",4,22,10,12,12,10,0,0,0,0,0,22,10,12,12,10,4,9.10582394442018,9.56141968955776,0.361055093734065,30
"4768","PB","Brejo do Cruz",14206,9007.6,25001,"Catolé do Rocha",2,"Nordeste",0,"250280",5,26,16,10,12,14,0,0,0,0,0,26,16,10,12,14,8,9.10582394442018,9.56141968955776,0.36318335889876,31
"4769","PB","Brejo do Cruz",14206,9007.6,25001,"Catolé do Rocha",2,"Nordeste",0,"250280",6,10,7,3,8,2,0,0,0,0,0,10,7,3,8,2,12,9.10582394442018,9.56141968955776,0.391324975810825,30
"4770","PB","Brejo do Cruz",14206,9007.6,25001,"Catolé do Rocha",2,"Nordeste",0,"250280",7,20,10,10,5,15,0,0,0,0,0,20,10,10,5,15,6,9.10582394442018,9.56141968955776,0.432925654409429,29
"4771","PB","Brejo dos Santos",6464,8409.99,25001,"Catolé do Rocha",2,"Nordeste",0,"250290",2,7,4,3,2,5,0,0,0,0,0,7,4,3,2,5,3,9.03717556390565,8.77400360020093,0.268648903593759,29
"4772","PB","Brejo dos Santos",6464,8409.99,25001,"Catolé do Rocha",2,"Nordeste",0,"250290",3,8,4,4,3,5,0,0,0,0,0,8,4,4,3,5,4,9.03717556390565,8.77400360020093,0.352223515203945,31
"4773","PB","Brejo dos Santos",6464,8409.99,25001,"Catolé do Rocha",2,"Nordeste",0,"250290",4,7,2,5,4,3,0,0,0,0,0,7,2,5,4,3,6,9.03717556390565,8.77400360020093,0.393138150967807,30
"4774","PB","Brejo dos Santos",6464,8409.99,25001,"Catolé do Rocha",2,"Nordeste",0,"250290",5,4,2,2,1,3,0,0,0,0,0,4,2,2,1,3,4,9.03717556390565,8.77400360020093,0.421326047507675,31
"4775","PB","Brejo dos Santos",6464,8409.99,25001,"Catolé do Rocha",2,"Nordeste",0,"250290",6,6,1,5,0,6,0,0,0,0,0,6,1,5,0,6,3,9.03717556390565,8.77400360020093,0.397954392611519,30
"4776","PB","Brejo dos Santos",6464,8409.99,25001,"Catolé do Rocha",2,"Nordeste",0,"250290",7,5,4,1,3,2,0,0,0,0,0,5,4,1,3,2,3,9.03717556390565,8.77400360020093,0.413895483454182,29
"4777","PB","Caaporã",21955,15225.27,25023,"Litoral Sul",2,"Nordeste",1,"250300",2,45,20,25,19,26,0,0,0,0,0,45,20,25,19,26,18,9.630711826411,9.99675018299582,0.295126372368733,29
"4778","PB","Caaporã",21955,15225.27,25023,"Litoral Sul",2,"Nordeste",1,"250300",3,36,15,21,18,18,0,0,0,0,0,36,15,21,18,18,14,9.630711826411,9.99675018299582,0.382066638463559,31
"4779","PB","Caaporã",21955,15225.27,25023,"Litoral Sul",2,"Nordeste",1,"250300",4,35,15,20,14,21,0,0,0,0,0,35,15,20,14,21,8,9.630711826411,9.99675018299582,0.414462841019806,30
"4780","PB","Caaporã",21955,15225.27,25023,"Litoral Sul",2,"Nordeste",1,"250300",5,34,12,22,12,22,0,0,0,0,0,34,12,22,12,22,25,9.630711826411,9.99675018299582,0.416317776610683,31
"4781","PB","Caaporã",21955,15225.27,25023,"Litoral Sul",2,"Nordeste",1,"250300",6,29,10,19,14,15,0,0,0,0,0,29,10,19,14,15,13,9.630711826411,9.99675018299582,0.36241456546811,30
"4782","PB","Caaporã",21955,15225.27,25023,"Litoral Sul",2,"Nordeste",1,"250300",7,44,16,28,20,24,0,0,0,0,0,44,16,28,20,24,14,9.630711826411,9.99675018299582,0.384835512668913,29
"4783","PB","Cabaceiras",5661,10350.1,25011,"Cariri Oriental",2,"Nordeste",0,"250310",2,12,5,7,5,7,0,0,0,0,0,12,5,7,5,7,8,9.24475146048259,8.64135583403666,0.273240859309775,29
"4784","PB","Cabaceiras",5661,10350.1,25011,"Cariri Oriental",2,"Nordeste",0,"250310",3,13,7,6,3,10,0,0,0,0,0,13,7,6,3,10,3,9.24475146048259,8.64135583403666,0.321865102149114,31
"4785","PB","Cabaceiras",5661,10350.1,25011,"Cariri Oriental",2,"Nordeste",0,"250310",4,5,0,5,2,3,0,0,0,0,0,5,0,5,2,3,4,9.24475146048259,8.64135583403666,0.357214336844093,30
"4786","PB","Cabaceiras",5661,10350.1,25011,"Cariri Oriental",2,"Nordeste",0,"250310",5,5,3,2,1,4,0,0,0,0,0,5,3,2,1,4,8,9.24475146048259,8.64135583403666,0.376797395209902,31
"4787","PB","Cabaceiras",5661,10350.1,25011,"Cariri Oriental",2,"Nordeste",0,"250310",6,3,1,2,0,3,0,0,0,0,0,3,1,2,0,3,3,9.24475146048259,8.64135583403666,0.363090378468223,30
"4788","PB","Cabaceiras",5661,10350.1,25011,"Cariri Oriental",2,"Nordeste",0,"250310",7,2,0,2,0,2,0,0,0,0,0,2,0,2,0,2,3,9.24475146048259,8.64135583403666,0.417521433868384,29
"4789","PB","Cabedelo",68767,41104.03,25022,"João Pessoa",2,"Nordeste",1,"250320",2,175,61,114,72,103,0,0,0,0,0,175,61,114,72,103,38,10.6238614492054,11.1384792576892,0.285686208558574,29
"4790","PB","Cabedelo",68767,41104.03,25022,"João Pessoa",2,"Nordeste",1,"250320",3,109,33,76,45,64,2,0,0,0,0,111,33,76,45,64,44,10.6238614492054,11.1384792576892,0.403274792826167,31
"4791","PB","Cabedelo",68767,41104.03,25022,"João Pessoa",2,"Nordeste",1,"250320",4,77,29,48,33,44,1,0,0,0,0,78,29,48,33,44,31,10.6238614492054,11.1384792576892,0.47910469969638,30
"4792","PB","Cabedelo",68767,41104.03,25022,"João Pessoa",2,"Nordeste",1,"250320",5,86,31,55,34,52,0,0,0,0,0,86,31,55,34,52,44,10.6238614492054,11.1384792576892,0.470753404800975,31
"4793","PB","Cabedelo",68767,41104.03,25022,"João Pessoa",2,"Nordeste",1,"250320",6,96,26,70,34,62,0,0,0,0,0,96,26,70,34,62,57,10.6238614492054,11.1384792576892,0.43115146825552,30
"4794","PB","Cabedelo",68767,41104.03,25022,"João Pessoa",2,"Nordeste",1,"250320",7,94,29,65,42,52,2,0,0,0,0,96,29,65,42,52,49,10.6238614492054,11.1384792576892,0.413242611234177,29
"4795","PB","Cachoeira dos Índios",10305,11129.97,25002,"Cajazeiras",2,"Nordeste",0,"250330",2,23,10,13,12,11,0,0,0,0,0,23,10,13,12,11,9,9.31739674884817,9.24038449332456,0.259246346616324,29
"4796","PB","Cachoeira dos Índios",10305,11129.97,25002,"Cajazeiras",2,"Nordeste",0,"250330",3,20,10,10,7,13,0,0,0,0,0,20,10,10,7,13,2,9.31739674884817,9.24038449332456,0.354745166457907,31
"4797","PB","Cachoeira dos Índios",10305,11129.97,25002,"Cajazeiras",2,"Nordeste",0,"250330",4,5,1,4,0,5,1,0,0,0,0,6,1,4,0,5,6,9.31739674884817,9.24038449332456,0.413885783490618,30
"4798","PB","Cachoeira dos Índios",10305,11129.97,25002,"Cajazeiras",2,"Nordeste",0,"250330",5,16,8,8,10,6,0,0,0,0,0,16,8,8,10,6,5,9.31739674884817,9.24038449332456,0.430783437655765,31
"4799","PB","Cachoeira dos Índios",10305,11129.97,25002,"Cajazeiras",2,"Nordeste",0,"250330",6,12,3,9,2,10,1,0,0,0,0,13,3,9,2,10,7,9.31739674884817,9.24038449332456,0.397723896287148,30
"4800","PB","Cachoeira dos Índios",10305,11129.97,25002,"Cajazeiras",2,"Nordeste",0,"250330",7,8,2,6,0,8,0,0,0,0,0,8,2,6,0,8,4,9.31739674884817,9.24038449332456,0.435073985935273,29
"4801","PB","Cacimba de Dentro",17178,7510.85,25013,"Curimataú Oriental",2,"Nordeste",0,"250350",2,18,6,12,7,11,0,0,0,0,0,18,6,12,7,11,11,8.92410392077697,9.75138477432617,0.288675561021674,29
"4802","PB","Cacimba de Dentro",17178,7510.85,25013,"Curimataú Oriental",2,"Nordeste",0,"250350",3,29,14,15,15,14,0,0,0,0,0,29,14,15,15,14,11,8.92410392077697,9.75138477432617,0.382674065830183,31
"4803","PB","Cacimba de Dentro",17178,7510.85,25013,"Curimataú Oriental",2,"Nordeste",0,"250350",4,23,11,12,13,10,0,0,0,0,0,23,11,12,13,10,8,8.92410392077697,9.75138477432617,0.391842711607971,30
"4804","PB","Cacimba de Dentro",17178,7510.85,25013,"Curimataú Oriental",2,"Nordeste",0,"250350",5,17,9,8,11,6,0,0,0,0,0,17,9,8,11,6,10,8.92410392077697,9.75138477432617,0.406014674194272,31
"4805","PB","Cacimba de Dentro",17178,7510.85,25013,"Curimataú Oriental",2,"Nordeste",0,"250350",6,27,13,14,12,15,0,0,0,0,0,27,13,14,12,15,11,8.92410392077697,9.75138477432617,0.37119124209513,30
"4806","PB","Cacimba de Dentro",17178,7510.85,25013,"Curimataú Oriental",2,"Nordeste",0,"250350",7,16,5,11,7,9,0,0,0,0,0,16,5,11,7,9,22,8.92410392077697,9.75138477432617,0.417684676893872,29
"4807","PB","Caiçara",7191,7920.21,25016,"Guarabira",2,"Nordeste",0,"250360",2,9,6,3,2,7,0,0,0,0,0,9,6,3,2,7,2,8.97717299960847,8.88058552310249,0.302235121068278,29
"4808","PB","Caiçara",7191,7920.21,25016,"Guarabira",2,"Nordeste",0,"250360",3,12,4,8,3,9,2,0,0,0,0,14,4,8,3,9,7,8.97717299960847,8.88058552310249,0.365963413768324,31
"4809","PB","Caiçara",7191,7920.21,25016,"Guarabira",2,"Nordeste",0,"250360",4,4,2,2,2,2,0,0,0,0,0,4,2,2,2,2,0,8.97717299960847,8.88058552310249,0.419604800819928,30
"4810","PB","Caiçara",7191,7920.21,25016,"Guarabira",2,"Nordeste",0,"250360",5,9,3,6,4,5,0,0,0,0,0,9,3,6,4,5,9,8.97717299960847,8.88058552310249,0.463207014982112,31
"4811","PB","Caiçara",7191,7920.21,25016,"Guarabira",2,"Nordeste",0,"250360",6,8,3,5,0,8,0,0,0,0,0,8,3,5,0,8,5,8.97717299960847,8.88058552310249,0.43834670931293,30
"4812","PB","Caiçara",7191,7920.21,25016,"Guarabira",2,"Nordeste",0,"250360",7,6,2,4,3,3,0,0,0,0,0,6,2,4,3,3,4,8.97717299960847,8.88058552310249,0.443735964428998,29
"4813","PB","Cajazeiras",62289,17373.93,25002,"Cajazeiras",2,"Nordeste",1,"250370",2,123,31,92,39,84,0,0,0,0,0,123,31,92,39,84,37,9.76272608580289,11.0395401241781,0.26992932441197,29
"4814","PB","Cajazeiras",62289,17373.93,25002,"Cajazeiras",2,"Nordeste",1,"250370",3,140,42,98,42,98,1,0,0,0,0,141,42,98,42,98,52,9.76272608580289,11.0395401241781,0.371347481102719,31
"4815","PB","Cajazeiras",62289,17373.93,25002,"Cajazeiras",2,"Nordeste",1,"250370",4,60,17,43,27,33,0,0,0,0,0,60,17,43,27,33,43,9.76272608580289,11.0395401241781,0.409953296447844,30
"4816","PB","Cajazeiras",62289,17373.93,25002,"Cajazeiras",2,"Nordeste",1,"250370",5,68,23,45,35,33,0,0,0,0,0,68,23,45,35,33,43,9.76272608580289,11.0395401241781,0.419538507729785,31
"4817","PB","Cajazeiras",62289,17373.93,25002,"Cajazeiras",2,"Nordeste",1,"250370",6,78,28,50,29,49,0,0,0,0,0,78,28,50,29,49,50,9.76272608580289,11.0395401241781,0.38706731183126,30
"4818","PB","Cajazeiras",62289,17373.93,25002,"Cajazeiras",2,"Nordeste",1,"250370",7,82,27,55,31,51,0,0,0,0,0,82,27,55,31,51,52,9.76272608580289,11.0395401241781,0.406713987704052,29
"4819","PB","Caldas Brandão",6046,11232.84,25018,"Itabaiana",2,"Nordeste",0,"250380",2,10,6,4,4,6,0,0,0,0,0,10,6,4,4,6,2,9.32659690979402,8.7071521753394,0.336248678668202,29
"4820","PB","Caldas Brandão",6046,11232.84,25018,"Itabaiana",2,"Nordeste",0,"250380",3,15,6,9,8,7,0,0,0,0,0,15,6,9,8,7,4,9.32659690979402,8.7071521753394,0.40245245351449,31
"4821","PB","Caldas Brandão",6046,11232.84,25018,"Itabaiana",2,"Nordeste",0,"250380",4,4,2,2,2,2,0,0,0,0,0,4,2,2,2,2,5,9.32659690979402,8.7071521753394,0.451412104102693,30
"4822","PB","Caldas Brandão",6046,11232.84,25018,"Itabaiana",2,"Nordeste",0,"250380",5,5,2,3,1,4,0,0,0,0,0,5,2,3,1,4,4,9.32659690979402,8.7071521753394,0.437855516298657,31
"4823","PB","Caldas Brandão",6046,11232.84,25018,"Itabaiana",2,"Nordeste",0,"250380",6,4,3,1,1,3,0,0,0,0,0,4,3,1,1,3,4,9.32659690979402,8.7071521753394,0.400264948846947,30
"4824","PB","Caldas Brandão",6046,11232.84,25018,"Itabaiana",2,"Nordeste",0,"250380",7,6,5,1,2,4,1,0,0,0,0,7,5,1,2,4,5,9.32659690979402,8.7071521753394,0.397484070542538,29
"4825","PB","Camalaú",6031,10558.2,25010,"Cariri Ocidental",2,"Nordeste",0,"250390",2,13,9,4,5,8,0,0,0,0,0,13,9,4,5,8,5,9.26465808818577,8.70466811345099,0.240940869464006,29
"4826","PB","Camalaú",6031,10558.2,25010,"Cariri Ocidental",2,"Nordeste",0,"250390",3,11,4,7,1,10,0,0,0,0,0,11,4,7,1,10,4,9.26465808818577,8.70466811345099,0.337544546844365,31
"4827","PB","Camalaú",6031,10558.2,25010,"Cariri Ocidental",2,"Nordeste",0,"250390",4,9,5,4,2,7,0,0,0,0,0,9,5,4,2,7,4,9.26465808818577,8.70466811345099,0.363383479912435,30
"4828","PB","Camalaú",6031,10558.2,25010,"Cariri Ocidental",2,"Nordeste",0,"250390",5,11,3,8,6,5,0,0,0,0,0,11,3,8,6,5,1,9.26465808818577,8.70466811345099,0.383496148153775,31
"4829","PB","Camalaú",6031,10558.2,25010,"Cariri Ocidental",2,"Nordeste",0,"250390",6,10,5,5,3,7,0,0,0,0,0,10,5,5,3,7,0,9.26465808818577,8.70466811345099,0.351835093180239,30
"4830","PB","Camalaú",6031,10558.2,25010,"Cariri Ocidental",2,"Nordeste",0,"250390",7,8,4,4,3,5,0,0,0,0,0,8,4,4,3,5,6,9.26465808818577,8.70466811345099,0.416263358685223,29
"4831","PB","Campina Grande",411807,22583.86,25017,"Campina Grande",2,"Nordeste",1,"250400",2,911,212,699,324,587,4,0,0,0,0,915,212,699,324,587,210,10.0249907708351,12.9283100719743,0.284947648011361,29
"4832","PB","Campina Grande",411807,22583.86,25017,"Campina Grande",2,"Nordeste",1,"250400",3,888,192,696,322,566,1,0,0,0,0,889,192,696,322,566,229,10.0249907708351,12.9283100719743,0.387805208680157,31
"4833","PB","Campina Grande",411807,22583.86,25017,"Campina Grande",2,"Nordeste",1,"250400",4,517,140,377,199,318,3,0,0,0,0,520,140,377,199,318,206,10.0249907708351,12.9283100719743,0.450127700388346,30
"4834","PB","Campina Grande",411807,22583.86,25017,"Campina Grande",2,"Nordeste",1,"250400",5,457,146,311,171,286,5,0,0,0,0,462,146,311,171,286,352,10.0249907708351,12.9283100719743,0.435682706889232,31
"4835","PB","Campina Grande",411807,22583.86,25017,"Campina Grande",2,"Nordeste",1,"250400",6,519,141,378,187,332,4,0,0,0,0,523,141,378,187,332,393,10.0249907708351,12.9283100719743,0.408183189591709,30
"4836","PB","Campina Grande",411807,22583.86,25017,"Campina Grande",2,"Nordeste",1,"250400",7,511,131,380,176,335,2,0,0,0,0,513,131,380,176,335,343,10.0249907708351,12.9283100719743,0.402855127413985,29
"4837","PB","Capim",6620,9391.17,25020,"Litoral Norte",2,"Nordeste",0,"250403",2,21,9,12,14,7,0,0,0,0,0,21,9,12,14,7,1,9.14752516507927,8.79785064893105,0.287789338981131,29
"4838","PB","Capim",6620,9391.17,25020,"Litoral Norte",2,"Nordeste",0,"250403",3,13,6,7,5,8,0,0,0,0,0,13,6,7,5,8,5,9.14752516507927,8.79785064893105,0.359021229104155,31
"4839","PB","Capim",6620,9391.17,25020,"Litoral Norte",2,"Nordeste",0,"250403",4,8,5,3,3,5,0,0,0,0,0,8,5,3,3,5,5,9.14752516507927,8.79785064893105,0.362983878585439,30
"4840","PB","Capim",6620,9391.17,25020,"Litoral Norte",2,"Nordeste",0,"250403",5,14,6,8,6,8,2,0,0,0,0,16,6,8,6,8,4,9.14752516507927,8.79785064893105,0.405317251085488,31
"4841","PB","Capim",6620,9391.17,25020,"Litoral Norte",2,"Nordeste",0,"250403",6,12,7,5,4,8,0,0,0,0,0,12,7,5,4,8,4,9.14752516507927,8.79785064893105,0.378881228008002,30
"4842","PB","Capim",6620,9391.17,25020,"Litoral Norte",2,"Nordeste",0,"250403",7,9,5,4,3,6,0,0,0,0,0,9,5,4,3,6,7,9.14752516507927,8.79785064893105,0.37773576340764,29
"4843","PB","Caraúbas",4185,8799.61,25011,"Cariri Oriental",2,"Nordeste",0,"250407",2,8,3,5,3,5,0,0,0,0,0,8,3,5,3,5,2,9.0824626813024,8.33926198292358,0.274103965441039,29
"4844","PB","Caraúbas",4185,8799.61,25011,"Cariri Oriental",2,"Nordeste",0,"250407",3,9,2,7,5,4,0,0,0,0,0,9,2,7,5,4,2,9.0824626813024,8.33926198292358,0.380392030576931,31
"4845","PB","Caraúbas",4185,8799.61,25011,"Cariri Oriental",2,"Nordeste",0,"250407",4,3,2,1,2,1,0,0,0,0,0,3,2,1,2,1,2,9.0824626813024,8.33926198292358,0.392475990329945,30
"4846","PB","Caraúbas",4185,8799.61,25011,"Cariri Oriental",2,"Nordeste",0,"250407",5,6,2,4,3,3,0,0,0,0,0,6,2,4,3,3,1,9.0824626813024,8.33926198292358,0.415131651278141,31
"4847","PB","Caraúbas",4185,8799.61,25011,"Cariri Oriental",2,"Nordeste",0,"250407",6,11,5,6,6,5,0,0,0,0,0,11,5,6,6,5,4,9.0824626813024,8.33926198292358,0.411180418157884,30
"4848","PB","Caraúbas",4185,8799.61,25011,"Cariri Oriental",2,"Nordeste",0,"250407",7,5,2,3,2,3,0,0,0,0,0,5,2,3,2,3,1,9.0824626813024,8.33926198292358,0.436388808003654,29
"4849","PB","Casserengue",7499,8189.34,25013,"Curimataú Oriental",2,"Nordeste",0,"250415",2,9,4,5,1,8,0,0,0,0,0,9,4,5,1,8,2,9.0105885875193,8.92252495730139,0.323466455172095,29
"4850","PB","Casserengue",7499,8189.34,25013,"Curimataú Oriental",2,"Nordeste",0,"250415",3,9,6,3,3,6,0,0,0,0,0,9,6,3,3,6,5,9.0105885875193,8.92252495730139,0.393455145402853,31
"4851","PB","Casserengue",7499,8189.34,25013,"Curimataú Oriental",2,"Nordeste",0,"250415",4,5,2,3,2,3,0,0,0,0,0,5,2,3,2,3,6,9.0105885875193,8.92252495730139,0.401952930449776,30
"4852","PB","Casserengue",7499,8189.34,25013,"Curimataú Oriental",2,"Nordeste",0,"250415",5,7,7,0,3,4,0,0,0,0,0,7,7,0,3,4,7,9.0105885875193,8.92252495730139,0.405363738334948,31
"4853","PB","Casserengue",7499,8189.34,25013,"Curimataú Oriental",2,"Nordeste",0,"250415",6,6,3,3,2,4,1,0,0,0,0,7,3,3,2,4,6,9.0105885875193,8.92252495730139,0.37834259432353,30
"4854","PB","Casserengue",7499,8189.34,25013,"Curimataú Oriental",2,"Nordeste",0,"250415",7,4,2,2,2,2,0,0,0,0,0,4,2,2,2,2,8,9.0105885875193,8.92252495730139,0.397782066834664,29
"4855","PB","Catolé do Rocha",30684,13134.84,25001,"Catolé do Rocha",2,"Nordeste",0,"250430",2,47,17,30,17,30,0,0,0,0,0,47,17,30,17,30,14,9.48302352085017,10.3314966250792,0.263033286638196,29
"4856","PB","Catolé do Rocha",30684,13134.84,25001,"Catolé do Rocha",2,"Nordeste",0,"250430",3,41,16,25,20,21,0,0,0,0,0,41,16,25,20,21,16,9.48302352085017,10.3314966250792,0.356042315440717,31
"4857","PB","Catolé do Rocha",30684,13134.84,25001,"Catolé do Rocha",2,"Nordeste",0,"250430",4,26,7,19,8,18,0,0,0,0,0,26,7,19,8,18,13,9.48302352085017,10.3314966250792,0.383605427580411,30
"4858","PB","Catolé do Rocha",30684,13134.84,25001,"Catolé do Rocha",2,"Nordeste",0,"250430",5,33,14,19,16,17,0,0,0,0,0,33,14,19,16,17,26,9.48302352085017,10.3314966250792,0.406968504845874,31
"4859","PB","Catolé do Rocha",30684,13134.84,25001,"Catolé do Rocha",2,"Nordeste",0,"250430",6,37,10,27,16,21,1,0,0,0,0,38,10,27,16,21,29,9.48302352085017,10.3314966250792,0.385346321830994,30
"4860","PB","Catolé do Rocha",30684,13134.84,25001,"Catolé do Rocha",2,"Nordeste",0,"250430",7,28,14,14,7,21,1,0,0,0,0,29,14,14,7,21,20,9.48302352085017,10.3314966250792,0.394155088564414,29
"4861","PB","Caturité",4875,11489.11,25011,"Cariri Oriental",2,"Nordeste",0,"250435",2,9,1,8,7,2,0,0,0,0,0,9,1,8,7,2,3,9.34915490918302,8.49187538343195,0.306693920463688,29
"4862","PB","Caturité",4875,11489.11,25011,"Cariri Oriental",2,"Nordeste",0,"250435",3,10,5,5,4,6,0,0,0,0,0,10,5,5,4,6,5,9.34915490918302,8.49187538343195,0.386237175915504,31
"4863","PB","Caturité",4875,11489.11,25011,"Cariri Oriental",2,"Nordeste",0,"250435",4,7,3,4,1,6,0,0,0,0,0,7,3,4,1,6,5,9.34915490918302,8.49187538343195,0.422674920593839,30
"4864","PB","Caturité",4875,11489.11,25011,"Cariri Oriental",2,"Nordeste",0,"250435",5,3,0,3,1,2,0,0,0,0,0,3,0,3,1,2,6,9.34915490918302,8.49187538343195,0.402690883109095,31
"4865","PB","Caturité",4875,11489.11,25011,"Cariri Oriental",2,"Nordeste",0,"250435",6,5,0,5,1,4,0,0,0,0,0,5,0,5,1,4,3,9.34915490918302,8.49187538343195,0.387243714730784,30
"4866","PB","Caturité",4875,11489.11,25011,"Cariri Oriental",2,"Nordeste",0,"250435",7,12,4,8,7,5,0,0,0,0,0,12,4,8,7,5,3,9.34915490918302,8.49187538343195,0.417361318883244,29
"4867","PB","Conceição",19007,9093.78,25006,"Itaporanga",2,"Nordeste",0,"250440",2,37,14,23,15,22,0,0,0,0,0,37,14,23,15,22,7,9.11534594231753,9.85256261135084,0.248234005124562,29
"4868","PB","Conceição",19007,9093.78,25006,"Itaporanga",2,"Nordeste",0,"250440",3,31,8,23,15,16,0,0,0,0,0,31,8,23,15,16,13,9.11534594231753,9.85256261135084,0.347540100637118,31
"4869","PB","Conceição",19007,9093.78,25006,"Itaporanga",2,"Nordeste",0,"250440",4,25,4,21,11,14,1,0,0,0,0,26,4,21,11,14,12,9.11534594231753,9.85256261135084,0.367625112344258,30
"4870","PB","Conceição",19007,9093.78,25006,"Itaporanga",2,"Nordeste",0,"250440",5,15,9,6,6,9,0,0,0,0,0,15,9,6,6,9,9,9.11534594231753,9.85256261135084,0.410259212899005,31
"4871","PB","Conceição",19007,9093.78,25006,"Itaporanga",2,"Nordeste",0,"250440",6,18,10,8,8,10,0,0,0,0,0,18,10,8,8,10,8,9.11534594231753,9.85256261135084,0.377351049664803,30
"4872","PB","Conceição",19007,9093.78,25006,"Itaporanga",2,"Nordeste",0,"250440",7,22,8,14,11,11,0,0,0,0,0,22,8,14,11,11,18,9.11534594231753,9.85256261135084,0.440557146879453,29
"4873","PB","Condado",6658,9075.85,25003,"Sousa",2,"Nordeste",0,"250450",2,4,2,2,1,3,0,0,0,0,0,4,2,2,1,3,7,9.11337231865871,8.80357441813497,0.362807569831537,29
"4874","PB","Condado",6658,9075.85,25003,"Sousa",2,"Nordeste",0,"250450",3,18,9,9,10,8,0,0,0,0,0,18,9,9,10,8,6,9.11337231865871,8.80357441813497,0.456215758661846,31
"4875","PB","Condado",6658,9075.85,25003,"Sousa",2,"Nordeste",0,"250450",4,11,3,8,4,7,0,0,0,0,0,11,3,8,4,7,5,9.11337231865871,8.80357441813497,0.441209797148832,30
"4876","PB","Condado",6658,9075.85,25003,"Sousa",2,"Nordeste",0,"250450",5,4,1,3,2,2,0,0,0,0,0,4,1,3,2,2,8,9.11337231865871,8.80357441813497,0.475573578043227,31
"4877","PB","Condado",6658,9075.85,25003,"Sousa",2,"Nordeste",0,"250450",6,15,3,12,1,14,0,0,0,0,0,15,3,12,1,14,9,9.11337231865871,8.80357441813497,0.404323635261952,30
"4878","PB","Condado",6658,9075.85,25003,"Sousa",2,"Nordeste",0,"250450",7,10,5,5,2,8,0,0,0,0,0,10,5,5,2,8,10,9.11337231865871,8.80357441813497,0.445783330901546,29
"4879","PB","Conde",25010,28948.22,25022,"João Pessoa",2,"Nordeste",1,"250460",2,90,34,56,42,48,2,0,0,0,0,92,34,56,42,48,17,10.2732639957913,10.1270310238717,0.295632718260924,29
"4880","PB","Conde",25010,28948.22,25022,"João Pessoa",2,"Nordeste",1,"250460",3,77,33,44,30,47,0,0,0,0,0,77,33,44,30,47,12,10.2732639957913,10.1270310238717,0.391837352727816,31
"4881","PB","Conde",25010,28948.22,25022,"João Pessoa",2,"Nordeste",1,"250460",4,43,16,27,19,24,0,0,0,0,0,43,16,27,19,24,9,10.2732639957913,10.1270310238717,0.447553652447612,30
"4882","PB","Conde",25010,28948.22,25022,"João Pessoa",2,"Nordeste",1,"250460",5,52,20,32,19,33,1,0,0,0,0,53,20,32,19,33,17,10.2732639957913,10.1270310238717,0.460447728134374,31
"4883","PB","Conde",25010,28948.22,25022,"João Pessoa",2,"Nordeste",1,"250460",6,44,13,31,25,19,0,0,0,0,0,44,13,31,25,19,11,10.2732639957913,10.1270310238717,0.423548935603046,30
"4884","PB","Conde",25010,28948.22,25022,"João Pessoa",2,"Nordeste",1,"250460",7,40,12,28,21,19,0,0,0,0,0,40,12,28,21,19,14,10.2732639957913,10.1270310238717,0.415345128909201,29
"4885","PB","Congo",4787,10860.43,25010,"Cariri Ocidental",2,"Nordeste",0,"250470",2,13,4,9,4,9,0,0,0,0,0,13,4,9,4,9,6,9.29288118754753,8.47365918939251,0.248818620255045,29
"4886","PB","Congo",4787,10860.43,25010,"Cariri Ocidental",2,"Nordeste",0,"250470",3,23,6,17,13,10,0,0,0,0,0,23,6,17,13,10,2,9.29288118754753,8.47365918939251,0.350714422483374,31
"4887","PB","Congo",4787,10860.43,25010,"Cariri Ocidental",2,"Nordeste",0,"250470",4,8,2,6,2,6,1,0,0,0,0,9,2,6,2,6,5,9.29288118754753,8.47365918939251,0.379933813546828,30
"4888","PB","Congo",4787,10860.43,25010,"Cariri Ocidental",2,"Nordeste",0,"250470",5,6,1,5,3,3,0,0,0,0,0,6,1,5,3,3,6,9.29288118754753,8.47365918939251,0.413978192456695,31
"4889","PB","Congo",4787,10860.43,25010,"Cariri Ocidental",2,"Nordeste",0,"250470",6,8,2,6,3,5,0,0,0,0,0,8,2,6,3,5,2,9.29288118754753,8.47365918939251,0.378260998794571,30
"4890","PB","Congo",4787,10860.43,25010,"Cariri Ocidental",2,"Nordeste",0,"250470",7,6,2,4,1,5,0,0,0,0,0,6,2,4,1,5,4,9.29288118754753,8.47365918939251,0.414655449426469,29
"4891","PB","Coremas",15441,9798.57,25005,"Piancó",2,"Nordeste",0,"250480",2,30,13,17,19,11,0,0,0,0,0,30,13,17,19,11,12,9.1899917356442,9.64478158832086,0.313669615463796,29
"4892","PB","Coremas",15441,9798.57,25005,"Piancó",2,"Nordeste",0,"250480",3,27,14,13,12,15,0,0,0,0,0,27,14,13,12,15,4,9.1899917356442,9.64478158832086,0.408013231198229,31
"4893","PB","Coremas",15441,9798.57,25005,"Piancó",2,"Nordeste",0,"250480",4,18,6,12,6,12,0,0,0,0,0,18,6,12,6,12,13,9.1899917356442,9.64478158832086,0.414843737112691,30
"4894","PB","Coremas",15441,9798.57,25005,"Piancó",2,"Nordeste",0,"250480",5,23,8,15,11,12,0,0,0,0,0,23,8,15,11,12,11,9.1899917356442,9.64478158832086,0.423894080324227,31
"4895","PB","Coremas",15441,9798.57,25005,"Piancó",2,"Nordeste",0,"250480",6,9,4,5,4,5,0,0,0,0,0,9,4,5,4,5,5,9.1899917356442,9.64478158832086,0.378378559676174,30
"4896","PB","Coremas",15441,9798.57,25005,"Piancó",2,"Nordeste",0,"250480",7,16,6,10,8,8,0,0,0,0,0,16,6,10,8,8,11,9.1899917356442,9.64478158832086,0.409468674482234,29
"4897","PB","Cruz do Espírito Santo",17461,7680.78,25021,"Sapé",2,"Nordeste",0,"250490",2,30,7,23,17,13,1,0,0,0,0,31,7,23,17,13,10,8.9464763834846,9.76772510152213,0.277278294355701,29
"4898","PB","Cruz do Espírito Santo",17461,7680.78,25021,"Sapé",2,"Nordeste",0,"250490",3,35,18,17,20,15,1,0,0,0,0,36,18,17,20,15,11,8.9464763834846,9.76772510152213,0.368243347068313,31
"4899","PB","Cruz do Espírito Santo",17461,7680.78,25021,"Sapé",2,"Nordeste",0,"250490",4,27,11,16,11,16,1,0,0,0,0,28,11,16,11,16,9,8.9464763834846,9.76772510152213,0.40232130902103,30
"4900","PB","Cruz do Espírito Santo",17461,7680.78,25021,"Sapé",2,"Nordeste",0,"250490",5,31,11,20,17,14,1,0,0,0,0,32,11,20,17,14,26,8.9464763834846,9.76772510152213,0.445457713377732,31
"4901","PB","Cruz do Espírito Santo",17461,7680.78,25021,"Sapé",2,"Nordeste",0,"250490",6,30,14,16,15,15,0,0,0,0,0,30,14,16,15,15,16,8.9464763834846,9.76772510152213,0.388989610647376,30
"4902","PB","Cruz do Espírito Santo",17461,7680.78,25021,"Sapé",2,"Nordeste",0,"250490",7,26,16,10,15,11,1,0,0,0,0,27,16,10,15,11,10,8.9464763834846,9.76772510152213,0.407702504846287,29
"4903","PB","Cubati",7832,8095.86,25009,"Seridó Oriental Paraibano",2,"Nordeste",0,"250500",2,14,4,10,5,9,0,0,0,0,0,14,4,10,5,9,7,8.99910809888761,8.96597318421035,0.291468720914219,29
"4904","PB","Cubati",7832,8095.86,25009,"Seridó Oriental Paraibano",2,"Nordeste",0,"250500",3,18,9,9,8,10,0,0,0,0,0,18,9,9,8,10,4,8.99910809888761,8.96597318421035,0.344612086761145,31
"4905","PB","Cubati",7832,8095.86,25009,"Seridó Oriental Paraibano",2,"Nordeste",0,"250500",4,11,5,6,7,4,1,0,0,0,0,12,5,6,7,4,2,8.99910809888761,8.96597318421035,0.390299992488803,30
"4906","PB","Cubati",7832,8095.86,25009,"Seridó Oriental Paraibano",2,"Nordeste",0,"250500",5,8,6,2,3,5,0,0,0,0,0,8,6,2,3,5,6,8.99910809888761,8.96597318421035,0.37135127236605,31
"4907","PB","Cubati",7832,8095.86,25009,"Seridó Oriental Paraibano",2,"Nordeste",0,"250500",6,11,1,10,8,3,0,0,0,0,0,11,1,10,8,3,2,8.99910809888761,8.96597318421035,0.372679503211658,30
"4908","PB","Cubati",7832,8095.86,25009,"Seridó Oriental Paraibano",2,"Nordeste",0,"250500",7,5,2,3,1,4,1,0,0,0,0,6,2,3,1,4,5,8.99910809888761,8.96597318421035,0.381970271116976,29
"4909","PB","Cuité",20334,10139.34,25012,"Curimataú Ocidental",2,"Nordeste",1,"250510",2,33,8,25,17,16,0,0,0,0,0,33,8,25,17,16,4,9.22417818626941,9.92004964083511,0.255071278993542,29
"4910","PB","Cuité",20334,10139.34,25012,"Curimataú Ocidental",2,"Nordeste",1,"250510",3,28,7,21,7,21,0,0,0,0,0,28,7,21,7,21,13,9.22417818626941,9.92004964083511,0.349382514274366,31
"4911","PB","Cuité",20334,10139.34,25012,"Curimataú Ocidental",2,"Nordeste",1,"250510",4,24,9,15,9,15,0,0,0,0,0,24,9,15,9,15,8,9.22417818626941,9.92004964083511,0.396422297480015,30
"4912","PB","Cuité",20334,10139.34,25012,"Curimataú Ocidental",2,"Nordeste",1,"250510",5,23,9,14,11,12,1,0,0,0,0,24,9,14,11,12,12,9.22417818626941,9.92004964083511,0.389483731069489,31
"4913","PB","Cuité",20334,10139.34,25012,"Curimataú Ocidental",2,"Nordeste",1,"250510",6,29,11,18,8,21,0,0,0,0,0,29,11,18,8,21,11,9.22417818626941,9.92004964083511,0.395105766033138,30
"4914","PB","Cuité",20334,10139.34,25012,"Curimataú Ocidental",2,"Nordeste",1,"250510",7,21,7,14,5,16,0,0,0,0,0,21,7,14,5,16,13,9.22417818626941,9.92004964083511,0.412651974388836,29
"4915","PB","Cuitegi",6775,8370.05,25016,"Guarabira",2,"Nordeste",0,"250520",2,8,4,4,3,5,1,0,0,0,0,9,4,4,3,5,7,9.03241513718133,8.8209946457479,0.311558702837093,29
"4916","PB","Cuitegi",6775,8370.05,25016,"Guarabira",2,"Nordeste",0,"250520",3,16,8,8,9,7,0,0,0,0,0,16,8,8,9,7,2,9.03241513718133,8.8209946457479,0.387976845415048,31
"4917","PB","Cuitegi",6775,8370.05,25016,"Guarabira",2,"Nordeste",0,"250520",4,11,2,9,5,6,0,0,0,0,0,11,2,9,5,6,3,9.03241513718133,8.8209946457479,0.449544479324162,30
"4918","PB","Cuitegi",6775,8370.05,25016,"Guarabira",2,"Nordeste",0,"250520",5,5,0,5,3,2,0,0,0,0,0,5,0,5,3,2,7,9.03241513718133,8.8209946457479,0.446323083189183,31
"4919","PB","Cuitegi",6775,8370.05,25016,"Guarabira",2,"Nordeste",0,"250520",6,9,5,4,4,5,0,0,0,0,0,9,5,4,4,5,5,9.03241513718133,8.8209946457479,0.424977132496383,30
"4920","PB","Cuitegi",6775,8370.05,25016,"Guarabira",2,"Nordeste",0,"250520",7,8,4,4,3,5,0,0,0,0,0,8,4,4,3,5,9,9.03241513718133,8.8209946457479,0.418555639639327,29
"4921","PB","Cuité de Mamanguape",6356,9989.12,25020,"Litoral Norte",2,"Nordeste",0,"250523",2,20,10,10,10,10,0,0,0,0,0,20,10,10,10,10,2,9.20925177967453,8.75715452765661,0.306848556321782,29
"4922","PB","Cuité de Mamanguape",6356,9989.12,25020,"Litoral Norte",2,"Nordeste",0,"250523",3,19,13,6,9,10,0,0,0,0,0,19,13,6,9,10,4,9.20925177967453,8.75715452765661,0.403461914587291,31
"4923","PB","Cuité de Mamanguape",6356,9989.12,25020,"Litoral Norte",2,"Nordeste",0,"250523",4,5,3,2,2,3,0,0,0,0,0,5,3,2,2,3,6,9.20925177967453,8.75715452765661,0.434095379524267,30
"4924","PB","Cuité de Mamanguape",6356,9989.12,25020,"Litoral Norte",2,"Nordeste",0,"250523",5,9,8,1,5,4,0,0,0,0,0,9,8,1,5,4,4,9.20925177967453,8.75715452765661,0.451812635628149,31
"4925","PB","Cuité de Mamanguape",6356,9989.12,25020,"Litoral Norte",2,"Nordeste",0,"250523",6,11,6,5,1,10,0,0,0,0,0,11,6,5,1,10,5,9.20925177967453,8.75715452765661,0.38932595158355,30
"4926","PB","Cuité de Mamanguape",6356,9989.12,25020,"Litoral Norte",2,"Nordeste",0,"250523",7,5,2,3,4,1,0,0,0,0,0,5,2,3,4,1,9,9.20925177967453,8.75715452765661,0.420387391323119,29
"4927","PB","Curral de Cima",5218,9257.05,25020,"Litoral Norte",2,"Nordeste",0,"250527",2,7,1,6,3,4,0,0,0,0,0,7,1,6,3,4,6,9.13314070237054,8.55986946569667,0.345817908471894,29
"4928","PB","Curral de Cima",5218,9257.05,25020,"Litoral Norte",2,"Nordeste",0,"250527",3,7,6,1,2,5,0,0,0,0,0,7,6,1,2,5,5,9.13314070237054,8.55986946569667,0.426847813223604,31
"4929","PB","Curral de Cima",5218,9257.05,25020,"Litoral Norte",2,"Nordeste",0,"250527",4,8,5,3,5,3,0,0,0,0,0,8,5,3,5,3,4,9.13314070237054,8.55986946569667,0.476155591518323,30
"4930","PB","Curral de Cima",5218,9257.05,25020,"Litoral Norte",2,"Nordeste",0,"250527",5,7,2,5,3,4,0,0,0,0,0,7,2,5,3,4,7,9.13314070237054,8.55986946569667,0.515445322848112,31
"4931","PB","Curral de Cima",5218,9257.05,25020,"Litoral Norte",2,"Nordeste",0,"250527",6,7,5,2,5,2,0,0,0,0,0,7,5,2,5,2,2,9.13314070237054,8.55986946569667,0.466528628151971,30
"4932","PB","Curral de Cima",5218,9257.05,25020,"Litoral Norte",2,"Nordeste",0,"250527",7,7,4,3,3,4,0,0,0,0,0,7,4,3,3,4,4,9.13314070237054,8.55986946569667,0.493045297286339,29
"4933","PB","Damião",5370,7991.37,25012,"Curimataú Ocidental",2,"Nordeste",0,"250535",2,7,3,4,4,3,0,0,0,0,0,7,3,4,4,3,1,8.98611748839241,8.58858318750291,0.321937627391095,29
"4934","PB","Damião",5370,7991.37,25012,"Curimataú Ocidental",2,"Nordeste",0,"250535",3,11,3,8,5,6,0,0,0,0,0,11,3,8,5,6,1,8.98611748839241,8.58858318750291,0.393364796627849,31
"4935","PB","Damião",5370,7991.37,25012,"Curimataú Ocidental",2,"Nordeste",0,"250535",4,8,4,4,3,5,0,0,0,0,0,8,4,4,3,5,1,8.98611748839241,8.58858318750291,0.417338940786812,30
"4936","PB","Damião",5370,7991.37,25012,"Curimataú Ocidental",2,"Nordeste",0,"250535",5,1,1,0,0,1,0,0,0,0,0,1,1,0,0,1,4,8.98611748839241,8.58858318750291,0.424232644853713,31
"4937","PB","Damião",5370,7991.37,25012,"Curimataú Ocidental",2,"Nordeste",0,"250535",6,12,7,5,5,7,0,0,0,0,0,12,7,5,5,7,5,8.98611748839241,8.58858318750291,0.387870916262223,30
"4938","PB","Damião",5370,7991.37,25012,"Curimataú Ocidental",2,"Nordeste",0,"250535",7,3,1,2,1,2,0,0,0,0,0,3,1,2,1,2,0,8.98611748839241,8.58858318750291,0.44613534457983,29
"4939","PB","Desterro",8315,7373.61,25007,"Serra do Teixeira",2,"Nordeste",0,"250540",2,18,5,13,10,8,0,0,0,0,0,18,5,13,10,8,6,8.90566268886819,9.02581639162703,0.285517897958066,29
"4940","PB","Desterro",8315,7373.61,25007,"Serra do Teixeira",2,"Nordeste",0,"250540",3,22,7,15,14,8,0,0,0,0,0,22,7,15,14,8,5,8.90566268886819,9.02581639162703,0.388245307467386,31
"4941","PB","Desterro",8315,7373.61,25007,"Serra do Teixeira",2,"Nordeste",0,"250540",4,15,2,13,9,6,0,0,0,0,0,15,2,13,9,6,5,8.90566268886819,9.02581639162703,0.418810596777698,30
"4942","PB","Desterro",8315,7373.61,25007,"Serra do Teixeira",2,"Nordeste",0,"250540",5,10,3,7,5,5,0,0,0,0,0,10,3,7,5,5,4,8.90566268886819,9.02581639162703,0.416458765911509,31
"4943","PB","Desterro",8315,7373.61,25007,"Serra do Teixeira",2,"Nordeste",0,"250540",6,17,6,11,8,9,0,0,0,0,0,17,6,11,8,9,6,8.90566268886819,9.02581639162703,0.363990658326356,30
"4944","PB","Desterro",8315,7373.61,25007,"Serra do Teixeira",2,"Nordeste",0,"250540",7,14,6,8,3,11,1,0,0,0,0,15,6,8,3,11,6,8.90566268886819,9.02581639162703,0.439101662334759,29
"4945","PB","Diamante",6528,8104.65,25006,"Itaporanga",2,"Nordeste",0,"250560",2,15,5,10,5,10,0,0,0,0,0,15,5,10,5,10,1,9.00019325001712,8.78385589664394,0.320151878986537,29
"4946","PB","Diamante",6528,8104.65,25006,"Itaporanga",2,"Nordeste",0,"250560",3,13,7,6,6,7,0,0,0,0,0,13,7,6,6,7,2,9.00019325001712,8.78385589664394,0.395709135426076,31
"4947","PB","Diamante",6528,8104.65,25006,"Itaporanga",2,"Nordeste",0,"250560",4,5,1,4,1,4,0,0,0,0,0,5,1,4,1,4,5,9.00019325001712,8.78385589664394,0.416326556272933,30
"4948","PB","Diamante",6528,8104.65,25006,"Itaporanga",2,"Nordeste",0,"250560",5,7,3,4,3,4,0,0,0,0,0,7,3,4,3,4,2,9.00019325001712,8.78385589664394,0.437736175701488,31
"4949","PB","Diamante",6528,8104.65,25006,"Itaporanga",2,"Nordeste",0,"250560",6,10,8,2,4,6,0,0,0,0,0,10,8,2,4,6,1,9.00019325001712,8.78385589664394,0.398677638220013,30
"4950","PB","Diamante",6528,8104.65,25006,"Itaporanga",2,"Nordeste",0,"250560",7,11,4,7,4,7,0,0,0,0,0,11,4,7,4,7,3,9.00019325001712,8.78385589664394,0.434930913677155,29
"4951","PB","Dona Inês",10413,7743.25,25013,"Curimataú Oriental",2,"Nordeste",0,"250570",2,18,7,11,9,9,0,0,0,0,0,18,7,11,9,9,5,8.95457677509268,9.2508103045299,0.325387708928514,29
"4952","PB","Dona Inês",10413,7743.25,25013,"Curimataú Oriental",2,"Nordeste",0,"250570",3,18,10,8,9,9,0,0,0,0,0,18,10,8,9,9,6,8.95457677509268,9.2508103045299,0.39746954317597,31
"4953","PB","Dona Inês",10413,7743.25,25013,"Curimataú Oriental",2,"Nordeste",0,"250570",4,10,5,5,5,5,0,0,0,0,0,10,5,5,5,5,8,8.95457677509268,9.2508103045299,0.412589976842384,30
"4954","PB","Dona Inês",10413,7743.25,25013,"Curimataú Oriental",2,"Nordeste",0,"250570",5,9,4,5,4,5,0,0,0,0,0,9,4,5,4,5,2,8.95457677509268,9.2508103045299,0.423045097383779,31
"4955","PB","Dona Inês",10413,7743.25,25013,"Curimataú Oriental",2,"Nordeste",0,"250570",6,12,3,9,6,6,0,0,0,0,0,12,3,9,6,6,10,8.95457677509268,9.2508103045299,0.366155618463621,30
"4956","PB","Dona Inês",10413,7743.25,25013,"Curimataú Oriental",2,"Nordeste",0,"250570",7,12,5,7,3,9,0,0,0,0,0,12,5,7,3,9,7,8.95457677509268,9.2508103045299,0.417271025278241,29
"4957","PB","Duas Estradas",3582,10963.99,25016,"Guarabira",2,"Nordeste",0,"250580",2,4,2,2,0,4,0,0,0,0,0,4,2,2,0,4,2,9.30237154534638,8.18367658262066,0.28783152208738,29
"4958","PB","Duas Estradas",3582,10963.99,25016,"Guarabira",2,"Nordeste",0,"250580",3,7,4,3,3,4,0,0,0,0,0,7,4,3,3,4,3,9.30237154534638,8.18367658262066,0.395375566431401,31
"4959","PB","Duas Estradas",3582,10963.99,25016,"Guarabira",2,"Nordeste",0,"250580",4,3,2,1,3,0,0,0,0,0,0,3,2,1,3,0,1,9.30237154534638,8.18367658262066,0.432333487237741,30
"4960","PB","Duas Estradas",3582,10963.99,25016,"Guarabira",2,"Nordeste",0,"250580",5,1,0,1,1,0,0,0,0,0,0,1,0,1,1,0,2,9.30237154534638,8.18367658262066,0.445298872542345,31
"4961","PB","Duas Estradas",3582,10963.99,25016,"Guarabira",2,"Nordeste",0,"250580",6,3,1,2,2,1,0,0,0,0,0,3,1,2,2,1,3,9.30237154534638,8.18367658262066,0.369937767977475,30
"4962","PB","Duas Estradas",3582,10963.99,25016,"Guarabira",2,"Nordeste",0,"250580",7,2,1,1,1,1,0,0,0,0,0,2,1,1,1,1,1,9.30237154534638,8.18367658262066,0.372941627935354,29
"4963","PB","Esperança",33199,12334.99,25014,"Esperança",2,"Nordeste",0,"250600",2,70,28,42,33,37,1,0,0,0,0,71,28,42,33,37,25,9.42019521826187,10.410275033969,0.285893383237362,29
"4964","PB","Esperança",33199,12334.99,25014,"Esperança",2,"Nordeste",0,"250600",3,51,14,37,27,24,0,0,0,0,0,51,14,37,27,24,21,9.42019521826187,10.410275033969,0.375502645506913,31
"4965","PB","Esperança",33199,12334.99,25014,"Esperança",2,"Nordeste",0,"250600",4,36,15,21,16,20,0,0,0,0,0,36,15,21,16,20,20,9.42019521826187,10.410275033969,0.403527117286049,30
"4966","PB","Esperança",33199,12334.99,25014,"Esperança",2,"Nordeste",0,"250600",5,36,15,21,12,24,0,0,0,0,0,36,15,21,12,24,17,9.42019521826187,10.410275033969,0.411140769360785,31
"4967","PB","Esperança",33199,12334.99,25014,"Esperança",2,"Nordeste",0,"250600",6,38,10,28,18,20,1,0,0,0,0,39,10,28,18,20,25,9.42019521826187,10.410275033969,0.374638641955379,30
"4968","PB","Esperança",33199,12334.99,25014,"Esperança",2,"Nordeste",0,"250600",7,40,10,30,16,24,0,0,0,0,0,40,10,30,16,24,24,9.42019521826187,10.410275033969,0.399902600106804,29
"4969","PB","Fagundes",11215,8195.91,25017,"Campina Grande",2,"Nordeste",0,"250610",2,25,12,13,7,18,0,0,0,0,0,25,12,13,7,18,13,9.01139052833217,9.32500744695431,0.297028342815016,29
"4970","PB","Fagundes",11215,8195.91,25017,"Campina Grande",2,"Nordeste",0,"250610",3,24,12,12,8,16,0,0,0,0,0,24,12,12,8,16,7,9.01139052833217,9.32500744695431,0.391119488866759,31
"4971","PB","Fagundes",11215,8195.91,25017,"Campina Grande",2,"Nordeste",0,"250610",4,14,5,9,7,7,0,0,0,0,0,14,5,9,7,7,5,9.01139052833217,9.32500744695431,0.395070884492708,30
"4972","PB","Fagundes",11215,8195.91,25017,"Campina Grande",2,"Nordeste",0,"250610",5,19,11,8,5,14,0,0,0,0,0,19,11,8,5,14,14,9.01139052833217,9.32500744695431,0.398781496781991,31
"4973","PB","Fagundes",11215,8195.91,25017,"Campina Grande",2,"Nordeste",0,"250610",6,9,4,5,4,5,0,0,0,0,0,9,4,5,4,5,11,9.01139052833217,9.32500744695431,0.377477542383707,30
"4974","PB","Fagundes",11215,8195.91,25017,"Campina Grande",2,"Nordeste",0,"250610",7,14,10,4,6,8,0,0,0,0,0,14,10,4,6,8,12,9.01139052833217,9.32500744695431,0.413948275324848,29
"4975","PB","Frei Martinho",2989,9605.35,25009,"Seridó Oriental Paraibano",2,"Nordeste",0,"250620",2,3,1,2,2,1,0,0,0,0,0,3,1,2,2,1,0,9.17007551389326,8.00269416228394,0.252761080169399,29
"4976","PB","Frei Martinho",2989,9605.35,25009,"Seridó Oriental Paraibano",2,"Nordeste",0,"250620",3,3,2,1,0,3,0,0,0,0,0,3,2,1,0,3,4,9.17007551389326,8.00269416228394,0.320045364814363,31
"4977","PB","Frei Martinho",2989,9605.35,25009,"Seridó Oriental Paraibano",2,"Nordeste",0,"250620",4,2,0,2,2,0,0,0,0,0,0,2,0,2,2,0,2,9.17007551389326,8.00269416228394,0.369277185119415,30
"4978","PB","Frei Martinho",2989,9605.35,25009,"Seridó Oriental Paraibano",2,"Nordeste",0,"250620",5,3,2,1,2,1,0,0,0,0,0,3,2,1,2,1,1,9.17007551389326,8.00269416228394,0.346469744866001,31
"4979","PB","Frei Martinho",2989,9605.35,25009,"Seridó Oriental Paraibano",2,"Nordeste",0,"250620",6,3,1,2,1,2,0,0,0,0,0,3,1,2,1,2,1,9.17007551389326,8.00269416228394,0.323449815063649,30
"4980","PB","Frei Martinho",2989,9605.35,25009,"Seridó Oriental Paraibano",2,"Nordeste",0,"250620",7,4,1,3,2,2,0,0,0,0,0,4,1,3,2,2,1,9.17007551389326,8.00269416228394,0.39090697583724,29
"4981","PB","Gado Bravo",8303,7665.94,25019,"Umbuzeiro",2,"Nordeste",0,"250625",2,15,4,11,3,12,0,0,0,0,0,15,4,11,3,12,2,8.94454241914233,9.02437217426203,0.314560319293712,29
"4982","PB","Gado Bravo",8303,7665.94,25019,"Umbuzeiro",2,"Nordeste",0,"250625",3,19,8,11,11,8,0,0,0,0,0,19,8,11,11,8,9,8.94454241914233,9.02437217426203,0.389518839929256,31
"4983","PB","Gado Bravo",8303,7665.94,25019,"Umbuzeiro",2,"Nordeste",0,"250625",4,8,3,5,2,6,0,0,0,0,0,8,3,5,2,6,2,8.94454241914233,9.02437217426203,0.425870365216776,30
"4984","PB","Gado Bravo",8303,7665.94,25019,"Umbuzeiro",2,"Nordeste",0,"250625",5,9,3,6,2,7,0,0,0,0,0,9,3,6,2,7,5,8.94454241914233,9.02437217426203,0.488515273190758,31
"4985","PB","Gado Bravo",8303,7665.94,25019,"Umbuzeiro",2,"Nordeste",0,"250625",6,14,6,8,8,6,0,0,0,0,0,14,6,8,8,6,6,8.94454241914233,9.02437217426203,0.438316864037699,30
"4986","PB","Gado Bravo",8303,7665.94,25019,"Umbuzeiro",2,"Nordeste",0,"250625",7,15,12,3,5,10,0,0,0,0,0,15,12,3,5,10,3,8.94454241914233,9.02437217426203,0.445990562076487,29
"4987","PB","Guarabira",59115,16588.18,25016,"Guarabira",2,"Nordeste",1,"250630",2,75,22,53,36,39,0,0,0,0,0,75,22,53,36,39,36,9.71644567252515,10.9872399782972,0.278923417145563,29
"4988","PB","Guarabira",59115,16588.18,25016,"Guarabira",2,"Nordeste",1,"250630",3,82,25,57,37,45,1,0,0,0,0,83,25,57,37,45,25,9.71644567252515,10.9872399782972,0.371006208898469,31
"4989","PB","Guarabira",59115,16588.18,25016,"Guarabira",2,"Nordeste",1,"250630",4,58,17,41,20,38,0,0,0,0,0,58,17,41,20,38,36,9.71644567252515,10.9872399782972,0.407093973970699,30
"4990","PB","Guarabira",59115,16588.18,25016,"Guarabira",2,"Nordeste",1,"250630",5,61,20,41,28,33,0,0,0,0,0,61,20,41,28,33,56,9.71644567252515,10.9872399782972,0.422550383029908,31
"4991","PB","Guarabira",59115,16588.18,25016,"Guarabira",2,"Nordeste",1,"250630",6,71,26,45,26,45,1,0,0,0,0,72,26,45,26,45,62,9.71644567252515,10.9872399782972,0.38259744320823,30
"4992","PB","Guarabira",59115,16588.18,25016,"Guarabira",2,"Nordeste",1,"250630",7,78,29,49,25,53,0,0,0,0,0,78,29,49,25,53,51,9.71644567252515,10.9872399782972,0.392099821650795,29
"4993","PB","Gurinhém",14127,9452.44,25018,"Itabaiana",2,"Nordeste",0,"250640",2,28,9,19,13,15,1,0,0,0,0,29,9,19,13,15,3,9.15402818821783,9.55584313891166,0.29208626063504,29
"4994","PB","Gurinhém",14127,9452.44,25018,"Itabaiana",2,"Nordeste",0,"250640",3,24,13,11,11,13,1,0,0,0,0,25,13,11,11,13,7,9.15402818821783,9.55584313891166,0.38823369344993,31
"4995","PB","Gurinhém",14127,9452.44,25018,"Itabaiana",2,"Nordeste",0,"250640",4,10,2,8,7,3,0,0,0,0,0,10,2,8,7,3,8,9.15402818821783,9.55584313891166,0.41333603753592,30
"4996","PB","Gurinhém",14127,9452.44,25018,"Itabaiana",2,"Nordeste",0,"250640",5,19,11,8,10,9,0,0,0,0,0,19,11,8,10,9,12,9.15402818821783,9.55584313891166,0.436628574285768,31
"4997","PB","Gurinhém",14127,9452.44,25018,"Itabaiana",2,"Nordeste",0,"250640",6,11,4,7,3,8,0,0,0,0,0,11,4,7,3,8,11,9.15402818821783,9.55584313891166,0.407276819758167,30
"4998","PB","Gurinhém",14127,9452.44,25018,"Itabaiana",2,"Nordeste",0,"250640",7,19,8,11,8,11,0,0,0,0,0,19,8,11,8,11,14,9.15402818821783,9.55584313891166,0.420728509818953,29
"4999","PB","Gurjão",3453,9296.05,25011,"Cariri Oriental",2,"Nordeste",0,"250650",2,11,4,7,5,6,0,0,0,0,0,11,4,7,5,6,3,9.13734485773471,8.14699869738999,0.296474103190312,29
"5000","PB","Gurjão",3453,9296.05,25011,"Cariri Oriental",2,"Nordeste",0,"250650",3,3,1,2,0,3,0,0,0,0,0,3,1,2,0,3,2,9.13734485773471,8.14699869738999,0.371649270923097,31
"5001","PB","Gurjão",3453,9296.05,25011,"Cariri Oriental",2,"Nordeste",0,"250650",4,6,3,3,3,3,0,0,0,0,0,6,3,3,3,3,2,9.13734485773471,8.14699869738999,0.389132464487273,30
"5002","PB","Gurjão",3453,9296.05,25011,"Cariri Oriental",2,"Nordeste",0,"250650",5,3,0,3,2,1,0,0,0,0,0,3,0,3,2,1,3,9.13734485773471,8.14699869738999,0.380334541518914,31
"5003","PB","Gurjão",3453,9296.05,25011,"Cariri Oriental",2,"Nordeste",0,"250650",6,4,2,2,2,2,0,0,0,0,0,4,2,2,2,2,4,9.13734485773471,8.14699869738999,0.3636322329127,30
"5004","PB","Gurjão",3453,9296.05,25011,"Cariri Oriental",2,"Nordeste",0,"250650",7,3,0,3,2,1,0,0,0,0,0,3,0,3,2,1,2,9.13734485773471,8.14699869738999,0.368817448183758,29
"5005","PB","Imaculada",11848,6515.62,25007,"Serra do Teixeira",2,"Nordeste",0,"250670",2,21,10,11,11,10,0,0,0,0,0,21,10,11,11,10,8,8.78195765003488,9.37991435594764,0.300240113870003,29
"5006","PB","Imaculada",11848,6515.62,25007,"Serra do Teixeira",2,"Nordeste",0,"250670",3,22,5,17,8,14,0,0,0,0,0,22,5,17,8,14,4,8.78195765003488,9.37991435594764,0.3918755693342,31
"5007","PB","Imaculada",11848,6515.62,25007,"Serra do Teixeira",2,"Nordeste",0,"250670",4,10,2,8,3,7,1,0,0,0,0,11,2,8,3,7,4,8.78195765003488,9.37991435594764,0.408444444188113,30
"5008","PB","Imaculada",11848,6515.62,25007,"Serra do Teixeira",2,"Nordeste",0,"250670",5,11,2,9,5,6,0,0,0,0,0,11,2,9,5,6,2,8.78195765003488,9.37991435594764,0.430713051300448,31
"5009","PB","Imaculada",11848,6515.62,25007,"Serra do Teixeira",2,"Nordeste",0,"250670",6,14,3,11,7,7,1,0,0,0,0,15,3,11,7,7,7,8.78195765003488,9.37991435594764,0.423324386535755,30
"5010","PB","Imaculada",11848,6515.62,25007,"Serra do Teixeira",2,"Nordeste",0,"250670",7,16,5,11,10,6,0,0,0,0,0,16,5,11,10,6,6,8.78195765003488,9.37991435594764,0.458750034368308,29
"5011","PB","Ingá",18144,9223.54,25018,"Itabaiana",2,"Nordeste",0,"250680",2,31,9,22,15,16,0,0,0,0,0,31,9,22,15,16,10,9.12951419080075,9.80609520652748,0.290048521442062,29
"5012","PB","Ingá",18144,9223.54,25018,"Itabaiana",2,"Nordeste",0,"250680",3,30,11,19,15,15,0,0,0,0,0,30,11,19,15,15,4,9.12951419080075,9.80609520652748,0.371058828922966,31
"5013","PB","Ingá",18144,9223.54,25018,"Itabaiana",2,"Nordeste",0,"250680",4,19,7,12,10,9,1,0,0,0,0,20,7,12,10,9,8,9.12951419080075,9.80609520652748,0.391177557085764,30
"5014","PB","Ingá",18144,9223.54,25018,"Itabaiana",2,"Nordeste",0,"250680",5,15,6,9,7,8,0,0,0,0,0,15,6,9,7,8,14,9.12951419080075,9.80609520652748,0.42938868368957,31
"5015","PB","Ingá",18144,9223.54,25018,"Itabaiana",2,"Nordeste",0,"250680",6,19,10,9,8,11,1,0,0,0,0,20,10,9,8,11,11,9.12951419080075,9.80609520652748,0.395912254111418,30
"5016","PB","Ingá",18144,9223.54,25018,"Itabaiana",2,"Nordeste",0,"250680",7,22,9,13,14,8,0,0,0,0,0,22,9,13,14,8,22,9.12951419080075,9.80609520652748,0.414418637129684,29
"5017","PB","Itabaiana",24419,11812.71,25018,"Itabaiana",2,"Nordeste",1,"250690",2,62,23,39,33,29,0,0,0,0,0,62,23,39,33,29,13,9.37693134942175,10.1031167967853,0.281132945000324,29
"5018","PB","Itabaiana",24419,11812.71,25018,"Itabaiana",2,"Nordeste",1,"250690",3,53,18,35,17,36,0,0,0,0,0,53,18,35,17,36,12,9.37693134942175,10.1031167967853,0.3848379033367,31
"5019","PB","Itabaiana",24419,11812.71,25018,"Itabaiana",2,"Nordeste",1,"250690",4,35,11,24,15,20,0,0,0,0,0,35,11,24,15,20,16,9.37693134942175,10.1031167967853,0.41553275980701,30
"5020","PB","Itabaiana",24419,11812.71,25018,"Itabaiana",2,"Nordeste",1,"250690",5,27,8,19,14,13,0,0,0,0,0,27,8,19,14,13,20,9.37693134942175,10.1031167967853,0.431161895175807,31
"5021","PB","Itabaiana",24419,11812.71,25018,"Itabaiana",2,"Nordeste",1,"250690",6,34,13,21,17,17,0,0,0,0,0,34,13,21,17,17,17,9.37693134942175,10.1031167967853,0.395864097157886,30
"5022","PB","Itabaiana",24419,11812.71,25018,"Itabaiana",2,"Nordeste",1,"250690",7,35,5,30,8,27,1,0,0,0,0,36,5,30,8,27,22,9.37693134942175,10.1031167967853,0.406806388937268,29
"5023","PB","Itaporanga",24828,11443.39,25006,"Itaporanga",2,"Nordeste",1,"250700",2,54,16,38,17,37,0,0,0,0,0,54,16,38,17,37,13,9.34516754970845,10.1197273275335,0.262606257476919,29
"5024","PB","Itaporanga",24828,11443.39,25006,"Itaporanga",2,"Nordeste",1,"250700",3,46,18,28,17,29,0,0,0,0,0,46,18,28,17,29,7,9.34516754970845,10.1197273275335,0.359485839571412,31
"5025","PB","Itaporanga",24828,11443.39,25006,"Itaporanga",2,"Nordeste",1,"250700",4,27,7,20,9,18,0,0,0,0,0,27,7,20,9,18,11,9.34516754970845,10.1197273275335,0.386296347465747,30
"5026","PB","Itaporanga",24828,11443.39,25006,"Itaporanga",2,"Nordeste",1,"250700",5,31,11,20,14,17,0,0,0,0,0,31,11,20,14,17,10,9.34516754970845,10.1197273275335,0.382176311339038,31
"5027","PB","Itaporanga",24828,11443.39,25006,"Itaporanga",2,"Nordeste",1,"250700",6,29,12,17,14,15,0,0,0,0,0,29,12,17,14,15,13,9.34516754970845,10.1197273275335,0.360804054376958,30
"5028","PB","Itaporanga",24828,11443.39,25006,"Itaporanga",2,"Nordeste",1,"250700",7,30,10,20,8,22,0,0,0,0,0,30,10,20,8,22,20,9.34516754970845,10.1197273275335,0.39726050818546,29
"5029","PB","Itapororoca",18823,9395.04,25020,"Litoral Norte",2,"Nordeste",0,"250710",2,39,18,21,14,25,0,0,0,0,0,39,18,21,14,25,14,9.14793716942232,9.84283480532418,0.299380109405551,29
"5030","PB","Itapororoca",18823,9395.04,25020,"Litoral Norte",2,"Nordeste",0,"250710",3,27,8,19,10,17,0,0,0,0,0,27,8,19,10,17,14,9.14793716942232,9.84283480532418,0.378035077844988,31
"5031","PB","Itapororoca",18823,9395.04,25020,"Litoral Norte",2,"Nordeste",0,"250710",4,30,22,8,13,17,0,0,0,0,0,30,22,8,13,17,5,9.14793716942232,9.84283480532418,0.408511153328697,30
"5032","PB","Itapororoca",18823,9395.04,25020,"Litoral Norte",2,"Nordeste",0,"250710",5,30,16,14,12,18,0,0,0,0,0,30,16,14,12,18,8,9.14793716942232,9.84283480532418,0.419048609829084,31
"5033","PB","Itapororoca",18823,9395.04,25020,"Litoral Norte",2,"Nordeste",0,"250710",6,22,6,16,8,14,0,0,0,0,0,22,6,16,8,14,17,9.14793716942232,9.84283480532418,0.38716018595462,30
"5034","PB","Itapororoca",18823,9395.04,25020,"Litoral Norte",2,"Nordeste",0,"250710",7,26,12,14,20,6,0,0,0,0,0,26,12,14,20,6,14,9.14793716942232,9.84283480532418,0.410562400921541,29
"5035","PB","Itatuba",11016,10326.56,25018,"Itabaiana",2,"Nordeste",0,"250720",2,25,9,16,11,14,0,0,0,0,0,25,9,16,11,14,6,9.24247449600473,9.30710404040849,0.296423416354035,29
"5036","PB","Itatuba",11016,10326.56,25018,"Itabaiana",2,"Nordeste",0,"250720",3,19,8,11,13,6,0,0,0,0,0,19,8,11,13,6,4,9.24247449600473,9.30710404040849,0.377670841797988,31
"5037","PB","Itatuba",11016,10326.56,25018,"Itabaiana",2,"Nordeste",0,"250720",4,9,5,4,4,5,0,0,0,0,0,9,5,4,4,5,5,9.24247449600473,9.30710404040849,0.385075127157367,30
"5038","PB","Itatuba",11016,10326.56,25018,"Itabaiana",2,"Nordeste",0,"250720",5,12,7,5,5,7,0,0,0,0,0,12,7,5,5,7,10,9.24247449600473,9.30710404040849,0.421529886526407,31
"5039","PB","Itatuba",11016,10326.56,25018,"Itabaiana",2,"Nordeste",0,"250720",6,16,6,10,5,11,0,0,0,0,0,16,6,10,5,11,5,9.24247449600473,9.30710404040849,0.371558889136334,30
"5040","PB","Itatuba",11016,10326.56,25018,"Itabaiana",2,"Nordeste",0,"250720",7,22,11,11,12,10,0,0,0,0,0,22,11,11,12,10,2,9.24247449600473,9.30710404040849,0.388061733515582,29
"5041","PB","Jacaraú",14450,8821.68,25020,"Litoral Norte",2,"Nordeste",0,"250730",2,34,9,25,14,20,1,0,0,0,0,35,9,25,14,20,6,9.08496760705303,9.57844969354058,0.26983023919313,29
"5042","PB","Jacaraú",14450,8821.68,25020,"Litoral Norte",2,"Nordeste",0,"250730",3,22,12,10,9,13,1,0,0,0,0,23,12,10,9,13,5,9.08496760705303,9.57844969354058,0.333908470337488,31
"5043","PB","Jacaraú",14450,8821.68,25020,"Litoral Norte",2,"Nordeste",0,"250730",4,15,7,8,2,13,0,0,0,0,0,15,7,8,2,13,8,9.08496760705303,9.57844969354058,0.369454409715689,30
"5044","PB","Jacaraú",14450,8821.68,25020,"Litoral Norte",2,"Nordeste",0,"250730",5,24,9,15,9,15,0,0,0,0,0,24,9,15,9,15,13,9.08496760705303,9.57844969354058,0.401153613553731,31
"5045","PB","Jacaraú",14450,8821.68,25020,"Litoral Norte",2,"Nordeste",0,"250730",6,22,7,15,11,11,0,0,0,0,0,22,7,15,11,11,13,9.08496760705303,9.57844969354058,0.385218396286938,30
"5046","PB","Jacaraú",14450,8821.68,25020,"Litoral Norte",2,"Nordeste",0,"250730",7,28,17,11,15,13,0,0,0,0,0,28,17,11,15,13,15,9.08496760705303,9.57844969354058,0.397182435907289,29
"5047","PB","Jericó",7745,8388.3,25001,"Catolé do Rocha",2,"Nordeste",0,"250740",2,11,5,6,4,7,0,0,0,0,0,11,5,6,4,7,8,9.03459315676136,8.95480275285097,0.280414277450126,29
"5048","PB","Jericó",7745,8388.3,25001,"Catolé do Rocha",2,"Nordeste",0,"250740",3,13,7,6,6,7,0,0,0,0,0,13,7,6,6,7,8,9.03459315676136,8.95480275285097,0.353658535033427,31
"5049","PB","Jericó",7745,8388.3,25001,"Catolé do Rocha",2,"Nordeste",0,"250740",4,5,1,4,2,3,0,0,0,0,0,5,1,4,2,3,2,9.03459315676136,8.95480275285097,0.403041928721844,30
"5050","PB","Jericó",7745,8388.3,25001,"Catolé do Rocha",2,"Nordeste",0,"250740",5,8,4,4,2,6,1,0,0,0,0,9,4,4,2,6,8,9.03459315676136,8.95480275285097,0.434495976139556,31
"5051","PB","Jericó",7745,8388.3,25001,"Catolé do Rocha",2,"Nordeste",0,"250740",6,6,4,2,2,4,0,0,0,0,0,6,4,2,2,4,7,9.03459315676136,8.95480275285097,0.380789277908831,30
"5052","PB","Jericó",7745,8388.3,25001,"Catolé do Rocha",2,"Nordeste",0,"250740",7,3,0,3,1,2,0,0,0,0,0,3,0,3,1,2,2,9.03459315676136,8.95480275285097,0.396717941143502,29
"5053","PB","João Pessoa",817511,25035.8,25022,"João Pessoa",2,"Nordeste",1,"250750",2,1647,348,1299,507,1140,7,0,0,0,0,1654,348,1299,507,1140,404,10.1280620795161,13.6140196373205,0.282309374362534,29
"5054","PB","João Pessoa",817511,25035.8,25022,"João Pessoa",2,"Nordeste",1,"250750",3,1501,341,1160,536,965,9,0,0,0,0,1510,341,1160,536,965,442,10.1280620795161,13.6140196373205,0.402306584081453,31
"5055","PB","João Pessoa",817511,25035.8,25022,"João Pessoa",2,"Nordeste",1,"250750",4,875,211,664,325,550,10,0,0,0,0,885,211,664,325,550,497,10.1280620795161,13.6140196373205,0.482392577028178,30
"5056","PB","João Pessoa",817511,25035.8,25022,"João Pessoa",2,"Nordeste",1,"250750",5,905,226,679,314,591,9,0,0,0,0,914,226,679,314,591,781,10.1280620795161,13.6140196373205,0.469558791616448,31
"5057","PB","João Pessoa",817511,25035.8,25022,"João Pessoa",2,"Nordeste",1,"250750",6,958,233,725,325,633,6,0,0,0,0,964,233,725,325,633,704,10.1280620795161,13.6140196373205,0.429435264313227,30
"5058","PB","João Pessoa",817511,25035.8,25022,"João Pessoa",2,"Nordeste",1,"250750",7,967,200,767,327,640,7,0,0,0,0,974,200,767,327,640,599,10.1280620795161,13.6140196373205,0.412674602104213,29
"5059","PB","Juarez Távora",7976,7980.86,25018,"Itabaiana",2,"Nordeste",0,"250760",2,15,7,8,5,10,0,0,0,0,0,15,7,8,5,10,0,8.98480145406071,8.98419231164167,0.299358328226392,29
"5060","PB","Juarez Távora",7976,7980.86,25018,"Itabaiana",2,"Nordeste",0,"250760",3,16,9,7,8,8,0,0,0,0,0,16,9,7,8,8,4,8.98480145406071,8.98419231164167,0.381434518548012,31
"5061","PB","Juarez Távora",7976,7980.86,25018,"Itabaiana",2,"Nordeste",0,"250760",4,12,5,7,2,10,0,0,0,0,0,12,5,7,2,10,7,8.98480145406071,8.98419231164167,0.423951340216896,30
"5062","PB","Juarez Távora",7976,7980.86,25018,"Itabaiana",2,"Nordeste",0,"250760",5,16,6,10,12,4,0,0,0,0,0,16,6,10,12,4,5,8.98480145406071,8.98419231164167,0.441619566629865,31
"5063","PB","Juarez Távora",7976,7980.86,25018,"Itabaiana",2,"Nordeste",0,"250760",6,20,10,10,9,11,1,0,0,0,0,21,10,10,9,11,1,8.98480145406071,8.98419231164167,0.423966765360951,30
"5064","PB","Juarez Távora",7976,7980.86,25018,"Itabaiana",2,"Nordeste",0,"250760",7,15,9,6,4,11,0,0,0,0,0,15,9,6,4,11,7,8.98480145406071,8.98419231164167,0.441198276378596,29
"5065","PB","Juazeirinho",18298,9723.05,25009,"Seridó Oriental Paraibano",2,"Nordeste",0,"250770",2,37,11,26,17,20,0,0,0,0,0,37,11,26,17,20,4,9.18225463424218,9.81454704323948,0.28120529580999,29
"5066","PB","Juazeirinho",18298,9723.05,25009,"Seridó Oriental Paraibano",2,"Nordeste",0,"250770",3,33,18,15,16,17,0,0,0,0,0,33,18,15,16,17,9,9.18225463424218,9.81454704323948,0.381844694999035,31
"5067","PB","Juazeirinho",18298,9723.05,25009,"Seridó Oriental Paraibano",2,"Nordeste",0,"250770",4,42,22,20,16,26,0,0,0,0,0,42,22,20,16,26,14,9.18225463424218,9.81454704323948,0.411577652465477,30
"5068","PB","Juazeirinho",18298,9723.05,25009,"Seridó Oriental Paraibano",2,"Nordeste",0,"250770",5,21,13,8,11,10,2,0,0,0,0,23,13,8,11,10,6,9.18225463424218,9.81454704323948,0.461806117051829,31
"5069","PB","Juazeirinho",18298,9723.05,25009,"Seridó Oriental Paraibano",2,"Nordeste",0,"250770",6,26,15,11,8,18,0,0,0,0,0,26,15,11,8,18,6,9.18225463424218,9.81454704323948,0.399822173397978,30
"5070","PB","Juazeirinho",18298,9723.05,25009,"Seridó Oriental Paraibano",2,"Nordeste",0,"250770",7,28,16,12,14,14,0,0,0,0,0,28,16,12,14,14,11,9.18225463424218,9.81454704323948,0.412264701923477,29
"5071","PB","Junco do Seridó",7195,9913.62,25008,"Seridó Ocidental Paraibano",2,"Nordeste",0,"250780",2,18,6,12,9,9,0,0,0,0,0,18,6,12,9,9,2,9.20166484821106,8.88114161932147,0.332050941306572,29
"5072","PB","Junco do Seridó",7195,9913.62,25008,"Seridó Ocidental Paraibano",2,"Nordeste",0,"250780",3,15,5,10,5,10,0,0,0,0,0,15,5,10,5,10,5,9.20166484821106,8.88114161932147,0.409328268519938,31
"5073","PB","Junco do Seridó",7195,9913.62,25008,"Seridó Ocidental Paraibano",2,"Nordeste",0,"250780",4,9,3,6,2,7,0,0,0,0,0,9,3,6,2,7,2,9.20166484821106,8.88114161932147,0.490464051251015,30
"5074","PB","Junco do Seridó",7195,9913.62,25008,"Seridó Ocidental Paraibano",2,"Nordeste",0,"250780",5,9,3,6,3,6,0,0,0,0,0,9,3,6,3,6,2,9.20166484821106,8.88114161932147,0.477190759765365,31
"5075","PB","Junco do Seridó",7195,9913.62,25008,"Seridó Ocidental Paraibano",2,"Nordeste",0,"250780",6,4,1,3,2,2,0,0,0,0,0,4,1,3,2,2,4,9.20166484821106,8.88114161932147,0.431163563363948,30
"5076","PB","Junco do Seridó",7195,9913.62,25008,"Seridó Ocidental Paraibano",2,"Nordeste",0,"250780",7,6,3,3,4,2,0,0,0,0,0,6,3,3,4,2,2,9.20166484821106,8.88114161932147,0.451832151590207,29
"5077","PB","Juripiranga",10793,9178.66,25021,"Sapé",2,"Nordeste",1,"250790",2,23,18,5,11,12,1,0,0,0,0,24,18,5,11,12,6,9.12463650346104,9.28665305482535,0.285412919267417,29
"5078","PB","Juripiranga",10793,9178.66,25021,"Sapé",2,"Nordeste",1,"250790",3,24,9,15,14,10,0,0,0,0,0,24,9,15,14,10,3,9.12463650346104,9.28665305482535,0.363929316041539,31
"5079","PB","Juripiranga",10793,9178.66,25021,"Sapé",2,"Nordeste",1,"250790",4,15,5,10,8,7,0,0,0,0,0,15,5,10,8,7,2,9.12463650346104,9.28665305482535,0.399898503819324,30
"5080","PB","Juripiranga",10793,9178.66,25021,"Sapé",2,"Nordeste",1,"250790",5,18,5,13,10,8,0,0,0,0,0,18,5,13,10,8,12,9.12463650346104,9.28665305482535,0.440283992446835,31
"5081","PB","Juripiranga",10793,9178.66,25021,"Sapé",2,"Nordeste",1,"250790",6,13,4,9,5,8,0,0,0,0,0,13,4,9,5,8,7,9.12463650346104,9.28665305482535,0.417432777862911,30
"5082","PB","Juripiranga",10793,9178.66,25021,"Sapé",2,"Nordeste",1,"250790",7,18,6,12,9,9,1,0,0,0,0,19,6,12,9,9,6,9.12463650346104,9.28665305482535,0.393658559464812,29
"5083","PB","Juru",9849,7466.04,25007,"Serra do Teixeira",2,"Nordeste",0,"250800",2,9,3,6,4,5,0,0,0,0,0,9,3,6,4,5,5,8.91812001708139,9.1951252061697,0.326176657749603,29
"5084","PB","Juru",9849,7466.04,25007,"Serra do Teixeira",2,"Nordeste",0,"250800",3,14,4,10,4,10,0,0,0,0,0,14,4,10,4,10,5,8.91812001708139,9.1951252061697,0.423469323336771,31
"5085","PB","Juru",9849,7466.04,25007,"Serra do Teixeira",2,"Nordeste",0,"250800",4,9,2,7,4,5,0,0,0,0,0,9,2,7,4,5,6,8.91812001708139,9.1951252061697,0.437286343509759,30
"5086","PB","Juru",9849,7466.04,25007,"Serra do Teixeira",2,"Nordeste",0,"250800",5,11,7,4,5,6,0,0,0,0,0,11,7,4,5,6,3,8.91812001708139,9.1951252061697,0.462980252913084,31
"5087","PB","Juru",9849,7466.04,25007,"Serra do Teixeira",2,"Nordeste",0,"250800",6,14,7,7,7,7,0,0,0,0,0,14,7,7,7,7,7,8.91812001708139,9.1951252061697,0.407393478431762,30
"5088","PB","Juru",9849,7466.04,25007,"Serra do Teixeira",2,"Nordeste",0,"250800",7,9,7,2,5,4,0,0,0,0,0,9,7,2,5,4,5,8.91812001708139,9.1951252061697,0.454208019647355,29
"5089","PB","Lagoa de Dentro",7737,9565.45,25016,"Guarabira",2,"Nordeste",0,"250820",2,13,8,5,4,9,0,0,0,0,0,13,8,5,4,9,4,9.16591292729148,8.95376929454945,0.304499226759866,29
"5090","PB","Lagoa de Dentro",7737,9565.45,25016,"Guarabira",2,"Nordeste",0,"250820",3,12,7,5,5,7,0,0,0,0,0,12,7,5,5,7,5,9.16591292729148,8.95376929454945,0.405400576491658,31
"5091","PB","Lagoa de Dentro",7737,9565.45,25016,"Guarabira",2,"Nordeste",0,"250820",4,19,9,10,7,12,0,0,0,0,0,19,9,10,7,12,5,9.16591292729148,8.95376929454945,0.42357309158885,30
"5092","PB","Lagoa de Dentro",7737,9565.45,25016,"Guarabira",2,"Nordeste",0,"250820",5,8,3,5,2,6,1,0,0,0,0,9,3,5,2,6,7,9.16591292729148,8.95376929454945,0.441281618761763,31
"5093","PB","Lagoa de Dentro",7737,9565.45,25016,"Guarabira",2,"Nordeste",0,"250820",6,9,4,5,6,3,0,0,0,0,0,9,4,5,6,3,3,9.16591292729148,8.95376929454945,0.381121900188796,30
"5094","PB","Lagoa de Dentro",7737,9565.45,25016,"Guarabira",2,"Nordeste",0,"250820",7,11,4,7,4,7,0,0,0,0,0,11,4,7,4,7,3,9.16591292729148,8.95376929454945,0.398852186321662,29
"5095","PB","Lagoa Seca",27617,10012.27,25017,"Campina Grande",2,"Nordeste",1,"250830",2,59,25,34,24,35,0,0,0,0,0,59,25,34,24,35,12,9.21156661982688,10.2261868041198,0.285685057689942,29
"5096","PB","Lagoa Seca",27617,10012.27,25017,"Campina Grande",2,"Nordeste",1,"250830",3,52,17,35,15,37,0,0,0,0,0,52,17,35,15,37,11,9.21156661982688,10.2261868041198,0.387568312791402,31
"5097","PB","Lagoa Seca",27617,10012.27,25017,"Campina Grande",2,"Nordeste",1,"250830",4,32,15,17,22,10,0,0,0,0,0,32,15,17,22,10,12,9.21156661982688,10.2261868041198,0.430713955349558,30
"5098","PB","Lagoa Seca",27617,10012.27,25017,"Campina Grande",2,"Nordeste",1,"250830",5,41,12,29,13,28,0,0,0,0,0,41,12,29,13,28,19,9.21156661982688,10.2261868041198,0.441067021434412,31
"5099","PB","Lagoa Seca",27617,10012.27,25017,"Campina Grande",2,"Nordeste",1,"250830",6,36,8,28,15,21,0,0,0,0,0,36,8,28,15,21,14,9.21156661982688,10.2261868041198,0.418320352805918,30
"5100","PB","Lagoa Seca",27617,10012.27,25017,"Campina Grande",2,"Nordeste",1,"250830",7,34,13,21,13,21,2,0,0,0,0,36,13,21,13,21,27,9.21156661982688,10.2261868041198,0.393559104168653,29
"5101","PB","Livramento",7265,7751.67,25010,"Cariri Ocidental",2,"Nordeste",0,"250850",2,14,8,6,9,5,0,0,0,0,0,14,8,6,9,5,2,8.95566358300505,8.89082357600438,0.278607405625151,29
"5102","PB","Livramento",7265,7751.67,25010,"Cariri Ocidental",2,"Nordeste",0,"250850",3,11,6,5,6,5,0,0,0,0,0,11,6,5,6,5,6,8.95566358300505,8.89082357600438,0.389877301474761,31
"5103","PB","Livramento",7265,7751.67,25010,"Cariri Ocidental",2,"Nordeste",0,"250850",4,5,1,4,4,1,0,0,0,0,0,5,1,4,4,1,6,8.95566358300505,8.89082357600438,0.388402390579202,30
"5104","PB","Livramento",7265,7751.67,25010,"Cariri Ocidental",2,"Nordeste",0,"250850",5,7,2,5,2,5,0,0,0,0,0,7,2,5,2,5,3,8.95566358300505,8.89082357600438,0.386013140429203,31
"5105","PB","Livramento",7265,7751.67,25010,"Cariri Ocidental",2,"Nordeste",0,"250850",6,2,1,1,2,0,0,0,0,0,0,2,1,1,2,0,4,8.95566358300505,8.89082357600438,0.372716178508811,30
"5106","PB","Livramento",7265,7751.67,25010,"Cariri Ocidental",2,"Nordeste",0,"250850",7,5,2,3,3,2,0,0,0,0,0,5,2,3,3,2,4,8.95566358300505,8.89082357600438,0.419927309346171,29
"5107","PB","Logradouro",4369,9395.86,25016,"Guarabira",2,"Nordeste",0,"250855",2,4,0,4,4,0,1,0,0,0,0,5,0,4,4,0,4,9.14802444571037,8.38228942895144,0.26137450739605,29
"5108","PB","Logradouro",4369,9395.86,25016,"Guarabira",2,"Nordeste",0,"250855",3,3,2,1,1,2,0,0,0,0,0,3,2,1,1,2,1,9.14802444571037,8.38228942895144,0.349173788543608,31
"5109","PB","Logradouro",4369,9395.86,25016,"Guarabira",2,"Nordeste",0,"250855",4,0,0,0,0,0,0,0,0,0,0,0,0,0,0,0,3,9.14802444571037,8.38228942895144,0.409292074274084,30
"5110","PB","Logradouro",4369,9395.86,25016,"Guarabira",2,"Nordeste",0,"250855",5,6,4,2,2,4,0,0,0,0,0,6,4,2,2,4,2,9.14802444571037,8.38228942895144,0.418818604426564,31
"5111","PB","Logradouro",4369,9395.86,25016,"Guarabira",2,"Nordeste",0,"250855",6,1,0,1,1,0,0,0,0,0,0,1,0,1,1,0,6,9.14802444571037,8.38228942895144,0.379156189172631,30
"5112","PB","Logradouro",4369,9395.86,25016,"Guarabira",2,"Nordeste",0,"250855",7,1,0,1,0,1,0,0,0,0,0,1,0,1,0,1,2,9.14802444571037,8.38228942895144,0.401121640604966,29
"5113","PB","Lucena",13214,14983.82,25022,"João Pessoa",2,"Nordeste",1,"250860",2,37,18,19,24,13,0,0,0,0,0,37,18,19,24,13,5,9.6147262312381,9.48903215258983,0.30601179719553,29
"5114","PB","Lucena",13214,14983.82,25022,"João Pessoa",2,"Nordeste",1,"250860",3,22,4,18,6,16,0,0,0,0,0,22,4,18,6,16,6,9.6147262312381,9.48903215258983,0.394702811389099,31
"5115","PB","Lucena",13214,14983.82,25022,"João Pessoa",2,"Nordeste",1,"250860",4,14,6,8,5,9,0,0,0,0,0,14,6,8,5,9,4,9.6147262312381,9.48903215258983,0.437058579750732,30
"5116","PB","Lucena",13214,14983.82,25022,"João Pessoa",2,"Nordeste",1,"250860",5,16,7,9,5,11,0,0,0,0,0,16,7,9,5,11,8,9.6147262312381,9.48903215258983,0.451560269651678,31
"5117","PB","Lucena",13214,14983.82,25022,"João Pessoa",2,"Nordeste",1,"250860",6,17,9,8,11,6,0,0,0,0,0,17,9,8,11,6,2,9.6147262312381,9.48903215258983,0.413391387841074,30
"5118","PB","Lucena",13214,14983.82,25022,"João Pessoa",2,"Nordeste",1,"250860",7,24,11,13,14,10,0,0,0,0,0,24,11,13,14,10,10,9.6147262312381,9.48903215258983,0.410443851393329,29
"5119","PB","Malta",5752,9473.64,25003,"Sousa",2,"Nordeste",0,"250880",2,13,3,10,7,6,0,0,0,0,0,13,3,10,7,6,4,9.15626848402835,8.65730289940088,0.311149422527411,29
"5120","PB","Malta",5752,9473.64,25003,"Sousa",2,"Nordeste",0,"250880",3,8,4,4,4,4,0,0,0,0,0,8,4,4,4,4,3,9.15626848402835,8.65730289940088,0.409790588048549,31
"5121","PB","Malta",5752,9473.64,25003,"Sousa",2,"Nordeste",0,"250880",4,10,3,7,6,4,0,0,0,0,0,10,3,7,6,4,6,9.15626848402835,8.65730289940088,0.428591357357221,30
"5122","PB","Malta",5752,9473.64,25003,"Sousa",2,"Nordeste",0,"250880",5,9,3,6,2,7,0,0,0,0,0,9,3,6,2,7,6,9.15626848402835,8.65730289940088,0.474168117623186,31
"5123","PB","Malta",5752,9473.64,25003,"Sousa",2,"Nordeste",0,"250880",6,11,5,6,3,8,0,0,0,0,0,11,5,6,3,8,5,9.15626848402835,8.65730289940088,0.384174762281651,30
"5124","PB","Malta",5752,9473.64,25003,"Sousa",2,"Nordeste",0,"250880",7,7,2,5,5,2,0,0,0,0,0,7,2,5,5,2,2,9.15626848402835,8.65730289940088,0.394147755280931,29
"5125","PB","Mamanguape",45136,14387.47,25020,"Litoral Norte",2,"Nordeste",1,"250890",2,124,55,69,55,69,0,0,0,0,0,124,55,69,55,69,40,9.57411296788461,10.7174354332418,0.275108200318265,29
"5126","PB","Mamanguape",45136,14387.47,25020,"Litoral Norte",2,"Nordeste",1,"250890",3,91,41,50,41,50,0,0,0,0,0,91,41,50,41,50,31,9.57411296788461,10.7174354332418,0.363813841213521,31
"5127","PB","Mamanguape",45136,14387.47,25020,"Litoral Norte",2,"Nordeste",1,"250890",4,74,34,40,32,42,0,0,0,0,0,74,34,40,32,42,16,9.57411296788461,10.7174354332418,0.400313992234922,30
"5128","PB","Mamanguape",45136,14387.47,25020,"Litoral Norte",2,"Nordeste",1,"250890",5,73,35,38,42,31,1,0,0,0,0,74,35,38,42,31,35,9.57411296788461,10.7174354332418,0.414555071089559,31
"5129","PB","Mamanguape",45136,14387.47,25020,"Litoral Norte",2,"Nordeste",1,"250890",6,72,30,42,30,42,1,0,0,0,0,73,30,42,30,42,51,9.57411296788461,10.7174354332418,0.394663869265717,30
"5130","PB","Mamanguape",45136,14387.47,25020,"Litoral Norte",2,"Nordeste",1,"250890",7,72,32,40,30,42,0,0,0,0,0,72,32,40,30,42,38,9.57411296788461,10.7174354332418,0.40578709039421,29
"5131","PB","Manaíra",10972,6869.18,25007,"Serra do Teixeira",2,"Nordeste",0,"250900",2,26,7,19,10,16,0,0,0,0,0,26,7,19,10,16,4,8.83480001855827,9.30310185205749,0.30539855639897,29
"5132","PB","Manaíra",10972,6869.18,25007,"Serra do Teixeira",2,"Nordeste",0,"250900",3,18,9,9,7,11,1,0,0,0,0,19,9,9,7,11,4,8.83480001855827,9.30310185205749,0.371203798441265,31
"5133","PB","Manaíra",10972,6869.18,25007,"Serra do Teixeira",2,"Nordeste",0,"250900",4,16,6,10,8,8,0,0,0,0,0,16,6,10,8,8,7,8.83480001855827,9.30310185205749,0.412015695404603,30
"5134","PB","Manaíra",10972,6869.18,25007,"Serra do Teixeira",2,"Nordeste",0,"250900",5,12,3,9,3,9,0,0,0,0,0,12,3,9,3,9,5,8.83480001855827,9.30310185205749,0.441241458803551,31
"5135","PB","Manaíra",10972,6869.18,25007,"Serra do Teixeira",2,"Nordeste",0,"250900",6,11,5,6,5,6,0,0,0,0,0,11,5,6,5,6,6,8.83480001855827,9.30310185205749,0.419205601798076,30
"5136","PB","Manaíra",10972,6869.18,25007,"Serra do Teixeira",2,"Nordeste",0,"250900",7,22,7,15,6,16,0,0,0,0,0,22,7,15,6,16,3,8.83480001855827,9.30310185205749,0.450344292303951,29
"5137","PB","Marcação",8653,9068.88,25020,"Litoral Norte",2,"Nordeste",0,"250905",2,24,8,16,12,12,0,0,0,0,0,24,8,16,12,12,3,9.11260405147117,9.06566136060674,0.332332897633126,29
"5138","PB","Marcação",8653,9068.88,25020,"Litoral Norte",2,"Nordeste",0,"250905",3,24,12,12,9,15,0,0,0,0,0,24,12,12,9,15,5,9.11260405147117,9.06566136060674,0.425509420324395,31
"5139","PB","Marcação",8653,9068.88,25020,"Litoral Norte",2,"Nordeste",0,"250905",4,14,8,6,6,8,0,0,0,0,0,14,8,6,6,8,4,9.11260405147117,9.06566136060674,0.454560580047273,30
"5140","PB","Marcação",8653,9068.88,25020,"Litoral Norte",2,"Nordeste",0,"250905",5,20,15,5,15,5,0,0,0,0,0,20,15,5,15,5,5,9.11260405147117,9.06566136060674,0.454116568383457,31
"5141","PB","Marcação",8653,9068.88,25020,"Litoral Norte",2,"Nordeste",0,"250905",6,9,5,4,4,5,0,0,0,0,0,9,5,4,4,5,2,9.11260405147117,9.06566136060674,0.434402199506294,30
"5142","PB","Marcação",8653,9068.88,25020,"Litoral Norte",2,"Nordeste",0,"250905",7,11,5,6,3,8,0,0,0,0,0,11,5,6,3,8,12,9.11260405147117,9.06566136060674,0.473205785400136,29
"5143","PB","Mari",21866,9279.95,25021,"Sapé",2,"Nordeste",1,"250910",2,38,19,19,14,24,0,0,0,0,0,38,19,19,14,24,10,9.1356114378347,9.99268819799443,0.287203798201007,29
"5144","PB","Mari",21866,9279.95,25021,"Sapé",2,"Nordeste",1,"250910",3,25,8,17,12,13,0,0,0,0,0,25,8,17,12,13,11,9.1356114378347,9.99268819799443,0.359384045343609,31
"5145","PB","Mari",21866,9279.95,25021,"Sapé",2,"Nordeste",1,"250910",4,26,10,16,14,12,0,0,0,0,0,26,10,16,14,12,12,9.1356114378347,9.99268819799443,0.393152247728362,30
"5146","PB","Mari",21866,9279.95,25021,"Sapé",2,"Nordeste",1,"250910",5,18,11,7,12,6,0,0,0,0,0,18,11,7,12,6,23,9.1356114378347,9.99268819799443,0.398480613552345,31
"5147","PB","Mari",21866,9279.95,25021,"Sapé",2,"Nordeste",1,"250910",6,22,10,12,12,10,0,0,0,0,0,22,10,12,12,10,12,9.1356114378347,9.99268819799443,0.373391019998811,30
"5148","PB","Mari",21866,9279.95,25021,"Sapé",2,"Nordeste",1,"250910",7,23,7,16,8,15,0,0,0,0,0,23,7,16,8,15,17,9.1356114378347,9.99268819799443,0.402743236847962,29
"5149","PB","Marizópolis",6654,9573.54,25003,"Sousa",2,"Nordeste",0,"250915",2,8,2,6,1,7,0,0,0,0,0,8,2,6,1,7,3,9.16675832200477,8.80297345657842,0.306496923913697,29
"5150","PB","Marizópolis",6654,9573.54,25003,"Sousa",2,"Nordeste",0,"250915",3,12,2,10,7,5,0,0,0,0,0,12,2,10,7,5,4,9.16675832200477,8.80297345657842,0.423044984844084,31
"5151","PB","Marizópolis",6654,9573.54,25003,"Sousa",2,"Nordeste",0,"250915",4,6,0,6,2,4,0,0,0,0,0,6,0,6,2,4,3,9.16675832200477,8.80297345657842,0.434797211409022,30
"5152","PB","Marizópolis",6654,9573.54,25003,"Sousa",2,"Nordeste",0,"250915",5,9,3,6,3,6,0,0,0,0,0,9,3,6,3,6,6,9.16675832200477,8.80297345657842,0.435461749368129,31
"5153","PB","Marizópolis",6654,9573.54,25003,"Sousa",2,"Nordeste",0,"250915",6,7,1,6,1,6,0,0,0,0,0,7,1,6,1,6,3,9.16675832200477,8.80297345657842,0.385057418304097,30
"5154","PB","Marizópolis",6654,9573.54,25003,"Sousa",2,"Nordeste",0,"250915",7,7,3,4,4,3,0,0,0,0,0,7,3,4,4,3,3,9.16675832200477,8.80297345657842,0.40137666552163,29
"5155","PB","Massaranduba",13998,7868.74,25017,"Campina Grande",2,"Nordeste",1,"250920",2,31,16,15,13,18,0,0,0,0,0,31,16,15,13,18,10,8.97065322694197,9.54666974124948,0.28817162078217,29
"5156","PB","Massaranduba",13998,7868.74,25017,"Campina Grande",2,"Nordeste",1,"250920",3,25,8,17,11,14,0,0,0,0,0,25,8,17,11,14,5,8.97065322694197,9.54666974124948,0.366676707726134,31
"5157","PB","Massaranduba",13998,7868.74,25017,"Campina Grande",2,"Nordeste",1,"250920",4,15,6,9,4,11,0,0,0,0,0,15,6,9,4,11,8,8.97065322694197,9.54666974124948,0.386454964214658,30
"5158","PB","Massaranduba",13998,7868.74,25017,"Campina Grande",2,"Nordeste",1,"250920",5,11,6,5,7,4,0,0,0,0,0,11,6,5,7,4,6,8.97065322694197,9.54666974124948,0.420394535443433,31
"5159","PB","Massaranduba",13998,7868.74,25017,"Campina Grande",2,"Nordeste",1,"250920",6,15,8,7,6,9,0,0,0,0,0,15,8,7,6,9,10,8.97065322694197,9.54666974124948,0.387300785478655,30
"5160","PB","Massaranduba",13998,7868.74,25017,"Campina Grande",2,"Nordeste",1,"250920",7,11,4,7,7,4,0,0,0,0,0,11,4,7,7,4,10,8.97065322694197,9.54666974124948,0.390671187640685,29
"5161","PB","Mataraca",8539,27477.56,25020,"Litoral Norte",2,"Nordeste",0,"250930",2,22,11,11,15,7,0,0,0,0,0,22,11,11,15,7,5,10.2211249505454,9.05239918390761,0.263533030914284,29
"5162","PB","Mataraca",8539,27477.56,25020,"Litoral Norte",2,"Nordeste",0,"250930",3,20,10,10,11,9,0,0,0,0,0,20,10,10,11,9,1,10.2211249505454,9.05239918390761,0.354860617438024,31
"5163","PB","Mataraca",8539,27477.56,25020,"Litoral Norte",2,"Nordeste",0,"250930",4,18,7,11,10,8,0,0,0,0,0,18,7,11,10,8,2,10.2211249505454,9.05239918390761,0.357493340891234,30
"5164","PB","Mataraca",8539,27477.56,25020,"Litoral Norte",2,"Nordeste",0,"250930",5,12,6,6,5,7,0,0,0,0,0,12,6,6,5,7,5,10.2211249505454,9.05239918390761,0.394146386087733,31
"5165","PB","Mataraca",8539,27477.56,25020,"Litoral Norte",2,"Nordeste",0,"250930",6,18,10,8,8,10,0,0,0,0,0,18,10,8,8,10,11,10.2211249505454,9.05239918390761,0.366555496338434,30
"5166","PB","Mataraca",8539,27477.56,25020,"Litoral Norte",2,"Nordeste",0,"250930",7,15,8,7,7,8,0,0,0,0,0,15,8,7,7,8,5,10.2211249505454,9.05239918390761,0.404881287551437,29
"5167","PB","Maturéia",6630,7928.77,25007,"Serra do Teixeira",2,"Nordeste",0,"250939",2,20,5,15,8,12,1,0,0,0,0,21,5,15,8,12,5,8.97825319541064,8.79936008317991,0.312357677618061,29
"5168","PB","Maturéia",6630,7928.77,25007,"Serra do Teixeira",2,"Nordeste",0,"250939",3,19,7,12,11,8,0,0,0,0,0,19,7,12,11,8,5,8.97825319541064,8.79936008317991,0.375020267019594,31
"5169","PB","Maturéia",6630,7928.77,25007,"Serra do Teixeira",2,"Nordeste",0,"250939",4,13,3,10,9,4,0,0,0,0,0,13,3,10,9,4,1,8.97825319541064,8.79936008317991,0.381262365385037,30
"5170","PB","Maturéia",6630,7928.77,25007,"Serra do Teixeira",2,"Nordeste",0,"250939",5,11,4,7,6,5,0,0,0,0,0,11,4,7,6,5,2,8.97825319541064,8.79936008317991,0.421897106381631,31
"5171","PB","Maturéia",6630,7928.77,25007,"Serra do Teixeira",2,"Nordeste",0,"250939",6,10,6,4,6,4,0,0,0,0,0,10,6,4,6,4,5,8.97825319541064,8.79936008317991,0.373336432969366,30
"5172","PB","Maturéia",6630,7928.77,25007,"Serra do Teixeira",2,"Nordeste",0,"250939",7,15,8,7,5,10,0,0,0,0,0,15,8,7,5,10,4,8.97825319541064,8.79936008317991,0.396124696288024,29
"5173","PB","Mogeiro",13261,9666.8,25018,"Itabaiana",2,"Nordeste",0,"250940",2,33,9,24,12,21,1,0,0,0,0,34,9,24,12,21,9,9.17645261330883,9.4925826756776,0.301634841510927,29
"5174","PB","Mogeiro",13261,9666.8,25018,"Itabaiana",2,"Nordeste",0,"250940",3,25,9,16,8,17,0,0,0,0,0,25,9,16,8,17,7,9.17645261330883,9.4925826756776,0.401654974633216,31
"5175","PB","Mogeiro",13261,9666.8,25018,"Itabaiana",2,"Nordeste",0,"250940",4,19,7,12,6,13,0,0,0,0,0,19,7,12,6,13,8,9.17645261330883,9.4925826756776,0.415173535774398,30
"5176","PB","Mogeiro",13261,9666.8,25018,"Itabaiana",2,"Nordeste",0,"250940",5,22,8,14,13,9,0,0,0,0,0,22,8,14,13,9,12,9.17645261330883,9.4925826756776,0.438786005490987,31
"5177","PB","Mogeiro",13261,9666.8,25018,"Itabaiana",2,"Nordeste",0,"250940",6,15,3,12,6,9,0,0,0,0,0,15,3,12,6,9,6,9.17645261330883,9.4925826756776,0.386356790199569,30
"5178","PB","Mogeiro",13261,9666.8,25018,"Itabaiana",2,"Nordeste",0,"250940",7,16,4,12,8,8,0,0,0,0,0,16,4,12,8,8,7,9.17645261330883,9.4925826756776,0.423489279906902,29
"5179","PB","Montadas",5738,8383.09,25014,"Esperança",2,"Nordeste",0,"250950",2,11,5,6,4,7,0,0,0,0,0,11,5,6,4,7,4,9.03397186059359,8.65486599654131,0.291323712992634,29
"5180","PB","Montadas",5738,8383.09,25014,"Esperança",2,"Nordeste",0,"250950",3,20,7,13,8,12,1,0,0,0,0,21,7,13,8,12,1,9.03397186059359,8.65486599654131,0.388189334961454,31
"5181","PB","Montadas",5738,8383.09,25014,"Esperança",2,"Nordeste",0,"250950",4,11,5,6,5,6,0,0,0,0,0,11,5,6,5,6,3,9.03397186059359,8.65486599654131,0.428824349177371,30
"5182","PB","Montadas",5738,8383.09,25014,"Esperança",2,"Nordeste",0,"250950",5,8,1,7,2,6,0,0,0,0,0,8,1,7,2,6,7,9.03397186059359,8.65486599654131,0.431836768829898,31
"5183","PB","Montadas",5738,8383.09,25014,"Esperança",2,"Nordeste",0,"250950",6,14,5,9,4,10,0,0,0,0,0,14,5,9,4,10,4,9.03397186059359,8.65486599654131,0.416462799724837,30
"5184","PB","Montadas",5738,8383.09,25014,"Esperança",2,"Nordeste",0,"250950",7,10,4,6,4,6,0,0,0,0,0,10,4,6,4,6,5,9.03397186059359,8.65486599654131,0.461911116949213,29
"5185","PB","Monteiro",33433,15980.78,25010,"Cariri Ocidental",2,"Nordeste",0,"250970",2,69,23,46,29,40,1,0,0,0,0,70,23,46,29,40,13,9.67914202914281,10.4172987151425,0.267507722516228,29
"5186","PB","Monteiro",33433,15980.78,25010,"Cariri Ocidental",2,"Nordeste",0,"250970",3,66,18,48,21,45,0,0,0,0,0,66,18,48,21,45,32,9.67914202914281,10.4172987151425,0.341353207270816,31
"5187","PB","Monteiro",33433,15980.78,25010,"Cariri Ocidental",2,"Nordeste",0,"250970",4,39,17,22,18,21,1,0,0,0,0,40,17,22,18,21,28,9.67914202914281,10.4172987151425,0.369483717327089,30
"5188","PB","Monteiro",33433,15980.78,25010,"Cariri Ocidental",2,"Nordeste",0,"250970",5,46,13,33,18,28,0,0,0,0,0,46,13,33,18,28,20,9.67914202914281,10.4172987151425,0.38218509040637,31
"5189","PB","Monteiro",33433,15980.78,25010,"Cariri Ocidental",2,"Nordeste",0,"250970",6,41,15,26,20,21,1,0,0,0,0,42,15,26,20,21,22,9.67914202914281,10.4172987151425,0.365841934284484,30
"5190","PB","Monteiro",33433,15980.78,25010,"Cariri Ocidental",2,"Nordeste",0,"250970",7,51,16,35,22,29,2,0,0,0,0,53,16,35,22,29,27,9.67914202914281,10.4172987151425,0.371600583447216,29
"5191","PB","Mulungu",9932,7756.48,25016,"Guarabira",2,"Nordeste",0,"250980",2,9,4,5,2,7,0,0,0,0,0,9,4,5,2,7,6,8.9562839020185,9.20351714662806,0.278576538592219,29
"5192","PB","Mulungu",9932,7756.48,25016,"Guarabira",2,"Nordeste",0,"250980",3,13,3,10,4,9,0,0,0,0,0,13,3,10,4,9,4,8.9562839020185,9.20351714662806,0.375669152303216,31
"5193","PB","Mulungu",9932,7756.48,25016,"Guarabira",2,"Nordeste",0,"250980",4,11,3,8,4,7,0,0,0,0,0,11,3,8,4,7,5,8.9562839020185,9.20351714662806,0.414135242497797,30
"5194","PB","Mulungu",9932,7756.48,25016,"Guarabira",2,"Nordeste",0,"250980",5,9,3,6,4,5,0,0,0,0,0,9,3,6,4,5,7,8.9562839020185,9.20351714662806,0.428744185910825,31
"5195","PB","Mulungu",9932,7756.48,25016,"Guarabira",2,"Nordeste",0,"250980",6,13,11,2,6,7,0,0,0,0,0,13,11,2,6,7,10,8.9562839020185,9.20351714662806,0.414297450549199,30
"5196","PB","Mulungu",9932,7756.48,25016,"Guarabira",2,"Nordeste",0,"250980",7,10,3,7,3,7,0,0,0,0,0,10,3,7,3,7,7,8.9562839020185,9.20351714662806,0.448256841704598,29
"5197","PB","Natuba",10451,7841.76,25019,"Umbuzeiro",2,"Nordeste",0,"250990",2,14,6,8,7,7,0,0,0,0,0,14,6,8,7,7,4,8.96721857794631,9.2544529465945,0.304630903762325,29
"5198","PB","Natuba",10451,7841.76,25019,"Umbuzeiro",2,"Nordeste",0,"250990",3,9,2,7,3,6,0,0,0,0,0,9,2,7,3,6,5,8.96721857794631,9.2544529465945,0.409614662460623,31
"5199","PB","Natuba",10451,7841.76,25019,"Umbuzeiro",2,"Nordeste",0,"250990",4,4,1,3,1,3,0,0,0,0,0,4,1,3,1,3,1,8.96721857794631,9.2544529465945,0.436926691591727,30
"5200","PB","Natuba",10451,7841.76,25019,"Umbuzeiro",2,"Nordeste",0,"250990",5,5,0,5,2,3,0,0,0,0,0,5,0,5,2,3,7,8.96721857794631,9.2544529465945,0.467091528196537,31
"5201","PB","Natuba",10451,7841.76,25019,"Umbuzeiro",2,"Nordeste",0,"250990",6,5,4,1,1,4,0,0,0,0,0,5,4,1,1,4,5,8.96721857794631,9.2544529465945,0.425726042608711,30
"5202","PB","Natuba",10451,7841.76,25019,"Umbuzeiro",2,"Nordeste",0,"250990",7,8,3,5,4,4,1,0,0,0,0,9,3,5,4,4,3,8.96721857794631,9.2544529465945,0.467579099573838,29
"5203","PB","Nova Floresta",10626,8024.47,25012,"Curimataú Ocidental",2,"Nordeste",1,"251010",2,18,5,13,5,13,0,0,0,0,0,18,5,13,5,13,5,8.99025090220353,9.27105910701089,0.30956399197252,29
"5204","PB","Nova Floresta",10626,8024.47,25012,"Curimataú Ocidental",2,"Nordeste",1,"251010",3,17,8,9,5,12,0,0,0,0,0,17,8,9,5,12,6,8.99025090220353,9.27105910701089,0.381047909153565,31
"5205","PB","Nova Floresta",10626,8024.47,25012,"Curimataú Ocidental",2,"Nordeste",1,"251010",4,10,4,6,3,7,0,0,0,0,0,10,4,6,3,7,10,8.99025090220353,9.27105910701089,0.409917031965825,30
"5206","PB","Nova Floresta",10626,8024.47,25012,"Curimataú Ocidental",2,"Nordeste",1,"251010",5,8,3,5,4,4,0,0,0,0,0,8,3,5,4,4,6,8.99025090220353,9.27105910701089,0.385124784614822,31
"5207","PB","Nova Floresta",10626,8024.47,25012,"Curimataú Ocidental",2,"Nordeste",1,"251010",6,5,4,1,1,4,0,0,0,0,0,5,4,1,1,4,5,8.99025090220353,9.27105910701089,0.388486755633183,30
"5208","PB","Nova Floresta",10626,8024.47,25012,"Curimataú Ocidental",2,"Nordeste",1,"251010",7,15,8,7,9,6,0,0,0,0,0,15,8,7,9,6,7,8.99025090220353,9.27105910701089,0.410892892909539,29
"5209","PB","Nova Palmeira",4959,8663.13,25009,"Seridó Oriental Paraibano",2,"Nordeste",0,"251030",2,6,1,5,6,0,0,0,0,0,0,6,1,5,6,0,4,9.06683136812639,8.50895938648913,0.247640805261749,29
"5210","PB","Nova Palmeira",4959,8663.13,25009,"Seridó Oriental Paraibano",2,"Nordeste",0,"251030",3,5,2,3,2,3,0,0,0,0,0,5,2,3,2,3,2,9.06683136812639,8.50895938648913,0.329981493448337,31
"5211","PB","Nova Palmeira",4959,8663.13,25009,"Seridó Oriental Paraibano",2,"Nordeste",0,"251030",4,1,0,1,0,1,0,0,0,0,0,1,0,1,0,1,2,9.06683136812639,8.50895938648913,0.381677030089088,30
"5212","PB","Nova Palmeira",4959,8663.13,25009,"Seridó Oriental Paraibano",2,"Nordeste",0,"251030",5,3,2,1,1,2,0,0,0,0,0,3,2,1,1,2,2,9.06683136812639,8.50895938648913,0.405413065459523,31
"5213","PB","Nova Palmeira",4959,8663.13,25009,"Seridó Oriental Paraibano",2,"Nordeste",0,"251030",6,2,1,1,1,1,0,0,0,0,0,2,1,1,1,1,2,9.06683136812639,8.50895938648913,0.393445410331613,30
"5214","PB","Nova Palmeira",4959,8663.13,25009,"Seridó Oriental Paraibano",2,"Nordeste",0,"251030",7,4,0,4,3,1,0,0,0,0,0,4,0,4,3,1,3,9.06683136812639,8.50895938648913,0.424225996228366,29
"5215","PB","Olho d'Água",6462,8264.66,25005,"Piancó",2,"Nordeste",0,"251040",2,11,6,5,2,9,0,0,0,0,0,11,6,5,2,9,1,9.01974387208289,8.77369414638444,0.300834158707053,29
"5216","PB","Olho d'Água",6462,8264.66,25005,"Piancó",2,"Nordeste",0,"251040",3,9,2,7,3,6,0,0,0,0,0,9,2,7,3,6,5,9.01974387208289,8.77369414638444,0.385395950340401,31
"5217","PB","Olho d'Água",6462,8264.66,25005,"Piancó",2,"Nordeste",0,"251040",4,10,0,10,8,2,0,0,0,0,0,10,0,10,8,2,10,9.01974387208289,8.77369414638444,0.41116933994034,30
"5218","PB","Olho d'Água",6462,8264.66,25005,"Piancó",2,"Nordeste",0,"251040",5,11,5,6,3,8,1,0,0,0,0,12,5,6,3,8,2,9.01974387208289,8.77369414638444,0.456002629988187,31
"5219","PB","Olho d'Água",6462,8264.66,25005,"Piancó",2,"Nordeste",0,"251040",6,10,3,7,6,4,0,0,0,0,0,10,3,7,6,4,2,9.01974387208289,8.77369414638444,0.42800819124697,30
"5220","PB","Olho d'Água",6462,8264.66,25005,"Piancó",2,"Nordeste",0,"251040",7,7,5,2,0,7,0,0,0,0,0,7,5,2,0,7,6,9.01974387208289,8.77369414638444,0.435777368274983,29
"5221","PB","Olivedos",3961,9418.52,25012,"Curimataú Ocidental",2,"Nordeste",0,"251050",2,4,2,2,3,1,0,0,0,0,0,4,2,2,3,1,1,9.1504332427004,8.28425179762192,0.287008215038461,29
"5222","PB","Olivedos",3961,9418.52,25012,"Curimataú Ocidental",2,"Nordeste",0,"251050",3,8,1,7,2,6,0,0,0,0,0,8,1,7,2,6,2,9.1504332427004,8.28425179762192,0.364525364643301,31
"5223","PB","Olivedos",3961,9418.52,25012,"Curimataú Ocidental",2,"Nordeste",0,"251050",4,4,0,4,0,4,0,0,0,0,0,4,0,4,0,4,3,9.1504332427004,8.28425179762192,0.378592892037681,30
"5224","PB","Olivedos",3961,9418.52,25012,"Curimataú Ocidental",2,"Nordeste",0,"251050",5,4,1,3,3,1,0,0,0,0,0,4,1,3,3,1,0,9.1504332427004,8.28425179762192,0.390111844704149,31
"5225","PB","Olivedos",3961,9418.52,25012,"Curimataú Ocidental",2,"Nordeste",0,"251050",6,3,0,3,1,2,0,0,0,0,0,3,0,3,1,2,3,9.1504332427004,8.28425179762192,0.386145189926254,30
"5226","PB","Olivedos",3961,9418.52,25012,"Curimataú Ocidental",2,"Nordeste",0,"251050",7,5,2,3,1,4,0,0,0,0,0,5,2,3,1,4,3,9.1504332427004,8.28425179762192,0.421994962913632,29
"5227","PB","Patos",108192,16208.14,25004,"Patos",2,"Nordeste",1,"251080",2,182,31,151,62,120,0,0,0,0,0,182,31,151,62,120,45,9.69326886416093,11.5916627055076,0.277223767178807,29
"5228","PB","Patos",108192,16208.14,25004,"Patos",2,"Nordeste",1,"251080",3,192,36,156,75,117,1,0,0,0,0,193,36,156,75,117,64,9.69326886416093,11.5916627055076,0.370402905118452,31
"5229","PB","Patos",108192,16208.14,25004,"Patos",2,"Nordeste",1,"251080",4,120,18,102,50,70,1,0,0,0,0,121,18,102,50,70,59,9.69326886416093,11.5916627055076,0.418122465877943,30
"5230","PB","Patos",108192,16208.14,25004,"Patos",2,"Nordeste",1,"251080",5,120,29,91,38,82,1,0,0,0,0,121,29,91,38,82,94,9.69326886416093,11.5916627055076,0.432141969638122,31
"5231","PB","Patos",108192,16208.14,25004,"Patos",2,"Nordeste",1,"251080",6,143,26,117,49,94,4,0,0,0,0,147,26,117,49,94,78,9.69326886416093,11.5916627055076,0.386311857140385,30
"5232","PB","Patos",108192,16208.14,25004,"Patos",2,"Nordeste",1,"251080",7,116,29,87,46,70,0,0,0,0,0,116,29,87,46,70,68,9.69326886416093,11.5916627055076,0.394615242963751,29
"5233","PB","Paulista",12379,10897.58,25003,"Sousa",2,"Nordeste",0,"251090",2,32,12,20,14,18,0,0,0,0,0,32,12,20,14,18,4,9.29629602521889,9.42375676753181,0.267173198930629,29
"5234","PB","Paulista",12379,10897.58,25003,"Sousa",2,"Nordeste",0,"251090",3,35,9,26,14,21,0,0,0,0,0,35,9,26,14,21,12,9.29629602521889,9.42375676753181,0.346379256225625,31
"5235","PB","Paulista",12379,10897.58,25003,"Sousa",2,"Nordeste",0,"251090",4,11,4,7,4,7,0,0,0,0,0,11,4,7,4,7,7,9.29629602521889,9.42375676753181,0.33007930453405,30
"5236","PB","Paulista",12379,10897.58,25003,"Sousa",2,"Nordeste",0,"251090",5,9,1,8,4,5,0,0,0,0,0,9,1,8,4,5,3,9.29629602521889,9.42375676753181,0.391416198713041,31
"5237","PB","Paulista",12379,10897.58,25003,"Sousa",2,"Nordeste",0,"251090",6,18,8,10,8,10,0,0,0,0,0,18,8,10,8,10,7,9.29629602521889,9.42375676753181,0.364499041430957,30
"5238","PB","Paulista",12379,10897.58,25003,"Sousa",2,"Nordeste",0,"251090",7,12,7,5,5,7,0,0,0,0,0,12,7,5,5,7,7,9.29629602521889,9.42375676753181,0.394581784113394,29
"5239","PB","Pedra Lavrada",7899,9229.35,25009,"Seridó Oriental Paraibano",2,"Nordeste",0,"251110",2,11,3,8,6,5,0,0,0,0,0,11,3,8,6,5,3,9.1301439024819,8.97449144816442,0.309209596251766,29
"5240","PB","Pedra Lavrada",7899,9229.35,25009,"Seridó Oriental Paraibano",2,"Nordeste",0,"251110",3,7,1,6,4,3,0,0,0,0,0,7,1,6,4,3,5,9.1301439024819,8.97449144816442,0.395236116916138,31
"5241","PB","Pedra Lavrada",7899,9229.35,25009,"Seridó Oriental Paraibano",2,"Nordeste",0,"251110",4,8,1,7,3,5,0,0,0,0,0,8,1,7,3,5,5,9.1301439024819,8.97449144816442,0.415025650904365,30
"5242","PB","Pedra Lavrada",7899,9229.35,25009,"Seridó Oriental Paraibano",2,"Nordeste",0,"251110",5,6,3,3,2,4,0,0,0,0,0,6,3,3,2,4,7,9.1301439024819,8.97449144816442,0.420899210496638,31
"5243","PB","Pedra Lavrada",7899,9229.35,25009,"Seridó Oriental Paraibano",2,"Nordeste",0,"251110",6,9,3,6,6,3,0,0,0,0,0,9,3,6,6,3,3,9.1301439024819,8.97449144816442,0.408762551403717,30
"5244","PB","Pedra Lavrada",7899,9229.35,25009,"Seridó Oriental Paraibano",2,"Nordeste",0,"251110",7,6,1,5,3,3,0,0,0,0,0,6,1,5,3,3,4,9.1301439024819,8.97449144816442,0.436333858994947,29
"5245","PB","Pedras de Fogo",28533,14740.66,25023,"Litoral Sul",2,"Nordeste",1,"251120",2,62,26,36,29,33,0,0,0,0,0,62,26,36,29,33,16,9.59836494086031,10.2588165911505,0.28565114536688,29
"5246","PB","Pedras de Fogo",28533,14740.66,25023,"Litoral Sul",2,"Nordeste",1,"251120",3,56,18,38,22,34,0,0,0,0,0,56,18,38,22,34,25,9.59836494086031,10.2588165911505,0.374699514397213,31
"5247","PB","Pedras de Fogo",28533,14740.66,25023,"Litoral Sul",2,"Nordeste",1,"251120",4,20,10,10,8,12,0,0,0,0,0,20,10,10,8,12,21,9.59836494086031,10.2588165911505,0.410636493928011,30
"5248","PB","Pedras de Fogo",28533,14740.66,25023,"Litoral Sul",2,"Nordeste",1,"251120",5,23,6,17,10,13,1,0,0,0,0,24,6,17,10,13,19,9.59836494086031,10.2588165911505,0.438713022433896,31
"5249","PB","Pedras de Fogo",28533,14740.66,25023,"Litoral Sul",2,"Nordeste",1,"251120",6,48,18,30,26,22,0,0,0,0,0,48,18,30,26,22,36,9.59836494086031,10.2588165911505,0.398249410527435,30
"5250","PB","Pedras de Fogo",28533,14740.66,25023,"Litoral Sul",2,"Nordeste",1,"251120",7,33,11,22,11,22,0,0,0,0,0,33,11,22,11,22,22,9.59836494086031,10.2588165911505,0.402815070765034,29
"5251","PB","Piancó",16111,11176.75,25005,"Piancó",2,"Nordeste",0,"251130",2,30,8,22,14,16,0,0,0,0,0,30,8,22,14,16,7,9.32159100677391,9.68725754749099,0.258625180740947,29
"5252","PB","Piancó",16111,11176.75,25005,"Piancó",2,"Nordeste",0,"251130",3,30,10,20,12,18,0,0,0,0,0,30,10,20,12,18,14,9.32159100677391,9.68725754749099,0.339601414163479,31
"5253","PB","Piancó",16111,11176.75,25005,"Piancó",2,"Nordeste",0,"251130",4,6,2,4,3,3,0,0,0,0,0,6,2,4,3,3,8,9.32159100677391,9.68725754749099,0.357948133214676,30
"5254","PB","Piancó",16111,11176.75,25005,"Piancó",2,"Nordeste",0,"251130",5,18,7,11,8,10,0,0,0,0,0,18,7,11,8,10,11,9.32159100677391,9.68725754749099,0.368678345490931,31
"5255","PB","Piancó",16111,11176.75,25005,"Piancó",2,"Nordeste",0,"251130",6,16,6,10,10,6,0,0,0,0,0,16,6,10,10,6,16,9.32159100677391,9.68725754749099,0.326388627574328,30
"5256","PB","Piancó",16111,11176.75,25005,"Piancó",2,"Nordeste",0,"251130",7,18,10,8,6,12,1,0,0,0,0,19,10,8,6,12,7,9.32159100677391,9.68725754749099,0.34935849269761,29
"5257","PB","Picuí",18720,9801.58,25009,"Seridó Oriental Paraibano",2,"Nordeste",0,"251140",2,33,8,25,14,19,0,0,0,0,0,33,8,25,14,19,8,9.19029887615319,9.83734775003158,0.27850741002221,29
"5258","PB","Picuí",18720,9801.58,25009,"Seridó Oriental Paraibano",2,"Nordeste",0,"251140",3,35,8,27,9,26,0,0,0,0,0,35,8,27,9,26,16,9.19029887615319,9.83734775003158,0.348796080944117,31
"5259","PB","Picuí",18720,9801.58,25009,"Seridó Oriental Paraibano",2,"Nordeste",0,"251140",4,22,4,18,12,10,0,0,0,0,0,22,4,18,12,10,13,9.19029887615319,9.83734775003158,0.3904587702963,30
"5260","PB","Picuí",18720,9801.58,25009,"Seridó Oriental Paraibano",2,"Nordeste",0,"251140",5,23,9,14,13,10,1,0,0,0,0,24,9,14,13,10,12,9.19029887615319,9.83734775003158,0.406483780960728,31
"5261","PB","Picuí",18720,9801.58,25009,"Seridó Oriental Paraibano",2,"Nordeste",0,"251140",6,22,10,12,9,13,0,0,0,0,0,22,10,12,9,13,11,9.19029887615319,9.83734775003158,0.409397227031157,30
"5262","PB","Picuí",18720,9801.58,25009,"Seridó Oriental Paraibano",2,"Nordeste",0,"251140",7,30,6,24,16,14,0,0,0,0,0,30,6,24,16,14,12,9.19029887615319,9.83734775003158,0.427675105898544,29
"5263","PB","Pilar",11977,8221.63,25021,"Sapé",2,"Nordeste",0,"251150",2,29,15,14,13,16,0,0,0,0,0,29,15,14,13,16,7,9.01452376522899,9.39074342294751,0.286820950508955,29
"5264","PB","Pilar",11977,8221.63,25021,"Sapé",2,"Nordeste",0,"251150",3,29,13,16,9,20,0,0,0,0,0,29,13,16,9,20,5,9.01452376522899,9.39074342294751,0.37901049582374,31
"5265","PB","Pilar",11977,8221.63,25021,"Sapé",2,"Nordeste",0,"251150",4,9,4,5,6,3,0,0,0,0,0,9,4,5,6,3,6,9.01452376522899,9.39074342294751,0.417001409300975,30
"5266","PB","Pilar",11977,8221.63,25021,"Sapé",2,"Nordeste",0,"251150",5,18,11,7,7,11,0,0,0,0,0,18,11,7,7,11,9,9.01452376522899,9.39074342294751,0.440926676138982,31
"5267","PB","Pilar",11977,8221.63,25021,"Sapé",2,"Nordeste",0,"251150",6,19,10,9,10,9,0,0,0,0,0,19,10,9,10,9,7,9.01452376522899,9.39074342294751,0.428464856214587,30
"5268","PB","Pilar",11977,8221.63,25021,"Sapé",2,"Nordeste",0,"251150",7,20,8,12,9,11,0,0,0,0,0,20,8,12,9,11,12,9.01452376522899,9.39074342294751,0.426374823833967,29
"5269","PB","Pilões",6576,11447.82,25015,"Brejo Paraibano",2,"Nordeste",0,"251160",2,14,7,7,6,8,0,0,0,0,0,14,7,7,6,8,4,9.34555459784223,8.79118193673602,0.281428735369238,29
"5270","PB","Pilões",6576,11447.82,25015,"Brejo Paraibano",2,"Nordeste",0,"251160",3,17,11,6,7,10,0,0,0,0,0,17,11,6,7,10,3,9.34555459784223,8.79118193673602,0.381587906703015,31
"5271","PB","Pilões",6576,11447.82,25015,"Brejo Paraibano",2,"Nordeste",0,"251160",4,11,3,8,4,7,0,0,0,0,0,11,3,8,4,7,4,9.34555459784223,8.79118193673602,0.403912443755974,30
"5272","PB","Pilões",6576,11447.82,25015,"Brejo Paraibano",2,"Nordeste",0,"251160",5,15,7,8,5,10,0,0,0,0,0,15,7,8,5,10,9,9.34555459784223,8.79118193673602,0.448905705257488,31
"5273","PB","Pilões",6576,11447.82,25015,"Brejo Paraibano",2,"Nordeste",0,"251160",6,13,8,5,7,6,0,0,0,0,0,13,8,5,7,6,9,9.34555459784223,8.79118193673602,0.428440613644224,30
"5274","PB","Pilões",6576,11447.82,25015,"Brejo Paraibano",2,"Nordeste",0,"251160",7,13,6,7,5,8,0,0,0,0,0,13,6,7,5,8,2,9.34555459784223,8.79118193673602,0.459155398044722,29
"5275","PB","Pilõezinhos",4955,9267.89,25016,"Guarabira",2,"Nordeste",1,"251170",2,8,4,4,4,4,0,0,0,0,0,8,4,4,4,4,5,9.13431101668598,8.50815244676409,0.280019257631563,29
"5276","PB","Pilõezinhos",4955,9267.89,25016,"Guarabira",2,"Nordeste",1,"251170",3,5,1,4,5,0,0,0,0,0,0,5,1,4,5,0,3,9.13431101668598,8.50815244676409,0.401532011311768,31
"5277","PB","Pilõezinhos",4955,9267.89,25016,"Guarabira",2,"Nordeste",1,"251170",4,9,5,4,3,6,0,0,0,0,0,9,5,4,3,6,4,9.13431101668598,8.50815244676409,0.406282111128603,30
"5278","PB","Pilõezinhos",4955,9267.89,25016,"Guarabira",2,"Nordeste",1,"251170",5,9,4,5,2,7,0,0,0,0,0,9,4,5,2,7,3,9.13431101668598,8.50815244676409,0.432877941827022,31
"5279","PB","Pilõezinhos",4955,9267.89,25016,"Guarabira",2,"Nordeste",1,"251170",6,7,4,3,3,4,0,0,0,0,0,7,4,3,3,4,2,9.13431101668598,8.50815244676409,0.398727999228724,30
"5280","PB","Pilõezinhos",4955,9267.89,25016,"Guarabira",2,"Nordeste",1,"251170",7,9,3,6,5,4,0,0,0,0,0,9,3,6,5,4,3,9.13431101668598,8.50815244676409,0.426658310746003,29
"5281","PB","Pirpirituba",10584,8320.31,25016,"Guarabira",2,"Nordeste",0,"251180",2,10,6,4,5,5,0,0,0,0,0,10,6,4,5,5,4,9.02645479273652,9.26709870579479,0.31426785408099,29
"5282","PB","Pirpirituba",10584,8320.31,25016,"Guarabira",2,"Nordeste",0,"251180",3,16,4,12,10,6,0,0,0,0,0,16,4,12,10,6,5,9.02645479273652,9.26709870579479,0.40937739946143,31
"5283","PB","Pirpirituba",10584,8320.31,25016,"Guarabira",2,"Nordeste",0,"251180",4,17,8,9,11,6,0,0,0,0,0,17,8,9,11,6,2,9.02645479273652,9.26709870579479,0.435824186869312,30
"5284","PB","Pirpirituba",10584,8320.31,25016,"Guarabira",2,"Nordeste",0,"251180",5,10,4,6,5,5,0,0,0,0,0,10,4,6,5,5,5,9.02645479273652,9.26709870579479,0.450248086355574,31
"5285","PB","Pirpirituba",10584,8320.31,25016,"Guarabira",2,"Nordeste",0,"251180",6,13,5,8,4,9,1,0,0,0,0,14,5,8,4,9,1,9.02645479273652,9.26709870579479,0.412239136248273,30
"5286","PB","Pirpirituba",10584,8320.31,25016,"Guarabira",2,"Nordeste",0,"251180",7,9,2,7,4,5,0,0,0,0,0,9,2,7,4,5,8,9.02645479273652,9.26709870579479,0.437330831763402,29
"5287","PB","Pitimbu",19275,13555.07,25023,"Litoral Sul",2,"Nordeste",0,"251190",2,43,19,24,15,28,0,0,0,0,0,43,19,24,15,28,6,9.5145159260655,9.86656419843153,0.309158814919801,29
"5288","PB","Pitimbu",19275,13555.07,25023,"Litoral Sul",2,"Nordeste",0,"251190",3,27,10,17,12,15,0,0,0,0,0,27,10,17,12,15,10,9.5145159260655,9.86656419843153,0.398067692332733,31
"5289","PB","Pitimbu",19275,13555.07,25023,"Litoral Sul",2,"Nordeste",0,"251190",4,19,8,11,14,5,0,0,0,0,0,19,8,11,14,5,10,9.5145159260655,9.86656419843153,0.444362911860665,30
"5290","PB","Pitimbu",19275,13555.07,25023,"Litoral Sul",2,"Nordeste",0,"251190",5,24,11,13,11,13,1,0,0,0,0,25,11,13,11,13,14,9.5145159260655,9.86656419843153,0.481036493757262,31
"5291","PB","Pitimbu",19275,13555.07,25023,"Litoral Sul",2,"Nordeste",0,"251190",6,32,7,25,15,17,0,0,0,0,0,32,7,25,15,17,8,9.5145159260655,9.86656419843153,0.446062466458118,30
"5292","PB","Pitimbu",19275,13555.07,25023,"Litoral Sul",2,"Nordeste",0,"251190",7,33,20,13,15,18,0,0,0,0,0,33,20,13,15,18,8,9.5145159260655,9.86656419843153,0.446866964019967,29
"5293","PB","Pocinhos",18708,12589.32,25012,"Curimataú Ocidental",2,"Nordeste",0,"251200",2,43,15,28,18,25,0,0,0,0,0,43,15,28,18,25,13,9.4406041144598,9.83670651884578,0.275703503255174,29
"5294","PB","Pocinhos",18708,12589.32,25012,"Curimataú Ocidental",2,"Nordeste",0,"251200",3,34,13,21,9,25,0,0,0,0,0,34,13,21,9,25,10,9.4406041144598,9.83670651884578,0.367139939574339,31
"5295","PB","Pocinhos",18708,12589.32,25012,"Curimataú Ocidental",2,"Nordeste",0,"251200",4,22,13,9,10,12,0,0,0,0,0,22,13,9,10,12,8,9.4406041144598,9.83670651884578,0.38843901800244,30
"5296","PB","Pocinhos",18708,12589.32,25012,"Curimataú Ocidental",2,"Nordeste",0,"251200",5,19,10,9,12,7,0,0,0,0,0,19,10,9,12,7,13,9.4406041144598,9.83670651884578,0.396283897039444,31
"5297","PB","Pocinhos",18708,12589.32,25012,"Curimataú Ocidental",2,"Nordeste",0,"251200",6,20,13,7,7,13,0,0,0,0,0,20,13,7,7,13,9,9.4406041144598,9.83670651884578,0.367264993902469,30
"5298","PB","Pocinhos",18708,12589.32,25012,"Curimataú Ocidental",2,"Nordeste",0,"251200",7,16,13,3,8,8,0,0,0,0,0,16,13,3,8,8,12,9.4406041144598,9.83670651884578,0.397001371124126,29
"5299","PB","Pombal",32802,12083.64,25003,"Sousa",2,"Nordeste",1,"251210",2,48,16,32,16,32,0,0,0,0,0,48,16,32,16,32,24,9.39960775060301,10.3982447681231,0.271357019242919,29
"5300","PB","Pombal",32802,12083.64,25003,"Sousa",2,"Nordeste",1,"251210",3,64,18,46,22,42,1,0,0,0,0,65,18,46,22,42,23,9.39960775060301,10.3982447681231,0.374959182627569,31
"5301","PB","Pombal",32802,12083.64,25003,"Sousa",2,"Nordeste",1,"251210",4,30,8,22,16,14,0,0,0,0,0,30,8,22,16,14,26,9.39960775060301,10.3982447681231,0.402516019630269,30
"5302","PB","Pombal",32802,12083.64,25003,"Sousa",2,"Nordeste",1,"251210",5,26,6,20,11,15,0,0,0,0,0,26,6,20,11,15,20,9.39960775060301,10.3982447681231,0.408072520856264,31
"5303","PB","Pombal",32802,12083.64,25003,"Sousa",2,"Nordeste",1,"251210",6,30,8,22,14,16,0,0,0,0,0,30,8,22,14,16,19,9.39960775060301,10.3982447681231,0.375716333233411,30
"5304","PB","Pombal",32802,12083.64,25003,"Sousa",2,"Nordeste",1,"251210",7,35,12,23,8,27,1,0,0,0,0,36,12,23,8,27,25,9.39960775060301,10.3982447681231,0.395514634195786,29
"5305","PB","Princesa Isabel",23549,9820.07,25007,"Serra do Teixeira",2,"Nordeste",0,"251230",2,43,8,35,18,25,0,0,0,0,0,43,8,35,18,25,16,9.19218352963268,10.066838635698,0.277032671591656,29
"5306","PB","Princesa Isabel",23549,9820.07,25007,"Serra do Teixeira",2,"Nordeste",0,"251230",3,43,11,32,16,27,0,0,0,0,0,43,11,32,16,27,15,9.19218352963268,10.066838635698,0.380512800334419,31
"5307","PB","Princesa Isabel",23549,9820.07,25007,"Serra do Teixeira",2,"Nordeste",0,"251230",4,20,7,13,10,10,0,0,0,0,0,20,7,13,10,10,12,9.19218352963268,10.066838635698,0.419134761082153,30
"5308","PB","Princesa Isabel",23549,9820.07,25007,"Serra do Teixeira",2,"Nordeste",0,"251230",5,24,12,12,10,14,0,0,0,0,0,24,12,12,10,14,11,9.19218352963268,10.066838635698,0.426920069224807,31
"5309","PB","Princesa Isabel",23549,9820.07,25007,"Serra do Teixeira",2,"Nordeste",0,"251230",6,39,19,20,15,24,0,0,0,0,0,39,19,20,15,24,13,9.19218352963268,10.066838635698,0.380244802191055,30
"5310","PB","Princesa Isabel",23549,9820.07,25007,"Serra do Teixeira",2,"Nordeste",0,"251230",7,25,7,18,7,18,0,0,0,0,0,25,7,18,7,18,11,9.19218352963268,10.066838635698,0.412205446250929,29
"5311","PB","Puxinanã",13741,7605.28,25017,"Campina Grande",2,"Nordeste",1,"251240",2,36,14,22,11,25,0,0,0,0,0,36,14,22,11,25,5,8.9365980218986,9.52813934333177,0.279438444116643,29
"5312","PB","Puxinanã",13741,7605.28,25017,"Campina Grande",2,"Nordeste",1,"251240",3,36,17,19,16,20,0,0,0,0,0,36,17,19,16,20,10,8.9365980218986,9.52813934333177,0.372768948202171,31
"5313","PB","Puxinanã",13741,7605.28,25017,"Campina Grande",2,"Nordeste",1,"251240",4,30,18,12,12,18,0,0,0,0,0,30,18,12,12,18,6,8.9365980218986,9.52813934333177,0.40894082084342,30
"5314","PB","Puxinanã",13741,7605.28,25017,"Campina Grande",2,"Nordeste",1,"251240",5,21,10,11,10,11,0,0,0,0,0,21,10,11,10,11,11,8.9365980218986,9.52813934333177,0.411978799338873,31
"5315","PB","Puxinanã",13741,7605.28,25017,"Campina Grande",2,"Nordeste",1,"251240",6,12,4,8,4,8,1,0,0,0,0,13,4,8,4,8,5,8.9365980218986,9.52813934333177,0.388088804315023,30
"5316","PB","Puxinanã",13741,7605.28,25017,"Campina Grande",2,"Nordeste",1,"251240",7,21,7,14,8,13,0,0,0,0,0,21,7,14,8,13,13,8.9365980218986,9.52813934333177,0.399257643445348,29
"5317","PB","Queimadas",44179,11037.55,25017,"Campina Grande",2,"Nordeste",1,"251250",2,98,27,71,35,63,0,0,0,0,0,98,27,71,35,63,22,9.30905837491328,10.6960048420416,0.290593869432316,29
"5318","PB","Queimadas",44179,11037.55,25017,"Campina Grande",2,"Nordeste",1,"251250",3,88,33,55,37,51,1,0,0,0,0,89,33,55,37,51,32,9.30905837491328,10.6960048420416,0.382765204984473,31
"5319","PB","Queimadas",44179,11037.55,25017,"Campina Grande",2,"Nordeste",1,"251250",4,64,24,40,21,43,0,0,0,0,0,64,24,40,21,43,22,9.30905837491328,10.6960048420416,0.407931058096501,30
"5320","PB","Queimadas",44179,11037.55,25017,"Campina Grande",2,"Nordeste",1,"251250",5,60,24,36,23,37,0,0,0,0,0,60,24,36,23,37,29,9.30905837491328,10.6960048420416,0.409821876791416,31
"5321","PB","Queimadas",44179,11037.55,25017,"Campina Grande",2,"Nordeste",1,"251250",6,58,25,33,23,35,0,0,0,0,0,58,25,33,23,35,28,9.30905837491328,10.6960048420416,0.391347362938038,30
"5322","PB","Queimadas",44179,11037.55,25017,"Campina Grande",2,"Nordeste",1,"251250",7,68,29,39,25,43,0,0,0,0,0,68,29,39,25,43,37,9.30905837491328,10.6960048420416,0.400309771148497,29
"5323","PB","Remígio",19798,8680.42,25012,"Curimataú Ocidental",2,"Nordeste",1,"251270",2,38,8,30,10,28,0,0,0,0,0,38,8,30,10,28,10,9.06882519358055,9.89333620147975,0.278166538918407,29
"5324","PB","Remígio",19798,8680.42,25012,"Curimataú Ocidental",2,"Nordeste",1,"251270",3,28,16,12,14,14,0,0,0,0,0,28,16,12,14,14,12,9.06882519358055,9.89333620147975,0.366239801549285,31
"5325","PB","Remígio",19798,8680.42,25012,"Curimataú Ocidental",2,"Nordeste",1,"251270",4,18,8,10,11,7,1,0,0,0,0,19,8,10,11,7,15,9.06882519358055,9.89333620147975,0.39018562922505,30
"5326","PB","Remígio",19798,8680.42,25012,"Curimataú Ocidental",2,"Nordeste",1,"251270",5,17,4,13,5,12,0,0,0,0,0,17,4,13,5,12,14,9.06882519358055,9.89333620147975,0.403776773415042,31
"5327","PB","Remígio",19798,8680.42,25012,"Curimataú Ocidental",2,"Nordeste",1,"251270",6,22,4,18,9,13,0,0,0,0,0,22,4,18,9,13,15,9.06882519358055,9.89333620147975,0.368534631552636,30
"5328","PB","Remígio",19798,8680.42,25012,"Curimataú Ocidental",2,"Nordeste",1,"251270",7,20,10,10,9,11,0,0,0,0,0,20,10,10,9,11,15,9.06882519358055,9.89333620147975,0.387721558910739,29
"5329","PB","Pedro Régis",6114,7962.88,25020,"Litoral Norte",2,"Nordeste",0,"251272",2,12,4,8,5,7,0,0,0,0,0,12,4,8,5,7,1,8.98254602244655,8.71833650245078,0.291275280220825,29
"5330","PB","Pedro Régis",6114,7962.88,25020,"Litoral Norte",2,"Nordeste",0,"251272",3,8,5,3,6,2,0,0,0,0,0,8,5,3,6,2,3,8.98254602244655,8.71833650245078,0.391700413816043,31
"5331","PB","Pedro Régis",6114,7962.88,25020,"Litoral Norte",2,"Nordeste",0,"251272",4,4,0,4,1,3,0,0,0,0,0,4,0,4,1,3,3,8.98254602244655,8.71833650245078,0.433077387353201,30
"5332","PB","Pedro Régis",6114,7962.88,25020,"Litoral Norte",2,"Nordeste",0,"251272",5,7,3,4,2,5,0,0,0,0,0,7,3,4,2,5,2,8.98254602244655,8.71833650245078,0.436216936146952,31
"5333","PB","Pedro Régis",6114,7962.88,25020,"Litoral Norte",2,"Nordeste",0,"251272",6,10,4,6,2,8,0,0,0,0,0,10,4,6,2,8,5,8.98254602244655,8.71833650245078,0.396445544554253,30
"5334","PB","Pedro Régis",6114,7962.88,25020,"Litoral Norte",2,"Nordeste",0,"251272",7,8,6,2,2,6,1,0,0,0,0,9,6,2,2,6,3,8.98254602244655,8.71833650245078,0.383805660995303,29
"5335","PB","Riachão do Bacamarte",4541,9433.23,25018,"Itabaiana",2,"Nordeste",0,"251275",2,13,4,9,5,8,0,0,0,0,0,13,4,9,5,8,3,9.15199384083962,8.42090253109795,0.336017583577905,29
"5336","PB","Riachão do Bacamarte",4541,9433.23,25018,"Itabaiana",2,"Nordeste",0,"251275",3,4,3,1,0,4,0,0,0,0,0,4,3,1,0,4,3,9.15199384083962,8.42090253109795,0.403127746504569,31
"5337","PB","Riachão do Bacamarte",4541,9433.23,25018,"Itabaiana",2,"Nordeste",0,"251275",4,5,2,3,2,3,0,0,0,0,0,5,2,3,2,3,2,9.15199384083962,8.42090253109795,0.472151882036043,30
"5338","PB","Riachão do Bacamarte",4541,9433.23,25018,"Itabaiana",2,"Nordeste",0,"251275",5,3,0,3,2,1,0,0,0,0,0,3,0,3,2,1,2,9.15199384083962,8.42090253109795,0.473649571187307,31
"5339","PB","Riachão do Bacamarte",4541,9433.23,25018,"Itabaiana",2,"Nordeste",0,"251275",6,10,3,7,3,7,0,0,0,0,0,10,3,7,3,7,4,9.15199384083962,8.42090253109795,0.433362846666687,30
"5340","PB","Riachão do Bacamarte",4541,9433.23,25018,"Itabaiana",2,"Nordeste",0,"251275",7,7,2,5,1,6,0,0,0,0,0,7,2,5,1,6,4,9.15199384083962,8.42090253109795,0.431980598202052,29
"5341","PB","Riachão do Poço",4540,10111.15,25021,"Sapé",2,"Nordeste",0,"251276",2,11,1,10,4,7,1,0,0,0,0,12,1,10,4,7,2,9.22139405430922,8.42068229103539,0.297786839023346,29
"5342","PB","Riachão do Poço",4540,10111.15,25021,"Sapé",2,"Nordeste",0,"251276",3,7,3,4,1,6,0,0,0,0,0,7,3,4,1,6,4,9.22139405430922,8.42068229103539,0.405225013404906,31
"5343","PB","Riachão do Poço",4540,10111.15,25021,"Sapé",2,"Nordeste",0,"251276",4,10,4,6,8,2,0,0,0,0,0,10,4,6,8,2,5,9.22139405430922,8.42068229103539,0.417041905233854,30
"5344","PB","Riachão do Poço",4540,10111.15,25021,"Sapé",2,"Nordeste",0,"251276",5,7,2,5,3,4,0,0,0,0,0,7,2,5,3,4,3,9.22139405430922,8.42068229103539,0.408147052327445,31
"5345","PB","Riachão do Poço",4540,10111.15,25021,"Sapé",2,"Nordeste",0,"251276",6,9,5,4,7,2,0,0,0,0,0,9,5,4,7,2,5,9.22139405430922,8.42068229103539,0.384965639710007,30
"5346","PB","Riachão do Poço",4540,10111.15,25021,"Sapé",2,"Nordeste",0,"251276",7,5,2,3,3,2,0,0,0,0,0,5,2,3,3,2,3,9.22139405430922,8.42068229103539,0.408571760470535,29
"5347","PB","Riacho dos Cavalos",8541,8544.64,25001,"Catolé do Rocha",2,"Nordeste",0,"251280",2,13,8,5,4,9,0,0,0,0,0,13,8,5,4,9,4,9.05305946476168,9.05263337594615,0.261971846923825,29
"5348","PB","Riacho dos Cavalos",8541,8544.64,25001,"Catolé do Rocha",2,"Nordeste",0,"251280",3,11,2,9,4,7,1,0,0,0,0,12,2,9,4,7,8,9.05305946476168,9.05263337594615,0.369593283660277,31
"5349","PB","Riacho dos Cavalos",8541,8544.64,25001,"Catolé do Rocha",2,"Nordeste",0,"251280",4,10,3,7,1,9,0,0,0,0,0,10,3,7,1,9,5,9.05305946476168,9.05263337594615,0.420909254831149,30
"5350","PB","Riacho dos Cavalos",8541,8544.64,25001,"Catolé do Rocha",2,"Nordeste",0,"251280",5,14,4,10,8,6,0,0,0,0,0,14,4,10,8,6,2,9.05305946476168,9.05263337594615,0.39178187168034,31
"5351","PB","Riacho dos Cavalos",8541,8544.64,25001,"Catolé do Rocha",2,"Nordeste",0,"251280",6,13,11,2,4,9,0,0,0,0,0,13,11,2,4,9,6,9.05305946476168,9.05263337594615,0.361073492084811,30
"5352","PB","Riacho dos Cavalos",8541,8544.64,25001,"Catolé do Rocha",2,"Nordeste",0,"251280",7,6,3,3,2,4,0,0,0,0,0,6,3,3,2,4,6,9.05305946476168,9.05263337594615,0.353401394241204,29
"5353","PB","Rio Tinto",24218,10163.45,25020,"Litoral Norte",2,"Nordeste",1,"251290",2,53,27,26,25,28,0,0,0,0,0,53,27,26,25,28,17,9.22655323042181,10.0948514373143,0.299072417412229,29
"5354","PB","Rio Tinto",24218,10163.45,25020,"Litoral Norte",2,"Nordeste",1,"251290",3,39,16,23,17,22,0,0,0,0,0,39,16,23,17,22,10,9.22655323042181,10.0948514373143,0.400506985142423,31
"5355","PB","Rio Tinto",24218,10163.45,25020,"Litoral Norte",2,"Nordeste",1,"251290",4,37,19,18,12,25,1,0,0,0,0,38,19,18,12,25,16,9.22655323042181,10.0948514373143,0.43085767023859,30
"5356","PB","Rio Tinto",24218,10163.45,25020,"Litoral Norte",2,"Nordeste",1,"251290",5,42,24,18,19,23,0,0,0,0,0,42,24,18,19,23,17,9.22655323042181,10.0948514373143,0.456162444300111,31
"5357","PB","Rio Tinto",24218,10163.45,25020,"Litoral Norte",2,"Nordeste",1,"251290",6,31,10,21,14,17,1,0,0,0,0,32,10,21,14,17,30,9.22655323042181,10.0948514373143,0.421357373042884,30
"5358","PB","Rio Tinto",24218,10163.45,25020,"Litoral Norte",2,"Nordeste",1,"251290",7,31,17,14,12,19,0,0,0,0,0,31,17,14,12,19,26,9.22655323042181,10.0948514373143,0.423733150181924,29
"5359","PB","Salgado de São Félix",12131,10351.73,25018,"Itabaiana",2,"Nordeste",0,"251310",2,14,5,9,10,4,0,0,0,0,0,14,5,9,10,4,4,9.24490893448401,9.40351943877092,0.330139669769109,29
"5360","PB","Salgado de São Félix",12131,10351.73,25018,"Itabaiana",2,"Nordeste",0,"251310",3,16,8,8,5,11,0,0,0,0,0,16,8,8,5,11,5,9.24490893448401,9.40351943877092,0.418371109379489,31
"5361","PB","Salgado de São Félix",12131,10351.73,25018,"Itabaiana",2,"Nordeste",0,"251310",4,10,6,4,3,7,0,0,0,0,0,10,6,4,3,7,8,9.24490893448401,9.40351943877092,0.455471764063989,30
"5362","PB","Salgado de São Félix",12131,10351.73,25018,"Itabaiana",2,"Nordeste",0,"251310",5,10,4,6,3,7,0,0,0,0,0,10,4,6,3,7,8,9.24490893448401,9.40351943877092,0.467970253684307,31
"5363","PB","Salgado de São Félix",12131,10351.73,25018,"Itabaiana",2,"Nordeste",0,"251310",6,16,10,6,6,10,0,0,0,0,0,16,10,6,6,10,4,9.24490893448401,9.40351943877092,0.45913554471967,30
"5364","PB","Salgado de São Félix",12131,10351.73,25018,"Itabaiana",2,"Nordeste",0,"251310",7,17,5,12,11,6,0,0,0,0,0,17,5,12,11,6,9,9.24490893448401,9.40351943877092,0.480555201001206,29
"5365","PB","Santa Cecília",6541,8124.67,25019,"Umbuzeiro",2,"Nordeste",0,"251315",2,22,10,12,13,9,0,0,0,0,0,22,10,12,13,9,3,9.0026603909885,8.78584533796121,0.311969423166264,29
"5366","PB","Santa Cecília",6541,8124.67,25019,"Umbuzeiro",2,"Nordeste",0,"251315",3,17,7,10,5,12,0,0,0,0,0,17,7,10,5,12,3,9.0026603909885,8.78584533796121,0.417282800239488,31
"5367","PB","Santa Cecília",6541,8124.67,25019,"Umbuzeiro",2,"Nordeste",0,"251315",4,9,4,5,4,5,0,0,0,0,0,9,4,5,4,5,5,9.0026603909885,8.78584533796121,0.439574912416291,30
"5368","PB","Santa Cecília",6541,8124.67,25019,"Umbuzeiro",2,"Nordeste",0,"251315",5,8,2,6,5,3,0,0,0,0,0,8,2,6,5,3,3,9.0026603909885,8.78584533796121,0.459909078678425,31
"5369","PB","Santa Cecília",6541,8124.67,25019,"Umbuzeiro",2,"Nordeste",0,"251315",6,12,6,6,5,7,1,0,0,0,0,13,6,6,5,7,1,9.0026603909885,8.78584533796121,0.427969016945955,30
"5370","PB","Santa Cecília",6541,8124.67,25019,"Umbuzeiro",2,"Nordeste",0,"251315",7,15,7,8,8,7,0,0,0,0,0,15,7,8,8,7,3,9.0026603909885,8.78584533796121,0.444867054274716,29
"5371","PB","Santa Helena",5871,8801.19,25002,"Cajazeiras",2,"Nordeste",0,"251330",2,7,1,6,2,5,0,0,0,0,0,7,1,6,2,5,4,9.08264221859664,8.67778025606419,0.288629899412844,29
"5372","PB","Santa Helena",5871,8801.19,25002,"Cajazeiras",2,"Nordeste",0,"251330",3,8,2,6,4,4,0,0,0,0,0,8,2,6,4,4,5,9.08264221859664,8.67778025606419,0.414837443917314,31
"5373","PB","Santa Helena",5871,8801.19,25002,"Cajazeiras",2,"Nordeste",0,"251330",4,6,3,3,2,4,0,0,0,0,0,6,3,3,2,4,6,9.08264221859664,8.67778025606419,0.412956336788856,30
"5374","PB","Santa Helena",5871,8801.19,25002,"Cajazeiras",2,"Nordeste",0,"251330",5,6,3,3,2,4,0,0,0,0,0,6,3,3,2,4,5,9.08264221859664,8.67778025606419,0.440251794372676,31
"5375","PB","Santa Helena",5871,8801.19,25002,"Cajazeiras",2,"Nordeste",0,"251330",6,6,2,4,3,3,1,0,0,0,0,7,2,4,3,3,7,9.08264221859664,8.67778025606419,0.414833167297369,30
"5376","PB","Santa Helena",5871,8801.19,25002,"Cajazeiras",2,"Nordeste",0,"251330",7,4,3,1,0,4,0,0,0,0,0,4,3,1,0,4,4,9.08264221859664,8.67778025606419,0.43947935536377,29
"5377","PB","Santa Luzia",15426,15200.87,25008,"Seridó Ocidental Paraibano",2,"Nordeste",1,"251340",2,22,7,15,11,11,0,0,0,0,0,22,7,15,11,11,10,9.62910794203851,9.64380967649394,0.249335272204511,29
"5378","PB","Santa Luzia",15426,15200.87,25008,"Seridó Ocidental Paraibano",2,"Nordeste",1,"251340",3,28,3,25,10,18,0,0,0,0,0,28,3,25,10,18,3,9.62910794203851,9.64380967649394,0.339401987420193,31
"5379","PB","Santa Luzia",15426,15200.87,25008,"Seridó Ocidental Paraibano",2,"Nordeste",1,"251340",4,18,1,17,5,13,0,0,0,0,0,18,1,17,5,13,7,9.62910794203851,9.64380967649394,0.396537901587341,30
"5380","PB","Santa Luzia",15426,15200.87,25008,"Seridó Ocidental Paraibano",2,"Nordeste",1,"251340",5,13,0,13,8,5,0,0,0,0,0,13,0,13,8,5,13,9.62910794203851,9.64380967649394,0.407568443596562,31
"5381","PB","Santa Luzia",15426,15200.87,25008,"Seridó Ocidental Paraibano",2,"Nordeste",1,"251340",6,14,2,12,7,7,0,0,0,0,0,14,2,12,7,7,12,9.62910794203851,9.64380967649394,0.355728427660303,30
"5382","PB","Santa Luzia",15426,15200.87,25008,"Seridó Ocidental Paraibano",2,"Nordeste",1,"251340",7,13,0,13,2,11,0,0,0,0,0,13,0,13,2,11,11,9.62910794203851,9.64380967649394,0.375580571716536,29
"5383","PB","Santa Rita",137349,17596.1,25022,"João Pessoa",2,"Nordeste",1,"251370",2,299,98,201,134,165,0,0,0,0,0,299,98,201,134,165,77,9.77543256556226,11.8302804108271,0.287679261220066,29
"5384","PB","Santa Rita",137349,17596.1,25022,"João Pessoa",2,"Nordeste",1,"251370",3,208,83,125,102,106,1,0,0,0,0,209,83,125,102,106,86,9.77543256556226,11.8302804108271,0.384558869730245,31
"5385","PB","Santa Rita",137349,17596.1,25022,"João Pessoa",2,"Nordeste",1,"251370",4,179,62,117,77,102,1,0,0,0,0,180,62,117,77,102,98,9.77543256556226,11.8302804108271,0.438610342272679,30
"5386","PB","Santa Rita",137349,17596.1,25022,"João Pessoa",2,"Nordeste",1,"251370",5,190,71,119,92,98,3,0,0,0,0,193,71,119,92,98,198,9.77543256556226,11.8302804108271,0.438220873645635,31
"5387","PB","Santa Rita",137349,17596.1,25022,"João Pessoa",2,"Nordeste",1,"251370",6,209,80,129,96,113,1,0,0,0,0,210,80,129,96,113,114,9.77543256556226,11.8302804108271,0.393333924714112,30
"5388","PB","Santa Rita",137349,17596.1,25022,"João Pessoa",2,"Nordeste",1,"251370",7,200,72,128,79,121,5,0,0,0,0,205,72,128,79,121,82,9.77543256556226,11.8302804108271,0.38920055686776,29
"5389","PB","Santa Teresinha",4562,9615.28,25004,"Patos",2,"Nordeste",0,"251380",2,8,3,5,3,5,0,0,0,0,0,8,3,5,3,5,3,9.17110877876371,8.42551640284433,0.278482175625612,29
"5390","PB","Santa Teresinha",4562,9615.28,25004,"Patos",2,"Nordeste",0,"251380",3,9,4,5,5,4,0,0,0,0,0,9,4,5,5,4,2,9.17110877876371,8.42551640284433,0.363913821345188,31
"5391","PB","Santa Teresinha",4562,9615.28,25004,"Patos",2,"Nordeste",0,"251380",4,6,0,6,0,6,0,0,0,0,0,6,0,6,0,6,3,9.17110877876371,8.42551640284433,0.427336631371684,30
"5392","PB","Santa Teresinha",4562,9615.28,25004,"Patos",2,"Nordeste",0,"251380",5,2,0,2,1,1,0,0,0,0,0,2,0,2,1,1,2,9.17110877876371,8.42551640284433,0.405350619978423,31
"5393","PB","Santa Teresinha",4562,9615.28,25004,"Patos",2,"Nordeste",0,"251380",6,3,0,3,2,1,0,0,0,0,0,3,0,3,2,1,1,9.17110877876371,8.42551640284433,0.402397786609765,30
"5394","PB","Santa Teresinha",4562,9615.28,25004,"Patos",2,"Nordeste",0,"251380",7,0,0,0,0,0,0,0,0,0,0,0,0,0,0,0,7,9.17110877876371,8.42551640284433,0.427333536510653,29
"5395","PB","São Bento",34344,12945.68,25001,"Catolé do Rocha",2,"Nordeste",1,"251390",2,67,37,30,37,30,0,0,0,0,0,67,37,30,37,30,18,9.46851742074033,10.4441826099044,0.257478852982084,29
"5396","PB","São Bento",34344,12945.68,25001,"Catolé do Rocha",2,"Nordeste",1,"251390",3,65,39,26,32,33,0,0,0,0,0,65,39,26,32,33,13,9.46851742074033,10.4441826099044,0.325733838240716,31
"5397","PB","São Bento",34344,12945.68,25001,"Catolé do Rocha",2,"Nordeste",1,"251390",4,34,17,17,17,17,0,0,0,0,0,34,17,17,17,17,13,9.46851742074033,10.4441826099044,0.339430421969106,30
"5398","PB","São Bento",34344,12945.68,25001,"Catolé do Rocha",2,"Nordeste",1,"251390",5,39,21,18,15,24,0,0,0,0,0,39,21,18,15,24,24,9.46851742074033,10.4441826099044,0.358620915753062,31
"5399","PB","São Bento",34344,12945.68,25001,"Catolé do Rocha",2,"Nordeste",1,"251390",6,26,14,12,10,16,1,0,0,0,0,27,14,12,10,16,9,9.46851742074033,10.4441826099044,0.345561651859129,30
"5400","PB","São Bento",34344,12945.68,25001,"Catolé do Rocha",2,"Nordeste",1,"251390",7,38,19,19,15,23,0,0,0,0,0,38,19,19,15,23,26,9.46851742074033,10.4441826099044,0.364136458974808,29
"5401","PB","São João do Cariri",4184,10376.35,25011,"Cariri Oriental",2,"Nordeste",0,"251400",2,6,2,4,2,4,0,0,0,0,0,6,2,4,2,4,3,9.24728445711589,8.33902300574476,0.268860671083639,29
"5402","PB","São João do Cariri",4184,10376.35,25011,"Cariri Oriental",2,"Nordeste",0,"251400",3,4,0,4,0,4,0,0,0,0,0,4,0,4,0,4,1,9.24728445711589,8.33902300574476,0.343421894354103,31
"5403","PB","São João do Cariri",4184,10376.35,25011,"Cariri Oriental",2,"Nordeste",0,"251400",4,2,0,2,1,1,0,0,0,0,0,2,0,2,1,1,3,9.24728445711589,8.33902300574476,0.421348420562659,30
"5404","PB","São João do Cariri",4184,10376.35,25011,"Cariri Oriental",2,"Nordeste",0,"251400",5,8,1,7,2,6,0,0,0,0,0,8,1,7,2,6,6,9.24728445711589,8.33902300574476,0.410460970178769,31
"5405","PB","São João do Cariri",4184,10376.35,25011,"Cariri Oriental",2,"Nordeste",0,"251400",6,5,1,4,0,5,0,0,0,0,0,5,1,4,0,5,6,9.24728445711589,8.33902300574476,0.361793804281288,30
"5406","PB","São João do Cariri",4184,10376.35,25011,"Cariri Oriental",2,"Nordeste",0,"251400",7,4,1,3,2,2,0,0,0,0,0,4,1,3,2,2,3,9.24728445711589,8.33902300574476,0.406200058593729,29
"5407","PB","São José dos Ramos",5998,8037.11,25021,"Sapé",2,"Nordeste",0,"251445",2,11,6,5,1,10,0,0,0,0,0,11,6,5,1,10,3,8.99182484481807,8.69918135930895,0.27340370421316,29
"5408","PB","São José dos Ramos",5998,8037.11,25021,"Sapé",2,"Nordeste",0,"251445",3,8,0,8,6,2,0,0,0,0,0,8,0,8,6,2,3,8.99182484481807,8.69918135930895,0.404907021098148,31
"5409","PB","São José dos Ramos",5998,8037.11,25021,"Sapé",2,"Nordeste",0,"251445",4,6,1,5,3,3,0,0,0,0,0,6,1,5,3,3,2,8.99182484481807,8.69918135930895,0.435140819071755,30
"5410","PB","São José dos Ramos",5998,8037.11,25021,"Sapé",2,"Nordeste",0,"251445",5,6,1,5,1,5,0,0,0,0,0,6,1,5,1,5,1,8.99182484481807,8.69918135930895,0.439862519100207,31
"5411","PB","São José dos Ramos",5998,8037.11,25021,"Sapé",2,"Nordeste",0,"251445",6,4,0,4,1,3,1,0,0,0,0,5,0,4,1,3,1,8.99182484481807,8.69918135930895,0.409866865484144,30
"5412","PB","São José dos Ramos",5998,8037.11,25021,"Sapé",2,"Nordeste",0,"251445",7,5,2,3,3,2,1,0,0,0,0,6,2,3,3,2,4,8.99182484481807,8.69918135930895,0.434183305250344,29
"5413","PB","São José de Piranhas",20329,9572.42,25002,"Cajazeiras",2,"Nordeste",0,"251450",2,34,16,18,14,20,0,0,0,0,0,34,16,18,14,20,8,9.16664132604309,9.91980371702106,0.272982117971715,29
"5414","PB","São José de Piranhas",20329,9572.42,25002,"Cajazeiras",2,"Nordeste",0,"251450",3,38,15,23,16,22,0,0,0,0,0,38,15,23,16,22,11,9.16664132604309,9.91980371702106,0.348972887349545,31
"5415","PB","São José de Piranhas",20329,9572.42,25002,"Cajazeiras",2,"Nordeste",0,"251450",4,16,8,8,10,6,0,0,0,0,0,16,8,8,10,6,12,9.16664132604309,9.91980371702106,0.365688706674474,30
"5416","PB","São José de Piranhas",20329,9572.42,25002,"Cajazeiras",2,"Nordeste",0,"251450",5,17,7,10,8,9,0,0,0,0,0,17,7,10,8,9,11,9.16664132604309,9.91980371702106,0.387461260833679,31
"5417","PB","São José de Piranhas",20329,9572.42,25002,"Cajazeiras",2,"Nordeste",0,"251450",6,22,8,14,9,13,1,0,0,0,0,23,8,14,9,13,13,9.16664132604309,9.91980371702106,0.362982592804272,30
"5418","PB","São José de Piranhas",20329,9572.42,25002,"Cajazeiras",2,"Nordeste",0,"251450",7,28,12,16,17,11,0,0,0,0,0,28,12,16,17,11,15,9.16664132604309,9.91980371702106,0.380426210529342,29
"5419","PB","São José do Sabugi",4147,27928.06,25008,"Seridó Ocidental Paraibano",2,"Nordeste",0,"251470",2,6,2,4,2,4,0,0,0,0,0,6,2,4,2,4,2,10.2373871971641,8.33014046024638,0.270610766600335,29
"5420","PB","São José do Sabugi",4147,27928.06,25008,"Seridó Ocidental Paraibano",2,"Nordeste",0,"251470",3,6,1,5,2,4,0,0,0,0,0,6,1,5,2,4,3,10.2373871971641,8.33014046024638,0.329428656669231,31
"5421","PB","São José do Sabugi",4147,27928.06,25008,"Seridó Ocidental Paraibano",2,"Nordeste",0,"251470",4,5,3,2,3,2,0,0,0,0,0,5,3,2,3,2,2,10.2373871971641,8.33014046024638,0.367225746248631,30
"5422","PB","São José do Sabugi",4147,27928.06,25008,"Seridó Ocidental Paraibano",2,"Nordeste",0,"251470",5,1,0,1,0,1,0,0,0,0,0,1,0,1,0,1,5,10.2373871971641,8.33014046024638,0.393944047388008,31
"5423","PB","São José do Sabugi",4147,27928.06,25008,"Seridó Ocidental Paraibano",2,"Nordeste",0,"251470",6,5,1,4,1,4,0,0,0,0,0,5,1,4,1,4,2,10.2373871971641,8.33014046024638,0.347219249434748,30
"5424","PB","São José do Sabugi",4147,27928.06,25008,"Seridó Ocidental Paraibano",2,"Nordeste",0,"251470",7,3,0,3,1,2,0,0,0,0,0,3,0,3,1,2,2,10.2373871971641,8.33014046024638,0.381166821685922,29
"5425","PB","São Mamede",7702,9134.93,25008,"Seridó Ocidental Paraibano",2,"Nordeste",0,"251490",2,15,6,9,7,8,1,0,0,0,0,16,6,9,7,8,5,9.1198608059475,8.94923531437485,0.309967891224378,29
"5426","PB","São Mamede",7702,9134.93,25008,"Seridó Ocidental Paraibano",2,"Nordeste",0,"251490",3,14,3,11,7,7,0,0,0,0,0,14,3,11,7,7,4,9.1198608059475,8.94923531437485,0.434117399660305,31
"5427","PB","São Mamede",7702,9134.93,25008,"Seridó Ocidental Paraibano",2,"Nordeste",0,"251490",4,10,5,5,6,4,0,0,0,0,0,10,5,5,6,4,5,9.1198608059475,8.94923531437485,0.449132303997291,30
"5428","PB","São Mamede",7702,9134.93,25008,"Seridó Ocidental Paraibano",2,"Nordeste",0,"251490",5,8,3,5,4,4,0,0,0,0,0,8,3,5,4,4,4,9.1198608059475,8.94923531437485,0.493972345382882,31
"5429","PB","São Mamede",7702,9134.93,25008,"Seridó Ocidental Paraibano",2,"Nordeste",0,"251490",6,6,1,5,3,3,0,0,0,0,0,6,1,5,3,3,5,9.1198608059475,8.94923531437485,0.433632485384284,30
"5430","PB","São Mamede",7702,9134.93,25008,"Seridó Ocidental Paraibano",2,"Nordeste",0,"251490",7,10,5,5,3,7,0,0,0,0,0,10,5,5,3,7,1,9.1198608059475,8.94923531437485,0.435801987437572,29
"5431","PB","São Miguel de Taipu",7410,9151.55,25021,"Sapé",2,"Nordeste",0,"251500",2,10,3,7,5,5,0,0,0,0,0,10,3,7,5,5,5,9.1216785428303,8.91058571829013,0.289325484098526,29
"5432","PB","São Miguel de Taipu",7410,9151.55,25021,"Sapé",2,"Nordeste",0,"251500",3,13,3,10,4,9,0,0,0,0,0,13,3,10,4,9,9,9.1216785428303,8.91058571829013,0.384448977336472,31
"5433","PB","São Miguel de Taipu",7410,9151.55,25021,"Sapé",2,"Nordeste",0,"251500",4,12,2,10,9,3,0,0,0,0,0,12,2,10,9,3,2,9.1216785428303,8.91058571829013,0.419829468807419,30
"5434","PB","São Miguel de Taipu",7410,9151.55,25021,"Sapé",2,"Nordeste",0,"251500",5,9,1,8,6,3,1,0,0,0,0,10,1,8,6,3,3,9.1216785428303,8.91058571829013,0.459682328124893,31
"5435","PB","São Miguel de Taipu",7410,9151.55,25021,"Sapé",2,"Nordeste",0,"251500",6,16,5,11,9,7,0,0,0,0,0,16,5,11,9,7,4,9.1216785428303,8.91058571829013,0.442808360181666,30
"5436","PB","São Miguel de Taipu",7410,9151.55,25021,"Sapé",2,"Nordeste",0,"251500",7,8,4,4,4,4,0,0,0,0,0,8,4,4,4,4,6,9.1216785428303,8.91058571829013,0.453981670789211,29
"5437","PB","São Sebastião de Lagoa de Roça",11728,8067.95,25014,"Esperança",2,"Nordeste",0,"251510",2,24,9,15,11,13,0,0,0,0,0,24,9,15,11,13,3,8.99565470173214,9.36973442412643,0.297805832280799,29
"5438","PB","São Sebastião de Lagoa de Roça",11728,8067.95,25014,"Esperança",2,"Nordeste",0,"251510",3,29,9,20,7,22,0,0,0,0,0,29,9,20,7,22,6,8.99565470173214,9.36973442412643,0.38394964427543,31
"5439","PB","São Sebastião de Lagoa de Roça",11728,8067.95,25014,"Esperança",2,"Nordeste",0,"251510",4,8,4,4,2,6,0,0,0,0,0,8,4,4,2,6,6,8.99565470173214,9.36973442412643,0.43164890765074,30
"5440","PB","São Sebastião de Lagoa de Roça",11728,8067.95,25014,"Esperança",2,"Nordeste",0,"251510",5,10,3,7,4,6,0,0,0,0,0,10,3,7,4,6,10,8.99565470173214,9.36973442412643,0.456654616928605,31
"5441","PB","São Sebastião de Lagoa de Roça",11728,8067.95,25014,"Esperança",2,"Nordeste",0,"251510",6,11,6,5,4,7,0,0,0,0,0,11,6,5,4,7,3,8.99565470173214,9.36973442412643,0.408640051898012,30
"5442","PB","São Sebastião de Lagoa de Roça",11728,8067.95,25014,"Esperança",2,"Nordeste",0,"251510",7,13,6,7,6,7,0,0,0,0,0,13,6,7,6,7,7,8.99565470173214,9.36973442412643,0.406177678538818,29
"5443","PB","Sapé",52804,10617.86,25021,"Sapé",2,"Nordeste",1,"251530",2,81,43,38,43,38,1,0,0,0,0,82,43,38,43,38,25,9.27029276789941,10.8743422244006,0.279583600617015,29
"5444","PB","Sapé",52804,10617.86,25021,"Sapé",2,"Nordeste",1,"251530",3,79,31,48,35,44,1,0,0,0,0,80,31,48,35,44,40,9.27029276789941,10.8743422244006,0.378617298326377,31
"5445","PB","Sapé",52804,10617.86,25021,"Sapé",2,"Nordeste",1,"251530",4,61,24,37,32,29,1,0,0,0,0,62,24,37,32,29,24,9.27029276789941,10.8743422244006,0.415028973642,30
"5446","PB","Sapé",52804,10617.86,25021,"Sapé",2,"Nordeste",1,"251530",5,58,24,34,31,27,0,0,0,0,0,58,24,34,31,27,46,9.27029276789941,10.8743422244006,0.417164860842657,31
"5447","PB","Sapé",52804,10617.86,25021,"Sapé",2,"Nordeste",1,"251530",6,31,14,17,13,18,0,0,0,0,0,31,14,17,13,18,50,9.27029276789941,10.8743422244006,0.38596640989643,30
"5448","PB","Sapé",52804,10617.86,25021,"Sapé",2,"Nordeste",1,"251530",7,45,19,26,17,28,1,0,0,0,0,46,19,26,17,28,50,9.27029276789941,10.8743422244006,0.406838512089022,29
"5449","PB","São Vicente do Seridó",10848,6794.64,25009,"Seridó Oriental Paraibano",2,"Nordeste",0,"251540",2,24,9,15,11,13,0,0,0,0,0,24,9,15,11,13,4,8.8238893450493,9.29173601018018,0.327238845751122,29
"5450","PB","São Vicente do Seridó",10848,6794.64,25009,"Seridó Oriental Paraibano",2,"Nordeste",0,"251540",3,32,7,25,11,21,0,0,0,0,0,32,7,25,11,21,1,8.8238893450493,9.29173601018018,0.433807409165784,31
"5451","PB","São Vicente do Seridó",10848,6794.64,25009,"Seridó Oriental Paraibano",2,"Nordeste",0,"251540",4,13,3,10,7,6,0,0,0,0,0,13,3,10,7,6,2,8.8238893450493,9.29173601018018,0.430640546222788,30
"5452","PB","São Vicente do Seridó",10848,6794.64,25009,"Seridó Oriental Paraibano",2,"Nordeste",0,"251540",5,17,5,12,6,11,0,0,0,0,0,17,5,12,6,11,4,8.8238893450493,9.29173601018018,0.475044101047155,31
"5453","PB","São Vicente do Seridó",10848,6794.64,25009,"Seridó Oriental Paraibano",2,"Nordeste",0,"251540",6,16,5,11,6,10,0,0,0,0,0,16,5,11,6,10,8,8.8238893450493,9.29173601018018,0.425138127567353,30
"5454","PB","São Vicente do Seridó",10848,6794.64,25009,"Seridó Oriental Paraibano",2,"Nordeste",0,"251540",7,19,3,16,10,9,0,0,0,0,0,19,3,16,10,9,5,8.8238893450493,9.29173601018018,0.442512307062579,29
"5455","PB","Serra Branca",13754,9233.06,25010,"Cariri Ocidental",2,"Nordeste",0,"251550",2,4,0,4,4,0,0,0,0,0,0,4,0,4,4,0,12,9.13054580018106,9.52908496987978,0.254663327653295,29
"5456","PB","Serra Branca",13754,9233.06,25010,"Cariri Ocidental",2,"Nordeste",0,"251550",3,7,2,5,2,5,0,0,0,0,0,7,2,5,2,5,6,9.13054580018106,9.52908496987978,0.337070311854497,31
"5457","PB","Serra Branca",13754,9233.06,25010,"Cariri Ocidental",2,"Nordeste",0,"251550",4,6,1,5,2,4,0,0,0,0,0,6,1,5,2,4,6,9.13054580018106,9.52908496987978,0.375946362966359,30
"5458","PB","Serra Branca",13754,9233.06,25010,"Cariri Ocidental",2,"Nordeste",0,"251550",5,6,1,5,2,4,0,0,0,0,0,6,1,5,2,4,11,9.13054580018106,9.52908496987978,0.376709833656405,31
"5459","PB","Serra Branca",13754,9233.06,25010,"Cariri Ocidental",2,"Nordeste",0,"251550",6,9,3,6,6,3,0,0,0,0,0,9,3,6,6,3,12,9.13054580018106,9.52908496987978,0.330676755529971,30
"5460","PB","Serra Branca",13754,9233.06,25010,"Cariri Ocidental",2,"Nordeste",0,"251550",7,6,3,3,1,5,0,0,0,0,0,6,3,3,1,5,8,9.13054580018106,9.52908496987978,0.374194631940943,29
"5461","PB","Serra Redonda",7021,8559.69,25017,"Campina Grande",2,"Nordeste",0,"251580",2,10,5,5,5,5,0,0,0,0,0,10,5,5,5,5,0,9.05481925352674,8.85666093701725,0.335348424306474,29
"5462","PB","Serra Redonda",7021,8559.69,25017,"Campina Grande",2,"Nordeste",0,"251580",3,9,4,5,1,8,0,0,0,0,0,9,4,5,1,8,9,9.05481925352674,8.85666093701725,0.413681364609735,31
"5463","PB","Serra Redonda",7021,8559.69,25017,"Campina Grande",2,"Nordeste",0,"251580",4,6,2,4,6,0,0,0,0,0,0,6,2,4,6,0,4,9.05481925352674,8.85666093701725,0.461736193799933,30
"5464","PB","Serra Redonda",7021,8559.69,25017,"Campina Grande",2,"Nordeste",0,"251580",5,17,7,10,7,10,0,0,0,0,0,17,7,10,7,10,5,9.05481925352674,8.85666093701725,0.458123990605723,31
"5465","PB","Serra Redonda",7021,8559.69,25017,"Campina Grande",2,"Nordeste",0,"251580",6,9,2,7,2,7,0,0,0,0,0,9,2,7,2,7,3,9.05481925352674,8.85666093701725,0.448492355765193,30
"5466","PB","Serra Redonda",7021,8559.69,25017,"Campina Grande",2,"Nordeste",0,"251580",7,14,5,9,7,7,0,0,0,0,0,14,5,9,7,7,11,9.05481925352674,8.85666093701725,0.447925425493786,29
"5467","PB","Serraria",6068,9376.14,25015,"Brejo Paraibano",2,"Nordeste",0,"251590",2,12,7,5,3,9,0,0,0,0,0,12,7,5,3,9,2,9.14592344344593,8.71078434046842,0.277221810398471,29
"5468","PB","Serraria",6068,9376.14,25015,"Brejo Paraibano",2,"Nordeste",0,"251590",3,7,5,2,5,2,0,0,0,0,0,7,5,2,5,2,5,9.14592344344593,8.71078434046842,0.35911274516037,31
"5469","PB","Serraria",6068,9376.14,25015,"Brejo Paraibano",2,"Nordeste",0,"251590",4,9,5,4,3,6,0,0,0,0,0,9,5,4,3,6,8,9.14592344344593,8.71078434046842,0.423584297305051,30
"5470","PB","Serraria",6068,9376.14,25015,"Brejo Paraibano",2,"Nordeste",0,"251590",5,3,2,1,2,1,0,0,0,0,0,3,2,1,2,1,5,9.14592344344593,8.71078434046842,0.466041142642375,31
"5471","PB","Serraria",6068,9376.14,25015,"Brejo Paraibano",2,"Nordeste",0,"251590",6,6,1,5,2,4,0,0,0,0,0,6,1,5,2,4,1,9.14592344344593,8.71078434046842,0.421289930367877,30
"5472","PB","Serraria",6068,9376.14,25015,"Brejo Paraibano",2,"Nordeste",0,"251590",7,7,5,2,1,6,0,0,0,0,0,7,5,2,1,6,2,9.14592344344593,8.71078434046842,0.434204392402006,29
"5473","PB","Sertãozinho",5089,9606.62,25016,"Guarabira",2,"Nordeste",0,"251593",2,5,2,3,1,4,0,0,0,0,0,5,2,3,1,4,1,9.17020772313592,8.53483662658883,0.264905006090344,29
"5474","PB","Sertãozinho",5089,9606.62,25016,"Guarabira",2,"Nordeste",0,"251593",3,3,1,2,1,2,0,0,0,0,0,3,1,2,1,2,4,9.17020772313592,8.53483662658883,0.382363421764248,31
"5475","PB","Sertãozinho",5089,9606.62,25016,"Guarabira",2,"Nordeste",0,"251593",4,10,5,5,1,9,1,0,0,0,0,11,5,5,1,9,4,9.17020772313592,8.53483662658883,0.420206770323673,30
"5476","PB","Sertãozinho",5089,9606.62,25016,"Guarabira",2,"Nordeste",0,"251593",5,10,6,4,4,6,0,0,0,0,0,10,6,4,4,6,4,9.17020772313592,8.53483662658883,0.43332406808369,31
"5477","PB","Sertãozinho",5089,9606.62,25016,"Guarabira",2,"Nordeste",0,"251593",6,7,2,5,3,4,0,0,0,0,0,7,2,5,3,4,2,9.17020772313592,8.53483662658883,0.379004248323559,30
"5478","PB","Sertãozinho",5089,9606.62,25016,"Guarabira",2,"Nordeste",0,"251593",7,2,1,1,0,2,0,0,0,0,0,2,1,1,0,2,5,9.17020772313592,8.53483662658883,0.439879665565339,29
"5479","PB","Sobrado",7815,11447.1,25021,"Sapé",2,"Nordeste",0,"251597",2,18,5,13,7,11,0,0,0,0,0,18,5,13,7,11,4,9.34549170179366,8.96380024285558,0.287641714502565,29
"5480","PB","Sobrado",7815,11447.1,25021,"Sapé",2,"Nordeste",0,"251597",3,10,5,5,8,2,0,0,0,0,0,10,5,5,8,2,2,9.34549170179366,8.96380024285558,0.399757471036749,31
"5481","PB","Sobrado",7815,11447.1,25021,"Sapé",2,"Nordeste",0,"251597",4,10,4,6,5,5,1,0,0,0,0,11,4,6,5,5,3,9.34549170179366,8.96380024285558,0.4644390265617,30
"5482","PB","Sobrado",7815,11447.1,25021,"Sapé",2,"Nordeste",0,"251597",5,14,5,9,4,10,0,0,0,0,0,14,5,9,4,10,3,9.34549170179366,8.96380024285558,0.47368764090915,31
"5483","PB","Sobrado",7815,11447.1,25021,"Sapé",2,"Nordeste",0,"251597",6,10,2,8,4,6,0,0,0,0,0,10,2,8,4,6,3,9.34549170179366,8.96380024285558,0.411412443382673,30
"5484","PB","Sobrado",7815,11447.1,25021,"Sapé",2,"Nordeste",0,"251597",7,7,3,4,3,4,0,0,0,0,0,7,3,4,3,4,2,9.34549170179366,8.96380024285558,0.434484599852417,29
"5485","PB","Solânea",26227,10755.63,25013,"Curimataú Oriental",2,"Nordeste",1,"251600",2,39,16,23,11,28,0,0,0,0,0,39,16,23,11,28,12,9.2831846173921,10.1745446934643,0.285784740299755,29
"5486","PB","Solânea",26227,10755.63,25013,"Curimataú Oriental",2,"Nordeste",1,"251600",3,38,18,20,15,23,0,0,0,0,0,38,18,20,15,23,20,9.2831846173921,10.1745446934643,0.367961213037861,31
"5487","PB","Solânea",26227,10755.63,25013,"Curimataú Oriental",2,"Nordeste",1,"251600",4,37,16,21,19,18,0,0,0,0,0,37,16,21,19,18,15,9.2831846173921,10.1745446934643,0.398311574653351,30
"5488","PB","Solânea",26227,10755.63,25013,"Curimataú Oriental",2,"Nordeste",1,"251600",5,40,25,15,22,18,0,0,0,0,0,40,25,15,22,18,16,9.2831846173921,10.1745446934643,0.411985819148804,31
"5489","PB","Solânea",26227,10755.63,25013,"Curimataú Oriental",2,"Nordeste",1,"251600",6,32,16,16,11,21,1,0,0,0,0,33,16,16,11,21,20,9.2831846173921,10.1745446934643,0.38042223825665,30
"5490","PB","Solânea",26227,10755.63,25013,"Curimataú Oriental",2,"Nordeste",1,"251600",7,32,14,18,16,16,0,0,0,0,0,32,14,18,16,16,17,9.2831846173921,10.1745446934643,0.394973617473786,29
"5491","PB","Soledade",15102,11269.1,25012,"Curimataú Ocidental",2,"Nordeste",0,"251610",2,34,15,19,17,17,1,0,0,0,0,35,15,19,17,17,8,9.32981974581483,9.62258246436337,0.270953101580309,29
"5492","PB","Soledade",15102,11269.1,25012,"Curimataú Ocidental",2,"Nordeste",0,"251610",3,34,15,19,13,21,0,0,0,0,0,34,15,19,13,21,11,9.32981974581483,9.62258246436337,0.37956949246175,31
"5493","PB","Soledade",15102,11269.1,25012,"Curimataú Ocidental",2,"Nordeste",0,"251610",4,20,9,11,8,12,0,0,0,0,0,20,9,11,8,12,6,9.32981974581483,9.62258246436337,0.406493295805027,30
"5494","PB","Soledade",15102,11269.1,25012,"Curimataú Ocidental",2,"Nordeste",0,"251610",5,16,9,7,6,10,0,0,0,0,0,16,9,7,6,10,5,9.32981974581483,9.62258246436337,0.396782312882672,31
"5495","PB","Soledade",15102,11269.1,25012,"Curimataú Ocidental",2,"Nordeste",0,"251610",6,19,8,11,7,12,0,0,0,0,0,19,8,11,7,12,5,9.32981974581483,9.62258246436337,0.392158969859682,30
"5496","PB","Soledade",15102,11269.1,25012,"Curimataú Ocidental",2,"Nordeste",0,"251610",7,13,5,8,4,9,0,0,0,0,0,13,5,8,4,9,8,9.32981974581483,9.62258246436337,0.405988288903864,29
"5497","PB","Sossêgo",3594,9326.74,25012,"Curimataú Ocidental",2,"Nordeste",0,"251615",2,11,5,6,7,4,0,0,0,0,0,11,5,6,7,4,2,9.14064082227956,8.1870210673435,0.288935788116847,29
"5498","PB","Sossêgo",3594,9326.74,25012,"Curimataú Ocidental",2,"Nordeste",0,"251615",3,10,6,4,6,4,0,0,0,0,0,10,6,4,6,4,4,9.14064082227956,8.1870210673435,0.345248603381939,31
"5499","PB","Sossêgo",3594,9326.74,25012,"Curimataú Ocidental",2,"Nordeste",0,"251615",4,9,3,6,3,6,0,0,0,0,0,9,3,6,3,6,0,9.14064082227956,8.1870210673435,0.384589680040484,30
"5500","PB","Sossêgo",3594,9326.74,25012,"Curimataú Ocidental",2,"Nordeste",0,"251615",5,2,1,1,1,1,0,0,0,0,0,2,1,1,1,1,2,9.14064082227956,8.1870210673435,0.399206378261972,31
"5501","PB","Sossêgo",3594,9326.74,25012,"Curimataú Ocidental",2,"Nordeste",0,"251615",6,5,1,4,3,2,0,0,0,0,0,5,1,4,3,2,2,9.14064082227956,8.1870210673435,0.38744404315622,30
"5502","PB","Sossêgo",3594,9326.74,25012,"Curimataú Ocidental",2,"Nordeste",0,"251615",7,7,1,6,5,2,0,0,0,0,0,7,1,6,5,2,3,9.14064082227956,8.1870210673435,0.432674718813689,29
"5503","PB","Sousa",69723,16215.67,25003,"Sousa",2,"Nordeste",1,"251620",2,145,39,106,57,88,0,0,0,0,0,145,39,106,57,88,41,9.69373333765343,11.1522855279681,0.278983742663599,29
"5504","PB","Sousa",69723,16215.67,25003,"Sousa",2,"Nordeste",1,"251620",3,134,39,95,53,81,2,0,0,0,0,136,39,95,53,81,37,9.69373333765343,11.1522855279681,0.369860050783276,31
"5505","PB","Sousa",69723,16215.67,25003,"Sousa",2,"Nordeste",1,"251620",4,90,22,68,35,55,1,0,0,0,0,91,22,68,35,55,33,9.69373333765343,11.1522855279681,0.389953919468443,30
"5506","PB","Sousa",69723,16215.67,25003,"Sousa",2,"Nordeste",1,"251620",5,80,20,60,29,51,0,0,0,0,0,80,20,60,29,51,38,9.69373333765343,11.1522855279681,0.404127573774862,31
"5507","PB","Sousa",69723,16215.67,25003,"Sousa",2,"Nordeste",1,"251620",6,87,19,68,32,55,1,0,0,0,0,88,19,68,32,55,61,9.69373333765343,11.1522855279681,0.370694884325245,30
"5508","PB","Sousa",69723,16215.67,25003,"Sousa",2,"Nordeste",1,"251620",7,91,30,61,34,57,1,0,0,0,0,92,30,61,34,57,61,9.69373333765343,11.1522855279681,0.408320190496598,29
"5509","PB","Sumé",17031,10389.04,25010,"Cariri Ocidental",2,"Nordeste",0,"251630",2,28,8,20,11,17,0,0,0,0,0,28,8,20,11,17,8,9.24850668328932,9.74279049183884,0.252974347027758,29
"5510","PB","Sumé",17031,10389.04,25010,"Cariri Ocidental",2,"Nordeste",0,"251630",3,28,8,20,11,17,0,0,0,0,0,28,8,20,11,17,13,9.24850668328932,9.74279049183884,0.318299785580943,31
"5511","PB","Sumé",17031,10389.04,25010,"Cariri Ocidental",2,"Nordeste",0,"251630",4,23,7,16,10,13,0,0,0,0,0,23,7,16,10,13,6,9.24850668328932,9.74279049183884,0.3382223227872,30
"5512","PB","Sumé",17031,10389.04,25010,"Cariri Ocidental",2,"Nordeste",0,"251630",5,28,10,18,10,18,0,0,0,0,0,28,10,18,10,18,14,9.24850668328932,9.74279049183884,0.368902858362012,31
"5513","PB","Sumé",17031,10389.04,25010,"Cariri Ocidental",2,"Nordeste",0,"251630",6,26,5,21,17,9,0,0,0,0,0,26,5,21,17,9,7,9.24850668328932,9.74279049183884,0.331367917252342,30
"5514","PB","Sumé",17031,10389.04,25010,"Cariri Ocidental",2,"Nordeste",0,"251630",7,13,2,11,6,7,0,0,0,0,0,13,2,11,6,7,22,9.24850668328932,9.74279049183884,0.348917768791876,29
"5515","PB","Tacima",10969,7086.62,25013,"Curimataú Oriental",2,"Nordeste",0,"251640",2,16,5,11,6,10,0,0,0,0,0,16,5,11,6,10,5,8.86596377806974,9.30282839141133,0.303200161100965,29
"5516","PB","Tacima",10969,7086.62,25013,"Curimataú Oriental",2,"Nordeste",0,"251640",3,12,1,11,6,6,0,0,0,0,0,12,1,11,6,6,4,8.86596377806974,9.30282839141133,0.403643753915957,31
"5517","PB","Tacima",10969,7086.62,25013,"Curimataú Oriental",2,"Nordeste",0,"251640",4,9,4,5,4,5,1,0,0,0,0,10,4,5,4,5,7,8.86596377806974,9.30282839141133,0.422013788458457,30
"5518","PB","Tacima",10969,7086.62,25013,"Curimataú Oriental",2,"Nordeste",0,"251640",5,9,4,5,6,3,0,0,0,0,0,9,4,5,6,3,5,8.86596377806974,9.30282839141133,0.451505068059908,31
"5519","PB","Tacima",10969,7086.62,25013,"Curimataú Oriental",2,"Nordeste",0,"251640",6,10,5,5,4,6,0,0,0,0,0,10,5,5,4,6,8,8.86596377806974,9.30282839141133,0.428920154635069,30
"5520","PB","Tacima",10969,7086.62,25013,"Curimataú Oriental",2,"Nordeste",0,"251640",7,10,5,5,4,6,0,0,0,0,0,10,5,5,4,6,4,8.86596377806974,9.30282839141133,0.480783979792918,29
"5521","PB","Taperoá",15441,8091.77,25010,"Cariri Ocidental",2,"Nordeste",0,"251650",2,31,16,15,15,16,0,0,0,0,0,31,16,15,15,16,11,8.99860277474973,9.64478158832086,0.287852141218841,29
"5522","PB","Taperoá",15441,8091.77,25010,"Cariri Ocidental",2,"Nordeste",0,"251650",3,33,14,19,12,21,0,0,0,0,0,33,14,19,12,21,9,8.99860277474973,9.64478158832086,0.368824791153966,31
"5523","PB","Taperoá",15441,8091.77,25010,"Cariri Ocidental",2,"Nordeste",0,"251650",4,16,9,7,6,10,0,0,0,0,0,16,9,7,6,10,8,8.99860277474973,9.64478158832086,0.385921065014089,30
"5524","PB","Taperoá",15441,8091.77,25010,"Cariri Ocidental",2,"Nordeste",0,"251650",5,16,8,8,10,6,0,0,0,0,0,16,8,8,10,6,13,8.99860277474973,9.64478158832086,0.412842892868648,31
"5525","PB","Taperoá",15441,8091.77,25010,"Cariri Ocidental",2,"Nordeste",0,"251650",6,23,11,12,12,11,0,0,0,0,0,23,11,12,12,11,12,8.99860277474973,9.64478158832086,0.355205021253532,30
"5526","PB","Taperoá",15441,8091.77,25010,"Cariri Ocidental",2,"Nordeste",0,"251650",7,20,10,10,10,10,0,0,0,0,0,20,10,10,10,10,12,8.99860277474973,9.64478158832086,0.391066924764261,29
"5527","PB","Tavares",14759,7909.38,25007,"Serra do Teixeira",2,"Nordeste",0,"251660",2,19,8,11,5,14,1,0,0,0,0,20,8,11,5,14,6,8.97580467589449,9.59960834518178,0.327392954695129,29
"5528","PB","Tavares",14759,7909.38,25007,"Serra do Teixeira",2,"Nordeste",0,"251660",3,26,7,19,8,18,0,0,0,0,0,26,7,19,8,18,9,8.97580467589449,9.59960834518178,0.407207744573672,31
"5529","PB","Tavares",14759,7909.38,25007,"Serra do Teixeira",2,"Nordeste",0,"251660",4,16,6,10,6,10,0,0,0,0,0,16,6,10,6,10,4,8.97580467589449,9.59960834518178,0.425237583662695,30
"5530","PB","Tavares",14759,7909.38,25007,"Serra do Teixeira",2,"Nordeste",0,"251660",5,13,5,8,10,3,0,0,0,0,0,13,5,8,10,3,11,8.97580467589449,9.59960834518178,0.427009626690205,31
"5531","PB","Tavares",14759,7909.38,25007,"Serra do Teixeira",2,"Nordeste",0,"251660",6,14,5,9,4,10,0,0,0,0,0,14,5,9,4,10,9,8.97580467589449,9.59960834518178,0.40303447831873,30
"5532","PB","Tavares",14759,7909.38,25007,"Serra do Teixeira",2,"Nordeste",0,"251660",7,14,4,10,6,8,0,0,0,0,0,14,4,10,6,8,9,8.97580467589449,9.59960834518178,0.430678688550982,29
"5533","PB","Teixeira",15248,9174.29,25007,"Serra do Teixeira",2,"Nordeste",0,"251670",2,43,22,21,14,29,1,0,0,0,0,44,22,21,14,29,6,9.12416028573227,9.63220362589398,0.291351740727701,29
"5534","PB","Teixeira",15248,9174.29,25007,"Serra do Teixeira",2,"Nordeste",0,"251670",3,48,14,34,24,24,0,0,0,0,0,48,14,34,24,24,12,9.12416028573227,9.63220362589398,0.354041957352327,31
"5535","PB","Teixeira",15248,9174.29,25007,"Serra do Teixeira",2,"Nordeste",0,"251670",4,23,8,15,10,13,1,0,0,0,0,24,8,15,10,13,5,9.12416028573227,9.63220362589398,0.368514463226883,30
"5536","PB","Teixeira",15248,9174.29,25007,"Serra do Teixeira",2,"Nordeste",0,"251670",5,17,1,16,5,12,1,0,0,0,0,18,1,16,5,12,11,9.12416028573227,9.63220362589398,0.407394718577218,31
"5537","PB","Teixeira",15248,9174.29,25007,"Serra do Teixeira",2,"Nordeste",0,"251670",6,16,5,11,7,9,0,0,0,0,0,16,5,11,7,9,16,9.12416028573227,9.63220362589398,0.392957413188703,30
"5538","PB","Teixeira",15248,9174.29,25007,"Serra do Teixeira",2,"Nordeste",0,"251670",7,16,4,12,6,10,0,0,0,0,0,16,4,12,6,10,10,9.12416028573227,9.63220362589398,0.404711340548669,29
"5539","PB","Triunfo",9464,7790.28,25002,"Cajazeiras",2,"Nordeste",0,"251680",2,4,1,3,1,3,0,0,0,0,0,4,1,3,1,3,7,8.96063208173617,9.15525040565822,0.283901489989978,29
"5540","PB","Triunfo",9464,7790.28,25002,"Cajazeiras",2,"Nordeste",0,"251680",3,13,7,6,5,8,0,0,0,0,0,13,7,6,5,8,6,8.96063208173617,9.15525040565822,0.390235918705572,31
"5541","PB","Triunfo",9464,7790.28,25002,"Cajazeiras",2,"Nordeste",0,"251680",4,3,1,2,1,2,0,0,0,0,0,3,1,2,1,2,9,8.96063208173617,9.15525040565822,0.406110994118603,30
"5542","PB","Triunfo",9464,7790.28,25002,"Cajazeiras",2,"Nordeste",0,"251680",5,8,4,4,5,3,0,0,0,0,0,8,4,4,5,3,7,8.96063208173617,9.15525040565822,0.402403889580403,31
"5543","PB","Triunfo",9464,7790.28,25002,"Cajazeiras",2,"Nordeste",0,"251680",6,9,1,8,3,6,0,0,0,0,0,9,1,8,3,6,5,8.96063208173617,9.15525040565822,0.377825427449081,30
"5544","PB","Triunfo",9464,7790.28,25002,"Cajazeiras",2,"Nordeste",0,"251680",7,9,4,5,3,6,0,0,0,0,0,9,4,5,3,6,5,8.96063208173617,9.15525040565822,0.359540716730147,29
"5545","PB","Uiraúna",15300,10908.57,25002,"Cajazeiras",2,"Nordeste",0,"251690",2,38,11,27,15,23,0,0,0,0,0,38,11,27,15,23,8,9.29730399782575,9.63560810738053,0.278515257412503,29
"5546","PB","Uiraúna",15300,10908.57,25002,"Cajazeiras",2,"Nordeste",0,"251690",3,24,6,18,12,12,0,0,0,0,0,24,6,18,12,12,7,9.29730399782575,9.63560810738053,0.378575519009607,31
"5547","PB","Uiraúna",15300,10908.57,25002,"Cajazeiras",2,"Nordeste",0,"251690",4,14,2,12,6,8,0,0,0,0,0,14,2,12,6,8,11,9.29730399782575,9.63560810738053,0.424884041337921,30
"5548","PB","Uiraúna",15300,10908.57,25002,"Cajazeiras",2,"Nordeste",0,"251690",5,12,3,9,4,8,0,0,0,0,0,12,3,9,4,8,10,9.29730399782575,9.63560810738053,0.411713560548454,31
"5549","PB","Uiraúna",15300,10908.57,25002,"Cajazeiras",2,"Nordeste",0,"251690",6,13,1,12,4,9,0,0,0,0,0,13,1,12,4,9,8,9.29730399782575,9.63560810738053,0.369759758386957,30
"5550","PB","Uiraúna",15300,10908.57,25002,"Cajazeiras",2,"Nordeste",0,"251690",7,17,2,15,5,12,0,0,0,0,0,17,2,15,5,12,10,9.29730399782575,9.63560810738053,0.428585713683041,29
"5551","PB","Umbuzeiro",9911,7520.42,25019,"Umbuzeiro",2,"Nordeste",0,"251700",2,23,9,14,11,12,0,0,0,0,0,23,9,14,11,12,8,8.9253772664481,9.20140053040671,0.32063933805511,29
"5552","PB","Umbuzeiro",9911,7520.42,25019,"Umbuzeiro",2,"Nordeste",0,"251700",3,12,3,9,6,6,0,0,0,0,0,12,3,9,6,6,5,8.9253772664481,9.20140053040671,0.418507290607954,31
"5553","PB","Umbuzeiro",9911,7520.42,25019,"Umbuzeiro",2,"Nordeste",0,"251700",4,7,2,5,4,3,0,0,0,0,0,7,2,5,4,3,5,8.9253772664481,9.20140053040671,0.464731645038985,30
"5554","PB","Umbuzeiro",9911,7520.42,25019,"Umbuzeiro",2,"Nordeste",0,"251700",5,13,4,9,7,6,0,0,0,0,0,13,4,9,7,6,9,8.9253772664481,9.20140053040671,0.475862906240315,31
"5555","PB","Umbuzeiro",9911,7520.42,25019,"Umbuzeiro",2,"Nordeste",0,"251700",6,16,5,11,5,11,0,0,0,0,0,16,5,11,5,11,8,8.9253772664481,9.20140053040671,0.427305288115363,30
"5556","PB","Umbuzeiro",9911,7520.42,25019,"Umbuzeiro",2,"Nordeste",0,"251700",7,9,2,7,5,4,0,0,0,0,0,9,2,7,5,4,13,8.9253772664481,9.20140053040671,0.473549191422288,29
"5557","PE","Abreu e Lima",100346,17320.77,26017,"Recife",2,"Nordeste",1,"260005",2,167,43,124,63,104,1,0,0,0,0,168,43,124,63,104,51,9.75966163840306,11.5163794929417,0.309823938119289,29
"5558","PE","Abreu e Lima",100346,17320.77,26017,"Recife",2,"Nordeste",1,"260005",3,157,37,120,59,98,3,0,0,0,0,160,37,120,59,98,67,9.75966163840306,11.5163794929417,0.423380342937216,31
"5559","PE","Abreu e Lima",100346,17320.77,26017,"Recife",2,"Nordeste",1,"260005",4,97,28,69,39,58,1,0,0,0,0,98,28,69,39,58,78,9.75966163840306,11.5163794929417,0.508729825043108,30
"5560","PE","Abreu e Lima",100346,17320.77,26017,"Recife",2,"Nordeste",1,"260005",5,98,26,72,44,54,1,0,0,0,0,99,26,72,44,54,126,9.75966163840306,11.5163794929417,0.495777132420838,31
"5561","PE","Abreu e Lima",100346,17320.77,26017,"Recife",2,"Nordeste",1,"260005",6,104,25,79,40,64,0,0,0,0,0,104,25,79,40,64,64,9.75966163840306,11.5163794929417,0.426976521571866,30
"5562","PE","Abreu e Lima",100346,17320.77,26017,"Recife",2,"Nordeste",1,"260005",7,103,30,73,52,51,0,0,0,0,0,103,30,73,52,51,64,9.75966163840306,11.5163794929417,0.409275397972828,29
"5563","PE","Afogados da Ingazeira",37404,11753.3,26003,"Pajeú",2,"Nordeste",1,"260010",2,90,5,85,36,54,0,0,0,0,0,90,5,85,36,54,18,9.37188933120486,10.5295329295553,0.258390410797482,29
"5564","PE","Afogados da Ingazeira",37404,11753.3,26003,"Pajeú",2,"Nordeste",1,"260010",3,96,7,89,29,67,1,0,0,0,0,97,7,89,29,67,27,9.37188933120486,10.5295329295553,0.342132198613206,31
"5565","PE","Afogados da Ingazeira",37404,11753.3,26003,"Pajeú",2,"Nordeste",1,"260010",4,52,4,48,20,32,0,0,0,0,0,52,4,48,20,32,31,9.37188933120486,10.5295329295553,0.393464341403793,30
"5566","PE","Afogados da Ingazeira",37404,11753.3,26003,"Pajeú",2,"Nordeste",1,"260010",5,64,4,60,33,31,0,0,0,0,0,64,4,60,33,31,23,9.37188933120486,10.5295329295553,0.378676224311148,31
"5567","PE","Afogados da Ingazeira",37404,11753.3,26003,"Pajeú",2,"Nordeste",1,"260010",6,47,4,43,23,24,0,0,0,0,0,47,4,43,23,24,15,9.37188933120486,10.5295329295553,0.362617981115928,30
"5568","PE","Afogados da Ingazeira",37404,11753.3,26003,"Pajeú",2,"Nordeste",1,"260010",7,44,2,42,19,25,0,0,0,0,0,44,2,42,19,25,21,9.37188933120486,10.5295329295553,0.38181092658914,29
"5569","PE","Afrânio",19810,8510.74,26005,"Petrolina",2,"Nordeste",0,"260020",2,39,10,29,17,22,1,0,0,0,0,40,10,29,17,22,10,9.04908417430866,9.8939421396926,0.246027418034256,29
"5570","PE","Afrânio",19810,8510.74,26005,"Petrolina",2,"Nordeste",0,"260020",3,25,9,16,10,15,3,0,0,0,0,28,9,16,10,15,10,9.04908417430866,9.8939421396926,0.324420312191797,31
"5571","PE","Afrânio",19810,8510.74,26005,"Petrolina",2,"Nordeste",0,"260020",4,22,5,17,13,9,1,0,0,0,0,23,5,17,13,9,15,9.04908417430866,9.8939421396926,0.375187608913559,30
"5572","PE","Afrânio",19810,8510.74,26005,"Petrolina",2,"Nordeste",0,"260020",5,12,6,6,4,8,0,0,0,0,0,12,6,6,4,8,15,9.04908417430866,9.8939421396926,0.41672549323057,31
"5573","PE","Afrânio",19810,8510.74,26005,"Petrolina",2,"Nordeste",0,"260020",6,24,10,14,10,14,0,0,0,0,0,24,10,14,10,14,5,9.04908417430866,9.8939421396926,0.391887940674892,30
"5574","PE","Afrânio",19810,8510.74,26005,"Petrolina",2,"Nordeste",0,"260020",7,24,8,16,12,12,0,0,0,0,0,24,8,16,12,12,13,9.04908417430866,9.8939421396926,0.403101671192254,29
"5575","PE","Agrestina",25065,10300.13,26012,"Brejo Pernambucano",2,"Nordeste",0,"260030",2,53,18,35,25,28,0,0,0,0,0,53,18,35,25,28,24,9.2399117954973,10.1292277296976,0.288334541335454,29
"5576","PE","Agrestina",25065,10300.13,26012,"Brejo Pernambucano",2,"Nordeste",0,"260030",3,49,20,29,26,23,0,0,0,0,0,49,20,29,26,23,19,9.2399117954973,10.1292277296976,0.37197343678406,31
"5577","PE","Agrestina",25065,10300.13,26012,"Brejo Pernambucano",2,"Nordeste",0,"260030",4,30,11,19,11,19,1,0,0,0,0,31,11,19,11,19,13,9.2399117954973,10.1292277296976,0.408816134582954,30
"5578","PE","Agrestina",25065,10300.13,26012,"Brejo Pernambucano",2,"Nordeste",0,"260030",5,27,10,17,12,15,0,0,0,0,0,27,10,17,12,15,27,9.2399117954973,10.1292277296976,0.406812813388089,31
"5579","PE","Agrestina",25065,10300.13,26012,"Brejo Pernambucano",2,"Nordeste",0,"260030",6,32,12,20,12,20,1,0,0,0,0,33,12,20,12,20,34,9.2399117954973,10.1292277296976,0.374931034414509,30
"5580","PE","Agrestina",25065,10300.13,26012,"Brejo Pernambucano",2,"Nordeste",0,"260030",7,40,16,24,18,22,1,0,0,0,0,41,16,24,18,22,29,9.2399117954973,10.1292277296976,0.401527439284325,29
"5581","PE","Água Preta",37082,6748.57,26015,"Mata Meridional Pernambucana",2,"Nordeste",0,"260040",2,54,14,40,28,26,1,0,0,0,0,55,14,40,28,26,12,8.81708590957095,10.5208869556578,0.294414495290183,29
"5582","PE","Água Preta",37082,6748.57,26015,"Mata Meridional Pernambucana",2,"Nordeste",0,"260040",3,56,21,35,31,25,2,0,0,0,0,58,21,35,31,25,19,8.81708590957095,10.5208869556578,0.395529078577561,31
"5583","PE","Água Preta",37082,6748.57,26015,"Mata Meridional Pernambucana",2,"Nordeste",0,"260040",4,27,10,17,16,11,1,0,0,0,0,28,10,17,16,11,26,8.81708590957095,10.5208869556578,0.434067019284048,30
"5584","PE","Água Preta",37082,6748.57,26015,"Mata Meridional Pernambucana",2,"Nordeste",0,"260040",5,24,8,16,14,10,1,0,0,0,0,25,8,16,14,10,37,8.81708590957095,10.5208869556578,0.452602963021906,31
"5585","PE","Água Preta",37082,6748.57,26015,"Mata Meridional Pernambucana",2,"Nordeste",0,"260040",6,28,9,19,9,19,1,0,0,0,0,29,9,19,9,19,31,8.81708590957095,10.5208869556578,0.409846604800248,30
"5586","PE","Água Preta",37082,6748.57,26015,"Mata Meridional Pernambucana",2,"Nordeste",0,"260040",7,38,15,23,14,24,0,0,0,0,0,38,15,23,14,24,29,8.81708590957095,10.5208869556578,0.412891381134902,29
"5587","PE","Águas Belas",43686,8140.21,26007,"Vale do Ipanema",2,"Nordeste",0,"260050",2,83,34,49,39,44,0,0,0,0,0,83,34,49,39,44,31,9.00457125718961,10.6847829636228,0.276291396248346,29
"5588","PE","Águas Belas",43686,8140.21,26007,"Vale do Ipanema",2,"Nordeste",0,"260050",3,93,50,43,47,46,0,0,0,0,0,93,50,43,47,46,31,9.00457125718961,10.6847829636228,0.34166257165401,31
"5589","PE","Águas Belas",43686,8140.21,26007,"Vale do Ipanema",2,"Nordeste",0,"260050",4,60,38,22,24,36,1,0,0,0,0,61,38,22,24,36,25,9.00457125718961,10.6847829636228,0.369567779033039,30
"5590","PE","Águas Belas",43686,8140.21,26007,"Vale do Ipanema",2,"Nordeste",0,"260050",5,68,43,25,35,33,1,0,0,0,0,69,43,25,35,33,42,9.00457125718961,10.6847829636228,0.424266467097591,31
"5591","PE","Águas Belas",43686,8140.21,26007,"Vale do Ipanema",2,"Nordeste",0,"260050",6,54,30,24,28,26,0,0,0,0,0,54,30,24,28,26,37,9.00457125718961,10.6847829636228,0.392996336895686,30
"5592","PE","Águas Belas",43686,8140.21,26007,"Vale do Ipanema",2,"Nordeste",0,"260050",7,58,28,30,27,31,0,0,0,0,0,58,28,30,27,31,25,9.00457125718961,10.6847829636228,0.432300510791507,29
"5593","PE","Alagoinha",14718,9132.16,26008,"Vale do Ipojuca",2,"Nordeste",0,"260060",2,26,12,14,13,13,0,0,0,0,0,26,12,14,13,13,9,9.11955752830216,9.59682651348654,0.307082454502204,29
"5594","PE","Alagoinha",14718,9132.16,26008,"Vale do Ipojuca",2,"Nordeste",0,"260060",3,29,12,17,14,15,0,0,0,0,0,29,12,17,14,15,5,9.11955752830216,9.59682651348654,0.404417245572704,31
"5595","PE","Alagoinha",14718,9132.16,26008,"Vale do Ipojuca",2,"Nordeste",0,"260060",4,12,4,8,8,4,0,0,0,0,0,12,4,8,8,4,13,9.11955752830216,9.59682651348654,0.469735632045584,30
"5596","PE","Alagoinha",14718,9132.16,26008,"Vale do Ipojuca",2,"Nordeste",0,"260060",5,17,2,15,10,7,0,0,0,0,0,17,2,15,10,7,7,9.11955752830216,9.59682651348654,0.466002301260255,31
"5597","PE","Alagoinha",14718,9132.16,26008,"Vale do Ipojuca",2,"Nordeste",0,"260060",6,16,8,8,8,8,0,0,0,0,0,16,8,8,8,8,8,9.11955752830216,9.59682651348654,0.419951044034412,30
"5598","PE","Alagoinha",14718,9132.16,26008,"Vale do Ipojuca",2,"Nordeste",0,"260060",7,17,8,9,9,8,0,0,0,0,0,17,8,9,9,8,11,9.11955752830216,9.59682651348654,0.436068303787183,29
"5599","PE","Aliança",38397,8207.74,26013,"Mata Setentrional Pernambucana",2,"Nordeste",0,"260070",2,71,30,41,42,29,0,0,0,0,0,71,30,41,42,29,25,9.01283289049559,10.5557346105239,0.302714179356461,29
"5600","PE","Aliança",38397,8207.74,26013,"Mata Setentrional Pernambucana",2,"Nordeste",0,"260070",3,64,37,27,38,26,0,0,0,0,0,64,37,27,38,26,38,9.01283289049559,10.5557346105239,0.388804990701997,31
"5601","PE","Aliança",38397,8207.74,26013,"Mata Setentrional Pernambucana",2,"Nordeste",0,"260070",4,34,14,20,19,15,0,0,0,0,0,34,14,20,19,15,28,9.01283289049559,10.5557346105239,0.451444359293875,30
"5602","PE","Aliança",38397,8207.74,26013,"Mata Setentrional Pernambucana",2,"Nordeste",0,"260070",5,46,24,22,22,24,0,0,0,0,0,46,24,22,22,24,38,9.01283289049559,10.5557346105239,0.437425889735695,31
"5603","PE","Aliança",38397,8207.74,26013,"Mata Setentrional Pernambucana",2,"Nordeste",0,"260070",6,45,22,23,22,23,0,0,0,0,0,45,22,23,22,23,27,9.01283289049559,10.5557346105239,0.406643836982128,30
"5604","PE","Aliança",38397,8207.74,26013,"Mata Setentrional Pernambucana",2,"Nordeste",0,"260070",7,42,21,21,16,26,0,0,0,0,0,42,21,21,16,26,26,9.01283289049559,10.5557346105239,0.408147030720992,29
"5605","PE","Altinho",22984,7489.78,26012,"Brejo Pernambucano",2,"Nordeste",0,"260080",2,39,16,23,17,22,1,0,0,0,0,40,16,23,17,22,15,8.92129470358322,10.0425536006591,0.308656047013746,29
"5606","PE","Altinho",22984,7489.78,26012,"Brejo Pernambucano",2,"Nordeste",0,"260080",3,40,13,27,16,24,0,0,0,0,0,40,13,27,16,24,16,8.92129470358322,10.0425536006591,0.384012589850955,31
"5607","PE","Altinho",22984,7489.78,26012,"Brejo Pernambucano",2,"Nordeste",0,"260080",4,16,6,10,8,8,0,0,0,0,0,16,6,10,8,8,14,8.92129470358322,10.0425536006591,0.414398409666519,30
"5608","PE","Altinho",22984,7489.78,26012,"Brejo Pernambucano",2,"Nordeste",0,"260080",5,13,5,8,8,5,0,0,0,0,0,13,5,8,8,5,16,8.92129470358322,10.0425536006591,0.428583849334193,31
"5609","PE","Altinho",22984,7489.78,26012,"Brejo Pernambucano",2,"Nordeste",0,"260080",6,22,10,12,18,4,0,0,0,0,0,22,10,12,18,4,29,8.92129470358322,10.0425536006591,0.394297261165162,30
"5610","PE","Altinho",22984,7489.78,26012,"Brejo Pernambucano",2,"Nordeste",0,"260080",7,21,7,14,7,14,0,0,0,0,0,21,7,14,7,14,14,8.92129470358322,10.0425536006591,0.411702264091021,29
"5611","PE","Amaraji",22870,9811.16,26015,"Mata Meridional Pernambucana",2,"Nordeste",1,"260090",2,39,12,27,20,19,0,0,0,0,0,39,12,27,20,19,18,9.19127579225587,10.0375812870168,0.284475951850433,29
"5612","PE","Amaraji",22870,9811.16,26015,"Mata Meridional Pernambucana",2,"Nordeste",1,"260090",3,37,14,23,16,21,1,0,0,0,0,38,14,23,16,21,12,9.19127579225587,10.0375812870168,0.359438162997532,31
"5613","PE","Amaraji",22870,9811.16,26015,"Mata Meridional Pernambucana",2,"Nordeste",1,"260090",4,24,6,18,9,15,0,0,0,0,0,24,6,18,9,15,14,9.19127579225587,10.0375812870168,0.383809697605881,30
"5614","PE","Amaraji",22870,9811.16,26015,"Mata Meridional Pernambucana",2,"Nordeste",1,"260090",5,21,7,14,11,10,0,0,0,0,0,21,7,14,11,10,24,9.19127579225587,10.0375812870168,0.409265078892489,31
"5615","PE","Amaraji",22870,9811.16,26015,"Mata Meridional Pernambucana",2,"Nordeste",1,"260090",6,24,11,13,12,12,0,0,0,0,0,24,11,13,12,12,21,9.19127579225587,10.0375812870168,0.378188637564373,30
"5616","PE","Amaraji",22870,9811.16,26015,"Mata Meridional Pernambucana",2,"Nordeste",1,"260090",7,22,9,13,14,8,0,0,0,0,0,22,9,13,14,8,10,9.19127579225587,10.0375812870168,0.3880242149081,29
"5617","PE","Angelim",11226,10702.15,26011,"Garanhuns",2,"Nordeste",0,"260100",2,26,11,15,13,13,1,0,0,0,0,27,11,15,13,13,6,9.27819993484479,9.32598779550214,0.281102616033341,29
"5618","PE","Angelim",11226,10702.15,26011,"Garanhuns",2,"Nordeste",0,"260100",3,22,10,12,12,10,0,0,0,0,0,22,10,12,12,10,7,9.27819993484479,9.32598779550214,0.3863234256857,31
"5619","PE","Angelim",11226,10702.15,26011,"Garanhuns",2,"Nordeste",0,"260100",4,9,4,5,3,6,0,0,0,0,0,9,4,5,3,6,6,9.27819993484479,9.32598779550214,0.409464413674242,30
"5620","PE","Angelim",11226,10702.15,26011,"Garanhuns",2,"Nordeste",0,"260100",5,25,12,13,13,12,0,0,0,0,0,25,12,13,13,12,9,9.27819993484479,9.32598779550214,0.423362454402964,31
"5621","PE","Angelim",11226,10702.15,26011,"Garanhuns",2,"Nordeste",0,"260100",6,15,4,11,7,8,0,0,0,0,0,15,4,11,7,8,7,9.27819993484479,9.32598779550214,0.399512119379382,30
"5622","PE","Angelim",11226,10702.15,26011,"Garanhuns",2,"Nordeste",0,"260100",7,8,2,6,4,4,0,0,0,0,0,8,2,6,4,4,12,9.27819993484479,9.32598779550214,0.427340757926911,29
"5623","PE","Araçoiaba",20733,6877.9,26016,"Itamaracá",2,"Nordeste",1,"260105",2,30,6,24,20,10,0,0,0,0,0,30,6,24,20,10,13,8.83606865177631,9.9394819127595,0.289726665693552,29
"5624","PE","Araçoiaba",20733,6877.9,26016,"Itamaracá",2,"Nordeste",1,"260105",3,33,10,23,14,19,0,0,0,0,0,33,10,23,14,19,10,8.83606865177631,9.9394819127595,0.355865750954584,31
"5625","PE","Araçoiaba",20733,6877.9,26016,"Itamaracá",2,"Nordeste",1,"260105",4,29,9,20,14,15,0,0,0,0,0,29,9,20,14,15,20,8.83606865177631,9.9394819127595,0.417821527201904,30
"5626","PE","Araçoiaba",20733,6877.9,26016,"Itamaracá",2,"Nordeste",1,"260105",5,22,6,16,13,9,0,0,0,0,0,22,6,16,13,9,15,8.83606865177631,9.9394819127595,0.400396504051709,31
"5627","PE","Araçoiaba",20733,6877.9,26016,"Itamaracá",2,"Nordeste",1,"260105",6,31,11,20,15,16,0,0,0,0,0,31,11,20,15,16,16,8.83606865177631,9.9394819127595,0.356477152238773,30
"5628","PE","Araçoiaba",20733,6877.9,26016,"Itamaracá",2,"Nordeste",1,"260105",7,33,9,24,19,14,0,0,0,0,0,33,9,24,19,14,12,8.83606865177631,9.9394819127595,0.357030366987131,29
"5629","PE","Araripina",84864,12298.15,26001,"Araripina",2,"Nordeste",0,"260110",2,213,89,124,90,123,4,0,0,0,0,217,89,124,90,123,41,9.41720412354425,11.3488052541055,0.281948306427616,29
"5630","PE","Araripina",84864,12298.15,26001,"Araripina",2,"Nordeste",0,"260110",3,178,85,93,89,89,1,0,0,0,0,179,85,93,89,89,55,9.41720412354425,11.3488052541055,0.371408844755728,31
"5631","PE","Araripina",84864,12298.15,26001,"Araripina",2,"Nordeste",0,"260110",4,126,51,75,73,53,2,0,0,0,0,128,51,75,73,53,55,9.41720412354425,11.3488052541055,0.414849801958567,30
"5632","PE","Araripina",84864,12298.15,26001,"Araripina",2,"Nordeste",0,"260110",5,125,56,69,73,52,5,0,0,0,0,130,56,69,73,52,51,9.41720412354425,11.3488052541055,0.4115546207585,31
"5633","PE","Araripina",84864,12298.15,26001,"Araripina",2,"Nordeste",0,"260110",6,148,68,80,72,76,2,0,0,0,0,150,68,80,72,76,44,9.41720412354425,11.3488052541055,0.376987194210914,30
"5634","PE","Araripina",84864,12298.15,26001,"Araripina",2,"Nordeste",0,"260110",7,134,54,80,62,72,0,0,0,0,0,134,54,80,62,72,63,9.41720412354425,11.3488052541055,0.408231025112879,29
"5635","PE","Arcoverde",74822,13647.4,26004,"Sertão do Moxotó",2,"Nordeste",1,"260120",2,162,45,117,65,97,1,0,0,0,0,163,45,117,65,97,42,9.52130430627974,11.2228672383655,0.281611057383919,29
"5636","PE","Arcoverde",74822,13647.4,26004,"Sertão do Moxotó",2,"Nordeste",1,"260120",3,159,50,109,59,100,0,0,0,0,0,159,50,109,59,100,47,9.52130430627974,11.2228672383655,0.378604717074126,31
"5637","PE","Arcoverde",74822,13647.4,26004,"Sertão do Moxotó",2,"Nordeste",1,"260120",4,87,40,47,42,45,1,0,0,0,0,88,40,47,42,45,51,9.52130430627974,11.2228672383655,0.442765613027646,30
"5638","PE","Arcoverde",74822,13647.4,26004,"Sertão do Moxotó",2,"Nordeste",1,"260120",5,100,33,67,44,56,0,0,0,0,0,100,33,67,44,56,58,9.52130430627974,11.2228672383655,0.429740077645042,31
"5639","PE","Arcoverde",74822,13647.4,26004,"Sertão do Moxotó",2,"Nordeste",1,"260120",6,106,36,70,39,67,5,0,0,0,0,111,36,70,39,67,48,9.52130430627974,11.2228672383655,0.392387280702931,30
"5640","PE","Arcoverde",74822,13647.4,26004,"Sertão do Moxotó",2,"Nordeste",1,"260120",7,84,22,62,34,50,3,0,0,0,0,87,22,62,34,50,57,9.52130430627974,11.2228672383655,0.403579675447403,29
"5641","PE","Barra de Guabiraba",14510,9061.75,26012,"Brejo Pernambucano",2,"Nordeste",1,"260130",2,23,7,16,16,7,0,0,0,0,0,23,7,16,16,7,5,9.11181753711756,9.58259334587823,0.284625147953865,29
"5642","PE","Barra de Guabiraba",14510,9061.75,26012,"Brejo Pernambucano",2,"Nordeste",1,"260130",3,16,8,8,11,5,0,0,0,0,0,16,8,8,11,5,14,9.11181753711756,9.58259334587823,0.370169708635593,31
"5643","PE","Barra de Guabiraba",14510,9061.75,26012,"Brejo Pernambucano",2,"Nordeste",1,"260130",4,11,5,6,7,4,0,0,0,0,0,11,5,6,7,4,10,9.11181753711756,9.58259334587823,0.377525966582083,30
"5644","PE","Barra de Guabiraba",14510,9061.75,26012,"Brejo Pernambucano",2,"Nordeste",1,"260130",5,15,9,6,7,8,0,0,0,0,0,15,9,6,7,8,13,9.11181753711756,9.58259334587823,0.409086453127373,31
"5645","PE","Barra de Guabiraba",14510,9061.75,26012,"Brejo Pernambucano",2,"Nordeste",1,"260130",6,23,11,12,12,11,0,0,0,0,0,23,11,12,12,11,16,9.11181753711756,9.58259334587823,0.374740257842898,30
"5646","PE","Barra de Guabiraba",14510,9061.75,26012,"Brejo Pernambucano",2,"Nordeste",1,"260130",7,12,7,5,8,4,1,0,0,0,0,13,7,5,8,4,10,9.11181753711756,9.58259334587823,0.410164363988536,29
"5647","PE","Barreiros",42764,9993.08,26015,"Mata Meridional Pernambucana",2,"Nordeste",1,"260140",2,81,33,48,41,40,0,0,0,0,0,81,33,48,41,40,26,9.20964813243367,10.6634519061334,0.305600819816231,29
"5648","PE","Barreiros",42764,9993.08,26015,"Mata Meridional Pernambucana",2,"Nordeste",1,"260140",3,73,29,44,35,38,0,0,0,0,0,73,29,44,35,38,24,9.20964813243367,10.6634519061334,0.40080361564255,31
"5649","PE","Barreiros",42764,9993.08,26015,"Mata Meridional Pernambucana",2,"Nordeste",1,"260140",4,59,22,37,37,22,0,0,0,0,0,59,22,37,37,22,26,9.20964813243367,10.6634519061334,0.456056741342579,30
"5650","PE","Barreiros",42764,9993.08,26015,"Mata Meridional Pernambucana",2,"Nordeste",1,"260140",5,62,19,43,33,29,1,0,0,0,0,63,19,43,33,29,66,9.20964813243367,10.6634519061334,0.458622416047309,31
"5651","PE","Barreiros",42764,9993.08,26015,"Mata Meridional Pernambucana",2,"Nordeste",1,"260140",6,63,20,43,33,30,1,0,0,0,0,64,20,43,33,30,51,9.20964813243367,10.6634519061334,0.391966865250277,30
"5652","PE","Barreiros",42764,9993.08,26015,"Mata Meridional Pernambucana",2,"Nordeste",1,"260140",7,55,25,30,24,31,1,0,0,0,0,56,25,30,24,31,36,9.20964813243367,10.6634519061334,0.404230982140434,29
"5653","PE","Belém de Maria",12122,6659.84,26015,"Mata Meridional Pernambucana",2,"Nordeste",0,"260150",2,18,5,13,11,7,0,0,0,0,0,18,5,13,11,7,6,8.80385073922183,9.40277726251123,0.307327402851472,29
"5654","PE","Belém de Maria",12122,6659.84,26015,"Mata Meridional Pernambucana",2,"Nordeste",0,"260150",3,21,7,14,10,11,0,0,0,0,0,21,7,14,10,11,9,8.80385073922183,9.40277726251123,0.402940481569329,31
"5655","PE","Belém de Maria",12122,6659.84,26015,"Mata Meridional Pernambucana",2,"Nordeste",0,"260150",4,10,6,4,1,9,0,0,0,0,0,10,6,4,1,9,7,8.80385073922183,9.40277726251123,0.423333914111445,30
"5656","PE","Belém de Maria",12122,6659.84,26015,"Mata Meridional Pernambucana",2,"Nordeste",0,"260150",5,11,6,5,5,6,0,0,0,0,0,11,6,5,5,6,9,8.80385073922183,9.40277726251123,0.429213545030809,31
"5657","PE","Belém de Maria",12122,6659.84,26015,"Mata Meridional Pernambucana",2,"Nordeste",0,"260150",6,14,5,9,7,7,0,0,0,0,0,14,5,9,7,7,8,8.80385073922183,9.40277726251123,0.422782974402053,30
"5658","PE","Belém de Maria",12122,6659.84,26015,"Mata Meridional Pernambucana",2,"Nordeste",0,"260150",7,12,5,7,6,6,0,0,0,0,0,12,5,7,6,6,10,8.80385073922183,9.40277726251123,0.446278860220291,29
"5659","PE","Belém do São Francisco",20730,14678.52,26006,"Itaparica",2,"Nordeste",0,"260160",2,40,12,28,20,20,0,0,0,0,0,40,12,28,20,20,7,9.5941404796474,9.93933720542983,0.255082606255091,29
"5660","PE","Belém do São Francisco",20730,14678.52,26006,"Itaparica",2,"Nordeste",0,"260160",3,33,5,28,19,14,0,0,0,0,0,33,5,28,19,14,14,9.5941404796474,9.93933720542983,0.365732269081977,31
"5661","PE","Belém do São Francisco",20730,14678.52,26006,"Itaparica",2,"Nordeste",0,"260160",4,29,10,19,18,11,0,0,0,0,0,29,10,19,18,11,8,9.5941404796474,9.93933720542983,0.398045804512886,30
"5662","PE","Belém do São Francisco",20730,14678.52,26006,"Itaparica",2,"Nordeste",0,"260160",5,24,11,13,15,9,1,0,0,0,0,25,11,13,15,9,13,9.5941404796474,9.93933720542983,0.421660246513331,31
"5663","PE","Belém do São Francisco",20730,14678.52,26006,"Itaparica",2,"Nordeste",0,"260160",6,26,6,20,9,17,0,0,0,0,0,26,6,20,9,17,11,9.5941404796474,9.93933720542983,0.410999547032124,30
"5664","PE","Belém do São Francisco",20730,14678.52,26006,"Itaparica",2,"Nordeste",0,"260160",7,25,4,21,13,12,0,0,0,0,0,25,4,21,13,12,12,9.5941404796474,9.93933720542983,0.435996892141037,29
"5665","PE","Belo Jardim",76687,24720.46,26008,"Vale do Ipojuca",2,"Nordeste",1,"260170",2,143,63,80,64,79,0,0,0,0,0,143,63,80,64,79,52,10.1153865198127,11.2474874814646,0.282249050028353,29
"5666","PE","Belo Jardim",76687,24720.46,26008,"Vale do Ipojuca",2,"Nordeste",1,"260170",3,170,58,112,66,104,1,0,0,0,0,171,58,112,66,104,58,10.1153865198127,11.2474874814646,0.375304297189034,31
"5667","PE","Belo Jardim",76687,24720.46,26008,"Vale do Ipojuca",2,"Nordeste",1,"260170",4,84,36,48,32,52,1,0,0,0,0,85,36,48,32,52,40,10.1153865198127,11.2474874814646,0.405439801860491,30
"5668","PE","Belo Jardim",76687,24720.46,26008,"Vale do Ipojuca",2,"Nordeste",1,"260170",5,93,40,53,47,46,0,0,0,0,0,93,40,53,47,46,60,10.1153865198127,11.2474874814646,0.399581059562757,31
"5669","PE","Belo Jardim",76687,24720.46,26008,"Vale do Ipojuca",2,"Nordeste",1,"260170",6,88,37,51,34,54,0,0,0,0,0,88,37,51,34,54,77,10.1153865198127,11.2474874814646,0.369147835627927,30
"5670","PE","Belo Jardim",76687,24720.46,26008,"Vale do Ipojuca",2,"Nordeste",1,"260170",7,101,36,65,39,62,1,0,0,0,0,102,36,65,39,62,82,10.1153865198127,11.2474874814646,0.395472296635766,29
"5671","PE","Betânia",12765,6933.84,26004,"Sertão do Moxotó",2,"Nordeste",0,"260180",2,19,3,16,10,9,0,0,0,0,0,19,3,16,10,9,7,8.84416905127439,9.45446232967558,0.28187103722821,29
"5672","PE","Betânia",12765,6933.84,26004,"Sertão do Moxotó",2,"Nordeste",0,"260180",3,26,8,18,13,13,0,0,0,0,0,26,8,18,13,13,9,8.84416905127439,9.45446232967558,0.370685938404097,31
"5673","PE","Betânia",12765,6933.84,26004,"Sertão do Moxotó",2,"Nordeste",0,"260180",4,16,4,12,7,9,0,0,0,0,0,16,4,12,7,9,7,8.84416905127439,9.45446232967558,0.372061867575841,30
"5674","PE","Betânia",12765,6933.84,26004,"Sertão do Moxotó",2,"Nordeste",0,"260180",5,13,4,9,4,9,1,0,0,0,0,14,4,9,4,9,7,8.84416905127439,9.45446232967558,0.413314913701503,31
"5675","PE","Betânia",12765,6933.84,26004,"Sertão do Moxotó",2,"Nordeste",0,"260180",6,16,5,11,6,10,0,0,0,0,0,16,5,11,6,10,9,8.84416905127439,9.45446232967558,0.377062588020847,30
"5676","PE","Betânia",12765,6933.84,26004,"Sertão do Moxotó",2,"Nordeste",0,"260180",7,9,1,8,4,5,0,0,0,0,0,9,1,8,4,5,5,8.84416905127439,9.45446232967558,0.432997911021061,29
"5677","PE","Bezerros",60880,11892.04,26008,"Vale do Ipojuca",2,"Nordeste",1,"260190",2,115,48,67,50,65,0,0,0,0,0,115,48,67,50,65,42,9.38362454771812,11.0166599925356,0.285635325562627,29
"5678","PE","Bezerros",60880,11892.04,26008,"Vale do Ipojuca",2,"Nordeste",1,"260190",3,110,52,58,46,64,0,0,0,0,0,110,52,58,46,64,54,9.38362454771812,11.0166599925356,0.381257877286021,31
"5679","PE","Bezerros",60880,11892.04,26008,"Vale do Ipojuca",2,"Nordeste",1,"260190",4,57,20,37,23,34,1,0,0,0,0,58,20,37,23,34,52,9.38362454771812,11.0166599925356,0.429848104028552,30
"5680","PE","Bezerros",60880,11892.04,26008,"Vale do Ipojuca",2,"Nordeste",1,"260190",5,52,20,32,25,27,0,0,0,0,0,52,20,32,25,27,56,9.38362454771812,11.0166599925356,0.428157236780332,31
"5681","PE","Bezerros",60880,11892.04,26008,"Vale do Ipojuca",2,"Nordeste",1,"260190",6,60,23,37,32,28,0,0,0,0,0,60,23,37,32,28,61,9.38362454771812,11.0166599925356,0.374373870406161,30
"5682","PE","Bezerros",60880,11892.04,26008,"Vale do Ipojuca",2,"Nordeste",1,"260190",7,63,27,36,26,37,0,0,0,0,0,63,27,36,26,37,78,9.38362454771812,11.0166599925356,0.395648961354262,29
"5683","PE","Bodocó",38378,7300.54,26001,"Araripina",2,"Nordeste",0,"260200",2,91,43,48,50,41,2,0,0,0,0,93,43,48,50,41,11,8.89570359700338,10.5552396577297,0.286213095512041,29
"5684","PE","Bodocó",38378,7300.54,26001,"Araripina",2,"Nordeste",0,"260200",3,68,28,40,33,35,0,0,0,0,0,68,28,40,33,35,17,8.89570359700338,10.5552396577297,0.36230064729501,31
"5685","PE","Bodocó",38378,7300.54,26001,"Araripina",2,"Nordeste",0,"260200",4,43,19,24,22,21,0,0,0,0,0,43,19,24,22,21,21,8.89570359700338,10.5552396577297,0.40264007224982,30
"5686","PE","Bodocó",38378,7300.54,26001,"Araripina",2,"Nordeste",0,"260200",5,49,20,29,25,24,1,0,0,0,0,50,20,29,25,24,18,8.89570359700338,10.5552396577297,0.439146442301228,31
"5687","PE","Bodocó",38378,7300.54,26001,"Araripina",2,"Nordeste",0,"260200",6,42,22,20,20,22,0,0,0,0,0,42,22,20,20,22,17,8.89570359700338,10.5552396577297,0.39885810162617,30
"5688","PE","Bodocó",38378,7300.54,26001,"Araripina",2,"Nordeste",0,"260200",7,45,17,28,22,23,2,0,0,0,0,47,17,28,22,23,12,8.89570359700338,10.5552396577297,0.419092118518351,29
"5689","PE","Bom Conselho",48767,10422.57,26011,"Garanhuns",2,"Nordeste",1,"260210",2,62,32,30,26,36,0,0,0,0,0,62,32,30,26,36,29,9.2517289259713,10.7948091335867,0.262962220644509,29
"5690","PE","Bom Conselho",48767,10422.57,26011,"Garanhuns",2,"Nordeste",1,"260210",3,50,26,24,20,30,2,0,0,0,0,52,26,24,20,30,23,9.2517289259713,10.7948091335867,0.358054613443059,31
"5691","PE","Bom Conselho",48767,10422.57,26011,"Garanhuns",2,"Nordeste",1,"260210",4,29,13,16,15,14,0,0,0,0,0,29,13,16,15,14,26,9.2517289259713,10.7948091335867,0.393209805819631,30
"5692","PE","Bom Conselho",48767,10422.57,26011,"Garanhuns",2,"Nordeste",1,"260210",5,30,16,14,14,16,1,0,0,0,0,31,16,14,14,16,28,9.2517289259713,10.7948091335867,0.399591976649537,31
"5693","PE","Bom Conselho",48767,10422.57,26011,"Garanhuns",2,"Nordeste",1,"260210",6,35,21,14,17,18,0,0,0,0,0,35,21,14,17,18,36,9.2517289259713,10.7948091335867,0.367525434440308,30
"5694","PE","Bom Conselho",48767,10422.57,26011,"Garanhuns",2,"Nordeste",1,"260210",7,44,23,21,23,21,1,0,0,0,0,45,23,21,23,21,28,9.2517289259713,10.7948091335867,0.401508946479187,29
"5695","PE","Bom Jardim",39983,8362.76,26010,"Médio Capibaribe",2,"Nordeste",0,"260220",2,66,24,42,21,45,3,0,0,0,0,69,24,42,21,45,18,9.03154379513403,10.596209642758,0.305332552881004,29
"5696","PE","Bom Jardim",39983,8362.76,26010,"Médio Capibaribe",2,"Nordeste",0,"260220",3,63,30,33,21,42,0,0,0,0,0,63,30,33,21,42,37,9.03154379513403,10.596209642758,0.393579709942443,31
"5697","PE","Bom Jardim",39983,8362.76,26010,"Médio Capibaribe",2,"Nordeste",0,"260220",4,44,8,36,17,27,0,0,0,0,0,44,8,36,17,27,30,9.03154379513403,10.596209642758,0.435005282747157,30
"5698","PE","Bom Jardim",39983,8362.76,26010,"Médio Capibaribe",2,"Nordeste",0,"260220",5,35,8,27,11,24,0,0,0,0,0,35,8,27,11,24,24,9.03154379513403,10.596209642758,0.429936435801069,31
"5699","PE","Bom Jardim",39983,8362.76,26010,"Médio Capibaribe",2,"Nordeste",0,"260220",6,43,11,32,16,27,2,0,0,0,0,45,11,32,16,27,33,9.03154379513403,10.596209642758,0.4104517701585,30
"5700","PE","Bom Jardim",39983,8362.76,26010,"Médio Capibaribe",2,"Nordeste",0,"260220",7,34,10,24,15,19,1,0,0,0,0,35,10,24,15,19,34,9.03154379513403,10.596209642758,0.435030786575751,29
"5701","PE","Bonito",38117,10236.8,26012,"Brejo Pernambucano",2,"Nordeste",0,"260230",2,82,40,42,42,40,0,0,0,0,0,82,40,42,42,40,25,9.2337443497552,10.5484156558255,0.287221926984014,29
"5702","PE","Bonito",38117,10236.8,26012,"Brejo Pernambucano",2,"Nordeste",0,"260230",3,74,36,38,31,43,0,0,0,0,0,74,36,38,31,43,35,9.2337443497552,10.5484156558255,0.37232689452033,31
"5703","PE","Bonito",38117,10236.8,26012,"Brejo Pernambucano",2,"Nordeste",0,"260230",4,48,27,21,25,23,0,0,0,0,0,48,27,21,25,23,28,9.2337443497552,10.5484156558255,0.392513818470703,30
"5704","PE","Bonito",38117,10236.8,26012,"Brejo Pernambucano",2,"Nordeste",0,"260230",5,45,21,24,24,21,0,0,0,0,0,45,21,24,24,21,33,9.2337443497552,10.5484156558255,0.416937248844477,31
"5705","PE","Bonito",38117,10236.8,26012,"Brejo Pernambucano",2,"Nordeste",0,"260230",6,56,24,32,26,30,0,0,0,0,0,56,24,32,26,30,40,9.2337443497552,10.5484156558255,0.400139092953052,30
"5706","PE","Bonito",38117,10236.8,26012,"Brejo Pernambucano",2,"Nordeste",0,"260230",7,64,30,34,36,28,0,0,0,0,0,64,30,34,36,28,29,9.2337443497552,10.5484156558255,0.428922552019527,29
"5707","PE","Brejão",8987,16099.94,26011,"Garanhuns",2,"Nordeste",0,"260240",2,24,13,11,7,17,0,0,0,0,0,24,13,11,7,17,6,9.68657082425753,9.10353436765837,0.295112723084265,29
"5708","PE","Brejão",8987,16099.94,26011,"Garanhuns",2,"Nordeste",0,"260240",3,21,9,12,9,12,0,0,0,0,0,21,9,12,9,12,7,9.68657082425753,9.10353436765837,0.41190778763131,31
"5709","PE","Brejão",8987,16099.94,26011,"Garanhuns",2,"Nordeste",0,"260240",4,13,8,5,5,8,1,0,0,0,0,14,8,5,5,8,4,9.68657082425753,9.10353436765837,0.465950836311154,30
"5710","PE","Brejão",8987,16099.94,26011,"Garanhuns",2,"Nordeste",0,"260240",5,10,4,6,4,6,0,0,0,0,0,10,4,6,4,6,7,9.68657082425753,9.10353436765837,0.450227552289203,31
"5711","PE","Brejão",8987,16099.94,26011,"Garanhuns",2,"Nordeste",0,"260240",6,16,8,8,3,13,0,0,0,0,0,16,8,8,3,13,7,9.68657082425753,9.10353436765837,0.42096646101097,30
"5712","PE","Brejão",8987,16099.94,26011,"Garanhuns",2,"Nordeste",0,"260240",7,14,7,7,7,7,1,0,0,0,0,15,7,7,7,7,7,9.68657082425753,9.10353436765837,0.451355870675668,29
"5713","PE","Brejinho",7488,7421.27,26003,"Pajeú",2,"Nordeste",0,"260250",2,15,1,14,5,10,0,0,0,0,0,15,1,14,5,10,2,8.91210548054504,8.92105701815743,0.307296696654173,29
"5714","PE","Brejinho",7488,7421.27,26003,"Pajeú",2,"Nordeste",0,"260250",3,15,3,12,6,9,1,0,0,0,0,16,3,12,6,9,5,8.91210548054504,8.92105701815743,0.441430239508049,31
"5715","PE","Brejinho",7488,7421.27,26003,"Pajeú",2,"Nordeste",0,"260250",4,6,1,5,2,4,0,0,0,0,0,6,1,5,2,4,6,8.91210548054504,8.92105701815743,0.470375992878055,30
"5716","PE","Brejinho",7488,7421.27,26003,"Pajeú",2,"Nordeste",0,"260250",5,10,3,7,0,10,0,0,0,0,0,10,3,7,0,10,6,8.91210548054504,8.92105701815743,0.448995871610343,31
"5717","PE","Brejinho",7488,7421.27,26003,"Pajeú",2,"Nordeste",0,"260250",6,8,1,7,4,4,0,0,0,0,0,8,1,7,4,4,9,8.91210548054504,8.92105701815743,0.415771609297132,30
"5718","PE","Brejinho",7488,7421.27,26003,"Pajeú",2,"Nordeste",0,"260250",7,8,0,8,4,4,0,0,0,0,0,8,0,8,4,4,6,8.91210548054504,8.92105701815743,0.430845511943871,29
"5719","PE","Brejo da Madre de Deus",51225,7467.16,26008,"Vale do Ipojuca",2,"Nordeste",1,"260260",2,106,57,49,53,53,0,0,0,0,0,106,57,49,53,53,31,8.91827001842097,10.8439829731071,0.300404639667563,29
"5720","PE","Brejo da Madre de Deus",51225,7467.16,26008,"Vale do Ipojuca",2,"Nordeste",1,"260260",3,92,39,53,38,54,0,0,0,0,0,92,39,53,38,54,26,8.91827001842097,10.8439829731071,0.384176092916367,31
"5721","PE","Brejo da Madre de Deus",51225,7467.16,26008,"Vale do Ipojuca",2,"Nordeste",1,"260260",4,76,38,38,41,35,2,0,0,0,0,78,38,38,41,35,26,8.91827001842097,10.8439829731071,0.41971543133795,30
"5722","PE","Brejo da Madre de Deus",51225,7467.16,26008,"Vale do Ipojuca",2,"Nordeste",1,"260260",5,57,32,25,18,39,0,0,0,0,0,57,32,25,18,39,23,8.91827001842097,10.8439829731071,0.41830929967887,31
"5723","PE","Brejo da Madre de Deus",51225,7467.16,26008,"Vale do Ipojuca",2,"Nordeste",1,"260260",6,78,46,32,33,45,1,0,0,0,0,79,46,32,33,45,25,8.91827001842097,10.8439829731071,0.38425149490053,30
"5724","PE","Brejo da Madre de Deus",51225,7467.16,26008,"Vale do Ipojuca",2,"Nordeste",1,"260260",7,66,31,35,32,34,1,0,0,0,0,67,31,35,32,34,27,8.91827001842097,10.8439829731071,0.407060436959287,29
"5725","PE","Buenos Aires",13190,7885.59,26013,"Mata Setentrional Pernambucana",2,"Nordeste",0,"260270",2,19,7,12,10,9,0,0,0,0,0,19,7,12,10,9,4,8.9727923222161,9.48721424571136,0.288647122514498,29
"5726","PE","Buenos Aires",13190,7885.59,26013,"Mata Setentrional Pernambucana",2,"Nordeste",0,"260270",3,19,4,15,11,8,0,0,0,0,0,19,4,15,11,8,5,8.9727923222161,9.48721424571136,0.377733900979717,31
"5727","PE","Buenos Aires",13190,7885.59,26013,"Mata Setentrional Pernambucana",2,"Nordeste",0,"260270",4,16,4,12,8,8,0,0,0,0,0,16,4,12,8,8,13,8.9727923222161,9.48721424571136,0.421414229924364,30
"5728","PE","Buenos Aires",13190,7885.59,26013,"Mata Setentrional Pernambucana",2,"Nordeste",0,"260270",5,11,2,9,4,7,0,0,0,0,0,11,2,9,4,7,11,8.9727923222161,9.48721424571136,0.419823294249722,31
"5729","PE","Buenos Aires",13190,7885.59,26013,"Mata Setentrional Pernambucana",2,"Nordeste",0,"260270",6,13,8,5,9,4,0,0,0,0,0,13,8,5,9,4,8,8.9727923222161,9.48721424571136,0.377720932552895,30
"5730","PE","Buenos Aires",13190,7885.59,26013,"Mata Setentrional Pernambucana",2,"Nordeste",0,"260270",7,14,3,11,7,7,0,0,0,0,0,14,3,11,7,7,8,8.9727923222161,9.48721424571136,0.391248243054408,29
"5731","PE","Buíque",58919,7037.04,26007,"Vale do Ipanema",2,"Nordeste",0,"260280",2,117,69,48,41,76,0,0,0,0,0,117,69,48,41,76,29,8.85894290619084,10.9839188982669,0.29848734165834,29
"5732","PE","Buíque",58919,7037.04,26007,"Vale do Ipanema",2,"Nordeste",0,"260280",3,98,46,52,58,40,2,0,0,0,0,100,46,52,58,40,24,8.85894290619084,10.9839188982669,0.385583097059458,31
"5733","PE","Buíque",58919,7037.04,26007,"Vale do Ipanema",2,"Nordeste",0,"260280",4,63,34,29,31,32,2,0,0,0,0,65,34,29,31,32,18,8.85894290619084,10.9839188982669,0.413783685548794,30
"5734","PE","Buíque",58919,7037.04,26007,"Vale do Ipanema",2,"Nordeste",0,"260280",5,60,34,26,34,26,1,0,0,0,0,61,34,26,34,26,40,8.85894290619084,10.9839188982669,0.423449033268085,31
"5735","PE","Buíque",58919,7037.04,26007,"Vale do Ipanema",2,"Nordeste",0,"260280",6,72,36,36,27,45,1,0,0,0,0,73,36,36,27,45,22,8.85894290619084,10.9839188982669,0.406124680443354,30
"5736","PE","Buíque",58919,7037.04,26007,"Vale do Ipanema",2,"Nordeste",0,"260280",7,64,38,26,28,36,2,0,0,0,0,66,38,26,28,36,32,8.85894290619084,10.9839188982669,0.443514473069106,29
"5737","PE","Cabo de Santo Agostinho",208944,47575.16,26018,"Suape",2,"Nordeste",1,"260290",2,363,90,273,165,198,0,0,0,0,0,363,90,273,165,198,114,10.7700660552696,12.2498215524602,0.306313736473049,29
"5738","PE","Cabo de Santo Agostinho",208944,47575.16,26018,"Suape",2,"Nordeste",1,"260290",3,374,99,275,176,198,1,0,0,0,0,375,99,275,176,198,144,10.7700660552696,12.2498215524602,0.406325695853257,31
"5739","PE","Cabo de Santo Agostinho",208944,47575.16,26018,"Suape",2,"Nordeste",1,"260290",4,269,68,201,124,145,1,0,0,0,0,270,68,201,124,145,166,10.7700660552696,12.2498215524602,0.476955515130723,30
"5740","PE","Cabo de Santo Agostinho",208944,47575.16,26018,"Suape",2,"Nordeste",1,"260290",5,255,87,168,127,128,2,0,0,0,0,257,87,168,127,128,289,10.7700660552696,12.2498215524602,0.466649734228755,31
"5741","PE","Cabo de Santo Agostinho",208944,47575.16,26018,"Suape",2,"Nordeste",1,"260290",6,246,60,186,112,134,2,0,0,0,0,248,60,186,112,134,154,10.7700660552696,12.2498215524602,0.407437536683574,30
"5742","PE","Cabo de Santo Agostinho",208944,47575.16,26018,"Suape",2,"Nordeste",1,"260290",7,256,67,189,121,135,1,0,0,0,0,257,67,189,121,135,143,10.7700660552696,12.2498215524602,0.404437177275768,29
"5743","PE","Cabrobó",34503,11320.36,26005,"Petrolina",2,"Nordeste",0,"260300",2,66,15,51,31,35,2,0,0,0,0,68,15,51,31,35,15,9.33435815337164,10.4488015557607,0.283154516604289,29
"5744","PE","Cabrobó",34503,11320.36,26005,"Petrolina",2,"Nordeste",0,"260300",3,55,6,49,27,28,0,0,0,0,0,55,6,49,27,28,13,9.33435815337164,10.4488015557607,0.36735969292787,31
"5745","PE","Cabrobó",34503,11320.36,26005,"Petrolina",2,"Nordeste",0,"260300",4,42,8,34,22,20,0,0,0,0,0,42,8,34,22,20,16,9.33435815337164,10.4488015557607,0.395407776940874,30
"5746","PE","Cabrobó",34503,11320.36,26005,"Petrolina",2,"Nordeste",0,"260300",5,47,11,36,19,28,0,0,0,0,0,47,11,36,19,28,22,9.33435815337164,10.4488015557607,0.383439405569169,31
"5747","PE","Cabrobó",34503,11320.36,26005,"Petrolina",2,"Nordeste",0,"260300",6,49,15,34,28,21,0,0,0,0,0,49,15,34,28,21,10,9.33435815337164,10.4488015557607,0.365372670379482,30
"5748","PE","Cabrobó",34503,11320.36,26005,"Petrolina",2,"Nordeste",0,"260300",7,45,8,37,25,20,0,0,0,0,0,45,8,37,25,20,14,9.33435815337164,10.4488015557607,0.442694682657566,29
"5749","PE","Cachoeirinha",20501,10761.58,26008,"Vale do Ipojuca",2,"Nordeste",1,"260310",2,42,15,27,23,19,1,0,0,0,0,43,15,27,23,19,13,9.28373766308452,9.92822894442457,0.288441365990485,29
"5750","PE","Cachoeirinha",20501,10761.58,26008,"Vale do Ipojuca",2,"Nordeste",1,"260310",3,56,25,31,27,29,1,0,0,0,0,57,25,31,27,29,12,9.28373766308452,9.92822894442457,0.356916200204483,31
"5751","PE","Cachoeirinha",20501,10761.58,26008,"Vale do Ipojuca",2,"Nordeste",1,"260310",4,27,13,14,11,16,1,0,0,0,0,28,13,14,11,16,13,9.28373766308452,9.92822894442457,0.39685452797537,30
"5752","PE","Cachoeirinha",20501,10761.58,26008,"Vale do Ipojuca",2,"Nordeste",1,"260310",5,19,7,12,8,11,0,0,0,0,0,19,7,12,8,11,10,9.28373766308452,9.92822894442457,0.37726567210113,31
"5753","PE","Cachoeirinha",20501,10761.58,26008,"Vale do Ipojuca",2,"Nordeste",1,"260310",6,19,10,9,11,8,0,0,0,0,0,19,10,9,11,8,22,9.28373766308452,9.92822894442457,0.365073848877916,30
"5754","PE","Cachoeirinha",20501,10761.58,26008,"Vale do Ipojuca",2,"Nordeste",1,"260310",7,28,6,22,8,20,0,0,0,0,0,28,6,22,8,20,29,9.28373766308452,9.92822894442457,0.393846349326924,29
"5755","PE","Caetés",28904,17024.13,26011,"Garanhuns",2,"Nordeste",0,"260320",2,51,27,24,20,31,1,0,0,0,0,52,27,24,20,31,11,9.74238702839041,10.2717352728275,0.296885473156542,29
"5756","PE","Caetés",28904,17024.13,26011,"Garanhuns",2,"Nordeste",0,"260320",3,62,37,25,27,35,0,0,0,0,0,62,37,25,27,35,12,9.74238702839041,10.2717352728275,0.403616785414189,31
"5757","PE","Caetés",28904,17024.13,26011,"Garanhuns",2,"Nordeste",0,"260320",4,36,21,15,15,21,1,0,0,0,0,37,21,15,15,21,16,9.74238702839041,10.2717352728275,0.434361992363246,30
"5758","PE","Caetés",28904,17024.13,26011,"Garanhuns",2,"Nordeste",0,"260320",5,38,11,27,16,22,0,0,0,0,0,38,11,27,16,22,16,9.74238702839041,10.2717352728275,0.443427915702352,31
"5759","PE","Caetés",28904,17024.13,26011,"Garanhuns",2,"Nordeste",0,"260320",6,36,22,14,14,22,0,0,0,0,0,36,22,14,14,22,25,9.74238702839041,10.2717352728275,0.412750819596061,30
"5760","PE","Caetés",28904,17024.13,26011,"Garanhuns",2,"Nordeste",0,"260320",7,48,20,28,18,30,0,0,0,0,0,48,20,28,18,30,24,9.74238702839041,10.2717352728275,0.428027052816143,29
"5761","PE","Calçado",11018,8436.07,26011,"Garanhuns",2,"Nordeste",0,"260330",2,12,3,9,4,8,0,0,0,0,0,12,3,9,4,8,6,9.04027183933569,9.30728557803266,0.283130614163036,29
"5762","PE","Calçado",11018,8436.07,26011,"Garanhuns",2,"Nordeste",0,"260330",3,13,7,6,7,6,0,0,0,0,0,13,7,6,7,6,7,9.04027183933569,9.30728557803266,0.396110830219266,31
"5763","PE","Calçado",11018,8436.07,26011,"Garanhuns",2,"Nordeste",0,"260330",4,15,3,12,6,9,0,0,0,0,0,15,3,12,6,9,1,9.04027183933569,9.30728557803266,0.402719980953458,30
"5764","PE","Calçado",11018,8436.07,26011,"Garanhuns",2,"Nordeste",0,"260330",5,7,3,4,2,5,0,0,0,0,0,7,3,4,2,5,7,9.04027183933569,9.30728557803266,0.423782348559772,31
"5765","PE","Calçado",11018,8436.07,26011,"Garanhuns",2,"Nordeste",0,"260330",6,8,4,4,3,5,0,0,0,0,0,8,4,4,3,5,5,9.04027183933569,9.30728557803266,0.410258645615566,30
"5766","PE","Calçado",11018,8436.07,26011,"Garanhuns",2,"Nordeste",0,"260330",7,11,3,8,4,7,0,0,0,0,0,11,3,8,4,7,7,9.04027183933569,9.30728557803266,0.436361661398345,29
"5767","PE","Calumbi",5747,8734.25,26003,"Pajeú",2,"Nordeste",0,"260340",2,11,4,7,6,5,0,0,0,0,0,11,4,7,6,5,5,9.07500735740503,8.65643325850774,0.303369773823103,29
"5768","PE","Calumbi",5747,8734.25,26003,"Pajeú",2,"Nordeste",0,"260340",3,12,6,6,5,7,0,0,0,0,0,12,6,6,5,7,7,9.07500735740503,8.65643325850774,0.389899620440536,31
"5769","PE","Calumbi",5747,8734.25,26003,"Pajeú",2,"Nordeste",0,"260340",4,5,1,4,3,2,0,0,0,0,0,5,1,4,3,2,3,9.07500735740503,8.65643325850774,0.405194720872644,30
"5770","PE","Calumbi",5747,8734.25,26003,"Pajeú",2,"Nordeste",0,"260340",5,8,5,3,2,6,0,0,0,0,0,8,5,3,2,6,4,9.07500735740503,8.65643325850774,0.408803584359141,31
"5771","PE","Calumbi",5747,8734.25,26003,"Pajeú",2,"Nordeste",0,"260340",6,11,6,5,7,4,0,0,0,0,0,11,6,5,7,4,5,9.07500735740503,8.65643325850774,0.393392075174606,30
"5772","PE","Calumbi",5747,8734.25,26003,"Pajeú",2,"Nordeste",0,"260340",7,7,2,5,2,5,0,0,0,0,0,7,2,5,2,5,8,9.07500735740503,8.65643325850774,0.44503649998926,29
"5773","PE","Camaragibe",158899,11807.42,26017,"Recife",2,"Nordeste",1,"260345",2,293,71,222,111,182,1,0,0,0,0,294,71,222,111,182,65,9.37648342639267,11.9760240592388,0.297202274810856,29
"5774","PE","Camaragibe",158899,11807.42,26017,"Recife",2,"Nordeste",1,"260345",3,228,51,177,85,143,1,0,0,0,0,229,51,177,85,143,110,9.37648342639267,11.9760240592388,0.41465995903883,31
"5775","PE","Camaragibe",158899,11807.42,26017,"Recife",2,"Nordeste",1,"260345",4,169,39,130,54,115,3,0,0,0,0,172,39,130,54,115,146,9.37648342639267,11.9760240592388,0.511762864723023,30
"5776","PE","Camaragibe",158899,11807.42,26017,"Recife",2,"Nordeste",1,"260345",5,185,61,124,67,118,2,0,0,0,0,187,61,124,67,118,204,9.37648342639267,11.9760240592388,0.504649986156319,31
"5777","PE","Camaragibe",158899,11807.42,26017,"Recife",2,"Nordeste",1,"260345",6,169,34,135,63,106,0,0,0,0,0,169,34,135,63,106,118,9.37648342639267,11.9760240592388,0.422873555205782,30
"5778","PE","Camaragibe",158899,11807.42,26017,"Recife",2,"Nordeste",1,"260345",7,166,47,119,64,102,1,0,0,0,0,167,47,119,64,102,103,9.37648342639267,11.9760240592388,0.406524835914484,29
"5779","PE","Camocim de São Félix",18900,8247.04,26012,"Brejo Pernambucano",2,"Nordeste",1,"260350",2,34,15,19,15,19,0,0,0,0,0,34,15,19,15,19,4,9.01760962707017,9.84691720104773,0.286213800094409,29
"5780","PE","Camocim de São Félix",18900,8247.04,26012,"Brejo Pernambucano",2,"Nordeste",1,"260350",3,28,14,14,14,14,0,0,0,0,0,28,14,14,14,14,12,9.01760962707017,9.84691720104773,0.367601594756747,31
"5781","PE","Camocim de São Félix",18900,8247.04,26012,"Brejo Pernambucano",2,"Nordeste",1,"260350",4,20,8,12,11,9,0,0,0,0,0,20,8,12,11,9,9,9.01760962707017,9.84691720104773,0.414257215855162,30
"5782","PE","Camocim de São Félix",18900,8247.04,26012,"Brejo Pernambucano",2,"Nordeste",1,"260350",5,18,7,11,8,10,0,0,0,0,0,18,7,11,8,10,15,9.01760962707017,9.84691720104773,0.399340041419362,31
"5783","PE","Camocim de São Félix",18900,8247.04,26012,"Brejo Pernambucano",2,"Nordeste",1,"260350",6,16,5,11,11,5,0,0,0,0,0,16,5,11,11,5,14,9.01760962707017,9.84691720104773,0.385165216957903,30
"5784","PE","Camocim de São Félix",18900,8247.04,26012,"Brejo Pernambucano",2,"Nordeste",1,"260350",7,19,8,11,8,11,0,0,0,0,0,19,8,11,8,11,20,9.01760962707017,9.84691720104773,0.402751645238804,29
"5785","PE","Camutanga",8572,15220.35,26013,"Mata Setentrional Pernambucana",2,"Nordeste",1,"260360",2,11,4,7,7,4,0,0,0,0,0,11,4,7,7,4,3,9.63038862720909,9.05625635659347,0.330669101115527,29
"5786","PE","Camutanga",8572,15220.35,26013,"Mata Setentrional Pernambucana",2,"Nordeste",1,"260360",3,18,5,13,8,10,0,0,0,0,0,18,5,13,8,10,4,9.63038862720909,9.05625635659347,0.397461058365809,31
"5787","PE","Camutanga",8572,15220.35,26013,"Mata Setentrional Pernambucana",2,"Nordeste",1,"260360",4,9,3,6,6,3,0,0,0,0,0,9,3,6,6,3,8,9.63038862720909,9.05625635659347,0.402177977576956,30
"5788","PE","Camutanga",8572,15220.35,26013,"Mata Setentrional Pernambucana",2,"Nordeste",1,"260360",5,10,7,3,6,4,0,0,0,0,0,10,7,3,6,4,7,9.63038862720909,9.05625635659347,0.457498476982475,31
"5789","PE","Camutanga",8572,15220.35,26013,"Mata Setentrional Pernambucana",2,"Nordeste",1,"260360",6,8,3,5,5,3,0,0,0,0,0,8,3,5,5,3,6,9.63038862720909,9.05625635659347,0.400818817322334,30
"5790","PE","Camutanga",8572,15220.35,26013,"Mata Setentrional Pernambucana",2,"Nordeste",1,"260360",7,10,7,3,3,7,1,0,0,0,0,11,7,3,3,7,7,9.63038862720909,9.05625635659347,0.409663535199167,29
"5791","PE","Canhotinho",24773,7621.24,26011,"Garanhuns",2,"Nordeste",0,"260370",2,43,19,24,14,29,0,0,0,0,0,43,19,24,14,29,16,8.93869436510045,10.1175096294008,0.28183853968021,29
"5792","PE","Canhotinho",24773,7621.24,26011,"Garanhuns",2,"Nordeste",0,"260370",3,41,21,20,21,20,0,0,0,0,0,41,21,20,21,20,13,8.93869436510045,10.1175096294008,0.354432247062549,31
"5793","PE","Canhotinho",24773,7621.24,26011,"Garanhuns",2,"Nordeste",0,"260370",4,35,21,14,14,21,0,0,0,0,0,35,21,14,14,21,16,8.93869436510045,10.1175096294008,0.381249145890146,30
"5794","PE","Canhotinho",24773,7621.24,26011,"Garanhuns",2,"Nordeste",0,"260370",5,28,13,15,11,17,0,0,0,0,0,28,13,15,11,17,20,8.93869436510045,10.1175096294008,0.400569680541871,31
"5795","PE","Canhotinho",24773,7621.24,26011,"Garanhuns",2,"Nordeste",0,"260370",6,29,11,18,12,17,0,0,0,0,0,29,11,18,12,17,18,8.93869436510045,10.1175096294008,0.396868833535166,30
"5796","PE","Canhotinho",24773,7621.24,26011,"Garanhuns",2,"Nordeste",0,"260370",7,32,11,21,18,14,0,0,0,0,0,32,11,21,18,14,20,8.93869436510045,10.1175096294008,0.435191173614001,29
"5797","PE","Capoeiras",20048,10614.15,26008,"Vale do Ipojuca",2,"Nordeste",0,"260380",2,35,16,19,12,23,0,0,0,0,0,35,16,19,12,23,11,9.2699432955661,9.90588467713585,0.31033714890459,29
"5798","PE","Capoeiras",20048,10614.15,26008,"Vale do Ipojuca",2,"Nordeste",0,"260380",3,26,6,20,9,17,0,0,0,0,0,26,6,20,9,17,19,9.2699432955661,9.90588467713585,0.384126227021256,31
"5799","PE","Capoeiras",20048,10614.15,26008,"Vale do Ipojuca",2,"Nordeste",0,"260380",4,20,7,13,6,14,0,0,0,0,0,20,7,13,6,14,10,9.2699432955661,9.90588467713585,0.432496179990665,30
"5800","PE","Capoeiras",20048,10614.15,26008,"Vale do Ipojuca",2,"Nordeste",0,"260380",5,28,9,19,13,15,0,0,0,0,0,28,9,19,13,15,13,9.2699432955661,9.90588467713585,0.437562740408585,31
"5801","PE","Capoeiras",20048,10614.15,26008,"Vale do Ipojuca",2,"Nordeste",0,"260380",6,21,11,10,4,17,0,0,0,0,0,21,11,10,4,17,14,9.2699432955661,9.90588467713585,0.413179743059137,30
"5802","PE","Capoeiras",20048,10614.15,26008,"Vale do Ipojuca",2,"Nordeste",0,"260380",7,26,12,14,7,19,1,0,0,0,0,27,12,14,7,19,10,9.2699432955661,9.90588467713585,0.428253404970048,29
"5803","PE","Carnaíba",19609,7930.56,26003,"Pajeú",2,"Nordeste",0,"260390",2,34,4,30,18,16,0,0,0,0,0,34,4,30,18,16,6,8.97847893004225,9.88374392349952,0.281241561831241,29
"5804","PE","Carnaíba",19609,7930.56,26003,"Pajeú",2,"Nordeste",0,"260390",3,41,3,38,21,20,0,0,0,0,0,41,3,38,21,20,11,8.97847893004225,9.88374392349952,0.355124993431697,31
"5805","PE","Carnaíba",19609,7930.56,26003,"Pajeú",2,"Nordeste",0,"260390",4,18,2,16,6,12,0,0,0,0,0,18,2,16,6,12,11,8.97847893004225,9.88374392349952,0.386515520811223,30
"5806","PE","Carnaíba",19609,7930.56,26003,"Pajeú",2,"Nordeste",0,"260390",5,20,4,16,9,11,0,0,0,0,0,20,4,16,9,11,13,8.97847893004225,9.88374392349952,0.381104132900489,31
"5807","PE","Carnaíba",19609,7930.56,26003,"Pajeú",2,"Nordeste",0,"260390",6,27,3,24,10,17,0,0,0,0,0,27,3,24,10,17,17,8.97847893004225,9.88374392349952,0.357853435524034,30
"5808","PE","Carnaíba",19609,7930.56,26003,"Pajeú",2,"Nordeste",0,"260390",7,24,1,23,8,16,0,0,0,0,0,24,1,23,8,16,12,8.97847893004225,9.88374392349952,0.389142081583542,29
"5809","PE","Carpina",84395,17467.92,26013,"Mata Setentrional Pernambucana",2,"Nordeste",1,"260400",2,148,32,116,54,94,0,0,0,0,0,148,32,116,54,94,44,9.7681213347919,11.343263437123,0.285388207769482,29
"5810","PE","Carpina",84395,17467.92,26013,"Mata Setentrional Pernambucana",2,"Nordeste",1,"260400",3,113,28,85,50,63,0,0,0,0,0,113,28,85,50,63,55,9.7681213347919,11.343263437123,0.386861831981819,31
"5811","PE","Carpina",84395,17467.92,26013,"Mata Setentrional Pernambucana",2,"Nordeste",1,"260400",4,79,21,58,43,36,0,0,0,0,0,79,21,58,43,36,55,9.7681213347919,11.343263437123,0.444751649777052,30
"5812","PE","Carpina",84395,17467.92,26013,"Mata Setentrional Pernambucana",2,"Nordeste",1,"260400",5,88,17,71,48,40,1,0,0,0,0,89,17,71,48,40,68,9.7681213347919,11.343263437123,0.437173972614759,31
"5813","PE","Carpina",84395,17467.92,26013,"Mata Setentrional Pernambucana",2,"Nordeste",1,"260400",6,88,23,65,37,51,0,0,0,0,0,88,23,65,37,51,78,9.7681213347919,11.343263437123,0.387125502338025,30
"5814","PE","Carpina",84395,17467.92,26013,"Mata Setentrional Pernambucana",2,"Nordeste",1,"260400",7,101,21,80,28,73,1,0,0,0,0,102,21,80,28,73,62,9.7681213347919,11.343263437123,0.397536169993434,29
"5815","PE","Caruaru",365278,20028.26,26008,"Vale do Ipojuca",2,"Nordeste",1,"260410",2,782,262,520,305,477,3,0,0,0,0,785,262,520,305,477,195,9.90489955519102,12.8084139864968,0.294223234491047,29
"5816","PE","Caruaru",365278,20028.26,26008,"Vale do Ipojuca",2,"Nordeste",1,"260410",3,788,282,506,321,467,6,0,0,0,0,794,282,506,321,467,230,9.90489955519102,12.8084139864968,0.402769007497538,31
"5817","PE","Caruaru",365278,20028.26,26008,"Vale do Ipojuca",2,"Nordeste",1,"260410",4,456,167,289,172,284,1,0,0,0,0,457,167,289,172,284,222,9.90489955519102,12.8084139864968,0.472181268364891,30
"5818","PE","Caruaru",365278,20028.26,26008,"Vale do Ipojuca",2,"Nordeste",1,"260410",5,466,182,284,186,280,1,0,0,0,0,467,182,284,186,280,246,9.90489955519102,12.8084139864968,0.451368621683134,31
"5819","PE","Caruaru",365278,20028.26,26008,"Vale do Ipojuca",2,"Nordeste",1,"260410",6,466,177,289,187,279,1,0,0,0,0,467,177,289,187,279,310,9.90489955519102,12.8084139864968,0.410000245069303,30
"5820","PE","Caruaru",365278,20028.26,26008,"Vale do Ipojuca",2,"Nordeste",1,"260410",7,502,179,323,199,303,4,0,0,0,0,506,179,323,199,303,302,9.90489955519102,12.8084139864968,0.408300289622024,29
"5821","PE","Casinhas",14368,6628.6,26009,"Alto Capibaribe",2,"Nordeste",0,"260415",2,22,9,13,6,16,0,0,0,0,0,22,9,13,6,16,9,8.79914889949457,9.57275879054198,0.303308115625362,29
"5822","PE","Casinhas",14368,6628.6,26009,"Alto Capibaribe",2,"Nordeste",0,"260415",3,27,8,19,11,16,0,0,0,0,0,27,8,19,11,16,8,8.79914889949457,9.57275879054198,0.415463050840037,31
"5823","PE","Casinhas",14368,6628.6,26009,"Alto Capibaribe",2,"Nordeste",0,"260415",4,16,5,11,8,8,0,0,0,0,0,16,5,11,8,8,5,8.79914889949457,9.57275879054198,0.469009003294109,30
"5824","PE","Casinhas",14368,6628.6,26009,"Alto Capibaribe",2,"Nordeste",0,"260415",5,13,6,7,4,9,0,0,0,0,0,13,6,7,4,9,15,8.79914889949457,9.57275879054198,0.460341944485247,31
"5825","PE","Casinhas",14368,6628.6,26009,"Alto Capibaribe",2,"Nordeste",0,"260415",6,11,4,7,9,2,0,0,0,0,0,11,4,7,9,2,5,8.79914889949457,9.57275879054198,0.418746101455493,30
"5826","PE","Casinhas",14368,6628.6,26009,"Alto Capibaribe",2,"Nordeste",0,"260415",7,12,5,7,6,6,0,0,0,0,0,12,5,7,6,6,18,8.79914889949457,9.57275879054198,0.439225983890722,29
"5827","PE","Catende",43340,6734.87,26015,"Mata Meridional Pernambucana",2,"Nordeste",1,"260420",2,64,28,36,30,34,0,0,0,0,0,64,28,36,30,34,13,8.81505378650524,10.6768312750904,0.285617493674395,29
"5828","PE","Catende",43340,6734.87,26015,"Mata Meridional Pernambucana",2,"Nordeste",1,"260420",3,70,29,41,39,31,1,0,0,0,0,71,29,41,39,31,26,8.81505378650524,10.6768312750904,0.369769531184412,31
"5829","PE","Catende",43340,6734.87,26015,"Mata Meridional Pernambucana",2,"Nordeste",1,"260420",4,32,12,20,17,15,0,0,0,0,0,32,12,20,17,15,22,8.81505378650524,10.6768312750904,0.413533078984603,30
"5830","PE","Catende",43340,6734.87,26015,"Mata Meridional Pernambucana",2,"Nordeste",1,"260420",5,33,16,17,17,16,1,0,0,0,0,34,16,17,17,16,41,8.81505378650524,10.6768312750904,0.429098643965475,31
"5831","PE","Catende",43340,6734.87,26015,"Mata Meridional Pernambucana",2,"Nordeste",1,"260420",6,51,22,29,27,24,1,0,0,0,0,52,22,29,27,24,46,8.81505378650524,10.6768312750904,0.405802804554056,30
"5832","PE","Catende",43340,6734.87,26015,"Mata Meridional Pernambucana",2,"Nordeste",1,"260420",7,28,11,17,14,14,0,0,0,0,0,28,11,17,14,14,32,8.81505378650524,10.6768312750904,0.425986117128034,29
"5833","PE","Cedro",11891,7556.35,26002,"Salgueiro",2,"Nordeste",0,"260430",2,18,2,16,9,9,0,0,0,0,0,18,2,16,9,9,1,8.93014354835328,9.38353709043758,0.277457833114001,29
"5834","PE","Cedro",11891,7556.35,26002,"Salgueiro",2,"Nordeste",0,"260430",3,27,5,22,9,18,0,0,0,0,0,27,5,22,9,18,7,8.93014354835328,9.38353709043758,0.364820564095855,31
"5835","PE","Cedro",11891,7556.35,26002,"Salgueiro",2,"Nordeste",0,"260430",4,11,4,7,6,5,0,0,0,0,0,11,4,7,6,5,7,8.93014354835328,9.38353709043758,0.40498400661848,30
"5836","PE","Cedro",11891,7556.35,26002,"Salgueiro",2,"Nordeste",0,"260430",5,12,3,9,6,6,0,0,0,0,0,12,3,9,6,6,5,8.93014354835328,9.38353709043758,0.415905681454118,31
"5837","PE","Cedro",11891,7556.35,26002,"Salgueiro",2,"Nordeste",0,"260430",6,20,4,16,9,11,0,0,0,0,0,20,4,16,9,11,7,8.93014354835328,9.38353709043758,0.392898987781923,30
"5838","PE","Cedro",11891,7556.35,26002,"Salgueiro",2,"Nordeste",0,"260430",7,12,2,10,4,8,0,0,0,0,0,12,2,10,4,8,8,8.93014354835328,9.38353709043758,0.437130782658304,29
"5839","PE","Chã de Alegria",13556,11135.31,26014,"Vitória de Santo Antão",2,"Nordeste",0,"260440",2,29,12,17,9,20,0,0,0,0,0,29,12,17,9,20,8,9.31787641944763,9.51458453272694,0.295276259846569,29
"5840","PE","Chã de Alegria",13556,11135.31,26014,"Vitória de Santo Antão",2,"Nordeste",0,"260440",3,22,4,18,9,13,0,0,0,0,0,22,4,18,9,13,6,9.31787641944763,9.51458453272694,0.381045779482862,31
"5841","PE","Chã de Alegria",13556,11135.31,26014,"Vitória de Santo Antão",2,"Nordeste",0,"260440",4,15,4,11,7,8,0,0,0,0,0,15,4,11,7,8,11,9.31787641944763,9.51458453272694,0.437368412941668,30
"5842","PE","Chã de Alegria",13556,11135.31,26014,"Vitória de Santo Antão",2,"Nordeste",0,"260440",5,19,5,14,8,11,0,0,0,0,0,19,5,14,8,11,14,9.31787641944763,9.51458453272694,0.448622951720246,31
"5843","PE","Chã de Alegria",13556,11135.31,26014,"Vitória de Santo Antão",2,"Nordeste",0,"260440",6,12,3,9,4,8,0,0,0,0,0,12,3,9,4,8,6,9.31787641944763,9.51458453272694,0.386281842337755,30
"5844","PE","Chã de Alegria",13556,11135.31,26014,"Vitória de Santo Antão",2,"Nordeste",0,"260440",7,27,8,19,14,13,1,0,0,0,0,28,8,19,14,13,8,9.31787641944763,9.51458453272694,0.395096533868668,29
"5845","PE","Chã Grande",21815,9261.23,26014,"Vitória de Santo Antão",2,"Nordeste",0,"260450",2,44,19,25,17,27,0,0,0,0,0,44,19,25,17,27,12,9.13359214819283,9.99035308555771,0.264065396358805,29
"5846","PE","Chã Grande",21815,9261.23,26014,"Vitória de Santo Antão",2,"Nordeste",0,"260450",3,20,9,11,8,12,0,0,0,0,0,20,9,11,8,12,13,9.13359214819283,9.99035308555771,0.346754192657645,31
"5847","PE","Chã Grande",21815,9261.23,26014,"Vitória de Santo Antão",2,"Nordeste",0,"260450",4,29,9,20,14,15,0,0,0,0,0,29,9,20,14,15,14,9.13359214819283,9.99035308555771,0.399384372494978,30
"5848","PE","Chã Grande",21815,9261.23,26014,"Vitória de Santo Antão",2,"Nordeste",0,"260450",5,20,10,10,10,10,0,0,0,0,0,20,10,10,10,10,24,9.13359214819283,9.99035308555771,0.412092710186279,31
"5849","PE","Chã Grande",21815,9261.23,26014,"Vitória de Santo Antão",2,"Nordeste",0,"260450",6,21,10,11,8,13,0,0,0,0,0,21,10,11,8,13,15,9.13359214819283,9.99035308555771,0.362713338740543,30
"5850","PE","Chã Grande",21815,9261.23,26014,"Vitória de Santo Antão",2,"Nordeste",0,"260450",7,32,12,20,9,23,1,0,0,0,0,33,12,20,9,23,15,9.13359214819283,9.99035308555771,0.366202843450062,29
"5851","PE","Condado",26590,8460.04,26013,"Mata Setentrional Pernambucana",2,"Nordeste",1,"260460",2,51,14,37,22,29,1,0,0,0,0,52,14,37,22,29,10,9.04310918072148,10.1882904842371,0.286500180634494,29
"5852","PE","Condado",26590,8460.04,26013,"Mata Setentrional Pernambucana",2,"Nordeste",1,"260460",3,43,16,27,23,20,0,0,0,0,0,43,16,27,23,20,24,9.04310918072148,10.1882904842371,0.385873001488845,31
"5853","PE","Condado",26590,8460.04,26013,"Mata Setentrional Pernambucana",2,"Nordeste",1,"260460",4,21,8,13,15,6,0,0,0,0,0,21,8,13,15,6,17,9.04310918072148,10.1882904842371,0.418765041373129,30
"5854","PE","Condado",26590,8460.04,26013,"Mata Setentrional Pernambucana",2,"Nordeste",1,"260460",5,24,9,15,10,14,0,0,0,0,0,24,9,15,10,14,36,9.04310918072148,10.1882904842371,0.426242225083866,31
"5855","PE","Condado",26590,8460.04,26013,"Mata Setentrional Pernambucana",2,"Nordeste",1,"260460",6,31,10,21,10,21,0,0,0,0,0,31,10,21,10,21,22,9.04310918072148,10.1882904842371,0.383257029923172,30
"5856","PE","Condado",26590,8460.04,26013,"Mata Setentrional Pernambucana",2,"Nordeste",1,"260460",7,37,12,25,17,20,0,0,0,0,0,37,12,25,17,20,11,9.04310918072148,10.1882904842371,0.389201761249243,29
"5857","PE","Correntes",18268,8255.79,26011,"Garanhuns",2,"Nordeste",0,"260470",2,24,14,10,9,15,0,0,0,0,0,24,14,10,9,15,7,9.01867005135133,9.81290617430489,0.296521484163774,29
"5858","PE","Correntes",18268,8255.79,26011,"Garanhuns",2,"Nordeste",0,"260470",3,21,11,10,7,14,0,0,0,0,0,21,11,10,7,14,6,9.01867005135133,9.81290617430489,0.379847700605016,31
"5859","PE","Correntes",18268,8255.79,26011,"Garanhuns",2,"Nordeste",0,"260470",4,12,5,7,4,8,0,0,0,0,0,12,5,7,4,8,9,9.01867005135133,9.81290617430489,0.432201110583285,30
"5860","PE","Correntes",18268,8255.79,26011,"Garanhuns",2,"Nordeste",0,"260470",5,21,16,5,9,12,0,0,0,0,0,21,16,5,9,12,6,9.01867005135133,9.81290617430489,0.420366454419921,31
"5861","PE","Correntes",18268,8255.79,26011,"Garanhuns",2,"Nordeste",0,"260470",6,19,7,12,9,10,0,0,0,0,0,19,7,12,9,10,12,9.01867005135133,9.81290617430489,0.404198245608628,30
"5862","PE","Correntes",18268,8255.79,26011,"Garanhuns",2,"Nordeste",0,"260470",7,14,5,9,5,9,1,0,0,0,0,15,5,9,5,9,14,9.01867005135133,9.81290617430489,0.458109414676365,29
"5863","PE","Cortês",12560,9488.45,26015,"Mata Meridional Pernambucana",2,"Nordeste",0,"260480",2,17,6,11,11,6,1,0,0,0,0,18,6,11,11,6,6,9.15783054844334,9.43827244002219,0.276675808233542,29
"5864","PE","Cortês",12560,9488.45,26015,"Mata Meridional Pernambucana",2,"Nordeste",0,"260480",3,18,5,13,7,11,0,0,0,0,0,18,5,13,7,11,9,9.15783054844334,9.43827244002219,0.363602353945351,31
"5865","PE","Cortês",12560,9488.45,26015,"Mata Meridional Pernambucana",2,"Nordeste",0,"260480",4,9,1,8,8,1,0,0,0,0,0,9,1,8,8,1,11,9.15783054844334,9.43827244002219,0.393853203800276,30
"5866","PE","Cortês",12560,9488.45,26015,"Mata Meridional Pernambucana",2,"Nordeste",0,"260480",5,15,5,10,7,8,0,0,0,0,0,15,5,10,7,8,22,9.15783054844334,9.43827244002219,0.423369025739532,31
"5867","PE","Cortês",12560,9488.45,26015,"Mata Meridional Pernambucana",2,"Nordeste",0,"260480",6,14,6,8,7,7,2,0,0,0,0,16,6,8,7,7,10,9.15783054844334,9.43827244002219,0.381945702036686,30
"5868","PE","Cortês",12560,9488.45,26015,"Mata Meridional Pernambucana",2,"Nordeste",0,"260480",7,12,6,6,6,6,0,0,0,0,0,12,6,6,6,6,5,9.15783054844334,9.43827244002219,0.400426860300175,29
"5869","PE","Cumaru",10192,8327.21,26010,"Médio Capibaribe",2,"Nordeste",0,"260490",2,26,8,18,10,16,0,0,0,0,0,26,8,18,10,16,5,9.02728374508439,9.22935837781194,0.301722274576569,29
"5870","PE","Cumaru",10192,8327.21,26010,"Médio Capibaribe",2,"Nordeste",0,"260490",3,16,8,8,8,8,0,0,0,0,0,16,8,8,8,8,9,9.02728374508439,9.22935837781194,0.381302464459187,31
"5871","PE","Cumaru",10192,8327.21,26010,"Médio Capibaribe",2,"Nordeste",0,"260490",4,9,5,4,3,6,0,0,0,0,0,9,5,4,3,6,7,9.02728374508439,9.22935837781194,0.408849458792552,30
"5872","PE","Cumaru",10192,8327.21,26010,"Médio Capibaribe",2,"Nordeste",0,"260490",5,10,6,4,7,3,1,0,0,0,0,11,6,4,7,3,13,9.02728374508439,9.22935837781194,0.430539903772315,31
"5873","PE","Cumaru",10192,8327.21,26010,"Médio Capibaribe",2,"Nordeste",0,"260490",6,12,8,4,3,9,0,0,0,0,0,12,8,4,3,9,9,9.02728374508439,9.22935837781194,0.394179421912932,30
"5874","PE","Cumaru",10192,8327.21,26010,"Médio Capibaribe",2,"Nordeste",0,"260490",7,16,9,7,6,10,1,0,0,0,0,17,9,7,6,10,15,9.02728374508439,9.22935837781194,0.415954332986112,29
"5875","PE","Cupira",24173,10979.96,26012,"Brejo Pernambucano",2,"Nordeste",1,"260500",2,53,20,33,32,21,0,0,0,0,0,53,20,33,32,21,18,9.30382707206964,10.0929915868061,0.312188613977502,29
"5876","PE","Cupira",24173,10979.96,26012,"Brejo Pernambucano",2,"Nordeste",1,"260500",3,43,20,23,22,21,1,0,0,0,0,44,20,23,22,21,22,9.30382707206964,10.0929915868061,0.383970026389059,31
"5877","PE","Cupira",24173,10979.96,26012,"Brejo Pernambucano",2,"Nordeste",1,"260500",4,28,15,13,8,20,0,0,0,0,0,28,15,13,8,20,9,9.30382707206964,10.0929915868061,0.401302045705761,30
"5878","PE","Cupira",24173,10979.96,26012,"Brejo Pernambucano",2,"Nordeste",1,"260500",5,27,8,19,16,11,2,0,0,0,0,29,8,19,16,11,22,9.30382707206964,10.0929915868061,0.38529114340808,31
"5879","PE","Cupira",24173,10979.96,26012,"Brejo Pernambucano",2,"Nordeste",1,"260500",6,27,8,19,7,20,0,0,0,0,0,27,8,19,7,20,31,9.30382707206964,10.0929915868061,0.369989121984094,30
"5880","PE","Cupira",24173,10979.96,26012,"Brejo Pernambucano",2,"Nordeste",1,"260500",7,31,14,17,11,20,1,0,0,0,0,32,14,17,11,20,35,9.30382707206964,10.0929915868061,0.408668635010064,29
"5881","PE","Custódia",37375,13498.42,26004,"Sertão do Moxotó",2,"Nordeste",0,"260510",2,73,15,58,28,45,0,0,0,0,0,73,15,58,28,45,14,9.51032792054012,10.528757310693,0.283032567733802,29
"5882","PE","Custódia",37375,13498.42,26004,"Sertão do Moxotó",2,"Nordeste",0,"260510",3,76,21,55,35,41,1,0,0,0,0,77,21,55,35,41,13,9.51032792054012,10.528757310693,0.361683415228731,31
"5883","PE","Custódia",37375,13498.42,26004,"Sertão do Moxotó",2,"Nordeste",0,"260510",4,64,16,48,27,37,0,0,0,0,0,64,16,48,27,37,11,9.51032792054012,10.528757310693,0.388102663281272,30
"5884","PE","Custódia",37375,13498.42,26004,"Sertão do Moxotó",2,"Nordeste",0,"260510",5,51,12,39,25,26,0,0,0,0,0,51,12,39,25,26,25,9.51032792054012,10.528757310693,0.409874961983149,31
"5885","PE","Custódia",37375,13498.42,26004,"Sertão do Moxotó",2,"Nordeste",0,"260510",6,44,18,26,19,25,0,0,0,0,0,44,18,26,19,25,32,9.51032792054012,10.528757310693,0.37193491978621,30
"5886","PE","Custódia",37375,13498.42,26004,"Sertão do Moxotó",2,"Nordeste",0,"260510",7,48,15,33,21,27,0,0,0,0,0,48,15,33,21,27,19,9.51032792054012,10.528757310693,0.404747514817479,29
"5887","PE","Dormentes",19079,11599.49,26005,"Petrolina",2,"Nordeste",0,"260515",2,41,14,27,16,25,0,0,0,0,0,41,14,27,16,25,11,9.3587164106107,9.85634353272731,0.255753164122464,29
"5888","PE","Dormentes",19079,11599.49,26005,"Petrolina",2,"Nordeste",0,"260515",3,18,5,13,9,9,0,0,0,0,0,18,5,13,9,9,10,9.3587164106107,9.85634353272731,0.341437727623882,31
"5889","PE","Dormentes",19079,11599.49,26005,"Petrolina",2,"Nordeste",0,"260515",4,26,14,12,11,15,1,0,0,0,0,27,14,12,11,15,8,9.3587164106107,9.85634353272731,0.368332369650982,30
"5890","PE","Dormentes",19079,11599.49,26005,"Petrolina",2,"Nordeste",0,"260515",5,26,7,19,12,14,0,0,0,0,0,26,7,19,12,14,14,9.3587164106107,9.85634353272731,0.405237820325432,31
"5891","PE","Dormentes",19079,11599.49,26005,"Petrolina",2,"Nordeste",0,"260515",6,22,5,17,8,14,0,0,0,0,0,22,5,17,8,14,11,9.3587164106107,9.85634353272731,0.378226045330187,30
"5892","PE","Dormentes",19079,11599.49,26005,"Petrolina",2,"Nordeste",0,"260515",7,27,6,21,11,16,0,0,0,0,0,27,6,21,11,16,8,9.3587164106107,9.85634353272731,0.389009502907105,29
"5893","PE","Escada",69292,13976.51,26015,"Mata Meridional Pernambucana",2,"Nordeste",1,"260520",2,103,30,73,51,52,1,0,0,0,0,104,30,73,51,52,42,9.54513334227575,11.1460847383988,0.303335772791023,29
"5894","PE","Escada",69292,13976.51,26015,"Mata Meridional Pernambucana",2,"Nordeste",1,"260520",3,101,27,74,48,53,0,0,0,0,0,101,27,74,48,53,54,9.54513334227575,11.1460847383988,0.39709743098349,31
"5895","PE","Escada",69292,13976.51,26015,"Mata Meridional Pernambucana",2,"Nordeste",1,"260520",4,55,16,39,30,25,0,0,0,0,0,55,16,39,30,25,46,9.54513334227575,11.1460847383988,0.446084405624584,30
"5896","PE","Escada",69292,13976.51,26015,"Mata Meridional Pernambucana",2,"Nordeste",1,"260520",5,60,20,40,25,35,0,0,0,0,0,60,20,40,25,35,97,9.54513334227575,11.1460847383988,0.456648810858732,31
"5897","PE","Escada",69292,13976.51,26015,"Mata Meridional Pernambucana",2,"Nordeste",1,"260520",6,65,17,48,36,29,0,0,0,0,0,65,17,48,36,29,48,9.54513334227575,11.1460847383988,0.401758325430435,30
"5898","PE","Escada",69292,13976.51,26015,"Mata Meridional Pernambucana",2,"Nordeste",1,"260520",7,67,23,44,28,39,1,0,0,0,0,68,23,44,28,39,22,9.54513334227575,11.1460847383988,0.412636657189215,29
"5899","PE","Exu",31766,8417.2,26001,"Araripina",2,"Nordeste",0,"260530",2,69,21,48,25,44,0,0,0,0,0,69,21,48,25,44,16,9.03803251036447,10.3661518143951,0.285331548922712,29
"5900","PE","Exu",31766,8417.2,26001,"Araripina",2,"Nordeste",0,"260530",3,62,24,38,40,22,2,0,0,0,0,64,24,38,40,22,18,9.03803251036447,10.3661518143951,0.371504825645613,31
"5901","PE","Exu",31766,8417.2,26001,"Araripina",2,"Nordeste",0,"260530",4,38,22,16,17,21,0,0,0,0,0,38,22,16,17,21,20,9.03803251036447,10.3661518143951,0.407756050296342,30
"5902","PE","Exu",31766,8417.2,26001,"Araripina",2,"Nordeste",0,"260530",5,42,11,31,17,25,0,0,0,0,0,42,11,31,17,25,17,9.03803251036447,10.3661518143951,0.414957063814332,31
"5903","PE","Exu",31766,8417.2,26001,"Araripina",2,"Nordeste",0,"260530",6,39,15,24,18,21,1,0,0,0,0,40,15,24,18,21,16,9.03803251036447,10.3661518143951,0.387960141687336,30
"5904","PE","Exu",31766,8417.2,26001,"Araripina",2,"Nordeste",0,"260530",7,29,10,19,15,14,1,0,0,0,0,30,10,19,15,14,18,9.03803251036447,10.3661518143951,0.461399119610033,29
"5905","PE","Feira Nova",22247,8679.6,26010,"Médio Capibaribe",2,"Nordeste",1,"260540",2,32,8,24,19,13,1,0,0,0,0,33,8,24,19,13,9,9.06873072364323,10.0099624470431,0.282378016668074,29
"5906","PE","Feira Nova",22247,8679.6,26010,"Médio Capibaribe",2,"Nordeste",1,"260540",3,46,17,29,19,27,1,0,0,0,0,47,17,29,19,27,17,9.06873072364323,10.0099624470431,0.355471607759376,31
"5907","PE","Feira Nova",22247,8679.6,26010,"Médio Capibaribe",2,"Nordeste",1,"260540",4,28,9,19,13,15,0,0,0,0,0,28,9,19,13,15,13,9.06873072364323,10.0099624470431,0.39796642958615,30
"5908","PE","Feira Nova",22247,8679.6,26010,"Médio Capibaribe",2,"Nordeste",1,"260540",5,25,12,13,11,14,0,0,0,0,0,25,12,13,11,14,26,9.06873072364323,10.0099624470431,0.406102302831861,31
"5909","PE","Feira Nova",22247,8679.6,26010,"Médio Capibaribe",2,"Nordeste",1,"260540",6,23,9,14,13,10,0,0,0,0,0,23,9,14,13,10,22,9.06873072364323,10.0099624470431,0.372628878339224,30
"5910","PE","Feira Nova",22247,8679.6,26010,"Médio Capibaribe",2,"Nordeste",1,"260540",7,32,12,20,10,22,0,0,0,0,0,32,12,20,10,22,13,9.06873072364323,10.0099624470431,0.389604854381774,29
"5911","PE","Ferreiros",12170,7832.56,26013,"Mata Setentrional Pernambucana",2,"Nordeste",0,"260550",2,16,7,9,8,8,0,0,0,0,0,16,7,9,8,8,7,8.96604468318641,9.40672918598157,0.292413727001968,29
"5912","PE","Ferreiros",12170,7832.56,26013,"Mata Setentrional Pernambucana",2,"Nordeste",0,"260550",3,19,3,16,7,12,0,0,0,0,0,19,3,16,7,12,4,8.96604468318641,9.40672918598157,0.372779536633323,31
"5913","PE","Ferreiros",12170,7832.56,26013,"Mata Setentrional Pernambucana",2,"Nordeste",0,"260550",4,14,8,6,5,9,0,0,0,0,0,14,8,6,5,9,9,8.96604468318641,9.40672918598157,0.427433219963971,30
"5914","PE","Ferreiros",12170,7832.56,26013,"Mata Setentrional Pernambucana",2,"Nordeste",0,"260550",5,11,6,5,3,8,2,0,0,0,0,13,6,5,3,8,16,8.96604468318641,9.40672918598157,0.449921363393055,31
"5915","PE","Ferreiros",12170,7832.56,26013,"Mata Setentrional Pernambucana",2,"Nordeste",0,"260550",6,12,4,8,5,7,0,0,0,0,0,12,4,8,5,7,10,8.96604468318641,9.40672918598157,0.390011430473763,30
"5916","PE","Ferreiros",12170,7832.56,26013,"Mata Setentrional Pernambucana",2,"Nordeste",0,"260550",7,11,2,9,4,7,1,0,0,0,0,12,2,9,4,7,8,8.96604468318641,9.40672918598157,0.418836029624046,29
"5917","PE","Flores",22618,7515.92,26003,"Pajeú",2,"Nordeste",0,"260560",2,39,12,27,16,23,0,0,0,0,0,39,12,27,16,23,7,8.92477871651715,10.0265013284313,0.291432457536519,29
"5918","PE","Flores",22618,7515.92,26003,"Pajeú",2,"Nordeste",0,"260560",3,44,8,36,19,25,0,0,0,0,0,44,8,36,19,25,12,8.92477871651715,10.0265013284313,0.356996639891041,31
"5919","PE","Flores",22618,7515.92,26003,"Pajeú",2,"Nordeste",0,"260560",4,19,4,15,6,13,0,0,0,0,0,19,4,15,6,13,11,8.92477871651715,10.0265013284313,0.402807057405773,30
"5920","PE","Flores",22618,7515.92,26003,"Pajeú",2,"Nordeste",0,"260560",5,16,1,15,12,4,0,0,0,0,0,16,1,15,12,4,16,8.92477871651715,10.0265013284313,0.434636888783867,31
"5921","PE","Flores",22618,7515.92,26003,"Pajeú",2,"Nordeste",0,"260560",6,26,6,20,9,17,0,0,0,0,0,26,6,20,9,17,18,8.92477871651715,10.0265013284313,0.410622337270283,30
"5922","PE","Flores",22618,7515.92,26003,"Pajeú",2,"Nordeste",0,"260560",7,23,7,16,3,20,0,0,0,0,0,23,7,16,3,20,19,8.92477871651715,10.0265013284313,0.435160780834792,29
"5923","PE","Floresta",33184,12865.92,26006,"Itaparica",2,"Nordeste",0,"260570",2,56,17,39,29,27,1,0,0,0,0,57,17,39,29,27,16,9.46233723401286,10.4098231110293,0.272810591371311,29
"5924","PE","Floresta",33184,12865.92,26006,"Itaparica",2,"Nordeste",0,"260570",3,78,24,54,45,33,0,0,0,0,0,78,24,54,45,33,18,9.46233723401286,10.4098231110293,0.358209835644662,31
"5925","PE","Floresta",33184,12865.92,26006,"Itaparica",2,"Nordeste",0,"260570",4,50,15,35,34,16,1,0,0,0,0,51,15,35,34,16,16,9.46233723401286,10.4098231110293,0.406131270468365,30
"5926","PE","Floresta",33184,12865.92,26006,"Itaparica",2,"Nordeste",0,"260570",5,39,10,29,20,19,1,0,0,0,0,40,10,29,20,19,18,9.46233723401286,10.4098231110293,0.41681861480888,31
"5927","PE","Floresta",33184,12865.92,26006,"Itaparica",2,"Nordeste",0,"260570",6,37,4,33,15,22,0,0,0,0,0,37,4,33,15,22,14,9.46233723401286,10.4098231110293,0.387025498530291,30
"5928","PE","Floresta",33184,12865.92,26006,"Itaparica",2,"Nordeste",0,"260570",7,44,13,31,28,16,1,0,0,0,0,45,13,31,28,16,22,9.46233723401286,10.4098231110293,0.422097593681709,29
"5929","PE","Frei Miguelinho",15546,7533.5,26009,"Alto Capibaribe",2,"Nordeste",0,"260580",2,15,5,10,8,7,0,0,0,0,0,15,5,10,8,7,14,8.92711502024134,9.65155864979016,0.308530424072618,29
"5930","PE","Frei Miguelinho",15546,7533.5,26009,"Alto Capibaribe",2,"Nordeste",0,"260580",3,10,2,8,3,7,0,0,0,0,0,10,2,8,3,7,10,8.92711502024134,9.65155864979016,0.397101141632343,31
"5931","PE","Frei Miguelinho",15546,7533.5,26009,"Alto Capibaribe",2,"Nordeste",0,"260580",4,7,2,5,1,6,0,0,0,0,0,7,2,5,1,6,12,8.92711502024134,9.65155864979016,0.44265298117192,30
"5932","PE","Frei Miguelinho",15546,7533.5,26009,"Alto Capibaribe",2,"Nordeste",0,"260580",5,9,3,6,3,6,0,0,0,0,0,9,3,6,3,6,17,8.92711502024134,9.65155864979016,0.428607582734119,31
"5933","PE","Frei Miguelinho",15546,7533.5,26009,"Alto Capibaribe",2,"Nordeste",0,"260580",6,15,6,9,5,10,1,0,0,0,0,16,6,9,5,10,15,8.92711502024134,9.65155864979016,0.39529322932449,30
"5934","PE","Frei Miguelinho",15546,7533.5,26009,"Alto Capibaribe",2,"Nordeste",0,"260580",7,13,8,5,7,6,0,0,0,0,0,13,8,5,7,6,14,8.92711502024134,9.65155864979016,0.428975921703047,29
"5935","PE","Gameleira",31318,7215.12,26015,"Mata Meridional Pernambucana",2,"Nordeste",0,"260590",2,34,10,24,17,17,0,0,0,0,0,34,10,24,17,17,14,8.88393410308629,10.3519482911054,0.313564267608502,29
"5936","PE","Gameleira",31318,7215.12,26015,"Mata Meridional Pernambucana",2,"Nordeste",0,"260590",3,38,17,21,27,11,1,0,0,0,0,39,17,21,27,11,19,8.88393410308629,10.3519482911054,0.3892086360704,31
"5937","PE","Gameleira",31318,7215.12,26015,"Mata Meridional Pernambucana",2,"Nordeste",0,"260590",4,25,11,14,17,8,0,0,0,0,0,25,11,14,17,8,17,8.88393410308629,10.3519482911054,0.424644280377342,30
"5938","PE","Gameleira",31318,7215.12,26015,"Mata Meridional Pernambucana",2,"Nordeste",0,"260590",5,24,12,12,14,10,0,0,0,0,0,24,12,12,14,10,19,8.88393410308629,10.3519482911054,0.431294210689898,31
"5939","PE","Gameleira",31318,7215.12,26015,"Mata Meridional Pernambucana",2,"Nordeste",0,"260590",6,20,7,13,10,10,0,0,0,0,0,20,7,13,10,10,17,8.88393410308629,10.3519482911054,0.406418647575886,30
"5940","PE","Gameleira",31318,7215.12,26015,"Mata Meridional Pernambucana",2,"Nordeste",0,"260590",7,24,7,17,13,11,0,0,0,0,0,24,7,17,13,11,10,8.88393410308629,10.3519482911054,0.420062048258161,29
"5941","PE","Garanhuns",140577,17565.52,26011,"Garanhuns",2,"Nordeste",1,"260600",2,332,108,224,132,200,1,0,0,0,0,333,108,224,132,200,74,9.77369316858851,11.85351066034,0.279799002138207,29
"5942","PE","Garanhuns",140577,17565.52,26011,"Garanhuns",2,"Nordeste",1,"260600",3,296,96,200,114,182,0,0,0,0,0,296,96,200,114,182,76,9.77369316858851,11.85351066034,0.38609890665228,31
"5943","PE","Garanhuns",140577,17565.52,26011,"Garanhuns",2,"Nordeste",1,"260600",4,172,49,123,61,111,5,0,0,0,0,177,49,123,61,111,72,9.77369316858851,11.85351066034,0.447163996292066,30
"5944","PE","Garanhuns",140577,17565.52,26011,"Garanhuns",2,"Nordeste",1,"260600",5,173,73,100,69,104,3,0,0,0,0,176,73,100,69,104,102,9.77369316858851,11.85351066034,0.435391089110703,31
"5945","PE","Garanhuns",140577,17565.52,26011,"Garanhuns",2,"Nordeste",1,"260600",6,175,58,117,65,110,1,0,0,0,0,176,58,117,65,110,92,9.77369316858851,11.85351066034,0.395675091277723,30
"5946","PE","Garanhuns",140577,17565.52,26011,"Garanhuns",2,"Nordeste",1,"260600",7,184,61,123,69,115,1,0,0,0,0,185,61,123,69,115,139,9.77369316858851,11.85351066034,0.412345003031595,29
"5947","PE","Glória do Goitá",30751,14973.38,26014,"Vitória de Santo Antão",2,"Nordeste",0,"260610",2,56,20,36,17,39,0,0,0,0,0,56,20,36,17,39,18,9.61402923683124,10.3336777930311,0.277362041031063,29
"5948","PE","Glória do Goitá",30751,14973.38,26014,"Vitória de Santo Antão",2,"Nordeste",0,"260610",3,40,14,26,15,25,0,0,0,0,0,40,14,26,15,25,13,9.61402923683124,10.3336777930311,0.354636736666633,31
"5949","PE","Glória do Goitá",30751,14973.38,26014,"Vitória de Santo Antão",2,"Nordeste",0,"260610",4,28,11,17,12,16,1,0,0,0,0,29,11,17,12,16,25,9.61402923683124,10.3336777930311,0.409589715378738,30
"5950","PE","Glória do Goitá",30751,14973.38,26014,"Vitória de Santo Antão",2,"Nordeste",0,"260610",5,22,4,18,11,11,0,0,0,0,0,22,4,18,11,11,34,9.61402923683124,10.3336777930311,0.418708460502038,31
"5951","PE","Glória do Goitá",30751,14973.38,26014,"Vitória de Santo Antão",2,"Nordeste",0,"260610",6,40,16,24,17,23,0,0,0,0,0,40,16,24,17,23,22,9.61402923683124,10.3336777930311,0.388062943011735,30
"5952","PE","Glória do Goitá",30751,14973.38,26014,"Vitória de Santo Antão",2,"Nordeste",0,"260610",7,30,13,17,19,11,0,0,0,0,0,30,13,17,19,11,21,9.61402923683124,10.3336777930311,0.37699778366499,29
"5953","PE","Goiana",80055,116122.91,26013,"Mata Setentrional Pernambucana",2,"Nordeste",1,"260620",2,166,53,113,77,89,1,0,0,0,0,167,53,113,77,89,40,11.662404478107,11.2904691774362,0.294157055547225,29
"5954","PE","Goiana",80055,116122.91,26013,"Mata Setentrional Pernambucana",2,"Nordeste",1,"260620",3,133,40,93,52,81,0,0,0,0,0,133,40,93,52,81,43,11.662404478107,11.2904691774362,0.386073151875207,31
"5955","PE","Goiana",80055,116122.91,26013,"Mata Setentrional Pernambucana",2,"Nordeste",1,"260620",4,82,23,59,46,36,1,0,0,0,0,83,23,59,46,36,40,11.662404478107,11.2904691774362,0.447069367155688,30
"5956","PE","Goiana",80055,116122.91,26013,"Mata Setentrional Pernambucana",2,"Nordeste",1,"260620",5,72,18,54,30,42,0,0,0,0,0,72,18,54,30,42,76,11.662404478107,11.2904691774362,0.442802599892571,31
"5957","PE","Goiana",80055,116122.91,26013,"Mata Setentrional Pernambucana",2,"Nordeste",1,"260620",6,91,32,59,46,45,0,0,0,0,0,91,32,59,46,45,65,11.662404478107,11.2904691774362,0.395318125347058,30
"5958","PE","Goiana",80055,116122.91,26013,"Mata Setentrional Pernambucana",2,"Nordeste",1,"260620",7,80,25,55,37,43,3,0,0,0,0,83,25,55,37,43,48,11.662404478107,11.2904691774362,0.400138297860229,29
"5959","PE","Granito",7537,9237.86,26001,"Araripina",2,"Nordeste",0,"260630",2,19,6,13,9,10,0,0,0,0,0,19,6,13,9,10,4,9.13106553608031,8.92757950384347,0.286469130571359,29
"5960","PE","Granito",7537,9237.86,26001,"Araripina",2,"Nordeste",0,"260630",3,20,9,11,9,11,1,0,0,0,0,21,9,11,9,11,12,9.13106553608031,8.92757950384347,0.395678738964374,31
"5961","PE","Granito",7537,9237.86,26001,"Araripina",2,"Nordeste",0,"260630",4,3,1,2,0,3,0,0,0,0,0,3,1,2,0,3,2,9.13106553608031,8.92757950384347,0.438219439937908,30
"5962","PE","Granito",7537,9237.86,26001,"Araripina",2,"Nordeste",0,"260630",5,14,3,11,6,8,0,0,0,0,0,14,3,11,6,8,0,9.13106553608031,8.92757950384347,0.448775829897363,31
"5963","PE","Granito",7537,9237.86,26001,"Araripina",2,"Nordeste",0,"260630",6,9,5,4,1,8,0,0,0,0,0,9,5,4,1,8,1,9.13106553608031,8.92757950384347,0.404234764429924,30
"5964","PE","Granito",7537,9237.86,26001,"Araripina",2,"Nordeste",0,"260630",7,8,3,5,5,3,0,0,0,0,0,8,3,5,5,3,5,9.13106553608031,8.92757950384347,0.466210545978259,29
"5965","PE","Gravatá",84699,13479.21,26008,"Vale do Ipojuca",2,"Nordeste",1,"260640",2,130,43,87,42,88,1,0,0,0,0,131,43,87,42,88,57,9.50890377740769,11.346859074195,0.264726621493157,29
"5966","PE","Gravatá",84699,13479.21,26008,"Vale do Ipojuca",2,"Nordeste",1,"260640",3,132,42,90,53,79,0,0,0,0,0,132,42,90,53,79,47,9.50890377740769,11.346859074195,0.362004972288887,31
"5967","PE","Gravatá",84699,13479.21,26008,"Vale do Ipojuca",2,"Nordeste",1,"260640",4,72,23,49,39,33,1,0,0,0,0,73,23,49,39,33,45,9.50890377740769,11.346859074195,0.425600599246246,30
"5968","PE","Gravatá",84699,13479.21,26008,"Vale do Ipojuca",2,"Nordeste",1,"260640",5,78,33,45,34,44,0,0,0,0,0,78,33,45,34,44,59,9.50890377740769,11.346859074195,0.418087508309637,31
"5969","PE","Gravatá",84699,13479.21,26008,"Vale do Ipojuca",2,"Nordeste",1,"260640",6,82,31,51,29,53,1,0,0,0,0,83,31,51,29,53,62,9.50890377740769,11.346859074195,0.379482022129382,30
"5970","PE","Gravatá",84699,13479.21,26008,"Vale do Ipojuca",2,"Nordeste",1,"260640",7,101,38,63,37,64,0,0,0,0,0,101,38,63,37,64,72,9.50890377740769,11.346859074195,0.382174312696781,29
"5971","PE","Iati",19241,8458.26,26011,"Garanhuns",2,"Nordeste",0,"260650",2,44,21,23,20,24,1,0,0,0,0,45,21,23,20,24,13,9.04289875768766,9.86479869792102,0.300563185704751,29
"5972","PE","Iati",19241,8458.26,26011,"Garanhuns",2,"Nordeste",0,"260650",3,38,18,20,20,18,1,0,0,0,0,39,18,20,20,18,3,9.04289875768766,9.86479869792102,0.363427732236864,31
"5973","PE","Iati",19241,8458.26,26011,"Garanhuns",2,"Nordeste",0,"260650",4,21,14,7,10,11,0,0,0,0,0,21,14,7,10,11,15,9.04289875768766,9.86479869792102,0.404400358372311,30
"5974","PE","Iati",19241,8458.26,26011,"Garanhuns",2,"Nordeste",0,"260650",5,22,10,12,12,10,0,0,0,0,0,22,10,12,12,10,11,9.04289875768766,9.86479869792102,0.433213235567207,31
"5975","PE","Iati",19241,8458.26,26011,"Garanhuns",2,"Nordeste",0,"260650",6,34,19,15,18,16,0,0,0,0,0,34,19,15,18,16,12,9.04289875768766,9.86479869792102,0.402119834889257,30
"5976","PE","Iati",19241,8458.26,26011,"Garanhuns",2,"Nordeste",0,"260650",7,34,23,11,13,21,0,0,0,0,0,34,23,11,13,21,12,9.04289875768766,9.86479869792102,0.436533027372587,29
"5977","PE","Ibimirim",29412,8930.46,26004,"Sertão do Moxotó",2,"Nordeste",0,"260660",2,51,22,29,21,30,0,0,0,0,0,51,22,29,21,30,10,9.09722318430198,10.2891580333161,0.292312960878762,29
"5978","PE","Ibimirim",29412,8930.46,26004,"Sertão do Moxotó",2,"Nordeste",0,"260660",3,45,18,27,16,29,0,0,0,0,0,45,18,27,16,29,13,9.09722318430198,10.2891580333161,0.371115756686374,31
"5979","PE","Ibimirim",29412,8930.46,26004,"Sertão do Moxotó",2,"Nordeste",0,"260660",4,27,10,17,13,14,1,0,0,0,0,28,10,17,13,14,20,9.09722318430198,10.2891580333161,0.396916299004059,30
"5980","PE","Ibimirim",29412,8930.46,26004,"Sertão do Moxotó",2,"Nordeste",0,"260660",5,34,17,17,19,15,0,0,0,0,0,34,17,17,19,15,17,9.09722318430198,10.2891580333161,0.425487922339604,31
"5981","PE","Ibimirim",29412,8930.46,26004,"Sertão do Moxotó",2,"Nordeste",0,"260660",6,40,18,22,22,18,1,0,0,0,0,41,18,22,22,18,12,9.09722318430198,10.2891580333161,0.386395218045554,30
"5982","PE","Ibimirim",29412,8930.46,26004,"Sertão do Moxotó",2,"Nordeste",0,"260660",7,47,19,28,22,25,0,0,0,0,0,47,19,28,22,25,11,9.09722318430198,10.2891580333161,0.411443345733886,29
"5983","PE","Ibirajuba",7768,7834.74,26012,"Brejo Pernambucano",2,"Nordeste",0,"260670",2,9,5,4,4,5,0,0,0,0,0,9,5,4,4,5,8,8.96632296981066,8.95776800997116,0.315717570120923,29
"5984","PE","Ibirajuba",7768,7834.74,26012,"Brejo Pernambucano",2,"Nordeste",0,"260670",3,17,4,13,12,5,0,0,0,0,0,17,4,13,12,5,3,8.96632296981066,8.95776800997116,0.447363643214968,31
"5985","PE","Ibirajuba",7768,7834.74,26012,"Brejo Pernambucano",2,"Nordeste",0,"260670",4,9,4,5,2,7,0,0,0,0,0,9,4,5,2,7,3,8.96632296981066,8.95776800997116,0.449416839283737,30
"5986","PE","Ibirajuba",7768,7834.74,26012,"Brejo Pernambucano",2,"Nordeste",0,"260670",5,7,2,5,4,3,0,0,0,0,0,7,2,5,4,3,4,8.96632296981066,8.95776800997116,0.426776349273975,31
"5987","PE","Ibirajuba",7768,7834.74,26012,"Brejo Pernambucano",2,"Nordeste",0,"260670",6,9,3,6,6,3,0,0,0,0,0,9,3,6,6,3,4,8.96632296981066,8.95776800997116,0.420604032848037,30
"5988","PE","Ibirajuba",7768,7834.74,26012,"Brejo Pernambucano",2,"Nordeste",0,"260670",7,8,5,3,5,3,0,0,0,0,0,8,5,3,5,3,5,8.96632296981066,8.95776800997116,0.444876217495254,29
"5989","PE","Igarassu",118370,21887.47,26016,"Itamaracá",2,"Nordeste",1,"260680",2,217,53,164,88,129,0,0,0,0,0,217,53,164,88,129,49,9.99366960594782,11.6815705909479,0.304891502136358,29
"5990","PE","Igarassu",118370,21887.47,26016,"Itamaracá",2,"Nordeste",1,"260680",3,190,52,138,88,102,0,0,0,0,0,190,52,138,88,102,67,9.99366960594782,11.6815705909479,0.410832237799084,31
"5991","PE","Igarassu",118370,21887.47,26016,"Itamaracá",2,"Nordeste",1,"260680",4,116,35,81,49,67,0,0,0,0,0,116,35,81,49,67,80,9.99366960594782,11.6815705909479,0.492674430392862,30
"5992","PE","Igarassu",118370,21887.47,26016,"Itamaracá",2,"Nordeste",1,"260680",5,122,37,85,55,67,5,0,0,0,0,127,37,85,55,67,133,9.99366960594782,11.6815705909479,0.478843954036558,31
"5993","PE","Igarassu",118370,21887.47,26016,"Itamaracá",2,"Nordeste",1,"260680",6,120,36,84,58,62,3,0,0,0,0,123,36,84,58,62,74,9.99366960594782,11.6815705909479,0.413915765753353,30
"5994","PE","Igarassu",118370,21887.47,26016,"Itamaracá",2,"Nordeste",1,"260680",7,140,36,104,56,84,1,0,0,0,0,141,36,104,56,84,72,9.99366960594782,11.6815705909479,0.401922306616393,29
"5995","PE","Iguaracy",12247,7348.26,26003,"Pajeú",2,"Nordeste",0,"260690",2,17,2,15,7,10,0,0,0,0,0,17,2,15,7,10,4,8.90221882948692,9.41303628802129,0.289038646836514,29
"5996","PE","Iguaracy",12247,7348.26,26003,"Pajeú",2,"Nordeste",0,"260690",3,20,3,17,9,11,0,0,0,0,0,20,3,17,9,11,5,8.90221882948692,9.41303628802129,0.357400816072455,31
"5997","PE","Iguaracy",12247,7348.26,26003,"Pajeú",2,"Nordeste",0,"260690",4,10,2,8,7,3,1,0,0,0,0,11,2,8,7,3,2,8.90221882948692,9.41303628802129,0.418808006835242,30
"5998","PE","Iguaracy",12247,7348.26,26003,"Pajeú",2,"Nordeste",0,"260690",5,10,1,9,4,6,0,0,0,0,0,10,1,9,4,6,15,8.90221882948692,9.41303628802129,0.422956614148863,31
"5999","PE","Iguaracy",12247,7348.26,26003,"Pajeú",2,"Nordeste",0,"260690",6,11,0,11,4,7,0,0,0,0,0,11,0,11,4,7,5,8.90221882948692,9.41303628802129,0.400842215612813,30
"6000","PE","Iguaracy",12247,7348.26,26003,"Pajeú",2,"Nordeste",0,"260690",7,11,1,10,4,7,0,0,0,0,0,11,1,10,4,7,11,8.90221882948692,9.41303628802129,0.416396713390312,29
"6001","PE","Inajá",23645,7317.46,26004,"Sertão do Moxotó",2,"Nordeste",0,"260700",2,41,26,15,22,19,1,0,0,0,0,42,26,15,22,19,6,8.8980185522033,10.070906955078,0.317723334282224,29
"6002","PE","Inajá",23645,7317.46,26004,"Sertão do Moxotó",2,"Nordeste",0,"260700",3,45,22,23,22,23,2,0,0,0,0,47,22,23,22,23,7,8.8980185522033,10.070906955078,0.405346333328454,31
"6003","PE","Inajá",23645,7317.46,26004,"Sertão do Moxotó",2,"Nordeste",0,"260700",4,25,17,8,13,12,0,0,0,0,0,25,17,8,13,12,5,8.8980185522033,10.070906955078,0.435249625008154,30
"6004","PE","Inajá",23645,7317.46,26004,"Sertão do Moxotó",2,"Nordeste",0,"260700",5,28,17,11,16,12,1,0,0,0,0,29,17,11,16,12,6,8.8980185522033,10.070906955078,0.432078641699331,31
"6005","PE","Inajá",23645,7317.46,26004,"Sertão do Moxotó",2,"Nordeste",0,"260700",6,32,19,13,16,16,0,0,0,0,0,32,19,13,16,16,8,8.8980185522033,10.070906955078,0.4147617202507,30
"6006","PE","Inajá",23645,7317.46,26004,"Sertão do Moxotó",2,"Nordeste",0,"260700",7,27,17,10,11,16,0,0,0,0,0,27,17,10,11,16,9,8.8980185522033,10.070906955078,0.454053500862777,29
"6007","PE","Ingazeira",4543,7950.69,26003,"Pajeú",2,"Nordeste",0,"260710",2,3,0,3,2,1,0,0,0,0,0,3,0,3,2,1,1,8.98101399633496,8.4213428657594,0.255114021808018,29
"6008","PE","Ingazeira",4543,7950.69,26003,"Pajeú",2,"Nordeste",0,"260710",3,10,0,10,6,4,0,0,0,0,0,10,0,10,6,4,4,8.98101399633496,8.4213428657594,0.362920641673244,31
"6009","PE","Ingazeira",4543,7950.69,26003,"Pajeú",2,"Nordeste",0,"260710",4,4,1,3,1,3,0,0,0,0,0,4,1,3,1,3,3,8.98101399633496,8.4213428657594,0.381240060687231,30
"6010","PE","Ingazeira",4543,7950.69,26003,"Pajeú",2,"Nordeste",0,"260710",5,5,0,5,1,4,0,0,0,0,0,5,0,5,1,4,1,8.98101399633496,8.4213428657594,0.414548937647575,31
"6011","PE","Ingazeira",4543,7950.69,26003,"Pajeú",2,"Nordeste",0,"260710",6,8,0,8,4,4,0,0,0,0,0,8,0,8,4,4,1,8.98101399633496,8.4213428657594,0.403098600406193,30
"6012","PE","Ingazeira",4543,7950.69,26003,"Pajeú",2,"Nordeste",0,"260710",7,6,1,5,1,5,0,0,0,0,0,6,1,5,1,5,0,8.98101399633496,8.4213428657594,0.429329535031479,29
"6013","PE","Ipojuca",97669,122169.48,26018,"Suape",2,"Nordeste",1,"260720",2,240,72,168,123,117,1,0,0,0,0,241,72,168,123,117,27,11.713164540025,11.4893394898307,0.284586915311922,29
"6014","PE","Ipojuca",97669,122169.48,26018,"Suape",2,"Nordeste",1,"260720",3,223,64,159,123,100,5,0,0,0,0,228,64,159,123,100,30,11.713164540025,11.4893394898307,0.386989260617085,31
"6015","PE","Ipojuca",97669,122169.48,26018,"Suape",2,"Nordeste",1,"260720",4,133,41,92,74,59,1,0,0,0,0,134,41,92,74,59,45,11.713164540025,11.4893394898307,0.465138334197493,30
"6016","PE","Ipojuca",97669,122169.48,26018,"Suape",2,"Nordeste",1,"260720",5,144,54,90,81,63,1,0,0,0,0,145,54,90,81,63,120,11.713164540025,11.4893394898307,0.469529763930892,31
"6017","PE","Ipojuca",97669,122169.48,26018,"Suape",2,"Nordeste",1,"260720",6,161,54,107,71,90,0,0,0,0,0,161,54,107,71,90,56,11.713164540025,11.4893394898307,0.413252869198316,30
"6018","PE","Ipojuca",97669,122169.48,26018,"Suape",2,"Nordeste",1,"260720",7,169,47,122,86,83,2,0,0,0,0,171,47,122,86,83,47,11.713164540025,11.4893394898307,0.408630401405017,29
"6019","PE","Ipubi",31187,9606.75,26001,"Araripina",2,"Nordeste",0,"260730",2,97,37,60,55,42,0,0,0,0,0,97,37,60,55,42,19,9.17022125537935,10.3477566203012,0.262501783249768,29
"6020","PE","Ipubi",31187,9606.75,26001,"Araripina",2,"Nordeste",0,"260730",3,66,33,33,29,37,0,0,0,0,0,66,33,33,29,37,17,9.17022125537935,10.3477566203012,0.347825767551666,31
"6021","PE","Ipubi",31187,9606.75,26001,"Araripina",2,"Nordeste",0,"260730",4,48,27,21,28,20,2,0,0,0,0,50,27,21,28,20,21,9.17022125537935,10.3477566203012,0.390062955245195,30
"6022","PE","Ipubi",31187,9606.75,26001,"Araripina",2,"Nordeste",0,"260730",5,57,23,34,26,31,0,0,0,0,0,57,23,34,26,31,21,9.17022125537935,10.3477566203012,0.38318495011492,31
"6023","PE","Ipubi",31187,9606.75,26001,"Araripina",2,"Nordeste",0,"260730",6,42,22,20,27,15,1,0,0,0,0,43,22,20,27,15,20,9.17022125537935,10.3477566203012,0.366784437832173,30
"6024","PE","Ipubi",31187,9606.75,26001,"Araripina",2,"Nordeste",0,"260730",7,50,23,27,22,28,0,0,0,0,0,50,23,27,22,28,20,9.17022125537935,10.3477566203012,0.4105360191081,29
"6025","PE","Itacuruba",4966,11378.85,26006,"Itaparica",2,"Nordeste",0,"260740",2,17,6,11,11,6,0,0,0,0,0,17,6,11,11,6,1,9.33951164809243,8.51036996606811,0.297288486421339,29
"6026","PE","Itacuruba",4966,11378.85,26006,"Itaparica",2,"Nordeste",0,"260740",3,11,5,6,7,4,0,0,0,0,0,11,5,6,7,4,2,9.33951164809243,8.51036996606811,0.360745374942597,31
"6027","PE","Itacuruba",4966,11378.85,26006,"Itaparica",2,"Nordeste",0,"260740",4,9,3,6,7,2,0,0,0,0,0,9,3,6,7,2,3,9.33951164809243,8.51036996606811,0.397905820175122,30
"6028","PE","Itacuruba",4966,11378.85,26006,"Itaparica",2,"Nordeste",0,"260740",5,5,1,4,4,1,0,0,0,0,0,5,1,4,4,1,2,9.33951164809243,8.51036996606811,0.423983607266138,31
"6029","PE","Itacuruba",4966,11378.85,26006,"Itaparica",2,"Nordeste",0,"260740",6,12,2,10,8,4,0,0,0,0,0,12,2,10,8,4,2,9.33951164809243,8.51036996606811,0.407935109591604,30
"6030","PE","Itacuruba",4966,11378.85,26006,"Itaparica",2,"Nordeste",0,"260740",7,5,2,3,3,2,0,0,0,0,0,5,2,3,3,2,1,9.33951164809243,8.51036996606811,0.430591808350821,29
"6031","PE","Itaíba",26308,8165.67,26007,"Vale do Ipanema",2,"Nordeste",0,"260750",2,59,28,31,26,33,0,0,0,0,0,59,28,31,26,33,14,9.0076940596008,10.1776283544212,0.295685141976089,29
"6032","PE","Itaíba",26308,8165.67,26007,"Vale do Ipanema",2,"Nordeste",0,"260750",3,52,26,26,24,28,0,0,0,0,0,52,26,26,24,28,16,9.0076940596008,10.1776283544212,0.385514428451764,31
"6033","PE","Itaíba",26308,8165.67,26007,"Vale do Ipanema",2,"Nordeste",0,"260750",4,28,17,11,16,12,0,0,0,0,0,28,17,11,16,12,15,9.0076940596008,10.1776283544212,0.382651502816479,30
"6034","PE","Itaíba",26308,8165.67,26007,"Vale do Ipanema",2,"Nordeste",0,"260750",5,29,15,14,14,15,0,0,0,0,0,29,15,14,14,15,15,9.0076940596008,10.1776283544212,0.432027669638526,31
"6035","PE","Itaíba",26308,8165.67,26007,"Vale do Ipanema",2,"Nordeste",0,"260750",6,37,16,21,13,24,0,0,0,0,0,37,16,21,13,24,20,9.0076940596008,10.1776283544212,0.422337905392691,30
"6036","PE","Itaíba",26308,8165.67,26007,"Vale do Ipanema",2,"Nordeste",0,"260750",7,33,21,12,11,22,1,0,0,0,0,34,21,12,11,22,19,9.0076940596008,10.1776283544212,0.452527886322406,29
"6037","PE","Ilha de Itamaracá",26672,9654.89,26016,"Itamaracá",2,"Nordeste",1,"260760",2,54,16,38,25,29,0,0,0,0,0,54,16,38,25,29,14,9.17521980173712,10.1913696049906,0.333556051902426,29
"6038","PE","Ilha de Itamaracá",26672,9654.89,26016,"Itamaracá",2,"Nordeste",1,"260760",3,24,7,17,14,10,0,0,0,0,0,24,7,17,14,10,15,9.17521980173712,10.1913696049906,0.436022521759597,31
"6039","PE","Ilha de Itamaracá",26672,9654.89,26016,"Itamaracá",2,"Nordeste",1,"260760",4,25,6,19,10,15,0,0,0,0,0,25,6,19,10,15,8,9.17521980173712,10.1913696049906,0.523887627103778,30
"6040","PE","Ilha de Itamaracá",26672,9654.89,26016,"Itamaracá",2,"Nordeste",1,"260760",5,23,7,16,11,12,0,0,0,0,0,23,7,16,11,12,16,9.17521980173712,10.1913696049906,0.514908146388195,31
"6041","PE","Ilha de Itamaracá",26672,9654.89,26016,"Itamaracá",2,"Nordeste",1,"260760",6,26,9,17,14,12,0,0,0,0,0,26,9,17,14,12,17,9.17521980173712,10.1913696049906,0.461767476935119,30
"6042","PE","Ilha de Itamaracá",26672,9654.89,26016,"Itamaracá",2,"Nordeste",1,"260760",7,24,4,20,14,10,0,0,0,0,0,24,4,20,14,10,17,9.17521980173712,10.1913696049906,0.437754565915884,29
"6043","PE","Itambé",36471,11700.74,26013,"Mata Setentrional Pernambucana",2,"Nordeste",1,"260765",2,58,29,29,20,38,1,0,0,0,0,59,29,29,20,38,15,9.36740736664903,10.5042727032239,0.307649416114036,29
"6044","PE","Itambé",36471,11700.74,26013,"Mata Setentrional Pernambucana",2,"Nordeste",1,"260765",3,44,20,24,21,23,0,0,0,0,0,44,20,24,21,23,27,9.36740736664903,10.5042727032239,0.39570496030321,31
"6045","PE","Itambé",36471,11700.74,26013,"Mata Setentrional Pernambucana",2,"Nordeste",1,"260765",4,32,10,22,14,18,1,0,0,0,0,33,10,22,14,18,20,9.36740736664903,10.5042727032239,0.436361438854728,30
"6046","PE","Itambé",36471,11700.74,26013,"Mata Setentrional Pernambucana",2,"Nordeste",1,"260765",5,31,17,14,17,14,0,0,0,0,0,31,17,14,17,14,33,9.36740736664903,10.5042727032239,0.433977101553448,31
"6047","PE","Itambé",36471,11700.74,26013,"Mata Setentrional Pernambucana",2,"Nordeste",1,"260765",6,24,7,17,11,13,0,0,0,0,0,24,7,17,11,13,44,9.36740736664903,10.5042727032239,0.397753827533933,30
"6048","PE","Itambé",36471,11700.74,26013,"Mata Setentrional Pernambucana",2,"Nordeste",1,"260765",7,33,18,15,15,18,0,0,0,0,0,33,18,15,15,18,30,9.36740736664903,10.5042727032239,0.399146329805656,29
"6049","PE","Itapetim",13553,7993.96,26003,"Pajeú",2,"Nordeste",0,"260770",2,24,6,18,12,12,0,0,0,0,0,24,6,18,12,12,10,8.98644153550594,9.51436320401602,0.292671277997407,29
"6050","PE","Itapetim",13553,7993.96,26003,"Pajeú",2,"Nordeste",0,"260770",3,31,5,26,12,19,2,0,0,0,0,33,5,26,12,19,10,8.98644153550594,9.51436320401602,0.372870678767134,31
"6051","PE","Itapetim",13553,7993.96,26003,"Pajeú",2,"Nordeste",0,"260770",4,17,2,15,10,7,0,0,0,0,0,17,2,15,10,7,7,8.98644153550594,9.51436320401602,0.371181412373151,30
"6052","PE","Itapetim",13553,7993.96,26003,"Pajeú",2,"Nordeste",0,"260770",5,14,3,11,7,7,1,0,0,0,0,15,3,11,7,7,14,8.98644153550594,9.51436320401602,0.406394047080422,31
"6053","PE","Itapetim",13553,7993.96,26003,"Pajeú",2,"Nordeste",0,"260770",6,21,5,16,10,11,0,0,0,0,0,21,5,16,10,11,7,8.98644153550594,9.51436320401602,0.390163087259955,30
"6054","PE","Itapetim",13553,7993.96,26003,"Pajeú",2,"Nordeste",0,"260770",7,17,3,14,9,8,0,0,0,0,0,17,3,14,9,8,16,8.98644153550594,9.51436320401602,0.389679210733858,29
"6055","PE","Itapissuma",26900,59212.96,26016,"Itamaracá",2,"Nordeste",1,"260775",2,48,18,30,19,29,0,0,0,0,0,48,18,30,19,29,13,10.9888957158318,10.1998815655899,0.309316281900865,29
"6056","PE","Itapissuma",26900,59212.96,26016,"Itamaracá",2,"Nordeste",1,"260775",3,36,13,23,18,18,0,0,0,0,0,36,13,23,18,18,21,10.9888957158318,10.1998815655899,0.405990354795908,31
"6057","PE","Itapissuma",26900,59212.96,26016,"Itamaracá",2,"Nordeste",1,"260775",4,21,7,14,12,9,0,0,0,0,0,21,7,14,12,9,20,10.9888957158318,10.1998815655899,0.476637935331581,30
"6058","PE","Itapissuma",26900,59212.96,26016,"Itamaracá",2,"Nordeste",1,"260775",5,44,17,27,20,24,0,0,0,0,0,44,17,27,20,24,29,10.9888957158318,10.1998815655899,0.469056484960021,31
"6059","PE","Itapissuma",26900,59212.96,26016,"Itamaracá",2,"Nordeste",1,"260775",6,33,9,24,19,14,2,0,0,0,0,35,9,24,19,14,18,10.9888957158318,10.1998815655899,0.413588976685162,30
"6060","PE","Itapissuma",26900,59212.96,26016,"Itamaracá",2,"Nordeste",1,"260775",7,36,12,24,13,23,0,0,0,0,0,36,12,24,13,23,16,10.9888957158318,10.1998815655899,0.405146393153597,29
"6061","PE","Itaquitinga",17006,7839.64,26013,"Mata Setentrional Pernambucana",2,"Nordeste",1,"260780",2,24,10,14,9,15,1,0,0,0,0,25,10,14,9,15,10,8.96694819392283,9.74132150194574,0.279540988215594,29
"6062","PE","Itaquitinga",17006,7839.64,26013,"Mata Setentrional Pernambucana",2,"Nordeste",1,"260780",3,21,10,11,12,9,0,0,0,0,0,21,10,11,12,9,10,8.96694819392283,9.74132150194574,0.368581694460841,31
"6063","PE","Itaquitinga",17006,7839.64,26013,"Mata Setentrional Pernambucana",2,"Nordeste",1,"260780",4,11,4,7,7,4,0,0,0,0,0,11,4,7,7,4,11,8.96694819392283,9.74132150194574,0.407166852500018,30
"6064","PE","Itaquitinga",17006,7839.64,26013,"Mata Setentrional Pernambucana",2,"Nordeste",1,"260780",5,10,5,5,6,4,1,0,0,0,0,11,5,5,6,4,17,8.96694819392283,9.74132150194574,0.414530180447626,31
"6065","PE","Itaquitinga",17006,7839.64,26013,"Mata Setentrional Pernambucana",2,"Nordeste",1,"260780",6,20,8,12,8,12,1,0,0,0,0,21,8,12,8,12,15,8.96694819392283,9.74132150194574,0.37406312397003,30
"6066","PE","Itaquitinga",17006,7839.64,26013,"Mata Setentrional Pernambucana",2,"Nordeste",1,"260780",7,16,8,8,7,9,0,0,0,0,0,16,8,8,7,9,9,8.96694819392283,9.74132150194574,0.383874250505574,29
"6067","PE","Jaboatão dos Guararapes",706867,19149.92,26017,"Recife",2,"Nordeste",1,"260790",2,1233,271,962,512,721,4,0,0,0,0,1237,271,962,512,721,380,9.86005381705437,13.4685978083703,0.296995185585837,29
"6068","PE","Jaboatão dos Guararapes",706867,19149.92,26017,"Recife",2,"Nordeste",1,"260790",3,915,236,679,373,542,4,0,0,0,0,919,236,679,373,542,359,9.86005381705437,13.4685978083703,0.414796489499874,31
"6069","PE","Jaboatão dos Guararapes",706867,19149.92,26017,"Recife",2,"Nordeste",1,"260790",4,587,130,457,235,352,7,0,0,0,0,594,130,457,235,352,507,9.86005381705437,13.4685978083703,0.505151618978803,30
"6070","PE","Jaboatão dos Guararapes",706867,19149.92,26017,"Recife",2,"Nordeste",1,"260790",5,639,152,487,259,380,3,0,0,0,0,642,152,487,259,380,923,9.86005381705437,13.4685978083703,0.499749899518373,31
"6071","PE","Jaboatão dos Guararapes",706867,19149.92,26017,"Recife",2,"Nordeste",1,"260790",6,775,160,615,310,465,5,0,0,0,0,780,160,615,310,465,466,9.86005381705437,13.4685978083703,0.418189811016433,30
"6072","PE","Jaboatão dos Guararapes",706867,19149.92,26017,"Recife",2,"Nordeste",1,"260790",7,700,151,549,298,402,6,0,0,0,0,706,151,549,298,402,400,9.86005381705437,13.4685978083703,0.403373865089154,29
"6073","PE","Jaqueira",11644,9358.82,26015,"Mata Meridional Pernambucana",2,"Nordeste",0,"260795",2,20,6,14,13,7,0,0,0,0,0,20,6,14,13,7,7,9.14407449314828,9.36254630486551,0.339541688717455,29
"6074","PE","Jaqueira",11644,9358.82,26015,"Mata Meridional Pernambucana",2,"Nordeste",0,"260795",3,13,3,10,8,5,0,0,0,0,0,13,3,10,8,5,8,9.14407449314828,9.36254630486551,0.423814879612724,31
"6075","PE","Jaqueira",11644,9358.82,26015,"Mata Meridional Pernambucana",2,"Nordeste",0,"260795",4,10,3,7,3,7,0,0,0,0,0,10,3,7,3,7,6,9.14407449314828,9.36254630486551,0.460053158963712,30
"6076","PE","Jaqueira",11644,9358.82,26015,"Mata Meridional Pernambucana",2,"Nordeste",0,"260795",5,10,5,5,5,5,0,0,0,0,0,10,5,5,5,5,9,9.14407449314828,9.36254630486551,0.462282055291156,31
"6077","PE","Jaqueira",11644,9358.82,26015,"Mata Meridional Pernambucana",2,"Nordeste",0,"260795",6,9,1,8,5,4,0,0,0,0,0,9,1,8,5,4,7,9.14407449314828,9.36254630486551,0.427768418554481,30
"6078","PE","Jaqueira",11644,9358.82,26015,"Mata Meridional Pernambucana",2,"Nordeste",0,"260795",7,18,7,11,9,9,0,0,0,0,0,18,7,11,9,9,13,9.14407449314828,9.36254630486551,0.470479406931458,29
"6079","PE","Jataúba",17228,7303.47,26008,"Vale do Ipojuca",2,"Nordeste",0,"260800",2,34,19,15,14,20,0,0,0,0,0,34,19,15,14,20,12,8.8961048566628,9.754291246174,0.300858297091126,29
"6080","PE","Jataúba",17228,7303.47,26008,"Vale do Ipojuca",2,"Nordeste",0,"260800",3,41,24,17,20,21,0,0,0,0,0,41,24,17,20,21,8,8.8961048566628,9.754291246174,0.373295486537646,31
"6081","PE","Jataúba",17228,7303.47,26008,"Vale do Ipojuca",2,"Nordeste",0,"260800",4,23,15,8,10,13,0,0,0,0,0,23,15,8,10,13,14,8.8961048566628,9.754291246174,0.405972815219061,30
"6082","PE","Jataúba",17228,7303.47,26008,"Vale do Ipojuca",2,"Nordeste",0,"260800",5,21,9,12,9,12,0,0,0,0,0,21,9,12,9,12,12,8.8961048566628,9.754291246174,0.445521030196981,31
"6083","PE","Jataúba",17228,7303.47,26008,"Vale do Ipojuca",2,"Nordeste",0,"260800",6,20,12,8,13,7,0,0,0,0,0,20,12,8,13,7,9,8.8961048566628,9.754291246174,0.401977996345501,30
"6084","PE","Jataúba",17228,7303.47,26008,"Vale do Ipojuca",2,"Nordeste",0,"260800",7,16,7,9,10,6,0,0,0,0,0,16,7,9,10,6,11,8.8961048566628,9.754291246174,0.430164440585664,29
"6085","PE","Jatobá",14850,8482.07,26006,"Itaparica",2,"Nordeste",0,"260805",2,24,13,11,8,16,0,0,0,0,0,24,13,11,8,16,6,9.04570980277106,9.60575514423085,0.299745833955592,29
"6086","PE","Jatobá",14850,8482.07,26006,"Itaparica",2,"Nordeste",0,"260805",3,29,14,15,13,16,0,0,0,0,0,29,14,15,13,16,3,9.04570980277106,9.60575514423085,0.388545688415627,31
"6087","PE","Jatobá",14850,8482.07,26006,"Itaparica",2,"Nordeste",0,"260805",4,20,4,16,9,11,0,0,0,0,0,20,4,16,9,11,9,9.04570980277106,9.60575514423085,0.423319137954522,30
"6088","PE","Jatobá",14850,8482.07,26006,"Itaparica",2,"Nordeste",0,"260805",5,24,7,17,9,15,1,0,0,0,0,25,7,17,9,15,10,9.04570980277106,9.60575514423085,0.406268759956671,31
"6089","PE","Jatobá",14850,8482.07,26006,"Itaparica",2,"Nordeste",0,"260805",6,21,7,14,12,9,0,0,0,0,0,21,7,14,12,9,9,9.04570980277106,9.60575514423085,0.388607380665794,30
"6090","PE","Jatobá",14850,8482.07,26006,"Itaparica",2,"Nordeste",0,"260805",7,13,2,11,6,7,1,0,0,0,0,14,2,11,6,7,6,9.04570980277106,9.60575514423085,0.444213514261096,29
"6091","PE","João Alfredo",33328,8701.73,26010,"Médio Capibaribe",2,"Nordeste",0,"260810",2,56,27,29,31,25,0,0,0,0,0,56,27,29,31,25,22,9.07127713544923,10.4141531635008,0.27405074412246,29
"6092","PE","João Alfredo",33328,8701.73,26010,"Médio Capibaribe",2,"Nordeste",0,"260810",3,33,10,23,14,19,0,0,0,0,0,33,10,23,14,19,23,9.07127713544923,10.4141531635008,0.348116340880314,31
"6093","PE","João Alfredo",33328,8701.73,26010,"Médio Capibaribe",2,"Nordeste",0,"260810",4,26,15,11,11,15,0,0,0,0,0,26,15,11,11,15,25,9.07127713544923,10.4141531635008,0.389892174540422,30
"6094","PE","João Alfredo",33328,8701.73,26010,"Médio Capibaribe",2,"Nordeste",0,"260810",5,32,17,15,13,19,0,0,0,0,0,32,17,15,13,19,41,9.07127713544923,10.4141531635008,0.393728635221919,31
"6095","PE","João Alfredo",33328,8701.73,26010,"Médio Capibaribe",2,"Nordeste",0,"260810",6,31,9,22,11,20,0,0,0,0,0,31,9,22,11,20,26,9.07127713544923,10.4141531635008,0.360580261624153,30
"6096","PE","João Alfredo",33328,8701.73,26010,"Médio Capibaribe",2,"Nordeste",0,"260810",7,32,9,23,14,18,0,0,0,0,0,32,9,23,14,18,25,9.07127713544923,10.4141531635008,0.389433117274589,29
"6097","PE","Joaquim Nabuco",16011,11434.31,26015,"Mata Meridional Pernambucana",2,"Nordeste",1,"260820",2,26,8,18,14,12,0,0,0,0,0,26,8,18,14,12,10,9.34437376357813,9.68103126500205,0.317522260877761,29
"6098","PE","Joaquim Nabuco",16011,11434.31,26015,"Mata Meridional Pernambucana",2,"Nordeste",1,"260820",3,31,12,19,18,13,0,0,0,0,0,31,12,19,18,13,5,9.34437376357813,9.68103126500205,0.414409385572723,31
"6099","PE","Joaquim Nabuco",16011,11434.31,26015,"Mata Meridional Pernambucana",2,"Nordeste",1,"260820",4,19,8,11,10,9,0,0,0,0,0,19,8,11,10,9,10,9.34437376357813,9.68103126500205,0.425763928782446,30
"6100","PE","Joaquim Nabuco",16011,11434.31,26015,"Mata Meridional Pernambucana",2,"Nordeste",1,"260820",5,18,8,10,10,8,0,0,0,0,0,18,8,10,10,8,18,9.34437376357813,9.68103126500205,0.440418773265257,31
"6101","PE","Joaquim Nabuco",16011,11434.31,26015,"Mata Meridional Pernambucana",2,"Nordeste",1,"260820",6,25,6,19,16,9,0,0,0,0,0,25,6,19,16,9,18,9.34437376357813,9.68103126500205,0.428029613775767,30
"6102","PE","Joaquim Nabuco",16011,11434.31,26015,"Mata Meridional Pernambucana",2,"Nordeste",1,"260820",7,27,7,20,15,12,1,0,0,0,0,28,7,20,15,12,15,9.34437376357813,9.68103126500205,0.452025246179823,29
"6103","PE","Jucati",11485,8839.64,26011,"Garanhuns",2,"Nordeste",0,"260825",2,26,13,13,13,13,0,0,0,0,0,26,13,13,13,13,9,9.08700143082054,9.3487971151232,0.291831179131503,29
"6104","PE","Jucati",11485,8839.64,26011,"Garanhuns",2,"Nordeste",0,"260825",3,23,9,14,10,13,0,0,0,0,0,23,9,14,10,13,3,9.08700143082054,9.3487971151232,0.359695483060021,31
"6105","PE","Jucati",11485,8839.64,26011,"Garanhuns",2,"Nordeste",0,"260825",4,15,9,6,5,10,0,0,0,0,0,15,9,6,5,10,5,9.08700143082054,9.3487971151232,0.403772125167128,30
"6106","PE","Jucati",11485,8839.64,26011,"Garanhuns",2,"Nordeste",0,"260825",5,16,6,10,7,9,0,0,0,0,0,16,6,10,7,9,5,9.08700143082054,9.3487971151232,0.394720389157312,31
"6107","PE","Jucati",11485,8839.64,26011,"Garanhuns",2,"Nordeste",0,"260825",6,10,5,5,3,7,0,0,0,0,0,10,5,5,3,7,8,9.08700143082054,9.3487971151232,0.398535346478384,30
"6108","PE","Jucati",11485,8839.64,26011,"Garanhuns",2,"Nordeste",0,"260825",7,14,7,7,6,8,0,0,0,0,0,14,7,7,6,8,8,9.08700143082054,9.3487971151232,0.445464805537436,29
"6109","PE","Jupi",14922,10545.02,26011,"Garanhuns",2,"Nordeste",0,"260830",2,40,24,16,22,18,0,0,0,0,0,40,24,16,22,18,4,9.26340898954455,9.61059191303146,0.280271992511523,29
"6110","PE","Jupi",14922,10545.02,26011,"Garanhuns",2,"Nordeste",0,"260830",3,39,17,22,13,26,0,0,0,0,0,39,17,22,13,26,11,9.26340898954455,9.61059191303146,0.3624751552545,31
"6111","PE","Jupi",14922,10545.02,26011,"Garanhuns",2,"Nordeste",0,"260830",4,14,7,7,8,6,0,0,0,0,0,14,7,7,8,6,10,9.26340898954455,9.61059191303146,0.402718753791318,30
"6112","PE","Jupi",14922,10545.02,26011,"Garanhuns",2,"Nordeste",0,"260830",5,18,9,9,10,8,0,0,0,0,0,18,9,9,10,8,9,9.26340898954455,9.61059191303146,0.404691492335788,31
"6113","PE","Jupi",14922,10545.02,26011,"Garanhuns",2,"Nordeste",0,"260830",6,28,17,11,7,21,1,0,0,0,0,29,17,11,7,21,9,9.26340898954455,9.61059191303146,0.375772747509779,30
"6114","PE","Jupi",14922,10545.02,26011,"Garanhuns",2,"Nordeste",0,"260830",7,34,12,22,18,16,0,0,0,0,0,34,12,22,18,16,20,9.26340898954455,9.61059191303146,0.424038248710873,29
"6115","PE","Jurema",15431,6799.45,26011,"Garanhuns",2,"Nordeste",0,"260840",2,28,14,14,8,20,1,0,0,0,0,29,14,14,8,20,9,8.8245970055401,9.64413375207121,0.301289845783726,29
"6116","PE","Jurema",15431,6799.45,26011,"Garanhuns",2,"Nordeste",0,"260840",3,27,13,14,13,14,0,0,0,0,0,27,13,14,13,14,17,8.8245970055401,9.64413375207121,0.403361250002999,31
"6117","PE","Jurema",15431,6799.45,26011,"Garanhuns",2,"Nordeste",0,"260840",4,19,12,7,10,9,0,0,0,0,0,19,12,7,10,9,10,8.8245970055401,9.64413375207121,0.435580088360499,30
"6118","PE","Jurema",15431,6799.45,26011,"Garanhuns",2,"Nordeste",0,"260840",5,13,5,8,7,6,0,0,0,0,0,13,5,8,7,6,13,8.8245970055401,9.64413375207121,0.426229126736603,31
"6119","PE","Jurema",15431,6799.45,26011,"Garanhuns",2,"Nordeste",0,"260840",6,19,11,8,9,10,0,0,0,0,0,19,11,8,9,10,14,8.8245970055401,9.64413375207121,0.399281573830521,30
"6120","PE","Jurema",15431,6799.45,26011,"Garanhuns",2,"Nordeste",0,"260840",7,13,5,8,4,9,0,0,0,0,0,13,5,8,4,9,11,8.8245970055401,9.64413375207121,0.442914114819277,29
"6121","PE","Lagoa do Carro",18252,13842.02,26013,"Mata Setentrional Pernambucana",2,"Nordeste",0,"260845",2,34,6,28,16,18,0,0,0,0,0,34,6,28,16,18,14,9.53546417227867,9.81202994204729,0.287089573482134,29
"6122","PE","Lagoa do Carro",18252,13842.02,26013,"Mata Setentrional Pernambucana",2,"Nordeste",0,"260845",3,25,11,14,12,13,0,0,0,0,0,25,11,14,12,13,11,9.53546417227867,9.81202994204729,0.381996830628671,31
"6123","PE","Lagoa do Carro",18252,13842.02,26013,"Mata Setentrional Pernambucana",2,"Nordeste",0,"260845",4,17,7,10,9,8,0,0,0,0,0,17,7,10,9,8,17,9.53546417227867,9.81202994204729,0.426731796571111,30
"6124","PE","Lagoa do Carro",18252,13842.02,26013,"Mata Setentrional Pernambucana",2,"Nordeste",0,"260845",5,26,11,15,15,11,1,0,0,0,0,27,11,15,15,11,15,9.53546417227867,9.81202994204729,0.420365004792646,31
"6125","PE","Lagoa do Carro",18252,13842.02,26013,"Mata Setentrional Pernambucana",2,"Nordeste",0,"260845",6,21,6,15,8,13,0,0,0,0,0,21,6,15,8,13,8,9.53546417227867,9.81202994204729,0.383070764931131,30
"6126","PE","Lagoa do Carro",18252,13842.02,26013,"Mata Setentrional Pernambucana",2,"Nordeste",0,"260845",7,33,12,21,20,13,0,0,0,0,0,33,12,21,20,13,7,9.53546417227867,9.81202994204729,0.38103780238867,29
"6127","PE","Lagoa de Itaenga",21460,14993.15,26013,"Mata Setentrional Pernambucana",2,"Nordeste",1,"260850",2,44,17,27,20,24,3,0,0,0,0,47,17,27,20,24,18,9.6153487091137,9.97394601618469,0.286822589120739,29
"6128","PE","Lagoa de Itaenga",21460,14993.15,26013,"Mata Setentrional Pernambucana",2,"Nordeste",1,"260850",3,46,16,30,20,26,0,0,0,0,0,46,16,30,20,26,10,9.6153487091137,9.97394601618469,0.373861231305857,31
"6129","PE","Lagoa de Itaenga",21460,14993.15,26013,"Mata Setentrional Pernambucana",2,"Nordeste",1,"260850",4,28,7,21,9,19,0,0,0,0,0,28,7,21,9,19,22,9.6153487091137,9.97394601618469,0.415671804417469,30
"6130","PE","Lagoa de Itaenga",21460,14993.15,26013,"Mata Setentrional Pernambucana",2,"Nordeste",1,"260850",5,20,2,18,11,9,0,0,0,0,0,20,2,18,11,9,26,9.6153487091137,9.97394601618469,0.411795491503716,31
"6131","PE","Lagoa de Itaenga",21460,14993.15,26013,"Mata Setentrional Pernambucana",2,"Nordeste",1,"260850",6,32,12,20,15,17,1,0,0,0,0,33,12,20,15,17,17,9.6153487091137,9.97394601618469,0.366692127685375,30
"6132","PE","Lagoa de Itaenga",21460,14993.15,26013,"Mata Setentrional Pernambucana",2,"Nordeste",1,"260850",7,26,7,19,7,19,0,0,0,0,0,26,7,19,7,19,24,9.6153487091137,9.97394601618469,0.353901089523877,29
"6133","PE","Lagoa do Ouro",13224,8857.97,26011,"Garanhuns",2,"Nordeste",0,"260860",2,15,9,6,7,8,0,0,0,0,0,15,9,6,7,8,11,9.08907289770839,9.48978863950086,0.25663634219345,29
"6134","PE","Lagoa do Ouro",13224,8857.97,26011,"Garanhuns",2,"Nordeste",0,"260860",3,15,7,8,6,9,0,0,0,0,0,15,7,8,6,9,3,9.08907289770839,9.48978863950086,0.339778212277923,31
"6135","PE","Lagoa do Ouro",13224,8857.97,26011,"Garanhuns",2,"Nordeste",0,"260860",4,11,7,4,8,3,0,0,0,0,0,11,7,4,8,3,9,9.08907289770839,9.48978863950086,0.374355010291032,30
"6136","PE","Lagoa do Ouro",13224,8857.97,26011,"Garanhuns",2,"Nordeste",0,"260860",5,10,7,3,4,6,0,0,0,0,0,10,7,3,4,6,4,9.08907289770839,9.48978863950086,0.397223077490051,31
"6137","PE","Lagoa do Ouro",13224,8857.97,26011,"Garanhuns",2,"Nordeste",0,"260860",6,9,3,6,5,4,1,0,0,0,0,10,3,6,5,4,5,9.08907289770839,9.48978863950086,0.375890153880793,30
"6138","PE","Lagoa do Ouro",13224,8857.97,26011,"Garanhuns",2,"Nordeste",0,"260860",7,11,5,6,4,7,0,0,0,0,0,11,5,6,4,7,8,9.08907289770839,9.48978863950086,0.423608538304069,29
"6139","PE","Lagoa dos Gatos",16318,8624.5,26012,"Brejo Pernambucano",2,"Nordeste",0,"260870",2,34,19,15,17,17,1,0,0,0,0,35,19,15,17,17,16,9.06236226920468,9.70002407198874,0.266937693807655,29
"6140","PE","Lagoa dos Gatos",16318,8624.5,26012,"Brejo Pernambucano",2,"Nordeste",0,"260870",3,28,14,14,14,14,0,0,0,0,0,28,14,14,14,14,15,9.06236226920468,9.70002407198874,0.350263287574615,31
"6141","PE","Lagoa dos Gatos",16318,8624.5,26012,"Brejo Pernambucano",2,"Nordeste",0,"260870",4,13,7,6,8,5,0,0,0,0,0,13,7,6,8,5,8,9.06236226920468,9.70002407198874,0.380058185038321,30
"6142","PE","Lagoa dos Gatos",16318,8624.5,26012,"Brejo Pernambucano",2,"Nordeste",0,"260870",5,14,6,8,8,6,0,0,0,0,0,14,6,8,8,6,15,9.06236226920468,9.70002407198874,0.421432993638301,31
"6143","PE","Lagoa dos Gatos",16318,8624.5,26012,"Brejo Pernambucano",2,"Nordeste",0,"260870",6,12,4,8,6,6,0,0,0,0,0,12,4,8,6,6,19,9.06236226920468,9.70002407198874,0.415720289613427,30
"6144","PE","Lagoa dos Gatos",16318,8624.5,26012,"Brejo Pernambucano",2,"Nordeste",0,"260870",7,14,6,8,6,8,0,0,0,0,0,14,6,8,6,8,13,9.06236226920468,9.70002407198874,0.423381020893319,29
"6145","PE","Lagoa Grande",25849,12656.35,26005,"Petrolina",2,"Nordeste",0,"260875",2,46,17,29,14,32,0,0,0,0,0,46,17,29,14,32,8,9.4459143444923,10.1600271944688,0.287547280995208,29
"6146","PE","Lagoa Grande",25849,12656.35,26005,"Petrolina",2,"Nordeste",0,"260875",3,52,18,34,26,26,0,0,0,0,0,52,18,34,26,26,10,9.4459143444923,10.1600271944688,0.376464646281538,31
"6147","PE","Lagoa Grande",25849,12656.35,26005,"Petrolina",2,"Nordeste",0,"260875",4,27,8,19,14,13,1,0,0,0,0,28,8,19,14,13,13,9.4459143444923,10.1600271944688,0.392940644546182,30
"6148","PE","Lagoa Grande",25849,12656.35,26005,"Petrolina",2,"Nordeste",0,"260875",5,47,21,26,24,23,0,0,0,0,0,47,21,26,24,23,8,9.4459143444923,10.1600271944688,0.392491391842996,31
"6149","PE","Lagoa Grande",25849,12656.35,26005,"Petrolina",2,"Nordeste",0,"260875",6,27,10,17,14,13,0,0,0,0,0,27,10,17,14,13,14,9.4459143444923,10.1600271944688,0.369661659407743,30
"6150","PE","Lagoa Grande",25849,12656.35,26005,"Petrolina",2,"Nordeste",0,"260875",7,37,12,25,23,14,0,0,0,0,0,37,12,25,23,14,12,9.4459143444923,10.1600271944688,0.396917110011756,29
"6151","PE","Lajedo",40589,11169.67,26011,"Garanhuns",2,"Nordeste",1,"260880",2,102,44,58,47,55,0,0,0,0,0,102,44,58,47,55,31,9.32095734820696,10.6112523729195,0.271697564566237,29
"6152","PE","Lajedo",40589,11169.67,26011,"Garanhuns",2,"Nordeste",1,"260880",3,86,33,53,32,54,0,0,0,0,0,86,33,53,32,54,41,9.32095734820696,10.6112523729195,0.357040617141095,31
"6153","PE","Lajedo",40589,11169.67,26011,"Garanhuns",2,"Nordeste",1,"260880",4,43,14,29,19,24,1,0,0,0,0,44,14,29,19,24,32,9.32095734820696,10.6112523729195,0.377925310683256,30
"6154","PE","Lajedo",40589,11169.67,26011,"Garanhuns",2,"Nordeste",1,"260880",5,58,34,24,20,38,0,0,0,0,0,58,34,24,20,38,35,9.32095734820696,10.6112523729195,0.369031662020043,31
"6155","PE","Lajedo",40589,11169.67,26011,"Garanhuns",2,"Nordeste",1,"260880",6,58,31,27,22,36,0,0,0,0,0,58,31,27,22,36,35,9.32095734820696,10.6112523729195,0.352884570227894,30
"6156","PE","Lajedo",40589,11169.67,26011,"Garanhuns",2,"Nordeste",1,"260880",7,59,27,32,22,37,1,0,0,0,0,60,27,32,22,37,45,9.32095734820696,10.6112523729195,0.380266437875944,29
"6157","PE","Limoeiro",56198,13784.48,26010,"Médio Capibaribe",2,"Nordeste",1,"260890",2,111,24,87,41,70,0,0,0,0,0,111,24,87,41,70,32,9.53129860058463,10.9366364480599,0.285526050242937,29
"6158","PE","Limoeiro",56198,13784.48,26010,"Médio Capibaribe",2,"Nordeste",1,"260890",3,94,30,64,39,55,0,0,0,0,0,94,30,64,39,55,42,9.53129860058463,10.9366364480599,0.372021595568999,31
"6159","PE","Limoeiro",56198,13784.48,26010,"Médio Capibaribe",2,"Nordeste",1,"260890",4,57,10,47,24,33,1,0,0,0,0,58,10,47,24,33,39,9.53129860058463,10.9366364480599,0.440041277952707,30
"6160","PE","Limoeiro",56198,13784.48,26010,"Médio Capibaribe",2,"Nordeste",1,"260890",5,62,16,46,29,33,0,0,0,0,0,62,16,46,29,33,66,9.53129860058463,10.9366364480599,0.429164842933699,31
"6161","PE","Limoeiro",56198,13784.48,26010,"Médio Capibaribe",2,"Nordeste",1,"260890",6,61,23,38,33,28,0,0,0,0,0,61,23,38,33,28,60,9.53129860058463,10.9366364480599,0.390336727889671,30
"6162","PE","Limoeiro",56198,13784.48,26010,"Médio Capibaribe",2,"Nordeste",1,"260890",7,59,10,49,22,37,0,0,0,0,0,59,10,49,22,37,54,9.53129860058463,10.9366364480599,0.407268682606083,29
"6163","PE","Macaparana",25472,9447.74,26013,"Mata Setentrional Pernambucana",2,"Nordeste",0,"260900",2,41,10,31,19,22,0,0,0,0,0,41,10,31,19,22,13,9.15353083844689,10.1453350886441,0.275928586968661,29
"6164","PE","Macaparana",25472,9447.74,26013,"Mata Setentrional Pernambucana",2,"Nordeste",0,"260900",3,34,14,20,19,15,0,0,0,0,0,34,14,20,19,15,20,9.15353083844689,10.1453350886441,0.374026721228403,31
"6165","PE","Macaparana",25472,9447.74,26013,"Mata Setentrional Pernambucana",2,"Nordeste",0,"260900",4,25,9,16,18,7,0,0,0,0,0,25,9,16,18,7,19,9.15353083844689,10.1453350886441,0.40836985962756,30
"6166","PE","Macaparana",25472,9447.74,26013,"Mata Setentrional Pernambucana",2,"Nordeste",0,"260900",5,31,13,18,16,15,1,0,0,0,0,32,13,18,16,15,23,9.15353083844689,10.1453350886441,0.417131548334966,31
"6167","PE","Macaparana",25472,9447.74,26013,"Mata Setentrional Pernambucana",2,"Nordeste",0,"260900",6,21,7,14,7,14,1,0,0,0,0,22,7,14,7,14,25,9.15353083844689,10.1453350886441,0.392334051197725,30
"6168","PE","Macaparana",25472,9447.74,26013,"Mata Setentrional Pernambucana",2,"Nordeste",0,"260900",7,44,13,31,21,23,0,0,0,0,0,44,13,31,21,23,18,9.15353083844689,10.1453350886441,0.410714893970836,29
"6169","PE","Machados",16321,13380.62,26010,"Médio Capibaribe",2,"Nordeste",0,"260910",2,25,11,14,14,11,0,0,0,0,0,25,11,14,14,11,5,9.50156267042629,9.7002079011507,0.27943574044818,29
"6170","PE","Machados",16321,13380.62,26010,"Médio Capibaribe",2,"Nordeste",0,"260910",3,31,14,17,16,15,0,0,0,0,0,31,14,17,16,15,4,9.50156267042629,9.7002079011507,0.341373673773376,31
"6171","PE","Machados",16321,13380.62,26010,"Médio Capibaribe",2,"Nordeste",0,"260910",4,17,7,10,13,4,0,0,0,0,0,17,7,10,13,4,9,9.50156267042629,9.7002079011507,0.390741180343863,30
"6172","PE","Machados",16321,13380.62,26010,"Médio Capibaribe",2,"Nordeste",0,"260910",5,19,8,11,8,11,1,0,0,0,0,20,8,11,8,11,9,9.50156267042629,9.7002079011507,0.383780656972621,31
"6173","PE","Machados",16321,13380.62,26010,"Médio Capibaribe",2,"Nordeste",0,"260910",6,22,8,14,5,17,0,0,0,0,0,22,8,14,5,17,10,9.50156267042629,9.7002079011507,0.370240948080605,30
"6174","PE","Machados",16321,13380.62,26010,"Médio Capibaribe",2,"Nordeste",0,"260910",7,13,5,8,11,2,0,0,0,0,0,13,5,8,11,2,6,9.50156267042629,9.7002079011507,0.403621282558056,29
"6175","PE","Manari",21776,5793.6,26004,"Sertão do Moxotó",2,"Nordeste",0,"260915",2,44,21,23,26,18,2,0,0,0,0,46,21,23,26,18,7,8.66450913901138,9.98856372489125,0.316342524673414,29
"6176","PE","Manari",21776,5793.6,26004,"Sertão do Moxotó",2,"Nordeste",0,"260915",3,29,10,19,17,12,1,0,0,0,0,30,10,19,17,12,7,8.66450913901138,9.98856372489125,0.373741756174142,31
"6177","PE","Manari",21776,5793.6,26004,"Sertão do Moxotó",2,"Nordeste",0,"260915",4,15,6,9,7,8,0,0,0,0,0,15,6,9,7,8,9,8.66450913901138,9.98856372489125,0.423544392630487,30
"6178","PE","Manari",21776,5793.6,26004,"Sertão do Moxotó",2,"Nordeste",0,"260915",5,24,10,14,12,12,1,0,0,0,0,25,10,14,12,12,10,8.66450913901138,9.98856372489125,0.445149010990907,31
"6179","PE","Manari",21776,5793.6,26004,"Sertão do Moxotó",2,"Nordeste",0,"260915",6,20,11,9,11,9,0,0,0,0,0,20,11,9,11,9,5,8.66450913901138,9.98856372489125,0.429757685066515,30
"6180","PE","Manari",21776,5793.6,26004,"Sertão do Moxotó",2,"Nordeste",0,"260915",7,17,11,6,7,10,1,0,0,0,0,18,11,6,7,10,13,8.66450913901138,9.98856372489125,0.497782121300021,29
"6181","PE","Maraial",11220,7628.78,26015,"Mata Meridional Pernambucana",2,"Nordeste",0,"260920",2,19,8,11,9,10,0,0,0,0,0,19,8,11,9,10,5,8.93968321634319,9.32545317907669,0.311786946992498,29
"6182","PE","Maraial",11220,7628.78,26015,"Mata Meridional Pernambucana",2,"Nordeste",0,"260920",3,18,9,9,8,10,0,0,0,0,0,18,9,9,8,10,7,8.93968321634319,9.32545317907669,0.417727990424919,31
"6183","PE","Maraial",11220,7628.78,26015,"Mata Meridional Pernambucana",2,"Nordeste",0,"260920",4,13,8,5,7,6,0,0,0,0,0,13,8,5,7,6,3,8.93968321634319,9.32545317907669,0.406001996700663,30
"6184","PE","Maraial",11220,7628.78,26015,"Mata Meridional Pernambucana",2,"Nordeste",0,"260920",5,12,7,5,7,5,0,0,0,0,0,12,7,5,7,5,8,8.93968321634319,9.32545317907669,0.419209726194591,31
"6185","PE","Maraial",11220,7628.78,26015,"Mata Meridional Pernambucana",2,"Nordeste",0,"260920",6,10,7,3,3,7,0,0,0,0,0,10,7,3,3,7,7,8.93968321634319,9.32545317907669,0.402919091882906,30
"6186","PE","Maraial",11220,7628.78,26015,"Mata Meridional Pernambucana",2,"Nordeste",0,"260920",7,15,6,9,8,7,0,0,0,0,0,15,6,9,8,7,13,8.93968321634319,9.32545317907669,0.420041434099579,29
"6187","PE","Mirandiba",15470,9878.16,26002,"Salgueiro",2,"Nordeste",0,"260930",2,41,8,33,22,19,0,0,0,0,0,41,8,33,22,19,6,9.19808153858024,9.64665794356711,0.289213258115533,29
"6188","PE","Mirandiba",15470,9878.16,26002,"Salgueiro",2,"Nordeste",0,"260930",3,39,10,29,24,15,0,0,0,0,0,39,10,29,24,15,12,9.19808153858024,9.64665794356711,0.361999924928406,31
"6189","PE","Mirandiba",15470,9878.16,26002,"Salgueiro",2,"Nordeste",0,"260930",4,13,4,9,8,5,0,0,0,0,0,13,4,9,8,5,9,9.19808153858024,9.64665794356711,0.401796491257791,30
"6190","PE","Mirandiba",15470,9878.16,26002,"Salgueiro",2,"Nordeste",0,"260930",5,29,12,17,12,17,0,0,0,0,0,29,12,17,12,17,5,9.19808153858024,9.64665794356711,0.397312997928214,31
"6191","PE","Mirandiba",15470,9878.16,26002,"Salgueiro",2,"Nordeste",0,"260930",6,17,7,10,7,10,1,0,0,0,0,18,7,10,7,10,10,9.19808153858024,9.64665794356711,0.373703820692687,30
"6192","PE","Mirandiba",15470,9878.16,26002,"Salgueiro",2,"Nordeste",0,"260930",7,23,6,17,15,8,2,0,0,0,0,25,6,17,15,8,7,9.19808153858024,9.64665794356711,0.453402982380178,29
"6193","PE","Moreno",63294,10566.28,26017,"Recife",2,"Nordeste",1,"260940",2,97,30,67,51,46,1,0,0,0,0,98,30,67,51,46,34,9.26542307746778,11.0555458169099,0.298398198908899,29
"6194","PE","Moreno",63294,10566.28,26017,"Recife",2,"Nordeste",1,"260940",3,99,23,76,37,62,2,0,0,0,0,101,23,76,37,62,47,9.26542307746778,11.0555458169099,0.397749630014309,31
"6195","PE","Moreno",63294,10566.28,26017,"Recife",2,"Nordeste",1,"260940",4,61,20,41,31,30,0,0,0,0,0,61,20,41,31,30,39,9.26542307746778,11.0555458169099,0.47295764092253,30
"6196","PE","Moreno",63294,10566.28,26017,"Recife",2,"Nordeste",1,"260940",5,70,18,52,29,41,0,0,0,0,0,70,18,52,29,41,65,9.26542307746778,11.0555458169099,0.465854649631142,31
"6197","PE","Moreno",63294,10566.28,26017,"Recife",2,"Nordeste",1,"260940",6,64,20,44,32,32,1,0,0,0,0,65,20,44,32,32,37,9.26542307746778,11.0555458169099,0.397112353440131,30
"6198","PE","Moreno",63294,10566.28,26017,"Recife",2,"Nordeste",1,"260940",7,57,17,40,26,31,0,0,0,0,0,57,17,40,26,31,30,9.26542307746778,11.0555458169099,0.391879944252234,29
"6199","PE","Nazaré da Mata",32573,16319.32,26013,"Mata Setentrional Pernambucana",2,"Nordeste",1,"260950",2,58,21,37,28,30,1,0,0,0,0,59,21,37,28,30,20,9.70010496098335,10.3912390033315,0.281283723407471,29
"6200","PE","Nazaré da Mata",32573,16319.32,26013,"Mata Setentrional Pernambucana",2,"Nordeste",1,"260950",3,53,20,33,29,24,0,0,0,0,0,53,20,33,29,24,16,9.70010496098335,10.3912390033315,0.377170074888163,31
"6201","PE","Nazaré da Mata",32573,16319.32,26013,"Mata Setentrional Pernambucana",2,"Nordeste",1,"260950",4,28,4,24,8,20,0,0,0,0,0,28,4,24,8,20,27,9.70010496098335,10.3912390033315,0.425716577671779,30
"6202","PE","Nazaré da Mata",32573,16319.32,26013,"Mata Setentrional Pernambucana",2,"Nordeste",1,"260950",5,28,7,21,10,18,1,0,0,0,0,29,7,21,10,18,45,9.70010496098335,10.3912390033315,0.438518424289548,31
"6203","PE","Nazaré da Mata",32573,16319.32,26013,"Mata Setentrional Pernambucana",2,"Nordeste",1,"260950",6,42,7,35,19,23,1,0,0,0,0,43,7,35,19,23,26,9.70010496098335,10.3912390033315,0.391127641078157,30
"6204","PE","Nazaré da Mata",32573,16319.32,26013,"Mata Setentrional Pernambucana",2,"Nordeste",1,"260950",7,30,10,20,7,23,0,0,0,0,0,30,10,20,7,23,28,9.70010496098335,10.3912390033315,0.402914494614136,29
"6205","PE","Olinda",393115,14122.98,26017,"Recife",2,"Nordeste",1,"260960",2,611,173,438,245,366,5,0,0,0,0,616,173,438,245,366,234,9.55555853693834,12.8818574689114,0.301877055248084,29
"6206","PE","Olinda",393115,14122.98,26017,"Recife",2,"Nordeste",1,"260960",3,473,98,375,187,286,3,0,0,0,0,476,98,375,187,286,279,9.55555853693834,12.8818574689114,0.432438174425477,31
"6207","PE","Olinda",393115,14122.98,26017,"Recife",2,"Nordeste",1,"260960",4,336,99,237,160,176,5,0,0,0,0,341,99,237,160,176,402,9.55555853693834,12.8818574689114,0.540731289401138,30
"6208","PE","Olinda",393115,14122.98,26017,"Recife",2,"Nordeste",1,"260960",5,384,100,284,143,241,1,0,0,0,0,385,100,284,143,241,533,9.55555853693834,12.8818574689114,0.532514010400483,31
"6209","PE","Olinda",393115,14122.98,26017,"Recife",2,"Nordeste",1,"260960",6,379,97,282,159,220,2,0,0,0,0,381,97,282,159,220,282,9.55555853693834,12.8818574689114,0.446959635327544,30
"6210","PE","Olinda",393115,14122.98,26017,"Recife",2,"Nordeste",1,"260960",7,400,98,302,150,250,3,0,0,0,0,403,98,302,150,250,269,9.55555853693834,12.8818574689114,0.424710700307756,29
"6211","PE","Orobó",23935,13496.22,26010,"Médio Capibaribe",2,"Nordeste",0,"260970",2,46,12,34,17,29,0,0,0,0,0,46,12,34,17,29,9,9.5101649252192,10.0830971018266,0.289627452565725,29
"6212","PE","Orobó",23935,13496.22,26010,"Médio Capibaribe",2,"Nordeste",0,"260970",3,30,10,20,11,19,0,0,0,0,0,30,10,20,11,19,13,9.5101649252192,10.0830971018266,0.377414480243908,31
"6213","PE","Orobó",23935,13496.22,26010,"Médio Capibaribe",2,"Nordeste",0,"260970",4,27,8,19,9,18,0,0,0,0,0,27,8,19,9,18,11,9.5101649252192,10.0830971018266,0.439650807653816,30
"6214","PE","Orobó",23935,13496.22,26010,"Médio Capibaribe",2,"Nordeste",0,"260970",5,27,6,21,10,17,0,0,0,0,0,27,6,21,10,17,15,9.5101649252192,10.0830971018266,0.412823775635034,31
"6215","PE","Orobó",23935,13496.22,26010,"Médio Capibaribe",2,"Nordeste",0,"260970",6,19,5,14,5,14,0,0,0,0,0,19,5,14,5,14,17,9.5101649252192,10.0830971018266,0.393253823053872,30
"6216","PE","Orobó",23935,13496.22,26010,"Médio Capibaribe",2,"Nordeste",0,"260970",7,23,4,19,6,17,3,0,0,0,0,26,4,19,6,17,19,9.5101649252192,10.0830971018266,0.415483468272156,29
"6217","PE","Orocó",15152,11719,26005,"Petrolina",2,"Nordeste",0,"260980",2,51,18,33,36,15,1,0,0,0,0,52,18,33,36,15,6,9.3689667352586,9.62588781542586,0.316592861232287,29
"6218","PE","Orocó",15152,11719,26005,"Petrolina",2,"Nordeste",0,"260980",3,30,12,18,13,17,1,0,0,0,0,31,12,18,13,17,4,9.3689667352586,9.62588781542586,0.388968504922309,31
"6219","PE","Orocó",15152,11719,26005,"Petrolina",2,"Nordeste",0,"260980",4,21,4,17,15,6,0,0,0,0,0,21,4,17,15,6,3,9.3689667352586,9.62588781542586,0.429656627996636,30
"6220","PE","Orocó",15152,11719,26005,"Petrolina",2,"Nordeste",0,"260980",5,21,4,17,9,12,0,0,0,0,0,21,4,17,9,12,8,9.3689667352586,9.62588781542586,0.425543411760682,31
"6221","PE","Orocó",15152,11719,26005,"Petrolina",2,"Nordeste",0,"260980",6,30,7,23,11,19,0,0,0,0,0,30,7,23,11,19,5,9.3689667352586,9.62588781542586,0.410140671250156,30
"6222","PE","Orocó",15152,11719,26005,"Petrolina",2,"Nordeste",0,"260980",7,24,7,17,14,10,0,0,0,0,0,24,7,17,14,10,9,9.3689667352586,9.62588781542586,0.451106588184669,29
"6223","PE","Ouricuri",69969,9671.52,26001,"Araripina",2,"Nordeste",0,"260990",2,160,63,97,74,86,1,0,0,0,0,161,63,97,74,86,31,9.17694076327157,11.1558075657985,0.295108571242653,29
"6224","PE","Ouricuri",69969,9671.52,26001,"Araripina",2,"Nordeste",0,"260990",3,165,57,108,69,96,3,0,0,0,0,168,57,108,69,96,36,9.17694076327157,11.1558075657985,0.371274483089923,31
"6225","PE","Ouricuri",69969,9671.52,26001,"Araripina",2,"Nordeste",0,"260990",4,84,36,48,45,39,1,0,0,0,0,85,36,48,45,39,36,9.17694076327157,11.1558075657985,0.410269188371546,30
"6226","PE","Ouricuri",69969,9671.52,26001,"Araripina",2,"Nordeste",0,"260990",5,102,46,56,45,57,0,0,0,0,0,102,46,56,45,57,26,9.17694076327157,11.1558075657985,0.418214021726509,31
"6227","PE","Ouricuri",69969,9671.52,26001,"Araripina",2,"Nordeste",0,"260990",6,97,43,54,40,57,1,0,0,0,0,98,43,54,40,57,33,9.17694076327157,11.1558075657985,0.382605885205184,30
"6228","PE","Ouricuri",69969,9671.52,26001,"Araripina",2,"Nordeste",0,"260990",7,94,41,53,44,50,1,0,0,0,0,95,41,53,44,50,37,9.17694076327157,11.1558075657985,0.415606079531229,29
"6229","PE","Palmares",63500,12704.44,26015,"Mata Meridional Pernambucana",2,"Nordeste",1,"261000",2,123,30,93,61,62,0,0,0,0,0,123,30,93,61,62,41,9.44970681764785,11.0587951848808,0.287096098736342,29
"6230","PE","Palmares",63500,12704.44,26015,"Mata Meridional Pernambucana",2,"Nordeste",1,"261000",3,96,28,68,48,48,0,0,0,0,0,96,28,68,48,48,54,9.44970681764785,11.0587951848808,0.384534899388031,31
"6231","PE","Palmares",63500,12704.44,26015,"Mata Meridional Pernambucana",2,"Nordeste",1,"261000",4,80,31,49,34,46,0,0,0,0,0,80,31,49,34,46,43,9.44970681764785,11.0587951848808,0.433714937492018,30
"6232","PE","Palmares",63500,12704.44,26015,"Mata Meridional Pernambucana",2,"Nordeste",1,"261000",5,70,24,46,36,34,0,0,0,0,0,70,24,46,36,34,76,9.44970681764785,11.0587951848808,0.43153713234019,31
"6233","PE","Palmares",63500,12704.44,26015,"Mata Meridional Pernambucana",2,"Nordeste",1,"261000",6,67,22,45,37,30,1,0,0,0,0,68,22,45,37,30,88,9.44970681764785,11.0587951848808,0.400895994346161,30
"6234","PE","Palmares",63500,12704.44,26015,"Mata Meridional Pernambucana",2,"Nordeste",1,"261000",7,83,30,53,44,39,1,0,0,0,0,84,30,53,44,39,49,9.44970681764785,11.0587951848808,0.402602716688016,29
"6235","PE","Palmeirina",7600,8822.41,26011,"Garanhuns",2,"Nordeste",0,"261010",2,12,4,8,2,10,0,0,0,0,0,12,4,8,2,10,6,9.08505035430725,8.93590352627442,0.293947710814245,29
"6236","PE","Palmeirina",7600,8822.41,26011,"Garanhuns",2,"Nordeste",0,"261010",3,15,11,4,7,8,0,0,0,0,0,15,11,4,7,8,2,9.08505035430725,8.93590352627442,0.371836004030742,31
"6237","PE","Palmeirina",7600,8822.41,26011,"Garanhuns",2,"Nordeste",0,"261010",4,12,7,5,7,5,0,0,0,0,0,12,7,5,7,5,3,9.08505035430725,8.93590352627442,0.418621496987074,30
"6238","PE","Palmeirina",7600,8822.41,26011,"Garanhuns",2,"Nordeste",0,"261010",5,5,1,4,2,3,0,0,0,0,0,5,1,4,2,3,12,9.08505035430725,8.93590352627442,0.440738273169315,31
"6239","PE","Palmeirina",7600,8822.41,26011,"Garanhuns",2,"Nordeste",0,"261010",6,7,5,2,1,6,0,0,0,0,0,7,5,2,1,6,8,9.08505035430725,8.93590352627442,0.388516800352642,30
"6240","PE","Palmeirina",7600,8822.41,26011,"Garanhuns",2,"Nordeste",0,"261010",7,6,2,4,3,3,0,0,0,0,0,6,2,4,3,3,3,9.08505035430725,8.93590352627442,0.421902148076334,29
"6241","PE","Panelas",26456,7178.15,26012,"Brejo Pernambucano",2,"Nordeste",0,"261020",2,58,19,39,23,35,1,0,0,0,0,59,19,39,23,35,18,8.87879696867505,10.1832382546616,0.274068020141671,29
"6242","PE","Panelas",26456,7178.15,26012,"Brejo Pernambucano",2,"Nordeste",0,"261020",3,39,21,18,13,26,1,0,0,0,0,40,21,18,13,26,26,8.87879696867505,10.1832382546616,0.362873603675591,31
"6243","PE","Panelas",26456,7178.15,26012,"Brejo Pernambucano",2,"Nordeste",0,"261020",4,22,8,14,10,12,0,0,0,0,0,22,8,14,10,12,22,8.87879696867505,10.1832382546616,0.398509218129917,30
"6244","PE","Panelas",26456,7178.15,26012,"Brejo Pernambucano",2,"Nordeste",0,"261020",5,36,16,20,18,18,0,0,0,0,0,36,16,20,18,18,20,8.87879696867505,10.1832382546616,0.395312083039383,31
"6245","PE","Panelas",26456,7178.15,26012,"Brejo Pernambucano",2,"Nordeste",0,"261020",6,35,16,19,15,20,0,0,0,0,0,35,16,19,15,20,30,8.87879696867505,10.1832382546616,0.375300833995245,30
"6246","PE","Panelas",26456,7178.15,26012,"Brejo Pernambucano",2,"Nordeste",0,"261020",7,24,7,17,9,15,1,0,0,0,0,25,7,17,9,15,32,8.87879696867505,10.1832382546616,0.44396951173817,29
"6247","PE","Paranatama",11566,24880.06,26011,"Garanhuns",2,"Nordeste",0,"261030",2,35,17,18,17,18,0,0,0,0,0,35,17,18,17,18,13,10.1218219584258,9.35582503871816,0.272137461341099,29
"6248","PE","Paranatama",11566,24880.06,26011,"Garanhuns",2,"Nordeste",0,"261030",3,27,11,16,12,15,0,0,0,0,0,27,11,16,12,15,10,10.1218219584258,9.35582503871816,0.341369239284363,31
"6249","PE","Paranatama",11566,24880.06,26011,"Garanhuns",2,"Nordeste",0,"261030",4,19,7,12,12,7,0,0,0,0,0,19,7,12,12,7,6,10.1218219584258,9.35582503871816,0.360796682384418,30
"6250","PE","Paranatama",11566,24880.06,26011,"Garanhuns",2,"Nordeste",0,"261030",5,13,5,8,5,8,0,0,0,0,0,13,5,8,5,8,10,10.1218219584258,9.35582503871816,0.386654241399161,31
"6251","PE","Paranatama",11566,24880.06,26011,"Garanhuns",2,"Nordeste",0,"261030",6,22,10,12,9,13,0,0,0,0,0,22,10,12,9,13,11,10.1218219584258,9.35582503871816,0.38782187652806,30
"6252","PE","Paranatama",11566,24880.06,26011,"Garanhuns",2,"Nordeste",0,"261030",7,20,9,11,5,15,0,0,0,0,0,20,9,11,5,15,16,10.1218219584258,9.35582503871816,0.413015481391035,29
"6253","PE","Parnamirim",22106,7616.25,26002,"Salgueiro",2,"Nordeste",0,"261040",2,34,6,28,17,17,0,0,0,0,0,34,6,28,17,17,7,8.9380394015627,10.0036043438709,0.321969065278285,29
"6254","PE","Parnamirim",22106,7616.25,26002,"Salgueiro",2,"Nordeste",0,"261040",3,32,5,27,14,18,2,0,0,0,0,34,5,27,14,18,13,8.9380394015627,10.0036043438709,0.40862614330888,31
"6255","PE","Parnamirim",22106,7616.25,26002,"Salgueiro",2,"Nordeste",0,"261040",4,24,8,16,7,17,0,0,0,0,0,24,8,16,7,17,5,8.9380394015627,10.0036043438709,0.450823229262431,30
"6256","PE","Parnamirim",22106,7616.25,26002,"Salgueiro",2,"Nordeste",0,"261040",5,29,8,21,14,15,1,0,0,0,0,30,8,21,14,15,16,8.9380394015627,10.0036043438709,0.470113539666575,31
"6257","PE","Parnamirim",22106,7616.25,26002,"Salgueiro",2,"Nordeste",0,"261040",6,33,7,26,15,18,0,0,0,0,0,33,7,26,15,18,7,8.9380394015627,10.0036043438709,0.436155882580073,30
"6258","PE","Parnamirim",22106,7616.25,26002,"Salgueiro",2,"Nordeste",0,"261040",7,23,3,20,7,16,0,0,0,0,0,23,3,20,7,16,7,8.9380394015627,10.0036043438709,0.450806979069733,29
"6259","PE","Passira",28894,7751.02,26010,"Médio Capibaribe",2,"Nordeste",0,"261050",2,58,19,39,28,30,0,0,0,0,0,58,19,39,28,30,21,8.9555797265904,10.2713892400893,0.30365252766158,29
"6260","PE","Passira",28894,7751.02,26010,"Médio Capibaribe",2,"Nordeste",0,"261050",3,47,9,38,22,25,0,0,0,0,0,47,9,38,22,25,28,8.9555797265904,10.2713892400893,0.391136210628873,31
"6261","PE","Passira",28894,7751.02,26010,"Médio Capibaribe",2,"Nordeste",0,"261050",4,22,8,14,13,9,0,0,0,0,0,22,8,14,13,9,22,8.9555797265904,10.2713892400893,0.436788716315621,30
"6262","PE","Passira",28894,7751.02,26010,"Médio Capibaribe",2,"Nordeste",0,"261050",5,32,10,22,15,17,0,0,0,0,0,32,10,22,15,17,28,8.9555797265904,10.2713892400893,0.451444045662892,31
"6263","PE","Passira",28894,7751.02,26010,"Médio Capibaribe",2,"Nordeste",0,"261050",6,30,12,18,14,16,0,0,0,0,0,30,12,18,14,16,24,8.9555797265904,10.2713892400893,0.393326750119052,30
"6264","PE","Passira",28894,7751.02,26010,"Médio Capibaribe",2,"Nordeste",0,"261050",7,39,15,24,17,22,0,0,0,0,0,39,15,24,17,22,24,8.9555797265904,10.2713892400893,0.418757910261419,29
"6265","PE","Paudalho",56933,14223.39,26013,"Mata Setentrional Pernambucana",2,"Nordeste",1,"261060",2,127,39,88,66,61,0,0,0,0,0,127,39,88,66,61,31,9.56264307156975,10.9496304168504,0.297689458175326,29
"6266","PE","Paudalho",56933,14223.39,26013,"Mata Setentrional Pernambucana",2,"Nordeste",1,"261060",3,102,27,75,52,50,0,0,0,0,0,102,27,75,52,50,34,9.56264307156975,10.9496304168504,0.393453341636232,31
"6267","PE","Paudalho",56933,14223.39,26013,"Mata Setentrional Pernambucana",2,"Nordeste",1,"261060",4,60,23,37,35,25,0,0,0,0,0,60,23,37,35,25,38,9.56264307156975,10.9496304168504,0.468355321375628,30
"6268","PE","Paudalho",56933,14223.39,26013,"Mata Setentrional Pernambucana",2,"Nordeste",1,"261060",5,79,34,45,43,36,2,0,0,0,0,81,34,45,43,36,59,9.56264307156975,10.9496304168504,0.453804721777225,31
"6269","PE","Paudalho",56933,14223.39,26013,"Mata Setentrional Pernambucana",2,"Nordeste",1,"261060",6,54,14,40,23,31,0,0,0,0,0,54,14,40,23,31,26,9.56264307156975,10.9496304168504,0.401481429272386,30
"6270","PE","Paudalho",56933,14223.39,26013,"Mata Setentrional Pernambucana",2,"Nordeste",1,"261060",7,61,20,41,36,25,0,0,0,0,0,61,20,41,36,25,44,9.56264307156975,10.9496304168504,0.404471064640475,29
"6271","PE","Paulista",334376,12731.32,26017,"Recife",2,"Nordeste",1,"261070",2,473,84,389,185,288,1,0,0,0,0,474,84,389,185,288,174,9.45182037824179,12.7200213872821,0.299346278035296,29
"6272","PE","Paulista",334376,12731.32,26017,"Recife",2,"Nordeste",1,"261070",3,382,79,303,138,244,1,0,0,0,0,383,79,303,138,244,182,9.45182037824179,12.7200213872821,0.428287675014589,31
"6273","PE","Paulista",334376,12731.32,26017,"Recife",2,"Nordeste",1,"261070",4,278,45,233,106,172,1,0,0,0,0,279,45,233,106,172,277,9.45182037824179,12.7200213872821,0.525525139934169,30
"6274","PE","Paulista",334376,12731.32,26017,"Recife",2,"Nordeste",1,"261070",5,262,47,215,112,150,3,0,0,0,0,265,47,215,112,150,383,9.45182037824179,12.7200213872821,0.51277580210055,31
"6275","PE","Paulista",334376,12731.32,26017,"Recife",2,"Nordeste",1,"261070",6,305,66,239,107,198,3,0,0,0,0,308,66,239,107,198,243,9.45182037824179,12.7200213872821,0.436734767878591,30
"6276","PE","Paulista",334376,12731.32,26017,"Recife",2,"Nordeste",1,"261070",7,298,52,246,106,192,2,0,0,0,0,300,52,246,106,192,203,9.45182037824179,12.7200213872821,0.418127047037479,29
"6277","PE","Pedra",22668,11037.24,26007,"Vale do Ipanema",2,"Nordeste",0,"261080",2,55,25,30,19,36,0,0,0,0,0,55,25,30,19,36,14,9.30903028857588,10.0287095172895,0.286690682879773,29
"6278","PE","Pedra",22668,11037.24,26007,"Vale do Ipanema",2,"Nordeste",0,"261080",3,44,25,19,26,18,0,0,0,0,0,44,25,19,26,18,15,9.30903028857588,10.0287095172895,0.357354869315061,31
"6279","PE","Pedra",22668,11037.24,26007,"Vale do Ipanema",2,"Nordeste",0,"261080",4,26,15,11,10,16,0,0,0,0,0,26,15,11,10,16,11,9.30903028857588,10.0287095172895,0.400282627490622,30
"6280","PE","Pedra",22668,11037.24,26007,"Vale do Ipanema",2,"Nordeste",0,"261080",5,21,12,9,14,7,0,0,0,0,0,21,12,9,14,7,17,9.30903028857588,10.0287095172895,0.43354898683832,31
"6281","PE","Pedra",22668,11037.24,26007,"Vale do Ipanema",2,"Nordeste",0,"261080",6,27,9,18,12,15,0,0,0,0,0,27,9,18,12,15,11,9.30903028857588,10.0287095172895,0.406669303660448,30
"6282","PE","Pedra",22668,11037.24,26007,"Vale do Ipanema",2,"Nordeste",0,"261080",7,29,19,10,15,14,0,0,0,0,0,29,19,10,15,14,16,9.30903028857588,10.0287095172895,0.435393400041373,29
"6283","PE","Pesqueira",67735,10269.85,26008,"Vale do Ipojuca",2,"Nordeste",1,"261090",2,143,52,91,70,73,2,0,0,0,0,145,52,91,70,73,41,9.23696769716842,11.1233583120148,0.299878685193573,29
"6284","PE","Pesqueira",67735,10269.85,26008,"Vale do Ipojuca",2,"Nordeste",1,"261090",3,119,43,76,52,67,2,0,0,0,0,121,43,76,52,67,45,9.23696769716842,11.1233583120148,0.386675066894383,31
"6285","PE","Pesqueira",67735,10269.85,26008,"Vale do Ipojuca",2,"Nordeste",1,"261090",4,61,23,38,26,35,0,0,0,0,0,61,23,38,26,35,39,9.23696769716842,11.1233583120148,0.425929901010715,30
"6286","PE","Pesqueira",67735,10269.85,26008,"Vale do Ipojuca",2,"Nordeste",1,"261090",5,83,36,47,32,51,1,0,0,0,0,84,36,47,32,51,48,9.23696769716842,11.1233583120148,0.426354780059675,31
"6287","PE","Pesqueira",67735,10269.85,26008,"Vale do Ipojuca",2,"Nordeste",1,"261090",6,88,41,47,43,45,1,0,0,0,0,89,41,47,43,45,59,9.23696769716842,11.1233583120148,0.404448137405515,30
"6288","PE","Pesqueira",67735,10269.85,26008,"Vale do Ipojuca",2,"Nordeste",1,"261090",7,82,24,58,40,42,1,0,0,0,0,83,24,58,40,42,62,9.23696769716842,11.1233583120148,0.43916095198377,29
"6289","PE","Petrolândia",36901,36751.1,26006,"Itaparica",2,"Nordeste",0,"261100",2,65,22,43,25,40,0,0,0,0,0,65,22,43,25,40,10,10.5119234361658,10.5159939299324,0.300989281040651,29
"6290","PE","Petrolândia",36901,36751.1,26006,"Itaparica",2,"Nordeste",0,"261100",3,79,36,43,34,45,1,0,0,0,0,80,36,43,34,45,15,10.5119234361658,10.5159939299324,0.401598066431799,31
"6291","PE","Petrolândia",36901,36751.1,26006,"Itaparica",2,"Nordeste",0,"261100",4,41,17,24,15,26,0,0,0,0,0,41,17,24,15,26,12,10.5119234361658,10.5159939299324,0.418013353385004,30
"6292","PE","Petrolândia",36901,36751.1,26006,"Itaparica",2,"Nordeste",0,"261100",5,45,18,27,17,28,0,0,0,0,0,45,18,27,17,28,18,10.5119234361658,10.5159939299324,0.414247744920897,31
"6293","PE","Petrolândia",36901,36751.1,26006,"Itaparica",2,"Nordeste",0,"261100",6,51,20,31,27,24,2,0,0,0,0,53,20,31,27,24,18,10.5119234361658,10.5159939299324,0.391695493593117,30
"6294","PE","Petrolândia",36901,36751.1,26006,"Itaparica",2,"Nordeste",0,"261100",7,37,22,15,20,17,1,0,0,0,0,38,22,15,20,17,20,10.5119234361658,10.5159939299324,0.419029913567454,29
"6295","PE","Petrolina",354317,19445.59,26005,"Petrolina",2,"Nordeste",1,"261110",2,952,257,695,380,572,3,0,0,0,0,955,257,695,380,572,141,9.87537558811977,12.7779472716387,0.280991434806431,29
"6296","PE","Petrolina",354317,19445.59,26005,"Petrolina",2,"Nordeste",1,"261110",3,829,207,622,319,510,3,0,0,0,0,832,207,622,319,510,164,9.87537558811977,12.7779472716387,0.393279274749042,31
"6297","PE","Petrolina",354317,19445.59,26005,"Petrolina",2,"Nordeste",1,"261110",4,596,153,443,227,369,4,0,0,0,0,600,153,443,227,369,167,9.87537558811977,12.7779472716387,0.448682581266533,30
"6298","PE","Petrolina",354317,19445.59,26005,"Petrolina",2,"Nordeste",1,"261110",5,537,153,384,210,327,4,0,0,0,0,541,153,384,210,327,145,9.87537558811977,12.7779472716387,0.428296090718965,31
"6299","PE","Petrolina",354317,19445.59,26005,"Petrolina",2,"Nordeste",1,"261110",6,523,130,393,219,304,8,0,0,0,0,531,130,393,219,304,188,9.87537558811977,12.7779472716387,0.381201059027945,30
"6300","PE","Petrolina",354317,19445.59,26005,"Petrolina",2,"Nordeste",1,"261110",7,603,176,427,248,355,7,0,0,0,0,610,176,427,248,355,198,9.87537558811977,12.7779472716387,0.406240681644558,29
"6301","PE","Poção",11305,7433.25,26008,"Vale do Ipojuca",2,"Nordeste",0,"261120",2,23,14,9,8,15,0,0,0,0,0,23,14,9,8,15,3,8.91371845795493,9.33300038471207,0.307921154247688,29
"6302","PE","Poção",11305,7433.25,26008,"Vale do Ipojuca",2,"Nordeste",0,"261120",3,17,8,9,9,8,0,0,0,0,0,17,8,9,9,8,5,8.91371845795493,9.33300038471207,0.396926311351351,31
"6303","PE","Poção",11305,7433.25,26008,"Vale do Ipojuca",2,"Nordeste",0,"261120",4,13,7,6,5,8,1,0,0,0,0,14,7,6,5,8,8,8.91371845795493,9.33300038471207,0.446840785111793,30
"6304","PE","Poção",11305,7433.25,26008,"Vale do Ipojuca",2,"Nordeste",0,"261120",5,13,6,7,9,4,0,0,0,0,0,13,6,7,9,4,11,8.91371845795493,9.33300038471207,0.439120957125379,31
"6305","PE","Poção",11305,7433.25,26008,"Vale do Ipojuca",2,"Nordeste",0,"261120",6,8,6,2,2,6,0,0,0,0,0,8,6,2,2,6,6,8.91371845795493,9.33300038471207,0.397536767531231,30
"6306","PE","Poção",11305,7433.25,26008,"Vale do Ipojuca",2,"Nordeste",0,"261120",7,12,5,7,7,5,0,0,0,0,0,12,5,7,7,5,11,8.91371845795493,9.33300038471207,0.410198785919988,29
"6307","PE","Pombos",27148,13530.65,26014,"Vitória de Santo Antão",2,"Nordeste",0,"261130",2,61,16,45,22,39,0,0,0,0,0,61,16,45,22,39,12,9.51271276140039,10.2090586578236,0.283321139937876,29
"6308","PE","Pombos",27148,13530.65,26014,"Vitória de Santo Antão",2,"Nordeste",0,"261130",3,50,17,33,20,30,0,0,0,0,0,50,17,33,20,30,14,9.51271276140039,10.2090586578236,0.373045989631261,31
"6309","PE","Pombos",27148,13530.65,26014,"Vitória de Santo Antão",2,"Nordeste",0,"261130",4,29,8,21,13,16,0,0,0,0,0,29,8,21,13,16,22,9.51271276140039,10.2090586578236,0.411313921897632,30
"6310","PE","Pombos",27148,13530.65,26014,"Vitória de Santo Antão",2,"Nordeste",0,"261130",5,24,8,16,10,14,0,0,0,0,0,24,8,16,10,14,35,9.51271276140039,10.2090586578236,0.418191576000629,31
"6311","PE","Pombos",27148,13530.65,26014,"Vitória de Santo Antão",2,"Nordeste",0,"261130",6,29,9,20,17,12,0,0,0,0,0,29,9,20,17,12,21,9.51271276140039,10.2090586578236,0.37286932487396,30
"6312","PE","Pombos",27148,13530.65,26014,"Vitória de Santo Antão",2,"Nordeste",0,"261130",7,39,20,19,9,30,0,0,0,0,0,39,20,19,9,30,20,9.51271276140039,10.2090586578236,0.398984327384885,29
"6313","PE","Primavera",15101,10731.75,26015,"Mata Meridional Pernambucana",2,"Nordeste",0,"261140",2,27,12,15,14,13,0,0,0,0,0,27,12,15,14,13,5,9.28096191645495,9.62251624577579,0.290207933926461,29
"6314","PE","Primavera",15101,10731.75,26015,"Mata Meridional Pernambucana",2,"Nordeste",0,"261140",3,17,10,7,7,10,0,0,0,0,0,17,10,7,7,10,8,9.28096191645495,9.62251624577579,0.369955411499104,31
"6315","PE","Primavera",15101,10731.75,26015,"Mata Meridional Pernambucana",2,"Nordeste",0,"261140",4,7,1,6,4,3,0,0,0,0,0,7,1,6,4,3,6,9.28096191645495,9.62251624577579,0.416784507756361,30
"6316","PE","Primavera",15101,10731.75,26015,"Mata Meridional Pernambucana",2,"Nordeste",0,"261140",5,5,3,2,3,2,0,0,0,0,0,5,3,2,3,2,18,9.28096191645495,9.62251624577579,0.434781049583779,31
"6317","PE","Primavera",15101,10731.75,26015,"Mata Meridional Pernambucana",2,"Nordeste",0,"261140",6,11,3,8,7,4,0,0,0,0,0,11,3,8,7,4,9,9.28096191645495,9.62251624577579,0.411859704897425,30
"6318","PE","Primavera",15101,10731.75,26015,"Mata Meridional Pernambucana",2,"Nordeste",0,"261140",7,7,4,3,5,2,0,0,0,0,0,7,4,3,5,2,9,9.28096191645495,9.62251624577579,0.425143703181098,29
"6319","PE","Quipapá",26175,6944.35,26015,"Mata Meridional Pernambucana",2,"Nordeste",0,"261150",2,42,15,27,23,19,0,0,0,0,0,42,15,27,23,19,15,8.84568365829579,10.1725600357387,0.295763481288195,29
"6320","PE","Quipapá",26175,6944.35,26015,"Mata Meridional Pernambucana",2,"Nordeste",0,"261150",3,30,16,14,13,17,1,0,0,0,0,31,16,14,13,17,15,8.84568365829579,10.1725600357387,0.403311790533956,31
"6321","PE","Quipapá",26175,6944.35,26015,"Mata Meridional Pernambucana",2,"Nordeste",0,"261150",4,18,9,9,7,11,0,0,0,0,0,18,9,9,7,11,12,8.84568365829579,10.1725600357387,0.443295275972407,30
"6322","PE","Quipapá",26175,6944.35,26015,"Mata Meridional Pernambucana",2,"Nordeste",0,"261150",5,22,10,12,14,8,0,0,0,0,0,22,10,12,14,8,13,8.84568365829579,10.1725600357387,0.436090557665958,31
"6323","PE","Quipapá",26175,6944.35,26015,"Mata Meridional Pernambucana",2,"Nordeste",0,"261150",6,19,8,11,14,5,1,0,0,0,0,20,8,11,14,5,20,8.84568365829579,10.1725600357387,0.428400947623563,30
"6324","PE","Quipapá",26175,6944.35,26015,"Mata Meridional Pernambucana",2,"Nordeste",0,"261150",7,16,7,9,9,7,1,0,0,0,0,17,7,9,9,7,18,8.84568365829579,10.1725600357387,0.452103184432119,29
"6325","PE","Quixaba",6805,7773.86,26003,"Pajeú",2,"Nordeste",0,"261153",2,8,0,8,2,6,0,0,0,0,0,8,0,8,2,6,3,8.9585221025029,8.82541291508557,0.309575651717107,29
"6326","PE","Quixaba",6805,7773.86,26003,"Pajeú",2,"Nordeste",0,"261153",3,19,0,19,6,13,0,0,0,0,0,19,0,19,6,13,4,8.9585221025029,8.82541291508557,0.36178030315157,31
"6327","PE","Quixaba",6805,7773.86,26003,"Pajeú",2,"Nordeste",0,"261153",4,6,3,3,3,3,0,0,0,0,0,6,3,3,3,3,2,8.9585221025029,8.82541291508557,0.403566916826655,30
"6328","PE","Quixaba",6805,7773.86,26003,"Pajeú",2,"Nordeste",0,"261153",5,8,0,8,5,3,0,0,0,0,0,8,0,8,5,3,5,8.9585221025029,8.82541291508557,0.42635976841872,31
"6329","PE","Quixaba",6805,7773.86,26003,"Pajeú",2,"Nordeste",0,"261153",6,9,2,7,1,8,0,0,0,0,0,9,2,7,1,8,4,8.9585221025029,8.82541291508557,0.384078889332773,30
"6330","PE","Quixaba",6805,7773.86,26003,"Pajeú",2,"Nordeste",0,"261153",7,8,1,7,5,3,0,0,0,0,0,8,1,7,5,3,1,8.9585221025029,8.82541291508557,0.436219885429967,29
"6331","PE","Recife",1653461,31994.38,26017,"Recife",2,"Nordeste",1,"261160",2,2765,558,2207,965,1800,11,0,0,0,0,2776,558,2207,965,1800,941,10.373315541358,14.3183812247938,0.297298011043789,29
"6332","PE","Recife",1653461,31994.38,26017,"Recife",2,"Nordeste",1,"261160",3,2391,490,1901,843,1548,9,0,0,0,0,2400,490,1901,843,1548,1058,10.373315541358,14.3183812247938,0.427724877884284,31
"6333","PE","Recife",1653461,31994.38,26017,"Recife",2,"Nordeste",1,"261160",4,1378,338,1040,488,890,6,0,0,0,0,1384,338,1040,488,890,1586,10.373315541358,14.3183812247938,0.53613140989467,30
"6334","PE","Recife",1653461,31994.38,26017,"Recife",2,"Nordeste",1,"261160",5,1439,307,1132,560,879,8,0,0,0,0,1447,307,1132,560,879,2389,10.373315541358,14.3183812247938,0.531335000594908,31
"6335","PE","Recife",1653461,31994.38,26017,"Recife",2,"Nordeste",1,"261160",6,1589,342,1247,581,1008,12,0,0,0,0,1601,342,1247,581,1008,1291,10.373315541358,14.3183812247938,0.444851991580457,30
"6336","PE","Recife",1653461,31994.38,26017,"Recife",2,"Nordeste",1,"261160",7,1609,372,1237,566,1043,19,0,0,0,0,1628,372,1237,566,1043,1159,10.373315541358,14.3183812247938,0.42362944170225,29
"6337","PE","Riacho das Almas",20646,8886.07,26008,"Vale do Ipojuca",2,"Nordeste",0,"261170",2,46,24,22,20,26,1,0,0,0,0,47,24,22,20,26,12,9.09224016102503,9.93527687502553,0.33068649630309,29
"6338","PE","Riacho das Almas",20646,8886.07,26008,"Vale do Ipojuca",2,"Nordeste",0,"261170",3,44,24,20,15,29,0,0,0,0,0,44,24,20,15,29,20,9.09224016102503,9.93527687502553,0.416582958738711,31
"6339","PE","Riacho das Almas",20646,8886.07,26008,"Vale do Ipojuca",2,"Nordeste",0,"261170",4,20,8,12,9,11,0,0,0,0,0,20,8,12,9,11,13,9.09224016102503,9.93527687502553,0.454300040592937,30
"6340","PE","Riacho das Almas",20646,8886.07,26008,"Vale do Ipojuca",2,"Nordeste",0,"261170",5,18,10,8,11,7,0,0,0,0,0,18,10,8,11,7,24,9.09224016102503,9.93527687502553,0.455489134388485,31
"6341","PE","Riacho das Almas",20646,8886.07,26008,"Vale do Ipojuca",2,"Nordeste",0,"261170",6,27,18,9,7,20,0,0,0,0,0,27,18,9,7,20,21,9.09224016102503,9.93527687502553,0.428363528326645,30
"6342","PE","Riacho das Almas",20646,8886.07,26008,"Vale do Ipojuca",2,"Nordeste",0,"261170",7,27,12,15,14,13,2,0,0,0,0,29,12,15,14,13,17,9.09224016102503,9.93527687502553,0.442106873169985,29
"6343","PE","Ribeirão",47616,9503.44,26015,"Mata Meridional Pernambucana",2,"Nordeste",1,"261180",2,59,16,43,30,29,0,0,0,0,0,59,16,43,30,29,30,9.1594091173075,10.7709241181928,0.29597189588034,29
"6344","PE","Ribeirão",47616,9503.44,26015,"Mata Meridional Pernambucana",2,"Nordeste",1,"261180",3,49,16,33,21,28,1,0,0,0,0,50,16,33,21,28,30,9.1594091173075,10.7709241181928,0.375876346892941,31
"6345","PE","Ribeirão",47616,9503.44,26015,"Mata Meridional Pernambucana",2,"Nordeste",1,"261180",4,31,16,15,16,15,0,0,0,0,0,31,16,15,16,15,27,9.1594091173075,10.7709241181928,0.422547778976441,30
"6346","PE","Ribeirão",47616,9503.44,26015,"Mata Meridional Pernambucana",2,"Nordeste",1,"261180",5,45,12,33,18,27,1,0,0,0,0,46,12,33,18,27,59,9.1594091173075,10.7709241181928,0.432811687801361,31
"6347","PE","Ribeirão",47616,9503.44,26015,"Mata Meridional Pernambucana",2,"Nordeste",1,"261180",6,47,17,30,23,24,0,0,0,0,0,47,17,30,23,24,22,9.1594091173075,10.7709241181928,0.382694946383531,30
"6348","PE","Ribeirão",47616,9503.44,26015,"Mata Meridional Pernambucana",2,"Nordeste",1,"261180",7,36,11,25,17,19,0,0,0,0,0,36,11,25,17,19,25,9.1594091173075,10.7709241181928,0.409700688032709,29
"6349","PE","Rio Formoso",23628,11369.56,26015,"Mata Meridional Pernambucana",2,"Nordeste",0,"261190",2,48,19,29,33,15,0,0,0,0,0,48,19,29,33,15,16,9.33869488766685,10.0701877284271,0.293635285297134,29
"6350","PE","Rio Formoso",23628,11369.56,26015,"Mata Meridional Pernambucana",2,"Nordeste",0,"261190",3,35,12,23,14,21,0,0,0,0,0,35,12,23,14,21,13,9.33869488766685,10.0701877284271,0.39078378675147,31
"6351","PE","Rio Formoso",23628,11369.56,26015,"Mata Meridional Pernambucana",2,"Nordeste",0,"261190",4,33,10,23,20,13,0,0,0,0,0,33,10,23,20,13,12,9.33869488766685,10.0701877284271,0.43867300956021,30
"6352","PE","Rio Formoso",23628,11369.56,26015,"Mata Meridional Pernambucana",2,"Nordeste",0,"261190",5,25,14,11,15,10,0,0,0,0,0,25,14,11,15,10,28,9.33869488766685,10.0701877284271,0.450588628362976,31
"6353","PE","Rio Formoso",23628,11369.56,26015,"Mata Meridional Pernambucana",2,"Nordeste",0,"261190",6,28,8,20,15,13,0,0,0,0,0,28,8,20,15,13,19,9.33869488766685,10.0701877284271,0.412368882285046,30
"6354","PE","Rio Formoso",23628,11369.56,26015,"Mata Meridional Pernambucana",2,"Nordeste",0,"261190",7,43,16,27,24,19,0,0,0,0,0,43,16,27,24,19,19,9.33869488766685,10.0701877284271,0.434971361304992,29
"6355","PE","Sairé",9764,12411.83,26012,"Brejo Pernambucano",2,"Nordeste",0,"261200",2,16,4,12,9,7,0,0,0,0,0,16,4,12,9,7,9,9.42640532905166,9.18645743151285,0.298274133575654,29
"6356","PE","Sairé",9764,12411.83,26012,"Brejo Pernambucano",2,"Nordeste",0,"261200",3,23,13,10,8,15,0,0,0,0,0,23,13,10,8,15,13,9.42640532905166,9.18645743151285,0.385026179637408,31
"6357","PE","Sairé",9764,12411.83,26012,"Brejo Pernambucano",2,"Nordeste",0,"261200",4,10,3,7,5,5,0,0,0,0,0,10,3,7,5,5,9,9.42640532905166,9.18645743151285,0.42523166507262,30
"6358","PE","Sairé",9764,12411.83,26012,"Brejo Pernambucano",2,"Nordeste",0,"261200",5,7,2,5,5,2,0,0,0,0,0,7,2,5,5,2,8,9.42640532905166,9.18645743151285,0.453453604347454,31
"6359","PE","Sairé",9764,12411.83,26012,"Brejo Pernambucano",2,"Nordeste",0,"261200",6,10,3,7,6,4,0,0,0,0,0,10,3,7,6,4,9,9.42640532905166,9.18645743151285,0.429230316014894,30
"6360","PE","Sairé",9764,12411.83,26012,"Brejo Pernambucano",2,"Nordeste",0,"261200",7,10,6,4,3,7,0,0,0,0,0,10,6,4,3,7,10,9.42640532905166,9.18645743151285,0.436197250103438,29
"6361","PE","Salgueiro",61249,14172.63,26002,"Salgueiro",2,"Nordeste",1,"261220",2,143,32,111,60,83,0,0,0,0,0,143,32,111,60,83,28,9.55906791884999,11.0227028017431,0.262641205138377,29
"6362","PE","Salgueiro",61249,14172.63,26002,"Salgueiro",2,"Nordeste",1,"261220",3,131,32,99,58,73,0,0,0,0,0,131,32,99,58,73,35,9.55906791884999,11.0227028017431,0.355053509887099,31
"6363","PE","Salgueiro",61249,14172.63,26002,"Salgueiro",2,"Nordeste",1,"261220",4,85,26,59,33,52,1,0,0,0,0,86,26,59,33,52,47,9.55906791884999,11.0227028017431,0.398786541440901,30
"6364","PE","Salgueiro",61249,14172.63,26002,"Salgueiro",2,"Nordeste",1,"261220",5,84,18,66,35,49,1,0,0,0,0,85,18,66,35,49,42,9.55906791884999,11.0227028017431,0.412194898854791,31
"6365","PE","Salgueiro",61249,14172.63,26002,"Salgueiro",2,"Nordeste",1,"261220",6,76,16,60,29,47,1,0,0,0,0,77,16,60,29,47,34,9.55906791884999,11.0227028017431,0.370768485112484,30
"6366","PE","Salgueiro",61249,14172.63,26002,"Salgueiro",2,"Nordeste",1,"261220",7,105,26,79,47,58,0,0,0,0,0,105,26,79,47,58,47,9.55906791884999,11.0227028017431,0.395592371882259,29
"6367","PE","Saloá",15862,8036.97,26011,"Garanhuns",2,"Nordeste",0,"261230",2,29,17,12,7,22,0,0,0,0,0,29,17,12,7,22,9,8.99180742546966,9.67168159064327,0.290000901868328,29
"6368","PE","Saloá",15862,8036.97,26011,"Garanhuns",2,"Nordeste",0,"261230",3,25,17,8,11,14,0,0,0,0,0,25,17,8,11,14,16,8.99180742546966,9.67168159064327,0.37554265903849,31
"6369","PE","Saloá",15862,8036.97,26011,"Garanhuns",2,"Nordeste",0,"261230",4,10,7,3,1,9,1,0,0,0,0,11,7,3,1,9,12,8.99180742546966,9.67168159064327,0.388754067430716,30
"6370","PE","Saloá",15862,8036.97,26011,"Garanhuns",2,"Nordeste",0,"261230",5,27,15,12,12,15,0,0,0,0,0,27,15,12,12,15,10,8.99180742546966,9.67168159064327,0.399301472274607,31
"6371","PE","Saloá",15862,8036.97,26011,"Garanhuns",2,"Nordeste",0,"261230",6,20,11,9,5,15,0,0,0,0,0,20,11,9,5,15,11,8.99180742546966,9.67168159064327,0.380516250819209,30
"6372","PE","Saloá",15862,8036.97,26011,"Garanhuns",2,"Nordeste",0,"261230",7,15,10,5,4,11,0,0,0,0,0,15,10,5,4,11,12,8.99180742546966,9.67168159064327,0.405190394506423,29
"6373","PE","Sanharó",26890,7652.79,26008,"Vale do Ipojuca",2,"Nordeste",0,"261240",2,43,23,20,19,24,0,0,0,0,0,43,23,20,19,24,12,8.94282556621391,10.1995097492629,0.276364801130867,29
"6374","PE","Sanharó",26890,7652.79,26008,"Vale do Ipojuca",2,"Nordeste",0,"261240",3,36,17,19,24,12,0,0,0,0,0,36,17,19,24,12,11,8.94282556621391,10.1995097492629,0.363791000192833,31
"6375","PE","Sanharó",26890,7652.79,26008,"Vale do Ipojuca",2,"Nordeste",0,"261240",4,28,11,17,8,20,0,0,0,0,0,28,11,17,8,20,8,8.94282556621391,10.1995097492629,0.373561052211691,30
"6376","PE","Sanharó",26890,7652.79,26008,"Vale do Ipojuca",2,"Nordeste",0,"261240",5,23,10,13,14,9,0,0,0,0,0,23,10,13,14,9,19,8.94282556621391,10.1995097492629,0.391245593727102,31
"6377","PE","Sanharó",26890,7652.79,26008,"Vale do Ipojuca",2,"Nordeste",0,"261240",6,35,23,12,16,19,0,0,0,0,0,35,23,12,16,19,6,8.94282556621391,10.1995097492629,0.364425355937124,30
"6378","PE","Sanharó",26890,7652.79,26008,"Vale do Ipojuca",2,"Nordeste",0,"261240",7,25,12,13,17,8,0,0,0,0,0,25,12,13,17,8,17,8.94282556621391,10.1995097492629,0.416362708762746,29
"6379","PE","Santa Cruz",15558,7137.75,26001,"Araripina",2,"Nordeste",0,"261245",2,30,15,15,18,12,0,0,0,0,0,30,15,15,18,12,4,8.87315287962056,9.65233025476672,0.255660915990578,29
"6380","PE","Santa Cruz",15558,7137.75,26001,"Araripina",2,"Nordeste",0,"261245",3,33,14,19,17,16,0,0,0,0,0,33,14,19,17,16,5,8.87315287962056,9.65233025476672,0.349232477328061,31
"6381","PE","Santa Cruz",15558,7137.75,26001,"Araripina",2,"Nordeste",0,"261245",4,16,5,11,5,11,0,0,0,0,0,16,5,11,5,11,7,8.87315287962056,9.65233025476672,0.376652377301988,30
"6382","PE","Santa Cruz",15558,7137.75,26001,"Araripina",2,"Nordeste",0,"261245",5,11,4,7,7,4,1,0,0,0,0,12,4,7,7,4,11,8.87315287962056,9.65233025476672,0.390348008302857,31
"6383","PE","Santa Cruz",15558,7137.75,26001,"Araripina",2,"Nordeste",0,"261245",6,19,5,14,10,9,0,0,0,0,0,19,5,14,10,9,6,8.87315287962056,9.65233025476672,0.366705604573127,30
"6384","PE","Santa Cruz",15558,7137.75,26001,"Araripina",2,"Nordeste",0,"261245",7,22,11,11,8,14,0,0,0,0,0,22,11,11,8,14,6,8.87315287962056,9.65233025476672,0.40392062384041,29
"6385","PE","Santa Cruz da Baixa Verde",12650,7231.3,26003,"Pajeú",2,"Nordeste",0,"261247",2,17,4,13,8,9,0,0,0,0,0,17,4,13,8,9,3,8.88617410535196,9.44541249415567,0.273585010331336,29
"6386","PE","Santa Cruz da Baixa Verde",12650,7231.3,26003,"Pajeú",2,"Nordeste",0,"261247",3,26,0,26,5,21,0,0,0,0,0,26,0,26,5,21,5,8.88617410535196,9.44541249415567,0.370134159091371,31
"6387","PE","Santa Cruz da Baixa Verde",12650,7231.3,26003,"Pajeú",2,"Nordeste",0,"261247",4,11,2,9,3,8,0,0,0,0,0,11,2,9,3,8,5,8.88617410535196,9.44541249415567,0.401700618458935,30
"6388","PE","Santa Cruz da Baixa Verde",12650,7231.3,26003,"Pajeú",2,"Nordeste",0,"261247",5,6,2,4,2,4,0,0,0,0,0,6,2,4,2,4,4,8.88617410535196,9.44541249415567,0.376861078760507,31
"6389","PE","Santa Cruz da Baixa Verde",12650,7231.3,26003,"Pajeú",2,"Nordeste",0,"261247",6,16,4,12,8,8,1,0,0,0,0,17,4,12,8,8,11,8.88617410535196,9.44541249415567,0.347085768814716,30
"6390","PE","Santa Cruz da Baixa Verde",12650,7231.3,26003,"Pajeú",2,"Nordeste",0,"261247",7,13,4,9,6,7,1,0,0,0,0,14,4,9,6,7,5,8.88617410535196,9.44541249415567,0.395228385828745,29
"6391","PE","Santa Cruz do Capibaribe",109897,14271.52,26009,"Alto Capibaribe",2,"Nordeste",1,"261250",2,195,80,115,76,119,1,0,0,0,0,196,80,115,76,119,37,9.56602122196722,11.6072988424759,0.304349886223768,29
"6392","PE","Santa Cruz do Capibaribe",109897,14271.52,26009,"Alto Capibaribe",2,"Nordeste",1,"261250",3,183,63,120,80,103,0,0,0,0,0,183,63,120,80,103,39,9.56602122196722,11.6072988424759,0.404365649236892,31
"6393","PE","Santa Cruz do Capibaribe",109897,14271.52,26009,"Alto Capibaribe",2,"Nordeste",1,"261250",4,102,46,56,42,60,1,0,0,0,0,103,46,56,42,60,32,9.56602122196722,11.6072988424759,0.445119025890343,30
"6394","PE","Santa Cruz do Capibaribe",109897,14271.52,26009,"Alto Capibaribe",2,"Nordeste",1,"261250",5,112,50,62,51,61,2,0,0,0,0,114,50,62,51,61,31,9.56602122196722,11.6072988424759,0.407192909096847,31
"6395","PE","Santa Cruz do Capibaribe",109897,14271.52,26009,"Alto Capibaribe",2,"Nordeste",1,"261250",6,105,49,56,37,68,0,0,0,0,0,105,49,56,37,68,60,9.56602122196722,11.6072988424759,0.369245693579741,30
"6396","PE","Santa Cruz do Capibaribe",109897,14271.52,26009,"Alto Capibaribe",2,"Nordeste",1,"261250",7,119,50,69,50,69,0,0,0,0,0,119,50,69,50,69,57,9.56602122196722,11.6072988424759,0.403103459307896,29
"6397","PE","Santa Filomena",14562,6809.16,26001,"Araripina",2,"Nordeste",0,"261255",2,30,11,19,9,21,1,0,0,0,0,31,11,19,9,21,7,8.82602404351795,9.58617067495466,0.276647340879692,29
"6398","PE","Santa Filomena",14562,6809.16,26001,"Araripina",2,"Nordeste",0,"261255",3,22,8,14,13,9,1,0,0,0,0,23,8,14,13,9,11,8.82602404351795,9.58617067495466,0.343328036888125,31
"6399","PE","Santa Filomena",14562,6809.16,26001,"Araripina",2,"Nordeste",0,"261255",4,20,9,11,8,12,0,0,0,0,0,20,9,11,8,12,8,8.82602404351795,9.58617067495466,0.403447980694444,30
"6400","PE","Santa Filomena",14562,6809.16,26001,"Araripina",2,"Nordeste",0,"261255",5,10,4,6,4,6,0,0,0,0,0,10,4,6,4,6,5,8.82602404351795,9.58617067495466,0.477152554153977,31
"6401","PE","Santa Filomena",14562,6809.16,26001,"Araripina",2,"Nordeste",0,"261255",6,19,7,12,10,9,1,0,0,0,0,20,7,12,10,9,5,8.82602404351795,9.58617067495466,0.446905305191056,30
"6402","PE","Santa Filomena",14562,6809.16,26001,"Araripina",2,"Nordeste",0,"261255",7,15,6,9,6,9,0,0,0,0,0,15,6,9,6,9,9,8.82602404351795,9.58617067495466,0.478977000735757,29
"6403","PE","Santa Maria da Boa Vista",42100,15806.8,26005,"Petrolina",2,"Nordeste",0,"261260",2,97,31,66,44,53,1,0,0,0,0,98,31,66,44,53,18,9.66819550617509,10.6478030196705,0.276438368909658,29
"6404","PE","Santa Maria da Boa Vista",42100,15806.8,26005,"Petrolina",2,"Nordeste",0,"261260",3,105,38,67,52,53,2,0,0,0,0,107,38,67,52,53,18,9.66819550617509,10.6478030196705,0.373448648391883,31
"6405","PE","Santa Maria da Boa Vista",42100,15806.8,26005,"Petrolina",2,"Nordeste",0,"261260",4,47,15,32,27,20,0,0,0,0,0,47,15,32,27,20,19,9.66819550617509,10.6478030196705,0.397444433800193,30
"6406","PE","Santa Maria da Boa Vista",42100,15806.8,26005,"Petrolina",2,"Nordeste",0,"261260",5,53,19,34,26,27,1,0,0,0,0,54,19,34,26,27,19,9.66819550617509,10.6478030196705,0.403200280622248,31
"6407","PE","Santa Maria da Boa Vista",42100,15806.8,26005,"Petrolina",2,"Nordeste",0,"261260",6,49,16,33,21,28,3,0,0,0,0,52,16,33,21,28,20,9.66819550617509,10.6478030196705,0.386717987430714,30
"6408","PE","Santa Maria da Boa Vista",42100,15806.8,26005,"Petrolina",2,"Nordeste",0,"261260",7,71,22,49,37,34,0,0,0,0,0,71,22,49,37,34,20,9.66819550617509,10.6478030196705,0.437422937228783,29
"6409","PE","Santa Maria do Cambucá",14223,7300.42,26009,"Alto Capibaribe",2,"Nordeste",0,"261270",2,20,9,11,11,9,0,0,0,0,0,20,9,11,11,9,8,8.89568715972803,9.56261565157023,0.315664546220117,29
"6410","PE","Santa Maria do Cambucá",14223,7300.42,26009,"Alto Capibaribe",2,"Nordeste",0,"261270",3,34,23,11,15,19,0,0,0,0,0,34,23,11,15,19,6,8.89568715972803,9.56261565157023,0.423734860429229,31
"6411","PE","Santa Maria do Cambucá",14223,7300.42,26009,"Alto Capibaribe",2,"Nordeste",0,"261270",4,9,8,1,4,5,2,0,0,0,0,11,8,1,4,5,10,8.89568715972803,9.56261565157023,0.474618269918633,30
"6412","PE","Santa Maria do Cambucá",14223,7300.42,26009,"Alto Capibaribe",2,"Nordeste",0,"261270",5,17,10,7,8,9,0,0,0,0,0,17,10,7,8,9,19,8.89568715972803,9.56261565157023,0.463938311422212,31
"6413","PE","Santa Maria do Cambucá",14223,7300.42,26009,"Alto Capibaribe",2,"Nordeste",0,"261270",6,12,9,3,6,6,0,0,0,0,0,12,9,3,6,6,15,8.89568715972803,9.56261565157023,0.408404192445875,30
"6414","PE","Santa Maria do Cambucá",14223,7300.42,26009,"Alto Capibaribe",2,"Nordeste",0,"261270",7,23,12,11,13,10,0,0,0,0,0,23,12,11,13,10,17,8.89568715972803,9.56261565157023,0.441555288135155,29
"6415","PE","Santa Terezinha",11865,7302.39,26003,"Pajeú",2,"Nordeste",0,"261280",2,20,1,19,9,11,0,0,0,0,0,20,1,19,9,11,3,8.89595697081397,9.38134816886986,0.295121061618947,29
"6416","PE","Santa Terezinha",11865,7302.39,26003,"Pajeú",2,"Nordeste",0,"261280",3,14,3,11,4,10,0,0,0,0,0,14,3,11,4,10,7,8.89595697081397,9.38134816886986,0.399508265982797,31
"6417","PE","Santa Terezinha",11865,7302.39,26003,"Pajeú",2,"Nordeste",0,"261280",4,8,1,7,4,4,1,0,0,0,0,9,1,7,4,4,5,8.89595697081397,9.38134816886986,0.409510522052034,30
"6418","PE","Santa Terezinha",11865,7302.39,26003,"Pajeú",2,"Nordeste",0,"261280",5,8,1,7,5,3,0,0,0,0,0,8,1,7,5,3,3,8.89595697081397,9.38134816886986,0.44189674156936,31
"6419","PE","Santa Terezinha",11865,7302.39,26003,"Pajeú",2,"Nordeste",0,"261280",6,17,7,10,5,12,0,0,0,0,0,17,7,10,5,12,5,8.89595697081397,9.38134816886986,0.425426255593111,30
"6420","PE","Santa Terezinha",11865,7302.39,26003,"Pajeú",2,"Nordeste",0,"261280",7,13,3,10,6,7,1,0,0,0,0,14,3,10,6,7,15,8.89595697081397,9.38134816886986,0.446172073218805,29
"6421","PE","São Benedito do Sul",16069,6147.44,26015,"Mata Meridional Pernambucana",2,"Nordeste",0,"261290",2,21,7,14,11,10,0,0,0,0,0,21,7,14,11,10,5,8.72379101397765,9.68464722904175,0.305132955992995,29
"6422","PE","São Benedito do Sul",16069,6147.44,26015,"Mata Meridional Pernambucana",2,"Nordeste",0,"261290",3,17,10,7,8,9,0,0,0,0,0,17,10,7,8,9,6,8.72379101397765,9.68464722904175,0.383903461890253,31
"6423","PE","São Benedito do Sul",16069,6147.44,26015,"Mata Meridional Pernambucana",2,"Nordeste",0,"261290",4,9,3,6,3,6,0,0,0,0,0,9,3,6,3,6,6,8.72379101397765,9.68464722904175,0.428716336647338,30
"6424","PE","São Benedito do Sul",16069,6147.44,26015,"Mata Meridional Pernambucana",2,"Nordeste",0,"261290",5,16,5,11,10,6,0,0,0,0,0,16,5,11,10,6,8,8.72379101397765,9.68464722904175,0.402024259131771,31
"6425","PE","São Benedito do Sul",16069,6147.44,26015,"Mata Meridional Pernambucana",2,"Nordeste",0,"261290",6,7,3,4,4,3,1,0,0,0,0,8,3,4,4,3,2,8.72379101397765,9.68464722904175,0.394790797654152,30
"6426","PE","São Benedito do Sul",16069,6147.44,26015,"Mata Meridional Pernambucana",2,"Nordeste",0,"261290",7,13,4,9,10,3,0,0,0,0,0,13,4,9,10,3,10,8.72379101397765,9.68464722904175,0.418939042278406,29
"6427","PE","São Bento do Una",60042,18409.77,26008,"Vale do Ipojuca",2,"Nordeste",0,"261300",2,121,59,62,52,69,0,0,0,0,0,121,59,62,52,69,32,9.82063678093887,11.0027995963185,0.285995163626898,29
"6428","PE","São Bento do Una",60042,18409.77,26008,"Vale do Ipojuca",2,"Nordeste",0,"261300",3,105,53,52,41,64,0,0,0,0,0,105,53,52,41,64,22,9.82063678093887,11.0027995963185,0.37435585123351,31
"6429","PE","São Bento do Una",60042,18409.77,26008,"Vale do Ipojuca",2,"Nordeste",0,"261300",4,51,25,26,21,30,1,0,0,0,0,52,25,26,21,30,29,9.82063678093887,11.0027995963185,0.405785150932647,30
"6430","PE","São Bento do Una",60042,18409.77,26008,"Vale do Ipojuca",2,"Nordeste",0,"261300",5,64,36,28,30,34,0,0,0,0,0,64,36,28,30,34,59,9.82063678093887,11.0027995963185,0.416588988725566,31
"6431","PE","São Bento do Una",60042,18409.77,26008,"Vale do Ipojuca",2,"Nordeste",0,"261300",6,60,33,27,25,35,1,0,0,0,0,61,33,27,25,35,56,9.82063678093887,11.0027995963185,0.395819490276898,30
"6432","PE","São Bento do Una",60042,18409.77,26008,"Vale do Ipojuca",2,"Nordeste",0,"261300",7,69,30,39,31,38,0,0,0,0,0,69,30,39,31,38,35,9.82063678093887,11.0027995963185,0.428786932688028,29
"6433","PE","São Caitano",37368,9628.38,26008,"Vale do Ipojuca",2,"Nordeste",0,"261310",2,82,40,42,31,51,0,0,0,0,0,82,40,42,31,51,22,9.17247026634181,10.5285700021819,0.276174160961384,29
"6434","PE","São Caitano",37368,9628.38,26008,"Vale do Ipojuca",2,"Nordeste",0,"261310",3,59,29,30,25,34,0,0,0,0,0,59,29,30,25,34,25,9.17247026634181,10.5285700021819,0.371365654647498,31
"6435","PE","São Caitano",37368,9628.38,26008,"Vale do Ipojuca",2,"Nordeste",0,"261310",4,43,24,19,18,25,0,0,0,0,0,43,24,19,18,25,24,9.17247026634181,10.5285700021819,0.427713097708573,30
"6436","PE","São Caitano",37368,9628.38,26008,"Vale do Ipojuca",2,"Nordeste",0,"261310",5,46,21,25,26,20,0,0,0,0,0,46,21,25,26,20,32,9.17247026634181,10.5285700021819,0.413109191183546,31
"6437","PE","São Caitano",37368,9628.38,26008,"Vale do Ipojuca",2,"Nordeste",0,"261310",6,41,23,18,13,28,1,0,0,0,0,42,23,18,13,28,20,9.17247026634181,10.5285700021819,0.370733335699277,30
"6438","PE","São Caitano",37368,9628.38,26008,"Vale do Ipojuca",2,"Nordeste",0,"261310",7,45,17,28,25,20,0,0,0,0,0,45,17,28,25,20,36,9.17247026634181,10.5285700021819,0.390285938180751,29
"6439","PE","São João",22899,9912.62,26011,"Garanhuns",2,"Nordeste",0,"261320",2,47,21,26,18,29,0,0,0,0,0,47,21,26,18,29,16,9.20156397179669,10.0388485204666,0.260612257289665,29
"6440","PE","São João",22899,9912.62,26011,"Garanhuns",2,"Nordeste",0,"261320",3,39,21,18,13,26,0,0,0,0,0,39,21,18,13,26,15,9.20156397179669,10.0388485204666,0.355343878814538,31
"6441","PE","São João",22899,9912.62,26011,"Garanhuns",2,"Nordeste",0,"261320",4,25,10,15,12,13,1,0,0,0,0,26,10,15,12,13,13,9.20156397179669,10.0388485204666,0.410739663420223,30
"6442","PE","São João",22899,9912.62,26011,"Garanhuns",2,"Nordeste",0,"261320",5,30,10,20,13,17,1,0,0,0,0,31,10,20,13,17,15,9.20156397179669,10.0388485204666,0.419982808724204,31
"6443","PE","São João",22899,9912.62,26011,"Garanhuns",2,"Nordeste",0,"261320",6,26,15,11,13,13,0,0,0,0,0,26,15,11,13,13,19,9.20156397179669,10.0388485204666,0.386695886195597,30
"6444","PE","São João",22899,9912.62,26011,"Garanhuns",2,"Nordeste",0,"261320",7,34,15,19,16,18,1,0,0,0,0,35,15,19,16,18,18,9.20156397179669,10.0388485204666,0.403992881598612,29
"6445","PE","São Joaquim do Monte",21398,7524.49,26012,"Brejo Pernambucano",2,"Nordeste",0,"261330",2,32,18,14,15,17,0,0,0,0,0,32,18,14,15,17,7,8.92591831323393,9.97105273869855,0.298435557116332,29
"6446","PE","São Joaquim do Monte",21398,7524.49,26012,"Brejo Pernambucano",2,"Nordeste",0,"261330",3,45,19,26,17,28,0,0,0,0,0,45,19,26,17,28,16,8.92591831323393,9.97105273869855,0.401811100211901,31
"6447","PE","São Joaquim do Monte",21398,7524.49,26012,"Brejo Pernambucano",2,"Nordeste",0,"261330",4,26,13,13,13,13,0,0,0,0,0,26,13,13,13,13,13,8.92591831323393,9.97105273869855,0.429845398014746,30
"6448","PE","São Joaquim do Monte",21398,7524.49,26012,"Brejo Pernambucano",2,"Nordeste",0,"261330",5,18,12,6,9,9,0,0,0,0,0,18,12,6,9,9,14,8.92591831323393,9.97105273869855,0.423060114629333,31
"6449","PE","São Joaquim do Monte",21398,7524.49,26012,"Brejo Pernambucano",2,"Nordeste",0,"261330",6,18,7,11,6,12,0,0,0,0,0,18,7,11,6,12,23,8.92591831323393,9.97105273869855,0.408355544747058,30
"6450","PE","São Joaquim do Monte",21398,7524.49,26012,"Brejo Pernambucano",2,"Nordeste",0,"261330",7,31,12,19,12,19,0,0,0,0,0,31,12,19,12,19,23,8.92591831323393,9.97105273869855,0.464619541323274,29
"6451","PE","São José da Coroa Grande",21586,11039.76,26015,"Mata Meridional Pernambucana",2,"Nordeste",1,"261340",2,30,16,14,15,15,0,0,0,0,0,30,16,14,15,15,12,9.30925858046435,9.97980023538529,0.293033100071647,29
"6452","PE","São José da Coroa Grande",21586,11039.76,26015,"Mata Meridional Pernambucana",2,"Nordeste",1,"261340",3,40,20,20,20,20,1,0,0,0,0,41,20,20,20,20,13,9.30925858046435,9.97980023538529,0.409997979957498,31
"6453","PE","São José da Coroa Grande",21586,11039.76,26015,"Mata Meridional Pernambucana",2,"Nordeste",1,"261340",4,26,8,18,13,13,0,0,0,0,0,26,8,18,13,13,10,9.30925858046435,9.97980023538529,0.459551408735213,30
"6454","PE","São José da Coroa Grande",21586,11039.76,26015,"Mata Meridional Pernambucana",2,"Nordeste",1,"261340",5,26,9,17,17,9,1,0,0,0,0,27,9,17,17,9,21,9.30925858046435,9.97980023538529,0.471763247482759,31
"6455","PE","São José da Coroa Grande",21586,11039.76,26015,"Mata Meridional Pernambucana",2,"Nordeste",1,"261340",6,24,7,17,11,13,0,0,0,0,0,24,7,17,11,13,28,9.30925858046435,9.97980023538529,0.422278981358591,30
"6456","PE","São José da Coroa Grande",21586,11039.76,26015,"Mata Meridional Pernambucana",2,"Nordeste",1,"261340",7,31,10,21,16,15,0,0,0,0,0,31,10,21,16,15,8,9.30925858046435,9.97980023538529,0.426495374612114,29
"6457","PE","São José do Belmonte",34021,8008.13,26002,"Salgueiro",2,"Nordeste",0,"261350",2,64,13,51,30,34,1,0,0,0,0,65,13,51,30,34,11,8.98821255462952,10.4347332599917,0.265171959133908,29
"6458","PE","São José do Belmonte",34021,8008.13,26002,"Salgueiro",2,"Nordeste",0,"261350",3,96,27,69,48,48,0,0,0,0,0,96,27,69,48,48,21,8.98821255462952,10.4347332599917,0.356997228775092,31
"6459","PE","São José do Belmonte",34021,8008.13,26002,"Salgueiro",2,"Nordeste",0,"261350",4,43,14,29,20,23,1,0,0,0,0,44,14,29,20,23,14,8.98821255462952,10.4347332599917,0.393677036969659,30
"6460","PE","São José do Belmonte",34021,8008.13,26002,"Salgueiro",2,"Nordeste",0,"261350",5,50,13,37,23,27,2,0,0,0,0,52,13,37,23,27,22,8.98821255462952,10.4347332599917,0.396289650186331,31
"6461","PE","São José do Belmonte",34021,8008.13,26002,"Salgueiro",2,"Nordeste",0,"261350",6,43,14,29,20,23,0,0,0,0,0,43,14,29,20,23,12,8.98821255462952,10.4347332599917,0.37257000594014,30
"6462","PE","São José do Belmonte",34021,8008.13,26002,"Salgueiro",2,"Nordeste",0,"261350",7,45,12,33,24,21,2,0,0,0,0,47,12,33,24,21,21,8.98821255462952,10.4347332599917,0.406631147048155,29
"6463","PE","São José do Egito",34056,11370.75,26003,"Pajeú",2,"Nordeste",0,"261360",2,71,19,52,43,28,1,0,0,0,0,72,19,52,43,28,20,9.3387995476298,10.435761507508,0.272250678581038,29
"6464","PE","São José do Egito",34056,11370.75,26003,"Pajeú",2,"Nordeste",0,"261360",3,57,10,47,23,34,0,0,0,0,0,57,10,47,23,34,28,9.3387995476298,10.435761507508,0.359252452403848,31
"6465","PE","São José do Egito",34056,11370.75,26003,"Pajeú",2,"Nordeste",0,"261360",4,47,14,33,19,28,1,0,0,0,0,48,14,33,19,28,28,9.3387995476298,10.435761507508,0.384980708101124,30
"6466","PE","São José do Egito",34056,11370.75,26003,"Pajeú",2,"Nordeste",0,"261360",5,34,7,27,17,17,0,0,0,0,0,34,7,27,17,17,23,9.3387995476298,10.435761507508,0.395734130876113,31
"6467","PE","São José do Egito",34056,11370.75,26003,"Pajeú",2,"Nordeste",0,"261360",6,27,12,15,13,14,0,0,0,0,0,27,12,15,13,14,26,9.3387995476298,10.435761507508,0.354245705156078,30
"6468","PE","São José do Egito",34056,11370.75,26003,"Pajeú",2,"Nordeste",0,"261360",7,41,12,29,17,24,1,0,0,0,0,42,12,29,17,24,16,9.3387995476298,10.435761507508,0.384408774296771,29
"6469","PE","São Lourenço da Mata",114079,10511.85,26017,"Recife",2,"Nordeste",1,"261370",2,168,33,135,64,104,2,0,0,0,0,170,33,135,64,104,57,9.26025847121619,11.6446464698313,0.300792751575627,29
"6470","PE","São Lourenço da Mata",114079,10511.85,26017,"Recife",2,"Nordeste",1,"261370",3,142,42,100,52,90,1,0,0,0,0,143,42,100,52,90,77,9.26025847121619,11.6446464698313,0.416299731830518,31
"6471","PE","São Lourenço da Mata",114079,10511.85,26017,"Recife",2,"Nordeste",1,"261370",4,118,32,86,55,63,0,0,0,0,0,118,32,86,55,63,115,9.26025847121619,11.6446464698313,0.513303266220433,30
"6472","PE","São Lourenço da Mata",114079,10511.85,26017,"Recife",2,"Nordeste",1,"261370",5,124,36,88,57,67,0,0,0,0,0,124,36,88,57,67,122,9.26025847121619,11.6446464698313,0.49704058577008,31
"6473","PE","São Lourenço da Mata",114079,10511.85,26017,"Recife",2,"Nordeste",1,"261370",6,143,44,99,59,84,0,0,0,0,0,143,44,99,59,84,68,9.26025847121619,11.6446464698313,0.420048175912294,30
"6474","PE","São Lourenço da Mata",114079,10511.85,26017,"Recife",2,"Nordeste",1,"261370",7,124,32,92,46,78,4,0,0,0,0,128,32,92,46,78,73,9.26025847121619,11.6446464698313,0.40916921393847,29
"6475","PE","São Vicente Férrer",18085,11866.54,26010,"Médio Capibaribe",2,"Nordeste",0,"261380",2,40,17,23,12,28,1,0,0,0,0,41,17,23,12,28,6,9.38147795395774,9.8028381443862,0.285326700037187,29
"6476","PE","São Vicente Férrer",18085,11866.54,26010,"Médio Capibaribe",2,"Nordeste",0,"261380",3,32,15,17,14,18,0,0,0,0,0,32,15,17,14,18,14,9.38147795395774,9.8028381443862,0.366876727206084,31
"6477","PE","São Vicente Férrer",18085,11866.54,26010,"Médio Capibaribe",2,"Nordeste",0,"261380",4,20,9,11,12,8,0,0,0,0,0,20,9,11,12,8,13,9.38147795395774,9.8028381443862,0.389523472594956,30
"6478","PE","São Vicente Férrer",18085,11866.54,26010,"Médio Capibaribe",2,"Nordeste",0,"261380",5,20,14,6,9,11,1,0,0,0,0,21,14,6,9,11,20,9.38147795395774,9.8028381443862,0.397082367514174,31
"6479","PE","São Vicente Férrer",18085,11866.54,26010,"Médio Capibaribe",2,"Nordeste",0,"261380",6,24,13,11,8,16,0,0,0,0,0,24,13,11,8,16,20,9.38147795395774,9.8028381443862,0.386909625169838,30
"6480","PE","São Vicente Férrer",18085,11866.54,26010,"Médio Capibaribe",2,"Nordeste",0,"261380",7,26,11,15,10,16,0,0,0,0,0,26,11,15,10,16,16,9.38147795395774,9.8028381443862,0.406763730599493,29
"6481","PE","Serra Talhada",86915,16007.65,26003,"Pajeú",2,"Nordeste",1,"261390",2,200,47,153,77,123,3,0,0,0,0,203,47,153,77,123,51,9.68082201195658,11.3726859085556,0.263725755715018,29
"6482","PE","Serra Talhada",86915,16007.65,26003,"Pajeú",2,"Nordeste",1,"261390",3,188,49,139,75,113,3,0,0,0,0,191,49,139,75,113,61,9.68082201195658,11.3726859085556,0.358101304191964,31
"6483","PE","Serra Talhada",86915,16007.65,26003,"Pajeú",2,"Nordeste",1,"261390",4,124,40,84,63,61,0,0,0,0,0,124,40,84,63,61,45,9.68082201195658,11.3726859085556,0.411570531983515,30
"6484","PE","Serra Talhada",86915,16007.65,26003,"Pajeú",2,"Nordeste",1,"261390",5,112,35,77,46,66,1,0,0,0,0,113,35,77,46,66,66,9.68082201195658,11.3726859085556,0.411849403821584,31
"6485","PE","Serra Talhada",86915,16007.65,26003,"Pajeú",2,"Nordeste",1,"261390",6,109,29,80,31,78,2,0,0,0,0,111,29,80,31,78,62,9.68082201195658,11.3726859085556,0.37830505757892,30
"6486","PE","Serra Talhada",86915,16007.65,26003,"Pajeú",2,"Nordeste",1,"261390",7,112,46,66,50,62,0,0,0,0,0,112,46,66,50,62,76,9.68082201195658,11.3726859085556,0.402703260243678,29
"6487","PE","Serrita",19196,7038,26002,"Salgueiro",2,"Nordeste",0,"261400",2,41,12,29,18,23,0,0,0,0,0,41,12,29,18,23,8,8.85907931788153,9.86245720297814,0.298756901581731,29
"6488","PE","Serrita",19196,7038,26002,"Salgueiro",2,"Nordeste",0,"261400",3,43,12,31,14,29,0,0,0,0,0,43,12,31,14,29,8,8.85907931788153,9.86245720297814,0.381207202883899,31
"6489","PE","Serrita",19196,7038,26002,"Salgueiro",2,"Nordeste",0,"261400",4,14,3,11,4,10,0,0,0,0,0,14,3,11,4,10,7,8.85907931788153,9.86245720297814,0.435284877654346,30
"6490","PE","Serrita",19196,7038,26002,"Salgueiro",2,"Nordeste",0,"261400",5,24,9,15,9,15,0,0,0,0,0,24,9,15,9,15,11,8.85907931788153,9.86245720297814,0.44308451925588,31
"6491","PE","Serrita",19196,7038,26002,"Salgueiro",2,"Nordeste",0,"261400",6,32,10,22,18,14,0,0,0,0,0,32,10,22,18,14,15,8.85907931788153,9.86245720297814,0.420924703339943,30
"6492","PE","Serrita",19196,7038,26002,"Salgueiro",2,"Nordeste",0,"261400",7,24,10,14,10,14,0,0,0,0,0,24,10,14,10,14,6,8.85907931788153,9.86245720297814,0.458150890156723,29
"6493","PE","Sertânia",36050,13764.78,26004,"Sertão do Moxotó",2,"Nordeste",0,"261410",2,75,28,47,27,48,0,0,0,0,0,75,28,47,27,48,18,9.52986843488451,10.4926621427131,0.273080301221032,29
"6494","PE","Sertânia",36050,13764.78,26004,"Sertão do Moxotó",2,"Nordeste",0,"261410",3,51,13,38,18,33,0,0,0,0,0,51,13,38,18,33,24,9.52986843488451,10.4926621427131,0.33701687912806,31
"6495","PE","Sertânia",36050,13764.78,26004,"Sertão do Moxotó",2,"Nordeste",0,"261410",4,39,13,26,19,20,1,0,0,0,0,40,13,26,19,20,19,9.52986843488451,10.4926621427131,0.391983620217253,30
"6496","PE","Sertânia",36050,13764.78,26004,"Sertão do Moxotó",2,"Nordeste",0,"261410",5,28,8,20,15,13,0,0,0,0,0,28,8,20,15,13,20,9.52986843488451,10.4926621427131,0.414307862654598,31
"6497","PE","Sertânia",36050,13764.78,26004,"Sertão do Moxotó",2,"Nordeste",0,"261410",6,28,10,18,15,13,0,0,0,0,0,28,10,18,15,13,19,9.52986843488451,10.4926621427131,0.396081206918416,30
"6498","PE","Sertânia",36050,13764.78,26004,"Sertão do Moxotó",2,"Nordeste",0,"261410",7,34,14,20,21,13,0,0,0,0,0,34,14,20,21,13,28,9.52986843488451,10.4926621427131,0.421711363164399,29
"6499","PE","Sirinhaém",46361,10824.5,26015,"Mata Meridional Pernambucana",2,"Nordeste",0,"261420",2,71,21,50,41,30,0,0,0,0,0,71,21,50,41,30,15,9.28956736242749,10.7442138675403,0.305711369422464,29
"6500","PE","Sirinhaém",46361,10824.5,26015,"Mata Meridional Pernambucana",2,"Nordeste",0,"261420",3,77,24,53,46,31,0,0,0,0,0,77,24,53,46,31,22,9.28956736242749,10.7442138675403,0.406910754475618,31
"6501","PE","Sirinhaém",46361,10824.5,26015,"Mata Meridional Pernambucana",2,"Nordeste",0,"261420",4,39,15,24,18,21,0,0,0,0,0,39,15,24,18,21,27,9.28956736242749,10.7442138675403,0.442380618938202,30
"6502","PE","Sirinhaém",46361,10824.5,26015,"Mata Meridional Pernambucana",2,"Nordeste",0,"261420",5,46,18,28,31,15,1,0,0,0,0,47,18,28,31,15,39,9.28956736242749,10.7442138675403,0.461276440416896,31
"6503","PE","Sirinhaém",46361,10824.5,26015,"Mata Meridional Pernambucana",2,"Nordeste",0,"261420",6,27,8,19,16,11,1,0,0,0,0,28,8,19,16,11,39,9.28956736242749,10.7442138675403,0.409944914014576,30
"6504","PE","Sirinhaém",46361,10824.5,26015,"Mata Meridional Pernambucana",2,"Nordeste",0,"261420",7,52,21,31,27,25,0,0,0,0,0,52,21,31,27,25,18,9.28956736242749,10.7442138675403,0.42531720865621,29
"6505","PE","Moreilândia",11270,7259.99,26001,"Araripina",2,"Nordeste",0,"261430",2,17,11,6,8,9,0,0,0,0,0,17,11,6,8,9,5,8.89013373040742,9.32989960703382,0.289607699201253,29
"6506","PE","Moreilândia",11270,7259.99,26001,"Araripina",2,"Nordeste",0,"261430",3,19,9,10,11,8,0,0,0,0,0,19,9,10,11,8,5,8.89013373040742,9.32989960703382,0.380271226142105,31
"6507","PE","Moreilândia",11270,7259.99,26001,"Araripina",2,"Nordeste",0,"261430",4,10,3,7,7,3,0,0,0,0,0,10,3,7,7,3,6,8.89013373040742,9.32989960703382,0.402500817370029,30
"6508","PE","Moreilândia",11270,7259.99,26001,"Araripina",2,"Nordeste",0,"261430",5,9,3,6,1,8,1,0,0,0,0,10,3,6,1,8,6,8.89013373040742,9.32989960703382,0.419558261601378,31
"6509","PE","Moreilândia",11270,7259.99,26001,"Araripina",2,"Nordeste",0,"261430",6,9,3,6,3,6,0,0,0,0,0,9,3,6,3,6,5,8.89013373040742,9.32989960703382,0.407420324609906,30
"6510","PE","Moreilândia",11270,7259.99,26001,"Araripina",2,"Nordeste",0,"261430",7,16,8,8,8,8,0,0,0,0,0,16,8,8,8,8,4,8.89013373040742,9.32989960703382,0.454636024056718,29
"6511","PE","Surubim",65647,11683.83,26009,"Alto Capibaribe",2,"Nordeste",1,"261450",2,130,54,76,48,82,3,0,0,0,0,133,54,76,48,82,43,9.36596111359007,11.0920471818094,0.278272108015699,29
"6512","PE","Surubim",65647,11683.83,26009,"Alto Capibaribe",2,"Nordeste",1,"261450",3,108,36,72,35,73,1,0,0,0,0,109,36,72,35,73,49,9.36596111359007,11.0920471818094,0.38514967646036,31
"6513","PE","Surubim",65647,11683.83,26009,"Alto Capibaribe",2,"Nordeste",1,"261450",4,65,19,46,25,40,1,0,0,0,0,66,19,46,25,40,31,9.36596111359007,11.0920471818094,0.441885069619333,30
"6514","PE","Surubim",65647,11683.83,26009,"Alto Capibaribe",2,"Nordeste",1,"261450",5,73,20,53,31,42,0,0,0,0,0,73,20,53,31,42,38,9.36596111359007,11.0920471818094,0.422585653732008,31
"6515","PE","Surubim",65647,11683.83,26009,"Alto Capibaribe",2,"Nordeste",1,"261450",6,69,22,47,33,36,1,0,0,0,0,70,22,47,33,36,58,9.36596111359007,11.0920471818094,0.379386480953283,30
"6516","PE","Surubim",65647,11683.83,26009,"Alto Capibaribe",2,"Nordeste",1,"261450",7,66,22,44,30,36,1,0,0,0,0,67,22,44,30,36,56,9.36596111359007,11.0920471818094,0.394783108045491,29
"6517","PE","Tabira",28704,9351.99,26003,"Pajeú",2,"Nordeste",0,"261460",2,63,11,52,23,40,0,0,0,0,0,63,11,52,23,40,10,9.14334443386134,10.2647917648585,0.245501690600059,29
"6518","PE","Tabira",28704,9351.99,26003,"Pajeú",2,"Nordeste",0,"261460",3,71,8,63,27,44,0,0,0,0,0,71,8,63,27,44,20,9.14334443386134,10.2647917648585,0.344579210715317,31
"6519","PE","Tabira",28704,9351.99,26003,"Pajeú",2,"Nordeste",0,"261460",4,30,1,29,16,14,0,0,0,0,0,30,1,29,16,14,18,9.14334443386134,10.2647917648585,0.385843525769498,30
"6520","PE","Tabira",28704,9351.99,26003,"Pajeú",2,"Nordeste",0,"261460",5,24,2,22,6,18,0,0,0,0,0,24,2,22,6,18,17,9.14334443386134,10.2647917648585,0.372624707226241,31
"6521","PE","Tabira",28704,9351.99,26003,"Pajeú",2,"Nordeste",0,"261460",6,31,2,29,11,20,0,0,0,0,0,31,2,29,11,20,23,9.14334443386134,10.2647917648585,0.352884353355812,30
"6522","PE","Tabira",28704,9351.99,26003,"Pajeú",2,"Nordeste",0,"261460",7,33,6,27,15,18,0,0,0,0,0,33,6,27,15,18,17,9.14334443386134,10.2647917648585,0.370039218015897,29
"6523","PE","Tacaimbó",12859,12610.99,26008,"Vale do Ipojuca",2,"Nordeste",0,"261470",2,24,9,15,10,14,0,0,0,0,0,24,9,15,10,14,4,9.44232393499703,9.46179923427044,0.292081300843945,29
"6524","PE","Tacaimbó",12859,12610.99,26008,"Vale do Ipojuca",2,"Nordeste",0,"261470",3,33,10,23,13,20,0,0,0,0,0,33,10,23,13,20,5,9.44232393499703,9.46179923427044,0.372354933195467,31
"6525","PE","Tacaimbó",12859,12610.99,26008,"Vale do Ipojuca",2,"Nordeste",0,"261470",4,13,7,6,4,9,0,0,0,0,0,13,7,6,4,9,10,9.44232393499703,9.46179923427044,0.391570711094443,30
"6526","PE","Tacaimbó",12859,12610.99,26008,"Vale do Ipojuca",2,"Nordeste",0,"261470",5,11,4,7,6,5,0,0,0,0,0,11,4,7,6,5,6,9.44232393499703,9.46179923427044,0.399431749095346,31
"6527","PE","Tacaimbó",12859,12610.99,26008,"Vale do Ipojuca",2,"Nordeste",0,"261470",6,10,8,2,4,6,0,0,0,0,0,10,8,2,4,6,4,9.44232393499703,9.46179923427044,0.385606452325703,30
"6528","PE","Tacaimbó",12859,12610.99,26008,"Vale do Ipojuca",2,"Nordeste",0,"261470",7,27,11,16,14,13,0,0,0,0,0,27,11,16,14,13,9,9.44232393499703,9.46179923427044,0.420985661778796,29
"6529","PE","Tacaratu",26106,6818.94,26006,"Itaparica",2,"Nordeste",0,"261480",2,35,10,25,19,16,0,0,0,0,0,35,10,25,19,16,9,8.82745931353782,10.1699204519487,0.329287643940263,29
"6530","PE","Tacaratu",26106,6818.94,26006,"Itaparica",2,"Nordeste",0,"261480",3,39,11,28,16,23,2,0,0,0,0,41,11,28,16,23,10,8.82745931353782,10.1699204519487,0.419956790737065,31
"6531","PE","Tacaratu",26106,6818.94,26006,"Itaparica",2,"Nordeste",0,"261480",4,32,11,21,14,18,1,0,0,0,0,33,11,21,14,18,9,8.82745931353782,10.1699204519487,0.442945883277935,30
"6532","PE","Tacaratu",26106,6818.94,26006,"Itaparica",2,"Nordeste",0,"261480",5,27,16,11,15,12,0,0,0,0,0,27,16,11,15,12,9,8.82745931353782,10.1699204519487,0.450996307573438,31
"6533","PE","Tacaratu",26106,6818.94,26006,"Itaparica",2,"Nordeste",0,"261480",6,19,10,9,8,11,0,0,0,0,0,19,10,9,8,11,20,8.82745931353782,10.1699204519487,0.437490316958569,30
"6534","PE","Tacaratu",26106,6818.94,26006,"Itaparica",2,"Nordeste",0,"261480",7,19,10,9,4,15,0,0,0,0,0,19,10,9,4,15,13,8.82745931353782,10.1699204519487,0.474597077524029,29
"6535","PE","Tamandaré",23623,12486.08,26015,"Mata Meridional Pernambucana",2,"Nordeste",0,"261485",2,57,21,36,27,30,0,0,0,0,0,57,21,36,27,30,10,9.4323697027772,10.0699760926938,0.27650423687283,29
"6536","PE","Tamandaré",23623,12486.08,26015,"Mata Meridional Pernambucana",2,"Nordeste",0,"261485",3,49,20,29,26,23,0,0,0,0,0,49,20,29,26,23,12,9.4323697027772,10.0699760926938,0.37972699341948,31
"6537","PE","Tamandaré",23623,12486.08,26015,"Mata Meridional Pernambucana",2,"Nordeste",0,"261485",4,34,9,25,19,15,1,0,0,0,0,35,9,25,19,15,14,9.4323697027772,10.0699760926938,0.4346806953878,30
"6538","PE","Tamandaré",23623,12486.08,26015,"Mata Meridional Pernambucana",2,"Nordeste",0,"261485",5,31,17,14,16,15,1,0,0,0,0,32,17,14,16,15,21,9.4323697027772,10.0699760926938,0.447407812473774,31
"6539","PE","Tamandaré",23623,12486.08,26015,"Mata Meridional Pernambucana",2,"Nordeste",0,"261485",6,31,11,20,19,12,0,0,0,0,0,31,11,20,19,12,17,9.4323697027772,10.0699760926938,0.412383554167057,30
"6540","PE","Tamandaré",23623,12486.08,26015,"Mata Meridional Pernambucana",2,"Nordeste",0,"261485",7,39,14,25,23,16,0,0,0,0,0,39,14,25,23,16,16,9.4323697027772,10.0699760926938,0.40557308860147,29
"6541","PE","Taquaritinga do Norte",29127,9871.23,26009,"Alto Capibaribe",2,"Nordeste",0,"261500",2,51,17,34,29,22,0,0,0,0,0,51,17,34,29,22,12,9.19737974472388,10.2794208580383,0.308366617057462,29
"6542","PE","Taquaritinga do Norte",29127,9871.23,26009,"Alto Capibaribe",2,"Nordeste",0,"261500",3,55,22,33,25,30,0,0,0,0,0,55,22,33,25,30,11,9.19737974472388,10.2794208580383,0.410184550196383,31
"6543","PE","Taquaritinga do Norte",29127,9871.23,26009,"Alto Capibaribe",2,"Nordeste",0,"261500",4,37,11,26,12,25,0,0,0,0,0,37,11,26,12,25,17,9.19737974472388,10.2794208580383,0.438798352452737,30
"6544","PE","Taquaritinga do Norte",29127,9871.23,26009,"Alto Capibaribe",2,"Nordeste",0,"261500",5,26,9,17,13,13,0,0,0,0,0,26,9,17,13,13,20,9.19737974472388,10.2794208580383,0.420903023355493,31
"6545","PE","Taquaritinga do Norte",29127,9871.23,26009,"Alto Capibaribe",2,"Nordeste",0,"261500",6,30,9,21,13,17,0,0,0,0,0,30,9,21,13,17,20,9.19737974472388,10.2794208580383,0.389315094056987,30
"6546","PE","Taquaritinga do Norte",29127,9871.23,26009,"Alto Capibaribe",2,"Nordeste",0,"261500",7,30,12,18,12,18,0,0,0,0,0,30,12,18,12,18,17,9.19737974472388,10.2794208580383,0.410008384035064,29
"6547","PE","Terra Nova",10206,6866.55,26005,"Petrolina",2,"Nordeste",0,"261520",2,15,3,12,4,11,0,0,0,0,0,15,3,12,4,11,3,8.83441707567396,9.23073106162392,0.289058643389424,29
"6548","PE","Terra Nova",10206,6866.55,26005,"Petrolina",2,"Nordeste",0,"261520",3,23,6,17,8,15,0,0,0,0,0,23,6,17,8,15,7,8.83441707567396,9.23073106162392,0.392443747398123,31
"6549","PE","Terra Nova",10206,6866.55,26005,"Petrolina",2,"Nordeste",0,"261520",4,15,7,8,6,9,0,0,0,0,0,15,7,8,6,9,5,8.83441707567396,9.23073106162392,0.431853526606987,30
"6550","PE","Terra Nova",10206,6866.55,26005,"Petrolina",2,"Nordeste",0,"261520",5,11,2,9,3,8,0,0,0,0,0,11,2,9,3,8,3,8.83441707567396,9.23073106162392,0.428390672641292,31
"6551","PE","Terra Nova",10206,6866.55,26005,"Petrolina",2,"Nordeste",0,"261520",6,13,1,12,10,3,0,0,0,0,0,13,1,12,10,3,7,8.83441707567396,9.23073106162392,0.406810800760779,30
"6552","PE","Terra Nova",10206,6866.55,26005,"Petrolina",2,"Nordeste",0,"261520",7,13,3,10,6,7,0,0,0,0,0,13,3,10,6,7,3,8.83441707567396,9.23073106162392,0.445405998275285,29
"6553","PE","Timbaúba",52802,13378.85,26013,"Mata Setentrional Pernambucana",2,"Nordeste",1,"261530",2,92,27,65,42,50,1,0,0,0,0,93,27,65,42,50,33,9.5014303808105,10.8743043477648,0.290891507188674,29
"6554","PE","Timbaúba",52802,13378.85,26013,"Mata Setentrional Pernambucana",2,"Nordeste",1,"261530",3,78,31,47,30,48,0,0,0,0,0,78,31,47,30,48,43,9.5014303808105,10.8743043477648,0.375802824846975,31
"6555","PE","Timbaúba",52802,13378.85,26013,"Mata Setentrional Pernambucana",2,"Nordeste",1,"261530",4,53,20,33,20,33,1,0,0,0,0,54,20,33,20,33,42,9.5014303808105,10.8743043477648,0.427508891107488,30
"6556","PE","Timbaúba",52802,13378.85,26013,"Mata Setentrional Pernambucana",2,"Nordeste",1,"261530",5,51,15,36,14,37,0,0,0,0,0,51,15,36,14,37,59,9.5014303808105,10.8743043477648,0.422985915000418,31
"6557","PE","Timbaúba",52802,13378.85,26013,"Mata Setentrional Pernambucana",2,"Nordeste",1,"261530",6,53,15,38,22,31,1,0,0,0,0,54,15,38,22,31,54,9.5014303808105,10.8743043477648,0.376050784937142,30
"6558","PE","Timbaúba",52802,13378.85,26013,"Mata Setentrional Pernambucana",2,"Nordeste",1,"261530",7,55,15,40,18,37,0,0,0,0,0,55,15,40,18,37,43,9.5014303808105,10.8743043477648,0.395723424701949,29
"6559","PE","Toritama",46164,14800.44,26009,"Alto Capibaribe",2,"Nordeste",1,"261540",2,93,58,35,47,46,1,0,0,0,0,94,58,35,47,46,8,9.60241218904002,10.7399555525403,0.310447521121678,29
"6560","PE","Toritama",46164,14800.44,26009,"Alto Capibaribe",2,"Nordeste",1,"261540",3,99,46,53,45,54,0,0,0,0,0,99,46,53,45,54,15,9.60241218904002,10.7399555525403,0.392579233356297,31
"6561","PE","Toritama",46164,14800.44,26009,"Alto Capibaribe",2,"Nordeste",1,"261540",4,56,27,29,30,26,1,0,0,0,0,57,27,29,30,26,10,9.60241218904002,10.7399555525403,0.443338126478438,30
"6562","PE","Toritama",46164,14800.44,26009,"Alto Capibaribe",2,"Nordeste",1,"261540",5,45,30,15,23,22,0,0,0,0,0,45,30,15,23,22,27,9.60241218904002,10.7399555525403,0.419429348329039,31
"6563","PE","Toritama",46164,14800.44,26009,"Alto Capibaribe",2,"Nordeste",1,"261540",6,62,31,31,29,33,1,0,0,0,0,63,31,31,29,33,22,9.60241218904002,10.7399555525403,0.36569464181331,30
"6564","PE","Toritama",46164,14800.44,26009,"Alto Capibaribe",2,"Nordeste",1,"261540",7,53,27,26,28,25,1,0,0,0,0,54,27,26,28,25,25,9.60241218904002,10.7399555525403,0.388572950576449,29
"6565","PE","Tracunhaém",13813,8596.93,26013,"Mata Setentrional Pernambucana",2,"Nordeste",1,"261550",2,24,7,17,7,17,0,0,0,0,0,24,7,17,7,17,5,9.05916044176605,9.53336545669996,0.307740643548865,29
"6566","PE","Tracunhaém",13813,8596.93,26013,"Mata Setentrional Pernambucana",2,"Nordeste",1,"261550",3,27,10,17,13,14,0,0,0,0,0,27,10,17,13,14,9,9.05916044176605,9.53336545669996,0.392356411909893,31
"6567","PE","Tracunhaém",13813,8596.93,26013,"Mata Setentrional Pernambucana",2,"Nordeste",1,"261550",4,18,5,13,12,6,0,0,0,0,0,18,5,13,12,6,5,9.05916044176605,9.53336545669996,0.439002356447526,30
"6568","PE","Tracunhaém",13813,8596.93,26013,"Mata Setentrional Pernambucana",2,"Nordeste",1,"261550",5,15,2,13,9,6,0,0,0,0,0,15,2,13,9,6,12,9.05916044176605,9.53336545669996,0.417682298732549,31
"6569","PE","Tracunhaém",13813,8596.93,26013,"Mata Setentrional Pernambucana",2,"Nordeste",1,"261550",6,17,2,15,8,9,0,0,0,0,0,17,2,15,8,9,7,9.05916044176605,9.53336545669996,0.392249936878317,30
"6570","PE","Tracunhaém",13813,8596.93,26013,"Mata Setentrional Pernambucana",2,"Nordeste",1,"261550",7,18,3,15,11,7,0,0,0,0,0,18,3,15,11,7,11,9.05916044176605,9.53336545669996,0.415646338900206,29
"6571","PE","Trindade",30816,10451.1,26001,"Araripina",2,"Nordeste",1,"261560",2,75,26,49,44,31,0,0,0,0,0,75,26,49,44,31,16,9.25446251501107,10.3357893145979,0.27713311054517,29
"6572","PE","Trindade",30816,10451.1,26001,"Araripina",2,"Nordeste",1,"261560",3,70,22,48,39,31,0,0,0,0,0,70,22,48,39,31,17,9.25446251501107,10.3357893145979,0.353879867511985,31
"6573","PE","Trindade",30816,10451.1,26001,"Araripina",2,"Nordeste",1,"261560",4,32,8,24,19,13,0,0,0,0,0,32,8,24,19,13,15,9.25446251501107,10.3357893145979,0.366999261967686,30
"6574","PE","Trindade",30816,10451.1,26001,"Araripina",2,"Nordeste",1,"261560",5,37,14,23,15,22,0,0,0,0,0,37,14,23,15,22,20,9.25446251501107,10.3357893145979,0.376128204226833,31
"6575","PE","Trindade",30816,10451.1,26001,"Araripina",2,"Nordeste",1,"261560",6,53,19,34,27,26,0,0,0,0,0,53,19,34,27,26,20,9.25446251501107,10.3357893145979,0.335816355927057,30
"6576","PE","Trindade",30816,10451.1,26001,"Araripina",2,"Nordeste",1,"261560",7,58,21,37,27,31,0,0,0,0,0,58,21,37,27,31,15,9.25446251501107,10.3357893145979,0.368715137404985,29
"6577","PE","Triunfo",15243,9305.72,26003,"Pajeú",2,"Nordeste",0,"261570",2,31,3,28,9,22,0,0,0,0,0,31,3,28,9,22,11,9.13838454383674,9.63187566026184,0.261862323351646,29
"6578","PE","Triunfo",15243,9305.72,26003,"Pajeú",2,"Nordeste",0,"261570",3,25,1,24,9,16,0,0,0,0,0,25,1,24,9,16,14,9.13838454383674,9.63187566026184,0.368066172894628,31
"6579","PE","Triunfo",15243,9305.72,26003,"Pajeú",2,"Nordeste",0,"261570",4,10,2,8,5,5,0,0,0,0,0,10,2,8,5,5,16,9.13838454383674,9.63187566026184,0.417865624100095,30
"6580","PE","Triunfo",15243,9305.72,26003,"Pajeú",2,"Nordeste",0,"261570",5,16,2,14,7,9,0,0,0,0,0,16,2,14,7,9,14,9.13838454383674,9.63187566026184,0.444888279824592,31
"6581","PE","Triunfo",15243,9305.72,26003,"Pajeú",2,"Nordeste",0,"261570",6,14,2,12,6,8,0,0,0,0,0,14,2,12,6,8,12,9.13838454383674,9.63187566026184,0.420182516349984,30
"6582","PE","Triunfo",15243,9305.72,26003,"Pajeú",2,"Nordeste",0,"261570",7,13,5,8,3,10,0,0,0,0,0,13,5,8,3,10,12,9.13838454383674,9.63187566026184,0.428534062915027,29
"6583","PE","Tupanatinga",27551,6882.65,26007,"Vale do Ipanema",2,"Nordeste",0,"261580",2,49,30,19,25,24,0,0,0,0,0,49,30,19,25,24,5,8.83675903118537,10.223794111563,0.274786750418671,29
"6584","PE","Tupanatinga",27551,6882.65,26007,"Vale do Ipanema",2,"Nordeste",0,"261580",3,52,27,25,26,26,1,0,0,0,0,53,27,25,26,26,12,8.83675903118537,10.223794111563,0.363686635680643,31
"6585","PE","Tupanatinga",27551,6882.65,26007,"Vale do Ipanema",2,"Nordeste",0,"261580",4,22,10,12,12,10,1,0,0,0,0,23,10,12,12,10,9,8.83675903118537,10.223794111563,0.393015028806343,30
"6586","PE","Tupanatinga",27551,6882.65,26007,"Vale do Ipanema",2,"Nordeste",0,"261580",5,27,18,9,15,12,0,0,0,0,0,27,18,9,15,12,12,8.83675903118537,10.223794111563,0.430189141699031,31
"6587","PE","Tupanatinga",27551,6882.65,26007,"Vale do Ipanema",2,"Nordeste",0,"261580",6,34,12,22,19,15,0,0,0,0,0,34,12,22,19,15,9,8.83675903118537,10.223794111563,0.393066883309182,30
"6588","PE","Tupanatinga",27551,6882.65,26007,"Vale do Ipanema",2,"Nordeste",0,"261580",7,30,16,14,16,14,0,0,0,0,0,30,16,14,16,14,14,8.83675903118537,10.223794111563,0.432192783181357,29
"6589","PE","Tuparetama",8256,9611.67,26003,"Pajeú",2,"Nordeste",0,"261590",2,17,6,11,8,9,0,0,0,0,0,17,6,11,8,9,4,9.17073326418211,9.01869548772134,0.248381242946619,29
"6590","PE","Tuparetama",8256,9611.67,26003,"Pajeú",2,"Nordeste",0,"261590",3,15,4,11,9,6,0,0,0,0,0,15,4,11,9,6,7,9.17073326418211,9.01869548772134,0.327523791415955,31
"6591","PE","Tuparetama",8256,9611.67,26003,"Pajeú",2,"Nordeste",0,"261590",4,13,2,11,6,7,0,0,0,0,0,13,2,11,6,7,10,9.17073326418211,9.01869548772134,0.356113484629947,30
"6592","PE","Tuparetama",8256,9611.67,26003,"Pajeú",2,"Nordeste",0,"261590",5,6,2,4,2,4,0,0,0,0,0,6,2,4,2,4,8,9.17073326418211,9.01869548772134,0.352829864406987,31
"6593","PE","Tuparetama",8256,9611.67,26003,"Pajeú",2,"Nordeste",0,"261590",6,10,3,7,6,4,0,0,0,0,0,10,3,7,6,4,6,9.17073326418211,9.01869548772134,0.338605351779782,30
"6594","PE","Tuparetama",8256,9611.67,26003,"Pajeú",2,"Nordeste",0,"261590",7,10,2,8,3,7,0,0,0,0,0,10,2,8,3,7,7,9.17073326418211,9.01869548772134,0.346628240322998,29
"6595","PE","Venturosa",18661,11783.13,26007,"Vale do Ipanema",2,"Nordeste",0,"261600",2,45,20,25,20,25,0,0,0,0,0,45,20,25,20,25,8,9.37442412649641,9.83419106353347,0.279139652022287,29
"6596","PE","Venturosa",18661,11783.13,26007,"Vale do Ipanema",2,"Nordeste",0,"261600",3,36,11,25,19,17,1,0,0,0,0,37,11,25,19,17,14,9.37442412649641,9.83419106353347,0.345191241965656,31
"6597","PE","Venturosa",18661,11783.13,26007,"Vale do Ipanema",2,"Nordeste",0,"261600",4,25,15,10,12,13,0,0,0,0,0,25,15,10,12,13,16,9.37442412649641,9.83419106353347,0.382808813637572,30
"6598","PE","Venturosa",18661,11783.13,26007,"Vale do Ipanema",2,"Nordeste",0,"261600",5,21,7,14,9,12,0,0,0,0,0,21,7,14,9,12,16,9.37442412649641,9.83419106353347,0.402465170441585,31
"6599","PE","Venturosa",18661,11783.13,26007,"Vale do Ipanema",2,"Nordeste",0,"261600",6,22,6,16,10,12,0,0,0,0,0,22,6,16,10,12,8,9.37442412649641,9.83419106353347,0.369653476019224,30
"6600","PE","Venturosa",18661,11783.13,26007,"Vale do Ipanema",2,"Nordeste",0,"261600",7,23,8,15,11,12,0,0,0,0,0,23,8,15,11,12,8,9.37442412649641,9.83419106353347,0.415405063423048,29
"6601","PE","Verdejante",9553,7186.55,26002,"Salgueiro",2,"Nordeste",0,"261610",2,15,2,13,4,11,0,0,0,0,0,15,2,13,4,11,4,8.87996650245682,9.16461052027001,0.275172902452791,29
"6602","PE","Verdejante",9553,7186.55,26002,"Salgueiro",2,"Nordeste",0,"261610",3,20,3,17,9,11,0,0,0,0,0,20,3,17,9,11,5,8.87996650245682,9.16461052027001,0.398571636934298,31
"6603","PE","Verdejante",9553,7186.55,26002,"Salgueiro",2,"Nordeste",0,"261610",4,11,6,5,5,6,1,0,0,0,0,12,6,5,5,6,5,8.87996650245682,9.16461052027001,0.422602544246673,30
"6604","PE","Verdejante",9553,7186.55,26002,"Salgueiro",2,"Nordeste",0,"261610",5,13,4,9,5,8,1,0,0,0,0,14,4,9,5,8,5,8.87996650245682,9.16461052027001,0.45486138969282,31
"6605","PE","Verdejante",9553,7186.55,26002,"Salgueiro",2,"Nordeste",0,"261610",6,8,2,6,3,5,0,0,0,0,0,8,2,6,3,5,6,8.87996650245682,9.16461052027001,0.409785540758786,30
"6606","PE","Verdejante",9553,7186.55,26002,"Salgueiro",2,"Nordeste",0,"261610",7,15,5,10,7,8,0,0,0,0,0,15,5,10,7,8,5,8.87996650245682,9.16461052027001,0.451268102639833,29
"6607","PE","Vertente do Lério",7571,7829.31,26009,"Alto Capibaribe",2,"Nordeste",0,"261618",2,12,4,8,5,7,0,0,0,0,0,12,4,8,5,7,7,8.96562966249646,8.93208043810331,0.285429640031271,29
"6608","PE","Vertente do Lério",7571,7829.31,26009,"Alto Capibaribe",2,"Nordeste",0,"261618",3,9,3,6,4,5,0,0,0,0,0,9,3,6,4,5,7,8.96562966249646,8.93208043810331,0.390243109675954,31
"6609","PE","Vertente do Lério",7571,7829.31,26009,"Alto Capibaribe",2,"Nordeste",0,"261618",4,13,7,6,6,7,0,0,0,0,0,13,7,6,6,7,8,8.96562966249646,8.93208043810331,0.44422407902158,30
"6610","PE","Vertente do Lério",7571,7829.31,26009,"Alto Capibaribe",2,"Nordeste",0,"261618",5,8,5,3,2,6,0,0,0,0,0,8,5,3,2,6,4,8.96562966249646,8.93208043810331,0.431763094168023,31
"6611","PE","Vertente do Lério",7571,7829.31,26009,"Alto Capibaribe",2,"Nordeste",0,"261618",6,15,5,10,4,11,0,0,0,0,0,15,5,10,4,11,8,8.96562966249646,8.93208043810331,0.417377556349888,30
"6612","PE","Vertente do Lério",7571,7829.31,26009,"Alto Capibaribe",2,"Nordeste",0,"261618",7,8,3,5,3,5,0,0,0,0,0,8,3,5,3,5,8,8.96562966249646,8.93208043810331,0.424256777174983,29
"6613","PE","Vertentes",20954,7806.45,26009,"Alto Capibaribe",2,"Nordeste",0,"261620",2,55,28,27,23,32,0,0,0,0,0,55,28,27,23,32,5,8.96270559404209,9.95008483791291,0.307929265640808,29
"6614","PE","Vertentes",20954,7806.45,26009,"Alto Capibaribe",2,"Nordeste",0,"261620",3,43,27,16,24,19,0,0,0,0,0,43,27,16,24,19,12,8.96270559404209,9.95008483791291,0.410424417951641,31
"6615","PE","Vertentes",20954,7806.45,26009,"Alto Capibaribe",2,"Nordeste",0,"261620",4,21,13,8,6,15,0,0,0,0,0,21,13,8,6,15,12,8.96270559404209,9.95008483791291,0.478392705384475,30
"6616","PE","Vertentes",20954,7806.45,26009,"Alto Capibaribe",2,"Nordeste",0,"261620",5,40,18,22,13,27,0,0,0,0,0,40,18,22,13,27,16,8.96270559404209,9.95008483791291,0.451875600056826,31
"6617","PE","Vertentes",20954,7806.45,26009,"Alto Capibaribe",2,"Nordeste",0,"261620",6,28,17,11,7,21,0,0,0,0,0,28,17,11,7,21,24,8.96270559404209,9.95008483791291,0.378562609848606,30
"6618","PE","Vertentes",20954,7806.45,26009,"Alto Capibaribe",2,"Nordeste",0,"261620",7,24,13,11,14,10,1,0,0,0,0,25,13,11,14,10,15,8.96270559404209,9.95008483791291,0.388313689316412,29
"6619","PE","Vicência",32772,10631.56,26013,"Mata Setentrional Pernambucana",2,"Nordeste",0,"261630",2,59,25,34,30,29,0,0,0,0,0,59,25,34,30,29,13,9.2715822150371,10.3973297712617,0.305229334957944,29
"6620","PE","Vicência",32772,10631.56,26013,"Mata Setentrional Pernambucana",2,"Nordeste",0,"261630",3,48,19,29,28,20,0,0,0,0,0,48,19,29,28,20,13,9.2715822150371,10.3973297712617,0.389723795025066,31
"6621","PE","Vicência",32772,10631.56,26013,"Mata Setentrional Pernambucana",2,"Nordeste",0,"261630",4,29,10,19,16,13,2,0,0,0,0,31,10,19,16,13,15,9.2715822150371,10.3973297712617,0.42803727500029,30
"6622","PE","Vicência",32772,10631.56,26013,"Mata Setentrional Pernambucana",2,"Nordeste",0,"261630",5,31,11,20,10,21,0,0,0,0,0,31,11,20,10,21,29,9.2715822150371,10.3973297712617,0.421612059967473,31
"6623","PE","Vicência",32772,10631.56,26013,"Mata Setentrional Pernambucana",2,"Nordeste",0,"261630",6,34,21,13,18,16,0,0,0,0,0,34,21,13,18,16,18,9.2715822150371,10.3973297712617,0.384812909556471,30
"6624","PE","Vicência",32772,10631.56,26013,"Mata Setentrional Pernambucana",2,"Nordeste",0,"261630",7,32,14,18,12,20,0,0,0,0,0,32,14,18,12,20,14,9.2715822150371,10.3973297712617,0.417218045574664,29
"6625","PE","Vitória de Santo Antão",139583,26964.56,26014,"Vitória de Santo Antão",2,"Nordeste",1,"261640",2,295,93,202,134,161,1,0,0,0,0,296,93,202,134,161,89,10.2022786901897,11.8464146853908,0.282807239464042,29
"6626","PE","Vitória de Santo Antão",139583,26964.56,26014,"Vitória de Santo Antão",2,"Nordeste",1,"261640",3,256,84,172,101,155,1,0,0,0,0,257,84,172,101,155,95,10.2022786901897,11.8464146853908,0.3758488060453,31
"6627","PE","Vitória de Santo Antão",139583,26964.56,26014,"Vitória de Santo Antão",2,"Nordeste",1,"261640",4,139,54,85,65,74,1,0,0,0,0,140,54,85,65,74,117,10.2022786901897,11.8464146853908,0.435459587210795,30
"6628","PE","Vitória de Santo Antão",139583,26964.56,26014,"Vitória de Santo Antão",2,"Nordeste",1,"261640",5,151,59,92,69,82,0,0,0,0,0,151,59,92,69,82,205,10.2022786901897,11.8464146853908,0.432680500463567,31
"6629","PE","Vitória de Santo Antão",139583,26964.56,26014,"Vitória de Santo Antão",2,"Nordeste",1,"261640",6,185,65,120,93,92,0,0,0,0,0,185,65,120,93,92,112,10.2022786901897,11.8464146853908,0.375020792219178,30
"6630","PE","Vitória de Santo Antão",139583,26964.56,26014,"Vitória de Santo Antão",2,"Nordeste",1,"261640",7,167,55,112,81,86,1,0,0,0,0,168,55,112,81,86,112,10.2022786901897,11.8464146853908,0.381384849637698,29
"6631","PE","Xexéu",14757,8422.31,26015,"Mata Meridional Pernambucana",2,"Nordeste",0,"261650",2,34,11,23,21,13,0,0,0,0,0,34,11,23,21,13,14,9.03863941640352,9.59947282546345,0.343994670767174,29
"6632","PE","Xexéu",14757,8422.31,26015,"Mata Meridional Pernambucana",2,"Nordeste",0,"261650",3,35,18,17,20,15,0,0,0,0,0,35,18,17,20,15,12,9.03863941640352,9.59947282546345,0.42067541226655,31
"6633","PE","Xexéu",14757,8422.31,26015,"Mata Meridional Pernambucana",2,"Nordeste",0,"261650",4,22,10,12,13,9,0,0,0,0,0,22,10,12,13,9,11,9.03863941640352,9.59947282546345,0.458504721103227,30
"6634","PE","Xexéu",14757,8422.31,26015,"Mata Meridional Pernambucana",2,"Nordeste",0,"261650",5,19,5,14,10,9,1,0,0,0,0,20,5,14,10,9,18,9.03863941640352,9.59947282546345,0.467800784865037,31
"6635","PE","Xexéu",14757,8422.31,26015,"Mata Meridional Pernambucana",2,"Nordeste",0,"261650",6,13,6,7,11,2,0,0,0,0,0,13,6,7,11,2,17,9.03863941640352,9.59947282546345,0.448985689007042,30
"6636","PE","Xexéu",14757,8422.31,26015,"Mata Meridional Pernambucana",2,"Nordeste",0,"261650",7,21,10,11,15,6,0,0,0,0,0,21,10,11,15,6,7,9.03863941640352,9.59947282546345,0.433490413323697,29
"6637","AL","Água Branca",20230,7004.81,27001,"Serrana do Sertão Alagoano",2,"Nordeste",0,"270010",2,41,21,20,17,24,1,0,0,0,0,42,21,20,17,24,12,8.85435233492003,9.91492193016179,0.287189988119804,29
"6638","AL","Água Branca",20230,7004.81,27001,"Serrana do Sertão Alagoano",2,"Nordeste",0,"270010",3,31,19,12,15,16,0,0,0,0,0,31,19,12,15,16,8,8.85435233492003,9.91492193016179,0.413022768198452,31
"6639","AL","Água Branca",20230,7004.81,27001,"Serrana do Sertão Alagoano",2,"Nordeste",0,"270010",4,16,10,6,10,6,0,0,0,0,0,16,10,6,10,6,11,8.85435233492003,9.91492193016179,0.465244760659817,30
"6640","AL","Água Branca",20230,7004.81,27001,"Serrana do Sertão Alagoano",2,"Nordeste",0,"270010",5,25,14,11,12,13,0,0,0,0,0,25,14,11,12,13,17,8.85435233492003,9.91492193016179,0.473397863462993,31
"6641","AL","Água Branca",20230,7004.81,27001,"Serrana do Sertão Alagoano",2,"Nordeste",0,"270010",6,24,13,11,10,14,0,0,0,0,0,24,13,11,10,14,15,8.85435233492003,9.91492193016179,0.453750646106826,30
"6642","AL","Água Branca",20230,7004.81,27001,"Serrana do Sertão Alagoano",2,"Nordeste",0,"270010",7,36,21,15,13,23,1,0,0,0,0,37,21,15,13,23,12,8.85435233492003,9.91492193016179,0.485251220788604,29
"6643","AL","Anadia",17526,9399.28,27012,"São Miguel dos Campos",2,"Nordeste",0,"270020",2,24,8,16,17,7,0,0,0,0,0,24,8,16,17,7,12,9.14838836957981,9.7714407716158,0.286234283858442,29
"6644","AL","Anadia",17526,9399.28,27012,"São Miguel dos Campos",2,"Nordeste",0,"270020",3,12,6,6,6,6,0,0,0,0,0,12,6,6,6,6,11,9.14838836957981,9.7714407716158,0.370451554065099,31
"6645","AL","Anadia",17526,9399.28,27012,"São Miguel dos Campos",2,"Nordeste",0,"270020",4,11,3,8,6,5,0,0,0,0,0,11,3,8,6,5,13,9.14838836957981,9.7714407716158,0.374006837111797,30
"6646","AL","Anadia",17526,9399.28,27012,"São Miguel dos Campos",2,"Nordeste",0,"270020",5,18,10,8,10,8,0,0,0,0,0,18,10,8,10,8,7,9.14838836957981,9.7714407716158,0.391659928125151,31
"6647","AL","Anadia",17526,9399.28,27012,"São Miguel dos Campos",2,"Nordeste",0,"270020",6,19,11,8,10,9,0,0,0,0,0,19,11,8,10,9,19,9.14838836957981,9.7714407716158,0.383369147413683,30
"6648","AL","Anadia",17526,9399.28,27012,"São Miguel dos Campos",2,"Nordeste",0,"270020",7,11,6,5,5,6,0,0,0,0,0,11,6,5,5,6,21,9.14838836957981,9.7714407716158,0.407251658869833,29
"6649","AL","Arapiraca",233047,19389.15,27006,"Arapiraca",2,"Nordeste",1,"270030",2,516,200,316,205,311,1,0,0,0,0,517,200,316,205,311,121,9.87246891024643,12.3589954289439,0.278110054282286,29
"6650","AL","Arapiraca",233047,19389.15,27006,"Arapiraca",2,"Nordeste",1,"270030",3,538,187,351,227,311,0,0,0,0,0,538,187,351,227,311,145,9.87246891024643,12.3589954289439,0.363473958346321,31
"6651","AL","Arapiraca",233047,19389.15,27006,"Arapiraca",2,"Nordeste",1,"270030",4,341,135,206,133,208,0,0,0,0,0,341,135,206,133,208,129,9.87246891024643,12.3589954289439,0.388760832428091,30
"6652","AL","Arapiraca",233047,19389.15,27006,"Arapiraca",2,"Nordeste",1,"270030",5,353,148,205,149,204,0,0,0,0,0,353,148,205,149,204,186,9.87246891024643,12.3589954289439,0.391994282521143,31
"6653","AL","Arapiraca",233047,19389.15,27006,"Arapiraca",2,"Nordeste",1,"270030",6,320,109,211,122,198,1,0,0,0,0,321,109,211,122,198,252,9.87246891024643,12.3589954289439,0.383082066231785,30
"6654","AL","Arapiraca",233047,19389.15,27006,"Arapiraca",2,"Nordeste",1,"270030",7,359,118,241,133,226,0,0,0,0,0,359,118,241,133,226,213,9.87246891024643,12.3589954289439,0.393442822283562,29
"6655","AL","Atalaia",47365,16261.59,27009,"Mata Alagoana",2,"Nordeste",1,"270040",2,105,48,57,60,45,0,0,0,0,0,105,48,57,60,45,13,9.69656116429892,10.7656388383096,0.303832424433796,29
"6656","AL","Atalaia",47365,16261.59,27009,"Mata Alagoana",2,"Nordeste",1,"270040",3,69,40,29,36,33,1,0,0,0,0,70,40,29,36,33,24,9.69656116429892,10.7656388383096,0.389028590514599,31
"6657","AL","Atalaia",47365,16261.59,27009,"Mata Alagoana",2,"Nordeste",1,"270040",4,52,29,23,27,25,1,0,0,0,0,53,29,23,27,25,20,9.69656116429892,10.7656388383096,0.416087646426946,30
"6658","AL","Atalaia",47365,16261.59,27009,"Mata Alagoana",2,"Nordeste",1,"270040",5,56,28,28,29,27,0,0,0,0,0,56,28,28,29,27,31,9.69656116429892,10.7656388383096,0.42924728300108,31
"6659","AL","Atalaia",47365,16261.59,27009,"Mata Alagoana",2,"Nordeste",1,"270040",6,52,26,26,27,25,0,0,0,0,0,52,26,26,27,25,19,9.69656116429892,10.7656388383096,0.402440068783972,30
"6660","AL","Atalaia",47365,16261.59,27009,"Mata Alagoana",2,"Nordeste",1,"270040",7,51,23,28,31,20,1,0,0,0,0,52,23,28,31,20,29,9.69656116429892,10.7656388383096,0.424058136678011,29
"6661","AL","Barra de Santo Antônio",16068,11013.89,27011,"Maceió",2,"Nordeste",1,"270050",2,52,22,30,30,22,0,0,0,0,0,52,22,30,30,22,9,9.30691248248365,9.68458499547917,0.305912147380177,29
"6662","AL","Barra de Santo Antônio",16068,11013.89,27011,"Maceió",2,"Nordeste",1,"270050",3,31,17,14,27,4,0,0,0,0,0,31,17,14,27,4,10,9.30691248248365,9.68458499547917,0.40809146307848,31
"6663","AL","Barra de Santo Antônio",16068,11013.89,27011,"Maceió",2,"Nordeste",1,"270050",4,18,10,8,12,6,0,0,0,0,0,18,10,8,12,6,4,9.30691248248365,9.68458499547917,0.444238134542716,30
"6664","AL","Barra de Santo Antônio",16068,11013.89,27011,"Maceió",2,"Nordeste",1,"270050",5,19,9,10,12,7,0,0,0,0,0,19,9,10,12,7,14,9.30691248248365,9.68458499547917,0.450780034336751,31
"6665","AL","Barra de Santo Antônio",16068,11013.89,27011,"Maceió",2,"Nordeste",1,"270050",6,21,14,7,11,10,1,0,0,0,0,22,14,7,11,10,13,9.30691248248365,9.68458499547917,0.424687225362867,30
"6666","AL","Barra de Santo Antônio",16068,11013.89,27011,"Maceió",2,"Nordeste",1,"270050",7,32,16,16,21,11,0,0,0,0,0,32,16,16,21,11,9,9.30691248248365,9.68458499547917,0.454347560795851,29
"6667","AL","Barra de São Miguel",8378,23554.26,27011,"Maceió",2,"Nordeste",0,"270060",2,19,8,11,12,7,0,0,0,0,0,19,8,11,12,7,3,10.0670619748054,9.03336450150698,0.262486839758604,29
"6668","AL","Barra de São Miguel",8378,23554.26,27011,"Maceió",2,"Nordeste",0,"270060",3,17,10,7,10,7,0,0,0,0,0,17,10,7,10,7,5,10.0670619748054,9.03336450150698,0.373714996514992,31
"6669","AL","Barra de São Miguel",8378,23554.26,27011,"Maceió",2,"Nordeste",0,"270060",4,9,4,5,7,2,0,0,0,0,0,9,4,5,7,2,3,10.0670619748054,9.03336450150698,0.419262440208662,30
"6670","AL","Barra de São Miguel",8378,23554.26,27011,"Maceió",2,"Nordeste",0,"270060",5,12,4,8,5,7,0,0,0,0,0,12,4,8,5,7,5,10.0670619748054,9.03336450150698,0.433310316267475,31
"6671","AL","Barra de São Miguel",8378,23554.26,27011,"Maceió",2,"Nordeste",0,"270060",6,11,8,3,8,3,0,0,0,0,0,11,8,3,8,3,8,10.0670619748054,9.03336450150698,0.407597568509504,30
"6672","AL","Barra de São Miguel",8378,23554.26,27011,"Maceió",2,"Nordeste",0,"270060",7,17,9,8,8,9,0,0,0,0,0,17,9,8,8,9,4,10.0670619748054,9.03336450150698,0.410594881958039,29
"6673","AL","Batalha",18338,9068.67,27004,"Batalha",2,"Nordeste",0,"270070",2,37,14,23,19,18,0,0,0,0,0,37,14,23,19,18,12,9.11258089509118,9.81673068860985,0.293098870934781,29
"6674","AL","Batalha",18338,9068.67,27004,"Batalha",2,"Nordeste",0,"270070",3,42,22,20,18,24,0,0,0,0,0,42,22,20,18,24,6,9.11258089509118,9.81673068860985,0.354079677077035,31
"6675","AL","Batalha",18338,9068.67,27004,"Batalha",2,"Nordeste",0,"270070",4,26,8,18,12,14,0,0,0,0,0,26,8,18,12,14,7,9.11258089509118,9.81673068860985,0.372514626324942,30
"6676","AL","Batalha",18338,9068.67,27004,"Batalha",2,"Nordeste",0,"270070",5,23,8,15,8,15,0,0,0,0,0,23,8,15,8,15,7,9.11258089509118,9.81673068860985,0.397372835746723,31
"6677","AL","Batalha",18338,9068.67,27004,"Batalha",2,"Nordeste",0,"270070",6,28,12,16,13,15,0,0,0,0,0,28,12,16,13,15,19,9.11258089509118,9.81673068860985,0.372339993283669,30
"6678","AL","Batalha",18338,9068.67,27004,"Batalha",2,"Nordeste",0,"270070",7,21,7,14,10,11,0,0,0,0,0,21,7,14,10,11,9,9.11258089509118,9.81673068860985,0.399299857387711,29
"6679","AL","Belém",4284,19209.07,27005,"Palmeira dos Índios",2,"Nordeste",0,"270080",2,10,3,7,5,5,0,0,0,0,0,10,3,7,5,5,6,9.86313784230542,8.36264243156764,0.274640777473594,29
"6680","AL","Belém",4284,19209.07,27005,"Palmeira dos Índios",2,"Nordeste",0,"270080",3,9,5,4,6,3,0,0,0,0,0,9,5,4,6,3,7,9.86313784230542,8.36264243156764,0.358203080680444,31
"6681","AL","Belém",4284,19209.07,27005,"Palmeira dos Índios",2,"Nordeste",0,"270080",4,3,1,2,2,1,0,0,0,0,0,3,1,2,2,1,1,9.86313784230542,8.36264243156764,0.419107879859681,30
"6682","AL","Belém",4284,19209.07,27005,"Palmeira dos Índios",2,"Nordeste",0,"270080",5,10,7,3,4,6,0,0,0,0,0,10,7,3,4,6,6,9.86313784230542,8.36264243156764,0.426473169825997,31
"6683","AL","Belém",4284,19209.07,27005,"Palmeira dos Índios",2,"Nordeste",0,"270080",6,7,3,4,3,4,0,0,0,0,0,7,3,4,3,4,3,9.86313784230542,8.36264243156764,0.436215343872542,30
"6684","AL","Belém",4284,19209.07,27005,"Palmeira dos Índios",2,"Nordeste",0,"270080",7,1,0,1,0,1,0,0,0,0,0,1,0,1,0,1,4,9.86313784230542,8.36264243156764,0.428112367581247,29
"6685","AL","Boca da Mata",27356,12132.78,27012,"São Miguel dos Campos",2,"Nordeste",1,"270100",2,36,13,23,23,13,1,0,0,0,0,37,13,23,23,13,16,9.40366615952121,10.216691162218,0.258332301917053,29
"6686","AL","Boca da Mata",27356,12132.78,27012,"São Miguel dos Campos",2,"Nordeste",1,"270100",3,26,10,16,16,10,0,0,0,0,0,26,10,16,16,10,10,9.40366615952121,10.216691162218,0.346294575976223,31
"6687","AL","Boca da Mata",27356,12132.78,27012,"São Miguel dos Campos",2,"Nordeste",1,"270100",4,22,8,14,5,17,0,0,0,0,0,22,8,14,5,17,12,9.40366615952121,10.216691162218,0.365271047571854,30
"6688","AL","Boca da Mata",27356,12132.78,27012,"São Miguel dos Campos",2,"Nordeste",1,"270100",5,29,13,16,18,11,0,0,0,0,0,29,13,16,18,11,17,9.40366615952121,10.216691162218,0.372866973662134,31
"6689","AL","Boca da Mata",27356,12132.78,27012,"São Miguel dos Campos",2,"Nordeste",1,"270100",6,24,11,13,10,14,0,0,0,0,0,24,11,13,10,14,30,9.40366615952121,10.216691162218,0.364670555291956,30
"6690","AL","Boca da Mata",27356,12132.78,27012,"São Miguel dos Campos",2,"Nordeste",1,"270100",7,29,12,17,10,19,0,0,0,0,0,29,12,17,10,19,24,9.40366615952121,10.216691162218,0.37741667516701,29
"6691","AL","Branquinha",10460,47215.27,27009,"Mata Alagoana",2,"Nordeste",0,"270110",2,30,15,15,16,14,0,0,0,0,0,30,15,15,16,14,7,10.7624726362025,9.25531373761891,0.308721966842184,29
"6692","AL","Branquinha",10460,47215.27,27009,"Mata Alagoana",2,"Nordeste",0,"270110",3,17,4,13,10,7,0,0,0,0,0,17,4,13,10,7,3,10.7624726362025,9.25531373761891,0.377090910478344,31
"6693","AL","Branquinha",10460,47215.27,27009,"Mata Alagoana",2,"Nordeste",0,"270110",4,17,8,9,11,6,0,0,0,0,0,17,8,9,11,6,4,10.7624726362025,9.25531373761891,0.442815060009222,30
"6694","AL","Branquinha",10460,47215.27,27009,"Mata Alagoana",2,"Nordeste",0,"270110",5,12,7,5,7,5,0,0,0,0,0,12,7,5,7,5,9,10.7624726362025,9.25531373761891,0.438346342589876,31
"6695","AL","Branquinha",10460,47215.27,27009,"Mata Alagoana",2,"Nordeste",0,"270110",6,16,10,6,11,5,0,0,0,0,0,16,10,6,11,5,13,10.7624726362025,9.25531373761891,0.438183307236288,30
"6696","AL","Branquinha",10460,47215.27,27009,"Mata Alagoana",2,"Nordeste",0,"270110",7,23,16,7,13,10,0,0,0,0,0,23,16,7,13,10,7,10.7624726362025,9.25531373761891,0.471498106086769,29
"6697","AL","Cacimbinhas",10889,8781.74,27005,"Palmeira dos Índios",2,"Nordeste",0,"270120",2,14,9,5,7,7,0,0,0,0,0,14,9,5,7,7,5,9.0804298446711,9.29550838434606,0.27050309616405,29
"6698","AL","Cacimbinhas",10889,8781.74,27005,"Palmeira dos Índios",2,"Nordeste",0,"270120",3,13,6,7,9,4,0,0,0,0,0,13,6,7,9,4,9,9.0804298446711,9.29550838434606,0.355388357453025,31
"6699","AL","Cacimbinhas",10889,8781.74,27005,"Palmeira dos Índios",2,"Nordeste",0,"270120",4,14,9,5,8,6,0,0,0,0,0,14,9,5,8,6,4,9.0804298446711,9.29550838434606,0.385160093495696,30
"6700","AL","Cacimbinhas",10889,8781.74,27005,"Palmeira dos Índios",2,"Nordeste",0,"270120",5,10,6,4,5,5,0,0,0,0,0,10,6,4,5,5,9,9.0804298446711,9.29550838434606,0.400235246613696,31
"6701","AL","Cacimbinhas",10889,8781.74,27005,"Palmeira dos Índios",2,"Nordeste",0,"270120",6,6,4,2,3,3,0,0,0,0,0,6,4,2,3,3,5,9.0804298446711,9.29550838434606,0.400250971926826,30
"6702","AL","Cacimbinhas",10889,8781.74,27005,"Palmeira dos Índios",2,"Nordeste",0,"270120",7,12,8,4,7,5,0,0,0,0,0,12,8,4,7,5,5,9.0804298446711,9.29550838434606,0.411614243132273,29
"6703","AL","Cajueiro",21331,8676.02,27009,"Mata Alagoana",2,"Nordeste",1,"270130",2,34,21,13,18,16,1,0,0,0,0,35,21,13,18,16,13,9.06831817715388,9.96791669269182,0.308361946164502,29
"6704","AL","Cajueiro",21331,8676.02,27009,"Mata Alagoana",2,"Nordeste",1,"270130",3,30,18,12,17,13,0,0,0,0,0,30,18,12,17,13,14,9.06831817715388,9.96791669269182,0.391204921361176,31
"6705","AL","Cajueiro",21331,8676.02,27009,"Mata Alagoana",2,"Nordeste",1,"270130",4,27,19,8,12,15,0,0,0,0,0,27,19,8,12,15,15,9.06831817715388,9.96791669269182,0.423287012101018,30
"6706","AL","Cajueiro",21331,8676.02,27009,"Mata Alagoana",2,"Nordeste",1,"270130",5,29,18,11,16,13,0,0,0,0,0,29,18,11,16,13,21,9.06831817715388,9.96791669269182,0.439780469663856,31
"6707","AL","Cajueiro",21331,8676.02,27009,"Mata Alagoana",2,"Nordeste",1,"270130",6,25,13,12,15,10,2,0,0,0,0,27,13,12,15,10,27,9.06831817715388,9.96791669269182,0.400128709750581,30
"6708","AL","Cajueiro",21331,8676.02,27009,"Mata Alagoana",2,"Nordeste",1,"270130",7,20,10,10,12,8,0,0,0,0,0,20,10,10,12,8,7,9.06831817715388,9.96791669269182,0.417699049713362,29
"6709","AL","Campestre",6954,8437.5,27009,"Mata Alagoana",2,"Nordeste",0,"270135",2,21,10,11,13,8,0,0,0,0,0,21,10,11,13,8,3,9.04044133518079,8.84707231256781,0.315093510270858,29
"6710","AL","Campestre",6954,8437.5,27009,"Mata Alagoana",2,"Nordeste",0,"270135",3,13,5,8,6,7,0,0,0,0,0,13,5,8,6,7,2,9.04044133518079,8.84707231256781,0.369133658920872,31
"6711","AL","Campestre",6954,8437.5,27009,"Mata Alagoana",2,"Nordeste",0,"270135",4,7,3,4,3,4,0,0,0,0,0,7,3,4,3,4,2,9.04044133518079,8.84707231256781,0.421348125692244,30
"6712","AL","Campestre",6954,8437.5,27009,"Mata Alagoana",2,"Nordeste",0,"270135",5,9,5,4,4,5,0,0,0,0,0,9,5,4,4,5,6,9.04044133518079,8.84707231256781,0.450885752789187,31
"6713","AL","Campestre",6954,8437.5,27009,"Mata Alagoana",2,"Nordeste",0,"270135",6,10,6,4,8,2,0,0,0,0,0,10,6,4,8,2,11,9.04044133518079,8.84707231256781,0.42116152675413,30
"6714","AL","Campestre",6954,8437.5,27009,"Mata Alagoana",2,"Nordeste",0,"270135",7,7,3,4,4,3,0,0,0,0,0,7,3,4,4,3,2,9.04044133518079,8.84707231256781,0.461087606024383,29
"6715","AL","Campo Alegre",57537,8124.18,27012,"São Miguel dos Campos",2,"Nordeste",1,"270140",2,56,24,32,32,24,1,0,0,0,0,57,24,32,32,24,18,9.00260007902794,10.9601834981029,0.298332813421921,29
"6716","AL","Campo Alegre",57537,8124.18,27012,"São Miguel dos Campos",2,"Nordeste",1,"270140",3,51,14,37,28,23,0,0,0,0,0,51,14,37,28,23,13,9.00260007902794,10.9601834981029,0.39771069490243,31
"6717","AL","Campo Alegre",57537,8124.18,27012,"São Miguel dos Campos",2,"Nordeste",1,"270140",4,41,13,28,25,16,0,0,0,0,0,41,13,28,25,16,18,9.00260007902794,10.9601834981029,0.40896858569686,30
"6718","AL","Campo Alegre",57537,8124.18,27012,"São Miguel dos Campos",2,"Nordeste",1,"270140",5,39,12,27,26,13,0,0,0,0,0,39,12,27,26,13,23,9.00260007902794,10.9601834981029,0.409661525239272,31
"6719","AL","Campo Alegre",57537,8124.18,27012,"São Miguel dos Campos",2,"Nordeste",1,"270140",6,45,23,22,30,15,0,0,0,0,0,45,23,22,30,15,31,9.00260007902794,10.9601834981029,0.403165746913969,30
"6720","AL","Campo Alegre",57537,8124.18,27012,"São Miguel dos Campos",2,"Nordeste",1,"270140",7,38,11,27,21,17,1,0,0,0,0,39,11,27,21,17,11,9.00260007902794,10.9601834981029,0.423909759798584,29
"6721","AL","Campo Grande",9567,8976.96,27006,"Arapiraca",2,"Nordeste",0,"270150",2,24,15,9,9,15,0,0,0,0,0,24,15,9,9,15,5,9.10241657391519,9.16607495567817,0.290358565967857,29
"6722","AL","Campo Grande",9567,8976.96,27006,"Arapiraca",2,"Nordeste",0,"270150",3,22,13,9,12,10,0,0,0,0,0,22,13,9,12,10,4,9.10241657391519,9.16607495567817,0.38078987010756,31
"6723","AL","Campo Grande",9567,8976.96,27006,"Arapiraca",2,"Nordeste",0,"270150",4,14,7,7,7,7,0,0,0,0,0,14,7,7,7,7,11,9.10241657391519,9.16607495567817,0.381554639663041,30
"6724","AL","Campo Grande",9567,8976.96,27006,"Arapiraca",2,"Nordeste",0,"270150",5,16,8,8,8,8,0,0,0,0,0,16,8,8,8,8,12,9.10241657391519,9.16607495567817,0.390876027857784,31
"6725","AL","Campo Grande",9567,8976.96,27006,"Arapiraca",2,"Nordeste",0,"270150",6,8,4,4,4,4,0,0,0,0,0,8,4,4,4,4,9,9.10241657391519,9.16607495567817,0.378900917050326,30
"6726","AL","Campo Grande",9567,8976.96,27006,"Arapiraca",2,"Nordeste",0,"270150",7,13,8,5,5,8,0,0,0,0,0,13,8,5,5,8,10,9.10241657391519,9.16607495567817,0.427315248293193,29
"6727","AL","Canapi",17719,6629.41,27001,"Serrana do Sertão Alagoano",2,"Nordeste",0,"270160",2,27,15,12,17,10,0,0,0,0,0,27,15,12,17,10,9,8.79927108977818,9.78239278915807,0.301108090776236,29
"6728","AL","Canapi",17719,6629.41,27001,"Serrana do Sertão Alagoano",2,"Nordeste",0,"270160",3,27,17,10,15,12,0,0,0,0,0,27,17,10,15,12,12,8.79927108977818,9.78239278915807,0.353320612650354,31
"6729","AL","Canapi",17719,6629.41,27001,"Serrana do Sertão Alagoano",2,"Nordeste",0,"270160",4,25,16,9,14,11,0,0,0,0,0,25,16,9,14,11,12,8.79927108977818,9.78239278915807,0.418507259221117,30
"6730","AL","Canapi",17719,6629.41,27001,"Serrana do Sertão Alagoano",2,"Nordeste",0,"270160",5,27,14,13,17,10,0,0,0,0,0,27,14,13,17,10,11,8.79927108977818,9.78239278915807,0.419880782431928,31
"6731","AL","Canapi",17719,6629.41,27001,"Serrana do Sertão Alagoano",2,"Nordeste",0,"270160",6,38,23,15,17,21,0,0,0,0,0,38,23,15,17,21,17,8.79927108977818,9.78239278915807,0.403161603646879,30
"6732","AL","Canapi",17719,6629.41,27001,"Serrana do Sertão Alagoano",2,"Nordeste",0,"270160",7,29,14,15,19,10,1,0,0,0,0,30,14,15,19,10,11,8.79927108977818,9.78239278915807,0.449290329900676,29
"6733","AL","Capela",16979,10749.33,27009,"Mata Alagoana",2,"Nordeste",0,"270170",2,36,12,24,18,18,1,0,0,0,0,37,12,24,18,18,7,9.28259870603209,9.73973256531601,0.290572290192604,29
"6734","AL","Capela",16979,10749.33,27009,"Mata Alagoana",2,"Nordeste",0,"270170",3,17,6,11,7,10,0,0,0,0,0,17,6,11,7,10,8,9.28259870603209,9.73973256531601,0.378470991497102,31
"6735","AL","Capela",16979,10749.33,27009,"Mata Alagoana",2,"Nordeste",0,"270170",4,13,5,8,4,9,0,0,0,0,0,13,5,8,4,9,8,9.28259870603209,9.73973256531601,0.396938534702259,30
"6736","AL","Capela",16979,10749.33,27009,"Mata Alagoana",2,"Nordeste",0,"270170",5,19,7,12,15,4,0,0,0,0,0,19,7,12,15,4,12,9.28259870603209,9.73973256531601,0.412305466628853,31
"6737","AL","Capela",16979,10749.33,27009,"Mata Alagoana",2,"Nordeste",0,"270170",6,21,12,9,12,9,0,0,0,0,0,21,12,9,12,9,22,9.28259870603209,9.73973256531601,0.409142270718099,30
"6738","AL","Capela",16979,10749.33,27009,"Mata Alagoana",2,"Nordeste",0,"270170",7,18,9,9,9,9,0,0,0,0,0,18,9,9,9,9,14,9.28259870603209,9.73973256531601,0.446902225324922,29
"6739","AL","Carneiros",9159,6885.91,27003,"Santana do Ipanema",2,"Nordeste",0,"270180",2,15,7,8,9,6,0,0,0,0,0,15,7,8,9,6,8,8.83723257381596,9.12249228140299,0.320254789470703,29
"6740","AL","Carneiros",9159,6885.91,27003,"Santana do Ipanema",2,"Nordeste",0,"270180",3,7,4,3,4,3,0,0,0,0,0,7,4,3,4,3,6,8.83723257381596,9.12249228140299,0.395677635746429,31
"6741","AL","Carneiros",9159,6885.91,27003,"Santana do Ipanema",2,"Nordeste",0,"270180",4,7,5,2,4,3,0,0,0,0,0,7,5,2,4,3,6,8.83723257381596,9.12249228140299,0.414780591803871,30
"6742","AL","Carneiros",9159,6885.91,27003,"Santana do Ipanema",2,"Nordeste",0,"270180",5,7,5,2,3,4,0,0,0,0,0,7,5,2,3,4,6,8.83723257381596,9.12249228140299,0.457360617563092,31
"6743","AL","Carneiros",9159,6885.91,27003,"Santana do Ipanema",2,"Nordeste",0,"270180",6,15,10,5,9,6,0,0,0,0,0,15,10,5,9,6,2,8.83723257381596,9.12249228140299,0.441736981994604,30
"6744","AL","Carneiros",9159,6885.91,27003,"Santana do Ipanema",2,"Nordeste",0,"270180",7,10,4,6,2,8,0,0,0,0,0,10,4,6,2,8,5,8.83723257381596,9.12249228140299,0.456254059287689,29
"6745","AL","Chã Preta",7311,15809.36,27008,"Serrana dos Quilombos",2,"Nordeste",0,"270190",2,6,3,3,4,2,0,0,0,0,0,6,3,3,4,2,2,9.66835744867574,8.89713534229332,0.288950840579385,29
"6746","AL","Chã Preta",7311,15809.36,27008,"Serrana dos Quilombos",2,"Nordeste",0,"270190",3,6,4,2,2,4,0,0,0,0,0,6,4,2,2,4,4,9.66835744867574,8.89713534229332,0.378974764756441,31
"6747","AL","Chã Preta",7311,15809.36,27008,"Serrana dos Quilombos",2,"Nordeste",0,"270190",4,7,3,4,6,1,0,0,0,0,0,7,3,4,6,1,0,9.66835744867574,8.89713534229332,0.405245117857967,30
"6748","AL","Chã Preta",7311,15809.36,27008,"Serrana dos Quilombos",2,"Nordeste",0,"270190",5,8,5,3,4,4,0,0,0,0,0,8,5,3,4,4,1,9.66835744867574,8.89713534229332,0.428239566963353,31
"6749","AL","Chã Preta",7311,15809.36,27008,"Serrana dos Quilombos",2,"Nordeste",0,"270190",6,12,6,6,9,3,0,0,0,0,0,12,6,6,9,3,3,9.66835744867574,8.89713534229332,0.41004709306688,30
"6750","AL","Chã Preta",7311,15809.36,27008,"Serrana dos Quilombos",2,"Nordeste",0,"270190",7,11,8,3,5,6,0,0,0,0,0,11,8,3,5,6,1,9.66835744867574,8.89713534229332,0.443782284359703,29
"6751","AL","Coité do Nóia",10643,9180.75,27006,"Arapiraca",2,"Nordeste",0,"270200",2,29,12,17,11,18,0,0,0,0,0,29,12,17,11,18,5,9.12486417962373,9.27265767804104,0.280208763851404,29
"6752","AL","Coité do Nóia",10643,9180.75,27006,"Arapiraca",2,"Nordeste",0,"270200",3,13,5,8,5,8,0,0,0,0,0,13,5,8,5,8,6,9.12486417962373,9.27265767804104,0.380474077794437,31
"6753","AL","Coité do Nóia",10643,9180.75,27006,"Arapiraca",2,"Nordeste",0,"270200",4,16,6,10,6,10,0,0,0,0,0,16,6,10,6,10,8,9.12486417962373,9.27265767804104,0.400969999339736,30
"6754","AL","Coité do Nóia",10643,9180.75,27006,"Arapiraca",2,"Nordeste",0,"270200",5,9,5,4,0,9,0,0,0,0,0,9,5,4,0,9,7,9.12486417962373,9.27265767804104,0.428547871300042,31
"6755","AL","Coité do Nóia",10643,9180.75,27006,"Arapiraca",2,"Nordeste",0,"270200",6,20,8,12,12,8,0,0,0,0,0,20,8,12,12,8,7,9.12486417962373,9.27265767804104,0.403773328980115,30
"6756","AL","Coité do Nóia",10643,9180.75,27006,"Arapiraca",2,"Nordeste",0,"270200",7,18,6,12,7,11,0,0,0,0,0,18,6,12,7,11,9,9.12486417962373,9.27265767804104,0.433288689982462,29
"6757","AL","Colônia Leopoldina",21818,11732.49,27009,"Mata Alagoana",2,"Nordeste",1,"270210",2,43,19,24,23,20,0,0,0,0,0,43,19,24,23,20,9,9.37011719533495,9.9904905961577,0.296381134031746,29
"6758","AL","Colônia Leopoldina",21818,11732.49,27009,"Mata Alagoana",2,"Nordeste",1,"270210",3,27,12,15,16,11,0,0,0,0,0,27,12,15,16,11,13,9.37011719533495,9.9904905961577,0.390728666168997,31
"6759","AL","Colônia Leopoldina",21818,11732.49,27009,"Mata Alagoana",2,"Nordeste",1,"270210",4,21,7,14,12,9,0,0,0,0,0,21,7,14,12,9,7,9.37011719533495,9.9904905961577,0.408832281264528,30
"6760","AL","Colônia Leopoldina",21818,11732.49,27009,"Mata Alagoana",2,"Nordeste",1,"270210",5,15,5,10,10,5,1,0,0,0,0,16,5,10,10,5,19,9.37011719533495,9.9904905961577,0.41378100330388,31
"6761","AL","Colônia Leopoldina",21818,11732.49,27009,"Mata Alagoana",2,"Nordeste",1,"270210",6,11,6,5,7,4,0,0,0,0,0,11,6,5,7,4,18,9.37011719533495,9.9904905961577,0.36924770589633,30
"6762","AL","Colônia Leopoldina",21818,11732.49,27009,"Mata Alagoana",2,"Nordeste",1,"270210",7,20,9,11,11,9,0,0,0,0,0,20,9,11,11,9,15,9.37011719533495,9.9904905961577,0.396289768901572,29
"6763","AL","Coqueiro Seco",5864,11856.95,27011,"Maceió",2,"Nordeste",1,"270220",2,13,6,7,5,8,0,0,0,0,0,13,6,7,5,8,3,9.3806694725309,8.67658724356649,0.298470724226325,29
"6764","AL","Coqueiro Seco",5864,11856.95,27011,"Maceió",2,"Nordeste",1,"270220",3,9,6,3,3,6,0,0,0,0,0,9,6,3,3,6,4,9.3806694725309,8.67658724356649,0.396827980714805,31
"6765","AL","Coqueiro Seco",5864,11856.95,27011,"Maceió",2,"Nordeste",1,"270220",4,12,2,10,6,6,1,0,0,0,0,13,2,10,6,6,5,9.3806694725309,8.67658724356649,0.42324112157933,30
"6766","AL","Coqueiro Seco",5864,11856.95,27011,"Maceió",2,"Nordeste",1,"270220",5,8,2,6,6,2,0,0,0,0,0,8,2,6,6,2,8,9.3806694725309,8.67658724356649,0.428664454694154,31
"6767","AL","Coqueiro Seco",5864,11856.95,27011,"Maceió",2,"Nordeste",1,"270220",6,10,5,5,3,7,0,0,0,0,0,10,5,5,3,7,9,9.3806694725309,8.67658724356649,0.402057192256933,30
"6768","AL","Coqueiro Seco",5864,11856.95,27011,"Maceió",2,"Nordeste",1,"270220",7,8,3,5,5,3,0,0,0,0,0,8,3,5,5,3,3,9.3806694725309,8.67658724356649,0.404351516379763,29
"6769","AL","Coruripe",57294,22506.12,27012,"São Miguel dos Campos",2,"Nordeste",1,"270230",2,121,43,78,62,59,0,0,0,0,0,121,43,78,62,59,27,10.0215425512072,10.9559511851783,0.290563772661798,29
"6770","AL","Coruripe",57294,22506.12,27012,"São Miguel dos Campos",2,"Nordeste",1,"270230",3,100,28,72,43,57,1,0,0,0,0,101,28,72,43,57,25,10.0215425512072,10.9559511851783,0.379359056193046,31
"6771","AL","Coruripe",57294,22506.12,27012,"São Miguel dos Campos",2,"Nordeste",1,"270230",4,81,30,51,39,42,1,0,0,0,0,82,30,51,39,42,26,10.0215425512072,10.9559511851783,0.387426925995379,30
"6772","AL","Coruripe",57294,22506.12,27012,"São Miguel dos Campos",2,"Nordeste",1,"270230",5,76,30,46,39,37,1,0,0,0,0,77,30,46,39,37,50,10.0215425512072,10.9559511851783,0.427778837674576,31
"6773","AL","Coruripe",57294,22506.12,27012,"São Miguel dos Campos",2,"Nordeste",1,"270230",6,96,34,62,48,48,0,0,0,0,0,96,34,62,48,48,67,10.0215425512072,10.9559511851783,0.394177321214057,30
"6774","AL","Coruripe",57294,22506.12,27012,"São Miguel dos Campos",2,"Nordeste",1,"270230",7,61,26,35,29,32,0,0,0,0,0,61,26,35,29,32,36,10.0215425512072,10.9559511851783,0.405445602124105,29
"6775","AL","Craíbas",24309,9002.53,27006,"Arapiraca",2,"Nordeste",0,"270235",2,53,24,29,29,24,0,0,0,0,0,53,24,29,29,24,13,9.10526092792514,10.0986019311288,0.277950223345962,29
"6776","AL","Craíbas",24309,9002.53,27006,"Arapiraca",2,"Nordeste",0,"270235",3,61,34,27,27,34,0,0,0,0,0,61,34,27,27,34,10,9.10526092792514,10.0986019311288,0.350547792847365,31
"6777","AL","Craíbas",24309,9002.53,27006,"Arapiraca",2,"Nordeste",0,"270235",4,34,19,15,16,18,0,0,0,0,0,34,19,15,16,18,10,9.10526092792514,10.0986019311288,0.37660123513297,30
"6778","AL","Craíbas",24309,9002.53,27006,"Arapiraca",2,"Nordeste",0,"270235",5,35,15,20,11,24,0,0,0,0,0,35,15,20,11,24,30,9.10526092792514,10.0986019311288,0.381591486599782,31
"6779","AL","Craíbas",24309,9002.53,27006,"Arapiraca",2,"Nordeste",0,"270235",6,32,20,12,15,17,0,0,0,0,0,32,20,12,15,17,19,9.10526092792514,10.0986019311288,0.373650919881809,30
"6780","AL","Craíbas",24309,9002.53,27006,"Arapiraca",2,"Nordeste",0,"270235",7,28,15,13,15,13,0,0,0,0,0,28,15,13,15,13,15,9.10526092792514,10.0986019311288,0.395817684986242,29
"6781","AL","Delmiro Gouveia",52262,10039.86,27002,"Alagoana do Sertão do São Francisco",2,"Nordeste",1,"270240",2,109,44,65,46,63,2,0,0,0,0,111,44,65,46,63,23,9.21431844892539,10.8640248085298,0.29799169023856,29
"6782","AL","Delmiro Gouveia",52262,10039.86,27002,"Alagoana do Sertão do São Francisco",2,"Nordeste",1,"270240",3,96,39,57,48,48,1,0,0,0,0,97,39,57,48,48,31,9.21431844892539,10.8640248085298,0.402938215927991,31
"6783","AL","Delmiro Gouveia",52262,10039.86,27002,"Alagoana do Sertão do São Francisco",2,"Nordeste",1,"270240",4,63,33,30,35,28,2,0,0,0,0,65,33,30,35,28,33,9.21431844892539,10.8640248085298,0.425187962420216,30
"6784","AL","Delmiro Gouveia",52262,10039.86,27002,"Alagoana do Sertão do São Francisco",2,"Nordeste",1,"270240",5,69,31,38,34,35,0,0,0,0,0,69,31,38,34,35,36,9.21431844892539,10.8640248085298,0.423153837593663,31
"6785","AL","Delmiro Gouveia",52262,10039.86,27002,"Alagoana do Sertão do São Francisco",2,"Nordeste",1,"270240",6,62,41,21,34,28,0,0,0,0,0,62,41,21,34,28,39,9.21431844892539,10.8640248085298,0.408995170956462,30
"6786","AL","Delmiro Gouveia",52262,10039.86,27002,"Alagoana do Sertão do São Francisco",2,"Nordeste",1,"270240",7,56,34,22,29,27,0,0,0,0,0,56,34,22,29,27,42,9.21431844892539,10.8640248085298,0.438551145545886,29
"6787","AL","Dois Riachos",11067,6673.15,27003,"Santana do Ipanema",2,"Nordeste",0,"270250",2,12,5,7,4,8,0,0,0,0,0,12,5,7,4,8,7,8.80584729129625,9.31172298626479,0.300924394900759,29
"6788","AL","Dois Riachos",11067,6673.15,27003,"Santana do Ipanema",2,"Nordeste",0,"270250",3,14,10,4,5,9,0,0,0,0,0,14,10,4,5,9,2,8.80584729129625,9.31172298626479,0.357808500847812,31
"6789","AL","Dois Riachos",11067,6673.15,27003,"Santana do Ipanema",2,"Nordeste",0,"270250",4,13,5,8,5,8,0,0,0,0,0,13,5,8,5,8,4,8.80584729129625,9.31172298626479,0.393580177982635,30
"6790","AL","Dois Riachos",11067,6673.15,27003,"Santana do Ipanema",2,"Nordeste",0,"270250",5,10,7,3,6,4,0,0,0,0,0,10,7,3,6,4,9,8.80584729129625,9.31172298626479,0.410798757043503,31
"6791","AL","Dois Riachos",11067,6673.15,27003,"Santana do Ipanema",2,"Nordeste",0,"270250",6,14,5,9,4,10,1,0,0,0,0,15,5,9,4,10,7,8.80584729129625,9.31172298626479,0.381644805565199,30
"6792","AL","Dois Riachos",11067,6673.15,27003,"Santana do Ipanema",2,"Nordeste",0,"270250",7,15,6,9,4,11,0,0,0,0,0,15,6,9,4,11,5,8.80584729129625,9.31172298626479,0.42697785771579,29
"6793","AL","Estrela de Alagoas",18255,6405.96,27005,"Palmeira dos Índios",2,"Nordeste",0,"270255",2,33,10,23,19,14,0,0,0,0,0,33,10,23,19,14,12,8.7649840860035,9.81219429408974,0.305526644171139,29
"6794","AL","Estrela de Alagoas",18255,6405.96,27005,"Palmeira dos Índios",2,"Nordeste",0,"270255",3,24,16,8,12,12,0,0,0,0,0,24,16,8,12,12,13,8.7649840860035,9.81219429408974,0.387652725512738,31
"6795","AL","Estrela de Alagoas",18255,6405.96,27005,"Palmeira dos Índios",2,"Nordeste",0,"270255",4,19,6,13,6,13,0,0,0,0,0,19,6,13,6,13,8,8.7649840860035,9.81219429408974,0.420744178678534,30
"6796","AL","Estrela de Alagoas",18255,6405.96,27005,"Palmeira dos Índios",2,"Nordeste",0,"270255",5,13,8,5,3,10,1,0,0,0,0,14,8,5,3,10,12,8.7649840860035,9.81219429408974,0.436358363437531,31
"6797","AL","Estrela de Alagoas",18255,6405.96,27005,"Palmeira dos Índios",2,"Nordeste",0,"270255",6,29,13,16,13,16,0,0,0,0,0,29,13,16,13,16,11,8.7649840860035,9.81219429408974,0.432840293148662,30
"6798","AL","Estrela de Alagoas",18255,6405.96,27005,"Palmeira dos Índios",2,"Nordeste",0,"270255",7,26,11,15,8,18,0,0,0,0,0,26,11,15,8,18,11,8.7649840860035,9.81219429408974,0.460458798557395,29
"6799","AL","Feira Grande",22178,14675.24,27006,"Arapiraca",2,"Nordeste",0,"270260",2,49,21,28,15,34,0,0,0,0,0,49,21,28,15,34,7,9.59391699890669,10.0068560855132,0.321085788866645,29
"6800","AL","Feira Grande",22178,14675.24,27006,"Arapiraca",2,"Nordeste",0,"270260",3,44,21,23,19,25,0,0,0,0,0,44,21,23,19,25,16,9.59391699890669,10.0068560855132,0.389996519429159,31
"6801","AL","Feira Grande",22178,14675.24,27006,"Arapiraca",2,"Nordeste",0,"270260",4,34,17,17,16,18,0,0,0,0,0,34,17,17,16,18,12,9.59391699890669,10.0068560855132,0.405118061552246,30
"6802","AL","Feira Grande",22178,14675.24,27006,"Arapiraca",2,"Nordeste",0,"270260",5,23,10,13,9,14,0,0,0,0,0,23,10,13,9,14,9,9.59391699890669,10.0068560855132,0.425391195320333,31
"6803","AL","Feira Grande",22178,14675.24,27006,"Arapiraca",2,"Nordeste",0,"270260",6,42,21,21,15,27,0,0,0,0,0,42,21,21,15,27,22,9.59391699890669,10.0068560855132,0.410303736827812,30
"6804","AL","Feira Grande",22178,14675.24,27006,"Arapiraca",2,"Nordeste",0,"270260",7,29,15,14,12,17,1,0,0,0,0,30,15,14,12,17,17,9.59391699890669,10.0068560855132,0.439216058333917,29
"6805","AL","Feliz Deserto",4779,26515.77,27013,"Penedo",2,"Nordeste",0,"270270",2,11,5,6,1,10,1,0,0,0,0,12,5,6,1,10,5,10.1854949293155,8.47198659857816,0.271948697025889,29
"6806","AL","Feliz Deserto",4779,26515.77,27013,"Penedo",2,"Nordeste",0,"270270",3,8,3,5,4,4,0,0,0,0,0,8,3,5,4,4,2,10.1854949293155,8.47198659857816,0.350318170622711,31
"6807","AL","Feliz Deserto",4779,26515.77,27013,"Penedo",2,"Nordeste",0,"270270",4,5,1,4,3,2,0,0,0,0,0,5,1,4,3,2,2,10.1854949293155,8.47198659857816,0.396644065276836,30
"6808","AL","Feliz Deserto",4779,26515.77,27013,"Penedo",2,"Nordeste",0,"270270",5,5,4,1,1,4,0,0,0,0,0,5,4,1,1,4,8,10.1854949293155,8.47198659857816,0.432805109695875,31
"6809","AL","Feliz Deserto",4779,26515.77,27013,"Penedo",2,"Nordeste",0,"270270",6,5,1,4,3,2,0,0,0,0,0,5,1,4,3,2,7,10.1854949293155,8.47198659857816,0.395846605916315,30
"6810","AL","Feliz Deserto",4779,26515.77,27013,"Penedo",2,"Nordeste",0,"270270",7,5,5,0,5,0,1,0,0,0,0,6,5,0,5,0,3,10.1854949293155,8.47198659857816,0.429870272116762,29
"6811","AL","Flexeiras",12807,11307.07,27009,"Mata Alagoana",2,"Nordeste",1,"270280",2,21,8,13,12,9,0,0,0,0,0,21,8,13,12,9,1,9.3331834727713,9.45774717542607,0.305892555244529,29
"6812","AL","Flexeiras",12807,11307.07,27009,"Mata Alagoana",2,"Nordeste",1,"270280",3,22,8,14,11,11,0,0,0,0,0,22,8,14,11,11,8,9.3331834727713,9.45774717542607,0.377891609047674,31
"6813","AL","Flexeiras",12807,11307.07,27009,"Mata Alagoana",2,"Nordeste",1,"270280",4,14,6,8,12,2,0,0,0,0,0,14,6,8,12,2,8,9.3331834727713,9.45774717542607,0.422531298087007,30
"6814","AL","Flexeiras",12807,11307.07,27009,"Mata Alagoana",2,"Nordeste",1,"270280",5,13,5,8,8,5,0,0,0,0,0,13,5,8,8,5,4,9.3331834727713,9.45774717542607,0.437863216035687,31
"6815","AL","Flexeiras",12807,11307.07,27009,"Mata Alagoana",2,"Nordeste",1,"270280",6,14,8,6,11,3,0,0,0,0,0,14,8,6,11,3,10,9.3331834727713,9.45774717542607,0.418572330148124,30
"6816","AL","Flexeiras",12807,11307.07,27009,"Mata Alagoana",2,"Nordeste",1,"270280",7,16,6,10,7,9,0,0,0,0,0,16,6,10,7,9,7,9.3331834727713,9.45774717542607,0.425115865236585,29
"6817","AL","Girau do Ponciano",41237,8473.94,27006,"Arapiraca",2,"Nordeste",0,"270290",2,67,28,39,32,35,1,0,0,0,0,68,28,39,32,35,13,9.04475085067996,10.627091190577,0.317203704160062,29
"6818","AL","Girau do Ponciano",41237,8473.94,27006,"Arapiraca",2,"Nordeste",0,"270290",3,93,40,53,38,55,0,0,0,0,0,93,40,53,38,55,16,9.04475085067996,10.627091190577,0.402645043812053,31
"6819","AL","Girau do Ponciano",41237,8473.94,27006,"Arapiraca",2,"Nordeste",0,"270290",4,69,31,38,22,47,0,0,0,0,0,69,31,38,22,47,18,9.04475085067996,10.627091190577,0.420682936671323,30
"6820","AL","Girau do Ponciano",41237,8473.94,27006,"Arapiraca",2,"Nordeste",0,"270290",5,44,24,20,24,20,0,0,0,0,0,44,24,20,24,20,13,9.04475085067996,10.627091190577,0.435322566512749,31
"6821","AL","Girau do Ponciano",41237,8473.94,27006,"Arapiraca",2,"Nordeste",0,"270290",6,48,21,27,21,27,0,0,0,0,0,48,21,27,21,27,33,9.04475085067996,10.627091190577,0.431489210100742,30
"6822","AL","Girau do Ponciano",41237,8473.94,27006,"Arapiraca",2,"Nordeste",0,"270290",7,49,26,23,19,30,0,0,0,0,0,49,26,23,19,30,24,9.04475085067996,10.627091190577,0.442990118114511,29
"6823","AL","Ibateguara",15627,8634.84,27008,"Serrana dos Quilombos",2,"Nordeste",0,"270300",2,30,20,10,19,11,1,0,0,0,0,31,20,10,19,11,11,9.06356046116765,9.6567554664133,0.288502513723142,29
"6824","AL","Ibateguara",15627,8634.84,27008,"Serrana dos Quilombos",2,"Nordeste",0,"270300",3,34,20,14,18,16,0,0,0,0,0,34,20,14,18,16,7,9.06356046116765,9.6567554664133,0.352621840162246,31
"6825","AL","Ibateguara",15627,8634.84,27008,"Serrana dos Quilombos",2,"Nordeste",0,"270300",4,19,13,6,12,7,0,0,0,0,0,19,13,6,12,7,9,9.06356046116765,9.6567554664133,0.37443631949523,30
"6826","AL","Ibateguara",15627,8634.84,27008,"Serrana dos Quilombos",2,"Nordeste",0,"270300",5,15,8,7,13,2,0,0,0,0,0,15,8,7,13,2,15,9.06356046116765,9.6567554664133,0.401678853270075,31
"6827","AL","Ibateguara",15627,8634.84,27008,"Serrana dos Quilombos",2,"Nordeste",0,"270300",6,22,13,9,10,12,0,0,0,0,0,22,13,9,10,12,18,9.06356046116765,9.6567554664133,0.387282360361697,30
"6828","AL","Ibateguara",15627,8634.84,27008,"Serrana dos Quilombos",2,"Nordeste",0,"270300",7,23,13,10,16,7,0,0,0,0,0,23,13,10,16,7,18,9.06356046116765,9.6567554664133,0.421146453106481,29
"6829","AL","Igaci",25613,7698.8,27005,"Palmeira dos Índios",2,"Nordeste",0,"270310",2,32,13,19,15,17,0,0,0,0,0,32,13,19,15,17,14,8.94881975154097,10.1508553140745,0.296792811434303,29
"6830","AL","Igaci",25613,7698.8,27005,"Palmeira dos Índios",2,"Nordeste",0,"270310",3,30,11,19,17,13,0,0,0,0,0,30,11,19,17,13,15,8.94881975154097,10.1508553140745,0.378682360644131,31
"6831","AL","Igaci",25613,7698.8,27005,"Palmeira dos Índios",2,"Nordeste",0,"270310",4,29,15,14,15,14,0,0,0,0,0,29,15,14,15,14,11,8.94881975154097,10.1508553140745,0.400117977893688,30
"6832","AL","Igaci",25613,7698.8,27005,"Palmeira dos Índios",2,"Nordeste",0,"270310",5,26,14,12,6,20,0,0,0,0,0,26,14,12,6,20,18,8.94881975154097,10.1508553140745,0.400021625908653,31
"6833","AL","Igaci",25613,7698.8,27005,"Palmeira dos Índios",2,"Nordeste",0,"270310",6,34,18,16,17,17,1,0,0,0,0,35,18,16,17,17,24,8.94881975154097,10.1508553140745,0.401887958917358,30
"6834","AL","Igaci",25613,7698.8,27005,"Palmeira dos Índios",2,"Nordeste",0,"270310",7,28,9,19,15,13,0,0,0,0,0,28,9,19,15,13,24,8.94881975154097,10.1508553140745,0.431702559612362,29
"6835","AL","Igreja Nova",24586,14378.75,27013,"Penedo",2,"Nordeste",0,"270320",2,51,19,32,24,27,0,0,0,0,0,51,19,32,24,27,13,9.57350670121022,10.1099324542273,0.334547457609417,29
"6836","AL","Igreja Nova",24586,14378.75,27013,"Penedo",2,"Nordeste",0,"270320",3,41,16,25,18,23,0,0,0,0,0,41,16,25,18,23,8,9.57350670121022,10.1099324542273,0.4165208614111,31
"6837","AL","Igreja Nova",24586,14378.75,27013,"Penedo",2,"Nordeste",0,"270320",4,29,15,14,19,10,0,0,0,0,0,29,15,14,19,10,12,9.57350670121022,10.1099324542273,0.453942683834559,30
"6838","AL","Igreja Nova",24586,14378.75,27013,"Penedo",2,"Nordeste",0,"270320",5,23,11,12,8,15,1,0,0,0,0,24,11,12,8,15,12,9.57350670121022,10.1099324542273,0.45820267985968,31
"6839","AL","Igreja Nova",24586,14378.75,27013,"Penedo",2,"Nordeste",0,"270320",6,25,12,13,13,12,0,0,0,0,0,25,12,13,13,12,21,9.57350670121022,10.1099324542273,0.449241532294007,30
"6840","AL","Igreja Nova",24586,14378.75,27013,"Penedo",2,"Nordeste",0,"270320",7,22,13,9,10,12,0,0,0,0,0,22,13,9,10,12,20,9.57350670121022,10.1099324542273,0.471285923764522,29
"6841","AL","Inhapi",18392,6413.19,27001,"Serrana do Sertão Alagoano",2,"Nordeste",0,"270330",2,32,15,17,17,15,0,0,0,0,0,32,15,17,17,15,9,8.76611208602949,9.81967106644302,0.297676440187836,29
"6842","AL","Inhapi",18392,6413.19,27001,"Serrana do Sertão Alagoano",2,"Nordeste",0,"270330",3,25,21,4,11,14,0,0,0,0,0,25,21,4,11,14,12,8.76611208602949,9.81967106644302,0.365127912991332,31
"6843","AL","Inhapi",18392,6413.19,27001,"Serrana do Sertão Alagoano",2,"Nordeste",0,"270330",4,24,17,7,11,13,0,0,0,0,0,24,17,7,11,13,10,8.76611208602949,9.81967106644302,0.378394775888559,30
"6844","AL","Inhapi",18392,6413.19,27001,"Serrana do Sertão Alagoano",2,"Nordeste",0,"270330",5,19,14,5,8,11,0,0,0,0,0,19,14,5,8,11,8,8.76611208602949,9.81967106644302,0.414081276550816,31
"6845","AL","Inhapi",18392,6413.19,27001,"Serrana do Sertão Alagoano",2,"Nordeste",0,"270330",6,21,15,6,11,10,0,0,0,0,0,21,15,6,11,10,3,8.76611208602949,9.81967106644302,0.373893347410046,30
"6846","AL","Inhapi",18392,6413.19,27001,"Serrana do Sertão Alagoano",2,"Nordeste",0,"270330",7,16,6,10,8,8,1,0,0,0,0,17,6,10,8,8,9,8.76611208602949,9.81967106644302,0.415450880822347,29
"6847","AL","Jacaré dos Homens",5219,8756.97,27004,"Batalha",2,"Nordeste",0,"270340",2,10,5,5,8,2,0,0,0,0,0,10,5,5,8,2,1,9.07760523368559,8.56006109164341,0.306956521397636,29
"6848","AL","Jacaré dos Homens",5219,8756.97,27004,"Batalha",2,"Nordeste",0,"270340",3,17,12,5,9,8,0,0,0,0,0,17,12,5,9,8,1,9.07760523368559,8.56006109164341,0.363003865192767,31
"6849","AL","Jacaré dos Homens",5219,8756.97,27004,"Batalha",2,"Nordeste",0,"270340",4,10,7,3,6,4,0,0,0,0,0,10,7,3,6,4,2,9.07760523368559,8.56006109164341,0.380921307706312,30
"6850","AL","Jacaré dos Homens",5219,8756.97,27004,"Batalha",2,"Nordeste",0,"270340",5,10,5,5,8,2,0,0,0,0,0,10,5,5,8,2,3,9.07760523368559,8.56006109164341,0.424022191189906,31
"6851","AL","Jacaré dos Homens",5219,8756.97,27004,"Batalha",2,"Nordeste",0,"270340",6,6,3,3,4,2,0,0,0,0,0,6,3,3,4,2,2,9.07760523368559,8.56006109164341,0.365411740934276,30
"6852","AL","Jacaré dos Homens",5219,8756.97,27004,"Batalha",2,"Nordeste",0,"270340",7,8,5,3,5,3,0,0,0,0,0,8,5,3,5,3,2,9.07760523368559,8.56006109164341,0.384353706130192,29
"6853","AL","Japaratinga",8403,19400.16,27010,"Litoral Norte Alagoano",2,"Nordeste",0,"270360",2,17,4,13,10,7,0,0,0,0,0,17,4,13,10,7,3,9.87303659244009,9.03634406392822,0.272236278674281,29
"6854","AL","Japaratinga",8403,19400.16,27010,"Litoral Norte Alagoano",2,"Nordeste",0,"270360",3,19,7,12,15,4,0,0,0,0,0,19,7,12,15,4,4,9.87303659244009,9.03634406392822,0.359622490506934,31
"6855","AL","Japaratinga",8403,19400.16,27010,"Litoral Norte Alagoano",2,"Nordeste",0,"270360",4,12,5,7,8,4,0,0,0,0,0,12,5,7,8,4,3,9.87303659244009,9.03634406392822,0.423644706516246,30
"6856","AL","Japaratinga",8403,19400.16,27010,"Litoral Norte Alagoano",2,"Nordeste",0,"270360",5,17,7,10,6,11,0,0,0,0,0,17,7,10,6,11,4,9.87303659244009,9.03634406392822,0.460201327571135,31
"6857","AL","Japaratinga",8403,19400.16,27010,"Litoral Norte Alagoano",2,"Nordeste",0,"270360",6,9,4,5,7,2,0,0,0,0,0,9,4,5,7,2,6,9.87303659244009,9.03634406392822,0.412610685802881,30
"6858","AL","Japaratinga",8403,19400.16,27010,"Litoral Norte Alagoano",2,"Nordeste",0,"270360",7,22,15,7,10,12,0,0,0,0,0,22,15,7,10,12,5,9.87303659244009,9.03634406392822,0.418364495167974,29
"6859","AL","Jaramataia",5761,9470.32,27004,"Batalha",2,"Nordeste",0,"270370",2,12,5,7,6,6,0,0,0,0,0,12,5,7,6,6,2,9.15591797652792,8.65886634973238,0.288387162745957,29
"6860","AL","Jaramataia",5761,9470.32,27004,"Batalha",2,"Nordeste",0,"270370",3,17,11,6,8,9,0,0,0,0,0,17,11,6,8,9,2,9.15591797652792,8.65886634973238,0.354546075642943,31
"6861","AL","Jaramataia",5761,9470.32,27004,"Batalha",2,"Nordeste",0,"270370",4,3,1,2,3,0,0,0,0,0,0,3,1,2,3,0,3,9.15591797652792,8.65886634973238,0.417055760515639,30
"6862","AL","Jaramataia",5761,9470.32,27004,"Batalha",2,"Nordeste",0,"270370",5,11,7,4,6,5,0,0,0,0,0,11,7,4,6,5,4,9.15591797652792,8.65886634973238,0.432879442826698,31
"6863","AL","Jaramataia",5761,9470.32,27004,"Batalha",2,"Nordeste",0,"270370",6,12,7,5,7,5,0,0,0,0,0,12,7,5,7,5,1,9.15591797652792,8.65886634973238,0.389806533013502,30
"6864","AL","Jaramataia",5761,9470.32,27004,"Batalha",2,"Nordeste",0,"270370",7,6,3,3,3,3,0,0,0,0,0,6,3,3,3,3,6,9.15591797652792,8.65886634973238,0.424298697612453,29
"6865","AL","Jequiá da Praia",11536,18032.24,27012,"São Miguel dos Campos",2,"Nordeste",0,"270375",2,17,4,13,11,6,0,0,0,0,0,17,4,13,11,6,5,9.79991654586268,9.35322785952473,0.315965393884491,29
"6866","AL","Jequiá da Praia",11536,18032.24,27012,"São Miguel dos Campos",2,"Nordeste",0,"270375",3,18,7,11,5,13,0,0,0,0,0,18,7,11,5,13,6,9.79991654586268,9.35322785952473,0.405838471730399,31
"6867","AL","Jequiá da Praia",11536,18032.24,27012,"São Miguel dos Campos",2,"Nordeste",0,"270375",4,18,10,8,12,6,0,0,0,0,0,18,10,8,12,6,2,9.79991654586268,9.35322785952473,0.42101873556218,30
"6868","AL","Jequiá da Praia",11536,18032.24,27012,"São Miguel dos Campos",2,"Nordeste",0,"270375",5,11,6,5,6,5,0,0,0,0,0,11,6,5,6,5,11,9.79991654586268,9.35322785952473,0.48516184944629,31
"6869","AL","Jequiá da Praia",11536,18032.24,27012,"São Miguel dos Campos",2,"Nordeste",0,"270375",6,17,7,10,7,10,0,0,0,0,0,17,7,10,7,10,2,9.79991654586268,9.35322785952473,0.433449297670119,30
"6870","AL","Jequiá da Praia",11536,18032.24,27012,"São Miguel dos Campos",2,"Nordeste",0,"270375",7,10,2,8,4,6,0,0,0,0,0,10,2,8,4,6,5,9.79991654586268,9.35322785952473,0.444416557457026,29
"6871","AL","Joaquim Gomes",24081,10928.99,27009,"Mata Alagoana",2,"Nordeste",0,"270380",2,48,30,18,25,23,0,0,0,0,0,48,30,18,25,23,7,9.29917417067946,10.0891784267997,0.309379252744698,29
"6872","AL","Joaquim Gomes",24081,10928.99,27009,"Mata Alagoana",2,"Nordeste",0,"270380",3,23,15,8,12,11,1,0,0,0,0,24,15,8,12,11,14,9.29917417067946,10.0891784267997,0.404898685557565,31
"6873","AL","Joaquim Gomes",24081,10928.99,27009,"Mata Alagoana",2,"Nordeste",0,"270380",4,36,24,12,23,13,0,0,0,0,0,36,24,12,23,13,9,9.29917417067946,10.0891784267997,0.41777322184869,30
"6874","AL","Joaquim Gomes",24081,10928.99,27009,"Mata Alagoana",2,"Nordeste",0,"270380",5,31,17,14,25,6,0,0,0,0,0,31,17,14,25,6,21,9.29917417067946,10.0891784267997,0.47767990591243,31
"6875","AL","Joaquim Gomes",24081,10928.99,27009,"Mata Alagoana",2,"Nordeste",0,"270380",6,18,8,10,11,7,0,0,0,0,0,18,8,10,11,7,16,9.29917417067946,10.0891784267997,0.436083007168853,30
"6876","AL","Joaquim Gomes",24081,10928.99,27009,"Mata Alagoana",2,"Nordeste",0,"270380",7,25,13,12,12,13,1,0,0,0,0,26,13,12,12,13,14,9.29917417067946,10.0891784267997,0.477069548671037,29
"6877","AL","Junqueiro",24722,12811.41,27012,"São Miguel dos Campos",2,"Nordeste",0,"270400",2,62,25,37,30,32,0,0,0,0,0,62,25,37,30,32,15,9.4580914590911,10.1154488144478,0.283490311307109,29
"6878","AL","Junqueiro",24722,12811.41,27012,"São Miguel dos Campos",2,"Nordeste",0,"270400",3,39,17,22,24,15,2,0,0,0,0,41,17,22,24,15,18,9.4580914590911,10.1154488144478,0.359019569784034,31
"6879","AL","Junqueiro",24722,12811.41,27012,"São Miguel dos Campos",2,"Nordeste",0,"270400",4,19,8,11,10,9,0,0,0,0,0,19,8,11,10,9,12,9.4580914590911,10.1154488144478,0.3970391507523,30
"6880","AL","Junqueiro",24722,12811.41,27012,"São Miguel dos Campos",2,"Nordeste",0,"270400",5,19,8,11,9,10,1,0,0,0,0,20,8,11,9,10,20,9.4580914590911,10.1154488144478,0.419714247457678,31
"6881","AL","Junqueiro",24722,12811.41,27012,"São Miguel dos Campos",2,"Nordeste",0,"270400",6,28,13,15,12,16,0,0,0,0,0,28,13,15,12,16,21,9.4580914590911,10.1154488144478,0.391092794947845,30
"6882","AL","Junqueiro",24722,12811.41,27012,"São Miguel dos Campos",2,"Nordeste",0,"270400",7,36,14,22,15,21,0,0,0,0,0,36,14,22,15,21,21,9.4580914590911,10.1154488144478,0.419217666895734,29
"6883","AL","Lagoa da Canoa",17771,11371.5,27006,"Arapiraca",2,"Nordeste",0,"270410",2,31,11,20,20,11,0,0,0,0,0,31,11,20,20,11,13,9.33886550416447,9.78532319418549,0.31174501159305,29
"6884","AL","Lagoa da Canoa",17771,11371.5,27006,"Arapiraca",2,"Nordeste",0,"270410",3,58,23,35,25,33,0,0,0,0,0,58,23,35,25,33,9,9.33886550416447,9.78532319418549,0.388761020383153,31
"6885","AL","Lagoa da Canoa",17771,11371.5,27006,"Arapiraca",2,"Nordeste",0,"270410",4,28,15,13,18,10,0,0,0,0,0,28,15,13,18,10,10,9.33886550416447,9.78532319418549,0.409961575709213,30
"6886","AL","Lagoa da Canoa",17771,11371.5,27006,"Arapiraca",2,"Nordeste",0,"270410",5,24,10,14,7,17,0,0,0,0,0,24,10,14,7,17,17,9.33886550416447,9.78532319418549,0.43325253677291,31
"6887","AL","Lagoa da Canoa",17771,11371.5,27006,"Arapiraca",2,"Nordeste",0,"270410",6,29,12,17,9,20,0,0,0,0,0,29,12,17,9,20,12,9.33886550416447,9.78532319418549,0.423924406357754,30
"6888","AL","Lagoa da Canoa",17771,11371.5,27006,"Arapiraca",2,"Nordeste",0,"270410",7,32,10,22,11,21,0,0,0,0,0,32,10,22,11,21,19,9.33886550416447,9.78532319418549,0.464756687535765,29
"6889","AL","Limoeiro de Anadia",28771,14371.66,27006,"Arapiraca",2,"Nordeste",0,"270420",2,56,26,30,27,29,0,0,0,0,0,56,26,30,27,29,17,9.57301349084253,10.2671232143705,0.291441976055004,29
"6890","AL","Limoeiro de Anadia",28771,14371.66,27006,"Arapiraca",2,"Nordeste",0,"270420",3,54,24,30,23,31,0,0,0,0,0,54,24,30,23,31,14,9.57301349084253,10.2671232143705,0.378133041743001,31
"6891","AL","Limoeiro de Anadia",28771,14371.66,27006,"Arapiraca",2,"Nordeste",0,"270420",4,35,12,23,16,19,0,0,0,0,0,35,12,23,16,19,12,9.57301349084253,10.2671232143705,0.413843681271372,30
"6892","AL","Limoeiro de Anadia",28771,14371.66,27006,"Arapiraca",2,"Nordeste",0,"270420",5,32,20,12,12,20,0,0,0,0,0,32,20,12,12,20,12,9.57301349084253,10.2671232143705,0.413789039719588,31
"6893","AL","Limoeiro de Anadia",28771,14371.66,27006,"Arapiraca",2,"Nordeste",0,"270420",6,31,20,11,17,14,0,0,0,0,0,31,20,11,17,14,14,9.57301349084253,10.2671232143705,0.397440837353225,30
"6894","AL","Limoeiro de Anadia",28771,14371.66,27006,"Arapiraca",2,"Nordeste",0,"270420",7,40,18,22,18,22,0,0,0,0,0,40,18,22,18,22,19,9.57301349084253,10.2671232143705,0.428501465790428,29
"6895","AL","Maceió",1025360,22126.34,27011,"Maceió",2,"Nordeste",1,"270430",2,1864,567,1297,856,1008,9,0,0,0,0,1873,567,1297,856,1008,533,10.0045240330139,13.8405543284037,0.284873179617088,29
"6896","AL","Maceió",1025360,22126.34,27011,"Maceió",2,"Nordeste",1,"270430",3,1524,463,1061,670,854,8,0,0,0,0,1532,463,1061,670,854,516,10.0045240330139,13.8405543284037,0.399124637721221,31
"6897","AL","Maceió",1025360,22126.34,27011,"Maceió",2,"Nordeste",1,"270430",4,1059,343,716,500,559,4,0,0,0,0,1063,343,716,500,559,600,10.0045240330139,13.8405543284037,0.473945472720075,30
"6898","AL","Maceió",1025360,22126.34,27011,"Maceió",2,"Nordeste",1,"270430",5,1062,323,739,488,574,10,0,0,0,0,1072,323,739,488,574,1204,10.0045240330139,13.8405543284037,0.474294608489184,31
"6899","AL","Maceió",1025360,22126.34,27011,"Maceió",2,"Nordeste",1,"270430",6,1158,344,814,492,666,11,0,0,0,0,1169,344,814,492,666,861,10.0045240330139,13.8405543284037,0.425890352671104,30
"6900","AL","Maceió",1025360,22126.34,27011,"Maceió",2,"Nordeste",1,"270430",7,1190,356,834,531,659,13,0,0,0,0,1203,356,834,531,659,612,10.0045240330139,13.8405543284037,0.412146722261718,29
"6901","AL","Major Isidoro",19864,8857.53,27004,"Batalha",2,"Nordeste",0,"270440",2,35,14,21,17,18,0,0,0,0,0,35,14,21,17,18,9,9.0890232236941,9.896664327188,0.28177798936821,29
"6902","AL","Major Isidoro",19864,8857.53,27004,"Batalha",2,"Nordeste",0,"270440",3,35,18,17,17,18,0,0,0,0,0,35,18,17,17,18,12,9.0890232236941,9.896664327188,0.37106256182502,31
"6903","AL","Major Isidoro",19864,8857.53,27004,"Batalha",2,"Nordeste",0,"270440",4,27,17,10,13,14,0,0,0,0,0,27,17,10,13,14,8,9.0890232236941,9.896664327188,0.379287239560718,30
"6904","AL","Major Isidoro",19864,8857.53,27004,"Batalha",2,"Nordeste",0,"270440",5,19,13,6,10,9,0,0,0,0,0,19,13,6,10,9,14,9.0890232236941,9.896664327188,0.420535888246994,31
"6905","AL","Major Isidoro",19864,8857.53,27004,"Batalha",2,"Nordeste",0,"270440",6,28,10,18,16,12,1,0,0,0,0,29,10,18,16,12,18,9.0890232236941,9.896664327188,0.414098544231206,30
"6906","AL","Major Isidoro",19864,8857.53,27004,"Batalha",2,"Nordeste",0,"270440",7,22,9,13,12,10,0,0,0,0,0,22,9,13,12,10,22,9.0890232236941,9.896664327188,0.457055551409012,29
"6907","AL","Maragogi",33032,19441.53,27010,"Litoral Norte Alagoano",2,"Nordeste",1,"270450",2,78,36,42,43,35,0,0,0,0,0,78,36,42,43,35,15,9.87516677862116,10.4052320675659,0.271897596954614,29
"6908","AL","Maragogi",33032,19441.53,27010,"Litoral Norte Alagoano",2,"Nordeste",1,"270450",3,72,40,32,42,30,2,0,0,0,0,74,40,32,42,30,16,9.87516677862116,10.4052320675659,0.383540805007317,31
"6909","AL","Maragogi",33032,19441.53,27010,"Litoral Norte Alagoano",2,"Nordeste",1,"270450",4,39,16,23,19,20,0,0,0,0,0,39,16,23,19,20,11,9.87516677862116,10.4052320675659,0.461389612676831,30
"6910","AL","Maragogi",33032,19441.53,27010,"Litoral Norte Alagoano",2,"Nordeste",1,"270450",5,59,24,35,35,24,0,0,0,0,0,59,24,35,35,24,27,9.87516677862116,10.4052320675659,0.475667487335496,31
"6911","AL","Maragogi",33032,19441.53,27010,"Litoral Norte Alagoano",2,"Nordeste",1,"270450",6,57,27,30,27,30,2,0,0,0,0,59,27,30,27,30,19,9.87516677862116,10.4052320675659,0.432328452855513,30
"6912","AL","Maragogi",33032,19441.53,27010,"Litoral Norte Alagoano",2,"Nordeste",1,"270450",7,55,26,29,25,30,0,0,0,0,0,55,26,29,25,30,15,9.87516677862116,10.4052320675659,0.439204676474912,29
"6913","AL","Maravilha",9004,7262.18,27003,"Santana do Ipanema",2,"Nordeste",0,"270460",2,15,10,5,10,5,0,0,0,0,0,15,10,5,10,5,4,8.89043533822728,9.10542420202662,0.299687006407303,29
"6914","AL","Maravilha",9004,7262.18,27003,"Santana do Ipanema",2,"Nordeste",0,"270460",3,12,11,1,11,1,2,0,0,0,0,14,11,1,11,1,8,8.89043533822728,9.10542420202662,0.37050276576702,31
"6915","AL","Maravilha",9004,7262.18,27003,"Santana do Ipanema",2,"Nordeste",0,"270460",4,12,2,10,6,6,0,0,0,0,0,12,2,10,6,6,5,8.89043533822728,9.10542420202662,0.364677503944302,30
"6916","AL","Maravilha",9004,7262.18,27003,"Santana do Ipanema",2,"Nordeste",0,"270460",5,13,7,6,6,7,0,0,0,0,0,13,7,6,6,7,10,8.89043533822728,9.10542420202662,0.393189220979725,31
"6917","AL","Maravilha",9004,7262.18,27003,"Santana do Ipanema",2,"Nordeste",0,"270460",6,14,4,10,6,8,1,0,0,0,0,15,4,10,6,8,4,8.89043533822728,9.10542420202662,0.389287362173752,30
"6918","AL","Maravilha",9004,7262.18,27003,"Santana do Ipanema",2,"Nordeste",0,"270460",7,17,6,11,10,7,0,0,0,0,0,17,6,11,10,7,9,8.89043533822728,9.10542420202662,0.397527978273462,29
"6919","AL","Marechal Deodoro",52380,37503.36,27011,"Maceió",2,"Nordeste",1,"270470",2,131,54,77,70,61,0,0,0,0,0,131,54,77,70,61,22,10.5321858079447,10.8662801180617,0.286741246011384,29
"6920","AL","Marechal Deodoro",52380,37503.36,27011,"Maceió",2,"Nordeste",1,"270470",3,114,54,60,69,45,1,0,0,0,0,115,54,60,69,45,27,10.5321858079447,10.8662801180617,0.398018791696119,31
"6921","AL","Marechal Deodoro",52380,37503.36,27011,"Maceió",2,"Nordeste",1,"270470",4,90,39,51,53,37,2,0,0,0,0,92,39,51,53,37,42,10.5321858079447,10.8662801180617,0.459622930995772,30
"6922","AL","Marechal Deodoro",52380,37503.36,27011,"Maceió",2,"Nordeste",1,"270470",5,73,32,41,42,31,0,0,0,0,0,73,32,41,42,31,59,10.5321858079447,10.8662801180617,0.460116023468034,31
"6923","AL","Marechal Deodoro",52380,37503.36,27011,"Maceió",2,"Nordeste",1,"270470",6,88,39,49,44,44,0,0,0,0,0,88,39,49,44,44,40,10.5321858079447,10.8662801180617,0.416562385289192,30
"6924","AL","Marechal Deodoro",52380,37503.36,27011,"Maceió",2,"Nordeste",1,"270470",7,73,35,38,40,33,2,0,0,0,0,75,35,38,40,33,31,10.5321858079447,10.8662801180617,0.413847351797262,29
"6925","AL","Maribondo",13193,10812.58,27005,"Palmeira dos Índios",2,"Nordeste",0,"270480",2,22,10,12,9,13,0,0,0,0,0,22,10,12,9,13,6,9.28846555005669,9.48744166488378,0.282425126029632,29
"6926","AL","Maribondo",13193,10812.58,27005,"Palmeira dos Índios",2,"Nordeste",0,"270480",3,15,11,4,8,7,0,0,0,0,0,15,11,4,8,7,8,9.28846555005669,9.48744166488378,0.356197296470374,31
"6927","AL","Maribondo",13193,10812.58,27005,"Palmeira dos Índios",2,"Nordeste",0,"270480",4,14,7,7,6,8,0,0,0,0,0,14,7,7,6,8,11,9.28846555005669,9.48744166488378,0.390442742383256,30
"6928","AL","Maribondo",13193,10812.58,27005,"Palmeira dos Índios",2,"Nordeste",0,"270480",5,18,4,14,9,9,0,0,0,0,0,18,4,14,9,9,12,9.28846555005669,9.48744166488378,0.404375030322165,31
"6929","AL","Maribondo",13193,10812.58,27005,"Palmeira dos Índios",2,"Nordeste",0,"270480",6,7,6,1,3,4,0,0,0,0,0,7,6,1,3,4,19,9.28846555005669,9.48744166488378,0.420120225875904,30
"6930","AL","Maribondo",13193,10812.58,27005,"Palmeira dos Índios",2,"Nordeste",0,"270480",7,23,11,12,9,14,0,0,0,0,0,23,11,12,9,14,13,9.28846555005669,9.48744166488378,0.433780603034169,29
"6931","AL","Mata Grande",25207,8863.29,27001,"Serrana do Sertão Alagoano",2,"Nordeste",0,"270500",2,30,23,7,12,18,1,0,0,0,0,31,23,7,12,18,15,9.08967330650097,10.1348770127042,0.303164941828504,29
"6932","AL","Mata Grande",25207,8863.29,27001,"Serrana do Sertão Alagoano",2,"Nordeste",0,"270500",3,31,18,13,16,15,1,0,0,0,0,32,18,13,16,15,8,9.08967330650097,10.1348770127042,0.393207589110543,31
"6933","AL","Mata Grande",25207,8863.29,27001,"Serrana do Sertão Alagoano",2,"Nordeste",0,"270500",4,27,18,9,17,10,0,0,0,0,0,27,18,9,17,10,8,9.08967330650097,10.1348770127042,0.413679027090681,30
"6934","AL","Mata Grande",25207,8863.29,27001,"Serrana do Sertão Alagoano",2,"Nordeste",0,"270500",5,42,23,19,23,19,1,0,0,0,0,43,23,19,23,19,6,9.08967330650097,10.1348770127042,0.440781209022987,31
"6935","AL","Mata Grande",25207,8863.29,27001,"Serrana do Sertão Alagoano",2,"Nordeste",0,"270500",6,34,16,18,15,19,0,0,0,0,0,34,16,18,15,19,13,9.08967330650097,10.1348770127042,0.446157601146088,30
"6936","AL","Mata Grande",25207,8863.29,27001,"Serrana do Sertão Alagoano",2,"Nordeste",0,"270500",7,20,5,15,9,11,0,0,0,0,0,20,5,15,9,11,16,9.08967330650097,10.1348770127042,0.486688520731807,29
"6937","AL","Matriz de Camaragibe",24634,11668.7,27009,"Mata Alagoana",2,"Nordeste",1,"270510",2,50,20,30,33,17,0,0,0,0,0,50,20,30,33,17,12,9.36466532233174,10.1118828815014,0.311792201730364,29
"6938","AL","Matriz de Camaragibe",24634,11668.7,27009,"Mata Alagoana",2,"Nordeste",1,"270510",3,47,22,25,29,18,1,0,0,0,0,48,22,25,29,18,17,9.36466532233174,10.1118828815014,0.383685245713699,31
"6939","AL","Matriz de Camaragibe",24634,11668.7,27009,"Mata Alagoana",2,"Nordeste",1,"270510",4,25,11,14,16,9,1,0,0,0,0,26,11,14,16,9,22,9.36466532233174,10.1118828815014,0.403181706894508,30
"6940","AL","Matriz de Camaragibe",24634,11668.7,27009,"Mata Alagoana",2,"Nordeste",1,"270510",5,28,15,13,17,11,0,0,0,0,0,28,15,13,17,11,27,9.36466532233174,10.1118828815014,0.422712006260309,31
"6941","AL","Matriz de Camaragibe",24634,11668.7,27009,"Mata Alagoana",2,"Nordeste",1,"270510",6,34,15,19,18,16,0,0,0,0,0,34,15,19,18,16,26,9.36466532233174,10.1118828815014,0.39824620912996,30
"6942","AL","Matriz de Camaragibe",24634,11668.7,27009,"Mata Alagoana",2,"Nordeste",1,"270510",7,41,21,20,27,14,1,0,0,0,0,42,21,20,27,14,12,9.36466532233174,10.1118828815014,0.399902617257321,29
"6943","AL","Messias",18031,8870.93,27009,"Mata Alagoana",2,"Nordeste",1,"270520",2,32,14,18,23,9,0,0,0,0,0,32,14,18,23,9,7,9.09053491760906,9.79984777777637,0.294926291700248,29
"6944","AL","Messias",18031,8870.93,27009,"Mata Alagoana",2,"Nordeste",1,"270520",3,35,15,20,21,14,0,0,0,0,0,35,15,20,21,14,5,9.09053491760906,9.79984777777637,0.375405741988219,31
"6945","AL","Messias",18031,8870.93,27009,"Mata Alagoana",2,"Nordeste",1,"270520",4,19,8,11,9,10,0,0,0,0,0,19,8,11,9,10,8,9.09053491760906,9.79984777777637,0.398633529683848,30
"6946","AL","Messias",18031,8870.93,27009,"Mata Alagoana",2,"Nordeste",1,"270520",5,12,4,8,9,3,0,0,0,0,0,12,4,8,9,3,22,9.09053491760906,9.79984777777637,0.41842833132989,31
"6947","AL","Messias",18031,8870.93,27009,"Mata Alagoana",2,"Nordeste",1,"270520",6,32,18,14,27,5,0,0,0,0,0,32,18,14,27,5,18,9.09053491760906,9.79984777777637,0.402422648299102,30
"6948","AL","Messias",18031,8870.93,27009,"Mata Alagoana",2,"Nordeste",1,"270520",7,24,8,16,16,8,0,0,0,0,0,24,8,16,16,8,8,9.09053491760906,9.79984777777637,0.420658101216219,29
"6949","AL","Murici",28333,11210.9,27009,"Mata Alagoana",2,"Nordeste",1,"270550",2,69,33,36,46,23,0,0,0,0,0,69,33,36,46,23,20,9.32464179830291,10.2517824820293,0.292231599819452,29
"6950","AL","Murici",28333,11210.9,27009,"Mata Alagoana",2,"Nordeste",1,"270550",3,51,27,24,27,24,0,0,0,0,0,51,27,24,27,24,17,9.32464179830291,10.2517824820293,0.386460291328322,31
"6951","AL","Murici",28333,11210.9,27009,"Mata Alagoana",2,"Nordeste",1,"270550",4,25,13,12,8,17,1,0,0,0,0,26,13,12,8,17,17,9.32464179830291,10.2517824820293,0.411373846284172,30
"6952","AL","Murici",28333,11210.9,27009,"Mata Alagoana",2,"Nordeste",1,"270550",5,36,18,18,16,20,1,0,0,0,0,37,18,18,16,20,17,9.32464179830291,10.2517824820293,0.403199475842948,31
"6953","AL","Murici",28333,11210.9,27009,"Mata Alagoana",2,"Nordeste",1,"270550",6,38,19,19,21,17,1,0,0,0,0,39,19,19,21,17,22,9.32464179830291,10.2517824820293,0.369040226102626,30
"6954","AL","Murici",28333,11210.9,27009,"Mata Alagoana",2,"Nordeste",1,"270550",7,35,14,21,23,12,1,0,0,0,0,36,14,21,23,12,18,9.32464179830291,10.2517824820293,0.40121818631621,29
"6955","AL","Novo Lino",12764,10213.21,27009,"Mata Alagoana",2,"Nordeste",0,"270560",2,14,4,10,7,7,0,0,0,0,0,14,4,10,7,7,1,9.23143725939549,9.45438398739813,0.29423772153907,29
"6956","AL","Novo Lino",12764,10213.21,27009,"Mata Alagoana",2,"Nordeste",0,"270560",3,18,11,7,9,9,0,0,0,0,0,18,11,7,9,9,6,9.23143725939549,9.45438398739813,0.374560589081508,31
"6957","AL","Novo Lino",12764,10213.21,27009,"Mata Alagoana",2,"Nordeste",0,"270560",4,16,9,7,9,7,0,0,0,0,0,16,9,7,9,7,6,9.23143725939549,9.45438398739813,0.389007186160226,30
"6958","AL","Novo Lino",12764,10213.21,27009,"Mata Alagoana",2,"Nordeste",0,"270560",5,7,3,4,5,2,0,0,0,0,0,7,3,4,5,2,11,9.23143725939549,9.45438398739813,0.423172887778931,31
"6959","AL","Novo Lino",12764,10213.21,27009,"Mata Alagoana",2,"Nordeste",0,"270560",6,13,5,8,9,4,0,0,0,0,0,13,5,8,9,4,6,9.23143725939549,9.45438398739813,0.397328035703933,30
"6960","AL","Novo Lino",12764,10213.21,27009,"Mata Alagoana",2,"Nordeste",0,"270560",7,14,7,7,7,7,0,0,0,0,0,14,7,7,7,7,1,9.23143725939549,9.45438398739813,0.41704194596663,29
"6961","AL","Olho d'Água das Flores",21738,9291.32,27004,"Batalha",2,"Nordeste",0,"270570",2,31,14,17,15,16,0,0,0,0,0,31,14,17,15,16,6,9.13683590998126,9.98681716012313,0.263538062975826,29
"6962","AL","Olho d'Água das Flores",21738,9291.32,27004,"Batalha",2,"Nordeste",0,"270570",3,37,16,21,16,21,1,0,0,0,0,38,16,21,16,21,8,9.13683590998126,9.98681716012313,0.329423019140269,31
"6963","AL","Olho d'Água das Flores",21738,9291.32,27004,"Batalha",2,"Nordeste",0,"270570",4,33,14,19,14,19,1,0,0,0,0,34,14,19,14,19,11,9.13683590998126,9.98681716012313,0.355543822680483,30
"6964","AL","Olho d'Água das Flores",21738,9291.32,27004,"Batalha",2,"Nordeste",0,"270570",5,33,18,15,14,19,1,0,0,0,0,34,18,15,14,19,22,9.13683590998126,9.98681716012313,0.362805315910392,31
"6965","AL","Olho d'Água das Flores",21738,9291.32,27004,"Batalha",2,"Nordeste",0,"270570",6,34,20,14,22,12,0,0,0,0,0,34,20,14,22,12,14,9.13683590998126,9.98681716012313,0.363655592948106,30
"6966","AL","Olho d'Água das Flores",21738,9291.32,27004,"Batalha",2,"Nordeste",0,"270570",7,43,26,17,23,20,0,0,0,0,0,43,26,17,23,20,14,9.13683590998126,9.98681716012313,0.383094905686235,29
"6967","AL","Olho d'Água do Casado",9441,7602.31,27002,"Alagoana do Sertão do São Francisco",2,"Nordeste",0,"270580",2,18,10,8,8,10,1,0,0,0,0,19,10,8,8,10,8,8.9362074274602,9.15281718573252,0.306907854700373,29
"6968","AL","Olho d'Água do Casado",9441,7602.31,27002,"Alagoana do Sertão do São Francisco",2,"Nordeste",0,"270580",3,12,4,8,4,8,0,0,0,0,0,12,4,8,4,8,2,8.9362074274602,9.15281718573252,0.372382504255774,31
"6969","AL","Olho d'Água do Casado",9441,7602.31,27002,"Alagoana do Sertão do São Francisco",2,"Nordeste",0,"270580",4,11,4,7,5,6,0,0,0,0,0,11,4,7,5,6,5,8.9362074274602,9.15281718573252,0.392077662642596,30
"6970","AL","Olho d'Água do Casado",9441,7602.31,27002,"Alagoana do Sertão do São Francisco",2,"Nordeste",0,"270580",5,11,7,4,4,7,0,0,0,0,0,11,7,4,4,7,3,8.9362074274602,9.15281718573252,0.414197592987324,31
"6971","AL","Olho d'Água do Casado",9441,7602.31,27002,"Alagoana do Sertão do São Francisco",2,"Nordeste",0,"270580",6,6,5,1,3,3,0,0,0,0,0,6,5,1,3,3,8,8.9362074274602,9.15281718573252,0.405552222750214,30
"6972","AL","Olho d'Água do Casado",9441,7602.31,27002,"Alagoana do Sertão do São Francisco",2,"Nordeste",0,"270580",7,13,11,2,5,8,0,0,0,0,0,13,11,2,5,8,2,8.9362074274602,9.15281718573252,0.44910996566264,29
"6973","AL","Olivença",11657,6820.77,27004,"Batalha",2,"Nordeste",0,"270600",2,21,15,6,11,10,0,0,0,0,0,21,15,6,11,10,3,8.82772764769022,9.36366213691983,0.294578694392119,29
"6974","AL","Olivença",11657,6820.77,27004,"Batalha",2,"Nordeste",0,"270600",3,13,10,3,7,6,0,0,0,0,0,13,10,3,7,6,10,8.82772764769022,9.36366213691983,0.389569927296245,31
"6975","AL","Olivença",11657,6820.77,27004,"Batalha",2,"Nordeste",0,"270600",4,13,10,3,5,8,0,0,0,0,0,13,10,3,5,8,2,8.82772764769022,9.36366213691983,0.408768997625228,30
"6976","AL","Olivença",11657,6820.77,27004,"Batalha",2,"Nordeste",0,"270600",5,20,13,7,9,11,0,0,0,0,0,20,13,7,9,11,6,8.82772764769022,9.36366213691983,0.387448847379747,31
"6977","AL","Olivença",11657,6820.77,27004,"Batalha",2,"Nordeste",0,"270600",6,13,8,5,8,5,0,0,0,0,0,13,8,5,8,5,11,8.82772764769022,9.36366213691983,0.387294952549982,30
"6978","AL","Olivença",11657,6820.77,27004,"Batalha",2,"Nordeste",0,"270600",7,18,13,5,9,9,0,0,0,0,0,18,13,5,9,9,5,8.82772764769022,9.36366213691983,0.417734606172233,29
"6979","AL","Ouro Branco",11535,6762.83,27003,"Santana do Ipanema",2,"Nordeste",0,"270610",2,20,14,6,10,10,0,0,0,0,0,20,14,6,10,10,11,8.81919672048538,9.35314117060785,0.264035216594958,29
"6980","AL","Ouro Branco",11535,6762.83,27003,"Santana do Ipanema",2,"Nordeste",0,"270610",3,18,12,6,8,10,1,0,0,0,0,19,12,6,8,10,6,8.81919672048538,9.35314117060785,0.341828416911632,31
"6981","AL","Ouro Branco",11535,6762.83,27003,"Santana do Ipanema",2,"Nordeste",0,"270610",4,19,12,7,13,6,1,0,0,0,0,20,12,7,13,6,4,8.81919672048538,9.35314117060785,0.355558493163858,30
"6982","AL","Ouro Branco",11535,6762.83,27003,"Santana do Ipanema",2,"Nordeste",0,"270610",5,14,7,7,8,6,0,0,0,0,0,14,7,7,8,6,7,8.81919672048538,9.35314117060785,0.388170367824181,31
"6983","AL","Ouro Branco",11535,6762.83,27003,"Santana do Ipanema",2,"Nordeste",0,"270610",6,11,8,3,10,1,0,0,0,0,0,11,8,3,10,1,8,8.81919672048538,9.35314117060785,0.359936448592562,30
"6984","AL","Ouro Branco",11535,6762.83,27003,"Santana do Ipanema",2,"Nordeste",0,"270610",7,17,7,10,6,11,0,0,0,0,0,17,7,10,6,11,10,8.81919672048538,9.35314117060785,0.39397367985573,29
"6985","AL","Palestina",5037,7449.33,27003,"Santana do Ipanema",2,"Nordeste",0,"270620",2,5,1,4,3,2,0,0,0,0,0,5,1,4,3,2,1,8.9158793744435,8.52456594574565,0.289628715479555,29
"6986","AL","Palestina",5037,7449.33,27003,"Santana do Ipanema",2,"Nordeste",0,"270620",3,13,4,9,9,4,0,0,0,0,0,13,4,9,9,4,2,8.9158793744435,8.52456594574565,0.348428032977008,31
"6987","AL","Palestina",5037,7449.33,27003,"Santana do Ipanema",2,"Nordeste",0,"270620",4,3,2,1,2,1,0,0,0,0,0,3,2,1,2,1,3,8.9158793744435,8.52456594574565,0.386231924963835,30
"6988","AL","Palestina",5037,7449.33,27003,"Santana do Ipanema",2,"Nordeste",0,"270620",5,10,3,7,7,3,0,0,0,0,0,10,3,7,7,3,2,8.9158793744435,8.52456594574565,0.39036989566041,31
"6989","AL","Palestina",5037,7449.33,27003,"Santana do Ipanema",2,"Nordeste",0,"270620",6,9,4,5,3,6,0,0,0,0,0,9,4,5,3,6,4,8.9158793744435,8.52456594574565,0.402066013412804,30
"6990","AL","Palestina",5037,7449.33,27003,"Santana do Ipanema",2,"Nordeste",0,"270620",7,6,2,4,1,5,0,0,0,0,0,6,2,4,1,5,0,8.9158793744435,8.52456594574565,0.421856196965207,29
"6991","AL","Palmeira dos Índios",73337,11344.36,27005,"Palmeira dos Índios",2,"Nordeste",1,"270630",2,178,57,121,89,89,0,0,0,0,0,178,57,121,89,89,32,9.33647598310617,11.2028205354164,0.283759576219769,29
"6992","AL","Palmeira dos Índios",73337,11344.36,27005,"Palmeira dos Índios",2,"Nordeste",1,"270630",3,114,41,73,56,58,0,0,0,0,0,114,41,73,56,58,51,9.33647598310617,11.2028205354164,0.374413202202142,31
"6993","AL","Palmeira dos Índios",73337,11344.36,27005,"Palmeira dos Índios",2,"Nordeste",1,"270630",4,78,18,60,35,43,1,0,0,0,0,79,18,60,35,43,43,9.33647598310617,11.2028205354164,0.401860756485281,30
"6994","AL","Palmeira dos Índios",73337,11344.36,27005,"Palmeira dos Índios",2,"Nordeste",1,"270630",5,82,28,54,35,47,0,0,0,0,0,82,28,54,35,47,64,9.33647598310617,11.2028205354164,0.415984585634465,31
"6995","AL","Palmeira dos Índios",73337,11344.36,27005,"Palmeira dos Índios",2,"Nordeste",1,"270630",6,108,41,67,50,58,0,0,0,0,0,108,41,67,50,58,75,9.33647598310617,11.2028205354164,0.398755367837551,30
"6996","AL","Palmeira dos Índios",73337,11344.36,27005,"Palmeira dos Índios",2,"Nordeste",1,"270630",7,94,31,63,35,59,0,0,0,0,0,94,31,63,35,59,62,9.33647598310617,11.2028205354164,0.411563938459592,29
"6997","AL","Pão de Açúcar",24351,8739.4,27003,"Santana do Ipanema",2,"Nordeste",0,"270640",2,43,17,26,25,18,0,0,0,0,0,43,17,26,25,18,13,9.07559681640749,10.1003281954293,0.287201035398627,29
"6998","AL","Pão de Açúcar",24351,8739.4,27003,"Santana do Ipanema",2,"Nordeste",0,"270640",3,21,8,13,11,10,0,0,0,0,0,21,8,13,11,10,8,9.07559681640749,10.1003281954293,0.36056332756188,31
"6999","AL","Pão de Açúcar",24351,8739.4,27003,"Santana do Ipanema",2,"Nordeste",0,"270640",4,31,6,25,15,16,0,0,0,0,0,31,6,25,15,16,15,9.07559681640749,10.1003281954293,0.389543678468203,30
"7000","AL","Pão de Açúcar",24351,8739.4,27003,"Santana do Ipanema",2,"Nordeste",0,"270640",5,33,11,22,20,13,0,0,0,0,0,33,11,22,20,13,12,9.07559681640749,10.1003281954293,0.409397057917162,31
"7001","AL","Pão de Açúcar",24351,8739.4,27003,"Santana do Ipanema",2,"Nordeste",0,"270640",6,36,15,21,13,23,1,0,0,0,0,37,15,21,13,23,12,9.07559681640749,10.1003281954293,0.417632207070748,30
"7002","AL","Pão de Açúcar",24351,8739.4,27003,"Santana do Ipanema",2,"Nordeste",0,"270640",7,39,20,19,30,9,1,0,0,0,0,40,20,19,30,9,18,9.07559681640749,10.1003281954293,0.454301541948443,29
"7003","AL","Pariconha",10539,6971.88,27001,"Serrana do Sertão Alagoano",2,"Nordeste",0,"270642",2,17,7,10,10,7,1,0,0,0,0,18,7,10,10,7,9,8.84964019478783,9.26283794093394,0.328672927446362,29
"7004","AL","Pariconha",10539,6971.88,27001,"Serrana do Sertão Alagoano",2,"Nordeste",0,"270642",3,17,8,9,6,11,0,0,0,0,0,17,8,9,6,11,8,8.84964019478783,9.26283794093394,0.431209980256757,31
"7005","AL","Pariconha",10539,6971.88,27001,"Serrana do Sertão Alagoano",2,"Nordeste",0,"270642",4,14,6,8,11,3,1,0,0,0,0,15,6,8,11,3,10,8.84964019478783,9.26283794093394,0.453381507792551,30
"7006","AL","Pariconha",10539,6971.88,27001,"Serrana do Sertão Alagoano",2,"Nordeste",0,"270642",5,11,5,6,6,5,0,0,0,0,0,11,5,6,6,5,3,8.84964019478783,9.26283794093394,0.462273021303739,31
"7007","AL","Pariconha",10539,6971.88,27001,"Serrana do Sertão Alagoano",2,"Nordeste",0,"270642",6,13,8,5,10,3,0,0,0,0,0,13,8,5,10,3,7,8.84964019478783,9.26283794093394,0.455333464816114,30
"7008","AL","Pariconha",10539,6971.88,27001,"Serrana do Sertão Alagoano",2,"Nordeste",0,"270642",7,14,8,6,8,6,0,0,0,0,0,14,8,6,8,6,4,8.84964019478783,9.26283794093394,0.501171233858177,29
"7009","AL","Paripueira",13332,12725.84,27011,"Maceió",2,"Nordeste",1,"270644",2,31,12,19,17,14,0,0,0,0,0,31,12,19,17,14,5,9.45138985102786,9.49792243942763,0.29201761390107,29
"7010","AL","Paripueira",13332,12725.84,27011,"Maceió",2,"Nordeste",1,"270644",3,30,9,21,16,14,0,0,0,0,0,30,9,21,16,14,5,9.45138985102786,9.49792243942763,0.39144866917704,31
"7011","AL","Paripueira",13332,12725.84,27011,"Maceió",2,"Nordeste",1,"270644",4,18,8,10,10,8,0,0,0,0,0,18,8,10,10,8,8,9.45138985102786,9.49792243942763,0.437355310272201,30
"7012","AL","Paripueira",13332,12725.84,27011,"Maceió",2,"Nordeste",1,"270644",5,16,10,6,7,9,0,0,0,0,0,16,10,6,7,9,11,9.45138985102786,9.49792243942763,0.43698288899356,31
"7013","AL","Paripueira",13332,12725.84,27011,"Maceió",2,"Nordeste",1,"270644",6,24,11,13,15,9,0,0,0,0,0,24,11,13,15,9,15,9.45138985102786,9.49792243942763,0.40587741519642,30
"7014","AL","Paripueira",13332,12725.84,27011,"Maceió",2,"Nordeste",1,"270644",7,19,9,10,12,7,0,0,0,0,0,19,9,10,12,7,6,9.45138985102786,9.49792243942763,0.401960491978992,29
"7015","AL","Passo de Camaragibe",15258,15951.37,27010,"Litoral Norte Alagoano",2,"Nordeste",0,"270650",2,32,14,18,18,14,0,0,0,0,0,32,14,18,18,14,10,9.67729999794129,9.63285923465017,0.293908687450529,29
"7016","AL","Passo de Camaragibe",15258,15951.37,27010,"Litoral Norte Alagoano",2,"Nordeste",0,"270650",3,21,11,10,11,10,0,0,0,0,0,21,11,10,11,10,11,9.67729999794129,9.63285923465017,0.387800471699594,31
"7017","AL","Passo de Camaragibe",15258,15951.37,27010,"Litoral Norte Alagoano",2,"Nordeste",0,"270650",4,13,8,5,10,3,0,0,0,0,0,13,8,5,10,3,4,9.67729999794129,9.63285923465017,0.416668987856121,30
"7018","AL","Passo de Camaragibe",15258,15951.37,27010,"Litoral Norte Alagoano",2,"Nordeste",0,"270650",5,19,11,8,13,6,0,0,0,0,0,19,11,8,13,6,14,9.67729999794129,9.63285923465017,0.448956945676865,31
"7019","AL","Passo de Camaragibe",15258,15951.37,27010,"Litoral Norte Alagoano",2,"Nordeste",0,"270650",6,18,7,11,12,6,0,0,0,0,0,18,7,11,12,6,11,9.67729999794129,9.63285923465017,0.400860810216037,30
"7020","AL","Passo de Camaragibe",15258,15951.37,27010,"Litoral Norte Alagoano",2,"Nordeste",0,"270650",7,20,12,8,11,9,0,0,0,0,0,20,12,8,11,9,10,9.67729999794129,9.63285923465017,0.422823865098863,29
"7021","AL","Paulo Jacinto",7560,9648.08,27005,"Palmeira dos Índios",2,"Nordeste",0,"270660",2,11,3,8,4,7,0,0,0,0,0,11,3,8,4,7,11,9.17451421080655,8.93062646917358,0.302411759394624,29
"7022","AL","Paulo Jacinto",7560,9648.08,27005,"Palmeira dos Índios",2,"Nordeste",0,"270660",3,12,4,8,5,7,0,0,0,0,0,12,4,8,5,7,3,9.17451421080655,8.93062646917358,0.386437305868377,31
"7023","AL","Paulo Jacinto",7560,9648.08,27005,"Palmeira dos Índios",2,"Nordeste",0,"270660",4,11,6,5,8,3,0,0,0,0,0,11,6,5,8,3,5,9.17451421080655,8.93062646917358,0.399302045023496,30
"7024","AL","Paulo Jacinto",7560,9648.08,27005,"Palmeira dos Índios",2,"Nordeste",0,"270660",5,4,1,3,3,1,0,0,0,0,0,4,1,3,3,1,9,9.17451421080655,8.93062646917358,0.432818699532378,31
"7025","AL","Paulo Jacinto",7560,9648.08,27005,"Palmeira dos Índios",2,"Nordeste",0,"270660",6,8,4,4,4,4,0,0,0,0,0,8,4,4,4,4,6,9.17451421080655,8.93062646917358,0.421769232858877,30
"7026","AL","Paulo Jacinto",7560,9648.08,27005,"Palmeira dos Índios",2,"Nordeste",0,"270660",7,12,3,9,4,8,0,0,0,0,0,12,3,9,4,8,7,9.17451421080655,8.93062646917358,0.427131967928449,29
"7027","AL","Penedo",63846,11781.43,27013,"Penedo",2,"Nordeste",1,"270670",2,117,39,78,52,65,0,0,0,0,0,117,39,78,52,65,41,9.3742798420283,11.0642292126698,0.290583527730325,29
"7028","AL","Penedo",63846,11781.43,27013,"Penedo",2,"Nordeste",1,"270670",3,125,40,85,55,70,1,0,0,0,0,126,40,85,55,70,29,9.3742798420283,11.0642292126698,0.389297596873389,31
"7029","AL","Penedo",63846,11781.43,27013,"Penedo",2,"Nordeste",1,"270670",4,88,33,55,49,39,0,0,0,0,0,88,33,55,49,39,30,9.3742798420283,11.0642292126698,0.428657799725209,30
"7030","AL","Penedo",63846,11781.43,27013,"Penedo",2,"Nordeste",1,"270670",5,79,41,38,41,38,0,0,0,0,0,79,41,38,41,38,36,9.3742798420283,11.0642292126698,0.429941175268246,31
"7031","AL","Penedo",63846,11781.43,27013,"Penedo",2,"Nordeste",1,"270670",6,87,40,47,36,51,0,0,0,0,0,87,40,47,36,51,54,9.3742798420283,11.0642292126698,0.421570985086599,30
"7032","AL","Penedo",63846,11781.43,27013,"Penedo",2,"Nordeste",1,"270670",7,75,37,38,37,38,1,0,0,0,0,76,37,38,37,38,53,9.3742798420283,11.0642292126698,0.446745708815316,29
"7033","AL","Piaçabuçu",17848,17910.19,27013,"Penedo",2,"Nordeste",0,"270680",2,40,22,18,20,20,0,0,0,0,0,40,22,18,20,20,4,9.79312510359703,9.78964673611237,0.311809461430952,29
"7034","AL","Piaçabuçu",17848,17910.19,27013,"Penedo",2,"Nordeste",0,"270680",3,33,8,25,21,12,0,0,0,0,0,33,8,25,21,12,8,9.79312510359703,9.78964673611237,0.403677809638704,31
"7035","AL","Piaçabuçu",17848,17910.19,27013,"Penedo",2,"Nordeste",0,"270680",4,28,13,15,16,12,1,0,0,0,0,29,13,15,16,12,11,9.79312510359703,9.78964673611237,0.440896268314772,30
"7036","AL","Piaçabuçu",17848,17910.19,27013,"Penedo",2,"Nordeste",0,"270680",5,23,16,7,14,9,0,0,0,0,0,23,16,7,14,9,20,9.79312510359703,9.78964673611237,0.434984581646854,31
"7037","AL","Piaçabuçu",17848,17910.19,27013,"Penedo",2,"Nordeste",0,"270680",6,29,13,16,16,13,0,0,0,0,0,29,13,16,16,13,14,9.79312510359703,9.78964673611237,0.410305348397647,30
"7038","AL","Piaçabuçu",17848,17910.19,27013,"Penedo",2,"Nordeste",0,"270680",7,23,10,13,14,9,0,0,0,0,0,23,10,13,14,9,15,9.79312510359703,9.78964673611237,0.419312222664385,29
"7039","AL","Pilar",35212,13783.87,27011,"Maceió",2,"Nordeste",1,"270690",2,94,28,66,40,54,0,0,0,0,0,94,28,66,40,54,22,9.53125434693868,10.4691422125808,0.270519212559972,29
"7040","AL","Pilar",35212,13783.87,27011,"Maceió",2,"Nordeste",1,"270690",3,84,29,55,41,43,1,0,0,0,0,85,29,55,41,43,23,9.53125434693868,10.4691422125808,0.358798578750753,31
"7041","AL","Pilar",35212,13783.87,27011,"Maceió",2,"Nordeste",1,"270690",4,48,23,25,24,24,0,0,0,0,0,48,23,25,24,24,18,9.53125434693868,10.4691422125808,0.382047853777738,30
"7042","AL","Pilar",35212,13783.87,27011,"Maceió",2,"Nordeste",1,"270690",5,44,21,23,25,19,0,0,0,0,0,44,21,23,25,19,40,9.53125434693868,10.4691422125808,0.396271769732339,31
"7043","AL","Pilar",35212,13783.87,27011,"Maceió",2,"Nordeste",1,"270690",6,46,21,25,26,20,0,0,0,0,0,46,21,25,26,20,38,9.53125434693868,10.4691422125808,0.373749114744439,30
"7044","AL","Pilar",35212,13783.87,27011,"Maceió",2,"Nordeste",1,"270690",7,51,20,31,26,25,0,0,0,0,0,51,20,31,26,25,20,9.53125434693868,10.4691422125808,0.379291785048098,29
"7045","AL","Piranhas",25183,9888.19,27002,"Alagoana do Sertão do São Francisco",2,"Nordeste",0,"270710",2,48,27,21,21,27,0,0,0,0,0,48,27,21,21,27,13,9.19909639472322,10.1339244426778,0.286147941024941,29
"7046","AL","Piranhas",25183,9888.19,27002,"Alagoana do Sertão do São Francisco",2,"Nordeste",0,"270710",3,30,14,16,18,12,0,0,0,0,0,30,14,16,18,12,12,9.19909639472322,10.1339244426778,0.365985176164227,31
"7047","AL","Piranhas",25183,9888.19,27002,"Alagoana do Sertão do São Francisco",2,"Nordeste",0,"270710",4,31,19,12,14,17,2,0,0,0,0,33,19,12,14,17,12,9.19909639472322,10.1339244426778,0.408576783374121,30
"7048","AL","Piranhas",25183,9888.19,27002,"Alagoana do Sertão do São Francisco",2,"Nordeste",0,"270710",5,35,17,18,16,19,1,0,0,0,0,36,17,18,16,19,13,9.19909639472322,10.1339244426778,0.41268488624281,31
"7049","AL","Piranhas",25183,9888.19,27002,"Alagoana do Sertão do São Francisco",2,"Nordeste",0,"270710",6,41,22,19,16,25,2,0,0,0,0,43,22,19,16,25,12,9.19909639472322,10.1339244426778,0.386131006223058,30
"7050","AL","Piranhas",25183,9888.19,27002,"Alagoana do Sertão do São Francisco",2,"Nordeste",0,"270710",7,44,23,21,21,23,0,0,0,0,0,44,23,21,21,23,13,9.19909639472322,10.1339244426778,0.421055266022906,29
"7051","AL","Poço das Trincheiras",14418,6439.94,27003,"Santana do Ipanema",2,"Nordeste",0,"270720",2,19,8,11,7,12,1,0,0,0,0,20,8,11,7,12,5,8.77027450228481,9.57623270496452,0.313699317652348,29
"7052","AL","Poço das Trincheiras",14418,6439.94,27003,"Santana do Ipanema",2,"Nordeste",0,"270720",3,14,4,10,7,7,0,0,0,0,0,14,4,10,7,7,9,8.77027450228481,9.57623270496452,0.378211351966414,31
"7053","AL","Poço das Trincheiras",14418,6439.94,27003,"Santana do Ipanema",2,"Nordeste",0,"270720",4,13,6,7,9,4,0,0,0,0,0,13,6,7,9,4,7,8.77027450228481,9.57623270496452,0.40756017948878,30
"7054","AL","Poço das Trincheiras",14418,6439.94,27003,"Santana do Ipanema",2,"Nordeste",0,"270720",5,18,10,8,6,12,1,0,0,0,0,19,10,8,6,12,14,8.77027450228481,9.57623270496452,0.458888430068887,31
"7055","AL","Poço das Trincheiras",14418,6439.94,27003,"Santana do Ipanema",2,"Nordeste",0,"270720",6,13,6,7,5,8,0,0,0,0,0,13,6,7,5,8,4,8.77027450228481,9.57623270496452,0.448723004084742,30
"7056","AL","Poço das Trincheiras",14418,6439.94,27003,"Santana do Ipanema",2,"Nordeste",0,"270720",7,19,15,4,11,8,0,0,0,0,0,19,15,4,11,8,3,8.77027450228481,9.57623270496452,0.471325098556668,29
"7057","AL","Porto Calvo",27249,12119,27009,"Mata Alagoana",2,"Nordeste",1,"270730",2,54,17,37,25,29,0,0,0,0,0,54,17,37,25,29,13,9.40252974796849,10.2127721021703,0.258052162725882,29
"7058","AL","Porto Calvo",27249,12119,27009,"Mata Alagoana",2,"Nordeste",1,"270730",3,44,15,29,27,17,1,0,0,0,0,45,15,29,27,17,16,9.40252974796849,10.2127721021703,0.348172812413205,31
"7059","AL","Porto Calvo",27249,12119,27009,"Mata Alagoana",2,"Nordeste",1,"270730",4,29,11,18,14,15,0,0,0,0,0,29,11,18,14,15,12,9.40252974796849,10.2127721021703,0.375653850738452,30
"7060","AL","Porto Calvo",27249,12119,27009,"Mata Alagoana",2,"Nordeste",1,"270730",5,43,14,29,23,20,0,0,0,0,0,43,14,29,23,20,32,9.40252974796849,10.2127721021703,0.404281857301387,31
"7061","AL","Porto Calvo",27249,12119,27009,"Mata Alagoana",2,"Nordeste",1,"270730",6,33,16,17,24,9,0,0,0,0,0,33,16,17,24,9,22,9.40252974796849,10.2127721021703,0.352030490749994,30
"7062","AL","Porto Calvo",27249,12119,27009,"Mata Alagoana",2,"Nordeste",1,"270730",7,37,13,24,20,17,2,0,0,0,0,39,13,24,20,17,26,9.40252974796849,10.2127721021703,0.363708759657874,29
"7063","AL","Porto de Pedras",7701,25309.4,27010,"Litoral Norte Alagoano",2,"Nordeste",0,"270740",2,20,8,12,13,7,0,0,0,0,0,20,8,12,13,7,4,10.1389311472131,8.94910546953925,0.275083319745697,29
"7064","AL","Porto de Pedras",7701,25309.4,27010,"Litoral Norte Alagoano",2,"Nordeste",0,"270740",3,20,8,12,14,6,0,0,0,0,0,20,8,12,14,6,3,10.1389311472131,8.94910546953925,0.347183087677818,31
"7065","AL","Porto de Pedras",7701,25309.4,27010,"Litoral Norte Alagoano",2,"Nordeste",0,"270740",4,11,2,9,6,5,0,0,0,0,0,11,2,9,6,5,3,10.1389311472131,8.94910546953925,0.400916789926282,30
"7066","AL","Porto de Pedras",7701,25309.4,27010,"Litoral Norte Alagoano",2,"Nordeste",0,"270740",5,4,2,2,3,1,0,0,0,0,0,4,2,2,3,1,3,10.1389311472131,8.94910546953925,0.42167940153573,31
"7067","AL","Porto de Pedras",7701,25309.4,27010,"Litoral Norte Alagoano",2,"Nordeste",0,"270740",6,24,12,12,15,9,0,0,0,0,0,24,12,12,15,9,4,10.1389311472131,8.94910546953925,0.405202522251147,30
"7068","AL","Porto de Pedras",7701,25309.4,27010,"Litoral Norte Alagoano",2,"Nordeste",0,"270740",7,10,5,5,7,3,0,0,0,0,0,10,5,5,7,3,4,10.1389311472131,8.94910546953925,0.421563418871101,29
"7069","AL","Porto Real do Colégio",20112,8836.64,27013,"Penedo",2,"Nordeste",0,"270750",2,42,18,24,26,16,0,0,0,0,0,42,18,24,26,16,11,9.08666199288125,9.90907193083003,0.306739229795539,29
"7070","AL","Porto Real do Colégio",20112,8836.64,27013,"Penedo",2,"Nordeste",0,"270750",3,42,12,30,17,25,1,0,0,0,0,43,12,30,17,25,13,9.08666199288125,9.90907193083003,0.402580044732286,31
"7071","AL","Porto Real do Colégio",20112,8836.64,27013,"Penedo",2,"Nordeste",0,"270750",4,22,11,11,11,11,0,0,0,0,0,22,11,11,11,11,13,9.08666199288125,9.90907193083003,0.411290340670959,30
"7072","AL","Porto Real do Colégio",20112,8836.64,27013,"Penedo",2,"Nordeste",0,"270750",5,20,12,8,8,12,0,0,0,0,0,20,12,8,8,12,12,9.08666199288125,9.90907193083003,0.425167379713975,31
"7073","AL","Porto Real do Colégio",20112,8836.64,27013,"Penedo",2,"Nordeste",0,"270750",6,27,12,15,14,13,0,0,0,0,0,27,12,15,14,13,19,9.08666199288125,9.90907193083003,0.41990970726269,30
"7074","AL","Porto Real do Colégio",20112,8836.64,27013,"Penedo",2,"Nordeste",0,"270750",7,27,17,10,13,14,0,0,0,0,0,27,17,10,13,14,8,9.08666199288125,9.90907193083003,0.424706735478575,29
"7075","AL","Quebrangulo",11248,10739.3,27005,"Palmeira dos Índios",2,"Nordeste",0,"270760",2,24,15,9,9,15,0,0,0,0,0,24,15,9,9,15,5,9.28166518903,9.32794561405045,0.277132749587064,29
"7076","AL","Quebrangulo",11248,10739.3,27005,"Palmeira dos Índios",2,"Nordeste",0,"270760",3,17,8,9,8,9,1,0,0,0,0,18,8,9,8,9,3,9.28166518903,9.32794561405045,0.37457990236824,31
"7077","AL","Quebrangulo",11248,10739.3,27005,"Palmeira dos Índios",2,"Nordeste",0,"270760",4,13,7,6,5,8,0,0,0,0,0,13,7,6,5,8,6,9.28166518903,9.32794561405045,0.389612184408767,30
"7078","AL","Quebrangulo",11248,10739.3,27005,"Palmeira dos Índios",2,"Nordeste",0,"270760",5,9,3,6,6,3,0,0,0,0,0,9,3,6,6,3,8,9.28166518903,9.32794561405045,0.444118856982709,31
"7079","AL","Quebrangulo",11248,10739.3,27005,"Palmeira dos Índios",2,"Nordeste",0,"270760",6,16,7,9,6,10,0,0,0,0,0,16,7,9,6,10,14,9.28166518903,9.32794561405045,0.409711459139191,30
"7080","AL","Quebrangulo",11248,10739.3,27005,"Palmeira dos Índios",2,"Nordeste",0,"270760",7,17,6,11,7,10,0,0,0,0,0,17,6,11,7,10,5,9.28166518903,9.32794561405045,0.435840390335569,29
"7081","AL","Rio Largo",75394,14045.95,27011,"Maceió",2,"Nordeste",1,"270770",2,178,61,117,86,92,0,0,0,0,0,178,61,117,86,92,55,9.55008937698032,11.2304829752329,0.29724675395074,29
"7082","AL","Rio Largo",75394,14045.95,27011,"Maceió",2,"Nordeste",1,"270770",3,144,52,92,73,71,0,0,0,0,0,144,52,92,73,71,56,9.55008937698032,11.2304829752329,0.39557881452674,31
"7083","AL","Rio Largo",75394,14045.95,27011,"Maceió",2,"Nordeste",1,"270770",4,108,49,59,61,47,0,0,0,0,0,108,49,59,61,47,43,9.55008937698032,11.2304829752329,0.438693597968405,30
"7084","AL","Rio Largo",75394,14045.95,27011,"Maceió",2,"Nordeste",1,"270770",5,92,32,60,41,51,1,0,0,0,0,93,32,60,41,51,111,9.55008937698032,11.2304829752329,0.442605442011466,31
"7085","AL","Rio Largo",75394,14045.95,27011,"Maceió",2,"Nordeste",1,"270770",6,119,48,71,51,68,2,0,0,0,0,121,48,71,51,68,82,9.55008937698032,11.2304829752329,0.404728837698968,30
"7086","AL","Rio Largo",75394,14045.95,27011,"Maceió",2,"Nordeste",1,"270770",7,120,57,63,70,50,0,0,0,0,0,120,57,63,70,50,58,9.55008937698032,11.2304829752329,0.412290600666718,29
"7087","AL","Roteiro",6649,17204.05,27012,"São Miguel dos Campos",2,"Nordeste",0,"270780",2,24,9,15,12,12,1,0,0,0,0,25,9,15,12,12,6,9.75290010020026,8.80222174640246,0.341464731283765,29
"7088","AL","Roteiro",6649,17204.05,27012,"São Miguel dos Campos",2,"Nordeste",0,"270780",3,12,5,7,6,6,0,0,0,0,0,12,5,7,6,6,4,9.75290010020026,8.80222174640246,0.412452253298221,31
"7089","AL","Roteiro",6649,17204.05,27012,"São Miguel dos Campos",2,"Nordeste",0,"270780",4,11,6,5,6,5,0,0,0,0,0,11,6,5,6,5,8,9.75290010020026,8.80222174640246,0.449835379016142,30
"7090","AL","Roteiro",6649,17204.05,27012,"São Miguel dos Campos",2,"Nordeste",0,"270780",5,17,11,6,8,9,0,0,0,0,0,17,11,6,8,9,3,9.75290010020026,8.80222174640246,0.455788559324426,31
"7091","AL","Roteiro",6649,17204.05,27012,"São Miguel dos Campos",2,"Nordeste",0,"270780",6,13,5,8,12,1,0,0,0,0,0,13,5,8,12,1,8,9.75290010020026,8.80222174640246,0.4196298529913,30
"7092","AL","Roteiro",6649,17204.05,27012,"São Miguel dos Campos",2,"Nordeste",0,"270780",7,14,9,5,7,7,0,0,0,0,0,14,9,5,7,7,4,9.75290010020026,8.80222174640246,0.439633883081001,29
"7093","AL","Santa Luzia do Norte",7320,18606.35,27011,"Maceió",2,"Nordeste",1,"270790",2,18,6,12,10,8,0,0,0,0,0,18,6,12,10,8,2,9.83125819928777,8.89836560695536,0.293489761153731,29
"7094","AL","Santa Luzia do Norte",7320,18606.35,27011,"Maceió",2,"Nordeste",1,"270790",3,8,4,4,5,3,0,0,0,0,0,8,4,4,5,3,5,9.83125819928777,8.89836560695536,0.401545634209141,31
"7095","AL","Santa Luzia do Norte",7320,18606.35,27011,"Maceió",2,"Nordeste",1,"270790",4,10,3,7,7,3,0,0,0,0,0,10,3,7,7,3,3,9.83125819928777,8.89836560695536,0.42504473579715,30
"7096","AL","Santa Luzia do Norte",7320,18606.35,27011,"Maceió",2,"Nordeste",1,"270790",5,12,4,8,6,6,1,0,0,0,0,13,4,8,6,6,11,9.83125819928777,8.89836560695536,0.467753027759608,31
"7097","AL","Santa Luzia do Norte",7320,18606.35,27011,"Maceió",2,"Nordeste",1,"270790",6,11,5,6,9,2,0,0,0,0,0,11,5,6,9,2,6,9.83125819928777,8.89836560695536,0.407126622107229,30
"7098","AL","Santa Luzia do Norte",7320,18606.35,27011,"Maceió",2,"Nordeste",1,"270790",7,7,2,5,6,1,0,0,0,0,0,7,2,5,6,1,3,9.83125819928777,8.89836560695536,0.404338701703953,29
"7099","AL","Santana do Ipanema",47819,10724.56,27003,"Santana do Ipanema",2,"Nordeste",1,"270800",2,82,28,54,39,43,0,0,0,0,0,82,28,54,39,43,23,9.28029171731362,10.7751783290413,0.266464063757026,29
"7100","AL","Santana do Ipanema",47819,10724.56,27003,"Santana do Ipanema",2,"Nordeste",1,"270800",3,55,29,26,29,26,1,0,0,0,0,56,29,26,29,26,34,9.28029171731362,10.7751783290413,0.335593409845708,31
"7101","AL","Santana do Ipanema",47819,10724.56,27003,"Santana do Ipanema",2,"Nordeste",1,"270800",4,59,26,33,23,36,1,0,0,0,0,60,26,33,23,36,28,9.28029171731362,10.7751783290413,0.363833218081429,30
"7102","AL","Santana do Ipanema",47819,10724.56,27003,"Santana do Ipanema",2,"Nordeste",1,"270800",5,77,34,43,42,35,1,0,0,0,0,78,34,43,42,35,38,9.28029171731362,10.7751783290413,0.386304539411361,31
"7103","AL","Santana do Ipanema",47819,10724.56,27003,"Santana do Ipanema",2,"Nordeste",1,"270800",6,61,27,34,26,35,1,0,0,0,0,62,27,34,26,35,35,9.28029171731362,10.7751783290413,0.365646509063254,30
"7104","AL","Santana do Ipanema",47819,10724.56,27003,"Santana do Ipanema",2,"Nordeste",1,"270800",7,60,23,37,29,31,2,0,0,0,0,62,23,37,29,31,43,9.28029171731362,10.7751783290413,0.391570290149487,29
"7105","AL","Santana do Mundaú",10687,101744.85,27008,"Serrana dos Quilombos",2,"Nordeste",0,"270810",2,19,9,10,8,11,0,0,0,0,0,19,9,10,8,11,3,11.5302234877733,9.2767833285249,0.310007660057836,29
"7106","AL","Santana do Mundaú",10687,101744.85,27008,"Serrana dos Quilombos",2,"Nordeste",0,"270810",3,18,6,12,7,11,0,0,0,0,0,18,6,12,7,11,10,11.5302234877733,9.2767833285249,0.376609069242132,31
"7107","AL","Santana do Mundaú",10687,101744.85,27008,"Serrana dos Quilombos",2,"Nordeste",0,"270810",4,16,9,7,11,5,0,0,0,0,0,16,9,7,11,5,9,11.5302234877733,9.2767833285249,0.423092807283357,30
"7108","AL","Santana do Mundaú",10687,101744.85,27008,"Serrana dos Quilombos",2,"Nordeste",0,"270810",5,12,7,5,6,6,0,0,0,0,0,12,7,5,6,6,10,11.5302234877733,9.2767833285249,0.428989096047927,31
"7109","AL","Santana do Mundaú",10687,101744.85,27008,"Serrana dos Quilombos",2,"Nordeste",0,"270810",6,13,4,9,6,7,0,0,0,0,0,13,4,9,6,7,11,11.5302234877733,9.2767833285249,0.438610231181041,30
"7110","AL","Santana do Mundaú",10687,101744.85,27008,"Serrana dos Quilombos",2,"Nordeste",0,"270810",7,27,16,11,17,10,0,0,0,0,0,27,16,11,17,10,8,11.5302234877733,9.2767833285249,0.461088943960702,29
"7111","AL","São José da Laje",23996,12668.23,27008,"Serrana dos Quilombos",2,"Nordeste",0,"270830",2,61,31,30,34,27,0,0,0,0,0,61,31,30,34,27,14,9.44685256347729,10.085642428773,0.301440272148848,29
"7112","AL","São José da Laje",23996,12668.23,27008,"Serrana dos Quilombos",2,"Nordeste",0,"270830",3,52,27,25,33,19,0,0,0,0,0,52,27,25,33,19,11,9.44685256347729,10.085642428773,0.389862915825541,31
"7113","AL","São José da Laje",23996,12668.23,27008,"Serrana dos Quilombos",2,"Nordeste",0,"270830",4,27,18,9,19,8,0,0,0,0,0,27,18,9,19,8,8,9.44685256347729,10.085642428773,0.414227210427631,30
"7114","AL","São José da Laje",23996,12668.23,27008,"Serrana dos Quilombos",2,"Nordeste",0,"270830",5,37,19,18,20,17,1,0,0,0,0,38,19,18,20,17,15,9.44685256347729,10.085642428773,0.445167403425021,31
"7115","AL","São José da Laje",23996,12668.23,27008,"Serrana dos Quilombos",2,"Nordeste",0,"270830",6,31,15,16,20,11,0,0,0,0,0,31,15,16,20,11,16,9.44685256347729,10.085642428773,0.400235661795709,30
"7116","AL","São José da Laje",23996,12668.23,27008,"Serrana dos Quilombos",2,"Nordeste",0,"270830",7,38,15,23,20,18,0,0,0,0,0,38,15,23,20,18,16,9.44685256347729,10.085642428773,0.420100272445311,29
"7117","AL","São José da Tapera",32405,7068.79,27003,"Santana do Ipanema",2,"Nordeste",0,"270840",2,48,32,16,23,25,0,0,0,0,0,48,32,16,23,25,20,8.86344459855753,10.3860680108618,0.297084133584686,29
"7118","AL","São José da Tapera",32405,7068.79,27003,"Santana do Ipanema",2,"Nordeste",0,"270840",3,45,25,20,20,25,0,0,0,0,0,45,25,20,20,25,10,8.86344459855753,10.3860680108618,0.360085242026271,31
"7119","AL","São José da Tapera",32405,7068.79,27003,"Santana do Ipanema",2,"Nordeste",0,"270840",4,62,24,38,26,36,0,0,0,0,0,62,24,38,26,36,19,8.86344459855753,10.3860680108618,0.375516909005938,30
"7120","AL","São José da Tapera",32405,7068.79,27003,"Santana do Ipanema",2,"Nordeste",0,"270840",5,50,27,23,24,26,2,0,0,0,0,52,27,23,24,26,17,8.86344459855753,10.3860680108618,0.401648755951016,31
"7121","AL","São José da Tapera",32405,7068.79,27003,"Santana do Ipanema",2,"Nordeste",0,"270840",6,52,27,25,28,24,0,0,0,0,0,52,27,25,28,24,19,8.86344459855753,10.3860680108618,0.402104058328866,30
"7122","AL","São José da Tapera",32405,7068.79,27003,"Santana do Ipanema",2,"Nordeste",0,"270840",7,52,30,22,29,23,1,0,0,0,0,53,30,22,29,23,25,8.86344459855753,10.3860680108618,0.423969854641464,29
"7123","AL","São Luís do Quitunde",34692,16709.48,27009,"Mata Alagoana",2,"Nordeste",0,"270850",2,59,27,32,39,20,0,0,0,0,0,59,27,32,39,20,16,9.72373150201487,10.4542643918043,0.301114770750335,29
"7124","AL","São Luís do Quitunde",34692,16709.48,27009,"Mata Alagoana",2,"Nordeste",0,"270850",3,44,25,19,26,18,0,0,0,0,0,44,25,19,26,18,14,9.72373150201487,10.4542643918043,0.363112989448017,31
"7125","AL","São Luís do Quitunde",34692,16709.48,27009,"Mata Alagoana",2,"Nordeste",0,"270850",4,30,14,16,18,12,1,0,0,0,0,31,14,16,18,12,16,9.72373150201487,10.4542643918043,0.404770510987088,30
"7126","AL","São Luís do Quitunde",34692,16709.48,27009,"Mata Alagoana",2,"Nordeste",0,"270850",5,44,27,17,24,20,0,0,0,0,0,44,27,17,24,20,37,9.72373150201487,10.4542643918043,0.432679435230749,31
"7127","AL","São Luís do Quitunde",34692,16709.48,27009,"Mata Alagoana",2,"Nordeste",0,"270850",6,39,20,19,29,10,0,0,0,0,0,39,20,19,29,10,29,9.72373150201487,10.4542643918043,0.409772141280058,30
"7128","AL","São Luís do Quitunde",34692,16709.48,27009,"Mata Alagoana",2,"Nordeste",0,"270850",7,52,29,23,33,19,3,0,0,0,0,55,29,23,33,19,17,9.72373150201487,10.4542643918043,0.433565164293157,29
"7129","AL","São Miguel dos Campos",61797,17123.99,27012,"São Miguel dos Campos",2,"Nordeste",1,"270860",2,90,22,68,51,39,0,0,0,0,0,90,22,68,51,39,29,9.74823568328896,11.0316100985782,0.276032886396096,29
"7130","AL","São Miguel dos Campos",61797,17123.99,27012,"São Miguel dos Campos",2,"Nordeste",1,"270860",3,67,19,48,29,38,0,0,0,0,0,67,19,48,29,38,36,9.74823568328896,11.0316100985782,0.358040346073524,31
"7131","AL","São Miguel dos Campos",61797,17123.99,27012,"São Miguel dos Campos",2,"Nordeste",1,"270860",4,72,26,46,32,40,0,0,0,0,0,72,26,46,32,40,34,9.74823568328896,11.0316100985782,0.38738960897057,30
"7132","AL","São Miguel dos Campos",61797,17123.99,27012,"São Miguel dos Campos",2,"Nordeste",1,"270860",5,76,34,42,44,32,0,0,0,0,0,76,34,42,44,32,44,9.74823568328896,11.0316100985782,0.388724321622048,31
"7133","AL","São Miguel dos Campos",61797,17123.99,27012,"São Miguel dos Campos",2,"Nordeste",1,"270860",6,54,19,35,26,28,2,0,0,0,0,56,19,35,26,28,58,9.74823568328896,11.0316100985782,0.378220222173426,30
"7134","AL","São Miguel dos Campos",61797,17123.99,27012,"São Miguel dos Campos",2,"Nordeste",1,"270860",7,77,27,50,41,36,1,0,0,0,0,78,27,50,41,36,42,9.74823568328896,11.0316100985782,0.384094407113975,29
"7135","AL","São Miguel dos Milagres",8013,18786.77,27010,"Litoral Norte Alagoano",2,"Nordeste",0,"270870",2,13,3,10,6,7,0,0,0,0,0,13,3,10,6,7,2,9.84090817768424,8.98882050177807,0.27132349807262,29
"7136","AL","São Miguel dos Milagres",8013,18786.77,27010,"Litoral Norte Alagoano",2,"Nordeste",0,"270870",3,27,12,15,19,8,0,0,0,0,0,27,12,15,19,8,4,9.84090817768424,8.98882050177807,0.351343827978974,31
"7137","AL","São Miguel dos Milagres",8013,18786.77,27010,"Litoral Norte Alagoano",2,"Nordeste",0,"270870",4,9,6,3,7,2,0,0,0,0,0,9,6,3,7,2,9,9.84090817768424,8.98882050177807,0.389832898716059,30
"7138","AL","São Miguel dos Milagres",8013,18786.77,27010,"Litoral Norte Alagoano",2,"Nordeste",0,"270870",5,20,9,11,10,10,0,0,0,0,0,20,9,11,10,10,5,9.84090817768424,8.98882050177807,0.404293906246108,31
"7139","AL","São Miguel dos Milagres",8013,18786.77,27010,"Litoral Norte Alagoano",2,"Nordeste",0,"270870",6,11,4,7,7,4,0,0,0,0,0,11,4,7,7,4,6,9.84090817768424,8.98882050177807,0.364364448116218,30
"7140","AL","São Miguel dos Milagres",8013,18786.77,27010,"Litoral Norte Alagoano",2,"Nordeste",0,"270870",7,15,7,8,5,10,0,0,0,0,0,15,7,8,5,10,4,9.84090817768424,8.98882050177807,0.374272531804345,29
"7141","AL","São Sebastião",34290,12884.89,27006,"Arapiraca",2,"Nordeste",0,"270880",2,65,38,27,31,34,0,0,0,0,0,65,38,27,31,34,17,9.46381058599143,10.442609045457,0.305317174351246,29
"7142","AL","São Sebastião",34290,12884.89,27006,"Arapiraca",2,"Nordeste",0,"270880",3,69,27,42,28,41,0,0,0,0,0,69,27,42,28,41,20,9.46381058599143,10.442609045457,0.398824043956114,31
"7143","AL","São Sebastião",34290,12884.89,27006,"Arapiraca",2,"Nordeste",0,"270880",4,29,18,11,14,15,0,0,0,0,0,29,18,11,14,15,11,9.46381058599143,10.442609045457,0.431150056207131,30
"7144","AL","São Sebastião",34290,12884.89,27006,"Arapiraca",2,"Nordeste",0,"270880",5,41,24,17,22,19,0,0,0,0,0,41,24,17,22,19,19,9.46381058599143,10.442609045457,0.446929473917158,31
"7145","AL","São Sebastião",34290,12884.89,27006,"Arapiraca",2,"Nordeste",0,"270880",6,37,20,17,18,19,1,0,0,0,0,38,20,17,18,19,31,9.46381058599143,10.442609045457,0.410137313962215,30
"7146","AL","São Sebastião",34290,12884.89,27006,"Arapiraca",2,"Nordeste",0,"270880",7,44,22,22,23,21,0,0,0,0,0,44,22,22,23,21,18,9.46381058599143,10.442609045457,0.420896173743609,29
"7147","AL","Satuba",13936,12368.73,27011,"Maceió",2,"Nordeste",1,"270890",2,61,12,49,25,36,1,0,0,0,0,62,12,49,25,36,6,9.4229267923713,9.54223069909228,0.281249632314992,29
"7148","AL","Satuba",13936,12368.73,27011,"Maceió",2,"Nordeste",1,"270890",3,32,6,26,18,14,1,0,0,0,0,33,6,26,18,14,8,9.4229267923713,9.54223069909228,0.374990879519359,31
"7149","AL","Satuba",13936,12368.73,27011,"Maceió",2,"Nordeste",1,"270890",4,17,3,14,6,11,0,0,0,0,0,17,3,14,6,11,6,9.4229267923713,9.54223069909228,0.425305176298874,30
"7150","AL","Satuba",13936,12368.73,27011,"Maceió",2,"Nordeste",1,"270890",5,27,6,21,10,17,0,0,0,0,0,27,6,21,10,17,20,9.4229267923713,9.54223069909228,0.434118704182512,31
"7151","AL","Satuba",13936,12368.73,27011,"Maceió",2,"Nordeste",1,"270890",6,24,8,16,13,11,0,0,0,0,0,24,8,16,13,11,18,9.4229267923713,9.54223069909228,0.394390232481986,30
"7152","AL","Satuba",13936,12368.73,27011,"Maceió",2,"Nordeste",1,"270890",7,21,4,17,7,14,0,0,0,0,0,21,4,17,7,14,9,9.4229267923713,9.54223069909228,0.38791420980315,29
"7153","AL","Senador Rui Palmeira",13921,6349.6,27003,"Santana do Ipanema",2,"Nordeste",0,"270895",2,17,9,8,8,9,0,0,0,0,0,17,9,8,8,9,4,8.75614709777667,9.54115377038857,0.328405898310192,29
"7154","AL","Senador Rui Palmeira",13921,6349.6,27003,"Santana do Ipanema",2,"Nordeste",0,"270895",3,13,8,5,5,8,0,0,0,0,0,13,8,5,5,8,9,8.75614709777667,9.54115377038857,0.380173172747742,31
"7155","AL","Senador Rui Palmeira",13921,6349.6,27003,"Santana do Ipanema",2,"Nordeste",0,"270895",4,22,15,7,10,12,0,0,0,0,0,22,15,7,10,12,6,8.75614709777667,9.54115377038857,0.406894464145238,30
"7156","AL","Senador Rui Palmeira",13921,6349.6,27003,"Santana do Ipanema",2,"Nordeste",0,"270895",5,18,10,8,13,5,0,0,0,0,0,18,10,8,13,5,6,8.75614709777667,9.54115377038857,0.443641410224561,31
"7157","AL","Senador Rui Palmeira",13921,6349.6,27003,"Santana do Ipanema",2,"Nordeste",0,"270895",6,25,20,5,14,11,0,0,0,0,0,25,20,5,14,11,12,8.75614709777667,9.54115377038857,0.434579834567834,30
"7158","AL","Senador Rui Palmeira",13921,6349.6,27003,"Santana do Ipanema",2,"Nordeste",0,"270895",7,21,11,10,10,11,0,0,0,0,0,21,11,10,10,11,6,8.75614709777667,9.54115377038857,0.432832741588358,29
"7159","AL","Tanque d'Arca",6138,8821.64,27005,"Palmeira dos Índios",2,"Nordeste",0,"270900",2,17,1,16,6,11,0,0,0,0,0,17,1,16,6,11,4,9.08496307275903,8.72225423517968,0.280478368699118,29
"7160","AL","Tanque d'Arca",6138,8821.64,27005,"Palmeira dos Índios",2,"Nordeste",0,"270900",3,8,3,5,3,5,0,0,0,0,0,8,3,5,3,5,1,9.08496307275903,8.72225423517968,0.376532316502293,31
"7161","AL","Tanque d'Arca",6138,8821.64,27005,"Palmeira dos Índios",2,"Nordeste",0,"270900",4,10,2,8,5,5,0,0,0,0,0,10,2,8,5,5,4,9.08496307275903,8.72225423517968,0.390422429649543,30
"7162","AL","Tanque d'Arca",6138,8821.64,27005,"Palmeira dos Índios",2,"Nordeste",0,"270900",5,7,0,7,3,4,0,0,0,0,0,7,0,7,3,4,3,9.08496307275903,8.72225423517968,0.454628856592865,31
"7163","AL","Tanque d'Arca",6138,8821.64,27005,"Palmeira dos Índios",2,"Nordeste",0,"270900",6,5,0,5,3,2,0,0,0,0,0,5,0,5,3,2,7,9.08496307275903,8.72225423517968,0.420900089336925,30
"7164","AL","Tanque d'Arca",6138,8821.64,27005,"Palmeira dos Índios",2,"Nordeste",0,"270900",7,6,4,2,1,5,0,0,0,0,0,6,4,2,1,5,3,9.08496307275903,8.72225423517968,0.472361841645679,29
"7165","AL","Taquarana",20072,12761.67,27006,"Arapiraca",2,"Nordeste",0,"270910",2,50,14,36,19,31,0,0,0,0,0,50,14,36,19,31,11,9.45420142607798,9.90708108804626,0.28881015489748,29
"7166","AL","Taquarana",20072,12761.67,27006,"Arapiraca",2,"Nordeste",0,"270910",3,38,20,18,16,22,0,0,0,0,0,38,20,18,16,22,16,9.45420142607798,9.90708108804626,0.373085984823304,31
"7167","AL","Taquarana",20072,12761.67,27006,"Arapiraca",2,"Nordeste",0,"270910",4,26,9,17,10,16,0,0,0,0,0,26,9,17,10,16,8,9.45420142607798,9.90708108804626,0.395040524753024,30
"7168","AL","Taquarana",20072,12761.67,27006,"Arapiraca",2,"Nordeste",0,"270910",5,25,12,13,14,11,0,0,0,0,0,25,12,13,14,11,15,9.45420142607798,9.90708108804626,0.403683756465084,31
"7169","AL","Taquarana",20072,12761.67,27006,"Arapiraca",2,"Nordeste",0,"270910",6,10,4,6,4,6,0,0,0,0,0,10,4,6,4,6,17,9.45420142607798,9.90708108804626,0.397157137694048,30
"7170","AL","Taquarana",20072,12761.67,27006,"Arapiraca",2,"Nordeste",0,"270910",7,29,12,17,14,15,0,0,0,0,0,29,12,17,14,15,13,9.45420142607798,9.90708108804626,0.42143913079505,29
"7171","AL","Teotônio Vilela",44372,11655.14,27012,"São Miguel dos Campos",2,"Nordeste",1,"270915",2,81,28,53,42,39,1,0,0,0,0,82,28,53,42,39,22,9.36350256340973,10.7003639188585,0.268777302403945,29
"7172","AL","Teotônio Vilela",44372,11655.14,27012,"São Miguel dos Campos",2,"Nordeste",1,"270915",3,60,21,39,36,24,1,0,0,0,0,61,21,39,36,24,20,9.36350256340973,10.7003639188585,0.364923704985346,31
"7173","AL","Teotônio Vilela",44372,11655.14,27012,"São Miguel dos Campos",2,"Nordeste",1,"270915",4,34,8,26,16,18,0,0,0,0,0,34,8,26,16,18,25,9.36350256340973,10.7003639188585,0.391381457605726,30
"7174","AL","Teotônio Vilela",44372,11655.14,27012,"São Miguel dos Campos",2,"Nordeste",1,"270915",5,46,20,26,21,25,0,0,0,0,0,46,20,26,21,25,26,9.36350256340973,10.7003639188585,0.416711197807867,31
"7175","AL","Teotônio Vilela",44372,11655.14,27012,"São Miguel dos Campos",2,"Nordeste",1,"270915",6,47,19,28,22,25,1,0,0,0,0,48,19,28,22,25,47,9.36350256340973,10.7003639188585,0.401383797634106,30
"7176","AL","Teotônio Vilela",44372,11655.14,27012,"São Miguel dos Campos",2,"Nordeste",1,"270915",7,62,19,43,34,28,2,0,0,0,0,64,19,43,34,28,26,9.36350256340973,10.7003639188585,0.408432751550937,29
"7177","AL","União dos Palmares",65790,14393.46,27008,"Serrana dos Quilombos",2,"Nordeste",1,"270930",2,191,74,117,86,105,1,0,0,0,0,192,74,117,86,105,38,9.57452921573251,11.09422313008,0.289166110665977,29
"7178","AL","União dos Palmares",65790,14393.46,27008,"Serrana dos Quilombos",2,"Nordeste",1,"270930",3,151,54,97,63,88,0,0,0,0,0,151,54,97,63,88,35,9.57452921573251,11.09422313008,0.372970477635897,31
"7179","AL","União dos Palmares",65790,14393.46,27008,"Serrana dos Quilombos",2,"Nordeste",1,"270930",4,80,27,53,36,44,0,0,0,0,0,80,27,53,36,44,47,9.57452921573251,11.09422313008,0.399491731786447,30
"7180","AL","União dos Palmares",65790,14393.46,27008,"Serrana dos Quilombos",2,"Nordeste",1,"270930",5,92,36,56,49,43,2,0,0,0,0,94,36,56,49,43,67,9.57452921573251,11.09422313008,0.412203259037144,31
"7181","AL","União dos Palmares",65790,14393.46,27008,"Serrana dos Quilombos",2,"Nordeste",1,"270930",6,88,41,47,40,48,0,0,0,0,0,88,41,47,40,48,67,9.57452921573251,11.09422313008,0.381860502125513,30
"7182","AL","União dos Palmares",65790,14393.46,27008,"Serrana dos Quilombos",2,"Nordeste",1,"270930",7,117,42,75,63,54,0,0,0,0,0,117,42,75,63,54,43,9.57452921573251,11.09422313008,0.402272460836504,29
"7183","AL","Viçosa",25693,13185.78,27008,"Serrana dos Quilombos",2,"Nordeste",1,"270940",2,55,22,33,25,30,0,0,0,0,0,55,22,33,25,30,9,9.48689425517186,10.153973860242,0.279996614638302,29
"7184","AL","Viçosa",25693,13185.78,27008,"Serrana dos Quilombos",2,"Nordeste",1,"270940",3,53,19,34,29,24,0,0,0,0,0,53,19,34,29,24,16,9.48689425517186,10.153973860242,0.357220076492525,31
"7185","AL","Viçosa",25693,13185.78,27008,"Serrana dos Quilombos",2,"Nordeste",1,"270940",4,22,8,14,14,8,0,0,0,0,0,22,8,14,14,8,23,9.48689425517186,10.153973860242,0.399136662249293,30
"7186","AL","Viçosa",25693,13185.78,27008,"Serrana dos Quilombos",2,"Nordeste",1,"270940",5,36,20,16,26,10,1,0,0,0,0,37,20,16,26,10,22,9.48689425517186,10.153973860242,0.414481733273666,31
"7187","AL","Viçosa",25693,13185.78,27008,"Serrana dos Quilombos",2,"Nordeste",1,"270940",6,36,12,24,19,17,3,0,0,0,0,39,12,24,19,17,23,9.48689425517186,10.153973860242,0.418262612182886,30
"7188","AL","Viçosa",25693,13185.78,27008,"Serrana dos Quilombos",2,"Nordeste",1,"270940",7,36,15,21,18,18,0,0,0,0,0,36,15,21,18,18,21,9.48689425517186,10.153973860242,0.427857897127055,29
"7189","SE","Amparo do São Francisco",2380,11686.42,28007,"Propriá",2,"Nordeste",0,"280010",2,3,1,2,1,2,0,0,0,0,0,3,1,2,1,2,1,9.36618276291009,7.77485576666552,0.299757885521481,29
"7190","SE","Amparo do São Francisco",2380,11686.42,28007,"Propriá",2,"Nordeste",0,"280010",3,4,1,3,2,2,0,0,0,0,0,4,1,3,2,2,0,9.36618276291009,7.77485576666552,0.393438526391562,31
"7191","SE","Amparo do São Francisco",2380,11686.42,28007,"Propriá",2,"Nordeste",0,"280010",4,0,0,0,0,0,0,0,0,0,0,0,0,0,0,0,2,9.36618276291009,7.77485576666552,0.413287091152984,30
"7192","SE","Amparo do São Francisco",2380,11686.42,28007,"Propriá",2,"Nordeste",0,"280010",5,4,1,3,1,3,0,0,0,0,0,4,1,3,1,3,0,9.36618276291009,7.77485576666552,0.450076800200007,31
"7193","SE","Amparo do São Francisco",2380,11686.42,28007,"Propriá",2,"Nordeste",0,"280010",6,2,0,2,0,2,0,0,0,0,0,2,0,2,0,2,1,9.36618276291009,7.77485576666552,0.40183568932972,30
"7194","SE","Amparo do São Francisco",2380,11686.42,28007,"Propriá",2,"Nordeste",0,"280010",7,4,2,2,2,2,1,0,0,0,0,5,2,2,2,2,2,9.36618276291009,7.77485576666552,0.445313343480712,29
"7195","SE","Aquidabã",21681,10753.21,28003,"Nossa Senhora das Dores",2,"Nordeste",0,"280020",2,37,19,18,18,19,0,0,0,0,0,37,19,18,18,19,19,9.28295959363348,9.98419157995109,0.267651729007206,29
"7196","SE","Aquidabã",21681,10753.21,28003,"Nossa Senhora das Dores",2,"Nordeste",0,"280020",3,33,17,16,12,21,1,0,0,0,0,34,17,16,12,21,11,9.28295959363348,9.98419157995109,0.34328702083933,31
"7197","SE","Aquidabã",21681,10753.21,28003,"Nossa Senhora das Dores",2,"Nordeste",0,"280020",4,19,10,9,11,8,0,0,0,0,0,19,10,9,11,8,10,9.28295959363348,9.98419157995109,0.37905304038083,30
"7198","SE","Aquidabã",21681,10753.21,28003,"Nossa Senhora das Dores",2,"Nordeste",0,"280020",5,20,9,11,8,12,0,0,0,0,0,20,9,11,8,12,13,9.28295959363348,9.98419157995109,0.379608122540907,31
"7199","SE","Aquidabã",21681,10753.21,28003,"Nossa Senhora das Dores",2,"Nordeste",0,"280020",6,20,8,12,9,11,0,0,0,0,0,20,8,12,9,11,16,9.28295959363348,9.98419157995109,0.340609420454626,30
"7200","SE","Aquidabã",21681,10753.21,28003,"Nossa Senhora das Dores",2,"Nordeste",0,"280020",7,20,9,11,7,13,0,0,0,0,0,20,9,11,7,13,18,9.28295959363348,9.98419157995109,0.374833809606866,29
"7201","SE","Aracaju",664908,26622.38,28011,"Aracaju",2,"Nordeste",1,"280030",2,1180,294,886,384,796,4,0,0,0,0,1184,294,886,384,796,283,10.1895074944139,13.4074039642027,0.278217520515584,29
"7202","SE","Aracaju",664908,26622.38,28011,"Aracaju",2,"Nordeste",1,"280030",3,1113,287,826,392,721,6,0,0,0,0,1119,287,826,392,721,366,10.1895074944139,13.4074039642027,0.394098442585027,31
"7203","SE","Aracaju",664908,26622.38,28011,"Aracaju",2,"Nordeste",1,"280030",4,697,162,535,230,467,5,0,0,0,0,702,162,535,230,467,315,10.1895074944139,13.4074039642027,0.456546749193799,30
"7204","SE","Aracaju",664908,26622.38,28011,"Aracaju",2,"Nordeste",1,"280030",5,601,140,461,206,395,7,0,0,0,0,608,140,461,206,395,366,10.1895074944139,13.4074039642027,0.440055015205773,31
"7205","SE","Aracaju",664908,26622.38,28011,"Aracaju",2,"Nordeste",1,"280030",6,678,184,494,236,442,3,0,0,0,0,681,184,494,236,442,547,10.1895074944139,13.4074039642027,0.404960963515816,30
"7206","SE","Aracaju",664908,26622.38,28011,"Aracaju",2,"Nordeste",1,"280030",7,657,190,467,215,442,11,0,0,0,0,668,190,467,215,442,548,10.1895074944139,13.4074039642027,0.420391143866207,29
"7207","SE","Arauá",9947,10687.24,28012,"Boquim",2,"Nordeste",0,"280040",2,19,9,10,6,13,0,0,0,0,0,19,9,10,6,13,4,9.27680578546372,9.20502627715241,0.29085212944523,29
"7208","SE","Arauá",9947,10687.24,28012,"Boquim",2,"Nordeste",0,"280040",3,17,8,9,11,6,0,0,0,0,0,17,8,9,11,6,8,9.27680578546372,9.20502627715241,0.395831785498248,31
"7209","SE","Arauá",9947,10687.24,28012,"Boquim",2,"Nordeste",0,"280040",4,14,4,10,7,7,1,0,0,0,0,15,4,10,7,7,7,9.27680578546372,9.20502627715241,0.430815432580112,30
"7210","SE","Arauá",9947,10687.24,28012,"Boquim",2,"Nordeste",0,"280040",5,12,5,7,3,9,0,0,0,0,0,12,5,7,3,9,8,9.27680578546372,9.20502627715241,0.423349156247934,31
"7211","SE","Arauá",9947,10687.24,28012,"Boquim",2,"Nordeste",0,"280040",6,11,0,11,5,6,1,0,0,0,0,12,0,11,5,6,3,9.27680578546372,9.20502627715241,0.386689767515283,30
"7212","SE","Arauá",9947,10687.24,28012,"Boquim",2,"Nordeste",0,"280040",7,13,9,4,7,6,0,0,0,0,0,13,9,4,7,6,7,9.27680578546372,9.20502627715241,0.461942659999301,29
"7213","SE","Areia Branca",18686,10275.35,28004,"Agreste de Itabaiana",2,"Nordeste",0,"280050",2,31,16,15,15,16,0,0,0,0,0,31,16,15,15,16,8,9.23750310204464,9.8355298593529,0.28497985129731,29
"7214","SE","Areia Branca",18686,10275.35,28004,"Agreste de Itabaiana",2,"Nordeste",0,"280050",3,23,10,13,11,12,0,0,0,0,0,23,10,13,11,12,5,9.23750310204464,9.8355298593529,0.378069300007901,31
"7215","SE","Areia Branca",18686,10275.35,28004,"Agreste de Itabaiana",2,"Nordeste",0,"280050",4,21,12,9,12,9,0,0,0,0,0,21,12,9,12,9,13,9.23750310204464,9.8355298593529,0.40197536379163,30
"7216","SE","Areia Branca",18686,10275.35,28004,"Agreste de Itabaiana",2,"Nordeste",0,"280050",5,22,11,11,14,8,0,0,0,0,0,22,11,11,14,8,12,9.23750310204464,9.8355298593529,0.393324489871258,31
"7217","SE","Areia Branca",18686,10275.35,28004,"Agreste de Itabaiana",2,"Nordeste",0,"280050",6,22,7,15,10,12,0,0,0,0,0,22,7,15,10,12,13,9.23750310204464,9.8355298593529,0.36894281680703,30
"7218","SE","Areia Branca",18686,10275.35,28004,"Agreste de Itabaiana",2,"Nordeste",0,"280050",7,25,16,9,11,14,0,0,0,0,0,25,16,9,11,14,20,9.23750310204464,9.8355298593529,0.414288761939527,29
"7219","SE","Barra dos Coqueiros",30930,16438.72,28011,"Aracaju",2,"Nordeste",1,"280060",2,78,24,54,29,49,1,0,0,0,0,79,24,54,29,49,20,9.70739480669823,10.3394818656791,0.279371021666806,29
"7220","SE","Barra dos Coqueiros",30930,16438.72,28011,"Aracaju",2,"Nordeste",1,"280060",3,46,13,33,17,29,1,0,0,0,0,47,13,33,17,29,23,9.70739480669823,10.3394818656791,0.381555843737551,31
"7221","SE","Barra dos Coqueiros",30930,16438.72,28011,"Aracaju",2,"Nordeste",1,"280060",4,35,11,24,15,20,0,0,0,0,0,35,11,24,15,20,17,9.70739480669823,10.3394818656791,0.434433752467217,30
"7222","SE","Barra dos Coqueiros",30930,16438.72,28011,"Aracaju",2,"Nordeste",1,"280060",5,54,14,40,21,33,0,0,0,0,0,54,14,40,21,33,15,9.70739480669823,10.3394818656791,0.424937938617296,31
"7223","SE","Barra dos Coqueiros",30930,16438.72,28011,"Aracaju",2,"Nordeste",1,"280060",6,48,13,35,11,37,0,0,0,0,0,48,13,35,11,37,31,9.70739480669823,10.3394818656791,0.385749184399487,30
"7224","SE","Barra dos Coqueiros",30930,16438.72,28011,"Aracaju",2,"Nordeste",1,"280060",7,55,16,39,23,32,1,0,0,0,0,56,16,39,23,32,26,9.70739480669823,10.3394818656791,0.396797049975521,29
"7225","SE","Boquim",26899,10937.23,28012,"Boquim",2,"Nordeste",0,"280067",2,47,15,32,20,27,1,0,0,0,0,48,15,32,20,27,18,9.29992784464689,10.1998443901777,0.273331513599757,29
"7226","SE","Boquim",26899,10937.23,28012,"Boquim",2,"Nordeste",0,"280067",3,36,17,19,17,19,0,0,0,0,0,36,17,19,17,19,14,9.29992784464689,10.1998443901777,0.364071385954088,31
"7227","SE","Boquim",26899,10937.23,28012,"Boquim",2,"Nordeste",0,"280067",4,27,14,13,13,14,1,0,0,0,0,28,14,13,13,14,13,9.29992784464689,10.1998443901777,0.387678959210105,30
"7228","SE","Boquim",26899,10937.23,28012,"Boquim",2,"Nordeste",0,"280067",5,26,6,20,6,20,2,0,0,0,0,28,6,20,6,20,15,9.29992784464689,10.1998443901777,0.390398850522897,31
"7229","SE","Boquim",26899,10937.23,28012,"Boquim",2,"Nordeste",0,"280067",6,31,6,25,14,17,0,0,0,0,0,31,6,25,14,17,11,9.29992784464689,10.1998443901777,0.350933508226632,30
"7230","SE","Boquim",26899,10937.23,28012,"Boquim",2,"Nordeste",0,"280067",7,20,5,15,8,12,0,0,0,0,0,20,5,15,8,12,13,9.29992784464689,10.1998443901777,0.373120140505649,29
"7231","SE","Brejo Grande",8353,9182.74,28007,"Propriá",2,"Nordeste",0,"280070",2,15,11,4,8,7,1,0,0,0,0,16,11,4,8,7,7,9.12508091402528,9.03037603475591,0.323042356166763,29
"7232","SE","Brejo Grande",8353,9182.74,28007,"Propriá",2,"Nordeste",0,"280070",3,15,9,6,11,4,0,0,0,0,0,15,9,6,11,4,5,9.12508091402528,9.03037603475591,0.391312404645112,31
"7233","SE","Brejo Grande",8353,9182.74,28007,"Propriá",2,"Nordeste",0,"280070",4,10,2,8,7,3,1,0,0,0,0,11,2,8,7,3,6,9.12508091402528,9.03037603475591,0.388779786539032,30
"7234","SE","Brejo Grande",8353,9182.74,28007,"Propriá",2,"Nordeste",0,"280070",5,12,5,7,10,2,0,0,0,0,0,12,5,7,10,2,5,9.12508091402528,9.03037603475591,0.403842297972753,31
"7235","SE","Brejo Grande",8353,9182.74,28007,"Propriá",2,"Nordeste",0,"280070",6,18,12,6,6,12,0,0,0,0,0,18,12,6,6,12,5,9.12508091402528,9.03037603475591,0.395633037795024,30
"7236","SE","Brejo Grande",8353,9182.74,28007,"Propriá",2,"Nordeste",0,"280070",7,6,3,3,3,3,0,0,0,0,0,6,3,3,3,3,8,9.12508091402528,9.03037603475591,0.430607632141805,29
"7237","SE","Campo do Brito",18218,10975.49,28004,"Agreste de Itabaiana",2,"Nordeste",0,"280100",2,33,18,15,14,19,0,0,0,0,0,33,18,15,14,19,9,9.30341988387156,9.81016539530476,0.272703430492378,29
"7238","SE","Campo do Brito",18218,10975.49,28004,"Agreste de Itabaiana",2,"Nordeste",0,"280100",3,25,7,18,9,16,0,0,0,0,0,25,7,18,9,16,11,9.30341988387156,9.81016539530476,0.345610153089297,31
"7239","SE","Campo do Brito",18218,10975.49,28004,"Agreste de Itabaiana",2,"Nordeste",0,"280100",4,15,7,8,4,11,0,0,0,0,0,15,7,8,4,11,10,9.30341988387156,9.81016539530476,0.364711660732525,30
"7240","SE","Campo do Brito",18218,10975.49,28004,"Agreste de Itabaiana",2,"Nordeste",0,"280100",5,23,13,10,10,13,0,0,0,0,0,23,13,10,10,13,14,9.30341988387156,9.81016539530476,0.349946440264166,31
"7241","SE","Campo do Brito",18218,10975.49,28004,"Agreste de Itabaiana",2,"Nordeste",0,"280100",6,20,9,11,7,13,0,0,0,0,0,20,9,11,7,13,11,9.30341988387156,9.81016539530476,0.341696487580865,30
"7242","SE","Campo do Brito",18218,10975.49,28004,"Agreste de Itabaiana",2,"Nordeste",0,"280100",7,19,11,8,5,14,0,0,0,0,0,19,11,8,5,14,16,9.30341988387156,9.81016539530476,0.362765715234695,29
"7243","SE","Canindé de São Francisco",30402,73005.72,28001,"Sergipana do Sertão do São Francisco",2,"Nordeste",0,"280120",2,67,39,28,33,34,0,0,0,0,0,67,39,28,33,34,14,11.1982930732252,10.322263674704,0.285307957076418,29
"7244","SE","Canindé de São Francisco",30402,73005.72,28001,"Sergipana do Sertão do São Francisco",2,"Nordeste",0,"280120",3,68,34,34,40,28,0,0,0,0,0,68,34,34,40,28,13,11.1982930732252,10.322263674704,0.378178229550959,31
"7245","SE","Canindé de São Francisco",30402,73005.72,28001,"Sergipana do Sertão do São Francisco",2,"Nordeste",0,"280120",4,44,34,10,26,18,1,0,0,0,0,45,34,10,26,18,16,11.1982930732252,10.322263674704,0.390308399249048,30
"7246","SE","Canindé de São Francisco",30402,73005.72,28001,"Sergipana do Sertão do São Francisco",2,"Nordeste",0,"280120",5,40,23,17,21,19,1,0,0,0,0,41,23,17,21,19,22,11.1982930732252,10.322263674704,0.40352233637592,31
"7247","SE","Canindé de São Francisco",30402,73005.72,28001,"Sergipana do Sertão do São Francisco",2,"Nordeste",0,"280120",6,43,24,19,23,20,1,0,0,0,0,44,24,19,23,20,16,11.1982930732252,10.322263674704,0.379110691050527,30
"7248","SE","Canindé de São Francisco",30402,73005.72,28001,"Sergipana do Sertão do São Francisco",2,"Nordeste",0,"280120",7,40,24,16,17,23,0,0,0,0,0,40,24,16,17,23,17,11.1982930732252,10.322263674704,0.412993657995125,29
"7249","SE","Capela",34514,11067.57,28008,"Cotinguiba",2,"Nordeste",0,"280130",2,68,32,36,30,38,0,0,0,0,0,68,32,36,30,38,15,9.31177448941123,10.4491203178075,0.2780424054166,29
"7250","SE","Capela",34514,11067.57,28008,"Cotinguiba",2,"Nordeste",0,"280130",3,74,36,38,37,37,0,0,0,0,0,74,36,38,37,37,19,9.31177448941123,10.4491203178075,0.361974648045563,31
"7251","SE","Capela",34514,11067.57,28008,"Cotinguiba",2,"Nordeste",0,"280130",4,48,30,18,25,23,1,0,0,0,0,49,30,18,25,23,9,9.31177448941123,10.4491203178075,0.394211162829154,30
"7252","SE","Capela",34514,11067.57,28008,"Cotinguiba",2,"Nordeste",0,"280130",5,52,31,21,28,24,0,0,0,0,0,52,31,21,28,24,17,9.31177448941123,10.4491203178075,0.385310877760642,31
"7253","SE","Capela",34514,11067.57,28008,"Cotinguiba",2,"Nordeste",0,"280130",6,44,21,23,20,24,0,0,0,0,0,44,21,23,20,24,33,9.31177448941123,10.4491203178075,0.360577916167411,30
"7254","SE","Capela",34514,11067.57,28008,"Cotinguiba",2,"Nordeste",0,"280130",7,62,27,35,33,29,1,0,0,0,0,63,27,35,33,29,23,9.31177448941123,10.4491203178075,0.399828307678626,29
"7255","SE","Carira",22239,9961.02,28002,"Carira",2,"Nordeste",0,"280140",2,41,20,21,17,24,0,0,0,0,0,41,20,21,17,24,12,9.20643475497369,10.0096027833248,0.298532652564022,29
"7256","SE","Carira",22239,9961.02,28002,"Carira",2,"Nordeste",0,"280140",3,20,10,10,9,11,0,0,0,0,0,20,10,10,9,11,19,9.20643475497369,10.0096027833248,0.363162709547057,31
"7257","SE","Carira",22239,9961.02,28002,"Carira",2,"Nordeste",0,"280140",4,16,11,5,5,11,0,0,0,0,0,16,11,5,5,11,16,9.20643475497369,10.0096027833248,0.380808182530043,30
"7258","SE","Carira",22239,9961.02,28002,"Carira",2,"Nordeste",0,"280140",5,20,13,7,8,12,0,0,0,0,0,20,13,7,8,12,11,9.20643475497369,10.0096027833248,0.39985234981039,31
"7259","SE","Carira",22239,9961.02,28002,"Carira",2,"Nordeste",0,"280140",6,21,15,6,12,9,0,0,0,0,0,21,15,6,12,9,17,9.20643475497369,10.0096027833248,0.346736818578458,30
"7260","SE","Carira",22239,9961.02,28002,"Carira",2,"Nordeste",0,"280140",7,33,22,11,13,20,1,0,0,0,0,34,22,11,13,20,15,9.20643475497369,10.0096027833248,0.396703679322056,29
"7261","SE","Carmópolis",16937,24617.01,28010,"Baixo Cotinguiba",2,"Nordeste",1,"280150",2,35,16,19,19,16,0,0,0,0,0,35,16,19,19,16,6,10.1111929463844,9.73725585689112,0.267322267700493,29
"7262","SE","Carmópolis",16937,24617.01,28010,"Baixo Cotinguiba",2,"Nordeste",1,"280150",3,20,8,12,9,11,0,0,0,0,0,20,8,12,9,11,1,10.1111929463844,9.73725585689112,0.35115890858661,31
"7263","SE","Carmópolis",16937,24617.01,28010,"Baixo Cotinguiba",2,"Nordeste",1,"280150",4,19,9,10,8,11,0,0,0,0,0,19,9,10,8,11,4,10.1111929463844,9.73725585689112,0.376100963117335,30
"7264","SE","Carmópolis",16937,24617.01,28010,"Baixo Cotinguiba",2,"Nordeste",1,"280150",5,25,13,12,9,16,0,0,0,0,0,25,13,12,9,16,6,10.1111929463844,9.73725585689112,0.36580542113045,31
"7265","SE","Carmópolis",16937,24617.01,28010,"Baixo Cotinguiba",2,"Nordeste",1,"280150",6,26,13,13,14,12,0,0,0,0,0,26,13,13,14,12,10,10.1111929463844,9.73725585689112,0.354370338732412,30
"7266","SE","Carmópolis",16937,24617.01,28010,"Baixo Cotinguiba",2,"Nordeste",1,"280150",7,19,7,12,8,11,1,0,0,0,0,20,7,12,8,11,7,10.1111929463844,9.73725585689112,0.392382479157927,29
"7267","SE","Cedro de São João",5913,9240.22,28007,"Propriá",2,"Nordeste",0,"280160",2,6,3,3,1,5,0,0,0,0,0,6,3,3,1,5,4,9.1313209738761,8.68490859582083,0.268437189069661,29
"7268","SE","Cedro de São João",5913,9240.22,28007,"Propriá",2,"Nordeste",0,"280160",3,5,2,3,3,2,0,0,0,0,0,5,2,3,3,2,3,9.1313209738761,8.68490859582083,0.376324704059685,31
"7269","SE","Cedro de São João",5913,9240.22,28007,"Propriá",2,"Nordeste",0,"280160",4,6,4,2,4,2,0,0,0,0,0,6,4,2,4,2,0,9.1313209738761,8.68490859582083,0.404291398893673,30
"7270","SE","Cedro de São João",5913,9240.22,28007,"Propriá",2,"Nordeste",0,"280160",5,6,3,3,3,3,0,0,0,0,0,6,3,3,3,3,2,9.1313209738761,8.68490859582083,0.412189047849097,31
"7271","SE","Cedro de São João",5913,9240.22,28007,"Propriá",2,"Nordeste",0,"280160",6,7,3,4,4,3,0,0,0,0,0,7,3,4,4,3,3,9.1313209738761,8.68490859582083,0.351134998883142,30
"7272","SE","Cedro de São João",5913,9240.22,28007,"Propriá",2,"Nordeste",0,"280160",7,8,3,5,4,4,0,0,0,0,0,8,3,5,4,4,15,9.1313209738761,8.68490859582083,0.408458435928378,29
"7273","SE","Cristinápolis",18029,11570.6,28012,"Boquim",2,"Nordeste",0,"280170",2,38,14,24,22,16,0,0,0,0,0,38,14,24,22,16,8,9.35622267709723,9.7997368515422,0.294206207471203,29
"7274","SE","Cristinápolis",18029,11570.6,28012,"Boquim",2,"Nordeste",0,"280170",3,38,16,22,14,24,0,0,0,0,0,38,16,22,14,24,11,9.35622267709723,9.7997368515422,0.366661270407075,31
"7275","SE","Cristinápolis",18029,11570.6,28012,"Boquim",2,"Nordeste",0,"280170",4,27,7,20,14,13,0,0,0,0,0,27,7,20,14,13,8,9.35622267709723,9.7997368515422,0.401488425968142,30
"7276","SE","Cristinápolis",18029,11570.6,28012,"Boquim",2,"Nordeste",0,"280170",5,24,10,14,16,8,0,0,0,0,0,24,10,14,16,8,6,9.35622267709723,9.7997368515422,0.401208340323851,31
"7277","SE","Cristinápolis",18029,11570.6,28012,"Boquim",2,"Nordeste",0,"280170",6,19,10,9,10,9,0,0,0,0,0,19,10,9,10,9,15,9.35622267709723,9.7997368515422,0.380550756210478,30
"7278","SE","Cristinápolis",18029,11570.6,28012,"Boquim",2,"Nordeste",0,"280170",7,25,9,16,6,19,0,0,0,0,0,25,9,16,6,19,23,9.35622267709723,9.7997368515422,0.41737343425145,29
"7279","SE","Cumbe",3998,9271.46,28003,"Nossa Senhora das Dores",2,"Nordeste",0,"280190",2,8,2,6,2,6,0,0,0,0,0,8,2,6,2,6,2,9.13469614346163,8.29354951506035,0.314394093571021,29
"7280","SE","Cumbe",3998,9271.46,28003,"Nossa Senhora das Dores",2,"Nordeste",0,"280190",3,5,4,1,2,3,0,0,0,0,0,5,4,1,2,3,1,9.13469614346163,8.29354951506035,0.384106110285733,31
"7281","SE","Cumbe",3998,9271.46,28003,"Nossa Senhora das Dores",2,"Nordeste",0,"280190",4,0,0,0,0,0,0,0,0,0,0,0,0,0,0,0,4,9.13469614346163,8.29354951506035,0.385914987266965,30
"7282","SE","Cumbe",3998,9271.46,28003,"Nossa Senhora das Dores",2,"Nordeste",0,"280190",5,2,1,1,1,1,0,0,0,0,0,2,1,1,1,1,2,9.13469614346163,8.29354951506035,0.377595200208331,31
"7283","SE","Cumbe",3998,9271.46,28003,"Nossa Senhora das Dores",2,"Nordeste",0,"280190",6,2,2,0,2,0,0,0,0,0,0,2,2,0,2,0,4,9.13469614346163,8.29354951506035,0.367314033706117,30
"7284","SE","Cumbe",3998,9271.46,28003,"Nossa Senhora das Dores",2,"Nordeste",0,"280190",7,4,2,2,2,2,0,0,0,0,0,4,2,2,2,2,1,9.13469614346163,8.29354951506035,0.402232240301427,29
"7285","SE","Divina Pastora",5215,30179.85,28008,"Cotinguiba",2,"Nordeste",1,"280200",2,11,2,9,7,4,0,0,0,0,0,11,2,9,7,4,0,10.3149297621306,8.55929436743487,0.346701063074659,29
"7286","SE","Divina Pastora",5215,30179.85,28008,"Cotinguiba",2,"Nordeste",1,"280200",3,6,1,5,3,3,1,0,0,0,0,7,1,5,3,3,3,10.3149297621306,8.55929436743487,0.440058844658554,31
"7287","SE","Divina Pastora",5215,30179.85,28008,"Cotinguiba",2,"Nordeste",1,"280200",4,4,1,3,0,4,0,0,0,0,0,4,1,3,0,4,2,10.3149297621306,8.55929436743487,0.454580545353047,30
"7288","SE","Divina Pastora",5215,30179.85,28008,"Cotinguiba",2,"Nordeste",1,"280200",5,10,5,5,3,7,0,0,0,0,0,10,5,5,3,7,5,10.3149297621306,8.55929436743487,0.457570096191255,31
"7289","SE","Divina Pastora",5215,30179.85,28008,"Cotinguiba",2,"Nordeste",1,"280200",6,7,1,6,5,2,0,0,0,0,0,7,1,6,5,2,3,10.3149297621306,8.55929436743487,0.435726984690527,30
"7290","SE","Divina Pastora",5215,30179.85,28008,"Cotinguiba",2,"Nordeste",1,"280200",7,7,5,2,5,2,0,0,0,0,0,7,5,2,5,2,5,10.3149297621306,8.55929436743487,0.468632682785827,29
"7291","SE","Estância",69556,24677.68,28013,"Estância",2,"Nordeste",1,"280210",2,124,45,79,50,74,1,0,0,0,0,125,45,79,50,74,36,10.1136544703593,11.149887462502,0.253794952776886,29
"7292","SE","Estância",69556,24677.68,28013,"Estância",2,"Nordeste",1,"280210",3,134,51,83,57,77,1,0,0,0,0,135,51,83,57,77,40,10.1136544703593,11.149887462502,0.351151388172956,31
"7293","SE","Estância",69556,24677.68,28013,"Estância",2,"Nordeste",1,"280210",4,91,40,51,31,60,0,0,0,0,0,91,40,51,31,60,45,10.1136544703593,11.149887462502,0.386465570337186,30
"7294","SE","Estância",69556,24677.68,28013,"Estância",2,"Nordeste",1,"280210",5,75,29,46,38,37,1,0,0,0,0,76,29,46,38,37,49,10.1136544703593,11.149887462502,0.386169422311625,31
"7295","SE","Estância",69556,24677.68,28013,"Estância",2,"Nordeste",1,"280210",6,103,34,69,45,58,0,0,0,0,0,103,34,69,45,58,62,10.1136544703593,11.149887462502,0.360597670369484,30
"7296","SE","Estância",69556,24677.68,28013,"Estância",2,"Nordeste",1,"280210",7,83,33,50,32,51,2,0,0,0,0,85,33,50,32,51,84,10.1136544703593,11.149887462502,0.391946156328098,29
"7297","SE","Feira Nova",5601,10308.38,28001,"Sergipana do Sertão do São Francisco",2,"Nordeste",0,"280220",2,12,7,5,3,9,0,0,0,0,0,12,7,5,3,9,3,9.24071243566398,8.63070043220983,0.271147711383311,29
"7298","SE","Feira Nova",5601,10308.38,28001,"Sergipana do Sertão do São Francisco",2,"Nordeste",0,"280220",3,11,7,4,8,3,0,0,0,0,0,11,7,4,8,3,3,9.24071243566398,8.63070043220983,0.376182244570211,31
"7299","SE","Feira Nova",5601,10308.38,28001,"Sergipana do Sertão do São Francisco",2,"Nordeste",0,"280220",4,6,2,4,3,3,0,0,0,0,0,6,2,4,3,3,4,9.24071243566398,8.63070043220983,0.386941903623752,30
"7300","SE","Feira Nova",5601,10308.38,28001,"Sergipana do Sertão do São Francisco",2,"Nordeste",0,"280220",5,11,7,4,8,3,1,0,0,0,0,12,7,4,8,3,2,9.24071243566398,8.63070043220983,0.375839089761267,31
"7301","SE","Feira Nova",5601,10308.38,28001,"Sergipana do Sertão do São Francisco",2,"Nordeste",0,"280220",6,8,3,5,7,1,0,0,0,0,0,8,3,5,7,1,4,9.24071243566398,8.63070043220983,0.361772277848225,30
"7302","SE","Feira Nova",5601,10308.38,28001,"Sergipana do Sertão do São Francisco",2,"Nordeste",0,"280220",7,9,6,3,5,4,0,0,0,0,0,9,6,3,5,4,6,9.24071243566398,8.63070043220983,0.405852621643146,29
"7303","SE","Frei Paulo",15556,14054.71,28002,"Carira",2,"Nordeste",0,"280230",2,18,10,8,8,10,0,0,0,0,0,18,10,8,8,10,8,9.55071284990115,9.65220169527564,0.282113945705366,29
"7304","SE","Frei Paulo",15556,14054.71,28002,"Carira",2,"Nordeste",0,"280230",3,32,21,11,15,17,0,0,0,0,0,32,21,11,15,17,11,9.55071284990115,9.65220169527564,0.366211018674374,31
"7305","SE","Frei Paulo",15556,14054.71,28002,"Carira",2,"Nordeste",0,"280230",4,16,7,9,9,7,0,0,0,0,0,16,7,9,9,7,9,9.55071284990115,9.65220169527564,0.379770233316665,30
"7306","SE","Frei Paulo",15556,14054.71,28002,"Carira",2,"Nordeste",0,"280230",5,17,10,7,12,5,0,0,0,0,0,17,10,7,12,5,15,9.55071284990115,9.65220169527564,0.392277016294566,31
"7307","SE","Frei Paulo",15556,14054.71,28002,"Carira",2,"Nordeste",0,"280230",6,23,12,11,10,13,0,0,0,0,0,23,12,11,10,13,8,9.55071284990115,9.65220169527564,0.378730459555234,30
"7308","SE","Frei Paulo",15556,14054.71,28002,"Carira",2,"Nordeste",0,"280230",7,29,13,16,11,18,2,0,0,0,0,31,13,16,11,18,18,9.55071284990115,9.65220169527564,0.404266849546322,29
"7309","SE","Gararu",11601,8931.64,28001,"Sergipana do Sertão do São Francisco",2,"Nordeste",0,"280240",2,10,6,4,4,6,0,0,0,0,0,10,6,4,4,6,5,9.09735530762474,9.35884658027541,0.307482074653705,29
"7310","SE","Gararu",11601,8931.64,28001,"Sergipana do Sertão do São Francisco",2,"Nordeste",0,"280240",3,18,10,8,8,10,0,0,0,0,0,18,10,8,8,10,3,9.09735530762474,9.35884658027541,0.396969501009621,31
"7311","SE","Gararu",11601,8931.64,28001,"Sergipana do Sertão do São Francisco",2,"Nordeste",0,"280240",4,12,5,7,7,5,0,0,0,0,0,12,5,7,7,5,1,9.09735530762474,9.35884658027541,0.387202944730932,30
"7312","SE","Gararu",11601,8931.64,28001,"Sergipana do Sertão do São Francisco",2,"Nordeste",0,"280240",5,12,4,8,6,6,0,0,0,0,0,12,4,8,6,6,7,9.09735530762474,9.35884658027541,0.410920863675483,31
"7313","SE","Gararu",11601,8931.64,28001,"Sergipana do Sertão do São Francisco",2,"Nordeste",0,"280240",6,12,4,8,6,6,0,0,0,0,0,12,4,8,6,6,4,9.09735530762474,9.35884658027541,0.382473226391863,30
"7314","SE","Gararu",11601,8931.64,28001,"Sergipana do Sertão do São Francisco",2,"Nordeste",0,"280240",7,19,10,9,6,13,0,0,0,0,0,19,10,9,6,13,6,9.09735530762474,9.35884658027541,0.424288121238834,29
"7315","SE","General Maynard",3384,9580.78,28010,"Baixo Cotinguiba",2,"Nordeste",1,"280250",2,5,0,5,3,2,0,0,0,0,0,5,0,5,3,2,2,9.16751428727473,8.12681372072611,0.251054779351651,29
"7316","SE","General Maynard",3384,9580.78,28010,"Baixo Cotinguiba",2,"Nordeste",1,"280250",3,5,1,4,3,2,0,0,0,0,0,5,1,4,3,2,2,9.16751428727473,8.12681372072611,0.344675074297327,31
"7317","SE","General Maynard",3384,9580.78,28010,"Baixo Cotinguiba",2,"Nordeste",1,"280250",4,6,3,3,3,3,0,0,0,0,0,6,3,3,3,3,2,9.16751428727473,8.12681372072611,0.382266322153852,30
"7318","SE","General Maynard",3384,9580.78,28010,"Baixo Cotinguiba",2,"Nordeste",1,"280250",5,3,0,3,1,2,0,0,0,0,0,3,0,3,1,2,0,9.16751428727473,8.12681372072611,0.357126173723102,31
"7319","SE","General Maynard",3384,9580.78,28010,"Baixo Cotinguiba",2,"Nordeste",1,"280250",6,4,1,3,1,3,1,0,0,0,0,5,1,3,1,3,4,9.16751428727473,8.12681372072611,0.355307810636796,30
"7320","SE","General Maynard",3384,9580.78,28010,"Baixo Cotinguiba",2,"Nordeste",1,"280250",7,5,2,3,3,2,0,0,0,0,0,5,2,3,3,2,6,9.16751428727473,8.12681372072611,0.379309048350767,29
"7321","SE","Gracho Cardoso",5824,10474.29,28001,"Sergipana do Sertão do São Francisco",2,"Nordeste",0,"280260",2,14,7,7,4,10,0,0,0,0,0,14,7,7,4,10,5,9.25667896206355,8.66974258987652,0.292724127925217,29
"7322","SE","Gracho Cardoso",5824,10474.29,28001,"Sergipana do Sertão do São Francisco",2,"Nordeste",0,"280260",3,11,5,6,4,7,0,0,0,0,0,11,5,6,4,7,5,9.25667896206355,8.66974258987652,0.35695982814015,31
"7323","SE","Gracho Cardoso",5824,10474.29,28001,"Sergipana do Sertão do São Francisco",2,"Nordeste",0,"280260",4,4,2,2,2,2,1,0,0,0,0,5,2,2,2,2,4,9.25667896206355,8.66974258987652,0.396921268175645,30
"7324","SE","Gracho Cardoso",5824,10474.29,28001,"Sergipana do Sertão do São Francisco",2,"Nordeste",0,"280260",5,6,4,2,3,3,1,0,0,0,0,7,4,2,3,3,2,9.25667896206355,8.66974258987652,0.420608625317852,31
"7325","SE","Gracho Cardoso",5824,10474.29,28001,"Sergipana do Sertão do São Francisco",2,"Nordeste",0,"280260",6,8,7,1,2,6,0,0,0,0,0,8,7,1,2,6,4,9.25667896206355,8.66974258987652,0.410649854495445,30
"7326","SE","Gracho Cardoso",5824,10474.29,28001,"Sergipana do Sertão do São Francisco",2,"Nordeste",0,"280260",7,5,2,3,2,3,0,0,0,0,0,5,2,3,2,3,6,9.25667896206355,8.66974258987652,0.394492681626143,29
"7327","SE","Ilha das Flores",8521,8448.23,28007,"Propriá",2,"Nordeste",0,"280270",2,19,12,7,10,9,0,0,0,0,0,19,12,7,10,9,3,9.04171223095423,9.05028898382796,0.283246673213554,29
"7328","SE","Ilha das Flores",8521,8448.23,28007,"Propriá",2,"Nordeste",0,"280270",3,10,6,4,7,3,1,0,0,0,0,11,6,4,7,3,4,9.04171223095423,9.05028898382796,0.353469603883989,31
"7329","SE","Ilha das Flores",8521,8448.23,28007,"Propriá",2,"Nordeste",0,"280270",4,10,5,5,2,8,0,0,0,0,0,10,5,5,2,8,5,9.04171223095423,9.05028898382796,0.361467162087845,30
"7330","SE","Ilha das Flores",8521,8448.23,28007,"Propriá",2,"Nordeste",0,"280270",5,8,6,2,3,5,0,0,0,0,0,8,6,2,3,5,6,9.04171223095423,9.05028898382796,0.356745030716212,31
"7331","SE","Ilha das Flores",8521,8448.23,28007,"Propriá",2,"Nordeste",0,"280270",6,17,10,7,12,5,0,0,0,0,0,17,10,7,12,5,7,9.04171223095423,9.05028898382796,0.371180393537658,30
"7332","SE","Ilha das Flores",8521,8448.23,28007,"Propriá",2,"Nordeste",0,"280270",7,11,1,10,8,3,1,0,0,0,0,12,1,10,8,3,8,9.04171223095423,9.05028898382796,0.382157798755101,29
"7333","SE","Indiaroba",18149,10378.32,28013,"Estância",2,"Nordeste",0,"280280",2,37,18,19,19,18,0,0,0,0,0,37,18,19,19,18,7,9.24747429390982,9.8063707417564,0.316785916471535,29
"7334","SE","Indiaroba",18149,10378.32,28013,"Estância",2,"Nordeste",0,"280280",3,31,12,19,14,17,0,0,0,0,0,31,12,19,14,17,9,9.24747429390982,9.8063707417564,0.42481609387324,31
"7335","SE","Indiaroba",18149,10378.32,28013,"Estância",2,"Nordeste",0,"280280",4,24,12,12,11,13,1,0,0,0,0,25,12,12,11,13,8,9.24747429390982,9.8063707417564,0.438709298368812,30
"7336","SE","Indiaroba",18149,10378.32,28013,"Estância",2,"Nordeste",0,"280280",5,17,7,10,10,7,0,0,0,0,0,17,7,10,10,7,6,9.24747429390982,9.8063707417564,0.444338220317438,31
"7337","SE","Indiaroba",18149,10378.32,28013,"Estância",2,"Nordeste",0,"280280",6,26,14,12,15,11,0,0,0,0,0,26,14,12,15,11,14,9.24747429390982,9.8063707417564,0.408138398679452,30
"7338","SE","Indiaroba",18149,10378.32,28013,"Estância",2,"Nordeste",0,"280280",7,22,11,11,12,10,0,0,0,0,0,22,11,11,12,10,14,9.24747429390982,9.8063707417564,0.419587930506366,29
"7339","SE","Itabaiana",96142,19020.44,28004,"Agreste de Itabaiana",2,"Nordeste",1,"280290",2,198,81,117,75,123,1,0,0,0,0,199,81,117,75,123,53,9.85326946937544,11.4735815442272,0.272593653981714,29
"7340","SE","Itabaiana",96142,19020.44,28004,"Agreste de Itabaiana",2,"Nordeste",1,"280290",3,161,64,97,61,100,1,0,0,0,0,162,64,97,61,100,76,9.85326946937544,11.4735815442272,0.361303185193783,31
"7341","SE","Itabaiana",96142,19020.44,28004,"Agreste de Itabaiana",2,"Nordeste",1,"280290",4,111,51,60,48,63,2,0,0,0,0,113,51,60,48,63,61,9.85326946937544,11.4735815442272,0.38750779260216,30
"7342","SE","Itabaiana",96142,19020.44,28004,"Agreste de Itabaiana",2,"Nordeste",1,"280290",5,116,49,67,43,73,0,0,0,0,0,116,49,67,43,73,71,9.85326946937544,11.4735815442272,0.378243722533975,31
"7343","SE","Itabaiana",96142,19020.44,28004,"Agreste de Itabaiana",2,"Nordeste",1,"280290",6,140,55,85,59,81,0,0,0,0,0,140,55,85,59,81,75,9.85326946937544,11.4735815442272,0.357663888079089,30
"7344","SE","Itabaiana",96142,19020.44,28004,"Agreste de Itabaiana",2,"Nordeste",1,"280290",7,122,49,73,50,72,1,0,0,0,0,123,49,73,50,72,96,9.85326946937544,11.4735815442272,0.387147261043817,29
"7345","SE","Itabaianinha",42166,10278.14,28012,"Boquim",2,"Nordeste",0,"280300",2,68,22,46,25,43,0,0,0,0,0,68,22,46,25,43,22,9.23777458878651,10.6493694880799,0.265658650037544,29
"7346","SE","Itabaianinha",42166,10278.14,28012,"Boquim",2,"Nordeste",0,"280300",3,67,36,31,32,35,1,0,0,0,0,68,36,31,32,35,23,9.23777458878651,10.6493694880799,0.364349638744728,31
"7347","SE","Itabaianinha",42166,10278.14,28012,"Boquim",2,"Nordeste",0,"280300",4,47,21,26,21,26,0,0,0,0,0,47,21,26,21,26,13,9.23777458878651,10.6493694880799,0.390932077949452,30
"7348","SE","Itabaianinha",42166,10278.14,28012,"Boquim",2,"Nordeste",0,"280300",5,49,23,26,29,20,0,0,0,0,0,49,23,26,29,20,20,9.23777458878651,10.6493694880799,0.379003445893626,31
"7349","SE","Itabaianinha",42166,10278.14,28012,"Boquim",2,"Nordeste",0,"280300",6,48,19,29,24,24,0,0,0,0,0,48,19,29,24,24,30,9.23777458878651,10.6493694880799,0.355645453721154,30
"7350","SE","Itabaianinha",42166,10278.14,28012,"Boquim",2,"Nordeste",0,"280300",7,49,28,21,27,22,0,0,0,0,0,49,28,21,27,22,37,9.23777458878651,10.6493694880799,0.390918520322035,29
"7351","SE","Itabi",4886,10881.59,28001,"Sergipana do Sertão do São Francisco",2,"Nordeste",0,"280310",2,7,4,3,3,4,0,0,0,0,0,7,4,3,3,4,4,9.29482764943845,8.49412925181769,0.310219700151211,29
"7352","SE","Itabi",4886,10881.59,28001,"Sergipana do Sertão do São Francisco",2,"Nordeste",0,"280310",3,8,4,4,5,3,0,0,0,0,0,8,4,4,5,3,1,9.29482764943845,8.49412925181769,0.407277542955071,31
"7353","SE","Itabi",4886,10881.59,28001,"Sergipana do Sertão do São Francisco",2,"Nordeste",0,"280310",4,5,3,2,5,0,0,0,0,0,0,5,3,2,5,0,2,9.29482764943845,8.49412925181769,0.420451374990649,30
"7354","SE","Itabi",4886,10881.59,28001,"Sergipana do Sertão do São Francisco",2,"Nordeste",0,"280310",5,4,2,2,1,3,0,0,0,0,0,4,2,2,1,3,2,9.29482764943845,8.49412925181769,0.401589560959843,31
"7355","SE","Itabi",4886,10881.59,28001,"Sergipana do Sertão do São Francisco",2,"Nordeste",0,"280310",6,7,3,4,3,4,0,0,0,0,0,7,3,4,3,4,2,9.29482764943845,8.49412925181769,0.394576529213646,30
"7356","SE","Itabi",4886,10881.59,28001,"Sergipana do Sertão do São Francisco",2,"Nordeste",0,"280310",7,5,2,3,1,4,0,0,0,0,0,5,2,3,1,4,2,9.29482764943845,8.49412925181769,0.425200859832146,29
"7357","SE","Itaporanga d'Ajuda",34709,26581.3,28013,"Estância",2,"Nordeste",0,"280320",2,65,24,41,28,37,0,0,0,0,0,65,24,41,28,37,16,10.1879632400253,10.4547542982996,0.28722421734086,29
"7358","SE","Itaporanga d'Ajuda",34709,26581.3,28013,"Estância",2,"Nordeste",0,"280320",3,42,14,28,22,20,1,0,0,0,0,43,14,28,22,20,9,10.1879632400253,10.4547542982996,0.378829345500981,31
"7359","SE","Itaporanga d'Ajuda",34709,26581.3,28013,"Estância",2,"Nordeste",0,"280320",4,43,16,27,17,26,1,0,0,0,0,44,16,27,17,26,16,10.1879632400253,10.4547542982996,0.413739587083706,30
"7360","SE","Itaporanga d'Ajuda",34709,26581.3,28013,"Estância",2,"Nordeste",0,"280320",5,39,16,23,18,21,0,0,0,0,0,39,16,23,18,21,18,10.1879632400253,10.4547542982996,0.412571759251016,31
"7361","SE","Itaporanga d'Ajuda",34709,26581.3,28013,"Estância",2,"Nordeste",0,"280320",6,51,16,35,22,29,2,0,0,0,0,53,16,35,22,29,27,10.1879632400253,10.4547542982996,0.393670176051133,30
"7362","SE","Itaporanga d'Ajuda",34709,26581.3,28013,"Estância",2,"Nordeste",0,"280320",7,60,24,36,23,37,2,0,0,0,0,62,24,36,23,37,17,10.1879632400253,10.4547542982996,0.419724170715533,29
"7363","SE","Japaratuba",18907,21171.11,28009,"Japaratuba",2,"Nordeste",0,"280330",2,24,6,18,6,18,1,0,0,0,0,25,6,18,6,18,9,9.96039279544213,9.84728750284793,0.274679940019528,29
"7364","SE","Japaratuba",18907,21171.11,28009,"Japaratuba",2,"Nordeste",0,"280330",3,25,13,12,16,9,0,0,0,0,0,25,13,12,16,9,11,9.96039279544213,9.84728750284793,0.367085916433368,31
"7365","SE","Japaratuba",18907,21171.11,28009,"Japaratuba",2,"Nordeste",0,"280330",4,16,5,11,6,10,0,0,0,0,0,16,5,11,6,10,12,9.96039279544213,9.84728750284793,0.398057208429487,30
"7366","SE","Japaratuba",18907,21171.11,28009,"Japaratuba",2,"Nordeste",0,"280330",5,20,7,13,6,14,0,0,0,0,0,20,7,13,6,14,12,9.96039279544213,9.84728750284793,0.397856119427386,31
"7367","SE","Japaratuba",18907,21171.11,28009,"Japaratuba",2,"Nordeste",0,"280330",6,9,5,4,4,5,1,0,0,0,0,10,5,4,4,5,12,9.96039279544213,9.84728750284793,0.379547823764953,30
"7368","SE","Japaratuba",18907,21171.11,28009,"Japaratuba",2,"Nordeste",0,"280330",7,16,7,9,10,6,1,0,0,0,0,17,7,9,10,6,8,9.96039279544213,9.84728750284793,0.407639205699173,29
"7369","SE","Japoatã",13429,12407.61,28009,"Japaratuba",2,"Nordeste",0,"280340",2,30,17,13,16,14,2,0,0,0,0,32,17,13,16,14,4,9.42606527302778,9.50517182658118,0.277186575979526,29
"7370","SE","Japoatã",13429,12407.61,28009,"Japaratuba",2,"Nordeste",0,"280340",3,31,12,19,14,17,0,0,0,0,0,31,12,19,14,17,7,9.42606527302778,9.50517182658118,0.357530253273969,31
"7371","SE","Japoatã",13429,12407.61,28009,"Japaratuba",2,"Nordeste",0,"280340",4,18,9,9,5,13,0,0,0,0,0,18,9,9,5,13,4,9.42606527302778,9.50517182658118,0.373758122856631,30
"7372","SE","Japoatã",13429,12407.61,28009,"Japaratuba",2,"Nordeste",0,"280340",5,25,10,15,9,16,0,0,0,0,0,25,10,15,9,16,10,9.42606527302778,9.50517182658118,0.384044289938435,31
"7373","SE","Japoatã",13429,12407.61,28009,"Japaratuba",2,"Nordeste",0,"280340",6,19,5,14,11,8,1,0,0,0,0,20,5,14,11,8,15,9.42606527302778,9.50517182658118,0.381756795172004,30
"7374","SE","Japoatã",13429,12407.61,28009,"Japaratuba",2,"Nordeste",0,"280340",7,14,5,9,6,8,0,0,0,0,0,14,5,9,6,8,14,9.42606527302778,9.50517182658118,0.40633776484331,29
"7375","SE","Lagarto",105221,14239.6,28006,"Agreste de Lagarto",2,"Nordeste",1,"280350",2,183,73,110,77,106,0,0,0,0,0,183,73,110,77,106,39,9.5637820946838,11.5638181791362,0.281189319488956,29
"7376","SE","Lagarto",105221,14239.6,28006,"Agreste de Lagarto",2,"Nordeste",1,"280350",3,173,67,106,77,96,1,0,0,0,0,174,67,106,77,96,55,9.5637820946838,11.5638181791362,0.369242076796055,31
"7377","SE","Lagarto",105221,14239.6,28006,"Agreste de Lagarto",2,"Nordeste",1,"280350",4,123,54,69,41,82,1,0,0,0,0,124,54,69,41,82,53,9.5637820946838,11.5638181791362,0.400053397119014,30
"7378","SE","Lagarto",105221,14239.6,28006,"Agreste de Lagarto",2,"Nordeste",1,"280350",5,126,43,83,47,79,0,0,0,0,0,126,43,83,47,79,55,9.5637820946838,11.5638181791362,0.393901633266682,31
"7379","SE","Lagarto",105221,14239.6,28006,"Agreste de Lagarto",2,"Nordeste",1,"280350",6,142,51,91,57,85,1,0,0,0,0,143,51,91,57,85,58,9.5637820946838,11.5638181791362,0.369467063598956,30
"7380","SE","Lagarto",105221,14239.6,28006,"Agreste de Lagarto",2,"Nordeste",1,"280350",7,107,48,59,45,62,2,0,0,0,0,109,48,59,45,62,86,9.5637820946838,11.5638181791362,0.397632006250394,29
"7381","SE","Laranjeiras",30080,29166.26,28010,"Baixo Cotinguiba",2,"Nordeste",1,"280360",2,53,24,29,23,30,0,0,0,0,0,53,24,29,23,30,16,10.2807678407233,10.3116157780638,0.295955530441174,29
"7382","SE","Laranjeiras",30080,29166.26,28010,"Baixo Cotinguiba",2,"Nordeste",1,"280360",3,40,11,29,16,24,0,0,0,0,0,40,11,29,16,24,15,10.2807678407233,10.3116157780638,0.385268880578076,31
"7383","SE","Laranjeiras",30080,29166.26,28010,"Baixo Cotinguiba",2,"Nordeste",1,"280360",4,36,22,14,16,20,0,0,0,0,0,36,22,14,16,20,13,10.2807678407233,10.3116157780638,0.412578595674752,30
"7384","SE","Laranjeiras",30080,29166.26,28010,"Baixo Cotinguiba",2,"Nordeste",1,"280360",5,37,12,25,17,20,0,0,0,0,0,37,12,25,17,20,12,10.2807678407233,10.3116157780638,0.410728280321306,31
"7385","SE","Laranjeiras",30080,29166.26,28010,"Baixo Cotinguiba",2,"Nordeste",1,"280360",6,32,12,20,14,18,0,0,0,0,0,32,12,20,14,18,15,10.2807678407233,10.3116157780638,0.386224843995005,30
"7386","SE","Laranjeiras",30080,29166.26,28010,"Baixo Cotinguiba",2,"Nordeste",1,"280360",7,36,18,18,20,16,0,0,0,0,0,36,18,18,20,16,22,10.2807678407233,10.3116157780638,0.410442275527861,29
"7387","SE","Macambira",6961,9345.49,28004,"Agreste de Itabaiana",2,"Nordeste",0,"280370",2,13,4,9,3,10,0,0,0,0,0,13,4,9,3,10,3,9.14264915297195,8.84807842116867,0.291604928002834,29
"7388","SE","Macambira",6961,9345.49,28004,"Agreste de Itabaiana",2,"Nordeste",0,"280370",3,6,3,3,5,1,0,0,0,0,0,6,3,3,5,1,4,9.14264915297195,8.84807842116867,0.374929482177329,31
"7389","SE","Macambira",6961,9345.49,28004,"Agreste de Itabaiana",2,"Nordeste",0,"280370",4,7,3,4,2,5,0,0,0,0,0,7,3,4,2,5,4,9.14264915297195,8.84807842116867,0.408481297955416,30
"7390","SE","Macambira",6961,9345.49,28004,"Agreste de Itabaiana",2,"Nordeste",0,"280370",5,9,3,6,4,5,0,0,0,0,0,9,3,6,4,5,1,9.14264915297195,8.84807842116867,0.427628489603603,31
"7391","SE","Macambira",6961,9345.49,28004,"Agreste de Itabaiana",2,"Nordeste",0,"280370",6,7,3,4,1,6,0,0,0,0,0,7,3,4,1,6,5,9.14264915297195,8.84807842116867,0.399098714936089,30
"7392","SE","Macambira",6961,9345.49,28004,"Agreste de Itabaiana",2,"Nordeste",0,"280370",7,6,3,3,5,1,0,0,0,0,0,6,3,3,5,1,2,9.14264915297195,8.84807842116867,0.426659082411453,29
"7393","SE","Malhada dos Bois",3699,11663.61,28003,"Nossa Senhora das Dores",2,"Nordeste",0,"280380",2,6,3,3,1,5,0,0,0,0,0,6,3,3,1,5,3,9.36422901747545,8.21581779183245,0.320423749839957,29
"7394","SE","Malhada dos Bois",3699,11663.61,28003,"Nossa Senhora das Dores",2,"Nordeste",0,"280380",3,3,1,2,2,1,0,0,0,0,0,3,1,2,2,1,2,9.36422901747545,8.21581779183245,0.389796700311619,31
"7395","SE","Malhada dos Bois",3699,11663.61,28003,"Nossa Senhora das Dores",2,"Nordeste",0,"280380",4,1,1,0,1,0,0,0,0,0,0,1,1,0,1,0,3,9.36422901747545,8.21581779183245,0.405412647739774,30
"7396","SE","Malhada dos Bois",3699,11663.61,28003,"Nossa Senhora das Dores",2,"Nordeste",0,"280380",5,4,2,2,3,1,0,0,0,0,0,4,2,2,3,1,3,9.36422901747545,8.21581779183245,0.389367498145966,31
"7397","SE","Malhada dos Bois",3699,11663.61,28003,"Nossa Senhora das Dores",2,"Nordeste",0,"280380",6,4,1,3,1,3,0,0,0,0,0,4,1,3,1,3,3,9.36422901747545,8.21581779183245,0.348910737218486,30
"7398","SE","Malhada dos Bois",3699,11663.61,28003,"Nossa Senhora das Dores",2,"Nordeste",0,"280380",7,5,1,4,1,4,0,0,0,0,0,5,1,4,1,4,5,9.36422901747545,8.21581779183245,0.394782812735708,29
"7399","SE","Malhador",12653,10060.15,28004,"Agreste de Itabaiana",2,"Nordeste",0,"280390",2,19,13,6,6,13,0,0,0,0,0,19,13,6,6,13,7,9.21633735407935,9.44564962018926,0.27731134599192,29
"7400","SE","Malhador",12653,10060.15,28004,"Agreste de Itabaiana",2,"Nordeste",0,"280390",3,18,13,5,10,8,0,0,0,0,0,18,13,5,10,8,9,9.21633735407935,9.44564962018926,0.362747521822748,31
"7401","SE","Malhador",12653,10060.15,28004,"Agreste de Itabaiana",2,"Nordeste",0,"280390",4,12,4,8,7,5,0,0,0,0,0,12,4,8,7,5,2,9.21633735407935,9.44564962018926,0.383458873608907,30
"7402","SE","Malhador",12653,10060.15,28004,"Agreste de Itabaiana",2,"Nordeste",0,"280390",5,16,9,7,8,8,0,0,0,0,0,16,9,7,8,8,11,9.21633735407935,9.44564962018926,0.378470759062811,31
"7403","SE","Malhador",12653,10060.15,28004,"Agreste de Itabaiana",2,"Nordeste",0,"280390",6,22,10,12,9,13,0,0,0,0,0,22,10,12,9,13,14,9.21633735407935,9.44564962018926,0.354865882923836,30
"7404","SE","Malhador",12653,10060.15,28004,"Agreste de Itabaiana",2,"Nordeste",0,"280390",7,20,12,8,10,10,0,0,0,0,0,20,12,8,10,10,11,9.21633735407935,9.44564962018926,0.388814769181684,29
"7405","SE","Maruim",17271,18454.65,28010,"Baixo Cotinguiba",2,"Nordeste",1,"280400",2,37,14,23,14,23,0,0,0,0,0,37,14,23,14,23,5,9.82307165023414,9.75678407334392,0.280046669541723,29
"7406","SE","Maruim",17271,18454.65,28010,"Baixo Cotinguiba",2,"Nordeste",1,"280400",3,24,12,12,9,15,0,0,0,0,0,24,12,12,9,15,9,9.82307165023414,9.75678407334392,0.377675961831594,31
"7407","SE","Maruim",17271,18454.65,28010,"Baixo Cotinguiba",2,"Nordeste",1,"280400",4,14,4,10,3,11,0,0,0,0,0,14,4,10,3,11,6,9.82307165023414,9.75678407334392,0.401047622762899,30
"7408","SE","Maruim",17271,18454.65,28010,"Baixo Cotinguiba",2,"Nordeste",1,"280400",5,20,10,10,12,8,0,0,0,0,0,20,10,10,12,8,8,9.82307165023414,9.75678407334392,0.396868347825686,31
"7409","SE","Maruim",17271,18454.65,28010,"Baixo Cotinguiba",2,"Nordeste",1,"280400",6,20,5,15,8,12,0,0,0,0,0,20,5,15,8,12,22,9.82307165023414,9.75678407334392,0.37068824540561,30
"7410","SE","Maruim",17271,18454.65,28010,"Baixo Cotinguiba",2,"Nordeste",1,"280400",7,20,9,11,12,8,0,0,0,0,0,20,9,11,12,8,18,9.82307165023414,9.75678407334392,0.407550337011788,29
"7411","SE","Moita Bonita",11348,11419.09,28004,"Agreste de Itabaiana",2,"Nordeste",0,"280410",2,11,4,7,4,7,0,0,0,0,0,11,4,7,4,7,5,9.34304179527143,9.33679679592874,0.256222908333466,29
"7412","SE","Moita Bonita",11348,11419.09,28004,"Agreste de Itabaiana",2,"Nordeste",0,"280410",3,15,8,7,6,9,0,0,0,0,0,15,8,7,6,9,8,9.34304179527143,9.33679679592874,0.326509977985994,31
"7413","SE","Moita Bonita",11348,11419.09,28004,"Agreste de Itabaiana",2,"Nordeste",0,"280410",4,11,5,6,7,4,0,0,0,0,0,11,5,6,7,4,8,9.34304179527143,9.33679679592874,0.346063054832222,30
"7414","SE","Moita Bonita",11348,11419.09,28004,"Agreste de Itabaiana",2,"Nordeste",0,"280410",5,11,5,6,3,8,1,0,0,0,0,12,5,6,3,8,7,9.34304179527143,9.33679679592874,0.356067205228804,31
"7415","SE","Moita Bonita",11348,11419.09,28004,"Agreste de Itabaiana",2,"Nordeste",0,"280410",6,16,8,8,6,10,0,0,0,0,0,16,8,8,6,10,7,9.34304179527143,9.33679679592874,0.35013145462286,30
"7416","SE","Moita Bonita",11348,11419.09,28004,"Agreste de Itabaiana",2,"Nordeste",0,"280410",7,15,7,8,6,9,0,0,0,0,0,15,7,8,6,9,7,9.34304179527143,9.33679679592874,0.38007897901421,29
"7417","SE","Monte Alegre de Sergipe",15175,9186.21,28001,"Sergipana do Sertão do São Francisco",2,"Nordeste",0,"280420",2,33,16,17,15,18,0,0,0,0,0,33,16,17,15,18,5,9.12545872549968,9.6274046159277,0.269436367943784,29
"7418","SE","Monte Alegre de Sergipe",15175,9186.21,28001,"Sergipana do Sertão do São Francisco",2,"Nordeste",0,"280420",3,27,14,13,9,18,0,0,0,0,0,27,14,13,9,18,7,9.12545872549968,9.6274046159277,0.373430787544297,31
"7419","SE","Monte Alegre de Sergipe",15175,9186.21,28001,"Sergipana do Sertão do São Francisco",2,"Nordeste",0,"280420",4,24,10,14,17,7,1,0,0,0,0,25,10,14,17,7,5,9.12545872549968,9.6274046159277,0.392979013305447,30
"7420","SE","Monte Alegre de Sergipe",15175,9186.21,28001,"Sergipana do Sertão do São Francisco",2,"Nordeste",0,"280420",5,16,12,4,11,5,0,0,0,0,0,16,12,4,11,5,1,9.12545872549968,9.6274046159277,0.385944781478984,31
"7421","SE","Monte Alegre de Sergipe",15175,9186.21,28001,"Sergipana do Sertão do São Francisco",2,"Nordeste",0,"280420",6,17,7,10,8,9,0,0,0,0,0,17,7,10,8,9,4,9.12545872549968,9.6274046159277,0.360215633235976,30
"7422","SE","Monte Alegre de Sergipe",15175,9186.21,28001,"Sergipana do Sertão do São Francisco",2,"Nordeste",0,"280420",7,16,8,8,8,8,1,0,0,0,0,17,8,8,8,8,13,9.12545872549968,9.6274046159277,0.391163528694325,29
"7423","SE","Muribeca",7639,11999.29,28003,"Nossa Senhora das Dores",2,"Nordeste",0,"280430",2,17,3,14,7,10,0,0,0,0,0,17,3,14,7,10,6,9.39260276035306,8.94102198354136,0.29678415941102,29
"7424","SE","Muribeca",7639,11999.29,28003,"Nossa Senhora das Dores",2,"Nordeste",0,"280430",3,14,4,10,6,8,0,0,0,0,0,14,4,10,6,8,3,9.39260276035306,8.94102198354136,0.37720626409167,31
"7425","SE","Muribeca",7639,11999.29,28003,"Nossa Senhora das Dores",2,"Nordeste",0,"280430",4,7,2,5,2,5,0,0,0,0,0,7,2,5,2,5,10,9.39260276035306,8.94102198354136,0.390720731409229,30
"7426","SE","Muribeca",7639,11999.29,28003,"Nossa Senhora das Dores",2,"Nordeste",0,"280430",5,14,3,11,4,10,0,0,0,0,0,14,3,11,4,10,3,9.39260276035306,8.94102198354136,0.406745523395633,31
"7427","SE","Muribeca",7639,11999.29,28003,"Nossa Senhora das Dores",2,"Nordeste",0,"280430",6,11,5,6,4,7,0,0,0,0,0,11,5,6,4,7,5,9.39260276035306,8.94102198354136,0.365545037391776,30
"7428","SE","Muribeca",7639,11999.29,28003,"Nossa Senhora das Dores",2,"Nordeste",0,"280430",7,10,4,6,6,4,1,0,0,0,0,11,4,6,6,4,4,9.39260276035306,8.94102198354136,0.400497030689792,29
"7429","SE","Neópolis",18703,13541.89,28007,"Propriá",2,"Nordeste",1,"280440",2,27,14,13,7,20,1,0,0,0,0,28,14,13,7,20,7,9.51354312313562,9.836439217783,0.299939930291022,29
"7430","SE","Neópolis",18703,13541.89,28007,"Propriá",2,"Nordeste",1,"280440",3,23,3,20,11,12,0,0,0,0,0,23,3,20,11,12,16,9.51354312313562,9.836439217783,0.384284913962496,31
"7431","SE","Neópolis",18703,13541.89,28007,"Propriá",2,"Nordeste",1,"280440",4,18,7,11,10,8,0,0,0,0,0,18,7,11,10,8,12,9.51354312313562,9.836439217783,0.409894880447012,30
"7432","SE","Neópolis",18703,13541.89,28007,"Propriá",2,"Nordeste",1,"280440",5,23,12,11,10,13,1,0,0,0,0,24,12,11,10,13,7,9.51354312313562,9.836439217783,0.402355545779563,31
"7433","SE","Neópolis",18703,13541.89,28007,"Propriá",2,"Nordeste",1,"280440",6,24,10,14,11,13,0,0,0,0,0,24,10,14,11,13,19,9.51354312313562,9.836439217783,0.394918813155257,30
"7434","SE","Neópolis",18703,13541.89,28007,"Propriá",2,"Nordeste",1,"280440",7,20,11,9,9,11,1,0,0,0,0,21,11,9,9,11,17,9.51354312313562,9.836439217783,0.43359446221838,29
"7435","SE","Nossa Senhora Aparecida",8809,9529.54,28002,"Carira",2,"Nordeste",0,"280445",2,11,2,9,3,8,0,0,0,0,0,11,2,9,3,8,2,9.16215172685789,9.0835292051098,0.308949270388596,29
"7436","SE","Nossa Senhora Aparecida",8809,9529.54,28002,"Carira",2,"Nordeste",0,"280445",3,12,5,7,4,8,1,0,0,0,0,13,5,7,4,8,6,9.16215172685789,9.0835292051098,0.419911502203406,31
"7437","SE","Nossa Senhora Aparecida",8809,9529.54,28002,"Carira",2,"Nordeste",0,"280445",4,8,2,6,4,4,0,0,0,0,0,8,2,6,4,4,5,9.16215172685789,9.0835292051098,0.40311843841956,30
"7438","SE","Nossa Senhora Aparecida",8809,9529.54,28002,"Carira",2,"Nordeste",0,"280445",5,5,2,3,3,2,0,0,0,0,0,5,2,3,3,2,4,9.16215172685789,9.0835292051098,0.438019568065031,31
"7439","SE","Nossa Senhora Aparecida",8809,9529.54,28002,"Carira",2,"Nordeste",0,"280445",6,10,2,8,2,8,0,0,0,0,0,10,2,8,2,8,5,9.16215172685789,9.0835292051098,0.400042539135964,30
"7440","SE","Nossa Senhora Aparecida",8809,9529.54,28002,"Carira",2,"Nordeste",0,"280445",7,12,8,4,5,7,0,0,0,0,0,12,8,4,5,7,5,9.16215172685789,9.0835292051098,0.413454879143784,29
"7441","SE","Nossa Senhora da Glória",37324,15374.22,28001,"Sergipana do Sertão do São Francisco",2,"Nordeste",0,"280450",2,95,45,50,41,54,0,0,0,0,0,95,45,50,41,54,19,9.6404473596805,10.5273918303539,0.264996055962199,29
"7442","SE","Nossa Senhora da Glória",37324,15374.22,28001,"Sergipana do Sertão do São Francisco",2,"Nordeste",0,"280450",3,79,33,46,32,47,0,0,0,0,0,79,33,46,32,47,13,9.6404473596805,10.5273918303539,0.359154954037309,31
"7443","SE","Nossa Senhora da Glória",37324,15374.22,28001,"Sergipana do Sertão do São Francisco",2,"Nordeste",0,"280450",4,45,18,27,13,32,0,0,0,0,0,45,18,27,13,32,29,9.6404473596805,10.5273918303539,0.381397350690595,30
"7444","SE","Nossa Senhora da Glória",37324,15374.22,28001,"Sergipana do Sertão do São Francisco",2,"Nordeste",0,"280450",5,44,16,28,19,25,0,0,0,0,0,44,16,28,19,25,18,9.6404473596805,10.5273918303539,0.388531011499959,31
"7445","SE","Nossa Senhora da Glória",37324,15374.22,28001,"Sergipana do Sertão do São Francisco",2,"Nordeste",0,"280450",6,55,25,30,24,31,1,0,0,0,0,56,25,30,24,31,15,9.6404473596805,10.5273918303539,0.355891954471518,30
"7446","SE","Nossa Senhora da Glória",37324,15374.22,28001,"Sergipana do Sertão do São Francisco",2,"Nordeste",0,"280450",7,52,26,26,20,32,1,0,0,0,0,53,26,26,20,32,32,9.6404473596805,10.5273918303539,0.390165854784273,29
"7447","SE","Nossa Senhora das Dores",26795,11152.16,28003,"Nossa Senhora das Dores",2,"Nordeste",0,"280460",2,48,21,27,20,28,0,0,0,0,0,48,21,27,20,28,10,9.31938848009968,10.195970581929,0.255944161609453,29
"7448","SE","Nossa Senhora das Dores",26795,11152.16,28003,"Nossa Senhora das Dores",2,"Nordeste",0,"280460",3,27,8,19,11,16,1,0,0,0,0,28,8,19,11,16,22,9.31938848009968,10.195970581929,0.349962223363976,31
"7449","SE","Nossa Senhora das Dores",26795,11152.16,28003,"Nossa Senhora das Dores",2,"Nordeste",0,"280460",4,25,12,13,11,14,1,0,0,0,0,26,12,13,11,14,16,9.31938848009968,10.195970581929,0.364906946624477,30
"7450","SE","Nossa Senhora das Dores",26795,11152.16,28003,"Nossa Senhora das Dores",2,"Nordeste",0,"280460",5,24,14,10,8,16,1,0,0,0,0,25,14,10,8,16,14,9.31938848009968,10.195970581929,0.36478760694002,31
"7451","SE","Nossa Senhora das Dores",26795,11152.16,28003,"Nossa Senhora das Dores",2,"Nordeste",0,"280460",6,19,11,8,6,13,0,0,0,0,0,19,11,8,6,13,15,9.31938848009968,10.195970581929,0.340138879761967,30
"7452","SE","Nossa Senhora das Dores",26795,11152.16,28003,"Nossa Senhora das Dores",2,"Nordeste",0,"280460",7,34,20,14,16,18,0,0,0,0,0,34,20,14,16,18,28,9.31938848009968,10.195970581929,0.378934197854067,29
"7453","SE","Nossa Senhora de Lourdes",6496,9427.13,28007,"Propriá",2,"Nordeste",0,"280470",2,10,7,3,3,7,0,0,0,0,0,10,7,3,3,7,4,9.15134698147822,8.77894188184151,0.264280049716132,29
"7454","SE","Nossa Senhora de Lourdes",6496,9427.13,28007,"Propriá",2,"Nordeste",0,"280470",3,4,3,1,4,0,0,0,0,0,0,4,3,1,4,0,4,9.15134698147822,8.77894188184151,0.339205559769031,31
"7455","SE","Nossa Senhora de Lourdes",6496,9427.13,28007,"Propriá",2,"Nordeste",0,"280470",4,4,0,4,1,3,0,0,0,0,0,4,0,4,1,3,6,9.15134698147822,8.77894188184151,0.358785959283486,30
"7456","SE","Nossa Senhora de Lourdes",6496,9427.13,28007,"Propriá",2,"Nordeste",0,"280470",5,7,2,5,0,7,0,0,0,0,0,7,2,5,0,7,4,9.15134698147822,8.77894188184151,0.391516385786964,31
"7457","SE","Nossa Senhora de Lourdes",6496,9427.13,28007,"Propriá",2,"Nordeste",0,"280470",6,7,3,4,4,3,0,0,0,0,0,7,3,4,4,3,7,9.15134698147822,8.77894188184151,0.359967452913306,30
"7458","SE","Nossa Senhora de Lourdes",6496,9427.13,28007,"Propriá",2,"Nordeste",0,"280470",7,12,5,7,5,7,0,0,0,0,0,12,5,7,5,7,4,9.15134698147822,8.77894188184151,0.408408446084611,29
"7459","SE","Nossa Senhora do Socorro",185706,14090.75,28011,"Aracaju",2,"Nordeste",1,"280480",2,418,153,265,170,248,3,0,0,0,0,421,153,265,170,248,72,9.5532738327167,12.1319200569965,0.291234477847444,29
"7460","SE","Nossa Senhora do Socorro",185706,14090.75,28011,"Aracaju",2,"Nordeste",1,"280480",3,290,89,201,121,169,2,0,0,0,0,292,89,201,121,169,102,9.5532738327167,12.1319200569965,0.393909425838513,31
"7461","SE","Nossa Senhora do Socorro",185706,14090.75,28011,"Aracaju",2,"Nordeste",1,"280480",4,234,84,150,102,132,5,0,0,0,0,239,84,150,102,132,95,9.5532738327167,12.1319200569965,0.437618558300681,30
"7462","SE","Nossa Senhora do Socorro",185706,14090.75,28011,"Aracaju",2,"Nordeste",1,"280480",5,240,71,169,102,138,2,0,0,0,0,242,71,169,102,138,103,9.5532738327167,12.1319200569965,0.427605726457694,31
"7463","SE","Nossa Senhora do Socorro",185706,14090.75,28011,"Aracaju",2,"Nordeste",1,"280480",6,226,76,150,97,129,2,0,0,0,0,228,76,150,97,129,134,9.5532738327167,12.1319200569965,0.39524056285498,30
"7464","SE","Nossa Senhora do Socorro",185706,14090.75,28011,"Aracaju",2,"Nordeste",1,"280480",7,253,96,157,104,149,0,0,0,0,0,253,96,157,104,149,128,9.5532738327167,12.1319200569965,0.413274950983713,29
"7465","SE","Pacatuba",14540,12256.49,28009,"Japaratuba",2,"Nordeste",0,"280490",2,24,9,15,15,9,0,0,0,0,0,24,9,15,15,9,5,9.41381087159893,9.58465875108751,0.274863908627442,29
"7466","SE","Pacatuba",14540,12256.49,28009,"Japaratuba",2,"Nordeste",0,"280490",3,22,12,10,11,11,0,0,0,0,0,22,12,10,11,11,13,9.41381087159893,9.58465875108751,0.359286413983066,31
"7467","SE","Pacatuba",14540,12256.49,28009,"Japaratuba",2,"Nordeste",0,"280490",4,19,10,9,8,11,0,0,0,0,0,19,10,9,8,11,6,9.41381087159893,9.58465875108751,0.402210694697506,30
"7468","SE","Pacatuba",14540,12256.49,28009,"Japaratuba",2,"Nordeste",0,"280490",5,22,15,7,12,10,0,0,0,0,0,22,15,7,12,10,12,9.41381087159893,9.58465875108751,0.411839167518883,31
"7469","SE","Pacatuba",14540,12256.49,28009,"Japaratuba",2,"Nordeste",0,"280490",6,16,7,9,8,8,0,0,0,0,0,16,7,9,8,8,12,9.41381087159893,9.58465875108751,0.395864295871961,30
"7470","SE","Pacatuba",14540,12256.49,28009,"Japaratuba",2,"Nordeste",0,"280490",7,24,9,15,18,6,0,0,0,0,0,24,9,15,18,6,13,9.41381087159893,9.58465875108751,0.408273694286718,29
"7471","SE","Pedrinhas",9665,8564.54,28012,"Boquim",2,"Nordeste",0,"280510",2,19,8,11,10,9,0,0,0,0,0,19,8,11,10,9,5,9.05538570236907,9.17626639164243,0.280692399680521,29
"7472","SE","Pedrinhas",9665,8564.54,28012,"Boquim",2,"Nordeste",0,"280510",3,17,9,8,13,4,1,0,0,0,0,18,9,8,13,4,4,9.05538570236907,9.17626639164243,0.360893833861386,31
"7473","SE","Pedrinhas",9665,8564.54,28012,"Boquim",2,"Nordeste",0,"280510",4,9,5,4,6,3,0,0,0,0,0,9,5,4,6,3,3,9.05538570236907,9.17626639164243,0.396549893719333,30
"7474","SE","Pedrinhas",9665,8564.54,28012,"Boquim",2,"Nordeste",0,"280510",5,12,8,4,10,2,0,0,0,0,0,12,8,4,10,2,4,9.05538570236907,9.17626639164243,0.392629554447073,31
"7475","SE","Pedrinhas",9665,8564.54,28012,"Boquim",2,"Nordeste",0,"280510",6,6,1,5,2,4,0,0,0,0,0,6,1,5,2,4,3,9.05538570236907,9.17626639164243,0.365771971440824,30
"7476","SE","Pedrinhas",9665,8564.54,28012,"Boquim",2,"Nordeste",0,"280510",7,12,5,7,6,6,0,0,0,0,0,12,5,7,6,6,8,9.05538570236907,9.17626639164243,0.404372382783759,29
"7477","SE","Pinhão",6627,8341.66,28002,"Carira",2,"Nordeste",0,"280520",2,17,8,9,8,9,0,0,0,0,0,17,8,9,8,9,3,9.02901751631419,8.79890749208823,0.316966274335124,29
"7478","SE","Pinhão",6627,8341.66,28002,"Carira",2,"Nordeste",0,"280520",3,9,6,3,6,3,0,0,0,0,0,9,6,3,6,3,2,9.02901751631419,8.79890749208823,0.419893206523477,31
"7479","SE","Pinhão",6627,8341.66,28002,"Carira",2,"Nordeste",0,"280520",4,5,1,4,1,4,0,0,0,0,0,5,1,4,1,4,6,9.02901751631419,8.79890749208823,0.405211136205865,30
"7480","SE","Pinhão",6627,8341.66,28002,"Carira",2,"Nordeste",0,"280520",5,3,1,2,1,2,0,0,0,0,0,3,1,2,1,2,6,9.02901751631419,8.79890749208823,0.408442302359792,31
"7481","SE","Pinhão",6627,8341.66,28002,"Carira",2,"Nordeste",0,"280520",6,3,0,3,1,2,0,0,0,0,0,3,0,3,1,2,2,9.02901751631419,8.79890749208823,0.386519832286986,30
"7482","SE","Pinhão",6627,8341.66,28002,"Carira",2,"Nordeste",0,"280520",7,9,3,6,7,2,0,0,0,0,0,9,3,6,7,2,6,9.02901751631419,8.79890749208823,0.426961050230165,29
"7483","SE","Pirambu",9359,12001.52,28009,"Japaratuba",2,"Nordeste",0,"280530",2,19,9,10,6,13,0,0,0,0,0,19,9,10,6,13,6,9.39278858741526,9.14409372615726,0.278682524975292,29
"7484","SE","Pirambu",9359,12001.52,28009,"Japaratuba",2,"Nordeste",0,"280530",3,10,8,2,6,4,0,0,0,0,0,10,8,2,6,4,6,9.39278858741526,9.14409372615726,0.357879047179387,31
"7485","SE","Pirambu",9359,12001.52,28009,"Japaratuba",2,"Nordeste",0,"280530",4,12,4,8,8,4,0,0,0,0,0,12,4,8,8,4,4,9.39278858741526,9.14409372615726,0.403386813812757,30
"7486","SE","Pirambu",9359,12001.52,28009,"Japaratuba",2,"Nordeste",0,"280530",5,7,3,4,3,4,0,0,0,0,0,7,3,4,3,4,6,9.39278858741526,9.14409372615726,0.390582049968896,31
"7487","SE","Pirambu",9359,12001.52,28009,"Japaratuba",2,"Nordeste",0,"280530",6,11,2,9,3,8,1,0,0,0,0,12,2,9,3,8,3,9.39278858741526,9.14409372615726,0.351958750505105,30
"7488","SE","Pirambu",9359,12001.52,28009,"Japaratuba",2,"Nordeste",0,"280530",7,16,4,12,7,9,0,0,0,0,0,16,4,12,7,9,5,9.39278858741526,9.14409372615726,0.399309895512575,29
"7489","SE","Poço Redondo",35122,8613.54,28001,"Sergipana do Sertão do São Francisco",2,"Nordeste",0,"280540",2,53,30,23,27,26,0,0,0,0,0,53,30,23,27,26,10,9.06109066274863,10.4665829937358,0.281400044441633,29
"7490","SE","Poço Redondo",35122,8613.54,28001,"Sergipana do Sertão do São Francisco",2,"Nordeste",0,"280540",3,64,39,25,32,32,0,0,0,0,0,64,39,25,32,32,18,9.06109066274863,10.4665829937358,0.366909783373807,31
"7491","SE","Poço Redondo",35122,8613.54,28001,"Sergipana do Sertão do São Francisco",2,"Nordeste",0,"280540",4,50,26,24,25,25,1,0,0,0,0,51,26,24,25,25,12,9.06109066274863,10.4665829937358,0.383102369939594,30
"7492","SE","Poço Redondo",35122,8613.54,28001,"Sergipana do Sertão do São Francisco",2,"Nordeste",0,"280540",5,34,20,14,18,16,1,0,0,0,0,35,20,14,18,16,16,9.06109066274863,10.4665829937358,0.410461573851679,31
"7493","SE","Poço Redondo",35122,8613.54,28001,"Sergipana do Sertão do São Francisco",2,"Nordeste",0,"280540",6,51,28,23,22,29,2,0,0,0,0,53,28,23,22,29,16,9.06109066274863,10.4665829937358,0.380012529673721,30
"7494","SE","Poço Redondo",35122,8613.54,28001,"Sergipana do Sertão do São Francisco",2,"Nordeste",0,"280540",7,47,25,22,17,30,0,0,0,0,0,47,25,22,17,30,11,9.06109066274863,10.4665829937358,0.403256838599113,29
"7495","SE","Poço Verde",23867,10106.57,28005,"Tobias Barreto",2,"Nordeste",0,"280550",2,36,15,21,13,23,0,0,0,0,0,36,15,21,13,23,13,9.22094098639866,10.0802520306635,0.266808991421438,29
"7496","SE","Poço Verde",23867,10106.57,28005,"Tobias Barreto",2,"Nordeste",0,"280550",3,32,17,15,16,16,0,0,0,0,0,32,17,15,16,16,8,9.22094098639866,10.0802520306635,0.359397391285598,31
"7497","SE","Poço Verde",23867,10106.57,28005,"Tobias Barreto",2,"Nordeste",0,"280550",4,25,14,11,11,14,0,0,0,0,0,25,14,11,11,14,11,9.22094098639866,10.0802520306635,0.389112529100642,30
"7498","SE","Poço Verde",23867,10106.57,28005,"Tobias Barreto",2,"Nordeste",0,"280550",5,12,6,6,3,9,0,0,0,0,0,12,6,6,3,9,13,9.22094098639866,10.0802520306635,0.392983332689889,31
"7499","SE","Poço Verde",23867,10106.57,28005,"Tobias Barreto",2,"Nordeste",0,"280550",6,19,7,12,6,13,0,0,0,0,0,19,7,12,6,13,21,9.22094098639866,10.0802520306635,0.370346394549782,30
"7500","SE","Poço Verde",23867,10106.57,28005,"Tobias Barreto",2,"Nordeste",0,"280550",7,18,2,16,5,13,0,0,0,0,0,18,2,16,5,13,17,9.22094098639866,10.0802520306635,0.398620949530434,29
"7501","SE","Porto da Folha",28693,9178.86,28001,"Sergipana do Sertão do São Francisco",2,"Nordeste",0,"280560",2,57,25,32,22,35,0,0,0,0,0,57,25,32,22,35,18,9.12465829289665,10.2644084695597,0.273238214940113,29
"7502","SE","Porto da Folha",28693,9178.86,28001,"Sergipana do Sertão do São Francisco",2,"Nordeste",0,"280560",3,44,16,28,21,23,0,0,0,0,0,44,16,28,21,23,11,9.12465829289665,10.2644084695597,0.365839730108635,31
"7503","SE","Porto da Folha",28693,9178.86,28001,"Sergipana do Sertão do São Francisco",2,"Nordeste",0,"280560",4,24,10,14,6,18,2,0,0,0,0,26,10,14,6,18,10,9.12465829289665,10.2644084695597,0.378277273288338,30
"7504","SE","Porto da Folha",28693,9178.86,28001,"Sergipana do Sertão do São Francisco",2,"Nordeste",0,"280560",5,43,23,20,12,31,2,0,0,0,0,45,23,20,12,31,16,9.12465829289665,10.2644084695597,0.38492914084405,31
"7505","SE","Porto da Folha",28693,9178.86,28001,"Sergipana do Sertão do São Francisco",2,"Nordeste",0,"280560",6,40,20,20,23,17,1,0,0,0,0,41,20,20,23,17,13,9.12465829289665,10.2644084695597,0.363126543155356,30
"7506","SE","Porto da Folha",28693,9178.86,28001,"Sergipana do Sertão do São Francisco",2,"Nordeste",0,"280560",7,25,14,11,6,19,0,0,0,0,0,25,14,11,6,19,21,9.12465829289665,10.2644084695597,0.392107968277543,29
"7507","SE","Propriá",29692,17368.48,28007,"Propriá",2,"Nordeste",1,"280570",2,65,17,48,29,36,0,0,0,0,0,65,17,48,29,36,23,9.76241234820986,10.2986329282374,0.261332407322712,29
"7508","SE","Propriá",29692,17368.48,28007,"Propriá",2,"Nordeste",1,"280570",3,35,8,27,17,18,0,0,0,0,0,35,8,27,17,18,23,9.76241234820986,10.2986329282374,0.36293712811662,31
"7509","SE","Propriá",29692,17368.48,28007,"Propriá",2,"Nordeste",1,"280570",4,33,13,20,16,17,0,0,0,0,0,33,13,20,16,17,17,9.76241234820986,10.2986329282374,0.373306400450788,30
"7510","SE","Propriá",29692,17368.48,28007,"Propriá",2,"Nordeste",1,"280570",5,26,14,12,12,14,1,0,0,0,0,27,14,12,12,14,17,9.76241234820986,10.2986329282374,0.364722299423616,31
"7511","SE","Propriá",29692,17368.48,28007,"Propriá",2,"Nordeste",1,"280570",6,33,10,23,17,16,0,0,0,0,0,33,10,23,17,16,18,9.76241234820986,10.2986329282374,0.346593063083503,30
"7512","SE","Propriá",29692,17368.48,28007,"Propriá",2,"Nordeste",1,"280570",7,39,13,26,23,16,0,0,0,0,0,39,13,26,23,16,38,9.76241234820986,10.2986329282374,0.37971770478685,29
"7513","SE","Riachão do Dantas",19809,13472.86,28006,"Agreste de Lagarto",2,"Nordeste",0,"280580",2,39,20,19,16,23,0,0,0,0,0,39,20,19,16,23,10,9.50843257054918,9.89389165886268,0.304289005085946,29
"7514","SE","Riachão do Dantas",19809,13472.86,28006,"Agreste de Lagarto",2,"Nordeste",0,"280580",3,28,13,15,14,14,0,0,0,0,0,28,13,15,14,14,11,9.50843257054918,9.89389165886268,0.384720793795593,31
"7515","SE","Riachão do Dantas",19809,13472.86,28006,"Agreste de Lagarto",2,"Nordeste",0,"280580",4,21,16,5,6,15,0,0,0,0,0,21,16,5,6,15,8,9.50843257054918,9.89389165886268,0.413899917859528,30
"7516","SE","Riachão do Dantas",19809,13472.86,28006,"Agreste de Lagarto",2,"Nordeste",0,"280580",5,23,12,11,12,11,1,0,0,0,0,24,12,11,12,11,12,9.50843257054918,9.89389165886268,0.430028853982422,31
"7517","SE","Riachão do Dantas",19809,13472.86,28006,"Agreste de Lagarto",2,"Nordeste",0,"280580",6,24,10,14,15,9,0,0,0,0,0,24,10,14,15,9,13,9.50843257054918,9.89389165886268,0.421926659470275,30
"7518","SE","Riachão do Dantas",19809,13472.86,28006,"Agreste de Lagarto",2,"Nordeste",0,"280580",7,23,16,7,10,13,0,0,0,0,0,23,16,7,10,13,19,9.50843257054918,9.89389165886268,0.454257630726155,29
"7519","SE","Riachuelo",10284,16934.67,28010,"Baixo Cotinguiba",2,"Nordeste",1,"280590",2,17,6,11,7,10,0,0,0,0,0,17,6,11,7,10,4,9.73711827879098,9.23834456838578,0.323653420823375,29
"7520","SE","Riachuelo",10284,16934.67,28010,"Baixo Cotinguiba",2,"Nordeste",1,"280590",3,19,9,10,10,9,0,0,0,0,0,19,9,10,10,9,2,9.73711827879098,9.23834456838578,0.410713727039875,31
"7521","SE","Riachuelo",10284,16934.67,28010,"Baixo Cotinguiba",2,"Nordeste",1,"280590",4,11,3,8,8,3,0,0,0,0,0,11,3,8,8,3,8,9.73711827879098,9.23834456838578,0.435035658460098,30
"7522","SE","Riachuelo",10284,16934.67,28010,"Baixo Cotinguiba",2,"Nordeste",1,"280590",5,5,1,4,3,2,1,0,0,0,0,6,1,4,3,2,4,9.73711827879098,9.23834456838578,0.43086543382313,31
"7523","SE","Riachuelo",10284,16934.67,28010,"Baixo Cotinguiba",2,"Nordeste",1,"280590",6,14,7,7,6,8,0,0,0,0,0,14,7,7,6,8,8,9.73711827879098,9.23834456838578,0.419555639253772,30
"7524","SE","Riachuelo",10284,16934.67,28010,"Baixo Cotinguiba",2,"Nordeste",1,"280590",7,17,4,13,12,5,0,0,0,0,0,17,4,13,12,5,12,9.73711827879098,9.23834456838578,0.436261826298379,29
"7525","SE","Ribeirópolis",18773,16712.77,28002,"Carira",2,"Nordeste",0,"280600",2,20,7,13,9,11,0,0,0,0,0,20,7,13,9,11,11,9.72392837685187,9.84017494632436,0.277689570504456,29
"7526","SE","Ribeirópolis",18773,16712.77,28002,"Carira",2,"Nordeste",0,"280600",3,17,5,12,7,10,0,0,0,0,0,17,5,12,7,10,12,9.72392837685187,9.84017494632436,0.351249154671656,31
"7527","SE","Ribeirópolis",18773,16712.77,28002,"Carira",2,"Nordeste",0,"280600",4,12,6,6,4,8,1,0,0,0,0,13,6,6,4,8,6,9.72392837685187,9.84017494632436,0.374430216689589,30
"7528","SE","Ribeirópolis",18773,16712.77,28002,"Carira",2,"Nordeste",0,"280600",5,15,5,10,7,8,0,0,0,0,0,15,5,10,7,8,7,9.72392837685187,9.84017494632436,0.35870224139488,31
"7529","SE","Ribeirópolis",18773,16712.77,28002,"Carira",2,"Nordeste",0,"280600",6,14,6,8,6,8,0,0,0,0,0,14,6,8,6,8,12,9.72392837685187,9.84017494632436,0.35579338339811,30
"7530","SE","Ribeirópolis",18773,16712.77,28002,"Carira",2,"Nordeste",0,"280600",7,15,6,9,3,12,0,0,0,0,0,15,6,9,3,12,17,9.72392837685187,9.84017494632436,0.386743744768981,29
"7531","SE","Rosário do Catete",11008,36097.44,28010,"Baixo Cotinguiba",2,"Nordeste",1,"280610",2,15,4,11,6,9,0,0,0,0,0,15,4,11,6,9,5,10.493977227679,9.30637756017313,0.299794437828211,29
"7532","SE","Rosário do Catete",11008,36097.44,28010,"Baixo Cotinguiba",2,"Nordeste",1,"280610",3,16,7,9,8,8,0,0,0,0,0,16,7,9,8,8,8,10.493977227679,9.30637756017313,0.378720573227647,31
"7533","SE","Rosário do Catete",11008,36097.44,28010,"Baixo Cotinguiba",2,"Nordeste",1,"280610",4,15,9,6,7,8,0,0,0,0,0,15,9,6,7,8,3,10.493977227679,9.30637756017313,0.389832494281849,30
"7534","SE","Rosário do Catete",11008,36097.44,28010,"Baixo Cotinguiba",2,"Nordeste",1,"280610",5,17,7,10,12,5,1,0,0,0,0,18,7,10,12,5,2,10.493977227679,9.30637756017313,0.399365169187253,31
"7535","SE","Rosário do Catete",11008,36097.44,28010,"Baixo Cotinguiba",2,"Nordeste",1,"280610",6,10,3,7,5,5,0,0,0,0,0,10,3,7,5,5,4,10.493977227679,9.30637756017313,0.384047163623206,30
"7536","SE","Rosário do Catete",11008,36097.44,28010,"Baixo Cotinguiba",2,"Nordeste",1,"280610",7,8,1,7,5,3,0,0,0,0,0,8,1,7,5,3,12,10.493977227679,9.30637756017313,0.397372677161898,29
"7537","SE","Salgado",20025,8747.8,28012,"Boquim",2,"Nordeste",0,"280620",2,30,14,16,10,20,0,0,0,0,0,30,14,16,10,20,11,9.07655751916677,9.90473677193656,0.298578542264006,29
"7538","SE","Salgado",20025,8747.8,28012,"Boquim",2,"Nordeste",0,"280620",3,23,10,13,14,9,0,0,0,0,0,23,10,13,14,9,6,9.07655751916677,9.90473677193656,0.389815130579044,31
"7539","SE","Salgado",20025,8747.8,28012,"Boquim",2,"Nordeste",0,"280620",4,15,8,7,7,8,0,0,0,0,0,15,8,7,7,8,10,9.07655751916677,9.90473677193656,0.418797835870633,30
"7540","SE","Salgado",20025,8747.8,28012,"Boquim",2,"Nordeste",0,"280620",5,18,7,11,12,6,0,0,0,0,0,18,7,11,12,6,15,9.07655751916677,9.90473677193656,0.418652264991041,31
"7541","SE","Salgado",20025,8747.8,28012,"Boquim",2,"Nordeste",0,"280620",6,20,6,14,7,13,0,0,0,0,0,20,6,14,7,13,17,9.07655751916677,9.90473677193656,0.37982618951217,30
"7542","SE","Salgado",20025,8747.8,28012,"Boquim",2,"Nordeste",0,"280620",7,15,8,7,4,11,0,0,0,0,0,15,8,7,4,11,13,9.07655751916677,9.90473677193656,0.413453844554537,29
"7543","SE","Santa Luzia do Itanhy",14121,11359.84,28013,"Estância",2,"Nordeste",0,"280630",2,30,10,20,19,11,0,0,0,0,0,30,10,20,19,11,7,9.33783960766891,9.55541833006925,0.306876265833754,29
"7544","SE","Santa Luzia do Itanhy",14121,11359.84,28013,"Estância",2,"Nordeste",0,"280630",3,22,11,11,12,10,0,0,0,0,0,22,11,11,12,10,3,9.33783960766891,9.55541833006925,0.386126530659328,31
"7545","SE","Santa Luzia do Itanhy",14121,11359.84,28013,"Estância",2,"Nordeste",0,"280630",4,14,10,4,8,6,0,0,0,0,0,14,10,4,8,6,6,9.33783960766891,9.55541833006925,0.413281581480133,30
"7546","SE","Santa Luzia do Itanhy",14121,11359.84,28013,"Estância",2,"Nordeste",0,"280630",5,15,7,8,7,8,1,0,0,0,0,16,7,8,7,8,4,9.33783960766891,9.55541833006925,0.43264415391106,31
"7547","SE","Santa Luzia do Itanhy",14121,11359.84,28013,"Estância",2,"Nordeste",0,"280630",6,28,11,17,18,10,0,0,0,0,0,28,11,17,18,10,8,9.33783960766891,9.55541833006925,0.397103716737536,30
"7548","SE","Santa Luzia do Itanhy",14121,11359.84,28013,"Estância",2,"Nordeste",0,"280630",7,30,15,15,20,10,0,0,0,0,0,30,15,15,20,10,4,9.33783960766891,9.55541833006925,0.430750835609357,29
"7549","SE","Santana do São Francisco",7844,8917.56,28007,"Propriá",2,"Nordeste",0,"280640",2,17,6,11,8,9,0,0,0,0,0,17,6,11,8,9,0,9.09577764555356,8.96750418731624,0.295377991237261,29
"7550","SE","Santana do São Francisco",7844,8917.56,28007,"Propriá",2,"Nordeste",0,"280640",3,17,5,12,5,12,0,0,0,0,0,17,5,12,5,12,4,9.09577764555356,8.96750418731624,0.381711065307052,31
"7551","SE","Santana do São Francisco",7844,8917.56,28007,"Propriá",2,"Nordeste",0,"280640",4,8,1,7,2,6,1,0,0,0,0,9,1,7,2,6,2,9.09577764555356,8.96750418731624,0.406068993047352,30
"7552","SE","Santana do São Francisco",7844,8917.56,28007,"Propriá",2,"Nordeste",0,"280640",5,8,4,4,6,2,0,0,0,0,0,8,4,4,6,2,6,9.09577764555356,8.96750418731624,0.420567899263504,31
"7553","SE","Santana do São Francisco",7844,8917.56,28007,"Propriá",2,"Nordeste",0,"280640",6,9,5,4,8,1,0,0,0,0,0,9,5,4,8,1,7,9.09577764555356,8.96750418731624,0.374677532746247,30
"7554","SE","Santana do São Francisco",7844,8917.56,28007,"Propriá",2,"Nordeste",0,"280640",7,13,7,6,5,8,0,0,0,0,0,13,7,6,5,8,5,9.09577764555356,8.96750418731624,0.393189128491969,29
"7555","SE","Santa Rosa de Lima",3923,11111.81,28008,"Cotinguiba",2,"Nordeste",0,"280650",2,15,5,10,10,5,0,0,0,0,0,15,5,10,10,5,7,9.31576378565589,8.27461194620955,0.314812052937791,29
"7556","SE","Santa Rosa de Lima",3923,11111.81,28008,"Cotinguiba",2,"Nordeste",0,"280650",3,4,3,1,2,2,0,0,0,0,0,4,3,1,2,2,3,9.31576378565589,8.27461194620955,0.387521463606101,31
"7557","SE","Santa Rosa de Lima",3923,11111.81,28008,"Cotinguiba",2,"Nordeste",0,"280650",4,3,0,3,2,1,0,0,0,0,0,3,0,3,2,1,2,9.31576378565589,8.27461194620955,0.428221769663733,30
"7558","SE","Santa Rosa de Lima",3923,11111.81,28008,"Cotinguiba",2,"Nordeste",0,"280650",5,11,7,4,5,6,0,0,0,0,0,11,7,4,5,6,0,9.31576378565589,8.27461194620955,0.402339682514867,31
"7559","SE","Santa Rosa de Lima",3923,11111.81,28008,"Cotinguiba",2,"Nordeste",0,"280650",6,9,5,4,3,6,0,0,0,0,0,9,5,4,3,6,1,9.31576378565589,8.27461194620955,0.374069328017904,30
"7560","SE","Santa Rosa de Lima",3923,11111.81,28008,"Cotinguiba",2,"Nordeste",0,"280650",7,4,1,3,2,2,0,0,0,0,0,4,1,3,2,2,3,9.31576378565589,8.27461194620955,0.430570938849802,29
"7561","SE","Santo Amaro das Brotas",12151,10468.29,28010,"Baixo Cotinguiba",2,"Nordeste",0,"280660",2,19,2,17,12,7,0,0,0,0,0,19,2,17,12,7,11,9.25610596674357,9.40516674990861,0.302537463679786,29
"7562","SE","Santo Amaro das Brotas",12151,10468.29,28010,"Baixo Cotinguiba",2,"Nordeste",0,"280660",3,20,7,13,8,12,0,0,0,0,0,20,7,13,8,12,3,9.25610596674357,9.40516674990861,0.385883820209272,31
"7563","SE","Santo Amaro das Brotas",12151,10468.29,28010,"Baixo Cotinguiba",2,"Nordeste",0,"280660",4,9,5,4,7,2,0,0,0,0,0,9,5,4,7,2,10,9.25610596674357,9.40516674990861,0.404979605043843,30
"7564","SE","Santo Amaro das Brotas",12151,10468.29,28010,"Baixo Cotinguiba",2,"Nordeste",0,"280660",5,12,3,9,6,6,0,0,0,0,0,12,3,9,6,6,14,9.25610596674357,9.40516674990861,0.427320301063009,31
"7565","SE","Santo Amaro das Brotas",12151,10468.29,28010,"Baixo Cotinguiba",2,"Nordeste",0,"280660",6,16,8,8,6,10,0,0,0,0,0,16,8,8,6,10,9,9.25610596674357,9.40516674990861,0.395473160759607,30
"7566","SE","Santo Amaro das Brotas",12151,10468.29,28010,"Baixo Cotinguiba",2,"Nordeste",0,"280660",7,18,7,11,11,7,0,0,0,0,0,18,7,11,11,7,11,9.25610596674357,9.40516674990861,0.434990458695724,29
"7567","SE","São Cristóvão",91093,10061.71,28011,"Aracaju",2,"Nordeste",1,"280670",2,178,55,123,74,104,0,0,0,0,0,178,55,123,74,104,42,9.21649240932803,11.419636241657,0.27158799734808,29
"7568","SE","São Cristóvão",91093,10061.71,28011,"Aracaju",2,"Nordeste",1,"280670",3,114,35,79,39,75,1,0,0,0,0,115,35,79,39,75,38,9.21649240932803,11.419636241657,0.379649116698847,31
"7569","SE","São Cristóvão",91093,10061.71,28011,"Aracaju",2,"Nordeste",1,"280670",4,96,32,64,30,66,3,0,0,0,0,99,32,64,30,66,39,9.21649240932803,11.419636241657,0.426857835973563,30
"7570","SE","São Cristóvão",91093,10061.71,28011,"Aracaju",2,"Nordeste",1,"280670",5,85,34,51,30,55,4,0,0,0,0,89,34,51,30,55,51,9.21649240932803,11.419636241657,0.41749525879807,31
"7571","SE","São Cristóvão",91093,10061.71,28011,"Aracaju",2,"Nordeste",1,"280670",6,103,30,73,40,63,0,0,0,0,0,103,30,73,40,63,71,9.21649240932803,11.419636241657,0.385516164963862,30
"7572","SE","São Cristóvão",91093,10061.71,28011,"Aracaju",2,"Nordeste",1,"280670",7,101,34,67,47,54,0,0,0,0,0,101,34,67,47,54,61,9.21649240932803,11.419636241657,0.401176822405527,29
"7573","SE","São Domingos",11207,9244.47,28004,"Agreste de Itabaiana",2,"Nordeste",0,"280680",2,12,6,6,3,9,0,0,0,0,0,12,6,6,3,9,4,9.13178081389234,9.32429386205203,0.280630660202426,29
"7574","SE","São Domingos",11207,9244.47,28004,"Agreste de Itabaiana",2,"Nordeste",0,"280680",3,11,6,5,3,8,2,0,0,0,0,13,6,5,3,8,5,9.13178081389234,9.32429386205203,0.364605467969716,31
"7575","SE","São Domingos",11207,9244.47,28004,"Agreste de Itabaiana",2,"Nordeste",0,"280680",4,11,6,5,7,4,0,0,0,0,0,11,6,5,7,4,6,9.13178081389234,9.32429386205203,0.384238053235679,30
"7576","SE","São Domingos",11207,9244.47,28004,"Agreste de Itabaiana",2,"Nordeste",0,"280680",5,14,10,4,8,6,0,0,0,0,0,14,10,4,8,6,8,9.13178081389234,9.32429386205203,0.382046385442367,31
"7577","SE","São Domingos",11207,9244.47,28004,"Agreste de Itabaiana",2,"Nordeste",0,"280680",6,16,8,8,8,8,0,0,0,0,0,16,8,8,8,8,5,9.13178081389234,9.32429386205203,0.363307262893232,30
"7578","SE","São Domingos",11207,9244.47,28004,"Agreste de Itabaiana",2,"Nordeste",0,"280680",7,14,6,8,8,6,0,0,0,0,0,14,6,8,8,6,10,9.13178081389234,9.32429386205203,0.392945115084306,29
"7579","SE","São Francisco",3781,10031.79,28009,"Japaratuba",2,"Nordeste",0,"280690",2,6,2,4,5,1,0,0,0,0,0,6,2,4,5,1,2,9.21351432963925,8.23774380389093,0.286332506687347,29
"7580","SE","São Francisco",3781,10031.79,28009,"Japaratuba",2,"Nordeste",0,"280690",3,7,1,6,4,3,0,0,0,0,0,7,1,6,4,3,1,9.21351432963925,8.23774380389093,0.37616253194809,31
"7581","SE","São Francisco",3781,10031.79,28009,"Japaratuba",2,"Nordeste",0,"280690",4,6,1,5,2,4,0,0,0,0,0,6,1,5,2,4,2,9.21351432963925,8.23774380389093,0.384327427127148,30
"7582","SE","São Francisco",3781,10031.79,28009,"Japaratuba",2,"Nordeste",0,"280690",5,1,0,1,1,0,0,0,0,0,0,1,0,1,1,0,1,9.21351432963925,8.23774380389093,0.402059536921062,31
"7583","SE","São Francisco",3781,10031.79,28009,"Japaratuba",2,"Nordeste",0,"280690",6,4,1,3,4,0,0,0,0,0,0,4,1,3,4,0,2,9.21351432963925,8.23774380389093,0.388562308855268,30
"7584","SE","São Francisco",3781,10031.79,28009,"Japaratuba",2,"Nordeste",0,"280690",7,2,1,1,1,1,0,0,0,0,0,2,1,1,1,1,4,9.21351432963925,8.23774380389093,0.383145835076795,29
"7585","SE","Simão Dias",40606,13014.14,28005,"Tobias Barreto",2,"Nordeste",0,"280710",2,89,42,47,28,61,2,0,0,0,0,91,42,47,28,61,17,9.47379173764268,10.6116711179222,0.291358704775457,29
"7586","SE","Simão Dias",40606,13014.14,28005,"Tobias Barreto",2,"Nordeste",0,"280710",3,72,34,38,36,36,1,0,0,0,0,73,34,38,36,36,29,9.47379173764268,10.6116711179222,0.376238637103854,31
"7587","SE","Simão Dias",40606,13014.14,28005,"Tobias Barreto",2,"Nordeste",0,"280710",4,50,20,30,24,26,1,0,0,0,0,51,20,30,24,26,25,9.47379173764268,10.6116711179222,0.410610101747856,30
"7588","SE","Simão Dias",40606,13014.14,28005,"Tobias Barreto",2,"Nordeste",0,"280710",5,49,26,23,20,29,0,0,0,0,0,49,26,23,20,29,27,9.47379173764268,10.6116711179222,0.411588655993443,31
"7589","SE","Simão Dias",40606,13014.14,28005,"Tobias Barreto",2,"Nordeste",0,"280710",6,47,21,26,27,20,1,0,0,0,0,48,21,26,27,20,22,9.47379173764268,10.6116711179222,0.383678111358273,30
"7590","SE","Simão Dias",40606,13014.14,28005,"Tobias Barreto",2,"Nordeste",0,"280710",7,50,24,26,25,25,0,0,0,0,0,50,24,26,25,25,33,9.47379173764268,10.6116711179222,0.426605536757018,29
"7591","SE","Siriri",8970,16159.95,28008,"Cotinguiba",2,"Nordeste",1,"280720",2,11,4,7,6,5,0,0,0,0,0,11,4,7,6,5,4,9.69029123801089,9.10164095505284,0.285164388909406,29
"7592","SE","Siriri",8970,16159.95,28008,"Cotinguiba",2,"Nordeste",1,"280720",3,17,10,7,12,5,0,0,0,0,0,17,10,7,12,5,5,9.69029123801089,9.10164095505284,0.389189505072349,31
"7593","SE","Siriri",8970,16159.95,28008,"Cotinguiba",2,"Nordeste",1,"280720",4,4,2,2,1,3,0,0,0,0,0,4,2,2,1,3,3,9.69029123801089,9.10164095505284,0.424803864450588,30
"7594","SE","Siriri",8970,16159.95,28008,"Cotinguiba",2,"Nordeste",1,"280720",5,13,8,5,5,8,0,0,0,0,0,13,8,5,5,8,2,9.69029123801089,9.10164095505284,0.424618016195148,31
"7595","SE","Siriri",8970,16159.95,28008,"Cotinguiba",2,"Nordeste",1,"280720",6,8,4,4,3,5,0,0,0,0,0,8,4,4,3,5,5,9.69029123801089,9.10164095505284,0.390021412381033,30
"7596","SE","Siriri",8970,16159.95,28008,"Cotinguiba",2,"Nordeste",1,"280720",7,7,3,4,2,5,0,0,0,0,0,7,3,4,2,5,3,9.69029123801089,9.10164095505284,0.420291745303069,29
"7597","SE","Telha",3249,9854.68,28007,"Propriá",2,"Nordeste",0,"280730",2,4,1,3,3,1,0,0,0,0,0,4,1,3,3,1,1,9.19570174823264,8.0861025356691,0.252423127258914,29
"7598","SE","Telha",3249,9854.68,28007,"Propriá",2,"Nordeste",0,"280730",3,4,1,3,4,0,0,0,0,0,0,4,1,3,4,0,1,9.19570174823264,8.0861025356691,0.343209500078577,31
"7599","SE","Telha",3249,9854.68,28007,"Propriá",2,"Nordeste",0,"280730",4,5,3,2,3,2,0,0,0,0,0,5,3,2,3,2,2,9.19570174823264,8.0861025356691,0.328428368974259,30
"7600","SE","Telha",3249,9854.68,28007,"Propriá",2,"Nordeste",0,"280730",5,5,1,4,3,2,0,0,0,0,0,5,1,4,3,2,3,9.19570174823264,8.0861025356691,0.327322603494413,31
"7601","SE","Telha",3249,9854.68,28007,"Propriá",2,"Nordeste",0,"280730",6,5,2,3,3,2,0,0,0,0,0,5,2,3,3,2,4,9.19570174823264,8.0861025356691,0.326093292684044,30
"7602","SE","Telha",3249,9854.68,28007,"Propriá",2,"Nordeste",0,"280730",7,3,0,3,2,1,0,0,0,0,0,3,0,3,2,1,7,9.19570174823264,8.0861025356691,0.384749977049761,29
"7603","SE","Tobias Barreto",52530,10753.11,28005,"Tobias Barreto",2,"Nordeste",1,"280740",2,89,43,46,28,61,1,0,0,0,0,90,43,46,28,61,30,9.28295029404154,10.869139713948,0.264271257271138,29
"7604","SE","Tobias Barreto",52530,10753.11,28005,"Tobias Barreto",2,"Nordeste",1,"280740",3,80,46,34,34,46,1,0,0,0,0,81,46,34,34,46,28,9.28295029404154,10.869139713948,0.361646672723044,31
"7605","SE","Tobias Barreto",52530,10753.11,28005,"Tobias Barreto",2,"Nordeste",1,"280740",4,61,30,31,33,28,0,0,0,0,0,61,30,31,33,28,23,9.28295029404154,10.869139713948,0.374101579532855,30
"7606","SE","Tobias Barreto",52530,10753.11,28005,"Tobias Barreto",2,"Nordeste",1,"280740",5,53,35,18,16,37,0,0,0,0,0,53,35,18,16,37,33,9.28295029404154,10.869139713948,0.377550474290722,31
"7607","SE","Tobias Barreto",52530,10753.11,28005,"Tobias Barreto",2,"Nordeste",1,"280740",6,56,30,26,21,35,1,0,0,0,0,57,30,26,21,35,27,9.28295029404154,10.869139713948,0.352109051317067,30
"7608","SE","Tobias Barreto",52530,10753.11,28005,"Tobias Barreto",2,"Nordeste",1,"280740",7,60,37,23,25,35,2,0,0,0,0,62,37,23,25,35,54,9.28295029404154,10.869139713948,0.398363588922942,29
"7609","SE","Tomar do Geru",13535,9325.03,28012,"Boquim",2,"Nordeste",0,"280750",2,18,6,12,8,10,0,0,0,0,0,18,6,12,8,10,7,9.14045746166502,9.5130342020484,0.292602751129942,29
"7610","SE","Tomar do Geru",13535,9325.03,28012,"Boquim",2,"Nordeste",0,"280750",3,26,9,17,12,14,0,0,0,0,0,26,9,17,12,14,8,9.14045746166502,9.5130342020484,0.377912571710588,31
"7611","SE","Tomar do Geru",13535,9325.03,28012,"Boquim",2,"Nordeste",0,"280750",4,14,4,10,9,5,0,0,0,0,0,14,4,10,9,5,7,9.14045746166502,9.5130342020484,0.405630007944438,30
"7612","SE","Tomar do Geru",13535,9325.03,28012,"Boquim",2,"Nordeste",0,"280750",5,14,8,6,3,11,0,0,0,0,0,14,8,6,3,11,7,9.14045746166502,9.5130342020484,0.38685629799178,31
"7613","SE","Tomar do Geru",13535,9325.03,28012,"Boquim",2,"Nordeste",0,"280750",6,12,7,5,5,7,0,0,0,0,0,12,7,5,5,7,9,9.14045746166502,9.5130342020484,0.373518279100854,30
"7614","SE","Tomar do Geru",13535,9325.03,28012,"Boquim",2,"Nordeste",0,"280750",7,15,6,9,4,11,0,0,0,0,0,15,6,9,4,11,16,9.14045746166502,9.5130342020484,0.395657755061155,29
"7615","SE","Umbaúba",25550,13652.61,28012,"Boquim",2,"Nordeste",0,"280760",2,46,18,28,20,26,1,0,0,0,0,47,18,28,20,26,16,9.52168599112624,10.1483925956319,0.266215995364496,29
"7616","SE","Umbaúba",25550,13652.61,28012,"Boquim",2,"Nordeste",0,"280760",3,64,30,34,31,33,0,0,0,0,0,64,30,34,31,33,16,9.52168599112624,10.1483925956319,0.345199458178796,31
"7617","SE","Umbaúba",25550,13652.61,28012,"Boquim",2,"Nordeste",0,"280760",4,19,9,10,7,12,2,0,0,0,0,21,9,10,7,12,18,9.52168599112624,10.1483925956319,0.369625060449735,30
"7618","SE","Umbaúba",25550,13652.61,28012,"Boquim",2,"Nordeste",0,"280760",5,25,14,11,10,15,1,0,0,0,0,26,14,11,10,15,17,9.52168599112624,10.1483925956319,0.373519606445582,31
"7619","SE","Umbaúba",25550,13652.61,28012,"Boquim",2,"Nordeste",0,"280760",6,31,18,13,17,14,0,0,0,0,0,31,18,13,17,14,21,9.52168599112624,10.1483925956319,0.351208563387287,30
"7620","SE","Umbaúba",25550,13652.61,28012,"Boquim",2,"Nordeste",0,"280760",7,53,21,32,20,33,1,0,0,0,0,54,21,32,20,33,25,9.52168599112624,10.1483925956319,0.37418790240651,29
"7621","BA","Abaré",20347,6957.04,29005,"Paulo Afonso",2,"Nordeste",0,"290020",2,52,14,38,22,30,0,0,0,0,0,52,14,38,22,30,4,8.84750937551183,9.9206887598559,0.282770750893344,29
"7622","BA","Abaré",20347,6957.04,29005,"Paulo Afonso",2,"Nordeste",0,"290020",3,46,17,29,20,26,1,0,0,0,0,47,17,29,20,26,8,8.84750937551183,9.9206887598559,0.353238928901119,31
"7623","BA","Abaré",20347,6957.04,29005,"Paulo Afonso",2,"Nordeste",0,"290020",4,29,9,20,15,14,1,0,0,0,0,30,9,20,15,14,12,8.84750937551183,9.9206887598559,0.382640355856339,30
"7624","BA","Abaré",20347,6957.04,29005,"Paulo Afonso",2,"Nordeste",0,"290020",5,21,7,14,10,11,0,0,0,0,0,21,7,14,10,11,7,8.84750937551183,9.9206887598559,0.390448395418797,31
"7625","BA","Abaré",20347,6957.04,29005,"Paulo Afonso",2,"Nordeste",0,"290020",6,35,8,27,19,16,0,0,0,0,0,35,8,27,19,16,18,8.84750937551183,9.9206887598559,0.363047640088052,30
"7626","BA","Abaré",20347,6957.04,29005,"Paulo Afonso",2,"Nordeste",0,"290020",7,36,12,24,21,15,1,0,0,0,0,37,12,24,21,15,12,8.84750937551183,9.9206887598559,0.441842225714912,29
"7627","BA","Acajutiba",15187,8850.48,29017,"Alagoinhas",2,"Nordeste",0,"290030",2,19,10,9,13,6,0,0,0,0,0,19,10,9,13,6,9,9.08822697381932,9.62819507773027,0.289172782777983,29
"7628","BA","Acajutiba",15187,8850.48,29017,"Alagoinhas",2,"Nordeste",0,"290030",3,13,6,7,5,8,0,0,0,0,0,13,6,7,5,8,11,9.08822697381932,9.62819507773027,0.390620679136454,31
"7629","BA","Acajutiba",15187,8850.48,29017,"Alagoinhas",2,"Nordeste",0,"290030",4,17,11,6,9,8,0,0,0,0,0,17,11,6,9,8,7,9.08822697381932,9.62819507773027,0.414961265220542,30
"7630","BA","Acajutiba",15187,8850.48,29017,"Alagoinhas",2,"Nordeste",0,"290030",5,12,4,8,6,6,0,0,0,0,0,12,4,8,6,6,13,9.08822697381932,9.62819507773027,0.412843120378385,31
"7631","BA","Acajutiba",15187,8850.48,29017,"Alagoinhas",2,"Nordeste",0,"290030",6,19,8,11,9,10,0,0,0,0,0,19,8,11,9,10,23,9.08822697381932,9.62819507773027,0.392139314097971,30
"7632","BA","Acajutiba",15187,8850.48,29017,"Alagoinhas",2,"Nordeste",0,"290030",7,11,3,8,5,6,0,0,0,0,0,11,3,8,5,6,12,9.08822697381932,9.62819507773027,0.411758406437037,29
"7633","BA","Adustina",17126,6686.58,29015,"Ribeira do Pombal",2,"Nordeste",0,"290035",2,27,10,17,7,20,0,0,0,0,0,27,10,17,7,20,9,8.80785781164717,9.74835305558614,0.281095860126433,29
"7634","BA","Adustina",17126,6686.58,29015,"Ribeira do Pombal",2,"Nordeste",0,"290035",3,20,13,7,10,10,0,0,0,0,0,20,13,7,10,10,5,8.80785781164717,9.74835305558614,0.362502416481807,31
"7635","BA","Adustina",17126,6686.58,29015,"Ribeira do Pombal",2,"Nordeste",0,"290035",4,8,4,4,1,7,0,0,0,0,0,8,4,4,1,7,7,8.80785781164717,9.74835305558614,0.403829652700035,30
"7636","BA","Adustina",17126,6686.58,29015,"Ribeira do Pombal",2,"Nordeste",0,"290035",5,10,6,4,3,7,0,0,0,0,0,10,6,4,3,7,5,8.80785781164717,9.74835305558614,0.400821288856323,31
"7637","BA","Adustina",17126,6686.58,29015,"Ribeira do Pombal",2,"Nordeste",0,"290035",6,11,4,7,4,7,0,0,0,0,0,11,4,7,4,7,9,8.80785781164717,9.74835305558614,0.393667715534258,30
"7638","BA","Adustina",17126,6686.58,29015,"Ribeira do Pombal",2,"Nordeste",0,"290035",7,19,12,7,5,14,1,0,0,0,0,20,12,7,5,14,8,8.80785781164717,9.74835305558614,0.438186108885393,29
"7639","BA","Água Fria",17033,6524.47,29012,"Feira de Santana",2,"Nordeste",0,"290040",2,14,3,11,5,9,0,0,0,0,0,14,3,11,5,9,6,8.78331500283824,9.74290791786058,0.29404623096192,29
"7640","BA","Água Fria",17033,6524.47,29012,"Feira de Santana",2,"Nordeste",0,"290040",3,11,5,6,3,8,0,0,0,0,0,11,5,6,3,8,12,8.78331500283824,9.74290791786058,0.366776878954618,31
"7641","BA","Água Fria",17033,6524.47,29012,"Feira de Santana",2,"Nordeste",0,"290040",4,9,5,4,4,5,0,0,0,0,0,9,5,4,4,5,7,8.78331500283824,9.74290791786058,0.418971169707791,30
"7642","BA","Água Fria",17033,6524.47,29012,"Feira de Santana",2,"Nordeste",0,"290040",5,9,3,6,4,5,0,0,0,0,0,9,3,6,4,5,10,8.78331500283824,9.74290791786058,0.424813458333679,31
"7643","BA","Água Fria",17033,6524.47,29012,"Feira de Santana",2,"Nordeste",0,"290040",6,13,7,6,6,7,0,0,0,0,0,13,7,6,6,7,12,8.78331500283824,9.74290791786058,0.398618273745896,30
"7644","BA","Água Fria",17033,6524.47,29012,"Feira de Santana",2,"Nordeste",0,"290040",7,13,4,9,5,8,1,0,0,0,0,14,4,9,5,8,11,8.78331500283824,9.74290791786058,0.438068439046949,29
"7645","BA","Érico Cardoso",10560,5933.22,29025,"Livramento do Brumado",2,"Nordeste",0,"290050",2,21,4,17,9,12,0,0,0,0,0,21,4,17,9,12,6,8.68832234630604,9.26482855726025,0.329106180092527,29
"7646","BA","Érico Cardoso",10560,5933.22,29025,"Livramento do Brumado",2,"Nordeste",0,"290050",3,23,10,13,6,17,0,0,0,0,0,23,10,13,6,17,9,8.68832234630604,9.26482855726025,0.394956672702664,31
"7647","BA","Érico Cardoso",10560,5933.22,29025,"Livramento do Brumado",2,"Nordeste",0,"290050",4,9,1,8,5,4,0,0,0,0,0,9,1,8,5,4,6,8.68832234630604,9.26482855726025,0.419196742264894,30
"7648","BA","Érico Cardoso",10560,5933.22,29025,"Livramento do Brumado",2,"Nordeste",0,"290050",5,8,2,6,2,6,0,0,0,0,0,8,2,6,2,6,8,8.68832234630604,9.26482855726025,0.403198658846317,31
"7649","BA","Érico Cardoso",10560,5933.22,29025,"Livramento do Brumado",2,"Nordeste",0,"290050",6,7,0,7,1,6,0,0,0,0,0,7,0,7,1,6,12,8.68832234630604,9.26482855726025,0.386177406119777,30
"7650","BA","Érico Cardoso",10560,5933.22,29025,"Livramento do Brumado",2,"Nordeste",0,"290050",7,9,0,9,2,7,0,0,0,0,0,9,0,9,2,7,5,8.68832234630604,9.26482855726025,0.436264760954013,29
"7651","BA","Alagoinhas",152327,26272.95,29017,"Alagoinhas",2,"Nordeste",1,"290070",2,289,92,197,112,177,0,0,0,0,0,289,92,197,112,177,81,10.1762951717689,11.9337848048516,0.279628562002534,29
"7652","BA","Alagoinhas",152327,26272.95,29017,"Alagoinhas",2,"Nordeste",1,"290070",3,260,85,175,105,155,2,0,0,0,0,262,85,175,105,155,96,10.1762951717689,11.9337848048516,0.370892929450375,31
"7653","BA","Alagoinhas",152327,26272.95,29017,"Alagoinhas",2,"Nordeste",1,"290070",4,148,52,96,56,92,0,0,0,0,0,148,52,96,56,92,86,10.1762951717689,11.9337848048516,0.421237088039177,30
"7654","BA","Alagoinhas",152327,26272.95,29017,"Alagoinhas",2,"Nordeste",1,"290070",5,138,47,91,48,90,5,0,0,0,0,143,47,91,48,90,100,10.1762951717689,11.9337848048516,0.41229416696562,31
"7655","BA","Alagoinhas",152327,26272.95,29017,"Alagoinhas",2,"Nordeste",1,"290070",6,155,42,113,60,95,3,0,0,0,0,158,42,113,60,95,121,10.1762951717689,11.9337848048516,0.383030711541576,30
"7656","BA","Alagoinhas",152327,26272.95,29017,"Alagoinhas",2,"Nordeste",1,"290070",7,163,39,124,54,109,1,0,0,0,0,164,39,124,54,109,158,10.1762951717689,11.9337848048516,0.413798024764365,29
"7657","BA","Alcobaça",22490,11365.43,29032,"Porto Seguro",2,"Nordeste",0,"290080",2,60,28,32,25,35,0,0,0,0,0,60,28,32,25,35,16,9.33833157103065,10.0208260449534,0.269134239952492,29
"7658","BA","Alcobaça",22490,11365.43,29032,"Porto Seguro",2,"Nordeste",0,"290080",3,53,24,29,28,25,0,0,0,0,0,53,24,29,28,25,16,9.33833157103065,10.0208260449534,0.384206155159936,31
"7659","BA","Alcobaça",22490,11365.43,29032,"Porto Seguro",2,"Nordeste",0,"290080",4,34,17,17,14,20,0,0,0,0,0,34,17,17,14,20,11,9.33833157103065,10.0208260449534,0.404992118250051,30
"7660","BA","Alcobaça",22490,11365.43,29032,"Porto Seguro",2,"Nordeste",0,"290080",5,29,9,20,17,12,0,0,0,0,0,29,9,20,17,12,8,9.33833157103065,10.0208260449534,0.385632354481313,31
"7661","BA","Alcobaça",22490,11365.43,29032,"Porto Seguro",2,"Nordeste",0,"290080",6,35,13,22,19,16,0,0,0,0,0,35,13,22,19,16,13,9.33833157103065,10.0208260449534,0.401458875661411,30
"7662","BA","Alcobaça",22490,11365.43,29032,"Porto Seguro",2,"Nordeste",0,"290080",7,17,6,11,7,10,0,0,0,0,0,17,6,11,7,10,14,9.33833157103065,10.0208260449534,0.410101336331753,29
"7663","BA","Almadina",5366,9017.12,29031,"Ilhéus-Itabuna",2,"Nordeste",0,"290090",2,8,3,5,3,5,0,0,0,0,0,8,3,5,3,5,4,9.10688027160698,8.58783803098557,0.327965920032008,29
"7664","BA","Almadina",5366,9017.12,29031,"Ilhéus-Itabuna",2,"Nordeste",0,"290090",3,7,2,5,4,3,0,0,0,0,0,7,2,5,4,3,11,9.10688027160698,8.58783803098557,0.407560207645624,31
"7665","BA","Almadina",5366,9017.12,29031,"Ilhéus-Itabuna",2,"Nordeste",0,"290090",4,4,4,0,1,3,0,0,0,0,0,4,4,0,1,3,5,9.10688027160698,8.58783803098557,0.438971271746994,30
"7666","BA","Almadina",5366,9017.12,29031,"Ilhéus-Itabuna",2,"Nordeste",0,"290090",5,3,3,0,1,2,0,0,0,0,0,3,3,0,1,2,6,9.10688027160698,8.58783803098557,0.438421728336683,31
"7667","BA","Almadina",5366,9017.12,29031,"Ilhéus-Itabuna",2,"Nordeste",0,"290090",6,4,1,3,1,3,0,0,0,0,0,4,1,3,1,3,9,9.10688027160698,8.58783803098557,0.39169529544176,30
"7668","BA","Almadina",5366,9017.12,29031,"Ilhéus-Itabuna",2,"Nordeste",0,"290090",7,7,4,3,5,2,0,0,0,0,0,7,4,3,5,2,5,9.10688027160698,8.58783803098557,0.453226142913982,29
"7669","BA","Amargosa",37441,10143.31,29024,"Jequié",2,"Nordeste",0,"290100",2,55,18,37,27,28,0,0,0,0,0,55,18,37,27,28,23,9.22456965385878,10.5305216396365,0.266995260467901,29
"7670","BA","Amargosa",37441,10143.31,29024,"Jequié",2,"Nordeste",0,"290100",3,49,12,37,23,26,1,0,0,0,0,50,12,37,23,26,23,9.22456965385878,10.5305216396365,0.36925045638212,31
"7671","BA","Amargosa",37441,10143.31,29024,"Jequié",2,"Nordeste",0,"290100",4,36,8,28,12,24,0,0,0,0,0,36,8,28,12,24,23,9.22456965385878,10.5305216396365,0.393951642849554,30
"7672","BA","Amargosa",37441,10143.31,29024,"Jequié",2,"Nordeste",0,"290100",5,36,13,23,13,23,0,0,0,0,0,36,13,23,13,23,23,9.22456965385878,10.5305216396365,0.412047924180264,31
"7673","BA","Amargosa",37441,10143.31,29024,"Jequié",2,"Nordeste",0,"290100",6,44,12,32,19,25,1,0,0,0,0,45,12,32,19,25,34,9.22456965385878,10.5305216396365,0.371789785606984,30
"7674","BA","Amargosa",37441,10143.31,29024,"Jequié",2,"Nordeste",0,"290100",7,34,12,22,12,22,1,0,0,0,0,35,12,22,12,22,31,9.22456965385878,10.5305216396365,0.459684928670744,29
"7675","BA","Amélia Rodrigues",25048,12394.4,29019,"Catu",2,"Nordeste",0,"290110",2,21,6,15,8,13,0,0,0,0,0,21,6,15,8,13,17,9.42500003668208,10.1285492630062,0.284914445071807,29
"7676","BA","Amélia Rodrigues",25048,12394.4,29019,"Catu",2,"Nordeste",0,"290110",3,25,6,19,5,20,0,0,0,0,0,25,6,19,5,20,15,9.42500003668208,10.1285492630062,0.386579264497431,31
"7677","BA","Amélia Rodrigues",25048,12394.4,29019,"Catu",2,"Nordeste",0,"290110",4,8,1,7,2,6,1,0,0,0,0,9,1,7,2,6,9,9.42500003668208,10.1285492630062,0.437894394483639,30
"7678","BA","Amélia Rodrigues",25048,12394.4,29019,"Catu",2,"Nordeste",0,"290110",5,22,7,15,7,15,0,0,0,0,0,22,7,15,7,15,16,9.42500003668208,10.1285492630062,0.412265000545681,31
"7679","BA","Amélia Rodrigues",25048,12394.4,29019,"Catu",2,"Nordeste",0,"290110",6,15,2,13,2,13,0,0,0,0,0,15,2,13,2,13,16,9.42500003668208,10.1285492630062,0.394148498355144,30
"7680","BA","Amélia Rodrigues",25048,12394.4,29019,"Catu",2,"Nordeste",0,"290110",7,12,4,8,6,6,0,0,0,0,0,12,4,8,6,6,15,9.42500003668208,10.1285492630062,0.407669565235353,29
"7681","BA","América Dourada",16090,7163.75,29009,"Irecê",2,"Nordeste",0,"290115",2,28,11,17,15,13,0,0,0,0,0,28,11,17,15,13,7,8.87678886586595,9.68595323998643,0.292189087810263,29
"7682","BA","América Dourada",16090,7163.75,29009,"Irecê",2,"Nordeste",0,"290115",3,27,11,16,14,13,1,0,0,0,0,28,11,16,14,13,5,8.87678886586595,9.68595323998643,0.37545255680193,31
"7683","BA","América Dourada",16090,7163.75,29009,"Irecê",2,"Nordeste",0,"290115",4,23,13,10,15,8,0,0,0,0,0,23,13,10,15,8,6,8.87678886586595,9.68595323998643,0.396939862347971,30
"7684","BA","América Dourada",16090,7163.75,29009,"Irecê",2,"Nordeste",0,"290115",5,18,3,15,10,8,0,0,0,0,0,18,3,15,10,8,14,8.87678886586595,9.68595323998643,0.391161383220341,31
"7685","BA","América Dourada",16090,7163.75,29009,"Irecê",2,"Nordeste",0,"290115",6,14,2,12,7,7,0,0,0,0,0,14,2,12,7,7,8,8.87678886586595,9.68595323998643,0.400195953368424,30
"7686","BA","América Dourada",16090,7163.75,29009,"Irecê",2,"Nordeste",0,"290115",7,21,6,15,9,12,1,0,0,0,0,22,6,15,9,12,6,8.87678886586595,9.68595323998643,0.431476266553988,29
"7687","BA","Anagé",21607,9341.52,29028,"Vitória da Conquista",2,"Nordeste",0,"290120",2,37,10,27,18,19,2,0,0,0,0,39,10,27,18,19,12,9.14222425888138,9.98077261524567,0.265989782874312,29
"7688","BA","Anagé",21607,9341.52,29028,"Vitória da Conquista",2,"Nordeste",0,"290120",3,37,16,21,12,25,0,0,0,0,0,37,16,21,12,25,11,9.14222425888138,9.98077261524567,0.348455822944293,31
"7689","BA","Anagé",21607,9341.52,29028,"Vitória da Conquista",2,"Nordeste",0,"290120",4,17,7,10,5,12,0,0,0,0,0,17,7,10,5,12,10,9.14222425888138,9.98077261524567,0.369785188374752,30
"7690","BA","Anagé",21607,9341.52,29028,"Vitória da Conquista",2,"Nordeste",0,"290120",5,24,13,11,10,14,0,0,0,0,0,24,13,11,10,14,12,9.14222425888138,9.98077261524567,0.398497438577418,31
"7691","BA","Anagé",21607,9341.52,29028,"Vitória da Conquista",2,"Nordeste",0,"290120",6,19,5,14,13,6,0,0,0,0,0,19,5,14,13,6,10,9.14222425888138,9.98077261524567,0.37582760156634,30
"7692","BA","Anagé",21607,9341.52,29028,"Vitória da Conquista",2,"Nordeste",0,"290120",7,15,5,10,3,12,0,0,0,0,0,15,5,10,3,12,12,9.14222425888138,9.98077261524567,0.459433218733384,29
"7693","BA","Andaraí",13132,7909.7,29023,"Seabra",2,"Nordeste",0,"290130",2,25,9,16,11,14,0,0,0,0,0,25,9,16,11,14,4,8.97584513336737,9.48280727862148,0.278036667047063,29
"7694","BA","Andaraí",13132,7909.7,29023,"Seabra",2,"Nordeste",0,"290130",3,16,5,11,9,7,1,0,0,0,0,17,5,11,9,7,14,8.97584513336737,9.48280727862148,0.347714350210402,31
"7695","BA","Andaraí",13132,7909.7,29023,"Seabra",2,"Nordeste",0,"290130",4,11,2,9,5,6,0,0,0,0,0,11,2,9,5,6,2,8.97584513336737,9.48280727862148,0.40554219744072,30
"7696","BA","Andaraí",13132,7909.7,29023,"Seabra",2,"Nordeste",0,"290130",5,16,6,10,8,8,0,0,0,0,0,16,6,10,8,8,7,8.97584513336737,9.48280727862148,0.412816868646019,31
"7697","BA","Andaraí",13132,7909.7,29023,"Seabra",2,"Nordeste",0,"290130",6,18,5,13,10,8,0,0,0,0,0,18,5,13,10,8,6,8.97584513336737,9.48280727862148,0.398661234057567,30
"7698","BA","Andaraí",13132,7909.7,29023,"Seabra",2,"Nordeste",0,"290130",7,17,8,9,8,9,0,0,0,0,0,17,8,9,8,9,7,8.97584513336737,9.48280727862148,0.431819089246893,29
"7699","BA","Andorinha",14503,13040.84,29008,"Senhor do Bonfim",2,"Nordeste",0,"290135",2,23,7,16,7,16,0,0,0,0,0,23,7,16,7,16,7,9.47584125058386,9.58211080356025,0.292739754219512,29
"7700","BA","Andorinha",14503,13040.84,29008,"Senhor do Bonfim",2,"Nordeste",0,"290135",3,33,7,26,13,20,0,0,0,0,0,33,7,26,13,20,7,9.47584125058386,9.58211080356025,0.389131345403789,31
"7701","BA","Andorinha",14503,13040.84,29008,"Senhor do Bonfim",2,"Nordeste",0,"290135",4,23,5,18,11,12,1,0,0,0,0,24,5,18,11,12,5,9.47584125058386,9.58211080356025,0.410297363043452,30
"7702","BA","Andorinha",14503,13040.84,29008,"Senhor do Bonfim",2,"Nordeste",0,"290135",5,20,12,8,3,17,0,0,0,0,0,20,12,8,3,17,7,9.47584125058386,9.58211080356025,0.409511231369041,31
"7703","BA","Andorinha",14503,13040.84,29008,"Senhor do Bonfim",2,"Nordeste",0,"290135",6,13,5,8,6,7,0,0,0,0,0,13,5,8,6,7,4,9.47584125058386,9.58211080356025,0.391115814613366,30
"7704","BA","Andorinha",14503,13040.84,29008,"Senhor do Bonfim",2,"Nordeste",0,"290135",7,9,2,7,5,4,0,0,0,0,0,9,2,7,5,4,10,9.47584125058386,9.58211080356025,0.409349342866627,29
"7705","BA","Angical",13938,9607.87,29002,"Cotegipe",2,"Nordeste",0,"290140",2,28,9,19,15,13,0,0,0,0,0,28,9,19,15,13,5,9.17033783327694,9.54237420199846,0.291108803110752,29
"7706","BA","Angical",13938,9607.87,29002,"Cotegipe",2,"Nordeste",0,"290140",3,24,5,19,12,12,0,0,0,0,0,24,5,19,12,12,7,9.17033783327694,9.54237420199846,0.360077649325818,31
"7707","BA","Angical",13938,9607.87,29002,"Cotegipe",2,"Nordeste",0,"290140",4,17,4,13,9,8,0,0,0,0,0,17,4,13,9,8,6,9.17033783327694,9.54237420199846,0.375401927663719,30
"7708","BA","Angical",13938,9607.87,29002,"Cotegipe",2,"Nordeste",0,"290140",5,14,4,10,6,8,1,0,0,0,0,15,4,10,6,8,5,9.17033783327694,9.54237420199846,0.408128544833164,31
"7709","BA","Angical",13938,9607.87,29002,"Cotegipe",2,"Nordeste",0,"290140",6,13,4,9,4,9,0,0,0,0,0,13,4,9,4,9,12,9.17033783327694,9.54237420199846,0.387479999912491,30
"7710","BA","Angical",13938,9607.87,29002,"Cotegipe",2,"Nordeste",0,"290140",7,13,3,10,6,7,0,0,0,0,0,13,3,10,6,7,9,9.17033783327694,9.54237420199846,0.436896491273315,29
"7711","BA","Anguera",11297,6672.76,29012,"Feira de Santana",2,"Nordeste",0,"290150",2,12,4,8,7,5,0,0,0,0,0,12,4,8,7,5,7,8.80578884642436,9.33229248272693,0.240108852328303,29
"7712","BA","Anguera",11297,6672.76,29012,"Feira de Santana",2,"Nordeste",0,"290150",3,5,1,4,1,4,0,0,0,0,0,5,1,4,1,4,1,8.80578884642436,9.33229248272693,0.33719577279016,31
"7713","BA","Anguera",11297,6672.76,29012,"Feira de Santana",2,"Nordeste",0,"290150",4,1,0,1,0,1,0,0,0,0,0,1,0,1,0,1,6,8.80578884642436,9.33229248272693,0.409400850385838,30
"7714","BA","Anguera",11297,6672.76,29012,"Feira de Santana",2,"Nordeste",0,"290150",5,4,0,4,1,3,0,0,0,0,0,4,0,4,1,3,5,8.80578884642436,9.33229248272693,0.430061895780899,31
"7715","BA","Anguera",11297,6672.76,29012,"Feira de Santana",2,"Nordeste",0,"290150",6,2,0,2,0,2,0,0,0,0,0,2,0,2,0,2,4,8.80578884642436,9.33229248272693,0.385803040077657,30
"7716","BA","Anguera",11297,6672.76,29012,"Feira de Santana",2,"Nordeste",0,"290150",7,5,0,5,1,4,0,0,0,0,0,5,0,5,1,4,4,8.80578884642436,9.33229248272693,0.420423216425999,29
"7717","BA","Antas",19479,6128.05,29015,"Ribeira do Pombal",2,"Nordeste",0,"290160",2,22,7,15,6,16,0,0,0,0,0,22,7,15,6,16,11,8.72063187065607,9.8770922411766,0.278387130629598,29
"7718","BA","Antas",19479,6128.05,29015,"Ribeira do Pombal",2,"Nordeste",0,"290160",3,18,5,13,8,10,0,0,0,0,0,18,5,13,8,10,10,8.72063187065607,9.8770922411766,0.361904328489003,31
"7719","BA","Antas",19479,6128.05,29015,"Ribeira do Pombal",2,"Nordeste",0,"290160",4,11,3,8,8,3,0,0,0,0,0,11,3,8,8,3,7,8.72063187065607,9.8770922411766,0.400898498634093,30
"7720","BA","Antas",19479,6128.05,29015,"Ribeira do Pombal",2,"Nordeste",0,"290160",5,12,5,7,5,7,0,0,0,0,0,12,5,7,5,7,5,8.72063187065607,9.8770922411766,0.368319874443007,31
"7721","BA","Antas",19479,6128.05,29015,"Ribeira do Pombal",2,"Nordeste",0,"290160",6,16,7,9,8,8,1,0,0,0,0,17,7,9,8,8,12,8.72063187065607,9.8770922411766,0.373262575317894,30
"7722","BA","Antas",19479,6128.05,29015,"Ribeira do Pombal",2,"Nordeste",0,"290160",7,12,3,9,5,7,0,0,0,0,0,12,3,9,5,7,7,8.72063187065607,9.8770922411766,0.447959630349683,29
"7723","BA","Antônio Cardoso",11677,9395.63,29012,"Feira de Santana",2,"Nordeste",0,"290170",2,17,10,7,9,8,0,0,0,0,0,17,10,7,9,8,3,9.14799996654453,9.36537637407572,0.276534815032484,29
"7724","BA","Antônio Cardoso",11677,9395.63,29012,"Feira de Santana",2,"Nordeste",0,"290170",3,21,5,16,9,12,0,0,0,0,0,21,5,16,9,12,8,9.14799996654453,9.36537637407572,0.346589309023374,31
"7725","BA","Antônio Cardoso",11677,9395.63,29012,"Feira de Santana",2,"Nordeste",0,"290170",4,12,5,7,6,6,0,0,0,0,0,12,5,7,6,6,4,9.14799996654453,9.36537637407572,0.370532118145952,30
"7726","BA","Antônio Cardoso",11677,9395.63,29012,"Feira de Santana",2,"Nordeste",0,"290170",5,4,2,2,3,1,1,0,0,0,0,5,2,2,3,1,6,9.14799996654453,9.36537637407572,0.401165114310295,31
"7727","BA","Antônio Cardoso",11677,9395.63,29012,"Feira de Santana",2,"Nordeste",0,"290170",6,14,7,7,6,8,1,0,0,0,0,15,7,7,6,8,7,9.14799996654453,9.36537637407572,0.39403769012725,30
"7728","BA","Antônio Cardoso",11677,9395.63,29012,"Feira de Santana",2,"Nordeste",0,"290170",7,7,2,5,3,4,0,0,0,0,0,7,2,5,3,4,1,9.14799996654453,9.36537637407572,0.432774886012846,29
"7729","BA","Antônio Gonçalves",11878,5916.84,29008,"Senhor do Bonfim",2,"Nordeste",0,"290180",2,27,9,18,12,15,0,0,0,0,0,27,9,18,12,15,8,8.68555780158099,9.38244322857581,0.279208485981154,29
"7730","BA","Antônio Gonçalves",11878,5916.84,29008,"Senhor do Bonfim",2,"Nordeste",0,"290180",3,21,5,16,9,12,0,0,0,0,0,21,5,16,9,12,3,8.68555780158099,9.38244322857581,0.352738894128603,31
"7731","BA","Antônio Gonçalves",11878,5916.84,29008,"Senhor do Bonfim",2,"Nordeste",0,"290180",4,12,4,8,8,4,0,0,0,0,0,12,4,8,8,4,5,8.68555780158099,9.38244322857581,0.419985046544706,30
"7732","BA","Antônio Gonçalves",11878,5916.84,29008,"Senhor do Bonfim",2,"Nordeste",0,"290180",5,11,4,7,8,3,0,0,0,0,0,11,4,7,8,3,13,8.68555780158099,9.38244322857581,0.410012820759279,31
"7733","BA","Antônio Gonçalves",11878,5916.84,29008,"Senhor do Bonfim",2,"Nordeste",0,"290180",6,10,2,8,3,7,0,0,0,0,0,10,2,8,3,7,4,8.68555780158099,9.38244322857581,0.391694619774111,30
"7734","BA","Antônio Gonçalves",11878,5916.84,29008,"Senhor do Bonfim",2,"Nordeste",0,"290180",7,11,3,8,3,8,0,0,0,0,0,11,3,8,3,8,4,8.68555780158099,9.38244322857581,0.459823781057821,29
"7735","BA","Aporá",17788,7112.08,29017,"Alagoinhas",2,"Nordeste",0,"290190",2,14,8,6,7,7,0,0,0,0,0,14,8,6,7,7,7,8.8695500257244,9.78627935163059,0.286875135349958,29
"7736","BA","Aporá",17788,7112.08,29017,"Alagoinhas",2,"Nordeste",0,"290190",3,20,7,13,10,10,0,0,0,0,0,20,7,13,10,10,12,8.8695500257244,9.78627935163059,0.378310262225562,31
"7737","BA","Aporá",17788,7112.08,29017,"Alagoinhas",2,"Nordeste",0,"290190",4,16,11,5,7,9,0,0,0,0,0,16,11,5,7,9,19,8.8695500257244,9.78627935163059,0.41380528803045,30
"7738","BA","Aporá",17788,7112.08,29017,"Alagoinhas",2,"Nordeste",0,"290190",5,8,4,4,0,8,0,0,0,0,0,8,4,4,0,8,16,8.8695500257244,9.78627935163059,0.406729425505926,31
"7739","BA","Aporá",17788,7112.08,29017,"Alagoinhas",2,"Nordeste",0,"290190",6,21,7,14,9,12,0,0,0,0,0,21,7,14,9,12,9,8.8695500257244,9.78627935163059,0.381744862840028,30
"7740","BA","Aporá",17788,7112.08,29017,"Alagoinhas",2,"Nordeste",0,"290190",7,18,8,10,7,11,0,0,0,0,0,18,8,10,7,11,9,8.8695500257244,9.78627935163059,0.412197975365902,29
"7741","BA","Apuarema",7302,9079.59,29024,"Jequié",2,"Nordeste",0,"290195",2,15,6,9,6,9,0,0,0,0,0,15,6,9,6,9,6,9.11378431639084,8.89590356221558,0.274372387960659,29
"7742","BA","Apuarema",7302,9079.59,29024,"Jequié",2,"Nordeste",0,"290195",3,24,8,16,8,16,0,0,0,0,0,24,8,16,8,16,0,9.11378431639084,8.89590356221558,0.388471114866347,31
"7743","BA","Apuarema",7302,9079.59,29024,"Jequié",2,"Nordeste",0,"290195",4,7,1,6,2,5,1,0,0,0,0,8,1,6,2,5,2,9.11378431639084,8.89590356221558,0.419827930537022,30
"7744","BA","Apuarema",7302,9079.59,29024,"Jequié",2,"Nordeste",0,"290195",5,13,7,6,4,9,0,0,0,0,0,13,7,6,4,9,3,9.11378431639084,8.89590356221558,0.402787828957925,31
"7745","BA","Apuarema",7302,9079.59,29024,"Jequié",2,"Nordeste",0,"290195",6,7,1,6,2,5,0,0,0,0,0,7,1,6,2,5,3,9.11378431639084,8.89590356221558,0.419839081029309,30
"7746","BA","Apuarema",7302,9079.59,29024,"Jequié",2,"Nordeste",0,"290195",7,17,6,11,7,10,0,0,0,0,0,17,6,11,7,10,13,9.11378431639084,8.89590356221558,0.509225393978292,29
"7747","BA","Aracatu",13045,8289.5,29027,"Brumado",2,"Nordeste",0,"290200",2,31,13,18,12,19,1,0,0,0,0,32,13,18,12,19,12,9.02274493267952,9.47616019757083,0.30350764451996,29
"7748","BA","Aracatu",13045,8289.5,29027,"Brumado",2,"Nordeste",0,"290200",3,19,7,12,7,12,0,0,0,0,0,19,7,12,7,12,11,9.02274493267952,9.47616019757083,0.385915227981646,31
"7749","BA","Aracatu",13045,8289.5,29027,"Brumado",2,"Nordeste",0,"290200",4,11,2,9,4,7,0,0,0,0,0,11,2,9,4,7,7,9.02274493267952,9.47616019757083,0.383519925901297,30
"7750","BA","Aracatu",13045,8289.5,29027,"Brumado",2,"Nordeste",0,"290200",5,13,4,9,7,6,0,0,0,0,0,13,4,9,7,6,9,9.02274493267952,9.47616019757083,0.397279744062798,31
"7751","BA","Aracatu",13045,8289.5,29027,"Brumado",2,"Nordeste",0,"290200",6,18,8,10,6,12,0,0,0,0,0,18,8,10,6,12,12,9.02274493267952,9.47616019757083,0.400849129849517,30
"7752","BA","Aracatu",13045,8289.5,29027,"Brumado",2,"Nordeste",0,"290200",7,14,3,11,4,10,0,0,0,0,0,14,3,11,4,10,8,9.02274493267952,9.47616019757083,0.406902695715557,29
"7753","BA","Araçás",12208,17243.95,29017,"Alagoinhas",2,"Nordeste",0,"290205",2,13,2,11,8,5,0,0,0,0,0,13,2,11,8,5,5,9.75521663630355,9.40984675352424,0.286917609306679,29
"7754","BA","Araçás",12208,17243.95,29017,"Alagoinhas",2,"Nordeste",0,"290205",3,12,5,7,6,6,0,0,0,0,0,12,5,7,6,6,6,9.75521663630355,9.40984675352424,0.366011747494627,31
"7755","BA","Araçás",12208,17243.95,29017,"Alagoinhas",2,"Nordeste",0,"290205",4,9,2,7,1,8,0,0,0,0,0,9,2,7,1,8,7,9.75521663630355,9.40984675352424,0.400320342237842,30
"7756","BA","Araçás",12208,17243.95,29017,"Alagoinhas",2,"Nordeste",0,"290205",5,11,4,7,5,6,0,0,0,0,0,11,4,7,5,6,5,9.75521663630355,9.40984675352424,0.444627309259291,31
"7757","BA","Araçás",12208,17243.95,29017,"Alagoinhas",2,"Nordeste",0,"290205",6,12,4,8,3,9,0,0,0,0,0,12,4,8,3,9,8,9.75521663630355,9.40984675352424,0.397221081436412,30
"7758","BA","Araçás",12208,17243.95,29017,"Alagoinhas",2,"Nordeste",0,"290205",7,16,6,10,8,8,0,0,0,0,0,16,6,10,8,8,7,9.75521663630355,9.40984675352424,0.42507258464457,29
"7759","BA","Araci",54648,7858.26,29016,"Serrinha",2,"Nordeste",0,"290210",2,75,34,41,44,31,0,0,0,0,0,75,34,41,44,31,23,8.9693204868706,10.9086678964117,0.277208625922936,29
"7760","BA","Araci",54648,7858.26,29016,"Serrinha",2,"Nordeste",0,"290210",3,54,30,24,24,30,2,0,0,0,0,56,30,24,24,30,18,8.9693204868706,10.9086678964117,0.350956620036931,31
"7761","BA","Araci",54648,7858.26,29016,"Serrinha",2,"Nordeste",0,"290210",4,54,27,27,31,23,1,0,0,0,0,55,27,27,31,23,22,8.9693204868706,10.9086678964117,0.396442117743108,30
"7762","BA","Araci",54648,7858.26,29016,"Serrinha",2,"Nordeste",0,"290210",5,51,34,17,26,25,0,0,0,0,0,51,34,17,26,25,23,8.9693204868706,10.9086678964117,0.385739442484866,31
"7763","BA","Araci",54648,7858.26,29016,"Serrinha",2,"Nordeste",0,"290210",6,47,20,27,24,23,3,0,0,0,0,50,20,27,24,23,33,8.9693204868706,10.9086678964117,0.393056150603303,30
"7764","BA","Araci",54648,7858.26,29016,"Serrinha",2,"Nordeste",0,"290210",7,57,35,22,33,24,0,0,0,0,0,57,35,22,33,24,26,8.9693204868706,10.9086678964117,0.413744362100747,29
"7765","BA","Aramari",11461,8079.63,29017,"Alagoinhas",2,"Nordeste",0,"290220",2,14,5,9,7,7,0,0,0,0,0,14,5,9,7,7,6,8.99710135838744,9.3467052464967,0.27408750154004,29
"7766","BA","Aramari",11461,8079.63,29017,"Alagoinhas",2,"Nordeste",0,"290220",3,10,4,6,4,6,0,0,0,0,0,10,4,6,4,6,6,8.99710135838744,9.3467052464967,0.353174137716968,31
"7767","BA","Aramari",11461,8079.63,29017,"Alagoinhas",2,"Nordeste",0,"290220",4,12,4,8,6,6,0,0,0,0,0,12,4,8,6,6,9,8.99710135838744,9.3467052464967,0.381284681966214,30
"7768","BA","Aramari",11461,8079.63,29017,"Alagoinhas",2,"Nordeste",0,"290220",5,9,2,7,3,6,0,0,0,0,0,9,2,7,3,6,4,8.99710135838744,9.3467052464967,0.391840218835872,31
"7769","BA","Aramari",11461,8079.63,29017,"Alagoinhas",2,"Nordeste",0,"290220",6,10,3,7,5,5,0,0,0,0,0,10,3,7,5,5,9,8.99710135838744,9.3467052464967,0.370023659674601,30
"7770","BA","Aramari",11461,8079.63,29017,"Alagoinhas",2,"Nordeste",0,"290220",7,12,4,8,5,7,0,0,0,0,0,12,4,8,5,7,8,8.99710135838744,9.3467052464967,0.414414746915813,29
"7771","BA","Arataca",10961,7368.2,29031,"Ilhéus-Itabuna",2,"Nordeste",0,"290225",2,15,2,13,10,5,1,0,0,0,0,16,2,13,10,5,5,8.90492872197499,9.30209879721572,0.326409424605316,29
"7772","BA","Arataca",10961,7368.2,29031,"Ilhéus-Itabuna",2,"Nordeste",0,"290225",3,23,10,13,10,13,0,0,0,0,0,23,10,13,10,13,8,8.90492872197499,9.30209879721572,0.432130237850687,31
"7773","BA","Arataca",10961,7368.2,29031,"Ilhéus-Itabuna",2,"Nordeste",0,"290225",4,8,2,6,4,4,0,0,0,0,0,8,2,6,4,4,10,8.90492872197499,9.30209879721572,0.443446573080932,30
"7774","BA","Arataca",10961,7368.2,29031,"Ilhéus-Itabuna",2,"Nordeste",0,"290225",5,11,6,5,6,5,0,0,0,0,0,11,6,5,6,5,11,8.90492872197499,9.30209879721572,0.441775213729224,31
"7775","BA","Arataca",10961,7368.2,29031,"Ilhéus-Itabuna",2,"Nordeste",0,"290225",6,10,6,4,6,4,0,0,0,0,0,10,6,4,6,4,6,8.90492872197499,9.30209879721572,0.435913570488731,30
"7776","BA","Arataca",10961,7368.2,29031,"Ilhéus-Itabuna",2,"Nordeste",0,"290225",7,8,0,8,3,5,0,0,0,0,0,8,0,8,3,5,5,8.90492872197499,9.30209879721572,0.498089432745302,29
"7777","BA","Aratuípe",8837,7495.88,29020,"Santo Antônio de Jesus",2,"Nordeste",0,"290230",2,17,8,9,6,11,0,0,0,0,0,17,8,9,6,11,6,8.92210881525223,9.086702731518,0.306637181863589,29
"7778","BA","Aratuípe",8837,7495.88,29020,"Santo Antônio de Jesus",2,"Nordeste",0,"290230",3,10,3,7,8,2,0,0,0,0,0,10,3,7,8,2,2,8.92210881525223,9.086702731518,0.408807640026289,31
"7779","BA","Aratuípe",8837,7495.88,29020,"Santo Antônio de Jesus",2,"Nordeste",0,"290230",4,17,9,8,2,15,0,0,0,0,0,17,9,8,2,15,7,8.92210881525223,9.086702731518,0.454462457935095,30
"7780","BA","Aratuípe",8837,7495.88,29020,"Santo Antônio de Jesus",2,"Nordeste",0,"290230",5,13,5,8,6,7,2,0,0,0,0,15,5,8,6,7,4,8.92210881525223,9.086702731518,0.398989024628809,31
"7781","BA","Aratuípe",8837,7495.88,29020,"Santo Antônio de Jesus",2,"Nordeste",0,"290230",6,17,8,9,6,11,0,0,0,0,0,17,8,9,6,11,3,8.92210881525223,9.086702731518,0.407149006935017,30
"7782","BA","Aratuípe",8837,7495.88,29020,"Santo Antônio de Jesus",2,"Nordeste",0,"290230",7,7,3,4,3,4,0,0,0,0,0,7,3,4,3,4,8,8.92210881525223,9.086702731518,0.467939626390916,29
"7783","BA","Aurelino Leal",11299,9065.39,29031,"Ilhéus-Itabuna",2,"Nordeste",0,"290240",2,21,5,16,8,13,0,0,0,0,0,21,5,16,8,13,2,9.11221914487796,9.33246950520925,0.294112168889526,29
"7784","BA","Aurelino Leal",11299,9065.39,29031,"Ilhéus-Itabuna",2,"Nordeste",0,"290240",3,27,17,10,15,12,0,0,0,0,0,27,17,10,15,12,7,9.11221914487796,9.33246950520925,0.38963388568356,31
"7785","BA","Aurelino Leal",11299,9065.39,29031,"Ilhéus-Itabuna",2,"Nordeste",0,"290240",4,12,5,7,5,7,0,0,0,0,0,12,5,7,5,7,15,9.11221914487796,9.33246950520925,0.420386300996575,30
"7786","BA","Aurelino Leal",11299,9065.39,29031,"Ilhéus-Itabuna",2,"Nordeste",0,"290240",5,11,7,4,9,2,0,0,0,0,0,11,7,4,9,2,4,9.11221914487796,9.33246950520925,0.42697872345204,31
"7787","BA","Aurelino Leal",11299,9065.39,29031,"Ilhéus-Itabuna",2,"Nordeste",0,"290240",6,20,11,9,18,2,2,0,0,0,0,22,11,9,18,2,3,9.11221914487796,9.33246950520925,0.438412379928795,30
"7788","BA","Aurelino Leal",11299,9065.39,29031,"Ilhéus-Itabuna",2,"Nordeste",0,"290240",7,21,6,15,13,8,0,0,0,0,0,21,6,15,13,8,9,9.11221914487796,9.33246950520925,0.467334203468508,29
"7789","BA","Baianópolis",13929,12394.24,29001,"Barreiras",2,"Nordeste",0,"290250",2,25,4,21,11,14,0,0,0,0,0,25,4,21,11,14,5,9.42498712754306,9.54172827668803,0.29866165342792,29
"7790","BA","Baianópolis",13929,12394.24,29001,"Barreiras",2,"Nordeste",0,"290250",3,12,1,11,2,10,0,0,0,0,0,12,1,11,2,10,9,9.42498712754306,9.54172827668803,0.373857599356035,31
"7791","BA","Baianópolis",13929,12394.24,29001,"Barreiras",2,"Nordeste",0,"290250",4,8,4,4,5,3,0,0,0,0,0,8,4,4,5,3,6,9.42498712754306,9.54172827668803,0.398432981562531,30
"7792","BA","Baianópolis",13929,12394.24,29001,"Barreiras",2,"Nordeste",0,"290250",5,8,4,4,5,3,1,0,0,0,0,9,4,4,5,3,7,9.42498712754306,9.54172827668803,0.440844286481086,31
"7793","BA","Baianópolis",13929,12394.24,29001,"Barreiras",2,"Nordeste",0,"290250",6,12,4,8,4,8,0,0,0,0,0,12,4,8,4,8,6,9.42498712754306,9.54172827668803,0.414404144402887,30
"7794","BA","Baianópolis",13929,12394.24,29001,"Barreiras",2,"Nordeste",0,"290250",7,15,4,11,7,8,0,0,0,0,0,15,4,11,7,8,6,9.42498712754306,9.54172827668803,0.436323113493175,29
"7795","BA","Baixa Grande",20449,7778.36,29011,"Itaberaba",2,"Nordeste",0,"290260",2,20,9,11,9,11,0,0,0,0,0,20,9,11,9,11,12,8.95910079803648,9.92568926051981,0.260890156560299,29
"7796","BA","Baixa Grande",20449,7778.36,29011,"Itaberaba",2,"Nordeste",0,"290260",3,16,5,11,6,10,0,0,0,0,0,16,5,11,6,10,7,8.95910079803648,9.92568926051981,0.34719060643312,31
"7797","BA","Baixa Grande",20449,7778.36,29011,"Itaberaba",2,"Nordeste",0,"290260",4,18,3,15,8,10,0,0,0,0,0,18,3,15,8,10,13,8.95910079803648,9.92568926051981,0.390894614168912,30
"7798","BA","Baixa Grande",20449,7778.36,29011,"Itaberaba",2,"Nordeste",0,"290260",5,11,4,7,7,4,1,0,0,0,0,12,4,7,7,4,13,8.95910079803648,9.92568926051981,0.381751221353631,31
"7799","BA","Baixa Grande",20449,7778.36,29011,"Itaberaba",2,"Nordeste",0,"290260",6,16,5,11,6,10,0,0,0,0,0,16,5,11,6,10,22,8.95910079803648,9.92568926051981,0.376616329762383,30
"7800","BA","Baixa Grande",20449,7778.36,29011,"Itaberaba",2,"Nordeste",0,"290260",7,19,9,10,7,12,0,0,0,0,0,19,9,10,7,12,12,8.95910079803648,9.92568926051981,0.400348469196148,29
"7801","BA","Banzaê",13240,7308.28,29015,"Ribeira do Pombal",2,"Nordeste",0,"290265",2,19,5,14,9,10,0,0,0,0,0,19,5,14,9,10,7,8.89676323094017,9.490997829491,0.288351618291111,29
"7802","BA","Banzaê",13240,7308.28,29015,"Ribeira do Pombal",2,"Nordeste",0,"290265",3,18,6,12,7,11,0,0,0,0,0,18,6,12,7,11,9,8.89676323094017,9.490997829491,0.362203976963962,31
"7803","BA","Banzaê",13240,7308.28,29015,"Ribeira do Pombal",2,"Nordeste",0,"290265",4,12,5,7,6,6,0,0,0,0,0,12,5,7,6,6,6,8.89676323094017,9.490997829491,0.431399869972718,30
"7804","BA","Banzaê",13240,7308.28,29015,"Ribeira do Pombal",2,"Nordeste",0,"290265",5,15,4,11,8,7,0,0,0,0,0,15,4,11,8,7,5,8.89676323094017,9.490997829491,0.414430157249905,31
"7805","BA","Banzaê",13240,7308.28,29015,"Ribeira do Pombal",2,"Nordeste",0,"290265",6,12,4,8,9,3,0,0,0,0,0,12,4,8,9,3,8,8.89676323094017,9.490997829491,0.383133979962826,30
"7806","BA","Banzaê",13240,7308.28,29015,"Ribeira do Pombal",2,"Nordeste",0,"290265",7,13,3,10,6,7,0,0,0,0,0,13,3,10,6,7,2,8.89676323094017,9.490997829491,0.427876383154772,29
"7807","BA","Barra",53910,6869.12,29006,"Barra",2,"Nordeste",0,"290270",2,116,51,65,62,54,2,0,0,0,0,118,51,65,62,54,13,8.83479128385311,10.8950712684457,0.251197896625369,29
"7808","BA","Barra",53910,6869.12,29006,"Barra",2,"Nordeste",0,"290270",3,79,29,50,39,40,2,0,0,0,0,81,29,50,39,40,29,8.83479128385311,10.8950712684457,0.321261477492929,31
"7809","BA","Barra",53910,6869.12,29006,"Barra",2,"Nordeste",0,"290270",4,61,18,43,27,34,1,0,0,0,0,62,18,43,27,34,21,8.83479128385311,10.8950712684457,0.365170813860583,30
"7810","BA","Barra",53910,6869.12,29006,"Barra",2,"Nordeste",0,"290270",5,86,28,58,48,38,3,0,0,0,0,89,28,58,48,38,35,8.83479128385311,10.8950712684457,0.356577340305651,31
"7811","BA","Barra",53910,6869.12,29006,"Barra",2,"Nordeste",0,"290270",6,82,29,53,46,36,2,0,0,0,0,84,29,53,46,36,25,8.83479128385311,10.8950712684457,0.328954414686768,30
"7812","BA","Barra",53910,6869.12,29006,"Barra",2,"Nordeste",0,"290270",7,62,27,35,28,34,2,0,0,0,0,64,27,35,28,34,24,8.83479128385311,10.8950712684457,0.375879586812638,29
"7813","BA","Barra da Estiva",20392,12265.58,29023,"Seabra",2,"Nordeste",0,"290280",2,63,23,40,34,29,0,0,0,0,0,63,23,40,34,29,6,9.41455224460833,9.92289794605595,0.271330420310974,29
"7814","BA","Barra da Estiva",20392,12265.58,29023,"Seabra",2,"Nordeste",0,"290280",3,39,15,24,16,23,1,0,0,0,0,40,15,24,16,23,9,9.41455224460833,9.92289794605595,0.341089597266211,31
"7815","BA","Barra da Estiva",20392,12265.58,29023,"Seabra",2,"Nordeste",0,"290280",4,33,13,20,11,22,1,0,0,0,0,34,13,20,11,22,5,9.41455224460833,9.92289794605595,0.366088809257799,30
"7816","BA","Barra da Estiva",20392,12265.58,29023,"Seabra",2,"Nordeste",0,"290280",5,36,11,25,14,22,0,0,0,0,0,36,11,25,14,22,5,9.41455224460833,9.92289794605595,0.359884078650628,31
"7817","BA","Barra da Estiva",20392,12265.58,29023,"Seabra",2,"Nordeste",0,"290280",6,29,8,21,12,17,0,0,0,0,0,29,8,21,12,17,16,9.41455224460833,9.92289794605595,0.348373529724362,30
"7818","BA","Barra da Estiva",20392,12265.58,29023,"Seabra",2,"Nordeste",0,"290280",7,34,9,25,18,16,0,0,0,0,0,34,9,25,18,16,13,9.41455224460833,9.92289794605595,0.395336347893787,29
"7819","BA","Barra do Choça",31209,12464.99,29028,"Vitória da Conquista",2,"Nordeste",0,"290290",2,64,32,32,26,38,1,0,0,0,0,65,32,32,26,38,20,9.43067919371105,10.348461793739,0.280532011244198,29
"7820","BA","Barra do Choça",31209,12464.99,29028,"Vitória da Conquista",2,"Nordeste",0,"290290",3,65,27,38,24,41,1,0,0,0,0,66,27,38,24,41,22,9.43067919371105,10.348461793739,0.357754773590119,31
"7821","BA","Barra do Choça",31209,12464.99,29028,"Vitória da Conquista",2,"Nordeste",0,"290290",4,40,18,22,13,27,1,0,0,0,0,41,18,22,13,27,20,9.43067919371105,10.348461793739,0.38725064464579,30
"7822","BA","Barra do Choça",31209,12464.99,29028,"Vitória da Conquista",2,"Nordeste",0,"290290",5,44,28,16,19,25,0,0,0,0,0,44,28,16,19,25,15,9.43067919371105,10.348461793739,0.374236606860987,31
"7823","BA","Barra do Choça",31209,12464.99,29028,"Vitória da Conquista",2,"Nordeste",0,"290290",6,36,15,21,14,22,1,0,0,0,0,37,15,21,14,22,24,9.43067919371105,10.348461793739,0.353953836790424,30
"7824","BA","Barra do Choça",31209,12464.99,29028,"Vitória da Conquista",2,"Nordeste",0,"290290",7,40,19,21,21,19,1,0,0,0,0,41,19,21,21,19,23,9.43067919371105,10.348461793739,0.403187852119144,29
"7825","BA","Barra do Mendes",13833,6808.47,29009,"Irecê",2,"Nordeste",0,"290300",2,25,6,19,12,13,1,0,0,0,0,26,6,19,12,13,9,8.82592270429804,9.53481232087482,0.31548784341891,29
"7826","BA","Barra do Mendes",13833,6808.47,29009,"Irecê",2,"Nordeste",0,"290300",3,21,5,16,10,11,0,0,0,0,0,21,5,16,10,11,15,8.82592270429804,9.53481232087482,0.412387340262425,31
"7827","BA","Barra do Mendes",13833,6808.47,29009,"Irecê",2,"Nordeste",0,"290300",4,11,4,7,5,6,0,0,0,0,0,11,4,7,5,6,8,8.82592270429804,9.53481232087482,0.455167559915669,30
"7828","BA","Barra do Mendes",13833,6808.47,29009,"Irecê",2,"Nordeste",0,"290300",5,8,0,8,3,5,0,0,0,0,0,8,0,8,3,5,9,8.82592270429804,9.53481232087482,0.412917140513432,31
"7829","BA","Barra do Mendes",13833,6808.47,29009,"Irecê",2,"Nordeste",0,"290300",6,21,4,17,6,15,0,0,0,0,0,21,4,17,6,15,11,8.82592270429804,9.53481232087482,0.406564949457324,30
"7830","BA","Barra do Mendes",13833,6808.47,29009,"Irecê",2,"Nordeste",0,"290300",7,14,4,10,6,8,0,0,0,0,0,14,4,10,6,8,6,8.82592270429804,9.53481232087482,0.461933028492237,29
"7831","BA","Barreiras",156975,30842.2,29001,"Barreiras",2,"Nordeste",1,"290320",2,368,62,306,122,246,2,0,0,0,0,370,62,306,122,246,61,10.3366391610603,11.9638418359823,0.271337065239451,29
"7832","BA","Barreiras",156975,30842.2,29001,"Barreiras",2,"Nordeste",1,"290320",3,325,65,260,109,216,3,0,0,0,0,328,65,260,109,216,61,10.3366391610603,11.9638418359823,0.363845409978472,31
"7833","BA","Barreiras",156975,30842.2,29001,"Barreiras",2,"Nordeste",1,"290320",4,217,54,163,86,131,3,0,0,0,0,220,54,163,86,131,71,10.3366391610603,11.9638418359823,0.376443039368194,30
"7834","BA","Barreiras",156975,30842.2,29001,"Barreiras",2,"Nordeste",1,"290320",5,235,60,175,98,137,3,0,0,0,0,238,60,175,98,137,60,10.3366391610603,11.9638418359823,0.368330557799399,31
"7835","BA","Barreiras",156975,30842.2,29001,"Barreiras",2,"Nordeste",1,"290320",6,213,51,162,77,136,2,0,0,0,0,215,51,162,77,136,67,10.3366391610603,11.9638418359823,0.348262496371324,30
"7836","BA","Barreiras",156975,30842.2,29001,"Barreiras",2,"Nordeste",1,"290320",7,245,60,185,103,142,2,0,0,0,0,247,60,185,103,142,80,10.3366391610603,11.9638418359823,0.390086708286797,29
"7837","BA","Barro Alto",15054,6203.97,29009,"Irecê",2,"Nordeste",0,"290323",2,18,5,13,5,13,0,0,0,0,0,18,5,13,5,13,12,8.7329446886948,9.61939901559448,0.320339275953402,29
"7838","BA","Barro Alto",15054,6203.97,29009,"Irecê",2,"Nordeste",0,"290323",3,16,3,13,5,11,0,0,0,0,0,16,3,13,5,11,10,8.7329446886948,9.61939901559448,0.397819972718056,31
"7839","BA","Barro Alto",15054,6203.97,29009,"Irecê",2,"Nordeste",0,"290323",4,8,1,7,6,2,0,0,0,0,0,8,1,7,6,2,8,8.7329446886948,9.61939901559448,0.411588577580778,30
"7840","BA","Barro Alto",15054,6203.97,29009,"Irecê",2,"Nordeste",0,"290323",5,14,5,9,5,9,0,0,0,0,0,14,5,9,5,9,7,8.7329446886948,9.61939901559448,0.40291971016788,31
"7841","BA","Barro Alto",15054,6203.97,29009,"Irecê",2,"Nordeste",0,"290323",6,6,0,6,2,4,0,0,0,0,0,6,0,6,2,4,8,8.7329446886948,9.61939901559448,0.401245684366746,30
"7842","BA","Barro Alto",15054,6203.97,29009,"Irecê",2,"Nordeste",0,"290323",7,14,4,10,8,6,0,0,0,0,0,14,4,10,8,6,10,8.7329446886948,9.61939901559448,0.416864513089991,29
"7843","BA","Barrocas",16105,15110.2,29016,"Serrinha",2,"Nordeste",0,"290327",2,22,5,17,4,18,0,0,0,0,0,22,5,17,4,18,5,9.62312529144656,9.6868850617653,0.273427564076692,29
"7844","BA","Barrocas",16105,15110.2,29016,"Serrinha",2,"Nordeste",0,"290327",3,28,7,21,5,23,0,0,0,0,0,28,7,21,5,23,8,9.62312529144656,9.6868850617653,0.379615545443846,31
"7845","BA","Barrocas",16105,15110.2,29016,"Serrinha",2,"Nordeste",0,"290327",4,15,6,9,8,7,0,0,0,0,0,15,6,9,8,7,7,9.62312529144656,9.6868850617653,0.391476094126374,30
"7846","BA","Barrocas",16105,15110.2,29016,"Serrinha",2,"Nordeste",0,"290327",5,10,4,6,7,3,0,0,0,0,0,10,4,6,7,3,9,9.62312529144656,9.6868850617653,0.393287222389001,31
"7847","BA","Barrocas",16105,15110.2,29016,"Serrinha",2,"Nordeste",0,"290327",6,16,2,14,4,12,0,0,0,0,0,16,2,14,4,12,7,9.62312529144656,9.6868850617653,0.394557279553553,30
"7848","BA","Barrocas",16105,15110.2,29016,"Serrinha",2,"Nordeste",0,"290327",7,11,2,9,2,9,0,0,0,0,0,11,2,9,2,9,6,9.62312529144656,9.6868850617653,0.413116135524337,29
"7849","BA","Belmonte",23437,12442.31,29031,"Ilhéus-Itabuna",2,"Nordeste",0,"290340",2,52,25,27,30,22,0,0,0,0,0,52,25,27,30,22,13,9.428858040373,10.0620712491519,0.2808771339048,29
"7850","BA","Belmonte",23437,12442.31,29031,"Ilhéus-Itabuna",2,"Nordeste",0,"290340",3,44,21,23,26,18,1,0,0,0,0,45,21,23,26,18,11,9.428858040373,10.0620712491519,0.368746671796556,31
"7851","BA","Belmonte",23437,12442.31,29031,"Ilhéus-Itabuna",2,"Nordeste",0,"290340",4,25,8,17,9,16,0,0,0,0,0,25,8,17,9,16,5,9.428858040373,10.0620712491519,0.387416709429656,30
"7852","BA","Belmonte",23437,12442.31,29031,"Ilhéus-Itabuna",2,"Nordeste",0,"290340",5,20,9,11,15,5,1,0,0,0,0,21,9,11,15,5,20,9.428858040373,10.0620712491519,0.385868745978875,31
"7853","BA","Belmonte",23437,12442.31,29031,"Ilhéus-Itabuna",2,"Nordeste",0,"290340",6,15,5,10,7,8,0,0,0,0,0,15,5,10,7,8,16,9.428858040373,10.0620712491519,0.368670339193486,30
"7854","BA","Belmonte",23437,12442.31,29031,"Ilhéus-Itabuna",2,"Nordeste",0,"290340",7,26,17,9,12,14,0,0,0,0,0,26,17,9,12,14,7,9.428858040373,10.0620712491519,0.391021848553704,29
"7855","BA","Belo Campo",17109,7538.82,29028,"Vitória da Conquista",2,"Nordeste",0,"290350",2,28,8,20,8,20,0,0,0,0,0,28,8,20,8,20,9,8.92782095008107,9.74735991982465,0.268728864299136,29
"7856","BA","Belo Campo",17109,7538.82,29028,"Vitória da Conquista",2,"Nordeste",0,"290350",3,27,10,17,9,18,0,0,0,0,0,27,10,17,9,18,9,8.92782095008107,9.74735991982465,0.351555706386967,31
"7857","BA","Belo Campo",17109,7538.82,29028,"Vitória da Conquista",2,"Nordeste",0,"290350",4,17,8,9,7,10,0,0,0,0,0,17,8,9,7,10,7,8.92782095008107,9.74735991982465,0.369270759928929,30
"7858","BA","Belo Campo",17109,7538.82,29028,"Vitória da Conquista",2,"Nordeste",0,"290350",5,24,12,12,9,15,0,0,0,0,0,24,12,12,9,15,7,8.92782095008107,9.74735991982465,0.397518343814636,31
"7859","BA","Belo Campo",17109,7538.82,29028,"Vitória da Conquista",2,"Nordeste",0,"290350",6,17,6,11,7,10,0,0,0,0,0,17,6,11,7,10,9,8.92782095008107,9.74735991982465,0.369051936406102,30
"7860","BA","Belo Campo",17109,7538.82,29028,"Vitória da Conquista",2,"Nordeste",0,"290350",7,21,12,9,7,14,0,0,0,0,0,21,12,9,7,14,13,8.92782095008107,9.74735991982465,0.40472210747562,29
"7861","BA","Biritinga",15984,7607.76,29016,"Serrinha",2,"Nordeste",0,"290360",2,16,4,12,9,7,0,0,0,0,0,16,4,12,9,7,13,8.93692405798632,9.67934350088833,0.270527965136217,29
"7862","BA","Biritinga",15984,7607.76,29016,"Serrinha",2,"Nordeste",0,"290360",3,22,8,14,6,16,1,0,0,0,0,23,8,14,6,16,7,8.93692405798632,9.67934350088833,0.366437334671048,31
"7863","BA","Biritinga",15984,7607.76,29016,"Serrinha",2,"Nordeste",0,"290360",4,15,8,7,3,12,0,0,0,0,0,15,8,7,3,12,8,8.93692405798632,9.67934350088833,0.376010611036099,30
"7864","BA","Biritinga",15984,7607.76,29016,"Serrinha",2,"Nordeste",0,"290360",5,12,5,7,2,10,0,0,0,0,0,12,5,7,2,10,14,8.93692405798632,9.67934350088833,0.398656507484461,31
"7865","BA","Biritinga",15984,7607.76,29016,"Serrinha",2,"Nordeste",0,"290360",6,18,12,6,9,9,0,0,0,0,0,18,12,6,9,9,14,8.93692405798632,9.67934350088833,0.373167949534255,30
"7866","BA","Biritinga",15984,7607.76,29016,"Serrinha",2,"Nordeste",0,"290360",7,12,8,4,6,6,0,0,0,0,0,12,8,4,6,6,12,8.93692405798632,9.67934350088833,0.415486260224565,29
"7867","BA","Boa Nova",12329,7159.43,29028,"Vitória da Conquista",2,"Nordeste",0,"290370",2,19,5,14,10,9,1,0,0,0,0,20,5,14,10,9,11,8.87618564784718,9.41970948986855,0.30122737953827,29
"7868","BA","Boa Nova",12329,7159.43,29028,"Vitória da Conquista",2,"Nordeste",0,"290370",3,24,2,22,9,15,1,0,0,0,0,25,2,22,9,15,8,8.87618564784718,9.41970948986855,0.38331539306912,31
"7869","BA","Boa Nova",12329,7159.43,29028,"Vitória da Conquista",2,"Nordeste",0,"290370",4,11,4,7,3,8,0,0,0,0,0,11,4,7,3,8,5,8.87618564784718,9.41970948986855,0.41873210209895,30
"7870","BA","Boa Nova",12329,7159.43,29028,"Vitória da Conquista",2,"Nordeste",0,"290370",5,12,4,8,7,5,0,0,0,0,0,12,4,8,7,5,7,8.87618564784718,9.41970948986855,0.391857643261383,31
"7871","BA","Boa Nova",12329,7159.43,29028,"Vitória da Conquista",2,"Nordeste",0,"290370",6,16,6,10,5,11,0,0,0,0,0,16,6,10,5,11,13,8.87618564784718,9.41970948986855,0.392027692693777,30
"7872","BA","Boa Nova",12329,7159.43,29028,"Vitória da Conquista",2,"Nordeste",0,"290370",7,14,7,7,8,6,0,0,0,0,0,14,7,7,8,6,8,8.87618564784718,9.41970948986855,0.436817619493527,29
"7873","BA","Boa Vista do Tupim",18531,6535.89,29011,"Itaberaba",2,"Nordeste",0,"290380",2,37,13,24,16,21,0,0,0,0,0,37,13,24,16,21,10,8.78506380653285,9.82720028436401,0.301318015408711,29
"7874","BA","Boa Vista do Tupim",18531,6535.89,29011,"Itaberaba",2,"Nordeste",0,"290380",3,26,11,15,9,17,0,0,0,0,0,26,11,15,9,17,9,8.78506380653285,9.82720028436401,0.364023684735235,31
"7875","BA","Boa Vista do Tupim",18531,6535.89,29011,"Itaberaba",2,"Nordeste",0,"290380",4,20,3,17,6,14,0,0,0,0,0,20,3,17,6,14,14,8.78506380653285,9.82720028436401,0.399282930666918,30
"7876","BA","Boa Vista do Tupim",18531,6535.89,29011,"Itaberaba",2,"Nordeste",0,"290380",5,16,6,10,9,7,0,0,0,0,0,16,6,10,9,7,10,8.78506380653285,9.82720028436401,0.405279220978067,31
"7877","BA","Boa Vista do Tupim",18531,6535.89,29011,"Itaberaba",2,"Nordeste",0,"290380",6,13,1,12,6,7,0,0,0,0,0,13,1,12,6,7,10,8.78506380653285,9.82720028436401,0.375369717191677,30
"7878","BA","Boa Vista do Tupim",18531,6535.89,29011,"Itaberaba",2,"Nordeste",0,"290380",7,19,5,14,6,13,1,0,0,0,0,20,5,14,6,13,8,8.78506380653285,9.82720028436401,0.432054582138316,29
"7879","BA","Bom Jesus da Lapa",69662,14722.75,29007,"Bom Jesus da Lapa",2,"Nordeste",1,"290390",2,143,34,109,64,79,1,0,0,0,0,144,34,109,64,79,23,9.59714919548624,11.1514102543893,0.281459839280477,29
"7880","BA","Bom Jesus da Lapa",69662,14722.75,29007,"Bom Jesus da Lapa",2,"Nordeste",1,"290390",3,124,24,100,49,75,2,0,0,0,0,126,24,100,49,75,36,9.59714919548624,11.1514102543893,0.364629963841676,31
"7881","BA","Bom Jesus da Lapa",69662,14722.75,29007,"Bom Jesus da Lapa",2,"Nordeste",1,"290390",4,67,20,47,27,40,1,0,0,0,0,68,20,47,27,40,28,9.59714919548624,11.1514102543893,0.382248938245469,30
"7882","BA","Bom Jesus da Lapa",69662,14722.75,29007,"Bom Jesus da Lapa",2,"Nordeste",1,"290390",5,63,11,52,24,39,1,0,0,0,0,64,11,52,24,39,45,9.59714919548624,11.1514102543893,0.391036686643544,31
"7883","BA","Bom Jesus da Lapa",69662,14722.75,29007,"Bom Jesus da Lapa",2,"Nordeste",1,"290390",6,67,14,53,34,33,2,0,0,0,0,69,14,53,34,33,31,9.59714919548624,11.1514102543893,0.376849513053598,30
"7884","BA","Bom Jesus da Lapa",69662,14722.75,29007,"Bom Jesus da Lapa",2,"Nordeste",1,"290390",7,69,28,41,29,40,1,0,0,0,0,70,28,41,29,40,36,9.59714919548624,11.1514102543893,0.386184885499562,29
"7885","BA","Boninal",14446,6762.67,29023,"Seabra",2,"Nordeste",0,"290400",2,30,6,24,15,15,0,0,0,0,0,30,6,24,15,15,7,8.81917306147093,9.57817283861079,0.294298854487659,29
"7886","BA","Boninal",14446,6762.67,29023,"Seabra",2,"Nordeste",0,"290400",3,12,0,12,1,11,0,0,0,0,0,12,0,12,1,11,13,8.81917306147093,9.57817283861079,0.382089846214449,31
"7887","BA","Boninal",14446,6762.67,29023,"Seabra",2,"Nordeste",0,"290400",4,15,1,14,10,5,0,0,0,0,0,15,1,14,10,5,8,8.81917306147093,9.57817283861079,0.423281722115779,30
"7888","BA","Boninal",14446,6762.67,29023,"Seabra",2,"Nordeste",0,"290400",5,10,1,9,5,5,0,0,0,0,0,10,1,9,5,5,8,8.81917306147093,9.57817283861079,0.406689049140647,31
"7889","BA","Boninal",14446,6762.67,29023,"Seabra",2,"Nordeste",0,"290400",6,12,1,11,5,7,0,0,0,0,0,12,1,11,5,7,10,8.81917306147093,9.57817283861079,0.38779098367244,30
"7890","BA","Boninal",14446,6762.67,29023,"Seabra",2,"Nordeste",0,"290400",7,15,7,8,5,10,0,0,0,0,0,15,7,8,5,10,12,8.81917306147093,9.57817283861079,0.423720908725363,29
"7891","BA","Bonito",16884,9927.66,29023,"Seabra",2,"Nordeste",0,"290405",2,33,12,21,17,16,0,0,0,0,0,33,12,21,17,16,6,9.20308007972267,9.73412170690239,0.281606602709132,29
"7892","BA","Bonito",16884,9927.66,29023,"Seabra",2,"Nordeste",0,"290405",3,25,9,16,11,14,0,0,0,0,0,25,9,16,11,14,3,9.20308007972267,9.73412170690239,0.365041279277475,31
"7893","BA","Bonito",16884,9927.66,29023,"Seabra",2,"Nordeste",0,"290405",4,17,6,11,12,5,0,0,0,0,0,17,6,11,12,5,7,9.20308007972267,9.73412170690239,0.381961760190573,30
"7894","BA","Bonito",16884,9927.66,29023,"Seabra",2,"Nordeste",0,"290405",5,20,11,9,10,10,1,0,0,0,0,21,11,9,10,10,4,9.20308007972267,9.73412170690239,0.375547745715553,31
"7895","BA","Bonito",16884,9927.66,29023,"Seabra",2,"Nordeste",0,"290405",6,13,4,9,8,5,0,0,0,0,0,13,4,9,8,5,5,9.20308007972267,9.73412170690239,0.362527558634665,30
"7896","BA","Bonito",16884,9927.66,29023,"Seabra",2,"Nordeste",0,"290405",7,15,4,11,9,6,0,0,0,0,0,15,4,11,9,6,5,9.20308007972267,9.73412170690239,0.439474572851659,29
"7897","BA","Boquira",21497,6955.07,29022,"Boquira",2,"Nordeste",0,"290410",2,34,4,30,12,22,0,0,0,0,0,34,4,30,12,22,11,8.84722616900855,9.97566866949614,0.259379608193099,29
"7898","BA","Boquira",21497,6955.07,29022,"Boquira",2,"Nordeste",0,"290410",3,37,8,29,14,23,0,0,0,0,0,37,8,29,14,23,11,8.84722616900855,9.97566866949614,0.312677735146168,31
"7899","BA","Boquira",21497,6955.07,29022,"Boquira",2,"Nordeste",0,"290410",4,16,4,12,6,10,0,0,0,0,0,16,4,12,6,10,14,8.84722616900855,9.97566866949614,0.349513105501302,30
"7900","BA","Boquira",21497,6955.07,29022,"Boquira",2,"Nordeste",0,"290410",5,19,3,16,4,15,0,0,0,0,0,19,3,16,4,15,16,8.84722616900855,9.97566866949614,0.413214926992466,31
"7901","BA","Boquira",21497,6955.07,29022,"Boquira",2,"Nordeste",0,"290410",6,30,9,21,11,19,0,0,0,0,0,30,9,21,11,19,15,8.84722616900855,9.97566866949614,0.354750990422627,30
"7902","BA","Boquira",21497,6955.07,29022,"Boquira",2,"Nordeste",0,"290410",7,20,3,17,12,8,1,0,0,0,0,21,3,17,12,8,14,8.84722616900855,9.97566866949614,0.39045565760206,29
"7903","BA","Botuporã",10129,8804.57,29022,"Boquira",2,"Nordeste",0,"290420",2,17,4,13,9,8,0,0,0,0,0,17,4,13,9,8,2,9.0830261838491,9.2231578756868,0.271827358775654,29
"7904","BA","Botuporã",10129,8804.57,29022,"Boquira",2,"Nordeste",0,"290420",3,20,3,17,11,9,0,0,0,0,0,20,3,17,11,9,8,9.0830261838491,9.2231578756868,0.361365935248563,31
"7905","BA","Botuporã",10129,8804.57,29022,"Boquira",2,"Nordeste",0,"290420",4,12,2,10,3,9,0,0,0,0,0,12,2,10,3,9,1,9.0830261838491,9.2231578756868,0.411701045586107,30
"7906","BA","Botuporã",10129,8804.57,29022,"Boquira",2,"Nordeste",0,"290420",5,10,2,8,3,7,0,0,0,0,0,10,2,8,3,7,8,9.0830261838491,9.2231578756868,0.387350459186567,31
"7907","BA","Botuporã",10129,8804.57,29022,"Boquira",2,"Nordeste",0,"290420",6,14,2,12,5,9,0,0,0,0,0,14,2,12,5,9,4,9.0830261838491,9.2231578756868,0.338494884175195,30
"7908","BA","Botuporã",10129,8804.57,29022,"Boquira",2,"Nordeste",0,"290420",7,10,1,9,4,6,0,0,0,0,0,10,1,9,4,6,2,9.0830261838491,9.2231578756868,0.396663854132389,29
"7909","BA","Brejões",14222,8389.63,29024,"Jequié",2,"Nordeste",0,"290430",2,20,6,14,8,12,0,0,0,0,0,20,6,14,8,12,7,9.03475169836962,9.56254534044346,0.271222134661711,29
"7910","BA","Brejões",14222,8389.63,29024,"Jequié",2,"Nordeste",0,"290430",3,15,8,7,8,7,0,0,0,0,0,15,8,7,8,7,9,9.03475169836962,9.56254534044346,0.349509122586163,31
"7911","BA","Brejões",14222,8389.63,29024,"Jequié",2,"Nordeste",0,"290430",4,19,6,13,10,9,0,0,0,0,0,19,6,13,10,9,9,9.03475169836962,9.56254534044346,0.350100976879332,30
"7912","BA","Brejões",14222,8389.63,29024,"Jequié",2,"Nordeste",0,"290430",5,18,3,15,7,11,1,0,0,0,0,19,3,15,7,11,4,9.03475169836962,9.56254534044346,0.384639374681924,31
"7913","BA","Brejões",14222,8389.63,29024,"Jequié",2,"Nordeste",0,"290430",6,12,5,7,4,8,0,0,0,0,0,12,5,7,4,8,10,9.03475169836962,9.56254534044346,0.384119217201713,30
"7914","BA","Brejões",14222,8389.63,29024,"Jequié",2,"Nordeste",0,"290430",7,7,2,5,3,4,1,0,0,0,0,8,2,5,3,4,10,9.03475169836962,9.56254534044346,0.420279541167979,29
"7915","BA","Brotas de Macaúbas",10130,7774.65,29022,"Boquira",2,"Nordeste",0,"290450",2,21,9,12,7,14,1,0,0,0,0,22,9,12,7,14,9,8.95862371995701,9.22325659724273,0.274993822298944,29
"7916","BA","Brotas de Macaúbas",10130,7774.65,29022,"Boquira",2,"Nordeste",0,"290450",3,15,6,9,3,12,0,0,0,0,0,15,6,9,3,12,9,8.95862371995701,9.22325659724273,0.355115109588407,31
"7917","BA","Brotas de Macaúbas",10130,7774.65,29022,"Boquira",2,"Nordeste",0,"290450",4,12,5,7,6,6,0,0,0,0,0,12,5,7,6,6,9,8.95862371995701,9.22325659724273,0.390320242103129,30
"7918","BA","Brotas de Macaúbas",10130,7774.65,29022,"Boquira",2,"Nordeste",0,"290450",5,8,3,5,3,5,0,0,0,0,0,8,3,5,3,5,4,8.95862371995701,9.22325659724273,0.415946461055026,31
"7919","BA","Brotas de Macaúbas",10130,7774.65,29022,"Boquira",2,"Nordeste",0,"290450",6,14,6,8,8,6,0,0,0,0,0,14,6,8,8,6,10,8.95862371995701,9.22325659724273,0.403312907994665,30
"7920","BA","Brotas de Macaúbas",10130,7774.65,29022,"Boquira",2,"Nordeste",0,"290450",7,7,1,6,2,5,0,0,0,0,0,7,1,6,2,5,9,8.95862371995701,9.22325659724273,0.469691056360099,29
"7921","BA","Brumado",67335,26374.82,29027,"Brumado",2,"Nordeste",1,"290460",2,119,31,88,43,76,0,0,0,0,0,119,31,88,43,76,31,10.1801650461105,11.1174354398841,0.277342200314637,29
"7922","BA","Brumado",67335,26374.82,29027,"Brumado",2,"Nordeste",1,"290460",3,105,20,85,36,69,0,0,0,0,0,105,20,85,36,69,37,10.1801650461105,11.1174354398841,0.362871784752265,31
"7923","BA","Brumado",67335,26374.82,29027,"Brumado",2,"Nordeste",1,"290460",4,60,10,50,24,36,2,0,0,0,0,62,10,50,24,36,39,10.1801650461105,11.1174354398841,0.40426883216651,30
"7924","BA","Brumado",67335,26374.82,29027,"Brumado",2,"Nordeste",1,"290460",5,86,25,61,26,60,3,0,0,0,0,89,25,61,26,60,40,10.1801650461105,11.1174354398841,0.360524144965493,31
"7925","BA","Brumado",67335,26374.82,29027,"Brumado",2,"Nordeste",1,"290460",6,79,13,66,24,55,2,0,0,0,0,81,13,66,24,55,34,10.1801650461105,11.1174354398841,0.359502588652967,30
"7926","BA","Brumado",67335,26374.82,29027,"Brumado",2,"Nordeste",1,"290460",7,59,19,40,25,34,2,0,0,0,0,61,19,40,25,34,31,10.1801650461105,11.1174354398841,0.3807039747012,29
"7927","BA","Buerarema",18306,10451.86,29031,"Ilhéus-Itabuna",2,"Nordeste",0,"290470",2,35,12,23,16,19,0,0,0,0,0,35,12,23,16,19,5,9.25453523198516,9.81498415394472,0.295729513826377,29
"7928","BA","Buerarema",18306,10451.86,29031,"Ilhéus-Itabuna",2,"Nordeste",0,"290470",3,34,16,18,13,21,1,0,0,0,0,35,16,18,13,21,14,9.25453523198516,9.81498415394472,0.380232659061112,31
"7929","BA","Buerarema",18306,10451.86,29031,"Ilhéus-Itabuna",2,"Nordeste",0,"290470",4,21,7,14,11,10,1,0,0,0,0,22,7,14,11,10,15,9.25453523198516,9.81498415394472,0.403677005233127,30
"7930","BA","Buerarema",18306,10451.86,29031,"Ilhéus-Itabuna",2,"Nordeste",0,"290470",5,26,13,13,11,15,0,0,0,0,0,26,13,13,11,15,18,9.25453523198516,9.81498415394472,0.414732160245445,31
"7931","BA","Buerarema",18306,10451.86,29031,"Ilhéus-Itabuna",2,"Nordeste",0,"290470",6,11,3,8,4,7,0,0,0,0,0,11,3,8,4,7,16,9.25453523198516,9.81498415394472,0.396096045585819,30
"7932","BA","Buerarema",18306,10451.86,29031,"Ilhéus-Itabuna",2,"Nordeste",0,"290470",7,26,14,12,14,12,0,0,0,0,0,26,14,12,14,12,20,9.25453523198516,9.81498415394472,0.422730173247679,29
"7933","BA","Buritirama",21276,6088.01,29006,"Barra",2,"Nordeste",0,"290475",2,32,8,24,16,16,1,0,0,0,0,33,8,24,16,16,6,8.71407654211573,9.96533495586221,0.256807994810763,29
"7934","BA","Buritirama",21276,6088.01,29006,"Barra",2,"Nordeste",0,"290475",3,24,8,16,10,14,0,0,0,0,0,24,8,16,10,14,13,8.71407654211573,9.96533495586221,0.341527799372364,31
"7935","BA","Buritirama",21276,6088.01,29006,"Barra",2,"Nordeste",0,"290475",4,24,11,13,10,14,0,0,0,0,0,24,11,13,10,14,9,8.71407654211573,9.96533495586221,0.384836459039732,30
"7936","BA","Buritirama",21276,6088.01,29006,"Barra",2,"Nordeste",0,"290475",5,29,12,17,16,13,0,0,0,0,0,29,12,17,16,13,8,8.71407654211573,9.96533495586221,0.397830221463928,31
"7937","BA","Buritirama",21276,6088.01,29006,"Barra",2,"Nordeste",0,"290475",6,32,13,19,13,19,0,0,0,0,0,32,13,19,13,19,9,8.71407654211573,9.96533495586221,0.388069947497914,30
"7938","BA","Buritirama",21276,6088.01,29006,"Barra",2,"Nordeste",0,"290475",7,25,7,18,15,10,1,0,0,0,0,26,7,18,15,10,9,8.71407654211573,9.96533495586221,0.404450954624992,29
"7939","BA","Caatiba",6488,9258.96,29028,"Vitória da Conquista",2,"Nordeste",0,"290480",2,3,2,1,0,3,0,0,0,0,0,3,2,1,0,3,2,9.13334701031775,8.77770959579525,0.324627720331428,29
"7940","BA","Caatiba",6488,9258.96,29028,"Vitória da Conquista",2,"Nordeste",0,"290480",3,9,5,4,5,4,0,0,0,0,0,9,5,4,5,4,1,9.13334701031775,8.77770959579525,0.397068760236426,31
"7941","BA","Caatiba",6488,9258.96,29028,"Vitória da Conquista",2,"Nordeste",0,"290480",4,4,1,3,1,3,0,0,0,0,0,4,1,3,1,3,3,9.13334701031775,8.77770959579525,0.408201876862388,30
"7942","BA","Caatiba",6488,9258.96,29028,"Vitória da Conquista",2,"Nordeste",0,"290480",5,2,1,1,1,1,1,0,0,0,0,3,1,1,1,1,4,9.13334701031775,8.77770959579525,0.408107774661812,31
"7943","BA","Caatiba",6488,9258.96,29028,"Vitória da Conquista",2,"Nordeste",0,"290480",6,6,4,2,3,3,0,0,0,0,0,6,4,2,3,3,6,9.13334701031775,8.77770959579525,0.417437863185744,30
"7944","BA","Caatiba",6488,9258.96,29028,"Vitória da Conquista",2,"Nordeste",0,"290480",7,4,3,1,1,3,1,0,0,0,0,5,3,1,1,3,7,9.13334701031775,8.77770959579525,0.471942369759153,29
"7945","BA","Cabaceiras do Paraguaçu",18911,6327.48,29020,"Santo Antônio de Jesus",2,"Nordeste",0,"290485",2,28,6,22,14,14,0,0,0,0,0,28,6,22,14,14,11,8.75265733160828,9.84749904232727,0.288922281591302,29
"7946","BA","Cabaceiras do Paraguaçu",18911,6327.48,29020,"Santo Antônio de Jesus",2,"Nordeste",0,"290485",3,30,11,19,13,17,0,0,0,0,0,30,11,19,13,17,7,8.75265733160828,9.84749904232727,0.374862086102893,31
"7947","BA","Cabaceiras do Paraguaçu",18911,6327.48,29020,"Santo Antônio de Jesus",2,"Nordeste",0,"290485",4,24,6,18,15,9,1,0,0,0,0,25,6,18,15,9,4,8.75265733160828,9.84749904232727,0.419834670932475,30
"7948","BA","Cabaceiras do Paraguaçu",18911,6327.48,29020,"Santo Antônio de Jesus",2,"Nordeste",0,"290485",5,17,6,11,10,7,0,0,0,0,0,17,6,11,10,7,9,8.75265733160828,9.84749904232727,0.433818886321308,31
"7949","BA","Cabaceiras do Paraguaçu",18911,6327.48,29020,"Santo Antônio de Jesus",2,"Nordeste",0,"290485",6,19,7,12,10,9,0,0,0,0,0,19,7,12,10,9,7,8.75265733160828,9.84749904232727,0.409806516929399,30
"7950","BA","Cabaceiras do Paraguaçu",18911,6327.48,29020,"Santo Antônio de Jesus",2,"Nordeste",0,"290485",7,22,6,16,7,15,0,0,0,0,0,22,6,16,7,15,22,8.75265733160828,9.84749904232727,0.431140829990618,29
"7951","BA","Cachoeira",33567,13985.81,29020,"Santo Antônio de Jesus",2,"Nordeste",1,"290490",2,38,11,27,14,24,0,0,0,0,0,38,11,27,14,24,17,9.54579852315795,10.4212987204758,0.313537425302667,29
"7952","BA","Cachoeira",33567,13985.81,29020,"Santo Antônio de Jesus",2,"Nordeste",1,"290490",3,39,10,29,19,20,1,0,0,0,0,40,10,29,19,20,15,9.54579852315795,10.4212987204758,0.418889147265727,31
"7953","BA","Cachoeira",33567,13985.81,29020,"Santo Antônio de Jesus",2,"Nordeste",1,"290490",4,24,9,15,9,15,0,0,0,0,0,24,9,15,9,15,19,9.54579852315795,10.4212987204758,0.482154976611625,30
"7954","BA","Cachoeira",33567,13985.81,29020,"Santo Antônio de Jesus",2,"Nordeste",1,"290490",5,25,3,22,15,10,1,0,0,0,0,26,3,22,15,10,16,9.54579852315795,10.4212987204758,0.462184589497555,31
"7955","BA","Cachoeira",33567,13985.81,29020,"Santo Antônio de Jesus",2,"Nordeste",1,"290490",6,28,8,20,12,16,2,0,0,0,0,30,8,20,12,16,23,9.54579852315795,10.4212987204758,0.431835994048461,30
"7956","BA","Cachoeira",33567,13985.81,29020,"Santo Antônio de Jesus",2,"Nordeste",1,"290490",7,29,7,22,13,16,0,0,0,0,0,29,7,22,13,16,22,9.54579852315795,10.4212987204758,0.48662525951546,29
"7957","BA","Caculé",23291,11872.73,29026,"Guanambi",2,"Nordeste",0,"290500",2,17,3,14,6,11,0,0,0,0,0,17,3,14,6,11,8,9.38199945273511,10.0558222988394,0.261832360590223,29
"7958","BA","Caculé",23291,11872.73,29026,"Guanambi",2,"Nordeste",0,"290500",3,38,8,30,8,30,1,0,0,0,0,39,8,30,8,30,18,9.38199945273511,10.0558222988394,0.346455610626445,31
"7959","BA","Caculé",23291,11872.73,29026,"Guanambi",2,"Nordeste",0,"290500",4,19,1,18,7,12,0,0,0,0,0,19,1,18,7,12,12,9.38199945273511,10.0558222988394,0.346941626700517,30
"7960","BA","Caculé",23291,11872.73,29026,"Guanambi",2,"Nordeste",0,"290500",5,22,6,16,11,11,0,0,0,0,0,22,6,16,11,11,17,9.38199945273511,10.0558222988394,0.341878059466551,31
"7961","BA","Caculé",23291,11872.73,29026,"Guanambi",2,"Nordeste",0,"290500",6,32,8,24,11,21,0,0,0,0,0,32,8,24,11,21,8,9.38199945273511,10.0558222988394,0.330262176066868,30
"7962","BA","Caculé",23291,11872.73,29026,"Guanambi",2,"Nordeste",0,"290500",7,28,7,21,10,18,0,0,0,0,0,28,7,21,10,18,16,9.38199945273511,10.0558222988394,0.358498187969564,29
"7963","BA","Caém",9058,7887.38,29010,"Jacobina",2,"Nordeste",0,"290510",2,24,9,15,14,10,0,0,0,0,0,24,9,15,14,10,5,8.97301929278762,9.11140362411616,0.312868011023861,29
"7964","BA","Caém",9058,7887.38,29010,"Jacobina",2,"Nordeste",0,"290510",3,9,4,5,6,3,0,0,0,0,0,9,4,5,6,3,4,8.97301929278762,9.11140362411616,0.405626451026344,31
"7965","BA","Caém",9058,7887.38,29010,"Jacobina",2,"Nordeste",0,"290510",4,9,3,6,4,5,0,0,0,0,0,9,3,6,4,5,0,8.97301929278762,9.11140362411616,0.420886407165435,30
"7966","BA","Caém",9058,7887.38,29010,"Jacobina",2,"Nordeste",0,"290510",5,9,4,5,7,2,0,0,0,0,0,9,4,5,7,2,10,8.97301929278762,9.11140362411616,0.452385992728575,31
"7967","BA","Caém",9058,7887.38,29010,"Jacobina",2,"Nordeste",0,"290510",6,9,5,4,4,5,0,0,0,0,0,9,5,4,4,5,5,8.97301929278762,9.11140362411616,0.428835564061357,30
"7968","BA","Caém",9058,7887.38,29010,"Jacobina",2,"Nordeste",0,"290510",7,10,4,6,5,5,0,0,0,0,0,10,4,6,5,5,7,8.97301929278762,9.11140362411616,0.483343773712907,29
"7969","BA","Caetanos",14608,5601.55,29028,"Vitória da Conquista",2,"Nordeste",0,"290515",2,19,5,14,8,11,0,0,0,0,0,19,5,14,8,11,3,8.63079862413943,9.58932460283475,0.331785652854209,29
"7970","BA","Caetanos",14608,5601.55,29028,"Vitória da Conquista",2,"Nordeste",0,"290515",3,16,5,11,8,8,1,0,0,0,0,17,5,11,8,8,8,8.63079862413943,9.58932460283475,0.446599056767317,31
"7971","BA","Caetanos",14608,5601.55,29028,"Vitória da Conquista",2,"Nordeste",0,"290515",4,13,2,11,6,7,0,0,0,0,0,13,2,11,6,7,4,8.63079862413943,9.58932460283475,0.458341504320327,30
"7972","BA","Caetanos",14608,5601.55,29028,"Vitória da Conquista",2,"Nordeste",0,"290515",5,6,1,5,2,4,1,0,0,0,0,7,1,5,2,4,7,8.63079862413943,9.58932460283475,0.439476406311661,31
"7973","BA","Caetanos",14608,5601.55,29028,"Vitória da Conquista",2,"Nordeste",0,"290515",6,12,2,10,7,5,0,0,0,0,0,12,2,10,7,5,5,8.63079862413943,9.58932460283475,0.412337902107023,30
"7974","BA","Caetanos",14608,5601.55,29028,"Vitória da Conquista",2,"Nordeste",0,"290515",7,8,2,6,4,4,0,0,0,0,0,8,2,6,4,4,8,8.63079862413943,9.58932460283475,0.466279752279123,29
"7975","BA","Caetité",51081,16855.69,29026,"Guanambi",2,"Nordeste",0,"290520",2,81,23,58,22,59,2,0,0,0,0,83,23,58,22,59,14,9.73244356423755,10.8411678870888,0.278895764216381,29
"7976","BA","Caetité",51081,16855.69,29026,"Guanambi",2,"Nordeste",0,"290520",3,69,19,50,20,49,0,0,0,0,0,69,19,50,20,49,39,9.73244356423755,10.8411678870888,0.360157859405376,31
"7977","BA","Caetité",51081,16855.69,29026,"Guanambi",2,"Nordeste",0,"290520",4,43,18,25,18,25,0,0,0,0,0,43,18,25,18,25,14,9.73244356423755,10.8411678870888,0.399131625294157,30
"7978","BA","Caetité",51081,16855.69,29026,"Guanambi",2,"Nordeste",0,"290520",5,55,22,33,22,33,1,0,0,0,0,56,22,33,22,33,21,9.73244356423755,10.8411678870888,0.394114447968204,31
"7979","BA","Caetité",51081,16855.69,29026,"Guanambi",2,"Nordeste",0,"290520",6,54,20,34,21,33,1,0,0,0,0,55,20,34,21,33,25,9.73244356423755,10.8411678870888,0.36819974935891,30
"7980","BA","Caetité",51081,16855.69,29026,"Guanambi",2,"Nordeste",0,"290520",7,59,16,43,22,37,1,0,0,0,0,60,16,43,22,37,26,9.73244356423755,10.8411678870888,0.386426195763861,29
"7981","BA","Cafarnaum",18513,8771.14,29009,"Irecê",2,"Nordeste",0,"290530",2,37,16,21,16,21,0,0,0,0,0,37,16,21,16,21,5,9.07922206551593,9.82622846698918,0.271324508258803,29
"7982","BA","Cafarnaum",18513,8771.14,29009,"Irecê",2,"Nordeste",0,"290530",3,37,10,27,14,23,0,0,0,0,0,37,10,27,14,23,11,9.07922206551593,9.82622846698918,0.337202319384518,31
"7983","BA","Cafarnaum",18513,8771.14,29009,"Irecê",2,"Nordeste",0,"290530",4,27,10,17,13,14,0,0,0,0,0,27,10,17,13,14,11,9.07922206551593,9.82622846698918,0.381839488963945,30
"7984","BA","Cafarnaum",18513,8771.14,29009,"Irecê",2,"Nordeste",0,"290530",5,27,14,13,15,12,1,0,0,0,0,28,14,13,15,12,13,9.07922206551593,9.82622846698918,0.370551015792953,31
"7985","BA","Cafarnaum",18513,8771.14,29009,"Irecê",2,"Nordeste",0,"290530",6,27,14,13,15,12,0,0,0,0,0,27,14,13,15,12,11,9.07922206551593,9.82622846698918,0.363688316000685,30
"7986","BA","Cafarnaum",18513,8771.14,29009,"Irecê",2,"Nordeste",0,"290530",7,13,4,9,9,4,0,0,0,0,0,13,4,9,9,4,12,9.07922206551593,9.82622846698918,0.411142248723029,29
"7987","BA","Cairu",18427,63029.19,29030,"Valença",2,"Nordeste",0,"290540",2,40,13,27,18,22,1,0,0,0,0,41,13,27,18,22,9,11.0513532314013,9.82157225933486,0.275771349522312,29
"7988","BA","Cairu",18427,63029.19,29030,"Valença",2,"Nordeste",0,"290540",3,19,4,15,10,9,0,0,0,0,0,19,4,15,10,9,9,11.0513532314013,9.82157225933486,0.393654732060189,31
"7989","BA","Cairu",18427,63029.19,29030,"Valença",2,"Nordeste",0,"290540",4,9,2,7,2,7,0,0,0,0,0,9,2,7,2,7,10,11.0513532314013,9.82157225933486,0.48219071048971,30
"7990","BA","Cairu",18427,63029.19,29030,"Valença",2,"Nordeste",0,"290540",5,19,7,12,5,14,0,0,0,0,0,19,7,12,5,14,3,11.0513532314013,9.82157225933486,0.495797177202134,31
"7991","BA","Cairu",18427,63029.19,29030,"Valença",2,"Nordeste",0,"290540",6,21,8,13,13,8,1,0,0,0,0,22,8,13,13,8,8,11.0513532314013,9.82157225933486,0.466680389117995,30
"7992","BA","Cairu",18427,63029.19,29030,"Valença",2,"Nordeste",0,"290540",7,10,5,5,2,8,0,0,0,0,0,10,5,5,2,8,3,11.0513532314013,9.82157225933486,0.488290279788104,29
"7993","BA","Caldeirão Grande",13391,6868.07,29010,"Jacobina",2,"Nordeste",0,"290550",2,29,7,22,11,18,0,0,0,0,0,29,7,22,11,18,8,8.83463841416112,9.50233811849557,0.28212759583669,29
"7994","BA","Caldeirão Grande",13391,6868.07,29010,"Jacobina",2,"Nordeste",0,"290550",3,22,13,9,10,12,0,0,0,0,0,22,13,9,10,12,5,8.83463841416112,9.50233811849557,0.34121014991843,31
"7995","BA","Caldeirão Grande",13391,6868.07,29010,"Jacobina",2,"Nordeste",0,"290550",4,13,6,7,6,7,0,0,0,0,0,13,6,7,6,7,3,8.83463841416112,9.50233811849557,0.399315454222084,30
"7996","BA","Caldeirão Grande",13391,6868.07,29010,"Jacobina",2,"Nordeste",0,"290550",5,9,4,5,3,6,0,0,0,0,0,9,4,5,3,6,13,8.83463841416112,9.50233811849557,0.425895274339408,31
"7997","BA","Caldeirão Grande",13391,6868.07,29010,"Jacobina",2,"Nordeste",0,"290550",6,13,0,13,5,8,0,0,0,0,0,13,0,13,5,8,9,8.83463841416112,9.50233811849557,0.408148772993398,30
"7998","BA","Caldeirão Grande",13391,6868.07,29010,"Jacobina",2,"Nordeste",0,"290550",7,19,5,14,9,10,0,0,0,0,0,19,5,14,9,10,8,8.83463841416112,9.50233811849557,0.444103735933911,29
"7999","BA","Camacan",32006,8835.59,29031,"Ilhéus-Itabuna",2,"Nordeste",0,"290560",2,52,24,28,30,22,1,0,0,0,0,53,24,28,30,22,7,9.08654316237698,10.3736786642059,0.293283343864581,29
"8000","BA","Camacan",32006,8835.59,29031,"Ilhéus-Itabuna",2,"Nordeste",0,"290560",3,60,22,38,21,39,1,0,0,0,0,61,22,38,21,39,16,9.08654316237698,10.3736786642059,0.383195737399735,31
"8001","BA","Camacan",32006,8835.59,29031,"Ilhéus-Itabuna",2,"Nordeste",0,"290560",4,25,9,16,11,14,0,0,0,0,0,25,9,16,11,14,24,9.08654316237698,10.3736786642059,0.41761478377304,30
"8002","BA","Camacan",32006,8835.59,29031,"Ilhéus-Itabuna",2,"Nordeste",0,"290560",5,33,13,20,18,15,0,0,0,0,0,33,13,20,18,15,16,9.08654316237698,10.3736786642059,0.41293579514417,31
"8003","BA","Camacan",32006,8835.59,29031,"Ilhéus-Itabuna",2,"Nordeste",0,"290560",6,34,13,21,19,15,1,0,0,0,0,35,13,21,19,15,32,9.08654316237698,10.3736786642059,0.408840270570442,30
"8004","BA","Camacan",32006,8835.59,29031,"Ilhéus-Itabuna",2,"Nordeste",0,"290560",7,25,17,8,17,8,0,0,0,0,0,25,17,8,17,8,30,9.08654316237698,10.3736786642059,0.452517735268505,29
"8005","BA","Camaçari",304302,81105.66,29021,"Salvador",2,"Nordeste",1,"290570",2,498,126,372,175,323,3,0,0,0,0,501,126,372,175,323,115,11.3035080280505,12.6257759083249,0.280891675629672,29
"8006","BA","Camaçari",304302,81105.66,29021,"Salvador",2,"Nordeste",1,"290570",3,442,104,338,148,294,2,0,0,0,0,444,104,338,148,294,135,11.3035080280505,12.6257759083249,0.386483447132597,31
"8007","BA","Camaçari",304302,81105.66,29021,"Salvador",2,"Nordeste",1,"290570",4,289,82,207,98,191,5,0,0,0,0,294,82,207,98,191,138,11.3035080280505,12.6257759083249,0.455221795027447,30
"8008","BA","Camaçari",304302,81105.66,29021,"Salvador",2,"Nordeste",1,"290570",5,325,92,233,104,221,8,0,0,0,0,333,92,233,104,221,152,11.3035080280505,12.6257759083249,0.432472116303264,31
"8009","BA","Camaçari",304302,81105.66,29021,"Salvador",2,"Nordeste",1,"290570",6,301,86,215,93,208,2,0,0,0,0,303,86,215,93,208,173,11.3035080280505,12.6257759083249,0.39694568413123,30
"8010","BA","Camaçari",304302,81105.66,29021,"Salvador",2,"Nordeste",1,"290570",7,320,95,225,117,203,3,0,0,0,0,323,95,225,117,203,158,11.3035080280505,12.6257759083249,0.406095425481355,29
"8011","BA","Camamu",35382,9820.61,29030,"Valença",2,"Nordeste",0,"290580",2,52,31,21,28,24,1,0,0,0,0,53,31,21,28,24,15,9.19223851754553,10.4739584952286,0.270212943152808,29
"8012","BA","Camamu",35382,9820.61,29030,"Valença",2,"Nordeste",0,"290580",3,66,40,26,34,32,1,0,0,0,0,67,40,26,34,32,18,9.19223851754553,10.4739584952286,0.366746368624641,31
"8013","BA","Camamu",35382,9820.61,29030,"Valença",2,"Nordeste",0,"290580",4,35,15,20,11,24,0,0,0,0,0,35,15,20,11,24,22,9.19223851754553,10.4739584952286,0.417511876129034,30
"8014","BA","Camamu",35382,9820.61,29030,"Valença",2,"Nordeste",0,"290580",5,37,14,23,17,20,1,0,0,0,0,38,14,23,17,20,15,9.19223851754553,10.4739584952286,0.404043973276506,31
"8015","BA","Camamu",35382,9820.61,29030,"Valença",2,"Nordeste",0,"290580",6,35,20,15,19,16,0,0,0,0,0,35,20,15,19,16,20,9.19223851754553,10.4739584952286,0.387394748484778,30
"8016","BA","Camamu",35382,9820.61,29030,"Valença",2,"Nordeste",0,"290580",7,48,23,25,26,22,3,0,0,0,0,51,23,25,26,22,35,9.19223851754553,10.4739584952286,0.449859234323663,29
"8017","BA","Campo Alegre de Lourdes",28820,7539.84,29004,"Juazeiro",2,"Nordeste",0,"290590",2,68,31,37,25,43,0,0,0,0,0,68,31,37,25,43,14,8.9279562406177,10.2688248695535,0.277899847205071,29
"8018","BA","Campo Alegre de Lourdes",28820,7539.84,29004,"Juazeiro",2,"Nordeste",0,"290590",3,66,24,42,31,35,1,0,0,0,0,67,24,42,31,35,9,8.9279562406177,10.2688248695535,0.370031317548533,31
"8019","BA","Campo Alegre de Lourdes",28820,7539.84,29004,"Juazeiro",2,"Nordeste",0,"290590",4,49,29,20,24,25,2,0,0,0,0,51,29,20,24,25,12,8.9279562406177,10.2688248695535,0.39811322100747,30
"8020","BA","Campo Alegre de Lourdes",28820,7539.84,29004,"Juazeiro",2,"Nordeste",0,"290590",5,36,16,20,22,14,1,0,0,0,0,37,16,20,22,14,8,8.9279562406177,10.2688248695535,0.420949275638498,31
"8021","BA","Campo Alegre de Lourdes",28820,7539.84,29004,"Juazeiro",2,"Nordeste",0,"290590",6,51,26,25,29,22,2,0,0,0,0,53,26,25,29,22,16,8.9279562406177,10.2688248695535,0.383189883181927,30
"8022","BA","Campo Alegre de Lourdes",28820,7539.84,29004,"Juazeiro",2,"Nordeste",0,"290590",7,41,20,21,23,18,0,0,0,0,0,41,20,21,23,18,17,8.9279562406177,10.2688248695535,0.43018511904955,29
"8023","BA","Campo Formoso",71487,15898.52,29008,"Senhor do Bonfim",2,"Nordeste",0,"290600",2,162,46,116,63,99,0,0,0,0,0,162,46,116,63,99,33,9.67398130211494,11.1772708939694,0.312158403778423,29
"8024","BA","Campo Formoso",71487,15898.52,29008,"Senhor do Bonfim",2,"Nordeste",0,"290600",3,167,51,116,75,92,0,0,0,0,0,167,51,116,75,92,42,9.67398130211494,11.1772708939694,0.39139610712283,31
"8025","BA","Campo Formoso",71487,15898.52,29008,"Senhor do Bonfim",2,"Nordeste",0,"290600",4,90,31,59,40,50,3,0,0,0,0,93,31,59,40,50,27,9.67398130211494,11.1772708939694,0.416883202905404,30
"8026","BA","Campo Formoso",71487,15898.52,29008,"Senhor do Bonfim",2,"Nordeste",0,"290600",5,97,34,63,48,49,0,0,0,0,0,97,34,63,48,49,30,9.67398130211494,11.1772708939694,0.414950856995749,31
"8027","BA","Campo Formoso",71487,15898.52,29008,"Senhor do Bonfim",2,"Nordeste",0,"290600",6,93,31,62,40,53,1,0,0,0,0,94,31,62,40,53,43,9.67398130211494,11.1772708939694,0.407696908639186,30
"8028","BA","Campo Formoso",71487,15898.52,29008,"Senhor do Bonfim",2,"Nordeste",0,"290600",7,97,37,60,47,50,1,0,0,0,0,98,37,60,47,50,46,9.67398130211494,11.1772708939694,0.457836655060063,29
"8029","BA","Canápolis",9703,6762.02,29003,"Santa Maria da Vitória",2,"Nordeste",0,"290610",2,4,0,4,0,4,0,0,0,0,0,4,0,4,0,4,1,8.81907694096828,9.1801903950253,0.301621267379352,29
"8030","BA","Canápolis",9703,6762.02,29003,"Santa Maria da Vitória",2,"Nordeste",0,"290610",3,5,0,5,3,2,0,0,0,0,0,5,0,5,3,2,7,8.81907694096828,9.1801903950253,0.391550757319387,31
"8031","BA","Canápolis",9703,6762.02,29003,"Santa Maria da Vitória",2,"Nordeste",0,"290610",4,1,0,1,0,1,0,0,0,0,0,1,0,1,0,1,4,8.81907694096828,9.1801903950253,0.396727226194705,30
"8032","BA","Canápolis",9703,6762.02,29003,"Santa Maria da Vitória",2,"Nordeste",0,"290610",5,2,0,2,2,0,0,0,0,0,0,2,0,2,2,0,2,8.81907694096828,9.1801903950253,0.396323073147821,31
"8033","BA","Canápolis",9703,6762.02,29003,"Santa Maria da Vitória",2,"Nordeste",0,"290610",6,1,0,1,0,1,0,0,0,0,0,1,0,1,0,1,4,8.81907694096828,9.1801903950253,0.39146551064423,30
"8034","BA","Canápolis",9703,6762.02,29003,"Santa Maria da Vitória",2,"Nordeste",0,"290610",7,1,0,1,0,1,0,0,0,0,0,1,0,1,0,1,2,8.81907694096828,9.1801903950253,0.451875449492839,29
"8035","BA","Canarana",26325,7457.06,29009,"Irecê",2,"Nordeste",0,"290620",2,23,6,17,6,17,0,0,0,0,0,23,6,17,6,17,17,8.91691651364258,10.1782743370022,0.284135086479637,29
"8036","BA","Canarana",26325,7457.06,29009,"Irecê",2,"Nordeste",0,"290620",3,24,5,19,12,12,0,0,0,0,0,24,5,19,12,12,9,8.91691651364258,10.1782743370022,0.369924627981037,31
"8037","BA","Canarana",26325,7457.06,29009,"Irecê",2,"Nordeste",0,"290620",4,24,5,19,6,18,1,0,0,0,0,25,5,19,6,18,11,8.91691651364258,10.1782743370022,0.404158263335468,30
"8038","BA","Canarana",26325,7457.06,29009,"Irecê",2,"Nordeste",0,"290620",5,13,3,10,6,7,0,0,0,0,0,13,3,10,6,7,14,8.91691651364258,10.1782743370022,0.397197889119702,31
"8039","BA","Canarana",26325,7457.06,29009,"Irecê",2,"Nordeste",0,"290620",6,12,4,8,6,6,0,0,0,0,0,12,4,8,6,6,16,8.91691651364258,10.1782743370022,0.362561078131679,30
"8040","BA","Canarana",26325,7457.06,29009,"Irecê",2,"Nordeste",0,"290620",7,15,5,10,4,11,0,0,0,0,0,15,5,10,4,11,14,8.91691651364258,10.1782743370022,0.384893112866946,29
"8041","BA","Canavieiras",30906,9973.92,29031,"Ilhéus-Itabuna",2,"Nordeste",1,"290630",2,49,23,26,29,20,0,0,0,0,0,49,23,26,29,20,16,9.20772896521968,10.3387056187936,0.267079331029258,29
"8042","BA","Canavieiras",30906,9973.92,29031,"Ilhéus-Itabuna",2,"Nordeste",1,"290630",3,29,13,16,13,16,0,0,0,0,0,29,13,16,13,16,19,9.20772896521968,10.3387056187936,0.353264107503114,31
"8043","BA","Canavieiras",30906,9973.92,29031,"Ilhéus-Itabuna",2,"Nordeste",1,"290630",4,19,7,12,11,8,1,0,0,0,0,20,7,12,11,8,22,9.20772896521968,10.3387056187936,0.388404908702643,30
"8044","BA","Canavieiras",30906,9973.92,29031,"Ilhéus-Itabuna",2,"Nordeste",1,"290630",5,28,17,11,11,17,0,0,0,0,0,28,17,11,11,17,19,9.20772896521968,10.3387056187936,0.375014920423265,31
"8045","BA","Canavieiras",30906,9973.92,29031,"Ilhéus-Itabuna",2,"Nordeste",1,"290630",6,32,19,13,14,18,0,0,0,0,0,32,19,13,14,18,18,9.20772896521968,10.3387056187936,0.360672466871888,30
"8046","BA","Canavieiras",30906,9973.92,29031,"Ilhéus-Itabuna",2,"Nordeste",1,"290630",7,26,9,17,16,10,0,0,0,0,0,26,9,17,16,10,28,9.20772896521968,10.3387056187936,0.401435594109969,29
"8047","BA","Candeal",8181,6482.95,29016,"Serrinha",2,"Nordeste",0,"290640",2,6,1,5,2,4,0,0,0,0,0,6,1,5,2,4,4,8.77693093266646,9.0095696715137,0.269111471828203,29
"8048","BA","Candeal",8181,6482.95,29016,"Serrinha",2,"Nordeste",0,"290640",3,11,4,7,4,7,0,0,0,0,0,11,4,7,4,7,5,8.77693093266646,9.0095696715137,0.346887591199733,31
"8049","BA","Candeal",8181,6482.95,29016,"Serrinha",2,"Nordeste",0,"290640",4,2,1,1,1,1,0,0,0,0,0,2,1,1,1,1,5,8.77693093266646,9.0095696715137,0.398298358803109,30
"8050","BA","Candeal",8181,6482.95,29016,"Serrinha",2,"Nordeste",0,"290640",5,6,3,3,2,4,0,0,0,0,0,6,3,3,2,4,3,8.77693093266646,9.0095696715137,0.366503147454413,31
"8051","BA","Candeal",8181,6482.95,29016,"Serrinha",2,"Nordeste",0,"290640",6,5,2,3,4,1,0,0,0,0,0,5,2,3,4,1,5,8.77693093266646,9.0095696715137,0.386542609040946,30
"8052","BA","Candeal",8181,6482.95,29016,"Serrinha",2,"Nordeste",0,"290640",7,6,1,5,4,2,0,0,0,0,0,6,1,5,4,2,4,8.77693093266646,9.0095696715137,0.419512545327783,29
"8053","BA","Candeias",87458,50279.23,29021,"Salvador",2,"Nordeste",1,"290650",2,110,35,75,46,64,0,0,0,0,0,110,35,75,46,64,53,10.8253473483467,11.3789139571088,0.303338185401499,29
"8054","BA","Candeias",87458,50279.23,29021,"Salvador",2,"Nordeste",1,"290650",3,114,26,88,41,73,1,0,0,0,0,115,26,88,41,73,46,10.8253473483467,11.3789139571088,0.390006161478496,31
"8055","BA","Candeias",87458,50279.23,29021,"Salvador",2,"Nordeste",1,"290650",4,76,19,57,31,45,0,0,0,0,0,76,19,57,31,45,57,10.8253473483467,11.3789139571088,0.451631001276409,30
"8056","BA","Candeias",87458,50279.23,29021,"Salvador",2,"Nordeste",1,"290650",5,87,24,63,32,55,0,0,0,0,0,87,24,63,32,55,59,10.8253473483467,11.3789139571088,0.43798624755348,31
"8057","BA","Candeias",87458,50279.23,29021,"Salvador",2,"Nordeste",1,"290650",6,64,19,45,24,40,1,0,0,0,0,65,19,45,24,40,72,10.8253473483467,11.3789139571088,0.418508410012872,30
"8058","BA","Candeias",87458,50279.23,29021,"Salvador",2,"Nordeste",1,"290650",7,67,17,50,27,40,0,0,0,0,0,67,17,50,27,40,61,10.8253473483467,11.3789139571088,0.411900894119997,29
"8059","BA","Candiba",14368,7829.79,29026,"Guanambi",2,"Nordeste",0,"290660",2,19,6,13,5,14,0,0,0,0,0,19,6,13,5,14,9,8.96569096870182,9.57275879054198,0.302810519851396,29
"8060","BA","Candiba",14368,7829.79,29026,"Guanambi",2,"Nordeste",0,"290660",3,7,3,4,2,5,0,0,0,0,0,7,3,4,2,5,9,8.96569096870182,9.57275879054198,0.433019093964885,31
"8061","BA","Candiba",14368,7829.79,29026,"Guanambi",2,"Nordeste",0,"290660",4,7,2,5,2,5,0,0,0,0,0,7,2,5,2,5,12,8.96569096870182,9.57275879054198,0.384491892487785,30
"8062","BA","Candiba",14368,7829.79,29026,"Guanambi",2,"Nordeste",0,"290660",5,11,3,8,4,7,0,0,0,0,0,11,3,8,4,7,7,8.96569096870182,9.57275879054198,0.387980948044786,31
"8063","BA","Candiba",14368,7829.79,29026,"Guanambi",2,"Nordeste",0,"290660",6,14,3,11,6,8,0,0,0,0,0,14,3,11,6,8,6,8.96569096870182,9.57275879054198,0.347563211885446,30
"8064","BA","Candiba",14368,7829.79,29026,"Guanambi",2,"Nordeste",0,"290660",7,10,3,7,5,5,0,0,0,0,0,10,3,7,5,5,2,8.96569096870182,9.57275879054198,0.419798773402995,29
"8065","BA","Cândido Sales",25053,8330.26,29028,"Vitória da Conquista",2,"Nordeste",0,"290670",2,37,14,23,17,20,1,0,0,0,0,38,14,23,17,20,17,9.02764994715878,10.1287488598213,0.312546381219284,29
"8066","BA","Cândido Sales",25053,8330.26,29028,"Vitória da Conquista",2,"Nordeste",0,"290670",3,37,13,24,19,18,0,0,0,0,0,37,13,24,19,18,15,9.02764994715878,10.1287488598213,0.38422493079798,31
"8067","BA","Cândido Sales",25053,8330.26,29028,"Vitória da Conquista",2,"Nordeste",0,"290670",4,33,12,21,14,19,0,0,0,0,0,33,12,21,14,19,16,9.02764994715878,10.1287488598213,0.382761861821814,30
"8068","BA","Cândido Sales",25053,8330.26,29028,"Vitória da Conquista",2,"Nordeste",0,"290670",5,30,11,19,15,15,0,0,0,0,0,30,11,19,15,15,16,9.02764994715878,10.1287488598213,0.392537689135646,31
"8069","BA","Cândido Sales",25053,8330.26,29028,"Vitória da Conquista",2,"Nordeste",0,"290670",6,29,14,15,11,18,1,0,0,0,0,30,14,15,11,18,17,9.02764994715878,10.1287488598213,0.372881187404078,30
"8070","BA","Cândido Sales",25053,8330.26,29028,"Vitória da Conquista",2,"Nordeste",0,"290670",7,25,10,15,12,13,0,0,0,0,0,25,10,15,12,13,21,9.02764994715878,10.1287488598213,0.417751190573582,29
"8071","BA","Cansanção",34882,7476.84,29014,"Euclides da Cunha",2,"Nordeste",0,"290680",2,55,28,27,28,27,0,0,0,0,0,55,28,27,28,27,20,8.91956552181415,10.4597262158286,0.301608506159151,29
"8072","BA","Cansanção",34882,7476.84,29014,"Euclides da Cunha",2,"Nordeste",0,"290680",3,56,19,37,30,26,0,0,0,0,0,56,19,37,30,26,16,8.91956552181415,10.4597262158286,0.384934301515822,31
"8073","BA","Cansanção",34882,7476.84,29014,"Euclides da Cunha",2,"Nordeste",0,"290680",4,33,13,20,19,14,0,0,0,0,0,33,13,20,19,14,23,8.91956552181415,10.4597262158286,0.400231551798985,30
"8074","BA","Cansanção",34882,7476.84,29014,"Euclides da Cunha",2,"Nordeste",0,"290680",5,33,14,19,16,17,2,0,0,0,0,35,14,19,16,17,16,8.91956552181415,10.4597262158286,0.414843398224318,31
"8075","BA","Cansanção",34882,7476.84,29014,"Euclides da Cunha",2,"Nordeste",0,"290680",6,43,19,24,17,26,1,0,0,0,0,44,19,24,17,26,26,8.91956552181415,10.4597262158286,0.417631467677608,30
"8076","BA","Cansanção",34882,7476.84,29014,"Euclides da Cunha",2,"Nordeste",0,"290680",7,41,16,25,18,23,2,0,0,0,0,43,16,25,18,23,24,8.91956552181415,10.4597262158286,0.458928049394782,29
"8077","BA","Canudos",16753,7617.34,29014,"Euclides da Cunha",2,"Nordeste",0,"290682",2,26,11,15,17,9,0,0,0,0,0,26,11,15,17,9,7,8.93818250637278,9.72633262569353,0.26904977527123,29
"8078","BA","Canudos",16753,7617.34,29014,"Euclides da Cunha",2,"Nordeste",0,"290682",3,25,10,15,12,13,0,0,0,0,0,25,10,15,12,13,3,8.93818250637278,9.72633262569353,0.345127819390284,31
"8079","BA","Canudos",16753,7617.34,29014,"Euclides da Cunha",2,"Nordeste",0,"290682",4,21,6,15,7,14,0,0,0,0,0,21,6,15,7,14,10,8.93818250637278,9.72633262569353,0.373284218102873,30
"8080","BA","Canudos",16753,7617.34,29014,"Euclides da Cunha",2,"Nordeste",0,"290682",5,33,7,26,11,22,0,0,0,0,0,33,7,26,11,22,9,8.93818250637278,9.72633262569353,0.382246751884279,31
"8081","BA","Canudos",16753,7617.34,29014,"Euclides da Cunha",2,"Nordeste",0,"290682",6,16,5,11,9,7,0,0,0,0,0,16,5,11,9,7,9,8.93818250637278,9.72633262569353,0.367755111465712,30
"8082","BA","Canudos",16753,7617.34,29014,"Euclides da Cunha",2,"Nordeste",0,"290682",7,21,5,16,13,8,0,0,0,0,0,21,5,16,13,8,8,8.93818250637278,9.72633262569353,0.411572468782704,29
"8083","BA","Capela do Alto Alegre",11616,7701.83,29016,"Serrinha",2,"Nordeste",0,"290685",2,15,3,12,3,12,0,0,0,0,0,15,3,12,3,12,6,8.94921324194222,9.36013873706458,0.278533722553032,29
"8084","BA","Capela do Alto Alegre",11616,7701.83,29016,"Serrinha",2,"Nordeste",0,"290685",3,10,0,10,5,5,0,0,0,0,0,10,0,10,5,5,10,8.94921324194222,9.36013873706458,0.368628147479973,31
"8085","BA","Capela do Alto Alegre",11616,7701.83,29016,"Serrinha",2,"Nordeste",0,"290685",4,8,2,6,1,7,0,0,0,0,0,8,2,6,1,7,6,8.94921324194222,9.36013873706458,0.374748518743434,30
"8086","BA","Capela do Alto Alegre",11616,7701.83,29016,"Serrinha",2,"Nordeste",0,"290685",5,13,5,8,6,7,0,0,0,0,0,13,5,8,6,7,11,8.94921324194222,9.36013873706458,0.380391171251425,31
"8087","BA","Capela do Alto Alegre",11616,7701.83,29016,"Serrinha",2,"Nordeste",0,"290685",6,11,2,9,6,5,0,0,0,0,0,11,2,9,6,5,13,8.94921324194222,9.36013873706458,0.368066274818187,30
"8088","BA","Capela do Alto Alegre",11616,7701.83,29016,"Serrinha",2,"Nordeste",0,"290685",7,9,2,7,2,7,1,0,0,0,0,10,2,7,2,7,4,8.94921324194222,9.36013873706458,0.419360665246297,29
"8089","BA","Capim Grosso",30862,14039.95,29010,"Jacobina",2,"Nordeste",1,"290687",2,52,16,36,20,32,0,0,0,0,0,52,16,36,20,32,13,9.5496621163199,10.3372809326312,0.262894764145289,29
"8090","BA","Capim Grosso",30862,14039.95,29010,"Jacobina",2,"Nordeste",1,"290687",3,48,15,33,22,26,1,0,0,0,0,49,15,33,22,26,23,9.5496621163199,10.3372809326312,0.344949778564968,31
"8091","BA","Capim Grosso",30862,14039.95,29010,"Jacobina",2,"Nordeste",1,"290687",4,38,16,22,19,19,0,0,0,0,0,38,16,22,19,19,24,9.5496621163199,10.3372809326312,0.374490380805481,30
"8092","BA","Capim Grosso",30862,14039.95,29010,"Jacobina",2,"Nordeste",1,"290687",5,31,10,21,12,19,0,0,0,0,0,31,10,21,12,19,32,9.5496621163199,10.3372809326312,0.35875671419182,31
"8093","BA","Capim Grosso",30862,14039.95,29010,"Jacobina",2,"Nordeste",1,"290687",6,31,13,18,9,22,1,0,0,0,0,32,13,18,9,22,17,9.5496621163199,10.3372809326312,0.328549576982123,30
"8094","BA","Capim Grosso",30862,14039.95,29010,"Jacobina",2,"Nordeste",1,"290687",7,34,12,22,11,23,0,0,0,0,0,34,12,22,11,23,24,9.5496621163199,10.3372809326312,0.366659640272168,29
"8095","BA","Caraíbas",8801,7465.03,29027,"Brumado",2,"Nordeste",0,"290689",2,13,4,9,4,9,0,0,0,0,0,13,4,9,4,9,6,8.9179847287194,9.08262063037381,0.353358650398833,29
"8096","BA","Caraíbas",8801,7465.03,29027,"Brumado",2,"Nordeste",0,"290689",3,10,3,7,4,6,1,0,0,0,0,11,3,7,4,6,5,8.9179847287194,9.08262063037381,0.391749389374195,31
"8097","BA","Caraíbas",8801,7465.03,29027,"Brumado",2,"Nordeste",0,"290689",4,4,2,2,2,2,0,0,0,0,0,4,2,2,2,2,7,8.9179847287194,9.08262063037381,0.424897282624196,30
"8098","BA","Caraíbas",8801,7465.03,29027,"Brumado",2,"Nordeste",0,"290689",5,10,2,8,4,6,0,0,0,0,0,10,2,8,4,6,8,8.9179847287194,9.08262063037381,0.429390856376514,31
"8099","BA","Caraíbas",8801,7465.03,29027,"Brumado",2,"Nordeste",0,"290689",6,9,3,6,4,5,0,0,0,0,0,9,3,6,4,5,8,8.9179847287194,9.08262063037381,0.404881645176592,30
"8100","BA","Caraíbas",8801,7465.03,29027,"Brumado",2,"Nordeste",0,"290689",7,9,5,4,3,6,0,0,0,0,0,9,5,4,3,6,8,8.9179847287194,9.08262063037381,0.453228147123628,29
"8101","BA","Caravelas",22093,15910.13,29032,"Porto Seguro",2,"Nordeste",0,"290690",2,40,12,28,19,21,0,0,0,0,0,40,12,28,19,21,12,9.67471129226011,10.003016095251,0.29285721215983,29
"8102","BA","Caravelas",22093,15910.13,29032,"Porto Seguro",2,"Nordeste",0,"290690",3,42,10,32,25,17,0,0,0,0,0,42,10,32,25,17,13,9.67471129226011,10.003016095251,0.396414442873974,31
"8103","BA","Caravelas",22093,15910.13,29032,"Porto Seguro",2,"Nordeste",0,"290690",4,23,13,10,12,11,0,0,0,0,0,23,13,10,12,11,11,9.67471129226011,10.003016095251,0.409362852389309,30
"8104","BA","Caravelas",22093,15910.13,29032,"Porto Seguro",2,"Nordeste",0,"290690",5,21,13,8,12,9,0,0,0,0,0,21,13,8,12,9,14,9.67471129226011,10.003016095251,0.407210631942717,31
"8105","BA","Caravelas",22093,15910.13,29032,"Porto Seguro",2,"Nordeste",0,"290690",6,19,12,7,8,11,0,0,0,0,0,19,12,7,8,11,11,9.67471129226011,10.003016095251,0.399114862187136,30
"8106","BA","Caravelas",22093,15910.13,29032,"Porto Seguro",2,"Nordeste",0,"290690",7,32,12,20,18,14,0,0,0,0,0,32,12,20,18,14,14,9.67471129226011,10.003016095251,0.428762737490953,29
"8107","BA","Cardeal da Silva",9346,11169.1,29018,"Entre Rios",2,"Nordeste",0,"290700",2,12,7,5,5,7,0,0,0,0,0,12,7,5,5,7,5,9.32090631585378,9.14270372326037,0.262256292563415,29
"8108","BA","Cardeal da Silva",9346,11169.1,29018,"Entre Rios",2,"Nordeste",0,"290700",3,20,7,13,11,9,0,0,0,0,0,20,7,13,11,9,4,9.32090631585378,9.14270372326037,0.366866207849155,31
"8109","BA","Cardeal da Silva",9346,11169.1,29018,"Entre Rios",2,"Nordeste",0,"290700",4,11,6,5,5,6,0,0,0,0,0,11,6,5,5,6,1,9.32090631585378,9.14270372326037,0.40176143250307,30
"8110","BA","Cardeal da Silva",9346,11169.1,29018,"Entre Rios",2,"Nordeste",0,"290700",5,7,3,4,3,4,1,0,0,0,0,8,3,4,3,4,6,9.32090631585378,9.14270372326037,0.381327173242642,31
"8111","BA","Cardeal da Silva",9346,11169.1,29018,"Entre Rios",2,"Nordeste",0,"290700",6,13,7,6,8,5,0,0,0,0,0,13,7,6,8,5,4,9.32090631585378,9.14270372326037,0.363950158879946,30
"8112","BA","Cardeal da Silva",9346,11169.1,29018,"Entre Rios",2,"Nordeste",0,"290700",7,14,5,9,5,9,0,0,0,0,0,14,5,9,5,9,9,9.32090631585378,9.14270372326037,0.418280957188162,29
"8113","BA","Carinhanha",29070,7402.52,29007,"Bom Jesus da Lapa",2,"Nordeste",0,"290710",2,54,17,37,24,30,0,0,0,0,0,54,17,37,24,30,13,8.90957576176203,10.2774619935529,0.287897540572104,29
"8114","BA","Carinhanha",29070,7402.52,29007,"Bom Jesus da Lapa",2,"Nordeste",0,"290710",3,39,9,30,18,21,1,0,0,0,0,40,9,30,18,21,13,8.90957576176203,10.2774619935529,0.368522350945335,31
"8115","BA","Carinhanha",29070,7402.52,29007,"Bom Jesus da Lapa",2,"Nordeste",0,"290710",4,36,14,22,14,22,0,0,0,0,0,36,14,22,14,22,13,8.90957576176203,10.2774619935529,0.38126580514533,30
"8116","BA","Carinhanha",29070,7402.52,29007,"Bom Jesus da Lapa",2,"Nordeste",0,"290710",5,42,14,28,11,31,0,0,0,0,0,42,14,28,11,31,12,8.90957576176203,10.2774619935529,0.373236971365405,31
"8117","BA","Carinhanha",29070,7402.52,29007,"Bom Jesus da Lapa",2,"Nordeste",0,"290710",6,42,12,30,20,22,1,0,0,0,0,43,12,30,20,22,7,8.90957576176203,10.2774619935529,0.373712618336413,30
"8118","BA","Carinhanha",29070,7402.52,29007,"Bom Jesus da Lapa",2,"Nordeste",0,"290710",7,43,15,28,16,27,0,0,0,0,0,43,15,28,16,27,19,8.90957576176203,10.2774619935529,0.429622530694041,29
"8119","BA","Casa Nova",72545,9672.3,29004,"Juazeiro",2,"Nordeste",1,"290720",2,133,56,77,69,64,0,0,0,0,0,133,56,77,69,64,35,9.17702140918333,11.1919623379498,0.298278735308017,29
"8120","BA","Casa Nova",72545,9672.3,29004,"Juazeiro",2,"Nordeste",1,"290720",3,101,45,56,40,61,2,0,0,0,0,103,45,56,40,61,33,9.17702140918333,11.1919623379498,0.385619584106778,31
"8121","BA","Casa Nova",72545,9672.3,29004,"Juazeiro",2,"Nordeste",1,"290720",4,87,39,48,37,50,1,0,0,0,0,88,39,48,37,50,40,9.17702140918333,11.1919623379498,0.389947119940828,30
"8122","BA","Casa Nova",72545,9672.3,29004,"Juazeiro",2,"Nordeste",1,"290720",5,84,39,45,35,49,3,0,0,0,0,87,39,45,35,49,34,9.17702140918333,11.1919623379498,0.413315056799862,31
"8123","BA","Casa Nova",72545,9672.3,29004,"Juazeiro",2,"Nordeste",1,"290720",6,89,42,47,44,45,1,0,0,0,0,90,42,47,44,45,41,9.17702140918333,11.1919623379498,0.388421775680219,30
"8124","BA","Casa Nova",72545,9672.3,29004,"Juazeiro",2,"Nordeste",1,"290720",7,70,26,44,36,34,1,0,0,0,0,71,26,44,36,34,34,9.17702140918333,11.1919623379498,0.425024229499251,29
"8125","BA","Castro Alves",26318,10522.43,29020,"Santo Antônio de Jesus",2,"Nordeste",0,"290730",2,31,6,25,16,15,1,0,0,0,0,32,6,25,16,15,12,9.2612644482111,10.1780083947101,0.246095183948463,29
"8126","BA","Castro Alves",26318,10522.43,29020,"Santo Antônio de Jesus",2,"Nordeste",0,"290730",3,46,13,33,19,27,0,0,0,0,0,46,13,33,19,27,15,9.2612644482111,10.1780083947101,0.341797850550806,31
"8127","BA","Castro Alves",26318,10522.43,29020,"Santo Antônio de Jesus",2,"Nordeste",0,"290730",4,31,8,23,11,20,0,0,0,0,0,31,8,23,11,20,21,9.2612644482111,10.1780083947101,0.371113582837455,30
"8128","BA","Castro Alves",26318,10522.43,29020,"Santo Antônio de Jesus",2,"Nordeste",0,"290730",5,22,4,18,7,15,0,0,0,0,0,22,4,18,7,15,16,9.2612644482111,10.1780083947101,0.379525254224819,31
"8129","BA","Castro Alves",26318,10522.43,29020,"Santo Antônio de Jesus",2,"Nordeste",0,"290730",6,27,7,20,10,17,0,0,0,0,0,27,7,20,10,17,17,9.2612644482111,10.1780083947101,0.358630806007466,30
"8130","BA","Castro Alves",26318,10522.43,29020,"Santo Antônio de Jesus",2,"Nordeste",0,"290730",7,19,3,16,3,16,1,0,0,0,0,20,3,16,3,16,16,9.2612644482111,10.1780083947101,0.406045703405802,29
"8131","BA","Catu",54970,10971.95,29019,"Catu",2,"Nordeste",1,"290750",2,64,26,38,19,45,0,0,0,0,0,64,26,38,19,45,20,9.30309729499279,10.9145428608547,0.273657915648401,29
"8132","BA","Catu",54970,10971.95,29019,"Catu",2,"Nordeste",1,"290750",3,67,12,55,23,44,1,0,0,0,0,68,12,55,23,44,27,9.30309729499279,10.9145428608547,0.363817459253248,31
"8133","BA","Catu",54970,10971.95,29019,"Catu",2,"Nordeste",1,"290750",4,43,13,30,13,30,1,0,0,0,0,44,13,30,13,30,24,9.30309729499279,10.9145428608547,0.414340995064708,30
"8134","BA","Catu",54970,10971.95,29019,"Catu",2,"Nordeste",1,"290750",5,47,10,37,24,23,0,0,0,0,0,47,10,37,24,23,33,9.30309729499279,10.9145428608547,0.412131180611156,31
"8135","BA","Catu",54970,10971.95,29019,"Catu",2,"Nordeste",1,"290750",6,43,9,34,17,26,0,0,0,0,0,43,9,34,17,26,33,9.30309729499279,10.9145428608547,0.385862345369736,30
"8136","BA","Catu",54970,10971.95,29019,"Catu",2,"Nordeste",1,"290750",7,42,13,29,13,29,0,0,0,0,0,42,13,29,13,29,34,9.30309729499279,10.9145428608547,0.410886356422817,29
"8137","BA","Central",17280,9059.39,29009,"Irecê",2,"Nordeste",0,"290760",2,19,5,14,11,8,0,0,0,0,0,19,5,14,11,8,9,9.11155706785201,9.75730504235805,0.282135391174293,29
"8138","BA","Central",17280,9059.39,29009,"Irecê",2,"Nordeste",0,"290760",3,20,9,11,10,10,0,0,0,0,0,20,9,11,10,10,5,9.11155706785201,9.75730504235805,0.389975803037424,31
"8139","BA","Central",17280,9059.39,29009,"Irecê",2,"Nordeste",0,"290760",4,11,2,9,5,6,2,0,0,0,0,13,2,9,5,6,8,9.11155706785201,9.75730504235805,0.422523036373805,30
"8140","BA","Central",17280,9059.39,29009,"Irecê",2,"Nordeste",0,"290760",5,22,9,13,10,12,0,0,0,0,0,22,9,13,10,12,9,9.11155706785201,9.75730504235805,0.405037304689694,31
"8141","BA","Central",17280,9059.39,29009,"Irecê",2,"Nordeste",0,"290760",6,17,11,6,10,7,0,0,0,0,0,17,11,6,10,7,13,9.11155706785201,9.75730504235805,0.38649976621772,30
"8142","BA","Central",17280,9059.39,29009,"Irecê",2,"Nordeste",0,"290760",7,17,3,14,8,9,1,0,0,0,0,18,3,14,8,9,10,9.11155706785201,9.75730504235805,0.424637960245475,29
"8143","BA","Chorrochó",11200,6866.08,29005,"Paulo Afonso",2,"Nordeste",0,"290770",2,21,11,10,7,14,0,0,0,0,0,21,11,10,7,14,7,8.83434862556642,9.32366905728319,0.282446154483091,29
"8144","BA","Chorrochó",11200,6866.08,29005,"Paulo Afonso",2,"Nordeste",0,"290770",3,17,5,12,8,9,0,0,0,0,0,17,5,12,8,9,8,8.83434862556642,9.32366905728319,0.364512230583078,31
"8145","BA","Chorrochó",11200,6866.08,29005,"Paulo Afonso",2,"Nordeste",0,"290770",4,21,7,14,13,8,1,0,0,0,0,22,7,14,13,8,9,8.83434862556642,9.32366905728319,0.397946725670488,30
"8146","BA","Chorrochó",11200,6866.08,29005,"Paulo Afonso",2,"Nordeste",0,"290770",5,8,3,5,6,2,0,0,0,0,0,8,3,5,6,2,4,8.83434862556642,9.32366905728319,0.402339071302479,31
"8147","BA","Chorrochó",11200,6866.08,29005,"Paulo Afonso",2,"Nordeste",0,"290770",6,18,11,7,9,9,0,0,0,0,0,18,11,7,9,9,2,8.83434862556642,9.32366905728319,0.398095787830397,30
"8148","BA","Chorrochó",11200,6866.08,29005,"Paulo Afonso",2,"Nordeste",0,"290770",7,13,1,12,7,6,0,0,0,0,0,13,1,12,7,6,15,8.83434862556642,9.32366905728319,0.451510640901317,29
"8149","BA","Cícero Dantas",32576,8087.65,29015,"Ribeira do Pombal",2,"Nordeste",0,"290780",2,37,16,21,23,14,0,0,0,0,0,37,16,21,23,14,9,8.99809348577781,10.3913310999102,0.280603824502021,29
"8150","BA","Cícero Dantas",32576,8087.65,29015,"Ribeira do Pombal",2,"Nordeste",0,"290780",3,31,14,17,12,19,0,0,0,0,0,31,14,17,12,19,16,8.99809348577781,10.3913310999102,0.376029518058285,31
"8151","BA","Cícero Dantas",32576,8087.65,29015,"Ribeira do Pombal",2,"Nordeste",0,"290780",4,25,10,15,13,12,0,0,0,0,0,25,10,15,13,12,18,8.99809348577781,10.3913310999102,0.411246205346823,30
"8152","BA","Cícero Dantas",32576,8087.65,29015,"Ribeira do Pombal",2,"Nordeste",0,"290780",5,23,10,13,11,12,0,0,0,0,0,23,10,13,11,12,32,8.99809348577781,10.3913310999102,0.393789031893262,31
"8153","BA","Cícero Dantas",32576,8087.65,29015,"Ribeira do Pombal",2,"Nordeste",0,"290780",6,26,10,16,13,13,0,0,0,0,0,26,10,16,13,13,19,8.99809348577781,10.3913310999102,0.379946563875784,30
"8154","BA","Cícero Dantas",32576,8087.65,29015,"Ribeira do Pombal",2,"Nordeste",0,"290780",7,28,10,18,14,14,0,0,0,0,0,28,10,18,14,14,22,8.99809348577781,10.3913310999102,0.409922994332784,29
"8155","BA","Cipó",17352,7651.42,29015,"Ribeira do Pombal",2,"Nordeste",0,"290790",2,26,10,16,16,10,0,0,0,0,0,26,10,16,16,10,9,8.94264653051018,9.76146305250671,0.285991574456928,29
"8156","BA","Cipó",17352,7651.42,29015,"Ribeira do Pombal",2,"Nordeste",0,"290790",3,26,10,16,9,17,0,0,0,0,0,26,10,16,9,17,10,8.94264653051018,9.76146305250671,0.366715218144515,31
"8157","BA","Cipó",17352,7651.42,29015,"Ribeira do Pombal",2,"Nordeste",0,"290790",4,25,13,12,12,13,0,0,0,0,0,25,13,12,12,13,7,8.94264653051018,9.76146305250671,0.381877206167487,30
"8158","BA","Cipó",17352,7651.42,29015,"Ribeira do Pombal",2,"Nordeste",0,"290790",5,32,21,11,13,19,0,0,0,0,0,32,21,11,13,19,10,8.94264653051018,9.76146305250671,0.373261576927507,31
"8159","BA","Cipó",17352,7651.42,29015,"Ribeira do Pombal",2,"Nordeste",0,"290790",6,18,8,10,7,11,0,0,0,0,0,18,8,10,7,11,11,8.94264653051018,9.76146305250671,0.353067768498103,30
"8160","BA","Cipó",17352,7651.42,29015,"Ribeira do Pombal",2,"Nordeste",0,"290790",7,18,5,13,7,11,0,0,0,0,0,18,5,13,7,11,14,8.94264653051018,9.76146305250671,0.383657276116411,29
"8161","BA","Coaraci",16549,8691.23,29031,"Ilhéus-Itabuna",2,"Nordeste",1,"290800",2,32,15,17,20,12,0,0,0,0,0,32,15,17,20,12,19,9.07006975024562,9.71408095601894,0.285957668520742,29
"8162","BA","Coaraci",16549,8691.23,29031,"Ilhéus-Itabuna",2,"Nordeste",1,"290800",3,29,15,14,15,14,1,0,0,0,0,30,15,14,15,14,18,9.07006975024562,9.71408095601894,0.372647528663176,31
"8163","BA","Coaraci",16549,8691.23,29031,"Ilhéus-Itabuna",2,"Nordeste",1,"290800",4,12,4,8,4,8,0,0,0,0,0,12,4,8,4,8,13,9.07006975024562,9.71408095601894,0.41097916369503,30
"8164","BA","Coaraci",16549,8691.23,29031,"Ilhéus-Itabuna",2,"Nordeste",1,"290800",5,11,3,8,6,5,1,0,0,0,0,12,3,8,6,5,24,9.07006975024562,9.71408095601894,0.381411334957023,31
"8165","BA","Coaraci",16549,8691.23,29031,"Ilhéus-Itabuna",2,"Nordeste",1,"290800",6,18,7,11,11,7,0,0,0,0,0,18,7,11,11,7,11,9.07006975024562,9.71408095601894,0.356429216324063,30
"8166","BA","Coaraci",16549,8691.23,29031,"Ilhéus-Itabuna",2,"Nordeste",1,"290800",7,15,7,8,8,7,0,0,0,0,0,15,7,8,8,7,20,9.07006975024562,9.71408095601894,0.420102016284451,29
"8167","BA","Cocos",18807,16958.23,29003,"Santa Maria da Vitória",2,"Nordeste",0,"290810",2,9,1,8,3,6,0,0,0,0,0,9,1,8,3,6,8,9.73850854069213,9.84198441994208,0.293229750952542,29
"8168","BA","Cocos",18807,16958.23,29003,"Santa Maria da Vitória",2,"Nordeste",0,"290810",3,5,1,4,2,3,0,0,0,0,0,5,1,4,2,3,8,9.73850854069213,9.84198441994208,0.344308200955407,31
"8169","BA","Cocos",18807,16958.23,29003,"Santa Maria da Vitória",2,"Nordeste",0,"290810",4,3,1,2,2,1,0,0,0,0,0,3,1,2,2,1,7,9.73850854069213,9.84198441994208,0.37106447070744,30
"8170","BA","Cocos",18807,16958.23,29003,"Santa Maria da Vitória",2,"Nordeste",0,"290810",5,5,1,4,3,2,0,0,0,0,0,5,1,4,3,2,8,9.73850854069213,9.84198441994208,0.394113372131868,31
"8171","BA","Cocos",18807,16958.23,29003,"Santa Maria da Vitória",2,"Nordeste",0,"290810",6,5,0,5,2,3,0,0,0,0,0,5,0,5,2,3,4,9.73850854069213,9.84198441994208,0.346925826465349,30
"8172","BA","Cocos",18807,16958.23,29003,"Santa Maria da Vitória",2,"Nordeste",0,"290810",7,3,1,2,0,3,0,0,0,0,0,3,1,2,0,3,6,9.73850854069213,9.84198441994208,0.412666738699225,29
"8173","BA","Conceição da Feira",22762,12009.8,29012,"Feira de Santana",2,"Nordeste",0,"290820",2,38,9,29,15,23,0,0,0,0,0,38,9,29,15,23,8,9.39347826214603,10.0328477578418,0.260736125212855,29
"8174","BA","Conceição da Feira",22762,12009.8,29012,"Feira de Santana",2,"Nordeste",0,"290820",3,25,1,24,10,15,0,0,0,0,0,25,1,24,10,15,8,9.39347826214603,10.0328477578418,0.34726970126303,31
"8175","BA","Conceição da Feira",22762,12009.8,29012,"Feira de Santana",2,"Nordeste",0,"290820",4,18,6,12,9,9,0,0,0,0,0,18,6,12,9,9,10,9.39347826214603,10.0328477578418,0.382774645366566,30
"8176","BA","Conceição da Feira",22762,12009.8,29012,"Feira de Santana",2,"Nordeste",0,"290820",5,15,9,6,7,8,1,0,0,0,0,16,9,6,7,8,11,9.39347826214603,10.0328477578418,0.36298915823151,31
"8177","BA","Conceição da Feira",22762,12009.8,29012,"Feira de Santana",2,"Nordeste",0,"290820",6,14,1,13,7,7,0,0,0,0,0,14,1,13,7,7,20,9.39347826214603,10.0328477578418,0.3659906877512,30
"8178","BA","Conceição da Feira",22762,12009.8,29012,"Feira de Santana",2,"Nordeste",0,"290820",7,17,5,12,7,10,0,0,0,0,0,17,5,12,7,10,18,9.39347826214603,10.0328477578418,0.415394838547438,29
"8179","BA","Conceição do Almeida",17165,9215.26,29020,"Santo Antônio de Jesus",2,"Nordeste",0,"290830",2,22,2,20,8,14,0,0,0,0,0,22,2,20,8,14,12,9.12861608457296,9.75062770589179,0.290780558353961,29
"8180","BA","Conceição do Almeida",17165,9215.26,29020,"Santo Antônio de Jesus",2,"Nordeste",0,"290830",3,20,4,16,4,16,0,0,0,0,0,20,4,16,4,16,13,9.12861608457296,9.75062770589179,0.383618038548379,31
"8181","BA","Conceição do Almeida",17165,9215.26,29020,"Santo Antônio de Jesus",2,"Nordeste",0,"290830",4,12,3,9,5,7,0,0,0,0,0,12,3,9,5,7,5,9.12861608457296,9.75062770589179,0.443121549910192,30
"8182","BA","Conceição do Almeida",17165,9215.26,29020,"Santo Antônio de Jesus",2,"Nordeste",0,"290830",5,20,5,15,5,15,0,0,0,0,0,20,5,15,5,15,13,9.12861608457296,9.75062770589179,0.428575520771759,31
"8183","BA","Conceição do Almeida",17165,9215.26,29020,"Santo Antônio de Jesus",2,"Nordeste",0,"290830",6,13,3,10,7,6,0,0,0,0,0,13,3,10,7,6,19,9.12861608457296,9.75062770589179,0.413578945534423,30
"8184","BA","Conceição do Almeida",17165,9215.26,29020,"Santo Antônio de Jesus",2,"Nordeste",0,"290830",7,9,2,7,1,8,0,0,0,0,0,9,2,7,1,8,16,9.12861608457296,9.75062770589179,0.443055412783531,29
"8185","BA","Conceição do Coité",67013,11055.14,29016,"Serrinha",2,"Nordeste",1,"290840",2,139,41,98,58,81,3,0,0,0,0,142,41,98,58,81,35,9.31065075716432,11.1126419094025,0.25710596971593,29
"8186","BA","Conceição do Coité",67013,11055.14,29016,"Serrinha",2,"Nordeste",1,"290840",3,168,63,105,69,99,1,0,0,0,0,169,63,105,69,99,40,9.31065075716432,11.1126419094025,0.337513984261145,31
"8187","BA","Conceição do Coité",67013,11055.14,29016,"Serrinha",2,"Nordeste",1,"290840",4,76,19,57,34,42,1,0,0,0,0,77,19,57,34,42,50,9.31065075716432,11.1126419094025,0.376229160756753,30
"8188","BA","Conceição do Coité",67013,11055.14,29016,"Serrinha",2,"Nordeste",1,"290840",5,63,18,45,25,38,1,0,0,0,0,64,18,45,25,38,43,9.31065075716432,11.1126419094025,0.364716659946845,31
"8189","BA","Conceição do Coité",67013,11055.14,29016,"Serrinha",2,"Nordeste",1,"290840",6,92,26,66,34,58,1,0,0,0,0,93,26,66,34,58,46,9.31065075716432,11.1126419094025,0.344275798741973,30
"8190","BA","Conceição do Coité",67013,11055.14,29016,"Serrinha",2,"Nordeste",1,"290840",7,104,27,77,36,68,1,0,0,0,0,105,27,77,36,68,34,9.31065075716432,11.1126419094025,0.388452074333682,29
"8191","BA","Conceição do Jacuípe",33398,68300.94,29012,"Feira de Santana",2,"Nordeste",1,"290850",2,57,19,38,23,34,1,0,0,0,0,58,19,38,23,34,23,11.1316788082753,10.4162512969324,0.265027514864955,29
"8192","BA","Conceição do Jacuípe",33398,68300.94,29012,"Feira de Santana",2,"Nordeste",1,"290850",3,54,15,39,21,33,0,0,0,0,0,54,15,39,21,33,26,11.1316788082753,10.4162512969324,0.350618020897269,31
"8193","BA","Conceição do Jacuípe",33398,68300.94,29012,"Feira de Santana",2,"Nordeste",1,"290850",4,22,4,18,10,12,0,0,0,0,0,22,4,18,10,12,15,11.1316788082753,10.4162512969324,0.395545926081872,30
"8194","BA","Conceição do Jacuípe",33398,68300.94,29012,"Feira de Santana",2,"Nordeste",1,"290850",5,15,2,13,5,10,0,0,0,0,0,15,2,13,5,10,16,11.1316788082753,10.4162512969324,0.368261450892552,31
"8195","BA","Conceição do Jacuípe",33398,68300.94,29012,"Feira de Santana",2,"Nordeste",1,"290850",6,28,9,19,9,19,0,0,0,0,0,28,9,19,9,19,22,11.1316788082753,10.4162512969324,0.35284354621645,30
"8196","BA","Conceição do Jacuípe",33398,68300.94,29012,"Feira de Santana",2,"Nordeste",1,"290850",7,26,8,18,14,12,2,0,0,0,0,28,8,18,14,12,26,11.1316788082753,10.4162512969324,0.36891391190996,29
"8197","BA","Conde",26035,10604.67,29018,"Entre Rios",2,"Nordeste",0,"290860",2,50,17,33,19,31,0,0,0,0,0,50,17,33,19,31,11,9.26904974911717,10.167197065597,0.282857199759695,29
"8198","BA","Conde",26035,10604.67,29018,"Entre Rios",2,"Nordeste",0,"290860",3,24,17,7,12,12,0,0,0,0,0,24,17,7,12,12,17,9.26904974911717,10.167197065597,0.370944450171298,31
"8199","BA","Conde",26035,10604.67,29018,"Entre Rios",2,"Nordeste",0,"290860",4,24,10,14,11,13,0,0,0,0,0,24,10,14,11,13,4,9.26904974911717,10.167197065597,0.412548908074614,30
"8200","BA","Conde",26035,10604.67,29018,"Entre Rios",2,"Nordeste",0,"290860",5,32,16,16,26,6,0,0,0,0,0,32,16,16,26,6,13,9.26904974911717,10.167197065597,0.423415264701045,31
"8201","BA","Conde",26035,10604.67,29018,"Entre Rios",2,"Nordeste",0,"290860",6,32,15,17,18,14,0,0,0,0,0,32,15,17,18,14,17,9.26904974911717,10.167197065597,0.408817942621095,30
"8202","BA","Conde",26035,10604.67,29018,"Entre Rios",2,"Nordeste",0,"290860",7,21,12,9,10,11,0,0,0,0,0,21,12,9,10,11,11,9.26904974911717,10.167197065597,0.452295887153432,29
"8203","BA","Condeúba",17178,8596.77,29027,"Brumado",2,"Nordeste",0,"290870",2,16,5,11,3,13,0,0,0,0,0,16,5,11,3,13,6,9.05914183029789,9.75138477432617,0.296273689872521,29
"8204","BA","Condeúba",17178,8596.77,29027,"Brumado",2,"Nordeste",0,"290870",3,27,6,21,10,17,0,0,0,0,0,27,6,21,10,17,12,9.05914183029789,9.75138477432617,0.370954771433984,31
"8205","BA","Condeúba",17178,8596.77,29027,"Brumado",2,"Nordeste",0,"290870",4,19,2,17,7,12,0,0,0,0,0,19,2,17,7,12,11,9.05914183029789,9.75138477432617,0.413863191713931,30
"8206","BA","Condeúba",17178,8596.77,29027,"Brumado",2,"Nordeste",0,"290870",5,14,5,9,4,10,0,0,0,0,0,14,5,9,4,10,10,9.05914183029789,9.75138477432617,0.406649401295613,31
"8207","BA","Condeúba",17178,8596.77,29027,"Brumado",2,"Nordeste",0,"290870",6,21,7,14,6,15,0,0,0,0,0,21,7,14,6,15,8,9.05914183029789,9.75138477432617,0.374586743184195,30
"8208","BA","Condeúba",17178,8596.77,29027,"Brumado",2,"Nordeste",0,"290870",7,11,2,9,7,4,0,0,0,0,0,11,2,9,7,4,13,9.05914183029789,9.75138477432617,0.416404571720538,29
"8209","BA","Coração de Maria",22495,7586.96,29012,"Feira de Santana",2,"Nordeste",0,"290890",2,25,9,16,11,14,0,0,0,0,0,25,9,16,11,14,12,8.93418626314809,10.0210483412753,0.250132992051349,29
"8210","BA","Coração de Maria",22495,7586.96,29012,"Feira de Santana",2,"Nordeste",0,"290890",3,31,8,23,7,24,1,0,0,0,0,32,8,23,7,24,16,8.93418626314809,10.0210483412753,0.348306160194889,31
"8211","BA","Coração de Maria",22495,7586.96,29012,"Feira de Santana",2,"Nordeste",0,"290890",4,14,5,9,6,8,0,0,0,0,0,14,5,9,6,8,16,8.93418626314809,10.0210483412753,0.399013289857377,30
"8212","BA","Coração de Maria",22495,7586.96,29012,"Feira de Santana",2,"Nordeste",0,"290890",5,15,6,9,6,9,0,0,0,0,0,15,6,9,6,9,14,8.93418626314809,10.0210483412753,0.387024795903649,31
"8213","BA","Coração de Maria",22495,7586.96,29012,"Feira de Santana",2,"Nordeste",0,"290890",6,17,2,15,6,11,0,0,0,0,0,17,2,15,6,11,16,8.93418626314809,10.0210483412753,0.368106855511305,30
"8214","BA","Coração de Maria",22495,7586.96,29012,"Feira de Santana",2,"Nordeste",0,"290890",7,17,5,12,9,8,0,0,0,0,0,17,5,12,9,8,14,8.93418626314809,10.0210483412753,0.384396905109428,29
"8215","BA","Coribe",14149,8835.24,29003,"Santa Maria da Vitória",2,"Nordeste",0,"290910",2,17,4,13,8,9,0,0,0,0,0,17,4,13,8,9,5,9.08650354907075,9.55739922919595,0.299508826774527,29
"8216","BA","Coribe",14149,8835.24,29003,"Santa Maria da Vitória",2,"Nordeste",0,"290910",3,14,4,10,3,11,0,0,0,0,0,14,4,10,3,11,8,9.08650354907075,9.55739922919595,0.390639035586325,31
"8217","BA","Coribe",14149,8835.24,29003,"Santa Maria da Vitória",2,"Nordeste",0,"290910",4,7,1,6,5,2,0,0,0,0,0,7,1,6,5,2,3,9.08650354907075,9.55739922919595,0.400331080778512,30
"8218","BA","Coribe",14149,8835.24,29003,"Santa Maria da Vitória",2,"Nordeste",0,"290910",5,8,1,7,4,4,0,0,0,0,0,8,1,7,4,4,4,9.08650354907075,9.55739922919595,0.40728911659547,31
"8219","BA","Coribe",14149,8835.24,29003,"Santa Maria da Vitória",2,"Nordeste",0,"290910",6,18,3,15,5,13,1,0,0,0,0,19,3,15,5,13,4,9.08650354907075,9.55739922919595,0.360785535113617,30
"8220","BA","Coribe",14149,8835.24,29003,"Santa Maria da Vitória",2,"Nordeste",0,"290910",7,8,0,8,4,4,0,0,0,0,0,8,0,8,4,4,5,9.08650354907075,9.55739922919595,0.426278106816736,29
"8221","BA","Coronel João Sá",15717,8311.11,29013,"Jeremoabo",2,"Nordeste",0,"290920",2,23,13,10,7,16,0,0,0,0,0,23,13,10,7,16,7,9.0253484529365,9.66249820807633,0.260731213097853,29
"8222","BA","Coronel João Sá",15717,8311.11,29013,"Jeremoabo",2,"Nordeste",0,"290920",3,16,9,7,10,6,0,0,0,0,0,16,9,7,10,6,7,9.0253484529365,9.66249820807633,0.333855766336754,31
"8223","BA","Coronel João Sá",15717,8311.11,29013,"Jeremoabo",2,"Nordeste",0,"290920",4,15,9,6,8,7,0,0,0,0,0,15,9,6,8,7,14,9.0253484529365,9.66249820807633,0.352643907335726,30
"8224","BA","Coronel João Sá",15717,8311.11,29013,"Jeremoabo",2,"Nordeste",0,"290920",5,13,6,7,5,8,0,0,0,0,0,13,6,7,5,8,9,9.0253484529365,9.66249820807633,0.353851900548235,31
"8225","BA","Coronel João Sá",15717,8311.11,29013,"Jeremoabo",2,"Nordeste",0,"290920",6,18,11,7,8,10,0,0,0,0,0,18,11,7,8,10,6,9.0253484529365,9.66249820807633,0.348422288730725,30
"8226","BA","Coronel João Sá",15717,8311.11,29013,"Jeremoabo",2,"Nordeste",0,"290920",7,8,5,3,6,2,0,0,0,0,0,8,5,3,6,2,10,9.0253484529365,9.66249820807633,0.384059457849588,29
"8227","BA","Correntina",32191,60601.65,29003,"Santa Maria da Vitória",2,"Nordeste",0,"290930",2,11,4,7,5,6,1,0,0,0,0,12,4,7,5,6,14,11.0120773994095,10.3794421893586,0.279098847990507,29
"8228","BA","Correntina",32191,60601.65,29003,"Santa Maria da Vitória",2,"Nordeste",0,"290930",3,15,7,8,6,9,0,0,0,0,0,15,7,8,6,9,16,11.0120773994095,10.3794421893586,0.380549474628888,31
"8229","BA","Correntina",32191,60601.65,29003,"Santa Maria da Vitória",2,"Nordeste",0,"290930",4,12,8,4,4,8,1,0,0,0,0,13,8,4,4,8,12,11.0120773994095,10.3794421893586,0.397822492883918,30
"8230","BA","Correntina",32191,60601.65,29003,"Santa Maria da Vitória",2,"Nordeste",0,"290930",5,25,10,15,12,13,0,0,0,0,0,25,10,15,12,13,13,11.0120773994095,10.3794421893586,0.372182474428883,31
"8231","BA","Correntina",32191,60601.65,29003,"Santa Maria da Vitória",2,"Nordeste",0,"290930",6,20,9,11,9,11,0,0,0,0,0,20,9,11,9,11,17,11.0120773994095,10.3794421893586,0.363169066196066,30
"8232","BA","Correntina",32191,60601.65,29003,"Santa Maria da Vitória",2,"Nordeste",0,"290930",7,16,8,8,6,10,0,0,0,0,0,16,8,8,6,10,15,11.0120773994095,10.3794421893586,0.443318769611561,29
"8233","BA","Cotegipe",13769,9186.91,29002,"Cotegipe",2,"Nordeste",0,"290940",2,23,3,20,14,9,0,0,0,0,0,23,3,20,14,9,6,9.12553492377197,9.53017496744437,0.279297627334218,29
"8234","BA","Cotegipe",13769,9186.91,29002,"Cotegipe",2,"Nordeste",0,"290940",3,25,6,19,11,14,0,0,0,0,0,25,6,19,11,14,4,9.12553492377197,9.53017496744437,0.358211710722663,31
"8235","BA","Cotegipe",13769,9186.91,29002,"Cotegipe",2,"Nordeste",0,"290940",4,12,3,9,7,5,0,0,0,0,0,12,3,9,7,5,6,9.12553492377197,9.53017496744437,0.35983523435104,30
"8236","BA","Cotegipe",13769,9186.91,29002,"Cotegipe",2,"Nordeste",0,"290940",5,8,4,4,4,4,0,0,0,0,0,8,4,4,4,4,7,9.12553492377197,9.53017496744437,0.412979242816303,31
"8237","BA","Cotegipe",13769,9186.91,29002,"Cotegipe",2,"Nordeste",0,"290940",6,15,7,8,7,8,1,0,0,0,0,16,7,8,7,8,6,9.12553492377197,9.53017496744437,0.398244145270877,30
"8238","BA","Cotegipe",13769,9186.91,29002,"Cotegipe",2,"Nordeste",0,"290940",7,13,4,9,4,9,0,0,0,0,0,13,4,9,4,9,13,9.12553492377197,9.53017496744437,0.457380535056231,29
"8239","BA","Cravolândia",5351,6994.99,29024,"Jequié",2,"Nordeste",0,"290950",2,8,4,4,2,6,0,0,0,0,0,8,4,4,2,6,1,8.85294945750599,8.5850387383113,0.274627136833166,29
"8240","BA","Cravolândia",5351,6994.99,29024,"Jequié",2,"Nordeste",0,"290950",3,6,3,3,2,4,1,0,0,0,0,7,3,3,2,4,1,8.85294945750599,8.5850387383113,0.368137238996542,31
"8241","BA","Cravolândia",5351,6994.99,29024,"Jequié",2,"Nordeste",0,"290950",4,0,0,0,0,0,0,0,0,0,0,0,0,0,0,0,3,8.85294945750599,8.5850387383113,0.436894128855739,30
"8242","BA","Cravolândia",5351,6994.99,29024,"Jequié",2,"Nordeste",0,"290950",5,3,2,1,0,3,0,0,0,0,0,3,2,1,0,3,5,8.85294945750599,8.5850387383113,0.448962629424367,31
"8243","BA","Cravolândia",5351,6994.99,29024,"Jequié",2,"Nordeste",0,"290950",6,5,1,4,3,2,0,0,0,0,0,5,1,4,3,2,1,8.85294945750599,8.5850387383113,0.406470745940241,30
"8244","BA","Cravolândia",5351,6994.99,29024,"Jequié",2,"Nordeste",0,"290950",7,2,0,2,0,2,0,0,0,0,0,2,0,2,0,2,2,8.85294945750599,8.5850387383113,0.442096291567192,29
"8245","BA","Crisópolis",21163,7257.53,29017,"Alagoinhas",2,"Nordeste",0,"290960",2,41,25,16,20,21,0,0,0,0,0,41,25,16,20,21,9,8.88979482954508,9.96000965286045,0.306255650254033,29
"8246","BA","Crisópolis",21163,7257.53,29017,"Alagoinhas",2,"Nordeste",0,"290960",3,25,11,14,13,12,1,0,0,0,0,26,11,14,13,12,12,8.88979482954508,9.96000965286045,0.387168800155353,31
"8247","BA","Crisópolis",21163,7257.53,29017,"Alagoinhas",2,"Nordeste",0,"290960",4,17,8,9,7,10,0,0,0,0,0,17,8,9,7,10,13,8.88979482954508,9.96000965286045,0.407746274012552,30
"8248","BA","Crisópolis",21163,7257.53,29017,"Alagoinhas",2,"Nordeste",0,"290960",5,18,7,11,11,7,2,0,0,0,0,20,7,11,11,7,16,8.88979482954508,9.96000965286045,0.40521760305848,31
"8249","BA","Crisópolis",21163,7257.53,29017,"Alagoinhas",2,"Nordeste",0,"290960",6,25,12,13,13,12,0,0,0,0,0,25,12,13,13,12,12,8.88979482954508,9.96000965286045,0.374294645238827,30
"8250","BA","Crisópolis",21163,7257.53,29017,"Alagoinhas",2,"Nordeste",0,"290960",7,26,11,15,5,21,1,0,0,0,0,27,11,15,5,21,15,8.88979482954508,9.96000965286045,0.428568233999062,29
"8251","BA","Cristópolis",13947,8040.63,29002,"Cotegipe",2,"Nordeste",0,"290970",2,18,5,13,6,12,0,0,0,0,0,18,5,13,6,12,5,8.99226271731212,9.54301971035869,0.311035374686277,29
"8252","BA","Cristópolis",13947,8040.63,29002,"Cotegipe",2,"Nordeste",0,"290970",3,15,4,11,7,8,0,0,0,0,0,15,4,11,7,8,9,8.99226271731212,9.54301971035869,0.39764921761258,31
"8253","BA","Cristópolis",13947,8040.63,29002,"Cotegipe",2,"Nordeste",0,"290970",4,15,4,11,2,13,0,0,0,0,0,15,4,11,2,13,4,8.99226271731212,9.54301971035869,0.417393637114442,30
"8254","BA","Cristópolis",13947,8040.63,29002,"Cotegipe",2,"Nordeste",0,"290970",5,13,3,10,8,5,0,0,0,0,0,13,3,10,8,5,8,8.99226271731212,9.54301971035869,0.419646909706574,31
"8255","BA","Cristópolis",13947,8040.63,29002,"Cotegipe",2,"Nordeste",0,"290970",6,13,3,10,6,7,0,0,0,0,0,13,3,10,6,7,2,8.99226271731212,9.54301971035869,0.407636360888966,30
"8256","BA","Cristópolis",13947,8040.63,29002,"Cotegipe",2,"Nordeste",0,"290970",7,14,3,11,6,8,1,0,0,0,0,15,3,11,6,8,7,8.99226271731212,9.54301971035869,0.436358419885333,29
"8257","BA","Cruz das Almas",63591,15661.85,29020,"Santo Antônio de Jesus",2,"Nordeste",1,"290980",2,105,25,80,29,76,2,0,0,0,0,107,25,80,29,76,31,9.65898309794412,11.0602272298808,0.265614192855312,29
"8258","BA","Cruz das Almas",63591,15661.85,29020,"Santo Antônio de Jesus",2,"Nordeste",1,"290980",3,100,24,76,32,68,1,0,0,0,0,101,24,76,32,68,23,9.65898309794412,11.0602272298808,0.37898465352117,31
"8259","BA","Cruz das Almas",63591,15661.85,29020,"Santo Antônio de Jesus",2,"Nordeste",1,"290980",4,72,10,62,23,49,1,0,0,0,0,73,10,62,23,49,27,9.65898309794412,11.0602272298808,0.443724008183144,30
"8260","BA","Cruz das Almas",63591,15661.85,29020,"Santo Antônio de Jesus",2,"Nordeste",1,"290980",5,62,11,51,21,41,0,0,0,0,0,62,11,51,21,41,38,9.65898309794412,11.0602272298808,0.420506553581178,31
"8261","BA","Cruz das Almas",63591,15661.85,29020,"Santo Antônio de Jesus",2,"Nordeste",1,"290980",6,59,6,53,18,41,1,0,0,0,0,60,6,53,18,41,48,9.65898309794412,11.0602272298808,0.390004304101221,30
"8262","BA","Cruz das Almas",63591,15661.85,29020,"Santo Antônio de Jesus",2,"Nordeste",1,"290980",7,60,11,49,21,39,0,0,0,0,0,60,11,49,21,39,41,9.65898309794412,11.0602272298808,0.433751704324838,29
"8263","BA","Curaçá",34886,9240.01,29004,"Juazeiro",2,"Nordeste",0,"290990",2,62,19,43,27,35,1,0,0,0,0,63,19,43,27,35,23,9.13129824688623,10.4598408815781,0.2767396146563,29
"8264","BA","Curaçá",34886,9240.01,29004,"Juazeiro",2,"Nordeste",0,"290990",3,58,20,38,33,25,1,0,0,0,0,59,20,38,33,25,22,9.13129824688623,10.4598408815781,0.348084642490547,31
"8265","BA","Curaçá",34886,9240.01,29004,"Juazeiro",2,"Nordeste",0,"290990",4,41,11,30,24,17,1,0,0,0,0,42,11,30,24,17,16,9.13129824688623,10.4598408815781,0.379292221658765,30
"8266","BA","Curaçá",34886,9240.01,29004,"Juazeiro",2,"Nordeste",0,"290990",5,37,13,24,23,14,0,0,0,0,0,37,13,24,23,14,18,9.13129824688623,10.4598408815781,0.381147844173969,31
"8267","BA","Curaçá",34886,9240.01,29004,"Juazeiro",2,"Nordeste",0,"290990",6,50,23,27,25,25,0,0,0,0,0,50,23,27,25,25,15,9.13129824688623,10.4598408815781,0.343224009703976,30
"8268","BA","Curaçá",34886,9240.01,29004,"Juazeiro",2,"Nordeste",0,"290990",7,46,11,35,24,22,0,0,0,0,0,46,11,35,24,22,12,9.13129824688623,10.4598408815781,0.400302677216191,29
"8269","BA","Dário Meira",10525,8302.03,29028,"Vitória da Conquista",2,"Nordeste",0,"291000",2,12,1,11,5,7,0,0,0,0,0,12,1,11,5,7,5,9.02425534219354,9.26150865855058,0.308578246424723,29
"8270","BA","Dário Meira",10525,8302.03,29028,"Vitória da Conquista",2,"Nordeste",0,"291000",3,20,11,9,13,7,0,0,0,0,0,20,11,9,13,7,8,9.02425534219354,9.26150865855058,0.375056584895919,31
"8271","BA","Dário Meira",10525,8302.03,29028,"Vitória da Conquista",2,"Nordeste",0,"291000",4,12,5,7,7,5,0,0,0,0,0,12,5,7,7,5,9,9.02425534219354,9.26150865855058,0.392022169409109,30
"8272","BA","Dário Meira",10525,8302.03,29028,"Vitória da Conquista",2,"Nordeste",0,"291000",5,12,2,10,8,4,0,0,0,0,0,12,2,10,8,4,8,9.02425534219354,9.26150865855058,0.425573380169482,31
"8273","BA","Dário Meira",10525,8302.03,29028,"Vitória da Conquista",2,"Nordeste",0,"291000",6,14,8,6,5,9,0,0,0,0,0,14,8,6,5,9,8,9.02425534219354,9.26150865855058,0.40880160189757,30
"8274","BA","Dário Meira",10525,8302.03,29028,"Vitória da Conquista",2,"Nordeste",0,"291000",7,12,5,7,6,6,0,0,0,0,0,12,5,7,6,6,10,9.02425534219354,9.26150865855058,0.477106812056624,29
"8275","BA","Dias d'Ávila",82432,36526.22,29021,"Salvador",2,"Nordeste",1,"291005",2,138,44,94,47,91,2,0,0,0,0,140,44,94,47,91,37,10.5057856378407,11.319728990024,0.289374187511701,29
"8276","BA","Dias d'Ávila",82432,36526.22,29021,"Salvador",2,"Nordeste",1,"291005",3,114,30,84,39,75,3,0,0,0,0,117,30,84,39,75,39,10.5057856378407,11.319728990024,0.383679380923644,31
"8277","BA","Dias d'Ávila",82432,36526.22,29021,"Salvador",2,"Nordeste",1,"291005",4,82,20,62,34,48,1,0,0,0,0,83,20,62,34,48,40,10.5057856378407,11.319728990024,0.445811059082817,30
"8278","BA","Dias d'Ávila",82432,36526.22,29021,"Salvador",2,"Nordeste",1,"291005",5,74,19,55,28,46,1,0,0,0,0,75,19,55,28,46,39,10.5057856378407,11.319728990024,0.428720504880341,31
"8279","BA","Dias d'Ávila",82432,36526.22,29021,"Salvador",2,"Nordeste",1,"291005",6,75,15,60,35,40,0,0,0,0,0,75,15,60,35,40,58,10.5057856378407,11.319728990024,0.403664268420768,30
"8280","BA","Dias d'Ávila",82432,36526.22,29021,"Salvador",2,"Nordeste",1,"291005",7,83,17,66,27,56,2,0,0,0,0,85,17,66,27,56,51,10.5057856378407,11.319728990024,0.413210765355605,29
"8281","BA","Dom Basílio",12240,9129.47,29025,"Livramento do Brumado",2,"Nordeste",0,"291010",2,27,10,17,8,19,0,0,0,0,0,27,10,17,8,19,6,9.11926292152067,9.41246455606632,0.283307110718764,29
"8282","BA","Dom Basílio",12240,9129.47,29025,"Livramento do Brumado",2,"Nordeste",0,"291010",3,17,10,7,1,16,0,0,0,0,0,17,10,7,1,16,7,9.11926292152067,9.41246455606632,0.390406844762419,31
"8283","BA","Dom Basílio",12240,9129.47,29025,"Livramento do Brumado",2,"Nordeste",0,"291010",4,5,2,3,3,2,0,0,0,0,0,5,2,3,3,2,3,9.11926292152067,9.41246455606632,0.375855659824187,30
"8284","BA","Dom Basílio",12240,9129.47,29025,"Livramento do Brumado",2,"Nordeste",0,"291010",5,9,2,7,4,5,0,0,0,0,0,9,2,7,4,5,5,9.11926292152067,9.41246455606632,0.404542062342562,31
"8285","BA","Dom Basílio",12240,9129.47,29025,"Livramento do Brumado",2,"Nordeste",0,"291010",6,14,8,6,8,6,0,0,0,0,0,14,8,6,8,6,9,9.11926292152067,9.41246455606632,0.376618459223138,30
"8286","BA","Dom Basílio",12240,9129.47,29025,"Livramento do Brumado",2,"Nordeste",0,"291010",7,17,5,12,9,8,0,0,0,0,0,17,5,12,9,8,8,9.11926292152067,9.41246455606632,0.428652826770466,29
"8287","BA","Elísio Medrado",8126,7109.8,29012,"Feira de Santana",2,"Nordeste",0,"291030",2,8,2,6,3,5,0,0,0,0,0,8,2,6,3,5,7,8.86922939300643,9.00282407654767,0.297591961147495,29
"8288","BA","Elísio Medrado",8126,7109.8,29012,"Feira de Santana",2,"Nordeste",0,"291030",3,9,2,7,1,8,0,0,0,0,0,9,2,7,1,8,9,8.86922939300643,9.00282407654767,0.374261539769233,31
"8289","BA","Elísio Medrado",8126,7109.8,29012,"Feira de Santana",2,"Nordeste",0,"291030",4,11,1,10,3,8,0,0,0,0,0,11,1,10,3,8,8,8.86922939300643,9.00282407654767,0.39083059044203,30
"8290","BA","Elísio Medrado",8126,7109.8,29012,"Feira de Santana",2,"Nordeste",0,"291030",5,5,1,4,3,2,0,0,0,0,0,5,1,4,3,2,6,8.86922939300643,9.00282407654767,0.401711044506363,31
"8291","BA","Elísio Medrado",8126,7109.8,29012,"Feira de Santana",2,"Nordeste",0,"291030",6,1,0,1,0,1,1,0,0,0,0,2,0,1,0,1,1,8.86922939300643,9.00282407654767,0.373644148354943,30
"8292","BA","Elísio Medrado",8126,7109.8,29012,"Feira de Santana",2,"Nordeste",0,"291030",7,6,1,5,0,6,0,0,0,0,0,6,1,5,0,6,2,8.86922939300643,9.00282407654767,0.4282309968256,29
"8293","BA","Encruzilhada",16446,10359.26,29029,"Itapetinga",2,"Nordeste",0,"291040",2,37,19,18,22,15,0,0,0,0,0,37,19,18,22,15,8,9.2456360846909,9.70783756553084,0.299136900517154,29
"8294","BA","Encruzilhada",16446,10359.26,29029,"Itapetinga",2,"Nordeste",0,"291040",3,42,16,26,14,28,0,0,0,0,0,42,16,26,14,28,10,9.2456360846909,9.70783756553084,0.373235448061696,31
"8295","BA","Encruzilhada",16446,10359.26,29029,"Itapetinga",2,"Nordeste",0,"291040",4,19,7,12,10,9,0,0,0,0,0,19,7,12,10,9,10,9.2456360846909,9.70783756553084,0.359588513617407,30
"8296","BA","Encruzilhada",16446,10359.26,29029,"Itapetinga",2,"Nordeste",0,"291040",5,15,11,4,8,7,0,0,0,0,0,15,11,4,8,7,5,9.2456360846909,9.70783756553084,0.394184308100447,31
"8297","BA","Encruzilhada",16446,10359.26,29029,"Itapetinga",2,"Nordeste",0,"291040",6,23,10,13,13,10,0,0,0,0,0,23,10,13,13,10,11,9.2456360846909,9.70783756553084,0.379643036724817,30
"8298","BA","Encruzilhada",16446,10359.26,29029,"Itapetinga",2,"Nordeste",0,"291040",7,22,11,11,14,8,0,0,0,0,0,22,11,11,14,8,15,9.2456360846909,9.70783756553084,0.441043656857775,29
"8299","BA","Entre Rios",41901,13407.68,29018,"Entre Rios",2,"Nordeste",0,"291050",2,52,11,41,21,31,1,0,0,0,0,53,11,41,21,31,15,9.50358295608861,10.6430649719739,0.263041844092059,29
"8300","BA","Entre Rios",41901,13407.68,29018,"Entre Rios",2,"Nordeste",0,"291050",3,25,4,21,10,15,1,0,0,0,0,26,4,21,10,15,12,9.50358295608861,10.6430649719739,0.355382041607045,31
"8301","BA","Entre Rios",41901,13407.68,29018,"Entre Rios",2,"Nordeste",0,"291050",4,24,10,14,12,12,2,0,0,0,0,26,10,14,12,12,13,9.50358295608861,10.6430649719739,0.380259130909065,30
"8302","BA","Entre Rios",41901,13407.68,29018,"Entre Rios",2,"Nordeste",0,"291050",5,22,9,13,8,14,0,0,0,0,0,22,9,13,8,14,25,9.50358295608861,10.6430649719739,0.38531169844375,31
"8303","BA","Entre Rios",41901,13407.68,29018,"Entre Rios",2,"Nordeste",0,"291050",6,22,9,13,10,12,1,0,0,0,0,23,9,13,10,12,25,9.50358295608861,10.6430649719739,0.362321981273921,30
"8304","BA","Entre Rios",41901,13407.68,29018,"Entre Rios",2,"Nordeste",0,"291050",7,20,6,14,9,11,1,0,0,0,0,21,6,14,9,11,24,9.50358295608861,10.6430649719739,0.398547072384833,29
"8305","BA","Esplanada",37578,17024.93,29018,"Entre Rios",2,"Nordeste",0,"291060",2,61,32,29,28,33,1,0,0,0,0,62,32,29,28,33,17,9.74243401940867,10.5341740517535,0.287347889638027,29
"8306","BA","Esplanada",37578,17024.93,29018,"Entre Rios",2,"Nordeste",0,"291060",3,63,21,42,26,37,0,0,0,0,0,63,21,42,26,37,19,9.74243401940867,10.5341740517535,0.39243296273091,31
"8307","BA","Esplanada",37578,17024.93,29018,"Entre Rios",2,"Nordeste",0,"291060",4,24,8,16,12,12,0,0,0,0,0,24,8,16,12,12,14,9.74243401940867,10.5341740517535,0.404525986377877,30
"8308","BA","Esplanada",37578,17024.93,29018,"Entre Rios",2,"Nordeste",0,"291060",5,32,11,21,13,19,1,0,0,0,0,33,11,21,13,19,16,9.74243401940867,10.5341740517535,0.396740446855146,31
"8309","BA","Esplanada",37578,17024.93,29018,"Entre Rios",2,"Nordeste",0,"291060",6,31,11,20,16,15,0,0,0,0,0,31,11,20,16,15,16,9.74243401940867,10.5341740517535,0.382037910551275,30
"8310","BA","Esplanada",37578,17024.93,29018,"Entre Rios",2,"Nordeste",0,"291060",7,33,13,20,15,18,1,0,0,0,0,34,13,20,15,18,23,9.74243401940867,10.5341740517535,0.423308743630192,29
"8311","BA","Euclides da Cunha",60858,9236.04,29014,"Euclides da Cunha",2,"Nordeste",0,"291070",2,91,34,57,34,57,0,0,0,0,0,91,34,57,34,57,33,9.13086850134418,11.0162985606041,0.267702839411307,29
"8312","BA","Euclides da Cunha",60858,9236.04,29014,"Euclides da Cunha",2,"Nordeste",0,"291070",3,94,38,56,45,49,1,0,0,0,0,95,38,56,45,49,31,9.13086850134418,11.0162985606041,0.352143757651335,31
"8313","BA","Euclides da Cunha",60858,9236.04,29014,"Euclides da Cunha",2,"Nordeste",0,"291070",4,54,26,28,25,29,1,0,0,0,0,55,26,28,25,29,26,9.13086850134418,11.0162985606041,0.407004875479558,30
"8314","BA","Euclides da Cunha",60858,9236.04,29014,"Euclides da Cunha",2,"Nordeste",0,"291070",5,53,26,27,25,28,0,0,0,0,0,53,26,27,25,28,35,9.13086850134418,11.0162985606041,0.396358995089034,31
"8315","BA","Euclides da Cunha",60858,9236.04,29014,"Euclides da Cunha",2,"Nordeste",0,"291070",6,57,13,44,28,29,0,0,0,0,0,57,13,44,28,29,36,9.13086850134418,11.0162985606041,0.379895340709378,30
"8316","BA","Euclides da Cunha",60858,9236.04,29014,"Euclides da Cunha",2,"Nordeste",0,"291070",7,52,18,34,26,26,1,0,0,0,0,53,18,34,26,26,26,9.13086850134418,11.0162985606041,0.41509280429528,29
"8317","BA","Eunápolis",114396,25735.13,29032,"Porto Seguro",2,"Nordeste",1,"291072",2,217,64,153,83,134,2,0,0,0,0,219,64,153,83,134,73,10.1556122635604,11.6474213922816,0.27511177879435,29
"8318","BA","Eunápolis",114396,25735.13,29032,"Porto Seguro",2,"Nordeste",1,"291072",3,239,67,172,105,134,2,0,0,0,0,241,67,172,105,134,56,10.1556122635604,11.6474213922816,0.362744056274096,31
"8319","BA","Eunápolis",114396,25735.13,29032,"Porto Seguro",2,"Nordeste",1,"291072",4,137,44,93,56,81,2,0,0,0,0,139,44,93,56,81,59,10.1556122635604,11.6474213922816,0.396639111450876,30
"8320","BA","Eunápolis",114396,25735.13,29032,"Porto Seguro",2,"Nordeste",1,"291072",5,120,44,76,45,75,0,0,0,0,0,120,44,76,45,75,80,10.1556122635604,11.6474213922816,0.391452135020448,31
"8321","BA","Eunápolis",114396,25735.13,29032,"Porto Seguro",2,"Nordeste",1,"291072",6,145,46,99,54,91,1,0,0,0,0,146,46,99,54,91,92,10.1556122635604,11.6474213922816,0.370793199230307,30
"8322","BA","Eunápolis",114396,25735.13,29032,"Porto Seguro",2,"Nordeste",1,"291072",7,158,64,94,76,82,2,0,0,0,0,160,64,94,76,82,91,10.1556122635604,11.6474213922816,0.388473225811821,29
"8323","BA","Fátima",17845,9681.7,29015,"Ribeira do Pombal",2,"Nordeste",0,"291075",2,19,8,11,9,10,0,0,0,0,0,19,8,11,9,10,3,9.17799278468598,9.78947863592426,0.271220879711601,29
"8324","BA","Fátima",17845,9681.7,29015,"Ribeira do Pombal",2,"Nordeste",0,"291075",3,24,6,18,7,17,1,0,0,0,0,25,6,18,7,17,11,9.17799278468598,9.78947863592426,0.357730448778084,31
"8325","BA","Fátima",17845,9681.7,29015,"Ribeira do Pombal",2,"Nordeste",0,"291075",4,19,8,11,10,9,0,0,0,0,0,19,8,11,10,9,12,9.17799278468598,9.78947863592426,0.406542827987726,30
"8326","BA","Fátima",17845,9681.7,29015,"Ribeira do Pombal",2,"Nordeste",0,"291075",5,18,7,11,4,14,0,0,0,0,0,18,7,11,4,14,9,9.17799278468598,9.78947863592426,0.4015938658181,31
"8327","BA","Fátima",17845,9681.7,29015,"Ribeira do Pombal",2,"Nordeste",0,"291075",6,14,5,9,5,9,0,0,0,0,0,14,5,9,5,9,17,9.17799278468598,9.78947863592426,0.386791186611613,30
"8328","BA","Fátima",17845,9681.7,29015,"Ribeira do Pombal",2,"Nordeste",0,"291075",7,10,3,7,2,8,1,0,0,0,0,11,3,7,2,8,11,9.17799278468598,9.78947863592426,0.421950205508848,29
"8329","BA","Feira de Santana",619609,24074.06,29012,"Feira de Santana",2,"Nordeste",1,"291080",2,1242,331,911,430,812,5,0,0,0,0,1247,331,911,430,812,295,10.0888901912519,13.3368439129197,0.274748361043599,29
"8330","BA","Feira de Santana",619609,24074.06,29012,"Feira de Santana",2,"Nordeste",1,"291080",3,1306,332,974,441,865,5,0,0,0,0,1311,332,974,441,865,374,10.0888901912519,13.3368439129197,0.376540786764296,31
"8331","BA","Feira de Santana",619609,24074.06,29012,"Feira de Santana",2,"Nordeste",1,"291080",4,796,193,603,237,559,8,0,0,0,0,804,193,603,237,559,331,10.0888901912519,13.3368439129197,0.419842845899174,30
"8332","BA","Feira de Santana",619609,24074.06,29012,"Feira de Santana",2,"Nordeste",1,"291080",5,672,156,516,221,451,7,0,0,0,0,679,156,516,221,451,381,10.0888901912519,13.3368439129197,0.393223843263017,31
"8333","BA","Feira de Santana",619609,24074.06,29012,"Feira de Santana",2,"Nordeste",1,"291080",6,718,175,543,252,466,4,0,0,0,0,722,175,543,252,466,433,10.0888901912519,13.3368439129197,0.37618947998049,30
"8334","BA","Feira de Santana",619609,24074.06,29012,"Feira de Santana",2,"Nordeste",1,"291080",7,714,153,561,249,465,9,0,0,0,0,723,153,561,249,465,499,10.0888901912519,13.3368439129197,0.399247453566485,29
"8335","BA","Filadélfia",16345,7291.65,29008,"Senhor do Bonfim",2,"Nordeste",0,"291085",2,22,5,17,13,9,0,0,0,0,0,22,5,17,13,9,8,8.89448513684081,9.70167731915831,0.286931667924927,29
"8336","BA","Filadélfia",16345,7291.65,29008,"Senhor do Bonfim",2,"Nordeste",0,"291085",3,30,8,22,11,19,0,0,0,0,0,30,8,22,11,19,12,8.89448513684081,9.70167731915831,0.366463115476522,31
"8337","BA","Filadélfia",16345,7291.65,29008,"Senhor do Bonfim",2,"Nordeste",0,"291085",4,24,9,15,14,10,1,0,0,0,0,25,9,15,14,10,9,8.89448513684081,9.70167731915831,0.38520452517692,30
"8338","BA","Filadélfia",16345,7291.65,29008,"Senhor do Bonfim",2,"Nordeste",0,"291085",5,17,7,10,8,9,0,0,0,0,0,17,7,10,8,9,11,8.89448513684081,9.70167731915831,0.37788250076103,31
"8339","BA","Filadélfia",16345,7291.65,29008,"Senhor do Bonfim",2,"Nordeste",0,"291085",6,13,5,8,5,8,0,0,0,0,0,13,5,8,5,8,10,8.89448513684081,9.70167731915831,0.373248373925544,30
"8340","BA","Filadélfia",16345,7291.65,29008,"Senhor do Bonfim",2,"Nordeste",0,"291085",7,30,6,24,12,18,0,0,0,0,0,30,6,24,12,18,6,8.89448513684081,9.70167731915831,0.423237506446254,29
"8341","BA","Firmino Alves",5629,8586.85,29031,"Ilhéus-Itabuna",2,"Nordeste",0,"291090",2,11,6,5,1,10,0,0,0,0,0,11,6,5,1,10,1,9.05798724225393,8.63568708546403,0.328219151930563,29
"8342","BA","Firmino Alves",5629,8586.85,29031,"Ilhéus-Itabuna",2,"Nordeste",0,"291090",3,4,2,2,2,2,0,0,0,0,0,4,2,2,2,2,4,9.05798724225393,8.63568708546403,0.390486067494665,31
"8343","BA","Firmino Alves",5629,8586.85,29031,"Ilhéus-Itabuna",2,"Nordeste",0,"291090",4,4,1,3,1,3,0,0,0,0,0,4,1,3,1,3,3,9.05798724225393,8.63568708546403,0.403038225661121,30
"8344","BA","Firmino Alves",5629,8586.85,29031,"Ilhéus-Itabuna",2,"Nordeste",0,"291090",5,1,1,0,1,0,0,0,0,0,0,1,1,0,1,0,2,9.05798724225393,8.63568708546403,0.373317597743644,31
"8345","BA","Firmino Alves",5629,8586.85,29031,"Ilhéus-Itabuna",2,"Nordeste",0,"291090",6,5,1,4,2,3,0,0,0,0,0,5,1,4,2,3,3,9.05798724225393,8.63568708546403,0.393302900371176,30
"8346","BA","Firmino Alves",5629,8586.85,29031,"Ilhéus-Itabuna",2,"Nordeste",0,"291090",7,5,3,2,4,1,0,0,0,0,0,5,3,2,4,1,6,9.05798724225393,8.63568708546403,0.443446635777868,29
"8347","BA","Floresta Azul",10575,7384.34,29031,"Ilhéus-Itabuna",2,"Nordeste",0,"291100",2,21,8,13,9,12,0,0,0,0,0,21,8,13,9,12,6,8.90711682062642,9.26624800391448,0.297139477232711,29
"8348","BA","Floresta Azul",10575,7384.34,29031,"Ilhéus-Itabuna",2,"Nordeste",0,"291100",3,15,4,11,7,8,0,0,0,0,0,15,4,11,7,8,3,8.90711682062642,9.26624800391448,0.404044987162085,31
"8349","BA","Floresta Azul",10575,7384.34,29031,"Ilhéus-Itabuna",2,"Nordeste",0,"291100",4,11,4,7,4,7,0,0,0,0,0,11,4,7,4,7,4,8.90711682062642,9.26624800391448,0.434894119312177,30
"8350","BA","Floresta Azul",10575,7384.34,29031,"Ilhéus-Itabuna",2,"Nordeste",0,"291100",5,7,2,5,4,3,0,0,0,0,0,7,2,5,4,3,5,8.90711682062642,9.26624800391448,0.416173564915491,31
"8351","BA","Floresta Azul",10575,7384.34,29031,"Ilhéus-Itabuna",2,"Nordeste",0,"291100",6,5,3,2,3,2,0,0,0,0,0,5,3,2,3,2,9,8.90711682062642,9.26624800391448,0.392477664965956,30
"8352","BA","Floresta Azul",10575,7384.34,29031,"Ilhéus-Itabuna",2,"Nordeste",0,"291100",7,6,2,4,2,4,1,0,0,0,0,7,2,4,2,4,6,8.90711682062642,9.26624800391448,0.413256536853719,29
"8353","BA","Formosa do Rio Preto",25857,106481.34,29001,"Barreiras",2,"Nordeste",0,"291110",2,60,10,50,24,36,0,0,0,0,0,60,10,50,24,36,10,11.5757250375127,10.1603366363155,0.240918251902684,29
"8354","BA","Formosa do Rio Preto",25857,106481.34,29001,"Barreiras",2,"Nordeste",0,"291110",3,57,15,42,32,25,0,0,0,0,0,57,15,42,32,25,9,11.5757250375127,10.1603366363155,0.316759504767473,31
"8355","BA","Formosa do Rio Preto",25857,106481.34,29001,"Barreiras",2,"Nordeste",0,"291110",4,39,16,23,22,17,1,0,0,0,0,40,16,23,22,17,8,11.5757250375127,10.1603366363155,0.338491680212739,30
"8356","BA","Formosa do Rio Preto",25857,106481.34,29001,"Barreiras",2,"Nordeste",0,"291110",5,43,17,26,26,17,0,0,0,0,0,43,17,26,26,17,8,11.5757250375127,10.1603366363155,0.360400703396855,31
"8357","BA","Formosa do Rio Preto",25857,106481.34,29001,"Barreiras",2,"Nordeste",0,"291110",6,32,6,26,14,18,0,0,0,0,0,32,6,26,14,18,8,11.5757250375127,10.1603366363155,0.348826978987911,30
"8358","BA","Formosa do Rio Preto",25857,106481.34,29001,"Barreiras",2,"Nordeste",0,"291110",7,51,17,34,27,24,1,0,0,0,0,52,17,34,27,24,11,11.5757250375127,10.1603366363155,0.368894280054428,29
"8359","BA","Gandu",32596,11199.11,29031,"Ilhéus-Itabuna",2,"Nordeste",1,"291120",2,52,17,35,21,31,0,0,0,0,0,52,17,35,21,31,15,9.32358958984002,10.3919448604401,0.256221849353827,29
"8360","BA","Gandu",32596,11199.11,29031,"Ilhéus-Itabuna",2,"Nordeste",1,"291120",3,51,21,30,25,26,0,0,0,0,0,51,21,30,25,26,12,9.32358958984002,10.3919448604401,0.334244695282659,31
"8361","BA","Gandu",32596,11199.11,29031,"Ilhéus-Itabuna",2,"Nordeste",1,"291120",4,31,11,20,16,15,0,0,0,0,0,31,11,20,16,15,21,9.32358958984002,10.3919448604401,0.384542577638486,30
"8362","BA","Gandu",32596,11199.11,29031,"Ilhéus-Itabuna",2,"Nordeste",1,"291120",5,26,9,17,15,11,4,0,0,0,0,30,9,17,15,11,12,9.32358958984002,10.3919448604401,0.369923155160029,31
"8363","BA","Gandu",32596,11199.11,29031,"Ilhéus-Itabuna",2,"Nordeste",1,"291120",6,35,7,28,15,20,3,0,0,0,0,38,7,28,15,20,31,9.32358958984002,10.3919448604401,0.377675538216554,30
"8364","BA","Gandu",32596,11199.11,29031,"Ilhéus-Itabuna",2,"Nordeste",1,"291120",7,28,11,17,16,12,0,0,0,0,0,28,11,17,16,12,24,9.32358958984002,10.3919448604401,0.427913120537144,29
"8365","BA","Gentio do Ouro",11259,13219.03,29009,"Irecê",2,"Nordeste",0,"291130",2,23,9,14,10,13,0,0,0,0,0,23,9,14,10,13,9,9.48941273703745,9.32892308780313,0.294154788743695,29
"8366","BA","Gentio do Ouro",11259,13219.03,29009,"Irecê",2,"Nordeste",0,"291130",3,17,4,13,8,9,0,0,0,0,0,17,4,13,8,9,1,9.48941273703745,9.32892308780313,0.378678526253172,31
"8367","BA","Gentio do Ouro",11259,13219.03,29009,"Irecê",2,"Nordeste",0,"291130",4,9,2,7,5,4,0,0,0,0,0,9,2,7,5,4,6,9.48941273703745,9.32892308780313,0.415938222657864,30
"8368","BA","Gentio do Ouro",11259,13219.03,29009,"Irecê",2,"Nordeste",0,"291130",5,9,2,7,3,6,1,0,0,0,0,10,2,7,3,6,5,9.48941273703745,9.32892308780313,0.409405798911314,31
"8369","BA","Gentio do Ouro",11259,13219.03,29009,"Irecê",2,"Nordeste",0,"291130",6,7,1,6,3,4,0,0,0,0,0,7,1,6,3,4,4,9.48941273703745,9.32892308780313,0.412102214646439,30
"8370","BA","Gentio do Ouro",11259,13219.03,29009,"Irecê",2,"Nordeste",0,"291130",7,5,5,0,1,4,0,0,0,0,0,5,5,0,1,4,11,9.48941273703745,9.32892308780313,0.502289767949447,29
"8371","BA","Glória",15234,11236.96,29005,"Paulo Afonso",2,"Nordeste",0,"291140",2,32,9,23,19,13,0,0,0,0,0,32,9,23,19,13,6,9.32696362423262,9.63128505093273,0.343887664755943,29
"8372","BA","Glória",15234,11236.96,29005,"Paulo Afonso",2,"Nordeste",0,"291140",3,27,12,15,11,16,0,0,0,0,0,27,12,15,11,16,9,9.32696362423262,9.63128505093273,0.429844229588239,31
"8373","BA","Glória",15234,11236.96,29005,"Paulo Afonso",2,"Nordeste",0,"291140",4,20,9,11,13,7,0,0,0,0,0,20,9,11,13,7,5,9.32696362423262,9.63128505093273,0.468612159191652,30
"8374","BA","Glória",15234,11236.96,29005,"Paulo Afonso",2,"Nordeste",0,"291140",5,20,9,11,11,9,0,0,0,0,0,20,9,11,11,9,6,9.32696362423262,9.63128505093273,0.473385364530144,31
"8375","BA","Glória",15234,11236.96,29005,"Paulo Afonso",2,"Nordeste",0,"291140",6,24,8,16,11,13,0,0,0,0,0,24,8,16,11,13,7,9.32696362423262,9.63128505093273,0.468943789750124,30
"8376","BA","Glória",15234,11236.96,29005,"Paulo Afonso",2,"Nordeste",0,"291140",7,26,8,18,13,13,0,0,0,0,0,26,8,18,13,13,12,9.32696362423262,9.63128505093273,0.518882648962381,29
"8377","BA","Gongogi",6985,8058.7,29031,"Ilhéus-Itabuna",2,"Nordeste",0,"291150",2,9,1,8,5,4,0,0,0,0,0,9,1,8,5,4,3,8.99450753216941,8.85152027169106,0.328230301905495,29
"8378","BA","Gongogi",6985,8058.7,29031,"Ilhéus-Itabuna",2,"Nordeste",0,"291150",3,5,1,4,2,3,0,0,0,0,0,5,1,4,2,3,4,8.99450753216941,8.85152027169106,0.41743029017973,31
"8379","BA","Gongogi",6985,8058.7,29031,"Ilhéus-Itabuna",2,"Nordeste",0,"291150",4,5,2,3,4,1,0,0,0,0,0,5,2,3,4,1,5,8.99450753216941,8.85152027169106,0.448583471190891,30
"8380","BA","Gongogi",6985,8058.7,29031,"Ilhéus-Itabuna",2,"Nordeste",0,"291150",5,5,1,4,2,3,0,0,0,0,0,5,1,4,2,3,2,8.99450753216941,8.85152027169106,0.417760249993057,31
"8381","BA","Gongogi",6985,8058.7,29031,"Ilhéus-Itabuna",2,"Nordeste",0,"291150",6,7,3,4,5,2,0,0,0,0,0,7,3,4,5,2,5,8.99450753216941,8.85152027169106,0.40984522699209,30
"8382","BA","Gongogi",6985,8058.7,29031,"Ilhéus-Itabuna",2,"Nordeste",0,"291150",7,6,3,3,4,2,0,0,0,0,0,6,3,3,4,2,4,8.99450753216941,8.85152027169106,0.41595849377704,29
"8383","BA","Governador Mangabeira",20762,8678.35,29020,"Santo Antônio de Jesus",2,"Nordeste",1,"291160",2,32,8,24,12,20,1,0,0,0,0,33,8,24,12,20,13,9.06858669741869,9.94087967175319,0.290761809909101,29
"8384","BA","Governador Mangabeira",20762,8678.35,29020,"Santo Antônio de Jesus",2,"Nordeste",1,"291160",3,34,5,29,12,22,0,0,0,0,0,34,5,29,12,22,7,9.06858669741869,9.94087967175319,0.382964694556905,31
"8385","BA","Governador Mangabeira",20762,8678.35,29020,"Santo Antônio de Jesus",2,"Nordeste",1,"291160",4,19,2,17,4,15,0,0,0,0,0,19,2,17,4,15,7,9.06858669741869,9.94087967175319,0.426536949302688,30
"8386","BA","Governador Mangabeira",20762,8678.35,29020,"Santo Antônio de Jesus",2,"Nordeste",1,"291160",5,21,7,14,12,9,0,0,0,0,0,21,7,14,12,9,17,9.06858669741869,9.94087967175319,0.412949203427634,31
"8387","BA","Governador Mangabeira",20762,8678.35,29020,"Santo Antônio de Jesus",2,"Nordeste",1,"291160",6,29,6,23,9,20,0,0,0,0,0,29,6,23,9,20,13,9.06858669741869,9.94087967175319,0.371588663165571,30
"8388","BA","Governador Mangabeira",20762,8678.35,29020,"Santo Antônio de Jesus",2,"Nordeste",1,"291160",7,23,3,20,8,15,2,0,0,0,0,25,3,20,8,15,13,9.06858669741869,9.94087967175319,0.409204669174021,29
"8389","BA","Guanambi",84928,15961.44,29026,"Guanambi",2,"Nordeste",1,"291170",2,183,31,152,45,138,0,0,0,0,0,183,31,152,45,138,45,9.67793109249763,11.3495591176919,0.27904685979208,29
"8390","BA","Guanambi",84928,15961.44,29026,"Guanambi",2,"Nordeste",1,"291170",3,169,43,126,52,117,0,0,0,0,0,169,43,126,52,117,34,9.67793109249763,11.3495591176919,0.361036530140951,31
"8391","BA","Guanambi",84928,15961.44,29026,"Guanambi",2,"Nordeste",1,"291170",4,99,18,81,27,72,0,0,0,0,0,99,18,81,27,72,44,9.67793109249763,11.3495591176919,0.388400321734136,30
"8392","BA","Guanambi",84928,15961.44,29026,"Guanambi",2,"Nordeste",1,"291170",5,102,19,83,34,68,1,0,0,0,0,103,19,83,34,68,42,9.67793109249763,11.3495591176919,0.381999192616508,31
"8393","BA","Guanambi",84928,15961.44,29026,"Guanambi",2,"Nordeste",1,"291170",6,109,29,80,36,73,2,0,0,0,0,111,29,80,36,73,40,9.67793109249763,11.3495591176919,0.346457944390419,30
"8394","BA","Guanambi",84928,15961.44,29026,"Guanambi",2,"Nordeste",1,"291170",7,105,15,90,33,72,0,0,0,0,0,105,15,90,33,72,41,9.67793109249763,11.3495591176919,0.374874275219526,29
"8395","BA","Guaratinga",20700,9374.74,29032,"Porto Seguro",2,"Nordeste",0,"291180",2,33,13,20,17,16,2,0,0,0,0,35,13,20,17,16,4,9.1457741171207,9.93788897925346,0.334075309782986,29
"8396","BA","Guaratinga",20700,9374.74,29032,"Porto Seguro",2,"Nordeste",0,"291180",3,19,10,9,9,10,0,0,0,0,0,19,10,9,9,10,6,9.1457741171207,9.93788897925346,0.387792913636903,31
"8397","BA","Guaratinga",20700,9374.74,29032,"Porto Seguro",2,"Nordeste",0,"291180",4,22,14,8,10,12,1,0,0,0,0,23,14,8,10,12,16,9.1457741171207,9.93788897925346,0.389687093182145,30
"8398","BA","Guaratinga",20700,9374.74,29032,"Porto Seguro",2,"Nordeste",0,"291180",5,14,8,6,8,6,0,0,0,0,0,14,8,6,8,6,15,9.1457741171207,9.93788897925346,0.402347012538893,31
"8399","BA","Guaratinga",20700,9374.74,29032,"Porto Seguro",2,"Nordeste",0,"291180",6,16,8,8,6,10,0,0,0,0,0,16,8,8,6,10,18,9.1457741171207,9.93788897925346,0.419228049728803,30
"8400","BA","Guaratinga",20700,9374.74,29032,"Porto Seguro",2,"Nordeste",0,"291180",7,17,8,9,10,7,1,0,0,0,0,18,8,9,10,7,13,9.1457741171207,9.93788897925346,0.45292001748311,29
"8401","BA","Heliópolis",12987,7337.22,29015,"Ribeira do Pombal",2,"Nordeste",0,"291185",2,21,6,15,11,10,0,0,0,0,0,21,6,15,11,10,7,8.90071530327195,9.47170413611009,0.293606289663584,29
"8402","BA","Heliópolis",12987,7337.22,29015,"Ribeira do Pombal",2,"Nordeste",0,"291185",3,11,2,9,5,6,0,0,0,0,0,11,2,9,5,6,5,8.90071530327195,9.47170413611009,0.396594405389948,31
"8403","BA","Heliópolis",12987,7337.22,29015,"Ribeira do Pombal",2,"Nordeste",0,"291185",4,11,4,7,3,8,0,0,0,0,0,11,4,7,3,8,7,8.90071530327195,9.47170413611009,0.421376951170674,30
"8404","BA","Heliópolis",12987,7337.22,29015,"Ribeira do Pombal",2,"Nordeste",0,"291185",5,14,6,8,10,4,0,0,0,0,0,14,6,8,10,4,2,8.90071530327195,9.47170413611009,0.434913256229475,31
"8405","BA","Heliópolis",12987,7337.22,29015,"Ribeira do Pombal",2,"Nordeste",0,"291185",6,8,1,7,2,6,0,0,0,0,0,8,1,7,2,6,4,8.90071530327195,9.47170413611009,0.402313198052806,30
"8406","BA","Heliópolis",12987,7337.22,29015,"Ribeira do Pombal",2,"Nordeste",0,"291185",7,11,5,6,2,9,0,0,0,0,0,11,5,6,2,9,5,8.90071530327195,9.47170413611009,0.430107079910391,29
"8407","BA","Iaçu",24121,8247.06,29011,"Itaberaba",2,"Nordeste",0,"291190",2,48,18,30,25,23,0,0,0,0,0,48,18,30,25,23,12,9.01761205217975,10.0908381093515,0.272931286924908,29
"8408","BA","Iaçu",24121,8247.06,29011,"Itaberaba",2,"Nordeste",0,"291190",3,39,18,21,20,19,0,0,0,0,0,39,18,21,20,19,21,9.01761205217975,10.0908381093515,0.348568213442485,31
"8409","BA","Iaçu",24121,8247.06,29011,"Itaberaba",2,"Nordeste",0,"291190",4,26,9,17,13,13,0,0,0,0,0,26,9,17,13,13,21,9.01761205217975,10.0908381093515,0.367449513774833,30
"8410","BA","Iaçu",24121,8247.06,29011,"Itaberaba",2,"Nordeste",0,"291190",5,35,14,21,15,20,0,0,0,0,0,35,14,21,15,20,23,9.01761205217975,10.0908381093515,0.394901225952476,31
"8411","BA","Iaçu",24121,8247.06,29011,"Itaberaba",2,"Nordeste",0,"291190",6,29,9,20,14,15,0,0,0,0,0,29,9,20,14,15,19,9.01761205217975,10.0908381093515,0.387299644705967,30
"8412","BA","Iaçu",24121,8247.06,29011,"Itaberaba",2,"Nordeste",0,"291190",7,29,6,23,16,13,0,0,0,0,0,29,6,23,16,13,26,9.01761205217975,10.0908381093515,0.437881852466346,29
"8413","BA","Ibiassucê",9031,8707.34,29026,"Guanambi",2,"Nordeste",0,"291200",2,9,2,7,3,6,0,0,0,0,0,9,2,7,3,6,7,9.07192162710722,9.1084183822508,0.250975646848881,29
"8414","BA","Ibiassucê",9031,8707.34,29026,"Guanambi",2,"Nordeste",0,"291200",3,13,4,9,2,11,0,0,0,0,0,13,4,9,2,11,6,9.07192162710722,9.1084183822508,0.341096576176992,31
"8415","BA","Ibiassucê",9031,8707.34,29026,"Guanambi",2,"Nordeste",0,"291200",4,9,1,8,0,9,0,0,0,0,0,9,1,8,0,9,3,9.07192162710722,9.1084183822508,0.351847845242692,30
"8416","BA","Ibiassucê",9031,8707.34,29026,"Guanambi",2,"Nordeste",0,"291200",5,5,3,2,3,2,0,0,0,0,0,5,3,2,3,2,6,9.07192162710722,9.1084183822508,0.340156876098846,31
"8417","BA","Ibiassucê",9031,8707.34,29026,"Guanambi",2,"Nordeste",0,"291200",6,7,3,4,3,4,0,0,0,0,0,7,3,4,3,4,7,9.07192162710722,9.1084183822508,0.326211411666052,30
"8418","BA","Ibiassucê",9031,8707.34,29026,"Guanambi",2,"Nordeste",0,"291200",7,8,2,6,1,7,0,0,0,0,0,8,2,6,1,7,7,9.07192162710722,9.1084183822508,0.377288744621569,29
"8419","BA","Ibicaraí",21378,8295.7,29031,"Ilhéus-Itabuna",2,"Nordeste",0,"291210",2,29,13,16,14,15,0,0,0,0,0,29,13,16,14,15,21,9.02349258724972,9.97011763483389,0.305526825224298,29
"8420","BA","Ibicaraí",21378,8295.7,29031,"Ilhéus-Itabuna",2,"Nordeste",0,"291210",3,27,7,20,10,17,0,0,0,0,0,27,7,20,10,17,24,9.02349258724972,9.97011763483389,0.40618161065444,31
"8421","BA","Ibicaraí",21378,8295.7,29031,"Ilhéus-Itabuna",2,"Nordeste",0,"291210",4,15,6,9,7,8,0,0,0,0,0,15,6,9,7,8,18,9.02349258724972,9.97011763483389,0.456760389773085,30
"8422","BA","Ibicaraí",21378,8295.7,29031,"Ilhéus-Itabuna",2,"Nordeste",0,"291210",5,29,16,13,15,14,1,0,0,0,0,30,16,13,15,14,23,9.02349258724972,9.97011763483389,0.400257631733457,31
"8423","BA","Ibicaraí",21378,8295.7,29031,"Ilhéus-Itabuna",2,"Nordeste",0,"291210",6,10,6,4,5,5,1,0,0,0,0,11,6,4,5,5,11,9.02349258724972,9.97011763483389,0.402678738451714,30
"8424","BA","Ibicaraí",21378,8295.7,29031,"Ilhéus-Itabuna",2,"Nordeste",0,"291210",7,27,14,13,16,11,0,0,0,0,0,27,14,13,16,11,21,9.02349258724972,9.97011763483389,0.414040738764316,29
"8425","BA","Ibicoara",19786,15724.83,29023,"Seabra",2,"Nordeste",0,"291220",2,52,22,30,22,30,0,0,0,0,0,52,22,30,22,30,9,9.66299627069939,9.89272989588317,0.299270169327829,29
"8426","BA","Ibicoara",19786,15724.83,29023,"Seabra",2,"Nordeste",0,"291220",3,49,20,29,20,29,1,0,0,0,0,50,20,29,20,29,9,9.66299627069939,9.89272989588317,0.384297638819033,31
"8427","BA","Ibicoara",19786,15724.83,29023,"Seabra",2,"Nordeste",0,"291220",4,20,5,15,6,14,1,0,0,0,0,21,5,15,6,14,9,9.66299627069939,9.89272989588317,0.384333296106755,30
"8428","BA","Ibicoara",19786,15724.83,29023,"Seabra",2,"Nordeste",0,"291220",5,21,7,14,12,9,0,0,0,0,0,21,7,14,12,9,3,9.66299627069939,9.89272989588317,0.377834363317721,31
"8429","BA","Ibicoara",19786,15724.83,29023,"Seabra",2,"Nordeste",0,"291220",6,19,5,14,8,11,0,0,0,0,0,19,5,14,8,11,6,9.66299627069939,9.89272989588317,0.370849075322836,30
"8430","BA","Ibicoara",19786,15724.83,29023,"Seabra",2,"Nordeste",0,"291220",7,20,10,10,13,7,0,0,0,0,0,20,10,10,13,7,7,9.66299627069939,9.89272989588317,0.409519910011521,29
"8431","BA","Ibicuí",16230,9030.79,29028,"Vitória da Conquista",2,"Nordeste",0,"291230",2,23,7,16,13,10,0,0,0,0,0,23,7,16,13,10,6,9.10839512874159,9.69461666050864,0.287704863877465,29
"8432","BA","Ibicuí",16230,9030.79,29028,"Vitória da Conquista",2,"Nordeste",0,"291230",3,16,4,12,8,8,0,0,0,0,0,16,4,12,8,8,16,9.10839512874159,9.69461666050864,0.375440654797748,31
"8433","BA","Ibicuí",16230,9030.79,29028,"Vitória da Conquista",2,"Nordeste",0,"291230",4,10,4,6,1,9,0,0,0,0,0,10,4,6,1,9,10,9.10839512874159,9.69461666050864,0.377308884480024,30
"8434","BA","Ibicuí",16230,9030.79,29028,"Vitória da Conquista",2,"Nordeste",0,"291230",5,9,6,3,5,4,0,0,0,0,0,9,6,3,5,4,8,9.10839512874159,9.69461666050864,0.371909443377989,31
"8435","BA","Ibicuí",16230,9030.79,29028,"Vitória da Conquista",2,"Nordeste",0,"291230",6,16,9,7,5,11,1,0,0,0,0,17,9,7,5,11,11,9.10839512874159,9.69461666050864,0.373312623299434,30
"8436","BA","Ibicuí",16230,9030.79,29028,"Vitória da Conquista",2,"Nordeste",0,"291230",7,8,3,5,1,7,0,0,0,0,0,8,3,5,1,7,10,9.10839512874159,9.69461666050864,0.409852143694913,29
"8437","BA","Ibipeba",18319,7404.56,29009,"Irecê",2,"Nordeste",0,"291240",2,17,5,12,9,8,0,0,0,0,0,17,5,12,9,8,11,8.90985130562523,9.81569405158546,0.330945066105371,29
"8438","BA","Ibipeba",18319,7404.56,29009,"Irecê",2,"Nordeste",0,"291240",3,29,11,18,17,12,0,0,0,0,0,29,11,18,17,12,8,8.90985130562523,9.81569405158546,0.437862755458295,31
"8439","BA","Ibipeba",18319,7404.56,29009,"Irecê",2,"Nordeste",0,"291240",4,12,4,8,4,8,2,0,0,0,0,14,4,8,4,8,9,8.90985130562523,9.81569405158546,0.451406076229328,30
"8440","BA","Ibipeba",18319,7404.56,29009,"Irecê",2,"Nordeste",0,"291240",5,17,6,11,10,7,0,0,0,0,0,17,6,11,10,7,12,8.90985130562523,9.81569405158546,0.430302507044506,31
"8441","BA","Ibipeba",18319,7404.56,29009,"Irecê",2,"Nordeste",0,"291240",6,18,9,9,7,11,0,0,0,0,0,18,9,9,7,11,8,8.90985130562523,9.81569405158546,0.410756262014279,30
"8442","BA","Ibipeba",18319,7404.56,29009,"Irecê",2,"Nordeste",0,"291240",7,17,4,13,11,6,0,0,0,0,0,17,4,13,11,6,17,8.90985130562523,9.81569405158546,0.450446833013119,29
"8443","BA","Ibipitanga",14947,6786.76,29022,"Boquira",2,"Nordeste",0,"291250",2,15,4,11,8,7,0,0,0,0,0,15,4,11,8,7,5,8.82272893435758,9.61226588978581,0.274885095522066,29
"8444","BA","Ibipitanga",14947,6786.76,29022,"Boquira",2,"Nordeste",0,"291250",3,19,3,16,7,12,0,0,0,0,0,19,3,16,7,12,10,8.82272893435758,9.61226588978581,0.371737122856186,31
"8445","BA","Ibipitanga",14947,6786.76,29022,"Boquira",2,"Nordeste",0,"291250",4,5,1,4,2,3,2,0,0,0,0,7,1,4,2,3,10,8.82272893435758,9.61226588978581,0.396644549575711,30
"8446","BA","Ibipitanga",14947,6786.76,29022,"Boquira",2,"Nordeste",0,"291250",5,6,1,5,1,5,0,0,0,0,0,6,1,5,1,5,5,8.82272893435758,9.61226588978581,0.404050452692833,31
"8447","BA","Ibipitanga",14947,6786.76,29022,"Boquira",2,"Nordeste",0,"291250",6,15,2,13,8,7,0,0,0,0,0,15,2,13,8,7,11,8.82272893435758,9.61226588978581,0.396859792841865,30
"8448","BA","Ibipitanga",14947,6786.76,29022,"Boquira",2,"Nordeste",0,"291250",7,13,4,9,2,11,0,0,0,0,0,13,4,9,2,11,14,8.82272893435758,9.61226588978581,0.453670778427734,29
"8449","BA","Ibirapitanga",23404,8427.53,29031,"Ilhéus-Itabuna",2,"Nordeste",0,"291270",2,29,14,15,17,12,1,0,0,0,0,30,14,15,17,12,17,9.03925900687643,10.0606622269081,0.305599216827137,29
"8450","BA","Ibirapitanga",23404,8427.53,29031,"Ilhéus-Itabuna",2,"Nordeste",0,"291270",3,22,10,12,13,9,0,0,0,0,0,22,10,12,13,9,14,9.03925900687643,10.0606622269081,0.38004896078531,31
"8451","BA","Ibirapitanga",23404,8427.53,29031,"Ilhéus-Itabuna",2,"Nordeste",0,"291270",4,24,14,10,12,12,1,0,0,0,0,25,14,10,12,12,16,9.03925900687643,10.0606622269081,0.410836521611183,30
"8452","BA","Ibirapitanga",23404,8427.53,29031,"Ilhéus-Itabuna",2,"Nordeste",0,"291270",5,29,13,16,20,9,1,0,0,0,0,30,13,16,20,9,7,9.03925900687643,10.0606622269081,0.40727281559202,31
"8453","BA","Ibirapitanga",23404,8427.53,29031,"Ilhéus-Itabuna",2,"Nordeste",0,"291270",6,28,12,16,16,12,0,0,0,0,0,28,12,16,16,12,9,9.03925900687643,10.0606622269081,0.394651058342376,30
"8454","BA","Ibirapitanga",23404,8427.53,29031,"Ilhéus-Itabuna",2,"Nordeste",0,"291270",7,36,9,27,14,22,0,0,0,0,0,36,9,27,14,22,15,9.03925900687643,10.0606622269081,0.43559478351651,29
"8455","BA","Ibirapuã",8690,32641.24,29032,"Porto Seguro",2,"Nordeste",0,"291280",2,13,5,8,6,7,0,0,0,0,0,13,5,8,6,7,3,10.3933317985525,9.06992821825944,0.291899062235943,29
"8456","BA","Ibirapuã",8690,32641.24,29032,"Porto Seguro",2,"Nordeste",0,"291280",3,18,7,11,7,11,0,0,0,0,0,18,7,11,7,11,4,10.3933317985525,9.06992821825944,0.403309545758774,31
"8457","BA","Ibirapuã",8690,32641.24,29032,"Porto Seguro",2,"Nordeste",0,"291280",4,9,5,4,3,6,0,0,0,0,0,9,5,4,3,6,2,10.3933317985525,9.06992821825944,0.37869592048351,30
"8458","BA","Ibirapuã",8690,32641.24,29032,"Porto Seguro",2,"Nordeste",0,"291280",5,12,4,8,7,5,0,0,0,0,0,12,4,8,7,5,6,10.3933317985525,9.06992821825944,0.38756194636857,31
"8459","BA","Ibirapuã",8690,32641.24,29032,"Porto Seguro",2,"Nordeste",0,"291280",6,12,7,5,2,10,1,0,0,0,0,13,7,5,2,10,9,10.3933317985525,9.06992821825944,0.407684976814961,30
"8460","BA","Ibirapuã",8690,32641.24,29032,"Porto Seguro",2,"Nordeste",0,"291280",7,7,3,4,3,4,0,0,0,0,0,7,3,4,3,4,8,10.3933317985525,9.06992821825944,0.441965379834726,29
"8461","BA","Ibirataia",14882,10624.97,29031,"Ilhéus-Itabuna",2,"Nordeste",0,"291290",2,33,14,19,15,18,0,0,0,0,0,33,14,19,15,18,11,9.27096217025922,9.60790770795721,0.282408705127901,29
"8462","BA","Ibirataia",14882,10624.97,29031,"Ilhéus-Itabuna",2,"Nordeste",0,"291290",3,28,13,15,7,21,1,0,0,0,0,29,13,15,7,21,22,9.27096217025922,9.60790770795721,0.347811763922587,31
"8463","BA","Ibirataia",14882,10624.97,29031,"Ilhéus-Itabuna",2,"Nordeste",0,"291290",4,21,11,10,9,12,0,0,0,0,0,21,11,10,9,12,15,9.27096217025922,9.60790770795721,0.413687494610233,30
"8464","BA","Ibirataia",14882,10624.97,29031,"Ilhéus-Itabuna",2,"Nordeste",0,"291290",5,34,13,21,13,21,0,0,0,0,0,34,13,21,13,21,15,9.27096217025922,9.60790770795721,0.377995321336014,31
"8465","BA","Ibirataia",14882,10624.97,29031,"Ilhéus-Itabuna",2,"Nordeste",0,"291290",6,24,8,16,10,14,2,0,0,0,0,26,8,16,10,14,11,9.27096217025922,9.60790770795721,0.354073363112412,30
"8466","BA","Ibirataia",14882,10624.97,29031,"Ilhéus-Itabuna",2,"Nordeste",0,"291290",7,18,3,15,6,12,0,0,0,0,0,18,3,15,6,12,21,9.27096217025922,9.60790770795721,0.378792129977359,29
"8467","BA","Ibitiara",16403,6081.83,29022,"Boquira",2,"Nordeste",0,"291300",2,15,4,11,6,9,0,0,0,0,0,15,4,11,6,9,12,8.71306091651487,9.70521952391249,0.269081019420153,29
"8468","BA","Ibitiara",16403,6081.83,29022,"Boquira",2,"Nordeste",0,"291300",3,9,1,8,6,3,0,0,0,0,0,9,1,8,6,3,7,8.71306091651487,9.70521952391249,0.336351116236465,31
"8469","BA","Ibitiara",16403,6081.83,29022,"Boquira",2,"Nordeste",0,"291300",4,3,1,2,1,2,0,0,0,0,0,3,1,2,1,2,11,8.71306091651487,9.70521952391249,0.352869712718754,30
"8470","BA","Ibitiara",16403,6081.83,29022,"Boquira",2,"Nordeste",0,"291300",5,9,1,8,4,5,0,0,0,0,0,9,1,8,4,5,18,8.71306091651487,9.70521952391249,0.39722380487219,31
"8471","BA","Ibitiara",16403,6081.83,29022,"Boquira",2,"Nordeste",0,"291300",6,14,3,11,3,11,0,0,0,0,0,14,3,11,3,11,8,8.71306091651487,9.70521952391249,0.38294682099516,30
"8472","BA","Ibitiara",16403,6081.83,29022,"Boquira",2,"Nordeste",0,"291300",7,12,2,10,4,8,0,0,0,0,0,12,2,10,4,8,13,8.71306091651487,9.70521952391249,0.44811680620547,29
"8473","BA","Ibititá",17080,6949.28,29009,"Irecê",2,"Nordeste",0,"291310",2,29,12,17,13,16,0,0,0,0,0,29,12,17,13,16,4,8.84639333606998,9.74566346734256,0.295106283479883,29
"8474","BA","Ibititá",17080,6949.28,29009,"Irecê",2,"Nordeste",0,"291310",3,13,3,10,3,10,0,0,0,0,0,13,3,10,3,10,8,8.84639333606998,9.74566346734256,0.395639321103637,31
"8475","BA","Ibititá",17080,6949.28,29009,"Irecê",2,"Nordeste",0,"291310",4,15,4,11,8,7,0,0,0,0,0,15,4,11,8,7,9,8.84639333606998,9.74566346734256,0.416095939046103,30
"8476","BA","Ibititá",17080,6949.28,29009,"Irecê",2,"Nordeste",0,"291310",5,19,6,13,9,10,0,0,0,0,0,19,6,13,9,10,11,8.84639333606998,9.74566346734256,0.413699551425747,31
"8477","BA","Ibititá",17080,6949.28,29009,"Irecê",2,"Nordeste",0,"291310",6,15,6,9,5,10,0,0,0,0,0,15,6,9,5,10,7,8.84639333606998,9.74566346734256,0.401075736441497,30
"8478","BA","Ibititá",17080,6949.28,29009,"Irecê",2,"Nordeste",0,"291310",7,25,14,11,11,14,0,0,0,0,0,25,14,11,11,14,7,8.84639333606998,9.74566346734256,0.435502873265292,29
"8479","BA","Ibotirama",27003,12401.78,29006,"Barra",2,"Nordeste",0,"291320",2,53,11,42,20,33,0,0,0,0,0,53,11,42,20,33,13,9.42559528967814,10.2037032499252,0.257433611706923,29
"8480","BA","Ibotirama",27003,12401.78,29006,"Barra",2,"Nordeste",0,"291320",3,59,21,38,17,42,1,0,0,0,0,60,21,38,17,42,16,9.42559528967814,10.2037032499252,0.336342073904731,31
"8481","BA","Ibotirama",27003,12401.78,29006,"Barra",2,"Nordeste",0,"291320",4,28,10,18,10,18,1,0,0,0,0,29,10,18,10,18,15,9.42559528967814,10.2037032499252,0.355038082908581,30
"8482","BA","Ibotirama",27003,12401.78,29006,"Barra",2,"Nordeste",0,"291320",5,29,9,20,14,15,0,0,0,0,0,29,9,20,14,15,18,9.42559528967814,10.2037032499252,0.329882732880279,31
"8483","BA","Ibotirama",27003,12401.78,29006,"Barra",2,"Nordeste",0,"291320",6,39,14,25,11,28,1,0,0,0,0,40,14,25,11,28,13,9.42559528967814,10.2037032499252,0.342318489968022,30
"8484","BA","Ibotirama",27003,12401.78,29006,"Barra",2,"Nordeste",0,"291320",7,35,9,26,14,21,0,0,0,0,0,35,9,26,14,21,16,9.42559528967814,10.2037032499252,0.370920688588774,29
"8485","BA","Ichu",6220,6963.23,29016,"Serrinha",2,"Nordeste",0,"291330",2,8,3,5,2,6,0,0,0,0,0,8,3,5,2,6,4,8.8483987261362,8.73552518573323,0.277356016357596,29
"8486","BA","Ichu",6220,6963.23,29016,"Serrinha",2,"Nordeste",0,"291330",3,6,2,4,4,2,0,0,0,0,0,6,2,4,4,2,2,8.8483987261362,8.73552518573323,0.346683369544566,31
"8487","BA","Ichu",6220,6963.23,29016,"Serrinha",2,"Nordeste",0,"291330",4,2,0,2,0,2,0,0,0,0,0,2,0,2,0,2,2,8.8483987261362,8.73552518573323,0.383951895255146,30
"8488","BA","Ichu",6220,6963.23,29016,"Serrinha",2,"Nordeste",0,"291330",5,3,0,3,0,3,0,0,0,0,0,3,0,3,0,3,3,8.8483987261362,8.73552518573323,0.347806333440239,31
"8489","BA","Ichu",6220,6963.23,29016,"Serrinha",2,"Nordeste",0,"291330",6,5,2,3,1,4,1,0,0,0,0,6,2,3,1,4,3,8.8483987261362,8.73552518573323,0.345389096519043,30
"8490","BA","Ichu",6220,6963.23,29016,"Serrinha",2,"Nordeste",0,"291330",7,1,0,1,0,1,0,0,0,0,0,1,0,1,0,1,2,8.8483987261362,8.73552518573323,0.41777740382779,29
"8491","BA","Igaporã",15650,11445.7,29026,"Guanambi",2,"Nordeste",0,"291340",2,18,3,15,5,13,0,0,0,0,0,18,3,15,5,13,6,9.34536939259585,9.6582261959683,0.27321111434476,29
"8492","BA","Igaporã",15650,11445.7,29026,"Guanambi",2,"Nordeste",0,"291340",3,20,2,18,10,10,0,0,0,0,0,20,2,18,10,10,11,9.34536939259585,9.6582261959683,0.350578184361334,31
"8493","BA","Igaporã",15650,11445.7,29026,"Guanambi",2,"Nordeste",0,"291340",4,8,0,8,1,7,0,0,0,0,0,8,0,8,1,7,7,9.34536939259585,9.6582261959683,0.384076248873258,30
"8494","BA","Igaporã",15650,11445.7,29026,"Guanambi",2,"Nordeste",0,"291340",5,13,2,11,4,9,0,0,0,0,0,13,2,11,4,9,12,9.34536939259585,9.6582261959683,0.378037686416293,31
"8495","BA","Igaporã",15650,11445.7,29026,"Guanambi",2,"Nordeste",0,"291340",6,13,1,12,3,10,1,0,0,0,0,14,1,12,3,10,5,9.34536939259585,9.6582261959683,0.362153827214465,30
"8496","BA","Igaporã",15650,11445.7,29026,"Guanambi",2,"Nordeste",0,"291340",7,15,5,10,4,11,0,0,0,0,0,15,5,10,4,11,9,9.34536939259585,9.6582261959683,0.397184951574341,29
"8497","BA","Igrapiúna",13091,11067.21,29030,"Valença",2,"Nordeste",0,"291345",2,14,5,9,7,7,0,0,0,0,0,14,5,9,7,7,4,9.31174196141682,9.4796802501801,0.301206499837988,29
"8498","BA","Igrapiúna",13091,11067.21,29030,"Valença",2,"Nordeste",0,"291345",3,6,0,6,5,1,0,0,0,0,0,6,0,6,5,1,6,9.31174196141682,9.4796802501801,0.408507058984366,31
"8499","BA","Igrapiúna",13091,11067.21,29030,"Valença",2,"Nordeste",0,"291345",4,11,6,5,7,4,0,0,0,0,0,11,6,5,7,4,6,9.31174196141682,9.4796802501801,0.485143836462826,30
"8500","BA","Igrapiúna",13091,11067.21,29030,"Valença",2,"Nordeste",0,"291345",5,11,5,6,4,7,0,0,0,0,0,11,5,6,4,7,8,9.31174196141682,9.4796802501801,0.443448367069262,31
"8501","BA","Igrapiúna",13091,11067.21,29030,"Valença",2,"Nordeste",0,"291345",6,8,3,5,4,4,0,0,0,0,0,8,3,5,4,4,3,9.31174196141682,9.4796802501801,0.459805336932184,30
"8502","BA","Igrapiúna",13091,11067.21,29030,"Valença",2,"Nordeste",0,"291345",7,10,3,7,4,6,0,0,0,0,0,10,3,7,4,6,10,9.31174196141682,9.4796802501801,0.498390843579292,29
"8503","BA","Iguaí",26963,7177.34,29028,"Vitória da Conquista",2,"Nordeste",0,"291350",2,3,1,2,1,2,0,0,0,0,0,3,1,2,1,2,14,8.87868411986239,10.2022208347999,0.307257961947976,29
"8504","BA","Iguaí",26963,7177.34,29028,"Vitória da Conquista",2,"Nordeste",0,"291350",3,8,4,4,1,7,0,0,0,0,0,8,4,4,1,7,18,8.87868411986239,10.2022208347999,0.376616320370444,31
"8505","BA","Iguaí",26963,7177.34,29028,"Vitória da Conquista",2,"Nordeste",0,"291350",4,5,2,3,2,3,1,0,0,0,0,6,2,3,2,3,16,8.87868411986239,10.2022208347999,0.408285606754369,30
"8506","BA","Iguaí",26963,7177.34,29028,"Vitória da Conquista",2,"Nordeste",0,"291350",5,2,1,1,0,2,0,0,0,0,0,2,1,1,0,2,13,8.87868411986239,10.2022208347999,0.398443136720635,31
"8507","BA","Iguaí",26963,7177.34,29028,"Vitória da Conquista",2,"Nordeste",0,"291350",6,1,0,1,0,1,0,0,0,0,0,1,0,1,0,1,21,8.87868411986239,10.2022208347999,0.447433669826449,30
"8508","BA","Iguaí",26963,7177.34,29028,"Vitória da Conquista",2,"Nordeste",0,"291350",7,2,2,0,1,1,0,0,0,0,0,2,2,0,1,1,23,8.87868411986239,10.2022208347999,0.449318641278911,29
"8509","BA","Ilhéus",159923,25829.06,29031,"Ilhéus-Itabuna",2,"Nordeste",1,"291360",2,324,101,223,128,196,1,0,0,0,0,325,101,223,128,196,115,10.1592554936352,11.982447728378,0.301941425920775,29
"8510","BA","Ilhéus",159923,25829.06,29031,"Ilhéus-Itabuna",2,"Nordeste",1,"291360",3,259,77,182,101,158,2,0,0,0,0,261,77,182,101,158,137,10.1592554936352,11.982447728378,0.410604189246122,31
"8511","BA","Ilhéus",159923,25829.06,29031,"Ilhéus-Itabuna",2,"Nordeste",1,"291360",4,143,44,99,63,80,1,0,0,0,0,144,44,99,63,80,144,10.1592554936352,11.982447728378,0.504407348860208,30
"8512","BA","Ilhéus",159923,25829.06,29031,"Ilhéus-Itabuna",2,"Nordeste",1,"291360",5,162,48,114,68,94,0,0,0,0,0,162,48,114,68,94,149,10.1592554936352,11.982447728378,0.471194290300212,31
"8513","BA","Ilhéus",159923,25829.06,29031,"Ilhéus-Itabuna",2,"Nordeste",1,"291360",6,174,63,111,85,89,0,0,0,0,0,174,63,111,85,89,134,10.1592554936352,11.982447728378,0.427419730364101,30
"8514","BA","Ilhéus",159923,25829.06,29031,"Ilhéus-Itabuna",2,"Nordeste",1,"291360",7,202,59,143,81,121,1,0,0,0,0,203,59,143,81,121,213,10.1592554936352,11.982447728378,0.443050874503224,29
"8515","BA","Inhambupe",40333,16152.27,29017,"Alagoinhas",2,"Nordeste",0,"291370",2,43,17,26,16,27,0,0,0,0,0,43,17,26,16,27,25,9.6898158760491,10.6049252714138,0.271873118963812,29
"8516","BA","Inhambupe",40333,16152.27,29017,"Alagoinhas",2,"Nordeste",0,"291370",3,51,16,35,18,33,1,0,0,0,0,52,16,35,18,33,20,9.6898158760491,10.6049252714138,0.355820919579081,31
"8517","BA","Inhambupe",40333,16152.27,29017,"Alagoinhas",2,"Nordeste",0,"291370",4,40,14,26,18,22,0,0,0,0,0,40,14,26,18,22,21,9.6898158760491,10.6049252714138,0.385534788549993,30
"8518","BA","Inhambupe",40333,16152.27,29017,"Alagoinhas",2,"Nordeste",0,"291370",5,25,10,15,7,18,0,0,0,0,0,25,10,15,7,18,22,9.6898158760491,10.6049252714138,0.389616855822419,31
"8519","BA","Inhambupe",40333,16152.27,29017,"Alagoinhas",2,"Nordeste",0,"291370",6,32,16,16,12,20,1,0,0,0,0,33,16,16,12,20,21,9.6898158760491,10.6049252714138,0.377423231411567,30
"8520","BA","Inhambupe",40333,16152.27,29017,"Alagoinhas",2,"Nordeste",0,"291370",7,22,13,9,12,10,0,0,0,0,0,22,13,9,12,10,37,9.6898158760491,10.6049252714138,0.427836212945724,29
"8521","BA","Ipecaetá",14354,5475.96,29012,"Feira de Santana",2,"Nordeste",0,"291380",2,9,5,4,4,5,0,0,0,0,0,9,5,4,4,5,9,8.60812288177976,9.57178392799002,0.313140072963704,29
"8522","BA","Ipecaetá",14354,5475.96,29012,"Feira de Santana",2,"Nordeste",0,"291380",3,15,9,6,4,11,0,0,0,0,0,15,9,6,4,11,10,8.60812288177976,9.57178392799002,0.405208429515088,31
"8523","BA","Ipecaetá",14354,5475.96,29012,"Feira de Santana",2,"Nordeste",0,"291380",4,11,4,7,5,6,0,0,0,0,0,11,4,7,5,6,6,8.60812288177976,9.57178392799002,0.422861044500058,30
"8524","BA","Ipecaetá",14354,5475.96,29012,"Feira de Santana",2,"Nordeste",0,"291380",5,7,2,5,4,3,0,0,0,0,0,7,2,5,4,3,11,8.60812288177976,9.57178392799002,0.426448442528078,31
"8525","BA","Ipecaetá",14354,5475.96,29012,"Feira de Santana",2,"Nordeste",0,"291380",6,12,4,8,6,6,1,0,0,0,0,13,4,8,6,6,14,8.60812288177976,9.57178392799002,0.392919369133879,30
"8526","BA","Ipecaetá",14354,5475.96,29012,"Feira de Santana",2,"Nordeste",0,"291380",7,12,5,7,8,4,0,0,0,0,0,12,5,7,8,4,10,8.60812288177976,9.57178392799002,0.430673524413555,29
"8527","BA","Ipiaú",45922,9913.51,29031,"Ilhéus-Itabuna",2,"Nordeste",1,"291390",2,74,25,49,35,39,0,0,0,0,0,74,25,49,35,39,22,9.20165375230358,10.734699584052,0.272725806186395,29
"8528","BA","Ipiaú",45922,9913.51,29031,"Ilhéus-Itabuna",2,"Nordeste",1,"291390",3,76,27,49,30,46,0,0,0,0,0,76,27,49,30,46,39,9.20165375230358,10.734699584052,0.362807617969783,31
"8529","BA","Ipiaú",45922,9913.51,29031,"Ilhéus-Itabuna",2,"Nordeste",1,"291390",4,47,19,28,22,25,1,0,0,0,0,48,19,28,22,25,35,9.20165375230358,10.734699584052,0.427488777989973,30
"8530","BA","Ipiaú",45922,9913.51,29031,"Ilhéus-Itabuna",2,"Nordeste",1,"291390",5,44,13,31,22,22,1,0,0,0,0,45,13,31,22,22,27,9.20165375230358,10.734699584052,0.41858821578727,31
"8531","BA","Ipiaú",45922,9913.51,29031,"Ilhéus-Itabuna",2,"Nordeste",1,"291390",6,54,19,35,20,34,1,0,0,0,0,55,19,35,20,34,31,9.20165375230358,10.734699584052,0.363527799558963,30
"8532","BA","Ipiaú",45922,9913.51,29031,"Ilhéus-Itabuna",2,"Nordeste",1,"291390",7,56,12,44,30,26,1,0,0,0,0,57,12,44,30,26,40,9.20165375230358,10.734699584052,0.392225727122287,29
"8533","BA","Ipirá",59435,11085.75,29012,"Feira de Santana",2,"Nordeste",0,"291400",2,48,21,27,18,30,1,0,0,0,0,49,21,27,18,30,36,9.31341577876029,10.9926385574147,0.263331767312127,29
"8534","BA","Ipirá",59435,11085.75,29012,"Feira de Santana",2,"Nordeste",0,"291400",3,90,32,58,34,56,0,0,0,0,0,90,32,58,34,56,31,9.31341577876029,10.9926385574147,0.349300277775342,31
"8535","BA","Ipirá",59435,11085.75,29012,"Feira de Santana",2,"Nordeste",0,"291400",4,25,7,18,7,18,0,0,0,0,0,25,7,18,7,18,31,9.31341577876029,10.9926385574147,0.388041021227019,30
"8536","BA","Ipirá",59435,11085.75,29012,"Feira de Santana",2,"Nordeste",0,"291400",5,4,2,2,2,2,0,0,0,0,0,4,2,2,2,2,36,9.31341577876029,10.9926385574147,0.377330937282523,31
"8537","BA","Ipirá",59435,11085.75,29012,"Feira de Santana",2,"Nordeste",0,"291400",6,13,8,5,4,9,0,0,0,0,0,13,8,5,4,9,41,9.31341577876029,10.9926385574147,0.368810615069458,30
"8538","BA","Ipirá",59435,11085.75,29012,"Feira de Santana",2,"Nordeste",0,"291400",7,12,3,9,4,8,0,0,0,0,0,12,3,9,4,8,47,9.31341577876029,10.9926385574147,0.400163253727946,29
"8539","BA","Ipupiara",9911,8138.75,29022,"Boquira",2,"Nordeste",0,"291410",2,10,5,5,3,7,0,0,0,0,0,10,5,5,3,7,6,9.00439188455107,9.20140053040671,0.282394131284326,29
"8540","BA","Ipupiara",9911,8138.75,29022,"Boquira",2,"Nordeste",0,"291410",3,6,1,5,2,4,0,0,0,0,0,6,1,5,2,4,10,9.00439188455107,9.20140053040671,0.336142524180535,31
"8541","BA","Ipupiara",9911,8138.75,29022,"Boquira",2,"Nordeste",0,"291410",4,8,2,6,3,5,0,0,0,0,0,8,2,6,3,5,6,9.00439188455107,9.20140053040671,0.347051250389918,30
"8542","BA","Ipupiara",9911,8138.75,29022,"Boquira",2,"Nordeste",0,"291410",5,6,1,5,5,1,0,0,0,0,0,6,1,5,5,1,3,9.00439188455107,9.20140053040671,0.356480762855303,31
"8543","BA","Ipupiara",9911,8138.75,29022,"Boquira",2,"Nordeste",0,"291410",6,6,2,4,2,4,0,0,0,0,0,6,2,4,2,4,11,9.00439188455107,9.20140053040671,0.345323940770219,30
"8544","BA","Ipupiara",9911,8138.75,29022,"Boquira",2,"Nordeste",0,"291410",7,12,2,10,4,8,0,0,0,0,0,12,2,10,4,8,11,9.00439188455107,9.20140053040671,0.388208058898162,29
"8545","BA","Irajuba",7279,9719.84,29024,"Jequié",2,"Nordeste",0,"291420",2,9,5,4,4,5,0,0,0,0,0,9,5,4,4,5,7,9.18192443641365,8.89274876911826,0.309567818068869,29
"8546","BA","Irajuba",7279,9719.84,29024,"Jequié",2,"Nordeste",0,"291420",3,5,3,2,4,1,0,0,0,0,0,5,3,2,4,1,3,9.18192443641365,8.89274876911826,0.379855779116057,31
"8547","BA","Irajuba",7279,9719.84,29024,"Jequié",2,"Nordeste",0,"291420",4,3,1,2,1,2,0,0,0,0,0,3,1,2,1,2,7,9.18192443641365,8.89274876911826,0.398160607884025,30
"8548","BA","Irajuba",7279,9719.84,29024,"Jequié",2,"Nordeste",0,"291420",5,5,2,3,2,3,0,0,0,0,0,5,2,3,2,3,11,9.18192443641365,8.89274876911826,0.420684843570519,31
"8549","BA","Irajuba",7279,9719.84,29024,"Jequié",2,"Nordeste",0,"291420",6,3,1,2,2,1,0,0,0,0,0,3,1,2,2,1,8,9.18192443641365,8.89274876911826,0.427283669719983,30
"8550","BA","Irajuba",7279,9719.84,29024,"Jequié",2,"Nordeste",0,"291420",7,9,7,2,3,6,0,0,0,0,0,9,7,2,3,6,4,9.18192443641365,8.89274876911826,0.456741932854601,29
"8551","BA","Iramaia",8197,8200.69,29024,"Jequié",2,"Nordeste",0,"291430",2,9,4,5,8,1,0,0,0,0,0,9,4,5,8,1,8,9.0119735760537,9.01152351265303,0.3526410715232,29
"8552","BA","Iramaia",8197,8200.69,29024,"Jequié",2,"Nordeste",0,"291430",3,13,6,7,7,6,0,0,0,0,0,13,6,7,7,6,5,9.0119735760537,9.01152351265303,0.422345632664512,31
"8553","BA","Iramaia",8197,8200.69,29024,"Jequié",2,"Nordeste",0,"291430",4,14,4,10,5,9,0,0,0,0,0,14,4,10,5,9,6,9.0119735760537,9.01152351265303,0.428038300792941,30
"8554","BA","Iramaia",8197,8200.69,29024,"Jequié",2,"Nordeste",0,"291430",5,5,0,5,3,2,0,0,0,0,0,5,0,5,3,2,5,9.0119735760537,9.01152351265303,0.470122613088934,31
"8555","BA","Iramaia",8197,8200.69,29024,"Jequié",2,"Nordeste",0,"291430",6,1,0,1,1,0,0,0,0,0,0,1,0,1,1,0,3,9.0119735760537,9.01152351265303,0.421715434143673,30
"8556","BA","Iramaia",8197,8200.69,29024,"Jequié",2,"Nordeste",0,"291430",7,8,2,6,4,4,0,0,0,0,0,8,2,6,4,4,4,9.0119735760537,9.01152351265303,0.453321549950111,29
"8557","BA","Iraquara",25478,16169.78,29009,"Irecê",2,"Nordeste",0,"291440",2,44,13,31,20,24,0,0,0,0,0,44,13,31,20,24,16,9.69089934703642,10.1455706136697,0.295044351359397,29
"8558","BA","Iraquara",25478,16169.78,29009,"Irecê",2,"Nordeste",0,"291440",3,33,10,23,12,21,0,0,0,0,0,33,10,23,12,21,12,9.69089934703642,10.1455706136697,0.386278289878125,31
"8559","BA","Iraquara",25478,16169.78,29009,"Irecê",2,"Nordeste",0,"291440",4,41,16,25,19,22,0,0,0,0,0,41,16,25,19,22,11,9.69089934703642,10.1455706136697,0.412613194470344,30
"8560","BA","Iraquara",25478,16169.78,29009,"Irecê",2,"Nordeste",0,"291440",5,24,8,16,18,6,0,0,0,0,0,24,8,16,18,6,14,9.69089934703642,10.1455706136697,0.396090269320085,31
"8561","BA","Iraquara",25478,16169.78,29009,"Irecê",2,"Nordeste",0,"291440",6,25,8,17,14,11,0,0,0,0,0,25,8,17,14,11,9,9.69089934703642,10.1455706136697,0.396234858327785,30
"8562","BA","Iraquara",25478,16169.78,29009,"Irecê",2,"Nordeste",0,"291440",7,35,10,25,15,20,0,0,0,0,0,35,10,25,15,20,12,9.69089934703642,10.1455706136697,0.46426509671846,29
"8563","BA","Irará",29173,8742.97,29012,"Feira de Santana",2,"Nordeste",0,"291450",2,41,12,29,11,30,0,0,0,0,0,41,12,29,11,30,19,9.07600522785852,10.2809989029626,0.266984853858987,29
"8564","BA","Irará",29173,8742.97,29012,"Feira de Santana",2,"Nordeste",0,"291450",3,20,6,14,4,16,0,0,0,0,0,20,6,14,4,16,28,9.07600522785852,10.2809989029626,0.351174315155153,31
"8565","BA","Irará",29173,8742.97,29012,"Feira de Santana",2,"Nordeste",0,"291450",4,23,4,19,7,16,0,0,0,0,0,23,4,19,7,16,16,9.07600522785852,10.2809989029626,0.400762285909469,30
"8566","BA","Irará",29173,8742.97,29012,"Feira de Santana",2,"Nordeste",0,"291450",5,15,8,7,7,8,0,0,0,0,0,15,8,7,7,8,16,9.07600522785852,10.2809989029626,0.424680409270205,31
"8567","BA","Irará",29173,8742.97,29012,"Feira de Santana",2,"Nordeste",0,"291450",6,22,10,12,4,18,0,0,0,0,0,22,10,12,4,18,17,9.07600522785852,10.2809989029626,0.391243271451647,30
"8568","BA","Irará",29173,8742.97,29012,"Feira de Santana",2,"Nordeste",0,"291450",7,16,3,13,6,10,1,0,0,0,0,17,3,13,6,10,15,9.07600522785852,10.2809989029626,0.416194017340294,29
"8569","BA","Irecê",73524,16746.4,29009,"Irecê",2,"Nordeste",1,"291460",2,198,41,157,61,137,0,0,0,0,0,198,41,157,61,137,33,9.72593858878031,11.2053671625137,0.284901935109212,29
"8570","BA","Irecê",73524,16746.4,29009,"Irecê",2,"Nordeste",1,"291460",3,165,28,137,54,111,0,0,0,0,0,165,28,137,54,111,42,9.72593858878031,11.2053671625137,0.37133894783514,31
"8571","BA","Irecê",73524,16746.4,29009,"Irecê",2,"Nordeste",1,"291460",4,114,22,92,42,72,1,0,0,0,0,115,22,92,42,72,29,9.72593858878031,11.2053671625137,0.395319566648849,30
"8572","BA","Irecê",73524,16746.4,29009,"Irecê",2,"Nordeste",1,"291460",5,140,33,107,48,92,2,0,0,0,0,142,33,107,48,92,35,9.72593858878031,11.2053671625137,0.375147785738611,31
"8573","BA","Irecê",73524,16746.4,29009,"Irecê",2,"Nordeste",1,"291460",6,104,19,85,41,63,0,0,0,0,0,104,19,85,41,63,27,9.72593858878031,11.2053671625137,0.361164753151434,30
"8574","BA","Irecê",73524,16746.4,29009,"Irecê",2,"Nordeste",1,"291460",7,116,23,93,32,84,1,0,0,0,0,117,23,93,32,84,41,9.72593858878031,11.2053671625137,0.405256224855846,29
"8575","BA","Itabela",30747,11561.02,29032,"Porto Seguro",2,"Nordeste",1,"291465",2,71,34,37,34,37,1,0,0,0,0,72,34,37,34,37,15,9.35539437362798,10.3335477074997,0.293686703485626,29
"8576","BA","Itabela",30747,11561.02,29032,"Porto Seguro",2,"Nordeste",1,"291465",3,70,33,37,38,32,0,0,0,0,0,70,33,37,38,32,20,9.35539437362798,10.3335477074997,0.365574503488469,31
"8577","BA","Itabela",30747,11561.02,29032,"Porto Seguro",2,"Nordeste",1,"291465",4,50,21,29,32,18,1,0,0,0,0,51,21,29,32,18,13,9.35539437362798,10.3335477074997,0.371784745692833,30
"8578","BA","Itabela",30747,11561.02,29032,"Porto Seguro",2,"Nordeste",1,"291465",5,44,23,21,27,17,2,0,0,0,0,46,23,21,27,17,19,9.35539437362798,10.3335477074997,0.364112833614405,31
"8579","BA","Itabela",30747,11561.02,29032,"Porto Seguro",2,"Nordeste",1,"291465",6,53,26,27,33,20,0,0,0,0,0,53,26,27,33,20,19,9.35539437362798,10.3335477074997,0.371603105702122,30
"8580","BA","Itabela",30747,11561.02,29032,"Porto Seguro",2,"Nordeste",1,"291465",7,44,26,18,18,26,3,0,0,0,0,47,26,18,18,26,28,9.35539437362798,10.3335477074997,0.410628032891249,29
"8581","BA","Itaberaba",64646,14009.43,29011,"Itaberaba",2,"Nordeste",1,"291470",2,121,26,95,50,71,1,0,0,0,0,122,26,95,50,71,36,9.54748595327855,11.0766815106695,0.276680175491733,29
"8582","BA","Itaberaba",64646,14009.43,29011,"Itaberaba",2,"Nordeste",1,"291470",3,81,16,65,39,42,1,0,0,0,0,82,16,65,39,42,43,9.54748595327855,11.0766815106695,0.353316506600868,31
"8583","BA","Itaberaba",64646,14009.43,29011,"Itaberaba",2,"Nordeste",1,"291470",4,66,19,47,28,38,0,0,0,0,0,66,19,47,28,38,35,9.54748595327855,11.0766815106695,0.371835979154557,30
"8584","BA","Itaberaba",64646,14009.43,29011,"Itaberaba",2,"Nordeste",1,"291470",5,64,19,45,27,37,0,0,0,0,0,64,19,45,27,37,47,9.54748595327855,11.0766815106695,0.383019043579999,31
"8585","BA","Itaberaba",64646,14009.43,29011,"Itaberaba",2,"Nordeste",1,"291470",6,82,21,61,31,51,2,0,0,0,0,84,21,61,31,51,61,9.54748595327855,11.0766815106695,0.363967150572825,30
"8586","BA","Itaberaba",64646,14009.43,29011,"Itaberaba",2,"Nordeste",1,"291470",7,64,14,50,21,43,1,0,0,0,0,65,14,50,21,43,60,9.54748595327855,11.0766815106695,0.39724230104618,29
"8587","BA","Itabuna",213685,19184.77,29031,"Ilhéus-Itabuna",2,"Nordeste",1,"291480",2,326,86,240,116,210,1,0,0,0,0,327,86,240,116,210,131,9.86187201407648,12.2722582469859,0.295905910335885,29
"8588","BA","Itabuna",213685,19184.77,29031,"Ilhéus-Itabuna",2,"Nordeste",1,"291480",3,343,86,257,128,215,1,0,0,0,0,344,86,257,128,215,144,9.86187201407648,12.2722582469859,0.400520399804756,31
"8589","BA","Itabuna",213685,19184.77,29031,"Ilhéus-Itabuna",2,"Nordeste",1,"291480",4,196,47,149,87,109,3,0,0,0,0,199,47,149,87,109,168,9.86187201407648,12.2722582469859,0.474154619003431,30
"8590","BA","Itabuna",213685,19184.77,29031,"Ilhéus-Itabuna",2,"Nordeste",1,"291480",5,235,51,184,95,140,2,0,0,0,0,237,51,184,95,140,189,9.86187201407648,12.2722582469859,0.452119831548271,31
"8591","BA","Itabuna",213685,19184.77,29031,"Ilhéus-Itabuna",2,"Nordeste",1,"291480",6,198,62,136,77,121,3,0,0,0,0,201,62,136,77,121,172,9.86187201407648,12.2722582469859,0.400386105936204,30
"8592","BA","Itabuna",213685,19184.77,29031,"Ilhéus-Itabuna",2,"Nordeste",1,"291480",7,217,56,161,83,134,2,0,0,0,0,219,56,161,83,134,240,9.86187201407648,12.2722582469859,0.420249310128306,29
"8593","BA","Itacaré",28684,11003.98,29031,"Ilhéus-Itabuna",2,"Nordeste",0,"291490",2,56,28,28,25,31,1,0,0,0,0,57,28,28,25,31,8,9.30601230452191,10.2640947550025,0.25179587495608,29
"8594","BA","Itacaré",28684,11003.98,29031,"Ilhéus-Itabuna",2,"Nordeste",0,"291490",3,51,20,31,22,29,0,0,0,0,0,51,20,31,22,29,14,9.30601230452191,10.2640947550025,0.369373748153489,31
"8595","BA","Itacaré",28684,11003.98,29031,"Ilhéus-Itabuna",2,"Nordeste",0,"291490",4,33,10,23,16,17,0,0,0,0,0,33,10,23,16,17,11,9.30601230452191,10.2640947550025,0.440709281610141,30
"8596","BA","Itacaré",28684,11003.98,29031,"Ilhéus-Itabuna",2,"Nordeste",0,"291490",5,44,17,27,21,23,0,0,0,0,0,44,17,27,21,23,12,9.30601230452191,10.2640947550025,0.445325010045904,31
"8597","BA","Itacaré",28684,11003.98,29031,"Ilhéus-Itabuna",2,"Nordeste",0,"291490",6,43,16,27,20,23,0,0,0,0,0,43,16,27,20,23,18,9.30601230452191,10.2640947550025,0.416203732418316,30
"8598","BA","Itacaré",28684,11003.98,29031,"Ilhéus-Itabuna",2,"Nordeste",0,"291490",7,32,6,26,14,18,0,0,0,0,0,32,6,26,14,18,17,9.30601230452191,10.2640947550025,0.445161535011243,29
"8599","BA","Itaeté",16110,5898.19,29023,"Seabra",2,"Nordeste",0,"291500",2,25,6,19,15,10,0,0,0,0,0,25,6,19,15,10,5,8.68240080316629,9.68719547617102,0.297243918991507,29
"8600","BA","Itaeté",16110,5898.19,29023,"Seabra",2,"Nordeste",0,"291500",3,15,5,10,3,12,0,0,0,0,0,15,5,10,3,12,6,8.68240080316629,9.68719547617102,0.36749337002068,31
"8601","BA","Itaeté",16110,5898.19,29023,"Seabra",2,"Nordeste",0,"291500",4,13,3,10,8,5,0,0,0,0,0,13,3,10,8,5,8,8.68240080316629,9.68719547617102,0.375787204980267,30
"8602","BA","Itaeté",16110,5898.19,29023,"Seabra",2,"Nordeste",0,"291500",5,12,2,10,4,8,1,0,0,0,0,13,2,10,4,8,8,8.68240080316629,9.68719547617102,0.413369925718936,31
"8603","BA","Itaeté",16110,5898.19,29023,"Seabra",2,"Nordeste",0,"291500",6,20,5,15,10,10,0,0,0,0,0,20,5,15,10,10,12,8.68240080316629,9.68719547617102,0.402228910537581,30
"8604","BA","Itaeté",16110,5898.19,29023,"Seabra",2,"Nordeste",0,"291500",7,19,8,11,10,9,0,0,0,0,0,19,8,11,10,9,12,8.68240080316629,9.68719547617102,0.456295292984546,29
"8605","BA","Itagi",12242,8090.05,29024,"Jequié",2,"Nordeste",0,"291510",2,24,9,15,9,15,0,0,0,0,0,24,9,15,9,15,12,8.99839019050315,9.41262794141102,0.285101280889231,29
"8606","BA","Itagi",12242,8090.05,29024,"Jequié",2,"Nordeste",0,"291510",3,24,7,17,10,14,0,0,0,0,0,24,7,17,10,14,9,8.99839019050315,9.41262794141102,0.381021096527907,31
"8607","BA","Itagi",12242,8090.05,29024,"Jequié",2,"Nordeste",0,"291510",4,19,10,9,12,7,1,0,0,0,0,20,10,9,12,7,15,8.99839019050315,9.41262794141102,0.410520073879722,30
"8608","BA","Itagi",12242,8090.05,29024,"Jequié",2,"Nordeste",0,"291510",5,7,5,2,2,5,0,0,0,0,0,7,5,2,2,5,8,8.99839019050315,9.41262794141102,0.401747938909875,31
"8609","BA","Itagi",12242,8090.05,29024,"Jequié",2,"Nordeste",0,"291510",6,9,5,4,4,5,0,0,0,0,0,9,5,4,4,5,14,8.99839019050315,9.41262794141102,0.395622685931412,30
"8610","BA","Itagi",12242,8090.05,29024,"Jequié",2,"Nordeste",0,"291510",7,16,7,9,5,11,2,0,0,0,0,18,7,9,5,11,11,8.99839019050315,9.41262794141102,0.450216937837957,29
"8611","BA","Itagibá",14452,9279.05,29031,"Ilhéus-Itabuna",2,"Nordeste",0,"291520",2,22,3,19,8,14,0,0,0,0,0,22,3,19,8,14,5,9.13551444985035,9.57858809226753,0.265155416888808,29
"8612","BA","Itagibá",14452,9279.05,29031,"Ilhéus-Itabuna",2,"Nordeste",0,"291520",3,21,6,15,8,13,0,0,0,0,0,21,6,15,8,13,13,9.13551444985035,9.57858809226753,0.360858892472247,31
"8613","BA","Itagibá",14452,9279.05,29031,"Ilhéus-Itabuna",2,"Nordeste",0,"291520",4,10,5,5,5,5,0,0,0,0,0,10,5,5,5,5,16,9.13551444985035,9.57858809226753,0.408195264572962,30
"8614","BA","Itagibá",14452,9279.05,29031,"Ilhéus-Itabuna",2,"Nordeste",0,"291520",5,29,14,15,17,12,0,0,0,0,0,29,14,15,17,12,8,9.13551444985035,9.57858809226753,0.416922577555365,31
"8615","BA","Itagibá",14452,9279.05,29031,"Ilhéus-Itabuna",2,"Nordeste",0,"291520",6,12,4,8,4,8,0,0,0,0,0,12,4,8,4,8,13,9.13551444985035,9.57858809226753,0.37972182503217,30
"8616","BA","Itagibá",14452,9279.05,29031,"Ilhéus-Itabuna",2,"Nordeste",0,"291520",7,17,5,12,8,9,0,0,0,0,0,17,5,12,8,9,13,9.13551444985035,9.57858809226753,0.425266297069562,29
"8617","BA","Itagimirim",6825,16147.89,29032,"Porto Seguro",2,"Nordeste",0,"291530",2,5,4,1,4,1,0,0,0,0,0,5,4,1,4,1,0,9.68954466996053,8.82834762005316,0.279218774883943,29
"8618","BA","Itagimirim",6825,16147.89,29032,"Porto Seguro",2,"Nordeste",0,"291530",3,8,1,7,3,5,0,0,0,0,0,8,1,7,3,5,5,9.68954466996053,8.82834762005316,0.369645543316103,31
"8619","BA","Itagimirim",6825,16147.89,29032,"Porto Seguro",2,"Nordeste",0,"291530",4,2,1,1,1,1,0,0,0,0,0,2,1,1,1,1,4,9.68954466996053,8.82834762005316,0.417331274295349,30
"8620","BA","Itagimirim",6825,16147.89,29032,"Porto Seguro",2,"Nordeste",0,"291530",5,3,3,0,1,2,0,0,0,0,0,3,3,0,1,2,2,9.68954466996053,8.82834762005316,0.405338125373726,31
"8621","BA","Itagimirim",6825,16147.89,29032,"Porto Seguro",2,"Nordeste",0,"291530",6,5,4,1,3,2,0,0,0,0,0,5,4,1,3,2,2,9.68954466996053,8.82834762005316,0.397896241769758,30
"8622","BA","Itagimirim",6825,16147.89,29032,"Porto Seguro",2,"Nordeste",0,"291530",7,5,4,1,2,3,0,0,0,0,0,5,4,1,2,3,5,9.68954466996053,8.82834762005316,0.450206981855716,29
"8623","BA","Itaguaçu da Bahia",14542,8431.96,29006,"Barra",2,"Nordeste",0,"291535",2,22,11,11,16,6,0,0,0,0,0,22,11,11,16,6,0,9.03978452693687,9.58479629321,0.322815956289964,29
"8624","BA","Itaguaçu da Bahia",14542,8431.96,29006,"Barra",2,"Nordeste",0,"291535",3,13,4,9,5,8,0,0,0,0,0,13,4,9,5,8,5,9.03978452693687,9.58479629321,0.402113470889455,31
"8625","BA","Itaguaçu da Bahia",14542,8431.96,29006,"Barra",2,"Nordeste",0,"291535",4,13,2,11,8,5,0,0,0,0,0,13,2,11,8,5,6,9.03978452693687,9.58479629321,0.394654106309554,30
"8626","BA","Itaguaçu da Bahia",14542,8431.96,29006,"Barra",2,"Nordeste",0,"291535",5,15,6,9,8,7,1,0,0,0,0,16,6,9,8,7,3,9.03978452693687,9.58479629321,0.422203376105667,31
"8627","BA","Itaguaçu da Bahia",14542,8431.96,29006,"Barra",2,"Nordeste",0,"291535",6,11,5,6,6,5,0,0,0,0,0,11,5,6,6,5,8,9.03978452693687,9.58479629321,0.390390860681058,30
"8628","BA","Itaguaçu da Bahia",14542,8431.96,29006,"Barra",2,"Nordeste",0,"291535",7,11,5,6,5,6,0,0,0,0,0,11,5,6,5,6,3,9.03978452693687,9.58479629321,0.398005548596534,29
"8629","BA","Itaju do Colônia",6596,9796.14,29031,"Ilhéus-Itabuna",2,"Nordeste",0,"291540",2,7,3,4,4,3,0,0,0,0,0,7,3,4,4,3,2,9.18974370951751,8.79421868367949,0.269905836608702,29
"8630","BA","Itaju do Colônia",6596,9796.14,29031,"Ilhéus-Itabuna",2,"Nordeste",0,"291540",3,6,3,3,4,2,0,0,0,0,0,6,3,3,4,2,5,9.18974370951751,8.79421868367949,0.33789425172081,31
"8631","BA","Itaju do Colônia",6596,9796.14,29031,"Ilhéus-Itabuna",2,"Nordeste",0,"291540",4,7,4,3,5,2,0,0,0,0,0,7,4,3,5,2,4,9.18974370951751,8.79421868367949,0.378806167844868,30
"8632","BA","Itaju do Colônia",6596,9796.14,29031,"Ilhéus-Itabuna",2,"Nordeste",0,"291540",5,9,3,6,3,6,0,0,0,0,0,9,3,6,3,6,3,9.18974370951751,8.79421868367949,0.361332874725254,31
"8633","BA","Itaju do Colônia",6596,9796.14,29031,"Ilhéus-Itabuna",2,"Nordeste",0,"291540",6,2,2,0,1,1,0,0,0,0,0,2,2,0,1,1,4,9.18974370951751,8.79421868367949,0.42181470742155,30
"8634","BA","Itaju do Colônia",6596,9796.14,29031,"Ilhéus-Itabuna",2,"Nordeste",0,"291540",7,8,5,3,5,3,0,0,0,0,0,8,5,3,5,3,5,9.18974370951751,8.79421868367949,0.407475908504537,29
"8635","BA","Itajuípe",20398,11152.02,29031,"Ilhéus-Itabuna",2,"Nordeste",0,"291550",2,34,11,23,14,20,0,0,0,0,0,34,11,23,14,20,11,9.31937592639898,9.92319213581046,0.292082450750238,29
"8636","BA","Itajuípe",20398,11152.02,29031,"Ilhéus-Itabuna",2,"Nordeste",0,"291550",3,35,16,19,13,22,0,0,0,0,0,35,16,19,13,22,13,9.31937592639898,9.92319213581046,0.378398034097007,31
"8637","BA","Itajuípe",20398,11152.02,29031,"Ilhéus-Itabuna",2,"Nordeste",0,"291550",4,10,5,5,6,4,0,0,0,0,0,10,5,5,6,4,21,9.31937592639898,9.92319213581046,0.445832284586966,30
"8638","BA","Itajuípe",20398,11152.02,29031,"Ilhéus-Itabuna",2,"Nordeste",0,"291550",5,12,7,5,6,6,2,0,0,0,0,14,7,5,6,6,21,9.31937592639898,9.92319213581046,0.423330670650992,31
"8639","BA","Itajuípe",20398,11152.02,29031,"Ilhéus-Itabuna",2,"Nordeste",0,"291550",6,13,7,6,8,5,1,0,0,0,0,14,7,6,8,5,16,9.31937592639898,9.92319213581046,0.382407355613442,30
"8640","BA","Itajuípe",20398,11152.02,29031,"Ilhéus-Itabuna",2,"Nordeste",0,"291550",7,11,7,4,5,6,1,0,0,0,0,12,7,4,5,6,18,9.31937592639898,9.92319213581046,0.41627523001973,29
"8641","BA","Itamaraju",64455,13965.75,29032,"Porto Seguro",2,"Nordeste",1,"291560",2,126,42,84,56,70,4,0,0,0,0,130,42,84,56,70,29,9.54436318262998,11.0737225848772,0.292675392958269,29
"8642","BA","Itamaraju",64455,13965.75,29032,"Porto Seguro",2,"Nordeste",1,"291560",3,120,44,76,59,61,2,0,0,0,0,122,44,76,59,61,39,9.54436318262998,11.0737225848772,0.374358674661141,31
"8643","BA","Itamaraju",64455,13965.75,29032,"Porto Seguro",2,"Nordeste",1,"291560",4,84,34,50,44,40,0,0,0,0,0,84,34,50,44,40,45,9.54436318262998,11.0737225848772,0.377404934314,30
"8644","BA","Itamaraju",64455,13965.75,29032,"Porto Seguro",2,"Nordeste",1,"291560",5,69,32,37,34,35,0,0,0,0,0,69,32,37,34,35,43,9.54436318262998,11.0737225848772,0.390978535731789,31
"8645","BA","Itamaraju",64455,13965.75,29032,"Porto Seguro",2,"Nordeste",1,"291560",6,92,37,55,50,42,2,0,0,0,0,94,37,55,50,42,41,9.54436318262998,11.0737225848772,0.377968102471074,30
"8646","BA","Itamaraju",64455,13965.75,29032,"Porto Seguro",2,"Nordeste",1,"291560",7,93,27,66,42,51,2,0,0,0,0,95,27,66,42,51,49,9.54436318262998,11.0737225848772,0.392832741580414,29
"8647","BA","Itambé",22754,10099.79,29029,"Itapetinga",2,"Nordeste",1,"291580",2,32,21,11,14,18,0,0,0,0,0,32,21,11,14,18,13,9.22026991053398,10.0324962330997,0.296636464558661,29
"8648","BA","Itambé",22754,10099.79,29029,"Itapetinga",2,"Nordeste",1,"291580",3,32,10,22,11,21,0,0,0,0,0,32,10,22,11,21,11,9.22026991053398,10.0324962330997,0.380136432430957,31
"8649","BA","Itambé",22754,10099.79,29029,"Itapetinga",2,"Nordeste",1,"291580",4,17,9,8,10,7,0,0,0,0,0,17,9,8,10,7,10,9.22026991053398,10.0324962330997,0.392859393698239,30
"8650","BA","Itambé",22754,10099.79,29029,"Itapetinga",2,"Nordeste",1,"291580",5,23,11,12,12,11,0,0,0,0,0,23,11,12,12,11,11,9.22026991053398,10.0324962330997,0.353496421714519,31
"8651","BA","Itambé",22754,10099.79,29029,"Itapetinga",2,"Nordeste",1,"291580",6,28,10,18,12,16,0,0,0,0,0,28,10,18,12,16,17,9.22026991053398,10.0324962330997,0.350170126733168,30
"8652","BA","Itambé",22754,10099.79,29029,"Itapetinga",2,"Nordeste",1,"291580",7,26,8,18,10,16,0,0,0,0,0,26,8,18,10,16,19,9.22026991053398,10.0324962330997,0.382208065054829,29
"8653","BA","Itanagra",6436,10298.85,29019,"Catu",2,"Nordeste",0,"291590",2,14,7,7,9,5,0,0,0,0,0,14,7,7,9,5,4,9.23978751749891,8.76966250811227,0.270716091741865,29
"8654","BA","Itanagra",6436,10298.85,29019,"Catu",2,"Nordeste",0,"291590",3,10,6,4,10,0,0,0,0,0,0,10,6,4,10,0,2,9.23978751749891,8.76966250811227,0.357300462571552,31
"8655","BA","Itanagra",6436,10298.85,29019,"Catu",2,"Nordeste",0,"291590",4,6,3,3,2,4,1,0,0,0,0,7,3,3,2,4,1,9.23978751749891,8.76966250811227,0.406200046799124,30
"8656","BA","Itanagra",6436,10298.85,29019,"Catu",2,"Nordeste",0,"291590",5,7,3,4,3,4,0,0,0,0,0,7,3,4,3,4,3,9.23978751749891,8.76966250811227,0.422902681048725,31
"8657","BA","Itanagra",6436,10298.85,29019,"Catu",2,"Nordeste",0,"291590",6,6,1,5,1,5,0,0,0,0,0,6,1,5,1,5,3,9.23978751749891,8.76966250811227,0.383909734793258,30
"8658","BA","Itanagra",6436,10298.85,29019,"Catu",2,"Nordeste",0,"291590",7,12,5,7,5,7,2,0,0,0,0,14,5,7,5,7,7,9.23978751749891,8.76966250811227,0.425883999857974,29
"8659","BA","Itanhém",19316,11605.19,29032,"Porto Seguro",2,"Nordeste",0,"291600",2,24,8,16,10,14,1,0,0,0,0,25,8,16,10,14,15,9.35920769082785,9.86868904699343,0.30883810561848,29
"8660","BA","Itanhém",19316,11605.19,29032,"Porto Seguro",2,"Nordeste",0,"291600",3,29,9,20,14,15,0,0,0,0,0,29,9,20,14,15,6,9.35920769082785,9.86868904699343,0.407495047167889,31
"8661","BA","Itanhém",19316,11605.19,29032,"Porto Seguro",2,"Nordeste",0,"291600",4,11,2,9,8,3,0,0,0,0,0,11,2,9,8,3,12,9.35920769082785,9.86868904699343,0.405662717753419,30
"8662","BA","Itanhém",19316,11605.19,29032,"Porto Seguro",2,"Nordeste",0,"291600",5,11,2,9,4,7,0,0,0,0,0,11,2,9,4,7,18,9.35920769082785,9.86868904699343,0.425837658932642,31
"8663","BA","Itanhém",19316,11605.19,29032,"Porto Seguro",2,"Nordeste",0,"291600",6,24,8,16,12,12,0,0,0,0,0,24,8,16,12,12,10,9.35920769082785,9.86868904699343,0.427315171183735,30
"8664","BA","Itanhém",19316,11605.19,29032,"Porto Seguro",2,"Nordeste",0,"291600",7,17,4,13,11,6,0,0,0,0,0,17,4,13,11,6,24,9.35920769082785,9.86868904699343,0.44485290907685,29
"8665","BA","Itaparica",22337,10722.56,29021,"Salvador",2,"Nordeste",1,"291610",2,25,11,14,7,18,0,0,0,0,0,25,11,14,7,18,16,9.28010521208533,10.0139997753336,0.309254780746047,29
"8666","BA","Itaparica",22337,10722.56,29021,"Salvador",2,"Nordeste",1,"291610",3,25,6,19,14,11,0,0,0,0,0,25,6,19,14,11,15,9.28010521208533,10.0139997753336,0.412318464482374,31
"8667","BA","Itaparica",22337,10722.56,29021,"Salvador",2,"Nordeste",1,"291610",4,13,5,8,8,5,0,0,0,0,0,13,5,8,8,5,17,9.28010521208533,10.0139997753336,0.481159937983828,30
"8668","BA","Itaparica",22337,10722.56,29021,"Salvador",2,"Nordeste",1,"291610",5,20,3,17,8,12,0,0,0,0,0,20,3,17,8,12,13,9.28010521208533,10.0139997753336,0.471873343373286,31
"8669","BA","Itaparica",22337,10722.56,29021,"Salvador",2,"Nordeste",1,"291610",6,22,7,15,10,12,1,0,0,0,0,23,7,15,10,12,13,9.28010521208533,10.0139997753336,0.430768343695014,30
"8670","BA","Itaparica",22337,10722.56,29021,"Salvador",2,"Nordeste",1,"291610",7,28,13,15,15,13,0,0,0,0,0,28,13,15,15,13,22,9.28010521208533,10.0139997753336,0.456560022273174,29
"8671","BA","Itapé",8526,9913.19,29031,"Ilhéus-Itabuna",2,"Nordeste",0,"291620",2,16,4,12,10,6,0,0,0,0,0,16,4,12,10,6,5,9.20162147259995,9.05087559732516,0.307770144262845,29
"8672","BA","Itapé",8526,9913.19,29031,"Ilhéus-Itabuna",2,"Nordeste",0,"291620",3,14,7,7,6,8,0,0,0,0,0,14,7,7,6,8,5,9.20162147259995,9.05087559732516,0.388673647191811,31
"8673","BA","Itapé",8526,9913.19,29031,"Ilhéus-Itabuna",2,"Nordeste",0,"291620",4,9,3,6,2,7,0,0,0,0,0,9,3,6,2,7,8,9.20162147259995,9.05087559732516,0.414684891044496,30
"8674","BA","Itapé",8526,9913.19,29031,"Ilhéus-Itabuna",2,"Nordeste",0,"291620",5,12,5,7,5,7,0,0,0,0,0,12,5,7,5,7,8,9.20162147259995,9.05087559732516,0.42044245912921,31
"8675","BA","Itapé",8526,9913.19,29031,"Ilhéus-Itabuna",2,"Nordeste",0,"291620",6,17,6,11,8,9,0,0,0,0,0,17,6,11,8,9,8,9.20162147259995,9.05087559732516,0.377645989402144,30
"8676","BA","Itapé",8526,9913.19,29031,"Ilhéus-Itabuna",2,"Nordeste",0,"291620",7,12,8,4,7,5,0,0,0,0,0,12,8,4,7,5,10,9.20162147259995,9.05087559732516,0.460848230722574,29
"8677","BA","Itapebi",10215,27428.96,29031,"Ilhéus-Itabuna",2,"Nordeste",0,"291630",2,22,8,14,12,10,0,0,0,0,0,22,8,14,12,10,4,10.2193546685209,9.23161250725172,0.286280709644308,29
"8678","BA","Itapebi",10215,27428.96,29031,"Ilhéus-Itabuna",2,"Nordeste",0,"291630",3,14,5,9,5,9,0,0,0,0,0,14,5,9,5,9,7,10.2193546685209,9.23161250725172,0.366455053698292,31
"8679","BA","Itapebi",10215,27428.96,29031,"Ilhéus-Itabuna",2,"Nordeste",0,"291630",4,7,5,2,4,3,0,0,0,0,0,7,5,2,4,3,9,10.2193546685209,9.23161250725172,0.408989489354662,30
"8680","BA","Itapebi",10215,27428.96,29031,"Ilhéus-Itabuna",2,"Nordeste",0,"291630",5,13,8,5,8,5,0,0,0,0,0,13,8,5,8,5,6,10.2193546685209,9.23161250725172,0.402623117685292,31
"8681","BA","Itapebi",10215,27428.96,29031,"Ilhéus-Itabuna",2,"Nordeste",0,"291630",6,3,1,2,1,2,0,0,0,0,0,3,1,2,1,2,7,10.2193546685209,9.23161250725172,0.366723488866804,30
"8682","BA","Itapebi",10215,27428.96,29031,"Ilhéus-Itabuna",2,"Nordeste",0,"291630",7,7,3,4,2,5,1,0,0,0,0,8,3,4,2,5,5,10.2193546685209,9.23161250725172,0.408844713350664,29
"8683","BA","Itapetinga",76795,14271.87,29029,"Itapetinga",2,"Nordeste",1,"291640",2,143,52,91,55,88,2,0,0,0,0,145,52,91,55,88,49,9.56604574603391,11.2488948128497,0.288447802331369,29
"8684","BA","Itapetinga",76795,14271.87,29029,"Itapetinga",2,"Nordeste",1,"291640",3,115,45,70,52,63,0,0,0,0,0,115,45,70,52,63,46,9.56604574603391,11.2488948128497,0.37246842469273,31
"8685","BA","Itapetinga",76795,14271.87,29029,"Itapetinga",2,"Nordeste",1,"291640",4,77,29,48,34,43,0,0,0,0,0,77,29,48,34,43,47,9.56604574603391,11.2488948128497,0.40348076929667,30
"8686","BA","Itapetinga",76795,14271.87,29029,"Itapetinga",2,"Nordeste",1,"291640",5,80,33,47,41,39,1,0,0,0,0,81,33,47,41,39,37,9.56604574603391,11.2488948128497,0.372680049356243,31
"8687","BA","Itapetinga",76795,14271.87,29029,"Itapetinga",2,"Nordeste",1,"291640",6,92,34,58,43,49,1,0,0,0,0,93,34,58,43,49,65,9.56604574603391,11.2488948128497,0.375930042686144,30
"8688","BA","Itapetinga",76795,14271.87,29029,"Itapetinga",2,"Nordeste",1,"291640",7,71,25,46,42,29,2,0,0,0,0,73,25,46,42,29,69,9.56604574603391,11.2488948128497,0.405594052241114,29
"8689","BA","Itapicuru",35883,7677.87,29015,"Ribeira do Pombal",2,"Nordeste",0,"291650",2,39,24,15,19,20,0,0,0,0,0,39,24,15,19,20,13,8.94609744392483,10.4880189247176,0.265281445463645,29
"8690","BA","Itapicuru",35883,7677.87,29015,"Ribeira do Pombal",2,"Nordeste",0,"291650",3,28,15,13,15,13,0,0,0,0,0,28,15,13,15,13,17,8.94609744392483,10.4880189247176,0.352464704063192,31
"8691","BA","Itapicuru",35883,7677.87,29015,"Ribeira do Pombal",2,"Nordeste",0,"291650",4,24,15,9,10,14,0,0,0,0,0,24,15,9,10,14,14,8.94609744392483,10.4880189247176,0.373745852555491,30
"8692","BA","Itapicuru",35883,7677.87,29015,"Ribeira do Pombal",2,"Nordeste",0,"291650",5,21,12,9,11,10,0,0,0,0,0,21,12,9,11,10,10,8.94609744392483,10.4880189247176,0.377808070952349,31
"8693","BA","Itapicuru",35883,7677.87,29015,"Ribeira do Pombal",2,"Nordeste",0,"291650",6,27,20,7,11,16,0,0,0,0,0,27,20,7,11,16,18,8.94609744392483,10.4880189247176,0.363272408184968,30
"8694","BA","Itapicuru",35883,7677.87,29015,"Ribeira do Pombal",2,"Nordeste",0,"291650",7,35,26,9,18,17,1,0,0,0,0,36,26,9,18,17,16,8.94609744392483,10.4880189247176,0.398289601322753,29
"8695","BA","Itapitanga",10298,7157.14,29031,"Ilhéus-Itabuna",2,"Nordeste",0,"291660",2,7,4,3,5,2,0,0,0,0,0,7,4,3,5,2,7,8.87586573881597,9.23970498060609,0.285275879074505,29
"8696","BA","Itapitanga",10298,7157.14,29031,"Ilhéus-Itabuna",2,"Nordeste",0,"291660",3,8,6,2,4,4,0,0,0,0,0,8,6,2,4,4,11,8.87586573881597,9.23970498060609,0.366820664911223,31
"8697","BA","Itapitanga",10298,7157.14,29031,"Ilhéus-Itabuna",2,"Nordeste",0,"291660",4,3,1,2,1,2,0,0,0,0,0,3,1,2,1,2,6,8.87586573881597,9.23970498060609,0.41033890907211,30
"8698","BA","Itapitanga",10298,7157.14,29031,"Ilhéus-Itabuna",2,"Nordeste",0,"291660",5,5,2,3,2,3,0,0,0,0,0,5,2,3,2,3,5,8.87586573881597,9.23970498060609,0.401596979128959,31
"8699","BA","Itapitanga",10298,7157.14,29031,"Ilhéus-Itabuna",2,"Nordeste",0,"291660",6,3,2,1,1,2,0,0,0,0,0,3,2,1,1,2,8,8.87586573881597,9.23970498060609,0.373345691938791,30
"8700","BA","Itapitanga",10298,7157.14,29031,"Ilhéus-Itabuna",2,"Nordeste",0,"291660",7,3,2,1,3,0,0,0,0,0,0,3,2,1,3,0,9,8.87586573881597,9.23970498060609,0.421195553677814,29
"8701","BA","Itaquara",8347,7945.81,29024,"Jequié",2,"Nordeste",0,"291670",2,14,4,10,8,6,0,0,0,0,0,14,4,10,8,6,3,8.9804000246867,9.02965747185074,0.304016576393504,29
"8702","BA","Itaquara",8347,7945.81,29024,"Jequié",2,"Nordeste",0,"291670",3,20,5,15,7,13,0,0,0,0,0,20,5,15,7,13,7,8.9804000246867,9.02965747185074,0.329654099666675,31
"8703","BA","Itaquara",8347,7945.81,29024,"Jequié",2,"Nordeste",0,"291670",4,5,1,4,4,1,0,0,0,0,0,5,1,4,4,1,5,8.9804000246867,9.02965747185074,0.379116458474043,30
"8704","BA","Itaquara",8347,7945.81,29024,"Jequié",2,"Nordeste",0,"291670",5,6,2,4,5,1,0,0,0,0,0,6,2,4,5,1,4,8.9804000246867,9.02965747185074,0.383441804283834,31
"8705","BA","Itaquara",8347,7945.81,29024,"Jequié",2,"Nordeste",0,"291670",6,2,1,1,1,1,0,0,0,0,0,2,1,1,1,1,6,8.9804000246867,9.02965747185074,0.380455012898006,30
"8706","BA","Itaquara",8347,7945.81,29024,"Jequié",2,"Nordeste",0,"291670",7,10,8,2,4,6,1,0,0,0,0,11,8,2,4,6,4,8.9804000246867,9.02965747185074,0.404790184965331,29
"8707","BA","Itarantim",19843,13929.74,29029,"Itapetinga",2,"Nordeste",1,"291680",2,26,11,15,11,15,1,0,0,0,0,27,11,15,11,15,7,9.54178140184733,9.89560657908525,0.257138897713611,29
"8708","BA","Itarantim",19843,13929.74,29029,"Itapetinga",2,"Nordeste",1,"291680",3,28,12,16,18,10,0,0,0,0,0,28,12,16,18,10,17,9.54178140184733,9.89560657908525,0.323579350986922,31
"8709","BA","Itarantim",19843,13929.74,29029,"Itapetinga",2,"Nordeste",1,"291680",4,7,2,5,1,6,0,0,0,0,0,7,2,5,1,6,10,9.54178140184733,9.89560657908525,0.331232970892084,30
"8710","BA","Itarantim",19843,13929.74,29029,"Itapetinga",2,"Nordeste",1,"291680",5,15,7,8,4,11,0,0,0,0,0,15,7,8,4,11,12,9.54178140184733,9.89560657908525,0.338520646227127,31
"8711","BA","Itarantim",19843,13929.74,29029,"Itapetinga",2,"Nordeste",1,"291680",6,17,8,9,10,7,1,0,0,0,0,18,8,9,10,7,12,9.54178140184733,9.89560657908525,0.32605070913678,30
"8712","BA","Itarantim",19843,13929.74,29029,"Itapetinga",2,"Nordeste",1,"291680",7,8,6,2,6,2,0,0,0,0,0,8,6,2,6,2,17,9.54178140184733,9.89560657908525,0.372601016778825,29
"8713","BA","Itatim",14539,23178.62,29012,"Feira de Santana",2,"Nordeste",0,"291685",2,16,6,10,6,10,0,0,0,0,0,16,6,10,6,10,7,10.0509855810404,9.58458997293143,0.270365227752044,29
"8714","BA","Itatim",14539,23178.62,29012,"Feira de Santana",2,"Nordeste",0,"291685",3,16,2,14,5,11,0,0,0,0,0,16,2,14,5,11,10,10.0509855810404,9.58458997293143,0.331958959752211,31
"8715","BA","Itatim",14539,23178.62,29012,"Feira de Santana",2,"Nordeste",0,"291685",4,15,3,12,6,9,0,0,0,0,0,15,3,12,6,9,9,10.0509855810404,9.58458997293143,0.374007879493289,30
"8716","BA","Itatim",14539,23178.62,29012,"Feira de Santana",2,"Nordeste",0,"291685",5,5,0,5,0,5,0,0,0,0,0,5,0,5,0,5,9,10.0509855810404,9.58458997293143,0.361949888386465,31
"8717","BA","Itatim",14539,23178.62,29012,"Feira de Santana",2,"Nordeste",0,"291685",6,15,8,7,7,8,0,0,0,0,0,15,8,7,7,8,9,10.0509855810404,9.58458997293143,0.336565935471447,30
"8718","BA","Itatim",14539,23178.62,29012,"Feira de Santana",2,"Nordeste",0,"291685",7,5,0,5,4,1,0,0,0,0,0,5,0,5,4,1,11,10.0509855810404,9.58458997293143,0.386305863274859,29
"8719","BA","Itiruçu",12528,7483.3,29024,"Jequié",2,"Nordeste",0,"291690",2,18,2,16,8,10,0,0,0,0,0,18,2,16,8,10,8,8.92042915014938,9.43572141823058,0.285106826497353,29
"8720","BA","Itiruçu",12528,7483.3,29024,"Jequié",2,"Nordeste",0,"291690",3,15,2,13,6,9,0,0,0,0,0,15,2,13,6,9,11,8.92042915014938,9.43572141823058,0.376807778104429,31
"8721","BA","Itiruçu",12528,7483.3,29024,"Jequié",2,"Nordeste",0,"291690",4,12,3,9,4,8,0,0,0,0,0,12,3,9,4,8,7,8.92042915014938,9.43572141823058,0.397832704535681,30
"8722","BA","Itiruçu",12528,7483.3,29024,"Jequié",2,"Nordeste",0,"291690",5,7,5,2,4,3,0,0,0,0,0,7,5,2,4,3,3,8.92042915014938,9.43572141823058,0.373378196642048,31
"8723","BA","Itiruçu",12528,7483.3,29024,"Jequié",2,"Nordeste",0,"291690",6,10,3,7,3,7,0,0,0,0,0,10,3,7,3,7,16,8.92042915014938,9.43572141823058,0.350312224851461,30
"8724","BA","Itiruçu",12528,7483.3,29024,"Jequié",2,"Nordeste",0,"291690",7,5,2,3,1,4,1,0,0,0,0,6,2,3,1,4,8,8.92042915014938,9.43572141823058,0.381639101414164,29
"8725","BA","Itiúba",36116,7204.65,29008,"Senhor do Bonfim",2,"Nordeste",0,"291700",2,64,27,37,34,30,0,0,0,0,0,64,27,37,34,30,21,8.88248192987688,10.4944912594274,0.299674254580154,29
"8726","BA","Itiúba",36116,7204.65,29008,"Senhor do Bonfim",2,"Nordeste",0,"291700",3,43,17,26,22,21,2,0,0,0,0,45,17,26,22,21,26,8.88248192987688,10.4944912594274,0.37777925404045,31
"8727","BA","Itiúba",36116,7204.65,29008,"Senhor do Bonfim",2,"Nordeste",0,"291700",4,35,15,20,16,19,2,0,0,0,0,37,15,20,16,19,23,8.88248192987688,10.4944912594274,0.412542323168971,30
"8728","BA","Itiúba",36116,7204.65,29008,"Senhor do Bonfim",2,"Nordeste",0,"291700",5,34,9,25,16,18,2,0,0,0,0,36,9,25,16,18,22,8.88248192987688,10.4944912594274,0.415199491336061,31
"8729","BA","Itiúba",36116,7204.65,29008,"Senhor do Bonfim",2,"Nordeste",0,"291700",6,41,10,31,18,23,0,0,0,0,0,41,10,31,18,23,22,8.88248192987688,10.4944912594274,0.420066475651241,30
"8730","BA","Itiúba",36116,7204.65,29008,"Senhor do Bonfim",2,"Nordeste",0,"291700",7,47,21,26,20,27,1,0,0,0,0,48,21,26,20,27,12,8.88248192987688,10.4944912594274,0.446785396083427,29
"8731","BA","Itororó",20388,10872.92,29029,"Itapetinga",2,"Nordeste",1,"291710",2,35,18,17,18,17,0,0,0,0,0,35,18,17,18,17,9,9.29403057329571,9.92270177145993,0.292623304501957,29
"8732","BA","Itororó",20388,10872.92,29029,"Itapetinga",2,"Nordeste",1,"291710",3,26,13,13,10,16,0,0,0,0,0,26,13,13,10,16,17,9.29403057329571,9.92270177145993,0.378435479239605,31
"8733","BA","Itororó",20388,10872.92,29029,"Itapetinga",2,"Nordeste",1,"291710",4,12,4,8,6,6,1,0,0,0,0,13,4,8,6,6,21,9.29403057329571,9.92270177145993,0.409668338138741,30
"8734","BA","Itororó",20388,10872.92,29029,"Itapetinga",2,"Nordeste",1,"291710",5,19,8,11,6,13,1,0,0,0,0,20,8,11,6,13,17,9.29403057329571,9.92270177145993,0.388385590736816,31
"8735","BA","Itororó",20388,10872.92,29029,"Itapetinga",2,"Nordeste",1,"291710",6,12,6,6,4,8,0,0,0,0,0,12,6,6,4,8,14,9.29403057329571,9.92270177145993,0.387334720966548,30
"8736","BA","Itororó",20388,10872.92,29029,"Itapetinga",2,"Nordeste",1,"291710",7,16,4,12,6,10,0,0,0,0,0,16,4,12,6,10,18,9.29403057329571,9.92270177145993,0.402496302305566,29
"8737","BA","Ituaçu",19030,8462.8,29027,"Brumado",2,"Nordeste",0,"291720",2,33,9,24,15,18,0,0,0,0,0,33,9,24,15,18,16,9.04343536710916,9.8537719602902,0.279393234563564,29
"8738","BA","Ituaçu",19030,8462.8,29027,"Brumado",2,"Nordeste",0,"291720",3,34,18,16,11,23,1,0,0,0,0,35,18,16,11,23,14,9.04343536710916,9.8537719602902,0.352290523046831,31
"8739","BA","Ituaçu",19030,8462.8,29027,"Brumado",2,"Nordeste",0,"291720",4,14,5,9,8,6,0,0,0,0,0,14,5,9,8,6,6,9.04343536710916,9.8537719602902,0.359119671718145,30
"8740","BA","Ituaçu",19030,8462.8,29027,"Brumado",2,"Nordeste",0,"291720",5,13,5,8,6,7,0,0,0,0,0,13,5,8,6,7,10,9.04343536710916,9.8537719602902,0.380200127198331,31
"8741","BA","Ituaçu",19030,8462.8,29027,"Brumado",2,"Nordeste",0,"291720",6,19,8,11,7,12,0,0,0,0,0,19,8,11,7,12,8,9.04343536710916,9.8537719602902,0.367733550825922,30
"8742","BA","Ituaçu",19030,8462.8,29027,"Brumado",2,"Nordeste",0,"291720",7,19,9,10,4,15,1,0,0,0,0,20,9,10,4,15,13,9.04343536710916,9.8537719602902,0.418432333052342,29
"8743","BA","Ituberá",28740,10492.33,29030,"Valença",2,"Nordeste",0,"291730",2,39,13,26,15,24,0,0,0,0,0,39,13,26,15,24,16,9.25839979302741,10.266045159633,0.277857466879552,29
"8744","BA","Ituberá",28740,10492.33,29030,"Valença",2,"Nordeste",0,"291730",3,16,6,10,7,9,1,0,0,0,0,17,6,10,7,9,7,9.25839979302741,10.266045159633,0.38675463140829,31
"8745","BA","Ituberá",28740,10492.33,29030,"Valença",2,"Nordeste",0,"291730",4,23,13,10,15,8,0,0,0,0,0,23,13,10,15,8,9,9.25839979302741,10.266045159633,0.438074065392763,30
"8746","BA","Ituberá",28740,10492.33,29030,"Valença",2,"Nordeste",0,"291730",5,28,11,17,10,18,2,0,0,0,0,30,11,17,10,18,18,9.25839979302741,10.266045159633,0.396324973098259,31
"8747","BA","Ituberá",28740,10492.33,29030,"Valença",2,"Nordeste",0,"291730",6,24,11,13,10,14,1,0,0,0,0,25,11,13,10,14,18,9.25839979302741,10.266045159633,0.392186661191681,30
"8748","BA","Ituberá",28740,10492.33,29030,"Valença",2,"Nordeste",0,"291730",7,28,10,18,10,18,0,0,0,0,0,28,10,18,10,18,21,9.25839979302741,10.266045159633,0.446524266098975,29
"8749","BA","Iuiu",11016,8728.32,29026,"Guanambi",2,"Nordeste",0,"291733",2,18,7,11,5,13,0,0,0,0,0,18,7,11,5,13,5,9.07432819045218,9.30710404040849,0.254317372783209,29
"8750","BA","Iuiu",11016,8728.32,29026,"Guanambi",2,"Nordeste",0,"291733",3,17,6,11,7,10,0,0,0,0,0,17,6,11,7,10,10,9.07432819045218,9.30710404040849,0.333634913287501,31
"8751","BA","Iuiu",11016,8728.32,29026,"Guanambi",2,"Nordeste",0,"291733",4,11,4,7,3,8,0,0,0,0,0,11,4,7,3,8,6,9.07432819045218,9.30710404040849,0.369533606031703,30
"8752","BA","Iuiu",11016,8728.32,29026,"Guanambi",2,"Nordeste",0,"291733",5,9,1,8,2,7,1,0,0,0,0,10,1,8,2,7,6,9.07432819045218,9.30710404040849,0.340275901830047,31
"8753","BA","Iuiu",11016,8728.32,29026,"Guanambi",2,"Nordeste",0,"291733",6,16,3,13,5,11,0,0,0,0,0,16,3,13,5,11,6,9.07432819045218,9.30710404040849,0.342190327238191,30
"8754","BA","Iuiu",11016,8728.32,29026,"Guanambi",2,"Nordeste",0,"291733",7,12,6,6,5,7,0,0,0,0,0,12,6,6,5,7,6,9.07432819045218,9.30710404040849,0.395906339435789,29
"8755","BA","Jaborandi",8277,78337.5,29003,"Santa Maria da Vitória",2,"Nordeste",0,"291735",2,19,4,15,7,12,0,0,0,0,0,19,4,15,7,12,5,11.2687816945329,9.0212358628854,0.290555713735046,29
"8756","BA","Jaborandi",8277,78337.5,29003,"Santa Maria da Vitória",2,"Nordeste",0,"291735",3,18,3,15,6,12,0,0,0,0,0,18,3,15,6,12,10,11.2687816945329,9.0212358628854,0.363832418988366,31
"8757","BA","Jaborandi",8277,78337.5,29003,"Santa Maria da Vitória",2,"Nordeste",0,"291735",4,12,2,10,6,6,1,0,0,0,0,13,2,10,6,6,4,11.2687816945329,9.0212358628854,0.405908064064984,30
"8758","BA","Jaborandi",8277,78337.5,29003,"Santa Maria da Vitória",2,"Nordeste",0,"291735",5,9,3,6,2,7,0,0,0,0,0,9,3,6,2,7,5,11.2687816945329,9.0212358628854,0.385296279172891,31
"8759","BA","Jaborandi",8277,78337.5,29003,"Santa Maria da Vitória",2,"Nordeste",0,"291735",6,11,2,9,2,9,0,0,0,0,0,11,2,9,2,9,1,11.2687816945329,9.0212358628854,0.363254223042174,30
"8760","BA","Jaborandi",8277,78337.5,29003,"Santa Maria da Vitória",2,"Nordeste",0,"291735",7,11,2,9,2,9,0,0,0,0,0,11,2,9,2,9,5,11.2687816945329,9.0212358628854,0.405771570801429,29
"8761","BA","Jacaraci",14850,6814.78,29026,"Guanambi",2,"Nordeste",0,"291740",2,6,1,5,4,2,0,0,0,0,0,6,1,5,4,2,7,8.82684906187809,9.60575514423085,0.259610731582129,29
"8762","BA","Jacaraci",14850,6814.78,29026,"Guanambi",2,"Nordeste",0,"291740",3,9,5,4,3,6,0,0,0,0,0,9,5,4,3,6,7,8.82684906187809,9.60575514423085,0.359148773509792,31
"8763","BA","Jacaraci",14850,6814.78,29026,"Guanambi",2,"Nordeste",0,"291740",4,6,2,4,3,3,0,0,0,0,0,6,2,4,3,3,6,8.82684906187809,9.60575514423085,0.393082346554614,30
"8764","BA","Jacaraci",14850,6814.78,29026,"Guanambi",2,"Nordeste",0,"291740",5,11,0,11,1,10,0,0,0,0,0,11,0,11,1,10,7,8.82684906187809,9.60575514423085,0.420806019466093,31
"8765","BA","Jacaraci",14850,6814.78,29026,"Guanambi",2,"Nordeste",0,"291740",6,17,6,11,5,12,0,0,0,0,0,17,6,11,5,12,8,8.82684906187809,9.60575514423085,0.388822816328191,30
"8766","BA","Jacaraci",14850,6814.78,29026,"Guanambi",2,"Nordeste",0,"291740",7,4,1,3,2,2,0,0,0,0,0,4,1,3,2,2,7,8.82684906187809,9.60575514423085,0.456413602147058,29
"8767","BA","Jacobina",80635,17237.46,29010,"Jacobina",2,"Nordeste",1,"291750",2,172,47,125,73,99,0,0,0,0,0,172,47,125,73,99,42,9.75484020157675,11.2976880774146,0.297286790894361,29
"8768","BA","Jacobina",80635,17237.46,29010,"Jacobina",2,"Nordeste",1,"291750",3,154,46,108,62,92,1,0,0,0,0,155,46,108,62,92,50,9.75484020157675,11.2976880774146,0.381453071691532,31
"8769","BA","Jacobina",80635,17237.46,29010,"Jacobina",2,"Nordeste",1,"291750",4,106,32,74,38,68,1,0,0,0,0,107,32,74,38,68,49,9.75484020157675,11.2976880774146,0.396502613061018,30
"8770","BA","Jacobina",80635,17237.46,29010,"Jacobina",2,"Nordeste",1,"291750",5,97,35,62,29,68,0,0,0,0,0,97,35,62,29,68,53,9.75484020157675,11.2976880774146,0.412466042818689,31
"8771","BA","Jacobina",80635,17237.46,29010,"Jacobina",2,"Nordeste",1,"291750",6,97,33,64,43,54,0,0,0,0,0,97,33,64,43,54,51,9.75484020157675,11.2976880774146,0.371552158856374,30
"8772","BA","Jacobina",80635,17237.46,29010,"Jacobina",2,"Nordeste",1,"291750",7,116,43,73,54,62,0,0,0,0,0,116,43,73,54,62,51,9.75484020157675,11.2976880774146,0.40752985603386,29
"8773","BA","Jaguaquara",54673,10120.1,29024,"Jequié",2,"Nordeste",1,"291760",2,79,18,61,34,45,0,0,0,0,0,79,18,61,34,45,14,9.22227882421556,10.9091252650862,0.268036605728127,29
"8774","BA","Jaguaquara",54673,10120.1,29024,"Jequié",2,"Nordeste",1,"291760",3,103,42,61,50,53,1,0,0,0,0,104,42,61,50,53,29,9.22227882421556,10.9091252650862,0.340269908652231,31
"8775","BA","Jaguaquara",54673,10120.1,29024,"Jequié",2,"Nordeste",1,"291760",4,45,13,32,26,19,0,0,0,0,0,45,13,32,26,19,34,9.22227882421556,10.9091252650862,0.373404157987771,30
"8776","BA","Jaguaquara",54673,10120.1,29024,"Jequié",2,"Nordeste",1,"291760",5,53,17,36,22,31,0,0,0,0,0,53,17,36,22,31,36,9.22227882421556,10.9091252650862,0.363104435032516,31
"8777","BA","Jaguaquara",54673,10120.1,29024,"Jequié",2,"Nordeste",1,"291760",6,50,18,32,22,28,1,0,0,0,0,51,18,32,22,28,38,9.22227882421556,10.9091252650862,0.354379079729393,30
"8778","BA","Jaguaquara",54673,10120.1,29024,"Jequié",2,"Nordeste",1,"291760",7,61,20,41,26,35,0,0,0,0,0,61,20,41,26,35,51,9.22227882421556,10.9091252650862,0.400564686877996,29
"8779","BA","Jaguarari",33746,19288.82,29008,"Senhor do Bonfim",2,"Nordeste",0,"291770",2,63,24,39,24,39,0,0,0,0,0,63,24,39,24,39,15,9.86728093243722,10.4266171707583,0.267259528947305,29
"8780","BA","Jaguarari",33746,19288.82,29008,"Senhor do Bonfim",2,"Nordeste",0,"291770",3,60,24,36,26,34,1,0,0,0,0,61,24,36,26,34,18,9.86728093243722,10.4266171707583,0.350588632808405,31
"8781","BA","Jaguarari",33746,19288.82,29008,"Senhor do Bonfim",2,"Nordeste",0,"291770",4,34,13,21,16,18,0,0,0,0,0,34,13,21,16,18,13,9.86728093243722,10.4266171707583,0.391072775219031,30
"8782","BA","Jaguarari",33746,19288.82,29008,"Senhor do Bonfim",2,"Nordeste",0,"291770",5,38,11,27,15,23,0,0,0,0,0,38,11,27,15,23,19,9.86728093243722,10.4266171707583,0.382090141854212,31
"8783","BA","Jaguarari",33746,19288.82,29008,"Senhor do Bonfim",2,"Nordeste",0,"291770",6,36,14,22,14,22,0,0,0,0,0,36,14,22,14,22,17,9.86728093243722,10.4266171707583,0.371020217294723,30
"8784","BA","Jaguarari",33746,19288.82,29008,"Senhor do Bonfim",2,"Nordeste",0,"291770",7,41,14,27,14,27,0,0,0,0,0,41,14,27,14,27,24,9.86728093243722,10.4266171707583,0.404853531310672,29
"8785","BA","Jaguaripe",18981,9053.68,29020,"Santo Antônio de Jesus",2,"Nordeste",0,"291780",2,33,16,17,14,19,0,0,0,0,0,33,16,17,14,19,7,9.11092658387672,9.85119375781499,0.321437330608799,29
"8786","BA","Jaguaripe",18981,9053.68,29020,"Santo Antônio de Jesus",2,"Nordeste",0,"291780",3,27,7,20,12,15,2,0,0,0,0,29,7,20,12,15,16,9.11092658387672,9.85119375781499,0.412742347460855,31
"8787","BA","Jaguaripe",18981,9053.68,29020,"Santo Antônio de Jesus",2,"Nordeste",0,"291780",4,10,5,5,4,6,1,0,0,0,0,11,5,5,4,6,4,9.11092658387672,9.85119375781499,0.475674707093421,30
"8788","BA","Jaguaripe",18981,9053.68,29020,"Santo Antônio de Jesus",2,"Nordeste",0,"291780",5,13,5,8,5,8,0,0,0,0,0,13,5,8,5,8,4,9.11092658387672,9.85119375781499,0.48803769662884,31
"8789","BA","Jaguaripe",18981,9053.68,29020,"Santo Antônio de Jesus",2,"Nordeste",0,"291780",6,25,6,19,14,11,0,0,0,0,0,25,6,19,14,11,8,9.11092658387672,9.85119375781499,0.480760725399284,30
"8790","BA","Jaguaripe",18981,9053.68,29020,"Santo Antônio de Jesus",2,"Nordeste",0,"291780",7,14,7,7,5,9,0,0,0,0,0,14,7,7,5,9,12,9.11092658387672,9.85119375781499,0.543774637130653,29
"8791","BA","Jandaíra",10726,11335.37,29018,"Entre Rios",2,"Nordeste",0,"291790",2,30,17,13,13,17,0,0,0,0,0,30,17,13,13,17,8,9.33568320466737,9.28042597954287,0.279710300321445,29
"8792","BA","Jandaíra",10726,11335.37,29018,"Entre Rios",2,"Nordeste",0,"291790",3,12,5,7,6,6,0,0,0,0,0,12,5,7,6,6,2,9.33568320466737,9.28042597954287,0.390032945599536,31
"8793","BA","Jandaíra",10726,11335.37,29018,"Entre Rios",2,"Nordeste",0,"291790",4,10,4,6,6,4,0,0,0,0,0,10,4,6,6,4,2,9.33568320466737,9.28042597954287,0.443134905759208,30
"8794","BA","Jandaíra",10726,11335.37,29018,"Entre Rios",2,"Nordeste",0,"291790",5,18,6,12,10,8,1,0,0,0,0,19,6,12,10,8,4,9.33568320466737,9.28042597954287,0.43665227622023,31
"8795","BA","Jandaíra",10726,11335.37,29018,"Entre Rios",2,"Nordeste",0,"291790",6,11,2,9,3,8,0,0,0,0,0,11,2,9,3,8,3,9.33568320466737,9.28042597954287,0.410153614156079,30
"8796","BA","Jandaíra",10726,11335.37,29018,"Entre Rios",2,"Nordeste",0,"291790",7,8,2,6,2,6,0,0,0,0,0,8,2,6,2,6,2,9.33568320466737,9.28042597954287,0.4143063904141,29
"8797","BA","Jequié",156126,16887.27,29024,"Jequié",2,"Nordeste",1,"291800",2,321,97,224,139,182,1,0,0,0,0,322,97,224,139,182,94,9.73431536263463,11.9584186525315,0.289448613804854,29
"8798","BA","Jequié",156126,16887.27,29024,"Jequié",2,"Nordeste",1,"291800",3,283,66,217,89,194,2,0,0,0,0,285,66,217,89,194,89,9.73431536263463,11.9584186525315,0.38246426466016,31
"8799","BA","Jequié",156126,16887.27,29024,"Jequié",2,"Nordeste",1,"291800",4,178,42,136,75,103,0,0,0,0,0,178,42,136,75,103,104,9.73431536263463,11.9584186525315,0.422882313177151,30
"8800","BA","Jequié",156126,16887.27,29024,"Jequié",2,"Nordeste",1,"291800",5,181,43,138,69,112,3,0,0,0,0,184,43,138,69,112,133,9.73431536263463,11.9584186525315,0.408856710304541,31
"8801","BA","Jequié",156126,16887.27,29024,"Jequié",2,"Nordeste",1,"291800",6,203,57,146,71,132,3,0,0,0,0,206,57,146,71,132,120,9.73431536263463,11.9584186525315,0.378124697566942,30
"8802","BA","Jequié",156126,16887.27,29024,"Jequié",2,"Nordeste",1,"291800",7,174,45,129,62,112,0,0,0,0,0,174,45,129,62,112,179,9.73431536263463,11.9584186525315,0.422979439250108,29
"8803","BA","Jeremoabo",40651,8080.34,29013,"Jeremoabo",2,"Nordeste",0,"291810",2,66,21,45,27,39,0,0,0,0,0,66,21,45,27,39,17,8.99718922983776,10.6127787149194,0.291591218062568,29
"8804","BA","Jeremoabo",40651,8080.34,29013,"Jeremoabo",2,"Nordeste",0,"291810",3,84,38,46,44,40,0,0,0,0,0,84,38,46,44,40,18,8.99718922983776,10.6127787149194,0.374502091362496,31
"8805","BA","Jeremoabo",40651,8080.34,29013,"Jeremoabo",2,"Nordeste",0,"291810",4,35,19,16,22,13,0,0,0,0,0,35,19,16,22,13,23,8.99718922983776,10.6127787149194,0.399035786147181,30
"8806","BA","Jeremoabo",40651,8080.34,29013,"Jeremoabo",2,"Nordeste",0,"291810",5,27,13,14,10,17,0,0,0,0,0,27,13,14,10,17,17,8.99718922983776,10.6127787149194,0.410862191442665,31
"8807","BA","Jeremoabo",40651,8080.34,29013,"Jeremoabo",2,"Nordeste",0,"291810",6,38,14,24,19,19,2,0,0,0,0,40,14,24,19,19,25,8.99718922983776,10.6127787149194,0.395447641216783,30
"8808","BA","Jeremoabo",40651,8080.34,29013,"Jeremoabo",2,"Nordeste",0,"291810",7,43,22,21,21,22,0,0,0,0,0,43,22,21,21,22,33,8.99718922983776,10.6127787149194,0.441670481393379,29
"8809","BA","Jiquiriçá",14557,6879.14,29024,"Jequié",2,"Nordeste",0,"291820",2,21,8,13,7,14,0,0,0,0,0,21,8,13,7,14,6,8.83624892311424,9.58582725656466,0.272120917510476,29
"8810","BA","Jiquiriçá",14557,6879.14,29024,"Jequié",2,"Nordeste",0,"291820",3,19,7,12,8,11,0,0,0,0,0,19,7,12,8,11,3,8.83624892311424,9.58582725656466,0.368579786758471,31
"8811","BA","Jiquiriçá",14557,6879.14,29024,"Jequié",2,"Nordeste",0,"291820",4,8,2,6,2,6,0,0,0,0,0,8,2,6,2,6,5,8.83624892311424,9.58582725656466,0.392091893960881,30
"8812","BA","Jiquiriçá",14557,6879.14,29024,"Jequié",2,"Nordeste",0,"291820",5,19,8,11,8,11,0,0,0,0,0,19,8,11,8,11,7,8.83624892311424,9.58582725656466,0.424651831598716,31
"8813","BA","Jiquiriçá",14557,6879.14,29024,"Jequié",2,"Nordeste",0,"291820",6,17,2,15,9,8,0,0,0,0,0,17,2,15,9,8,10,8.83624892311424,9.58582725656466,0.392849194474226,30
"8814","BA","Jiquiriçá",14557,6879.14,29024,"Jequié",2,"Nordeste",0,"291820",7,18,5,13,6,12,0,0,0,0,0,18,5,13,6,12,8,8.83624892311424,9.58582725656466,0.436459026997778,29
"8815","BA","Jitaúna",10808,14818.13,29024,"Jequié",2,"Nordeste",0,"291830",2,17,7,10,10,7,0,0,0,0,0,17,7,10,10,7,11,9.6036067100519,9.28804187964004,0.27070491141605,29
"8816","BA","Jitaúna",10808,14818.13,29024,"Jequié",2,"Nordeste",0,"291830",3,21,8,13,10,11,0,0,0,0,0,21,8,13,10,11,9,9.6036067100519,9.28804187964004,0.369210825757722,31
"8817","BA","Jitaúna",10808,14818.13,29024,"Jequié",2,"Nordeste",0,"291830",4,17,6,11,10,7,0,0,0,0,0,17,6,11,10,7,9,9.6036067100519,9.28804187964004,0.413604500095267,30
"8818","BA","Jitaúna",10808,14818.13,29024,"Jequié",2,"Nordeste",0,"291830",5,17,5,12,4,13,0,0,0,0,0,17,5,12,4,13,13,9.6036067100519,9.28804187964004,0.400043160578554,31
"8819","BA","Jitaúna",10808,14818.13,29024,"Jequié",2,"Nordeste",0,"291830",6,11,3,8,5,6,1,0,0,0,0,12,3,8,5,6,15,9.6036067100519,9.28804187964004,0.366791843316084,30
"8820","BA","Jitaúna",10808,14818.13,29024,"Jequié",2,"Nordeste",0,"291830",7,14,6,8,9,5,0,0,0,0,0,14,6,8,9,5,18,9.6036067100519,9.28804187964004,0.4177165044896,29
"8821","BA","João Dourado",25402,8412.7,29009,"Irecê",2,"Nordeste",0,"291835",2,48,15,33,25,23,0,0,0,0,0,48,15,33,25,23,18,9.037497747816,10.1425831900643,0.293283256233393,29
"8822","BA","João Dourado",25402,8412.7,29009,"Irecê",2,"Nordeste",0,"291835",3,46,17,29,23,23,0,0,0,0,0,46,17,29,23,23,14,9.037497747816,10.1425831900643,0.366126741642963,31
"8823","BA","João Dourado",25402,8412.7,29009,"Irecê",2,"Nordeste",0,"291835",4,31,12,19,13,18,1,0,0,0,0,32,12,19,13,18,19,9.037497747816,10.1425831900643,0.374113347030308,30
"8824","BA","João Dourado",25402,8412.7,29009,"Irecê",2,"Nordeste",0,"291835",5,27,14,13,17,10,0,0,0,0,0,27,14,13,17,10,10,9.037497747816,10.1425831900643,0.379536257018356,31
"8825","BA","João Dourado",25402,8412.7,29009,"Irecê",2,"Nordeste",0,"291835",6,28,11,17,11,17,1,0,0,0,0,29,11,17,11,17,20,9.037497747816,10.1425831900643,0.363190621128948,30
"8826","BA","João Dourado",25402,8412.7,29009,"Irecê",2,"Nordeste",0,"291835",7,33,13,20,14,19,0,0,0,0,0,33,13,20,14,19,18,9.037497747816,10.1425831900643,0.378460196246232,29
"8827","BA","Juazeiro",218162,19032.14,29004,"Juazeiro",2,"Nordeste",1,"291840",2,537,182,355,238,299,3,0,0,0,0,540,182,355,238,299,119,9.85388440798768,12.2929931850609,0.286246376381477,29
"8828","BA","Juazeiro",218162,19032.14,29004,"Juazeiro",2,"Nordeste",1,"291840",3,437,130,307,193,244,6,0,0,0,0,443,130,307,193,244,138,9.85388440798768,12.2929931850609,0.380882570245079,31
"8829","BA","Juazeiro",218162,19032.14,29004,"Juazeiro",2,"Nordeste",1,"291840",4,345,116,229,156,189,6,0,0,0,0,351,116,229,156,189,111,9.85388440798768,12.2929931850609,0.419184749253139,30
"8830","BA","Juazeiro",218162,19032.14,29004,"Juazeiro",2,"Nordeste",1,"291840",5,375,128,247,166,209,5,0,0,0,0,380,128,247,166,209,120,9.85388440798768,12.2929931850609,0.401928089783814,31
"8831","BA","Juazeiro",218162,19032.14,29004,"Juazeiro",2,"Nordeste",1,"291840",6,331,112,219,150,181,5,0,0,0,0,336,112,219,150,181,143,9.85388440798768,12.2929931850609,0.376083905795276,30
"8832","BA","Juazeiro",218162,19032.14,29004,"Juazeiro",2,"Nordeste",1,"291840",7,351,131,220,163,188,9,0,0,0,0,360,131,220,163,188,169,9.85388440798768,12.2929931850609,0.409676275686896,29
"8833","BA","Jucuruçu",8988,10218.73,29032,"Porto Seguro",2,"Nordeste",0,"291845",2,13,5,8,4,9,0,0,0,0,0,13,5,8,4,9,3,9.2319775898912,9.10364563330522,0.329080107835497,29
"8834","BA","Jucuruçu",8988,10218.73,29032,"Porto Seguro",2,"Nordeste",0,"291845",3,14,3,11,5,9,0,0,0,0,0,14,3,11,5,9,3,9.2319775898912,9.10364563330522,0.43492668652399,31
"8835","BA","Jucuruçu",8988,10218.73,29032,"Porto Seguro",2,"Nordeste",0,"291845",4,11,7,4,6,5,0,0,0,0,0,11,7,4,6,5,4,9.2319775898912,9.10364563330522,0.407292492299668,30
"8836","BA","Jucuruçu",8988,10218.73,29032,"Porto Seguro",2,"Nordeste",0,"291845",5,3,2,1,2,1,0,0,0,0,0,3,2,1,2,1,6,9.2319775898912,9.10364563330522,0.455271156412951,31
"8837","BA","Jucuruçu",8988,10218.73,29032,"Porto Seguro",2,"Nordeste",0,"291845",6,6,4,2,2,4,0,0,0,0,0,6,4,2,2,4,7,9.2319775898912,9.10364563330522,0.433701562921608,30
"8838","BA","Jucuruçu",8988,10218.73,29032,"Porto Seguro",2,"Nordeste",0,"291845",7,6,1,5,3,3,0,0,0,0,0,6,1,5,3,3,6,9.2319775898912,9.10364563330522,0.51185112650232,29
"8839","BA","Jussara",15262,6839.15,29009,"Irecê",2,"Nordeste",0,"291850",2,38,17,21,22,16,0,0,0,0,0,38,17,21,22,16,8,8.83041873388872,9.63312135784958,0.288765465645587,29
"8840","BA","Jussara",15262,6839.15,29009,"Irecê",2,"Nordeste",0,"291850",3,22,10,12,10,12,0,0,0,0,0,22,10,12,10,12,10,8.83041873388872,9.63312135784958,0.398411502137764,31
"8841","BA","Jussara",15262,6839.15,29009,"Irecê",2,"Nordeste",0,"291850",4,19,8,11,8,11,1,0,0,0,0,20,8,11,8,11,8,8.83041873388872,9.63312135784958,0.426158748018512,30
"8842","BA","Jussara",15262,6839.15,29009,"Irecê",2,"Nordeste",0,"291850",5,12,5,7,6,6,1,0,0,0,0,13,5,7,6,6,10,8.83041873388872,9.63312135784958,0.420554974110701,31
"8843","BA","Jussara",15262,6839.15,29009,"Irecê",2,"Nordeste",0,"291850",6,16,12,4,7,9,0,0,0,0,0,16,12,4,7,9,11,8.83041873388872,9.63312135784958,0.381129457414509,30
"8844","BA","Jussara",15262,6839.15,29009,"Irecê",2,"Nordeste",0,"291850",7,12,5,7,4,8,0,0,0,0,0,12,5,7,4,8,7,8.83041873388872,9.63312135784958,0.432972140716325,29
"8845","BA","Jussari",5768,9175.97,29031,"Ilhéus-Itabuna",2,"Nordeste",0,"291855",2,8,3,5,5,3,0,0,0,0,0,8,3,5,5,3,4,9.12434338940543,8.66008067896479,0.27624895360554,29
"8846","BA","Jussari",5768,9175.97,29031,"Ilhéus-Itabuna",2,"Nordeste",0,"291855",3,10,7,3,7,3,0,0,0,0,0,10,7,3,7,3,1,9.12434338940543,8.66008067896479,0.356574348246976,31
"8847","BA","Jussari",5768,9175.97,29031,"Ilhéus-Itabuna",2,"Nordeste",0,"291855",4,4,3,1,2,2,0,0,0,0,0,4,3,1,2,2,6,9.12434338940543,8.66008067896479,0.368762542907553,30
"8848","BA","Jussari",5768,9175.97,29031,"Ilhéus-Itabuna",2,"Nordeste",0,"291855",5,4,1,3,0,4,0,0,0,0,0,4,1,3,0,4,9,9.12434338940543,8.66008067896479,0.396504343011054,31
"8849","BA","Jussari",5768,9175.97,29031,"Ilhéus-Itabuna",2,"Nordeste",0,"291855",6,6,1,5,3,3,0,0,0,0,0,6,1,5,3,3,5,9.12434338940543,8.66008067896479,0.400137282760573,30
"8850","BA","Jussari",5768,9175.97,29031,"Ilhéus-Itabuna",2,"Nordeste",0,"291855",7,3,0,3,1,2,0,0,0,0,0,3,0,3,1,2,7,9.12434338940543,8.66008067896479,0.466936056402147,29
"8851","BA","Jussiape",5976,8771.05,29023,"Seabra",2,"Nordeste",0,"291860",2,9,2,7,1,8,0,0,0,0,0,9,2,7,1,8,4,9.0792118045394,8.69550672681265,0.29486505916432,29
"8852","BA","Jussiape",5976,8771.05,29023,"Seabra",2,"Nordeste",0,"291860",3,10,3,7,3,7,0,0,0,0,0,10,3,7,3,7,7,9.0792118045394,8.69550672681265,0.371879927609287,31
"8853","BA","Jussiape",5976,8771.05,29023,"Seabra",2,"Nordeste",0,"291860",4,4,0,4,3,1,0,0,0,0,0,4,0,4,3,1,4,9.0792118045394,8.69550672681265,0.418892021559439,30
"8854","BA","Jussiape",5976,8771.05,29023,"Seabra",2,"Nordeste",0,"291860",5,3,1,2,1,2,0,0,0,0,0,3,1,2,1,2,7,9.0792118045394,8.69550672681265,0.423861891703769,31
"8855","BA","Jussiape",5976,8771.05,29023,"Seabra",2,"Nordeste",0,"291860",6,7,1,6,2,5,0,0,0,0,0,7,1,6,2,5,6,9.0792118045394,8.69550672681265,0.394899252059334,30
"8856","BA","Jussiape",5976,8771.05,29023,"Seabra",2,"Nordeste",0,"291860",7,8,1,7,2,6,0,0,0,0,0,8,1,7,2,6,6,9.0792118045394,8.69550672681265,0.432101918627887,29
"8857","BA","Laje",24032,9997.93,29024,"Jequié",2,"Nordeste",0,"291880",2,31,13,18,16,15,1,0,0,0,0,32,13,18,16,15,10,9.21013335054873,10.0871415545639,0.298205018338308,29
"8858","BA","Laje",24032,9997.93,29024,"Jequié",2,"Nordeste",0,"291880",3,26,9,17,10,16,0,0,0,0,0,26,9,17,10,16,9,9.21013335054873,10.0871415545639,0.391181577902402,31
"8859","BA","Laje",24032,9997.93,29024,"Jequié",2,"Nordeste",0,"291880",4,17,7,10,9,8,0,0,0,0,0,17,7,10,9,8,13,9.21013335054873,10.0871415545639,0.417278092588861,30
"8860","BA","Laje",24032,9997.93,29024,"Jequié",2,"Nordeste",0,"291880",5,22,5,17,7,15,0,0,0,0,0,22,5,17,7,15,12,9.21013335054873,10.0871415545639,0.422462542628758,31
"8861","BA","Laje",24032,9997.93,29024,"Jequié",2,"Nordeste",0,"291880",6,26,16,10,17,9,0,0,0,0,0,26,16,10,17,9,16,9.21013335054873,10.0871415545639,0.386577882103123,30
"8862","BA","Laje",24032,9997.93,29024,"Jequié",2,"Nordeste",0,"291880",7,22,11,11,9,13,0,0,0,0,0,22,11,11,9,13,15,9.21013335054873,10.0871415545639,0.43855149372398,29
"8863","BA","Lajedo do Tabocal",8577,7754.62,29024,"Jequié",2,"Nordeste",0,"291905",2,4,0,4,2,2,0,0,0,0,0,4,0,4,2,2,3,8.95604407376532,9.05683948099042,0.288394522191963,29
"8864","BA","Lajedo do Tabocal",8577,7754.62,29024,"Jequié",2,"Nordeste",0,"291905",3,9,1,8,4,5,0,0,0,0,0,9,1,8,4,5,2,8.95604407376532,9.05683948099042,0.387149924093869,31
"8865","BA","Lajedo do Tabocal",8577,7754.62,29024,"Jequié",2,"Nordeste",0,"291905",4,5,2,3,2,3,0,0,0,0,0,5,2,3,2,3,4,8.95604407376532,9.05683948099042,0.437092239435728,30
"8866","BA","Lajedo do Tabocal",8577,7754.62,29024,"Jequié",2,"Nordeste",0,"291905",5,3,0,3,0,3,0,0,0,0,0,3,0,3,0,3,7,8.95604407376532,9.05683948099042,0.451417549253119,31
"8867","BA","Lajedo do Tabocal",8577,7754.62,29024,"Jequié",2,"Nordeste",0,"291905",6,11,5,6,3,8,0,0,0,0,0,11,5,6,3,8,4,8.95604407376532,9.05683948099042,0.441753153809855,30
"8868","BA","Lajedo do Tabocal",8577,7754.62,29024,"Jequié",2,"Nordeste",0,"291905",7,6,3,3,1,5,0,0,0,0,0,6,3,3,1,5,2,8.95604407376532,9.05683948099042,0.496345396297784,29
"8869","BA","Lamarão",8191,6142.62,29016,"Serrinha",2,"Nordeste",0,"291910",2,14,5,9,6,8,0,0,0,0,0,14,5,9,6,8,6,8.72300664022404,9.0107912695156,0.299511254026161,29
"8870","BA","Lamarão",8191,6142.62,29016,"Serrinha",2,"Nordeste",0,"291910",3,9,6,3,2,7,0,0,0,0,0,9,6,3,2,7,6,8.72300664022404,9.0107912695156,0.383413577425722,31
"8871","BA","Lamarão",8191,6142.62,29016,"Serrinha",2,"Nordeste",0,"291910",4,5,3,2,2,3,1,0,0,0,0,6,3,2,2,3,5,8.72300664022404,9.0107912695156,0.437413619597865,30
"8872","BA","Lamarão",8191,6142.62,29016,"Serrinha",2,"Nordeste",0,"291910",5,7,3,4,4,3,0,0,0,0,0,7,3,4,4,3,6,8.72300664022404,9.0107912695156,0.432980792236658,31
"8873","BA","Lamarão",8191,6142.62,29016,"Serrinha",2,"Nordeste",0,"291910",6,9,4,5,7,2,0,0,0,0,0,9,4,5,7,2,8,8.72300664022404,9.0107912695156,0.426085149800579,30
"8874","BA","Lamarão",8191,6142.62,29016,"Serrinha",2,"Nordeste",0,"291910",7,2,1,1,2,0,0,0,0,0,0,2,1,1,2,0,11,8.72300664022404,9.0107912695156,0.46265428150551,29
"8875","BA","Lapão",27274,7624.63,29009,"Irecê",2,"Nordeste",0,"291915",2,74,26,48,30,44,0,0,0,0,0,74,26,48,30,44,10,8.93913907570809,10.2136891464178,0.324994268282082,29
"8876","BA","Lapão",27274,7624.63,29009,"Irecê",2,"Nordeste",0,"291915",3,64,19,45,32,32,0,0,0,0,0,64,19,45,32,32,15,8.93913907570809,10.2136891464178,0.417088860126267,31
"8877","BA","Lapão",27274,7624.63,29009,"Irecê",2,"Nordeste",0,"291915",4,43,18,25,16,27,1,0,0,0,0,44,18,25,16,27,16,8.93913907570809,10.2136891464178,0.433343089896458,30
"8878","BA","Lapão",27274,7624.63,29009,"Irecê",2,"Nordeste",0,"291915",5,48,18,30,20,28,0,0,0,0,0,48,18,30,20,28,15,8.93913907570809,10.2136891464178,0.416912193562588,31
"8879","BA","Lapão",27274,7624.63,29009,"Irecê",2,"Nordeste",0,"291915",6,27,14,13,20,7,0,0,0,0,0,27,14,13,20,7,14,8.93913907570809,10.2136891464178,0.395879098733541,30
"8880","BA","Lapão",27274,7624.63,29009,"Irecê",2,"Nordeste",0,"291915",7,32,11,21,18,14,0,0,0,0,0,32,11,21,18,14,11,8.93913907570809,10.2136891464178,0.439885911010965,29
"8881","BA","Lauro de Freitas",201635,33059.94,29021,"Salvador",2,"Nordeste",1,"291920",2,266,42,224,77,189,1,0,0,0,0,267,42,224,77,189,99,10.4060775564913,12.2142144112218,0.283127500841091,29
"8882","BA","Lauro de Freitas",201635,33059.94,29021,"Salvador",2,"Nordeste",1,"291920",3,286,72,214,90,196,4,0,0,0,0,290,72,214,90,196,102,10.4060775564913,12.2142144112218,0.398933538068331,31
"8883","BA","Lauro de Freitas",201635,33059.94,29021,"Salvador",2,"Nordeste",1,"291920",4,159,27,132,52,107,4,0,0,0,0,163,27,132,52,107,103,10.4060775564913,12.2142144112218,0.481433036147181,30
"8884","BA","Lauro de Freitas",201635,33059.94,29021,"Salvador",2,"Nordeste",1,"291920",5,174,19,155,35,139,9,0,0,0,0,183,19,155,35,139,131,10.4060775564913,12.2142144112218,0.458790180646835,31
"8885","BA","Lauro de Freitas",201635,33059.94,29021,"Salvador",2,"Nordeste",1,"291920",6,137,26,111,30,107,2,0,0,0,0,139,26,111,30,107,131,10.4060775564913,12.2142144112218,0.42016240988207,30
"8886","BA","Lauro de Freitas",201635,33059.94,29021,"Salvador",2,"Nordeste",1,"291920",7,152,27,125,47,105,5,0,0,0,0,157,27,125,47,105,134,10.4060775564913,12.2142144112218,0.417891444594241,29
"8887","BA","Lençóis",11499,10749.56,29023,"Seabra",2,"Nordeste",0,"291930",2,11,3,8,4,7,1,0,0,0,0,12,3,8,4,7,3,9.28262010248559,9.35001535404867,0.260263859879528,29
"8888","BA","Lençóis",11499,10749.56,29023,"Seabra",2,"Nordeste",0,"291930",3,15,9,6,12,3,0,0,0,0,0,15,9,6,12,3,5,9.28262010248559,9.35001535404867,0.338287764432842,31
"8889","BA","Lençóis",11499,10749.56,29023,"Seabra",2,"Nordeste",0,"291930",4,10,2,8,4,6,0,0,0,0,0,10,2,8,4,6,3,9.28262010248559,9.35001535404867,0.411357072316811,30
"8890","BA","Lençóis",11499,10749.56,29023,"Seabra",2,"Nordeste",0,"291930",5,8,3,5,3,5,0,0,0,0,0,8,3,5,3,5,9,9.28262010248559,9.35001535404867,0.398879737507062,31
"8891","BA","Lençóis",11499,10749.56,29023,"Seabra",2,"Nordeste",0,"291930",6,11,3,8,5,6,0,0,0,0,0,11,3,8,5,6,5,9.28262010248559,9.35001535404867,0.386616627322592,30
"8892","BA","Lençóis",11499,10749.56,29023,"Seabra",2,"Nordeste",0,"291930",7,12,5,7,5,7,0,0,0,0,0,12,5,7,5,7,9,9.28262010248559,9.35001535404867,0.435490399011877,29
"8893","BA","Licínio de Almeida",12373,8700.57,29026,"Guanambi",2,"Nordeste",0,"291940",2,17,6,11,8,9,0,0,0,0,0,17,6,11,8,9,8,9.07114381973789,9.42327195821398,0.278015996730106,29
"8894","BA","Licínio de Almeida",12373,8700.57,29026,"Guanambi",2,"Nordeste",0,"291940",3,25,6,19,2,23,0,0,0,0,0,25,6,19,2,23,4,9.07114381973789,9.42327195821398,0.354393127874652,31
"8895","BA","Licínio de Almeida",12373,8700.57,29026,"Guanambi",2,"Nordeste",0,"291940",4,4,0,4,0,4,0,0,0,0,0,4,0,4,0,4,9,9.07114381973789,9.42327195821398,0.370997738934036,30
"8896","BA","Licínio de Almeida",12373,8700.57,29026,"Guanambi",2,"Nordeste",0,"291940",5,6,1,5,3,3,0,0,0,0,0,6,1,5,3,3,6,9.07114381973789,9.42327195821398,0.389517979365804,31
"8897","BA","Licínio de Almeida",12373,8700.57,29026,"Guanambi",2,"Nordeste",0,"291940",6,7,1,6,3,4,0,0,0,0,0,7,1,6,3,4,6,9.07114381973789,9.42327195821398,0.356823707374953,30
"8898","BA","Licínio de Almeida",12373,8700.57,29026,"Guanambi",2,"Nordeste",0,"291940",7,11,3,8,6,5,0,0,0,0,0,11,3,8,6,5,4,9.07114381973789,9.42327195821398,0.423802453572414,29
"8899","BA","Livramento de Nossa Senhora",46062,9930.9,29025,"Livramento do Brumado",2,"Nordeste",0,"291950",2,72,17,55,32,40,1,0,0,0,0,73,17,55,32,40,20,9.20340638737325,10.737743594056,0.260910247420141,29
"8900","BA","Livramento de Nossa Senhora",46062,9930.9,29025,"Livramento do Brumado",2,"Nordeste",0,"291950",3,68,18,50,25,43,2,0,0,0,0,70,18,50,25,43,22,9.20340638737325,10.737743594056,0.347013218588075,31
"8901","BA","Livramento de Nossa Senhora",46062,9930.9,29025,"Livramento do Brumado",2,"Nordeste",0,"291950",4,36,17,19,11,25,0,0,0,0,0,36,17,19,11,25,24,9.20340638737325,10.737743594056,0.377124583279072,30
"8902","BA","Livramento de Nossa Senhora",46062,9930.9,29025,"Livramento do Brumado",2,"Nordeste",0,"291950",5,41,11,30,13,28,0,0,0,0,0,41,11,30,13,28,14,9.20340638737325,10.737743594056,0.36390549197843,31
"8903","BA","Livramento de Nossa Senhora",46062,9930.9,29025,"Livramento do Brumado",2,"Nordeste",0,"291950",6,35,8,27,11,24,0,0,0,0,0,35,8,27,11,24,16,9.20340638737325,10.737743594056,0.337398545602257,30
"8904","BA","Livramento de Nossa Senhora",46062,9930.9,29025,"Livramento do Brumado",2,"Nordeste",0,"291950",7,47,11,36,25,22,0,0,0,0,0,47,11,36,25,22,32,9.20340638737325,10.737743594056,0.36950282462879,29
"8905","BA","Luís Eduardo Magalhães",90162,72967.01,29001,"Barreiras",2,"Nordeste",1,"291955",2,306,74,232,109,197,1,0,0,0,0,307,74,232,109,197,24,11.1977627001767,11.4093633312538,0.276274409301783,29
"8906","BA","Luís Eduardo Magalhães",90162,72967.01,29001,"Barreiras",2,"Nordeste",1,"291955",3,270,41,229,92,178,1,0,0,0,0,271,41,229,92,178,28,11.1977627001767,11.4093633312538,0.339069220310606,31
"8907","BA","Luís Eduardo Magalhães",90162,72967.01,29001,"Barreiras",2,"Nordeste",1,"291955",4,161,50,111,59,102,0,0,0,0,0,161,50,111,59,102,25,11.1977627001767,11.4093633312538,0.346722910756071,30
"8908","BA","Luís Eduardo Magalhães",90162,72967.01,29001,"Barreiras",2,"Nordeste",1,"291955",5,177,42,135,74,103,1,0,0,0,0,178,42,135,74,103,26,11.1977627001767,11.4093633312538,0.332287111514156,31
"8909","BA","Luís Eduardo Magalhães",90162,72967.01,29001,"Barreiras",2,"Nordeste",1,"291955",6,165,43,122,71,94,1,0,0,0,0,166,43,122,71,94,29,11.1977627001767,11.4093633312538,0.320607283787079,30
"8910","BA","Luís Eduardo Magalhães",90162,72967.01,29001,"Barreiras",2,"Nordeste",1,"291955",7,184,44,140,72,112,1,0,0,0,0,185,44,140,72,112,29,11.1977627001767,11.4093633312538,0.341216043942795,29
"8911","BA","Macajuba",11332,6456.98,29011,"Itaberaba",2,"Nordeste",0,"291960",2,12,5,7,9,3,0,0,0,0,0,12,5,7,9,3,7,8.77291699520801,9.33538586095041,0.269886145280682,29
"8912","BA","Macajuba",11332,6456.98,29011,"Itaberaba",2,"Nordeste",0,"291960",3,21,9,12,9,12,1,0,0,0,0,22,9,12,9,12,9,8.77291699520801,9.33538586095041,0.345194695683666,31
"8913","BA","Macajuba",11332,6456.98,29011,"Itaberaba",2,"Nordeste",0,"291960",4,12,6,6,7,5,0,0,0,0,0,12,6,6,7,5,3,8.77291699520801,9.33538586095041,0.352714989008271,30
"8914","BA","Macajuba",11332,6456.98,29011,"Itaberaba",2,"Nordeste",0,"291960",5,6,2,4,4,2,0,0,0,0,0,6,2,4,4,2,7,8.77291699520801,9.33538586095041,0.359196300994918,31
"8915","BA","Macajuba",11332,6456.98,29011,"Itaberaba",2,"Nordeste",0,"291960",6,12,3,9,8,4,0,0,0,0,0,12,3,9,8,4,11,8.77291699520801,9.33538586095041,0.366719145107625,30
"8916","BA","Macajuba",11332,6456.98,29011,"Itaberaba",2,"Nordeste",0,"291960",7,17,8,9,8,9,0,0,0,0,0,17,8,9,8,9,15,8.77291699520801,9.33538586095041,0.407095301993215,29
"8917","BA","Macarani",18909,9005.25,29029,"Itapetinga",2,"Nordeste",1,"291970",2,26,13,13,13,13,0,0,0,0,0,26,13,13,13,13,9,9.10556301957894,9.84739327818122,0.278554803203076,29
"8918","BA","Macarani",18909,9005.25,29029,"Itapetinga",2,"Nordeste",1,"291970",3,23,8,15,13,10,0,0,0,0,0,23,8,15,13,10,6,9.10556301957894,9.84739327818122,0.345274591491047,31
"8919","BA","Macarani",18909,9005.25,29029,"Itapetinga",2,"Nordeste",1,"291970",4,13,3,10,10,3,0,0,0,0,0,13,3,10,10,3,11,9.10556301957894,9.84739327818122,0.344730131020171,30
"8920","BA","Macarani",18909,9005.25,29029,"Itapetinga",2,"Nordeste",1,"291970",5,18,5,13,4,14,0,0,0,0,0,18,5,13,4,14,10,9.10556301957894,9.84739327818122,0.348786724659147,31
"8921","BA","Macarani",18909,9005.25,29029,"Itapetinga",2,"Nordeste",1,"291970",6,20,10,10,8,12,0,0,0,0,0,20,10,10,8,12,12,9.10556301957894,9.84739327818122,0.343742888918138,30
"8922","BA","Macarani",18909,9005.25,29029,"Itapetinga",2,"Nordeste",1,"291970",7,14,9,5,7,7,1,0,0,0,0,15,9,5,7,7,10,9.10556301957894,9.84739327818122,0.387178180071924,29
"8923","BA","Macaúbas",50161,7457.96,29022,"Boquira",2,"Nordeste",0,"291980",2,72,26,46,30,42,0,0,0,0,0,72,26,46,30,42,23,8.91703719735619,10.8229931113122,0.234675733580449,29
"8924","BA","Macaúbas",50161,7457.96,29022,"Boquira",2,"Nordeste",0,"291980",3,86,21,65,28,58,0,0,0,0,0,86,21,65,28,58,23,8.91703719735619,10.8229931113122,0.317481834767655,31
"8925","BA","Macaúbas",50161,7457.96,29022,"Boquira",2,"Nordeste",0,"291980",4,47,18,29,21,26,0,0,0,0,0,47,18,29,21,26,20,8.91703719735619,10.8229931113122,0.358046207449978,30
"8926","BA","Macaúbas",50161,7457.96,29022,"Boquira",2,"Nordeste",0,"291980",5,48,13,35,25,23,0,0,0,0,0,48,13,35,25,23,25,8.91703719735619,10.8229931113122,0.36774231132599,31
"8927","BA","Macaúbas",50161,7457.96,29022,"Boquira",2,"Nordeste",0,"291980",6,41,20,21,11,30,0,0,0,0,0,41,20,21,11,30,22,8.91703719735619,10.8229931113122,0.352666034232146,30
"8928","BA","Macaúbas",50161,7457.96,29022,"Boquira",2,"Nordeste",0,"291980",7,52,21,31,19,33,0,0,0,0,0,52,21,31,19,33,26,8.91703719735619,10.8229931113122,0.392784011022502,29
"8929","BA","Macururé",7787,5528.26,29005,"Paulo Afonso",2,"Nordeste",0,"291990",2,11,2,9,4,7,0,0,0,0,0,11,2,9,4,7,5,8.61762839762657,8.96021095557699,0.29533584603613,29
"8930","BA","Macururé",7787,5528.26,29005,"Paulo Afonso",2,"Nordeste",0,"291990",3,8,2,6,3,5,0,0,0,0,0,8,2,6,3,5,4,8.61762839762657,8.96021095557699,0.371852834996052,31
"8931","BA","Macururé",7787,5528.26,29005,"Paulo Afonso",2,"Nordeste",0,"291990",4,4,1,3,1,3,0,0,0,0,0,4,1,3,1,3,2,8.61762839762657,8.96021095557699,0.403695223709056,30
"8932","BA","Macururé",7787,5528.26,29005,"Paulo Afonso",2,"Nordeste",0,"291990",5,3,0,3,1,2,1,0,0,0,0,4,0,3,1,2,2,8.61762839762657,8.96021095557699,0.398412459393148,31
"8933","BA","Macururé",7787,5528.26,29005,"Paulo Afonso",2,"Nordeste",0,"291990",6,3,2,1,2,1,0,0,0,0,0,3,2,1,2,1,1,8.61762839762657,8.96021095557699,0.393941746698272,30
"8934","BA","Macururé",7787,5528.26,29005,"Paulo Afonso",2,"Nordeste",0,"291990",7,4,0,4,1,3,0,0,0,0,0,4,0,4,1,3,7,8.61762839762657,8.96021095557699,0.490391847721408,29
"8935","BA","Madre de Deus",21432,23019.15,29021,"Salvador",2,"Nordeste",1,"291992",2,35,3,32,12,23,0,0,0,0,0,35,3,32,12,23,7,10.0440817571806,9.97264041122444,0.29361671905695,29
"8936","BA","Madre de Deus",21432,23019.15,29021,"Salvador",2,"Nordeste",1,"291992",3,27,7,20,9,18,0,0,0,0,0,27,7,20,9,18,5,10.0440817571806,9.97264041122444,0.39321079787166,31
"8937","BA","Madre de Deus",21432,23019.15,29021,"Salvador",2,"Nordeste",1,"291992",4,7,1,6,2,5,0,0,0,0,0,7,1,6,2,5,7,10.0440817571806,9.97264041122444,0.452326723923309,30
"8938","BA","Madre de Deus",21432,23019.15,29021,"Salvador",2,"Nordeste",1,"291992",5,6,2,4,4,2,0,0,0,0,0,6,2,4,4,2,10,10.0440817571806,9.97264041122444,0.439207746804622,31
"8939","BA","Madre de Deus",21432,23019.15,29021,"Salvador",2,"Nordeste",1,"291992",6,10,1,9,3,7,0,0,0,0,0,10,1,9,3,7,7,10.0440817571806,9.97264041122444,0.449768615945402,30
"8940","BA","Madre de Deus",21432,23019.15,29021,"Salvador",2,"Nordeste",1,"291992",7,22,3,19,9,13,0,0,0,0,0,22,3,19,9,13,11,10.0440817571806,9.97264041122444,0.435356981803877,29
"8941","BA","Maiquinique",10206,10168.34,29029,"Itapetinga",2,"Nordeste",0,"292000",2,17,10,7,11,6,0,0,0,0,0,17,10,7,11,6,7,9.22703425054785,9.23073106162392,0.307966911292391,29
"8942","BA","Maiquinique",10206,10168.34,29029,"Itapetinga",2,"Nordeste",0,"292000",3,4,2,2,3,1,0,0,0,0,0,4,2,2,3,1,4,9.22703425054785,9.23073106162392,0.407842555784495,31
"8943","BA","Maiquinique",10206,10168.34,29029,"Itapetinga",2,"Nordeste",0,"292000",4,8,3,5,5,3,0,0,0,0,0,8,3,5,5,3,2,9.22703425054785,9.23073106162392,0.402266374139814,30
"8944","BA","Maiquinique",10206,10168.34,29029,"Itapetinga",2,"Nordeste",0,"292000",5,7,2,5,3,4,0,0,0,0,0,7,2,5,3,4,5,9.22703425054785,9.23073106162392,0.36173891993404,31
"8945","BA","Maiquinique",10206,10168.34,29029,"Itapetinga",2,"Nordeste",0,"292000",6,8,3,5,3,5,0,0,0,0,0,8,3,5,3,5,3,9.22703425054785,9.23073106162392,0.353251238551727,30
"8946","BA","Maiquinique",10206,10168.34,29029,"Itapetinga",2,"Nordeste",0,"292000",7,16,5,11,10,6,0,0,0,0,0,16,5,11,10,6,4,9.22703425054785,9.23073106162392,0.407485225935639,29
"8947","BA","Mairi",18602,7023.86,29011,"Itaberaba",2,"Nordeste",0,"292010",2,17,5,12,9,8,1,0,0,0,0,18,5,12,9,8,10,8.85706820345344,9.83102438080241,0.2673372065915,29
"8948","BA","Mairi",18602,7023.86,29011,"Itaberaba",2,"Nordeste",0,"292010",3,23,9,14,11,12,0,0,0,0,0,23,9,14,11,12,15,8.85706820345344,9.83102438080241,0.357217433145261,31
"8949","BA","Mairi",18602,7023.86,29011,"Itaberaba",2,"Nordeste",0,"292010",4,10,2,8,5,5,0,0,0,0,0,10,2,8,5,5,13,8.85706820345344,9.83102438080241,0.388646988759691,30
"8950","BA","Mairi",18602,7023.86,29011,"Itaberaba",2,"Nordeste",0,"292010",5,15,3,12,5,10,0,0,0,0,0,15,3,12,5,10,8,8.85706820345344,9.83102438080241,0.39037199656058,31
"8951","BA","Mairi",18602,7023.86,29011,"Itaberaba",2,"Nordeste",0,"292010",6,12,6,6,3,9,0,0,0,0,0,12,6,6,3,9,9,8.85706820345344,9.83102438080241,0.394197643641152,30
"8952","BA","Mairi",18602,7023.86,29011,"Itaberaba",2,"Nordeste",0,"292010",7,15,5,10,5,10,0,0,0,0,0,15,5,10,5,10,10,8.85706820345344,9.83102438080241,0.404401280093466,29
"8953","BA","Malhada",16861,8151.43,29026,"Guanambi",2,"Nordeste",0,"292020",2,22,8,14,8,14,0,0,0,0,0,22,8,14,8,14,8,9.00594865096628,9.73275854177798,0.35186429075448,29
"8954","BA","Malhada",16861,8151.43,29026,"Guanambi",2,"Nordeste",0,"292020",3,23,4,19,8,15,0,0,0,0,0,23,4,19,8,15,8,9.00594865096628,9.73275854177798,0.411042271129797,31
"8955","BA","Malhada",16861,8151.43,29026,"Guanambi",2,"Nordeste",0,"292020",4,14,1,13,2,12,1,0,0,0,0,15,1,13,2,12,6,9.00594865096628,9.73275854177798,0.446078192605232,30
"8956","BA","Malhada",16861,8151.43,29026,"Guanambi",2,"Nordeste",0,"292020",5,21,5,16,9,12,0,0,0,0,0,21,5,16,9,12,5,9.00594865096628,9.73275854177798,0.392314034150202,31
"8957","BA","Malhada",16861,8151.43,29026,"Guanambi",2,"Nordeste",0,"292020",6,23,10,13,14,9,0,0,0,0,0,23,10,13,14,9,7,9.00594865096628,9.73275854177798,0.405031820835176,30
"8958","BA","Malhada",16861,8151.43,29026,"Guanambi",2,"Nordeste",0,"292020",7,20,5,15,5,15,0,0,0,0,0,20,5,15,5,15,6,9.00594865096628,9.73275854177798,0.477389259036604,29
"8959","BA","Malhada de Pedras",8359,7382.54,29027,"Brumado",2,"Nordeste",0,"292030",2,13,3,10,5,8,0,0,0,0,0,13,3,10,5,8,4,8.90687303182216,9.03109408169916,0.282751155715,29
"8960","BA","Malhada de Pedras",8359,7382.54,29027,"Brumado",2,"Nordeste",0,"292030",3,14,5,9,3,11,0,0,0,0,0,14,5,9,3,11,6,8.90687303182216,9.03109408169916,0.334118968319668,31
"8961","BA","Malhada de Pedras",8359,7382.54,29027,"Brumado",2,"Nordeste",0,"292030",4,5,2,3,3,2,0,0,0,0,0,5,2,3,3,2,0,8.90687303182216,9.03109408169916,0.377932526445101,30
"8962","BA","Malhada de Pedras",8359,7382.54,29027,"Brumado",2,"Nordeste",0,"292030",5,7,4,3,4,3,0,0,0,0,0,7,4,3,4,3,5,8.90687303182216,9.03109408169916,0.365910843360984,31
"8963","BA","Malhada de Pedras",8359,7382.54,29027,"Brumado",2,"Nordeste",0,"292030",6,12,5,7,4,8,1,0,0,0,0,13,5,7,4,8,4,8.90687303182216,9.03109408169916,0.360359250943532,30
"8964","BA","Malhada de Pedras",8359,7382.54,29027,"Brumado",2,"Nordeste",0,"292030",7,5,1,4,2,3,0,0,0,0,0,5,1,4,2,3,3,8.90687303182216,9.03109408169916,0.40303963673826,29
"8965","BA","Manoel Vitorino",13087,10233.65,29028,"Vitória da Conquista",2,"Nordeste",0,"292040",2,24,7,17,11,13,0,0,0,0,0,24,7,17,11,13,10,9.23343658905381,9.47937465005548,0.258939225921715,29
"8966","BA","Manoel Vitorino",13087,10233.65,29028,"Vitória da Conquista",2,"Nordeste",0,"292040",3,34,13,21,13,21,0,0,0,0,0,34,13,21,13,21,12,9.23343658905381,9.47937465005548,0.360417013440174,31
"8967","BA","Manoel Vitorino",13087,10233.65,29028,"Vitória da Conquista",2,"Nordeste",0,"292040",4,6,2,4,1,5,0,0,0,0,0,6,2,4,1,5,11,9.23343658905381,9.47937465005548,0.385678831961972,30
"8968","BA","Manoel Vitorino",13087,10233.65,29028,"Vitória da Conquista",2,"Nordeste",0,"292040",5,17,5,12,8,9,0,0,0,0,0,17,5,12,8,9,4,9.23343658905381,9.47937465005548,0.375058213578707,31
"8969","BA","Manoel Vitorino",13087,10233.65,29028,"Vitória da Conquista",2,"Nordeste",0,"292040",6,19,7,12,13,6,1,0,0,0,0,20,7,12,13,6,6,9.23343658905381,9.47937465005548,0.340884445798024,30
"8970","BA","Manoel Vitorino",13087,10233.65,29028,"Vitória da Conquista",2,"Nordeste",0,"292040",7,12,6,6,4,8,0,0,0,0,0,12,6,6,4,8,9,9.23343658905381,9.47937465005548,0.414643369247389,29
"8971","BA","Maracás",20393,39669.93,29024,"Jequié",2,"Nordeste",0,"292050",2,48,17,31,18,30,1,0,0,0,0,49,17,31,18,30,15,10.5883487489492,9.92294698369235,0.269261528245117,29
"8972","BA","Maracás",20393,39669.93,29024,"Jequié",2,"Nordeste",0,"292050",3,53,14,39,20,33,1,0,0,0,0,54,14,39,20,33,11,10.5883487489492,9.92294698369235,0.360956516672453,31
"8973","BA","Maracás",20393,39669.93,29024,"Jequié",2,"Nordeste",0,"292050",4,28,9,19,11,17,0,0,0,0,0,28,9,19,11,17,11,10.5883487489492,9.92294698369235,0.38913515738129,30
"8974","BA","Maracás",20393,39669.93,29024,"Jequié",2,"Nordeste",0,"292050",5,18,7,11,4,14,1,0,0,0,0,19,7,11,4,14,16,10.5883487489492,9.92294698369235,0.379642371234459,31
"8975","BA","Maracás",20393,39669.93,29024,"Jequié",2,"Nordeste",0,"292050",6,26,9,17,12,14,0,0,0,0,0,26,9,17,12,14,16,10.5883487489492,9.92294698369235,0.351878942134659,30
"8976","BA","Maracás",20393,39669.93,29024,"Jequié",2,"Nordeste",0,"292050",7,31,10,21,11,20,0,0,0,0,0,31,10,21,11,20,20,10.5883487489492,9.92294698369235,0.405391203710721,29
"8977","BA","Maragogipe",44793,7429.63,29020,"Santo Antônio de Jesus",2,"Nordeste",0,"292060",2,59,18,41,29,30,0,0,0,0,0,59,18,41,29,30,23,8.91323133835609,10.7098071561948,0.292902103570523,29
"8978","BA","Maragogipe",44793,7429.63,29020,"Santo Antônio de Jesus",2,"Nordeste",0,"292060",3,48,17,31,17,31,1,0,0,0,0,49,17,31,17,31,21,8.91323133835609,10.7098071561948,0.372424695481524,31
"8979","BA","Maragogipe",44793,7429.63,29020,"Santo Antônio de Jesus",2,"Nordeste",0,"292060",4,34,9,25,10,24,2,0,0,0,0,36,9,25,10,24,28,8.91323133835609,10.7098071561948,0.440726155422312,30
"8980","BA","Maragogipe",44793,7429.63,29020,"Santo Antônio de Jesus",2,"Nordeste",0,"292060",5,44,13,31,20,24,1,0,0,0,0,45,13,31,20,24,34,8.91323133835609,10.7098071561948,0.44414235026272,31
"8981","BA","Maragogipe",44793,7429.63,29020,"Santo Antônio de Jesus",2,"Nordeste",0,"292060",6,26,4,22,10,16,0,0,0,0,0,26,4,22,10,16,27,8.91323133835609,10.7098071561948,0.425371226500456,30
"8982","BA","Maragogipe",44793,7429.63,29020,"Santo Antônio de Jesus",2,"Nordeste",0,"292060",7,31,15,16,16,15,0,0,0,0,0,31,15,16,16,15,40,8.91323133835609,10.7098071561948,0.471177247061464,29
"8983","BA","Maraú",20617,11351.44,29030,"Valença",2,"Nordeste",0,"292070",2,44,23,21,21,23,2,0,0,0,0,46,23,21,21,23,7,9.33709988710864,9.93387125717057,0.255252241648558,29
"8984","BA","Maraú",20617,11351.44,29030,"Valença",2,"Nordeste",0,"292070",3,35,17,18,20,15,0,0,0,0,0,35,17,18,20,15,7,9.33709988710864,9.93387125717057,0.365309449709679,31
"8985","BA","Maraú",20617,11351.44,29030,"Valença",2,"Nordeste",0,"292070",4,23,13,10,11,12,1,0,0,0,0,24,13,10,11,12,8,9.33709988710864,9.93387125717057,0.443796872010399,30
"8986","BA","Maraú",20617,11351.44,29030,"Valença",2,"Nordeste",0,"292070",5,21,4,17,9,12,0,0,0,0,0,21,4,17,9,12,8,9.33709988710864,9.93387125717057,0.444953567973202,31
"8987","BA","Maraú",20617,11351.44,29030,"Valença",2,"Nordeste",0,"292070",6,17,10,7,9,8,2,0,0,0,0,19,10,7,9,8,7,9.33709988710864,9.93387125717057,0.421970585762719,30
"8988","BA","Maraú",20617,11351.44,29030,"Valença",2,"Nordeste",0,"292070",7,19,9,10,11,8,2,0,0,0,0,21,9,10,11,8,7,9.33709988710864,9.93387125717057,0.460191089163699,29
"8989","BA","Marcionílio Souza",10380,7384.67,29024,"Jequié",2,"Nordeste",0,"292080",2,16,4,12,7,9,0,0,0,0,0,16,4,12,7,9,6,8.90716150879442,9.24763615671988,0.298844719490797,29
"8990","BA","Marcionílio Souza",10380,7384.67,29024,"Jequié",2,"Nordeste",0,"292080",3,13,5,8,8,5,0,0,0,0,0,13,5,8,8,5,6,8.90716150879442,9.24763615671988,0.385664115891032,31
"8991","BA","Marcionílio Souza",10380,7384.67,29024,"Jequié",2,"Nordeste",0,"292080",4,8,3,5,4,4,0,0,0,0,0,8,3,5,4,4,7,8.90716150879442,9.24763615671988,0.427025415397309,30
"8992","BA","Marcionílio Souza",10380,7384.67,29024,"Jequié",2,"Nordeste",0,"292080",5,6,0,6,4,2,0,0,0,0,0,6,0,6,4,2,8,8.90716150879442,9.24763615671988,0.441360079001388,31
"8993","BA","Marcionílio Souza",10380,7384.67,29024,"Jequié",2,"Nordeste",0,"292080",6,10,4,6,7,3,0,0,0,0,0,10,4,6,7,3,6,8.90716150879442,9.24763615671988,0.384161323535447,30
"8994","BA","Marcionílio Souza",10380,7384.67,29024,"Jequié",2,"Nordeste",0,"292080",7,4,3,1,2,2,0,0,0,0,0,4,3,1,2,2,9,8.90716150879442,9.24763615671988,0.469865764175536,29
"8995","BA","Mascote",13717,9338.7,29031,"Ilhéus-Itabuna",2,"Nordeste",0,"292090",2,16,8,8,11,5,2,0,0,0,0,18,8,8,11,5,3,9.14192233524007,9.52639121847841,0.335666722254371,29
"8996","BA","Mascote",13717,9338.7,29031,"Ilhéus-Itabuna",2,"Nordeste",0,"292090",3,22,9,13,10,12,0,0,0,0,0,22,9,13,10,12,7,9.14192233524007,9.52639121847841,0.441311772137109,31
"8997","BA","Mascote",13717,9338.7,29031,"Ilhéus-Itabuna",2,"Nordeste",0,"292090",4,7,4,3,6,1,0,0,0,0,0,7,4,3,6,1,3,9.14192233524007,9.52639121847841,0.442768807010013,30
"8998","BA","Mascote",13717,9338.7,29031,"Ilhéus-Itabuna",2,"Nordeste",0,"292090",5,11,5,6,6,5,0,0,0,0,0,11,5,6,6,5,8,9.14192233524007,9.52639121847841,0.421159546819738,31
"8999","BA","Mascote",13717,9338.7,29031,"Ilhéus-Itabuna",2,"Nordeste",0,"292090",6,12,6,6,9,3,0,0,0,0,0,12,6,6,9,3,7,9.14192233524007,9.52639121847841,0.42769622261102,30
"9000","BA","Mascote",13717,9338.7,29031,"Ilhéus-Itabuna",2,"Nordeste",0,"292090",7,11,4,7,6,5,0,0,0,0,0,11,4,7,6,5,9,9.14192233524007,9.52639121847841,0.446794040680839,29
"9001","BA","Mata de São João",47126,24684,29019,"Catu",2,"Nordeste",1,"292100",2,66,14,52,29,37,0,0,0,0,0,66,14,52,29,37,26,10.113910539441,10.7605801446843,0.269042794185435,29
"9002","BA","Mata de São João",47126,24684,29019,"Catu",2,"Nordeste",1,"292100",3,69,23,46,25,44,0,0,0,0,0,69,23,46,25,44,21,10.113910539441,10.7605801446843,0.35469294168911,31
"9003","BA","Mata de São João",47126,24684,29019,"Catu",2,"Nordeste",1,"292100",4,52,24,28,16,36,1,0,0,0,0,53,24,28,16,36,18,10.113910539441,10.7605801446843,0.407319697597441,30
"9004","BA","Mata de São João",47126,24684,29019,"Catu",2,"Nordeste",1,"292100",5,55,12,43,18,37,0,0,0,0,0,55,12,43,18,37,22,10.113910539441,10.7605801446843,0.403422251816686,31
"9005","BA","Mata de São João",47126,24684,29019,"Catu",2,"Nordeste",1,"292100",6,50,11,39,22,28,0,0,0,0,0,50,11,39,22,28,26,10.113910539441,10.7605801446843,0.364573305890245,30
"9006","BA","Mata de São João",47126,24684,29019,"Catu",2,"Nordeste",1,"292100",7,51,11,40,23,28,0,0,0,0,0,51,11,40,23,28,29,10.113910539441,10.7605801446843,0.389504940290261,29
"9007","BA","Matina",12283,6127.39,29026,"Guanambi",2,"Nordeste",0,"292105",2,20,6,14,7,13,0,0,0,0,0,20,6,14,7,13,2,8.72052416338475,9.41597147153909,0.262291988560493,29
"9008","BA","Matina",12283,6127.39,29026,"Guanambi",2,"Nordeste",0,"292105",3,11,4,7,7,4,0,0,0,0,0,11,4,7,7,4,5,8.72052416338475,9.41597147153909,0.342200116033149,31
"9009","BA","Matina",12283,6127.39,29026,"Guanambi",2,"Nordeste",0,"292105",4,13,4,9,3,10,0,0,0,0,0,13,4,9,3,10,3,8.72052416338475,9.41597147153909,0.392969350063561,30
"9010","BA","Matina",12283,6127.39,29026,"Guanambi",2,"Nordeste",0,"292105",5,15,7,8,9,6,0,0,0,0,0,15,7,8,9,6,6,8.72052416338475,9.41597147153909,0.371586891966835,31
"9011","BA","Matina",12283,6127.39,29026,"Guanambi",2,"Nordeste",0,"292105",6,13,6,7,8,5,0,0,0,0,0,13,6,7,8,5,4,8.72052416338475,9.41597147153909,0.385589947975858,30
"9012","BA","Matina",12283,6127.39,29026,"Guanambi",2,"Nordeste",0,"292105",7,6,4,2,4,2,0,0,0,0,0,6,4,2,4,2,3,8.72052416338475,9.41597147153909,0.428924481408722,29
"9013","BA","Medeiros Neto",22716,14560.93,29032,"Porto Seguro",2,"Nordeste",0,"292110",2,47,18,29,22,25,1,0,0,0,0,48,18,29,22,25,11,9.58609719333722,10.0308248009973,0.28069747102911,29
"9014","BA","Medeiros Neto",22716,14560.93,29032,"Porto Seguro",2,"Nordeste",0,"292110",3,42,15,27,14,28,0,0,0,0,0,42,15,27,14,28,14,9.58609719333722,10.0308248009973,0.344504144164112,31
"9015","BA","Medeiros Neto",22716,14560.93,29032,"Porto Seguro",2,"Nordeste",0,"292110",4,28,10,18,11,17,0,0,0,0,0,28,10,18,11,17,22,9.58609719333722,10.0308248009973,0.345063466033721,30
"9016","BA","Medeiros Neto",22716,14560.93,29032,"Porto Seguro",2,"Nordeste",0,"292110",5,24,10,14,12,12,0,0,0,0,0,24,10,14,12,12,17,9.58609719333722,10.0308248009973,0.335327750087258,31
"9017","BA","Medeiros Neto",22716,14560.93,29032,"Porto Seguro",2,"Nordeste",0,"292110",6,23,8,15,12,11,0,0,0,0,0,23,8,15,12,11,26,9.58609719333722,10.0308248009973,0.344419475885896,30
"9018","BA","Medeiros Neto",22716,14560.93,29032,"Porto Seguro",2,"Nordeste",0,"292110",7,26,13,13,11,15,0,0,0,0,0,26,13,13,11,15,27,9.58609719333722,10.0308248009973,0.387065884897617,29
"9019","BA","Miguel Calmon",25894,8294.65,29010,"Jacobina",2,"Nordeste",0,"292120",2,37,11,26,13,24,0,0,0,0,0,37,11,26,13,24,14,9.02336600764152,10.1617665606186,0.265514482761417,29
"9020","BA","Miguel Calmon",25894,8294.65,29010,"Jacobina",2,"Nordeste",0,"292120",3,35,10,25,14,21,0,0,0,0,0,35,10,25,14,21,18,9.02336600764152,10.1617665606186,0.365574987860532,31
"9021","BA","Miguel Calmon",25894,8294.65,29010,"Jacobina",2,"Nordeste",0,"292120",4,22,10,12,8,14,0,0,0,0,0,22,10,12,8,14,19,9.02336600764152,10.1617665606186,0.401493059561921,30
"9022","BA","Miguel Calmon",25894,8294.65,29010,"Jacobina",2,"Nordeste",0,"292120",5,21,6,15,5,16,0,0,0,0,0,21,6,15,5,16,17,9.02336600764152,10.1617665606186,0.401187600927333,31
"9023","BA","Miguel Calmon",25894,8294.65,29010,"Jacobina",2,"Nordeste",0,"292120",6,26,7,19,14,12,0,0,0,0,0,26,7,19,14,12,19,9.02336600764152,10.1617665606186,0.371272937659129,30
"9024","BA","Miguel Calmon",25894,8294.65,29010,"Jacobina",2,"Nordeste",0,"292120",7,23,8,15,12,11,0,0,0,0,0,23,8,15,12,11,24,9.02336600764152,10.1617665606186,0.4090448726502,29
"9025","BA","Milagres",10893,8592.64,29024,"Jequié",2,"Nordeste",0,"292130",2,13,3,10,4,9,0,0,0,0,0,13,3,10,4,9,6,9.05866130187028,9.29587566008245,0.278511966683766,29
"9026","BA","Milagres",10893,8592.64,29024,"Jequié",2,"Nordeste",0,"292130",3,15,7,8,5,10,1,0,0,0,0,16,7,8,5,10,10,9.05866130187028,9.29587566008245,0.374658377401851,31
"9027","BA","Milagres",10893,8592.64,29024,"Jequié",2,"Nordeste",0,"292130",4,7,0,7,3,4,0,0,0,0,0,7,0,7,3,4,11,9.05866130187028,9.29587566008245,0.394554681614596,30
"9028","BA","Milagres",10893,8592.64,29024,"Jequié",2,"Nordeste",0,"292130",5,10,4,6,4,6,0,0,0,0,0,10,4,6,4,6,10,9.05866130187028,9.29587566008245,0.393008246898188,31
"9029","BA","Milagres",10893,8592.64,29024,"Jequié",2,"Nordeste",0,"292130",6,15,4,11,7,8,0,0,0,0,0,15,4,11,7,8,9,9.05866130187028,9.29587566008245,0.408849000806559,30
"9030","BA","Milagres",10893,8592.64,29024,"Jequié",2,"Nordeste",0,"292130",7,6,0,6,4,2,0,0,0,0,0,6,0,6,4,2,12,9.05866130187028,9.29587566008245,0.442793543145492,29
"9031","BA","Mirangaba",18474,6388.68,29010,"Jacobina",2,"Nordeste",0,"292140",2,21,5,16,7,14,0,0,0,0,0,21,5,16,7,14,4,8.76228295326253,9.82411961715256,0.302060249522475,29
"9032","BA","Mirangaba",18474,6388.68,29010,"Jacobina",2,"Nordeste",0,"292140",3,20,13,7,10,10,0,0,0,0,0,20,13,7,10,10,8,8.76228295326253,9.82411961715256,0.406862612202031,31
"9033","BA","Mirangaba",18474,6388.68,29010,"Jacobina",2,"Nordeste",0,"292140",4,8,2,6,1,7,0,0,0,0,0,8,2,6,1,7,10,8.76228295326253,9.82411961715256,0.42346990666339,30
"9034","BA","Mirangaba",18474,6388.68,29010,"Jacobina",2,"Nordeste",0,"292140",5,12,6,6,4,8,0,0,0,0,0,12,6,6,4,8,4,8.76228295326253,9.82411961715256,0.456373222539331,31
"9035","BA","Mirangaba",18474,6388.68,29010,"Jacobina",2,"Nordeste",0,"292140",6,14,6,8,8,6,0,0,0,0,0,14,6,8,8,6,1,8.76228295326253,9.82411961715256,0.434185249638863,30
"9036","BA","Mirangaba",18474,6388.68,29010,"Jacobina",2,"Nordeste",0,"292140",7,15,5,10,10,5,0,0,0,0,0,15,5,10,10,5,5,8.76228295326253,9.82411961715256,0.495673794558387,29
"9037","BA","Mirante",8447,6633.66,29028,"Vitória da Conquista",2,"Nordeste",0,"292145",2,18,4,14,2,16,0,0,0,0,0,18,4,14,2,16,2,8.79991196706307,9.0415666277275,0.328660994146443,29
"9038","BA","Mirante",8447,6633.66,29028,"Vitória da Conquista",2,"Nordeste",0,"292145",3,18,9,9,4,14,0,0,0,0,0,18,9,9,4,14,5,8.79991196706307,9.0415666277275,0.397557469150964,31
"9039","BA","Mirante",8447,6633.66,29028,"Vitória da Conquista",2,"Nordeste",0,"292145",4,10,2,8,3,7,1,0,0,0,0,11,2,8,3,7,1,8.79991196706307,9.0415666277275,0.413894309784295,30
"9040","BA","Mirante",8447,6633.66,29028,"Vitória da Conquista",2,"Nordeste",0,"292145",5,8,1,7,2,6,0,0,0,0,0,8,1,7,2,6,4,8.79991196706307,9.0415666277275,0.420184049482959,31
"9041","BA","Mirante",8447,6633.66,29028,"Vitória da Conquista",2,"Nordeste",0,"292145",6,4,3,1,2,2,0,0,0,0,0,4,3,1,2,2,4,8.79991196706307,9.0415666277275,0.400966095473882,30
"9042","BA","Mirante",8447,6633.66,29028,"Vitória da Conquista",2,"Nordeste",0,"292145",7,5,2,3,2,3,1,0,0,0,0,6,2,3,2,3,6,8.79991196706307,9.0415666277275,0.441905625220586,29
"9043","BA","Monte Santo",49278,6863.25,29014,"Euclides da Cunha",2,"Nordeste",0,"292150",2,61,30,31,25,36,0,0,0,0,0,61,30,31,25,36,34,8.8339363694636,10.8052330129682,0.281923742973589,29
"9044","BA","Monte Santo",49278,6863.25,29014,"Euclides da Cunha",2,"Nordeste",0,"292150",3,70,36,34,27,43,0,0,0,0,0,70,36,34,27,43,22,8.8339363694636,10.8052330129682,0.357821099028814,31
"9045","BA","Monte Santo",49278,6863.25,29014,"Euclides da Cunha",2,"Nordeste",0,"292150",4,69,31,38,33,36,1,0,0,0,0,70,31,38,33,36,24,8.8339363694636,10.8052330129682,0.388445311221992,30
"9046","BA","Monte Santo",49278,6863.25,29014,"Euclides da Cunha",2,"Nordeste",0,"292150",5,53,30,23,25,28,0,0,0,0,0,53,30,23,25,28,26,8.8339363694636,10.8052330129682,0.417609023516879,31
"9047","BA","Monte Santo",49278,6863.25,29014,"Euclides da Cunha",2,"Nordeste",0,"292150",6,38,22,16,18,20,1,0,0,0,0,39,22,16,18,20,26,8.8339363694636,10.8052330129682,0.439249576895999,30
"9048","BA","Monte Santo",49278,6863.25,29014,"Euclides da Cunha",2,"Nordeste",0,"292150",7,42,22,20,20,22,2,0,0,0,0,44,22,20,20,22,44,8.8339363694636,10.8052330129682,0.469257185893261,29
"9049","BA","Morro do Chapéu",35440,10691.9,29010,"Jacobina",2,"Nordeste",0,"292170",2,62,19,43,20,42,0,0,0,0,0,62,19,43,20,42,21,9.27724172442794,10.475596404719,0.292590864701356,29
"9050","BA","Morro do Chapéu",35440,10691.9,29010,"Jacobina",2,"Nordeste",0,"292170",3,62,23,39,28,34,0,0,0,0,0,62,23,39,28,34,20,9.27724172442794,10.475596404719,0.374423290584185,31
"9051","BA","Morro do Chapéu",35440,10691.9,29010,"Jacobina",2,"Nordeste",0,"292170",4,30,13,17,14,16,0,0,0,0,0,30,13,17,14,16,22,9.27724172442794,10.475596404719,0.403971569566268,30
"9052","BA","Morro do Chapéu",35440,10691.9,29010,"Jacobina",2,"Nordeste",0,"292170",5,43,8,35,23,20,0,0,0,0,0,43,8,35,23,20,18,9.27724172442794,10.475596404719,0.397680782578202,31
"9053","BA","Morro do Chapéu",35440,10691.9,29010,"Jacobina",2,"Nordeste",0,"292170",6,35,6,29,14,21,1,0,0,0,0,36,6,29,14,21,19,9.27724172442794,10.475596404719,0.384779227858978,30
"9054","BA","Morro do Chapéu",35440,10691.9,29010,"Jacobina",2,"Nordeste",0,"292170",7,39,10,29,18,21,0,0,0,0,0,39,10,29,18,21,19,9.27724172442794,10.475596404719,0.42574859835127,29
"9055","BA","Mortugaba",12052,7337.5,29026,"Guanambi",2,"Nordeste",0,"292180",2,14,1,13,6,8,0,0,0,0,0,14,1,13,6,8,3,8.90075346413635,9.39698590025019,0.270588722542701,29
"9056","BA","Mortugaba",12052,7337.5,29026,"Guanambi",2,"Nordeste",0,"292180",3,15,4,11,7,8,0,0,0,0,0,15,4,11,7,8,6,8.90075346413635,9.39698590025019,0.372895556368179,31
"9057","BA","Mortugaba",12052,7337.5,29026,"Guanambi",2,"Nordeste",0,"292180",4,14,4,10,8,6,0,0,0,0,0,14,4,10,8,6,11,8.90075346413635,9.39698590025019,0.397347643187143,30
"9058","BA","Mortugaba",12052,7337.5,29026,"Guanambi",2,"Nordeste",0,"292180",5,9,0,9,4,5,0,0,0,0,0,9,0,9,4,5,8,8.90075346413635,9.39698590025019,0.405775843311642,31
"9059","BA","Mortugaba",12052,7337.5,29026,"Guanambi",2,"Nordeste",0,"292180",6,7,2,5,2,5,1,0,0,0,0,8,2,5,2,5,8,8.90075346413635,9.39698590025019,0.377118171953354,30
"9060","BA","Mortugaba",12052,7337.5,29026,"Guanambi",2,"Nordeste",0,"292180",7,9,1,8,4,5,0,0,0,0,0,9,1,8,4,5,7,8.90075346413635,9.39698590025019,0.381791777619505,29
"9061","BA","Mucugê",8889,37229.67,29023,"Seabra",2,"Nordeste",0,"292190",2,12,2,10,7,5,0,0,0,0,0,12,2,10,7,5,1,10.524861303008,9.09256983624167,0.288732126150892,29
"9062","BA","Mucugê",8889,37229.67,29023,"Seabra",2,"Nordeste",0,"292190",3,11,2,9,6,5,0,0,0,0,0,11,2,9,6,5,2,10.524861303008,9.09256983624167,0.383690588277966,31
"9063","BA","Mucugê",8889,37229.67,29023,"Seabra",2,"Nordeste",0,"292190",4,11,5,6,3,8,0,0,0,0,0,11,5,6,3,8,6,10.524861303008,9.09256983624167,0.419452010231792,30
"9064","BA","Mucugê",8889,37229.67,29023,"Seabra",2,"Nordeste",0,"292190",5,6,2,4,1,5,0,0,0,0,0,6,2,4,1,5,5,10.524861303008,9.09256983624167,0.39359767305358,31
"9065","BA","Mucugê",8889,37229.67,29023,"Seabra",2,"Nordeste",0,"292190",6,7,2,5,0,7,0,0,0,0,0,7,2,5,0,7,7,10.524861303008,9.09256983624167,0.384247901105526,30
"9066","BA","Mucugê",8889,37229.67,29023,"Seabra",2,"Nordeste",0,"292190",7,3,1,2,0,3,0,0,0,0,0,3,1,2,0,3,7,10.524861303008,9.09256983624167,0.427381705238508,29
"9067","BA","Mucuri",42251,59689.06,29032,"Porto Seguro",2,"Nordeste",0,"292200",2,94,29,65,45,49,0,0,0,0,0,94,29,65,45,49,18,10.9969040330072,10.6513833011443,0.275918439013059,29
"9068","BA","Mucuri",42251,59689.06,29032,"Porto Seguro",2,"Nordeste",0,"292200",3,75,20,55,32,43,0,0,0,0,0,75,20,55,32,43,16,10.9969040330072,10.6513833011443,0.379347239201108,31
"9069","BA","Mucuri",42251,59689.06,29032,"Porto Seguro",2,"Nordeste",0,"292200",4,44,13,31,14,30,0,0,0,0,0,44,13,31,14,30,13,10.9969040330072,10.6513833011443,0.39130550865891,30
"9070","BA","Mucuri",42251,59689.06,29032,"Porto Seguro",2,"Nordeste",0,"292200",5,60,23,37,30,30,0,0,0,0,0,60,23,37,30,30,18,10.9969040330072,10.6513833011443,0.384320011875433,31
"9071","BA","Mucuri",42251,59689.06,29032,"Porto Seguro",2,"Nordeste",0,"292200",6,60,17,43,35,25,0,0,0,0,0,60,17,43,35,25,25,10.9969040330072,10.6513833011443,0.383212977265118,30
"9072","BA","Mucuri",42251,59689.06,29032,"Porto Seguro",2,"Nordeste",0,"292200",7,69,18,51,36,33,0,0,0,0,0,69,18,51,36,33,23,10.9969040330072,10.6513833011443,0.389524972397751,29
"9073","BA","Mulungu do Morro",10673,34599.69,29009,"Irecê",2,"Nordeste",0,"292205",2,17,7,10,10,7,0,0,0,0,0,17,7,10,10,7,13,10.4516000014681,9.27547246691396,0.29552673295892,29
"9074","BA","Mulungu do Morro",10673,34599.69,29009,"Irecê",2,"Nordeste",0,"292205",3,16,6,10,9,7,0,0,0,0,0,16,6,10,9,7,4,10.4516000014681,9.27547246691396,0.370181167002129,31
"9075","BA","Mulungu do Morro",10673,34599.69,29009,"Irecê",2,"Nordeste",0,"292205",4,28,16,12,11,17,0,0,0,0,0,28,16,12,11,17,7,10.4516000014681,9.27547246691396,0.412535247428806,30
"9076","BA","Mulungu do Morro",10673,34599.69,29009,"Irecê",2,"Nordeste",0,"292205",5,18,5,13,12,6,0,0,0,0,0,18,5,13,12,6,11,10.4516000014681,9.27547246691396,0.390308367815188,31
"9077","BA","Mulungu do Morro",10673,34599.69,29009,"Irecê",2,"Nordeste",0,"292205",6,15,6,9,9,6,0,0,0,0,0,15,6,9,9,6,5,10.4516000014681,9.27547246691396,0.363023919207721,30
"9078","BA","Mulungu do Morro",10673,34599.69,29009,"Irecê",2,"Nordeste",0,"292205",7,17,7,10,6,11,1,0,0,0,0,18,7,10,6,11,4,10.4516000014681,9.27547246691396,0.423521164325487,29
"9079","BA","Mundo Novo",26970,6060.56,29011,"Itaberaba",2,"Nordeste",0,"292210",2,18,6,12,10,8,0,0,0,0,0,18,6,12,10,8,13,8.70955748403481,10.2024804161338,0.287592054380948,29
"9080","BA","Mundo Novo",26970,6060.56,29011,"Itaberaba",2,"Nordeste",0,"292210",3,14,8,6,8,6,1,0,0,0,0,15,8,6,8,6,15,8.70955748403481,10.2024804161338,0.373436272403419,31
"9081","BA","Mundo Novo",26970,6060.56,29011,"Itaberaba",2,"Nordeste",0,"292210",4,12,6,6,3,9,1,0,0,0,0,13,6,6,3,9,6,8.70955748403481,10.2024804161338,0.421789707812181,30
"9082","BA","Mundo Novo",26970,6060.56,29011,"Itaberaba",2,"Nordeste",0,"292210",5,13,8,5,5,8,1,0,0,0,0,14,8,5,5,8,17,8.70955748403481,10.2024804161338,0.408633106706874,31
"9083","BA","Mundo Novo",26970,6060.56,29011,"Itaberaba",2,"Nordeste",0,"292210",6,17,9,8,12,5,0,0,0,0,0,17,9,8,12,5,10,8.70955748403481,10.2024804161338,0.397503031167702,30
"9084","BA","Mundo Novo",26970,6060.56,29011,"Itaberaba",2,"Nordeste",0,"292210",7,16,8,8,6,10,0,0,0,0,0,16,8,8,6,10,15,8.70955748403481,10.2024804161338,0.454938043310735,29
"9085","BA","Muniz Ferreira",7443,6831.64,29020,"Santo Antônio de Jesus",2,"Nordeste",0,"292220",2,9,1,8,2,7,0,0,0,0,0,9,1,8,2,7,5,8.82932004087164,8.91502927235991,0.320245037086495,29
"9086","BA","Muniz Ferreira",7443,6831.64,29020,"Santo Antônio de Jesus",2,"Nordeste",0,"292220",3,13,6,7,7,6,0,0,0,0,0,13,6,7,7,6,5,8.82932004087164,8.91502927235991,0.392484346923291,31
"9087","BA","Muniz Ferreira",7443,6831.64,29020,"Santo Antônio de Jesus",2,"Nordeste",0,"292220",4,4,2,2,1,3,0,0,0,0,0,4,2,2,1,3,2,8.82932004087164,8.91502927235991,0.440460788072818,30
"9088","BA","Muniz Ferreira",7443,6831.64,29020,"Santo Antônio de Jesus",2,"Nordeste",0,"292220",5,11,5,6,3,8,0,0,0,0,0,11,5,6,3,8,3,8.82932004087164,8.91502927235991,0.448158486969844,31
"9089","BA","Muniz Ferreira",7443,6831.64,29020,"Santo Antônio de Jesus",2,"Nordeste",0,"292220",6,4,0,4,0,4,0,0,0,0,0,4,0,4,0,4,3,8.82932004087164,8.91502927235991,0.42085303067165,30
"9090","BA","Muniz Ferreira",7443,6831.64,29020,"Santo Antônio de Jesus",2,"Nordeste",0,"292220",7,7,2,5,2,5,0,0,0,0,0,7,2,5,2,5,7,8.82932004087164,8.91502927235991,0.454641846409971,29
"9091","BA","Muquém do São Francisco",11417,12405.57,29006,"Barra",2,"Nordeste",0,"292225",2,20,4,16,14,6,0,0,0,0,0,20,4,16,14,6,2,9.42590084428429,9.34285875167633,0.31109043531588,29
"9092","BA","Muquém do São Francisco",11417,12405.57,29006,"Barra",2,"Nordeste",0,"292225",3,24,7,17,12,12,0,0,0,0,0,24,7,17,12,12,6,9.42590084428429,9.34285875167633,0.44116751561524,31
"9093","BA","Muquém do São Francisco",11417,12405.57,29006,"Barra",2,"Nordeste",0,"292225",4,19,3,16,8,11,0,0,0,0,0,19,3,16,8,11,4,9.42590084428429,9.34285875167633,0.44696841197146,30
"9094","BA","Muquém do São Francisco",11417,12405.57,29006,"Barra",2,"Nordeste",0,"292225",5,16,5,11,9,7,0,0,0,0,0,16,5,11,9,7,2,9.42590084428429,9.34285875167633,0.41027145407745,31
"9095","BA","Muquém do São Francisco",11417,12405.57,29006,"Barra",2,"Nordeste",0,"292225",6,12,2,10,4,8,0,0,0,0,0,12,2,10,4,8,4,9.42590084428429,9.34285875167633,0.409529791171435,30
"9096","BA","Muquém do São Francisco",11417,12405.57,29006,"Barra",2,"Nordeste",0,"292225",7,14,5,9,10,4,0,0,0,0,0,14,5,9,10,4,3,9.42590084428429,9.34285875167633,0.455837128870301,29
"9097","BA","Muritiba",29410,8531.9,29020,"Santo Antônio de Jesus",2,"Nordeste",1,"292230",2,43,7,36,17,26,1,0,0,0,0,44,7,36,17,26,12,9.05156735894121,10.289090031548,0.305043224200212,29
"9098","BA","Muritiba",29410,8531.9,29020,"Santo Antônio de Jesus",2,"Nordeste",1,"292230",3,47,8,39,19,28,0,0,0,0,0,47,8,39,19,28,27,9.05156735894121,10.289090031548,0.408330534101176,31
"9099","BA","Muritiba",29410,8531.9,29020,"Santo Antônio de Jesus",2,"Nordeste",1,"292230",4,32,8,24,10,22,1,0,0,0,0,33,8,24,10,22,24,9.05156735894121,10.289090031548,0.463909795528255,30
"9100","BA","Muritiba",29410,8531.9,29020,"Santo Antônio de Jesus",2,"Nordeste",1,"292230",5,26,4,22,8,18,1,0,0,0,0,27,4,22,8,18,16,9.05156735894121,10.289090031548,0.441521655059546,31
"9101","BA","Muritiba",29410,8531.9,29020,"Santo Antônio de Jesus",2,"Nordeste",1,"292230",6,26,5,21,13,13,1,0,0,0,0,27,5,21,13,13,18,9.05156735894121,10.289090031548,0.42209616448504,30
"9102","BA","Muritiba",29410,8531.9,29020,"Santo Antônio de Jesus",2,"Nordeste",1,"292230",7,27,8,19,9,18,0,0,0,0,0,27,8,19,9,18,27,9.05156735894121,10.289090031548,0.44560433046827,29
"9103","BA","Mutuípe",22282,9973.26,29024,"Jequié",2,"Nordeste",0,"292240",2,28,10,18,15,13,0,0,0,0,0,28,10,18,15,13,13,9.20766279045209,10.0115344566193,0.255462794301172,29
"9104","BA","Mutuípe",22282,9973.26,29024,"Jequié",2,"Nordeste",0,"292240",3,49,20,29,22,27,0,0,0,0,0,49,20,29,22,27,12,9.20766279045209,10.0115344566193,0.368024871343202,31
"9105","BA","Mutuípe",22282,9973.26,29024,"Jequié",2,"Nordeste",0,"292240",4,19,8,11,9,10,0,0,0,0,0,19,8,11,9,10,10,9.20766279045209,10.0115344566193,0.405159702210883,30
"9106","BA","Mutuípe",22282,9973.26,29024,"Jequié",2,"Nordeste",0,"292240",5,21,5,16,10,11,1,0,0,0,0,22,5,16,10,11,12,9.20766279045209,10.0115344566193,0.443344982843224,31
"9107","BA","Mutuípe",22282,9973.26,29024,"Jequié",2,"Nordeste",0,"292240",6,20,4,16,10,10,0,0,0,0,0,20,4,16,10,10,17,9.20766279045209,10.0115344566193,0.39471485464311,30
"9108","BA","Mutuípe",22282,9973.26,29024,"Jequié",2,"Nordeste",0,"292240",7,22,13,9,12,10,0,0,0,0,0,22,13,9,12,10,16,9.20766279045209,10.0115344566193,0.417549701897845,29
"9109","BA","Nazaré",28594,9208.88,29020,"Santo Antônio de Jesus",2,"Nordeste",1,"292250",2,40,12,28,19,21,0,0,0,0,0,40,12,28,19,21,14,9.12792351490566,10.2609521845891,0.261372295990768,29
"9110","BA","Nazaré",28594,9208.88,29020,"Santo Antônio de Jesus",2,"Nordeste",1,"292250",3,25,6,19,9,16,2,0,0,0,0,27,6,19,9,16,17,9.12792351490566,10.2609521845891,0.34905682006581,31
"9111","BA","Nazaré",28594,9208.88,29020,"Santo Antônio de Jesus",2,"Nordeste",1,"292250",4,20,5,15,7,13,0,0,0,0,0,20,5,15,7,13,15,9.12792351490566,10.2609521845891,0.394887711222603,30
"9112","BA","Nazaré",28594,9208.88,29020,"Santo Antônio de Jesus",2,"Nordeste",1,"292250",5,23,7,16,9,14,0,0,0,0,0,23,7,16,9,14,13,9.12792351490566,10.2609521845891,0.378160758746723,31
"9113","BA","Nazaré",28594,9208.88,29020,"Santo Antônio de Jesus",2,"Nordeste",1,"292250",6,20,6,14,9,11,0,0,0,0,0,20,6,14,9,11,19,9.12792351490566,10.2609521845891,0.36073133883893,30
"9114","BA","Nazaré",28594,9208.88,29020,"Santo Antônio de Jesus",2,"Nordeste",1,"292250",7,28,9,19,13,15,0,0,0,0,0,28,9,19,13,15,23,9.12792351490566,10.2609521845891,0.413627284351078,29
"9115","BA","Nilo Peçanha",14079,9286.81,29030,"Valença",2,"Nordeste",0,"292260",2,18,5,13,9,9,0,0,0,0,0,18,5,13,9,9,3,9.13635039286101,9.55243960446253,0.319995757898685,29
"9116","BA","Nilo Peçanha",14079,9286.81,29030,"Valença",2,"Nordeste",0,"292260",3,11,5,6,5,6,0,0,0,0,0,11,5,6,5,6,13,9.13635039286101,9.55243960446253,0.426470520901872,31
"9117","BA","Nilo Peçanha",14079,9286.81,29030,"Valença",2,"Nordeste",0,"292260",4,11,5,6,7,4,0,0,0,0,0,11,5,6,7,4,7,9.13635039286101,9.55243960446253,0.447592568200118,30
"9118","BA","Nilo Peçanha",14079,9286.81,29030,"Valença",2,"Nordeste",0,"292260",5,13,4,9,8,5,0,0,0,0,0,13,4,9,8,5,8,9.13635039286101,9.55243960446253,0.452810987190201,31
"9119","BA","Nilo Peçanha",14079,9286.81,29030,"Valença",2,"Nordeste",0,"292260",6,11,4,7,6,5,0,0,0,0,0,11,4,7,6,5,5,9.13635039286101,9.55243960446253,0.445666008347192,30
"9120","BA","Nilo Peçanha",14079,9286.81,29030,"Valença",2,"Nordeste",0,"292260",7,12,6,6,6,6,0,0,0,0,0,12,6,6,6,6,10,9.13635039286101,9.55243960446253,0.495841968882009,29
"9121","BA","Nordestina",13164,11129,29014,"Euclides da Cunha",2,"Nordeste",0,"292265",2,23,13,10,10,13,0,0,0,0,0,23,13,10,10,13,7,9.31730959297342,9.48524111006323,0.271003762810486,29
"9122","BA","Nordestina",13164,11129,29014,"Euclides da Cunha",2,"Nordeste",0,"292265",3,15,4,11,8,7,1,0,0,0,0,16,4,11,8,7,7,9.31730959297342,9.48524111006323,0.345918673259365,31
"9123","BA","Nordestina",13164,11129,29014,"Euclides da Cunha",2,"Nordeste",0,"292265",4,12,6,6,6,6,0,0,0,0,0,12,6,6,6,6,5,9.31730959297342,9.48524111006323,0.378699237263164,30
"9124","BA","Nordestina",13164,11129,29014,"Euclides da Cunha",2,"Nordeste",0,"292265",5,21,9,12,12,9,1,0,0,0,0,22,9,12,12,9,11,9.31730959297342,9.48524111006323,0.395634983396005,31
"9125","BA","Nordestina",13164,11129,29014,"Euclides da Cunha",2,"Nordeste",0,"292265",6,12,4,8,7,5,0,0,0,0,0,12,4,8,7,5,10,9.31730959297342,9.48524111006323,0.380912655869435,30
"9126","BA","Nordestina",13164,11129,29014,"Euclides da Cunha",2,"Nordeste",0,"292265",7,13,7,6,5,8,0,0,0,0,0,13,7,6,5,8,10,9.31730959297342,9.48524111006323,0.395672156345562,29
"9127","BA","Nova Canaã",16472,7753.2,29028,"Vitória da Conquista",2,"Nordeste",0,"292270",2,20,8,12,11,9,0,0,0,0,0,20,8,12,11,9,8,8.95586094035212,9.70941724870763,0.280978344250746,29
"9128","BA","Nova Canaã",16472,7753.2,29028,"Vitória da Conquista",2,"Nordeste",0,"292270",3,14,7,7,8,6,0,0,0,0,0,14,7,7,8,6,4,8.95586094035212,9.70941724870763,0.38235893112346,31
"9129","BA","Nova Canaã",16472,7753.2,29028,"Vitória da Conquista",2,"Nordeste",0,"292270",4,8,4,4,4,4,0,0,0,0,0,8,4,4,4,4,6,8.95586094035212,9.70941724870763,0.401287739735147,30
"9130","BA","Nova Canaã",16472,7753.2,29028,"Vitória da Conquista",2,"Nordeste",0,"292270",5,10,6,4,3,7,0,0,0,0,0,10,6,4,3,7,9,8.95586094035212,9.70941724870763,0.419976708129787,31
"9131","BA","Nova Canaã",16472,7753.2,29028,"Vitória da Conquista",2,"Nordeste",0,"292270",6,15,5,10,10,5,1,0,0,0,0,16,5,10,10,5,6,8.95586094035212,9.70941724870763,0.431385637588771,30
"9132","BA","Nova Canaã",16472,7753.2,29028,"Vitória da Conquista",2,"Nordeste",0,"292270",7,8,4,4,4,4,0,0,0,0,0,8,4,4,4,4,11,8.95586094035212,9.70941724870763,0.464971417121155,29
"9133","BA","Nova Fátima",7821,9892.11,29016,"Serrinha",2,"Nordeste",0,"292273",2,7,3,4,2,5,0,0,0,0,0,7,3,4,2,5,5,9.19949274867653,8.96456770260161,0.236885610237667,29
"9134","BA","Nova Fátima",7821,9892.11,29016,"Serrinha",2,"Nordeste",0,"292273",3,11,3,8,2,9,0,0,0,0,0,11,3,8,2,9,2,9.19949274867653,8.96456770260161,0.31889120497101,31
"9135","BA","Nova Fátima",7821,9892.11,29016,"Serrinha",2,"Nordeste",0,"292273",4,8,2,6,3,5,0,0,0,0,0,8,2,6,3,5,5,9.19949274867653,8.96456770260161,0.301098715441475,30
"9136","BA","Nova Fátima",7821,9892.11,29016,"Serrinha",2,"Nordeste",0,"292273",5,14,1,13,4,10,0,0,0,0,0,14,1,13,4,10,4,9.19949274867653,8.96456770260161,0.322517286869667,31
"9137","BA","Nova Fátima",7821,9892.11,29016,"Serrinha",2,"Nordeste",0,"292273",6,4,4,0,3,1,0,0,0,0,0,4,4,0,3,1,9,9.19949274867653,8.96456770260161,0.321108913293956,30
"9138","BA","Nova Fátima",7821,9892.11,29016,"Serrinha",2,"Nordeste",0,"292273",7,6,0,6,4,2,0,0,0,0,0,6,0,6,4,2,7,9.19949274867653,8.96456770260161,0.340846499837364,29
"9139","BA","Nova Ibiá",6554,11037.76,29031,"Ilhéus-Itabuna",2,"Nordeste",0,"292275",2,9,3,6,6,3,0,0,0,0,0,9,3,6,6,3,2,9.30907740069367,8.78783082925876,0.267824518702486,29
"9140","BA","Nova Ibiá",6554,11037.76,29031,"Ilhéus-Itabuna",2,"Nordeste",0,"292275",3,3,2,1,3,0,0,0,0,0,0,3,2,1,3,0,3,9.30907740069367,8.78783082925876,0.355406796105131,31
"9141","BA","Nova Ibiá",6554,11037.76,29031,"Ilhéus-Itabuna",2,"Nordeste",0,"292275",4,3,1,2,1,2,0,0,0,0,0,3,1,2,1,2,10,9.30907740069367,8.78783082925876,0.378721229730688,30
"9142","BA","Nova Ibiá",6554,11037.76,29031,"Ilhéus-Itabuna",2,"Nordeste",0,"292275",5,4,1,3,3,1,0,0,0,0,0,4,1,3,3,1,2,9.30907740069367,8.78783082925876,0.389635859894058,31
"9143","BA","Nova Ibiá",6554,11037.76,29031,"Ilhéus-Itabuna",2,"Nordeste",0,"292275",6,7,3,4,4,3,0,0,0,0,0,7,3,4,4,3,6,9.30907740069367,8.78783082925876,0.403913963977764,30
"9144","BA","Nova Ibiá",6554,11037.76,29031,"Ilhéus-Itabuna",2,"Nordeste",0,"292275",7,5,2,3,0,5,0,0,0,0,0,5,2,3,0,5,6,9.30907740069367,8.78783082925876,0.417883227012583,29
"9145","BA","Nova Itarana",8279,6216.44,29024,"Jequié",2,"Nordeste",0,"292280",2,10,4,6,3,7,0,0,0,0,0,10,4,6,3,7,5,8.73495267461312,9.02147746713881,0.248294510837058,29
"9146","BA","Nova Itarana",8279,6216.44,29024,"Jequié",2,"Nordeste",0,"292280",3,18,9,9,13,5,0,0,0,0,0,18,9,9,13,5,4,8.73495267461312,9.02147746713881,0.315030085830461,31
"9147","BA","Nova Itarana",8279,6216.44,29024,"Jequié",2,"Nordeste",0,"292280",4,9,6,3,4,5,0,0,0,0,0,9,6,3,4,5,1,8.73495267461312,9.02147746713881,0.345721781250664,30
"9148","BA","Nova Itarana",8279,6216.44,29024,"Jequié",2,"Nordeste",0,"292280",5,10,3,7,6,4,0,0,0,0,0,10,3,7,6,4,5,8.73495267461312,9.02147746713881,0.326914327303763,31
"9149","BA","Nova Itarana",8279,6216.44,29024,"Jequié",2,"Nordeste",0,"292280",6,10,6,4,5,5,0,0,0,0,0,10,6,4,5,5,4,8.73495267461312,9.02147746713881,0.310465185408628,30
"9150","BA","Nova Itarana",8279,6216.44,29024,"Jequié",2,"Nordeste",0,"292280",7,7,2,5,4,3,0,0,0,0,0,7,2,5,4,3,5,8.73495267461312,9.02147746713881,0.36051316836452,29
"9151","BA","Nova Redenção",9123,5877.58,29023,"Seabra",2,"Nordeste",0,"292285",2,8,4,4,4,4,0,0,0,0,0,8,4,4,4,4,4,8.67890039155086,9.11855397634547,0.299758093339233,29
"9152","BA","Nova Redenção",9123,5877.58,29023,"Seabra",2,"Nordeste",0,"292285",3,11,4,7,6,5,0,0,0,0,0,11,4,7,6,5,0,8.67890039155086,9.11855397634547,0.370162437542121,31
"9153","BA","Nova Redenção",9123,5877.58,29023,"Seabra",2,"Nordeste",0,"292285",4,8,2,6,5,3,0,0,0,0,0,8,2,6,5,3,3,8.67890039155086,9.11855397634547,0.411364282325135,30
"9154","BA","Nova Redenção",9123,5877.58,29023,"Seabra",2,"Nordeste",0,"292285",5,5,3,2,3,2,0,0,0,0,0,5,3,2,3,2,6,8.67890039155086,9.11855397634547,0.389962194406635,31
"9155","BA","Nova Redenção",9123,5877.58,29023,"Seabra",2,"Nordeste",0,"292285",6,8,3,5,2,6,0,0,0,0,0,8,3,5,2,6,5,8.67890039155086,9.11855397634547,0.379695876346731,30
"9156","BA","Nova Redenção",9123,5877.58,29023,"Seabra",2,"Nordeste",0,"292285",7,7,2,5,1,6,1,0,0,0,0,8,2,5,1,6,8,8.67890039155086,9.11855397634547,0.381569848170781,29
"9157","BA","Nova Soure",26998,8494.34,29015,"Ribeira do Pombal",2,"Nordeste",0,"292290",2,49,17,32,21,28,0,0,0,0,0,49,17,32,21,28,8,9.04715533832735,10.2035180681688,0.267020981181698,29
"9158","BA","Nova Soure",26998,8494.34,29015,"Ribeira do Pombal",2,"Nordeste",0,"292290",3,38,14,24,25,13,1,0,0,0,0,39,14,24,25,13,6,9.04715533832735,10.2035180681688,0.359409986419764,31
"9159","BA","Nova Soure",26998,8494.34,29015,"Ribeira do Pombal",2,"Nordeste",0,"292290",4,16,7,9,8,8,0,0,0,0,0,16,7,9,8,8,17,9.04715533832735,10.2035180681688,0.389508367667882,30
"9160","BA","Nova Soure",26998,8494.34,29015,"Ribeira do Pombal",2,"Nordeste",0,"292290",5,23,10,13,5,18,1,0,0,0,0,24,10,13,5,18,16,9.04715533832735,10.2035180681688,0.37742901385022,31
"9161","BA","Nova Soure",26998,8494.34,29015,"Ribeira do Pombal",2,"Nordeste",0,"292290",6,33,11,22,12,21,0,0,0,0,0,33,11,22,12,21,11,9.04715533832735,10.2035180681688,0.383254065344391,30
"9162","BA","Nova Soure",26998,8494.34,29015,"Ribeira do Pombal",2,"Nordeste",0,"292290",7,20,9,11,11,9,2,0,0,0,0,22,9,11,11,9,9,9.04715533832735,10.2035180681688,0.413225656931773,29
"9163","BA","Nova Viçosa",43783,11470.31,29032,"Porto Seguro",2,"Nordeste",1,"292300",2,71,28,43,36,35,1,0,0,0,0,72,28,43,36,35,25,9.34751723678522,10.6870008931695,0.287049491834534,29
"9164","BA","Nova Viçosa",43783,11470.31,29032,"Porto Seguro",2,"Nordeste",1,"292300",3,60,20,40,29,31,1,0,0,0,0,61,20,40,29,31,23,9.34751723678522,10.6870008931695,0.362352702558823,31
"9165","BA","Nova Viçosa",43783,11470.31,29032,"Porto Seguro",2,"Nordeste",1,"292300",4,43,12,31,24,19,0,0,0,0,0,43,12,31,24,19,12,9.34751723678522,10.6870008931695,0.368053161608229,30
"9166","BA","Nova Viçosa",43783,11470.31,29032,"Porto Seguro",2,"Nordeste",1,"292300",5,39,11,28,20,19,1,0,0,0,0,40,11,28,20,19,17,9.34751723678522,10.6870008931695,0.371028787414343,31
"9167","BA","Nova Viçosa",43783,11470.31,29032,"Porto Seguro",2,"Nordeste",1,"292300",6,43,18,25,19,24,0,0,0,0,0,43,18,25,19,24,33,9.34751723678522,10.6870008931695,0.367217111923626,30
"9168","BA","Nova Viçosa",43783,11470.31,29032,"Porto Seguro",2,"Nordeste",1,"292300",7,39,15,24,21,18,1,0,0,0,0,40,15,24,21,18,21,9.34751723678522,10.6870008931695,0.368185915925082,29
"9169","BA","Novo Horizonte",12522,6468.78,29022,"Boquira",2,"Nordeste",0,"292303",2,19,3,16,6,13,0,0,0,0,0,19,3,16,6,13,4,8.77474280711819,9.43524237630526,0.380249685267115,29
"9170","BA","Novo Horizonte",12522,6468.78,29022,"Boquira",2,"Nordeste",0,"292303",3,4,1,3,1,3,0,0,0,0,0,4,1,3,1,3,5,8.77474280711819,9.43524237630526,0.432084918984152,31
"9171","BA","Novo Horizonte",12522,6468.78,29022,"Boquira",2,"Nordeste",0,"292303",4,5,0,5,2,3,1,0,0,0,0,6,0,5,2,3,9,8.77474280711819,9.43524237630526,0.449514399290856,30
"9172","BA","Novo Horizonte",12522,6468.78,29022,"Boquira",2,"Nordeste",0,"292303",5,11,4,7,3,8,0,0,0,0,0,11,4,7,3,8,6,8.77474280711819,9.43524237630526,0.419315986196833,31
"9173","BA","Novo Horizonte",12522,6468.78,29022,"Boquira",2,"Nordeste",0,"292303",6,11,3,8,6,5,0,0,0,0,0,11,3,8,6,5,8,8.77474280711819,9.43524237630526,0.406797575327279,30
"9174","BA","Novo Horizonte",12522,6468.78,29022,"Boquira",2,"Nordeste",0,"292303",7,7,3,4,3,4,1,0,0,0,0,8,3,4,3,4,7,8.77474280711819,9.43524237630526,0.468180416956963,29
"9175","BA","Novo Triunfo",15443,5064.6,29015,"Ribeira do Pombal",2,"Nordeste",0,"292305",2,12,6,6,6,6,0,0,0,0,0,12,6,6,6,6,4,8.53003044021773,9.644911105223,0.300484795422911,29
"9176","BA","Novo Triunfo",15443,5064.6,29015,"Ribeira do Pombal",2,"Nordeste",0,"292305",3,17,6,11,9,8,0,0,0,0,0,17,6,11,9,8,6,8.53003044021773,9.644911105223,0.370934144059302,31
"9177","BA","Novo Triunfo",15443,5064.6,29015,"Ribeira do Pombal",2,"Nordeste",0,"292305",4,12,5,7,5,7,0,0,0,0,0,12,5,7,5,7,4,8.53003044021773,9.644911105223,0.370772625716212,30
"9178","BA","Novo Triunfo",15443,5064.6,29015,"Ribeira do Pombal",2,"Nordeste",0,"292305",5,6,4,2,2,4,0,0,0,0,0,6,4,2,2,4,3,8.53003044021773,9.644911105223,0.424508651561669,31
"9179","BA","Novo Triunfo",15443,5064.6,29015,"Ribeira do Pombal",2,"Nordeste",0,"292305",6,10,4,6,7,3,0,0,0,0,0,10,4,6,7,3,6,8.53003044021773,9.644911105223,0.41585117343377,30
"9180","BA","Novo Triunfo",15443,5064.6,29015,"Ribeira do Pombal",2,"Nordeste",0,"292305",7,5,0,5,1,4,0,0,0,0,0,5,0,5,1,4,7,8.53003044021773,9.644911105223,0.426712900926191,29
"9181","BA","Olindina",28304,7104.84,29015,"Ribeira do Pombal",2,"Nordeste",0,"292310",2,31,12,19,16,15,0,0,0,0,0,31,12,19,16,15,9,8.86853152092507,10.2507584163996,0.299289972272281,29
"9182","BA","Olindina",28304,7104.84,29015,"Ribeira do Pombal",2,"Nordeste",0,"292310",3,20,11,9,8,12,0,0,0,0,0,20,11,9,8,12,12,8.86853152092507,10.2507584163996,0.375166324005295,31
"9183","BA","Olindina",28304,7104.84,29015,"Ribeira do Pombal",2,"Nordeste",0,"292310",4,14,6,8,7,7,2,0,0,0,0,16,6,8,7,7,15,8.86853152092507,10.2507584163996,0.407026773823249,30
"9184","BA","Olindina",28304,7104.84,29015,"Ribeira do Pombal",2,"Nordeste",0,"292310",5,26,14,12,8,18,0,0,0,0,0,26,14,12,8,18,19,8.86853152092507,10.2507584163996,0.389931865410166,31
"9185","BA","Olindina",28304,7104.84,29015,"Ribeira do Pombal",2,"Nordeste",0,"292310",6,26,13,13,8,18,0,0,0,0,0,26,13,13,8,18,18,8.86853152092507,10.2507584163996,0.378494422995666,30
"9186","BA","Olindina",28304,7104.84,29015,"Ribeira do Pombal",2,"Nordeste",0,"292310",7,37,23,14,16,21,0,0,0,0,0,37,23,14,16,21,13,8.86853152092507,10.2507584163996,0.387180446083748,29
"9187","BA","Oliveira dos Brejinhos",21810,7826.44,29022,"Boquira",2,"Nordeste",0,"292320",2,35,8,27,18,17,1,0,0,0,0,36,8,27,18,17,16,8.96526302403683,9.99012385919568,0.268911573986304,29
"9188","BA","Oliveira dos Brejinhos",21810,7826.44,29022,"Boquira",2,"Nordeste",0,"292320",3,31,12,19,14,17,0,0,0,0,0,31,12,19,14,17,11,8.96526302403683,9.99012385919568,0.348246704336114,31
"9189","BA","Oliveira dos Brejinhos",21810,7826.44,29022,"Boquira",2,"Nordeste",0,"292320",4,22,7,15,10,12,0,0,0,0,0,22,7,15,10,12,10,8.96526302403683,9.99012385919568,0.380262782139352,30
"9190","BA","Oliveira dos Brejinhos",21810,7826.44,29022,"Boquira",2,"Nordeste",0,"292320",5,26,9,17,11,15,0,0,0,0,0,26,9,17,11,15,7,8.96526302403683,9.99012385919568,0.407976244815076,31
"9191","BA","Oliveira dos Brejinhos",21810,7826.44,29022,"Boquira",2,"Nordeste",0,"292320",6,31,10,21,12,19,0,0,0,0,0,31,10,21,12,19,17,8.96526302403683,9.99012385919568,0.374001865268421,30
"9192","BA","Oliveira dos Brejinhos",21810,7826.44,29022,"Boquira",2,"Nordeste",0,"292320",7,18,9,9,7,11,0,0,0,0,0,18,9,9,7,11,15,8.96526302403683,9.99012385919568,0.382354008926041,29
"9193","BA","Ouriçangas",8570,6484.99,29012,"Feira de Santana",2,"Nordeste",0,"292330",2,18,10,8,6,12,0,0,0,0,0,18,10,8,6,12,4,8.77724555472931,9.05602301159183,0.313204925544906,29
"9194","BA","Ouriçangas",8570,6484.99,29012,"Feira de Santana",2,"Nordeste",0,"292330",3,10,1,9,3,7,0,0,0,0,0,10,1,9,3,7,5,8.77724555472931,9.05602301159183,0.377138470890463,31
"9195","BA","Ouriçangas",8570,6484.99,29012,"Feira de Santana",2,"Nordeste",0,"292330",4,5,1,4,0,5,0,0,0,0,0,5,1,4,0,5,3,8.77724555472931,9.05602301159183,0.427531806291203,30
"9196","BA","Ouriçangas",8570,6484.99,29012,"Feira de Santana",2,"Nordeste",0,"292330",5,2,1,1,1,1,0,0,0,0,0,2,1,1,1,1,5,8.77724555472931,9.05602301159183,0.472372768938218,31
"9197","BA","Ouriçangas",8570,6484.99,29012,"Feira de Santana",2,"Nordeste",0,"292330",6,11,4,7,3,8,0,0,0,0,0,11,4,7,3,8,7,8.77724555472931,9.05602301159183,0.430990455268733,30
"9198","BA","Ouriçangas",8570,6484.99,29012,"Feira de Santana",2,"Nordeste",0,"292330",7,6,1,5,1,5,0,0,0,0,0,6,1,5,1,5,5,8.77724555472931,9.05602301159183,0.469925416301393,29
"9199","BA","Ourolândia",17511,8917.15,29010,"Jacobina",2,"Nordeste",0,"292335",2,32,8,24,15,17,0,0,0,0,0,32,8,24,15,17,8,9.09573166779445,9.7705845338719,0.283390631673166,29
"9200","BA","Ourolândia",17511,8917.15,29010,"Jacobina",2,"Nordeste",0,"292335",3,32,12,20,15,17,0,0,0,0,0,32,12,20,15,17,10,9.09573166779445,9.7705845338719,0.33313219527239,31
"9201","BA","Ourolândia",17511,8917.15,29010,"Jacobina",2,"Nordeste",0,"292335",4,18,6,12,7,11,0,0,0,0,0,18,6,12,7,11,4,9.09573166779445,9.7705845338719,0.361040884984069,30
"9202","BA","Ourolândia",17511,8917.15,29010,"Jacobina",2,"Nordeste",0,"292335",5,19,10,9,13,6,0,0,0,0,0,19,10,9,13,6,3,9.09573166779445,9.7705845338719,0.352728822657139,31
"9203","BA","Ourolândia",17511,8917.15,29010,"Jacobina",2,"Nordeste",0,"292335",6,16,8,8,8,8,0,0,0,0,0,16,8,8,8,8,13,9.09573166779445,9.7705845338719,0.345237290452595,30
"9204","BA","Ourolândia",17511,8917.15,29010,"Jacobina",2,"Nordeste",0,"292335",7,21,11,10,12,9,0,0,0,0,0,21,11,10,12,9,14,9.09573166779445,9.7705845338719,0.392598032889421,29
"9205","BA","Palmas de Monte Alto",21796,7657.11,29026,"Guanambi",2,"Nordeste",0,"292340",2,23,9,14,8,15,0,0,0,0,0,23,9,14,8,15,13,8.9433899069496,9.98948174570299,0.255330588394599,29
"9206","BA","Palmas de Monte Alto",21796,7657.11,29026,"Guanambi",2,"Nordeste",0,"292340",3,24,7,17,7,17,0,0,0,0,0,24,7,17,7,17,17,8.9433899069496,9.98948174570299,0.334811352533247,31
"9207","BA","Palmas de Monte Alto",21796,7657.11,29026,"Guanambi",2,"Nordeste",0,"292340",4,25,10,15,10,15,0,0,0,0,0,25,10,15,10,15,10,8.9433899069496,9.98948174570299,0.354808879655495,30
"9208","BA","Palmas de Monte Alto",21796,7657.11,29026,"Guanambi",2,"Nordeste",0,"292340",5,12,4,8,4,8,0,0,0,0,0,12,4,8,4,8,5,8.9433899069496,9.98948174570299,0.349370098110018,31
"9209","BA","Palmas de Monte Alto",21796,7657.11,29026,"Guanambi",2,"Nordeste",0,"292340",6,16,7,9,6,10,3,0,0,0,0,19,7,9,6,10,11,8.9433899069496,9.98948174570299,0.338259331502026,30
"9210","BA","Palmas de Monte Alto",21796,7657.11,29026,"Guanambi",2,"Nordeste",0,"292340",7,17,4,13,8,9,1,0,0,0,0,18,4,13,8,9,13,8.9433899069496,9.98948174570299,0.407179372304509,29
"9211","BA","Palmeiras",9071,8913.87,29023,"Seabra",2,"Nordeste",0,"292350",2,28,8,20,13,15,0,0,0,0,0,28,8,20,13,15,5,9.09536376959939,9.11283779061494,0.251493059139416,29
"9212","BA","Palmeiras",9071,8913.87,29023,"Seabra",2,"Nordeste",0,"292350",3,17,4,13,6,11,0,0,0,0,0,17,4,13,6,11,5,9.09536376959939,9.11283779061494,0.377189735988735,31
"9213","BA","Palmeiras",9071,8913.87,29023,"Seabra",2,"Nordeste",0,"292350",4,17,6,11,7,10,0,0,0,0,0,17,6,11,7,10,3,9.09536376959939,9.11283779061494,0.423212372018032,30
"9214","BA","Palmeiras",9071,8913.87,29023,"Seabra",2,"Nordeste",0,"292350",5,12,2,10,4,8,0,0,0,0,0,12,2,10,4,8,8,9.09536376959939,9.11283779061494,0.42455444260026,31
"9215","BA","Palmeiras",9071,8913.87,29023,"Seabra",2,"Nordeste",0,"292350",6,12,2,10,5,7,0,0,0,0,0,12,2,10,5,7,2,9.09536376959939,9.11283779061494,0.405477916948271,30
"9216","BA","Palmeiras",9071,8913.87,29023,"Seabra",2,"Nordeste",0,"292350",7,20,8,12,7,13,0,0,0,0,0,20,8,12,7,13,6,9.09536376959939,9.11283779061494,0.459657489230365,29
"9217","BA","Paramirim",21695,9665.33,29025,"Livramento do Brumado",2,"Nordeste",0,"292360",2,32,7,25,12,20,0,0,0,0,0,32,7,25,12,20,4,9.17630053487744,9.98483709823245,0.231292383499438,29
"9218","BA","Paramirim",21695,9665.33,29025,"Livramento do Brumado",2,"Nordeste",0,"292360",3,34,9,25,12,22,0,0,0,0,0,34,9,25,12,22,10,9.17630053487744,9.98483709823245,0.331506464718902,31
"9219","BA","Paramirim",21695,9665.33,29025,"Livramento do Brumado",2,"Nordeste",0,"292360",4,19,1,18,10,9,0,0,0,0,0,19,1,18,10,9,13,9.17630053487744,9.98483709823245,0.37652702869884,30
"9220","BA","Paramirim",21695,9665.33,29025,"Livramento do Brumado",2,"Nordeste",0,"292360",5,19,3,16,6,13,0,0,0,0,0,19,3,16,6,13,14,9.17630053487744,9.98483709823245,0.352463873770878,31
"9221","BA","Paramirim",21695,9665.33,29025,"Livramento do Brumado",2,"Nordeste",0,"292360",6,21,3,18,7,14,0,0,0,0,0,21,3,18,7,14,12,9.17630053487744,9.98483709823245,0.324777172206515,30
"9222","BA","Paramirim",21695,9665.33,29025,"Livramento do Brumado",2,"Nordeste",0,"292360",7,18,4,14,8,10,0,0,0,0,0,18,4,14,8,10,10,9.17630053487744,9.98483709823245,0.364253274805689,29
"9223","BA","Paratinga",32141,6769.58,29007,"Bom Jesus da Lapa",2,"Nordeste",0,"292370",2,55,21,34,20,35,0,0,0,0,0,55,21,34,20,35,12,8.82019432557713,10.3778877526843,0.26596467996937,29
"9224","BA","Paratinga",32141,6769.58,29007,"Bom Jesus da Lapa",2,"Nordeste",0,"292370",3,43,14,29,20,23,2,0,0,0,0,45,14,29,20,23,14,8.82019432557713,10.3778877526843,0.349555115293304,31
"9225","BA","Paratinga",32141,6769.58,29007,"Bom Jesus da Lapa",2,"Nordeste",0,"292370",4,37,12,25,14,23,0,0,0,0,0,37,12,25,14,23,13,8.82019432557713,10.3778877526843,0.384939145651846,30
"9226","BA","Paratinga",32141,6769.58,29007,"Bom Jesus da Lapa",2,"Nordeste",0,"292370",5,24,12,12,10,14,2,0,0,0,0,26,12,12,10,14,22,8.82019432557713,10.3778877526843,0.372543444504096,31
"9227","BA","Paratinga",32141,6769.58,29007,"Bom Jesus da Lapa",2,"Nordeste",0,"292370",6,32,13,19,14,18,0,0,0,0,0,32,13,19,14,18,15,8.82019432557713,10.3778877526843,0.367291458881343,30
"9228","BA","Paratinga",32141,6769.58,29007,"Bom Jesus da Lapa",2,"Nordeste",0,"292370",7,31,14,17,13,18,1,0,0,0,0,32,14,17,13,18,12,8.82019432557713,10.3778877526843,0.395228550410183,29
"9229","BA","Paripiranga",29058,9625.99,29015,"Ribeira do Pombal",2,"Nordeste",0,"292380",2,39,12,27,13,26,0,0,0,0,0,39,12,27,13,26,10,9.17222201100941,10.2770491116313,0.293600757701054,29
"9230","BA","Paripiranga",29058,9625.99,29015,"Ribeira do Pombal",2,"Nordeste",0,"292380",3,41,19,22,13,28,1,0,0,0,0,42,19,22,13,28,11,9.17222201100941,10.2770491116313,0.382100529194768,31
"9231","BA","Paripiranga",29058,9625.99,29015,"Ribeira do Pombal",2,"Nordeste",0,"292380",4,17,8,9,1,16,0,0,0,0,0,17,8,9,1,16,14,9.17222201100941,10.2770491116313,0.430763606931847,30
"9232","BA","Paripiranga",29058,9625.99,29015,"Ribeira do Pombal",2,"Nordeste",0,"292380",5,15,6,9,7,8,1,0,0,0,0,16,6,9,7,8,7,9.17222201100941,10.2770491116313,0.426284645438791,31
"9233","BA","Paripiranga",29058,9625.99,29015,"Ribeira do Pombal",2,"Nordeste",0,"292380",6,23,15,8,8,15,1,0,0,0,0,24,15,8,8,15,17,9.17222201100941,10.2770491116313,0.407559887965704,30
"9234","BA","Paripiranga",29058,9625.99,29015,"Ribeira do Pombal",2,"Nordeste",0,"292380",7,29,13,16,12,17,0,0,0,0,0,29,13,16,12,17,14,9.17222201100941,10.2770491116313,0.434063784496359,29
"9235","BA","Pau Brasil",9686,9120.44,29031,"Ilhéus-Itabuna",2,"Nordeste",0,"292390",2,28,13,15,14,14,0,0,0,0,0,28,13,15,14,14,6,9.11827332751863,9.17843682296317,0.330859675359042,29
"9236","BA","Pau Brasil",9686,9120.44,29031,"Ilhéus-Itabuna",2,"Nordeste",0,"292390",3,27,11,16,20,7,0,0,0,0,0,27,11,16,20,7,10,9.11827332751863,9.17843682296317,0.405383941323813,31
"9237","BA","Pau Brasil",9686,9120.44,29031,"Ilhéus-Itabuna",2,"Nordeste",0,"292390",4,10,5,5,7,3,0,0,0,0,0,10,5,5,7,3,12,9.11827332751863,9.17843682296317,0.400129262126803,30
"9238","BA","Pau Brasil",9686,9120.44,29031,"Ilhéus-Itabuna",2,"Nordeste",0,"292390",5,11,5,6,6,5,1,0,0,0,0,12,5,6,6,5,6,9.11827332751863,9.17843682296317,0.408747310652951,31
"9239","BA","Pau Brasil",9686,9120.44,29031,"Ilhéus-Itabuna",2,"Nordeste",0,"292390",6,9,6,3,5,4,0,0,0,0,0,9,6,3,5,4,10,9.11827332751863,9.17843682296317,0.369806772695982,30
"9240","BA","Pau Brasil",9686,9120.44,29031,"Ilhéus-Itabuna",2,"Nordeste",0,"292390",7,7,4,3,5,2,0,0,0,0,0,7,4,3,5,2,7,9.11827332751863,9.17843682296317,0.421566913447804,29
"9241","BA","Paulo Afonso",118516,29723.43,29005,"Paulo Afonso",2,"Nordeste",1,"292400",2,252,81,171,123,129,0,0,0,0,0,252,81,171,123,129,46,10.2996909026704,11.6828032515398,0.292214873898885,29
"9242","BA","Paulo Afonso",118516,29723.43,29005,"Paulo Afonso",2,"Nordeste",1,"292400",3,234,86,148,97,137,1,0,0,0,0,235,86,148,97,137,57,10.2996909026704,11.6828032515398,0.386272541757174,31
"9243","BA","Paulo Afonso",118516,29723.43,29005,"Paulo Afonso",2,"Nordeste",1,"292400",4,136,38,98,56,80,2,0,0,0,0,138,38,98,56,80,63,10.2996909026704,11.6828032515398,0.429357424165919,30
"9244","BA","Paulo Afonso",118516,29723.43,29005,"Paulo Afonso",2,"Nordeste",1,"292400",5,131,42,89,45,86,3,0,0,0,0,134,42,89,45,86,68,10.2996909026704,11.6828032515398,0.428712388121913,31
"9245","BA","Paulo Afonso",118516,29723.43,29005,"Paulo Afonso",2,"Nordeste",1,"292400",6,139,51,88,60,79,0,0,0,0,0,139,51,88,60,79,73,10.2996909026704,11.6828032515398,0.4140457389285,30
"9246","BA","Paulo Afonso",118516,29723.43,29005,"Paulo Afonso",2,"Nordeste",1,"292400",7,160,57,103,68,92,1,0,0,0,0,161,57,103,68,92,72,10.2996909026704,11.6828032515398,0.441212344527747,29
"9247","BA","Pé de Serra",13556,6962.06,29016,"Serrinha",2,"Nordeste",0,"292405",2,20,6,14,8,12,0,0,0,0,0,20,6,14,8,12,5,8.8482306865474,9.51458453272694,0.288019685401481,29
"9248","BA","Pé de Serra",13556,6962.06,29016,"Serrinha",2,"Nordeste",0,"292405",3,20,4,16,7,13,0,0,0,0,0,20,4,16,7,13,9,8.8482306865474,9.51458453272694,0.360470161202674,31
"9249","BA","Pé de Serra",13556,6962.06,29016,"Serrinha",2,"Nordeste",0,"292405",4,9,2,7,4,5,0,0,0,0,0,9,2,7,4,5,6,8.8482306865474,9.51458453272694,0.385526319418224,30
"9250","BA","Pé de Serra",13556,6962.06,29016,"Serrinha",2,"Nordeste",0,"292405",5,11,3,8,5,6,0,0,0,0,0,11,3,8,5,6,6,8.8482306865474,9.51458453272694,0.38679126639016,31
"9251","BA","Pé de Serra",13556,6962.06,29016,"Serrinha",2,"Nordeste",0,"292405",6,18,4,14,12,6,0,0,0,0,0,18,4,14,12,6,8,8.8482306865474,9.51458453272694,0.387241826027404,30
"9252","BA","Pé de Serra",13556,6962.06,29016,"Serrinha",2,"Nordeste",0,"292405",7,13,4,9,1,12,0,0,0,0,0,13,4,9,1,12,9,8.8482306865474,9.51458453272694,0.414576301228412,29
"9253","BA","Pedrão",7394,5555.19,29012,"Feira de Santana",2,"Nordeste",0,"292410",2,11,4,7,6,5,0,0,0,0,0,11,4,7,6,5,2,8.62248790490915,8.90842413949658,0.317042213411069,29
"9254","BA","Pedrão",7394,5555.19,29012,"Feira de Santana",2,"Nordeste",0,"292410",3,7,2,5,0,7,0,0,0,0,0,7,2,5,0,7,5,8.62248790490915,8.90842413949658,0.423712462232137,31
"9255","BA","Pedrão",7394,5555.19,29012,"Feira de Santana",2,"Nordeste",0,"292410",4,5,3,2,3,2,0,0,0,0,0,5,3,2,3,2,1,8.62248790490915,8.90842413949658,0.463253364280061,30
"9256","BA","Pedrão",7394,5555.19,29012,"Feira de Santana",2,"Nordeste",0,"292410",5,7,1,6,3,4,1,0,0,0,0,8,1,6,3,4,2,8.62248790490915,8.90842413949658,0.464972122782168,31
"9257","BA","Pedrão",7394,5555.19,29012,"Feira de Santana",2,"Nordeste",0,"292410",6,5,3,2,2,3,0,0,0,0,0,5,3,2,2,3,5,8.62248790490915,8.90842413949658,0.448822019347411,30
"9258","BA","Pedrão",7394,5555.19,29012,"Feira de Santana",2,"Nordeste",0,"292410",7,3,1,2,1,2,0,0,0,0,0,3,1,2,1,2,4,8.62248790490915,8.90842413949658,0.47433551825629,29
"9259","BA","Pedro Alexandre",16682,5636.83,29013,"Jeremoabo",2,"Nordeste",0,"292420",2,31,20,11,16,15,0,0,0,0,0,31,20,11,16,15,3,8.63707712974142,9.72208557280156,0.285739835180667,29
"9260","BA","Pedro Alexandre",16682,5636.83,29013,"Jeremoabo",2,"Nordeste",0,"292420",3,14,8,6,5,9,0,0,0,0,0,14,8,6,5,9,4,8.63707712974142,9.72208557280156,0.381776846084007,31
"9261","BA","Pedro Alexandre",16682,5636.83,29013,"Jeremoabo",2,"Nordeste",0,"292420",4,8,4,4,3,5,0,0,0,0,0,8,4,4,3,5,4,8.63707712974142,9.72208557280156,0.388874035908819,30
"9262","BA","Pedro Alexandre",16682,5636.83,29013,"Jeremoabo",2,"Nordeste",0,"292420",5,21,15,6,10,11,1,0,0,0,0,22,15,6,10,11,4,8.63707712974142,9.72208557280156,0.407787524276906,31
"9263","BA","Pedro Alexandre",16682,5636.83,29013,"Jeremoabo",2,"Nordeste",0,"292420",6,19,8,11,10,9,0,0,0,0,0,19,8,11,10,9,11,8.63707712974142,9.72208557280156,0.400424975924632,30
"9264","BA","Pedro Alexandre",16682,5636.83,29013,"Jeremoabo",2,"Nordeste",0,"292420",7,14,6,8,7,7,0,0,0,0,0,14,6,8,7,7,4,8.63707712974142,9.72208557280156,0.450827760289369,29
"9265","BA","Piatã",16984,7262.1,29023,"Seabra",2,"Nordeste",0,"292430",2,37,9,28,12,25,0,0,0,0,0,37,9,28,12,25,13,8.89042432219068,9.74002700338309,0.263133893144484,29
"9266","BA","Piatã",16984,7262.1,29023,"Seabra",2,"Nordeste",0,"292430",3,35,4,31,16,19,1,0,0,0,0,36,4,31,16,19,10,8.89042432219068,9.74002700338309,0.35632565409155,31
"9267","BA","Piatã",16984,7262.1,29023,"Seabra",2,"Nordeste",0,"292430",4,15,6,9,6,9,0,0,0,0,0,15,6,9,6,9,5,8.89042432219068,9.74002700338309,0.382366022518356,30
"9268","BA","Piatã",16984,7262.1,29023,"Seabra",2,"Nordeste",0,"292430",5,22,4,18,13,9,0,0,0,0,0,22,4,18,13,9,9,8.89042432219068,9.74002700338309,0.391950418571394,31
"9269","BA","Piatã",16984,7262.1,29023,"Seabra",2,"Nordeste",0,"292430",6,24,6,18,12,12,0,0,0,0,0,24,6,18,12,12,11,8.89042432219068,9.74002700338309,0.374652655385713,30
"9270","BA","Piatã",16984,7262.1,29023,"Seabra",2,"Nordeste",0,"292430",7,20,6,14,8,12,0,0,0,0,0,20,6,14,8,12,21,8.89042432219068,9.74002700338309,0.426270525354866,29
"9271","BA","Pilão Arcado",35175,6795.43,29004,"Juazeiro",2,"Nordeste",0,"292440",2,73,45,28,39,34,0,0,0,0,0,73,45,28,39,34,13,8.8240056064079,10.4680908819826,0.255372246900396,29
"9272","BA","Pilão Arcado",35175,6795.43,29004,"Juazeiro",2,"Nordeste",0,"292440",3,85,51,34,45,40,0,0,0,0,0,85,51,34,45,40,13,8.8240056064079,10.4680908819826,0.336366769936698,31
"9273","BA","Pilão Arcado",35175,6795.43,29004,"Juazeiro",2,"Nordeste",0,"292440",4,59,34,25,30,29,0,0,0,0,0,59,34,25,30,29,9,8.8240056064079,10.4680908819826,0.352860728749467,30
"9274","BA","Pilão Arcado",35175,6795.43,29004,"Juazeiro",2,"Nordeste",0,"292440",5,51,27,24,29,22,1,0,0,0,0,52,27,24,29,22,18,8.8240056064079,10.4680908819826,0.393654206701168,31
"9275","BA","Pilão Arcado",35175,6795.43,29004,"Juazeiro",2,"Nordeste",0,"292440",6,39,27,12,20,19,1,0,0,0,0,40,27,12,20,19,11,8.8240056064079,10.4680908819826,0.344519524971963,30
"9276","BA","Pilão Arcado",35175,6795.43,29004,"Juazeiro",2,"Nordeste",0,"292440",7,54,32,22,27,27,0,0,0,0,0,54,32,22,27,27,13,8.8240056064079,10.4680908819826,0.381431090969259,29
"9277","BA","Pindaí",16285,11577.37,29026,"Guanambi",2,"Nordeste",0,"292450",2,13,2,11,7,6,0,0,0,0,0,13,2,11,7,6,10,9.35680760961555,9.69799971771033,0.330743160163253,29
"9278","BA","Pindaí",16285,11577.37,29026,"Guanambi",2,"Nordeste",0,"292450",3,18,5,13,6,12,0,0,0,0,0,18,5,13,6,12,7,9.35680760961555,9.69799971771033,0.41063495481776,31
"9279","BA","Pindaí",16285,11577.37,29026,"Guanambi",2,"Nordeste",0,"292450",4,17,3,14,8,9,0,0,0,0,0,17,3,14,8,9,5,9.35680760961555,9.69799971771033,0.422074242188433,30
"9280","BA","Pindaí",16285,11577.37,29026,"Guanambi",2,"Nordeste",0,"292450",5,10,2,8,3,7,0,0,0,0,0,10,2,8,3,7,16,9.35680760961555,9.69799971771033,0.413035437823336,31
"9281","BA","Pindaí",16285,11577.37,29026,"Guanambi",2,"Nordeste",0,"292450",6,22,6,16,7,15,0,0,0,0,0,22,6,16,7,15,7,9.35680760961555,9.69799971771033,0.38599020825553,30
"9282","BA","Pindaí",16285,11577.37,29026,"Guanambi",2,"Nordeste",0,"292450",7,17,0,17,8,9,0,0,0,0,0,17,0,17,8,9,9,9.35680760961555,9.69799971771033,0.426655417347008,29
"9283","BA","Pindobaçu",20098,6558.46,29008,"Senhor do Bonfim",2,"Nordeste",0,"292460",2,36,11,25,16,20,0,0,0,0,0,36,11,25,16,20,8,8.78851109828105,9.9083755866089,0.312034059402249,29
"9284","BA","Pindobaçu",20098,6558.46,29008,"Senhor do Bonfim",2,"Nordeste",0,"292460",3,34,13,21,16,18,0,0,0,0,0,34,13,21,16,18,10,8.78851109828105,9.9083755866089,0.404304383570838,31
"9285","BA","Pindobaçu",20098,6558.46,29008,"Senhor do Bonfim",2,"Nordeste",0,"292460",4,23,6,17,10,13,0,0,0,0,0,23,6,17,10,13,11,8.78851109828105,9.9083755866089,0.417806728957988,30
"9286","BA","Pindobaçu",20098,6558.46,29008,"Senhor do Bonfim",2,"Nordeste",0,"292460",5,20,12,8,12,8,0,0,0,0,0,20,12,8,12,8,12,8.78851109828105,9.9083755866089,0.408306152931328,31
"9287","BA","Pindobaçu",20098,6558.46,29008,"Senhor do Bonfim",2,"Nordeste",0,"292460",6,21,7,14,8,13,0,0,0,0,0,21,7,14,8,13,17,8.78851109828105,9.9083755866089,0.399895603836681,30
"9288","BA","Pindobaçu",20098,6558.46,29008,"Senhor do Bonfim",2,"Nordeste",0,"292460",7,19,7,12,9,10,0,0,0,0,0,19,7,12,9,10,18,8.78851109828105,9.9083755866089,0.462540508778376,29
"9289","BA","Pintadas",10394,8194.33,29012,"Feira de Santana",2,"Nordeste",0,"292465",2,15,5,10,7,8,0,0,0,0,0,15,5,10,7,8,6,9.01119773066663,9.24898399556839,0.27541228315497,29
"9290","BA","Pintadas",10394,8194.33,29012,"Feira de Santana",2,"Nordeste",0,"292465",3,7,2,5,3,4,0,0,0,0,0,7,2,5,3,4,3,9.01119773066663,9.24898399556839,0.341917896615523,31
"9291","BA","Pintadas",10394,8194.33,29012,"Feira de Santana",2,"Nordeste",0,"292465",4,7,3,4,5,2,0,0,0,0,0,7,3,4,5,2,9,9.01119773066663,9.24898399556839,0.370181146535864,30
"9292","BA","Pintadas",10394,8194.33,29012,"Feira de Santana",2,"Nordeste",0,"292465",5,5,3,2,3,2,0,0,0,0,0,5,3,2,3,2,6,9.01119773066663,9.24898399556839,0.352520166667314,31
"9293","BA","Pintadas",10394,8194.33,29012,"Feira de Santana",2,"Nordeste",0,"292465",6,6,1,5,3,3,1,0,0,0,0,7,1,5,3,3,4,9.01119773066663,9.24898399556839,0.422518161941193,30
"9294","BA","Pintadas",10394,8194.33,29012,"Feira de Santana",2,"Nordeste",0,"292465",7,8,3,5,5,3,0,0,0,0,0,8,3,5,5,3,7,9.01119773066663,9.24898399556839,0.396135389140283,29
"9295","BA","Piraí do Norte",10036,7954.22,29030,"Valença",2,"Nordeste",0,"292467",2,14,7,7,4,10,0,0,0,0,0,14,7,7,4,10,2,8.98145788442461,9.21393390748631,0.315735910899977,29
"9296","BA","Piraí do Norte",10036,7954.22,29030,"Valença",2,"Nordeste",0,"292467",3,10,3,7,5,5,2,0,0,0,0,12,3,7,5,5,0,8.98145788442461,9.21393390748631,0.398130314378273,31
"9297","BA","Piraí do Norte",10036,7954.22,29030,"Valença",2,"Nordeste",0,"292467",4,6,4,2,4,2,0,0,0,0,0,6,4,2,4,2,3,8.98145788442461,9.21393390748631,0.441256395303096,30
"9298","BA","Piraí do Norte",10036,7954.22,29030,"Valença",2,"Nordeste",0,"292467",5,4,3,1,3,1,1,0,0,0,0,5,3,1,3,1,5,8.98145788442461,9.21393390748631,0.427970496949187,31
"9299","BA","Piraí do Norte",10036,7954.22,29030,"Valença",2,"Nordeste",0,"292467",6,4,4,0,1,3,0,0,0,0,0,4,4,0,1,3,4,8.98145788442461,9.21393390748631,0.426916080565919,30
"9300","BA","Piraí do Norte",10036,7954.22,29030,"Valença",2,"Nordeste",0,"292467",7,4,0,4,1,3,0,0,0,0,0,4,0,4,1,3,8,8.98145788442461,9.21393390748631,0.471924896883866,29
"9301","BA","Piritiba",24964,6216.63,29010,"Jacobina",2,"Nordeste",0,"292480",2,41,18,23,21,20,0,0,0,0,0,41,18,23,21,20,16,8.73498323826313,10.1251900660539,0.264045446056594,29
"9302","BA","Piritiba",24964,6216.63,29010,"Jacobina",2,"Nordeste",0,"292480",3,26,11,15,15,11,0,0,0,0,0,26,11,15,15,11,13,8.73498323826313,10.1251900660539,0.355951480351868,31
"9303","BA","Piritiba",24964,6216.63,29010,"Jacobina",2,"Nordeste",0,"292480",4,17,3,14,8,9,0,0,0,0,0,17,3,14,8,9,10,8.73498323826313,10.1251900660539,0.395510575701715,30
"9304","BA","Piritiba",24964,6216.63,29010,"Jacobina",2,"Nordeste",0,"292480",5,13,3,10,7,6,0,0,0,0,0,13,3,10,7,6,18,8.73498323826313,10.1251900660539,0.385773538702493,31
"9305","BA","Piritiba",24964,6216.63,29010,"Jacobina",2,"Nordeste",0,"292480",6,16,6,10,7,9,0,0,0,0,0,16,6,10,7,9,17,8.73498323826313,10.1251900660539,0.350667009732683,30
"9306","BA","Piritiba",24964,6216.63,29010,"Jacobina",2,"Nordeste",0,"292480",7,17,8,9,11,6,0,0,0,0,0,17,8,9,11,6,14,8.73498323826313,10.1251900660539,0.398755150022264,29
"9307","BA","Planaltino",9370,7307.62,29024,"Jequié",2,"Nordeste",0,"292490",2,7,2,5,1,6,0,0,0,0,0,7,2,5,1,6,6,8.89667291833535,9.14526837523247,0.290053093156158,29
"9308","BA","Planaltino",9370,7307.62,29024,"Jequié",2,"Nordeste",0,"292490",3,13,2,11,5,8,0,0,0,0,0,13,2,11,5,8,4,8.89667291833535,9.14526837523247,0.35199398800292,31
"9309","BA","Planaltino",9370,7307.62,29024,"Jequié",2,"Nordeste",0,"292490",4,6,2,4,3,3,0,0,0,0,0,6,2,4,3,3,3,8.89667291833535,9.14526837523247,0.38047863471292,30
"9310","BA","Planaltino",9370,7307.62,29024,"Jequié",2,"Nordeste",0,"292490",5,3,1,2,2,1,0,0,0,0,0,3,1,2,2,1,5,8.89667291833535,9.14526837523247,0.375064023592874,31
"9311","BA","Planaltino",9370,7307.62,29024,"Jequié",2,"Nordeste",0,"292490",6,6,1,5,4,2,0,0,0,0,0,6,1,5,4,2,6,8.89667291833535,9.14526837523247,0.367874040803334,30
"9312","BA","Planaltino",9370,7307.62,29024,"Jequié",2,"Nordeste",0,"292490",7,7,3,4,3,4,0,0,0,0,0,7,3,4,3,4,4,8.89667291833535,9.14526837523247,0.394265482930041,29
"9313","BA","Planalto",26426,9127.41,29028,"Vitória da Conquista",2,"Nordeste",0,"292500",2,31,11,20,15,16,1,0,0,0,0,32,11,20,15,16,18,9.11903725316894,10.1821036529742,0.252889407003038,29
"9314","BA","Planalto",26426,9127.41,29028,"Vitória da Conquista",2,"Nordeste",0,"292500",3,28,15,13,12,16,0,0,0,0,0,28,15,13,12,16,7,9.11903725316894,10.1821036529742,0.319625220502661,31
"9315","BA","Planalto",26426,9127.41,29028,"Vitória da Conquista",2,"Nordeste",0,"292500",4,16,7,9,6,10,0,0,0,0,0,16,7,9,6,10,10,9.11903725316894,10.1821036529742,0.365205549540828,30
"9316","BA","Planalto",26426,9127.41,29028,"Vitória da Conquista",2,"Nordeste",0,"292500",5,12,8,4,7,5,0,0,0,0,0,12,8,4,7,5,11,9.11903725316894,10.1821036529742,0.363469554114123,31
"9317","BA","Planalto",26426,9127.41,29028,"Vitória da Conquista",2,"Nordeste",0,"292500",6,25,13,12,11,14,1,0,0,0,0,26,13,12,11,14,20,9.11903725316894,10.1821036529742,0.361843619682281,30
"9318","BA","Planalto",26426,9127.41,29028,"Vitória da Conquista",2,"Nordeste",0,"292500",7,15,5,10,8,7,0,0,0,0,0,15,5,10,8,7,18,9.11903725316894,10.1821036529742,0.39397724511075,29
"9319","BA","Poções",46879,10142.68,29028,"Vitória da Conquista",2,"Nordeste",1,"292510",2,89,48,41,44,45,0,0,0,0,0,89,48,41,44,45,26,9.2245075420269,10.7553250929654,0.268564173213155,29
"9320","BA","Poções",46879,10142.68,29028,"Vitória da Conquista",2,"Nordeste",1,"292510",3,87,44,43,39,48,0,0,0,0,0,87,44,43,39,48,28,9.2245075420269,10.7553250929654,0.34784386352938,31
"9321","BA","Poções",46879,10142.68,29028,"Vitória da Conquista",2,"Nordeste",1,"292510",4,54,24,30,23,31,2,0,0,0,0,56,24,30,23,31,33,9.2245075420269,10.7553250929654,0.373218935640831,30
"9322","BA","Poções",46879,10142.68,29028,"Vitória da Conquista",2,"Nordeste",1,"292510",5,49,15,34,23,26,0,0,0,0,0,49,15,34,23,26,38,9.2245075420269,10.7553250929654,0.350765539245383,31
"9323","BA","Poções",46879,10142.68,29028,"Vitória da Conquista",2,"Nordeste",1,"292510",6,55,32,23,28,27,1,0,0,0,0,56,32,23,28,27,37,9.2245075420269,10.7553250929654,0.376870006707444,30
"9324","BA","Poções",46879,10142.68,29028,"Vitória da Conquista",2,"Nordeste",1,"292510",7,37,15,22,13,24,2,0,0,0,0,39,15,22,13,24,32,9.2245075420269,10.7553250929654,0.376658147845931,29
"9325","BA","Pojuca",39972,26557.29,29019,"Catu",2,"Nordeste",1,"292520",2,61,22,39,29,32,0,0,0,0,0,61,22,39,29,32,18,10.1870595652521,10.5959344879817,0.276434069332163,29
"9326","BA","Pojuca",39972,26557.29,29019,"Catu",2,"Nordeste",1,"292520",3,47,11,36,19,28,1,0,0,0,0,48,11,36,19,28,24,10.1870595652521,10.5959344879817,0.358375310168352,31
"9327","BA","Pojuca",39972,26557.29,29019,"Catu",2,"Nordeste",1,"292520",4,46,9,37,19,27,1,0,0,0,0,47,9,37,19,27,12,10.1870595652521,10.5959344879817,0.38842668492605,30
"9328","BA","Pojuca",39972,26557.29,29019,"Catu",2,"Nordeste",1,"292520",5,38,7,31,18,20,1,0,0,0,0,39,7,31,18,20,24,10.1870595652521,10.5959344879817,0.391667459228735,31
"9329","BA","Pojuca",39972,26557.29,29019,"Catu",2,"Nordeste",1,"292520",6,39,11,28,17,22,0,0,0,0,0,39,11,28,17,22,23,10.1870595652521,10.5959344879817,0.370855836534583,30
"9330","BA","Pojuca",39972,26557.29,29019,"Catu",2,"Nordeste",1,"292520",7,40,9,31,11,29,0,0,0,0,0,40,9,31,11,29,30,10.1870595652521,10.5959344879817,0.413706785724873,29
"9331","BA","Ponto Novo",14819,7544.35,29010,"Jacobina",2,"Nordeste",0,"292525",2,45,20,25,22,23,0,0,0,0,0,45,20,25,22,23,18,8.92855421772279,9.60366542019018,0.268759940051848,29
"9332","BA","Ponto Novo",14819,7544.35,29010,"Jacobina",2,"Nordeste",0,"292525",3,28,10,18,14,14,1,0,0,0,0,29,10,18,14,14,10,8.92855421772279,9.60366542019018,0.352232818978143,31
"9333","BA","Ponto Novo",14819,7544.35,29010,"Jacobina",2,"Nordeste",0,"292525",4,25,15,10,7,18,0,0,0,0,0,25,15,10,7,18,4,8.92855421772279,9.60366542019018,0.385074210194099,30
"9334","BA","Ponto Novo",14819,7544.35,29010,"Jacobina",2,"Nordeste",0,"292525",5,17,4,13,11,6,0,0,0,0,0,17,4,13,11,6,7,8.92855421772279,9.60366542019018,0.385924184203928,31
"9335","BA","Ponto Novo",14819,7544.35,29010,"Jacobina",2,"Nordeste",0,"292525",6,27,7,20,19,8,0,0,0,0,0,27,7,20,19,8,7,8.92855421772279,9.60366542019018,0.362579070994138,30
"9336","BA","Ponto Novo",14819,7544.35,29010,"Jacobina",2,"Nordeste",0,"292525",7,19,8,11,8,11,0,0,0,0,0,19,8,11,8,11,5,8.92855421772279,9.60366542019018,0.420323482208723,29
"9337","BA","Porto Seguro",150658,21317.76,29032,"Porto Seguro",2,"Nordeste",1,"292530",2,422,146,276,205,217,1,0,0,0,0,423,146,276,205,217,58,9.96729580709396,11.9227676463679,0.27282350373226,29
"9338","BA","Porto Seguro",150658,21317.76,29032,"Porto Seguro",2,"Nordeste",1,"292530",3,410,123,287,181,229,2,0,0,0,0,412,123,287,181,229,61,9.96729580709396,11.9227676463679,0.387344514559052,31
"9339","BA","Porto Seguro",150658,21317.76,29032,"Porto Seguro",2,"Nordeste",1,"292530",4,247,84,163,116,131,4,0,0,0,0,251,84,163,116,131,60,9.96729580709396,11.9227676463679,0.448892372049637,30
"9340","BA","Porto Seguro",150658,21317.76,29032,"Porto Seguro",2,"Nordeste",1,"292530",5,234,91,143,108,126,1,0,0,0,0,235,91,143,108,126,63,9.96729580709396,11.9227676463679,0.427680725013135,31
"9341","BA","Porto Seguro",150658,21317.76,29032,"Porto Seguro",2,"Nordeste",1,"292530",6,254,87,167,120,134,2,0,0,0,0,256,87,167,120,134,75,9.96729580709396,11.9227676463679,0.397807100911947,30
"9342","BA","Porto Seguro",150658,21317.76,29032,"Porto Seguro",2,"Nordeste",1,"292530",7,264,91,173,128,136,1,0,0,0,0,265,91,173,128,136,92,9.96729580709396,11.9227676463679,0.417309435317128,29
"9343","BA","Potiraguá",6916,11213.83,29029,"Itapetinga",2,"Nordeste",0,"292540",2,13,4,9,8,5,0,0,0,0,0,13,4,9,8,5,5,9.32490311694681,8.84159284680318,0.302932069236087,29
"9344","BA","Potiraguá",6916,11213.83,29029,"Itapetinga",2,"Nordeste",0,"292540",3,8,4,4,2,6,0,0,0,0,0,8,4,4,2,6,6,9.32490311694681,8.84159284680318,0.344730153075867,31
"9345","BA","Potiraguá",6916,11213.83,29029,"Itapetinga",2,"Nordeste",0,"292540",4,8,4,4,3,5,0,0,0,0,0,8,4,4,3,5,6,9.32490311694681,8.84159284680318,0.357581572685217,30
"9346","BA","Potiraguá",6916,11213.83,29029,"Itapetinga",2,"Nordeste",0,"292540",5,11,2,9,6,5,0,0,0,0,0,11,2,9,6,5,10,9.32490311694681,8.84159284680318,0.348875068942812,31
"9347","BA","Potiraguá",6916,11213.83,29029,"Itapetinga",2,"Nordeste",0,"292540",6,5,2,3,3,2,1,0,0,0,0,6,2,3,3,2,1,9.32490311694681,8.84159284680318,0.35860298050031,30
"9348","BA","Potiraguá",6916,11213.83,29029,"Itapetinga",2,"Nordeste",0,"292540",7,9,1,8,3,6,0,0,0,0,0,9,1,8,3,6,6,9.32490311694681,8.84159284680318,0.434241910294087,29
"9349","BA","Prado",28194,15773.03,29032,"Porto Seguro",2,"Nordeste",0,"292550",2,87,43,44,48,39,1,0,0,0,0,88,43,44,48,39,13,9.66605679847007,10.2468644683309,0.286041400620646,29
"9350","BA","Prado",28194,15773.03,29032,"Porto Seguro",2,"Nordeste",0,"292550",3,57,23,34,34,23,0,0,0,0,0,57,23,34,34,23,22,9.66605679847007,10.2468644683309,0.388942512429638,31
"9351","BA","Prado",28194,15773.03,29032,"Porto Seguro",2,"Nordeste",0,"292550",4,40,19,21,25,15,0,0,0,0,0,40,19,21,25,15,18,9.66605679847007,10.2468644683309,0.403408633222979,30
"9352","BA","Prado",28194,15773.03,29032,"Porto Seguro",2,"Nordeste",0,"292550",5,53,24,29,31,22,0,0,0,0,0,53,24,29,31,22,22,9.66605679847007,10.2468644683309,0.398084912637052,31
"9353","BA","Prado",28194,15773.03,29032,"Porto Seguro",2,"Nordeste",0,"292550",6,56,24,32,29,27,0,0,0,0,0,56,24,32,29,27,22,9.66605679847007,10.2468644683309,0.39994344532469,30
"9354","BA","Prado",28194,15773.03,29032,"Porto Seguro",2,"Nordeste",0,"292550",7,48,25,23,24,24,1,0,0,0,0,49,25,23,24,24,19,9.66605679847007,10.2468644683309,0.428514444908663,29
"9355","BA","Presidente Dutra",15160,6667.59,29009,"Irecê",2,"Nordeste",0,"292560",2,22,10,12,12,10,0,0,0,0,0,22,10,12,12,10,10,8.80501375427778,9.62641565919636,0.308646936969761,29
"9356","BA","Presidente Dutra",15160,6667.59,29009,"Irecê",2,"Nordeste",0,"292560",3,24,9,15,11,13,1,0,0,0,0,25,9,15,11,13,5,8.80501375427778,9.62641565919636,0.40948625928263,31
"9357","BA","Presidente Dutra",15160,6667.59,29009,"Irecê",2,"Nordeste",0,"292560",4,15,4,11,7,8,0,0,0,0,0,15,4,11,7,8,9,8.80501375427778,9.62641565919636,0.436254683177943,30
"9358","BA","Presidente Dutra",15160,6667.59,29009,"Irecê",2,"Nordeste",0,"292560",5,9,2,7,3,6,0,0,0,0,0,9,2,7,3,6,9,8.80501375427778,9.62641565919636,0.449109929973524,31
"9359","BA","Presidente Dutra",15160,6667.59,29009,"Irecê",2,"Nordeste",0,"292560",6,7,1,6,2,5,0,0,0,0,0,7,1,6,2,5,8,8.80501375427778,9.62641565919636,0.401682964180938,30
"9360","BA","Presidente Dutra",15160,6667.59,29009,"Irecê",2,"Nordeste",0,"292560",7,7,1,6,3,4,0,0,0,0,0,7,1,6,3,4,9,8.80501375427778,9.62641565919636,0.424305914680785,29
"9361","BA","Presidente Jânio Quadros",12179,6545.69,29027,"Brumado",2,"Nordeste",0,"292570",2,20,6,14,8,12,1,0,0,0,0,21,6,14,8,12,1,8.78656209677506,9.40746843608711,0.2985227819029,29
"9362","BA","Presidente Jânio Quadros",12179,6545.69,29027,"Brumado",2,"Nordeste",0,"292570",3,18,6,12,4,14,0,0,0,0,0,18,6,12,4,14,6,8.78656209677506,9.40746843608711,0.365961020054341,31
"9363","BA","Presidente Jânio Quadros",12179,6545.69,29027,"Brumado",2,"Nordeste",0,"292570",4,13,4,9,4,9,0,0,0,0,0,13,4,9,4,9,7,8.78656209677506,9.40746843608711,0.373688835366459,30
"9364","BA","Presidente Jânio Quadros",12179,6545.69,29027,"Brumado",2,"Nordeste",0,"292570",5,20,7,13,8,12,0,0,0,0,0,20,7,13,8,12,13,8.78656209677506,9.40746843608711,0.402310187445965,31
"9365","BA","Presidente Jânio Quadros",12179,6545.69,29027,"Brumado",2,"Nordeste",0,"292570",6,9,3,6,2,7,0,0,0,0,0,9,3,6,2,7,5,8.78656209677506,9.40746843608711,0.370606159096096,30
"9366","BA","Presidente Jânio Quadros",12179,6545.69,29027,"Brumado",2,"Nordeste",0,"292570",7,11,6,5,4,7,0,0,0,0,0,11,6,5,4,7,10,8.78656209677506,9.40746843608711,0.428163683432857,29
"9367","BA","Presidente Tancredo Neves",28004,9395.84,29030,"Valença",2,"Nordeste",0,"292575",2,46,17,29,20,26,0,0,0,0,0,46,17,29,20,26,7,9.14802231711104,10.2401026360971,0.272949997185608,29
"9368","BA","Presidente Tancredo Neves",28004,9395.84,29030,"Valença",2,"Nordeste",0,"292575",3,56,25,31,26,30,1,0,0,0,0,57,25,31,26,30,15,9.14802231711104,10.2401026360971,0.343202151142989,31
"9369","BA","Presidente Tancredo Neves",28004,9395.84,29030,"Valença",2,"Nordeste",0,"292575",4,33,16,17,14,19,0,0,0,0,0,33,16,17,14,19,8,9.14802231711104,10.2401026360971,0.372871902812373,30
"9370","BA","Presidente Tancredo Neves",28004,9395.84,29030,"Valença",2,"Nordeste",0,"292575",5,43,15,28,20,23,0,0,0,0,0,43,15,28,20,23,19,9.14802231711104,10.2401026360971,0.381422336835025,31
"9371","BA","Presidente Tancredo Neves",28004,9395.84,29030,"Valença",2,"Nordeste",0,"292575",6,35,13,22,14,21,0,0,0,0,0,35,13,22,14,21,19,9.14802231711104,10.2401026360971,0.376348571679583,30
"9372","BA","Presidente Tancredo Neves",28004,9395.84,29030,"Valença",2,"Nordeste",0,"292575",7,40,19,21,22,18,1,0,0,0,0,41,19,21,22,18,26,9.14802231711104,10.2401026360971,0.458532236417126,29
"9373","BA","Queimadas",25433,8027.25,29014,"Euclides da Cunha",2,"Nordeste",0,"292580",2,42,10,32,21,21,0,0,0,0,0,42,10,32,21,21,12,8.99059728253259,10.1438028223587,0.282282331646025,29
"9374","BA","Queimadas",25433,8027.25,29014,"Euclides da Cunha",2,"Nordeste",0,"292580",3,46,14,32,27,19,0,0,0,0,0,46,14,32,27,19,17,8.99059728253259,10.1438028223587,0.353542954109816,31
"9375","BA","Queimadas",25433,8027.25,29014,"Euclides da Cunha",2,"Nordeste",0,"292580",4,26,11,15,9,17,0,0,0,0,0,26,11,15,9,17,12,8.99059728253259,10.1438028223587,0.376976259550275,30
"9376","BA","Queimadas",25433,8027.25,29014,"Euclides da Cunha",2,"Nordeste",0,"292580",5,18,6,12,9,9,0,0,0,0,0,18,6,12,9,9,14,8.99059728253259,10.1438028223587,0.403580444495207,31
"9377","BA","Queimadas",25433,8027.25,29014,"Euclides da Cunha",2,"Nordeste",0,"292580",6,26,12,14,9,17,0,0,0,0,0,26,12,14,9,17,21,8.99059728253259,10.1438028223587,0.38630386218439,30
"9378","BA","Queimadas",25433,8027.25,29014,"Euclides da Cunha",2,"Nordeste",0,"292580",7,33,13,20,17,16,0,0,0,0,0,33,13,20,17,16,25,8.99059728253259,10.1438028223587,0.416049103551934,29
"9379","BA","Quijingue",27626,6488.67,29014,"Euclides da Cunha",2,"Nordeste",0,"292590",2,30,9,21,13,17,1,0,0,0,0,31,9,21,13,17,16,8.77781285803442,10.2265126372599,0.319681960836742,29
"9380","BA","Quijingue",27626,6488.67,29014,"Euclides da Cunha",2,"Nordeste",0,"292590",3,24,8,16,9,15,2,0,0,0,0,26,8,16,9,15,18,8.77781285803442,10.2265126372599,0.402563465873299,31
"9381","BA","Quijingue",27626,6488.67,29014,"Euclides da Cunha",2,"Nordeste",0,"292590",4,25,8,17,9,16,1,0,0,0,0,26,8,17,9,16,8,8.77781285803442,10.2265126372599,0.418261730826026,30
"9382","BA","Quijingue",27626,6488.67,29014,"Euclides da Cunha",2,"Nordeste",0,"292590",5,29,16,13,13,16,0,0,0,0,0,29,16,13,13,16,18,8.77781285803442,10.2265126372599,0.427928279671232,31
"9383","BA","Quijingue",27626,6488.67,29014,"Euclides da Cunha",2,"Nordeste",0,"292590",6,19,10,9,11,8,1,0,0,0,0,20,10,9,11,8,7,8.77781285803442,10.2265126372599,0.414819548414195,30
"9384","BA","Quijingue",27626,6488.67,29014,"Euclides da Cunha",2,"Nordeste",0,"292590",7,37,16,21,13,24,1,0,0,0,0,38,16,21,13,24,15,8.77781285803442,10.2265126372599,0.457305553042043,29
"9385","BA","Quixabeira",8956,6787.12,29010,"Jacobina",2,"Nordeste",0,"292593",2,8,3,5,5,3,0,0,0,0,0,8,3,5,5,3,2,8.82278197740792,9.10007897771865,0.287301190524203,29
"9386","BA","Quixabeira",8956,6787.12,29010,"Jacobina",2,"Nordeste",0,"292593",3,7,4,3,5,2,0,0,0,0,0,7,4,3,5,2,3,8.82278197740792,9.10007897771865,0.346247575643788,31
"9387","BA","Quixabeira",8956,6787.12,29010,"Jacobina",2,"Nordeste",0,"292593",4,7,1,6,2,5,0,0,0,0,0,7,1,6,2,5,5,8.82278197740792,9.10007897771865,0.380837413471269,30
"9388","BA","Quixabeira",8956,6787.12,29010,"Jacobina",2,"Nordeste",0,"292593",5,5,3,2,2,3,0,0,0,0,0,5,3,2,2,3,3,8.82278197740792,9.10007897771865,0.392426662103431,31
"9389","BA","Quixabeira",8956,6787.12,29010,"Jacobina",2,"Nordeste",0,"292593",6,4,0,4,2,2,0,0,0,0,0,4,0,4,2,2,4,8.82278197740792,9.10007897771865,0.404157036784854,30
"9390","BA","Quixabeira",8956,6787.12,29010,"Jacobina",2,"Nordeste",0,"292593",7,6,5,1,0,6,1,0,0,0,0,7,5,1,0,6,4,8.82278197740792,9.10007897771865,0.440458612981352,29
"9391","BA","Rafael Jambeiro",22633,13463.17,29012,"Feira de Santana",2,"Nordeste",0,"292595",2,31,15,16,17,14,0,0,0,0,0,31,15,16,17,14,10,9.50771308809999,10.0271642972297,0.276628887413593,29
"9392","BA","Rafael Jambeiro",22633,13463.17,29012,"Feira de Santana",2,"Nordeste",0,"292595",3,29,11,18,11,18,0,0,0,0,0,29,11,18,11,18,11,9.50771308809999,10.0271642972297,0.349853565382042,31
"9393","BA","Rafael Jambeiro",22633,13463.17,29012,"Feira de Santana",2,"Nordeste",0,"292595",4,14,4,10,7,7,0,0,0,0,0,14,4,10,7,7,12,9.50771308809999,10.0271642972297,0.401528649784063,30
"9394","BA","Rafael Jambeiro",22633,13463.17,29012,"Feira de Santana",2,"Nordeste",0,"292595",5,14,7,7,5,9,0,0,0,0,0,14,7,7,5,9,9,9.50771308809999,10.0271642972297,0.42427378078181,31
"9395","BA","Rafael Jambeiro",22633,13463.17,29012,"Feira de Santana",2,"Nordeste",0,"292595",6,21,12,9,12,9,0,0,0,0,0,21,12,9,12,9,13,9.50771308809999,10.0271642972297,0.409532865640774,30
"9396","BA","Rafael Jambeiro",22633,13463.17,29012,"Feira de Santana",2,"Nordeste",0,"292595",7,15,6,9,8,7,0,0,0,0,0,15,6,9,8,7,17,9.50771308809999,10.0271642972297,0.436297802508326,29
"9397","BA","Remanso",41170,8864.84,29004,"Juazeiro",2,"Nordeste",0,"292600",2,88,26,62,41,47,0,0,0,0,0,88,26,62,41,47,19,9.08984816984007,10.6254651147639,0.267963206483576,29
"9398","BA","Remanso",41170,8864.84,29004,"Juazeiro",2,"Nordeste",0,"292600",3,65,21,44,27,38,0,0,0,0,0,65,21,44,27,38,21,9.08984816984007,10.6254651147639,0.362204826876863,31
"9399","BA","Remanso",41170,8864.84,29004,"Juazeiro",2,"Nordeste",0,"292600",4,42,18,24,25,17,0,0,0,0,0,42,18,24,25,17,31,9.08984816984007,10.6254651147639,0.373662548598833,30
"9400","BA","Remanso",41170,8864.84,29004,"Juazeiro",2,"Nordeste",0,"292600",5,28,12,16,15,13,0,0,0,0,0,28,12,16,15,13,28,9.08984816984007,10.6254651147639,0.392399142566358,31
"9401","BA","Remanso",41170,8864.84,29004,"Juazeiro",2,"Nordeste",0,"292600",6,14,5,9,8,6,0,0,0,0,0,14,5,9,8,6,23,9.08984816984007,10.6254651147639,0.355162525032987,30
"9402","BA","Remanso",41170,8864.84,29004,"Juazeiro",2,"Nordeste",0,"292600",7,18,3,15,10,8,0,0,0,0,0,18,3,15,10,8,25,9.08984816984007,10.6254651147639,0.40039106207472,29
"9403","BA","Retirolândia",14495,8574.08,29016,"Serrinha",2,"Nordeste",0,"292610",2,22,5,17,8,14,0,0,0,0,0,22,5,17,8,14,5,9.05649897764857,9.58155904135576,0.243355619197941,29
"9404","BA","Retirolândia",14495,8574.08,29016,"Serrinha",2,"Nordeste",0,"292610",3,17,3,14,9,8,0,0,0,0,0,17,3,14,9,8,6,9.05649897764857,9.58155904135576,0.319917130355812,31
"9405","BA","Retirolândia",14495,8574.08,29016,"Serrinha",2,"Nordeste",0,"292610",4,11,7,4,5,6,0,0,0,0,0,11,7,4,5,6,8,9.05649897764857,9.58155904135576,0.333664376391476,30
"9406","BA","Retirolândia",14495,8574.08,29016,"Serrinha",2,"Nordeste",0,"292610",5,12,2,10,3,9,0,0,0,0,0,12,2,10,3,9,12,9.05649897764857,9.58155904135576,0.362040571650866,31
"9407","BA","Retirolândia",14495,8574.08,29016,"Serrinha",2,"Nordeste",0,"292610",6,16,3,13,6,10,0,0,0,0,0,16,3,13,6,10,11,9.05649897764857,9.58155904135576,0.322113136959313,30
"9408","BA","Retirolândia",14495,8574.08,29016,"Serrinha",2,"Nordeste",0,"292610",7,19,3,16,2,17,1,0,0,0,0,20,3,16,2,17,8,9.05649897764857,9.58155904135576,0.359860921784656,29
"9409","BA","Riachão das Neves",22334,43808.04,29001,"Barreiras",2,"Nordeste",0,"292620",2,42,15,27,18,24,1,0,0,0,0,43,15,27,18,24,11,10.687572641163,10.0138654600057,0.300217741768068,29
"9410","BA","Riachão das Neves",22334,43808.04,29001,"Barreiras",2,"Nordeste",0,"292620",3,40,15,25,14,26,1,0,0,0,0,41,15,25,14,26,17,10.687572641163,10.0138654600057,0.337811349649562,31
"9411","BA","Riachão das Neves",22334,43808.04,29001,"Barreiras",2,"Nordeste",0,"292620",4,23,7,16,11,12,0,0,0,0,0,23,7,16,11,12,12,10.687572641163,10.0138654600057,0.365327363247916,30
"9412","BA","Riachão das Neves",22334,43808.04,29001,"Barreiras",2,"Nordeste",0,"292620",5,21,8,13,13,8,0,0,0,0,0,21,8,13,13,8,14,10.687572641163,10.0138654600057,0.389300496256727,31
"9413","BA","Riachão das Neves",22334,43808.04,29001,"Barreiras",2,"Nordeste",0,"292620",6,21,11,10,9,12,0,0,0,0,0,21,11,10,9,12,20,10.687572641163,10.0138654600057,0.388947574254522,30
"9414","BA","Riachão das Neves",22334,43808.04,29001,"Barreiras",2,"Nordeste",0,"292620",7,19,9,10,10,9,0,0,0,0,0,19,9,10,10,9,15,10.687572641163,10.0138654600057,0.417020792414552,29
"9415","BA","Riachão do Jacuípe",33468,10660.01,29016,"Serrinha",2,"Nordeste",0,"292630",2,57,9,48,22,35,0,0,0,0,0,57,9,48,22,35,16,9.2742546358057,10.4183450374155,0.265344907647106,29
"9416","BA","Riachão do Jacuípe",33468,10660.01,29016,"Serrinha",2,"Nordeste",0,"292630",3,51,16,35,19,32,0,0,0,0,0,51,16,35,19,32,16,9.2742546358057,10.4183450374155,0.354330689036397,31
"9417","BA","Riachão do Jacuípe",33468,10660.01,29016,"Serrinha",2,"Nordeste",0,"292630",4,32,9,23,14,18,0,0,0,0,0,32,9,23,14,18,10,9.2742546358057,10.4183450374155,0.372655777624571,30
"9418","BA","Riachão do Jacuípe",33468,10660.01,29016,"Serrinha",2,"Nordeste",0,"292630",5,37,9,28,16,21,1,0,0,0,0,38,9,28,16,21,15,9.2742546358057,10.4183450374155,0.362779140217628,31
"9419","BA","Riachão do Jacuípe",33468,10660.01,29016,"Serrinha",2,"Nordeste",0,"292630",6,38,9,29,15,23,0,0,0,0,0,38,9,29,15,23,23,9.2742546358057,10.4183450374155,0.347757500523219,30
"9420","BA","Riachão do Jacuípe",33468,10660.01,29016,"Serrinha",2,"Nordeste",0,"292630",7,36,9,27,12,24,2,0,0,0,0,38,9,27,12,24,24,9.2742546358057,10.4183450374155,0.38622272600276,29
"9421","BA","Riacho de Santana",35593,7195.92,29026,"Guanambi",2,"Nordeste",0,"292640",2,43,13,30,18,25,0,0,0,0,0,43,13,30,18,25,12,8.88126947772124,10.4799042682926,0.264904724916843,29
"9422","BA","Riacho de Santana",35593,7195.92,29026,"Guanambi",2,"Nordeste",0,"292640",3,39,14,25,16,23,0,0,0,0,0,39,14,25,16,23,16,8.88126947772124,10.4799042682926,0.333114623156828,31
"9423","BA","Riacho de Santana",35593,7195.92,29026,"Guanambi",2,"Nordeste",0,"292640",4,21,7,14,7,14,0,0,0,0,0,21,7,14,7,14,12,8.88126947772124,10.4799042682926,0.375333049553668,30
"9424","BA","Riacho de Santana",35593,7195.92,29026,"Guanambi",2,"Nordeste",0,"292640",5,29,13,16,14,15,0,0,0,0,0,29,13,16,14,15,16,8.88126947772124,10.4799042682926,0.406079051089418,31
"9425","BA","Riacho de Santana",35593,7195.92,29026,"Guanambi",2,"Nordeste",0,"292640",6,27,8,19,10,17,0,0,0,0,0,27,8,19,10,17,15,8.88126947772124,10.4799042682926,0.380853064329094,30
"9426","BA","Riacho de Santana",35593,7195.92,29026,"Guanambi",2,"Nordeste",0,"292640",7,23,7,16,7,16,0,0,0,0,0,23,7,16,7,16,10,8.88126947772124,10.4799042682926,0.423645858804137,29
"9427","BA","Ribeira do Amparo",14612,8719.36,29015,"Ribeira do Pombal",2,"Nordeste",0,"292650",2,24,11,13,9,15,0,0,0,0,0,24,11,13,9,15,6,9.0733011197141,9.58959838791517,0.307385432552908,29
"9428","BA","Ribeira do Amparo",14612,8719.36,29015,"Ribeira do Pombal",2,"Nordeste",0,"292650",3,18,11,7,7,11,0,0,0,0,0,18,11,7,7,11,6,9.0733011197141,9.58959838791517,0.395650251387698,31
"9429","BA","Ribeira do Amparo",14612,8719.36,29015,"Ribeira do Pombal",2,"Nordeste",0,"292650",4,12,7,5,5,7,0,0,0,0,0,12,7,5,5,7,6,9.0733011197141,9.58959838791517,0.397821155641695,30
"9430","BA","Ribeira do Amparo",14612,8719.36,29015,"Ribeira do Pombal",2,"Nordeste",0,"292650",5,21,10,11,10,11,0,0,0,0,0,21,10,11,10,11,8,9.0733011197141,9.58959838791517,0.421493505705922,31
"9431","BA","Ribeira do Amparo",14612,8719.36,29015,"Ribeira do Pombal",2,"Nordeste",0,"292650",6,17,4,13,10,7,0,0,0,0,0,17,4,13,10,7,9,9.0733011197141,9.58959838791517,0.433378251454874,30
"9432","BA","Ribeira do Amparo",14612,8719.36,29015,"Ribeira do Pombal",2,"Nordeste",0,"292650",7,18,9,9,7,11,1,0,0,0,0,19,9,9,7,11,4,9.0733011197141,9.58959838791517,0.4397558779052,29
"9433","BA","Ribeira do Pombal",53956,10613.52,29015,"Ribeira do Pombal",2,"Nordeste",1,"292660",2,107,28,79,47,60,0,0,0,0,0,107,28,79,47,60,31,9.26988393907524,10.8959241785896,0.26980899730697,29
"9434","BA","Ribeira do Pombal",53956,10613.52,29015,"Ribeira do Pombal",2,"Nordeste",1,"292660",3,68,19,49,25,43,0,0,0,0,0,68,19,49,25,43,30,9.26988393907524,10.8959241785896,0.351922073126546,31
"9435","BA","Ribeira do Pombal",53956,10613.52,29015,"Ribeira do Pombal",2,"Nordeste",1,"292660",4,67,21,46,32,35,0,0,0,0,0,67,21,46,32,35,24,9.26988393907524,10.8959241785896,0.390423223747508,30
"9436","BA","Ribeira do Pombal",53956,10613.52,29015,"Ribeira do Pombal",2,"Nordeste",1,"292660",5,54,13,41,17,37,0,0,0,0,0,54,13,41,17,37,28,9.26988393907524,10.8959241785896,0.387108809701692,31
"9437","BA","Ribeira do Pombal",53956,10613.52,29015,"Ribeira do Pombal",2,"Nordeste",1,"292660",6,84,27,57,44,40,0,0,0,0,0,84,27,57,44,40,33,9.26988393907524,10.8959241785896,0.396290825885092,30
"9438","BA","Ribeira do Pombal",53956,10613.52,29015,"Ribeira do Pombal",2,"Nordeste",1,"292660",7,67,23,44,28,39,1,0,0,0,0,68,23,44,28,39,40,9.26988393907524,10.8959241785896,0.416084614104323,29
"9439","BA","Ribeirão do Largo",5343,12765.84,29029,"Itapetinga",2,"Nordeste",0,"292665",2,13,8,5,4,9,0,0,0,0,0,13,8,5,4,9,4,9.4545281324459,8.58354257195777,0.296244249307694,29
"9440","BA","Ribeirão do Largo",5343,12765.84,29029,"Itapetinga",2,"Nordeste",0,"292665",3,15,8,7,7,8,0,0,0,0,0,15,8,7,7,8,3,9.4545281324459,8.58354257195777,0.385031348680357,31
"9441","BA","Ribeirão do Largo",5343,12765.84,29029,"Itapetinga",2,"Nordeste",0,"292665",4,5,2,3,1,4,0,0,0,0,0,5,2,3,1,4,3,9.4545281324459,8.58354257195777,0.410326706597258,30
"9442","BA","Ribeirão do Largo",5343,12765.84,29029,"Itapetinga",2,"Nordeste",0,"292665",5,6,3,3,4,2,0,0,0,0,0,6,3,3,4,2,7,9.4545281324459,8.58354257195777,0.430235744156637,31
"9443","BA","Ribeirão do Largo",5343,12765.84,29029,"Itapetinga",2,"Nordeste",0,"292665",6,5,1,4,2,3,0,0,0,0,0,5,1,4,2,3,2,9.4545281324459,8.58354257195777,0.383684758305534,30
"9444","BA","Ribeirão do Largo",5343,12765.84,29029,"Itapetinga",2,"Nordeste",0,"292665",7,9,6,3,4,5,0,0,0,0,0,9,6,3,4,5,3,9.4545281324459,8.58354257195777,0.431191953392307,29
"9445","BA","Rio de Contas",12932,9122.98,29023,"Seabra",2,"Nordeste",0,"292670",2,21,3,18,4,17,0,0,0,0,0,21,3,18,4,17,13,9.11855178408175,9.46746013884532,0.27286283967029,29
"9446","BA","Rio de Contas",12932,9122.98,29023,"Seabra",2,"Nordeste",0,"292670",3,23,7,16,7,16,0,0,0,0,0,23,7,16,7,16,7,9.11855178408175,9.46746013884532,0.383736397962422,31
"9447","BA","Rio de Contas",12932,9122.98,29023,"Seabra",2,"Nordeste",0,"292670",4,13,3,10,2,11,0,0,0,0,0,13,3,10,2,11,6,9.11855178408175,9.46746013884532,0.413848069637498,30
"9448","BA","Rio de Contas",12932,9122.98,29023,"Seabra",2,"Nordeste",0,"292670",5,16,3,13,5,11,0,0,0,0,0,16,3,13,5,11,10,9.11855178408175,9.46746013884532,0.407492414033139,31
"9449","BA","Rio de Contas",12932,9122.98,29023,"Seabra",2,"Nordeste",0,"292670",6,10,2,8,2,8,0,0,0,0,0,10,2,8,2,8,13,9.11855178408175,9.46746013884532,0.37279470412822,30
"9450","BA","Rio de Contas",12932,9122.98,29023,"Seabra",2,"Nordeste",0,"292670",7,10,4,6,2,8,0,0,0,0,0,10,4,6,2,8,5,9.11855178408175,9.46746013884532,0.428925321731165,29
"9451","BA","Rio do Antônio",15448,6589.39,29027,"Brumado",2,"Nordeste",0,"292680",2,19,5,14,9,10,0,0,0,0,0,19,5,14,9,10,2,8.79321605872054,9.64523482410835,0.282856764198449,29
"9452","BA","Rio do Antônio",15448,6589.39,29027,"Brumado",2,"Nordeste",0,"292680",3,16,9,7,3,13,0,0,0,0,0,16,9,7,3,13,5,8.79321605872054,9.64523482410835,0.40374759894329,31
"9453","BA","Rio do Antônio",15448,6589.39,29027,"Brumado",2,"Nordeste",0,"292680",4,4,2,2,0,4,0,0,0,0,0,4,2,2,0,4,4,8.79321605872054,9.64523482410835,0.441483402431369,30
"9454","BA","Rio do Antônio",15448,6589.39,29027,"Brumado",2,"Nordeste",0,"292680",5,3,2,1,1,2,0,0,0,0,0,3,2,1,1,2,4,8.79321605872054,9.64523482410835,0.440829103605721,31
"9455","BA","Rio do Antônio",15448,6589.39,29027,"Brumado",2,"Nordeste",0,"292680",6,8,3,5,0,8,0,0,0,0,0,8,3,5,0,8,6,8.79321605872054,9.64523482410835,0.391639841314097,30
"9456","BA","Rio do Antônio",15448,6589.39,29027,"Brumado",2,"Nordeste",0,"292680",7,10,5,5,1,9,2,0,0,0,0,12,5,5,1,9,10,8.79321605872054,9.64523482410835,0.441877786893186,29
"9457","BA","Rio do Pires",11663,7072.5,29025,"Livramento do Brumado",2,"Nordeste",0,"292690",2,20,5,15,7,13,0,0,0,0,0,20,5,15,7,13,6,8.86396930317572,9.36417671669105,0.293414417153291,29
"9458","BA","Rio do Pires",11663,7072.5,29025,"Livramento do Brumado",2,"Nordeste",0,"292690",3,12,3,9,6,6,0,0,0,0,0,12,3,9,6,6,6,8.86396930317572,9.36417671669105,0.355702269079814,31
"9459","BA","Rio do Pires",11663,7072.5,29025,"Livramento do Brumado",2,"Nordeste",0,"292690",4,4,3,1,2,2,0,0,0,0,0,4,3,1,2,2,6,8.86396930317572,9.36417671669105,0.400880286662757,30
"9460","BA","Rio do Pires",11663,7072.5,29025,"Livramento do Brumado",2,"Nordeste",0,"292690",5,11,5,6,3,8,1,0,0,0,0,12,5,6,3,8,5,8.86396930317572,9.36417671669105,0.402218214155658,31
"9461","BA","Rio do Pires",11663,7072.5,29025,"Livramento do Brumado",2,"Nordeste",0,"292690",6,4,1,3,0,4,0,0,0,0,0,4,1,3,0,4,12,8.86396930317572,9.36417671669105,0.372460862422183,30
"9462","BA","Rio do Pires",11663,7072.5,29025,"Livramento do Brumado",2,"Nordeste",0,"292690",7,10,1,9,2,8,0,0,0,0,0,10,1,9,2,8,8,8.86396930317572,9.36417671669105,0.418237755222473,29
"9463","BA","Rio Real",40976,21840.4,29017,"Alagoinhas",2,"Nordeste",0,"292700",2,61,18,43,27,34,0,0,0,0,0,61,18,43,27,34,15,9.99151674470944,10.6207418084393,0.277265249402724,29
"9464","BA","Rio Real",40976,21840.4,29017,"Alagoinhas",2,"Nordeste",0,"292700",3,48,21,27,22,26,0,0,0,0,0,48,21,27,22,26,16,9.99151674470944,10.6207418084393,0.352876049687182,31
"9465","BA","Rio Real",40976,21840.4,29017,"Alagoinhas",2,"Nordeste",0,"292700",4,35,12,23,18,17,1,0,0,0,0,36,12,23,18,17,22,9.99151674470944,10.6207418084393,0.373639530286434,30
"9466","BA","Rio Real",40976,21840.4,29017,"Alagoinhas",2,"Nordeste",0,"292700",5,54,18,36,21,33,0,0,0,0,0,54,18,36,21,33,20,9.99151674470944,10.6207418084393,0.365523559850804,31
"9467","BA","Rio Real",40976,21840.4,29017,"Alagoinhas",2,"Nordeste",0,"292700",6,45,16,29,16,29,0,0,0,0,0,45,16,29,16,29,38,9.99151674470944,10.6207418084393,0.348280189189044,30
"9468","BA","Rio Real",40976,21840.4,29017,"Alagoinhas",2,"Nordeste",0,"292700",7,48,21,27,23,25,1,0,0,0,0,49,21,27,23,25,41,9.99151674470944,10.6207418084393,0.387745980213263,29
"9469","BA","Rodelas",9442,9752.43,29005,"Paulo Afonso",2,"Nordeste",0,"292710",2,22,6,16,11,11,0,0,0,0,0,22,6,16,11,11,4,9.1852717637083,9.15292310110623,0.304190261998801,29
"9470","BA","Rodelas",9442,9752.43,29005,"Paulo Afonso",2,"Nordeste",0,"292710",3,22,10,12,13,9,0,0,0,0,0,22,10,12,13,9,9,9.1852717637083,9.15292310110623,0.384591452818148,31
"9471","BA","Rodelas",9442,9752.43,29005,"Paulo Afonso",2,"Nordeste",0,"292710",4,16,7,9,9,7,0,0,0,0,0,16,7,9,9,7,4,9.1852717637083,9.15292310110623,0.409087565460208,30
"9472","BA","Rodelas",9442,9752.43,29005,"Paulo Afonso",2,"Nordeste",0,"292710",5,20,9,11,7,13,0,0,0,0,0,20,9,11,7,13,3,9.1852717637083,9.15292310110623,0.429121095972979,31
"9473","BA","Rodelas",9442,9752.43,29005,"Paulo Afonso",2,"Nordeste",0,"292710",6,23,12,11,14,9,0,0,0,0,0,23,12,11,14,9,5,9.1852717637083,9.15292310110623,0.398444377281326,30
"9474","BA","Rodelas",9442,9752.43,29005,"Paulo Afonso",2,"Nordeste",0,"292710",7,15,7,8,9,6,0,0,0,0,0,15,7,8,9,6,5,9.1852717637083,9.15292310110623,0.453495570285163,29
"9475","BA","Ruy Barbosa",30857,9764.4,29011,"Itaberaba",2,"Nordeste",0,"292720",2,44,13,31,23,21,0,0,0,0,0,44,13,31,23,21,14,9.18649839749061,10.3371189079706,0.278334554047527,29
"9476","BA","Ruy Barbosa",30857,9764.4,29011,"Itaberaba",2,"Nordeste",0,"292720",3,46,15,31,20,26,0,0,0,0,0,46,15,31,20,26,11,9.18649839749061,10.3371189079706,0.34431448689962,31
"9477","BA","Ruy Barbosa",30857,9764.4,29011,"Itaberaba",2,"Nordeste",0,"292720",4,22,9,13,9,13,0,0,0,0,0,22,9,13,9,13,20,9.18649839749061,10.3371189079706,0.346018674025748,30
"9478","BA","Ruy Barbosa",30857,9764.4,29011,"Itaberaba",2,"Nordeste",0,"292720",5,29,8,21,12,17,1,0,0,0,0,30,8,21,12,17,20,9.18649839749061,10.3371189079706,0.346588168251269,31
"9479","BA","Ruy Barbosa",30857,9764.4,29011,"Itaberaba",2,"Nordeste",0,"292720",6,22,7,15,9,13,0,0,0,0,0,22,7,15,9,13,20,9.18649839749061,10.3371189079706,0.372000476217971,30
"9480","BA","Ruy Barbosa",30857,9764.4,29011,"Itaberaba",2,"Nordeste",0,"292720",7,33,13,20,14,19,0,0,0,0,0,33,13,20,14,19,19,9.18649839749061,10.3371189079706,0.389940340805421,29
"9481","BA","Salinas da Margarida",15862,10704.28,29020,"Santo Antônio de Jesus",2,"Nordeste",0,"292730",2,14,4,10,7,7,0,0,0,0,0,14,4,10,7,7,12,9.27839894047132,9.67168159064327,0.315791625820446,29
"9482","BA","Salinas da Margarida",15862,10704.28,29020,"Santo Antônio de Jesus",2,"Nordeste",0,"292730",3,7,2,5,2,5,0,0,0,0,0,7,2,5,2,5,7,9.27839894047132,9.67168159064327,0.44043997386271,31
"9483","BA","Salinas da Margarida",15862,10704.28,29020,"Santo Antônio de Jesus",2,"Nordeste",0,"292730",4,13,2,11,6,7,0,0,0,0,0,13,2,11,6,7,7,9.27839894047132,9.67168159064327,0.478146332693774,30
"9484","BA","Salinas da Margarida",15862,10704.28,29020,"Santo Antônio de Jesus",2,"Nordeste",0,"292730",5,21,4,17,4,17,0,0,0,0,0,21,4,17,4,17,5,9.27839894047132,9.67168159064327,0.4783936065154,31
"9485","BA","Salinas da Margarida",15862,10704.28,29020,"Santo Antônio de Jesus",2,"Nordeste",0,"292730",6,7,4,3,0,7,0,0,0,0,0,7,4,3,0,7,5,9.27839894047132,9.67168159064327,0.450439147301184,30
"9486","BA","Salinas da Margarida",15862,10704.28,29020,"Santo Antônio de Jesus",2,"Nordeste",0,"292730",7,12,4,8,3,9,0,0,0,0,0,12,4,8,3,9,13,9.27839894047132,9.67168159064327,0.451917887051487,29
"9487","BA","Salvador",2886698,22232.68,29021,"Salvador",2,"Nordeste",1,"292740",2,3723,764,2959,1161,2562,32,0,0,0,0,3755,764,2959,1161,2562,1372,10.0093185574965,14.8756238463151,0.288510391663945,29
"9488","BA","Salvador",2886698,22232.68,29021,"Salvador",2,"Nordeste",1,"292740",3,3316,702,2614,1029,2287,23,0,0,0,0,3339,702,2614,1029,2287,1515,10.0093185574965,14.8756238463151,0.408655363139612,31
"9489","BA","Salvador",2886698,22232.68,29021,"Salvador",2,"Nordeste",1,"292740",4,2264,498,1766,721,1543,29,0,0,0,0,2293,498,1766,721,1543,1643,10.0093185574965,14.8756238463151,0.502155459163693,30
"9490","BA","Salvador",2886698,22232.68,29021,"Salvador",2,"Nordeste",1,"292740",5,2209,494,1715,682,1527,29,0,0,0,0,2238,494,1715,682,1527,2443,10.0093185574965,14.8756238463151,0.483233754092289,31
"9491","BA","Salvador",2886698,22232.68,29021,"Salvador",2,"Nordeste",1,"292740",6,2285,512,1773,712,1573,31,0,0,0,0,2316,512,1773,712,1573,2680,10.0093185574965,14.8756238463151,0.43779113703449,30
"9492","BA","Salvador",2886698,22232.68,29021,"Salvador",2,"Nordeste",1,"292740",7,2239,488,1751,669,1570,36,0,0,0,0,2275,488,1751,669,1570,2111,10.0093185574965,14.8756238463151,0.43580771877118,29
"9493","BA","Santa Bárbara",20883,8147.3,29012,"Feira de Santana",2,"Nordeste",0,"292750",2,34,13,21,18,16,0,0,0,0,0,34,13,21,18,16,8,9.00544186300324,9.94669070983678,0.260666503164657,29
"9494","BA","Santa Bárbara",20883,8147.3,29012,"Feira de Santana",2,"Nordeste",0,"292750",3,32,12,20,13,19,0,0,0,0,0,32,12,20,13,19,11,9.00544186300324,9.94669070983678,0.332363534400881,31
"9495","BA","Santa Bárbara",20883,8147.3,29012,"Feira de Santana",2,"Nordeste",0,"292750",4,20,8,12,6,14,0,0,0,0,0,20,8,12,6,14,12,9.00544186300324,9.94669070983678,0.373276237431781,30
"9496","BA","Santa Bárbara",20883,8147.3,29012,"Feira de Santana",2,"Nordeste",0,"292750",5,5,3,2,2,3,0,0,0,0,0,5,3,2,2,3,13,9.00544186300324,9.94669070983678,0.393517151976401,31
"9497","BA","Santa Bárbara",20883,8147.3,29012,"Feira de Santana",2,"Nordeste",0,"292750",6,23,7,16,10,13,0,0,0,0,0,23,7,16,10,13,8,9.00544186300324,9.94669070983678,0.370517571445825,30
"9498","BA","Santa Bárbara",20883,8147.3,29012,"Feira de Santana",2,"Nordeste",0,"292750",7,20,9,11,7,13,1,0,0,0,0,21,9,11,7,13,11,9.00544186300324,9.94669070983678,0.390885875152408,29
"9499","BA","Santa Brígida",14063,6983.66,29013,"Jeremoabo",2,"Nordeste",0,"292760",2,16,5,11,10,6,0,0,0,0,0,16,5,11,10,6,4,8.85132841363107,9.55130251387025,0.316766049732653,29
"9500","BA","Santa Brígida",14063,6983.66,29013,"Jeremoabo",2,"Nordeste",0,"292760",3,30,15,15,14,16,0,0,0,0,0,30,15,15,14,16,11,8.85132841363107,9.55130251387025,0.379289932100369,31
"9501","BA","Santa Brígida",14063,6983.66,29013,"Jeremoabo",2,"Nordeste",0,"292760",4,13,7,6,8,5,0,0,0,0,0,13,7,6,8,5,7,8.85132841363107,9.55130251387025,0.413128948572683,30
"9502","BA","Santa Brígida",14063,6983.66,29013,"Jeremoabo",2,"Nordeste",0,"292760",5,9,3,6,4,5,0,0,0,0,0,9,3,6,4,5,9,8.85132841363107,9.55130251387025,0.449002866370545,31
"9503","BA","Santa Brígida",14063,6983.66,29013,"Jeremoabo",2,"Nordeste",0,"292760",6,23,14,9,10,13,0,0,0,0,0,23,14,9,10,13,9,8.85132841363107,9.55130251387025,0.426842903045397,30
"9504","BA","Santa Brígida",14063,6983.66,29013,"Jeremoabo",2,"Nordeste",0,"292760",7,23,16,7,8,15,1,0,0,0,0,24,16,7,8,15,8,8.85132841363107,9.55130251387025,0.459483784232605,29
"9505","BA","Santa Cruz Cabrália",27922,15085.38,29032,"Porto Seguro",2,"Nordeste",0,"292770",2,78,20,58,35,43,0,0,0,0,0,78,20,58,35,43,14,9.62148134186256,10.2371701875486,0.280767812546687,29
"9506","BA","Santa Cruz Cabrália",27922,15085.38,29032,"Porto Seguro",2,"Nordeste",0,"292770",3,79,27,52,44,35,0,0,0,0,0,79,27,52,44,35,18,9.62148134186256,10.2371701875486,0.390126425260781,31
"9507","BA","Santa Cruz Cabrália",27922,15085.38,29032,"Porto Seguro",2,"Nordeste",0,"292770",4,43,16,27,16,27,0,0,0,0,0,43,16,27,16,27,16,9.62148134186256,10.2371701875486,0.462870591638893,30
"9508","BA","Santa Cruz Cabrália",27922,15085.38,29032,"Porto Seguro",2,"Nordeste",0,"292770",5,44,17,27,21,23,2,0,0,0,0,46,17,27,21,23,16,9.62148134186256,10.2371701875486,0.447863578707326,31
"9509","BA","Santa Cruz Cabrália",27922,15085.38,29032,"Porto Seguro",2,"Nordeste",0,"292770",6,40,19,21,18,22,1,0,0,0,0,41,19,21,18,22,17,9.62148134186256,10.2371701875486,0.414317218587356,30
"9510","BA","Santa Cruz Cabrália",27922,15085.38,29032,"Porto Seguro",2,"Nordeste",0,"292770",7,39,14,25,15,24,1,0,0,0,0,40,14,25,15,24,18,9.62148134186256,10.2371701875486,0.423859586581435,29
"9511","BA","Santa Inês",10606,6534.75,29024,"Jequié",2,"Nordeste",0,"292790",2,19,4,15,6,13,0,0,0,0,0,19,4,15,6,13,9,8.78488936977951,9.26917515769708,0.273523852844257,29
"9512","BA","Santa Inês",10606,6534.75,29024,"Jequié",2,"Nordeste",0,"292790",3,12,4,8,5,7,0,0,0,0,0,12,4,8,5,7,5,8.78488936977951,9.26917515769708,0.36684427799177,31
"9513","BA","Santa Inês",10606,6534.75,29024,"Jequié",2,"Nordeste",0,"292790",4,5,1,4,2,3,0,0,0,0,0,5,1,4,2,3,5,8.78488936977951,9.26917515769708,0.407680325829444,30
"9514","BA","Santa Inês",10606,6534.75,29024,"Jequié",2,"Nordeste",0,"292790",5,7,3,4,3,4,0,0,0,0,0,7,3,4,3,4,12,8.78488936977951,9.26917515769708,0.415031202787995,31
"9515","BA","Santa Inês",10606,6534.75,29024,"Jequié",2,"Nordeste",0,"292790",6,6,2,4,1,5,0,0,0,0,0,6,2,4,1,5,8,8.78488936977951,9.26917515769708,0.368492254999655,30
"9516","BA","Santa Inês",10606,6534.75,29024,"Jequié",2,"Nordeste",0,"292790",7,5,4,1,1,4,0,0,0,0,0,5,4,1,1,4,9,8.78488936977951,9.26917515769708,0.406259925942253,29
"9517","BA","Santaluz",37531,10065.84,29016,"Serrinha",2,"Nordeste",0,"292800",2,66,28,38,29,37,1,0,0,0,0,67,28,38,29,37,21,9.21690279211759,10.5329225371245,0.262352221331452,29
"9518","BA","Santaluz",37531,10065.84,29016,"Serrinha",2,"Nordeste",0,"292800",3,76,25,51,31,45,2,0,0,0,0,78,25,51,31,45,17,9.21690279211759,10.5329225371245,0.359958145456141,31
"9519","BA","Santaluz",37531,10065.84,29016,"Serrinha",2,"Nordeste",0,"292800",4,47,21,26,22,25,0,0,0,0,0,47,21,26,22,25,21,9.21690279211759,10.5329225371245,0.388720240033209,30
"9520","BA","Santaluz",37531,10065.84,29016,"Serrinha",2,"Nordeste",0,"292800",5,42,12,30,19,23,0,0,0,0,0,42,12,30,19,23,26,9.21690279211759,10.5329225371245,0.399940512718511,31
"9521","BA","Santaluz",37531,10065.84,29016,"Serrinha",2,"Nordeste",0,"292800",6,46,16,30,21,25,0,0,0,0,0,46,16,30,21,25,26,9.21690279211759,10.5329225371245,0.376511397426585,30
"9522","BA","Santaluz",37531,10065.84,29016,"Serrinha",2,"Nordeste",0,"292800",7,54,21,33,28,26,0,0,0,0,0,54,21,33,28,26,17,9.21690279211759,10.5329225371245,0.428923834353182,29
"9523","BA","Santa Luzia",12449,7339.73,29031,"Ilhéus-Itabuna",2,"Nordeste",0,"292805",2,14,7,7,5,9,0,0,0,0,0,14,7,7,5,9,6,8.90105733619084,9.42939557738179,0.270964631209677,29
"9524","BA","Santa Luzia",12449,7339.73,29031,"Ilhéus-Itabuna",2,"Nordeste",0,"292805",3,23,13,10,12,11,0,0,0,0,0,23,13,10,12,11,9,8.90105733619084,9.42939557738179,0.363023213127075,31
"9525","BA","Santa Luzia",12449,7339.73,29031,"Ilhéus-Itabuna",2,"Nordeste",0,"292805",4,18,10,8,10,8,0,0,0,0,0,18,10,8,10,8,7,8.90105733619084,9.42939557738179,0.386042665440956,30
"9526","BA","Santa Luzia",12449,7339.73,29031,"Ilhéus-Itabuna",2,"Nordeste",0,"292805",5,8,4,4,5,3,1,0,0,0,0,9,4,4,5,3,5,8.90105733619084,9.42939557738179,0.418796858359438,31
"9527","BA","Santa Luzia",12449,7339.73,29031,"Ilhéus-Itabuna",2,"Nordeste",0,"292805",6,16,9,7,11,5,0,0,0,0,0,16,9,7,11,5,8,8.90105733619084,9.42939557738179,0.384202852562271,30
"9528","BA","Santa Luzia",12449,7339.73,29031,"Ilhéus-Itabuna",2,"Nordeste",0,"292805",7,21,11,10,12,9,0,0,0,0,0,21,11,10,12,9,9,8.90105733619084,9.42939557738179,0.40290360748617,29
"9529","BA","Santa Maria da Vitória",39775,11678.58,29003,"Santa Maria da Vitória",2,"Nordeste",1,"292810",2,62,20,42,25,37,0,0,0,0,0,62,20,42,25,37,22,9.36551167364887,10.590993853206,0.273031205051183,29
"9530","BA","Santa Maria da Vitória",39775,11678.58,29003,"Santa Maria da Vitória",2,"Nordeste",1,"292810",3,60,17,43,24,36,1,0,0,0,0,61,17,43,24,36,22,9.36551167364887,10.590993853206,0.353981476417711,31
"9531","BA","Santa Maria da Vitória",39775,11678.58,29003,"Santa Maria da Vitória",2,"Nordeste",1,"292810",4,46,16,30,20,26,1,0,0,0,0,47,16,30,20,26,15,9.36551167364887,10.590993853206,0.373535761119762,30
"9532","BA","Santa Maria da Vitória",39775,11678.58,29003,"Santa Maria da Vitória",2,"Nordeste",1,"292810",5,33,15,18,16,17,0,0,0,0,0,33,15,18,16,17,19,9.36551167364887,10.590993853206,0.372601565053051,31
"9533","BA","Santa Maria da Vitória",39775,11678.58,29003,"Santa Maria da Vitória",2,"Nordeste",1,"292810",6,39,13,26,14,25,2,0,0,0,0,41,13,26,14,25,29,9.36551167364887,10.590993853206,0.348912280844746,30
"9534","BA","Santa Maria da Vitória",39775,11678.58,29003,"Santa Maria da Vitória",2,"Nordeste",1,"292810",7,43,9,34,13,30,2,0,0,0,0,45,9,34,13,30,24,9.36551167364887,10.590993853206,0.390574189594315,29
"9535","BA","Santana",26705,9418.19,29003,"Santa Maria da Vitória",2,"Nordeste",0,"292820",2,33,12,21,9,24,0,0,0,0,0,33,12,21,9,24,10,9.15039820473464,10.1926060927739,0.275423298008165,29
"9536","BA","Santana",26705,9418.19,29003,"Santa Maria da Vitória",2,"Nordeste",0,"292820",3,18,5,13,5,13,0,0,0,0,0,18,5,13,5,13,13,9.15039820473464,10.1926060927739,0.369925626942625,31
"9537","BA","Santana",26705,9418.19,29003,"Santa Maria da Vitória",2,"Nordeste",0,"292820",4,22,7,15,7,15,0,0,0,0,0,22,7,15,7,15,17,9.15039820473464,10.1926060927739,0.388168973315802,30
"9538","BA","Santana",26705,9418.19,29003,"Santa Maria da Vitória",2,"Nordeste",0,"292820",5,29,3,26,18,11,1,0,0,0,0,30,3,26,18,11,11,9.15039820473464,10.1926060927739,0.367159849138237,31
"9539","BA","Santana",26705,9418.19,29003,"Santa Maria da Vitória",2,"Nordeste",0,"292820",6,25,6,19,9,16,0,0,0,0,0,25,6,19,9,16,8,9.15039820473464,10.1926060927739,0.339290277016818,30
"9540","BA","Santana",26705,9418.19,29003,"Santa Maria da Vitória",2,"Nordeste",0,"292820",7,24,5,19,10,14,1,0,0,0,0,25,5,19,10,14,14,9.15039820473464,10.1926060927739,0.375783876565346,29
"9541","BA","Santanópolis",8966,5688.4,29012,"Feira de Santana",2,"Nordeste",0,"292830",2,10,6,4,6,4,0,0,0,0,0,10,6,4,6,4,4,8.64618429249854,9.10119492471538,0.270179192523996,29
"9542","BA","Santanópolis",8966,5688.4,29012,"Feira de Santana",2,"Nordeste",0,"292830",3,4,1,3,1,3,0,0,0,0,0,4,1,3,1,3,4,8.64618429249854,9.10119492471538,0.361172008265481,31
"9543","BA","Santanópolis",8966,5688.4,29012,"Feira de Santana",2,"Nordeste",0,"292830",4,3,1,2,1,2,0,0,0,0,0,3,1,2,1,2,3,8.64618429249854,9.10119492471538,0.398349929574606,30
"9544","BA","Santanópolis",8966,5688.4,29012,"Feira de Santana",2,"Nordeste",0,"292830",5,7,2,5,1,6,0,0,0,0,0,7,2,5,1,6,6,8.64618429249854,9.10119492471538,0.415832944039835,31
"9545","BA","Santanópolis",8966,5688.4,29012,"Feira de Santana",2,"Nordeste",0,"292830",6,4,1,3,1,3,0,0,0,0,0,4,1,3,1,3,7,8.64618429249854,9.10119492471538,0.407599012569225,30
"9546","BA","Santanópolis",8966,5688.4,29012,"Feira de Santana",2,"Nordeste",0,"292830",7,8,2,6,5,3,0,0,0,0,0,8,2,6,5,3,7,8.64618429249854,9.10119492471538,0.435850667954747,29
"9547","BA","Santa Rita de Cássia",28481,7985.64,29002,"Cotegipe",2,"Nordeste",0,"292840",2,53,18,35,21,32,0,0,0,0,0,53,18,35,21,32,14,8.98540020771903,10.256992477269,0.278957515358274,29
"9548","BA","Santa Rita de Cássia",28481,7985.64,29002,"Cotegipe",2,"Nordeste",0,"292840",3,35,10,25,17,18,1,0,0,0,0,36,10,25,17,18,11,8.98540020771903,10.256992477269,0.355069170731859,31
"9549","BA","Santa Rita de Cássia",28481,7985.64,29002,"Cotegipe",2,"Nordeste",0,"292840",4,26,9,17,12,14,2,0,0,0,0,28,9,17,12,14,6,8.98540020771903,10.256992477269,0.340616362748786,30
"9550","BA","Santa Rita de Cássia",28481,7985.64,29002,"Cotegipe",2,"Nordeste",0,"292840",5,25,9,16,9,16,0,0,0,0,0,25,9,16,9,16,9,8.98540020771903,10.256992477269,0.34329317889341,31
"9551","BA","Santa Rita de Cássia",28481,7985.64,29002,"Cotegipe",2,"Nordeste",0,"292840",6,37,11,26,20,17,0,0,0,0,0,37,11,26,20,17,17,8.98540020771903,10.256992477269,0.362844850422162,30
"9552","BA","Santa Rita de Cássia",28481,7985.64,29002,"Cotegipe",2,"Nordeste",0,"292840",7,45,14,31,21,24,0,0,0,0,0,45,14,31,21,24,23,8.98540020771903,10.256992477269,0.37655938477942,29
"9553","BA","Santa Terezinha",10464,7106.75,29012,"Feira de Santana",2,"Nordeste",0,"292850",2,14,3,11,8,6,0,0,0,0,0,14,3,11,8,6,4,8.86880031562172,9.25569607369698,0.277765520788775,29
"9554","BA","Santa Terezinha",10464,7106.75,29012,"Feira de Santana",2,"Nordeste",0,"292850",3,13,5,8,9,4,0,0,0,0,0,13,5,8,9,4,9,8.86880031562172,9.25569607369698,0.342895866948119,31
"9555","BA","Santa Terezinha",10464,7106.75,29012,"Feira de Santana",2,"Nordeste",0,"292850",4,12,1,11,4,8,0,0,0,0,0,12,1,11,4,8,8,8.86880031562172,9.25569607369698,0.407491479953044,30
"9556","BA","Santa Terezinha",10464,7106.75,29012,"Feira de Santana",2,"Nordeste",0,"292850",5,6,2,4,4,2,0,0,0,0,0,6,2,4,4,2,6,8.86880031562172,9.25569607369698,0.425274684142136,31
"9557","BA","Santa Terezinha",10464,7106.75,29012,"Feira de Santana",2,"Nordeste",0,"292850",6,9,5,4,4,5,0,0,0,0,0,9,5,4,4,5,8,8.86880031562172,9.25569607369698,0.427517027513219,30
"9558","BA","Santa Terezinha",10464,7106.75,29012,"Feira de Santana",2,"Nordeste",0,"292850",7,15,3,12,5,10,0,0,0,0,0,15,3,12,5,10,6,8.86880031562172,9.25569607369698,0.462104511048432,29
"9559","BA","Santo Amaro",60131,13628.51,29020,"Santo Antônio de Jesus",2,"Nordeste",1,"292860",2,67,19,48,32,35,4,0,0,0,0,71,19,48,32,35,24,9.51991920103338,11.004280794529,0.309719594486862,29
"9560","BA","Santo Amaro",60131,13628.51,29020,"Santo Antônio de Jesus",2,"Nordeste",1,"292860",3,69,16,53,25,44,2,0,0,0,0,71,16,53,25,44,41,9.51991920103338,11.004280794529,0.398823726246345,31
"9561","BA","Santo Amaro",60131,13628.51,29020,"Santo Antônio de Jesus",2,"Nordeste",1,"292860",4,59,17,42,26,33,0,0,0,0,0,59,17,42,26,33,46,9.51991920103338,11.004280794529,0.458596770316866,30
"9562","BA","Santo Amaro",60131,13628.51,29020,"Santo Antônio de Jesus",2,"Nordeste",1,"292860",5,46,16,30,18,28,1,0,0,0,0,47,16,30,18,28,48,9.51991920103338,11.004280794529,0.451609217693842,31
"9563","BA","Santo Amaro",60131,13628.51,29020,"Santo Antônio de Jesus",2,"Nordeste",1,"292860",6,53,15,38,19,34,3,0,0,0,0,56,15,38,19,34,40,9.51991920103338,11.004280794529,0.430454101181203,30
"9564","BA","Santo Amaro",60131,13628.51,29020,"Santo Antônio de Jesus",2,"Nordeste",1,"292860",7,55,15,40,29,26,0,0,0,0,0,55,15,40,29,26,51,9.51991920103338,11.004280794529,0.454548302497764,29
"9565","BA","Santo Antônio de Jesus",102380,21629.28,29020,"Santo Antônio de Jesus",2,"Nordeste",1,"292870",2,195,35,160,60,135,4,0,0,0,0,199,35,160,60,135,74,9.98180323129183,11.5364466600116,0.270698395842312,29
"9566","BA","Santo Antônio de Jesus",102380,21629.28,29020,"Santo Antônio de Jesus",2,"Nordeste",1,"292870",3,178,36,142,59,119,0,0,0,0,0,178,36,142,59,119,64,9.98180323129183,11.5364466600116,0.366503822490594,31
"9567","BA","Santo Antônio de Jesus",102380,21629.28,29020,"Santo Antônio de Jesus",2,"Nordeste",1,"292870",4,105,20,85,31,74,2,0,0,0,0,107,20,85,31,74,52,9.98180323129183,11.5364466600116,0.401244895996712,30
"9568","BA","Santo Antônio de Jesus",102380,21629.28,29020,"Santo Antônio de Jesus",2,"Nordeste",1,"292870",5,123,31,92,34,89,1,0,0,0,0,124,31,92,34,89,45,9.98180323129183,11.5364466600116,0.393943493446725,31
"9569","BA","Santo Antônio de Jesus",102380,21629.28,29020,"Santo Antônio de Jesus",2,"Nordeste",1,"292870",6,126,26,100,42,84,2,0,0,0,0,128,26,100,42,84,85,9.98180323129183,11.5364466600116,0.370976090929188,30
"9570","BA","Santo Antônio de Jesus",102380,21629.28,29020,"Santo Antônio de Jesus",2,"Nordeste",1,"292870",7,112,29,83,34,78,1,0,0,0,0,113,29,83,34,78,76,9.98180323129183,11.5364466600116,0.40187487894269,29
"9571","BA","Santo Estêvão",53269,13962.54,29012,"Feira de Santana",2,"Nordeste",0,"292880",2,76,28,48,23,53,1,0,0,0,0,77,28,48,23,53,31,9.54413330818983,10.8831098274427,0.260493162929622,29
"9572","BA","Santo Estêvão",53269,13962.54,29012,"Feira de Santana",2,"Nordeste",0,"292880",3,82,18,64,26,56,1,0,0,0,0,83,18,64,26,56,31,9.54413330818983,10.8831098274427,0.34435817701886,31
"9573","BA","Santo Estêvão",53269,13962.54,29012,"Feira de Santana",2,"Nordeste",0,"292880",4,31,11,20,14,17,0,0,0,0,0,31,11,20,14,17,47,9.54413330818983,10.8831098274427,0.357116843434214,30
"9574","BA","Santo Estêvão",53269,13962.54,29012,"Feira de Santana",2,"Nordeste",0,"292880",5,50,18,32,19,31,1,0,0,0,0,51,18,32,19,31,37,9.54413330818983,10.8831098274427,0.35201515593613,31
"9575","BA","Santo Estêvão",53269,13962.54,29012,"Feira de Santana",2,"Nordeste",0,"292880",6,47,11,36,16,31,0,0,0,0,0,47,11,36,16,31,27,9.54413330818983,10.8831098274427,0.333315745770918,30
"9576","BA","Santo Estêvão",53269,13962.54,29012,"Feira de Santana",2,"Nordeste",0,"292880",7,55,12,43,21,34,0,0,0,0,0,55,12,43,21,34,32,9.54413330818983,10.8831098274427,0.364358534108757,29
"9577","BA","São Desidério",34266,109841.86,29001,"Barreiras",2,"Nordeste",0,"292890",2,87,27,60,37,50,0,0,0,0,0,87,27,60,37,50,14,11.6067969740203,10.4419088878929,0.283495601967028,29
"9578","BA","São Desidério",34266,109841.86,29001,"Barreiras",2,"Nordeste",0,"292890",3,81,37,44,31,50,0,0,0,0,0,81,37,44,31,50,12,11.6067969740203,10.4419088878929,0.353011456338959,31
"9579","BA","São Desidério",34266,109841.86,29001,"Barreiras",2,"Nordeste",0,"292890",4,54,13,41,22,32,1,0,0,0,0,55,13,41,22,32,16,11.6067969740203,10.4419088878929,0.362957392073678,30
"9580","BA","São Desidério",34266,109841.86,29001,"Barreiras",2,"Nordeste",0,"292890",5,39,11,28,17,22,0,0,0,0,0,39,11,28,17,22,15,11.6067969740203,10.4419088878929,0.3849452501491,31
"9581","BA","São Desidério",34266,109841.86,29001,"Barreiras",2,"Nordeste",0,"292890",6,63,25,38,31,32,0,0,0,0,0,63,25,38,31,32,8,11.6067969740203,10.4419088878929,0.377486064551822,30
"9582","BA","São Desidério",34266,109841.86,29001,"Barreiras",2,"Nordeste",0,"292890",7,62,22,40,28,34,1,0,0,0,0,63,22,40,28,34,10,11.6067969740203,10.4419088878929,0.419759842721611,29
"9583","BA","São Domingos",9072,7755.89,29016,"Serrinha",2,"Nordeste",0,"292895",2,10,2,8,3,7,0,0,0,0,0,10,2,8,3,7,4,8.95620783369363,9.11294802596753,0.279357703604895,29
"9584","BA","São Domingos",9072,7755.89,29016,"Serrinha",2,"Nordeste",0,"292895",3,13,4,9,5,8,0,0,0,0,0,13,4,9,5,8,4,8.95620783369363,9.11294802596753,0.37428548797951,31
"9585","BA","São Domingos",9072,7755.89,29016,"Serrinha",2,"Nordeste",0,"292895",4,1,0,1,1,0,0,0,0,0,0,1,0,1,1,0,5,8.95620783369363,9.11294802596753,0.364458790695817,30
"9586","BA","São Domingos",9072,7755.89,29016,"Serrinha",2,"Nordeste",0,"292895",5,6,2,4,2,4,0,0,0,0,0,6,2,4,2,4,12,8.95620783369363,9.11294802596753,0.374181393625194,31
"9587","BA","São Domingos",9072,7755.89,29016,"Serrinha",2,"Nordeste",0,"292895",6,7,3,4,1,6,0,0,0,0,0,7,3,4,1,6,9,8.95620783369363,9.11294802596753,0.354351524389898,30
"9588","BA","São Domingos",9072,7755.89,29016,"Serrinha",2,"Nordeste",0,"292895",7,8,3,5,4,4,0,0,0,0,0,8,3,5,4,4,3,8.95620783369363,9.11294802596753,0.40506638963903,29
"9589","BA","São Félix",14762,14138.21,29020,"Santo Antônio de Jesus",2,"Nordeste",1,"292900",2,21,3,18,9,12,1,0,0,0,0,22,3,18,9,12,5,9.55663634020667,9.59981159033,0.284761034546564,29
"9590","BA","São Félix",14762,14138.21,29020,"Santo Antônio de Jesus",2,"Nordeste",1,"292900",3,23,4,19,4,19,0,0,0,0,0,23,4,19,4,19,10,9.55663634020667,9.59981159033,0.404275781201399,31
"9591","BA","São Félix",14762,14138.21,29020,"Santo Antônio de Jesus",2,"Nordeste",1,"292900",4,10,0,10,5,5,0,0,0,0,0,10,0,10,5,5,8,9.55663634020667,9.59981159033,0.421991341608472,30
"9592","BA","São Félix",14762,14138.21,29020,"Santo Antônio de Jesus",2,"Nordeste",1,"292900",5,8,3,5,4,4,0,0,0,0,0,8,3,5,4,4,17,9.55663634020667,9.59981159033,0.401898112636388,31
"9593","BA","São Félix",14762,14138.21,29020,"Santo Antônio de Jesus",2,"Nordeste",1,"292900",6,8,1,7,3,5,0,0,0,0,0,8,1,7,3,5,5,9.55663634020667,9.59981159033,0.376879778057854,30
"9594","BA","São Félix",14762,14138.21,29020,"Santo Antônio de Jesus",2,"Nordeste",1,"292900",7,7,3,4,3,4,0,0,0,0,0,7,3,4,3,4,7,9.55663634020667,9.59981159033,0.459537305827531,29
"9595","BA","São Félix do Coribe",15468,13999.38,29003,"Santa Maria da Vitória",2,"Nordeste",1,"292905",2,23,5,18,16,7,0,0,0,0,0,23,5,18,16,7,6,9.54676832190247,9.64652865272719,0.293397518904703,29
"9596","BA","São Félix do Coribe",15468,13999.38,29003,"Santa Maria da Vitória",2,"Nordeste",1,"292905",3,15,4,11,5,10,1,0,0,0,0,16,4,11,5,10,8,9.54676832190247,9.64652865272719,0.369701520455597,31
"9597","BA","São Félix do Coribe",15468,13999.38,29003,"Santa Maria da Vitória",2,"Nordeste",1,"292905",4,12,1,11,6,6,0,0,0,0,0,12,1,11,6,6,5,9.54676832190247,9.64652865272719,0.383333979800854,30
"9598","BA","São Félix do Coribe",15468,13999.38,29003,"Santa Maria da Vitória",2,"Nordeste",1,"292905",5,11,3,8,3,8,0,0,0,0,0,11,3,8,3,8,5,9.54676832190247,9.64652865272719,0.359670737391851,31
"9599","BA","São Félix do Coribe",15468,13999.38,29003,"Santa Maria da Vitória",2,"Nordeste",1,"292905",6,9,1,8,5,4,0,0,0,0,0,9,1,8,5,4,13,9.54676832190247,9.64652865272719,0.336528344234094,30
"9600","BA","São Félix do Coribe",15468,13999.38,29003,"Santa Maria da Vitória",2,"Nordeste",1,"292905",7,17,8,9,7,10,0,0,0,0,0,17,8,9,7,10,8,9.54676832190247,9.64652865272719,0.368309422618693,29
"9601","BA","São Felipe",21080,8870.08,29020,"Santo Antônio de Jesus",2,"Nordeste",0,"292910",2,20,5,15,2,18,0,0,0,0,0,20,5,15,2,18,9,9.09043909442868,9.9560800026553,0.269330401992293,29
"9602","BA","São Felipe",21080,8870.08,29020,"Santo Antônio de Jesus",2,"Nordeste",0,"292910",3,34,9,25,14,20,0,0,0,0,0,34,9,25,14,20,16,9.09043909442868,9.9560800026553,0.373168960741474,31
"9603","BA","São Felipe",21080,8870.08,29020,"Santo Antônio de Jesus",2,"Nordeste",0,"292910",4,17,3,14,9,8,0,0,0,0,0,17,3,14,9,8,12,9.09043909442868,9.9560800026553,0.413293170252627,30
"9604","BA","São Felipe",21080,8870.08,29020,"Santo Antônio de Jesus",2,"Nordeste",0,"292910",5,25,3,22,13,12,0,0,0,0,0,25,3,22,13,12,9,9.09043909442868,9.9560800026553,0.39301106355965,31
"9605","BA","São Felipe",21080,8870.08,29020,"Santo Antônio de Jesus",2,"Nordeste",0,"292910",6,15,1,14,6,9,0,0,0,0,0,15,1,14,6,9,12,9.09043909442868,9.9560800026553,0.354731013925601,30
"9606","BA","São Felipe",21080,8870.08,29020,"Santo Antônio de Jesus",2,"Nordeste",0,"292910",7,11,2,9,7,4,0,0,0,0,0,11,2,9,7,4,15,9.09043909442868,9.9560800026553,0.431858219792154,29
"9607","BA","São Francisco do Conde",40245,225290.31,29021,"Salvador",2,"Nordeste",1,"292920",2,58,14,44,28,30,0,0,0,0,0,58,14,44,28,30,12,12.3251451161745,10.6027410515278,0.301174878567431,29
"9608","BA","São Francisco do Conde",40245,225290.31,29021,"Salvador",2,"Nordeste",1,"292920",3,61,15,46,23,38,0,0,0,0,0,61,15,46,23,38,13,12.3251451161745,10.6027410515278,0.385776278730224,31
"9609","BA","São Francisco do Conde",40245,225290.31,29021,"Salvador",2,"Nordeste",1,"292920",4,42,15,27,17,25,2,0,0,0,0,44,15,27,17,25,16,12.3251451161745,10.6027410515278,0.434630691477594,30
"9610","BA","São Francisco do Conde",40245,225290.31,29021,"Salvador",2,"Nordeste",1,"292920",5,36,13,23,5,31,0,0,0,0,0,36,13,23,5,31,24,12.3251451161745,10.6027410515278,0.443410857663133,31
"9611","BA","São Francisco do Conde",40245,225290.31,29021,"Salvador",2,"Nordeste",1,"292920",6,31,10,21,19,12,1,0,0,0,0,32,10,21,19,12,29,12.3251451161745,10.6027410515278,0.416363888314656,30
"9612","BA","São Francisco do Conde",40245,225290.31,29021,"Salvador",2,"Nordeste",1,"292920",7,48,16,32,18,30,1,0,0,0,0,49,16,32,18,30,29,12.3251451161745,10.6027410515278,0.429473597929136,29
"9613","BA","São Gabriel",18789,6153.82,29009,"Irecê",2,"Nordeste",0,"292925",2,34,9,25,16,18,0,0,0,0,0,34,9,25,16,18,5,8.72482830618545,9.84102687119352,0.292735026445383,29
"9614","BA","São Gabriel",18789,6153.82,29009,"Irecê",2,"Nordeste",0,"292925",3,29,8,21,15,14,1,0,0,0,0,30,8,21,15,14,11,8.72482830618545,9.84102687119352,0.381794420174755,31
"9615","BA","São Gabriel",18789,6153.82,29009,"Irecê",2,"Nordeste",0,"292925",4,27,12,15,12,15,2,0,0,0,0,29,12,15,12,15,10,8.72482830618545,9.84102687119352,0.433713988519782,30
"9616","BA","São Gabriel",18789,6153.82,29009,"Irecê",2,"Nordeste",0,"292925",5,19,3,16,7,12,0,0,0,0,0,19,3,16,7,12,15,8.72482830618545,9.84102687119352,0.394621222898938,31
"9617","BA","São Gabriel",18789,6153.82,29009,"Irecê",2,"Nordeste",0,"292925",6,25,7,18,12,13,1,0,0,0,0,26,7,18,12,13,6,8.72482830618545,9.84102687119352,0.373802408722755,30
"9618","BA","São Gabriel",18789,6153.82,29009,"Irecê",2,"Nordeste",0,"292925",7,16,2,14,5,11,1,0,0,0,0,17,2,14,5,11,10,8.72482830618545,9.84102687119352,0.438848754252911,29
"9619","BA","São Gonçalo dos Campos",37942,27516.55,29012,"Feira de Santana",2,"Nordeste",0,"292930",2,49,17,32,18,31,0,0,0,0,0,49,17,32,18,31,16,10.2225429208165,10.5438139569125,0.278140117900092,29
"9620","BA","São Gonçalo dos Campos",37942,27516.55,29012,"Feira de Santana",2,"Nordeste",0,"292930",3,59,20,39,22,37,1,0,0,0,0,60,20,39,22,37,20,10.2225429208165,10.5438139569125,0.381378139742122,31
"9621","BA","São Gonçalo dos Campos",37942,27516.55,29012,"Feira de Santana",2,"Nordeste",0,"292930",4,23,5,18,8,15,0,0,0,0,0,23,5,18,8,15,25,10.2225429208165,10.5438139569125,0.421618725215899,30
"9622","BA","São Gonçalo dos Campos",37942,27516.55,29012,"Feira de Santana",2,"Nordeste",0,"292930",5,35,10,25,14,21,1,0,0,0,0,36,10,25,14,21,18,10.2225429208165,10.5438139569125,0.405304303806538,31
"9623","BA","São Gonçalo dos Campos",37942,27516.55,29012,"Feira de Santana",2,"Nordeste",0,"292930",6,34,9,25,14,20,0,0,0,0,0,34,9,25,14,20,28,10.2225429208165,10.5438139569125,0.389559551361407,30
"9624","BA","São Gonçalo dos Campos",37942,27516.55,29012,"Feira de Santana",2,"Nordeste",0,"292930",7,26,7,19,7,19,1,0,0,0,0,27,7,19,7,19,22,10.2225429208165,10.5438139569125,0.416330941133304,29
"9625","BA","São José do Jacuípe",10505,8366.76,29010,"Jacobina",2,"Nordeste",0,"292937",2,23,7,16,15,8,0,0,0,0,0,23,7,16,15,8,5,9.03202199176803,9.2596066132791,0.257016887216879,29
"9626","BA","São José do Jacuípe",10505,8366.76,29010,"Jacobina",2,"Nordeste",0,"292937",3,23,9,14,9,14,0,0,0,0,0,23,9,14,9,14,2,9.03202199176803,9.2596066132791,0.346394872550506,31
"9627","BA","São José do Jacuípe",10505,8366.76,29010,"Jacobina",2,"Nordeste",0,"292937",4,10,4,6,3,7,0,0,0,0,0,10,4,6,3,7,7,9.03202199176803,9.2596066132791,0.358418205341424,30
"9628","BA","São José do Jacuípe",10505,8366.76,29010,"Jacobina",2,"Nordeste",0,"292937",5,12,8,4,7,5,0,0,0,0,0,12,8,4,7,5,3,9.03202199176803,9.2596066132791,0.376541467532041,31
"9629","BA","São José do Jacuípe",10505,8366.76,29010,"Jacobina",2,"Nordeste",0,"292937",6,14,8,6,9,5,0,0,0,0,0,14,8,6,9,5,5,9.03202199176803,9.2596066132791,0.358787354894704,30
"9630","BA","São José do Jacuípe",10505,8366.76,29010,"Jacobina",2,"Nordeste",0,"292937",7,13,4,9,4,9,0,0,0,0,0,13,4,9,4,9,6,9.03202199176803,9.2596066132791,0.378262261187869,29
"9631","BA","São Miguel das Matas",11704,11426.85,29024,"Jequié",2,"Nordeste",0,"292940",2,16,4,12,8,8,0,0,0,0,0,16,4,12,8,8,7,9.34372112825562,9.36768594269996,0.274109626632476,29
"9632","BA","São Miguel das Matas",11704,11426.85,29024,"Jequié",2,"Nordeste",0,"292940",3,14,4,10,9,5,0,0,0,0,0,14,4,10,9,5,7,9.34372112825562,9.36768594269996,0.363400244811853,31
"9633","BA","São Miguel das Matas",11704,11426.85,29024,"Jequié",2,"Nordeste",0,"292940",4,8,5,3,3,5,0,0,0,0,0,8,5,3,3,5,7,9.34372112825562,9.36768594269996,0.38897217154876,30
"9634","BA","São Miguel das Matas",11704,11426.85,29024,"Jequié",2,"Nordeste",0,"292940",5,14,6,8,5,9,0,0,0,0,0,14,6,8,5,9,7,9.34372112825562,9.36768594269996,0.427564771775767,31
"9635","BA","São Miguel das Matas",11704,11426.85,29024,"Jequié",2,"Nordeste",0,"292940",6,11,3,8,2,9,0,0,0,0,0,11,3,8,2,9,4,9.34372112825562,9.36768594269996,0.413956308085829,30
"9636","BA","São Miguel das Matas",11704,11426.85,29024,"Jequié",2,"Nordeste",0,"292940",7,12,3,9,6,6,0,0,0,0,0,12,3,9,6,6,12,9.34372112825562,9.36768594269996,0.464972486115065,29
"9637","BA","São Sebastião do Passé",44430,14504.51,29019,"Catu",2,"Nordeste",1,"292950",2,61,22,39,21,40,2,0,0,0,0,63,22,39,21,40,20,9.58221491453023,10.70167019593,0.282675952590411,29
"9638","BA","São Sebastião do Passé",44430,14504.51,29019,"Catu",2,"Nordeste",1,"292950",3,47,13,34,17,30,4,0,0,0,0,51,13,34,17,30,19,9.58221491453023,10.70167019593,0.365632305871009,31
"9639","BA","São Sebastião do Passé",44430,14504.51,29019,"Catu",2,"Nordeste",1,"292950",4,36,10,26,13,23,0,0,0,0,0,36,10,26,13,23,28,9.58221491453023,10.70167019593,0.42034344725606,30
"9640","BA","São Sebastião do Passé",44430,14504.51,29019,"Catu",2,"Nordeste",1,"292950",5,20,5,15,6,14,0,0,0,0,0,20,5,15,6,14,27,9.58221491453023,10.70167019593,0.436093325180297,31
"9641","BA","São Sebastião do Passé",44430,14504.51,29019,"Catu",2,"Nordeste",1,"292950",6,32,6,26,12,20,2,0,0,0,0,34,6,26,12,20,24,9.58221491453023,10.70167019593,0.385028460856339,30
"9642","BA","São Sebastião do Passé",44430,14504.51,29019,"Catu",2,"Nordeste",1,"292950",7,29,9,20,10,19,2,0,0,0,0,31,9,20,10,19,26,9.58221491453023,10.70167019593,0.409110183942563,29
"9643","BA","Sapeaçu",17409,9473.63,29020,"Santo Antônio de Jesus",2,"Nordeste",0,"292960",2,25,6,19,12,13,0,0,0,0,0,25,6,19,12,13,6,9.15626742846731,9.76474259285872,0.303841054779,29
"9644","BA","Sapeaçu",17409,9473.63,29020,"Santo Antônio de Jesus",2,"Nordeste",0,"292960",3,31,6,25,12,19,0,0,0,0,0,31,6,25,12,19,7,9.15626742846731,9.76474259285872,0.394143838820183,31
"9645","BA","Sapeaçu",17409,9473.63,29020,"Santo Antônio de Jesus",2,"Nordeste",0,"292960",4,26,9,17,10,16,0,0,0,0,0,26,9,17,10,16,12,9.15626742846731,9.76474259285872,0.437958229933956,30
"9646","BA","Sapeaçu",17409,9473.63,29020,"Santo Antônio de Jesus",2,"Nordeste",0,"292960",5,11,3,8,2,9,0,0,0,0,0,11,3,8,2,9,12,9.15626742846731,9.76474259285872,0.441582263100334,31
"9647","BA","Sapeaçu",17409,9473.63,29020,"Santo Antônio de Jesus",2,"Nordeste",0,"292960",6,19,6,13,6,13,0,0,0,0,0,19,6,13,6,13,15,9.15626742846731,9.76474259285872,0.407986096414339,30
"9648","BA","Sapeaçu",17409,9473.63,29020,"Santo Antônio de Jesus",2,"Nordeste",0,"292960",7,17,0,17,6,11,0,0,0,0,0,17,0,17,6,11,11,9.15626742846731,9.76474259285872,0.484012689561418,29
"9649","BA","Sátiro Dias",17302,10517.96,29017,"Alagoinhas",2,"Nordeste",0,"292970",2,22,11,11,12,10,0,0,0,0,0,22,11,11,12,10,12,9.26083955113768,9.75857738074032,0.316495549546026,29
"9650","BA","Sátiro Dias",17302,10517.96,29017,"Alagoinhas",2,"Nordeste",0,"292970",3,24,13,11,11,13,0,0,0,0,0,24,13,11,11,13,19,9.26083955113768,9.75857738074032,0.410856679898692,31
"9651","BA","Sátiro Dias",17302,10517.96,29017,"Alagoinhas",2,"Nordeste",0,"292970",4,16,7,9,5,11,0,0,0,0,0,16,7,9,5,11,7,9.26083955113768,9.75857738074032,0.427991971411962,30
"9652","BA","Sátiro Dias",17302,10517.96,29017,"Alagoinhas",2,"Nordeste",0,"292970",5,13,7,6,4,9,0,0,0,0,0,13,7,6,4,9,10,9.26083955113768,9.75857738074032,0.4521750149507,31
"9653","BA","Sátiro Dias",17302,10517.96,29017,"Alagoinhas",2,"Nordeste",0,"292970",6,21,10,11,10,11,0,0,0,0,0,21,10,11,10,11,9,9.26083955113768,9.75857738074032,0.429179679930284,30
"9654","BA","Sátiro Dias",17302,10517.96,29017,"Alagoinhas",2,"Nordeste",0,"292970",7,20,8,12,10,10,0,0,0,0,0,20,8,12,10,10,15,9.26083955113768,9.75857738074032,0.478267396526388,29
"9655","BA","Saubara",12105,11133.59,29020,"Santo Antônio de Jesus",2,"Nordeste",0,"292975",2,12,7,5,5,7,0,0,0,0,0,12,7,5,5,7,6,9.31772194392316,9.40137386937216,0.303646806936455,29
"9656","BA","Saubara",12105,11133.59,29020,"Santo Antônio de Jesus",2,"Nordeste",0,"292975",3,11,4,7,6,5,0,0,0,0,0,11,4,7,6,5,9,9.31772194392316,9.40137386937216,0.382913626080015,31
"9657","BA","Saubara",12105,11133.59,29020,"Santo Antônio de Jesus",2,"Nordeste",0,"292975",4,8,1,7,4,4,1,0,0,0,0,9,1,7,4,4,8,9.31772194392316,9.40137386937216,0.424144118641208,30
"9658","BA","Saubara",12105,11133.59,29020,"Santo Antônio de Jesus",2,"Nordeste",0,"292975",5,10,1,9,1,9,1,0,0,0,0,11,1,9,1,9,9,9.31772194392316,9.40137386937216,0.450287159597905,31
"9659","BA","Saubara",12105,11133.59,29020,"Santo Antônio de Jesus",2,"Nordeste",0,"292975",6,7,3,4,2,5,1,0,0,0,0,8,3,4,2,5,14,9.31772194392316,9.40137386937216,0.422369975780355,30
"9660","BA","Saubara",12105,11133.59,29020,"Santo Antônio de Jesus",2,"Nordeste",0,"292975",7,6,2,4,3,3,0,0,0,0,0,6,2,4,3,3,6,9.31772194392316,9.40137386937216,0.454307633828643,29
"9661","BA","Saúde",12943,6536.81,29010,"Jacobina",2,"Nordeste",0,"292980",2,10,4,6,4,6,0,0,0,0,0,10,4,6,4,6,5,8.78520455786984,9.46831038044244,0.272709085281049,29
"9662","BA","Saúde",12943,6536.81,29010,"Jacobina",2,"Nordeste",0,"292980",3,10,5,5,5,5,0,0,0,0,0,10,5,5,5,5,8,8.78520455786984,9.46831038044244,0.351282072613549,31
"9663","BA","Saúde",12943,6536.81,29010,"Jacobina",2,"Nordeste",0,"292980",4,6,1,5,1,5,0,0,0,0,0,6,1,5,1,5,7,8.78520455786984,9.46831038044244,0.389202465399481,30
"9664","BA","Saúde",12943,6536.81,29010,"Jacobina",2,"Nordeste",0,"292980",5,10,4,6,8,2,0,0,0,0,0,10,4,6,8,2,5,8.78520455786984,9.46831038044244,0.401069181721878,31
"9665","BA","Saúde",12943,6536.81,29010,"Jacobina",2,"Nordeste",0,"292980",6,10,5,5,7,3,0,0,0,0,0,10,5,5,7,3,8,8.78520455786984,9.46831038044244,0.36670362581019,30
"9666","BA","Saúde",12943,6536.81,29010,"Jacobina",2,"Nordeste",0,"292980",7,8,0,8,2,6,0,0,0,0,0,8,0,8,2,6,5,8.78520455786984,9.46831038044244,0.440531478129624,29
"9667","BA","Seabra",44234,12018.57,29023,"Seabra",2,"Nordeste",0,"292990",2,75,19,56,34,41,0,0,0,0,0,75,19,56,34,41,20,9.39420823262587,10.6972490031287,0.290154840188238,29
"9668","BA","Seabra",44234,12018.57,29023,"Seabra",2,"Nordeste",0,"292990",3,84,15,69,37,47,0,0,0,0,0,84,15,69,37,47,11,9.39420823262587,10.6972490031287,0.376949991345331,31
"9669","BA","Seabra",44234,12018.57,29023,"Seabra",2,"Nordeste",0,"292990",4,50,11,39,24,26,0,0,0,0,0,50,11,39,24,26,24,9.39420823262587,10.6972490031287,0.406661125077017,30
"9670","BA","Seabra",44234,12018.57,29023,"Seabra",2,"Nordeste",0,"292990",5,57,17,40,26,31,0,0,0,0,0,57,17,40,26,31,20,9.39420823262587,10.6972490031287,0.419436501403018,31
"9671","BA","Seabra",44234,12018.57,29023,"Seabra",2,"Nordeste",0,"292990",6,40,15,25,16,24,0,0,0,0,0,40,15,25,16,24,28,9.39420823262587,10.6972490031287,0.382354163980829,30
"9672","BA","Seabra",44234,12018.57,29023,"Seabra",2,"Nordeste",0,"292990",7,46,8,38,20,26,0,0,0,0,0,46,8,38,20,26,30,9.39420823262587,10.6972490031287,0.422202256511766,29
"9673","BA","Sebastião Laranjeiras",11512,7000.68,29026,"Guanambi",2,"Nordeste",0,"293000",2,13,6,7,5,8,0,0,0,0,0,13,6,7,5,8,4,8.85376256617653,9.3511452485672,0.292838150275205,29
"9674","BA","Sebastião Laranjeiras",11512,7000.68,29026,"Guanambi",2,"Nordeste",0,"293000",3,7,4,3,3,4,0,0,0,0,0,7,4,3,3,4,4,8.85376256617653,9.3511452485672,0.37554013355234,31
"9675","BA","Sebastião Laranjeiras",11512,7000.68,29026,"Guanambi",2,"Nordeste",0,"293000",4,6,2,4,2,4,0,0,0,0,0,6,2,4,2,4,7,8.85376256617653,9.3511452485672,0.416221654200442,30
"9676","BA","Sebastião Laranjeiras",11512,7000.68,29026,"Guanambi",2,"Nordeste",0,"293000",5,11,3,8,6,5,0,0,0,0,0,11,3,8,6,5,5,8.85376256617653,9.3511452485672,0.405018244274122,31
"9677","BA","Sebastião Laranjeiras",11512,7000.68,29026,"Guanambi",2,"Nordeste",0,"293000",6,8,3,5,3,5,0,0,0,0,0,8,3,5,3,5,4,8.85376256617653,9.3511452485672,0.39933550386612,30
"9678","BA","Sebastião Laranjeiras",11512,7000.68,29026,"Guanambi",2,"Nordeste",0,"293000",7,3,0,3,1,2,0,0,0,0,0,3,0,3,1,2,5,8.85376256617653,9.3511452485672,0.444679841748106,29
"9679","BA","Senhor do Bonfim",79424,11114.63,29008,"Senhor do Bonfim",2,"Nordeste",1,"293010",2,140,30,110,54,86,1,0,0,0,0,141,30,110,54,86,52,9.31601753749515,11.2825558685643,0.272743123185719,29
"9680","BA","Senhor do Bonfim",79424,11114.63,29008,"Senhor do Bonfim",2,"Nordeste",1,"293010",3,145,50,95,65,80,0,0,0,0,0,145,50,95,65,80,64,9.31601753749515,11.2825558685643,0.367881666981708,31
"9681","BA","Senhor do Bonfim",79424,11114.63,29008,"Senhor do Bonfim",2,"Nordeste",1,"293010",4,76,16,60,35,41,0,0,0,0,0,76,16,60,35,41,49,9.31601753749515,11.2825558685643,0.40569612024828,30
"9682","BA","Senhor do Bonfim",79424,11114.63,29008,"Senhor do Bonfim",2,"Nordeste",1,"293010",5,83,28,55,34,49,2,0,0,0,0,85,28,55,34,49,52,9.31601753749515,11.2825558685643,0.404803648545382,31
"9683","BA","Senhor do Bonfim",79424,11114.63,29008,"Senhor do Bonfim",2,"Nordeste",1,"293010",6,86,26,60,45,41,0,0,0,0,0,86,26,60,45,41,42,9.31601753749515,11.2825558685643,0.376924776438871,30
"9684","BA","Senhor do Bonfim",79424,11114.63,29008,"Senhor do Bonfim",2,"Nordeste",1,"293010",7,85,22,63,44,41,2,0,0,0,0,87,22,63,44,41,63,9.31601753749515,11.2825558685643,0.399168705997273,29
"9685","BA","Serra do Ramalho",31416,8923.97,29007,"Bom Jesus da Lapa",2,"Nordeste",0,"293015",2,56,15,41,24,32,0,0,0,0,0,56,15,41,24,32,14,9.09649619382557,10.3550725962578,0.317691390752488,29
"9686","BA","Serra do Ramalho",31416,8923.97,29007,"Bom Jesus da Lapa",2,"Nordeste",0,"293015",3,43,13,30,16,27,0,0,0,0,0,43,13,30,16,27,16,9.09649619382557,10.3550725962578,0.404202910559688,31
"9687","BA","Serra do Ramalho",31416,8923.97,29007,"Bom Jesus da Lapa",2,"Nordeste",0,"293015",4,43,13,30,22,21,0,0,0,0,0,43,13,30,22,21,14,9.09649619382557,10.3550725962578,0.401990044960842,30
"9688","BA","Serra do Ramalho",31416,8923.97,29007,"Bom Jesus da Lapa",2,"Nordeste",0,"293015",5,48,16,32,28,20,1,0,0,0,0,49,16,32,28,20,12,9.09649619382557,10.3550725962578,0.406052710940923,31
"9689","BA","Serra do Ramalho",31416,8923.97,29007,"Bom Jesus da Lapa",2,"Nordeste",0,"293015",6,49,10,39,28,21,0,0,0,0,0,49,10,39,28,21,11,9.09649619382557,10.3550725962578,0.390008180964803,30
"9690","BA","Serra do Ramalho",31416,8923.97,29007,"Bom Jesus da Lapa",2,"Nordeste",0,"293015",7,49,12,37,28,21,2,0,0,0,0,51,12,37,28,21,14,9.09649619382557,10.3550725962578,0.413011770320228,29
"9691","BA","Sento Sé",40989,22558.77,29004,"Juazeiro",2,"Nordeste",0,"293020",2,84,27,57,46,38,1,0,0,0,0,85,27,57,46,38,9,10.0238791828491,10.6210590170066,0.290824227327481,29
"9692","BA","Sento Sé",40989,22558.77,29004,"Juazeiro",2,"Nordeste",0,"293020",3,52,14,38,23,29,1,0,0,0,0,53,14,38,23,29,16,10.0238791828491,10.6210590170066,0.353679444420606,31
"9693","BA","Sento Sé",40989,22558.77,29004,"Juazeiro",2,"Nordeste",0,"293020",4,32,15,17,19,13,0,0,0,0,0,32,15,17,19,13,9,10.0238791828491,10.6210590170066,0.359263426426584,30
"9694","BA","Sento Sé",40989,22558.77,29004,"Juazeiro",2,"Nordeste",0,"293020",5,34,18,16,22,12,2,0,0,0,0,36,18,16,22,12,19,10.0238791828491,10.6210590170066,0.363807337472638,31
"9695","BA","Sento Sé",40989,22558.77,29004,"Juazeiro",2,"Nordeste",0,"293020",6,38,17,21,24,14,1,0,0,0,0,39,17,21,24,14,17,10.0238791828491,10.6210590170066,0.376267472972729,30
"9696","BA","Sento Sé",40989,22558.77,29004,"Juazeiro",2,"Nordeste",0,"293020",7,41,16,25,23,18,1,0,0,0,0,42,16,25,23,18,18,10.0238791828491,10.6210590170066,0.40067669033281,29
"9697","BA","Serra Dourada",17321,8231.8,29003,"Santa Maria da Vitória",2,"Nordeste",0,"293030",2,2,0,2,1,1,0,0,0,0,0,2,0,2,1,1,6,9.01575998178629,9.75967491717028,0.313572236216053,29
"9698","BA","Serra Dourada",17321,8231.8,29003,"Santa Maria da Vitória",2,"Nordeste",0,"293030",3,5,0,5,2,3,0,0,0,0,0,5,0,5,2,3,4,9.01575998178629,9.75967491717028,0.374474146283022,31
"9699","BA","Serra Dourada",17321,8231.8,29003,"Santa Maria da Vitória",2,"Nordeste",0,"293030",4,8,1,7,2,6,0,0,0,0,0,8,1,7,2,6,6,9.01575998178629,9.75967491717028,0.414139576676379,30
"9700","BA","Serra Dourada",17321,8231.8,29003,"Santa Maria da Vitória",2,"Nordeste",0,"293030",5,5,1,4,4,1,0,0,0,0,0,5,1,4,4,1,4,9.01575998178629,9.75967491717028,0.412826220627224,31
"9701","BA","Serra Dourada",17321,8231.8,29003,"Santa Maria da Vitória",2,"Nordeste",0,"293030",6,6,0,6,1,5,0,0,0,0,0,6,0,6,1,5,9,9.01575998178629,9.75967491717028,0.3750728522564,30
"9702","BA","Serra Dourada",17321,8231.8,29003,"Santa Maria da Vitória",2,"Nordeste",0,"293030",7,4,0,4,2,2,0,0,0,0,0,4,0,4,2,2,10,9.01575998178629,9.75967491717028,0.432344572056367,29
"9703","BA","Serra Preta",14699,7524.19,29012,"Feira de Santana",2,"Nordeste",0,"293040",2,10,4,6,3,7,0,0,0,0,0,10,4,6,3,7,8,8.92587844262733,9.59553474324199,0.286610414206537,29
"9704","BA","Serra Preta",14699,7524.19,29012,"Feira de Santana",2,"Nordeste",0,"293040",3,7,2,5,1,6,0,0,0,0,0,7,2,5,1,6,10,8.92587844262733,9.59553474324199,0.356823612161494,31
"9705","BA","Serra Preta",14699,7524.19,29012,"Feira de Santana",2,"Nordeste",0,"293040",4,6,2,4,3,3,0,0,0,0,0,6,2,4,3,3,10,8.92587844262733,9.59553474324199,0.396238682154101,30
"9706","BA","Serra Preta",14699,7524.19,29012,"Feira de Santana",2,"Nordeste",0,"293040",5,7,2,5,3,4,0,0,0,0,0,7,2,5,3,4,12,8.92587844262733,9.59553474324199,0.375003080087207,31
"9707","BA","Serra Preta",14699,7524.19,29012,"Feira de Santana",2,"Nordeste",0,"293040",6,10,4,6,5,5,0,0,0,0,0,10,4,6,5,5,14,8.92587844262733,9.59553474324199,0.376170410161544,30
"9708","BA","Serra Preta",14699,7524.19,29012,"Feira de Santana",2,"Nordeste",0,"293040",7,8,1,7,4,4,0,0,0,0,0,8,1,7,4,4,21,8.92587844262733,9.59553474324199,0.437686269440938,29
"9709","BA","Serrinha",81286,10814.03,29016,"Serrinha",2,"Nordeste",1,"293050",2,120,40,80,47,73,0,0,0,0,0,120,40,80,47,73,48,9.28859964411972,11.3057290789855,0.269281577511246,29
"9710","BA","Serrinha",81286,10814.03,29016,"Serrinha",2,"Nordeste",1,"293050",3,107,33,74,42,65,0,0,0,0,0,107,33,74,42,65,50,9.28859964411972,11.3057290789855,0.362300990466497,31
"9711","BA","Serrinha",81286,10814.03,29016,"Serrinha",2,"Nordeste",1,"293050",4,62,23,39,23,39,3,0,0,0,0,65,23,39,23,39,49,9.28859964411972,11.3057290789855,0.411369207804976,30
"9712","BA","Serrinha",81286,10814.03,29016,"Serrinha",2,"Nordeste",1,"293050",5,74,17,57,30,44,3,0,0,0,0,77,17,57,30,44,71,9.28859964411972,11.3057290789855,0.381845638029378,31
"9713","BA","Serrinha",81286,10814.03,29016,"Serrinha",2,"Nordeste",1,"293050",6,72,19,53,26,46,1,0,0,0,0,73,19,53,26,46,57,9.28859964411972,11.3057290789855,0.363945564931967,30
"9714","BA","Serrinha",81286,10814.03,29016,"Serrinha",2,"Nordeste",1,"293050",7,62,11,51,20,42,1,0,0,0,0,63,11,51,20,42,53,9.28859964411972,11.3057290789855,0.381851942655219,29
"9715","BA","Serrolândia",13446,6977.85,29010,"Jacobina",2,"Nordeste",0,"293060",2,16,5,11,6,10,0,0,0,0,0,16,5,11,6,10,9,8.85049612538498,9.50643694302898,0.267231783336153,29
"9716","BA","Serrolândia",13446,6977.85,29010,"Jacobina",2,"Nordeste",0,"293060",3,18,6,12,8,10,0,0,0,0,0,18,6,12,8,10,13,8.85049612538498,9.50643694302898,0.355781933506918,31
"9717","BA","Serrolândia",13446,6977.85,29010,"Jacobina",2,"Nordeste",0,"293060",4,11,4,7,6,5,0,0,0,0,0,11,4,7,6,5,5,8.85049612538498,9.50643694302898,0.383984805206212,30
"9718","BA","Serrolândia",13446,6977.85,29010,"Jacobina",2,"Nordeste",0,"293060",5,6,4,2,0,6,0,0,0,0,0,6,4,2,0,6,11,8.85049612538498,9.50643694302898,0.381735442329776,31
"9719","BA","Serrolândia",13446,6977.85,29010,"Jacobina",2,"Nordeste",0,"293060",6,9,3,6,3,6,0,0,0,0,0,9,3,6,3,6,8,8.85049612538498,9.50643694302898,0.343626839446441,30
"9720","BA","Serrolândia",13446,6977.85,29010,"Jacobina",2,"Nordeste",0,"293060",7,13,3,10,7,6,0,0,0,0,0,13,3,10,7,6,10,8.85049612538498,9.50643694302898,0.349654922451751,29
"9721","BA","Simões Filho",135783,43740.28,29021,"Salvador",2,"Nordeste",1,"293070",2,174,63,111,81,93,1,0,0,0,0,175,63,111,81,93,60,10.6860246956735,11.8188133021763,0.284434375382918,29
"9722","BA","Simões Filho",135783,43740.28,29021,"Salvador",2,"Nordeste",1,"293070",3,161,59,102,66,95,3,0,0,0,0,164,59,102,66,95,84,10.6860246956735,11.8188133021763,0.380157371996384,31
"9723","BA","Simões Filho",135783,43740.28,29021,"Salvador",2,"Nordeste",1,"293070",4,124,44,80,54,70,0,0,0,0,0,124,44,80,54,70,77,10.6860246956735,11.8188133021763,0.443478162008715,30
"9724","BA","Simões Filho",135783,43740.28,29021,"Salvador",2,"Nordeste",1,"293070",5,125,34,91,49,76,1,0,0,0,0,126,34,91,49,76,79,10.6860246956735,11.8188133021763,0.421683365498993,31
"9725","BA","Simões Filho",135783,43740.28,29021,"Salvador",2,"Nordeste",1,"293070",6,129,39,90,56,73,1,0,0,0,0,130,39,90,56,73,105,10.6860246956735,11.8188133021763,0.394958829153378,30
"9726","BA","Simões Filho",135783,43740.28,29021,"Salvador",2,"Nordeste",1,"293070",7,153,61,92,60,93,5,0,0,0,0,158,61,92,60,93,91,10.6860246956735,11.8188133021763,0.392397109679713,29
"9727","BA","Sítio do Mato",13059,7305.55,29007,"Bom Jesus da Lapa",2,"Nordeste",0,"293075",2,36,9,27,20,16,0,0,0,0,0,36,9,27,20,16,10,8.89638961224723,9.47723283022041,0.339088427688421,29
"9728","BA","Sítio do Mato",13059,7305.55,29007,"Bom Jesus da Lapa",2,"Nordeste",0,"293075",3,22,7,15,13,9,0,0,0,0,0,22,7,15,13,9,6,8.89638961224723,9.47723283022041,0.397267349388973,31
"9729","BA","Sítio do Mato",13059,7305.55,29007,"Bom Jesus da Lapa",2,"Nordeste",0,"293075",4,8,2,6,4,4,0,0,0,0,0,8,2,6,4,4,6,8.89638961224723,9.47723283022041,0.415173624018634,30
"9730","BA","Sítio do Mato",13059,7305.55,29007,"Bom Jesus da Lapa",2,"Nordeste",0,"293075",5,16,6,10,5,11,0,0,0,0,0,16,6,10,5,11,1,8.89638961224723,9.47723283022041,0.404288165452646,31
"9731","BA","Sítio do Mato",13059,7305.55,29007,"Bom Jesus da Lapa",2,"Nordeste",0,"293075",6,7,2,5,0,7,0,0,0,0,0,7,2,5,0,7,5,8.89638961224723,9.47723283022041,0.381429506173143,30
"9732","BA","Sítio do Mato",13059,7305.55,29007,"Bom Jesus da Lapa",2,"Nordeste",0,"293075",7,8,2,6,3,5,1,0,0,0,0,9,2,6,3,5,7,8.89638961224723,9.47723283022041,0.44514877702371,29
"9733","BA","Sítio do Quinto",9701,7430.46,29013,"Jeremoabo",2,"Nordeste",0,"293076",2,12,8,4,4,8,0,0,0,0,0,12,8,4,4,8,5,8.91334304696632,9.17998425196128,0.292658853356493,29
"9734","BA","Sítio do Quinto",9701,7430.46,29013,"Jeremoabo",2,"Nordeste",0,"293076",3,11,1,10,5,6,0,0,0,0,0,11,1,10,5,6,7,8.91334304696632,9.17998425196128,0.383654702567817,31
"9735","BA","Sítio do Quinto",9701,7430.46,29013,"Jeremoabo",2,"Nordeste",0,"293076",4,12,5,7,7,5,0,0,0,0,0,12,5,7,7,5,11,8.91334304696632,9.17998425196128,0.398846651896867,30
"9736","BA","Sítio do Quinto",9701,7430.46,29013,"Jeremoabo",2,"Nordeste",0,"293076",5,18,7,11,8,10,0,0,0,0,0,18,7,11,8,10,3,8.91334304696632,9.17998425196128,0.404976813554622,31
"9737","BA","Sítio do Quinto",9701,7430.46,29013,"Jeremoabo",2,"Nordeste",0,"293076",6,7,4,3,3,4,0,0,0,0,0,7,4,3,3,4,5,8.91334304696632,9.17998425196128,0.405931432113667,30
"9738","BA","Sítio do Quinto",9701,7430.46,29013,"Jeremoabo",2,"Nordeste",0,"293076",7,9,6,3,3,6,0,0,0,0,0,9,6,3,3,6,7,8.91334304696632,9.17998425196128,0.456497265302625,29
"9739","BA","Sobradinho",23233,30335.78,29004,"Juazeiro",2,"Nordeste",1,"293077",2,55,20,35,27,28,1,0,0,0,0,56,20,35,27,28,14,10.3200831529187,10.0533289607753,0.293683750774807,29
"9740","BA","Sobradinho",23233,30335.78,29004,"Juazeiro",2,"Nordeste",1,"293077",3,52,20,32,34,18,1,0,0,0,0,53,20,32,34,18,20,10.3200831529187,10.0533289607753,0.370825206918213,31
"9741","BA","Sobradinho",23233,30335.78,29004,"Juazeiro",2,"Nordeste",1,"293077",4,38,13,25,15,23,1,0,0,0,0,39,13,25,15,23,10,10.3200831529187,10.0533289607753,0.390773639226096,30
"9742","BA","Sobradinho",23233,30335.78,29004,"Juazeiro",2,"Nordeste",1,"293077",5,31,18,13,9,22,0,0,0,0,0,31,18,13,9,22,15,10.3200831529187,10.0533289607753,0.387406002743944,31
"9743","BA","Sobradinho",23233,30335.78,29004,"Juazeiro",2,"Nordeste",1,"293077",6,33,15,18,14,19,0,0,0,0,0,33,15,18,14,19,23,10.3200831529187,10.0533289607753,0.419446647958263,30
"9744","BA","Sobradinho",23233,30335.78,29004,"Juazeiro",2,"Nordeste",1,"293077",7,37,13,24,21,16,1,0,0,0,0,38,13,24,21,16,15,10.3200831529187,10.0533289607753,0.409846010034522,29
"9745","BA","Souto Soares",17050,6873.05,29009,"Irecê",2,"Nordeste",0,"293080",2,18,3,15,9,9,1,0,0,0,0,19,3,15,9,9,6,8.83536324593874,9.74390548271166,0.310445158583797,29
"9746","BA","Souto Soares",17050,6873.05,29009,"Irecê",2,"Nordeste",0,"293080",3,22,9,13,9,13,0,0,0,0,0,22,9,13,9,13,12,8.83536324593874,9.74390548271166,0.411274991790551,31
"9747","BA","Souto Soares",17050,6873.05,29009,"Irecê",2,"Nordeste",0,"293080",4,10,3,7,1,9,0,0,0,0,0,10,3,7,1,9,5,8.83536324593874,9.74390548271166,0.443658224591495,30
"9748","BA","Souto Soares",17050,6873.05,29009,"Irecê",2,"Nordeste",0,"293080",5,8,3,5,2,6,0,0,0,0,0,8,3,5,2,6,16,8.83536324593874,9.74390548271166,0.425043673469209,31
"9749","BA","Souto Soares",17050,6873.05,29009,"Irecê",2,"Nordeste",0,"293080",6,14,2,12,8,6,0,0,0,0,0,14,2,12,8,6,9,8.83536324593874,9.74390548271166,0.4030517775704,30
"9750","BA","Souto Soares",17050,6873.05,29009,"Irecê",2,"Nordeste",0,"293080",7,7,2,5,2,5,0,0,0,0,0,7,2,5,2,5,9,8.83536324593874,9.74390548271166,0.469730835404226,29
"9751","BA","Tabocas do Brejo Velho",12516,12079.3,29002,"Cotegipe",2,"Nordeste",0,"293090",2,12,2,10,6,6,0,0,0,0,0,12,2,10,6,6,2,9.39924852278994,9.43476310478877,0.278808095043349,29
"9752","BA","Tabocas do Brejo Velho",12516,12079.3,29002,"Cotegipe",2,"Nordeste",0,"293090",3,8,1,7,2,6,0,0,0,0,0,8,1,7,2,6,5,9.39924852278994,9.43476310478877,0.341912033753428,31
"9753","BA","Tabocas do Brejo Velho",12516,12079.3,29002,"Cotegipe",2,"Nordeste",0,"293090",4,9,1,8,3,6,0,0,0,0,0,9,1,8,3,6,2,9.39924852278994,9.43476310478877,0.360040076917155,30
"9754","BA","Tabocas do Brejo Velho",12516,12079.3,29002,"Cotegipe",2,"Nordeste",0,"293090",5,26,3,23,9,17,0,0,0,0,0,26,3,23,9,17,7,9.39924852278994,9.43476310478877,0.359663006939532,31
"9755","BA","Tabocas do Brejo Velho",12516,12079.3,29002,"Cotegipe",2,"Nordeste",0,"293090",6,10,3,7,4,6,0,0,0,0,0,10,3,7,4,6,3,9.39924852278994,9.43476310478877,0.345446904580029,30
"9756","BA","Tabocas do Brejo Velho",12516,12079.3,29002,"Cotegipe",2,"Nordeste",0,"293090",7,7,3,4,1,6,0,0,0,0,0,7,3,4,1,6,2,9.39924852278994,9.43476310478877,0.424060490804611,29
"9757","BA","Tanhaçu",20393,8991.6,29027,"Brumado",2,"Nordeste",0,"293100",2,39,16,23,15,24,0,0,0,0,0,39,16,23,15,24,11,9.10404608715826,9.92294698369235,0.284610238927434,29
"9758","BA","Tanhaçu",20393,8991.6,29027,"Brumado",2,"Nordeste",0,"293100",3,34,9,25,11,23,1,0,0,0,0,35,9,25,11,23,13,9.10404608715826,9.92294698369235,0.349363467461189,31
"9759","BA","Tanhaçu",20393,8991.6,29027,"Brumado",2,"Nordeste",0,"293100",4,23,6,17,7,16,0,0,0,0,0,23,6,17,7,16,15,9.10404608715826,9.92294698369235,0.387949449212441,30
"9760","BA","Tanhaçu",20393,8991.6,29027,"Brumado",2,"Nordeste",0,"293100",5,19,9,10,5,14,1,0,0,0,0,20,9,10,5,14,13,9.10404608715826,9.92294698369235,0.374134428846633,31
"9761","BA","Tanhaçu",20393,8991.6,29027,"Brumado",2,"Nordeste",0,"293100",6,23,7,16,7,16,1,0,0,0,0,24,7,16,7,16,11,9.10404608715826,9.92294698369235,0.355717052736791,30
"9762","BA","Tanhaçu",20393,8991.6,29027,"Brumado",2,"Nordeste",0,"293100",7,10,3,7,4,6,0,0,0,0,0,10,3,7,4,6,14,9.10404608715826,9.92294698369235,0.399014971548971,29
"9763","BA","Tanque Novo",17443,9531.18,29022,"Boquira",2,"Nordeste",0,"293105",2,37,18,19,12,25,0,0,0,0,0,37,18,19,12,25,3,9.16232380850056,9.76669370101813,0.252581090369074,29
"9764","BA","Tanque Novo",17443,9531.18,29022,"Boquira",2,"Nordeste",0,"293105",3,23,7,16,7,16,0,0,0,0,0,23,7,16,7,16,8,9.16232380850056,9.76669370101813,0.327148380553889,31
"9765","BA","Tanque Novo",17443,9531.18,29022,"Boquira",2,"Nordeste",0,"293105",4,17,4,13,4,13,0,0,0,0,0,17,4,13,4,13,6,9.16232380850056,9.76669370101813,0.369524789320396,30
"9766","BA","Tanque Novo",17443,9531.18,29022,"Boquira",2,"Nordeste",0,"293105",5,14,3,11,2,12,0,0,0,0,0,14,3,11,2,12,6,9.16232380850056,9.76669370101813,0.362860998966256,31
"9767","BA","Tanque Novo",17443,9531.18,29022,"Boquira",2,"Nordeste",0,"293105",6,12,4,8,5,7,0,0,0,0,0,12,4,8,5,7,8,9.16232380850056,9.76669370101813,0.335999434748055,30
"9768","BA","Tanque Novo",17443,9531.18,29022,"Boquira",2,"Nordeste",0,"293105",7,15,5,10,7,8,0,0,0,0,0,15,5,10,7,8,8,9.16232380850056,9.76669370101813,0.384032371227782,29
"9769","BA","Tanquinho",7928,6797.37,29012,"Feira de Santana",2,"Nordeste",0,"293110",2,9,2,7,4,5,0,0,0,0,0,9,2,7,4,5,9,8.82429105164556,8.97815607600982,0.26215509601505,29
"9770","BA","Tanquinho",7928,6797.37,29012,"Feira de Santana",2,"Nordeste",0,"293110",3,6,3,3,2,4,0,0,0,0,0,6,3,3,2,4,10,8.82429105164556,8.97815607600982,0.342199376939088,31
"9771","BA","Tanquinho",7928,6797.37,29012,"Feira de Santana",2,"Nordeste",0,"293110",4,5,2,3,3,2,0,0,0,0,0,5,2,3,3,2,8,8.82429105164556,8.97815607600982,0.36647604363435,30
"9772","BA","Tanquinho",7928,6797.37,29012,"Feira de Santana",2,"Nordeste",0,"293110",5,1,1,0,0,1,0,0,0,0,0,1,1,0,0,1,4,8.82429105164556,8.97815607600982,0.361954351794113,31
"9773","BA","Tanquinho",7928,6797.37,29012,"Feira de Santana",2,"Nordeste",0,"293110",6,4,3,1,2,2,0,0,0,0,0,4,3,1,2,2,5,8.82429105164556,8.97815607600982,0.382895375475557,30
"9774","BA","Tanquinho",7928,6797.37,29012,"Feira de Santana",2,"Nordeste",0,"293110",7,5,2,3,3,2,0,0,0,0,0,5,2,3,3,2,10,8.82429105164556,8.97815607600982,0.397504187817883,29
"9775","BA","Taperoá",21253,8030.32,29030,"Valença",2,"Nordeste",0,"293120",2,33,13,20,13,20,1,0,0,0,0,34,13,20,13,20,5,8.99097965670719,9.96425334085869,0.278557702170167,29
"9776","BA","Taperoá",21253,8030.32,29030,"Valença",2,"Nordeste",0,"293120",3,22,11,11,11,11,0,0,0,0,0,22,11,11,11,11,7,8.99097965670719,9.96425334085869,0.369035932310463,31
"9777","BA","Taperoá",21253,8030.32,29030,"Valença",2,"Nordeste",0,"293120",4,14,4,10,6,8,0,0,0,0,0,14,4,10,6,8,14,8.99097965670719,9.96425334085869,0.422170003362795,30
"9778","BA","Taperoá",21253,8030.32,29030,"Valença",2,"Nordeste",0,"293120",5,26,11,15,15,11,0,0,0,0,0,26,11,15,15,11,9,8.99097965670719,9.96425334085869,0.422540688854,31
"9779","BA","Taperoá",21253,8030.32,29030,"Valença",2,"Nordeste",0,"293120",6,20,5,15,7,13,0,0,0,0,0,20,5,15,7,13,11,8.99097965670719,9.96425334085869,0.402191427620532,30
"9780","BA","Taperoá",21253,8030.32,29030,"Valença",2,"Nordeste",0,"293120",7,23,9,14,11,12,2,0,0,0,0,25,9,14,11,12,14,8.99097965670719,9.96425334085869,0.471556879780904,29
"9781","BA","Tapiramutá",16974,6432.6,29011,"Itaberaba",2,"Nordeste",0,"293130",2,7,1,6,2,5,0,0,0,0,0,7,1,6,2,5,5,8.76913409009025,9.73943804052962,0.284621656286947,29
"9782","BA","Tapiramutá",16974,6432.6,29011,"Itaberaba",2,"Nordeste",0,"293130",3,9,5,4,1,8,0,0,0,0,0,9,5,4,1,8,8,8.76913409009025,9.73943804052962,0.36436925917151,31
"9783","BA","Tapiramutá",16974,6432.6,29011,"Itaberaba",2,"Nordeste",0,"293130",4,8,5,3,4,4,0,0,0,0,0,8,5,3,4,4,5,8.76913409009025,9.73943804052962,0.38619696233589,30
"9784","BA","Tapiramutá",16974,6432.6,29011,"Itaberaba",2,"Nordeste",0,"293130",5,3,0,3,1,2,0,0,0,0,0,3,0,3,1,2,3,8.76913409009025,9.73943804052962,0.375143011787061,31
"9785","BA","Tapiramutá",16974,6432.6,29011,"Itaberaba",2,"Nordeste",0,"293130",6,12,4,8,7,5,1,0,0,0,0,13,4,8,7,5,1,8.76913409009025,9.73943804052962,0.370145399519886,30
"9786","BA","Tapiramutá",16974,6432.6,29011,"Itaberaba",2,"Nordeste",0,"293130",7,6,3,3,5,1,0,0,0,0,0,6,3,3,5,1,6,8.76913409009025,9.73943804052962,0.44057461302393,29
"9787","BA","Teixeira de Freitas",162438,16319.99,29032,"Porto Seguro",2,"Nordeste",1,"293135",2,368,89,279,152,216,2,0,0,0,0,370,89,279,152,216,83,9.70014601577281,11.9980516694861,0.288381128010263,29
"9788","BA","Teixeira de Freitas",162438,16319.99,29032,"Porto Seguro",2,"Nordeste",1,"293135",3,342,90,252,142,200,1,0,0,0,0,343,90,252,142,200,87,9.70014601577281,11.9980516694861,0.369642489130394,31
"9789","BA","Teixeira de Freitas",162438,16319.99,29032,"Porto Seguro",2,"Nordeste",1,"293135",4,220,71,149,84,136,0,0,0,0,0,220,71,149,84,136,76,9.70014601577281,11.9980516694861,0.386787010802989,30
"9790","BA","Teixeira de Freitas",162438,16319.99,29032,"Porto Seguro",2,"Nordeste",1,"293135",5,234,70,164,106,128,0,0,0,0,0,234,70,164,106,128,92,9.70014601577281,11.9980516694861,0.369828467227005,31
"9791","BA","Teixeira de Freitas",162438,16319.99,29032,"Porto Seguro",2,"Nordeste",1,"293135",6,217,60,157,83,134,2,0,0,0,0,219,60,157,83,134,115,9.70014601577281,11.9980516694861,0.376641446741191,30
"9792","BA","Teixeira de Freitas",162438,16319.99,29032,"Porto Seguro",2,"Nordeste",1,"293135",7,219,60,159,91,128,5,0,0,0,0,224,60,159,91,128,109,9.70014601577281,11.9980516694861,0.383150738275697,29
"9793","BA","Teodoro Sampaio",7359,9684.91,29012,"Feira de Santana",2,"Nordeste",0,"293140",2,10,2,8,4,6,1,0,0,0,0,11,2,8,4,6,4,9.17832428307722,8.9036793329266,0.298286635955666,29
"9794","BA","Teodoro Sampaio",7359,9684.91,29012,"Feira de Santana",2,"Nordeste",0,"293140",3,7,1,6,3,4,0,0,0,0,0,7,1,6,3,4,7,9.17832428307722,8.9036793329266,0.381786433672545,31
"9795","BA","Teodoro Sampaio",7359,9684.91,29012,"Feira de Santana",2,"Nordeste",0,"293140",4,4,2,2,0,4,0,0,0,0,0,4,2,2,0,4,3,9.17832428307722,8.9036793329266,0.416534881834375,30
"9796","BA","Teodoro Sampaio",7359,9684.91,29012,"Feira de Santana",2,"Nordeste",0,"293140",5,6,3,3,1,5,0,0,0,0,0,6,3,3,1,5,5,9.17832428307722,8.9036793329266,0.406238167984096,31
"9797","BA","Teodoro Sampaio",7359,9684.91,29012,"Feira de Santana",2,"Nordeste",0,"293140",6,7,3,4,4,3,0,0,0,0,0,7,3,4,4,3,6,9.17832428307722,8.9036793329266,0.392202788406651,30
"9798","BA","Teodoro Sampaio",7359,9684.91,29012,"Feira de Santana",2,"Nordeste",0,"293140",7,1,0,1,1,0,0,0,0,0,0,1,0,1,1,0,4,9.17832428307722,8.9036793329266,0.407768325134534,29
"9799","BA","Teofilândia",22555,7038.51,29016,"Serrinha",2,"Nordeste",0,"293150",2,21,8,13,9,12,0,0,0,0,0,21,8,13,9,12,8,8.85915177902428,10.0237120498425,0.281983038044026,29
"9800","BA","Teofilândia",22555,7038.51,29016,"Serrinha",2,"Nordeste",0,"293150",3,27,8,19,10,17,0,0,0,0,0,27,8,19,10,17,12,8.85915177902428,10.0237120498425,0.39288703287621,31
"9801","BA","Teofilândia",22555,7038.51,29016,"Serrinha",2,"Nordeste",0,"293150",4,16,6,10,8,8,0,0,0,0,0,16,6,10,8,8,9,8.85915177902428,10.0237120498425,0.431589418308322,30
"9802","BA","Teofilândia",22555,7038.51,29016,"Serrinha",2,"Nordeste",0,"293150",5,16,8,8,10,6,0,0,0,0,0,16,8,8,10,6,8,8.85915177902428,10.0237120498425,0.425929140745027,31
"9803","BA","Teofilândia",22555,7038.51,29016,"Serrinha",2,"Nordeste",0,"293150",6,21,5,16,9,12,1,0,0,0,0,22,5,16,9,12,10,8.85915177902428,10.0237120498425,0.412803404642404,30
"9804","BA","Teofilândia",22555,7038.51,29016,"Serrinha",2,"Nordeste",0,"293150",7,14,3,11,3,11,0,0,0,0,0,14,3,11,3,11,17,8.85915177902428,10.0237120498425,0.440106756838005,29
"9805","BA","Teolândia",15022,11399.35,29031,"Ilhéus-Itabuna",2,"Nordeste",0,"293160",2,26,13,13,11,15,0,0,0,0,0,26,13,13,11,15,5,9.34131161521316,9.61727107224596,0.264131120550711,29
"9806","BA","Teolândia",15022,11399.35,29031,"Ilhéus-Itabuna",2,"Nordeste",0,"293160",3,11,4,7,6,5,0,0,0,0,0,11,4,7,6,5,6,9.34131161521316,9.61727107224596,0.367301776837964,31
"9807","BA","Teolândia",15022,11399.35,29031,"Ilhéus-Itabuna",2,"Nordeste",0,"293160",4,18,7,11,7,11,0,0,0,0,0,18,7,11,7,11,3,9.34131161521316,9.61727107224596,0.371514850082081,30
"9808","BA","Teolândia",15022,11399.35,29031,"Ilhéus-Itabuna",2,"Nordeste",0,"293160",5,14,3,11,8,6,0,0,0,0,0,14,3,11,8,6,5,9.34131161521316,9.61727107224596,0.416722184813092,31
"9809","BA","Teolândia",15022,11399.35,29031,"Ilhéus-Itabuna",2,"Nordeste",0,"293160",6,15,5,10,7,8,0,0,0,0,0,15,5,10,7,8,8,9.34131161521316,9.61727107224596,0.425065037462921,30
"9810","BA","Teolândia",15022,11399.35,29031,"Ilhéus-Itabuna",2,"Nordeste",0,"293160",7,10,3,7,3,7,0,0,0,0,0,10,3,7,3,7,1,9.34131161521316,9.61727107224596,0.440737627637708,29
"9811","BA","Terra Nova",13025,8907.66,29019,"Catu",2,"Nordeste",0,"293170",2,13,6,7,6,7,1,0,0,0,0,14,6,7,6,7,2,9.09466685970991,9.47462586662157,0.289860235680557,29
"9812","BA","Terra Nova",13025,8907.66,29019,"Catu",2,"Nordeste",0,"293170",3,22,7,15,9,13,0,0,0,0,0,22,7,15,9,13,7,9.09466685970991,9.47462586662157,0.374493311517954,31
"9813","BA","Terra Nova",13025,8907.66,29019,"Catu",2,"Nordeste",0,"293170",4,8,7,1,5,3,0,0,0,0,0,8,7,1,5,3,6,9.09466685970991,9.47462586662157,0.405852871909443,30
"9814","BA","Terra Nova",13025,8907.66,29019,"Catu",2,"Nordeste",0,"293170",5,9,3,6,2,7,0,0,0,0,0,9,3,6,2,7,7,9.09466685970991,9.47462586662157,0.404567640684097,31
"9815","BA","Terra Nova",13025,8907.66,29019,"Catu",2,"Nordeste",0,"293170",6,6,3,3,4,2,0,0,0,0,0,6,3,3,4,2,10,9.09466685970991,9.47462586662157,0.43617782418162,30
"9816","BA","Terra Nova",13025,8907.66,29019,"Catu",2,"Nordeste",0,"293170",7,6,2,4,3,3,0,0,0,0,0,6,2,4,3,3,11,9.09466685970991,9.47462586662157,0.432249734782282,29
"9817","BA","Tremedal",16189,6818.22,29027,"Brumado",2,"Nordeste",0,"293180",2,19,8,11,4,15,1,0,0,0,0,20,8,11,4,15,6,8.8273537197044,9.69208727824151,0.281092365151592,29
"9818","BA","Tremedal",16189,6818.22,29027,"Brumado",2,"Nordeste",0,"293180",3,33,15,18,11,22,1,0,0,0,0,34,15,18,11,22,14,8.8273537197044,9.69208727824151,0.355720872567719,31
"9819","BA","Tremedal",16189,6818.22,29027,"Brumado",2,"Nordeste",0,"293180",4,19,5,14,7,12,0,0,0,0,0,19,5,14,7,12,16,8.8273537197044,9.69208727824151,0.372861090414886,30
"9820","BA","Tremedal",16189,6818.22,29027,"Brumado",2,"Nordeste",0,"293180",5,10,1,9,3,7,0,0,0,0,0,10,1,9,3,7,15,8.8273537197044,9.69208727824151,0.413495128566087,31
"9821","BA","Tremedal",16189,6818.22,29027,"Brumado",2,"Nordeste",0,"293180",6,14,7,7,6,8,0,0,0,0,0,14,7,7,6,8,8,8.8273537197044,9.69208727824151,0.395833883103705,30
"9822","BA","Tremedal",16189,6818.22,29027,"Brumado",2,"Nordeste",0,"293180",7,16,5,11,3,13,0,0,0,0,0,16,5,11,3,13,11,8.8273537197044,9.69208727824151,0.475237936521312,29
"9823","BA","Tucano",50798,8924.09,29014,"Euclides da Cunha",2,"Nordeste",0,"293190",2,64,23,41,31,33,0,0,0,0,0,64,23,41,31,33,18,9.09650964066517,10.8356122627128,0.29064623664158,29
"9824","BA","Tucano",50798,8924.09,29014,"Euclides da Cunha",2,"Nordeste",0,"293190",3,65,24,41,27,38,0,0,0,0,0,65,24,41,27,38,17,9.09650964066517,10.8356122627128,0.38168034661271,31
"9825","BA","Tucano",50798,8924.09,29014,"Euclides da Cunha",2,"Nordeste",0,"293190",4,42,16,26,21,21,1,0,0,0,0,43,16,26,21,21,14,9.09650964066517,10.8356122627128,0.412008176715723,30
"9826","BA","Tucano",50798,8924.09,29014,"Euclides da Cunha",2,"Nordeste",0,"293190",5,61,22,39,27,34,1,0,0,0,0,62,22,39,27,34,22,9.09650964066517,10.8356122627128,0.417058818949001,31
"9827","BA","Tucano",50798,8924.09,29014,"Euclides da Cunha",2,"Nordeste",0,"293190",6,45,17,28,15,30,0,0,0,0,0,45,17,28,15,30,20,9.09650964066517,10.8356122627128,0.402962953077118,30
"9828","BA","Tucano",50798,8924.09,29014,"Euclides da Cunha",2,"Nordeste",0,"293190",7,53,20,33,20,33,0,0,0,0,0,53,20,33,20,33,26,9.09650964066517,10.8356122627128,0.428798868386857,29
"9829","BA","Uauá",24113,7922.56,29014,"Euclides da Cunha",2,"Nordeste",0,"293200",2,38,7,31,15,23,0,0,0,0,0,38,7,31,15,23,16,8.97746966490339,10.0905063931317,0.283784420209825,29
"9830","BA","Uauá",24113,7922.56,29014,"Euclides da Cunha",2,"Nordeste",0,"293200",3,28,5,23,13,15,0,0,0,0,0,28,5,23,13,15,12,8.97746966490339,10.0905063931317,0.379966804515816,31
"9831","BA","Uauá",24113,7922.56,29014,"Euclides da Cunha",2,"Nordeste",0,"293200",4,23,7,16,14,9,1,0,0,0,0,24,7,16,14,9,12,8.97746966490339,10.0905063931317,0.422703411144312,30
"9832","BA","Uauá",24113,7922.56,29014,"Euclides da Cunha",2,"Nordeste",0,"293200",5,24,7,17,17,7,0,0,0,0,0,24,7,17,17,7,12,8.97746966490339,10.0905063931317,0.419037607179143,31
"9833","BA","Uauá",24113,7922.56,29014,"Euclides da Cunha",2,"Nordeste",0,"293200",6,27,12,15,14,13,1,0,0,0,0,28,12,15,14,13,15,8.97746966490339,10.0905063931317,0.408007657180988,30
"9834","BA","Uauá",24113,7922.56,29014,"Euclides da Cunha",2,"Nordeste",0,"293200",7,25,8,17,7,18,0,0,0,0,0,25,8,17,7,18,22,8.97746966490339,10.0905063931317,0.487125827182433,29
"9835","BA","Ubaíra",19877,8477.56,29024,"Jequié",2,"Nordeste",0,"293210",2,20,6,14,7,13,0,0,0,0,0,20,6,14,7,13,13,9.04517795153299,9.8973185633906,0.27223584760817,29
"9836","BA","Ubaíra",19877,8477.56,29024,"Jequié",2,"Nordeste",0,"293210",3,22,7,15,12,10,1,0,0,0,0,23,7,15,12,10,14,9.04517795153299,9.8973185633906,0.364340698051587,31
"9837","BA","Ubaíra",19877,8477.56,29024,"Jequié",2,"Nordeste",0,"293210",4,15,7,8,12,3,0,0,0,0,0,15,7,8,12,3,9,9.04517795153299,9.8973185633906,0.376843399236644,30
"9838","BA","Ubaíra",19877,8477.56,29024,"Jequié",2,"Nordeste",0,"293210",5,12,5,7,6,6,2,0,0,0,0,14,5,7,6,6,14,9.04517795153299,9.8973185633906,0.392030195636568,31
"9839","BA","Ubaíra",19877,8477.56,29024,"Jequié",2,"Nordeste",0,"293210",6,19,10,9,4,15,0,0,0,0,0,19,10,9,4,15,10,9.04517795153299,9.8973185633906,0.392714528017242,30
"9840","BA","Ubaíra",19877,8477.56,29024,"Jequié",2,"Nordeste",0,"293210",7,13,8,5,7,6,0,0,0,0,0,13,8,5,7,6,13,9.04517795153299,9.8973185633906,0.433473175414932,29
"9841","BA","Ubaitaba",18847,11008.54,29031,"Ilhéus-Itabuna",2,"Nordeste",0,"293220",2,31,12,19,16,15,0,0,0,0,0,31,12,19,16,15,11,9.30642661420251,9.84410902901663,0.275403739226967,29
"9842","BA","Ubaitaba",18847,11008.54,29031,"Ilhéus-Itabuna",2,"Nordeste",0,"293220",3,33,14,19,13,20,0,0,0,0,0,33,14,19,13,20,9,9.30642661420251,9.84410902901663,0.371102206980146,31
"9843","BA","Ubaitaba",18847,11008.54,29031,"Ilhéus-Itabuna",2,"Nordeste",0,"293220",4,20,7,13,6,14,1,0,0,0,0,21,7,13,6,14,7,9.30642661420251,9.84410902901663,0.389344662379905,30
"9844","BA","Ubaitaba",18847,11008.54,29031,"Ilhéus-Itabuna",2,"Nordeste",0,"293220",5,20,8,12,16,4,0,0,0,0,0,20,8,12,16,4,13,9.30642661420251,9.84410902901663,0.400570524473127,31
"9845","BA","Ubaitaba",18847,11008.54,29031,"Ilhéus-Itabuna",2,"Nordeste",0,"293220",6,11,7,4,5,6,0,0,0,0,0,11,7,4,5,6,14,9.30642661420251,9.84410902901663,0.363154982643925,30
"9846","BA","Ubaitaba",18847,11008.54,29031,"Ilhéus-Itabuna",2,"Nordeste",0,"293220",7,26,11,15,10,16,1,0,0,0,0,27,11,15,10,16,25,9.30642661420251,9.84410902901663,0.451257788796046,29
"9847","BA","Ubatã",27263,7204.87,29031,"Ilhéus-Itabuna",2,"Nordeste",0,"293230",2,18,7,11,8,10,0,0,0,0,0,18,7,11,8,10,7,8.88251246524517,10.2132857505526,0.282087004413778,29
"9848","BA","Ubatã",27263,7204.87,29031,"Ilhéus-Itabuna",2,"Nordeste",0,"293230",3,27,9,18,11,16,0,0,0,0,0,27,9,18,11,16,13,8.88251246524517,10.2132857505526,0.370968945688149,31
"9849","BA","Ubatã",27263,7204.87,29031,"Ilhéus-Itabuna",2,"Nordeste",0,"293230",4,15,5,10,9,6,0,0,0,0,0,15,5,10,9,6,8,8.88251246524517,10.2132857505526,0.41535308606986,30
"9850","BA","Ubatã",27263,7204.87,29031,"Ilhéus-Itabuna",2,"Nordeste",0,"293230",5,17,5,12,9,8,0,0,0,0,0,17,5,12,9,8,21,8.88251246524517,10.2132857505526,0.386499735527984,31
"9851","BA","Ubatã",27263,7204.87,29031,"Ilhéus-Itabuna",2,"Nordeste",0,"293230",6,18,9,9,7,11,0,0,0,0,0,18,9,9,7,11,15,8.88251246524517,10.2132857505526,0.364142531576793,30
"9852","BA","Ubatã",27263,7204.87,29031,"Ilhéus-Itabuna",2,"Nordeste",0,"293230",7,24,9,15,11,13,0,0,0,0,0,24,9,15,11,13,25,8.88251246524517,10.2132857505526,0.436563557754883,29
"9853","BA","Uibaí",13891,6406.49,29009,"Irecê",2,"Nordeste",0,"293240",2,9,3,6,1,8,0,0,0,0,0,9,3,6,1,8,8,8.76506681803372,9.53899642739739,0.303668691792954,29
"9854","BA","Uibaí",13891,6406.49,29009,"Irecê",2,"Nordeste",0,"293240",3,14,6,8,9,5,0,0,0,0,0,14,6,8,9,5,7,8.76506681803372,9.53899642739739,0.389016055447144,31
"9855","BA","Uibaí",13891,6406.49,29009,"Irecê",2,"Nordeste",0,"293240",4,12,4,8,6,6,0,0,0,0,0,12,4,8,6,6,14,8.76506681803372,9.53899642739739,0.437209765041925,30
"9856","BA","Uibaí",13891,6406.49,29009,"Irecê",2,"Nordeste",0,"293240",5,14,5,9,6,8,0,0,0,0,0,14,5,9,6,8,8,8.76506681803372,9.53899642739739,0.414292364321058,31
"9857","BA","Uibaí",13891,6406.49,29009,"Irecê",2,"Nordeste",0,"293240",6,3,0,3,2,1,0,0,0,0,0,3,0,3,2,1,16,8.76506681803372,9.53899642739739,0.390490090941035,30
"9858","BA","Uibaí",13891,6406.49,29009,"Irecê",2,"Nordeste",0,"293240",7,14,7,7,6,8,0,0,0,0,0,14,7,7,6,8,13,8.76506681803372,9.53899642739739,0.450213095855019,29
"9859","BA","Umburanas",19402,7899.7,29008,"Senhor do Bonfim",2,"Nordeste",0,"293245",2,30,15,15,19,11,0,0,0,0,0,30,15,15,19,11,5,8.97458006305051,9.87313143252123,0.258624994446629,29
"9860","BA","Umburanas",19402,7899.7,29008,"Senhor do Bonfim",2,"Nordeste",0,"293245",3,24,8,16,14,10,0,0,0,0,0,24,8,16,14,10,3,8.97458006305051,9.87313143252123,0.328981306521296,31
"9861","BA","Umburanas",19402,7899.7,29008,"Senhor do Bonfim",2,"Nordeste",0,"293245",4,7,4,3,5,2,0,0,0,0,0,7,4,3,5,2,7,8.97458006305051,9.87313143252123,0.359385770287678,30
"9862","BA","Umburanas",19402,7899.7,29008,"Senhor do Bonfim",2,"Nordeste",0,"293245",5,11,2,9,8,3,0,0,0,0,0,11,2,9,8,3,4,8.97458006305051,9.87313143252123,0.39608100738819,31
"9863","BA","Umburanas",19402,7899.7,29008,"Senhor do Bonfim",2,"Nordeste",0,"293245",6,8,2,6,5,3,0,0,0,0,0,8,2,6,5,3,4,8.97458006305051,9.87313143252123,0.379404491843801,30
"9864","BA","Umburanas",19402,7899.7,29008,"Senhor do Bonfim",2,"Nordeste",0,"293245",7,15,6,9,11,4,0,0,0,0,0,15,6,9,11,4,6,8.97458006305051,9.87313143252123,0.39826655419889,29
"9865","BA","Una",18544,13415.79,29031,"Ilhéus-Itabuna",2,"Nordeste",0,"293250",2,29,7,22,16,13,1,0,0,0,0,30,7,22,16,13,4,9.50418765042884,9.82790156557953,0.315403310387796,29
"9866","BA","Una",18544,13415.79,29031,"Ilhéus-Itabuna",2,"Nordeste",0,"293250",3,28,13,15,10,18,0,0,0,0,0,28,13,15,10,18,8,9.50418765042884,9.82790156557953,0.390035988668119,31
"9867","BA","Una",18544,13415.79,29031,"Ilhéus-Itabuna",2,"Nordeste",0,"293250",4,19,7,12,12,7,0,0,0,0,0,19,7,12,12,7,11,9.50418765042884,9.82790156557953,0.402457343970018,30
"9868","BA","Una",18544,13415.79,29031,"Ilhéus-Itabuna",2,"Nordeste",0,"293250",5,25,14,11,14,11,1,0,0,0,0,26,14,11,14,11,12,9.50418765042884,9.82790156557953,0.390389083165138,31
"9869","BA","Una",18544,13415.79,29031,"Ilhéus-Itabuna",2,"Nordeste",0,"293250",6,23,11,12,10,13,1,0,0,0,0,24,11,12,10,13,11,9.50418765042884,9.82790156557953,0.388002724783896,30
"9870","BA","Una",18544,13415.79,29031,"Ilhéus-Itabuna",2,"Nordeste",0,"293250",7,18,6,12,12,6,0,0,0,0,0,18,6,12,12,6,21,9.50418765042884,9.82790156557953,0.439381638693766,29
"9871","BA","Urandi",16665,9687,29026,"Guanambi",2,"Nordeste",0,"293260",2,7,1,6,3,4,0,0,0,0,0,7,1,6,3,4,6,9.17854005942639,9.72106599074184,0.298114198135375,29
"9872","BA","Urandi",16665,9687,29026,"Guanambi",2,"Nordeste",0,"293260",3,5,1,4,2,3,1,0,0,0,0,6,1,4,2,3,10,9.17854005942639,9.72106599074184,0.384184530422538,31
"9873","BA","Urandi",16665,9687,29026,"Guanambi",2,"Nordeste",0,"293260",4,1,0,1,0,1,1,0,0,0,0,2,0,1,0,1,12,9.17854005942639,9.72106599074184,0.380992573679062,30
"9874","BA","Urandi",16665,9687,29026,"Guanambi",2,"Nordeste",0,"293260",5,1,0,1,0,1,1,0,0,0,0,2,0,1,0,1,13,9.17854005942639,9.72106599074184,0.431219050115441,31
"9875","BA","Urandi",16665,9687,29026,"Guanambi",2,"Nordeste",0,"293260",6,1,0,1,0,1,1,0,0,0,0,2,0,1,0,1,7,9.17854005942639,9.72106599074184,0.387727659274912,30
"9876","BA","Urandi",16665,9687,29026,"Guanambi",2,"Nordeste",0,"293260",7,6,1,5,2,4,0,0,0,0,0,6,1,5,2,4,7,9.17854005942639,9.72106599074184,0.420528252476177,29
"9877","BA","Uruçuca",20413,11066.82,29031,"Ilhéus-Itabuna",2,"Nordeste",0,"293270",2,35,18,17,18,17,0,0,0,0,0,35,18,17,18,17,18,9.31170672156217,9.92392723177358,0.286439606481671,29
"9878","BA","Uruçuca",20413,11066.82,29031,"Ilhéus-Itabuna",2,"Nordeste",0,"293270",3,32,16,16,18,14,0,0,0,0,0,32,16,16,18,14,11,9.31170672156217,9.92392723177358,0.369608996978532,31
"9879","BA","Uruçuca",20413,11066.82,29031,"Ilhéus-Itabuna",2,"Nordeste",0,"293270",4,25,8,17,9,16,0,0,0,0,0,25,8,17,9,16,17,9.31170672156217,9.92392723177358,0.437986635590418,30
"9880","BA","Uruçuca",20413,11066.82,29031,"Ilhéus-Itabuna",2,"Nordeste",0,"293270",5,31,12,19,15,16,0,0,0,0,0,31,12,19,15,16,21,9.31170672156217,9.92392723177358,0.430158282426047,31
"9881","BA","Uruçuca",20413,11066.82,29031,"Ilhéus-Itabuna",2,"Nordeste",0,"293270",6,26,9,17,10,16,1,0,0,0,0,27,9,17,10,16,17,9.31170672156217,9.92392723177358,0.415510797795828,30
"9882","BA","Uruçuca",20413,11066.82,29031,"Ilhéus-Itabuna",2,"Nordeste",0,"293270",7,22,9,13,10,12,0,0,0,0,0,22,9,13,10,12,20,9.31170672156217,9.92392723177358,0.3937545785956,29
"9883","BA","Utinga",19256,8329.77,29023,"Seabra",2,"Nordeste",0,"293280",2,31,9,22,14,17,0,0,0,0,0,31,9,22,14,17,9,9.02759112373528,9.86557797946291,0.292064552742224,29
"9884","BA","Utinga",19256,8329.77,29023,"Seabra",2,"Nordeste",0,"293280",3,26,12,14,15,11,0,0,0,0,0,26,12,14,15,11,16,9.02759112373528,9.86557797946291,0.361347170080572,31
"9885","BA","Utinga",19256,8329.77,29023,"Seabra",2,"Nordeste",0,"293280",4,18,5,13,10,8,0,0,0,0,0,18,5,13,10,8,6,9.02759112373528,9.86557797946291,0.390244793168688,30
"9886","BA","Utinga",19256,8329.77,29023,"Seabra",2,"Nordeste",0,"293280",5,15,3,12,6,9,0,0,0,0,0,15,3,12,6,9,10,9.02759112373528,9.86557797946291,0.381288116066466,31
"9887","BA","Utinga",19256,8329.77,29023,"Seabra",2,"Nordeste",0,"293280",6,23,5,18,6,17,0,0,0,0,0,23,5,18,6,17,16,9.02759112373528,9.86557797946291,0.354681102683908,30
"9888","BA","Utinga",19256,8329.77,29023,"Seabra",2,"Nordeste",0,"293280",7,16,5,11,9,7,0,0,0,0,0,16,5,11,9,7,18,9.02759112373528,9.86557797946291,0.401562449066126,29
"9889","BA","Valença",97233,15175.39,29030,"Valença",2,"Nordeste",1,"293290",2,155,60,95,69,86,0,0,0,0,0,155,60,95,69,86,46,9.6274303157622,11.4848654390022,0.29248692359819,29
"9890","BA","Valença",97233,15175.39,29030,"Valença",2,"Nordeste",1,"293290",3,99,34,65,46,53,0,0,0,0,0,99,34,65,46,53,42,9.6274303157622,11.4848654390022,0.393448827748941,31
"9891","BA","Valença",97233,15175.39,29030,"Valença",2,"Nordeste",1,"293290",4,67,18,49,25,42,0,0,0,0,0,67,18,49,25,42,49,9.6274303157622,11.4848654390022,0.450096009309866,30
"9892","BA","Valença",97233,15175.39,29030,"Valença",2,"Nordeste",1,"293290",5,90,37,53,36,54,3,0,0,0,0,93,37,53,36,54,48,9.6274303157622,11.4848654390022,0.441639284890454,31
"9893","BA","Valença",97233,15175.39,29030,"Valença",2,"Nordeste",1,"293290",6,97,41,56,41,56,0,0,0,0,0,97,41,56,41,56,74,9.6274303157622,11.4848654390022,0.42476012502669,30
"9894","BA","Valença",97233,15175.39,29030,"Valença",2,"Nordeste",1,"293290",7,103,38,65,52,51,1,0,0,0,0,104,38,65,52,51,73,9.6274303157622,11.4848654390022,0.466588818901082,29
"9895","BA","Valente",28800,8021.56,29016,"Serrinha",2,"Nordeste",0,"293300",2,24,5,19,8,16,0,0,0,0,0,24,5,19,8,16,16,8.98988819566093,10.268130666124,0.252761367994015,29
"9896","BA","Valente",28800,8021.56,29016,"Serrinha",2,"Nordeste",0,"293300",3,25,11,14,16,9,1,0,0,0,0,26,11,14,16,9,15,8.98988819566093,10.268130666124,0.330698500765453,31
"9897","BA","Valente",28800,8021.56,29016,"Serrinha",2,"Nordeste",0,"293300",4,23,5,18,11,12,0,0,0,0,0,23,5,18,11,12,8,8.98988819566093,10.268130666124,0.366235904817243,30
"9898","BA","Valente",28800,8021.56,29016,"Serrinha",2,"Nordeste",0,"293300",5,17,5,12,5,12,0,0,0,0,0,17,5,12,5,12,18,8.98988819566093,10.268130666124,0.385559268405248,31
"9899","BA","Valente",28800,8021.56,29016,"Serrinha",2,"Nordeste",0,"293300",6,27,7,20,14,13,0,0,0,0,0,27,7,20,14,13,11,8.98988819566093,10.268130666124,0.342050719709484,30
"9900","BA","Valente",28800,8021.56,29016,"Serrinha",2,"Nordeste",0,"293300",7,25,4,21,10,15,0,0,0,0,0,25,4,21,10,15,13,8.98988819566093,10.268130666124,0.365492499585241,29
"9901","BA","Várzea da Roça",14121,6425.49,29011,"Itaberaba",2,"Nordeste",0,"293305",2,17,8,9,7,10,0,0,0,0,0,17,8,9,7,10,5,8.76802817144686,9.55541833006925,0.273039969712161,29
"9902","BA","Várzea da Roça",14121,6425.49,29011,"Itaberaba",2,"Nordeste",0,"293305",3,9,4,5,4,5,0,0,0,0,0,9,4,5,4,5,4,8.76802817144686,9.55541833006925,0.317924119793017,31
"9903","BA","Várzea da Roça",14121,6425.49,29011,"Itaberaba",2,"Nordeste",0,"293305",4,9,5,4,5,4,0,0,0,0,0,9,5,4,5,4,10,8.76802817144686,9.55541833006925,0.350151000072813,30
"9904","BA","Várzea da Roça",14121,6425.49,29011,"Itaberaba",2,"Nordeste",0,"293305",5,9,3,6,5,4,0,0,0,0,0,9,3,6,5,4,9,8.76802817144686,9.55541833006925,0.35661752196124,31
"9905","BA","Várzea da Roça",14121,6425.49,29011,"Itaberaba",2,"Nordeste",0,"293305",6,9,5,4,5,4,0,0,0,0,0,9,5,4,5,4,8,8.76802817144686,9.55541833006925,0.347447443201315,30
"9906","BA","Várzea da Roça",14121,6425.49,29011,"Itaberaba",2,"Nordeste",0,"293305",7,13,4,9,5,8,0,0,0,0,0,13,4,9,5,8,6,8.76802817144686,9.55541833006925,0.398305235655227,29
"9907","BA","Várzea do Poço",9210,9051.44,29010,"Jacobina",2,"Nordeste",0,"293310",2,6,2,4,2,4,0,0,0,0,0,6,2,4,2,4,2,9.11067914005846,9.12804512924935,0.221641966152648,29
"9908","BA","Várzea do Poço",9210,9051.44,29010,"Jacobina",2,"Nordeste",0,"293310",3,13,4,9,5,8,0,0,0,0,0,13,4,9,5,8,5,9.11067914005846,9.12804512924935,0.327449897150146,31
"9909","BA","Várzea do Poço",9210,9051.44,29010,"Jacobina",2,"Nordeste",0,"293310",4,5,0,5,2,3,0,0,0,0,0,5,0,5,2,3,6,9.11067914005846,9.12804512924935,0.360779485718346,30
"9910","BA","Várzea do Poço",9210,9051.44,29010,"Jacobina",2,"Nordeste",0,"293310",5,4,2,2,2,2,0,0,0,0,0,4,2,2,2,2,7,9.11067914005846,9.12804512924935,0.360686713709368,31
"9911","BA","Várzea do Poço",9210,9051.44,29010,"Jacobina",2,"Nordeste",0,"293310",6,6,2,4,3,3,0,0,0,0,0,6,2,4,3,3,2,9.11067914005846,9.12804512924935,0.347013486605013,30
"9912","BA","Várzea do Poço",9210,9051.44,29010,"Jacobina",2,"Nordeste",0,"293310",7,9,5,4,4,5,0,0,0,0,0,9,5,4,4,5,3,9.11067914005846,9.12804512924935,0.404776577576318,29
"9913","BA","Várzea Nova",12625,8308.48,29010,"Jacobina",2,"Nordeste",0,"293315",2,19,7,12,7,12,0,0,0,0,0,19,7,12,7,12,9,9.02503195896499,9.44343425414356,0.281876358703484,29
"9914","BA","Várzea Nova",12625,8308.48,29010,"Jacobina",2,"Nordeste",0,"293315",3,12,3,9,4,8,1,0,0,0,0,13,3,9,4,8,5,9.02503195896499,9.44343425414356,0.379205299939269,31
"9915","BA","Várzea Nova",12625,8308.48,29010,"Jacobina",2,"Nordeste",0,"293315",4,16,6,10,7,9,0,0,0,0,0,16,6,10,7,9,8,9.02503195896499,9.44343425414356,0.398042969064519,30
"9916","BA","Várzea Nova",12625,8308.48,29010,"Jacobina",2,"Nordeste",0,"293315",5,19,7,12,6,13,0,0,0,0,0,19,7,12,6,13,8,9.02503195896499,9.44343425414356,0.386132293727481,31
"9917","BA","Várzea Nova",12625,8308.48,29010,"Jacobina",2,"Nordeste",0,"293315",6,16,7,9,9,7,0,0,0,0,0,16,7,9,9,7,6,9.02503195896499,9.44343425414356,0.38214053252159,30
"9918","BA","Várzea Nova",12625,8308.48,29010,"Jacobina",2,"Nordeste",0,"293315",7,17,7,10,7,10,1,0,0,0,0,18,7,10,7,10,12,9.02503195896499,9.44343425414356,0.413926835075003,29
"9919","BA","Varzedo",8785,11320.1,29020,"Santo Antônio de Jesus",2,"Nordeste",0,"293317",2,12,2,10,9,3,0,0,0,0,0,12,2,10,9,3,3,9.33433518564042,9.0808010006212,0.266167322113557,29
"9920","BA","Varzedo",8785,11320.1,29020,"Santo Antônio de Jesus",2,"Nordeste",0,"293317",3,16,6,10,5,11,0,0,0,0,0,16,6,10,5,11,11,9.33433518564042,9.0808010006212,0.330753069323793,31
"9921","BA","Varzedo",8785,11320.1,29020,"Santo Antônio de Jesus",2,"Nordeste",0,"293317",4,12,4,8,3,9,0,0,0,0,0,12,4,8,3,9,7,9.33433518564042,9.0808010006212,0.390620718867762,30
"9922","BA","Varzedo",8785,11320.1,29020,"Santo Antônio de Jesus",2,"Nordeste",0,"293317",5,9,3,6,4,5,0,0,0,0,0,9,3,6,4,5,4,9.33433518564042,9.0808010006212,0.380764940555148,31
"9923","BA","Varzedo",8785,11320.1,29020,"Santo Antônio de Jesus",2,"Nordeste",0,"293317",6,7,1,6,2,5,0,0,0,0,0,7,1,6,2,5,6,9.33433518564042,9.0808010006212,0.372375762044403,30
"9924","BA","Varzedo",8785,11320.1,29020,"Santo Antônio de Jesus",2,"Nordeste",0,"293317",7,18,9,9,6,12,0,0,0,0,0,18,9,9,6,12,7,9.33433518564042,9.0808010006212,0.41737471260041,29
"9925","BA","Vera Cruz",43716,12650.04,29021,"Salvador",2,"Nordeste",1,"293320",2,75,21,54,29,46,1,0,0,0,0,76,21,54,29,46,31,9.445415656206,10.6854694467966,0.313137516233352,29
"9926","BA","Vera Cruz",43716,12650.04,29021,"Salvador",2,"Nordeste",1,"293320",3,73,23,50,31,42,1,0,0,0,0,74,23,50,31,42,27,9.445415656206,10.6854694467966,0.400928909654759,31
"9927","BA","Vera Cruz",43716,12650.04,29021,"Salvador",2,"Nordeste",1,"293320",4,39,17,22,22,17,2,0,0,0,0,41,17,22,22,17,30,9.445415656206,10.6854694467966,0.475692308511734,30
"9928","BA","Vera Cruz",43716,12650.04,29021,"Salvador",2,"Nordeste",1,"293320",5,38,16,22,19,19,2,0,0,0,0,40,16,22,19,19,24,9.445415656206,10.6854694467966,0.457202302125039,31
"9929","BA","Vera Cruz",43716,12650.04,29021,"Salvador",2,"Nordeste",1,"293320",6,30,10,20,12,18,2,0,0,0,0,32,10,20,12,18,30,9.445415656206,10.6854694467966,0.432267063945691,30
"9930","BA","Vera Cruz",43716,12650.04,29021,"Salvador",2,"Nordeste",1,"293320",7,45,13,32,15,30,1,0,0,0,0,46,13,32,15,30,39,9.445415656206,10.6854694467966,0.468504546560915,29
"9931","BA","Vitória da Conquista",341128,20761.05,29028,"Vitória da Conquista",2,"Nordeste",1,"293330",2,729,181,548,240,489,3,0,0,0,0,732,181,548,240,489,148,9.94083391403548,12.7400130524022,0.282326536115234,29
"9932","BA","Vitória da Conquista",341128,20761.05,29028,"Vitória da Conquista",2,"Nordeste",1,"293330",3,769,195,574,259,510,6,0,0,0,0,775,195,574,259,510,208,9.94083391403548,12.7400130524022,0.371229326530042,31
"9933","BA","Vitória da Conquista",341128,20761.05,29028,"Vitória da Conquista",2,"Nordeste",1,"293330",4,444,114,330,143,301,4,0,0,0,0,448,114,330,143,301,166,9.94083391403548,12.7400130524022,0.427107639050023,30
"9934","BA","Vitória da Conquista",341128,20761.05,29028,"Vitória da Conquista",2,"Nordeste",1,"293330",5,414,126,288,146,268,4,0,0,0,0,418,126,288,146,268,203,9.94083391403548,12.7400130524022,0.406910064563056,31
"9935","BA","Vitória da Conquista",341128,20761.05,29028,"Vitória da Conquista",2,"Nordeste",1,"293330",6,473,125,348,173,300,5,0,0,0,0,478,125,348,173,300,233,9.94083391403548,12.7400130524022,0.370231099964622,30
"9936","BA","Vitória da Conquista",341128,20761.05,29028,"Vitória da Conquista",2,"Nordeste",1,"293330",7,472,135,337,179,293,8,0,0,0,0,480,135,337,179,293,243,9.94083391403548,12.7400130524022,0.393266283419012,29
"9937","BA","Wagner",9344,7355.48,29023,"Seabra",2,"Nordeste",0,"293340",2,13,4,9,8,5,0,0,0,0,0,13,4,9,8,5,8,8.9032008926328,9.14248970506801,0.294342083202198,29
"9938","BA","Wagner",9344,7355.48,29023,"Seabra",2,"Nordeste",0,"293340",3,8,2,6,3,5,0,0,0,0,0,8,2,6,3,5,7,8.9032008926328,9.14248970506801,0.385321936612412,31
"9939","BA","Wagner",9344,7355.48,29023,"Seabra",2,"Nordeste",0,"293340",4,7,2,5,3,4,0,0,0,0,0,7,2,5,3,4,4,8.9032008926328,9.14248970506801,0.395959394717387,30
"9940","BA","Wagner",9344,7355.48,29023,"Seabra",2,"Nordeste",0,"293340",5,8,3,5,4,4,0,0,0,0,0,8,3,5,4,4,2,8.9032008926328,9.14248970506801,0.35568967796308,31
"9941","BA","Wagner",9344,7355.48,29023,"Seabra",2,"Nordeste",0,"293340",6,6,1,5,2,4,0,0,0,0,0,6,1,5,2,4,6,8.9032008926328,9.14248970506801,0.352182609304983,30
"9942","BA","Wagner",9344,7355.48,29023,"Seabra",2,"Nordeste",0,"293340",7,7,1,6,4,3,0,0,0,0,0,7,1,6,4,3,2,8.9032008926328,9.14248970506801,0.431439791481227,29
"9943","BA","Wanderley",12180,10371.85,29002,"Cotegipe",2,"Nordeste",0,"293345",2,16,7,9,11,5,0,0,0,0,0,16,7,9,11,5,6,9.24685068454087,9.40755054126389,0.264538699004884,29
"9944","BA","Wanderley",12180,10371.85,29002,"Cotegipe",2,"Nordeste",0,"293345",3,26,9,17,10,16,0,0,0,0,0,26,9,17,10,16,5,9.24685068454087,9.40755054126389,0.340061710931333,31
"9945","BA","Wanderley",12180,10371.85,29002,"Cotegipe",2,"Nordeste",0,"293345",4,9,4,5,6,3,0,0,0,0,0,9,4,5,6,3,4,9.24685068454087,9.40755054126389,0.320258213965512,30
"9946","BA","Wanderley",12180,10371.85,29002,"Cotegipe",2,"Nordeste",0,"293345",5,16,6,10,9,7,0,0,0,0,0,16,6,10,9,7,6,9.24685068454087,9.40755054126389,0.361874663144416,31
"9947","BA","Wanderley",12180,10371.85,29002,"Cotegipe",2,"Nordeste",0,"293345",6,17,11,6,9,8,0,0,0,0,0,17,11,6,9,8,5,9.24685068454087,9.40755054126389,0.326806336332887,30
"9948","BA","Wanderley",12180,10371.85,29002,"Cotegipe",2,"Nordeste",0,"293345",7,21,7,14,11,10,0,0,0,0,0,21,7,14,11,10,6,9.24685068454087,9.40755054126389,0.352254901101265,29
"9949","BA","Wenceslau Guimarães",20978,11512.21,29031,"Ilhéus-Itabuna",2,"Nordeste",0,"293350",2,50,22,28,22,28,0,0,0,0,0,50,22,28,22,28,12,9.35116349023543,9.95122954852155,0.278495724404023,29
"9950","BA","Wenceslau Guimarães",20978,11512.21,29031,"Ilhéus-Itabuna",2,"Nordeste",0,"293350",3,41,24,17,17,24,0,0,0,0,0,41,24,17,17,24,13,9.35116349023543,9.95122954852155,0.369599382615143,31
"9951","BA","Wenceslau Guimarães",20978,11512.21,29031,"Ilhéus-Itabuna",2,"Nordeste",0,"293350",4,26,13,13,12,14,1,0,0,0,0,27,13,13,12,14,9,9.35116349023543,9.95122954852155,0.391651774933026,30
"9952","BA","Wenceslau Guimarães",20978,11512.21,29031,"Ilhéus-Itabuna",2,"Nordeste",0,"293350",5,26,12,14,9,17,1,0,0,0,0,27,12,14,9,17,15,9.35116349023543,9.95122954852155,0.410329214806566,31
"9953","BA","Wenceslau Guimarães",20978,11512.21,29031,"Ilhéus-Itabuna",2,"Nordeste",0,"293350",6,31,15,16,16,15,0,0,0,0,0,31,15,16,16,15,13,9.35116349023543,9.95122954852155,0.405801797622244,30
"9954","BA","Wenceslau Guimarães",20978,11512.21,29031,"Ilhéus-Itabuna",2,"Nordeste",0,"293350",7,21,14,7,11,10,0,0,0,0,0,21,14,7,11,10,23,9.35116349023543,9.95122954852155,0.429635401460302,29
"9955","BA","Xique-Xique",46523,8442.06,29006,"Barra",2,"Nordeste",1,"293360",2,126,44,82,64,62,0,0,0,0,0,126,44,82,64,62,24,9.04098163363773,10.7477020929454,0.275621544439594,29
"9956","BA","Xique-Xique",46523,8442.06,29006,"Barra",2,"Nordeste",1,"293360",3,119,43,76,52,67,0,0,0,0,0,119,43,76,52,67,24,9.04098163363773,10.7477020929454,0.354841185726501,31
"9957","BA","Xique-Xique",46523,8442.06,29006,"Barra",2,"Nordeste",1,"293360",4,69,24,45,34,35,1,0,0,0,0,70,24,45,34,35,20,9.04098163363773,10.7477020929454,0.383786931710156,30
"9958","BA","Xique-Xique",46523,8442.06,29006,"Barra",2,"Nordeste",1,"293360",5,84,30,54,44,40,1,0,0,0,0,85,30,54,44,40,24,9.04098163363773,10.7477020929454,0.39163475067951,31
"9959","BA","Xique-Xique",46523,8442.06,29006,"Barra",2,"Nordeste",1,"293360",6,107,45,62,56,51,0,0,0,0,0,107,45,62,56,51,25,9.04098163363773,10.7477020929454,0.359277998134457,30
"9960","BA","Xique-Xique",46523,8442.06,29006,"Barra",2,"Nordeste",1,"293360",7,78,37,41,32,46,0,0,0,0,0,78,37,41,32,46,26,9.04098163363773,10.7477020929454,0.38592355020642,29
"9961","MG","Abaeté",23250,21286.43,31024,"Três Marias",3,"Sudeste",1,"310020",2,28,7,21,11,17,0,0,0,0,0,28,7,21,11,17,10,9.96582505946808,10.0540604110155,0.272318663920594,29
"9962","MG","Abaeté",23250,21286.43,31024,"Três Marias",3,"Sudeste",1,"310020",3,19,7,12,5,14,0,0,0,0,0,19,7,12,5,14,18,9.96582505946808,10.0540604110155,0.344851999357115,31
"9963","MG","Abaeté",23250,21286.43,31024,"Três Marias",3,"Sudeste",1,"310020",4,15,8,7,6,9,0,0,0,0,0,15,8,7,6,9,13,9.96582505946808,10.0540604110155,0.372330536433069,30
"9964","MG","Abaeté",23250,21286.43,31024,"Três Marias",3,"Sudeste",1,"310020",5,14,3,11,7,7,0,0,0,0,0,14,3,11,7,7,12,9.96582505946808,10.0540604110155,0.364179100826973,31
"9965","MG","Abaeté",23250,21286.43,31024,"Três Marias",3,"Sudeste",1,"310020",6,23,11,12,13,10,0,0,0,0,0,23,11,12,13,10,11,9.96582505946808,10.0540604110155,0.355320240640312,30
"9966","MG","Abaeté",23250,21286.43,31024,"Três Marias",3,"Sudeste",1,"310020",7,21,7,14,12,9,0,0,0,0,0,21,7,14,12,9,8,9.96582505946808,10.0540604110155,0.341534840657722,29
"9967","MG","Abre Campo",13444,13938.86,31061,"Manhuaçu",3,"Sudeste",0,"310030",2,22,3,19,9,13,0,0,0,0,0,22,3,19,9,13,7,9.54243590191734,9.506288188845,0.300748207614662,29
"9968","MG","Abre Campo",13444,13938.86,31061,"Manhuaçu",3,"Sudeste",0,"310030",3,27,8,19,12,15,0,0,0,0,0,27,8,19,12,15,9,9.54243590191734,9.506288188845,0.384970756086871,31
"9969","MG","Abre Campo",13444,13938.86,31061,"Manhuaçu",3,"Sudeste",0,"310030",4,17,4,13,7,10,0,0,0,0,0,17,4,13,7,10,7,9.54243590191734,9.506288188845,0.410828605523451,30
"9970","MG","Abre Campo",13444,13938.86,31061,"Manhuaçu",3,"Sudeste",0,"310030",5,6,1,5,1,5,1,0,0,0,0,7,1,5,1,5,11,9.54243590191734,9.506288188845,0.399563819749926,31
"9971","MG","Abre Campo",13444,13938.86,31061,"Manhuaçu",3,"Sudeste",0,"310030",6,15,3,12,6,9,0,0,0,0,0,15,3,12,6,9,10,9.54243590191734,9.506288188845,0.396274932058079,30
"9972","MG","Abre Campo",13444,13938.86,31061,"Manhuaçu",3,"Sudeste",0,"310030",7,15,7,8,6,9,0,0,0,0,0,15,7,8,6,9,10,9.54243590191734,9.506288188845,0.415004343128791,29
"9973","MG","Água Boa",13523,10181.74,31036,"Peçanha",3,"Sudeste",0,"310060",2,36,17,19,22,14,2,0,0,0,0,38,17,19,22,14,6,9.22835119887795,9.51214721847336,0.31370222263306,29
"9974","MG","Água Boa",13523,10181.74,31036,"Peçanha",3,"Sudeste",0,"310060",3,19,12,7,10,9,1,0,0,0,0,20,12,7,10,9,6,9.22835119887795,9.51214721847336,0.430839705345847,31
"9975","MG","Água Boa",13523,10181.74,31036,"Peçanha",3,"Sudeste",0,"310060",4,13,5,8,6,7,0,0,0,0,0,13,5,8,6,7,6,9.22835119887795,9.51214721847336,0.451138344653197,30
"9976","MG","Água Boa",13523,10181.74,31036,"Peçanha",3,"Sudeste",0,"310060",5,17,10,7,8,9,0,0,0,0,0,17,10,7,8,9,1,9.22835119887795,9.51214721847336,0.401750346474478,31
"9977","MG","Água Boa",13523,10181.74,31036,"Peçanha",3,"Sudeste",0,"310060",6,5,3,2,3,2,0,0,0,0,0,5,3,2,3,2,10,9.22835119887795,9.51214721847336,0.386884264967911,30
"9978","MG","Água Boa",13523,10181.74,31036,"Peçanha",3,"Sudeste",0,"310060",7,9,2,7,6,3,0,0,0,0,0,9,2,7,6,3,7,9.22835119887795,9.51214721847336,0.429033447121517,29
"9979","MG","Águas Formosas",19247,12107.63,31016,"Nanuque",3,"Sudeste",0,"310090",2,43,20,23,17,26,0,0,0,0,0,43,20,23,17,26,9,9.40159111136614,9.86511048341512,0.287950427749787,29
"9980","MG","Águas Formosas",19247,12107.63,31016,"Nanuque",3,"Sudeste",0,"310090",3,31,9,22,18,13,0,0,0,0,0,31,9,22,18,13,16,9.40159111136614,9.86511048341512,0.400284365580126,31
"9981","MG","Águas Formosas",19247,12107.63,31016,"Nanuque",3,"Sudeste",0,"310090",4,18,8,10,6,12,0,0,0,0,0,18,8,10,6,12,10,9.40159111136614,9.86511048341512,0.417552853151623,30
"9982","MG","Águas Formosas",19247,12107.63,31016,"Nanuque",3,"Sudeste",0,"310090",5,16,4,12,6,10,0,0,0,0,0,16,4,12,6,10,11,9.40159111136614,9.86511048341512,0.384039345739756,31
"9983","MG","Águas Formosas",19247,12107.63,31016,"Nanuque",3,"Sudeste",0,"310090",6,29,6,23,13,16,0,0,0,0,0,29,6,23,13,16,16,9.40159111136614,9.86511048341512,0.371073718087342,30
"9984","MG","Águas Formosas",19247,12107.63,31016,"Nanuque",3,"Sudeste",0,"310090",7,28,10,18,10,18,0,0,0,0,0,28,10,18,10,18,18,9.40159111136614,9.86511048341512,0.403624612459482,29
"9985","MG","Águas Vermelhas",13599,16163.09,31005,"Salinas",3,"Sudeste",0,"310100",2,18,5,13,6,12,0,0,0,0,0,18,5,13,6,12,5,9.69048552666752,9.51775153960896,0.332001966915149,29
"9986","MG","Águas Vermelhas",13599,16163.09,31005,"Salinas",3,"Sudeste",0,"310100",3,14,5,9,6,8,0,0,0,0,0,14,5,9,6,8,5,9.69048552666752,9.51775153960896,0.377816690162899,31
"9987","MG","Águas Vermelhas",13599,16163.09,31005,"Salinas",3,"Sudeste",0,"310100",4,8,5,3,4,4,0,0,0,0,0,8,5,3,4,4,7,9.69048552666752,9.51775153960896,0.38960056052652,30
"9988","MG","Águas Vermelhas",13599,16163.09,31005,"Salinas",3,"Sudeste",0,"310100",5,10,4,6,5,5,0,0,0,0,0,10,4,6,5,5,9,9.69048552666752,9.51775153960896,0.395718442543017,31
"9989","MG","Águas Vermelhas",13599,16163.09,31005,"Salinas",3,"Sudeste",0,"310100",6,14,3,11,1,13,0,0,0,0,0,14,3,11,1,13,1,9.69048552666752,9.51775153960896,0.382122898463315,30
"9990","MG","Águas Vermelhas",13599,16163.09,31005,"Salinas",3,"Sudeste",0,"310100",7,13,5,8,6,7,0,0,0,0,0,13,5,8,6,7,6,9.69048552666752,9.51775153960896,0.378006701868026,29
"9991","MG","Aimorés",25141,18105.07,31041,"Aimorés",3,"Sudeste",0,"310110",2,42,13,29,15,27,0,0,0,0,0,42,13,29,15,27,19,9.80394728852753,10.1322552586006,0.312251754930275,29
"9992","MG","Aimorés",25141,18105.07,31041,"Aimorés",3,"Sudeste",0,"310110",3,37,10,27,9,28,0,0,0,0,0,37,10,27,9,28,22,9.80394728852753,10.1322552586006,0.396195194999958,31
"9993","MG","Aimorés",25141,18105.07,31041,"Aimorés",3,"Sudeste",0,"310110",4,24,7,17,8,16,0,0,0,0,0,24,7,17,8,16,16,9.80394728852753,10.1322552586006,0.435547401858537,30
"9994","MG","Aimorés",25141,18105.07,31041,"Aimorés",3,"Sudeste",0,"310110",5,31,10,21,15,16,0,0,0,0,0,31,10,21,15,16,23,9.80394728852753,10.1322552586006,0.442385036840317,31
"9995","MG","Aimorés",25141,18105.07,31041,"Aimorés",3,"Sudeste",0,"310110",6,27,10,17,14,13,0,0,0,0,0,27,10,17,14,13,13,9.80394728852753,10.1322552586006,0.408970043870952,30
"9996","MG","Aimorés",25141,18105.07,31041,"Aimorés",3,"Sudeste",0,"310110",7,20,9,11,6,14,0,0,0,0,0,20,9,11,6,14,15,9.80394728852753,10.1322552586006,0.426361574780965,29
"9997","MG","Além Paraíba",35401,25797.76,31066,"Cataguases",3,"Sudeste",1,"310150",2,41,11,30,18,23,0,0,0,0,0,41,11,30,18,23,21,10.1580429454351,10.4744953473105,0.347700175213295,29
"9998","MG","Além Paraíba",35401,25797.76,31066,"Cataguases",3,"Sudeste",1,"310150",3,57,10,47,15,42,0,0,0,0,0,57,10,47,15,42,26,10.1580429454351,10.4744953473105,0.437639372400024,31
"9999","MG","Além Paraíba",35401,25797.76,31066,"Cataguases",3,"Sudeste",1,"310150",4,36,9,27,14,22,0,0,0,0,0,36,9,27,14,22,24,10.1580429454351,10.4744953473105,0.495274787365887,30
"10000","MG","Além Paraíba",35401,25797.76,31066,"Cataguases",3,"Sudeste",1,"310150",5,49,8,41,20,29,0,0,0,0,0,49,8,41,20,29,36,10.1580429454351,10.4744953473105,0.477515648794103,31
"10001","MG","Além Paraíba",35401,25797.76,31066,"Cataguases",3,"Sudeste",1,"310150",6,41,6,35,18,23,0,0,0,0,0,41,6,35,18,23,29,10.1580429454351,10.4744953473105,0.448826773265561,30
"10002","MG","Além Paraíba",35401,25797.76,31066,"Cataguases",3,"Sudeste",1,"310150",7,11,1,10,6,5,0,0,0,0,0,11,1,10,6,5,32,10.1580429454351,10.4744953473105,0.444335495452985,29
"10003","MG","Alfenas",80494,32762.64,31049,"Alfenas",3,"Sudeste",1,"310160",2,125,20,105,49,76,0,0,0,0,0,125,20,105,49,76,46,10.3970441208007,11.2959379264674,0.307693506053197,29
"10004","MG","Alfenas",80494,32762.64,31049,"Alfenas",3,"Sudeste",1,"310160",3,147,31,116,48,99,0,0,0,0,0,147,31,116,48,99,49,10.3970441208007,11.2959379264674,0.391411263668097,31
"10005","MG","Alfenas",80494,32762.64,31049,"Alfenas",3,"Sudeste",1,"310160",4,95,18,77,33,62,0,0,0,0,0,95,18,77,33,62,40,10.3970441208007,11.2959379264674,0.439821715181274,30
"10006","MG","Alfenas",80494,32762.64,31049,"Alfenas",3,"Sudeste",1,"310160",5,92,18,74,35,57,0,0,0,0,0,92,18,74,35,57,39,10.3970441208007,11.2959379264674,0.39768554927615,31
"10007","MG","Alfenas",80494,32762.64,31049,"Alfenas",3,"Sudeste",1,"310160",6,78,17,61,34,44,0,0,0,0,0,78,17,61,34,44,48,10.3970441208007,11.2959379264674,0.370271418178315,30
"10008","MG","Alfenas",80494,32762.64,31049,"Alfenas",3,"Sudeste",1,"310160",7,100,24,76,41,59,0,0,0,0,0,100,24,76,41,59,58,10.3970441208007,11.2959379264674,0.368154556064522,29
"10009","MG","Alfredo Vasconcelos",6981,13855.97,31059,"Barbacena",3,"Sudeste",1,"310163",2,10,2,8,3,7,0,0,0,0,0,10,2,8,3,7,3,9.53647146567285,8.8509474519704,0.311383266717068,29
"10010","MG","Alfredo Vasconcelos",6981,13855.97,31059,"Barbacena",3,"Sudeste",1,"310163",3,16,3,13,4,12,0,0,0,0,0,16,3,13,4,12,2,9.53647146567285,8.8509474519704,0.402696052747604,31
"10011","MG","Alfredo Vasconcelos",6981,13855.97,31059,"Barbacena",3,"Sudeste",1,"310163",4,7,3,4,2,5,0,0,0,0,0,7,3,4,2,5,5,9.53647146567285,8.8509474519704,0.424155452294299,30
"10012","MG","Alfredo Vasconcelos",6981,13855.97,31059,"Barbacena",3,"Sudeste",1,"310163",5,9,4,5,2,7,0,0,0,0,0,9,4,5,2,7,7,9.53647146567285,8.8509474519704,0.44766412372696,31
"10013","MG","Alfredo Vasconcelos",6981,13855.97,31059,"Barbacena",3,"Sudeste",1,"310163",6,12,5,7,3,9,1,0,0,0,0,13,5,7,3,9,1,9.53647146567285,8.8509474519704,0.409188435806752,30
"10014","MG","Alfredo Vasconcelos",6981,13855.97,31059,"Barbacena",3,"Sudeste",1,"310163",7,5,0,5,2,3,0,0,0,0,0,5,0,5,2,3,4,9.53647146567285,8.8509474519704,0.415312242140517,29
"10015","MG","Almenara",42143,12833.65,31014,"Almenara",3,"Sudeste",1,"310170",2,32,12,20,15,17,0,0,0,0,0,32,12,20,15,17,17,9.45982590662801,10.6488238760914,0.26413380232553,29
"10016","MG","Almenara",42143,12833.65,31014,"Almenara",3,"Sudeste",1,"310170",3,19,5,14,7,12,0,0,0,0,0,19,5,14,7,12,30,9.45982590662801,10.6488238760914,0.336338320747824,31
"10017","MG","Almenara",42143,12833.65,31014,"Almenara",3,"Sudeste",1,"310170",4,31,20,11,18,13,0,0,0,0,0,31,20,11,18,13,15,9.45982590662801,10.6488238760914,0.359986333427447,30
"10018","MG","Almenara",42143,12833.65,31014,"Almenara",3,"Sudeste",1,"310170",5,49,32,17,17,32,0,0,0,0,0,49,32,17,17,32,17,9.45982590662801,10.6488238760914,0.34591319854698,31
"10019","MG","Almenara",42143,12833.65,31014,"Almenara",3,"Sudeste",1,"310170",6,42,27,15,22,20,0,0,0,0,0,42,27,15,22,20,38,9.45982590662801,10.6488238760914,0.342919886983922,30
"10020","MG","Almenara",42143,12833.65,31014,"Almenara",3,"Sudeste",1,"310170",7,51,27,24,20,31,0,0,0,0,0,51,27,24,20,31,32,9.45982590662801,10.6488238760914,0.365175511432636,29
"10021","MG","Alpercata",7436,10644.77,31037,"Governador Valadares",3,"Sudeste",0,"310180",2,5,1,4,1,4,0,0,0,0,0,5,1,4,1,4,7,9.27282397070618,8.91408834884133,0.318168784840702,29
"10022","MG","Alpercata",7436,10644.77,31037,"Governador Valadares",3,"Sudeste",0,"310180",3,16,4,12,5,11,0,0,0,0,0,16,4,12,5,11,8,9.27282397070618,8.91408834884133,0.412173620282419,31
"10023","MG","Alpercata",7436,10644.77,31037,"Governador Valadares",3,"Sudeste",0,"310180",4,7,2,5,3,4,0,0,0,0,0,7,2,5,3,4,3,9.27282397070618,8.91408834884133,0.419661562787025,30
"10024","MG","Alpercata",7436,10644.77,31037,"Governador Valadares",3,"Sudeste",0,"310180",5,8,1,7,3,5,0,0,0,0,0,8,1,7,3,5,5,9.27282397070618,8.91408834884133,0.391382939477439,31
"10025","MG","Alpercata",7436,10644.77,31037,"Governador Valadares",3,"Sudeste",0,"310180",6,8,3,5,3,5,0,0,0,0,0,8,3,5,3,5,6,9.27282397070618,8.91408834884133,0.394384208342139,30
"10026","MG","Alpercata",7436,10644.77,31037,"Governador Valadares",3,"Sudeste",0,"310180",7,5,3,2,3,2,0,0,0,0,0,5,3,2,3,2,10,9.27282397070618,8.91408834884133,0.440626038747228,29
"10027","MG","Alpinópolis",19958,18048.35,31047,"Passos",3,"Sudeste",1,"310190",2,34,9,25,10,24,0,0,0,0,0,34,9,25,10,24,8,9.80080954684025,9.90138534444426,0.28898206549482,29
"10028","MG","Alpinópolis",19958,18048.35,31047,"Passos",3,"Sudeste",1,"310190",3,30,3,27,4,26,0,0,0,0,0,30,3,27,4,26,17,9.80080954684025,9.90138534444426,0.360509559378092,31
"10029","MG","Alpinópolis",19958,18048.35,31047,"Passos",3,"Sudeste",1,"310190",4,16,5,11,9,7,0,0,0,0,0,16,5,11,9,7,9,9.80080954684025,9.90138534444426,0.394347005982653,30
"10030","MG","Alpinópolis",19958,18048.35,31047,"Passos",3,"Sudeste",1,"310190",5,24,5,19,11,13,0,0,0,0,0,24,5,19,11,13,11,9.80080954684025,9.90138534444426,0.369065768687417,31
"10031","MG","Alpinópolis",19958,18048.35,31047,"Passos",3,"Sudeste",1,"310190",6,11,3,8,7,4,1,0,0,0,0,12,3,8,7,4,8,9.80080954684025,9.90138534444426,0.368343346897342,30
"10032","MG","Alpinópolis",19958,18048.35,31047,"Passos",3,"Sudeste",1,"310190",7,21,7,14,7,14,0,0,0,0,0,21,7,14,7,14,13,9.80080954684025,9.90138534444426,0.39584311607233,29
"10033","MG","Alterosa",14517,14738.41,31049,"Alfenas",3,"Sudeste",0,"310200",2,20,7,13,7,13,0,0,0,0,0,20,7,13,7,13,12,9.59821229018277,9.58307565546143,0.30463623568202,29
"10034","MG","Alterosa",14517,14738.41,31049,"Alfenas",3,"Sudeste",0,"310200",3,18,8,10,8,10,0,0,0,0,0,18,8,10,8,10,3,9.59821229018277,9.58307565546143,0.380438828302282,31
"10035","MG","Alterosa",14517,14738.41,31049,"Alfenas",3,"Sudeste",0,"310200",4,13,2,11,5,8,0,0,0,0,0,13,2,11,5,8,5,9.59821229018277,9.58307565546143,0.387917058484416,30
"10036","MG","Alterosa",14517,14738.41,31049,"Alfenas",3,"Sudeste",0,"310200",5,16,3,13,3,13,0,0,0,0,0,16,3,13,3,13,8,9.59821229018277,9.58307565546143,0.35853273626042,31
"10037","MG","Alterosa",14517,14738.41,31049,"Alfenas",3,"Sudeste",0,"310200",6,16,5,11,5,11,0,0,0,0,0,16,5,11,5,11,5,9.59821229018277,9.58307565546143,0.371327334244169,30
"10038","MG","Alterosa",14517,14738.41,31049,"Alfenas",3,"Sudeste",0,"310200",7,11,1,10,3,8,0,0,0,0,0,11,1,10,3,8,5,9.59821229018277,9.58307565546143,0.357505918912977,29
"10039","MG","Alvinópolis",15169,17741.25,31031,"Itabira",3,"Sudeste",0,"310230",2,13,1,12,2,11,0,0,0,0,0,13,1,12,2,11,8,9.78364771561347,9.62700915059167,0.314215628895267,29
"10040","MG","Alvinópolis",15169,17741.25,31031,"Itabira",3,"Sudeste",0,"310230",3,25,1,24,7,18,0,0,0,0,0,25,1,24,7,18,12,9.78364771561347,9.62700915059167,0.448316883014015,31
"10041","MG","Alvinópolis",15169,17741.25,31031,"Itabira",3,"Sudeste",0,"310230",4,11,1,10,5,6,0,0,0,0,0,11,1,10,5,6,9,9.78364771561347,9.62700915059167,0.484625155915062,30
"10042","MG","Alvinópolis",15169,17741.25,31031,"Itabira",3,"Sudeste",0,"310230",5,18,3,15,7,11,0,0,0,0,0,18,3,15,7,11,9,9.78364771561347,9.62700915059167,0.465177389744405,31
"10043","MG","Alvinópolis",15169,17741.25,31031,"Itabira",3,"Sudeste",0,"310230",6,12,2,10,2,10,0,0,0,0,0,12,2,10,2,10,13,9.78364771561347,9.62700915059167,0.42543819463026,30
"10044","MG","Alvinópolis",15169,17741.25,31031,"Itabira",3,"Sudeste",0,"310230",7,11,4,7,3,8,0,0,0,0,0,11,4,7,3,8,14,9.78364771561347,9.62700915059167,0.390340933785866,29
"10045","MG","Andradas",41396,21690.12,31051,"Poços de Caldas",3,"Sudeste",1,"310260",2,60,16,44,22,38,1,0,0,0,0,61,16,44,22,38,28,9.98461213630907,10.6309395367881,0.31431122763368,29
"10046","MG","Andradas",41396,21690.12,31051,"Poços de Caldas",3,"Sudeste",1,"310260",3,61,17,44,23,38,0,0,0,0,0,61,17,44,23,38,19,9.98461213630907,10.6309395367881,0.400764902397558,31
"10047","MG","Andradas",41396,21690.12,31051,"Poços de Caldas",3,"Sudeste",1,"310260",4,48,17,31,12,36,0,0,0,0,0,48,17,31,12,36,25,9.98461213630907,10.6309395367881,0.425424000271115,30
"10048","MG","Andradas",41396,21690.12,31051,"Poços de Caldas",3,"Sudeste",1,"310260",5,39,11,28,19,20,0,0,0,0,0,39,11,28,19,20,39,9.98461213630907,10.6309395367881,0.390693926662058,31
"10049","MG","Andradas",41396,21690.12,31051,"Poços de Caldas",3,"Sudeste",1,"310260",6,40,8,32,15,25,1,0,0,0,0,41,8,32,15,25,28,9.98461213630907,10.6309395367881,0.392329250178279,30
"10050","MG","Andradas",41396,21690.12,31051,"Poços de Caldas",3,"Sudeste",1,"310260",7,48,16,32,20,28,0,0,0,0,0,48,16,32,20,28,28,9.98461213630907,10.6309395367881,0.385158059335906,29
"10051","MG","Cachoeira de Pajeú",9442,10437.83,31013,"Pedra Azul",3,"Sudeste",0,"310270",2,0,0,0,0,0,0,0,0,0,0,0,0,0,0,0,6,9.25319198542578,9.15292310110623,0.30058990263474,29
"10052","MG","Cachoeira de Pajeú",9442,10437.83,31013,"Pedra Azul",3,"Sudeste",0,"310270",3,1,0,1,0,1,0,0,0,0,0,1,0,1,0,1,5,9.25319198542578,9.15292310110623,0.381842026216911,31
"10053","MG","Cachoeira de Pajeú",9442,10437.83,31013,"Pedra Azul",3,"Sudeste",0,"310270",4,1,1,0,0,1,0,0,0,0,0,1,1,0,0,1,4,9.25319198542578,9.15292310110623,0.407254338060118,30
"10054","MG","Cachoeira de Pajeú",9442,10437.83,31013,"Pedra Azul",3,"Sudeste",0,"310270",5,5,3,2,1,4,0,0,0,0,0,5,3,2,1,4,5,9.25319198542578,9.15292310110623,0.409495646955765,31
"10055","MG","Cachoeira de Pajeú",9442,10437.83,31013,"Pedra Azul",3,"Sudeste",0,"310270",6,2,1,1,1,1,0,0,0,0,0,2,1,1,1,1,3,9.25319198542578,9.15292310110623,0.379643129194382,30
"10056","MG","Cachoeira de Pajeú",9442,10437.83,31013,"Pedra Azul",3,"Sudeste",0,"310270",7,2,0,2,1,1,0,0,0,0,0,2,0,2,1,1,4,9.25319198542578,9.15292310110623,0.440592139832291,29
"10057","MG","Andrelândia",12206,19029.8,31055,"Andrelândia",3,"Sudeste",0,"310280",2,14,2,12,6,8,0,0,0,0,0,14,2,12,6,8,7,9.85376145051348,9.40968291310444,0.322306411366739,29
"10058","MG","Andrelândia",12206,19029.8,31055,"Andrelândia",3,"Sudeste",0,"310280",3,17,1,16,8,9,0,0,0,0,0,17,1,16,8,9,8,9.85376145051348,9.40968291310444,0.453159158247838,31
"10059","MG","Andrelândia",12206,19029.8,31055,"Andrelândia",3,"Sudeste",0,"310280",4,9,2,7,4,5,1,0,0,0,0,10,2,7,4,5,9,9.85376145051348,9.40968291310444,0.472070174825616,30
"10060","MG","Andrelândia",12206,19029.8,31055,"Andrelândia",3,"Sudeste",0,"310280",5,11,1,10,4,7,0,0,0,0,0,11,1,10,4,7,18,9.85376145051348,9.40968291310444,0.474469057564909,31
"10061","MG","Andrelândia",12206,19029.8,31055,"Andrelândia",3,"Sudeste",0,"310280",6,16,3,13,9,7,0,0,0,0,0,16,3,13,9,7,6,9.85376145051348,9.40968291310444,0.42554951356859,30
"10062","MG","Andrelândia",12206,19029.8,31055,"Andrelândia",3,"Sudeste",0,"310280",7,14,2,12,5,9,0,0,0,0,0,14,2,12,5,9,12,9.85376145051348,9.40968291310444,0.432406260644181,29
"10063","MG","Antônio Carlos",11459,14330,31059,"Barbacena",3,"Sudeste",1,"310290",2,23,6,17,4,19,0,0,0,0,0,23,6,17,4,19,9,9.57011052082222,9.34653072642645,0.347474352262682,29
"10064","MG","Antônio Carlos",11459,14330,31059,"Barbacena",3,"Sudeste",1,"310290",3,23,2,21,6,17,0,0,0,0,0,23,2,21,6,17,7,9.57011052082222,9.34653072642645,0.420473712664578,31
"10065","MG","Antônio Carlos",11459,14330,31059,"Barbacena",3,"Sudeste",1,"310290",4,15,0,15,4,11,0,0,0,0,0,15,0,15,4,11,7,9.57011052082222,9.34653072642645,0.464369112778716,30
"10066","MG","Antônio Carlos",11459,14330,31059,"Barbacena",3,"Sudeste",1,"310290",5,7,0,7,1,6,0,0,0,0,0,7,0,7,1,6,13,9.57011052082222,9.34653072642645,0.481203051966062,31
"10067","MG","Antônio Carlos",11459,14330,31059,"Barbacena",3,"Sudeste",1,"310290",6,5,2,3,2,3,0,0,0,0,0,5,2,3,2,3,4,9.57011052082222,9.34653072642645,0.439133797599619,30
"10068","MG","Antônio Carlos",11459,14330,31059,"Barbacena",3,"Sudeste",1,"310290",7,11,1,10,3,8,0,0,0,0,0,11,1,10,3,8,7,9.57011052082222,9.34653072642645,0.417408500880012,29
"10069","MG","Antônio Dias",9275,26636.74,31039,"Ipatinga",3,"Sudeste",0,"310300",2,21,6,15,8,13,0,0,0,0,0,21,6,15,8,13,4,10.1900467447938,9.13507788747564,0.356442865106498,29
"10070","MG","Antônio Dias",9275,26636.74,31039,"Ipatinga",3,"Sudeste",0,"310300",3,12,2,10,4,8,0,0,0,0,0,12,2,10,4,8,4,10.1900467447938,9.13507788747564,0.410805675426865,31
"10071","MG","Antônio Dias",9275,26636.74,31039,"Ipatinga",3,"Sudeste",0,"310300",4,12,7,5,5,7,0,0,0,0,0,12,7,5,5,7,2,10.1900467447938,9.13507788747564,0.434188861362999,30
"10072","MG","Antônio Dias",9275,26636.74,31039,"Ipatinga",3,"Sudeste",0,"310300",5,10,3,7,4,6,0,0,0,0,0,10,3,7,4,6,3,10.1900467447938,9.13507788747564,0.422240103496977,31
"10073","MG","Antônio Dias",9275,26636.74,31039,"Ipatinga",3,"Sudeste",0,"310300",6,4,1,3,2,2,0,0,0,0,0,4,1,3,2,2,11,10.1900467447938,9.13507788747564,0.427446214897456,30
"10074","MG","Antônio Dias",9275,26636.74,31039,"Ipatinga",3,"Sudeste",0,"310300",7,5,1,4,3,2,0,0,0,0,0,5,1,4,3,2,8,10.1900467447938,9.13507788747564,0.425157650826947,29
"10075","MG","Araçuaí",36712,10966.47,31012,"Araçuaí",3,"Sudeste",0,"310340",2,63,18,45,32,31,1,0,0,0,0,64,18,45,32,31,17,9.30259771479385,10.5108589560747,0.292559177603405,29
"10076","MG","Araçuaí",36712,10966.47,31012,"Araçuaí",3,"Sudeste",0,"310340",3,45,10,35,16,29,0,0,0,0,0,45,10,35,16,29,25,9.30259771479385,10.5108589560747,0.371597687094655,31
"10077","MG","Araçuaí",36712,10966.47,31012,"Araçuaí",3,"Sudeste",0,"310340",4,37,13,24,19,18,0,0,0,0,0,37,13,24,19,18,15,9.30259771479385,10.5108589560747,0.402984954942474,30
"10078","MG","Araçuaí",36712,10966.47,31012,"Araçuaí",3,"Sudeste",0,"310340",5,40,12,28,19,21,1,0,0,0,0,41,12,28,19,21,19,9.30259771479385,10.5108589560747,0.37809006070498,31
"10079","MG","Araçuaí",36712,10966.47,31012,"Araçuaí",3,"Sudeste",0,"310340",6,43,9,34,14,29,2,0,0,0,0,45,9,34,14,29,17,9.30259771479385,10.5108589560747,0.35136504952914,30
"10080","MG","Araçuaí",36712,10966.47,31012,"Araçuaí",3,"Sudeste",0,"310340",7,33,10,23,13,20,1,0,0,0,0,34,10,23,13,20,21,9.30259771479385,10.5108589560747,0.363438362854083,29
"10081","MG","Araguari",117825,39942.34,31018,"Uberlândia",3,"Sudeste",1,"310350",2,115,16,99,46,69,2,0,0,0,0,117,16,99,46,69,57,10.5951921931354,11.6769557517919,0.30762754986193,29
"10082","MG","Araguari",117825,39942.34,31018,"Uberlândia",3,"Sudeste",1,"310350",3,89,7,82,33,56,0,0,0,0,0,89,7,82,33,56,73,10.5951921931354,11.6769557517919,0.388121835523125,31
"10083","MG","Araguari",117825,39942.34,31018,"Uberlândia",3,"Sudeste",1,"310350",4,84,16,68,30,54,1,0,0,0,0,85,16,68,30,54,70,10.5951921931354,11.6769557517919,0.424800533182291,30
"10084","MG","Araguari",117825,39942.34,31018,"Uberlândia",3,"Sudeste",1,"310350",5,99,9,90,29,70,1,0,0,0,0,100,9,90,29,70,60,10.5951921931354,11.6769557517919,0.379594042415996,31
"10085","MG","Araguari",117825,39942.34,31018,"Uberlândia",3,"Sudeste",1,"310350",6,95,13,82,38,57,5,0,0,0,0,100,13,82,38,57,91,10.5951921931354,11.6769557517919,0.364278095017674,30
"10086","MG","Araguari",117825,39942.34,31018,"Uberlândia",3,"Sudeste",1,"310350",7,124,31,93,44,80,1,0,0,0,0,125,31,93,44,80,110,10.5951921931354,11.6769557517919,0.371533211178379,29
"10087","MG","Araporã",6931,189009.59,31018,"Uberlândia",3,"Sudeste",1,"310375",2,5,1,4,1,4,0,0,0,0,0,5,1,4,1,4,6,12.1495530334953,8.84375938191798,0.282191915585313,29
"10088","MG","Araporã",6931,189009.59,31018,"Uberlândia",3,"Sudeste",1,"310375",3,3,0,3,0,3,0,0,0,0,0,3,0,3,0,3,3,12.1495530334953,8.84375938191798,0.367850512285369,31
"10089","MG","Araporã",6931,189009.59,31018,"Uberlândia",3,"Sudeste",1,"310375",4,3,0,3,0,3,0,0,0,0,0,3,0,3,0,3,2,12.1495530334953,8.84375938191798,0.393051062994574,30
"10090","MG","Araporã",6931,189009.59,31018,"Uberlândia",3,"Sudeste",1,"310375",5,1,0,1,0,1,0,0,0,0,0,1,0,1,0,1,3,12.1495530334953,8.84375938191798,0.371049298611527,31
"10091","MG","Araporã",6931,189009.59,31018,"Uberlândia",3,"Sudeste",1,"310375",6,4,0,4,0,4,0,0,0,0,0,4,0,4,0,4,5,12.1495530334953,8.84375938191798,0.367998972864542,30
"10092","MG","Araporã",6931,189009.59,31018,"Uberlândia",3,"Sudeste",1,"310375",7,3,0,3,0,3,1,0,0,0,0,4,0,3,0,3,3,12.1495530334953,8.84375938191798,0.373564655012045,29
"10093","MG","Araújos",9401,33338.17,31026,"Bom Despacho",3,"Sudeste",0,"310390",2,12,1,11,3,9,0,0,0,0,0,12,1,11,3,9,1,10.4144582657761,9.14857134557855,0.295800479548736,29
"10094","MG","Araújos",9401,33338.17,31026,"Bom Despacho",3,"Sudeste",0,"310390",3,10,1,9,2,8,0,0,0,0,0,10,1,9,2,8,7,10.4144582657761,9.14857134557855,0.334642783752331,31
"10095","MG","Araújos",9401,33338.17,31026,"Bom Despacho",3,"Sudeste",0,"310390",4,10,3,7,2,8,0,0,0,0,0,10,3,7,2,8,0,10.4144582657761,9.14857134557855,0.387362647192354,30
"10096","MG","Araújos",9401,33338.17,31026,"Bom Despacho",3,"Sudeste",0,"310390",5,14,3,11,6,8,0,0,0,0,0,14,3,11,6,8,8,10.4144582657761,9.14857134557855,0.382346717939719,31
"10097","MG","Araújos",9401,33338.17,31026,"Bom Despacho",3,"Sudeste",0,"310390",6,12,3,9,1,11,0,0,0,0,0,12,3,9,1,11,5,10.4144582657761,9.14857134557855,0.337915642293873,30
"10098","MG","Araújos",9401,33338.17,31026,"Bom Despacho",3,"Sudeste",0,"310390",7,10,2,8,2,8,0,0,0,0,0,10,2,8,2,8,6,10.4144582657761,9.14857134557855,0.329079313688301,29
"10099","MG","Araxá",107337,58774.85,31023,"Araxá",3,"Sudeste",1,"310400",2,196,41,155,65,131,0,0,0,0,0,196,41,155,65,131,74,10.9814693212995,11.5837286967656,0.300774167408074,29
"10100","MG","Araxá",107337,58774.85,31023,"Araxá",3,"Sudeste",1,"310400",3,211,35,176,54,157,5,0,0,0,0,216,35,176,54,157,62,10.9814693212995,11.5837286967656,0.385909707151913,31
"10101","MG","Araxá",107337,58774.85,31023,"Araxá",3,"Sudeste",1,"310400",4,137,30,107,54,83,1,0,0,0,0,138,30,107,54,83,64,10.9814693212995,11.5837286967656,0.431645068173614,30
"10102","MG","Araxá",107337,58774.85,31023,"Araxá",3,"Sudeste",1,"310400",5,135,15,120,46,89,2,0,0,0,0,137,15,120,46,89,72,10.9814693212995,11.5837286967656,0.391793589223877,31
"10103","MG","Araxá",107337,58774.85,31023,"Araxá",3,"Sudeste",1,"310400",6,129,24,105,45,84,3,0,0,0,0,132,24,105,45,84,71,10.9814693212995,11.5837286967656,0.371858903682941,30
"10104","MG","Araxá",107337,58774.85,31023,"Araxá",3,"Sudeste",1,"310400",7,108,16,92,25,83,1,0,0,0,0,109,16,92,25,83,68,10.9814693212995,11.5837286967656,0.366592544280938,29
"10105","MG","Arcos",40380,31945.72,31044,"Formiga",3,"Sudeste",1,"310420",2,75,15,60,16,59,1,0,0,0,0,76,15,60,16,59,19,10.3717934915209,10.6060898918668,0.302317120137557,29
"10106","MG","Arcos",40380,31945.72,31044,"Formiga",3,"Sudeste",1,"310420",3,64,11,53,16,48,0,0,0,0,0,64,11,53,16,48,32,10.3717934915209,10.6060898918668,0.394842472046351,31
"10107","MG","Arcos",40380,31945.72,31044,"Formiga",3,"Sudeste",1,"310420",4,42,8,34,8,34,0,0,0,0,0,42,8,34,8,34,28,10.3717934915209,10.6060898918668,0.430952416302055,30
"10108","MG","Arcos",40380,31945.72,31044,"Formiga",3,"Sudeste",1,"310420",5,37,4,33,10,27,0,0,0,0,0,37,4,33,10,27,18,10.3717934915209,10.6060898918668,0.382688869234331,31
"10109","MG","Arcos",40380,31945.72,31044,"Formiga",3,"Sudeste",1,"310420",6,43,4,39,14,29,1,0,0,0,0,44,4,39,14,29,19,10.3717934915209,10.6060898918668,0.357333954629114,30
"10110","MG","Arcos",40380,31945.72,31044,"Formiga",3,"Sudeste",1,"310420",7,38,4,34,12,26,1,0,0,0,0,39,4,34,12,26,29,10.3717934915209,10.6060898918668,0.364524720281323,29
"10111","MG","Areado",15181,15383.32,31049,"Alfenas",3,"Sudeste",1,"310430",2,19,3,16,6,13,0,0,0,0,0,19,3,16,6,13,6,9.64103908452362,9.62779992493271,0.303182212260437,29
"10112","MG","Areado",15181,15383.32,31049,"Alfenas",3,"Sudeste",1,"310430",3,22,3,19,8,14,0,0,0,0,0,22,3,19,8,14,10,9.64103908452362,9.62779992493271,0.394629247276378,31
"10113","MG","Areado",15181,15383.32,31049,"Alfenas",3,"Sudeste",1,"310430",4,9,1,8,4,5,0,0,0,0,0,9,1,8,4,5,11,9.64103908452362,9.62779992493271,0.398532602841879,30
"10114","MG","Areado",15181,15383.32,31049,"Alfenas",3,"Sudeste",1,"310430",5,13,4,9,5,8,0,0,0,0,0,13,4,9,5,8,6,9.64103908452362,9.62779992493271,0.355223537767584,31
"10115","MG","Areado",15181,15383.32,31049,"Alfenas",3,"Sudeste",1,"310430",6,13,2,11,2,11,0,0,0,0,0,13,2,11,2,11,6,9.64103908452362,9.62779992493271,0.338735318494893,30
"10116","MG","Areado",15181,15383.32,31049,"Alfenas",3,"Sudeste",1,"310430",7,15,2,13,8,7,0,0,0,0,0,15,2,13,8,7,6,9.64103908452362,9.62779992493271,0.348221037787944,29
"10117","MG","Arinos",17862,12222.79,31001,"Unaí",3,"Sudeste",0,"310450",2,20,3,17,7,13,0,0,0,0,0,20,3,17,7,13,8,9.41105752090481,9.79043083024383,0.279375245853762,29
"10118","MG","Arinos",17862,12222.79,31001,"Unaí",3,"Sudeste",0,"310450",3,34,6,28,10,24,0,0,0,0,0,34,6,28,10,24,4,9.41105752090481,9.79043083024383,0.369382308222872,31
"10119","MG","Arinos",17862,12222.79,31001,"Unaí",3,"Sudeste",0,"310450",4,8,3,5,3,5,0,0,0,0,0,8,3,5,3,5,7,9.41105752090481,9.79043083024383,0.394404100142638,30
"10120","MG","Arinos",17862,12222.79,31001,"Unaí",3,"Sudeste",0,"310450",5,20,7,13,12,8,0,0,0,0,0,20,7,13,12,8,7,9.41105752090481,9.79043083024383,0.373842115654994,31
"10121","MG","Arinos",17862,12222.79,31001,"Unaí",3,"Sudeste",0,"310450",6,11,2,9,5,6,0,0,0,0,0,11,2,9,5,6,7,9.41105752090481,9.79043083024383,0.374940651210283,30
"10122","MG","Arinos",17862,12222.79,31001,"Unaí",3,"Sudeste",0,"310450",7,20,5,15,13,7,0,0,0,0,0,20,5,15,13,7,8,9.41105752090481,9.79043083024383,0.377683432892915,29
"10123","MG","Astolfo Dutra",14270,18898.37,31064,"Ubá",3,"Sudeste",0,"310460",2,11,4,7,1,10,0,0,0,0,0,11,4,7,1,10,15,9.84683095394232,9.56591471047088,0.314056554622788,29
"10124","MG","Astolfo Dutra",14270,18898.37,31064,"Ubá",3,"Sudeste",0,"310460",3,15,5,10,1,14,1,0,0,0,0,16,5,10,1,14,11,9.84683095394232,9.56591471047088,0.408897000733262,31
"10125","MG","Astolfo Dutra",14270,18898.37,31064,"Ubá",3,"Sudeste",0,"310460",4,19,6,13,7,12,0,0,0,0,0,19,6,13,7,12,5,9.84683095394232,9.56591471047088,0.436383519291813,30
"10126","MG","Astolfo Dutra",14270,18898.37,31064,"Ubá",3,"Sudeste",0,"310460",5,9,2,7,3,6,1,0,0,0,0,10,2,7,3,6,11,9.84683095394232,9.56591471047088,0.41960538380066,31
"10127","MG","Astolfo Dutra",14270,18898.37,31064,"Ubá",3,"Sudeste",0,"310460",6,9,2,7,2,7,0,0,0,0,0,9,2,7,2,7,10,9.84683095394232,9.56591471047088,0.393263079346531,30
"10128","MG","Astolfo Dutra",14270,18898.37,31064,"Ubá",3,"Sudeste",0,"310460",7,6,3,3,1,5,0,0,0,0,0,6,3,3,1,5,9,9.84683095394232,9.56591471047088,0.395293675202157,29
"10129","MG","Ataléia",12678,9689.69,31015,"Teófilo Otoni",3,"Sudeste",0,"310470",2,8,3,5,2,6,0,0,0,0,0,8,3,5,2,6,7,9.178817712629,9.44762348684411,0.280775670827699,29
"10130","MG","Ataléia",12678,9689.69,31015,"Teófilo Otoni",3,"Sudeste",0,"310470",3,14,4,10,6,8,0,0,0,0,0,14,4,10,6,8,5,9.178817712629,9.44762348684411,0.369984771582563,31
"10131","MG","Ataléia",12678,9689.69,31015,"Teófilo Otoni",3,"Sudeste",0,"310470",4,4,0,4,1,3,0,0,0,0,0,4,0,4,1,3,6,9.178817712629,9.44762348684411,0.406076959120536,30
"10132","MG","Ataléia",12678,9689.69,31015,"Teófilo Otoni",3,"Sudeste",0,"310470",5,16,9,7,5,11,0,0,0,0,0,16,9,7,5,11,11,9.178817712629,9.44762348684411,0.443795669698009,31
"10133","MG","Ataléia",12678,9689.69,31015,"Teófilo Otoni",3,"Sudeste",0,"310470",6,16,7,9,6,10,0,0,0,0,0,16,7,9,6,10,5,9.178817712629,9.44762348684411,0.435671869642225,30
"10134","MG","Ataléia",12678,9689.69,31015,"Teófilo Otoni",3,"Sudeste",0,"310470",7,17,6,11,7,10,0,0,0,0,0,17,6,11,7,10,10,9.178817712629,9.44762348684411,0.486389545827131,29
"10135","MG","Baependi",19199,14385.08,31054,"São Lourenço",3,"Sudeste",1,"310490",2,27,6,21,7,20,0,0,0,0,0,27,6,21,7,20,13,9.57394683731881,9.86261347332616,0.33481302256378,29
"10136","MG","Baependi",19199,14385.08,31054,"São Lourenço",3,"Sudeste",1,"310490",3,20,5,15,4,16,0,0,0,0,0,20,5,15,4,16,10,9.57394683731881,9.86261347332616,0.415442967441054,31
"10137","MG","Baependi",19199,14385.08,31054,"São Lourenço",3,"Sudeste",1,"310490",4,19,5,14,6,13,0,0,0,0,0,19,5,14,6,13,17,9.57394683731881,9.86261347332616,0.466712236834542,30
"10138","MG","Baependi",19199,14385.08,31054,"São Lourenço",3,"Sudeste",1,"310490",5,25,8,17,7,18,0,0,0,0,0,25,8,17,7,18,15,9.57394683731881,9.86261347332616,0.435148384162375,31
"10139","MG","Baependi",19199,14385.08,31054,"São Lourenço",3,"Sudeste",1,"310490",6,11,1,10,4,7,0,0,0,0,0,11,1,10,4,7,10,9.57394683731881,9.86261347332616,0.391596147465548,30
"10140","MG","Baependi",19199,14385.08,31054,"São Lourenço",3,"Sudeste",1,"310490",7,13,5,8,3,10,0,0,0,0,0,13,5,8,3,10,11,9.57394683731881,9.86261347332616,0.424452784107458,29
"10141","MG","Bambuí",23898,22762.91,31042,"Piuí",3,"Sudeste",1,"310510",2,45,9,36,15,30,0,0,0,0,0,45,9,36,15,30,13,10.0328877359549,10.0815500524097,0.298290045628223,29
"10142","MG","Bambuí",23898,22762.91,31042,"Piuí",3,"Sudeste",1,"310510",3,39,5,34,16,23,0,0,0,0,0,39,5,34,16,23,20,10.0328877359549,10.0815500524097,0.372934010664715,31
"10143","MG","Bambuí",23898,22762.91,31042,"Piuí",3,"Sudeste",1,"310510",4,8,3,5,6,2,0,0,0,0,0,8,3,5,6,2,14,10.0328877359549,10.0815500524097,0.402184029162424,30
"10144","MG","Bambuí",23898,22762.91,31042,"Piuí",3,"Sudeste",1,"310510",5,17,1,16,6,11,0,0,0,0,0,17,1,16,6,11,18,10.0328877359549,10.0815500524097,0.359682532064362,31
"10145","MG","Bambuí",23898,22762.91,31042,"Piuí",3,"Sudeste",1,"310510",6,29,7,22,13,16,0,0,0,0,0,29,7,22,13,16,20,10.0328877359549,10.0815500524097,0.348196667306331,30
"10146","MG","Bambuí",23898,22762.91,31042,"Piuí",3,"Sudeste",1,"310510",7,16,4,12,4,12,0,0,0,0,0,16,4,12,4,12,9,10.0328877359549,10.0815500524097,0.353231651540352,29
"10147","MG","Bandeira do Sul",5778,12754.46,31051,"Poços de Caldas",3,"Sudeste",0,"310530",2,10,2,8,4,6,0,0,0,0,0,10,2,8,4,6,5,9.45363629334101,8.66181288102618,0.317580966750957,29
"10148","MG","Bandeira do Sul",5778,12754.46,31051,"Poços de Caldas",3,"Sudeste",0,"310530",3,10,2,8,5,5,0,0,0,0,0,10,2,8,5,5,3,9.45363629334101,8.66181288102618,0.37927161880945,31
"10149","MG","Bandeira do Sul",5778,12754.46,31051,"Poços de Caldas",3,"Sudeste",0,"310530",4,5,0,5,2,3,0,0,0,0,0,5,0,5,2,3,1,9.45363629334101,8.66181288102618,0.423698694389376,30
"10150","MG","Bandeira do Sul",5778,12754.46,31051,"Poços de Caldas",3,"Sudeste",0,"310530",5,6,2,4,1,5,0,0,0,0,0,6,2,4,1,5,2,9.45363629334101,8.66181288102618,0.373031913677588,31
"10151","MG","Bandeira do Sul",5778,12754.46,31051,"Poços de Caldas",3,"Sudeste",0,"310530",6,3,1,2,0,3,0,0,0,0,0,3,1,2,0,3,2,9.45363629334101,8.66181288102618,0.345579455802522,30
"10152","MG","Bandeira do Sul",5778,12754.46,31051,"Poços de Caldas",3,"Sudeste",0,"310530",7,7,1,6,3,4,0,0,0,0,0,7,1,6,3,4,7,9.45363629334101,8.66181288102618,0.34943022555861,29
"10153","MG","Barão de Cocais",32866,25089.36,31031,"Itabira",3,"Sudeste",1,"310540",2,29,8,21,11,18,0,0,0,0,0,29,8,21,11,18,10,10.1301991308645,10.4001939677412,0.313467565245122,29
"10154","MG","Barão de Cocais",32866,25089.36,31031,"Itabira",3,"Sudeste",1,"310540",3,23,6,17,6,17,0,0,0,0,0,23,6,17,6,17,11,10.1301991308645,10.4001939677412,0.393057922349511,31
"10155","MG","Barão de Cocais",32866,25089.36,31031,"Itabira",3,"Sudeste",1,"310540",4,28,8,20,11,17,0,0,0,0,0,28,8,20,11,17,15,10.1301991308645,10.4001939677412,0.442159173886976,30
"10156","MG","Barão de Cocais",32866,25089.36,31031,"Itabira",3,"Sudeste",1,"310540",5,34,5,29,14,20,0,0,0,0,0,34,5,29,14,20,21,10.1301991308645,10.4001939677412,0.412095010231486,31
"10157","MG","Barão de Cocais",32866,25089.36,31031,"Itabira",3,"Sudeste",1,"310540",6,32,3,29,8,24,0,0,0,0,0,32,3,29,8,24,21,10.1301991308645,10.4001939677412,0.393055665793707,30
"10158","MG","Barão de Cocais",32866,25089.36,31031,"Itabira",3,"Sudeste",1,"310540",7,43,7,36,15,28,1,0,0,0,0,44,7,36,15,28,15,10.1301991308645,10.4001939677412,0.383249471804741,29
"10159","MG","Barbacena",138204,20970.96,31059,"Barbacena",3,"Sudeste",1,"310560",2,194,27,167,55,139,2,0,0,0,0,196,27,167,55,139,90,9.95089390253337,11.8364861334569,0.311225448835596,29
"10160","MG","Barbacena",138204,20970.96,31059,"Barbacena",3,"Sudeste",1,"310560",3,184,24,160,52,132,2,0,0,0,0,186,24,160,52,132,77,9.95089390253337,11.8364861334569,0.408336432335354,31
"10161","MG","Barbacena",138204,20970.96,31059,"Barbacena",3,"Sudeste",1,"310560",4,135,15,120,30,105,2,0,0,0,0,137,15,120,30,105,81,9.95089390253337,11.8364861334569,0.463953102637074,30
"10162","MG","Barbacena",138204,20970.96,31059,"Barbacena",3,"Sudeste",1,"310560",5,133,20,113,49,84,3,0,0,0,0,136,20,113,49,84,84,9.95089390253337,11.8364861334569,0.436449534737748,31
"10163","MG","Barbacena",138204,20970.96,31059,"Barbacena",3,"Sudeste",1,"310560",6,103,14,89,30,73,1,0,0,0,0,104,14,89,30,73,95,9.95089390253337,11.8364861334569,0.394687346397838,30
"10164","MG","Barbacena",138204,20970.96,31059,"Barbacena",3,"Sudeste",1,"310560",7,127,15,112,28,99,0,0,0,0,0,127,15,112,28,99,76,9.95089390253337,11.8364861334569,0.394774384006505,29
"10165","MG","Barroso",20897,19119.33,31059,"Barbacena",3,"Sudeste",1,"310590",2,27,4,23,5,22,0,0,0,0,0,27,4,23,5,22,12,9.85845514415041,9.9473608869801,0.308933573100999,29
"10166","MG","Barroso",20897,19119.33,31059,"Barbacena",3,"Sudeste",1,"310590",3,38,7,31,18,20,0,0,0,0,0,38,7,31,18,20,11,9.85845514415041,9.9473608869801,0.417822468920693,31
"10167","MG","Barroso",20897,19119.33,31059,"Barbacena",3,"Sudeste",1,"310590",4,17,4,13,4,13,0,0,0,0,0,17,4,13,4,13,15,9.85845514415041,9.9473608869801,0.46822501309574,30
"10168","MG","Barroso",20897,19119.33,31059,"Barbacena",3,"Sudeste",1,"310590",5,23,8,15,3,20,0,0,0,0,0,23,8,15,3,20,6,9.85845514415041,9.9473608869801,0.428549874274592,31
"10169","MG","Barroso",20897,19119.33,31059,"Barbacena",3,"Sudeste",1,"310590",6,27,6,21,8,19,1,0,0,0,0,28,6,21,8,19,11,9.85845514415041,9.9473608869801,0.400545133225233,30
"10170","MG","Barroso",20897,19119.33,31059,"Barbacena",3,"Sudeste",1,"310590",7,26,4,22,8,18,0,0,0,0,0,26,4,22,8,18,18,9.85845514415041,9.9473608869801,0.400918872159747,29
"10171","MG","Bela Vista de Minas",10262,24802.97,31031,"Itabira",3,"Sudeste",1,"310600",2,6,1,5,2,4,0,0,0,0,0,6,1,5,2,4,4,10.1187186830472,9.23620303150191,0.343514007359112,29
"10172","MG","Bela Vista de Minas",10262,24802.97,31031,"Itabira",3,"Sudeste",1,"310600",3,12,2,10,3,9,0,0,0,0,0,12,2,10,3,9,4,10.1187186830472,9.23620303150191,0.466457130712936,31
"10173","MG","Bela Vista de Minas",10262,24802.97,31031,"Itabira",3,"Sudeste",1,"310600",4,4,0,4,0,4,0,0,0,0,0,4,0,4,0,4,9,10.1187186830472,9.23620303150191,0.494813897212285,30
"10174","MG","Bela Vista de Minas",10262,24802.97,31031,"Itabira",3,"Sudeste",1,"310600",5,10,1,9,4,6,0,0,0,0,0,10,1,9,4,6,4,10.1187186830472,9.23620303150191,0.442031187458462,31
"10175","MG","Bela Vista de Minas",10262,24802.97,31031,"Itabira",3,"Sudeste",1,"310600",6,7,0,7,1,6,0,0,0,0,0,7,0,7,1,6,5,10.1187186830472,9.23620303150191,0.420633210152461,30
"10176","MG","Bela Vista de Minas",10262,24802.97,31031,"Itabira",3,"Sudeste",1,"310600",7,13,2,11,2,11,0,0,0,0,0,13,2,11,2,11,4,10.1187186830472,9.23620303150191,0.44582810020149,29
"10177","MG","Belo Horizonte",2521564,36759.66,31030,"Belo Horizonte",3,"Sudeste",1,"310620",2,3531,402,3129,951,2580,28,0,0,0,0,3559,402,3129,951,2580,1258,10.512156327243,14.740389901894,0.294131000508905,29
"10178","MG","Belo Horizonte",2521564,36759.66,31030,"Belo Horizonte",3,"Sudeste",1,"310620",3,2966,346,2620,816,2150,28,0,0,0,0,2994,346,2620,816,2150,1452,10.512156327243,14.740389901894,0.402797342546468,31
"10179","MG","Belo Horizonte",2521564,36759.66,31030,"Belo Horizonte",3,"Sudeste",1,"310620",4,2063,236,1827,554,1509,31,0,0,0,0,2094,236,1827,554,1509,1235,10.512156327243,14.740389901894,0.478643077593506,30
"10180","MG","Belo Horizonte",2521564,36759.66,31030,"Belo Horizonte",3,"Sudeste",1,"310620",5,2176,237,1939,599,1577,23,0,0,0,0,2199,237,1939,599,1577,1341,10.512156327243,14.740389901894,0.433548813221541,31
"10181","MG","Belo Horizonte",2521564,36759.66,31030,"Belo Horizonte",3,"Sudeste",1,"310620",6,2187,247,1940,557,1630,13,0,0,0,0,2200,247,1940,557,1630,1538,10.512156327243,14.740389901894,0.398011575497652,30
"10182","MG","Belo Horizonte",2521564,36759.66,31030,"Belo Horizonte",3,"Sudeste",1,"310620",7,2224,233,1991,543,1681,17,0,0,0,0,2241,233,1991,543,1681,2010,10.512156327243,14.740389901894,0.409177474456031,29
"10183","MG","Belo Oriente",26994,64197.42,31039,"Ipatinga",3,"Sudeste",1,"310630",2,42,6,36,14,28,1,0,0,0,0,43,6,36,14,28,17,11.0697183019546,10.2033698980692,0.33939264043906,29
"10184","MG","Belo Oriente",26994,64197.42,31039,"Ipatinga",3,"Sudeste",1,"310630",3,40,6,34,11,29,0,0,0,0,0,40,6,34,11,29,20,11.0697183019546,10.2033698980692,0.427071510068786,31
"10185","MG","Belo Oriente",26994,64197.42,31039,"Ipatinga",3,"Sudeste",1,"310630",4,21,5,16,15,6,0,0,0,0,0,21,5,16,15,6,18,11.0697183019546,10.2033698980692,0.463965679972333,30
"10186","MG","Belo Oriente",26994,64197.42,31039,"Ipatinga",3,"Sudeste",1,"310630",5,19,5,14,7,12,0,0,0,0,0,19,5,14,7,12,11,11.0697183019546,10.2033698980692,0.429044640272853,31
"10187","MG","Belo Oriente",26994,64197.42,31039,"Ipatinga",3,"Sudeste",1,"310630",6,36,9,27,9,27,0,0,0,0,0,36,9,27,9,27,13,11.0697183019546,10.2033698980692,0.415381051949714,30
"10188","MG","Belo Oriente",26994,64197.42,31039,"Ipatinga",3,"Sudeste",1,"310630",7,37,5,32,14,23,0,0,0,0,0,37,5,32,14,23,11,11.0697183019546,10.2033698980692,0.421420831086528,29
"10189","MG","Betim",444784,58911.58,31030,"Belo Horizonte",3,"Sudeste",1,"310670",2,777,118,659,251,526,1,0,0,0,0,778,118,659,251,526,184,10.9837929547298,13.0053440500485,0.294291582835286,29
"10190","MG","Betim",444784,58911.58,31030,"Belo Horizonte",3,"Sudeste",1,"310670",3,582,88,494,185,397,6,0,0,0,0,588,88,494,185,397,202,10.9837929547298,13.0053440500485,0.385393906595969,31
"10191","MG","Betim",444784,58911.58,31030,"Belo Horizonte",3,"Sudeste",1,"310670",4,462,82,380,160,302,7,0,0,0,0,469,82,380,160,302,168,10.9837929547298,13.0053440500485,0.437977716151386,30
"10192","MG","Betim",444784,58911.58,31030,"Belo Horizonte",3,"Sudeste",1,"310670",5,493,86,407,159,334,5,0,0,0,0,498,86,407,159,334,200,10.9837929547298,13.0053440500485,0.392570128841005,31
"10193","MG","Betim",444784,58911.58,31030,"Belo Horizonte",3,"Sudeste",1,"310670",6,527,88,439,156,371,10,0,0,0,0,537,88,439,156,371,199,10.9837929547298,13.0053440500485,0.37622164484842,30
"10194","MG","Betim",444784,58911.58,31030,"Belo Horizonte",3,"Sudeste",1,"310670",7,538,81,457,171,367,3,0,0,0,0,541,81,457,171,367,243,10.9837929547298,13.0053440500485,0.380026876992172,29
"10195","MG","Bicas",14554,17441.5,31065,"Juiz de Fora",3,"Sudeste",1,"310690",2,20,8,12,8,12,0,0,0,0,0,20,8,12,8,12,11,9.76660770293871,9.58562114890703,0.316675610658014,29
"10196","MG","Bicas",14554,17441.5,31065,"Juiz de Fora",3,"Sudeste",1,"310690",3,17,8,9,6,11,0,0,0,0,0,17,8,9,6,11,11,9.76660770293871,9.58562114890703,0.415897437016479,31
"10197","MG","Bicas",14554,17441.5,31065,"Juiz de Fora",3,"Sudeste",1,"310690",4,13,6,7,4,9,0,0,0,0,0,13,6,7,4,9,17,9.76660770293871,9.58562114890703,0.46153246037986,30
"10198","MG","Bicas",14554,17441.5,31065,"Juiz de Fora",3,"Sudeste",1,"310690",5,14,7,7,3,11,0,0,0,0,0,14,7,7,3,11,12,9.76660770293871,9.58562114890703,0.43144590576969,31
"10199","MG","Bicas",14554,17441.5,31065,"Juiz de Fora",3,"Sudeste",1,"310690",6,14,7,7,5,9,0,0,0,0,0,14,7,7,5,9,11,9.76660770293871,9.58562114890703,0.389870178801716,30
"10200","MG","Bicas",14554,17441.5,31065,"Juiz de Fora",3,"Sudeste",1,"310690",7,15,4,11,4,11,0,0,0,0,0,15,4,11,4,11,15,9.76660770293871,9.58562114890703,0.386184523927511,29
"10201","MG","Boa Esperança",40219,20451.28,31050,"Varginha",3,"Sudeste",1,"310710",2,70,16,54,23,47,0,0,0,0,0,70,16,54,23,47,22,9.92580075119921,10.6020947997654,0.292355071891986,29
"10202","MG","Boa Esperança",40219,20451.28,31050,"Varginha",3,"Sudeste",1,"310710",3,84,12,72,31,53,0,0,0,0,0,84,12,72,31,53,38,9.92580075119921,10.6020947997654,0.372033571698789,31
"10203","MG","Boa Esperança",40219,20451.28,31050,"Varginha",3,"Sudeste",1,"310710",4,40,6,34,18,22,0,0,0,0,0,40,6,34,18,22,17,9.92580075119921,10.6020947997654,0.413586973761775,30
"10204","MG","Boa Esperança",40219,20451.28,31050,"Varginha",3,"Sudeste",1,"310710",5,44,9,35,18,26,0,0,0,0,0,44,9,35,18,26,31,9.92580075119921,10.6020947997654,0.383855428781414,31
"10205","MG","Boa Esperança",40219,20451.28,31050,"Varginha",3,"Sudeste",1,"310710",6,40,10,30,11,29,0,0,0,0,0,40,10,30,11,29,28,9.92580075119921,10.6020947997654,0.366979316669805,30
"10206","MG","Boa Esperança",40219,20451.28,31050,"Varginha",3,"Sudeste",1,"310710",7,41,5,36,19,22,0,0,0,0,0,41,5,36,19,22,29,9.92580075119921,10.6020947997654,0.350561024341553,29
"10207","MG","Bocaiúva",50256,16896.06,31009,"Bocaiúva",3,"Sudeste",1,"310730",2,100,18,82,40,60,2,0,0,0,0,102,18,82,40,60,16,9.73483573763605,10.8248852217784,0.281846490377769,29
"10208","MG","Bocaiúva",50256,16896.06,31009,"Bocaiúva",3,"Sudeste",1,"310730",3,81,11,70,32,49,0,0,0,0,0,81,11,70,32,49,23,9.73483573763605,10.8248852217784,0.359397811197891,31
"10209","MG","Bocaiúva",50256,16896.06,31009,"Bocaiúva",3,"Sudeste",1,"310730",4,37,5,32,8,29,0,0,0,0,0,37,5,32,8,29,30,9.73483573763605,10.8248852217784,0.39533102553684,30
"10210","MG","Bocaiúva",50256,16896.06,31009,"Bocaiúva",3,"Sudeste",1,"310730",5,57,12,45,25,32,0,0,0,0,0,57,12,45,25,32,28,9.73483573763605,10.8248852217784,0.37260492896042,31
"10211","MG","Bocaiúva",50256,16896.06,31009,"Bocaiúva",3,"Sudeste",1,"310730",6,60,13,47,24,36,0,0,0,0,0,60,13,47,24,36,32,9.73483573763605,10.8248852217784,0.331779240401665,30
"10212","MG","Bocaiúva",50256,16896.06,31009,"Bocaiúva",3,"Sudeste",1,"310730",7,55,11,44,23,32,2,0,0,0,0,57,11,44,23,32,23,9.73483573763605,10.8248852217784,0.345572199544096,29
"10213","MG","Bom Despacho",51028,26205.17,31026,"Bom Despacho",3,"Sudeste",1,"310740",2,88,24,64,34,54,0,0,0,0,0,88,24,64,34,54,30,10.1737119985268,10.8401297806582,0.297182043195533,29
"10214","MG","Bom Despacho",51028,26205.17,31026,"Bom Despacho",3,"Sudeste",1,"310740",3,92,26,66,33,59,0,0,0,0,0,92,26,66,33,59,34,10.1737119985268,10.8401297806582,0.375920952367097,31
"10215","MG","Bom Despacho",51028,26205.17,31026,"Bom Despacho",3,"Sudeste",1,"310740",4,59,13,46,20,39,0,0,0,0,0,59,13,46,20,39,25,10.1737119985268,10.8401297806582,0.414432273195971,30
"10216","MG","Bom Despacho",51028,26205.17,31026,"Bom Despacho",3,"Sudeste",1,"310740",5,57,21,36,17,40,0,0,0,0,0,57,21,36,17,40,42,10.1737119985268,10.8401297806582,0.368954256762869,31
"10217","MG","Bom Despacho",51028,26205.17,31026,"Bom Despacho",3,"Sudeste",1,"310740",6,72,14,58,25,47,0,0,0,0,0,72,14,58,25,47,28,10.1737119985268,10.8401297806582,0.334751346942431,30
"10218","MG","Bom Despacho",51028,26205.17,31026,"Bom Despacho",3,"Sudeste",1,"310740",7,52,20,32,15,37,1,0,0,0,0,53,20,32,15,37,32,10.1737119985268,10.8401297806582,0.334697992234012,29
"10219","MG","Bom Jardim de Minas",6459,16680.23,31055,"Andrelândia",3,"Sudeste",0,"310750",2,3,1,2,2,1,0,0,0,0,0,3,1,2,2,1,2,9.7219794647865,8.77322978603247,0.316486617658698,29
"10220","MG","Bom Jardim de Minas",6459,16680.23,31055,"Andrelândia",3,"Sudeste",0,"310750",3,6,1,5,2,4,0,0,0,0,0,6,1,5,2,4,7,9.7219794647865,8.77322978603247,0.424651291171287,31
"10221","MG","Bom Jardim de Minas",6459,16680.23,31055,"Andrelândia",3,"Sudeste",0,"310750",4,5,1,4,1,4,0,0,0,0,0,5,1,4,1,4,5,9.7219794647865,8.77322978603247,0.517332482591652,30
"10222","MG","Bom Jardim de Minas",6459,16680.23,31055,"Andrelândia",3,"Sudeste",0,"310750",5,9,1,8,5,4,0,0,0,0,0,9,1,8,5,4,1,9.7219794647865,8.77322978603247,0.459284164547946,31
"10223","MG","Bom Jardim de Minas",6459,16680.23,31055,"Andrelândia",3,"Sudeste",0,"310750",6,6,0,6,2,4,0,0,0,0,0,6,0,6,2,4,3,9.7219794647865,8.77322978603247,0.446302122500257,30
"10224","MG","Bom Jardim de Minas",6459,16680.23,31055,"Andrelândia",3,"Sudeste",0,"310750",7,3,0,3,1,2,0,0,0,0,0,3,0,3,1,2,5,9.7219794647865,8.77322978603247,0.447539959372467,29
"10225","MG","Bom Jesus do Galho",14862,10095.97,31040,"Caratinga",3,"Sudeste",0,"310780",2,24,8,16,10,14,0,0,0,0,0,24,8,16,10,14,8,9.21989161330273,9.60656289871742,0.369806911998356,29
"10226","MG","Bom Jesus do Galho",14862,10095.97,31040,"Caratinga",3,"Sudeste",0,"310780",3,28,8,20,9,19,0,0,0,0,0,28,8,20,9,19,6,9.21989161330273,9.60656289871742,0.454907928081894,31
"10227","MG","Bom Jesus do Galho",14862,10095.97,31040,"Caratinga",3,"Sudeste",0,"310780",4,19,7,12,10,9,0,0,0,0,0,19,7,12,10,9,11,9.21989161330273,9.60656289871742,0.430833630654401,30
"10228","MG","Bom Jesus do Galho",14862,10095.97,31040,"Caratinga",3,"Sudeste",0,"310780",5,9,4,5,5,4,1,0,0,0,0,10,4,5,5,4,13,9.21989161330273,9.60656289871742,0.441415006135397,31
"10229","MG","Bom Jesus do Galho",14862,10095.97,31040,"Caratinga",3,"Sudeste",0,"310780",6,18,7,11,9,9,0,0,0,0,0,18,7,11,9,9,15,9.21989161330273,9.60656289871742,0.434152067782847,30
"10230","MG","Bom Jesus do Galho",14862,10095.97,31040,"Caratinga",3,"Sudeste",0,"310780",7,16,7,9,10,6,0,0,0,0,0,16,7,9,10,6,21,9.21989161330273,9.60656289871742,0.429910540638094,29
"10231","MG","Bom Repouso",10537,11751.22,31052,"Pouso Alegre",3,"Sudeste",0,"310790",2,16,10,6,8,8,0,0,0,0,0,16,10,6,8,8,6,9.3717123439696,9.26264815159953,0.326365994123847,29
"10232","MG","Bom Repouso",10537,11751.22,31052,"Pouso Alegre",3,"Sudeste",0,"310790",3,12,6,6,3,9,0,0,0,0,0,12,6,6,3,9,7,9.3717123439696,9.26264815159953,0.392234798451357,31
"10233","MG","Bom Repouso",10537,11751.22,31052,"Pouso Alegre",3,"Sudeste",0,"310790",4,16,9,7,8,8,1,0,0,0,0,17,9,7,8,8,5,9.3717123439696,9.26264815159953,0.397317748317871,30
"10234","MG","Bom Repouso",10537,11751.22,31052,"Pouso Alegre",3,"Sudeste",0,"310790",5,9,4,5,4,5,0,0,0,0,0,9,4,5,4,5,9,9.3717123439696,9.26264815159953,0.398401505986858,31
"10235","MG","Bom Repouso",10537,11751.22,31052,"Pouso Alegre",3,"Sudeste",0,"310790",6,19,5,14,7,12,0,0,0,0,0,19,5,14,7,12,8,9.3717123439696,9.26264815159953,0.383570641913883,30
"10236","MG","Bom Repouso",10537,11751.22,31052,"Pouso Alegre",3,"Sudeste",0,"310790",7,22,9,13,6,16,1,0,0,0,0,23,9,13,6,16,7,9.3717123439696,9.26264815159953,0.402373797027871,29
"10237","MG","Bom Sucesso",17607,16038.21,31046,"Oliveira",3,"Sudeste",1,"310800",2,24,3,21,7,17,0,0,0,0,0,24,3,21,7,17,21,9.68272927918323,9.77605182922644,0.298618444370658,29
"10238","MG","Bom Sucesso",17607,16038.21,31046,"Oliveira",3,"Sudeste",1,"310800",3,20,4,16,4,16,0,0,0,0,0,20,4,16,4,16,12,9.68272927918323,9.77605182922644,0.375415172985738,31
"10239","MG","Bom Sucesso",17607,16038.21,31046,"Oliveira",3,"Sudeste",1,"310800",4,16,3,13,7,9,0,0,0,0,0,16,3,13,7,9,14,9.68272927918323,9.77605182922644,0.393980200266967,30
"10240","MG","Bom Sucesso",17607,16038.21,31046,"Oliveira",3,"Sudeste",1,"310800",5,15,4,11,7,8,0,0,0,0,0,15,4,11,7,8,14,9.68272927918323,9.77605182922644,0.373472265046574,31
"10241","MG","Bom Sucesso",17607,16038.21,31046,"Oliveira",3,"Sudeste",1,"310800",6,10,3,7,3,7,1,0,0,0,0,11,3,7,3,7,9,9.68272927918323,9.77605182922644,0.381658536843402,30
"10242","MG","Bom Sucesso",17607,16038.21,31046,"Oliveira",3,"Sudeste",1,"310800",7,17,1,16,6,11,0,0,0,0,0,17,1,16,6,11,9,9.68272927918323,9.77605182922644,0.384936260859759,29
"10243","MG","Bonfim",6860,13055.7,31032,"Itaguara",3,"Sudeste",0,"310810",2,5,1,4,1,4,0,0,0,0,0,5,1,4,1,4,6,9.47698009899871,8.83346272071993,0.296271155433034,29
"10244","MG","Bonfim",6860,13055.7,31032,"Itaguara",3,"Sudeste",0,"310810",3,5,0,5,3,2,0,0,0,0,0,5,0,5,3,2,1,9.47698009899871,8.83346272071993,0.363100193107967,31
"10245","MG","Bonfim",6860,13055.7,31032,"Itaguara",3,"Sudeste",0,"310810",4,2,0,2,0,2,0,0,0,0,0,2,0,2,0,2,2,9.47698009899871,8.83346272071993,0.400620921650374,30
"10246","MG","Bonfim",6860,13055.7,31032,"Itaguara",3,"Sudeste",0,"310810",5,3,0,3,2,1,0,0,0,0,0,3,0,3,2,1,1,9.47698009899871,8.83346272071993,0.388103451226865,31
"10247","MG","Bonfim",6860,13055.7,31032,"Itaguara",3,"Sudeste",0,"310810",6,4,1,3,1,3,0,0,0,0,0,4,1,3,1,3,1,9.47698009899871,8.83346272071993,0.390676753431323,30
"10248","MG","Bonfim",6860,13055.7,31032,"Itaguara",3,"Sudeste",0,"310810",7,3,1,2,0,3,0,0,0,0,0,3,1,2,0,3,7,9.47698009899871,8.83346272071993,0.407681409181019,29
"10249","MG","Bonfinópolis de Minas",5444,35159.24,31001,"Unaí",3,"Sudeste",0,"310820",2,8,3,5,3,5,0,0,0,0,0,8,3,5,3,5,2,10.4676427360934,8.60226936377136,0.263150447464821,29
"10250","MG","Bonfinópolis de Minas",5444,35159.24,31001,"Unaí",3,"Sudeste",0,"310820",3,9,1,8,5,4,0,0,0,0,0,9,1,8,5,4,1,10.4676427360934,8.60226936377136,0.358780388770005,31
"10251","MG","Bonfinópolis de Minas",5444,35159.24,31001,"Unaí",3,"Sudeste",0,"310820",4,4,1,3,1,3,0,0,0,0,0,4,1,3,1,3,4,10.4676427360934,8.60226936377136,0.382231799764397,30
"10252","MG","Bonfinópolis de Minas",5444,35159.24,31001,"Unaí",3,"Sudeste",0,"310820",5,1,0,1,0,1,0,0,0,0,0,1,0,1,0,1,3,10.4676427360934,8.60226936377136,0.345183232365504,31
"10253","MG","Bonfinópolis de Minas",5444,35159.24,31001,"Unaí",3,"Sudeste",0,"310820",6,7,1,6,2,5,0,0,0,0,0,7,1,6,2,5,2,10.4676427360934,8.60226936377136,0.357949544397644,30
"10254","MG","Bonfinópolis de Minas",5444,35159.24,31001,"Unaí",3,"Sudeste",0,"310820",7,10,2,8,5,5,0,0,0,0,0,10,2,8,5,5,5,10.4676427360934,8.60226936377136,0.416600918515108,29
"10255","MG","Borda da Mata",19614,15837.66,31052,"Pouso Alegre",3,"Sudeste",0,"310830",2,23,5,18,6,17,0,0,0,0,0,23,5,18,6,17,8,9.67014592718294,9.88399887595227,0.296049848172997,29
"10256","MG","Borda da Mata",19614,15837.66,31052,"Pouso Alegre",3,"Sudeste",0,"310830",3,6,0,6,3,3,0,0,0,0,0,6,0,6,3,3,16,9.67014592718294,9.88399887595227,0.385388410743047,31
"10257","MG","Borda da Mata",19614,15837.66,31052,"Pouso Alegre",3,"Sudeste",0,"310830",4,6,1,5,0,6,0,0,0,0,0,6,1,5,0,6,9,9.67014592718294,9.88399887595227,0.410345622849067,30
"10258","MG","Borda da Mata",19614,15837.66,31052,"Pouso Alegre",3,"Sudeste",0,"310830",5,16,3,13,7,9,0,0,0,0,0,16,3,13,7,9,17,9.67014592718294,9.88399887595227,0.372155550106288,31
"10259","MG","Borda da Mata",19614,15837.66,31052,"Pouso Alegre",3,"Sudeste",0,"310830",6,19,3,16,6,13,0,0,0,0,0,19,3,16,6,13,16,9.67014592718294,9.88399887595227,0.37265569837908,30
"10260","MG","Borda da Mata",19614,15837.66,31052,"Pouso Alegre",3,"Sudeste",0,"310830",7,9,2,7,3,6,0,0,0,0,0,9,2,7,3,6,22,9.67014592718294,9.88399887595227,0.376836189204626,29
"10261","MG","Botelhos",14949,15242.62,31051,"Poços de Caldas",3,"Sudeste",0,"310840",2,25,5,20,10,15,0,0,0,0,0,25,5,20,10,15,8,9.63185073047527,9.61239968694951,0.328826803501986,29
"10262","MG","Botelhos",14949,15242.62,31051,"Poços de Caldas",3,"Sudeste",0,"310840",3,20,7,13,10,10,0,0,0,0,0,20,7,13,10,10,10,9.63185073047527,9.61239968694951,0.436105422726225,31
"10263","MG","Botelhos",14949,15242.62,31051,"Poços de Caldas",3,"Sudeste",0,"310840",4,13,2,11,6,7,0,0,0,0,0,13,2,11,6,7,14,9.63185073047527,9.61239968694951,0.475993420896209,30
"10264","MG","Botelhos",14949,15242.62,31051,"Poços de Caldas",3,"Sudeste",0,"310840",5,10,1,9,4,6,0,0,0,0,0,10,1,9,4,6,14,9.63185073047527,9.61239968694951,0.433315676315222,31
"10265","MG","Botelhos",14949,15242.62,31051,"Poços de Caldas",3,"Sudeste",0,"310840",6,6,2,4,2,4,0,0,0,0,0,6,2,4,2,4,8,9.63185073047527,9.61239968694951,0.414720786919561,30
"10266","MG","Botelhos",14949,15242.62,31051,"Poços de Caldas",3,"Sudeste",0,"310840",7,4,1,3,2,2,0,0,0,0,0,4,1,3,2,2,9,9.63185073047527,9.61239968694951,0.402585954802139,29
"10267","MG","Brasilândia de Minas",16748,15956.54,31002,"Paracatu",3,"Sudeste",1,"310855",2,23,7,16,9,14,0,0,0,0,0,23,7,16,9,14,5,9.67762405552107,9.72603412713903,0.320028577456414,29
"10268","MG","Brasilândia de Minas",16748,15956.54,31002,"Paracatu",3,"Sudeste",1,"310855",3,42,10,32,20,22,0,0,0,0,0,42,10,32,20,22,5,9.67762405552107,9.72603412713903,0.378483705223024,31
"10269","MG","Brasilândia de Minas",16748,15956.54,31002,"Paracatu",3,"Sudeste",1,"310855",4,20,1,19,5,15,0,0,0,0,0,20,1,19,5,15,7,9.67762405552107,9.72603412713903,0.379756283247118,30
"10270","MG","Brasilândia de Minas",16748,15956.54,31002,"Paracatu",3,"Sudeste",1,"310855",5,21,5,16,10,11,0,0,0,0,0,21,5,16,10,11,3,9.67762405552107,9.72603412713903,0.362912015925811,31
"10271","MG","Brasilândia de Minas",16748,15956.54,31002,"Paracatu",3,"Sudeste",1,"310855",6,22,8,14,8,14,1,0,0,0,0,23,8,14,8,14,7,9.67762405552107,9.72603412713903,0.347761785391315,30
"10272","MG","Brasilândia de Minas",16748,15956.54,31002,"Paracatu",3,"Sudeste",1,"310855",7,21,5,16,10,11,0,0,0,0,0,21,5,16,10,11,7,9.67762405552107,9.72603412713903,0.35309237221198,29
"10273","MG","Brasília de Minas",32405,9564.25,31007,"Montes Claros",3,"Sudeste",0,"310860",2,78,12,66,20,58,0,0,0,0,0,78,12,66,20,58,17,9.16578746792709,10.3860680108618,0.287238439163837,29
"10274","MG","Brasília de Minas",32405,9564.25,31007,"Montes Claros",3,"Sudeste",0,"310860",3,62,11,51,14,48,1,0,0,0,0,63,11,51,14,48,22,9.16578746792709,10.3860680108618,0.381894701430123,31
"10275","MG","Brasília de Minas",32405,9564.25,31007,"Montes Claros",3,"Sudeste",0,"310860",4,34,9,25,4,30,0,0,0,0,0,34,9,25,4,30,21,9.16578746792709,10.3860680108618,0.446404337562748,30
"10276","MG","Brasília de Minas",32405,9564.25,31007,"Montes Claros",3,"Sudeste",0,"310860",5,46,8,38,17,29,0,0,0,0,0,46,8,38,17,29,20,9.16578746792709,10.3860680108618,0.393147081585972,31
"10277","MG","Brasília de Minas",32405,9564.25,31007,"Montes Claros",3,"Sudeste",0,"310860",6,41,6,35,12,29,0,0,0,0,0,41,6,35,12,29,32,9.16578746792709,10.3860680108618,0.363231471578735,30
"10278","MG","Brasília de Minas",32405,9564.25,31007,"Montes Claros",3,"Sudeste",0,"310860",7,41,8,33,13,28,0,0,0,0,0,41,8,33,13,28,23,9.16578746792709,10.3860680108618,0.381967156725103,29
"10279","MG","Brazópolis",14410,11729.62,31056,"Itajubá",3,"Sudeste",0,"310890",2,29,13,16,9,20,0,0,0,0,0,29,13,16,9,20,8,9.36987254555585,9.57567768899357,0.358528533156166,29
"10280","MG","Brazópolis",14410,11729.62,31056,"Itajubá",3,"Sudeste",0,"310890",3,23,9,14,7,16,0,0,0,0,0,23,9,14,7,16,12,9.36987254555585,9.57567768899357,0.447787872148813,31
"10281","MG","Brazópolis",14410,11729.62,31056,"Itajubá",3,"Sudeste",0,"310890",4,17,4,13,5,12,0,0,0,0,0,17,4,13,5,12,7,9.36987254555585,9.57567768899357,0.476628262642083,30
"10282","MG","Brazópolis",14410,11729.62,31056,"Itajubá",3,"Sudeste",0,"310890",5,19,5,14,4,15,1,0,0,0,0,20,5,14,4,15,16,9.36987254555585,9.57567768899357,0.456112712551334,31
"10283","MG","Brazópolis",14410,11729.62,31056,"Itajubá",3,"Sudeste",0,"310890",6,6,2,4,3,3,0,0,0,0,0,6,2,4,3,3,8,9.36987254555585,9.57567768899357,0.433900378177792,30
"10284","MG","Brazópolis",14410,11729.62,31056,"Itajubá",3,"Sudeste",0,"310890",7,13,2,11,3,10,0,0,0,0,0,13,2,11,3,10,14,9.36987254555585,9.57567768899357,0.460410976830294,29
"10285","MG","Brumadinho",40666,65381.46,31030,"Belo Horizonte",3,"Sudeste",1,"310900",2,50,9,41,15,35,0,0,0,0,0,50,9,41,15,35,22,11.0879940110169,10.6131476414703,0.297188529474767,29
"10286","MG","Brumadinho",40666,65381.46,31030,"Belo Horizonte",3,"Sudeste",1,"310900",3,63,11,52,14,49,0,0,0,0,0,63,11,52,14,49,20,11.0879940110169,10.6131476414703,0.385015307269246,31
"10287","MG","Brumadinho",40666,65381.46,31030,"Belo Horizonte",3,"Sudeste",1,"310900",4,29,5,24,7,22,0,0,0,0,0,29,5,24,7,22,13,11.0879940110169,10.6131476414703,0.428995840590365,30
"10288","MG","Brumadinho",40666,65381.46,31030,"Belo Horizonte",3,"Sudeste",1,"310900",5,55,15,40,20,35,1,0,0,0,0,56,15,40,20,35,22,11.0879940110169,10.6131476414703,0.399155329983409,31
"10289","MG","Brumadinho",40666,65381.46,31030,"Belo Horizonte",3,"Sudeste",1,"310900",6,48,9,39,16,32,0,0,0,0,0,48,9,39,16,32,7,11.0879940110169,10.6131476414703,0.378199714323761,30
"10290","MG","Brumadinho",40666,65381.46,31030,"Belo Horizonte",3,"Sudeste",1,"310900",7,35,6,29,12,23,0,0,0,0,0,35,6,29,12,23,31,11.0879940110169,10.6131476414703,0.38089083565147,29
"10291","MG","Bueno Brandão",10991,13699.9,31052,"Pouso Alegre",3,"Sudeste",0,"310910",2,11,2,9,4,7,0,0,0,0,0,11,2,9,4,7,5,9.5251438125195,9.3048320350689,0.324371918387302,29
"10292","MG","Bueno Brandão",10991,13699.9,31052,"Pouso Alegre",3,"Sudeste",0,"310910",3,11,5,6,1,10,0,0,0,0,0,11,5,6,1,10,6,9.5251438125195,9.3048320350689,0.410123424384647,31
"10293","MG","Bueno Brandão",10991,13699.9,31052,"Pouso Alegre",3,"Sudeste",0,"310910",4,10,6,4,2,8,0,0,0,0,0,10,6,4,2,8,6,9.5251438125195,9.3048320350689,0.409169605499904,30
"10294","MG","Bueno Brandão",10991,13699.9,31052,"Pouso Alegre",3,"Sudeste",0,"310910",5,8,4,4,0,8,0,0,0,0,0,8,4,4,0,8,10,9.5251438125195,9.3048320350689,0.395391071852427,31
"10295","MG","Bueno Brandão",10991,13699.9,31052,"Pouso Alegre",3,"Sudeste",0,"310910",6,10,3,7,5,5,0,0,0,0,0,10,3,7,5,5,7,9.5251438125195,9.3048320350689,0.376766469240058,30
"10296","MG","Bueno Brandão",10991,13699.9,31052,"Pouso Alegre",3,"Sudeste",0,"310910",7,8,5,3,0,8,0,0,0,0,0,8,5,3,0,8,5,9.5251438125195,9.3048320350689,0.40277105641015,29
"10297","MG","Buenópolis",10353,11826.04,31025,"Curvelo",3,"Sudeste",0,"310920",2,12,2,10,5,7,0,0,0,0,0,12,2,10,5,7,6,9.37805915875287,9.24503161176611,0.267907705022469,29
"10298","MG","Buenópolis",10353,11826.04,31025,"Curvelo",3,"Sudeste",0,"310920",3,11,1,10,9,2,0,0,0,0,0,11,1,10,9,2,2,9.37805915875287,9.24503161176611,0.34076612270828,31
"10299","MG","Buenópolis",10353,11826.04,31025,"Curvelo",3,"Sudeste",0,"310920",4,10,4,6,5,5,0,0,0,0,0,10,4,6,5,5,1,9.37805915875287,9.24503161176611,0.357519340179676,30
"10300","MG","Buenópolis",10353,11826.04,31025,"Curvelo",3,"Sudeste",0,"310920",5,8,2,6,5,3,0,0,0,0,0,8,2,6,5,3,6,9.37805915875287,9.24503161176611,0.352202178280896,31
"10301","MG","Buenópolis",10353,11826.04,31025,"Curvelo",3,"Sudeste",0,"310920",6,7,1,6,0,7,0,0,0,0,0,7,1,6,0,7,7,9.37805915875287,9.24503161176611,0.346815545286564,30
"10302","MG","Buenópolis",10353,11826.04,31025,"Curvelo",3,"Sudeste",0,"310920",7,8,3,5,5,3,0,0,0,0,0,8,3,5,5,3,4,9.37805915875287,9.24503161176611,0.33130868547058,29
"10303","MG","Buritis",25013,32657.62,31001,"Unaí",3,"Sudeste",0,"310930",2,43,14,29,21,22,0,0,0,0,0,43,14,29,21,22,14,10.3938334918545,10.1271509686972,0.275653292465402,29
"10304","MG","Buritis",25013,32657.62,31001,"Unaí",3,"Sudeste",0,"310930",3,46,14,32,19,27,0,0,0,0,0,46,14,32,19,27,14,10.3938334918545,10.1271509686972,0.366579680291359,31
"10305","MG","Buritis",25013,32657.62,31001,"Unaí",3,"Sudeste",0,"310930",4,42,13,29,19,23,1,0,0,0,0,43,13,29,19,23,5,10.3938334918545,10.1271509686972,0.370089861601783,30
"10306","MG","Buritis",25013,32657.62,31001,"Unaí",3,"Sudeste",0,"310930",5,29,5,24,14,15,1,0,0,0,0,30,5,24,14,15,9,10.3938334918545,10.1271509686972,0.359999611584583,31
"10307","MG","Buritis",25013,32657.62,31001,"Unaí",3,"Sudeste",0,"310930",6,41,13,28,23,18,0,0,0,0,0,41,13,28,23,18,11,10.3938334918545,10.1271509686972,0.381320269591073,30
"10308","MG","Buritis",25013,32657.62,31001,"Unaí",3,"Sudeste",0,"310930",7,25,6,19,14,11,0,0,0,0,0,25,6,19,14,11,22,10.3938334918545,10.1271509686972,0.372638337192074,29
"10309","MG","Buritizeiro",28121,15521.68,31006,"Pirapora",3,"Sudeste",1,"310940",2,36,12,24,17,19,0,0,0,0,0,36,12,24,17,19,15,9.64999303530156,10.24427190717,0.313108611336997,29
"10310","MG","Buritizeiro",28121,15521.68,31006,"Pirapora",3,"Sudeste",1,"310940",3,44,13,31,19,25,1,0,0,0,0,45,13,31,19,25,9,9.64999303530156,10.24427190717,0.370233657258832,31
"10311","MG","Buritizeiro",28121,15521.68,31006,"Pirapora",3,"Sudeste",1,"310940",4,26,11,15,12,14,0,0,0,0,0,26,11,15,12,14,8,9.64999303530156,10.24427190717,0.399605540310946,30
"10312","MG","Buritizeiro",28121,15521.68,31006,"Pirapora",3,"Sudeste",1,"310940",5,31,9,22,20,11,0,0,0,0,0,31,9,22,20,11,8,9.64999303530156,10.24427190717,0.402451834125285,31
"10313","MG","Buritizeiro",28121,15521.68,31006,"Pirapora",3,"Sudeste",1,"310940",6,28,9,19,8,20,0,0,0,0,0,28,9,19,8,20,10,9.64999303530156,10.24427190717,0.399501949307535,30
"10314","MG","Buritizeiro",28121,15521.68,31006,"Pirapora",3,"Sudeste",1,"310940",7,25,6,19,10,15,0,0,0,0,0,25,6,19,10,15,13,9.64999303530156,10.24427190717,0.413783729562122,29
"10315","MG","Cabeceira Grande",6988,44075.37,31001,"Unaí",3,"Sudeste",0,"310945",2,11,3,8,6,5,0,0,0,0,0,11,3,8,6,5,4,10.6936564020125,8.85194967125395,0.311571562740942,29
"10316","MG","Cabeceira Grande",6988,44075.37,31001,"Unaí",3,"Sudeste",0,"310945",3,8,1,7,2,6,0,0,0,0,0,8,1,7,2,6,2,10.6936564020125,8.85194967125395,0.428702792405164,31
"10317","MG","Cabeceira Grande",6988,44075.37,31001,"Unaí",3,"Sudeste",0,"310945",4,5,3,2,2,3,0,0,0,0,0,5,3,2,2,3,3,10.6936564020125,8.85194967125395,0.452539137270275,30
"10318","MG","Cabeceira Grande",6988,44075.37,31001,"Unaí",3,"Sudeste",0,"310945",5,3,0,3,2,1,0,0,0,0,0,3,0,3,2,1,2,10.6936564020125,8.85194967125395,0.420777865285426,31
"10319","MG","Cabeceira Grande",6988,44075.37,31001,"Unaí",3,"Sudeste",0,"310945",6,6,3,3,4,2,0,0,0,0,0,6,3,3,4,2,2,10.6936564020125,8.85194967125395,0.414505662615113,30
"10320","MG","Cabeceira Grande",6988,44075.37,31001,"Unaí",3,"Sudeste",0,"310945",7,7,0,7,4,3,0,0,0,0,0,7,0,7,4,3,3,10.6936564020125,8.85194967125395,0.378511679498037,29
"10321","MG","Cabo Verde",14075,13726.1,31048,"São Sebastião do Paraíso",3,"Sudeste",0,"310950",2,20,7,13,6,14,0,0,0,0,0,20,7,13,6,14,11,9.52705440888572,9.55215545300789,0.280057765068935,29
"10322","MG","Cabo Verde",14075,13726.1,31048,"São Sebastião do Paraíso",3,"Sudeste",0,"310950",3,14,1,13,4,10,0,0,0,0,0,14,1,13,4,10,7,9.52705440888572,9.55215545300789,0.376171646545986,31
"10323","MG","Cabo Verde",14075,13726.1,31048,"São Sebastião do Paraíso",3,"Sudeste",0,"310950",4,14,3,11,7,7,0,0,0,0,0,14,3,11,7,7,9,9.52705440888572,9.55215545300789,0.389744583126515,30
"10324","MG","Cabo Verde",14075,13726.1,31048,"São Sebastião do Paraíso",3,"Sudeste",0,"310950",5,11,4,7,6,5,0,0,0,0,0,11,4,7,6,5,12,9.52705440888572,9.55215545300789,0.360574748072963,31
"10325","MG","Cabo Verde",14075,13726.1,31048,"São Sebastião do Paraíso",3,"Sudeste",0,"310950",6,10,0,10,4,6,0,0,0,0,0,10,0,10,4,6,8,9.52705440888572,9.55215545300789,0.351274013516985,30
"10326","MG","Cabo Verde",14075,13726.1,31048,"São Sebastião do Paraíso",3,"Sudeste",0,"310950",7,7,1,6,2,5,0,0,0,0,0,7,1,6,2,5,9,9.52705440888572,9.55215545300789,0.377773076882044,29
"10327","MG","Cachoeira de Minas",11579,24207.36,31053,"Santa Rita do Sapucaí",3,"Sudeste",0,"310970",2,11,4,7,3,8,0,0,0,0,0,11,4,7,3,8,6,10.0944119981373,9.35694839161227,0.308282717959535,29
"10328","MG","Cachoeira de Minas",11579,24207.36,31053,"Santa Rita do Sapucaí",3,"Sudeste",0,"310970",3,14,3,11,4,10,0,0,0,0,0,14,3,11,4,10,5,10.0944119981373,9.35694839161227,0.399034095401884,31
"10329","MG","Cachoeira de Minas",11579,24207.36,31053,"Santa Rita do Sapucaí",3,"Sudeste",0,"310970",4,11,0,11,3,8,0,0,0,0,0,11,0,11,3,8,7,10.0944119981373,9.35694839161227,0.445059846700873,30
"10330","MG","Cachoeira de Minas",11579,24207.36,31053,"Santa Rita do Sapucaí",3,"Sudeste",0,"310970",5,12,3,9,5,7,0,0,0,0,0,12,3,9,5,7,6,10.0944119981373,9.35694839161227,0.402013465613087,31
"10331","MG","Cachoeira de Minas",11579,24207.36,31053,"Santa Rita do Sapucaí",3,"Sudeste",0,"310970",6,9,1,8,2,7,0,0,0,0,0,9,1,8,2,7,5,10.0944119981373,9.35694839161227,0.37938464405748,30
"10332","MG","Cachoeira de Minas",11579,24207.36,31053,"Santa Rita do Sapucaí",3,"Sudeste",0,"310970",7,8,0,8,1,7,0,0,0,0,0,8,0,8,1,7,8,10.0944119981373,9.35694839161227,0.381458551834362,29
"10333","MG","Caetanópolis",11749,22082.57,31027,"Sete Lagoas",3,"Sudeste",1,"310990",2,10,0,10,3,7,0,0,0,0,0,10,0,10,3,7,7,10.0025438885452,9.37152340956757,0.294677420456827,29
"10334","MG","Caetanópolis",11749,22082.57,31027,"Sete Lagoas",3,"Sudeste",1,"310990",3,4,0,4,3,1,0,0,0,0,0,4,0,4,3,1,2,10.0025438885452,9.37152340956757,0.36461456352597,31
"10335","MG","Caetanópolis",11749,22082.57,31027,"Sete Lagoas",3,"Sudeste",1,"310990",4,5,2,3,3,2,0,0,0,0,0,5,2,3,3,2,12,10.0025438885452,9.37152340956757,0.408037549198506,30
"10336","MG","Caetanópolis",11749,22082.57,31027,"Sete Lagoas",3,"Sudeste",1,"310990",5,12,2,10,4,8,0,0,0,0,0,12,2,10,4,8,7,10.0025438885452,9.37152340956757,0.409882332582073,31
"10337","MG","Caetanópolis",11749,22082.57,31027,"Sete Lagoas",3,"Sudeste",1,"310990",6,7,1,6,1,6,0,0,0,0,0,7,1,6,1,6,7,10.0025438885452,9.37152340956757,0.34554004518854,30
"10338","MG","Caetanópolis",11749,22082.57,31027,"Sete Lagoas",3,"Sudeste",1,"310990",7,16,7,9,4,12,0,0,0,0,0,16,7,9,4,12,12,10.0025438885452,9.37152340956757,0.34995743518386,29
"10339","MG","Caeté",45047,13417.84,31030,"Belo Horizonte",3,"Sudeste",1,"311000",2,57,8,49,21,36,0,0,0,0,0,57,8,49,21,36,15,9.50434044377092,10.7154616681443,0.295505624340856,29
"10340","MG","Caeté",45047,13417.84,31030,"Belo Horizonte",3,"Sudeste",1,"311000",3,46,4,42,18,28,0,0,0,0,0,46,4,42,18,28,24,9.50434044377092,10.7154616681443,0.381265656811467,31
"10341","MG","Caeté",45047,13417.84,31030,"Belo Horizonte",3,"Sudeste",1,"311000",4,32,4,28,12,20,0,0,0,0,0,32,4,28,12,20,17,9.50434044377092,10.7154616681443,0.428416319619217,30
"10342","MG","Caeté",45047,13417.84,31030,"Belo Horizonte",3,"Sudeste",1,"311000",5,34,3,31,10,24,0,0,0,0,0,34,3,31,10,24,17,9.50434044377092,10.7154616681443,0.399832125935006,31
"10343","MG","Caeté",45047,13417.84,31030,"Belo Horizonte",3,"Sudeste",1,"311000",6,38,3,35,11,27,1,0,0,0,0,39,3,35,11,27,23,9.50434044377092,10.7154616681443,0.370176767961464,30
"10344","MG","Caeté",45047,13417.84,31030,"Belo Horizonte",3,"Sudeste",1,"311000",7,36,2,34,12,24,0,0,0,0,0,36,2,34,12,24,30,9.50434044377092,10.7154616681443,0.390224255137805,29
"10345","MG","Caldas",14541,16405.53,31051,"Poços de Caldas",3,"Sudeste",0,"311030",2,15,3,12,5,10,0,0,0,0,0,15,3,12,5,10,4,9.70537375209674,9.58472752451349,0.298617607660197,29
"10346","MG","Caldas",14541,16405.53,31051,"Poços de Caldas",3,"Sudeste",0,"311030",3,15,4,11,5,10,0,0,0,0,0,15,4,11,5,10,12,9.70537375209674,9.58472752451349,0.388753213630398,31
"10347","MG","Caldas",14541,16405.53,31051,"Poços de Caldas",3,"Sudeste",0,"311030",4,7,2,5,3,4,0,0,0,0,0,7,2,5,3,4,7,9.70537375209674,9.58472752451349,0.423743610458755,30
"10348","MG","Caldas",14541,16405.53,31051,"Poços de Caldas",3,"Sudeste",0,"311030",5,10,6,4,5,5,0,0,0,0,0,10,6,4,5,5,11,9.70537375209674,9.58472752451349,0.364028063640338,31
"10349","MG","Caldas",14541,16405.53,31051,"Poços de Caldas",3,"Sudeste",0,"311030",6,6,3,3,2,4,0,0,0,0,0,6,3,3,2,4,9,9.70537375209674,9.58472752451349,0.346316329483578,30
"10350","MG","Caldas",14541,16405.53,31051,"Poços de Caldas",3,"Sudeste",0,"311030",7,5,3,2,2,3,0,0,0,0,0,5,3,2,2,3,10,9.70537375209674,9.58472752451349,0.359657747457989,29
"10351","MG","Camanducaia",21801,25876.92,31052,"Pouso Alegre",3,"Sudeste",0,"311050",2,37,10,27,16,21,0,0,0,0,0,37,10,27,16,21,16,10.1611067307133,9.98971111928475,0.309518935030664,29
"10352","MG","Camanducaia",21801,25876.92,31052,"Pouso Alegre",3,"Sudeste",0,"311050",3,32,8,24,9,23,1,0,0,0,0,33,8,24,9,23,13,10.1611067307133,9.98971111928475,0.412226512047211,31
"10353","MG","Camanducaia",21801,25876.92,31052,"Pouso Alegre",3,"Sudeste",0,"311050",4,18,4,14,10,8,0,0,0,0,0,18,4,14,10,8,15,10.1611067307133,9.98971111928475,0.471644949637281,30
"10354","MG","Camanducaia",21801,25876.92,31052,"Pouso Alegre",3,"Sudeste",0,"311050",5,15,7,8,5,10,0,0,0,0,0,15,7,8,5,10,17,10.1611067307133,9.98971111928475,0.468581578435209,31
"10355","MG","Camanducaia",21801,25876.92,31052,"Pouso Alegre",3,"Sudeste",0,"311050",6,21,7,14,8,13,0,0,0,0,0,21,7,14,8,13,19,10.1611067307133,9.98971111928475,0.423684173678184,30
"10356","MG","Camanducaia",21801,25876.92,31052,"Pouso Alegre",3,"Sudeste",0,"311050",7,28,13,15,12,16,0,0,0,0,0,28,13,15,12,16,22,10.1611067307133,9.98971111928475,0.40111570653397,29
"10357","MG","Cambuí",29814,39584.67,31052,"Pouso Alegre",3,"Sudeste",0,"311060",2,43,7,36,9,34,0,0,0,0,0,43,7,36,9,34,17,10.5861972010797,10.3027333608304,0.309877090227785,29
"10358","MG","Cambuí",29814,39584.67,31052,"Pouso Alegre",3,"Sudeste",0,"311060",3,34,5,29,13,21,0,0,0,0,0,34,5,29,13,21,15,10.5861972010797,10.3027333608304,0.403889707081412,31
"10359","MG","Cambuí",29814,39584.67,31052,"Pouso Alegre",3,"Sudeste",0,"311060",4,23,5,18,9,14,1,0,0,0,0,24,5,18,9,14,15,10.5861972010797,10.3027333608304,0.434293185402587,30
"10360","MG","Cambuí",29814,39584.67,31052,"Pouso Alegre",3,"Sudeste",0,"311060",5,25,3,22,10,15,0,0,0,0,0,25,3,22,10,15,21,10.5861972010797,10.3027333608304,0.415898169007106,31
"10361","MG","Cambuí",29814,39584.67,31052,"Pouso Alegre",3,"Sudeste",0,"311060",6,30,1,29,5,25,0,0,0,0,0,30,1,29,5,25,26,10.5861972010797,10.3027333608304,0.378871704994828,30
"10362","MG","Cambuí",29814,39584.67,31052,"Pouso Alegre",3,"Sudeste",0,"311060",7,27,6,21,12,15,0,0,0,0,0,27,6,21,12,15,23,10.5861972010797,10.3027333608304,0.381211750028283,29
"10363","MG","Cambuquira",12812,18411.33,31054,"São Lourenço",3,"Sudeste",0,"311070",2,21,3,18,9,12,0,0,0,0,0,21,3,18,9,12,12,9.82072151496371,9.45813751072905,0.318414746966098,29
"10364","MG","Cambuquira",12812,18411.33,31054,"São Lourenço",3,"Sudeste",0,"311070",3,22,5,17,10,12,0,0,0,0,0,22,5,17,10,12,15,9.82072151496371,9.45813751072905,0.423109975914935,31
"10365","MG","Cambuquira",12812,18411.33,31054,"São Lourenço",3,"Sudeste",0,"311070",4,9,2,7,6,3,0,0,0,0,0,9,2,7,6,3,11,9.82072151496371,9.45813751072905,0.443135739181823,30
"10366","MG","Cambuquira",12812,18411.33,31054,"São Lourenço",3,"Sudeste",0,"311070",5,16,2,14,9,7,0,0,0,0,0,16,2,14,9,7,9,9.82072151496371,9.45813751072905,0.424849576946372,31
"10367","MG","Cambuquira",12812,18411.33,31054,"São Lourenço",3,"Sudeste",0,"311070",6,12,4,8,4,8,0,0,0,0,0,12,4,8,4,8,5,9.82072151496371,9.45813751072905,0.376121386131816,30
"10368","MG","Cambuquira",12812,18411.33,31054,"São Lourenço",3,"Sudeste",0,"311070",7,11,4,7,2,9,0,0,0,0,0,11,4,7,2,9,11,9.82072151496371,9.45813751072905,0.378911613067787,29
"10369","MG","Campanha",16762,19019.38,31050,"Varginha",3,"Sudeste",0,"311090",2,21,4,17,10,11,0,0,0,0,0,21,4,17,10,11,10,9.85321373830204,9.72686969865885,0.285913795873398,29
"10370","MG","Campanha",16762,19019.38,31050,"Varginha",3,"Sudeste",0,"311090",3,31,6,25,14,17,0,0,0,0,0,31,6,25,14,17,15,9.85321373830204,9.72686969865885,0.355754540143456,31
"10371","MG","Campanha",16762,19019.38,31050,"Varginha",3,"Sudeste",0,"311090",4,14,4,10,2,12,0,0,0,0,0,14,4,10,2,12,7,9.85321373830204,9.72686969865885,0.375986211480888,30
"10372","MG","Campanha",16762,19019.38,31050,"Varginha",3,"Sudeste",0,"311090",5,18,5,13,10,8,0,0,0,0,0,18,5,13,10,8,11,9.85321373830204,9.72686969865885,0.337754238757453,31
"10373","MG","Campanha",16762,19019.38,31050,"Varginha",3,"Sudeste",0,"311090",6,26,8,18,9,17,0,0,0,0,0,26,8,18,9,17,10,9.85321373830204,9.72686969865885,0.338124695225411,30
"10374","MG","Campanha",16762,19019.38,31050,"Varginha",3,"Sudeste",0,"311090",7,18,4,14,7,11,0,0,0,0,0,18,4,14,7,11,20,9.85321373830204,9.72686969865885,0.336247126987001,29
"10375","MG","Campestre",21054,15634.91,31051,"Poços de Caldas",3,"Sudeste",0,"311100",2,23,8,15,6,17,0,0,0,0,0,23,8,15,6,17,17,9.65726151355942,9.95484584481127,0.284850694673124,29
"10376","MG","Campestre",21054,15634.91,31051,"Poços de Caldas",3,"Sudeste",0,"311100",3,37,8,29,9,28,0,0,0,0,0,37,8,29,9,28,13,9.65726151355942,9.95484584481127,0.364003686482906,31
"10377","MG","Campestre",21054,15634.91,31051,"Poços de Caldas",3,"Sudeste",0,"311100",4,18,11,7,7,11,0,0,0,0,0,18,11,7,7,11,5,9.65726151355942,9.95484584481127,0.421103142862714,30
"10378","MG","Campestre",21054,15634.91,31051,"Poços de Caldas",3,"Sudeste",0,"311100",5,18,7,11,9,9,0,0,0,0,0,18,7,11,9,9,9,9.65726151355942,9.95484584481127,0.396657192417775,31
"10379","MG","Campestre",21054,15634.91,31051,"Poços de Caldas",3,"Sudeste",0,"311100",6,25,10,15,4,21,0,0,0,0,0,25,10,15,4,21,10,9.65726151355942,9.95484584481127,0.38086815009868,30
"10380","MG","Campestre",21054,15634.91,31051,"Poços de Caldas",3,"Sudeste",0,"311100",7,24,6,18,7,17,0,0,0,0,0,24,6,18,7,17,18,9.65726151355942,9.95484584481127,0.372550904140766,29
"10381","MG","Campina Verde",19752,26023.14,31021,"Frutal",3,"Sudeste",0,"311110",2,23,1,22,8,15,0,0,0,0,0,23,1,22,8,15,13,10.1667414211885,9.89101003102502,0.279362552103533,29
"10382","MG","Campina Verde",19752,26023.14,31021,"Frutal",3,"Sudeste",0,"311110",3,18,8,10,9,9,0,0,0,0,0,18,8,10,9,9,18,10.1667414211885,9.89101003102502,0.345086555453319,31
"10383","MG","Campina Verde",19752,26023.14,31021,"Frutal",3,"Sudeste",0,"311110",4,11,1,10,2,9,0,0,0,0,0,11,1,10,2,9,11,10.1667414211885,9.89101003102502,0.37515607480705,30
"10384","MG","Campina Verde",19752,26023.14,31021,"Frutal",3,"Sudeste",0,"311110",5,12,2,10,3,9,0,0,0,0,0,12,2,10,3,9,5,10.1667414211885,9.89101003102502,0.375247017626953,31
"10385","MG","Campina Verde",19752,26023.14,31021,"Frutal",3,"Sudeste",0,"311110",6,17,6,11,6,11,0,0,0,0,0,17,6,11,6,11,8,10.1667414211885,9.89101003102502,0.385285566356762,30
"10386","MG","Campina Verde",19752,26023.14,31021,"Frutal",3,"Sudeste",0,"311110",7,13,0,13,8,5,0,0,0,0,0,13,0,13,8,5,9,10.1667414211885,9.89101003102502,0.387412252176022,29
"10387","MG","Campo Belo",54186,19088.69,31045,"Campo Belo",3,"Sudeste",1,"311120",2,82,14,68,31,51,0,0,0,0,0,82,14,68,31,51,44,9.85685129204983,10.9001778514789,0.287500958370607,29
"10388","MG","Campo Belo",54186,19088.69,31045,"Campo Belo",3,"Sudeste",1,"311120",3,88,20,68,37,51,0,0,0,0,0,88,20,68,37,51,49,9.85685129204983,10.9001778514789,0.386305205744821,31
"10389","MG","Campo Belo",54186,19088.69,31045,"Campo Belo",3,"Sudeste",1,"311120",4,56,13,43,22,34,1,0,0,0,0,57,13,43,22,34,26,9.85685129204983,10.9001778514789,0.402323684035982,30
"10390","MG","Campo Belo",54186,19088.69,31045,"Campo Belo",3,"Sudeste",1,"311120",5,61,18,43,21,40,1,0,0,0,0,62,18,43,21,40,33,9.85685129204983,10.9001778514789,0.349905848005462,31
"10391","MG","Campo Belo",54186,19088.69,31045,"Campo Belo",3,"Sudeste",1,"311120",6,52,17,35,18,34,0,0,0,0,0,52,17,35,18,34,59,9.85685129204983,10.9001778514789,0.351748734564717,30
"10392","MG","Campo Belo",54186,19088.69,31045,"Campo Belo",3,"Sudeste",1,"311120",7,53,14,39,21,32,0,0,0,0,0,53,14,39,21,32,46,9.85685129204983,10.9001778514789,0.347649412796436,29
"10393","MG","Campo do Meio",11651,14629.8,31050,"Varginha",3,"Sudeste",0,"311130",2,22,8,14,11,11,0,0,0,0,0,22,8,14,11,11,9,9.59081582338074,9.36314729221994,0.348185365500283,29
"10394","MG","Campo do Meio",11651,14629.8,31050,"Varginha",3,"Sudeste",0,"311130",3,24,5,19,6,18,0,0,0,0,0,24,5,19,6,18,13,9.59081582338074,9.36314729221994,0.419065170878608,31
"10395","MG","Campo do Meio",11651,14629.8,31050,"Varginha",3,"Sudeste",0,"311130",4,14,3,11,6,8,0,0,0,0,0,14,3,11,6,8,6,9.59081582338074,9.36314729221994,0.399099759414182,30
"10396","MG","Campo do Meio",11651,14629.8,31050,"Varginha",3,"Sudeste",0,"311130",5,11,1,10,5,6,0,0,0,0,0,11,1,10,5,6,8,9.59081582338074,9.36314729221994,0.37702694052238,31
"10397","MG","Campo do Meio",11651,14629.8,31050,"Varginha",3,"Sudeste",0,"311130",6,10,1,9,2,8,0,0,0,0,0,10,1,9,2,8,4,9.59081582338074,9.36314729221994,0.366992660719593,30
"10398","MG","Campo do Meio",11651,14629.8,31050,"Varginha",3,"Sudeste",0,"311130",7,7,4,3,1,6,0,0,0,0,0,7,4,3,1,6,9,9.59081582338074,9.36314729221994,0.356905861747325,29
"10399","MG","Campo Florido",8269,62765.31,31022,"Uberaba",3,"Sudeste",0,"311140",2,17,4,13,3,14,0,0,0,0,0,17,4,13,3,14,7,11.0471578112985,9.02026886172217,0.330102785053874,29
"10400","MG","Campo Florido",8269,62765.31,31022,"Uberaba",3,"Sudeste",0,"311140",3,10,1,9,3,7,0,0,0,0,0,10,1,9,3,7,1,11.0471578112985,9.02026886172217,0.41558777827182,31
"10401","MG","Campo Florido",8269,62765.31,31022,"Uberaba",3,"Sudeste",0,"311140",4,11,2,9,4,7,0,0,0,0,0,11,2,9,4,7,1,11.0471578112985,9.02026886172217,0.414342886631137,30
"10402","MG","Campo Florido",8269,62765.31,31022,"Uberaba",3,"Sudeste",0,"311140",5,10,2,8,5,5,0,0,0,0,0,10,2,8,5,5,4,11.0471578112985,9.02026886172217,0.405126949801225,31
"10403","MG","Campo Florido",8269,62765.31,31022,"Uberaba",3,"Sudeste",0,"311140",6,13,7,6,7,6,0,0,0,0,0,13,7,6,7,6,3,11.0471578112985,9.02026886172217,0.385516534919452,30
"10404","MG","Campo Florido",8269,62765.31,31022,"Uberaba",3,"Sudeste",0,"311140",7,11,6,5,7,4,0,0,0,0,0,11,6,5,7,4,2,11.0471578112985,9.02026886172217,0.407701399310715,29
"10405","MG","Campos Altos",15563,20257.03,31023,"Araxá",3,"Sudeste",1,"311150",2,27,7,20,14,13,0,0,0,0,0,27,7,20,14,13,2,9.91625717278225,9.65265158120501,0.352376292020052,29
"10406","MG","Campos Altos",15563,20257.03,31023,"Araxá",3,"Sudeste",1,"311150",3,17,4,13,7,10,0,0,0,0,0,17,4,13,7,10,9,9.91625717278225,9.65265158120501,0.42157440856177,31
"10407","MG","Campos Altos",15563,20257.03,31023,"Araxá",3,"Sudeste",1,"311150",4,12,4,8,8,4,0,0,0,0,0,12,4,8,8,4,7,9.91625717278225,9.65265158120501,0.447169346488993,30
"10408","MG","Campos Altos",15563,20257.03,31023,"Araxá",3,"Sudeste",1,"311150",5,20,5,15,8,12,0,0,0,0,0,20,5,15,8,12,6,9.91625717278225,9.65265158120501,0.449926836587871,31
"10409","MG","Campos Altos",15563,20257.03,31023,"Araxá",3,"Sudeste",1,"311150",6,14,5,9,4,10,0,0,0,0,0,14,5,9,4,10,4,9.91625717278225,9.65265158120501,0.384519423341035,30
"10410","MG","Campos Altos",15563,20257.03,31023,"Araxá",3,"Sudeste",1,"311150",7,18,8,10,11,7,0,0,0,0,0,18,8,10,11,7,5,9.91625717278225,9.65265158120501,0.409917830573551,29
"10411","MG","Campos Gerais",28842,16504.82,31050,"Varginha",3,"Sudeste",0,"311160",2,43,15,28,16,27,0,0,0,0,0,43,15,28,16,27,16,9.7114077384417,10.269587937122,0.309220870897359,29
"10412","MG","Campos Gerais",28842,16504.82,31050,"Varginha",3,"Sudeste",0,"311160",3,37,6,31,15,22,1,0,0,0,0,38,6,31,15,22,14,9.7114077384417,10.269587937122,0.372521773414362,31
"10413","MG","Campos Gerais",28842,16504.82,31050,"Varginha",3,"Sudeste",0,"311160",4,33,4,29,7,26,0,0,0,0,0,33,4,29,7,26,13,9.7114077384417,10.269587937122,0.397911605388901,30
"10414","MG","Campos Gerais",28842,16504.82,31050,"Varginha",3,"Sudeste",0,"311160",5,25,9,16,15,10,0,0,0,0,0,25,9,16,15,10,19,9.7114077384417,10.269587937122,0.376697370694339,31
"10415","MG","Campos Gerais",28842,16504.82,31050,"Varginha",3,"Sudeste",0,"311160",6,26,5,21,12,14,0,0,0,0,0,26,5,21,12,14,16,9.7114077384417,10.269587937122,0.380009756400666,30
"10416","MG","Campos Gerais",28842,16504.82,31050,"Varginha",3,"Sudeste",0,"311160",7,17,4,13,6,11,0,0,0,0,0,17,4,13,6,11,23,9.7114077384417,10.269587937122,0.396661802944775,29
"10417","MG","Canápolis",12201,28651.44,31018,"Uberlândia",3,"Sudeste",1,"311180",2,16,1,15,8,8,0,0,0,0,0,16,1,15,8,8,6,10.2629589826599,9.40927319457533,0.299845036256755,29
"10418","MG","Canápolis",12201,28651.44,31018,"Uberlândia",3,"Sudeste",1,"311180",3,23,7,16,9,14,0,0,0,0,0,23,7,16,9,14,15,10.2629589826599,9.40927319457533,0.365538611763755,31
"10419","MG","Canápolis",12201,28651.44,31018,"Uberlândia",3,"Sudeste",1,"311180",4,9,3,6,5,4,0,0,0,0,0,9,3,6,5,4,7,10.2629589826599,9.40927319457533,0.374763434461449,30
"10420","MG","Canápolis",12201,28651.44,31018,"Uberlândia",3,"Sudeste",1,"311180",5,10,1,9,2,8,0,0,0,0,0,10,1,9,2,8,10,10.2629589826599,9.40927319457533,0.354222828649011,31
"10421","MG","Canápolis",12201,28651.44,31018,"Uberlândia",3,"Sudeste",1,"311180",6,10,4,6,6,4,1,0,0,0,0,11,4,6,6,4,6,10.2629589826599,9.40927319457533,0.338906949076219,30
"10422","MG","Canápolis",12201,28651.44,31018,"Uberlândia",3,"Sudeste",1,"311180",7,13,3,10,6,7,0,0,0,0,0,13,3,10,6,7,10,10.2629589826599,9.40927319457533,0.386684080629652,29
"10423","MG","Candeias",14888,16584.42,31045,"Campo Belo",3,"Sudeste",0,"311200",2,15,3,12,5,10,0,0,0,0,0,15,3,12,5,10,5,9.71621897940998,9.60831079832209,0.301180160474638,29
"10424","MG","Candeias",14888,16584.42,31045,"Campo Belo",3,"Sudeste",0,"311200",3,19,7,12,8,11,0,0,0,0,0,19,7,12,8,11,4,9.71621897940998,9.60831079832209,0.386394891694364,31
"10425","MG","Candeias",14888,16584.42,31045,"Campo Belo",3,"Sudeste",0,"311200",4,10,3,7,1,9,0,0,0,0,0,10,3,7,1,9,6,9.71621897940998,9.60831079832209,0.382079342878268,30
"10426","MG","Candeias",14888,16584.42,31045,"Campo Belo",3,"Sudeste",0,"311200",5,13,3,10,6,7,0,0,0,0,0,13,3,10,6,7,7,9.71621897940998,9.60831079832209,0.394068071361586,31
"10427","MG","Candeias",14888,16584.42,31045,"Campo Belo",3,"Sudeste",0,"311200",6,14,1,13,5,9,0,0,0,0,0,14,1,13,5,9,10,9.71621897940998,9.60831079832209,0.380411619792836,30
"10428","MG","Candeias",14888,16584.42,31045,"Campo Belo",3,"Sudeste",0,"311200",7,11,3,8,3,8,0,0,0,0,0,11,3,8,3,8,10,9.71621897940998,9.60831079832209,0.394017845922685,29
"10429","MG","Capelinha",38057,17018.52,31011,"Capelinha",3,"Sudeste",0,"311230",2,92,19,73,35,57,0,0,0,0,0,92,19,73,35,57,25,9.74205744182469,10.5468403148323,0.277558906113586,29
"10430","MG","Capelinha",38057,17018.52,31011,"Capelinha",3,"Sudeste",0,"311230",3,69,14,55,30,39,1,0,0,0,0,70,14,55,30,39,14,9.74205744182469,10.5468403148323,0.357538657700355,31
"10431","MG","Capelinha",38057,17018.52,31011,"Capelinha",3,"Sudeste",0,"311230",4,46,19,27,16,30,0,0,0,0,0,46,19,27,16,30,19,9.74205744182469,10.5468403148323,0.366285162862722,30
"10432","MG","Capelinha",38057,17018.52,31011,"Capelinha",3,"Sudeste",0,"311230",5,39,11,28,12,27,0,0,0,0,0,39,11,28,12,27,16,9.74205744182469,10.5468403148323,0.361949260285312,31
"10433","MG","Capelinha",38057,17018.52,31011,"Capelinha",3,"Sudeste",0,"311230",6,53,16,37,16,37,1,0,0,0,0,54,16,37,16,37,17,9.74205744182469,10.5468403148323,0.34726511622402,30
"10434","MG","Capelinha",38057,17018.52,31011,"Capelinha",3,"Sudeste",0,"311230",7,46,13,33,19,27,0,0,0,0,0,46,13,33,19,27,18,9.74205744182469,10.5468403148323,0.370934629964646,29
"10435","MG","Capim Branco",9826,9197.33,31027,"Sete Lagoas",3,"Sudeste",1,"311250",2,20,1,19,9,11,0,0,0,0,0,20,1,19,9,11,3,9.12666850352461,9.19278721272859,0.307844458340562,29
"10436","MG","Capim Branco",9826,9197.33,31027,"Sete Lagoas",3,"Sudeste",1,"311250",3,10,2,8,2,8,0,0,0,0,0,10,2,8,2,8,5,9.12666850352461,9.19278721272859,0.380030908805246,31
"10437","MG","Capim Branco",9826,9197.33,31027,"Sete Lagoas",3,"Sudeste",1,"311250",4,9,0,9,4,5,0,0,0,0,0,9,0,9,4,5,3,9.12666850352461,9.19278721272859,0.426776130139651,30
"10438","MG","Capim Branco",9826,9197.33,31027,"Sete Lagoas",3,"Sudeste",1,"311250",5,6,1,5,1,5,0,0,0,0,0,6,1,5,1,5,7,9.12666850352461,9.19278721272859,0.40617216282463,31
"10439","MG","Capim Branco",9826,9197.33,31027,"Sete Lagoas",3,"Sudeste",1,"311250",6,12,2,10,5,7,0,0,0,0,0,12,2,10,5,7,3,9.12666850352461,9.19278721272859,0.393732930932041,30
"10440","MG","Capim Branco",9826,9197.33,31027,"Sete Lagoas",3,"Sudeste",1,"311250",7,15,0,15,6,9,0,0,0,0,0,15,0,15,6,9,7,9.12666850352461,9.19278721272859,0.396005751081142,29
"10441","MG","Capinópolis",16234,25482.29,31017,"Ituiutaba",3,"Sudeste",1,"311260",2,18,7,11,9,9,0,0,0,0,0,18,7,11,9,9,9,10.1457389800589,9.69486308732112,0.278381859043427,29
"10442","MG","Capinópolis",16234,25482.29,31017,"Ituiutaba",3,"Sudeste",1,"311260",3,10,1,9,4,6,0,0,0,0,0,10,1,9,4,6,6,10.1457389800589,9.69486308732112,0.327865104647251,31
"10443","MG","Capinópolis",16234,25482.29,31017,"Ituiutaba",3,"Sudeste",1,"311260",4,10,1,9,5,5,0,0,0,0,0,10,1,9,5,5,2,10.1457389800589,9.69486308732112,0.359199070504652,30
"10444","MG","Capinópolis",16234,25482.29,31017,"Ituiutaba",3,"Sudeste",1,"311260",5,11,4,7,1,10,0,0,0,0,0,11,4,7,1,10,7,10.1457389800589,9.69486308732112,0.347487661592933,31
"10445","MG","Capinópolis",16234,25482.29,31017,"Ituiutaba",3,"Sudeste",1,"311260",6,19,4,15,7,12,0,0,0,0,0,19,4,15,7,12,10,10.1457389800589,9.69486308732112,0.338238481836823,30
"10446","MG","Capinópolis",16234,25482.29,31017,"Ituiutaba",3,"Sudeste",1,"311260",7,13,2,11,6,7,0,0,0,0,0,13,2,11,6,7,12,10.1457389800589,9.69486308732112,0.36328693266553,29
"10447","MG","Capitão Enéas",15313,20419.38,31007,"Montes Claros",3,"Sudeste",0,"311270",2,32,7,25,14,18,0,0,0,0,0,32,7,25,14,18,6,9.9242397288679,9.63645741981521,0.297447679189536,29
"10448","MG","Capitão Enéas",15313,20419.38,31007,"Montes Claros",3,"Sudeste",0,"311270",3,27,7,20,12,15,1,0,0,0,0,28,7,20,12,15,9,9.9242397288679,9.63645741981521,0.386419406066735,31
"10449","MG","Capitão Enéas",15313,20419.38,31007,"Montes Claros",3,"Sudeste",0,"311270",4,29,4,25,15,14,0,0,0,0,0,29,4,25,15,14,8,9.9242397288679,9.63645741981521,0.418649839760658,30
"10450","MG","Capitão Enéas",15313,20419.38,31007,"Montes Claros",3,"Sudeste",0,"311270",5,14,1,13,8,6,0,0,0,0,0,14,1,13,8,6,14,9.9242397288679,9.63645741981521,0.407136216545146,31
"10451","MG","Capitão Enéas",15313,20419.38,31007,"Montes Claros",3,"Sudeste",0,"311270",6,16,2,14,7,9,0,0,0,0,0,16,2,14,7,9,9,9.9242397288679,9.63645741981521,0.371619102241168,30
"10452","MG","Capitão Enéas",15313,20419.38,31007,"Montes Claros",3,"Sudeste",0,"311270",7,19,4,15,10,9,1,0,0,0,0,20,4,15,10,9,12,9.9242397288679,9.63645741981521,0.39689656586526,29
"10453","MG","Capitólio",8663,29044.94,31047,"Passos",3,"Sudeste",0,"311280",2,16,4,12,5,11,0,0,0,0,0,16,4,12,5,11,3,10.2765995646645,9.06681636189014,0.29805182937007,29
"10454","MG","Capitólio",8663,29044.94,31047,"Passos",3,"Sudeste",0,"311280",3,18,6,12,5,13,0,0,0,0,0,18,6,12,5,13,5,10.2765995646645,9.06681636189014,0.386323723497217,31
"10455","MG","Capitólio",8663,29044.94,31047,"Passos",3,"Sudeste",0,"311280",4,14,6,8,4,10,0,0,0,0,0,14,6,8,4,10,6,10.2765995646645,9.06681636189014,0.444225748196529,30
"10456","MG","Capitólio",8663,29044.94,31047,"Passos",3,"Sudeste",0,"311280",5,16,5,11,7,9,1,0,0,0,0,17,5,11,7,9,6,10.2765995646645,9.06681636189014,0.409667816665753,31
"10457","MG","Capitólio",8663,29044.94,31047,"Passos",3,"Sudeste",0,"311280",6,8,0,8,2,6,0,0,0,0,0,8,0,8,2,6,5,10.2765995646645,9.06681636189014,0.385983300399954,30
"10458","MG","Capitólio",8663,29044.94,31047,"Passos",3,"Sudeste",0,"311280",7,14,4,10,3,11,0,0,0,0,0,14,4,10,3,11,7,10.2765995646645,9.06681636189014,0.370780340259094,29
"10459","MG","Caraí",23780,6553.54,31012,"Araçuaí",3,"Sudeste",0,"311300",2,21,8,13,14,7,0,0,0,0,0,21,8,13,14,7,10,8.78776064064973,10.0766001702448,0.296166075093668,29
"10460","MG","Caraí",23780,6553.54,31012,"Araçuaí",3,"Sudeste",0,"311300",3,21,10,11,12,9,0,0,0,0,0,21,10,11,12,9,13,8.78776064064973,10.0766001702448,0.399651357261359,31
"10461","MG","Caraí",23780,6553.54,31012,"Araçuaí",3,"Sudeste",0,"311300",4,20,7,13,10,10,0,0,0,0,0,20,7,13,10,10,11,8.78776064064973,10.0766001702448,0.425684619975751,30
"10462","MG","Caraí",23780,6553.54,31012,"Araçuaí",3,"Sudeste",0,"311300",5,20,8,12,8,12,0,0,0,0,0,20,8,12,8,12,17,8.78776064064973,10.0766001702448,0.394798782229712,31
"10463","MG","Caraí",23780,6553.54,31012,"Araçuaí",3,"Sudeste",0,"311300",6,27,7,20,17,10,1,0,0,0,0,28,7,20,17,10,20,8.78776064064973,10.0766001702448,0.36900759566742,30
"10464","MG","Caraí",23780,6553.54,31012,"Araçuaí",3,"Sudeste",0,"311300",7,18,4,14,10,8,0,0,0,0,0,18,4,14,10,8,18,8.78776064064973,10.0766001702448,0.433121239320019,29
"10465","MG","Carandaí",25669,18800.32,31059,"Barbacena",3,"Sudeste",0,"311320",2,42,10,32,10,32,0,0,0,0,0,42,10,32,10,32,17,9.84162916994978,10.1530393171266,0.310648947704816,29
"10466","MG","Carandaí",25669,18800.32,31059,"Barbacena",3,"Sudeste",0,"311320",3,30,7,23,8,22,0,0,0,0,0,30,7,23,8,22,18,9.84162916994978,10.1530393171266,0.402880653245836,31
"10467","MG","Carandaí",25669,18800.32,31059,"Barbacena",3,"Sudeste",0,"311320",4,21,8,13,6,15,1,0,0,0,0,22,8,13,6,15,11,9.84162916994978,10.1530393171266,0.446923756492868,30
"10468","MG","Carandaí",25669,18800.32,31059,"Barbacena",3,"Sudeste",0,"311320",5,20,6,14,7,13,0,0,0,0,0,20,6,14,7,13,20,9.84162916994978,10.1530393171266,0.416649737065494,31
"10469","MG","Carandaí",25669,18800.32,31059,"Barbacena",3,"Sudeste",0,"311320",6,22,4,18,6,16,0,0,0,0,0,22,4,18,6,16,18,9.84162916994978,10.1530393171266,0.389735656602755,30
"10470","MG","Carandaí",25669,18800.32,31059,"Barbacena",3,"Sudeste",0,"311320",7,23,6,17,11,12,0,0,0,0,0,23,6,17,11,12,20,9.84162916994978,10.1530393171266,0.389661023674705,29
"10471","MG","Carangola",33011,16145.4,31063,"Muriaé",3,"Sudeste",0,"311330",2,50,15,35,18,32,0,0,0,0,0,50,15,35,18,32,18,9.68939045835775,10.4045961182387,0.291138179573451,29
"10472","MG","Carangola",33011,16145.4,31063,"Muriaé",3,"Sudeste",0,"311330",3,64,18,46,28,36,0,0,0,0,0,64,18,46,28,36,24,9.68939045835775,10.4045961182387,0.391888618405939,31
"10473","MG","Carangola",33011,16145.4,31063,"Muriaé",3,"Sudeste",0,"311330",4,40,10,30,18,22,0,0,0,0,0,40,10,30,18,22,32,9.68939045835775,10.4045961182387,0.438789509629603,30
"10474","MG","Carangola",33011,16145.4,31063,"Muriaé",3,"Sudeste",0,"311330",5,43,12,31,19,24,0,0,0,0,0,43,12,31,19,24,21,9.68939045835775,10.4045961182387,0.408821724397681,31
"10475","MG","Carangola",33011,16145.4,31063,"Muriaé",3,"Sudeste",0,"311330",6,45,12,33,15,30,0,0,0,0,0,45,12,33,15,30,24,9.68939045835775,10.4045961182387,0.378271313789467,30
"10476","MG","Carangola",33011,16145.4,31063,"Muriaé",3,"Sudeste",0,"311330",7,34,15,19,11,23,0,0,0,0,0,34,15,19,11,23,37,9.68939045835775,10.4045961182387,0.370999394087272,29
"10477","MG","Caratinga",92603,18565.43,31040,"Caratinga",3,"Sudeste",1,"311340",2,152,41,111,62,90,0,0,0,0,0,152,41,111,62,90,54,9.82905652820667,11.4360768175177,0.326537195940085,29
"10478","MG","Caratinga",92603,18565.43,31040,"Caratinga",3,"Sudeste",1,"311340",3,176,47,129,58,118,2,0,0,0,0,178,47,129,58,118,57,9.82905652820667,11.4360768175177,0.419393229870423,31
"10479","MG","Caratinga",92603,18565.43,31040,"Caratinga",3,"Sudeste",1,"311340",4,102,24,78,39,63,0,0,0,0,0,102,24,78,39,63,52,9.82905652820667,11.4360768175177,0.45330430987285,30
"10480","MG","Caratinga",92603,18565.43,31040,"Caratinga",3,"Sudeste",1,"311340",5,101,22,79,30,71,1,0,0,0,0,102,22,79,30,71,55,9.82905652820667,11.4360768175177,0.429657800957367,31
"10481","MG","Caratinga",92603,18565.43,31040,"Caratinga",3,"Sudeste",1,"311340",6,107,27,80,42,65,1,0,0,0,0,108,27,80,42,65,61,9.82905652820667,11.4360768175177,0.414566171571943,30
"10482","MG","Caratinga",92603,18565.43,31040,"Caratinga",3,"Sudeste",1,"311340",7,85,27,58,29,56,1,0,0,0,0,86,27,58,29,56,71,9.82905652820667,11.4360768175177,0.426865157568593,29
"10483","MG","Carbonita",9414,17550,31011,"Capelinha",3,"Sudeste",0,"311350",2,11,5,6,3,8,0,0,0,0,0,11,5,6,3,8,2,9.77280922889401,9.14995322196109,0.285518171692502,29
"10484","MG","Carbonita",9414,17550,31011,"Capelinha",3,"Sudeste",0,"311350",3,12,3,9,6,6,0,0,0,0,0,12,3,9,6,6,1,9.77280922889401,9.14995322196109,0.351600902293809,31
"10485","MG","Carbonita",9414,17550,31011,"Capelinha",3,"Sudeste",0,"311350",4,5,3,2,1,4,0,0,0,0,0,5,3,2,1,4,3,9.77280922889401,9.14995322196109,0.347337819426821,30
"10486","MG","Carbonita",9414,17550,31011,"Capelinha",3,"Sudeste",0,"311350",5,8,1,7,3,5,0,0,0,0,0,8,1,7,3,5,7,9.77280922889401,9.14995322196109,0.349672676205478,31
"10487","MG","Carbonita",9414,17550,31011,"Capelinha",3,"Sudeste",0,"311350",6,6,2,4,2,4,0,0,0,0,0,6,2,4,2,4,3,9.77280922889401,9.14995322196109,0.366489587821877,30
"10488","MG","Carbonita",9414,17550,31011,"Capelinha",3,"Sudeste",0,"311350",7,10,2,8,5,5,0,0,0,0,0,10,2,8,5,5,2,9.77280922889401,9.14995322196109,0.364886485561595,29
"10489","MG","Careaçu",6792,20794.13,31053,"Santa Rita do Sapucaí",3,"Sudeste",0,"311360",2,5,1,4,4,1,0,0,0,0,0,5,1,4,4,1,0,9.94242601432178,8.82350072799118,0.292987258297815,29
"10490","MG","Careaçu",6792,20794.13,31053,"Santa Rita do Sapucaí",3,"Sudeste",0,"311360",3,7,2,5,2,5,0,0,0,0,0,7,2,5,2,5,6,9.94242601432178,8.82350072799118,0.388081869660736,31
"10491","MG","Careaçu",6792,20794.13,31053,"Santa Rita do Sapucaí",3,"Sudeste",0,"311360",4,5,0,5,3,2,0,0,0,0,0,5,0,5,3,2,4,9.94242601432178,8.82350072799118,0.430478651365369,30
"10492","MG","Careaçu",6792,20794.13,31053,"Santa Rita do Sapucaí",3,"Sudeste",0,"311360",5,4,0,4,1,3,0,0,0,0,0,4,0,4,1,3,8,9.94242601432178,8.82350072799118,0.385763399070349,31
"10493","MG","Careaçu",6792,20794.13,31053,"Santa Rita do Sapucaí",3,"Sudeste",0,"311360",6,8,1,7,3,5,0,0,0,0,0,8,1,7,3,5,8,9.94242601432178,8.82350072799118,0.388702609038811,30
"10494","MG","Careaçu",6792,20794.13,31053,"Santa Rita do Sapucaí",3,"Sudeste",0,"311360",7,2,0,2,0,2,0,0,0,0,0,2,0,2,0,2,5,9.94242601432178,8.82350072799118,0.409352892432412,29
"10495","MG","Carlos Chagas",18674,17722.5,31016,"Nanuque",3,"Sudeste",0,"311370",2,28,10,18,7,21,0,0,0,0,0,28,10,18,7,21,9,9.78259029772917,9.83488746104387,0.281147481716807,29
"10496","MG","Carlos Chagas",18674,17722.5,31016,"Nanuque",3,"Sudeste",0,"311370",3,19,5,14,10,9,0,0,0,0,0,19,5,14,10,9,17,9.78259029772917,9.83488746104387,0.361912268476414,31
"10497","MG","Carlos Chagas",18674,17722.5,31016,"Nanuque",3,"Sudeste",0,"311370",4,19,7,12,7,12,0,0,0,0,0,19,7,12,7,12,7,9.78259029772917,9.83488746104387,0.388481698396174,30
"10498","MG","Carlos Chagas",18674,17722.5,31016,"Nanuque",3,"Sudeste",0,"311370",5,16,4,12,10,6,0,0,0,0,0,16,4,12,10,6,17,9.78259029772917,9.83488746104387,0.370155414780412,31
"10499","MG","Carlos Chagas",18674,17722.5,31016,"Nanuque",3,"Sudeste",0,"311370",6,18,4,14,8,10,0,0,0,0,0,18,4,14,8,10,26,9.78259029772917,9.83488746104387,0.374885906753858,30
"10500","MG","Carlos Chagas",18674,17722.5,31016,"Nanuque",3,"Sudeste",0,"311370",7,15,4,11,2,13,0,0,0,0,0,15,4,11,2,13,18,9.78259029772917,9.83488746104387,0.426619716125736,29
"10501","MG","Carmo da Cachoeira",12182,18335.14,31050,"Varginha",3,"Sudeste",0,"311390",2,16,4,12,11,5,1,0,0,0,0,17,4,12,11,5,6,9.81657471614576,9.40771473139643,0.312910107134433,29
"10502","MG","Carmo da Cachoeira",12182,18335.14,31050,"Varginha",3,"Sudeste",0,"311390",3,15,4,11,9,6,0,0,0,0,0,15,4,11,9,6,5,9.81657471614576,9.40771473139643,0.373551851020363,31
"10503","MG","Carmo da Cachoeira",12182,18335.14,31050,"Varginha",3,"Sudeste",0,"311390",4,10,1,9,5,5,0,0,0,0,0,10,1,9,5,5,1,9.81657471614576,9.40771473139643,0.410749191726916,30
"10504","MG","Carmo da Cachoeira",12182,18335.14,31050,"Varginha",3,"Sudeste",0,"311390",5,14,5,9,3,11,0,0,0,0,0,14,5,9,3,11,18,9.81657471614576,9.40771473139643,0.380844645629435,31
"10505","MG","Carmo da Cachoeira",12182,18335.14,31050,"Varginha",3,"Sudeste",0,"311390",6,14,1,13,8,6,0,0,0,0,0,14,1,13,8,6,13,9.81657471614576,9.40771473139643,0.368791726411144,30
"10506","MG","Carmo da Cachoeira",12182,18335.14,31050,"Varginha",3,"Sudeste",0,"311390",7,5,0,5,2,3,0,0,0,0,0,5,0,5,2,3,10,9.81657471614576,9.40771473139643,0.354237457035559,29
"10507","MG","Carmo da Mata",11511,15895.66,31046,"Oliveira",3,"Sudeste",0,"311400",2,15,2,13,8,7,0,0,0,0,0,15,2,13,8,7,6,9.67380139497422,9.35105837891506,0.284358255302791,29
"10508","MG","Carmo da Mata",11511,15895.66,31046,"Oliveira",3,"Sudeste",0,"311400",3,21,3,18,7,14,0,0,0,0,0,21,3,18,7,14,10,9.67380139497422,9.35105837891506,0.371969829208568,31
"10509","MG","Carmo da Mata",11511,15895.66,31046,"Oliveira",3,"Sudeste",0,"311400",4,8,0,8,2,6,0,0,0,0,0,8,0,8,2,6,9,9.67380139497422,9.35105837891506,0.366232881602358,30
"10510","MG","Carmo da Mata",11511,15895.66,31046,"Oliveira",3,"Sudeste",0,"311400",5,8,2,6,4,4,0,0,0,0,0,8,2,6,4,4,9,9.67380139497422,9.35105837891506,0.328425993739643,31
"10511","MG","Carmo da Mata",11511,15895.66,31046,"Oliveira",3,"Sudeste",0,"311400",6,5,0,5,1,4,0,0,0,0,0,5,0,5,1,4,3,9.67380139497422,9.35105837891506,0.317840683169353,30
"10512","MG","Carmo da Mata",11511,15895.66,31046,"Oliveira",3,"Sudeste",0,"311400",7,4,1,3,2,2,0,0,0,0,0,4,1,3,2,2,7,9.67380139497422,9.35105837891506,0.314652979691481,29
"10513","MG","Carmo de Minas",14947,13297.23,31054,"São Lourenço",3,"Sudeste",0,"311410",2,24,6,18,11,13,0,0,0,0,0,24,6,18,11,13,8,9.4953110218418,9.61226588978581,0.358967200003595,29
"10514","MG","Carmo de Minas",14947,13297.23,31054,"São Lourenço",3,"Sudeste",0,"311410",3,19,5,14,7,12,0,0,0,0,0,19,5,14,7,12,3,9.4953110218418,9.61226588978581,0.466776907653924,31
"10515","MG","Carmo de Minas",14947,13297.23,31054,"São Lourenço",3,"Sudeste",0,"311410",4,6,0,6,1,5,0,0,0,0,0,6,0,6,1,5,3,9.4953110218418,9.61226588978581,0.496686799956065,30
"10516","MG","Carmo de Minas",14947,13297.23,31054,"São Lourenço",3,"Sudeste",0,"311410",5,12,4,8,5,7,0,0,0,0,0,12,4,8,5,7,7,9.4953110218418,9.61226588978581,0.479369143397831,31
"10517","MG","Carmo de Minas",14947,13297.23,31054,"São Lourenço",3,"Sudeste",0,"311410",6,12,5,7,8,4,0,0,0,0,0,12,5,7,8,4,10,9.4953110218418,9.61226588978581,0.446950462356599,30
"10518","MG","Carmo de Minas",14947,13297.23,31054,"São Lourenço",3,"Sudeste",0,"311410",7,19,4,15,11,8,0,0,0,0,0,19,4,15,11,8,10,9.4953110218418,9.61226588978581,0.437335493529986,29
"10519","MG","Carmo do Cajuru",22693,18309.3,31043,"Divinópolis",3,"Sudeste",0,"311420",2,45,10,35,18,27,1,0,0,0,0,46,10,35,18,27,12,9.8151644064626,10.0298117858696,0.286394714417594,29
"10520","MG","Carmo do Cajuru",22693,18309.3,31043,"Divinópolis",3,"Sudeste",0,"311420",3,41,6,35,17,24,1,0,0,0,0,42,6,35,17,24,17,9.8151644064626,10.0298117858696,0.379110883838591,31
"10521","MG","Carmo do Cajuru",22693,18309.3,31043,"Divinópolis",3,"Sudeste",0,"311420",4,27,3,24,10,17,0,0,0,0,0,27,3,24,10,17,12,9.8151644064626,10.0298117858696,0.418581274801482,30
"10522","MG","Carmo do Cajuru",22693,18309.3,31043,"Divinópolis",3,"Sudeste",0,"311420",5,29,3,26,8,21,0,0,0,0,0,29,3,26,8,21,17,9.8151644064626,10.0298117858696,0.377271735171468,31
"10523","MG","Carmo do Cajuru",22693,18309.3,31043,"Divinópolis",3,"Sudeste",0,"311420",6,33,8,25,11,22,0,0,0,0,0,33,8,25,11,22,15,9.8151644064626,10.0298117858696,0.335328833768761,30
"10524","MG","Carmo do Cajuru",22693,18309.3,31043,"Divinópolis",3,"Sudeste",0,"311420",7,25,7,18,9,16,0,0,0,0,0,25,7,18,9,16,16,9.8151644064626,10.0298117858696,0.328882941262004,29
"10525","MG","Carmo do Paranaíba",30334,23740.39,31020,"Patos de Minas",3,"Sudeste",1,"311430",2,44,6,38,10,34,0,0,0,0,0,44,6,38,10,34,21,10.0749330959984,10.3200244746113,0.313616233592992,29
"10526","MG","Carmo do Paranaíba",30334,23740.39,31020,"Patos de Minas",3,"Sudeste",1,"311430",3,44,9,35,15,29,0,0,0,0,0,44,9,35,15,29,20,10.0749330959984,10.3200244746113,0.397034593930394,31
"10527","MG","Carmo do Paranaíba",30334,23740.39,31020,"Patos de Minas",3,"Sudeste",1,"311430",4,20,1,19,5,15,1,0,0,0,0,21,1,19,5,15,15,10.0749330959984,10.3200244746113,0.416631883565438,30
"10528","MG","Carmo do Paranaíba",30334,23740.39,31020,"Patos de Minas",3,"Sudeste",1,"311430",5,26,7,19,13,13,0,0,0,0,0,26,7,19,13,13,20,10.0749330959984,10.3200244746113,0.406343592585305,31
"10529","MG","Carmo do Paranaíba",30334,23740.39,31020,"Patos de Minas",3,"Sudeste",1,"311430",6,21,6,15,8,13,0,0,0,0,0,21,6,15,8,13,21,10.0749330959984,10.3200244746113,0.380801928989953,30
"10530","MG","Carmo do Paranaíba",30334,23740.39,31020,"Patos de Minas",3,"Sudeste",1,"311430",7,30,6,24,13,17,1,0,0,0,0,31,6,24,13,17,13,10.0749330959984,10.3200244746113,0.374909479185025,29
"10531","MG","Carmo do Rio Claro",21268,22346.74,31049,"Alfenas",3,"Sudeste",0,"311440",2,26,7,19,11,15,0,0,0,0,0,26,7,19,11,15,12,10.0144357281054,9.96495887462423,0.317695896075003,29
"10532","MG","Carmo do Rio Claro",21268,22346.74,31049,"Alfenas",3,"Sudeste",0,"311440",3,26,4,22,9,17,0,0,0,0,0,26,4,22,9,17,14,10.0144357281054,9.96495887462423,0.377774224943698,31
"10533","MG","Carmo do Rio Claro",21268,22346.74,31049,"Alfenas",3,"Sudeste",0,"311440",4,14,3,11,6,8,0,0,0,0,0,14,3,11,6,8,9,10.0144357281054,9.96495887462423,0.415422100691191,30
"10534","MG","Carmo do Rio Claro",21268,22346.74,31049,"Alfenas",3,"Sudeste",0,"311440",5,25,5,20,11,14,0,0,0,0,0,25,5,20,11,14,9,10.0144357281054,9.96495887462423,0.378859293955862,31
"10535","MG","Carmo do Rio Claro",21268,22346.74,31049,"Alfenas",3,"Sudeste",0,"311440",6,18,2,16,6,12,0,0,0,0,0,18,2,16,6,12,18,10.0144357281054,9.96495887462423,0.39141794797035,30
"10536","MG","Carmo do Rio Claro",21268,22346.74,31049,"Alfenas",3,"Sudeste",0,"311440",7,21,3,18,8,13,0,0,0,0,0,21,3,18,8,13,8,10.0144357281054,9.96495887462423,0.378063395086289,29
"10537","MG","Carmópolis de Minas",19559,21567.69,31046,"Oliveira",3,"Sudeste",0,"311450",2,35,4,31,11,24,0,0,0,0,0,35,4,31,11,24,2,9.97895164046334,9.88119081753752,0.291410399197368,29
"10538","MG","Carmópolis de Minas",19559,21567.69,31046,"Oliveira",3,"Sudeste",0,"311450",3,33,8,25,8,25,0,0,0,0,0,33,8,25,8,25,4,9.97895164046334,9.88119081753752,0.377717815441987,31
"10539","MG","Carmópolis de Minas",19559,21567.69,31046,"Oliveira",3,"Sudeste",0,"311450",4,29,2,27,11,18,1,0,0,0,0,30,2,27,11,18,8,9.97895164046334,9.88119081753752,0.409887028225794,30
"10540","MG","Carmópolis de Minas",19559,21567.69,31046,"Oliveira",3,"Sudeste",0,"311450",5,18,3,15,10,8,0,0,0,0,0,18,3,15,10,8,7,9.97895164046334,9.88119081753752,0.393745880506317,31
"10541","MG","Carmópolis de Minas",19559,21567.69,31046,"Oliveira",3,"Sudeste",0,"311450",6,17,7,10,6,11,0,0,0,0,0,17,7,10,6,11,11,9.97895164046334,9.88119081753752,0.357761783768819,30
"10542","MG","Carmópolis de Minas",19559,21567.69,31046,"Oliveira",3,"Sudeste",0,"311450",7,12,3,9,7,5,0,0,0,0,0,12,3,9,7,5,13,9.97895164046334,9.88119081753752,0.346054221761394,29
"10543","MG","Carneirinho",10066,31855.26,31021,"Frutal",3,"Sudeste",0,"311455",2,7,0,7,1,6,0,0,0,0,0,7,0,7,1,6,2,10.3689577965013,9.2169186873363,0.347474406723914,29
"10544","MG","Carneirinho",10066,31855.26,31021,"Frutal",3,"Sudeste",0,"311455",3,12,2,10,5,7,0,0,0,0,0,12,2,10,5,7,6,10.3689577965013,9.2169186873363,0.40070112613018,31
"10545","MG","Carneirinho",10066,31855.26,31021,"Frutal",3,"Sudeste",0,"311455",4,1,0,1,0,1,0,0,0,0,0,1,0,1,0,1,5,10.3689577965013,9.2169186873363,0.434404822358897,30
"10546","MG","Carneirinho",10066,31855.26,31021,"Frutal",3,"Sudeste",0,"311455",5,7,3,4,3,4,0,0,0,0,0,7,3,4,3,4,2,10.3689577965013,9.2169186873363,0.432099798996593,31
"10547","MG","Carneirinho",10066,31855.26,31021,"Frutal",3,"Sudeste",0,"311455",6,10,5,5,4,6,0,0,0,0,0,10,5,5,4,6,3,10.3689577965013,9.2169186873363,0.422694850690641,30
"10548","MG","Carneirinho",10066,31855.26,31021,"Frutal",3,"Sudeste",0,"311455",7,10,3,7,5,5,0,0,0,0,0,10,3,7,5,5,7,10.3689577965013,9.2169186873363,0.422781257042093,29
"10549","MG","Cássia",17740,18376.7,31047,"Passos",3,"Sudeste",1,"311510",2,30,9,21,13,17,0,0,0,0,0,30,9,21,13,17,11,9.81883883680841,9.78357725586357,0.32117804131723,29
"10550","MG","Cássia",17740,18376.7,31047,"Passos",3,"Sudeste",1,"311510",3,22,6,16,10,12,0,0,0,0,0,22,6,16,10,12,18,9.81883883680841,9.78357725586357,0.386935266787774,31
"10551","MG","Cássia",17740,18376.7,31047,"Passos",3,"Sudeste",1,"311510",4,21,4,17,6,15,0,0,0,0,0,21,4,17,6,15,12,9.81883883680841,9.78357725586357,0.4284481743274,30
"10552","MG","Cássia",17740,18376.7,31047,"Passos",3,"Sudeste",1,"311510",5,22,3,19,6,16,1,0,0,0,0,23,3,19,6,16,14,9.81883883680841,9.78357725586357,0.407536244358164,31
"10553","MG","Cássia",17740,18376.7,31047,"Passos",3,"Sudeste",1,"311510",6,14,1,13,7,7,1,0,0,0,0,15,1,13,7,7,10,9.81883883680841,9.78357725586357,0.374095107247295,30
"10554","MG","Cássia",17740,18376.7,31047,"Passos",3,"Sudeste",1,"311510",7,25,8,17,7,18,0,0,0,0,0,25,8,17,7,18,4,9.81883883680841,9.78357725586357,0.378667594732216,29
"10555","MG","Cataguases",75540,20631.9,31066,"Cataguases",3,"Sudeste",1,"311530",2,94,23,71,33,61,0,0,0,0,0,94,23,71,33,61,52,9.93459370070958,11.2324175962664,0.321609011649158,29
"10556","MG","Cataguases",75540,20631.9,31066,"Cataguases",3,"Sudeste",1,"311530",3,113,30,83,51,62,1,0,0,0,0,114,30,83,51,62,49,9.93459370070958,11.2324175962664,0.419125195210178,31
"10557","MG","Cataguases",75540,20631.9,31066,"Cataguases",3,"Sudeste",1,"311530",4,61,11,50,22,39,0,0,0,0,0,61,11,50,22,39,32,9.93459370070958,11.2324175962664,0.492764155051747,30
"10558","MG","Cataguases",75540,20631.9,31066,"Cataguases",3,"Sudeste",1,"311530",5,55,11,44,22,33,0,0,0,0,0,55,11,44,22,33,51,9.93459370070958,11.2324175962664,0.45290560935848,31
"10559","MG","Cataguases",75540,20631.9,31066,"Cataguases",3,"Sudeste",1,"311530",6,55,12,43,15,40,1,0,0,0,0,56,12,43,15,40,51,9.93459370070958,11.2324175962664,0.417091743214403,30
"10560","MG","Cataguases",75540,20631.9,31066,"Cataguases",3,"Sudeste",1,"311530",7,50,8,42,11,39,2,0,0,0,0,52,8,42,11,39,43,9.93459370070958,11.2324175962664,0.432177633557853,29
"10561","MG","Catas Altas",5421,78778.67,31031,"Itabira",3,"Sudeste",0,"311535",2,4,1,3,1,3,0,0,0,0,0,4,1,3,1,3,2,11.2743975539249,8.59803557926034,0.36739832610846,29
"10562","MG","Catas Altas",5421,78778.67,31031,"Itabira",3,"Sudeste",0,"311535",3,4,0,4,0,4,0,0,0,0,0,4,0,4,0,4,2,11.2743975539249,8.59803557926034,0.463974870657166,31
"10563","MG","Catas Altas",5421,78778.67,31031,"Itabira",3,"Sudeste",0,"311535",4,2,0,2,1,1,0,0,0,0,0,2,0,2,1,1,1,11.2743975539249,8.59803557926034,0.519564421797491,30
"10564","MG","Catas Altas",5421,78778.67,31031,"Itabira",3,"Sudeste",0,"311535",5,6,0,6,2,4,0,0,0,0,0,6,0,6,2,4,1,11.2743975539249,8.59803557926034,0.460984257238734,31
"10565","MG","Catas Altas",5421,78778.67,31031,"Itabira",3,"Sudeste",0,"311535",6,6,0,6,1,5,0,0,0,0,0,6,0,6,1,5,8,11.2743975539249,8.59803557926034,0.417040982271701,30
"10566","MG","Catas Altas",5421,78778.67,31031,"Itabira",3,"Sudeste",0,"311535",7,12,1,11,4,8,0,0,0,0,0,12,1,11,4,8,1,11.2743975539249,8.59803557926034,0.404279653581938,29
"10567","MG","Caxambu",21610,15512.4,31054,"São Lourenço",3,"Sudeste",1,"311550",2,33,13,20,17,16,0,0,0,0,0,33,13,20,17,16,19,9.6493949830779,9.98091144950093,0.30374729878775,29
"10568","MG","Caxambu",21610,15512.4,31054,"São Lourenço",3,"Sudeste",1,"311550",3,29,4,25,12,17,0,0,0,0,0,29,4,25,12,17,17,9.6493949830779,9.98091144950093,0.409211088637753,31
"10569","MG","Caxambu",21610,15512.4,31054,"São Lourenço",3,"Sudeste",1,"311550",4,14,4,10,7,7,0,0,0,0,0,14,4,10,7,7,9,9.6493949830779,9.98091144950093,0.467945604315887,30
"10570","MG","Caxambu",21610,15512.4,31054,"São Lourenço",3,"Sudeste",1,"311550",5,23,5,18,4,19,0,0,0,0,0,23,5,18,4,19,16,9.6493949830779,9.98091144950093,0.435721809160531,31
"10571","MG","Caxambu",21610,15512.4,31054,"São Lourenço",3,"Sudeste",1,"311550",6,24,5,19,9,15,0,0,0,0,0,24,5,19,9,15,17,9.6493949830779,9.98091144950093,0.398071553157727,30
"10572","MG","Caxambu",21610,15512.4,31054,"São Lourenço",3,"Sudeste",1,"311550",7,17,3,14,0,17,0,0,0,0,0,17,3,14,0,17,14,9.6493949830779,9.98091144950093,0.398410766435407,29
"10573","MG","Centralina",10346,24105.53,31018,"Uberlândia",3,"Sudeste",0,"311580",2,12,1,11,5,7,0,0,0,0,0,12,1,11,5,7,8,10.0901965537376,9.24435525056346,0.34368896103226,29
"10574","MG","Centralina",10346,24105.53,31018,"Uberlândia",3,"Sudeste",0,"311580",3,8,1,7,6,2,0,0,0,0,0,8,1,7,6,2,4,10.0901965537376,9.24435525056346,0.412342299403221,31
"10575","MG","Centralina",10346,24105.53,31018,"Uberlândia",3,"Sudeste",0,"311580",4,10,2,8,5,5,0,0,0,0,0,10,2,8,5,5,6,10.0901965537376,9.24435525056346,0.403530517556371,30
"10576","MG","Centralina",10346,24105.53,31018,"Uberlândia",3,"Sudeste",0,"311580",5,10,2,8,3,7,0,0,0,0,0,10,2,8,3,7,11,10.0901965537376,9.24435525056346,0.372009025800956,31
"10577","MG","Centralina",10346,24105.53,31018,"Uberlândia",3,"Sudeste",0,"311580",6,9,4,5,6,3,0,0,0,0,0,9,4,5,6,3,8,10.0901965537376,9.24435525056346,0.364285887248865,30
"10578","MG","Centralina",10346,24105.53,31018,"Uberlândia",3,"Sudeste",0,"311580",7,9,4,5,5,4,1,0,0,0,0,10,4,5,5,4,10,10.0901965537376,9.24435525056346,0.369026353930201,29
"10579","MG","Chácara",3186,11892.54,31065,"Juiz de Fora",3,"Sudeste",1,"311590",2,8,3,5,3,5,0,0,0,0,0,8,3,5,3,5,1,9.38366659176515,8.06652149046999,0.296543410154497,29
"10580","MG","Chácara",3186,11892.54,31065,"Juiz de Fora",3,"Sudeste",1,"311590",3,2,0,2,0,2,0,0,0,0,0,2,0,2,0,2,2,9.38366659176515,8.06652149046999,0.423730622338591,31
"10581","MG","Chácara",3186,11892.54,31065,"Juiz de Fora",3,"Sudeste",1,"311590",4,1,1,0,0,1,0,0,0,0,0,1,1,0,0,1,1,9.38366659176515,8.06652149046999,0.461316027501042,30
"10582","MG","Chácara",3186,11892.54,31065,"Juiz de Fora",3,"Sudeste",1,"311590",5,2,0,2,1,1,0,0,0,0,0,2,0,2,1,1,3,9.38366659176515,8.06652149046999,0.441907281942604,31
"10583","MG","Chácara",3186,11892.54,31065,"Juiz de Fora",3,"Sudeste",1,"311590",6,3,1,2,2,1,0,0,0,0,0,3,1,2,2,1,4,9.38366659176515,8.06652149046999,0.403212636345037,30
"10584","MG","Chácara",3186,11892.54,31065,"Juiz de Fora",3,"Sudeste",1,"311590",7,4,2,2,0,4,0,0,0,0,0,4,2,2,0,4,0,9.38366659176515,8.06652149046999,0.419667441831694,29
"10585","MG","Chapada Gaúcha",13953,14845.12,31003,"Januária",3,"Sudeste",0,"311615",2,35,8,27,13,22,0,0,0,0,0,35,8,27,13,22,3,9.605426470695,9.54344981789221,0.282081114401369,29
"10586","MG","Chapada Gaúcha",13953,14845.12,31003,"Januária",3,"Sudeste",0,"311615",3,26,11,15,10,16,0,0,0,0,0,26,11,15,10,16,0,9.605426470695,9.54344981789221,0.323707237032199,31
"10587","MG","Chapada Gaúcha",13953,14845.12,31003,"Januária",3,"Sudeste",0,"311615",4,18,5,13,12,6,0,0,0,0,0,18,5,13,12,6,3,9.605426470695,9.54344981789221,0.383981611571189,30
"10588","MG","Chapada Gaúcha",13953,14845.12,31003,"Januária",3,"Sudeste",0,"311615",5,19,2,17,6,13,0,0,0,0,0,19,2,17,6,13,5,9.605426470695,9.54344981789221,0.367394428418365,31
"10589","MG","Chapada Gaúcha",13953,14845.12,31003,"Januária",3,"Sudeste",0,"311615",6,18,3,15,11,7,0,0,0,0,0,18,3,15,11,7,5,9.605426470695,9.54344981789221,0.346565287647008,30
"10590","MG","Chapada Gaúcha",13953,14845.12,31003,"Januária",3,"Sudeste",0,"311615",7,18,4,14,10,8,1,0,0,0,0,19,4,14,10,8,6,9.605426470695,9.54344981789221,0.345641137101113,29
"10591","MG","Claro dos Poções",7514,8569.39,31007,"Montes Claros",3,"Sudeste",0,"311650",2,9,1,8,6,3,0,0,0,0,0,9,1,8,6,3,3,9.05595183052876,8.92452322613391,0.295976593345335,29
"10592","MG","Claro dos Poções",7514,8569.39,31007,"Montes Claros",3,"Sudeste",0,"311650",3,15,3,12,3,12,0,0,0,0,0,15,3,12,3,12,7,9.05595183052876,8.92452322613391,0.389805541184153,31
"10593","MG","Claro dos Poções",7514,8569.39,31007,"Montes Claros",3,"Sudeste",0,"311650",4,6,0,6,2,4,0,0,0,0,0,6,0,6,2,4,3,9.05595183052876,8.92452322613391,0.402210399036197,30
"10594","MG","Claro dos Poções",7514,8569.39,31007,"Montes Claros",3,"Sudeste",0,"311650",5,2,0,2,2,0,0,0,0,0,0,2,0,2,2,0,5,9.05595183052876,8.92452322613391,0.383182634169125,31
"10595","MG","Claro dos Poções",7514,8569.39,31007,"Montes Claros",3,"Sudeste",0,"311650",6,4,1,3,0,4,0,0,0,0,0,4,1,3,0,4,3,9.05595183052876,8.92452322613391,0.372899954043258,30
"10596","MG","Claro dos Poções",7514,8569.39,31007,"Montes Claros",3,"Sudeste",0,"311650",7,7,3,4,5,2,0,0,0,0,0,7,3,4,5,2,5,9.05595183052876,8.92452322613391,0.397661850843562,29
"10597","MG","Cláudio",28859,24910.46,31043,"Divinópolis",3,"Sudeste",1,"311660",2,54,10,44,16,38,1,0,0,0,0,55,10,44,16,38,8,10.123043074565,10.2701771816929,0.274718137215693,29
"10598","MG","Cláudio",28859,24910.46,31043,"Divinópolis",3,"Sudeste",1,"311660",3,65,14,51,8,57,1,0,0,0,0,66,14,51,8,57,13,10.123043074565,10.2701771816929,0.34141881413784,31
"10599","MG","Cláudio",28859,24910.46,31043,"Divinópolis",3,"Sudeste",1,"311660",4,31,5,26,8,23,0,0,0,0,0,31,5,26,8,23,11,10.123043074565,10.2701771816929,0.376519247911119,30
"10600","MG","Cláudio",28859,24910.46,31043,"Divinópolis",3,"Sudeste",1,"311660",5,35,6,29,12,23,1,0,0,0,0,36,6,29,12,23,13,10.123043074565,10.2701771816929,0.335569797423254,31
"10601","MG","Cláudio",28859,24910.46,31043,"Divinópolis",3,"Sudeste",1,"311660",6,39,10,29,15,24,0,0,0,0,0,39,10,29,15,24,13,10.123043074565,10.2701771816929,0.304160441220485,30
"10602","MG","Cláudio",28859,24910.46,31043,"Divinópolis",3,"Sudeste",1,"311660",7,35,4,31,12,23,1,0,0,0,0,36,4,31,12,23,13,10.123043074565,10.2701771816929,0.309066141041055,29
"10603","MG","Conceição da Aparecida",10322,18406.82,31049,"Alfenas",3,"Sudeste",0,"311710",2,11,5,6,2,9,0,0,0,0,0,11,5,6,2,9,6,9.82047652709644,9.24203281870867,0.326744488856389,29
"10604","MG","Conceição da Aparecida",10322,18406.82,31049,"Alfenas",3,"Sudeste",0,"311710",3,23,8,15,6,17,0,0,0,0,0,23,8,15,6,17,11,9.82047652709644,9.24203281870867,0.387450762515542,31
"10605","MG","Conceição da Aparecida",10322,18406.82,31049,"Alfenas",3,"Sudeste",0,"311710",4,8,3,5,0,8,0,0,0,0,0,8,3,5,0,8,11,9.82047652709644,9.24203281870867,0.413231960460735,30
"10606","MG","Conceição da Aparecida",10322,18406.82,31049,"Alfenas",3,"Sudeste",0,"311710",5,9,2,7,4,5,0,0,0,0,0,9,2,7,4,5,5,9.82047652709644,9.24203281870867,0.401139512383159,31
"10607","MG","Conceição da Aparecida",10322,18406.82,31049,"Alfenas",3,"Sudeste",0,"311710",6,13,3,10,6,7,0,0,0,0,0,13,3,10,6,7,4,9.82047652709644,9.24203281870867,0.416387506454654,30
"10608","MG","Conceição da Aparecida",10322,18406.82,31049,"Alfenas",3,"Sudeste",0,"311710",7,6,1,5,4,2,0,0,0,0,0,6,1,5,4,2,4,9.82047652709644,9.24203281870867,0.432665116514606,29
"10609","MG","Conceição das Alagoas",28346,32801.19,31022,"Uberaba",3,"Sudeste",1,"311730",2,52,11,41,22,30,0,0,0,0,0,52,11,41,22,30,5,10.3982200742019,10.2522412057269,0.281857701121047,29
"10610","MG","Conceição das Alagoas",28346,32801.19,31022,"Uberaba",3,"Sudeste",1,"311730",3,59,19,40,20,39,2,0,0,0,0,61,19,40,20,39,8,10.3982200742019,10.2522412057269,0.351766334632116,31
"10611","MG","Conceição das Alagoas",28346,32801.19,31022,"Uberaba",3,"Sudeste",1,"311730",4,29,11,18,16,13,0,0,0,0,0,29,11,18,16,13,15,10.3982200742019,10.2522412057269,0.382084185101158,30
"10612","MG","Conceição das Alagoas",28346,32801.19,31022,"Uberaba",3,"Sudeste",1,"311730",5,29,12,17,18,11,0,0,0,0,0,29,12,17,18,11,9,10.3982200742019,10.2522412057269,0.369740858046803,31
"10613","MG","Conceição das Alagoas",28346,32801.19,31022,"Uberaba",3,"Sudeste",1,"311730",6,31,7,24,10,21,1,0,0,0,0,32,7,24,10,21,11,10.3982200742019,10.2522412057269,0.351884890114633,30
"10614","MG","Conceição das Alagoas",28346,32801.19,31022,"Uberaba",3,"Sudeste",1,"311730",7,32,10,22,14,18,0,0,0,0,0,32,10,22,14,18,21,10.3982200742019,10.2522412057269,0.391941442680446,29
"10615","MG","Conceição do Mato Dentro",17503,41556.9,31028,"Conceição do Mato Dentro",3,"Sudeste",0,"311750",2,34,7,27,8,26,0,0,0,0,0,34,7,27,8,26,12,10.6348188514783,9.77012757379084,0.284253084140207,29
"10616","MG","Conceição do Mato Dentro",17503,41556.9,31028,"Conceição do Mato Dentro",3,"Sudeste",0,"311750",3,24,1,23,11,13,0,0,0,0,0,24,1,23,11,13,21,10.6348188514783,9.77012757379084,0.380387328299044,31
"10617","MG","Conceição do Mato Dentro",17503,41556.9,31028,"Conceição do Mato Dentro",3,"Sudeste",0,"311750",4,17,4,13,6,11,0,0,0,0,0,17,4,13,6,11,13,10.6348188514783,9.77012757379084,0.412678012252438,30
"10618","MG","Conceição do Mato Dentro",17503,41556.9,31028,"Conceição do Mato Dentro",3,"Sudeste",0,"311750",5,25,4,21,6,19,0,0,0,0,0,25,4,21,6,19,10,10.6348188514783,9.77012757379084,0.393144712509703,31
"10619","MG","Conceição do Mato Dentro",17503,41556.9,31028,"Conceição do Mato Dentro",3,"Sudeste",0,"311750",6,13,1,12,5,8,0,0,0,0,0,13,1,12,5,8,13,10.6348188514783,9.77012757379084,0.389156967238481,30
"10620","MG","Conceição do Mato Dentro",17503,41556.9,31028,"Conceição do Mato Dentro",3,"Sudeste",0,"311750",7,22,2,20,5,17,0,0,0,0,0,22,2,20,5,17,12,10.6348188514783,9.77012757379084,0.389891237006314,29
"10621","MG","Conceição do Pará",5533,47184.32,31043,"Divinópolis",3,"Sudeste",0,"311760",2,5,2,3,1,4,0,0,0,0,0,5,2,3,1,4,4,10.761816912992,8.61848544289811,0.307230489714999,29
"10622","MG","Conceição do Pará",5533,47184.32,31043,"Divinópolis",3,"Sudeste",0,"311760",3,9,2,7,3,6,0,0,0,0,0,9,2,7,3,6,2,10.761816912992,8.61848544289811,0.390742319967944,31
"10623","MG","Conceição do Pará",5533,47184.32,31043,"Divinópolis",3,"Sudeste",0,"311760",4,5,1,4,2,3,0,0,0,0,0,5,1,4,2,3,2,10.761816912992,8.61848544289811,0.416232148050522,30
"10624","MG","Conceição do Pará",5533,47184.32,31043,"Divinópolis",3,"Sudeste",0,"311760",5,13,2,11,4,9,0,0,0,0,0,13,2,11,4,9,5,10.761816912992,8.61848544289811,0.409418564714705,31
"10625","MG","Conceição do Pará",5533,47184.32,31043,"Divinópolis",3,"Sudeste",0,"311760",6,5,2,3,1,4,0,0,0,0,0,5,2,3,1,4,1,10.761816912992,8.61848544289811,0.406419148787522,30
"10626","MG","Conceição do Pará",5533,47184.32,31043,"Divinópolis",3,"Sudeste",0,"311760",7,2,0,2,1,1,0,0,0,0,0,2,0,2,1,1,5,10.761816912992,8.61848544289811,0.422980888470094,29
"10627","MG","Conceição do Rio Verde",13684,15525.35,31054,"São Lourenço",3,"Sudeste",1,"311770",2,24,5,19,15,9,0,0,0,0,0,24,5,19,15,9,11,9.65022945083098,9.52398254609749,0.321170076949871,29
"10628","MG","Conceição do Rio Verde",13684,15525.35,31054,"São Lourenço",3,"Sudeste",1,"311770",3,21,6,15,12,9,0,0,0,0,0,21,6,15,12,9,13,9.65022945083098,9.52398254609749,0.450613896094996,31
"10629","MG","Conceição do Rio Verde",13684,15525.35,31054,"São Lourenço",3,"Sudeste",1,"311770",4,12,5,7,5,7,0,0,0,0,0,12,5,7,5,7,10,9.65022945083098,9.52398254609749,0.481667019750448,30
"10630","MG","Conceição do Rio Verde",13684,15525.35,31054,"São Lourenço",3,"Sudeste",1,"311770",5,12,7,5,5,7,0,0,0,0,0,12,7,5,5,7,9,9.65022945083098,9.52398254609749,0.411104594052558,31
"10631","MG","Conceição do Rio Verde",13684,15525.35,31054,"São Lourenço",3,"Sudeste",1,"311770",6,18,6,12,7,11,0,0,0,0,0,18,6,12,7,11,10,9.65022945083098,9.52398254609749,0.404523402181311,30
"10632","MG","Conceição do Rio Verde",13684,15525.35,31054,"São Lourenço",3,"Sudeste",1,"311770",7,13,3,10,3,10,0,0,0,0,0,13,3,10,3,10,18,9.65022945083098,9.52398254609749,0.395360990445577,29
"10633","MG","Conceição dos Ouros",11748,15525.11,31053,"Santa Rita do Sapucaí",3,"Sudeste",0,"311780",2,18,2,16,5,13,0,0,0,0,0,18,2,16,5,13,7,9.65021399212279,9.37143829231851,0.310559301323718,29
"10634","MG","Conceição dos Ouros",11748,15525.11,31053,"Santa Rita do Sapucaí",3,"Sudeste",0,"311780",3,13,3,10,6,7,0,0,0,0,0,13,3,10,6,7,5,9.65021399212279,9.37143829231851,0.390194951289982,31
"10635","MG","Conceição dos Ouros",11748,15525.11,31053,"Santa Rita do Sapucaí",3,"Sudeste",0,"311780",4,8,1,7,2,6,0,0,0,0,0,8,1,7,2,6,7,9.65021399212279,9.37143829231851,0.440828778173475,30
"10636","MG","Conceição dos Ouros",11748,15525.11,31053,"Santa Rita do Sapucaí",3,"Sudeste",0,"311780",5,9,2,7,1,8,0,0,0,0,0,9,2,7,1,8,4,9.65021399212279,9.37143829231851,0.416549611535624,31
"10637","MG","Conceição dos Ouros",11748,15525.11,31053,"Santa Rita do Sapucaí",3,"Sudeste",0,"311780",6,9,1,8,4,5,0,0,0,0,0,9,1,8,4,5,6,9.65021399212279,9.37143829231851,0.411564235919481,30
"10638","MG","Conceição dos Ouros",11748,15525.11,31053,"Santa Rita do Sapucaí",3,"Sudeste",0,"311780",7,10,2,8,4,6,0,0,0,0,0,10,2,8,4,6,8,9.65021399212279,9.37143829231851,0.398524844720967,29
"10639","MG","Confins",6800,163730.37,31030,"Belo Horizonte",3,"Sudeste",1,"311787",2,12,2,10,2,10,0,0,0,0,0,12,2,10,2,10,2,12.005976268449,8.8246778911642,0.296355313975242,29
"10640","MG","Confins",6800,163730.37,31030,"Belo Horizonte",3,"Sudeste",1,"311787",3,17,2,15,6,11,0,0,0,0,0,17,2,15,6,11,2,12.005976268449,8.8246778911642,0.370021747469065,31
"10641","MG","Confins",6800,163730.37,31030,"Belo Horizonte",3,"Sudeste",1,"311787",4,5,1,4,3,2,0,0,0,0,0,5,1,4,3,2,5,12.005976268449,8.8246778911642,0.429649856360398,30
"10642","MG","Confins",6800,163730.37,31030,"Belo Horizonte",3,"Sudeste",1,"311787",5,5,1,4,2,3,0,0,0,0,0,5,1,4,2,3,7,12.005976268449,8.8246778911642,0.37792006111045,31
"10643","MG","Confins",6800,163730.37,31030,"Belo Horizonte",3,"Sudeste",1,"311787",6,7,0,7,2,5,0,0,0,0,0,7,0,7,2,5,3,12.005976268449,8.8246778911642,0.357334950793866,30
"10644","MG","Confins",6800,163730.37,31030,"Belo Horizonte",3,"Sudeste",1,"311787",7,9,0,9,2,7,1,0,0,0,0,10,0,9,2,7,0,12.005976268449,8.8246778911642,0.370917318031548,29
"10645","MG","Congonhal",12082,16917.61,31052,"Pouso Alegre",3,"Sudeste",0,"311790",2,18,4,14,3,15,0,0,0,0,0,18,4,14,3,15,2,9.73611037022799,9.39947202069869,0.288854043044789,29
"10646","MG","Congonhal",12082,16917.61,31052,"Pouso Alegre",3,"Sudeste",0,"311790",3,16,2,14,5,11,0,0,0,0,0,16,2,14,5,11,8,9.73611037022799,9.39947202069869,0.3731480454165,31
"10647","MG","Congonhal",12082,16917.61,31052,"Pouso Alegre",3,"Sudeste",0,"311790",4,11,1,10,4,7,0,0,0,0,0,11,1,10,4,7,2,9.73611037022799,9.39947202069869,0.395705548288436,30
"10648","MG","Congonhal",12082,16917.61,31052,"Pouso Alegre",3,"Sudeste",0,"311790",5,12,1,11,2,10,0,0,0,0,0,12,1,11,2,10,4,9.73611037022799,9.39947202069869,0.374657935317869,31
"10649","MG","Congonhal",12082,16917.61,31052,"Pouso Alegre",3,"Sudeste",0,"311790",6,12,3,9,3,9,0,0,0,0,0,12,3,9,3,9,11,9.73611037022799,9.39947202069869,0.34465447063597,30
"10650","MG","Congonhal",12082,16917.61,31052,"Pouso Alegre",3,"Sudeste",0,"311790",7,12,2,10,4,8,0,0,0,0,0,12,2,10,4,8,6,9.73611037022799,9.39947202069869,0.355959973639528,29
"10651","MG","Congonhas",55309,31529.18,31034,"Conselheiro Lafaiete",3,"Sudeste",1,"311800",2,87,15,72,25,62,0,0,0,0,0,87,15,72,25,62,32,10.3586687452234,10.9206909229121,0.298826950054169,29
"10652","MG","Congonhas",55309,31529.18,31034,"Conselheiro Lafaiete",3,"Sudeste",1,"311800",3,101,21,80,36,65,1,0,0,0,0,102,21,80,36,65,35,10.3586687452234,10.9206909229121,0.375602369289353,31
"10653","MG","Congonhas",55309,31529.18,31034,"Conselheiro Lafaiete",3,"Sudeste",1,"311800",4,64,10,54,21,43,0,0,0,0,0,64,10,54,21,43,15,10.3586687452234,10.9206909229121,0.410694994348855,30
"10654","MG","Congonhas",55309,31529.18,31034,"Conselheiro Lafaiete",3,"Sudeste",1,"311800",5,71,17,54,26,45,0,0,0,0,0,71,17,54,26,45,24,10.3586687452234,10.9206909229121,0.381418447995297,31
"10655","MG","Congonhas",55309,31529.18,31034,"Conselheiro Lafaiete",3,"Sudeste",1,"311800",6,51,6,45,13,38,1,0,0,0,0,52,6,45,13,38,30,10.3586687452234,10.9206909229121,0.353953717182559,30
"10656","MG","Congonhas",55309,31529.18,31034,"Conselheiro Lafaiete",3,"Sudeste",1,"311800",7,62,10,52,15,47,0,0,0,0,0,62,10,52,15,47,27,10.3586687452234,10.9206909229121,0.361854333675357,29
"10657","MG","Conquista",6969,47796.5,31022,"Uberaba",3,"Sudeste",0,"311820",2,12,1,11,4,8,0,0,0,0,0,12,1,11,4,8,3,10.7747076940414,8.84922702143852,0.280808879363944,29
"10658","MG","Conquista",6969,47796.5,31022,"Uberaba",3,"Sudeste",0,"311820",3,13,5,8,5,8,0,0,0,0,0,13,5,8,5,8,4,10.7747076940414,8.84922702143852,0.331091208974939,31
"10659","MG","Conquista",6969,47796.5,31022,"Uberaba",3,"Sudeste",0,"311820",4,6,3,3,2,4,0,0,0,0,0,6,3,3,2,4,5,10.7747076940414,8.84922702143852,0.383233230162503,30
"10660","MG","Conquista",6969,47796.5,31022,"Uberaba",3,"Sudeste",0,"311820",5,2,0,2,1,1,0,0,0,0,0,2,0,2,1,1,2,10.7747076940414,8.84922702143852,0.347418642757597,31
"10661","MG","Conquista",6969,47796.5,31022,"Uberaba",3,"Sudeste",0,"311820",6,6,1,5,2,4,0,0,0,0,0,6,1,5,2,4,5,10.7747076940414,8.84922702143852,0.334180629115039,30
"10662","MG","Conquista",6969,47796.5,31022,"Uberaba",3,"Sudeste",0,"311820",7,6,0,6,3,3,0,0,0,0,0,6,0,6,3,3,8,10.7747076940414,8.84922702143852,0.344380156626086,29
"10663","MG","Conselheiro Lafaiete",129606,16555.58,31034,"Conselheiro Lafaiete",3,"Sudeste",1,"311830",2,208,28,180,57,151,3,0,0,0,0,211,28,180,57,151,68,9.71447848410035,11.772254358125,0.292483298918697,29
"10664","MG","Conselheiro Lafaiete",129606,16555.58,31034,"Conselheiro Lafaiete",3,"Sudeste",1,"311830",3,220,37,183,60,160,1,0,0,0,0,221,37,183,60,160,76,9.71447848410035,11.772254358125,0.384332344240924,31
"10665","MG","Conselheiro Lafaiete",129606,16555.58,31034,"Conselheiro Lafaiete",3,"Sudeste",1,"311830",4,135,19,116,43,92,1,0,0,0,0,136,19,116,43,92,50,9.71447848410035,11.772254358125,0.44667270814463,30
"10666","MG","Conselheiro Lafaiete",129606,16555.58,31034,"Conselheiro Lafaiete",3,"Sudeste",1,"311830",5,137,15,122,42,95,1,0,0,0,0,138,15,122,42,95,74,9.71447848410035,11.772254358125,0.41551983128722,31
"10667","MG","Conselheiro Lafaiete",129606,16555.58,31034,"Conselheiro Lafaiete",3,"Sudeste",1,"311830",6,122,18,104,38,84,2,0,0,0,0,124,18,104,38,84,65,9.71447848410035,11.772254358125,0.375943644684247,30
"10668","MG","Conselheiro Lafaiete",129606,16555.58,31034,"Conselheiro Lafaiete",3,"Sudeste",1,"311830",7,129,21,108,41,88,2,0,0,0,0,131,21,108,41,88,78,9.71447848410035,11.772254358125,0.372727759327846,29
"10669","MG","Conselheiro Pena",22949,12474.09,31041,"Aimorés",3,"Sudeste",0,"311840",2,41,10,31,6,35,1,0,0,0,0,42,10,31,6,35,12,9.43140897206725,10.0410296415546,0.319646345455167,29
"10670","MG","Conselheiro Pena",22949,12474.09,31041,"Aimorés",3,"Sudeste",0,"311840",3,35,8,27,13,22,0,0,0,0,0,35,8,27,13,22,13,9.43140897206725,10.0410296415546,0.414408227528151,31
"10671","MG","Conselheiro Pena",22949,12474.09,31041,"Aimorés",3,"Sudeste",0,"311840",4,21,8,13,10,11,0,0,0,0,0,21,8,13,10,11,10,9.43140897206725,10.0410296415546,0.44764010729374,30
"10672","MG","Conselheiro Pena",22949,12474.09,31041,"Aimorés",3,"Sudeste",0,"311840",5,23,5,18,8,15,0,0,0,0,0,23,5,18,8,15,11,9.43140897206725,10.0410296415546,0.395779777689432,31
"10673","MG","Conselheiro Pena",22949,12474.09,31041,"Aimorés",3,"Sudeste",0,"311840",6,26,9,17,12,14,1,0,0,0,0,27,9,17,12,14,10,9.43140897206725,10.0410296415546,0.388435869778172,30
"10674","MG","Conselheiro Pena",22949,12474.09,31041,"Aimorés",3,"Sudeste",0,"311840",7,31,7,24,10,21,0,0,0,0,0,31,7,24,10,21,18,9.43140897206725,10.0410296415546,0.41154551069922,29
"10675","MG","Contagem",668949,42077.02,31030,"Belo Horizonte",3,"Sudeste",1,"311860",2,1092,141,951,287,805,7,0,0,0,0,1099,141,951,287,805,268,10.6472570274134,13.4134631030206,0.287783896253918,29
"10676","MG","Contagem",668949,42077.02,31030,"Belo Horizonte",3,"Sudeste",1,"311860",3,788,93,695,218,570,7,0,0,0,0,795,93,695,218,570,354,10.6472570274134,13.4134631030206,0.384515936229541,31
"10677","MG","Contagem",668949,42077.02,31030,"Belo Horizonte",3,"Sudeste",1,"311860",4,608,95,513,196,412,4,0,0,0,0,612,95,513,196,412,310,10.6472570274134,13.4134631030206,0.446028115944676,30
"10678","MG","Contagem",668949,42077.02,31030,"Belo Horizonte",3,"Sudeste",1,"311860",5,686,118,568,205,481,3,0,0,0,0,689,118,568,205,481,266,10.6472570274134,13.4134631030206,0.401310215268488,31
"10679","MG","Contagem",668949,42077.02,31030,"Belo Horizonte",3,"Sudeste",1,"311860",6,722,111,611,205,517,7,0,0,0,0,729,111,611,205,517,356,10.6472570274134,13.4134631030206,0.374120655009682,30
"10680","MG","Contagem",668949,42077.02,31030,"Belo Horizonte",3,"Sudeste",1,"311860",7,675,81,594,195,480,6,0,0,0,0,681,81,594,195,480,465,10.6472570274134,13.4134631030206,0.383848444894019,29
"10681","MG","Coqueiral",9128,17043.31,31050,"Varginha",3,"Sudeste",0,"311870",2,15,8,7,8,7,0,0,0,0,0,15,8,7,8,7,7,9.74351303034574,9.11910189154191,0.323341410337625,29
"10682","MG","Coqueiral",9128,17043.31,31050,"Varginha",3,"Sudeste",0,"311870",3,12,1,11,4,8,0,0,0,0,0,12,1,11,4,8,6,9.74351303034574,9.11910189154191,0.382568047875891,31
"10683","MG","Coqueiral",9128,17043.31,31050,"Varginha",3,"Sudeste",0,"311870",4,5,0,5,2,3,0,0,0,0,0,5,0,5,2,3,4,9.74351303034574,9.11910189154191,0.410768143721466,30
"10684","MG","Coqueiral",9128,17043.31,31050,"Varginha",3,"Sudeste",0,"311870",5,6,2,4,3,3,0,0,0,0,0,6,2,4,3,3,5,9.74351303034574,9.11910189154191,0.389605286374908,31
"10685","MG","Coqueiral",9128,17043.31,31050,"Varginha",3,"Sudeste",0,"311870",6,8,1,7,4,4,0,0,0,0,0,8,1,7,4,4,3,9.74351303034574,9.11910189154191,0.371713707570857,30
"10686","MG","Coqueiral",9128,17043.31,31050,"Varginha",3,"Sudeste",0,"311870",7,9,6,3,2,7,0,0,0,0,0,9,6,3,2,7,6,9.74351303034574,9.11910189154191,0.369442086583884,29
"10687","MG","Coração de Jesus",26611,7902.43,31007,"Montes Claros",3,"Sudeste",0,"311880",2,20,5,15,4,16,0,0,0,0,0,20,5,15,4,16,9,8.9749255860942,10.1890799431228,0.295287416049556,29
"10688","MG","Coração de Jesus",26611,7902.43,31007,"Montes Claros",3,"Sudeste",0,"311880",3,27,5,22,9,18,0,0,0,0,0,27,5,22,9,18,16,8.9749255860942,10.1890799431228,0.355471366916364,31
"10689","MG","Coração de Jesus",26611,7902.43,31007,"Montes Claros",3,"Sudeste",0,"311880",4,26,7,19,13,13,1,0,0,0,0,27,7,19,13,13,13,8.9749255860942,10.1890799431228,0.378387114703124,30
"10690","MG","Coração de Jesus",26611,7902.43,31007,"Montes Claros",3,"Sudeste",0,"311880",5,28,5,23,12,16,1,0,0,0,0,29,5,23,12,16,21,8.9749255860942,10.1890799431228,0.362787666947405,31
"10691","MG","Coração de Jesus",26611,7902.43,31007,"Montes Claros",3,"Sudeste",0,"311880",6,23,6,17,14,9,0,0,0,0,0,23,6,17,14,9,21,8.9749255860942,10.1890799431228,0.350846288342379,30
"10692","MG","Coração de Jesus",26611,7902.43,31007,"Montes Claros",3,"Sudeste",0,"311880",7,22,3,19,7,15,0,0,0,0,0,22,3,19,7,15,13,8.9749255860942,10.1890799431228,0.387704224329867,29
"10693","MG","Cordisburgo",8897,10708.03,31027,"Sete Lagoas",3,"Sudeste",0,"311890",2,12,1,11,3,9,0,0,0,0,0,12,1,11,3,9,3,9.27874920627995,9.09346942024477,0.28485035476925,29
"10694","MG","Cordisburgo",8897,10708.03,31027,"Sete Lagoas",3,"Sudeste",0,"311890",3,4,1,3,2,2,0,0,0,0,0,4,1,3,2,2,6,9.27874920627995,9.09346942024477,0.3673752254823,31
"10695","MG","Cordisburgo",8897,10708.03,31027,"Sete Lagoas",3,"Sudeste",0,"311890",4,2,0,2,1,1,0,0,0,0,0,2,0,2,1,1,7,9.27874920627995,9.09346942024477,0.395878352225711,30
"10696","MG","Cordisburgo",8897,10708.03,31027,"Sete Lagoas",3,"Sudeste",0,"311890",5,10,2,8,4,6,0,0,0,0,0,10,2,8,4,6,6,9.27874920627995,9.09346942024477,0.374325135664446,31
"10697","MG","Cordisburgo",8897,10708.03,31027,"Sete Lagoas",3,"Sudeste",0,"311890",6,8,2,6,4,4,0,0,0,0,0,8,2,6,4,4,4,9.27874920627995,9.09346942024477,0.375520786772939,30
"10698","MG","Cordisburgo",8897,10708.03,31027,"Sete Lagoas",3,"Sudeste",0,"311890",7,8,0,8,4,4,0,0,0,0,0,8,0,8,4,4,4,9.27874920627995,9.09346942024477,0.383751385165234,29
"10699","MG","Corinto",23668,13412.98,31025,"Curvelo",3,"Sudeste",1,"311910",2,44,16,28,16,28,1,0,0,0,0,45,16,28,16,28,8,9.50397817381025,10.0718792037966,0.315724996051576,29
"10700","MG","Corinto",23668,13412.98,31025,"Curvelo",3,"Sudeste",1,"311910",3,25,11,14,11,14,1,0,0,0,0,26,11,14,11,14,20,9.50397817381025,10.0718792037966,0.365452973939475,31
"10701","MG","Corinto",23668,13412.98,31025,"Curvelo",3,"Sudeste",1,"311910",4,25,6,19,10,15,0,0,0,0,0,25,6,19,10,15,19,9.50397817381025,10.0718792037966,0.408368295903529,30
"10702","MG","Corinto",23668,13412.98,31025,"Curvelo",3,"Sudeste",1,"311910",5,22,7,15,9,13,0,0,0,0,0,22,7,15,9,13,17,9.50397817381025,10.0718792037966,0.39326027557835,31
"10703","MG","Corinto",23668,13412.98,31025,"Curvelo",3,"Sudeste",1,"311910",6,30,5,25,19,11,0,0,0,0,0,30,5,25,19,11,19,9.50397817381025,10.0718792037966,0.375952601937029,30
"10704","MG","Corinto",23668,13412.98,31025,"Curvelo",3,"Sudeste",1,"311910",7,26,12,14,12,14,0,0,0,0,0,26,12,14,12,14,22,9.50397817381025,10.0718792037966,0.376709154005002,29
"10705","MG","Coromandel",27966,35895.18,31019,"Patrocínio",3,"Sudeste",0,"311930",2,28,4,24,10,18,0,0,0,0,0,28,4,24,10,18,20,10.488358303624,10.2387447656008,0.305301625605617,29
"10706","MG","Coromandel",27966,35895.18,31019,"Patrocínio",3,"Sudeste",0,"311930",3,26,3,23,9,17,0,0,0,0,0,26,3,23,9,17,20,10.488358303624,10.2387447656008,0.389900658021646,31
"10707","MG","Coromandel",27966,35895.18,31019,"Patrocínio",3,"Sudeste",0,"311930",4,19,5,14,7,12,0,0,0,0,0,19,5,14,7,12,16,10.488358303624,10.2387447656008,0.424210370819693,30
"10708","MG","Coromandel",27966,35895.18,31019,"Patrocínio",3,"Sudeste",0,"311930",5,23,5,18,12,11,2,0,0,0,0,25,5,18,12,11,12,10.488358303624,10.2387447656008,0.397002189425087,31
"10709","MG","Coromandel",27966,35895.18,31019,"Patrocínio",3,"Sudeste",0,"311930",6,35,5,30,14,21,0,0,0,0,0,35,5,30,14,21,15,10.488358303624,10.2387447656008,0.388145003304231,30
"10710","MG","Coromandel",27966,35895.18,31019,"Patrocínio",3,"Sudeste",0,"311930",7,18,4,14,9,9,0,0,0,0,0,18,4,14,9,9,12,10.488358303624,10.2387447656008,0.393871876859787,29
"10711","MG","Coronel Fabriciano",110290,15566.54,31039,"Ipatinga",3,"Sudeste",1,"311940",2,188,23,165,54,134,0,0,0,0,0,188,23,165,54,134,67,9.65287901791081,11.6108685393002,0.319942051358821,29
"10712","MG","Coronel Fabriciano",110290,15566.54,31039,"Ipatinga",3,"Sudeste",1,"311940",3,154,21,133,50,104,1,0,0,0,0,155,21,133,50,104,73,9.65287901791081,11.6108685393002,0.41713130644765,31
"10713","MG","Coronel Fabriciano",110290,15566.54,31039,"Ipatinga",3,"Sudeste",1,"311940",4,116,14,102,39,77,2,0,0,0,0,118,14,102,39,77,68,9.65287901791081,11.6108685393002,0.443601323795497,30
"10714","MG","Coronel Fabriciano",110290,15566.54,31039,"Ipatinga",3,"Sudeste",1,"311940",5,108,19,89,30,78,0,0,0,0,0,108,19,89,30,78,60,9.65287901791081,11.6108685393002,0.404742709251085,31
"10715","MG","Coronel Fabriciano",110290,15566.54,31039,"Ipatinga",3,"Sudeste",1,"311940",6,108,17,91,32,76,0,0,0,0,0,108,17,91,32,76,74,9.65287901791081,11.6108685393002,0.390552672552433,30
"10716","MG","Coronel Fabriciano",110290,15566.54,31039,"Ipatinga",3,"Sudeste",1,"311940",7,110,18,92,32,78,0,0,0,0,0,110,18,92,32,78,82,9.65287901791081,11.6108685393002,0.390862941629793,29
"10717","MG","Coronel Murta",9215,8721.9,31012,"Araçuaí",3,"Sudeste",0,"311950",2,13,3,10,5,8,0,0,0,0,0,13,3,10,5,8,8,9.07359238307672,9.12858787010392,0.32165656989179,29
"10718","MG","Coronel Murta",9215,8721.9,31012,"Araçuaí",3,"Sudeste",0,"311950",3,8,2,6,4,4,0,0,0,0,0,8,2,6,4,4,3,9.07359238307672,9.12858787010392,0.40267333637543,31
"10719","MG","Coronel Murta",9215,8721.9,31012,"Araçuaí",3,"Sudeste",0,"311950",4,9,2,7,5,4,0,0,0,0,0,9,2,7,5,4,7,9.07359238307672,9.12858787010392,0.458940879177067,30
"10720","MG","Coronel Murta",9215,8721.9,31012,"Araçuaí",3,"Sudeste",0,"311950",5,8,2,6,2,6,0,0,0,0,0,8,2,6,2,6,4,9.07359238307672,9.12858787010392,0.413791504781473,31
"10721","MG","Coronel Murta",9215,8721.9,31012,"Araçuaí",3,"Sudeste",0,"311950",6,9,1,8,4,5,0,0,0,0,0,9,1,8,4,5,4,9.07359238307672,9.12858787010392,0.376558475764445,30
"10722","MG","Coronel Murta",9215,8721.9,31012,"Araçuaí",3,"Sudeste",0,"311950",7,9,1,8,1,8,0,0,0,0,0,9,1,8,1,8,7,9.07359238307672,9.12858787010392,0.459882749788678,29
"10723","MG","Coronel Pacheco",3090,13117.79,31065,"Juiz de Fora",3,"Sudeste",0,"311960",2,3,2,1,3,0,0,0,0,0,0,3,2,1,3,0,0,9.48172460318766,8.03592636989179,0.285410441239428,29
"10724","MG","Coronel Pacheco",3090,13117.79,31065,"Juiz de Fora",3,"Sudeste",0,"311960",3,4,1,3,2,2,0,0,0,0,0,4,1,3,2,2,0,9.48172460318766,8.03592636989179,0.411400283906139,31
"10725","MG","Coronel Pacheco",3090,13117.79,31065,"Juiz de Fora",3,"Sudeste",0,"311960",4,2,0,2,1,1,0,0,0,0,0,2,0,2,1,1,0,9.48172460318766,8.03592636989179,0.455081040229384,30
"10726","MG","Coronel Pacheco",3090,13117.79,31065,"Juiz de Fora",3,"Sudeste",0,"311960",5,3,0,3,2,1,0,0,0,0,0,3,0,3,2,1,1,9.48172460318766,8.03592636989179,0.440392846997834,31
"10727","MG","Coronel Pacheco",3090,13117.79,31065,"Juiz de Fora",3,"Sudeste",0,"311960",6,2,0,2,0,2,0,0,0,0,0,2,0,2,0,2,3,9.48172460318766,8.03592636989179,0.412009794082899,30
"10728","MG","Coronel Pacheco",3090,13117.79,31065,"Juiz de Fora",3,"Sudeste",0,"311960",7,0,0,0,0,0,0,0,0,0,0,0,0,0,0,0,0,9.48172460318766,8.03592636989179,0.434886916169667,29
"10729","MG","Cristais",12931,14356.93,31045,"Campo Belo",3,"Sudeste",0,"312020",2,19,5,14,7,12,0,0,0,0,0,19,5,14,7,12,5,9.5719880314454,9.46738280829585,0.300731672747596,29
"10730","MG","Cristais",12931,14356.93,31045,"Campo Belo",3,"Sudeste",0,"312020",3,16,2,14,4,12,0,0,0,0,0,16,2,14,4,12,11,9.5719880314454,9.46738280829585,0.357979790659774,31
"10731","MG","Cristais",12931,14356.93,31045,"Campo Belo",3,"Sudeste",0,"312020",4,14,6,8,6,8,0,0,0,0,0,14,6,8,6,8,6,9.5719880314454,9.46738280829585,0.388743202458494,30
"10732","MG","Cristais",12931,14356.93,31045,"Campo Belo",3,"Sudeste",0,"312020",5,11,3,8,4,7,0,0,0,0,0,11,3,8,4,7,7,9.5719880314454,9.46738280829585,0.356619870495581,31
"10733","MG","Cristais",12931,14356.93,31045,"Campo Belo",3,"Sudeste",0,"312020",6,11,4,7,4,7,1,0,0,0,0,12,4,7,4,7,4,9.5719880314454,9.46738280829585,0.354046024581617,30
"10734","MG","Cristais",12931,14356.93,31045,"Campo Belo",3,"Sudeste",0,"312020",7,13,5,8,6,7,0,0,0,0,0,13,5,8,6,7,8,9.5719880314454,9.46738280829585,0.355590276959629,29
"10735","MG","Cristina",10226,15978.3,31056,"Itajubá",3,"Sudeste",0,"312050",2,14,3,11,5,9,0,0,0,0,0,14,3,11,5,9,6,9.67898683068247,9.23268877563994,0.385809521262516,29
"10736","MG","Cristina",10226,15978.3,31056,"Itajubá",3,"Sudeste",0,"312050",3,20,5,15,4,16,0,0,0,0,0,20,5,15,4,16,7,9.67898683068247,9.23268877563994,0.477723674005008,31
"10737","MG","Cristina",10226,15978.3,31056,"Itajubá",3,"Sudeste",0,"312050",4,12,1,11,3,9,0,0,0,0,0,12,1,11,3,9,6,9.67898683068247,9.23268877563994,0.459959512382698,30
"10738","MG","Cristina",10226,15978.3,31056,"Itajubá",3,"Sudeste",0,"312050",5,7,2,5,2,5,0,0,0,0,0,7,2,5,2,5,8,9.67898683068247,9.23268877563994,0.452515938373443,31
"10739","MG","Cristina",10226,15978.3,31056,"Itajubá",3,"Sudeste",0,"312050",6,8,1,7,4,4,0,0,0,0,0,8,1,7,4,4,5,9.67898683068247,9.23268877563994,0.436947013401383,30
"10740","MG","Cristina",10226,15978.3,31056,"Itajubá",3,"Sudeste",0,"312050",7,8,6,2,2,6,0,0,0,0,0,8,6,2,2,6,7,9.67898683068247,9.23268877563994,0.457692171611757,29
"10741","MG","Cruzília",15474,14871.29,31055,"Andrelândia",3,"Sudeste",1,"312080",2,31,7,24,10,21,0,0,0,0,0,31,7,24,10,21,13,9.60718778754084,9.6469164751094,0.307857371363273,29
"10742","MG","Cruzília",15474,14871.29,31055,"Andrelândia",3,"Sudeste",1,"312080",3,38,9,29,12,26,0,0,0,0,0,38,9,29,12,26,10,9.60718778754084,9.6469164751094,0.376510405675244,31
"10743","MG","Cruzília",15474,14871.29,31055,"Andrelândia",3,"Sudeste",1,"312080",4,18,0,18,4,14,0,0,0,0,0,18,0,18,4,14,12,9.60718778754084,9.6469164751094,0.415703891908649,30
"10744","MG","Cruzília",15474,14871.29,31055,"Andrelândia",3,"Sudeste",1,"312080",5,16,7,9,6,10,0,0,0,0,0,16,7,9,6,10,13,9.60718778754084,9.6469164751094,0.407927484288775,31
"10745","MG","Cruzília",15474,14871.29,31055,"Andrelândia",3,"Sudeste",1,"312080",6,22,2,20,7,15,0,0,0,0,0,22,2,20,7,15,12,9.60718778754084,9.6469164751094,0.388924013712417,30
"10746","MG","Cruzília",15474,14871.29,31055,"Andrelândia",3,"Sudeste",1,"312080",7,14,5,9,4,10,0,0,0,0,0,14,5,9,4,10,15,9.60718778754084,9.6469164751094,0.377784260846858,29
"10747","MG","Curral de Dentro",7799,8100.44,31005,"Salinas",3,"Sudeste",0,"312087",2,15,1,14,8,7,0,0,0,0,0,15,1,14,8,7,2,8.99967366017285,8.9617507993305,0.318567725880483,29
"10748","MG","Curral de Dentro",7799,8100.44,31005,"Salinas",3,"Sudeste",0,"312087",3,17,4,13,9,8,1,0,0,0,0,18,4,13,9,8,3,8.99967366017285,8.9617507993305,0.387055079346304,31
"10749","MG","Curral de Dentro",7799,8100.44,31005,"Salinas",3,"Sudeste",0,"312087",4,9,2,7,2,7,0,0,0,0,0,9,2,7,2,7,3,8.99967366017285,8.9617507993305,0.363980784247513,30
"10750","MG","Curral de Dentro",7799,8100.44,31005,"Salinas",3,"Sudeste",0,"312087",5,8,2,6,5,3,0,0,0,0,0,8,2,6,5,3,2,8.99967366017285,8.9617507993305,0.344150655341818,31
"10751","MG","Curral de Dentro",7799,8100.44,31005,"Salinas",3,"Sudeste",0,"312087",6,6,2,4,3,3,0,0,0,0,0,6,2,4,3,3,1,8.99967366017285,8.9617507993305,0.358257957342196,30
"10752","MG","Curral de Dentro",7799,8100.44,31005,"Salinas",3,"Sudeste",0,"312087",7,9,1,8,2,7,0,0,0,0,0,9,1,8,2,7,2,8.99967366017285,8.9617507993305,0.392842024661151,29
"10753","MG","Curvelo",80616,19260.82,31025,"Curvelo",3,"Sudeste",1,"312090",2,145,36,109,62,83,0,0,0,0,0,145,36,109,62,83,45,9.86582825973138,11.2974524199602,0.3084921514564,29
"10754","MG","Curvelo",80616,19260.82,31025,"Curvelo",3,"Sudeste",1,"312090",3,119,25,94,58,61,0,0,0,0,0,119,25,94,58,61,46,9.86582825973138,11.2974524199602,0.384326246516958,31
"10755","MG","Curvelo",80616,19260.82,31025,"Curvelo",3,"Sudeste",1,"312090",4,72,18,54,27,45,1,0,0,0,0,73,18,54,27,45,45,9.86582825973138,11.2974524199602,0.420344681877737,30
"10756","MG","Curvelo",80616,19260.82,31025,"Curvelo",3,"Sudeste",1,"312090",5,86,26,60,40,46,1,0,0,0,0,87,26,60,40,46,43,9.86582825973138,11.2974524199602,0.408809604714772,31
"10757","MG","Curvelo",80616,19260.82,31025,"Curvelo",3,"Sudeste",1,"312090",6,95,27,68,37,58,1,0,0,0,0,96,27,68,37,58,53,9.86582825973138,11.2974524199602,0.381224353114079,30
"10758","MG","Curvelo",80616,19260.82,31025,"Curvelo",3,"Sudeste",1,"312090",7,87,23,64,36,51,1,0,0,0,0,88,23,64,36,51,53,9.86582825973138,11.2974524199602,0.378435970919887,29
"10759","MG","Delfinópolis",7131,23222.71,31047,"Passos",3,"Sudeste",0,"312120",2,17,5,12,6,11,1,0,0,0,0,18,5,12,6,11,3,10.0528859581748,8.8722067560283,0.327777173739717,29
"10760","MG","Delfinópolis",7131,23222.71,31047,"Passos",3,"Sudeste",0,"312120",3,13,3,10,5,8,0,0,0,0,0,13,3,10,5,8,8,10.0528859581748,8.8722067560283,0.399111331459421,31
"10761","MG","Delfinópolis",7131,23222.71,31047,"Passos",3,"Sudeste",0,"312120",4,8,2,6,6,2,0,0,0,0,0,8,2,6,6,2,5,10.0528859581748,8.8722067560283,0.4281932370922,30
"10762","MG","Delfinópolis",7131,23222.71,31047,"Passos",3,"Sudeste",0,"312120",5,11,2,9,4,7,0,0,0,0,0,11,2,9,4,7,6,10.0528859581748,8.8722067560283,0.43926218525914,31
"10763","MG","Delfinópolis",7131,23222.71,31047,"Passos",3,"Sudeste",0,"312120",6,10,5,5,4,6,0,0,0,0,0,10,5,5,4,6,7,10.0528859581748,8.8722067560283,0.383348516503755,30
"10764","MG","Delfinópolis",7131,23222.71,31047,"Passos",3,"Sudeste",0,"312120",7,10,3,7,6,4,0,0,0,0,0,10,3,7,6,4,5,10.0528859581748,8.8722067560283,0.412991921752149,29
"10765","MG","Delta",10768,34012.97,31022,"Uberaba",3,"Sudeste",0,"312125",2,19,3,16,8,11,0,0,0,0,0,19,3,16,8,11,0,10.4344972014451,9.28433405188451,0.329714678737384,29
"10766","MG","Delta",10768,34012.97,31022,"Uberaba",3,"Sudeste",0,"312125",3,19,6,13,7,12,0,0,0,0,0,19,6,13,7,12,1,10.4344972014451,9.28433405188451,0.390796573488555,31
"10767","MG","Delta",10768,34012.97,31022,"Uberaba",3,"Sudeste",0,"312125",4,14,4,10,7,7,0,0,0,0,0,14,4,10,7,7,3,10.4344972014451,9.28433405188451,0.365305158053282,30
"10768","MG","Delta",10768,34012.97,31022,"Uberaba",3,"Sudeste",0,"312125",5,8,3,5,2,6,0,0,0,0,0,8,3,5,2,6,1,10.4344972014451,9.28433405188451,0.369750546910426,31
"10769","MG","Delta",10768,34012.97,31022,"Uberaba",3,"Sudeste",0,"312125",6,17,5,12,9,8,0,0,0,0,0,17,5,12,9,8,5,10.4344972014451,9.28433405188451,0.362222007778818,30
"10770","MG","Delta",10768,34012.97,31022,"Uberaba",3,"Sudeste",0,"312125",7,16,1,15,7,9,0,0,0,0,0,16,1,15,7,9,7,10.4344972014451,9.28433405188451,0.371658201192926,29
"10771","MG","Desterro de Entre Rios",7255,18821.67,31034,"Conselheiro Lafaiete",3,"Sudeste",0,"312140",2,14,2,12,3,11,0,0,0,0,0,14,2,12,3,11,5,9.8427641445905,8.88944616531829,0.30769789673404,29
"10772","MG","Desterro de Entre Rios",7255,18821.67,31034,"Conselheiro Lafaiete",3,"Sudeste",0,"312140",3,12,4,8,3,9,0,0,0,0,0,12,4,8,3,9,3,9.8427641445905,8.88944616531829,0.357047883332037,31
"10773","MG","Desterro de Entre Rios",7255,18821.67,31034,"Conselheiro Lafaiete",3,"Sudeste",0,"312140",4,7,1,6,3,4,0,0,0,0,0,7,1,6,3,4,8,9.8427641445905,8.88944616531829,0.409265524622941,30
"10774","MG","Desterro de Entre Rios",7255,18821.67,31034,"Conselheiro Lafaiete",3,"Sudeste",0,"312140",5,7,0,7,4,3,0,0,0,0,0,7,0,7,4,3,5,9.8427641445905,8.88944616531829,0.399947062639132,31
"10775","MG","Desterro de Entre Rios",7255,18821.67,31034,"Conselheiro Lafaiete",3,"Sudeste",0,"312140",6,8,4,4,2,6,0,0,0,0,0,8,4,4,2,6,4,9.8427641445905,8.88944616531829,0.385512508403331,30
"10776","MG","Desterro de Entre Rios",7255,18821.67,31034,"Conselheiro Lafaiete",3,"Sudeste",0,"312140",7,7,1,6,4,3,0,0,0,0,0,7,1,6,4,3,5,9.8427641445905,8.88944616531829,0.404023363176488,29
"10777","MG","Diamantina",47825,15911.38,31010,"Diamantina",3,"Sudeste",1,"312160",2,100,16,84,32,68,0,0,0,0,0,100,16,84,32,68,24,9.67478985547101,10.7753037943085,0.323166712348256,29
"10778","MG","Diamantina",47825,15911.38,31010,"Diamantina",3,"Sudeste",1,"312160",3,72,8,64,25,47,1,0,0,0,0,73,8,64,25,47,35,9.67478985547101,10.7753037943085,0.420389932744609,31
"10779","MG","Diamantina",47825,15911.38,31010,"Diamantina",3,"Sudeste",1,"312160",4,49,13,36,13,36,0,0,0,0,0,49,13,36,13,36,18,9.67478985547101,10.7753037943085,0.475551571126117,30
"10780","MG","Diamantina",47825,15911.38,31010,"Diamantina",3,"Sudeste",1,"312160",5,65,10,55,23,42,0,0,0,0,0,65,10,55,23,42,32,9.67478985547101,10.7753037943085,0.462596572985981,31
"10781","MG","Diamantina",47825,15911.38,31010,"Diamantina",3,"Sudeste",1,"312160",6,61,9,52,17,44,0,0,0,0,0,61,9,52,17,44,24,9.67478985547101,10.7753037943085,0.429663246270767,30
"10782","MG","Diamantina",47825,15911.38,31010,"Diamantina",3,"Sudeste",1,"312160",7,49,7,42,19,30,1,0,0,0,0,50,7,42,19,30,20,9.67478985547101,10.7753037943085,0.416438196141112,29
"10783","MG","Divino",19976,11431.25,31063,"Muriaé",3,"Sudeste",0,"312200",2,42,17,25,16,26,0,0,0,0,0,42,17,25,16,26,11,9.34410611213918,9.90228683195961,0.306811774054941,29
"10784","MG","Divino",19976,11431.25,31063,"Muriaé",3,"Sudeste",0,"312200",3,37,11,26,13,24,0,0,0,0,0,37,11,26,13,24,13,9.34410611213918,9.90228683195961,0.400307887710264,31
"10785","MG","Divino",19976,11431.25,31063,"Muriaé",3,"Sudeste",0,"312200",4,34,12,22,16,18,0,0,0,0,0,34,12,22,16,18,14,9.34410611213918,9.90228683195961,0.435144985277862,30
"10786","MG","Divino",19976,11431.25,31063,"Muriaé",3,"Sudeste",0,"312200",5,23,10,13,13,10,0,0,0,0,0,23,10,13,13,10,14,9.34410611213918,9.90228683195961,0.394435499204785,31
"10787","MG","Divino",19976,11431.25,31063,"Muriaé",3,"Sudeste",0,"312200",6,20,8,12,5,15,0,0,0,0,0,20,8,12,5,15,16,9.34410611213918,9.90228683195961,0.395050483408905,30
"10788","MG","Divino",19976,11431.25,31063,"Muriaé",3,"Sudeste",0,"312200",7,26,10,16,12,14,0,0,0,0,0,26,10,16,12,14,15,9.34410611213918,9.90228683195961,0.419096904825907,29
"10789","MG","Divinolândia de Minas",7614,8411.7,31035,"Guanhães",3,"Sudeste",0,"312220",2,8,3,5,3,5,0,0,0,0,0,8,3,5,3,5,2,9.03737887284855,8.93774393694244,0.30129712958469,29
"10790","MG","Divinolândia de Minas",7614,8411.7,31035,"Guanhães",3,"Sudeste",0,"312220",3,8,4,4,3,5,0,0,0,0,0,8,4,4,3,5,5,9.03737887284855,8.93774393694244,0.418105574291886,31
"10791","MG","Divinolândia de Minas",7614,8411.7,31035,"Guanhães",3,"Sudeste",0,"312220",4,9,3,6,2,7,0,0,0,0,0,9,3,6,2,7,4,9.03737887284855,8.93774393694244,0.418352832964987,30
"10792","MG","Divinolândia de Minas",7614,8411.7,31035,"Guanhães",3,"Sudeste",0,"312220",5,7,3,4,1,6,0,0,0,0,0,7,3,4,1,6,3,9.03737887284855,8.93774393694244,0.384035416611056,31
"10793","MG","Divinolândia de Minas",7614,8411.7,31035,"Guanhães",3,"Sudeste",0,"312220",6,6,3,3,3,3,0,0,0,0,0,6,3,3,3,3,8,9.03737887284855,8.93774393694244,0.398919863776673,30
"10794","MG","Divinolândia de Minas",7614,8411.7,31035,"Guanhães",3,"Sudeste",0,"312220",7,4,1,3,1,3,1,0,0,0,0,5,1,3,1,3,5,9.03737887284855,8.93774393694244,0.414512055498659,29
"10795","MG","Divinópolis",240408,27388.18,31043,"Divinópolis",3,"Sudeste",1,"312230",2,373,40,333,73,300,1,0,0,0,0,374,40,333,73,300,104,10.2178668124408,12.3900927589597,0.294641383006694,29
"10796","MG","Divinópolis",240408,27388.18,31043,"Divinópolis",3,"Sudeste",1,"312230",3,384,42,342,89,295,2,0,0,0,0,386,42,342,89,295,120,10.2178668124408,12.3900927589597,0.39004217307999,31
"10797","MG","Divinópolis",240408,27388.18,31043,"Divinópolis",3,"Sudeste",1,"312230",4,230,16,214,48,182,2,0,0,0,0,232,16,214,48,182,104,10.2178668124408,12.3900927589597,0.448682938910804,30
"10798","MG","Divinópolis",240408,27388.18,31043,"Divinópolis",3,"Sudeste",1,"312230",5,243,29,214,58,185,2,0,0,0,0,245,29,214,58,185,107,10.2178668124408,12.3900927589597,0.392229397930489,31
"10799","MG","Divinópolis",240408,27388.18,31043,"Divinópolis",3,"Sudeste",1,"312230",6,246,25,221,72,174,1,0,0,0,0,247,25,221,72,174,138,10.2178668124408,12.3900927589597,0.357005546556049,30
"10800","MG","Divinópolis",240408,27388.18,31043,"Divinópolis",3,"Sudeste",1,"312230",7,252,23,229,51,201,3,0,0,0,0,255,23,229,51,201,134,10.2178668124408,12.3900927589597,0.349727014329589,29
"10801","MG","Divisa Alegre",6868,20598.03,31005,"Salinas",3,"Sudeste",0,"312235",2,6,0,6,4,2,0,0,0,0,0,6,0,6,4,2,2,9.93295071913677,8.83462822201737,0.283991280478862,29
"10802","MG","Divisa Alegre",6868,20598.03,31005,"Salinas",3,"Sudeste",0,"312235",3,1,0,1,1,0,0,0,0,0,0,1,0,1,1,0,3,9.93295071913677,8.83462822201737,0.3750266730662,31
"10803","MG","Divisa Alegre",6868,20598.03,31005,"Salinas",3,"Sudeste",0,"312235",4,2,1,1,0,2,0,0,0,0,0,2,1,1,0,2,3,9.93295071913677,8.83462822201737,0.386902263679319,30
"10804","MG","Divisa Alegre",6868,20598.03,31005,"Salinas",3,"Sudeste",0,"312235",5,1,0,1,1,0,1,0,0,0,0,2,0,1,1,0,1,9.93295071913677,8.83462822201737,0.368545901153518,31
"10805","MG","Divisa Alegre",6868,20598.03,31005,"Salinas",3,"Sudeste",0,"312235",6,1,0,1,1,0,1,0,0,0,0,2,0,1,1,0,2,9.93295071913677,8.83462822201737,0.36079234205205,30
"10806","MG","Divisa Alegre",6868,20598.03,31005,"Salinas",3,"Sudeste",0,"312235",7,2,0,2,1,1,0,0,0,0,0,2,0,2,1,1,2,9.93295071913677,8.83462822201737,0.386442752440797,29
"10807","MG","Divisa Nova",6025,14963.91,31049,"Alfenas",3,"Sudeste",0,"312240",2,9,1,8,3,6,0,0,0,0,0,9,1,8,3,6,4,9.61339658101531,8.70367275835886,0.346301173595201,29
"10808","MG","Divisa Nova",6025,14963.91,31049,"Alfenas",3,"Sudeste",0,"312240",3,8,3,5,3,5,0,0,0,0,0,8,3,5,3,5,2,9.61339658101531,8.70367275835886,0.433541652383258,31
"10809","MG","Divisa Nova",6025,14963.91,31049,"Alfenas",3,"Sudeste",0,"312240",4,7,3,4,4,3,0,0,0,0,0,7,3,4,4,3,6,9.61339658101531,8.70367275835886,0.423471898338718,30
"10810","MG","Divisa Nova",6025,14963.91,31049,"Alfenas",3,"Sudeste",0,"312240",5,7,2,5,3,4,0,0,0,0,0,7,2,5,3,4,4,9.61339658101531,8.70367275835886,0.40735486290363,31
"10811","MG","Divisa Nova",6025,14963.91,31049,"Alfenas",3,"Sudeste",0,"312240",6,6,2,4,4,2,0,0,0,0,0,6,2,4,4,2,3,9.61339658101531,8.70367275835886,0.415823770936839,30
"10812","MG","Divisa Nova",6025,14963.91,31049,"Alfenas",3,"Sudeste",0,"312240",7,12,3,9,9,3,0,0,0,0,0,12,3,9,9,3,8,9.61339658101531,8.70367275835886,0.411533301851072,29
"10813","MG","Divisópolis",11211,6780.22,31014,"Almenara",3,"Sudeste",0,"312245",2,5,0,5,1,4,1,0,0,0,0,6,0,5,1,4,1,8.82176482878559,9.32465071815359,0.312436566076248,29
"10814","MG","Divisópolis",11211,6780.22,31014,"Almenara",3,"Sudeste",0,"312245",3,6,0,6,4,2,0,0,0,0,0,6,0,6,4,2,7,8.82176482878559,9.32465071815359,0.376662675335538,31
"10815","MG","Divisópolis",11211,6780.22,31014,"Almenara",3,"Sudeste",0,"312245",4,5,1,4,1,4,0,0,0,0,0,5,1,4,1,4,0,8.82176482878559,9.32465071815359,0.382815424041452,30
"10816","MG","Divisópolis",11211,6780.22,31014,"Almenara",3,"Sudeste",0,"312245",5,4,1,3,2,2,0,0,0,0,0,4,1,3,2,2,5,8.82176482878559,9.32465071815359,0.37148447642924,31
"10817","MG","Divisópolis",11211,6780.22,31014,"Almenara",3,"Sudeste",0,"312245",6,2,1,1,1,1,2,0,0,0,0,4,1,1,1,1,3,8.82176482878559,9.32465071815359,0.33746574430915,30
"10818","MG","Divisópolis",11211,6780.22,31014,"Almenara",3,"Sudeste",0,"312245",7,0,0,0,0,0,0,0,0,0,0,0,0,0,0,0,7,8.82176482878559,9.32465071815359,0.387584429780256,29
"10819","MG","Dona Euzébia",6619,11994.99,31066,"Cataguases",3,"Sudeste",0,"312290",2,9,3,6,2,7,0,0,0,0,0,9,3,6,2,7,4,9.39224434159275,8.79769958011892,0.340995307868422,29
"10820","MG","Dona Euzébia",6619,11994.99,31066,"Cataguases",3,"Sudeste",0,"312290",3,6,3,3,2,4,0,0,0,0,0,6,3,3,2,4,3,9.39224434159275,8.79769958011892,0.433615081770687,31
"10821","MG","Dona Euzébia",6619,11994.99,31066,"Cataguases",3,"Sudeste",0,"312290",4,6,1,5,2,4,0,0,0,0,0,6,1,5,2,4,4,9.39224434159275,8.79769958011892,0.443391626381499,30
"10822","MG","Dona Euzébia",6619,11994.99,31066,"Cataguases",3,"Sudeste",0,"312290",5,9,2,7,5,4,0,0,0,0,0,9,2,7,5,4,1,9.39224434159275,8.79769958011892,0.416228803459843,31
"10823","MG","Dona Euzébia",6619,11994.99,31066,"Cataguases",3,"Sudeste",0,"312290",6,4,2,2,0,4,0,0,0,0,0,4,2,2,0,4,5,9.39224434159275,8.79769958011892,0.414665016811389,30
"10824","MG","Dona Euzébia",6619,11994.99,31066,"Cataguases",3,"Sudeste",0,"312290",7,9,1,8,4,5,0,0,0,0,0,9,1,8,4,5,0,9.39224434159275,8.79769958011892,0.404300396201961,29
"10825","MG","Dores de Campos",10223,26967.82,31058,"São João Del Rei",3,"Sudeste",0,"312300",2,17,5,12,7,10,0,0,0,0,0,17,5,12,7,10,5,10.2023995823143,9.23239536275701,0.358227600867236,29
"10826","MG","Dores de Campos",10223,26967.82,31058,"São João Del Rei",3,"Sudeste",0,"312300",3,19,4,15,5,14,0,0,0,0,0,19,4,15,5,14,7,10.2023995823143,9.23239536275701,0.433771718500452,31
"10827","MG","Dores de Campos",10223,26967.82,31058,"São João Del Rei",3,"Sudeste",0,"312300",4,14,4,10,2,12,0,0,0,0,0,14,4,10,2,12,5,10.2023995823143,9.23239536275701,0.454259002707439,30
"10828","MG","Dores de Campos",10223,26967.82,31058,"São João Del Rei",3,"Sudeste",0,"312300",5,4,1,3,0,4,0,0,0,0,0,4,1,3,0,4,5,10.2023995823143,9.23239536275701,0.438770377546005,31
"10829","MG","Dores de Campos",10223,26967.82,31058,"São João Del Rei",3,"Sudeste",0,"312300",6,17,5,12,4,13,0,0,0,0,0,17,5,12,4,13,3,10.2023995823143,9.23239536275701,0.405225650479197,30
"10830","MG","Dores de Campos",10223,26967.82,31058,"São João Del Rei",3,"Sudeste",0,"312300",7,5,2,3,2,3,0,0,0,0,0,5,2,3,2,3,4,10.2023995823143,9.23239536275701,0.398762864998783,29
"10831","MG","Dores do Indaiá",13427,16969.75,31026,"Bom Despacho",3,"Sudeste",1,"312320",2,19,2,17,6,13,0,0,0,0,0,19,2,17,6,13,5,9.73918762623997,9.50502288407271,0.268745140700217,29
"10832","MG","Dores do Indaiá",13427,16969.75,31026,"Bom Despacho",3,"Sudeste",1,"312320",3,13,5,8,5,8,0,0,0,0,0,13,5,8,5,8,11,9.73918762623997,9.50502288407271,0.344943810971092,31
"10833","MG","Dores do Indaiá",13427,16969.75,31026,"Bom Despacho",3,"Sudeste",1,"312320",4,5,2,3,4,1,0,0,0,0,0,5,2,3,4,1,8,9.73918762623997,9.50502288407271,0.383696815725656,30
"10834","MG","Dores do Indaiá",13427,16969.75,31026,"Bom Despacho",3,"Sudeste",1,"312320",5,14,2,12,8,6,0,0,0,0,0,14,2,12,8,6,16,9.73918762623997,9.50502288407271,0.338722279649162,31
"10835","MG","Dores do Indaiá",13427,16969.75,31026,"Bom Despacho",3,"Sudeste",1,"312320",6,9,2,7,2,7,0,0,0,0,0,9,2,7,2,7,10,9.73918762623997,9.50502288407271,0.338803811584521,30
"10836","MG","Dores do Indaiá",13427,16969.75,31026,"Bom Despacho",3,"Sudeste",1,"312320",7,4,1,3,2,2,0,0,0,0,0,4,1,3,2,2,14,9.73918762623997,9.50502288407271,0.352920219022997,29
"10837","MG","Elói Mendes",28320,18399.4,31050,"Varginha",3,"Sudeste",1,"312360",2,53,18,35,24,29,0,0,0,0,0,53,18,35,24,29,11,9.82007333436975,10.2513235478077,0.314466183370125,29
"10838","MG","Elói Mendes",28320,18399.4,31050,"Varginha",3,"Sudeste",1,"312360",3,55,18,37,21,34,0,0,0,0,0,55,18,37,21,34,14,9.82007333436975,10.2513235478077,0.376677317011607,31
"10839","MG","Elói Mendes",28320,18399.4,31050,"Varginha",3,"Sudeste",1,"312360",4,34,13,21,16,18,0,0,0,0,0,34,13,21,16,18,15,9.82007333436975,10.2513235478077,0.416169384493853,30
"10840","MG","Elói Mendes",28320,18399.4,31050,"Varginha",3,"Sudeste",1,"312360",5,30,9,21,14,16,0,0,0,0,0,30,9,21,14,16,11,9.82007333436975,10.2513235478077,0.383746287003721,31
"10841","MG","Elói Mendes",28320,18399.4,31050,"Varginha",3,"Sudeste",1,"312360",6,26,4,22,10,16,0,0,0,0,0,26,4,22,10,16,16,9.82007333436975,10.2513235478077,0.35379391183405,30
"10842","MG","Elói Mendes",28320,18399.4,31050,"Varginha",3,"Sudeste",1,"312360",7,26,8,18,13,13,0,0,0,0,0,26,8,18,13,13,10,9.82007333436975,10.2513235478077,0.340962965968773,29
"10843","MG","Engenheiro Caldas",11202,10464.07,31037,"Governador Valadares",3,"Sudeste",0,"312370",2,16,5,11,5,11,0,0,0,0,0,16,5,11,5,11,9,9.25570276327705,9.32384761276978,0.311147491934136,29
"10844","MG","Engenheiro Caldas",11202,10464.07,31037,"Governador Valadares",3,"Sudeste",0,"312370",3,12,1,11,7,5,0,0,0,0,0,12,1,11,7,5,8,9.25570276327705,9.32384761276978,0.395482671599667,31
"10845","MG","Engenheiro Caldas",11202,10464.07,31037,"Governador Valadares",3,"Sudeste",0,"312370",4,12,2,10,7,5,0,0,0,0,0,12,2,10,7,5,7,9.25570276327705,9.32384761276978,0.411406406666817,30
"10846","MG","Engenheiro Caldas",11202,10464.07,31037,"Governador Valadares",3,"Sudeste",0,"312370",5,15,5,10,9,6,0,0,0,0,0,15,5,10,9,6,14,9.25570276327705,9.32384761276978,0.370645955344792,31
"10847","MG","Engenheiro Caldas",11202,10464.07,31037,"Governador Valadares",3,"Sudeste",0,"312370",6,13,4,9,5,8,0,0,0,0,0,13,4,9,5,8,8,9.25570276327705,9.32384761276978,0.407312033320274,30
"10848","MG","Engenheiro Caldas",11202,10464.07,31037,"Governador Valadares",3,"Sudeste",0,"312370",7,11,5,6,5,6,0,0,0,0,0,11,5,6,5,6,6,9.25570276327705,9.32384761276978,0.415896022863393,29
"10849","MG","Engenheiro Navarro",7241,9135.37,31009,"Bocaiúva",3,"Sudeste",0,"312380",2,12,2,10,6,6,0,0,0,0,0,12,2,10,6,6,2,9.11990897154961,8.88751459738882,0.300947546528513,29
"10850","MG","Engenheiro Navarro",7241,9135.37,31009,"Bocaiúva",3,"Sudeste",0,"312380",3,14,2,12,6,8,0,0,0,0,0,14,2,12,6,8,1,9.11990897154961,8.88751459738882,0.403648901373017,31
"10851","MG","Engenheiro Navarro",7241,9135.37,31009,"Bocaiúva",3,"Sudeste",0,"312380",4,7,0,7,4,3,0,0,0,0,0,7,0,7,4,3,6,9.11990897154961,8.88751459738882,0.438923551958041,30
"10852","MG","Engenheiro Navarro",7241,9135.37,31009,"Bocaiúva",3,"Sudeste",0,"312380",5,10,4,6,3,7,0,0,0,0,0,10,4,6,3,7,7,9.11990897154961,8.88751459738882,0.419959961857269,31
"10853","MG","Engenheiro Navarro",7241,9135.37,31009,"Bocaiúva",3,"Sudeste",0,"312380",6,9,1,8,6,3,0,0,0,0,0,9,1,8,6,3,5,9.11990897154961,8.88751459738882,0.373931923875038,30
"10854","MG","Engenheiro Navarro",7241,9135.37,31009,"Bocaiúva",3,"Sudeste",0,"312380",7,7,1,6,2,5,0,0,0,0,0,7,1,6,2,5,2,9.11990897154961,8.88751459738882,0.40113921574635,29
"10855","MG","Entre Rios de Minas",15380,13683.27,31034,"Conselheiro Lafaiete",3,"Sudeste",0,"312390",2,27,5,22,10,17,0,0,0,0,0,27,5,22,10,17,8,9.52392919769993,9.64082324305964,0.303576342384209,29
"10856","MG","Entre Rios de Minas",15380,13683.27,31034,"Conselheiro Lafaiete",3,"Sudeste",0,"312390",3,16,4,12,2,14,0,0,0,0,0,16,4,12,2,14,10,9.52392919769993,9.64082324305964,0.398963670099967,31
"10857","MG","Entre Rios de Minas",15380,13683.27,31034,"Conselheiro Lafaiete",3,"Sudeste",0,"312390",4,11,1,10,1,10,0,0,0,0,0,11,1,10,1,10,16,9.52392919769993,9.64082324305964,0.449277179685627,30
"10858","MG","Entre Rios de Minas",15380,13683.27,31034,"Conselheiro Lafaiete",3,"Sudeste",0,"312390",5,24,3,21,5,19,0,0,0,0,0,24,3,21,5,19,5,9.52392919769993,9.64082324305964,0.4248527333168,31
"10859","MG","Entre Rios de Minas",15380,13683.27,31034,"Conselheiro Lafaiete",3,"Sudeste",0,"312390",6,15,1,14,4,11,0,0,0,0,0,15,1,14,4,11,3,9.52392919769993,9.64082324305964,0.403458118929197,30
"10860","MG","Entre Rios de Minas",15380,13683.27,31034,"Conselheiro Lafaiete",3,"Sudeste",0,"312390",7,17,6,11,2,15,1,0,0,0,0,18,6,11,2,15,16,9.52392919769993,9.64082324305964,0.403483696845166,29
"10861","MG","Ervália",18958,16087.86,31062,"Viçosa",3,"Sudeste",0,"312400",2,35,11,24,10,25,0,0,0,0,0,35,11,24,10,25,14,9.68582022927638,9.84998128501299,0.308926271429056,29
"10862","MG","Ervália",18958,16087.86,31062,"Viçosa",3,"Sudeste",0,"312400",3,31,11,20,13,18,0,0,0,0,0,31,11,20,13,18,12,9.68582022927638,9.84998128501299,0.39637534158211,31
"10863","MG","Ervália",18958,16087.86,31062,"Viçosa",3,"Sudeste",0,"312400",4,19,6,13,5,14,0,0,0,0,0,19,6,13,5,14,13,9.68582022927638,9.84998128501299,0.433779513218989,30
"10864","MG","Ervália",18958,16087.86,31062,"Viçosa",3,"Sudeste",0,"312400",5,19,9,10,6,13,0,0,0,0,0,19,9,10,6,13,10,9.68582022927638,9.84998128501299,0.42237595830682,31
"10865","MG","Ervália",18958,16087.86,31062,"Viçosa",3,"Sudeste",0,"312400",6,22,6,16,8,14,0,0,0,0,0,22,6,16,8,14,16,9.68582022927638,9.84998128501299,0.401138636922146,30
"10866","MG","Ervália",18958,16087.86,31062,"Viçosa",3,"Sudeste",0,"312400",7,19,7,12,6,13,0,0,0,0,0,19,7,12,6,13,8,9.68582022927638,9.84998128501299,0.388455233341004,29
"10867","MG","Esmeraldas",71551,9832.71,31030,"Belo Horizonte",3,"Sudeste",1,"312410",2,136,29,107,52,84,2,0,0,0,0,138,29,107,52,84,37,9.19346986182007,11.1781657611273,0.303956731527607,29
"10868","MG","Esmeraldas",71551,9832.71,31030,"Belo Horizonte",3,"Sudeste",1,"312410",3,89,22,67,27,62,2,0,0,0,0,91,22,67,27,62,38,9.19346986182007,11.1781657611273,0.393097603147712,31
"10869","MG","Esmeraldas",71551,9832.71,31030,"Belo Horizonte",3,"Sudeste",1,"312410",4,83,13,70,31,52,0,0,0,0,0,83,13,70,31,52,31,9.19346986182007,11.1781657611273,0.432897622508791,30
"10870","MG","Esmeraldas",71551,9832.71,31030,"Belo Horizonte",3,"Sudeste",1,"312410",5,82,22,60,34,48,1,0,0,0,0,83,22,60,34,48,27,9.19346986182007,11.1781657611273,0.399919095077078,31
"10871","MG","Esmeraldas",71551,9832.71,31030,"Belo Horizonte",3,"Sudeste",1,"312410",6,99,24,75,37,62,2,0,0,0,0,101,24,75,37,62,46,9.19346986182007,11.1781657611273,0.375780404479108,30
"10872","MG","Esmeraldas",71551,9832.71,31030,"Belo Horizonte",3,"Sudeste",1,"312410",7,87,15,72,29,58,1,0,0,0,0,88,15,72,29,58,26,9.19346986182007,11.1781657611273,0.388378260995816,29
"10873","MG","Espera Feliz",25122,16890.3,31063,"Muriaé",3,"Sudeste",0,"312420",2,35,15,20,16,19,0,0,0,0,0,35,15,20,16,19,15,9.73449477163345,10.1314992352472,0.342016293522833,29
"10874","MG","Espera Feliz",25122,16890.3,31063,"Muriaé",3,"Sudeste",0,"312420",3,60,14,46,18,42,0,0,0,0,0,60,14,46,18,42,11,9.73449477163345,10.1314992352472,0.414691579550091,31
"10875","MG","Espera Feliz",25122,16890.3,31063,"Muriaé",3,"Sudeste",0,"312420",4,35,12,23,16,19,0,0,0,0,0,35,12,23,16,19,9,9.73449477163345,10.1314992352472,0.442894456200855,30
"10876","MG","Espera Feliz",25122,16890.3,31063,"Muriaé",3,"Sudeste",0,"312420",5,31,7,24,16,15,0,0,0,0,0,31,7,24,16,15,11,9.73449477163345,10.1314992352472,0.405362691212751,31
"10877","MG","Espera Feliz",25122,16890.3,31063,"Muriaé",3,"Sudeste",0,"312420",6,39,16,23,18,21,0,0,0,0,0,39,16,23,18,21,13,9.73449477163345,10.1314992352472,0.408030759028987,30
"10878","MG","Espera Feliz",25122,16890.3,31063,"Muriaé",3,"Sudeste",0,"312420",7,31,12,19,9,22,0,0,0,0,0,31,12,19,9,22,17,9.73449477163345,10.1314992352472,0.406462932670618,29
"10879","MG","Espinosa",31610,10154.54,31004,"Janaúba",3,"Sudeste",0,"312430",2,53,17,36,22,31,1,0,0,0,0,54,17,36,22,31,13,9.22567617510569,10.3612288052097,0.262146876709868,29
"10880","MG","Espinosa",31610,10154.54,31004,"Janaúba",3,"Sudeste",0,"312430",3,48,12,36,22,26,0,0,0,0,0,48,12,36,22,26,18,9.22567617510569,10.3612288052097,0.360157711806977,31
"10881","MG","Espinosa",31610,10154.54,31004,"Janaúba",3,"Sudeste",0,"312430",4,21,11,10,11,10,1,0,0,0,0,22,11,10,11,10,10,9.22567617510569,10.3612288052097,0.397434799874105,30
"10882","MG","Espinosa",31610,10154.54,31004,"Janaúba",3,"Sudeste",0,"312430",5,48,12,36,14,34,1,0,0,0,0,49,12,36,14,34,23,9.22567617510569,10.3612288052097,0.391290158951545,31
"10883","MG","Espinosa",31610,10154.54,31004,"Janaúba",3,"Sudeste",0,"312430",6,42,8,34,16,26,2,0,0,0,0,44,8,34,16,26,17,9.22567617510569,10.3612288052097,0.370957949596944,30
"10884","MG","Espinosa",31610,10154.54,31004,"Janaúba",3,"Sudeste",0,"312430",7,36,9,27,15,21,0,0,0,0,0,36,9,27,15,21,20,9.22567617510569,10.3612288052097,0.411663670319924,29
"10885","MG","Espírito Santo do Dourado",4710,16654.3,31052,"Pouso Alegre",3,"Sudeste",0,"312440",2,13,8,5,8,5,0,0,0,0,0,13,8,5,8,5,4,9.72042372032393,8.45744318701046,0.352702389392797,29
"10886","MG","Espírito Santo do Dourado",4710,16654.3,31052,"Pouso Alegre",3,"Sudeste",0,"312440",3,11,5,6,4,7,0,0,0,0,0,11,5,6,4,7,0,9.72042372032393,8.45744318701046,0.459599715030807,31
"10887","MG","Espírito Santo do Dourado",4710,16654.3,31052,"Pouso Alegre",3,"Sudeste",0,"312440",4,5,0,5,2,3,0,0,0,0,0,5,0,5,2,3,1,9.72042372032393,8.45744318701046,0.483467475618827,30
"10888","MG","Espírito Santo do Dourado",4710,16654.3,31052,"Pouso Alegre",3,"Sudeste",0,"312440",5,6,0,6,5,1,0,0,0,0,0,6,0,6,5,1,5,9.72042372032393,8.45744318701046,0.443407913568076,31
"10889","MG","Espírito Santo do Dourado",4710,16654.3,31052,"Pouso Alegre",3,"Sudeste",0,"312440",6,10,2,8,7,3,0,0,0,0,0,10,2,8,7,3,2,9.72042372032393,8.45744318701046,0.405119774591174,30
"10890","MG","Espírito Santo do Dourado",4710,16654.3,31052,"Pouso Alegre",3,"Sudeste",0,"312440",7,6,2,4,2,4,0,0,0,0,0,6,2,4,2,4,2,9.72042372032393,8.45744318701046,0.429951391843965,29
"10891","MG","Estiva",11386,22788.83,31052,"Pouso Alegre",3,"Sudeste",0,"312450",2,21,3,18,6,15,0,0,0,0,0,21,3,18,6,15,3,10.0340257826156,9.34013980951103,0.310690139615418,29
"10892","MG","Estiva",11386,22788.83,31052,"Pouso Alegre",3,"Sudeste",0,"312450",3,7,1,6,3,4,0,0,0,0,0,7,1,6,3,4,6,10.0340257826156,9.34013980951103,0.37176676797216,31
"10893","MG","Estiva",11386,22788.83,31052,"Pouso Alegre",3,"Sudeste",0,"312450",4,6,2,4,0,6,0,0,0,0,0,6,2,4,0,6,9,10.0340257826156,9.34013980951103,0.380304382506399,30
"10894","MG","Estiva",11386,22788.83,31052,"Pouso Alegre",3,"Sudeste",0,"312450",5,9,1,8,3,6,0,0,0,0,0,9,1,8,3,6,5,10.0340257826156,9.34013980951103,0.380170081329469,31
"10895","MG","Estiva",11386,22788.83,31052,"Pouso Alegre",3,"Sudeste",0,"312450",6,6,2,4,2,4,0,0,0,0,0,6,2,4,2,4,4,10.0340257826156,9.34013980951103,0.355023188486139,30
"10896","MG","Estiva",11386,22788.83,31052,"Pouso Alegre",3,"Sudeste",0,"312450",7,11,3,8,4,7,0,0,0,0,0,11,3,8,4,7,8,10.0340257826156,9.34013980951103,0.365298230728722,29
"10897","MG","Estrela do Sul",8018,72318.96,31019,"Patrocínio",3,"Sudeste",0,"312480",2,8,2,6,3,5,0,0,0,0,0,8,2,6,3,5,2,11.1888416144317,8.98944429320245,0.323844056039075,29
"10898","MG","Estrela do Sul",8018,72318.96,31019,"Patrocínio",3,"Sudeste",0,"312480",3,11,5,6,6,5,0,0,0,0,0,11,5,6,6,5,3,11.1888416144317,8.98944429320245,0.358872660359371,31
"10899","MG","Estrela do Sul",8018,72318.96,31019,"Patrocínio",3,"Sudeste",0,"312480",4,6,1,5,4,2,0,0,0,0,0,6,1,5,4,2,3,11.1888416144317,8.98944429320245,0.39870269185169,30
"10900","MG","Estrela do Sul",8018,72318.96,31019,"Patrocínio",3,"Sudeste",0,"312480",5,12,3,9,3,9,0,0,0,0,0,12,3,9,3,9,1,11.1888416144317,8.98944429320245,0.410727355767336,31
"10901","MG","Estrela do Sul",8018,72318.96,31019,"Patrocínio",3,"Sudeste",0,"312480",6,8,2,6,3,5,0,0,0,0,0,8,2,6,3,5,4,11.1888416144317,8.98944429320245,0.40460534168092,30
"10902","MG","Estrela do Sul",8018,72318.96,31019,"Patrocínio",3,"Sudeste",0,"312480",7,7,2,5,3,4,0,0,0,0,0,7,2,5,3,4,2,11.1888416144317,8.98944429320245,0.374092286719641,29
"10903","MG","Eugenópolis",11330,14137.88,31063,"Muriaé",3,"Sudeste",0,"312490",2,11,1,10,3,8,0,0,0,0,0,11,1,10,3,8,7,9.5566129989314,9.33520935402205,0.308211023605165,29
"10904","MG","Eugenópolis",11330,14137.88,31063,"Muriaé",3,"Sudeste",0,"312490",3,18,3,15,3,15,0,0,0,0,0,18,3,15,3,15,12,9.5566129989314,9.33520935402205,0.412540298358488,31
"10905","MG","Eugenópolis",11330,14137.88,31063,"Muriaé",3,"Sudeste",0,"312490",4,11,2,9,2,9,0,0,0,0,0,11,2,9,2,9,11,9.5566129989314,9.33520935402205,0.428076817207104,30
"10906","MG","Eugenópolis",11330,14137.88,31063,"Muriaé",3,"Sudeste",0,"312490",5,9,4,5,6,3,0,0,0,0,0,9,4,5,6,3,10,9.5566129989314,9.33520935402205,0.439945422610829,31
"10907","MG","Eugenópolis",11330,14137.88,31063,"Muriaé",3,"Sudeste",0,"312490",6,12,2,10,2,10,0,0,0,0,0,12,2,10,2,10,6,9.5566129989314,9.33520935402205,0.436577314573844,30
"10908","MG","Eugenópolis",11330,14137.88,31063,"Muriaé",3,"Sudeste",0,"312490",7,6,1,5,3,3,0,0,0,0,0,6,1,5,3,3,10,9.5566129989314,9.33520935402205,0.433560925535984,29
"10909","MG","Ewbank da Câmara",3923,9821.09,31065,"Juiz de Fora",3,"Sudeste",1,"312500",2,10,4,6,3,7,0,0,0,0,0,10,4,6,3,7,4,9.19228739315203,8.27461194620955,0.317869800788236,29
"10910","MG","Ewbank da Câmara",3923,9821.09,31065,"Juiz de Fora",3,"Sudeste",1,"312500",3,10,3,7,4,6,0,0,0,0,0,10,3,7,4,6,4,9.19228739315203,8.27461194620955,0.415698594957275,31
"10911","MG","Ewbank da Câmara",3923,9821.09,31065,"Juiz de Fora",3,"Sudeste",1,"312500",4,5,2,3,3,2,0,0,0,0,0,5,2,3,3,2,5,9.19228739315203,8.27461194620955,0.471804597040649,30
"10912","MG","Ewbank da Câmara",3923,9821.09,31065,"Juiz de Fora",3,"Sudeste",1,"312500",5,1,0,1,1,0,0,0,0,0,0,1,0,1,1,0,4,9.19228739315203,8.27461194620955,0.435423280209872,31
"10913","MG","Ewbank da Câmara",3923,9821.09,31065,"Juiz de Fora",3,"Sudeste",1,"312500",6,3,1,2,0,3,0,0,0,0,0,3,1,2,0,3,0,9.19228739315203,8.27461194620955,0.409359010204901,30
"10914","MG","Ewbank da Câmara",3923,9821.09,31065,"Juiz de Fora",3,"Sudeste",1,"312500",7,5,3,2,1,4,0,0,0,0,0,5,3,2,1,4,2,9.19228739315203,8.27461194620955,0.431490010131795,29
"10915","MG","Extrema",36951,268459.18,31052,"Pouso Alegre",3,"Sudeste",0,"312510",2,95,13,82,37,58,0,0,0,0,0,95,13,82,37,58,12,12.5004541515782,10.5173479896096,0.304352814334646,29
"10916","MG","Extrema",36951,268459.18,31052,"Pouso Alegre",3,"Sudeste",0,"312510",3,157,29,128,67,90,1,0,0,0,0,158,29,128,67,90,14,12.5004541515782,10.5173479896096,0.408373688419902,31
"10917","MG","Extrema",36951,268459.18,31052,"Pouso Alegre",3,"Sudeste",0,"312510",4,55,13,42,23,32,0,0,0,0,0,55,13,42,23,32,26,12.5004541515782,10.5173479896096,0.454587947358053,30
"10918","MG","Extrema",36951,268459.18,31052,"Pouso Alegre",3,"Sudeste",0,"312510",5,74,13,61,38,36,0,0,0,0,0,74,13,61,38,36,15,12.5004541515782,10.5173479896096,0.432281625229734,31
"10919","MG","Extrema",36951,268459.18,31052,"Pouso Alegre",3,"Sudeste",0,"312510",6,69,18,51,30,39,0,0,0,0,0,69,18,51,30,39,22,12.5004541515782,10.5173479896096,0.403808029309905,30
"10920","MG","Extrema",36951,268459.18,31052,"Pouso Alegre",3,"Sudeste",0,"312510",7,73,11,62,31,42,0,0,0,0,0,73,11,62,31,42,21,12.5004541515782,10.5173479896096,0.394480865316285,29
"10921","MG","Felisburgo",7504,7701.56,31014,"Almenara",3,"Sudeste",0,"312560",2,0,0,0,0,0,0,0,0,0,0,0,0,0,0,0,10,8.94917818472429,8.92319149068606,0.310765923148316,29
"10922","MG","Felisburgo",7504,7701.56,31014,"Almenara",3,"Sudeste",0,"312560",3,0,0,0,0,0,0,0,0,0,0,0,0,0,0,0,3,8.94917818472429,8.92319149068606,0.341358743978394,31
"10923","MG","Felisburgo",7504,7701.56,31014,"Almenara",3,"Sudeste",0,"312560",4,0,0,0,0,0,0,0,0,0,0,0,0,0,0,0,2,8.94917818472429,8.92319149068606,0.365344400845409,30
"10924","MG","Felisburgo",7504,7701.56,31014,"Almenara",3,"Sudeste",0,"312560",5,0,0,0,0,0,1,0,0,0,0,1,0,0,0,0,0,8.94917818472429,8.92319149068606,0.348114265793205,31
"10925","MG","Felisburgo",7504,7701.56,31014,"Almenara",3,"Sudeste",0,"312560",6,0,0,0,0,0,0,0,0,0,0,0,0,0,0,0,3,8.94917818472429,8.92319149068606,0.361930756323854,30
"10926","MG","Felisburgo",7504,7701.56,31014,"Almenara",3,"Sudeste",0,"312560",7,2,2,0,0,2,0,0,0,0,0,2,2,0,0,2,4,8.94917818472429,8.92319149068606,0.406044431609783,29
"10927","MG","Felixlândia",15433,14606.74,31025,"Curvelo",3,"Sudeste",0,"312570",2,22,4,18,7,15,0,0,0,0,0,22,4,18,7,15,10,9.58923834500731,9.64426335290083,0.348822179028096,29
"10928","MG","Felixlândia",15433,14606.74,31025,"Curvelo",3,"Sudeste",0,"312570",3,22,8,14,6,16,0,0,0,0,0,22,8,14,6,16,10,9.58923834500731,9.64426335290083,0.432964524755635,31
"10929","MG","Felixlândia",15433,14606.74,31025,"Curvelo",3,"Sudeste",0,"312570",4,5,3,2,3,2,0,0,0,0,0,5,3,2,3,2,12,9.58923834500731,9.64426335290083,0.449810652461992,30
"10930","MG","Felixlândia",15433,14606.74,31025,"Curvelo",3,"Sudeste",0,"312570",5,13,5,8,7,6,0,0,0,0,0,13,5,8,7,6,4,9.58923834500731,9.64426335290083,0.433006110980602,31
"10931","MG","Felixlândia",15433,14606.74,31025,"Curvelo",3,"Sudeste",0,"312570",6,14,3,11,5,9,0,0,0,0,0,14,3,11,5,9,9,9.58923834500731,9.64426335290083,0.385217614937314,30
"10932","MG","Felixlândia",15433,14606.74,31025,"Curvelo",3,"Sudeste",0,"312570",7,18,4,14,3,15,0,0,0,0,0,18,4,14,3,15,13,9.58923834500731,9.64426335290083,0.422584068187149,29
"10933","MG","Florestal",7533,15181.52,31029,"Pará de Minas",3,"Sudeste",0,"312600",2,11,0,11,4,7,0,0,0,0,0,11,0,11,4,7,1,9.62783417768908,8.92704864782569,0.309775652194961,29
"10934","MG","Florestal",7533,15181.52,31029,"Pará de Minas",3,"Sudeste",0,"312600",3,9,1,8,2,7,0,0,0,0,0,9,1,8,2,7,2,9.62783417768908,8.92704864782569,0.388341376870685,31
"10935","MG","Florestal",7533,15181.52,31029,"Pará de Minas",3,"Sudeste",0,"312600",4,5,1,4,2,3,0,0,0,0,0,5,1,4,2,3,1,9.62783417768908,8.92704864782569,0.468613922817041,30
"10936","MG","Florestal",7533,15181.52,31029,"Pará de Minas",3,"Sudeste",0,"312600",5,8,1,7,1,7,0,0,0,0,0,8,1,7,1,7,4,9.62783417768908,8.92704864782569,0.3924382227682,31
"10937","MG","Florestal",7533,15181.52,31029,"Pará de Minas",3,"Sudeste",0,"312600",6,5,2,3,3,2,0,0,0,0,0,5,2,3,3,2,1,9.62783417768908,8.92704864782569,0.395567956838248,30
"10938","MG","Florestal",7533,15181.52,31029,"Pará de Minas",3,"Sudeste",0,"312600",7,8,0,8,3,5,0,0,0,0,0,8,0,8,3,5,1,9.62783417768908,8.92704864782569,0.386161262955322,29
"10939","MG","Formiga",67822,25107.98,31044,"Formiga",3,"Sudeste",1,"312610",2,95,16,79,25,70,1,0,0,0,0,96,16,79,25,70,44,10.1309410028782,11.1246419050708,0.306966930666997,29
"10940","MG","Formiga",67822,25107.98,31044,"Formiga",3,"Sudeste",1,"312610",3,104,12,92,29,75,0,0,0,0,0,104,12,92,29,75,50,10.1309410028782,11.1246419050708,0.384649087454273,31
"10941","MG","Formiga",67822,25107.98,31044,"Formiga",3,"Sudeste",1,"312610",4,70,15,55,24,46,0,0,0,0,0,70,15,55,24,46,46,10.1309410028782,11.1246419050708,0.423367982104083,30
"10942","MG","Formiga",67822,25107.98,31044,"Formiga",3,"Sudeste",1,"312610",5,48,6,42,11,37,0,0,0,0,0,48,6,42,11,37,48,10.1309410028782,11.1246419050708,0.381166290005095,31
"10943","MG","Formiga",67822,25107.98,31044,"Formiga",3,"Sudeste",1,"312610",6,70,12,58,18,52,0,0,0,0,0,70,12,58,18,52,42,10.1309410028782,11.1246419050708,0.36033630799191,30
"10944","MG","Formiga",67822,25107.98,31044,"Formiga",3,"Sudeste",1,"312610",7,48,7,41,15,33,0,0,0,0,0,48,7,41,15,33,66,10.1309410028782,11.1246419050708,0.359686334943926,29
"10945","MG","Formoso",9688,21306.62,31001,"Unaí",3,"Sudeste",0,"312620",2,15,5,10,10,5,0,0,0,0,0,15,5,10,10,5,1,9.96677310153185,9.17864328523293,0.271711805316534,29
"10946","MG","Formoso",9688,21306.62,31001,"Unaí",3,"Sudeste",0,"312620",3,21,6,15,5,16,0,0,0,0,0,21,6,15,5,16,1,9.96677310153185,9.17864328523293,0.329368619211117,31
"10947","MG","Formoso",9688,21306.62,31001,"Unaí",3,"Sudeste",0,"312620",4,8,3,5,4,4,0,0,0,0,0,8,3,5,4,4,2,9.96677310153185,9.17864328523293,0.354773472524019,30
"10948","MG","Formoso",9688,21306.62,31001,"Unaí",3,"Sudeste",0,"312620",5,8,2,6,4,4,0,0,0,0,0,8,2,6,4,4,6,9.96677310153185,9.17864328523293,0.382336222604525,31
"10949","MG","Formoso",9688,21306.62,31001,"Unaí",3,"Sudeste",0,"312620",6,9,3,6,3,6,0,0,0,0,0,9,3,6,3,6,4,9.96677310153185,9.17864328523293,0.393073833255225,30
"10950","MG","Formoso",9688,21306.62,31001,"Unaí",3,"Sudeste",0,"312620",7,6,2,4,2,4,0,0,0,0,0,6,2,4,2,4,5,9.96677310153185,9.17864328523293,0.394384502699333,29
"10951","MG","Francisco Sá",26369,13826.93,31007,"Montes Claros",3,"Sudeste",0,"312670",2,29,6,23,7,22,0,0,0,0,0,29,6,23,7,22,12,9.53437341881704,10.1799443567474,0.313444163790003,29
"10952","MG","Francisco Sá",26369,13826.93,31007,"Montes Claros",3,"Sudeste",0,"312670",3,46,4,42,22,24,0,0,0,0,0,46,4,42,22,24,14,9.53437341881704,10.1799443567474,0.408687091159034,31
"10953","MG","Francisco Sá",26369,13826.93,31007,"Montes Claros",3,"Sudeste",0,"312670",4,23,6,17,5,18,0,0,0,0,0,23,6,17,5,18,8,9.53437341881704,10.1799443567474,0.428144170460571,30
"10954","MG","Francisco Sá",26369,13826.93,31007,"Montes Claros",3,"Sudeste",0,"312670",5,13,4,9,5,8,1,0,0,0,0,14,4,9,5,8,12,9.53437341881704,10.1799443567474,0.404646580601504,31
"10955","MG","Francisco Sá",26369,13826.93,31007,"Montes Claros",3,"Sudeste",0,"312670",6,20,4,16,5,15,0,0,0,0,0,20,4,16,5,15,12,9.53437341881704,10.1799443567474,0.38475611397147,30
"10956","MG","Francisco Sá",26369,13826.93,31007,"Montes Claros",3,"Sudeste",0,"312670",7,27,5,22,13,14,1,0,0,0,0,28,5,22,13,14,14,9.53437341881704,10.1799443567474,0.393384714486038,29
"10957","MG","Frei Inocêncio",9664,10640.18,31037,"Governador Valadares",3,"Sudeste",0,"312690",2,13,6,7,8,5,0,0,0,0,0,13,6,7,8,5,3,9.27239268004577,9.1761629201746,0.269397669211093,29
"10958","MG","Frei Inocêncio",9664,10640.18,31037,"Governador Valadares",3,"Sudeste",0,"312690",3,14,6,8,8,6,0,0,0,0,0,14,6,8,8,6,5,9.27239268004577,9.1761629201746,0.354124199359605,31
"10959","MG","Frei Inocêncio",9664,10640.18,31037,"Governador Valadares",3,"Sudeste",0,"312690",4,9,3,6,3,6,0,0,0,0,0,9,3,6,3,6,9,9.27239268004577,9.1761629201746,0.384885007804402,30
"10960","MG","Frei Inocêncio",9664,10640.18,31037,"Governador Valadares",3,"Sudeste",0,"312690",5,8,4,4,3,5,0,0,0,0,0,8,4,4,3,5,9,9.27239268004577,9.1761629201746,0.382098219477454,31
"10961","MG","Frei Inocêncio",9664,10640.18,31037,"Governador Valadares",3,"Sudeste",0,"312690",6,8,2,6,5,3,0,0,0,0,0,8,2,6,5,3,9,9.27239268004577,9.1761629201746,0.369994123289278,30
"10962","MG","Frei Inocêncio",9664,10640.18,31037,"Governador Valadares",3,"Sudeste",0,"312690",7,10,2,8,3,7,0,0,0,0,0,10,2,8,3,7,11,9.27239268004577,9.1761629201746,0.375988349561998,29
"10963","MG","Fronteira",18492,51725.91,31021,"Frutal",3,"Sudeste",1,"312700",2,17,7,10,5,12,1,0,0,0,0,18,7,10,5,12,8,10.8537140954991,9.82509348510812,0.297763163829756,29
"10964","MG","Fronteira",18492,51725.91,31021,"Frutal",3,"Sudeste",1,"312700",3,26,6,20,10,16,0,0,0,0,0,26,6,20,10,16,9,10.8537140954991,9.82509348510812,0.342437403893751,31
"10965","MG","Fronteira",18492,51725.91,31021,"Frutal",3,"Sudeste",1,"312700",4,15,6,9,7,8,0,0,0,0,0,15,6,9,7,8,3,10.8537140954991,9.82509348510812,0.374493480572076,30
"10966","MG","Fronteira",18492,51725.91,31021,"Frutal",3,"Sudeste",1,"312700",5,5,1,4,3,2,0,0,0,0,0,5,1,4,3,2,11,10.8537140954991,9.82509348510812,0.38878712355723,31
"10967","MG","Fronteira",18492,51725.91,31021,"Frutal",3,"Sudeste",1,"312700",6,6,2,4,2,4,0,0,0,0,0,6,2,4,2,4,8,10.8537140954991,9.82509348510812,0.369428583291736,30
"10968","MG","Fronteira",18492,51725.91,31021,"Frutal",3,"Sudeste",1,"312700",7,11,4,7,1,10,0,0,0,0,0,11,4,7,1,10,9,10.8537140954991,9.82509348510812,0.385855778253034,29
"10969","MG","Frutal",60012,32188.44,31021,"Frutal",3,"Sudeste",1,"312710",2,104,28,76,36,68,0,0,0,0,0,104,28,76,36,68,34,10.3793626608632,11.0022998212069,0.297933099268187,29
"10970","MG","Frutal",60012,32188.44,31021,"Frutal",3,"Sudeste",1,"312710",3,77,16,61,34,43,0,0,0,0,0,77,16,61,34,43,37,10.3793626608632,11.0022998212069,0.385951346401703,31
"10971","MG","Frutal",60012,32188.44,31021,"Frutal",3,"Sudeste",1,"312710",4,69,11,58,31,38,0,0,0,0,0,69,11,58,31,38,33,10.3793626608632,11.0022998212069,0.403467749726643,30
"10972","MG","Frutal",60012,32188.44,31021,"Frutal",3,"Sudeste",1,"312710",5,52,14,38,17,35,0,0,0,0,0,52,14,38,17,35,38,10.3793626608632,11.0022998212069,0.386609557195791,31
"10973","MG","Frutal",60012,32188.44,31021,"Frutal",3,"Sudeste",1,"312710",6,49,7,42,15,34,0,0,0,0,0,49,7,42,15,34,40,10.3793626608632,11.0022998212069,0.363319300778511,30
"10974","MG","Frutal",60012,32188.44,31021,"Frutal",3,"Sudeste",1,"312710",7,68,15,53,26,42,2,0,0,0,0,70,15,53,26,42,51,10.3793626608632,11.0022998212069,0.375534200287342,29
"10975","MG","Galiléia",6790,12480,31037,"Governador Valadares",3,"Sudeste",0,"312730",2,11,0,11,4,7,0,0,0,0,0,11,0,11,4,7,4,9.43188264192342,8.82320622055274,0.322179326472059,29
"10976","MG","Galiléia",6790,12480,31037,"Governador Valadares",3,"Sudeste",0,"312730",3,12,3,9,5,7,0,0,0,0,0,12,3,9,5,7,4,9.43188264192342,8.82320622055274,0.39814111047134,31
"10977","MG","Galiléia",6790,12480,31037,"Governador Valadares",3,"Sudeste",0,"312730",4,10,3,7,7,3,0,0,0,0,0,10,3,7,7,3,6,9.43188264192342,8.82320622055274,0.464121398397891,30
"10978","MG","Galiléia",6790,12480,31037,"Governador Valadares",3,"Sudeste",0,"312730",5,8,0,8,3,5,1,0,0,0,0,9,0,8,3,5,1,9.43188264192342,8.82320622055274,0.436130714775054,31
"10979","MG","Galiléia",6790,12480,31037,"Governador Valadares",3,"Sudeste",0,"312730",6,14,5,9,9,5,0,0,0,0,0,14,5,9,9,5,7,9.43188264192342,8.82320622055274,0.455914250684707,30
"10980","MG","Galiléia",6790,12480,31037,"Governador Valadares",3,"Sudeste",0,"312730",7,9,3,6,5,4,0,0,0,0,0,9,3,6,5,4,4,9.43188264192342,8.82320622055274,0.440457277537964,29
"10981","MG","Goianá",3990,15152.79,31065,"Juiz de Fora",3,"Sudeste",0,"312738",2,4,1,3,2,2,0,0,0,0,0,4,1,3,2,2,2,9.62593995239828,8.29154650988391,0.318365341675045,29
"10982","MG","Goianá",3990,15152.79,31065,"Juiz de Fora",3,"Sudeste",0,"312738",3,7,2,5,3,4,0,0,0,0,0,7,2,5,3,4,2,9.62593995239828,8.29154650988391,0.421876635361177,31
"10983","MG","Goianá",3990,15152.79,31065,"Juiz de Fora",3,"Sudeste",0,"312738",4,2,2,0,0,2,0,0,0,0,0,2,2,0,0,2,2,9.62593995239828,8.29154650988391,0.469872627597573,30
"10984","MG","Goianá",3990,15152.79,31065,"Juiz de Fora",3,"Sudeste",0,"312738",5,1,0,1,0,1,0,0,0,0,0,1,0,1,0,1,4,9.62593995239828,8.29154650988391,0.453260574200998,31
"10985","MG","Goianá",3990,15152.79,31065,"Juiz de Fora",3,"Sudeste",0,"312738",6,2,0,2,1,1,0,0,0,0,0,2,0,2,1,1,5,9.62593995239828,8.29154650988391,0.412491357066377,30
"10986","MG","Goianá",3990,15152.79,31065,"Juiz de Fora",3,"Sudeste",0,"312738",7,2,0,2,0,2,0,0,0,0,0,2,0,2,0,2,2,9.62593995239828,8.29154650988391,0.436025720507247,29
"10987","MG","Gouveia",11818,10951.65,31010,"Diamantina",3,"Sudeste",0,"312760",2,20,4,16,3,17,0,0,0,0,0,20,4,16,3,17,7,9.30124540882432,9.37737907190562,0.317036350082678,29
"10988","MG","Gouveia",11818,10951.65,31010,"Diamantina",3,"Sudeste",0,"312760",3,12,1,11,5,7,0,0,0,0,0,12,1,11,5,7,7,9.30124540882432,9.37737907190562,0.417810718052279,31
"10989","MG","Gouveia",11818,10951.65,31010,"Diamantina",3,"Sudeste",0,"312760",4,11,0,11,2,9,0,0,0,0,0,11,0,11,2,9,8,9.30124540882432,9.37737907190562,0.467550976124634,30
"10990","MG","Gouveia",11818,10951.65,31010,"Diamantina",3,"Sudeste",0,"312760",5,6,2,4,1,5,0,0,0,0,0,6,2,4,1,5,7,9.30124540882432,9.37737907190562,0.433101153452898,31
"10991","MG","Gouveia",11818,10951.65,31010,"Diamantina",3,"Sudeste",0,"312760",6,14,5,9,3,11,0,0,0,0,0,14,5,9,3,11,3,9.30124540882432,9.37737907190562,0.417197465032512,30
"10992","MG","Gouveia",11818,10951.65,31010,"Diamantina",3,"Sudeste",0,"312760",7,17,3,14,5,12,0,0,0,0,0,17,3,14,5,12,9,9.30124540882432,9.37737907190562,0.388326811542696,29
"10993","MG","Governador Valadares",281046,22278.79,31037,"Governador Valadares",3,"Sudeste",1,"312770",2,495,81,414,172,323,1,0,0,0,0,496,81,414,172,323,157,10.0113903837693,12.5462736359859,0.303924991837402,29
"10994","MG","Governador Valadares",281046,22278.79,31037,"Governador Valadares",3,"Sudeste",1,"312770",3,441,84,357,148,293,1,0,0,0,0,442,84,357,148,293,199,10.0113903837693,12.5462736359859,0.400555579442113,31
"10995","MG","Governador Valadares",281046,22278.79,31037,"Governador Valadares",3,"Sudeste",1,"312770",4,291,64,227,106,185,5,0,0,0,0,296,64,227,106,185,171,10.0113903837693,12.5462736359859,0.432737359690301,30
"10996","MG","Governador Valadares",281046,22278.79,31037,"Governador Valadares",3,"Sudeste",1,"312770",5,343,77,266,134,209,4,0,0,0,0,347,77,266,134,209,210,10.0113903837693,12.5462736359859,0.3908969108907,31
"10997","MG","Governador Valadares",281046,22278.79,31037,"Governador Valadares",3,"Sudeste",1,"312770",6,327,59,268,114,213,2,0,0,0,0,329,59,268,114,213,204,10.0113903837693,12.5462736359859,0.379677321196955,30
"10998","MG","Governador Valadares",281046,22278.79,31037,"Governador Valadares",3,"Sudeste",1,"312770",7,323,42,281,111,212,4,0,0,0,0,327,42,281,111,212,265,10.0113903837693,12.5462736359859,0.39012878082177,29
"10999","MG","Grão Mogol",15890,39725.49,31008,"Grão Mogol",3,"Sudeste",0,"312780",2,25,9,16,8,17,0,0,0,0,0,25,9,16,8,17,8,10.5897483261306,9.67344525953076,0.307693509663273,29
"11000","MG","Grão Mogol",15890,39725.49,31008,"Grão Mogol",3,"Sudeste",0,"312780",3,17,5,12,8,9,0,0,0,0,0,17,5,12,8,9,4,10.5897483261306,9.67344525953076,0.385429765818459,31
"11001","MG","Grão Mogol",15890,39725.49,31008,"Grão Mogol",3,"Sudeste",0,"312780",4,13,5,8,4,9,0,0,0,0,0,13,5,8,4,9,9,10.5897483261306,9.67344525953076,0.406622467877854,30
"11002","MG","Grão Mogol",15890,39725.49,31008,"Grão Mogol",3,"Sudeste",0,"312780",5,20,4,16,8,12,0,0,0,0,0,20,4,16,8,12,6,10.5897483261306,9.67344525953076,0.38965183259773,31
"11003","MG","Grão Mogol",15890,39725.49,31008,"Grão Mogol",3,"Sudeste",0,"312780",6,8,3,5,4,4,1,0,0,0,0,9,3,5,4,4,10,10.5897483261306,9.67344525953076,0.383820667165642,30
"11004","MG","Grão Mogol",15890,39725.49,31008,"Grão Mogol",3,"Sudeste",0,"312780",7,13,4,9,3,10,0,0,0,0,0,13,4,9,3,10,16,10.5897483261306,9.67344525953076,0.396671526924505,29
"11005","MG","Guanhães",34573,20335.97,31035,"Guanhães",3,"Sudeste",0,"312800",2,36,6,30,13,23,0,0,0,0,0,36,6,30,13,23,25,9.92014651821178,10.4508283095959,0.319965835233322,29
"11006","MG","Guanhães",34573,20335.97,31035,"Guanhães",3,"Sudeste",0,"312800",3,36,8,28,10,26,0,0,0,0,0,36,8,28,10,26,15,9.92014651821178,10.4508283095959,0.417274440137483,31
"11007","MG","Guanhães",34573,20335.97,31035,"Guanhães",3,"Sudeste",0,"312800",4,30,7,23,9,21,0,0,0,0,0,30,7,23,9,21,18,9.92014651821178,10.4508283095959,0.441533461090951,30
"11008","MG","Guanhães",34573,20335.97,31035,"Guanhães",3,"Sudeste",0,"312800",5,40,9,31,15,25,1,0,0,0,0,41,9,31,15,25,13,9.92014651821178,10.4508283095959,0.408008861608968,31
"11009","MG","Guanhães",34573,20335.97,31035,"Guanhães",3,"Sudeste",0,"312800",6,34,9,25,11,23,2,0,0,0,0,36,9,25,11,23,18,9.92014651821178,10.4508283095959,0.38981978816257,30
"11010","MG","Guanhães",34573,20335.97,31035,"Guanhães",3,"Sudeste",0,"312800",7,37,6,31,5,32,0,0,0,0,0,37,6,31,5,32,20,9.92014651821178,10.4508283095959,0.396238960001038,29
"11011","MG","Guapé",14258,16671.12,31050,"Varginha",3,"Sudeste",0,"312810",2,21,9,12,6,15,0,0,0,0,0,21,9,12,6,15,7,9.72143316005061,9.56507343167757,0.275727411657934,29
"11012","MG","Guapé",14258,16671.12,31050,"Varginha",3,"Sudeste",0,"312810",3,28,5,23,9,19,0,0,0,0,0,28,5,23,9,19,14,9.72143316005061,9.56507343167757,0.338324706178987,31
"11013","MG","Guapé",14258,16671.12,31050,"Varginha",3,"Sudeste",0,"312810",4,12,5,7,4,8,0,0,0,0,0,12,5,7,4,8,12,9.72143316005061,9.56507343167757,0.37633725454719,30
"11014","MG","Guapé",14258,16671.12,31050,"Varginha",3,"Sudeste",0,"312810",5,12,3,9,5,7,0,0,0,0,0,12,3,9,5,7,10,9.72143316005061,9.56507343167757,0.39898733549692,31
"11015","MG","Guapé",14258,16671.12,31050,"Varginha",3,"Sudeste",0,"312810",6,13,4,9,4,9,0,0,0,0,0,13,4,9,4,9,10,9.72143316005061,9.56507343167757,0.383527231814589,30
"11016","MG","Guapé",14258,16671.12,31050,"Varginha",3,"Sudeste",0,"312810",7,4,1,3,0,4,0,0,0,0,0,4,1,3,0,4,9,9.72143316005061,9.56507343167757,0.399891711154963,29
"11017","MG","Guaranésia",19017,23027.55,31048,"São Sebastião do Paraíso",3,"Sudeste",1,"312830",2,41,12,29,16,25,0,0,0,0,0,41,12,29,16,25,15,10.0444466041769,9.85308859495228,0.314469993635246,29
"11018","MG","Guaranésia",19017,23027.55,31048,"São Sebastião do Paraíso",3,"Sudeste",1,"312830",3,26,10,16,6,20,0,0,0,0,0,26,10,16,6,20,11,10.0444466041769,9.85308859495228,0.408472732704432,31
"11019","MG","Guaranésia",19017,23027.55,31048,"São Sebastião do Paraíso",3,"Sudeste",1,"312830",4,16,4,12,4,12,0,0,0,0,0,16,4,12,4,12,14,10.0444466041769,9.85308859495228,0.451700882210956,30
"11020","MG","Guaranésia",19017,23027.55,31048,"São Sebastião do Paraíso",3,"Sudeste",1,"312830",5,24,3,21,12,12,0,0,0,0,0,24,3,21,12,12,11,10.0444466041769,9.85308859495228,0.389230277951454,31
"11021","MG","Guaranésia",19017,23027.55,31048,"São Sebastião do Paraíso",3,"Sudeste",1,"312830",6,32,10,22,11,21,0,0,0,0,0,32,10,22,11,21,17,10.0444466041769,9.85308859495228,0.376709602014387,30
"11022","MG","Guaranésia",19017,23027.55,31048,"São Sebastião do Paraíso",3,"Sudeste",1,"312830",7,16,5,11,7,9,0,0,0,0,0,16,5,11,7,9,15,10.0444466041769,9.85308859495228,0.407493975521061,29
"11023","MG","Guarani",8918,14096.53,31064,"Ubá",3,"Sudeste",0,"312840",2,11,4,7,2,9,0,0,0,0,0,11,4,7,2,9,2,9.55368394678808,9.09582698518742,0.284433395061679,29
"11024","MG","Guarani",8918,14096.53,31064,"Ubá",3,"Sudeste",0,"312840",3,14,6,8,2,12,0,0,0,0,0,14,6,8,2,12,10,9.55368394678808,9.09582698518742,0.391729281358263,31
"11025","MG","Guarani",8918,14096.53,31064,"Ubá",3,"Sudeste",0,"312840",4,11,6,5,2,9,0,0,0,0,0,11,6,5,2,9,6,9.55368394678808,9.09582698518742,0.456149631958324,30
"11026","MG","Guarani",8918,14096.53,31064,"Ubá",3,"Sudeste",0,"312840",5,8,4,4,5,3,0,0,0,0,0,8,4,4,5,3,8,9.55368394678808,9.09582698518742,0.425158273562605,31
"11027","MG","Guarani",8918,14096.53,31064,"Ubá",3,"Sudeste",0,"312840",6,7,1,6,2,5,1,0,0,0,0,8,1,6,2,5,9,9.55368394678808,9.09582698518742,0.393743347406348,30
"11028","MG","Guarani",8918,14096.53,31064,"Ubá",3,"Sudeste",0,"312840",7,3,1,2,2,1,0,0,0,0,0,3,1,2,2,1,6,9.55368394678808,9.09582698518742,0.405967954950864,29
"11029","MG","Guarda-Mor",6569,56186.8,31002,"Paracatu",3,"Sudeste",0,"312860",2,12,5,7,3,9,0,0,0,0,0,12,5,7,3,9,2,10.9364371328494,8.79011689289247,0.300097333540432,29
"11030","MG","Guarda-Mor",6569,56186.8,31002,"Paracatu",3,"Sudeste",0,"312860",3,14,4,10,4,10,0,0,0,0,0,14,4,10,4,10,2,10.9364371328494,8.79011689289247,0.387504423098038,31
"11031","MG","Guarda-Mor",6569,56186.8,31002,"Paracatu",3,"Sudeste",0,"312860",4,7,1,6,3,4,1,0,0,0,0,8,1,6,3,4,4,10.9364371328494,8.79011689289247,0.40184636836049,30
"11032","MG","Guarda-Mor",6569,56186.8,31002,"Paracatu",3,"Sudeste",0,"312860",5,6,1,5,3,3,0,0,0,0,0,6,1,5,3,3,3,10.9364371328494,8.79011689289247,0.371466200380271,31
"11033","MG","Guarda-Mor",6569,56186.8,31002,"Paracatu",3,"Sudeste",0,"312860",6,3,1,2,0,3,0,0,0,0,0,3,1,2,0,3,3,10.9364371328494,8.79011689289247,0.362007481000417,30
"11034","MG","Guarda-Mor",6569,56186.8,31002,"Paracatu",3,"Sudeste",0,"312860",7,6,3,3,3,3,0,0,0,0,0,6,3,3,3,3,2,10.9364371328494,8.79011689289247,0.366986738204782,29
"11035","MG","Guaxupé",52078,38992.83,31048,"São Sebastião do Paraíso",3,"Sudeste",1,"312870",2,67,19,48,20,47,0,0,0,0,0,67,19,48,20,47,39,10.5711330620562,10.8604978736873,0.312845105639699,29
"11036","MG","Guaxupé",52078,38992.83,31048,"São Sebastião do Paraíso",3,"Sudeste",1,"312870",3,80,14,66,21,59,0,0,0,0,0,80,14,66,21,59,35,10.5711330620562,10.8604978736873,0.398391261414458,31
"11037","MG","Guaxupé",52078,38992.83,31048,"São Sebastião do Paraíso",3,"Sudeste",1,"312870",4,64,14,50,19,45,1,0,0,0,0,65,14,50,19,45,38,10.5711330620562,10.8604978736873,0.443454672243919,30
"11038","MG","Guaxupé",52078,38992.83,31048,"São Sebastião do Paraíso",3,"Sudeste",1,"312870",5,49,5,44,11,38,1,0,0,0,0,50,5,44,11,38,46,10.5711330620562,10.8604978736873,0.394281484990902,31
"11039","MG","Guaxupé",52078,38992.83,31048,"São Sebastião do Paraíso",3,"Sudeste",1,"312870",6,36,6,30,13,23,1,0,0,0,0,37,6,30,13,23,45,10.5711330620562,10.8604978736873,0.373004653273295,30
"11040","MG","Guaxupé",52078,38992.83,31048,"São Sebastião do Paraíso",3,"Sudeste",1,"312870",7,56,8,48,19,37,0,0,0,0,0,56,8,48,19,37,31,10.5711330620562,10.8604978736873,0.371115256311377,29
"11041","MG","Guidoval",7051,12745.91,31064,"Ubá",3,"Sudeste",0,"312880",2,7,2,5,1,6,0,0,0,0,0,7,2,5,1,6,9,9.45296571481055,8.86092472971904,0.335265842833646,29
"11042","MG","Guidoval",7051,12745.91,31064,"Ubá",3,"Sudeste",0,"312880",3,12,5,7,6,6,0,0,0,0,0,12,5,7,6,6,3,9.45296571481055,8.86092472971904,0.41472151130246,31
"11043","MG","Guidoval",7051,12745.91,31064,"Ubá",3,"Sudeste",0,"312880",4,7,3,4,6,1,0,0,0,0,0,7,3,4,6,1,0,9.45296571481055,8.86092472971904,0.445074719529771,30
"11044","MG","Guidoval",7051,12745.91,31064,"Ubá",3,"Sudeste",0,"312880",5,9,3,6,1,8,0,0,0,0,0,9,3,6,1,8,6,9.45296571481055,8.86092472971904,0.440559857889161,31
"11045","MG","Guidoval",7051,12745.91,31064,"Ubá",3,"Sudeste",0,"312880",6,6,3,3,5,1,1,0,0,0,0,7,3,3,5,1,9,9.45296571481055,8.86092472971904,0.398089924094671,30
"11046","MG","Guidoval",7051,12745.91,31064,"Ubá",3,"Sudeste",0,"312880",7,14,5,9,6,8,0,0,0,0,0,14,5,9,6,8,6,9.45296571481055,8.86092472971904,0.411594800474238,29
"11047","MG","Guimarânia",8105,19467.38,31020,"Patos de Minas",3,"Sudeste",0,"312890",2,21,7,14,7,14,0,0,0,0,0,21,7,14,7,14,6,9.87649552331246,9.00023643416978,0.281857767307682,29
"11048","MG","Guimarânia",8105,19467.38,31020,"Patos de Minas",3,"Sudeste",0,"312890",3,24,10,14,11,13,1,0,0,0,0,25,10,14,11,13,12,9.87649552331246,9.00023643416978,0.39008516535517,31
"11049","MG","Guimarânia",8105,19467.38,31020,"Patos de Minas",3,"Sudeste",0,"312890",4,10,4,6,3,7,0,0,0,0,0,10,4,6,3,7,6,9.87649552331246,9.00023643416978,0.397922310238146,30
"11050","MG","Guimarânia",8105,19467.38,31020,"Patos de Minas",3,"Sudeste",0,"312890",5,10,3,7,5,5,0,0,0,0,0,10,3,7,5,5,7,9.87649552331246,9.00023643416978,0.365774521216588,31
"11051","MG","Guimarânia",8105,19467.38,31020,"Patos de Minas",3,"Sudeste",0,"312890",6,15,7,8,5,10,0,0,0,0,0,15,7,8,5,10,4,9.87649552331246,9.00023643416978,0.363741977566546,30
"11052","MG","Guimarânia",8105,19467.38,31020,"Patos de Minas",3,"Sudeste",0,"312890",7,12,6,6,5,7,0,0,0,0,0,12,6,6,5,7,2,9.87649552331246,9.00023643416978,0.387240208089171,29
"11053","MG","Iapu",11045,9142.32,31040,"Caratinga",3,"Sudeste",0,"312930",2,19,6,13,12,7,0,0,0,0,0,19,6,13,12,7,1,9.12066946156065,9.30973311585422,0.333654840367984,29
"11054","MG","Iapu",11045,9142.32,31040,"Caratinga",3,"Sudeste",0,"312930",3,18,10,8,10,8,0,0,0,0,0,18,10,8,10,8,6,9.12066946156065,9.30973311585422,0.409091789125917,31
"11055","MG","Iapu",11045,9142.32,31040,"Caratinga",3,"Sudeste",0,"312930",4,10,0,10,6,4,0,0,0,0,0,10,0,10,6,4,3,9.12066946156065,9.30973311585422,0.399469147630615,30
"11056","MG","Iapu",11045,9142.32,31040,"Caratinga",3,"Sudeste",0,"312930",5,9,2,7,3,6,0,0,0,0,0,9,2,7,3,6,5,9.12066946156065,9.30973311585422,0.397898364468267,31
"11057","MG","Iapu",11045,9142.32,31040,"Caratinga",3,"Sudeste",0,"312930",6,13,5,8,5,8,0,0,0,0,0,13,5,8,5,8,7,9.12066946156065,9.30973311585422,0.398900733838098,30
"11058","MG","Iapu",11045,9142.32,31040,"Caratinga",3,"Sudeste",0,"312930",7,14,1,13,6,8,0,0,0,0,0,14,1,13,6,8,10,9.12066946156065,9.30973311585422,0.389099998834212,29
"11059","MG","Ibiá",25358,40152.39,31023,"Araxá",3,"Sudeste",1,"312950",2,32,16,16,16,16,0,0,0,0,0,32,16,16,16,16,15,10.6004372443779,10.1408495410879,0.322850928141116,29
"11060","MG","Ibiá",25358,40152.39,31023,"Araxá",3,"Sudeste",1,"312950",3,56,16,40,28,28,0,0,0,0,0,56,16,40,28,28,8,10.6004372443779,10.1408495410879,0.409835931981406,31
"11061","MG","Ibiá",25358,40152.39,31023,"Araxá",3,"Sudeste",1,"312950",4,27,7,20,13,14,0,0,0,0,0,27,7,20,13,14,14,10.6004372443779,10.1408495410879,0.409909537666126,30
"11062","MG","Ibiá",25358,40152.39,31023,"Araxá",3,"Sudeste",1,"312950",5,20,6,14,8,12,1,0,0,0,0,21,6,14,8,12,18,10.6004372443779,10.1408495410879,0.404954807001834,31
"11063","MG","Ibiá",25358,40152.39,31023,"Araxá",3,"Sudeste",1,"312950",6,20,4,16,10,10,0,0,0,0,0,20,4,16,10,10,17,10.6004372443779,10.1408495410879,0.394141178074175,30
"11064","MG","Ibiá",25358,40152.39,31023,"Araxá",3,"Sudeste",1,"312950",7,15,5,10,4,11,1,0,0,0,0,16,5,10,4,11,10,10.6004372443779,10.1408495410879,0.392820650507639,29
"11065","MG","Ibiaí",8437,8097.31,31006,"Pirapora",3,"Sudeste",0,"312960",2,7,4,3,2,5,0,0,0,0,0,7,4,3,2,5,2,8.99928718673809,9.04038207416563,0.278447356969993,29
"11066","MG","Ibiaí",8437,8097.31,31006,"Pirapora",3,"Sudeste",0,"312960",3,6,2,4,4,2,0,0,0,0,0,6,2,4,4,2,2,8.99928718673809,9.04038207416563,0.36156401206457,31
"11067","MG","Ibiaí",8437,8097.31,31006,"Pirapora",3,"Sudeste",0,"312960",4,8,1,7,3,5,0,0,0,0,0,8,1,7,3,5,4,8.99928718673809,9.04038207416563,0.372956909330013,30
"11068","MG","Ibiaí",8437,8097.31,31006,"Pirapora",3,"Sudeste",0,"312960",5,13,6,7,7,6,0,0,0,0,0,13,6,7,7,6,1,8.99928718673809,9.04038207416563,0.353414265063142,31
"11069","MG","Ibiaí",8437,8097.31,31006,"Pirapora",3,"Sudeste",0,"312960",6,9,3,6,4,5,0,0,0,0,0,9,3,6,4,5,10,8.99928718673809,9.04038207416563,0.331467771318121,30
"11070","MG","Ibiaí",8437,8097.31,31006,"Pirapora",3,"Sudeste",0,"312960",7,4,0,4,2,2,0,0,0,0,0,4,0,4,2,2,2,8.99928718673809,9.04038207416563,0.346317694277235,29
"11071","MG","Ibiraci",13986,39083.36,31047,"Passos",3,"Sudeste",0,"312970",2,19,4,15,10,9,0,0,0,0,0,19,4,15,10,9,3,10.573452079943,9.54581210826381,0.349950578253889,29
"11072","MG","Ibiraci",13986,39083.36,31047,"Passos",3,"Sudeste",0,"312970",3,20,3,17,9,11,0,0,0,0,0,20,3,17,9,11,5,10.573452079943,9.54581210826381,0.436864719482762,31
"11073","MG","Ibiraci",13986,39083.36,31047,"Passos",3,"Sudeste",0,"312970",4,15,5,10,5,10,0,0,0,0,0,15,5,10,5,10,4,10.573452079943,9.54581210826381,0.454963182381625,30
"11074","MG","Ibiraci",13986,39083.36,31047,"Passos",3,"Sudeste",0,"312970",5,11,1,10,5,6,0,0,0,0,0,11,1,10,5,6,6,10.573452079943,9.54581210826381,0.463850114440879,31
"11075","MG","Ibiraci",13986,39083.36,31047,"Passos",3,"Sudeste",0,"312970",6,15,6,9,2,13,0,0,0,0,0,15,6,9,2,13,11,10.573452079943,9.54581210826381,0.478629118105941,30
"11076","MG","Ibiraci",13986,39083.36,31047,"Passos",3,"Sudeste",0,"312970",7,11,5,6,6,5,0,0,0,0,0,11,5,6,6,5,7,10.573452079943,9.54581210826381,0.479090327102031,29
"11077","MG","Ibirité",182153,12599.35,31030,"Belo Horizonte",3,"Sudeste",1,"312980",2,353,58,295,126,227,3,0,0,0,0,356,58,295,126,227,74,9.44140050430731,12.1126022722434,0.294507509714169,29
"11078","MG","Ibirité",182153,12599.35,31030,"Belo Horizonte",3,"Sudeste",1,"312980",3,338,64,274,122,216,3,0,0,0,0,341,64,274,122,216,87,9.44140050430731,12.1126022722434,0.377134990211173,31
"11079","MG","Ibirité",182153,12599.35,31030,"Belo Horizonte",3,"Sudeste",1,"312980",4,187,26,161,63,124,5,0,0,0,0,192,26,161,63,124,72,9.44140050430731,12.1126022722434,0.429958578260373,30
"11080","MG","Ibirité",182153,12599.35,31030,"Belo Horizonte",3,"Sudeste",1,"312980",5,186,37,149,80,106,2,0,0,0,0,188,37,149,80,106,73,9.44140050430731,12.1126022722434,0.387315105858524,31
"11081","MG","Ibirité",182153,12599.35,31030,"Belo Horizonte",3,"Sudeste",1,"312980",6,193,34,159,78,115,2,0,0,0,0,195,34,159,78,115,75,9.44140050430731,12.1126022722434,0.362347893608623,30
"11082","MG","Ibirité",182153,12599.35,31030,"Belo Horizonte",3,"Sudeste",1,"312980",7,215,41,174,74,141,5,0,0,0,0,220,41,174,74,141,114,9.44140050430731,12.1126022722434,0.375954556466851,29
"11083","MG","Igarapé",43817,16245.12,31030,"Belo Horizonte",3,"Sudeste",1,"313010",2,91,16,75,31,60,2,0,0,0,0,93,16,75,31,60,21,9.69554783496419,10.6877771489163,0.289992915322992,29
"11084","MG","Igarapé",43817,16245.12,31030,"Belo Horizonte",3,"Sudeste",1,"313010",3,86,17,69,26,60,0,0,0,0,0,86,17,69,26,60,16,9.69554783496419,10.6877771489163,0.371240179129622,31
"11085","MG","Igarapé",43817,16245.12,31030,"Belo Horizonte",3,"Sudeste",1,"313010",4,58,11,47,22,36,0,0,0,0,0,58,11,47,22,36,22,9.69554783496419,10.6877771489163,0.4185650111854,30
"11086","MG","Igarapé",43817,16245.12,31030,"Belo Horizonte",3,"Sudeste",1,"313010",5,50,9,41,15,35,0,0,0,0,0,50,9,41,15,35,16,9.69554783496419,10.6877771489163,0.376171989034943,31
"11087","MG","Igarapé",43817,16245.12,31030,"Belo Horizonte",3,"Sudeste",1,"313010",6,48,14,34,21,27,2,0,0,0,0,50,14,34,21,27,14,9.69554783496419,10.6877771489163,0.344701989955319,30
"11088","MG","Igarapé",43817,16245.12,31030,"Belo Horizonte",3,"Sudeste",1,"313010",7,55,14,41,19,36,1,0,0,0,0,56,14,41,19,36,38,9.69554783496419,10.6877771489163,0.352631897828959,29
"11089","MG","Igaratinga",11005,34889.03,31043,"Divinópolis",3,"Sudeste",0,"313020",2,24,4,20,11,13,0,0,0,0,0,24,4,20,11,13,3,10.459927732132,9.30610499396056,0.278344637126294,29
"11090","MG","Igaratinga",11005,34889.03,31043,"Divinópolis",3,"Sudeste",0,"313020",3,19,4,15,7,12,0,0,0,0,0,19,4,15,7,12,2,10.459927732132,9.30610499396056,0.360816639250761,31
"11091","MG","Igaratinga",11005,34889.03,31043,"Divinópolis",3,"Sudeste",0,"313020",4,11,3,8,7,4,0,0,0,0,0,11,3,8,7,4,4,10.459927732132,9.30610499396056,0.38198970580344,30
"11092","MG","Igaratinga",11005,34889.03,31043,"Divinópolis",3,"Sudeste",0,"313020",5,8,2,6,1,7,0,0,0,0,0,8,2,6,1,7,5,10.459927732132,9.30610499396056,0.372344403149376,31
"11093","MG","Igaratinga",11005,34889.03,31043,"Divinópolis",3,"Sudeste",0,"313020",6,13,4,9,4,9,0,0,0,0,0,13,4,9,4,9,6,10.459927732132,9.30610499396056,0.33468512600047,30
"11094","MG","Igaratinga",11005,34889.03,31043,"Divinópolis",3,"Sudeste",0,"313020",7,19,4,15,7,12,0,0,0,0,0,19,4,15,7,12,6,10.459927732132,9.30610499396056,0.33809511168541,29
"11095","MG","Iguatama",7923,39499.43,31042,"Piuí",3,"Sudeste",0,"313030",2,4,1,3,0,4,0,0,0,0,0,4,1,3,0,4,3,10.5840415204053,8.97752520096524,0.294918195103011,29
"11096","MG","Iguatama",7923,39499.43,31042,"Piuí",3,"Sudeste",0,"313030",3,15,5,10,5,10,0,0,0,0,0,15,5,10,5,10,2,10.5840415204053,8.97752520096524,0.366561310027597,31
"11097","MG","Iguatama",7923,39499.43,31042,"Piuí",3,"Sudeste",0,"313030",4,9,2,7,4,5,0,0,0,0,0,9,2,7,4,5,3,10.5840415204053,8.97752520096524,0.409858308483703,30
"11098","MG","Iguatama",7923,39499.43,31042,"Piuí",3,"Sudeste",0,"313030",5,2,1,1,1,1,0,0,0,0,0,2,1,1,1,1,13,10.5840415204053,8.97752520096524,0.396067356206777,31
"11099","MG","Iguatama",7923,39499.43,31042,"Piuí",3,"Sudeste",0,"313030",6,6,2,4,2,4,0,0,0,0,0,6,2,4,2,4,1,10.5840415204053,8.97752520096524,0.347072068599217,30
"11100","MG","Iguatama",7923,39499.43,31042,"Piuí",3,"Sudeste",0,"313030",7,3,1,2,0,3,0,0,0,0,0,3,1,2,0,3,5,10.5840415204053,8.97752520096524,0.371559381052039,29
"11101","MG","Ilicínea",12444,15260.36,31050,"Varginha",3,"Sudeste",0,"313050",2,16,3,13,8,8,0,0,0,0,0,16,3,13,8,8,3,9.63301389564799,9.42899385801753,0.290181951490591,29
"11102","MG","Ilicínea",12444,15260.36,31050,"Varginha",3,"Sudeste",0,"313050",3,14,2,12,7,7,0,0,0,0,0,14,2,12,7,7,6,9.63301389564799,9.42899385801753,0.3393153645372,31
"11103","MG","Ilicínea",12444,15260.36,31050,"Varginha",3,"Sudeste",0,"313050",4,8,1,7,4,4,0,0,0,0,0,8,1,7,4,4,2,9.63301389564799,9.42899385801753,0.369598309374029,30
"11104","MG","Ilicínea",12444,15260.36,31050,"Varginha",3,"Sudeste",0,"313050",5,13,6,7,5,8,1,0,0,0,0,14,6,7,5,8,8,9.63301389564799,9.42899385801753,0.377032168174484,31
"11105","MG","Ilicínea",12444,15260.36,31050,"Varginha",3,"Sudeste",0,"313050",6,14,2,12,6,8,0,0,0,0,0,14,2,12,6,8,8,9.63301389564799,9.42899385801753,0.37065092646328,30
"11106","MG","Ilicínea",12444,15260.36,31050,"Varginha",3,"Sudeste",0,"313050",7,19,3,16,9,10,0,0,0,0,0,19,3,16,9,10,16,9.63301389564799,9.42899385801753,0.384763387172593,29
"11107","MG","Inconfidentes",7358,13437.51,31051,"Poços de Caldas",3,"Sudeste",0,"313060",2,3,0,3,0,3,0,0,0,0,0,3,0,3,0,3,6,9.50580532905579,8.90354343566472,0.308310524022979,29
"11108","MG","Inconfidentes",7358,13437.51,31051,"Poços de Caldas",3,"Sudeste",0,"313060",3,3,2,1,1,2,0,0,0,0,0,3,2,1,1,2,4,9.50580532905579,8.90354343566472,0.401075192413017,31
"11109","MG","Inconfidentes",7358,13437.51,31051,"Poços de Caldas",3,"Sudeste",0,"313060",4,8,4,4,3,5,0,0,0,0,0,8,4,4,3,5,3,9.50580532905579,8.90354343566472,0.46728471639649,30
"11110","MG","Inconfidentes",7358,13437.51,31051,"Poços de Caldas",3,"Sudeste",0,"313060",5,10,1,9,2,8,0,0,0,0,0,10,1,9,2,8,3,9.50580532905579,8.90354343566472,0.455653197464174,31
"11111","MG","Inconfidentes",7358,13437.51,31051,"Poços de Caldas",3,"Sudeste",0,"313060",6,7,4,3,0,7,0,0,0,0,0,7,4,3,0,7,5,9.50580532905579,8.90354343566472,0.400618101925884,30
"11112","MG","Inconfidentes",7358,13437.51,31051,"Poços de Caldas",3,"Sudeste",0,"313060",7,7,0,7,3,4,0,0,0,0,0,7,0,7,3,4,4,9.50580532905579,8.90354343566472,0.423377819249083,29
"11113","MG","Indianópolis",6951,63068.38,31018,"Uberlândia",3,"Sudeste",0,"313070",2,3,1,2,2,1,0,0,0,0,0,3,1,2,2,1,2,11.0519748135818,8.84664081310049,0.328566897865754,29
"11114","MG","Indianópolis",6951,63068.38,31018,"Uberlândia",3,"Sudeste",0,"313070",3,3,0,3,2,1,0,0,0,0,0,3,0,3,2,1,2,11.0519748135818,8.84664081310049,0.413406877638356,31
"11115","MG","Indianópolis",6951,63068.38,31018,"Uberlândia",3,"Sudeste",0,"313070",4,2,1,1,1,1,0,0,0,0,0,2,1,1,1,1,2,11.0519748135818,8.84664081310049,0.438568816612364,30
"11116","MG","Indianópolis",6951,63068.38,31018,"Uberlândia",3,"Sudeste",0,"313070",5,3,1,2,2,1,0,0,0,0,0,3,1,2,2,1,2,11.0519748135818,8.84664081310049,0.439446544876408,31
"11117","MG","Indianópolis",6951,63068.38,31018,"Uberlândia",3,"Sudeste",0,"313070",6,7,2,5,4,3,0,0,0,0,0,7,2,5,4,3,5,11.0519748135818,8.84664081310049,0.430819094429201,30
"11118","MG","Indianópolis",6951,63068.38,31018,"Uberlândia",3,"Sudeste",0,"313070",7,2,0,2,2,0,0,0,0,0,0,2,0,2,2,0,3,11.0519748135818,8.84664081310049,0.443697336475658,29
"11119","MG","Inhapim",24079,12610.26,31040,"Caratinga",3,"Sudeste",0,"313090",2,44,12,32,16,28,0,0,0,0,0,44,12,32,16,28,11,9.44226604730311,10.0890953703212,0.333692731595168,29
"11120","MG","Inhapim",24079,12610.26,31040,"Caratinga",3,"Sudeste",0,"313090",3,36,7,29,17,19,1,0,0,0,0,37,7,29,17,19,16,9.44226604730311,10.0890953703212,0.438625346107411,31
"11121","MG","Inhapim",24079,12610.26,31040,"Caratinga",3,"Sudeste",0,"313090",4,17,5,12,3,14,1,0,0,0,0,18,5,12,3,14,12,9.44226604730311,10.0890953703212,0.444566254345401,30
"11122","MG","Inhapim",24079,12610.26,31040,"Caratinga",3,"Sudeste",0,"313090",5,29,7,22,10,19,2,0,0,0,0,31,7,22,10,19,6,9.44226604730311,10.0890953703212,0.420692389670303,31
"11123","MG","Inhapim",24079,12610.26,31040,"Caratinga",3,"Sudeste",0,"313090",6,24,8,16,7,17,0,0,0,0,0,24,8,16,7,17,15,9.44226604730311,10.0890953703212,0.419011382125266,30
"11124","MG","Inhapim",24079,12610.26,31040,"Caratinga",3,"Sudeste",0,"313090",7,24,5,19,8,16,0,0,0,0,0,24,5,19,8,16,21,9.44226604730311,10.0890953703212,0.421697034036684,29
"11125","MG","Inhaúma",6312,18064.01,31027,"Sete Lagoas",3,"Sudeste",1,"313100",2,7,1,6,2,5,0,0,0,0,0,7,1,6,2,5,4,9.80167683997654,8.75020786252571,0.327992973135408,29
"11126","MG","Inhaúma",6312,18064.01,31027,"Sete Lagoas",3,"Sudeste",1,"313100",3,3,1,2,1,2,0,0,0,0,0,3,1,2,1,2,5,9.80167683997654,8.75020786252571,0.420920215155104,31
"11127","MG","Inhaúma",6312,18064.01,31027,"Sete Lagoas",3,"Sudeste",1,"313100",4,6,2,4,2,4,0,0,0,0,0,6,2,4,2,4,3,9.80167683997654,8.75020786252571,0.440793615187988,30
"11128","MG","Inhaúma",6312,18064.01,31027,"Sete Lagoas",3,"Sudeste",1,"313100",5,5,3,2,2,3,0,0,0,0,0,5,3,2,2,3,3,9.80167683997654,8.75020786252571,0.386738079662719,31
"11129","MG","Inhaúma",6312,18064.01,31027,"Sete Lagoas",3,"Sudeste",1,"313100",6,7,1,6,3,4,0,0,0,0,0,7,1,6,3,4,3,9.80167683997654,8.75020786252571,0.342405414935421,30
"11130","MG","Inhaúma",6312,18064.01,31027,"Sete Lagoas",3,"Sudeste",1,"313100",7,5,0,5,0,5,0,0,0,0,0,5,0,5,0,5,3,9.80167683997654,8.75020786252571,0.376010859743373,29
"11131","MG","Ipaba",18769,8130.98,31040,"Caratinga",3,"Sudeste",1,"313115",2,28,7,21,10,18,0,0,0,0,0,28,7,21,10,18,5,9.00343673648276,9.83996185165625,0.336341674406395,29
"11132","MG","Ipaba",18769,8130.98,31040,"Caratinga",3,"Sudeste",1,"313115",3,33,9,24,12,21,0,0,0,0,0,33,9,24,12,21,11,9.00343673648276,9.83996185165625,0.422218942144358,31
"11133","MG","Ipaba",18769,8130.98,31040,"Caratinga",3,"Sudeste",1,"313115",4,16,2,14,9,7,1,0,0,0,0,17,2,14,9,7,7,9.00343673648276,9.83996185165625,0.449635071125371,30
"11134","MG","Ipaba",18769,8130.98,31040,"Caratinga",3,"Sudeste",1,"313115",5,29,9,20,11,18,0,0,0,0,0,29,9,20,11,18,5,9.00343673648276,9.83996185165625,0.406362421940672,31
"11135","MG","Ipaba",18769,8130.98,31040,"Caratinga",3,"Sudeste",1,"313115",6,24,5,19,9,15,0,0,0,0,0,24,5,19,9,15,11,9.00343673648276,9.83996185165625,0.431883540860486,30
"11136","MG","Ipaba",18769,8130.98,31040,"Caratinga",3,"Sudeste",1,"313115",7,28,5,23,15,13,0,0,0,0,0,28,5,23,15,13,12,9.00343673648276,9.83996185165625,0.423177588683982,29
"11137","MG","Ipanema",20000,10795.26,31041,"Aimorés",3,"Sudeste",1,"313120",2,29,10,19,14,15,0,0,0,0,0,29,10,19,14,15,13,9.2868624278835,9.90348755253613,0.309881335599553,29
"11138","MG","Ipanema",20000,10795.26,31041,"Aimorés",3,"Sudeste",1,"313120",3,42,15,27,17,25,0,0,0,0,0,42,15,27,17,25,15,9.2868624278835,9.90348755253613,0.414895629070501,31
"11139","MG","Ipanema",20000,10795.26,31041,"Aimorés",3,"Sudeste",1,"313120",4,26,11,15,14,12,0,0,0,0,0,26,11,15,14,12,12,9.2868624278835,9.90348755253613,0.417713605648706,30
"11140","MG","Ipanema",20000,10795.26,31041,"Aimorés",3,"Sudeste",1,"313120",5,19,9,10,6,13,0,0,0,0,0,19,9,10,6,13,17,9.2868624278835,9.90348755253613,0.410384137730625,31
"11141","MG","Ipanema",20000,10795.26,31041,"Aimorés",3,"Sudeste",1,"313120",6,19,4,15,8,11,1,0,0,0,0,20,4,15,8,11,11,9.2868624278835,9.90348755253613,0.407016800550173,30
"11142","MG","Ipanema",20000,10795.26,31041,"Aimorés",3,"Sudeste",1,"313120",7,21,7,14,12,9,0,0,0,0,0,21,7,14,12,9,19,9.2868624278835,9.90348755253613,0.413648114107056,29
"11143","MG","Ipatinga",265409,43757.66,31039,"Ipatinga",3,"Sudeste",1,"313130",2,405,42,363,114,291,4,0,0,0,0,409,42,363,114,291,103,10.6864219621743,12.4890273113829,0.303886097723275,29
"11144","MG","Ipatinga",265409,43757.66,31039,"Ipatinga",3,"Sudeste",1,"313130",3,414,70,344,121,293,4,0,0,0,0,418,70,344,121,293,117,10.6864219621743,12.4890273113829,0.406994696470736,31
"11145","MG","Ipatinga",265409,43757.66,31039,"Ipatinga",3,"Sudeste",1,"313130",4,254,46,208,77,177,3,0,0,0,0,257,46,208,77,177,100,10.6864219621743,12.4890273113829,0.445659893229064,30
"11146","MG","Ipatinga",265409,43757.66,31039,"Ipatinga",3,"Sudeste",1,"313130",5,269,40,229,70,199,0,0,0,0,0,269,40,229,70,199,110,10.6864219621743,12.4890273113829,0.400859670899571,31
"11147","MG","Ipatinga",265409,43757.66,31039,"Ipatinga",3,"Sudeste",1,"313130",6,248,39,209,71,177,1,0,0,0,0,249,39,209,71,177,170,10.6864219621743,12.4890273113829,0.396004803277507,30
"11148","MG","Ipatinga",265409,43757.66,31039,"Ipatinga",3,"Sudeste",1,"313130",7,233,37,196,70,163,2,0,0,0,0,235,37,196,70,163,184,10.6864219621743,12.4890273113829,0.389995613735471,29
"11149","MG","Ipuiúna",10118,13388.44,31052,"Pouso Alegre",3,"Sudeste",0,"313150",2,13,4,9,6,7,0,0,0,0,0,13,4,9,6,7,5,9.50214692704363,9.22207129485188,0.315060752529753,29
"11150","MG","Ipuiúna",10118,13388.44,31052,"Pouso Alegre",3,"Sudeste",0,"313150",3,5,1,4,3,2,0,0,0,0,0,5,1,4,3,2,9,9.50214692704363,9.22207129485188,0.412165587216411,31
"11151","MG","Ipuiúna",10118,13388.44,31052,"Pouso Alegre",3,"Sudeste",0,"313150",4,9,3,6,2,7,0,0,0,0,0,9,3,6,2,7,4,9.50214692704363,9.22207129485188,0.427728233551384,30
"11152","MG","Ipuiúna",10118,13388.44,31052,"Pouso Alegre",3,"Sudeste",0,"313150",5,7,2,5,4,3,1,0,0,0,0,8,2,5,4,3,5,9.50214692704363,9.22207129485188,0.389233563517599,31
"11153","MG","Ipuiúna",10118,13388.44,31052,"Pouso Alegre",3,"Sudeste",0,"313150",6,2,0,2,1,1,0,0,0,0,0,2,0,2,1,1,9,9.50214692704363,9.22207129485188,0.367177224967656,30
"11154","MG","Ipuiúna",10118,13388.44,31052,"Pouso Alegre",3,"Sudeste",0,"313150",7,8,1,7,3,5,0,0,0,0,0,8,1,7,3,5,7,9.50214692704363,9.22207129485188,0.362150962651508,29
"11155","MG","Iraí de Minas",7027,34482.02,31019,"Patrocínio",3,"Sudeste",0,"313160",2,11,5,6,3,8,0,0,0,0,0,11,5,6,3,8,7,10.4481933077484,8.8575151511922,0.338230518703789,29
"11156","MG","Iraí de Minas",7027,34482.02,31019,"Patrocínio",3,"Sudeste",0,"313160",3,13,2,11,5,8,0,0,0,0,0,13,2,11,5,8,3,10.4481933077484,8.8575151511922,0.369986456223749,31
"11157","MG","Iraí de Minas",7027,34482.02,31019,"Patrocínio",3,"Sudeste",0,"313160",4,8,3,5,4,4,0,0,0,0,0,8,3,5,4,4,3,10.4481933077484,8.8575151511922,0.409316175234715,30
"11158","MG","Iraí de Minas",7027,34482.02,31019,"Patrocínio",3,"Sudeste",0,"313160",5,12,4,8,8,4,0,0,0,0,0,12,4,8,8,4,3,10.4481933077484,8.8575151511922,0.370159345008199,31
"11159","MG","Iraí de Minas",7027,34482.02,31019,"Patrocínio",3,"Sudeste",0,"313160",6,8,2,6,1,7,0,0,0,0,0,8,2,6,1,7,7,10.4481933077484,8.8575151511922,0.373956166495312,30
"11160","MG","Iraí de Minas",7027,34482.02,31019,"Patrocínio",3,"Sudeste",0,"313160",7,9,4,5,3,6,0,0,0,0,0,9,4,5,3,6,5,10.4481933077484,8.8575151511922,0.361287577389783,29
"11161","MG","Itabira",120904,55544.11,31031,"Itabira",3,"Sudeste",1,"313170",2,99,7,92,28,71,0,0,0,0,0,99,7,92,28,71,64,10.9249327588431,11.70275212125,0.304017129088868,29
"11162","MG","Itabira",120904,55544.11,31031,"Itabira",3,"Sudeste",1,"313170",3,115,19,96,37,78,0,0,0,0,0,115,19,96,37,78,73,10.9249327588431,11.70275212125,0.40003558718923,31
"11163","MG","Itabira",120904,55544.11,31031,"Itabira",3,"Sudeste",1,"313170",4,96,5,91,27,69,1,0,0,0,0,97,5,91,27,69,43,10.9249327588431,11.70275212125,0.458202220269774,30
"11164","MG","Itabira",120904,55544.11,31031,"Itabira",3,"Sudeste",1,"313170",5,110,17,93,31,79,1,0,0,0,0,111,17,93,31,79,58,10.9249327588431,11.70275212125,0.41375553474027,31
"11165","MG","Itabira",120904,55544.11,31031,"Itabira",3,"Sudeste",1,"313170",6,116,14,102,33,83,1,0,0,0,0,117,14,102,33,83,64,10.9249327588431,11.70275212125,0.38557790885891,30
"11166","MG","Itabira",120904,55544.11,31031,"Itabira",3,"Sudeste",1,"313170",7,123,18,105,37,86,0,0,0,0,0,123,18,105,37,86,63,10.9249327588431,11.70275212125,0.388086019068718,29
"11167","MG","Itabirinha",11576,9841.24,31038,"Mantena",3,"Sudeste",0,"313180",2,15,7,8,4,11,0,0,0,0,0,15,7,8,4,11,14,9.19433699836708,9.35668926831132,0.302976586961267,29
"11168","MG","Itabirinha",11576,9841.24,31038,"Mantena",3,"Sudeste",0,"313180",3,7,0,7,3,4,0,0,0,0,0,7,0,7,3,4,5,9.19433699836708,9.35668926831132,0.348950541205718,31
"11169","MG","Itabirinha",11576,9841.24,31038,"Mantena",3,"Sudeste",0,"313180",4,13,2,11,3,10,0,0,0,0,0,13,2,11,3,10,5,9.19433699836708,9.35668926831132,0.389098398432376,30
"11170","MG","Itabirinha",11576,9841.24,31038,"Mantena",3,"Sudeste",0,"313180",5,17,5,12,7,10,0,0,0,0,0,17,5,12,7,10,5,9.19433699836708,9.35668926831132,0.363288645410507,31
"11171","MG","Itabirinha",11576,9841.24,31038,"Mantena",3,"Sudeste",0,"313180",6,11,5,6,6,5,0,0,0,0,0,11,5,6,6,5,9,9.19433699836708,9.35668926831132,0.396334417810919,30
"11172","MG","Itabirinha",11576,9841.24,31038,"Mantena",3,"Sudeste",0,"313180",7,12,2,10,7,5,0,0,0,0,0,12,2,10,7,5,6,9.19433699836708,9.35668926831132,0.380143349749437,29
"11173","MG","Itabirito",52446,97711.87,31033,"Ouro Preto",3,"Sudeste",1,"313190",2,101,16,85,32,69,0,0,0,0,0,101,16,85,32,69,21,11.4897783250216,10.8675393478085,0.2820439145992,29
"11174","MG","Itabirito",52446,97711.87,31033,"Ouro Preto",3,"Sudeste",1,"313190",3,99,17,82,33,66,0,0,0,0,0,99,17,82,33,66,28,11.4897783250216,10.8675393478085,0.368357780021473,31
"11175","MG","Itabirito",52446,97711.87,31033,"Ouro Preto",3,"Sudeste",1,"313190",4,63,11,52,18,45,0,0,0,0,0,63,11,52,18,45,25,11.4897783250216,10.8675393478085,0.412911980285222,30
"11176","MG","Itabirito",52446,97711.87,31033,"Ouro Preto",3,"Sudeste",1,"313190",5,60,5,55,21,39,0,0,0,0,0,60,5,55,21,39,20,11.4897783250216,10.8675393478085,0.367829033768402,31
"11177","MG","Itabirito",52446,97711.87,31033,"Ouro Preto",3,"Sudeste",1,"313190",6,73,15,58,26,47,0,0,0,0,0,73,15,58,26,47,17,11.4897783250216,10.8675393478085,0.346511676563245,30
"11178","MG","Itabirito",52446,97711.87,31033,"Ouro Preto",3,"Sudeste",1,"313190",7,64,8,56,20,44,1,0,0,0,0,65,8,56,20,44,40,11.4897783250216,10.8675393478085,0.352256986863667,29
"11179","MG","Itacarambi",18164,10521.6,31003,"Januária",3,"Sudeste",1,"313210",2,35,10,25,16,19,1,0,0,0,0,36,10,25,16,19,8,9.26118556598175,9.80719689221784,0.32140382903589,29
"11180","MG","Itacarambi",18164,10521.6,31003,"Januária",3,"Sudeste",1,"313210",3,30,8,22,13,17,0,0,0,0,0,30,8,22,13,17,6,9.26118556598175,9.80719689221784,0.412441074962888,31
"11181","MG","Itacarambi",18164,10521.6,31003,"Januária",3,"Sudeste",1,"313210",4,19,5,14,9,10,0,0,0,0,0,19,5,14,9,10,12,9.26118556598175,9.80719689221784,0.457469606306518,30
"11182","MG","Itacarambi",18164,10521.6,31003,"Januária",3,"Sudeste",1,"313210",5,32,9,23,13,19,0,0,0,0,0,32,9,23,13,19,11,9.26118556598175,9.80719689221784,0.418129310078108,31
"11183","MG","Itacarambi",18164,10521.6,31003,"Januária",3,"Sudeste",1,"313210",6,17,6,11,10,7,1,0,0,0,0,18,6,11,10,7,11,9.26118556598175,9.80719689221784,0.391661957917518,30
"11184","MG","Itacarambi",18164,10521.6,31003,"Januária",3,"Sudeste",1,"313210",7,30,4,26,19,11,1,0,0,0,0,31,4,26,19,11,14,9.26118556598175,9.80719689221784,0.426821167605251,29
"11185","MG","Itaguara",13435,20690.42,31032,"Itaguara",3,"Sudeste",0,"313220",2,18,3,15,3,15,0,0,0,0,0,18,3,15,3,15,7,9.93742607019523,9.50561852104959,0.299236482964956,29
"11186","MG","Itaguara",13435,20690.42,31032,"Itaguara",3,"Sudeste",0,"313220",3,33,12,21,13,20,0,0,0,0,0,33,12,21,13,20,5,9.93742607019523,9.50561852104959,0.396770072579846,31
"11187","MG","Itaguara",13435,20690.42,31032,"Itaguara",3,"Sudeste",0,"313220",4,18,4,14,4,14,0,0,0,0,0,18,4,14,4,14,6,9.93742607019523,9.50561852104959,0.427812501669122,30
"11188","MG","Itaguara",13435,20690.42,31032,"Itaguara",3,"Sudeste",0,"313220",5,21,6,15,6,15,1,0,0,0,0,22,6,15,6,15,6,9.93742607019523,9.50561852104959,0.397208277930785,31
"11189","MG","Itaguara",13435,20690.42,31032,"Itaguara",3,"Sudeste",0,"313220",6,15,2,13,2,13,0,0,0,0,0,15,2,13,2,13,7,9.93742607019523,9.50561852104959,0.365074866747401,30
"11190","MG","Itaguara",13435,20690.42,31032,"Itaguara",3,"Sudeste",0,"313220",7,8,1,7,1,7,1,0,0,0,0,9,1,7,1,7,9,9.93742607019523,9.50561852104959,0.369408134477383,29
"11191","MG","Itajubá",97334,31052.96,31056,"Itajubá",3,"Sudeste",1,"313240",2,158,24,134,56,102,0,0,0,0,0,158,24,134,56,102,60,10.3434494129307,11.4859036418739,0.322333087448644,29
"11192","MG","Itajubá",97334,31052.96,31056,"Itajubá",3,"Sudeste",1,"313240",3,158,21,137,50,108,0,0,0,0,0,158,21,137,50,108,50,10.3434494129307,11.4859036418739,0.428884841775487,31
"11193","MG","Itajubá",97334,31052.96,31056,"Itajubá",3,"Sudeste",1,"313240",4,83,9,74,19,64,0,0,0,0,0,83,9,74,19,64,58,10.3434494129307,11.4859036418739,0.487120410336025,30
"11194","MG","Itajubá",97334,31052.96,31056,"Itajubá",3,"Sudeste",1,"313240",5,94,8,86,25,69,0,0,0,0,0,94,8,86,25,69,53,10.3434494129307,11.4859036418739,0.444056671636715,31
"11195","MG","Itajubá",97334,31052.96,31056,"Itajubá",3,"Sudeste",1,"313240",6,105,10,95,37,68,1,0,0,0,0,106,10,95,37,68,57,10.3434494129307,11.4859036418739,0.413194608299097,30
"11196","MG","Itajubá",97334,31052.96,31056,"Itajubá",3,"Sudeste",1,"313240",7,91,18,73,20,71,1,0,0,0,0,92,18,73,20,71,70,10.3434494129307,11.4859036418739,0.409711584131471,29
"11197","MG","Itamarandiba",34936,14800.82,31011,"Capelinha",3,"Sudeste",0,"313250",2,70,21,49,21,49,0,0,0,0,0,70,21,49,21,49,12,9.60243786362279,10.4612730951654,0.304002783268457,29
"11198","MG","Itamarandiba",34936,14800.82,31011,"Capelinha",3,"Sudeste",0,"313250",3,66,19,47,23,43,0,0,0,0,0,66,19,47,23,43,16,9.60243786362279,10.4612730951654,0.385187548472168,31
"11199","MG","Itamarandiba",34936,14800.82,31011,"Capelinha",3,"Sudeste",0,"313250",4,19,3,16,8,11,0,0,0,0,0,19,3,16,8,11,20,9.60243786362279,10.4612730951654,0.412895517123885,30
"11200","MG","Itamarandiba",34936,14800.82,31011,"Capelinha",3,"Sudeste",0,"313250",5,31,9,22,11,20,1,0,0,0,0,32,9,22,11,20,11,9.60243786362279,10.4612730951654,0.37735862649206,31
"11201","MG","Itamarandiba",34936,14800.82,31011,"Capelinha",3,"Sudeste",0,"313250",6,28,8,20,11,17,0,0,0,0,0,28,8,20,11,17,19,9.60243786362279,10.4612730951654,0.354944657940676,30
"11202","MG","Itamarandiba",34936,14800.82,31011,"Capelinha",3,"Sudeste",0,"313250",7,47,10,37,12,35,0,0,0,0,0,47,10,37,12,35,11,9.60243786362279,10.4612730951654,0.37551547390163,29
"11203","MG","Itambacuri",23209,11670.65,31037,"Governador Valadares",3,"Sudeste",0,"313270",2,31,10,21,13,18,0,0,0,0,0,31,10,21,13,18,16,9.3648324221014,10.0522954134631,0.307526508934888,29
"11204","MG","Itambacuri",23209,11670.65,31037,"Governador Valadares",3,"Sudeste",0,"313270",3,30,3,27,12,18,1,0,0,0,0,31,3,27,12,18,17,9.3648324221014,10.0522954134631,0.398187001029853,31
"11205","MG","Itambacuri",23209,11670.65,31037,"Governador Valadares",3,"Sudeste",0,"313270",4,20,7,13,8,12,0,0,0,0,0,20,7,13,8,12,17,9.3648324221014,10.0522954134631,0.432663929506114,30
"11206","MG","Itambacuri",23209,11670.65,31037,"Governador Valadares",3,"Sudeste",0,"313270",5,35,13,22,10,25,1,0,0,0,0,36,13,22,10,25,12,9.3648324221014,10.0522954134631,0.413934701563933,31
"11207","MG","Itambacuri",23209,11670.65,31037,"Governador Valadares",3,"Sudeste",0,"313270",6,18,3,15,6,12,0,0,0,0,0,18,3,15,6,12,20,9.3648324221014,10.0522954134631,0.376845392776678,30
"11208","MG","Itambacuri",23209,11670.65,31037,"Governador Valadares",3,"Sudeste",0,"313270",7,20,9,11,5,15,0,0,0,0,0,20,9,11,5,15,20,9.3648324221014,10.0522954134631,0.385071113097417,29
"11209","MG","Itamogi",10157,18075.15,31048,"São Sebastião do Paraíso",3,"Sudeste",0,"313290",2,22,7,15,11,11,1,0,0,0,0,23,7,15,11,11,9,9.80229334574772,9.2259184019395,0.329853023662997,29
"11210","MG","Itamogi",10157,18075.15,31048,"São Sebastião do Paraíso",3,"Sudeste",0,"313290",3,17,4,13,6,11,0,0,0,0,0,17,4,13,6,11,1,9.80229334574772,9.2259184019395,0.425451677356506,31
"11211","MG","Itamogi",10157,18075.15,31048,"São Sebastião do Paraíso",3,"Sudeste",0,"313290",4,7,3,4,5,2,0,0,0,0,0,7,3,4,5,2,8,9.80229334574772,9.2259184019395,0.431904677257415,30
"11212","MG","Itamogi",10157,18075.15,31048,"São Sebastião do Paraíso",3,"Sudeste",0,"313290",5,10,0,10,4,6,0,0,0,0,0,10,0,10,4,6,8,9.80229334574772,9.2259184019395,0.415022938475845,31
"11213","MG","Itamogi",10157,18075.15,31048,"São Sebastião do Paraíso",3,"Sudeste",0,"313290",6,11,4,7,4,7,0,0,0,0,0,11,4,7,4,7,10,9.80229334574772,9.2259184019395,0.391577704372291,30
"11214","MG","Itamogi",10157,18075.15,31048,"São Sebastião do Paraíso",3,"Sudeste",0,"313290",7,5,1,4,2,3,0,0,0,0,0,5,1,4,2,3,10,9.80229334574772,9.2259184019395,0.394924731002586,29
"11215","MG","Itamonte",15714,56105.59,31054,"São Lourenço",3,"Sudeste",0,"313300",2,39,18,21,14,25,0,0,0,0,0,39,18,21,14,25,6,10.9349907300405,9.66230731373577,0.315241587381476,29
"11216","MG","Itamonte",15714,56105.59,31054,"São Lourenço",3,"Sudeste",0,"313300",3,20,4,16,6,14,0,0,0,0,0,20,4,16,6,14,8,10.9349907300405,9.66230731373577,0.427590230669681,31
"11217","MG","Itamonte",15714,56105.59,31054,"São Lourenço",3,"Sudeste",0,"313300",4,14,5,9,7,7,0,0,0,0,0,14,5,9,7,7,2,10.9349907300405,9.66230731373577,0.463171911235136,30
"11218","MG","Itamonte",15714,56105.59,31054,"São Lourenço",3,"Sudeste",0,"313300",5,14,2,12,3,11,0,0,0,0,0,14,2,12,3,11,10,10.9349907300405,9.66230731373577,0.413117694116566,31
"11219","MG","Itamonte",15714,56105.59,31054,"São Lourenço",3,"Sudeste",0,"313300",6,17,3,14,8,9,0,0,0,0,0,17,3,14,8,9,8,10.9349907300405,9.66230731373577,0.388167962577114,30
"11220","MG","Itamonte",15714,56105.59,31054,"São Lourenço",3,"Sudeste",0,"313300",7,13,2,11,6,7,0,0,0,0,0,13,2,11,6,7,10,10.9349907300405,9.66230731373577,0.390320061725304,29
"11221","MG","Itanhandu",15423,26411.06,31054,"São Lourenço",3,"Sudeste",1,"313310",2,26,4,22,5,21,0,0,0,0,0,26,4,22,5,21,9,10.1815381407977,9.64361518072361,0.264570062507716,29
"11222","MG","Itanhandu",15423,26411.06,31054,"São Lourenço",3,"Sudeste",1,"313310",3,30,5,25,6,24,0,0,0,0,0,30,5,25,6,24,12,10.1815381407977,9.64361518072361,0.406465448283131,31
"11223","MG","Itanhandu",15423,26411.06,31054,"São Lourenço",3,"Sudeste",1,"313310",4,14,4,10,5,9,0,0,0,0,0,14,4,10,5,9,11,10.1815381407977,9.64361518072361,0.472396116354733,30
"11224","MG","Itanhandu",15423,26411.06,31054,"São Lourenço",3,"Sudeste",1,"313310",5,18,7,11,5,13,0,0,0,0,0,18,7,11,5,13,8,10.1815381407977,9.64361518072361,0.424259238234999,31
"11225","MG","Itanhandu",15423,26411.06,31054,"São Lourenço",3,"Sudeste",1,"313310",6,16,5,11,6,10,0,0,0,0,0,16,5,11,6,10,13,10.1815381407977,9.64361518072361,0.392088602547774,30
"11226","MG","Itanhandu",15423,26411.06,31054,"São Lourenço",3,"Sudeste",1,"313310",7,13,2,11,5,8,0,0,0,0,0,13,2,11,5,8,10,10.1815381407977,9.64361518072361,0.384491883746101,29
"11227","MG","Itanhomi",12244,9486.02,31037,"Governador Valadares",3,"Sudeste",0,"313320",2,23,4,19,10,13,0,0,0,0,0,23,4,19,10,13,7,9.15757441480553,9.4127913000653,0.332229554969917,29
"11228","MG","Itanhomi",12244,9486.02,31037,"Governador Valadares",3,"Sudeste",0,"313320",3,17,5,12,10,7,0,0,0,0,0,17,5,12,10,7,8,9.15757441480553,9.4127913000653,0.404923269332006,31
"11229","MG","Itanhomi",12244,9486.02,31037,"Governador Valadares",3,"Sudeste",0,"313320",4,8,6,2,6,2,1,0,0,0,0,9,6,2,6,2,5,9.15757441480553,9.4127913000653,0.403888600548455,30
"11230","MG","Itanhomi",12244,9486.02,31037,"Governador Valadares",3,"Sudeste",0,"313320",5,14,6,8,3,11,0,0,0,0,0,14,6,8,3,11,3,9.15757441480553,9.4127913000653,0.35284385232076,31
"11231","MG","Itanhomi",12244,9486.02,31037,"Governador Valadares",3,"Sudeste",0,"313320",6,23,8,15,7,16,0,0,0,0,0,23,8,15,7,16,13,9.15757441480553,9.4127913000653,0.375141831395028,30
"11232","MG","Itanhomi",12244,9486.02,31037,"Governador Valadares",3,"Sudeste",0,"313320",7,15,2,13,6,9,0,0,0,0,0,15,2,13,6,9,13,9.15757441480553,9.4127913000653,0.415143284982826,29
"11233","MG","Itaobim",21029,12803.43,31013,"Pedra Azul",3,"Sudeste",0,"313330",2,0,0,0,0,0,0,0,0,0,0,0,0,0,0,0,8,9.4574683827605,9.9536577164487,0.287460000339671,29
"11234","MG","Itaobim",21029,12803.43,31013,"Pedra Azul",3,"Sudeste",0,"313330",3,0,0,0,0,0,0,0,0,0,0,0,0,0,0,0,13,9.4574683827605,9.9536577164487,0.366680291939815,31
"11235","MG","Itaobim",21029,12803.43,31013,"Pedra Azul",3,"Sudeste",0,"313330",4,0,0,0,0,0,0,0,0,0,0,0,0,0,0,0,13,9.4574683827605,9.9536577164487,0.389175087997987,30
"11236","MG","Itaobim",21029,12803.43,31013,"Pedra Azul",3,"Sudeste",0,"313330",5,2,0,2,0,2,0,0,0,0,0,2,0,2,0,2,13,9.4574683827605,9.9536577164487,0.360952537512212,31
"11237","MG","Itaobim",21029,12803.43,31013,"Pedra Azul",3,"Sudeste",0,"313330",6,1,0,1,0,1,0,0,0,0,0,1,0,1,0,1,24,9.4574683827605,9.9536577164487,0.363784343159493,30
"11238","MG","Itaobim",21029,12803.43,31013,"Pedra Azul",3,"Sudeste",0,"313330",7,0,0,0,0,0,0,0,0,0,0,0,0,0,0,0,15,9.4574683827605,9.9536577164487,0.375308152421951,29
"11239","MG","Itapagipe",15379,27161.03,31021,"Frutal",3,"Sudeste",0,"313340",2,13,2,11,7,6,0,0,0,0,0,13,2,11,7,6,9,10.2095385043703,9.64075822143992,0.323491271099584,29
"11240","MG","Itapagipe",15379,27161.03,31021,"Frutal",3,"Sudeste",0,"313340",3,16,0,16,5,11,0,0,0,0,0,16,0,16,5,11,2,10.2095385043703,9.64075822143992,0.371568419131872,31
"11241","MG","Itapagipe",15379,27161.03,31021,"Frutal",3,"Sudeste",0,"313340",4,13,4,9,8,5,0,0,0,0,0,13,4,9,8,5,10,10.2095385043703,9.64075822143992,0.419722331773169,30
"11242","MG","Itapagipe",15379,27161.03,31021,"Frutal",3,"Sudeste",0,"313340",5,11,2,9,5,6,0,0,0,0,0,11,2,9,5,6,12,10.2095385043703,9.64075822143992,0.402869833190173,31
"11243","MG","Itapagipe",15379,27161.03,31021,"Frutal",3,"Sudeste",0,"313340",6,4,0,4,3,1,0,0,0,0,0,4,0,4,3,1,5,10.2095385043703,9.64075822143992,0.414333533457089,30
"11244","MG","Itapagipe",15379,27161.03,31021,"Frutal",3,"Sudeste",0,"313340",7,4,0,4,1,3,0,0,0,0,0,4,0,4,1,3,13,10.2095385043703,9.64075822143992,0.405283379721132,29
"11245","MG","Itapecerica",21761,22196.09,31044,"Formiga",3,"Sudeste",0,"313350",2,23,6,17,6,17,0,0,0,0,0,23,6,17,6,17,15,10.0076714262222,9.98787465579629,0.296888656125343,29
"11246","MG","Itapecerica",21761,22196.09,31044,"Formiga",3,"Sudeste",0,"313350",3,32,5,27,12,20,0,0,0,0,0,32,5,27,12,20,16,10.0076714262222,9.98787465579629,0.379392470020186,31
"11247","MG","Itapecerica",21761,22196.09,31044,"Formiga",3,"Sudeste",0,"313350",4,19,2,17,4,15,1,0,0,0,0,20,2,17,4,15,14,10.0076714262222,9.98787465579629,0.438227166657066,30
"11248","MG","Itapecerica",21761,22196.09,31044,"Formiga",3,"Sudeste",0,"313350",5,14,2,12,7,7,0,0,0,0,0,14,2,12,7,7,10,10.0076714262222,9.98787465579629,0.393999439291357,31
"11249","MG","Itapecerica",21761,22196.09,31044,"Formiga",3,"Sudeste",0,"313350",6,17,2,15,5,12,0,0,0,0,0,17,2,15,5,12,22,10.0076714262222,9.98787465579629,0.366318221123959,30
"11250","MG","Itapecerica",21761,22196.09,31044,"Formiga",3,"Sudeste",0,"313350",7,18,0,18,7,11,0,0,0,0,0,18,0,18,7,11,19,10.0076714262222,9.98787465579629,0.363287953605556,29
"11251","MG","Itapeva",9881,53063.75,31052,"Pouso Alegre",3,"Sudeste",0,"313360",2,14,5,9,3,11,0,0,0,0,0,14,5,9,3,11,6,10.8792492999023,9.19836900019496,0.324664824060476,29
"11252","MG","Itapeva",9881,53063.75,31052,"Pouso Alegre",3,"Sudeste",0,"313360",3,14,2,12,4,10,0,0,0,0,0,14,2,12,4,10,6,10.8792492999023,9.19836900019496,0.371561352247729,31
"11253","MG","Itapeva",9881,53063.75,31052,"Pouso Alegre",3,"Sudeste",0,"313360",4,15,3,12,4,11,0,0,0,0,0,15,3,12,4,11,9,10.8792492999023,9.19836900019496,0.419755436447058,30
"11254","MG","Itapeva",9881,53063.75,31052,"Pouso Alegre",3,"Sudeste",0,"313360",5,12,2,10,4,8,0,0,0,0,0,12,2,10,4,8,2,10.8792492999023,9.19836900019496,0.411422152247133,31
"11255","MG","Itapeva",9881,53063.75,31052,"Pouso Alegre",3,"Sudeste",0,"313360",6,11,5,6,2,9,0,0,0,0,0,11,5,6,2,9,14,10.8792492999023,9.19836900019496,0.386143278325262,30
"11256","MG","Itapeva",9881,53063.75,31052,"Pouso Alegre",3,"Sudeste",0,"313360",7,12,5,7,4,8,0,0,0,0,0,12,5,7,4,8,6,10.8792492999023,9.19836900019496,0.367847829102755,29
"11257","MG","Itatiaiuçu",11252,140310.7,31032,"Itaguara",3,"Sudeste",0,"313370",2,30,5,25,8,22,1,0,0,0,0,31,5,25,8,22,8,11.8516145283286,9.32830116960975,0.319989852713855,29
"11258","MG","Itatiaiuçu",11252,140310.7,31032,"Itaguara",3,"Sudeste",0,"313370",3,18,1,17,9,9,0,0,0,0,0,18,1,17,9,9,4,11.8516145283286,9.32830116960975,0.400780287505563,31
"11259","MG","Itatiaiuçu",11252,140310.7,31032,"Itaguara",3,"Sudeste",0,"313370",4,6,0,6,2,4,0,0,0,0,0,6,0,6,2,4,10,11.8516145283286,9.32830116960975,0.429309634033813,30
"11260","MG","Itatiaiuçu",11252,140310.7,31032,"Itaguara",3,"Sudeste",0,"313370",5,10,3,7,5,5,0,0,0,0,0,10,3,7,5,5,5,11.8516145283286,9.32830116960975,0.40220138511035,31
"11261","MG","Itatiaiuçu",11252,140310.7,31032,"Itaguara",3,"Sudeste",0,"313370",6,12,1,11,5,7,0,0,0,0,0,12,1,11,5,7,7,11.8516145283286,9.32830116960975,0.363682357606502,30
"11262","MG","Itatiaiuçu",11252,140310.7,31032,"Itaguara",3,"Sudeste",0,"313370",7,14,2,12,5,9,0,0,0,0,0,14,2,12,5,9,4,11.8516145283286,9.32830116960975,0.359690653759776,29
"11263","MG","Itaú de Minas",16199,28425.16,31047,"Passos",3,"Sudeste",1,"313375",2,24,3,21,10,14,0,0,0,0,0,24,3,21,10,14,5,10.2550299474507,9.69270479092014,0.298810708547908,29
"11264","MG","Itaú de Minas",16199,28425.16,31047,"Passos",3,"Sudeste",1,"313375",3,24,4,20,10,14,0,0,0,0,0,24,4,20,10,14,6,10.2550299474507,9.69270479092014,0.377531874866287,31
"11265","MG","Itaú de Minas",16199,28425.16,31047,"Passos",3,"Sudeste",1,"313375",4,14,3,11,5,9,0,0,0,0,0,14,3,11,5,9,9,10.2550299474507,9.69270479092014,0.408685019844224,30
"11266","MG","Itaú de Minas",16199,28425.16,31047,"Passos",3,"Sudeste",1,"313375",5,19,2,17,8,11,0,0,0,0,0,19,2,17,8,11,7,10.2550299474507,9.69270479092014,0.364958818065706,31
"11267","MG","Itaú de Minas",16199,28425.16,31047,"Passos",3,"Sudeste",1,"313375",6,11,1,10,4,7,0,0,0,0,0,11,1,10,4,7,9,10.2550299474507,9.69270479092014,0.355821564263363,30
"11268","MG","Itaú de Minas",16199,28425.16,31047,"Passos",3,"Sudeste",1,"313375",7,16,4,12,6,10,0,0,0,0,0,16,4,12,6,10,13,10.2550299474507,9.69270479092014,0.360828010429475,29
"11269","MG","Itaúna",93847,33505.85,31043,"Divinópolis",3,"Sudeste",1,"313380",2,123,13,110,37,86,1,0,0,0,0,124,13,110,37,86,56,10.4194753294333,11.4494210756007,0.290995510202782,29
"11270","MG","Itaúna",93847,33505.85,31043,"Divinópolis",3,"Sudeste",1,"313380",3,158,17,141,48,110,1,0,0,0,0,159,17,141,48,110,68,10.4194753294333,11.4494210756007,0.375225942250263,31
"11271","MG","Itaúna",93847,33505.85,31043,"Divinópolis",3,"Sudeste",1,"313380",4,98,12,86,26,72,0,0,0,0,0,98,12,86,26,72,57,10.4194753294333,11.4494210756007,0.417165311254721,30
"11272","MG","Itaúna",93847,33505.85,31043,"Divinópolis",3,"Sudeste",1,"313380",5,83,15,68,27,56,1,0,0,0,0,84,15,68,27,56,41,10.4194753294333,11.4494210756007,0.371148577723865,31
"11273","MG","Itaúna",93847,33505.85,31043,"Divinópolis",3,"Sudeste",1,"313380",6,93,12,81,21,72,1,0,0,0,0,94,12,81,21,72,62,10.4194753294333,11.4494210756007,0.351261516332102,30
"11274","MG","Itaúna",93847,33505.85,31043,"Divinópolis",3,"Sudeste",1,"313380",7,100,11,89,25,75,1,0,0,0,0,101,11,89,25,75,62,10.4194753294333,11.4494210756007,0.345033765080325,29
"11275","MG","Itinga",15022,8215.84,31012,"Araçuaí",3,"Sudeste",0,"313400",2,8,2,6,1,7,0,0,0,0,0,8,2,6,1,7,9,9.01381927722208,9.61727107224596,0.339681791723179,29
"11276","MG","Itinga",15022,8215.84,31012,"Araçuaí",3,"Sudeste",0,"313400",3,8,1,7,1,7,0,0,0,0,0,8,1,7,1,7,6,9.01381927722208,9.61727107224596,0.43504815739963,31
"11277","MG","Itinga",15022,8215.84,31012,"Araçuaí",3,"Sudeste",0,"313400",4,2,0,2,2,0,1,0,0,0,0,3,0,2,2,0,7,9.01381927722208,9.61727107224596,0.436533684757194,30
"11278","MG","Itinga",15022,8215.84,31012,"Araçuaí",3,"Sudeste",0,"313400",5,3,0,3,1,2,0,0,0,0,0,3,0,3,1,2,7,9.01381927722208,9.61727107224596,0.423534212433904,31
"11279","MG","Itinga",15022,8215.84,31012,"Araçuaí",3,"Sudeste",0,"313400",6,3,0,3,0,3,0,0,0,0,0,3,0,3,0,3,6,9.01381927722208,9.61727107224596,0.411991846510774,30
"11280","MG","Itinga",15022,8215.84,31012,"Araçuaí",3,"Sudeste",0,"313400",7,5,1,4,3,2,0,0,0,0,0,5,1,4,3,2,4,9.01381927722208,9.61727107224596,0.419949684807446,29
"11281","MG","Ituiutaba",105255,26615.14,31017,"Ituiutaba",3,"Sudeste",1,"313420",2,121,29,92,56,65,0,0,0,0,0,121,29,92,56,65,47,10.1892355057846,11.5641412563545,0.298583782388795,29
"11282","MG","Ituiutaba",105255,26615.14,31017,"Ituiutaba",3,"Sudeste",1,"313420",3,167,32,135,69,98,0,0,0,0,0,167,32,135,69,98,82,10.1892355057846,11.5641412563545,0.386893493711895,31
"11283","MG","Ituiutaba",105255,26615.14,31017,"Ituiutaba",3,"Sudeste",1,"313420",4,105,24,81,36,69,0,0,0,0,0,105,24,81,36,69,56,10.1892355057846,11.5641412563545,0.420470740985694,30
"11284","MG","Ituiutaba",105255,26615.14,31017,"Ituiutaba",3,"Sudeste",1,"313420",5,97,10,87,39,58,1,0,0,0,0,98,10,87,39,58,74,10.1892355057846,11.5641412563545,0.385877068111342,31
"11285","MG","Ituiutaba",105255,26615.14,31017,"Ituiutaba",3,"Sudeste",1,"313420",6,94,12,82,35,59,2,0,0,0,0,96,12,82,35,59,85,10.1892355057846,11.5641412563545,0.366296919410544,30
"11286","MG","Ituiutaba",105255,26615.14,31017,"Ituiutaba",3,"Sudeste",1,"313420",7,97,15,82,35,62,0,0,0,0,0,97,15,82,35,62,65,10.1892355057846,11.5641412563545,0.372909982349338,29
"11287","MG","Iturama",39690,55369.21,31021,"Frutal",3,"Sudeste",1,"313440",2,69,15,54,38,31,0,0,0,0,0,69,15,54,38,31,16,10.9217789420613,10.5888545457771,0.304769145910807,29
"11288","MG","Iturama",39690,55369.21,31021,"Frutal",3,"Sudeste",1,"313440",3,89,20,69,40,49,0,0,0,0,0,89,20,69,40,49,26,10.9217789420613,10.5888545457771,0.386421502409617,31
"11289","MG","Iturama",39690,55369.21,31021,"Frutal",3,"Sudeste",1,"313440",4,50,13,37,22,28,0,0,0,0,0,50,13,37,22,28,27,10.9217789420613,10.5888545457771,0.405773933581339,30
"11290","MG","Iturama",39690,55369.21,31021,"Frutal",3,"Sudeste",1,"313440",5,49,12,37,24,25,0,0,0,0,0,49,12,37,24,25,22,10.9217789420613,10.5888545457771,0.372600786561522,31
"11291","MG","Iturama",39690,55369.21,31021,"Frutal",3,"Sudeste",1,"313440",6,48,10,38,20,28,0,0,0,0,0,48,10,38,20,28,23,10.9217789420613,10.5888545457771,0.366061744573023,30
"11292","MG","Iturama",39690,55369.21,31021,"Frutal",3,"Sudeste",1,"313440",7,36,6,30,14,22,0,0,0,0,0,36,6,30,14,22,33,10.9217789420613,10.5888545457771,0.383077670631349,29
"11293","MG","Jaboticatubas",20418,11070.98,31027,"Sete Lagoas",3,"Sudeste",0,"313460",2,28,6,22,11,17,0,0,0,0,0,28,6,22,11,17,11,9.31208254933629,9.92417214372896,0.269152737872939,29
"11294","MG","Jaboticatubas",20418,11070.98,31027,"Sete Lagoas",3,"Sudeste",0,"313460",3,35,8,27,11,24,0,0,0,0,0,35,8,27,11,24,12,9.31208254933629,9.92417214372896,0.337498261127948,31
"11295","MG","Jaboticatubas",20418,11070.98,31027,"Sete Lagoas",3,"Sudeste",0,"313460",4,15,1,14,5,10,0,0,0,0,0,15,1,14,5,10,10,9.31208254933629,9.92417214372896,0.396872778852438,30
"11296","MG","Jaboticatubas",20418,11070.98,31027,"Sete Lagoas",3,"Sudeste",0,"313460",5,11,1,10,6,5,0,0,0,0,0,11,1,10,6,5,14,9.31208254933629,9.92417214372896,0.412609934227678,31
"11297","MG","Jaboticatubas",20418,11070.98,31027,"Sete Lagoas",3,"Sudeste",0,"313460",6,20,1,19,7,13,0,0,0,0,0,20,1,19,7,13,12,9.31208254933629,9.92417214372896,0.381685006850024,30
"11298","MG","Jaboticatubas",20418,11070.98,31027,"Sete Lagoas",3,"Sudeste",0,"313460",7,16,2,14,4,12,0,0,0,0,0,16,2,14,4,12,18,9.31208254933629,9.92417214372896,0.389794153597861,29
"11299","MG","Jacinto",12323,8401.83,31014,"Almenara",3,"Sudeste",0,"313470",2,13,4,9,6,7,0,0,0,0,0,13,4,9,6,7,5,9.03620481824684,9.41922271393812,0.306588002229101,29
"11300","MG","Jacinto",12323,8401.83,31014,"Almenara",3,"Sudeste",0,"313470",3,11,1,10,4,7,1,0,0,0,0,12,1,10,4,7,6,9.03620481824684,9.41922271393812,0.405347459347279,31
"11301","MG","Jacinto",12323,8401.83,31014,"Almenara",3,"Sudeste",0,"313470",4,3,1,2,1,2,0,0,0,0,0,3,1,2,1,2,9,9.03620481824684,9.41922271393812,0.41620613513795,30
"11302","MG","Jacinto",12323,8401.83,31014,"Almenara",3,"Sudeste",0,"313470",5,6,3,3,2,4,0,0,0,0,0,6,3,3,2,4,8,9.03620481824684,9.41922271393812,0.413642340590738,31
"11303","MG","Jacinto",12323,8401.83,31014,"Almenara",3,"Sudeste",0,"313470",6,15,5,10,7,8,0,0,0,0,0,15,5,10,7,8,7,9.03620481824684,9.41922271393812,0.402007873120453,30
"11304","MG","Jacinto",12323,8401.83,31014,"Almenara",3,"Sudeste",0,"313470",7,10,6,4,4,6,0,0,0,0,0,10,6,4,4,6,10,9.03620481824684,9.41922271393812,0.435286480908695,29
"11305","MG","Jacuí",7691,14919.07,31048,"São Sebastião do Paraíso",3,"Sudeste",0,"313480",2,12,4,8,3,9,0,0,0,0,0,12,4,8,3,9,4,9.61039553937533,8.94780609305705,0.353271985683484,29
"11306","MG","Jacuí",7691,14919.07,31048,"São Sebastião do Paraíso",3,"Sudeste",0,"313480",3,15,9,6,7,8,0,0,0,0,0,15,9,6,7,8,4,9.61039553937533,8.94780609305705,0.442883002509099,31
"11307","MG","Jacuí",7691,14919.07,31048,"São Sebastião do Paraíso",3,"Sudeste",0,"313480",4,10,3,7,2,8,0,0,0,0,0,10,3,7,2,8,4,9.61039553937533,8.94780609305705,0.474149434012761,30
"11308","MG","Jacuí",7691,14919.07,31048,"São Sebastião do Paraíso",3,"Sudeste",0,"313480",5,7,1,6,2,5,0,0,0,0,0,7,1,6,2,5,2,9.61039553937533,8.94780609305705,0.445028733879127,31
"11309","MG","Jacuí",7691,14919.07,31048,"São Sebastião do Paraíso",3,"Sudeste",0,"313480",6,13,4,9,6,7,0,0,0,0,0,13,4,9,6,7,10,9.61039553937533,8.94780609305705,0.435133331520939,30
"11310","MG","Jacuí",7691,14919.07,31048,"São Sebastião do Paraíso",3,"Sudeste",0,"313480",7,7,1,6,2,5,0,0,0,0,0,7,1,6,2,5,5,9.61039553937533,8.94780609305705,0.413634685439539,29
"11311","MG","Jacutinga",26264,26970.33,31051,"Poços de Caldas",3,"Sudeste",0,"313490",2,37,13,24,10,27,0,0,0,0,0,37,13,24,10,27,13,10.2024926518765,10.1759544591814,0.308006314810791,29
"11312","MG","Jacutinga",26264,26970.33,31051,"Poços de Caldas",3,"Sudeste",0,"313490",3,47,16,31,15,32,0,0,0,0,0,47,16,31,15,32,13,10.2024926518765,10.1759544591814,0.401775886036102,31
"11313","MG","Jacutinga",26264,26970.33,31051,"Poços de Caldas",3,"Sudeste",0,"313490",4,23,6,17,9,14,0,0,0,0,0,23,6,17,9,14,13,10.2024926518765,10.1759544591814,0.41509977344035,30
"11314","MG","Jacutinga",26264,26970.33,31051,"Poços de Caldas",3,"Sudeste",0,"313490",5,30,11,19,10,20,0,0,0,0,0,30,11,19,10,20,15,10.2024926518765,10.1759544591814,0.393474794842266,31
"11315","MG","Jacutinga",26264,26970.33,31051,"Poços de Caldas",3,"Sudeste",0,"313490",6,25,7,18,11,14,0,0,0,0,0,25,7,18,11,14,13,10.2024926518765,10.1759544591814,0.375481589495239,30
"11316","MG","Jacutinga",26264,26970.33,31051,"Poços de Caldas",3,"Sudeste",0,"313490",7,15,4,11,2,13,1,0,0,0,0,16,4,11,2,13,17,10.2024926518765,10.1759544591814,0.378646180750279,29
"11317","MG","Jaíba",39388,13854.17,31004,"Janaúba",3,"Sudeste",0,"313505",2,90,27,63,44,46,1,0,0,0,0,91,27,63,44,46,10,9.53634154933158,10.5812164803677,0.308569044599679,29
"11318","MG","Jaíba",39388,13854.17,31004,"Janaúba",3,"Sudeste",0,"313505",3,79,26,53,35,44,2,0,0,0,0,81,26,53,35,44,10,9.53634154933158,10.5812164803677,0.374435024130879,31
"11319","MG","Jaíba",39388,13854.17,31004,"Janaúba",3,"Sudeste",0,"313505",4,54,12,42,17,37,2,0,0,0,0,56,12,42,17,37,12,9.53634154933158,10.5812164803677,0.379228451872922,30
"11320","MG","Jaíba",39388,13854.17,31004,"Janaúba",3,"Sudeste",0,"313505",5,33,12,21,18,15,2,0,0,0,0,35,12,21,18,15,8,9.53634154933158,10.5812164803677,0.368678108217553,31
"11321","MG","Jaíba",39388,13854.17,31004,"Janaúba",3,"Sudeste",0,"313505",6,48,16,32,19,29,0,0,0,0,0,48,16,32,19,29,13,9.53634154933158,10.5812164803677,0.349814300117613,30
"11322","MG","Jaíba",39388,13854.17,31004,"Janaúba",3,"Sudeste",0,"313505",7,50,19,31,23,27,0,0,0,0,0,50,19,31,23,27,13,9.53634154933158,10.5812164803677,0.389859415968826,29
"11323","MG","Janaúba",72018,15761.25,31004,"Janaúba",3,"Sudeste",1,"313510",2,153,26,127,70,83,2,0,0,0,0,155,26,127,70,83,21,9.66530967498744,11.1846713667534,0.279069812784089,29
"11324","MG","Janaúba",72018,15761.25,31004,"Janaúba",3,"Sudeste",1,"313510",3,118,20,98,30,88,2,0,0,0,0,120,20,98,30,88,32,9.66530967498744,11.1846713667534,0.360181366493735,31
"11325","MG","Janaúba",72018,15761.25,31004,"Janaúba",3,"Sudeste",1,"313510",4,82,13,69,32,50,0,0,0,0,0,82,13,69,32,50,29,9.66530967498744,11.1846713667534,0.390317355041057,30
"11326","MG","Janaúba",72018,15761.25,31004,"Janaúba",3,"Sudeste",1,"313510",5,116,17,99,48,68,0,0,0,0,0,116,17,99,48,68,31,9.66530967498744,11.1846713667534,0.35594120777003,31
"11327","MG","Janaúba",72018,15761.25,31004,"Janaúba",3,"Sudeste",1,"313510",6,102,15,87,37,65,1,0,0,0,0,103,15,87,37,65,33,9.66530967498744,11.1846713667534,0.357747100374831,30
"11328","MG","Janaúba",72018,15761.25,31004,"Janaúba",3,"Sudeste",1,"313510",7,91,14,77,32,59,1,0,0,0,0,92,14,77,32,59,50,9.66530967498744,11.1846713667534,0.355834469744794,29
"11329","MG","Januária",67852,10162.62,31003,"Januária",3,"Sudeste",1,"313520",2,104,18,86,41,63,0,0,0,0,0,104,18,86,41,63,40,9.22647156190443,11.1250841416156,0.278699918557303,29
"11330","MG","Januária",67852,10162.62,31003,"Januária",3,"Sudeste",1,"313520",3,146,37,109,66,80,1,0,0,0,0,147,37,109,66,80,34,9.22647156190443,11.1250841416156,0.372145027650091,31
"11331","MG","Januária",67852,10162.62,31003,"Januária",3,"Sudeste",1,"313520",4,84,27,57,32,52,0,0,0,0,0,84,27,57,32,52,29,9.22647156190443,11.1250841416156,0.431471738146164,30
"11332","MG","Januária",67852,10162.62,31003,"Januária",3,"Sudeste",1,"313520",5,68,22,46,25,43,2,0,0,0,0,70,22,46,25,43,40,9.22647156190443,11.1250841416156,0.392572104410517,31
"11333","MG","Januária",67852,10162.62,31003,"Januária",3,"Sudeste",1,"313520",6,77,14,63,31,46,1,0,0,0,0,78,14,63,31,46,34,9.22647156190443,11.1250841416156,0.381117858378171,30
"11334","MG","Januária",67852,10162.62,31003,"Januária",3,"Sudeste",1,"313520",7,116,20,96,51,65,0,0,0,0,0,116,20,96,51,65,30,9.22647156190443,11.1250841416156,0.388822598958008,29
"11335","MG","Jequitaí",7468,10300.6,31006,"Pirapora",3,"Sudeste",0,"313560",2,10,1,9,5,5,0,0,0,0,0,10,1,9,5,5,6,9.2399574249483,8.91838250466161,0.270063390946938,29
"11336","MG","Jequitaí",7468,10300.6,31006,"Pirapora",3,"Sudeste",0,"313560",3,15,7,8,3,12,0,0,0,0,0,15,7,8,3,12,1,9.2399574249483,8.91838250466161,0.330550721986454,31
"11337","MG","Jequitaí",7468,10300.6,31006,"Pirapora",3,"Sudeste",0,"313560",4,6,3,3,2,4,0,0,0,0,0,6,3,3,2,4,3,9.2399574249483,8.91838250466161,0.357375046120713,30
"11338","MG","Jequitaí",7468,10300.6,31006,"Pirapora",3,"Sudeste",0,"313560",5,3,0,3,2,1,0,0,0,0,0,3,0,3,2,1,6,9.2399574249483,8.91838250466161,0.336816728114623,31
"11339","MG","Jequitaí",7468,10300.6,31006,"Pirapora",3,"Sudeste",0,"313560",6,6,0,6,1,5,0,0,0,0,0,6,0,6,1,5,2,9.2399574249483,8.91838250466161,0.325366823952296,30
"11340","MG","Jequitaí",7468,10300.6,31006,"Pirapora",3,"Sudeste",0,"313560",7,6,1,5,3,3,0,0,0,0,0,6,1,5,3,3,4,9.2399574249483,8.91838250466161,0.371940797294243,29
"11341","MG","Jequitinhonha",25474,9010.66,31014,"Almenara",3,"Sudeste",0,"313580",2,7,1,6,4,3,0,0,0,0,0,7,1,6,4,3,21,9.10616359986188,10.1454136031497,0.310936880954831,29
"11342","MG","Jequitinhonha",25474,9010.66,31014,"Almenara",3,"Sudeste",0,"313580",3,2,1,1,1,1,0,0,0,0,0,2,1,1,1,1,16,9.10616359986188,10.1454136031497,0.379859381819264,31
"11343","MG","Jequitinhonha",25474,9010.66,31014,"Almenara",3,"Sudeste",0,"313580",4,1,0,1,1,0,0,0,0,0,0,1,0,1,1,0,13,9.10616359986188,10.1454136031497,0.390371999145896,30
"11344","MG","Jequitinhonha",25474,9010.66,31014,"Almenara",3,"Sudeste",0,"313580",5,3,1,2,1,2,0,0,0,0,0,3,1,2,1,2,12,9.10616359986188,10.1454136031497,0.401238371200809,31
"11345","MG","Jequitinhonha",25474,9010.66,31014,"Almenara",3,"Sudeste",0,"313580",6,1,0,1,1,0,0,0,0,0,0,1,0,1,1,0,12,9.10616359986188,10.1454136031497,0.377356663888654,30
"11346","MG","Jequitinhonha",25474,9010.66,31014,"Almenara",3,"Sudeste",0,"313580",7,0,0,0,0,0,0,0,0,0,0,0,0,0,0,0,10,9.10616359986188,10.1454136031497,0.395584387647306,29
"11347","MG","Joaíma",15455,8735.99,31014,"Almenara",3,"Sudeste",0,"313600",2,1,1,0,0,1,0,0,0,0,0,1,1,0,0,1,11,9.07520655329539,9.64568785456622,0.28501341693827,29
"11348","MG","Joaíma",15455,8735.99,31014,"Almenara",3,"Sudeste",0,"313600",3,0,0,0,0,0,0,0,0,0,0,0,0,0,0,0,8,9.07520655329539,9.64568785456622,0.343353591860012,31
"11349","MG","Joaíma",15455,8735.99,31014,"Almenara",3,"Sudeste",0,"313600",4,0,0,0,0,0,0,0,0,0,0,0,0,0,0,0,6,9.07520655329539,9.64568785456622,0.34981346818254,30
"11350","MG","Joaíma",15455,8735.99,31014,"Almenara",3,"Sudeste",0,"313600",5,3,3,0,2,1,0,0,0,0,0,3,3,0,2,1,9,9.07520655329539,9.64568785456622,0.352988340808792,31
"11351","MG","Joaíma",15455,8735.99,31014,"Almenara",3,"Sudeste",0,"313600",6,1,0,1,1,0,0,0,0,0,0,1,0,1,1,0,11,9.07520655329539,9.64568785456622,0.349833605474251,30
"11352","MG","Joaíma",15455,8735.99,31014,"Almenara",3,"Sudeste",0,"313600",7,0,0,0,0,0,0,0,0,0,0,0,0,0,0,0,5,9.07520655329539,9.64568785456622,0.386570474420722,29
"11353","MG","João Monlevade",80416,36814.98,31031,"Itabira",3,"Sudeste",1,"313620",2,59,10,49,22,37,1,0,0,0,0,60,10,49,22,37,41,10.5136601065458,11.2949684403433,0.313769410042171,29
"11354","MG","João Monlevade",80416,36814.98,31031,"Itabira",3,"Sudeste",1,"313620",3,71,9,62,17,54,0,0,0,0,0,71,9,62,17,54,60,10.5136601065458,11.2949684403433,0.416109334503294,31
"11355","MG","João Monlevade",80416,36814.98,31031,"Itabira",3,"Sudeste",1,"313620",4,62,10,52,19,43,1,0,0,0,0,63,10,52,19,43,39,10.5136601065458,11.2949684403433,0.464334388674044,30
"11356","MG","João Monlevade",80416,36814.98,31031,"Itabira",3,"Sudeste",1,"313620",5,79,3,76,26,53,1,0,0,0,0,80,3,76,26,53,49,10.5136601065458,11.2949684403433,0.420035045093938,31
"11357","MG","João Monlevade",80416,36814.98,31031,"Itabira",3,"Sudeste",1,"313620",6,68,8,60,16,52,0,0,0,0,0,68,8,60,16,52,31,10.5136601065458,11.2949684403433,0.389855771449953,30
"11358","MG","João Monlevade",80416,36814.98,31031,"Itabira",3,"Sudeste",1,"313620",7,67,8,59,17,50,2,0,0,0,0,69,8,59,17,50,38,10.5136601065458,11.2949684403433,0.382060408471758,29
"11359","MG","João Pinheiro",47726,30186.66,31002,"Paracatu",3,"Sudeste",1,"313630",2,91,22,69,38,53,0,0,0,0,0,91,22,69,38,53,27,10.3151553839208,10.7732316017532,0.289205129031942,29
"11360","MG","João Pinheiro",47726,30186.66,31002,"Paracatu",3,"Sudeste",1,"313630",3,111,28,83,39,72,0,0,0,0,0,111,28,83,39,72,26,10.3151553839208,10.7732316017532,0.372032797311482,31
"11361","MG","João Pinheiro",47726,30186.66,31002,"Paracatu",3,"Sudeste",1,"313630",4,56,11,45,30,26,0,0,0,0,0,56,11,45,30,26,28,10.3151553839208,10.7732316017532,0.391446598635875,30
"11362","MG","João Pinheiro",47726,30186.66,31002,"Paracatu",3,"Sudeste",1,"313630",5,62,21,41,24,38,1,0,0,0,0,63,21,41,24,38,15,10.3151553839208,10.7732316017532,0.371653096471086,31
"11363","MG","João Pinheiro",47726,30186.66,31002,"Paracatu",3,"Sudeste",1,"313630",6,55,14,41,22,33,1,0,0,0,0,56,14,41,22,33,25,10.3151553839208,10.7732316017532,0.373375321707117,30
"11364","MG","João Pinheiro",47726,30186.66,31002,"Paracatu",3,"Sudeste",1,"313630",7,66,11,55,26,40,1,0,0,0,0,67,11,55,26,40,32,10.3151553839208,10.7732316017532,0.383655617603947,29
"11365","MG","Jordânia",10842,8407.43,31014,"Almenara",3,"Sudeste",0,"313650",2,4,1,3,2,2,0,0,0,0,0,4,1,3,2,2,7,9.03687111768027,9.29118275982028,0.260732852651304,29
"11366","MG","Jordânia",10842,8407.43,31014,"Almenara",3,"Sudeste",0,"313650",3,6,2,4,3,3,0,0,0,0,0,6,2,4,3,3,3,9.03687111768027,9.29118275982028,0.332688842334806,31
"11367","MG","Jordânia",10842,8407.43,31014,"Almenara",3,"Sudeste",0,"313650",4,5,2,3,2,3,0,0,0,0,0,5,2,3,2,3,7,9.03687111768027,9.29118275982028,0.349299209709311,30
"11368","MG","Jordânia",10842,8407.43,31014,"Almenara",3,"Sudeste",0,"313650",5,9,5,4,5,4,0,0,0,0,0,9,5,4,5,4,9,9.03687111768027,9.29118275982028,0.331228560105765,31
"11369","MG","Jordânia",10842,8407.43,31014,"Almenara",3,"Sudeste",0,"313650",6,5,4,1,0,5,0,0,0,0,0,5,4,1,0,5,6,9.03687111768027,9.29118275982028,0.352608826372636,30
"11370","MG","Jordânia",10842,8407.43,31014,"Almenara",3,"Sudeste",0,"313650",7,6,2,4,1,5,1,0,0,0,0,7,2,4,1,5,12,9.03687111768027,9.29118275982028,0.393692424559626,29
"11371","MG","Nova União",5732,14983.42,31031,"Itabira",3,"Sudeste",0,"313660",2,14,3,11,4,10,0,0,0,0,0,14,3,11,4,10,2,9.6146995354196,8.65381978894806,0.306801777509018,29
"11372","MG","Nova União",5732,14983.42,31031,"Itabira",3,"Sudeste",0,"313660",3,6,1,5,1,5,0,0,0,0,0,6,1,5,1,5,3,9.6146995354196,8.65381978894806,0.426510472126001,31
"11373","MG","Nova União",5732,14983.42,31031,"Itabira",3,"Sudeste",0,"313660",4,7,3,4,2,5,0,0,0,0,0,7,3,4,2,5,6,9.6146995354196,8.65381978894806,0.452703233944504,30
"11374","MG","Nova União",5732,14983.42,31031,"Itabira",3,"Sudeste",0,"313660",5,10,1,9,6,4,0,0,0,0,0,10,1,9,6,4,4,9.6146995354196,8.65381978894806,0.403248241682505,31
"11375","MG","Nova União",5732,14983.42,31031,"Itabira",3,"Sudeste",0,"313660",6,5,0,5,2,3,0,0,0,0,0,5,0,5,2,3,2,9.6146995354196,8.65381978894806,0.358200539962024,30
"11376","MG","Nova União",5732,14983.42,31031,"Itabira",3,"Sudeste",0,"313660",7,5,1,4,0,5,0,0,0,0,0,5,1,4,0,5,0,9.6146995354196,8.65381978894806,0.368295872191574,29
"11377","MG","Juatuba",27392,45494.8,31030,"Belo Horizonte",3,"Sudeste",1,"313665",2,47,8,39,16,31,0,0,0,0,0,47,8,39,16,31,12,10.7253533126936,10.2180062789415,0.321394103430483,29
"11378","MG","Juatuba",27392,45494.8,31030,"Belo Horizonte",3,"Sudeste",1,"313665",3,60,2,58,19,41,0,0,0,0,0,60,2,58,19,41,20,10.7253533126936,10.2180062789415,0.399555506900674,31
"11379","MG","Juatuba",27392,45494.8,31030,"Belo Horizonte",3,"Sudeste",1,"313665",4,39,15,24,15,24,0,0,0,0,0,39,15,24,15,24,10,10.7253533126936,10.2180062789415,0.457766782046302,30
"11380","MG","Juatuba",27392,45494.8,31030,"Belo Horizonte",3,"Sudeste",1,"313665",5,37,6,31,13,24,0,0,0,0,0,37,6,31,13,24,20,10.7253533126936,10.2180062789415,0.404087654186469,31
"11381","MG","Juatuba",27392,45494.8,31030,"Belo Horizonte",3,"Sudeste",1,"313665",6,33,1,32,15,18,1,0,0,0,0,34,1,32,15,18,14,10.7253533126936,10.2180062789415,0.387784965826996,30
"11382","MG","Juatuba",27392,45494.8,31030,"Belo Horizonte",3,"Sudeste",1,"313665",7,39,5,34,14,25,0,0,0,0,0,39,5,34,14,25,21,10.7253533126936,10.2180062789415,0.39169176334853,29
"11383","MG","Juiz de Fora",573285,29988.91,31065,"Juiz de Fora",3,"Sudeste",1,"313670",2,801,135,666,248,553,4,0,0,0,0,805,135,666,248,553,365,10.3085829256341,13.2591382542423,0.278042778033743,29
"11384","MG","Juiz de Fora",573285,29988.91,31065,"Juiz de Fora",3,"Sudeste",1,"313670",3,809,156,653,248,561,6,0,0,0,0,815,156,653,248,561,379,10.3085829256341,13.2591382542423,0.398022335618218,31
"11385","MG","Juiz de Fora",573285,29988.91,31065,"Juiz de Fora",3,"Sudeste",1,"313670",4,544,114,430,165,379,3,0,0,0,0,547,114,430,165,379,324,10.3085829256341,13.2591382542423,0.489623191970972,30
"11386","MG","Juiz de Fora",573285,29988.91,31065,"Juiz de Fora",3,"Sudeste",1,"313670",5,473,99,374,152,321,2,0,0,0,0,475,99,374,152,321,360,10.3085829256341,13.2591382542423,0.448769578612149,31
"11387","MG","Juiz de Fora",573285,29988.91,31065,"Juiz de Fora",3,"Sudeste",1,"313670",6,522,98,424,164,358,4,0,0,0,0,526,98,424,164,358,381,10.3085829256341,13.2591382542423,0.404733045100503,30
"11388","MG","Juiz de Fora",573285,29988.91,31065,"Juiz de Fora",3,"Sudeste",1,"313670",7,517,94,423,151,366,7,0,0,0,0,524,94,423,151,366,432,10.3085829256341,13.2591382542423,0.406161281740037,29
"11389","MG","Juruaia",10681,14673.37,31048,"São Sebastião do Paraíso",3,"Sudeste",0,"313690",2,26,8,18,7,19,0,0,0,0,0,26,8,18,7,19,1,9.59378956527337,9.2762217410897,0.301970186757524,29
"11390","MG","Juruaia",10681,14673.37,31048,"São Sebastião do Paraíso",3,"Sudeste",0,"313690",3,22,4,18,5,17,0,0,0,0,0,22,4,18,5,17,3,9.59378956527337,9.2762217410897,0.398858598744459,31
"11391","MG","Juruaia",10681,14673.37,31048,"São Sebastião do Paraíso",3,"Sudeste",0,"313690",4,16,5,11,4,12,0,0,0,0,0,16,5,11,4,12,4,9.59378956527337,9.2762217410897,0.409141555607437,30
"11392","MG","Juruaia",10681,14673.37,31048,"São Sebastião do Paraíso",3,"Sudeste",0,"313690",5,7,1,6,3,4,0,0,0,0,0,7,1,6,3,4,5,9.59378956527337,9.2762217410897,0.359312955954311,31
"11393","MG","Juruaia",10681,14673.37,31048,"São Sebastião do Paraíso",3,"Sudeste",0,"313690",6,11,1,10,4,7,0,0,0,0,0,11,1,10,4,7,5,9.59378956527337,9.2762217410897,0.367966916696301,30
"11394","MG","Juruaia",10681,14673.37,31048,"São Sebastião do Paraíso",3,"Sudeste",0,"313690",7,14,5,9,3,11,0,0,0,0,0,14,5,9,3,11,15,9.59378956527337,9.2762217410897,0.418269156659104,29
"11395","MG","Ladainha",18193,6570.88,31015,"Teófilo Otoni",3,"Sudeste",0,"313700",2,17,7,10,7,10,0,0,0,0,0,17,7,10,7,10,7,8.79040304467055,9.8087921836968,0.316762256520459,29
"11396","MG","Ladainha",18193,6570.88,31015,"Teófilo Otoni",3,"Sudeste",0,"313700",3,15,7,8,7,8,0,0,0,0,0,15,7,8,7,8,10,8.79040304467055,9.8087921836968,0.400045636714174,31
"11397","MG","Ladainha",18193,6570.88,31015,"Teófilo Otoni",3,"Sudeste",0,"313700",4,8,3,5,3,5,0,0,0,0,0,8,3,5,3,5,7,8.79040304467055,9.8087921836968,0.407103951107643,30
"11398","MG","Ladainha",18193,6570.88,31015,"Teófilo Otoni",3,"Sudeste",0,"313700",5,18,8,10,10,8,0,0,0,0,0,18,8,10,10,8,14,8.79040304467055,9.8087921836968,0.400633278295952,31
"11399","MG","Ladainha",18193,6570.88,31015,"Teófilo Otoni",3,"Sudeste",0,"313700",6,14,8,6,6,8,0,0,0,0,0,14,8,6,6,8,9,8.79040304467055,9.8087921836968,0.372072969167941,30
"11400","MG","Ladainha",18193,6570.88,31015,"Teófilo Otoni",3,"Sudeste",0,"313700",7,19,10,9,6,13,1,0,0,0,0,20,10,9,6,13,9,8.79040304467055,9.8087921836968,0.401384755948262,29
"11401","MG","Lagoa da Prata",52711,35108.05,31026,"Bom Despacho",3,"Sudeste",1,"313720",2,102,17,85,27,75,0,0,0,0,0,102,17,85,27,75,21,10.4661857278878,10.8725794414014,0.294433881717235,29
"11402","MG","Lagoa da Prata",52711,35108.05,31026,"Bom Despacho",3,"Sudeste",1,"313720",3,94,11,83,35,59,0,0,0,0,0,94,11,83,35,59,25,10.4661857278878,10.8725794414014,0.378475299876143,31
"11403","MG","Lagoa da Prata",52711,35108.05,31026,"Bom Despacho",3,"Sudeste",1,"313720",4,43,9,34,16,27,1,0,0,0,0,44,9,34,16,27,27,10.4661857278878,10.8725794414014,0.398751411878982,30
"11404","MG","Lagoa da Prata",52711,35108.05,31026,"Bom Despacho",3,"Sudeste",1,"313720",5,57,8,49,17,40,0,0,0,0,0,57,8,49,17,40,17,10.4661857278878,10.8725794414014,0.362584527074822,31
"11405","MG","Lagoa da Prata",52711,35108.05,31026,"Bom Despacho",3,"Sudeste",1,"313720",6,58,7,51,23,35,0,0,0,0,0,58,7,51,23,35,29,10.4661857278878,10.8725794414014,0.349535971797256,30
"11406","MG","Lagoa da Prata",52711,35108.05,31026,"Bom Despacho",3,"Sudeste",1,"313720",7,58,9,49,18,40,1,0,0,0,0,59,9,49,18,40,33,10.4661857278878,10.8725794414014,0.340525447726597,29
"11407","MG","Lagoa Dourada",13063,17148.18,31058,"São João Del Rei",3,"Sudeste",0,"313740",2,34,6,28,11,23,0,0,0,0,0,34,6,28,11,23,5,9.74964732451372,9.47753908548656,0.337811724656525,29
"11408","MG","Lagoa Dourada",13063,17148.18,31058,"São João Del Rei",3,"Sudeste",0,"313740",3,16,4,12,8,8,0,0,0,0,0,16,4,12,8,8,4,9.74964732451372,9.47753908548656,0.425367817252804,31
"11409","MG","Lagoa Dourada",13063,17148.18,31058,"São João Del Rei",3,"Sudeste",0,"313740",4,11,2,9,2,9,0,0,0,0,0,11,2,9,2,9,2,9.74964732451372,9.47753908548656,0.4706255367314,30
"11410","MG","Lagoa Dourada",13063,17148.18,31058,"São João Del Rei",3,"Sudeste",0,"313740",5,10,3,7,2,8,0,0,0,0,0,10,3,7,2,8,5,9.74964732451372,9.47753908548656,0.439629645883372,31
"11411","MG","Lagoa Dourada",13063,17148.18,31058,"São João Del Rei",3,"Sudeste",0,"313740",6,14,5,9,4,10,0,0,0,0,0,14,5,9,4,10,9,9.74964732451372,9.47753908548656,0.437065953329404,30
"11412","MG","Lagoa Dourada",13063,17148.18,31058,"São João Del Rei",3,"Sudeste",0,"313740",7,11,3,8,4,7,0,0,0,0,0,11,3,8,4,7,8,9.74964732451372,9.47753908548656,0.451622590548268,29
"11413","MG","Lagoa Formosa",18111,19145.32,31020,"Patos de Minas",3,"Sudeste",0,"313750",2,19,5,14,5,14,0,0,0,0,0,19,5,14,5,14,17,9.85981357831859,9.80427476746454,0.335645824879159,29
"11414","MG","Lagoa Formosa",18111,19145.32,31020,"Patos de Minas",3,"Sudeste",0,"313750",3,27,9,18,9,18,0,0,0,0,0,27,9,18,9,18,9,9.85981357831859,9.80427476746454,0.403779853550297,31
"11415","MG","Lagoa Formosa",18111,19145.32,31020,"Patos de Minas",3,"Sudeste",0,"313750",4,18,6,12,5,13,2,0,0,0,0,20,6,12,5,13,9,9.85981357831859,9.80427476746454,0.420197171418849,30
"11416","MG","Lagoa Formosa",18111,19145.32,31020,"Patos de Minas",3,"Sudeste",0,"313750",5,26,6,20,10,16,0,0,0,0,0,26,6,20,10,16,11,9.85981357831859,9.80427476746454,0.424335728812292,31
"11417","MG","Lagoa Formosa",18111,19145.32,31020,"Patos de Minas",3,"Sudeste",0,"313750",6,19,10,9,11,8,0,0,0,0,0,19,10,9,11,8,8,9.85981357831859,9.80427476746454,0.406413007387461,30
"11418","MG","Lagoa Formosa",18111,19145.32,31020,"Patos de Minas",3,"Sudeste",0,"313750",7,18,6,12,4,14,1,0,0,0,0,19,6,12,4,14,10,9.85981357831859,9.80427476746454,0.397192453938682,29
"11419","MG","Lagoa Grande",9608,25380.96,31002,"Paracatu",3,"Sudeste",0,"313753",2,10,4,6,6,4,0,0,0,0,0,10,4,6,6,4,10,10.1417545656121,9.17035136375982,0.296280195072269,29
"11420","MG","Lagoa Grande",9608,25380.96,31002,"Paracatu",3,"Sudeste",0,"313753",3,18,4,14,4,14,0,0,0,0,0,18,4,14,4,14,4,10.1417545656121,9.17035136375982,0.361565617246723,31
"11421","MG","Lagoa Grande",9608,25380.96,31002,"Paracatu",3,"Sudeste",0,"313753",4,7,2,5,4,3,0,0,0,0,0,7,2,5,4,3,3,10.1417545656121,9.17035136375982,0.3767907632342,30
"11422","MG","Lagoa Grande",9608,25380.96,31002,"Paracatu",3,"Sudeste",0,"313753",5,5,2,3,3,2,0,0,0,0,0,5,2,3,3,2,3,10.1417545656121,9.17035136375982,0.374240756764539,31
"11423","MG","Lagoa Grande",9608,25380.96,31002,"Paracatu",3,"Sudeste",0,"313753",6,6,2,4,4,2,0,0,0,0,0,6,2,4,4,2,3,10.1417545656121,9.17035136375982,0.360164147481183,30
"11424","MG","Lagoa Grande",9608,25380.96,31002,"Paracatu",3,"Sudeste",0,"313753",7,10,4,6,2,8,0,0,0,0,0,10,4,6,2,8,5,10.1417545656121,9.17035136375982,0.378732071905666,29
"11425","MG","Lagoa Santa",65657,26018.35,31030,"Belo Horizonte",3,"Sudeste",1,"313760",2,106,9,97,17,89,2,0,0,0,0,108,9,97,17,89,34,10.1665573372964,11.092199500094,0.294211005228821,29
"11426","MG","Lagoa Santa",65657,26018.35,31030,"Belo Horizonte",3,"Sudeste",1,"313760",3,88,6,82,24,64,1,0,0,0,0,89,6,82,24,64,19,10.1665573372964,11.092199500094,0.389204274589652,31
"11427","MG","Lagoa Santa",65657,26018.35,31030,"Belo Horizonte",3,"Sudeste",1,"313760",4,64,7,57,15,49,1,0,0,0,0,65,7,57,15,49,29,10.1665573372964,11.092199500094,0.452668504183819,30
"11428","MG","Lagoa Santa",65657,26018.35,31030,"Belo Horizonte",3,"Sudeste",1,"313760",5,85,11,74,18,67,2,0,0,0,0,87,11,74,18,67,24,10.1665573372964,11.092199500094,0.411621187178512,31
"11429","MG","Lagoa Santa",65657,26018.35,31030,"Belo Horizonte",3,"Sudeste",1,"313760",6,57,6,51,19,38,3,0,0,0,0,60,6,51,19,38,28,10.1665573372964,11.092199500094,0.375163225611188,30
"11430","MG","Lagoa Santa",65657,26018.35,31030,"Belo Horizonte",3,"Sudeste",1,"313760",7,74,12,62,18,56,0,0,0,0,0,74,12,62,18,56,27,10.1665573372964,11.092199500094,0.37985279750338,29
"11431","MG","Lajinha",19918,17239.56,31061,"Manhuaçu",3,"Sudeste",0,"313770",2,38,13,25,19,19,1,0,0,0,0,39,13,25,19,19,8,9.75496202185023,9.89937912449158,0.335224681366497,29
"11432","MG","Lajinha",19918,17239.56,31061,"Manhuaçu",3,"Sudeste",0,"313770",3,54,14,40,24,30,0,0,0,0,0,54,14,40,24,30,12,9.75496202185023,9.89937912449158,0.429051748438242,31
"11433","MG","Lajinha",19918,17239.56,31061,"Manhuaçu",3,"Sudeste",0,"313770",4,28,8,20,12,16,0,0,0,0,0,28,8,20,12,16,4,9.75496202185023,9.89937912449158,0.428185849717351,30
"11434","MG","Lajinha",19918,17239.56,31061,"Manhuaçu",3,"Sudeste",0,"313770",5,36,11,25,11,25,0,0,0,0,0,36,11,25,11,25,14,9.75496202185023,9.89937912449158,0.397135988323841,31
"11435","MG","Lajinha",19918,17239.56,31061,"Manhuaçu",3,"Sudeste",0,"313770",6,16,4,12,2,14,1,0,0,0,0,17,4,12,2,14,9,9.75496202185023,9.89937912449158,0.401651302367161,30
"11436","MG","Lajinha",19918,17239.56,31061,"Manhuaçu",3,"Sudeste",0,"313770",7,33,9,24,11,22,1,0,0,0,0,34,9,24,11,22,15,9.75496202185023,9.89937912449158,0.423918145222283,29
"11437","MG","Lambari",20907,15494,31054,"São Lourenço",3,"Sudeste",0,"313780",2,32,11,21,11,21,0,0,0,0,0,32,11,21,11,21,8,9.64820813119185,9.94783931010663,0.317002052196284,29
"11438","MG","Lambari",20907,15494,31054,"São Lourenço",3,"Sudeste",0,"313780",3,18,6,12,6,12,0,0,0,0,0,18,6,12,6,12,16,9.64820813119185,9.94783931010663,0.412858984159627,31
"11439","MG","Lambari",20907,15494,31054,"São Lourenço",3,"Sudeste",0,"313780",4,18,4,14,5,13,0,0,0,0,0,18,4,14,5,13,14,9.64820813119185,9.94783931010663,0.422758833753375,30
"11440","MG","Lambari",20907,15494,31054,"São Lourenço",3,"Sudeste",0,"313780",5,22,4,18,7,15,0,0,0,0,0,22,4,18,7,15,19,9.64820813119185,9.94783931010663,0.424121471941749,31
"11441","MG","Lambari",20907,15494,31054,"São Lourenço",3,"Sudeste",0,"313780",6,20,7,13,5,15,0,0,0,0,0,20,7,13,5,15,12,9.64820813119185,9.94783931010663,0.398669033424601,30
"11442","MG","Lambari",20907,15494,31054,"São Lourenço",3,"Sudeste",0,"313780",7,21,7,14,6,15,0,0,0,0,0,21,7,14,6,15,23,9.64820813119185,9.94783931010663,0.420628070181513,29
"11443","MG","Lavras",104783,25458.79,31057,"Lavras",3,"Sudeste",1,"313820",2,182,26,156,53,129,1,0,0,0,0,183,26,156,53,129,47,10.1448163454518,11.5596468239705,0.307051229794084,29
"11444","MG","Lavras",104783,25458.79,31057,"Lavras",3,"Sudeste",1,"313820",3,225,36,189,53,172,2,0,0,0,0,227,36,189,53,172,62,10.1448163454518,11.5596468239705,0.402861077146648,31
"11445","MG","Lavras",104783,25458.79,31057,"Lavras",3,"Sudeste",1,"313820",4,124,20,104,39,85,0,0,0,0,0,124,20,104,39,85,54,10.1448163454518,11.5596468239705,0.475440077034664,30
"11446","MG","Lavras",104783,25458.79,31057,"Lavras",3,"Sudeste",1,"313820",5,114,25,89,45,69,1,0,0,0,0,115,25,89,45,69,61,10.1448163454518,11.5596468239705,0.425058307954036,31
"11447","MG","Lavras",104783,25458.79,31057,"Lavras",3,"Sudeste",1,"313820",6,113,25,88,36,77,2,0,0,0,0,115,25,88,36,77,78,10.1448163454518,11.5596468239705,0.411661971712942,30
"11448","MG","Lavras",104783,25458.79,31057,"Lavras",3,"Sudeste",1,"313820",7,116,18,98,32,84,2,0,0,0,0,118,18,98,32,84,69,10.1448163454518,11.5596468239705,0.410977451969482,29
"11449","MG","Leopoldina",52640,19300.12,31066,"Cataguases",3,"Sudeste",1,"313840",2,85,17,68,28,57,1,0,0,0,0,86,17,68,28,57,33,9.86786659249023,10.8712315659992,0.305556516181827,29
"11450","MG","Leopoldina",52640,19300.12,31066,"Cataguases",3,"Sudeste",1,"313840",3,73,19,54,20,53,0,0,0,0,0,73,19,54,20,53,44,9.86786659249023,10.8712315659992,0.418505364355904,31
"11451","MG","Leopoldina",52640,19300.12,31066,"Cataguases",3,"Sudeste",1,"313840",4,44,6,38,15,29,0,0,0,0,0,44,6,38,15,29,32,9.86786659249023,10.8712315659992,0.483876981350175,30
"11452","MG","Leopoldina",52640,19300.12,31066,"Cataguases",3,"Sudeste",1,"313840",5,43,11,32,13,30,0,0,0,0,0,43,11,32,13,30,36,9.86786659249023,10.8712315659992,0.452086517307332,31
"11453","MG","Leopoldina",52640,19300.12,31066,"Cataguases",3,"Sudeste",1,"313840",6,59,12,47,21,38,0,0,0,0,0,59,12,47,21,38,61,9.86786659249023,10.8712315659992,0.416233083020708,30
"11454","MG","Leopoldina",52640,19300.12,31066,"Cataguases",3,"Sudeste",1,"313840",7,58,11,47,17,41,0,0,0,0,0,58,11,47,17,41,40,9.86786659249023,10.8712315659992,0.41994564182863,29
"11455","MG","Lima Duarte",16724,16596.5,31065,"Juiz de Fora",3,"Sudeste",0,"313860",2,15,4,11,9,6,0,0,0,0,0,15,4,11,9,6,13,9.71694710874055,9.72460009247646,0.31590694283868,29
"11456","MG","Lima Duarte",16724,16596.5,31065,"Juiz de Fora",3,"Sudeste",0,"313860",3,21,5,16,8,13,0,0,0,0,0,21,5,16,8,13,12,9.71694710874055,9.72460009247646,0.416558670538288,31
"11457","MG","Lima Duarte",16724,16596.5,31065,"Juiz de Fora",3,"Sudeste",0,"313860",4,16,6,10,9,7,0,0,0,0,0,16,6,10,9,7,19,9.71694710874055,9.72460009247646,0.4731422825246,30
"11458","MG","Lima Duarte",16724,16596.5,31065,"Juiz de Fora",3,"Sudeste",0,"313860",5,12,4,8,6,6,0,0,0,0,0,12,4,8,6,6,15,9.71694710874055,9.72460009247646,0.449310064063332,31
"11459","MG","Lima Duarte",16724,16596.5,31065,"Juiz de Fora",3,"Sudeste",0,"313860",6,8,5,3,5,3,0,0,0,0,0,8,5,3,5,3,16,9.71694710874055,9.72460009247646,0.426669023217606,30
"11460","MG","Lima Duarte",16724,16596.5,31065,"Juiz de Fora",3,"Sudeste",0,"313860",7,19,2,17,6,13,0,0,0,0,0,19,2,17,6,13,9,9.71694710874055,9.72460009247646,0.439936266661677,29
"11461","MG","Limeira do Oeste",7589,52101.89,31021,"Frutal",3,"Sudeste",0,"313862",2,15,2,13,4,11,0,0,0,0,0,15,2,13,4,11,7,10.860956503475,8.93445510940391,0.300931288913063,29
"11462","MG","Limeira do Oeste",7589,52101.89,31021,"Frutal",3,"Sudeste",0,"313862",3,13,3,10,5,8,0,0,0,0,0,13,3,10,5,8,3,10.860956503475,8.93445510940391,0.389382297009312,31
"11463","MG","Limeira do Oeste",7589,52101.89,31021,"Frutal",3,"Sudeste",0,"313862",4,2,0,2,0,2,0,0,0,0,0,2,0,2,0,2,6,10.860956503475,8.93445510940391,0.382329590449957,30
"11464","MG","Limeira do Oeste",7589,52101.89,31021,"Frutal",3,"Sudeste",0,"313862",5,13,2,11,5,8,1,0,0,0,0,14,2,11,5,8,10,10.860956503475,8.93445510940391,0.374957688730923,31
"11465","MG","Limeira do Oeste",7589,52101.89,31021,"Frutal",3,"Sudeste",0,"313862",6,9,3,6,5,4,0,0,0,0,0,9,3,6,5,4,2,10.860956503475,8.93445510940391,0.375678488735588,30
"11466","MG","Limeira do Oeste",7589,52101.89,31021,"Frutal",3,"Sudeste",0,"313862",7,12,2,10,7,5,0,0,0,0,0,12,2,10,7,5,2,10.860956503475,8.93445510940391,0.416128102443886,29
"11467","MG","Lontra",9714,7705.26,31007,"Montes Claros",3,"Sudeste",0,"313865",2,19,2,17,3,16,0,0,0,0,0,19,2,17,3,16,6,8.94965849150676,9.18132342290569,0.315024071102657,29
"11468","MG","Lontra",9714,7705.26,31007,"Montes Claros",3,"Sudeste",0,"313865",3,12,5,7,6,6,0,0,0,0,0,12,5,7,6,6,6,8.94965849150676,9.18132342290569,0.406406446598203,31
"11469","MG","Lontra",9714,7705.26,31007,"Montes Claros",3,"Sudeste",0,"313865",4,12,2,10,5,7,0,0,0,0,0,12,2,10,5,7,5,8.94965849150676,9.18132342290569,0.419775580507749,30
"11470","MG","Lontra",9714,7705.26,31007,"Montes Claros",3,"Sudeste",0,"313865",5,8,1,7,2,6,1,0,0,0,0,9,1,7,2,6,3,8.94965849150676,9.18132342290569,0.384327832932346,31
"11471","MG","Lontra",9714,7705.26,31007,"Montes Claros",3,"Sudeste",0,"313865",6,9,1,8,1,8,0,0,0,0,0,9,1,8,1,8,8,8.94965849150676,9.18132342290569,0.370663640862037,30
"11472","MG","Lontra",9714,7705.26,31007,"Montes Claros",3,"Sudeste",0,"313865",7,9,2,7,4,5,0,0,0,0,0,9,2,7,4,5,4,8.94965849150676,9.18132342290569,0.377116001344133,29
"11473","MG","Luminárias",5438,16610.24,31057,"Lavras",3,"Sudeste",0,"313870",2,8,2,6,3,5,0,0,0,0,0,8,2,6,3,5,1,9.71777465162998,8.60116662519242,0.285020872047627,29
"11474","MG","Luminárias",5438,16610.24,31057,"Lavras",3,"Sudeste",0,"313870",3,13,0,13,2,11,0,0,0,0,0,13,0,13,2,11,6,9.71777465162998,8.60116662519242,0.342935654115846,31
"11475","MG","Luminárias",5438,16610.24,31057,"Lavras",3,"Sudeste",0,"313870",4,3,2,1,0,3,0,0,0,0,0,3,2,1,0,3,4,9.71777465162998,8.60116662519242,0.370911806938975,30
"11476","MG","Luminárias",5438,16610.24,31057,"Lavras",3,"Sudeste",0,"313870",5,3,0,3,1,2,0,0,0,0,0,3,0,3,1,2,2,9.71777465162998,8.60116662519242,0.355928343667268,31
"11477","MG","Luminárias",5438,16610.24,31057,"Lavras",3,"Sudeste",0,"313870",6,5,1,4,1,4,0,0,0,0,0,5,1,4,1,4,5,9.71777465162998,8.60116662519242,0.376487293036971,30
"11478","MG","Luminárias",5438,16610.24,31057,"Lavras",3,"Sudeste",0,"313870",7,5,2,3,2,3,0,0,0,0,0,5,2,3,2,3,2,9.71777465162998,8.60116662519242,0.374056545662879,29
"11479","MG","Luz",18257,27700.42,31026,"Bom Despacho",3,"Sudeste",1,"313880",2,16,3,13,8,8,0,0,0,0,0,16,3,13,8,8,14,10.2292028545154,9.81230384711351,0.311098061252955,29
"11480","MG","Luz",18257,27700.42,31026,"Bom Despacho",3,"Sudeste",1,"313880",3,22,7,15,6,16,0,0,0,0,0,22,7,15,6,16,15,10.2292028545154,9.81230384711351,0.388936001995536,31
"11481","MG","Luz",18257,27700.42,31026,"Bom Despacho",3,"Sudeste",1,"313880",4,11,2,9,4,7,0,0,0,0,0,11,2,9,4,7,13,10.2292028545154,9.81230384711351,0.417443150300709,30
"11482","MG","Luz",18257,27700.42,31026,"Bom Despacho",3,"Sudeste",1,"313880",5,24,4,20,7,17,0,0,0,0,0,24,4,20,7,17,11,10.2292028545154,9.81230384711351,0.375361119311175,31
"11483","MG","Luz",18257,27700.42,31026,"Bom Despacho",3,"Sudeste",1,"313880",6,13,2,11,4,9,1,0,0,0,0,14,2,11,4,9,6,10.2292028545154,9.81230384711351,0.366651890902913,30
"11484","MG","Luz",18257,27700.42,31026,"Bom Despacho",3,"Sudeste",1,"313880",7,19,4,15,5,14,0,0,0,0,0,19,4,15,5,14,15,10.2292028545154,9.81230384711351,0.372452171430857,29
"11485","MG","Machado",42413,25254.66,31049,"Alfenas",3,"Sudeste",1,"313900",2,65,16,49,25,40,0,0,0,0,0,65,16,49,25,40,20,10.1367659721309,10.6552101980003,0.32422715719631,29
"11486","MG","Machado",42413,25254.66,31049,"Alfenas",3,"Sudeste",1,"313900",3,68,17,51,24,44,0,0,0,0,0,68,17,51,24,44,22,10.1367659721309,10.6552101980003,0.405860015739231,31
"11487","MG","Machado",42413,25254.66,31049,"Alfenas",3,"Sudeste",1,"313900",4,33,10,23,14,19,0,0,0,0,0,33,10,23,14,19,19,10.1367659721309,10.6552101980003,0.44832209938846,30
"11488","MG","Machado",42413,25254.66,31049,"Alfenas",3,"Sudeste",1,"313900",5,53,15,38,15,38,0,0,0,0,0,53,15,38,15,38,24,10.1367659721309,10.6552101980003,0.404707846228473,31
"11489","MG","Machado",42413,25254.66,31049,"Alfenas",3,"Sudeste",1,"313900",6,41,9,32,13,28,0,0,0,0,0,41,9,32,13,28,21,10.1367659721309,10.6552101980003,0.374207333546149,30
"11490","MG","Machado",42413,25254.66,31049,"Alfenas",3,"Sudeste",1,"313900",7,36,14,22,13,23,0,0,0,0,0,36,14,22,13,23,20,10.1367659721309,10.6552101980003,0.371256546761275,29
"11491","MG","Malacacheta",18602,10361.92,31015,"Teófilo Otoni",3,"Sudeste",0,"313920",2,29,7,22,13,16,0,0,0,0,0,29,7,22,13,16,19,9.24589282682765,9.83102438080241,0.278365962247831,29
"11492","MG","Malacacheta",18602,10361.92,31015,"Teófilo Otoni",3,"Sudeste",0,"313920",3,23,5,18,9,14,0,0,0,0,0,23,5,18,9,14,15,9.24589282682765,9.83102438080241,0.353407353708253,31
"11493","MG","Malacacheta",18602,10361.92,31015,"Teófilo Otoni",3,"Sudeste",0,"313920",4,13,3,10,5,8,0,0,0,0,0,13,3,10,5,8,13,9.24589282682765,9.83102438080241,0.392060163448949,30
"11494","MG","Malacacheta",18602,10361.92,31015,"Teófilo Otoni",3,"Sudeste",0,"313920",5,19,6,13,8,11,0,0,0,0,0,19,6,13,8,11,17,9.24589282682765,9.83102438080241,0.36740410560833,31
"11495","MG","Malacacheta",18602,10361.92,31015,"Teófilo Otoni",3,"Sudeste",0,"313920",6,12,5,7,3,9,0,0,0,0,0,12,5,7,3,9,17,9.24589282682765,9.83102438080241,0.362410334544746,30
"11496","MG","Malacacheta",18602,10361.92,31015,"Teófilo Otoni",3,"Sudeste",0,"313920",7,9,1,8,4,5,0,0,0,0,0,9,1,8,4,5,14,9.24589282682765,9.83102438080241,0.385324364814012,29
"11497","MG","Manga",18226,10457.97,31003,"Januária",3,"Sudeste",0,"313930",2,50,14,36,18,32,0,0,0,0,0,50,14,36,18,32,9,9.25511964612664,9.81060442505607,0.253083846398134,29
"11498","MG","Manga",18226,10457.97,31003,"Januária",3,"Sudeste",0,"313930",3,37,10,27,17,20,0,0,0,0,0,37,10,27,17,20,17,9.25511964612664,9.81060442505607,0.345816322175121,31
"11499","MG","Manga",18226,10457.97,31003,"Januária",3,"Sudeste",0,"313930",4,27,7,20,11,16,0,0,0,0,0,27,7,20,11,16,13,9.25511964612664,9.81060442505607,0.363499450440645,30
"11500","MG","Manga",18226,10457.97,31003,"Januária",3,"Sudeste",0,"313930",5,23,7,16,14,9,0,0,0,0,0,23,7,16,14,9,12,9.25511964612664,9.81060442505607,0.349818553234955,31
"11501","MG","Manga",18226,10457.97,31003,"Januária",3,"Sudeste",0,"313930",6,25,7,18,9,16,0,0,0,0,0,25,7,18,9,16,11,9.25511964612664,9.81060442505607,0.336053225675151,30
"11502","MG","Manga",18226,10457.97,31003,"Januária",3,"Sudeste",0,"313930",7,28,5,23,8,20,2,0,0,0,0,30,5,23,8,20,10,9.25511964612664,9.81060442505607,0.376552305794027,29
"11503","MG","Manhuaçu",91169,23446.8,31061,"Manhuaçu",3,"Sudeste",1,"313940",2,195,50,145,65,130,2,0,0,0,0,197,50,145,65,130,51,10.0624893040085,11.4204702059984,0.318080610293696,29
"11504","MG","Manhuaçu",91169,23446.8,31061,"Manhuaçu",3,"Sudeste",1,"313940",3,208,61,147,95,113,2,0,0,0,0,210,61,147,95,113,55,10.0624893040085,11.4204702059984,0.419542899240893,31
"11505","MG","Manhuaçu",91169,23446.8,31061,"Manhuaçu",3,"Sudeste",1,"313940",4,112,26,86,45,67,0,0,0,0,0,112,26,86,45,67,47,10.0624893040085,11.4204702059984,0.446852568983971,30
"11506","MG","Manhuaçu",91169,23446.8,31061,"Manhuaçu",3,"Sudeste",1,"313940",5,135,49,86,46,89,1,0,0,0,0,136,49,86,46,89,48,10.0624893040085,11.4204702059984,0.420583902652714,31
"11507","MG","Manhuaçu",91169,23446.8,31061,"Manhuaçu",3,"Sudeste",1,"313940",6,131,35,96,49,82,1,0,0,0,0,132,35,96,49,82,52,10.0624893040085,11.4204702059984,0.400133625651036,30
"11508","MG","Manhuaçu",91169,23446.8,31061,"Manhuaçu",3,"Sudeste",1,"313940",7,109,25,84,38,71,2,0,0,0,0,111,25,84,38,71,39,10.0624893040085,11.4204702059984,0.409432386155636,29
"11509","MG","Manhumirim",22802,20869.13,31061,"Manhuaçu",3,"Sudeste",1,"313950",2,36,7,29,16,20,0,0,0,0,0,36,7,29,16,20,14,9.94602631257081,10.0346035303937,0.373981769630921,29
"11510","MG","Manhumirim",22802,20869.13,31061,"Manhuaçu",3,"Sudeste",1,"313950",3,34,6,28,13,21,0,0,0,0,0,34,6,28,13,21,12,9.94602631257081,10.0346035303937,0.490634692143598,31
"11511","MG","Manhumirim",22802,20869.13,31061,"Manhuaçu",3,"Sudeste",1,"313950",4,35,14,21,14,21,0,0,0,0,0,35,14,21,14,21,20,9.94602631257081,10.0346035303937,0.533370611957389,30
"11512","MG","Manhumirim",22802,20869.13,31061,"Manhuaçu",3,"Sudeste",1,"313950",5,24,10,14,8,16,1,0,0,0,0,25,10,14,8,16,8,9.94602631257081,10.0346035303937,0.50634492348093,31
"11513","MG","Manhumirim",22802,20869.13,31061,"Manhuaçu",3,"Sudeste",1,"313950",6,36,14,22,17,19,1,0,0,0,0,37,14,22,17,19,18,9.94602631257081,10.0346035303937,0.471805268048872,30
"11514","MG","Manhumirim",22802,20869.13,31061,"Manhuaçu",3,"Sudeste",1,"313950",7,16,5,11,6,10,1,0,0,0,0,17,5,11,6,10,23,9.94602631257081,10.0346035303937,0.467155524681744,29
"11515","MG","Mantena",27647,14175.87,31038,"Mantena",3,"Sudeste",0,"313960",2,52,12,40,15,37,0,0,0,0,0,52,12,40,15,37,15,9.55929650237392,10.2272725019682,0.292589520284329,29
"11516","MG","Mantena",27647,14175.87,31038,"Mantena",3,"Sudeste",0,"313960",3,50,12,38,24,26,0,0,0,0,0,50,12,38,24,26,16,9.55929650237392,10.2272725019682,0.388427007142449,31
"11517","MG","Mantena",27647,14175.87,31038,"Mantena",3,"Sudeste",0,"313960",4,31,3,28,14,17,1,0,0,0,0,32,3,28,14,17,10,9.55929650237392,10.2272725019682,0.410939717686816,30
"11518","MG","Mantena",27647,14175.87,31038,"Mantena",3,"Sudeste",0,"313960",5,30,9,21,11,19,0,0,0,0,0,30,9,21,11,19,18,9.55929650237392,10.2272725019682,0.409196710980412,31
"11519","MG","Mantena",27647,14175.87,31038,"Mantena",3,"Sudeste",0,"313960",6,42,9,33,16,26,0,0,0,0,0,42,9,33,16,26,25,9.55929650237392,10.2272725019682,0.373424565425805,30
"11520","MG","Mantena",27647,14175.87,31038,"Mantena",3,"Sudeste",0,"313960",7,35,9,26,13,22,0,0,0,0,0,35,9,26,13,22,12,9.55929650237392,10.2272725019682,0.392448828392127,29
"11521","MG","Mar de Espanha",12901,13446.49,31065,"Juiz de Fora",3,"Sudeste",1,"313980",2,21,7,14,5,16,1,0,0,0,0,22,7,14,5,16,11,9.50647338442954,9.46506010672514,0.336200973229522,29
"11522","MG","Mar de Espanha",12901,13446.49,31065,"Juiz de Fora",3,"Sudeste",1,"313980",3,17,8,9,5,12,0,0,0,0,0,17,8,9,5,12,7,9.50647338442954,9.46506010672514,0.433766045593544,31
"11523","MG","Mar de Espanha",12901,13446.49,31065,"Juiz de Fora",3,"Sudeste",1,"313980",4,11,3,8,2,9,0,0,0,0,0,11,3,8,2,9,8,9.50647338442954,9.46506010672514,0.496661351493061,30
"11524","MG","Mar de Espanha",12901,13446.49,31065,"Juiz de Fora",3,"Sudeste",1,"313980",5,13,5,8,7,6,0,0,0,0,0,13,5,8,7,6,12,9.50647338442954,9.46506010672514,0.45530741886573,31
"11525","MG","Mar de Espanha",12901,13446.49,31065,"Juiz de Fora",3,"Sudeste",1,"313980",6,14,5,9,8,6,0,0,0,0,0,14,5,9,8,6,13,9.50647338442954,9.46506010672514,0.398700974104423,30
"11526","MG","Mar de Espanha",12901,13446.49,31065,"Juiz de Fora",3,"Sudeste",1,"313980",7,20,9,11,7,13,0,0,0,0,0,20,9,11,7,13,7,9.50647338442954,9.46506010672514,0.375994771391528,29
"11527","MG","Maria da Fé",14056,11731.6,31056,"Itajubá",3,"Sudeste",0,"313990",2,29,6,23,10,19,0,0,0,0,0,29,6,23,10,19,6,9.3700413347326,9.55080462986693,0.321499851272137,29
"11528","MG","Maria da Fé",14056,11731.6,31056,"Itajubá",3,"Sudeste",0,"313990",3,18,1,17,7,11,0,0,0,0,0,18,1,17,7,11,14,9.3700413347326,9.55080462986693,0.410714958023356,31
"11529","MG","Maria da Fé",14056,11731.6,31056,"Itajubá",3,"Sudeste",0,"313990",4,16,6,10,5,11,0,0,0,0,0,16,6,10,5,11,8,9.3700413347326,9.55080462986693,0.42988265705668,30
"11530","MG","Maria da Fé",14056,11731.6,31056,"Itajubá",3,"Sudeste",0,"313990",5,11,4,7,4,7,0,0,0,0,0,11,4,7,4,7,6,9.3700413347326,9.55080462986693,0.404035882819258,31
"11531","MG","Maria da Fé",14056,11731.6,31056,"Itajubá",3,"Sudeste",0,"313990",6,20,2,18,5,15,0,0,0,0,0,20,2,18,5,15,5,9.3700413347326,9.55080462986693,0.385479574194238,30
"11532","MG","Maria da Fé",14056,11731.6,31056,"Itajubá",3,"Sudeste",0,"313990",7,15,2,13,8,7,0,0,0,0,0,15,2,13,8,7,15,9.3700413347326,9.55080462986693,0.392030043452893,29
"11533","MG","Mariana",61288,45786.96,31033,"Ouro Preto",3,"Sudeste",1,"314000",2,111,24,87,38,73,0,0,0,0,0,111,24,87,38,73,28,10.7317546134057,11.0233393441967,0.301009755104313,29
"11534","MG","Mariana",61288,45786.96,31033,"Ouro Preto",3,"Sudeste",1,"314000",3,109,20,89,40,69,0,0,0,0,0,109,20,89,40,69,22,10.7317546134057,11.0233393441967,0.420711848757335,31
"11535","MG","Mariana",61288,45786.96,31033,"Ouro Preto",3,"Sudeste",1,"314000",4,57,16,41,22,35,0,0,0,0,0,57,16,41,22,35,23,10.7317546134057,11.0233393441967,0.507115657156122,30
"11536","MG","Mariana",61288,45786.96,31033,"Ouro Preto",3,"Sudeste",1,"314000",5,65,13,52,19,46,0,0,0,0,0,65,13,52,19,46,34,10.7317546134057,11.0233393441967,0.458027294220279,31
"11537","MG","Mariana",61288,45786.96,31033,"Ouro Preto",3,"Sudeste",1,"314000",6,68,14,54,19,49,0,0,0,0,0,68,14,54,19,49,32,10.7317546134057,11.0233393441967,0.428333494614522,30
"11538","MG","Mariana",61288,45786.96,31033,"Ouro Preto",3,"Sudeste",1,"314000",7,67,14,53,19,48,0,0,0,0,0,67,14,53,19,48,27,10.7317546134057,11.0233393441967,0.410652040165282,29
"11539","MG","Mário Campos",15619,10246.91,31030,"Belo Horizonte",3,"Sudeste",1,"314015",2,26,4,22,10,16,0,0,0,0,0,26,4,22,10,16,1,9.23473147570269,9.65624340085772,0.300091973488119,29
"11540","MG","Mário Campos",15619,10246.91,31030,"Belo Horizonte",3,"Sudeste",1,"314015",3,29,2,27,9,20,0,0,0,0,0,29,2,27,9,20,4,9.23473147570269,9.65624340085772,0.389686996531355,31
"11541","MG","Mário Campos",15619,10246.91,31030,"Belo Horizonte",3,"Sudeste",1,"314015",4,10,3,7,4,6,0,0,0,0,0,10,3,7,4,6,12,9.23473147570269,9.65624340085772,0.434516827120048,30
"11542","MG","Mário Campos",15619,10246.91,31030,"Belo Horizonte",3,"Sudeste",1,"314015",5,20,3,17,8,12,0,0,0,0,0,20,3,17,8,12,6,9.23473147570269,9.65624340085772,0.377452912454394,31
"11543","MG","Mário Campos",15619,10246.91,31030,"Belo Horizonte",3,"Sudeste",1,"314015",6,29,2,27,8,21,0,0,0,0,0,29,2,27,8,21,8,9.23473147570269,9.65624340085772,0.36027084997773,30
"11544","MG","Mário Campos",15619,10246.91,31030,"Belo Horizonte",3,"Sudeste",1,"314015",7,21,8,13,5,16,0,0,0,0,0,21,8,13,5,16,6,9.23473147570269,9.65624340085772,0.38075399743373,29
"11545","MG","Martinho Campos",13443,25038.2,31026,"Bom Despacho",3,"Sudeste",0,"314050",2,12,3,9,7,5,0,0,0,0,0,12,3,9,7,5,6,10.1281579376462,9.50621380345425,0.318056296938355,29
"11546","MG","Martinho Campos",13443,25038.2,31026,"Bom Despacho",3,"Sudeste",0,"314050",3,16,5,11,7,9,0,0,0,0,0,16,5,11,7,9,10,10.1281579376462,9.50621380345425,0.381890354339415,31
"11547","MG","Martinho Campos",13443,25038.2,31026,"Bom Despacho",3,"Sudeste",0,"314050",4,7,0,7,2,5,0,0,0,0,0,7,0,7,2,5,13,10.1281579376462,9.50621380345425,0.408979257560258,30
"11548","MG","Martinho Campos",13443,25038.2,31026,"Bom Despacho",3,"Sudeste",0,"314050",5,11,2,9,5,6,0,0,0,0,0,11,2,9,5,6,8,10.1281579376462,9.50621380345425,0.398651944510696,31
"11549","MG","Martinho Campos",13443,25038.2,31026,"Bom Despacho",3,"Sudeste",0,"314050",6,11,1,10,3,8,0,0,0,0,0,11,1,10,3,8,5,10.1281579376462,9.50621380345425,0.382856458854825,30
"11550","MG","Martinho Campos",13443,25038.2,31026,"Bom Despacho",3,"Sudeste",0,"314050",7,15,5,10,6,9,0,0,0,0,0,15,5,10,6,9,8,10.1281579376462,9.50621380345425,0.371486892294372,29
"11551","MG","Martins Soares",8531,24003.32,31061,"Manhuaçu",3,"Sudeste",0,"314053",2,20,5,15,6,14,0,0,0,0,0,20,5,15,6,14,8,10.0859474330962,9.05146186690869,0.368331502784632,29
"11552","MG","Martins Soares",8531,24003.32,31061,"Manhuaçu",3,"Sudeste",0,"314053",3,19,7,12,6,13,0,0,0,0,0,19,7,12,6,13,1,10.0859474330962,9.05146186690869,0.457659335760502,31
"11553","MG","Martins Soares",8531,24003.32,31061,"Manhuaçu",3,"Sudeste",0,"314053",4,16,6,10,7,9,0,0,0,0,0,16,6,10,7,9,4,10.0859474330962,9.05146186690869,0.495965297684819,30
"11554","MG","Martins Soares",8531,24003.32,31061,"Manhuaçu",3,"Sudeste",0,"314053",5,19,8,11,15,4,0,0,0,0,0,19,8,11,15,4,8,10.0859474330962,9.05146186690869,0.458292171135295,31
"11555","MG","Martins Soares",8531,24003.32,31061,"Manhuaçu",3,"Sudeste",0,"314053",6,12,5,7,4,8,0,0,0,0,0,12,5,7,4,8,8,10.0859474330962,9.05146186690869,0.453232350125155,30
"11556","MG","Martins Soares",8531,24003.32,31061,"Manhuaçu",3,"Sudeste",0,"314053",7,6,3,3,1,5,0,0,0,0,0,6,3,3,1,5,5,10.0859474330962,9.05146186690869,0.460786441693894,29
"11557","MG","Mata Verde",8644,7985.25,31014,"Almenara",3,"Sudeste",0,"314055",2,3,1,2,3,0,0,0,0,0,0,3,1,2,3,0,5,8.98535136886282,9.06462071762678,0.286835264791221,29
"11558","MG","Mata Verde",8644,7985.25,31014,"Almenara",3,"Sudeste",0,"314055",3,6,2,4,0,6,0,0,0,0,0,6,2,4,0,6,2,8.98535136886282,9.06462071762678,0.373333719946342,31
"11559","MG","Mata Verde",8644,7985.25,31014,"Almenara",3,"Sudeste",0,"314055",4,2,1,1,0,2,0,0,0,0,0,2,1,1,0,2,2,8.98535136886282,9.06462071762678,0.396938615558191,30
"11560","MG","Mata Verde",8644,7985.25,31014,"Almenara",3,"Sudeste",0,"314055",5,14,7,7,5,9,0,0,0,0,0,14,7,7,5,9,2,8.98535136886282,9.06462071762678,0.406732250043692,31
"11561","MG","Mata Verde",8644,7985.25,31014,"Almenara",3,"Sudeste",0,"314055",6,8,4,4,4,4,0,0,0,0,0,8,4,4,4,4,2,8.98535136886282,9.06462071762678,0.384293856818854,30
"11562","MG","Mata Verde",8644,7985.25,31014,"Almenara",3,"Sudeste",0,"314055",7,5,3,2,5,0,0,0,0,0,0,5,3,2,5,0,4,8.98535136886282,9.06462071762678,0.385069526307643,29
"11563","MG","Mateus Leme",31364,22650.53,31030,"Belo Horizonte",3,"Sudeste",0,"314070",2,64,8,56,20,44,0,0,0,0,0,64,8,56,20,44,12,10.0279385301959,10.3534160173508,0.3164791253548,29
"11564","MG","Mateus Leme",31364,22650.53,31030,"Belo Horizonte",3,"Sudeste",0,"314070",3,61,8,53,27,34,0,0,0,0,0,61,8,53,27,34,17,10.0279385301959,10.3534160173508,0.39942523461731,31
"11565","MG","Mateus Leme",31364,22650.53,31030,"Belo Horizonte",3,"Sudeste",0,"314070",4,45,14,31,20,25,2,0,0,0,0,47,14,31,20,25,16,10.0279385301959,10.3534160173508,0.440386557125176,30
"11566","MG","Mateus Leme",31364,22650.53,31030,"Belo Horizonte",3,"Sudeste",0,"314070",5,34,12,22,11,23,1,0,0,0,0,35,12,22,11,23,15,10.0279385301959,10.3534160173508,0.390111475741446,31
"11567","MG","Mateus Leme",31364,22650.53,31030,"Belo Horizonte",3,"Sudeste",0,"314070",6,46,6,40,16,30,0,0,0,0,0,46,6,40,16,30,22,10.0279385301959,10.3534160173508,0.373161247151017,30
"11568","MG","Mateus Leme",31364,22650.53,31030,"Belo Horizonte",3,"Sudeste",0,"314070",7,36,10,26,14,22,0,0,0,0,0,36,10,26,14,22,23,10.0279385301959,10.3534160173508,0.379738427802335,29
"11569","MG","Matias Barbosa",14548,36877.08,31065,"Juiz de Fora",3,"Sudeste",1,"314080",2,23,4,19,11,12,0,0,0,0,0,23,4,19,11,12,7,10.515345498831,9.58520880610688,0.294215508023765,29
"11570","MG","Matias Barbosa",14548,36877.08,31065,"Juiz de Fora",3,"Sudeste",1,"314080",3,16,4,12,5,11,0,0,0,0,0,16,4,12,5,11,12,10.515345498831,9.58520880610688,0.392021846863653,31
"11571","MG","Matias Barbosa",14548,36877.08,31065,"Juiz de Fora",3,"Sudeste",1,"314080",4,10,4,6,4,6,0,0,0,0,0,10,4,6,4,6,13,10.515345498831,9.58520880610688,0.445660071816836,30
"11572","MG","Matias Barbosa",14548,36877.08,31065,"Juiz de Fora",3,"Sudeste",1,"314080",5,17,3,14,8,9,0,0,0,0,0,17,3,14,8,9,10,10.515345498831,9.58520880610688,0.411906014222268,31
"11573","MG","Matias Barbosa",14548,36877.08,31065,"Juiz de Fora",3,"Sudeste",1,"314080",6,14,4,10,6,8,0,0,0,0,0,14,4,10,6,8,5,10.515345498831,9.58520880610688,0.382912919515231,30
"11574","MG","Matias Barbosa",14548,36877.08,31065,"Juiz de Fora",3,"Sudeste",1,"314080",7,15,3,12,4,11,1,0,0,0,0,16,3,12,4,11,8,10.515345498831,9.58520880610688,0.388320167005183,29
"11575","MG","Matipó",19005,20179.73,31061,"Manhuaçu",3,"Sudeste",0,"314090",2,20,5,15,6,14,0,0,0,0,0,20,5,15,6,14,4,9.91243391423435,9.85245738142335,0.336023888305041,29
"11576","MG","Matipó",19005,20179.73,31061,"Manhuaçu",3,"Sudeste",0,"314090",3,32,9,23,21,11,0,0,0,0,0,32,9,23,21,11,7,9.91243391423435,9.85245738142335,0.407883938048469,31
"11577","MG","Matipó",19005,20179.73,31061,"Manhuaçu",3,"Sudeste",0,"314090",4,24,10,14,8,16,0,0,0,0,0,24,10,14,8,16,4,9.91243391423435,9.85245738142335,0.397833244357363,30
"11578","MG","Matipó",19005,20179.73,31061,"Manhuaçu",3,"Sudeste",0,"314090",5,20,9,11,10,10,0,0,0,0,0,20,9,11,10,10,4,9.91243391423435,9.85245738142335,0.385631392873994,31
"11579","MG","Matipó",19005,20179.73,31061,"Manhuaçu",3,"Sudeste",0,"314090",6,25,9,16,11,14,1,0,0,0,0,26,9,16,11,14,3,9.91243391423435,9.85245738142335,0.370391293944224,30
"11580","MG","Matipó",19005,20179.73,31061,"Manhuaçu",3,"Sudeste",0,"314090",7,28,12,16,16,12,1,0,0,0,0,29,12,16,16,12,4,9.91243391423435,9.85245738142335,0.395035240430305,29
"11581","MG","Mato Verde",12412,10009.34,31004,"Janaúba",3,"Sudeste",0,"314100",2,12,2,10,5,7,0,0,0,0,0,12,2,10,5,7,6,9.21127393606959,9.42641902556827,0.26049391355246,29
"11582","MG","Mato Verde",12412,10009.34,31004,"Janaúba",3,"Sudeste",0,"314100",3,23,6,17,8,15,0,0,0,0,0,23,6,17,8,15,8,9.21127393606959,9.42641902556827,0.344181233697509,31
"11583","MG","Mato Verde",12412,10009.34,31004,"Janaúba",3,"Sudeste",0,"314100",4,13,4,9,7,6,0,0,0,0,0,13,4,9,7,6,6,9.21127393606959,9.42641902556827,0.333784777068204,30
"11584","MG","Mato Verde",12412,10009.34,31004,"Janaúba",3,"Sudeste",0,"314100",5,7,1,6,2,5,0,0,0,0,0,7,1,6,2,5,7,9.21127393606959,9.42641902556827,0.343849190310605,31
"11585","MG","Mato Verde",12412,10009.34,31004,"Janaúba",3,"Sudeste",0,"314100",6,18,7,11,6,12,0,0,0,0,0,18,7,11,6,12,7,9.21127393606959,9.42641902556827,0.330149840149632,30
"11586","MG","Mato Verde",12412,10009.34,31004,"Janaúba",3,"Sudeste",0,"314100",7,15,5,10,2,13,0,0,0,0,0,15,5,10,2,13,6,9.21127393606959,9.42641902556827,0.368763887528264,29
"11587","MG","Matozinhos",38151,27209.92,31027,"Sete Lagoas",3,"Sudeste",1,"314110",2,63,10,53,25,38,1,0,0,0,0,64,10,53,25,38,13,10.2113368916774,10.5493072486889,0.298342935245915,29
"11588","MG","Matozinhos",38151,27209.92,31027,"Sete Lagoas",3,"Sudeste",1,"314110",3,40,5,35,8,32,2,0,0,0,0,42,5,35,8,32,22,10.2113368916774,10.5493072486889,0.36821293599492,31
"11589","MG","Matozinhos",38151,27209.92,31027,"Sete Lagoas",3,"Sudeste",1,"314110",4,37,2,35,15,22,0,0,0,0,0,37,2,35,15,22,14,10.2113368916774,10.5493072486889,0.404576419280234,30
"11590","MG","Matozinhos",38151,27209.92,31027,"Sete Lagoas",3,"Sudeste",1,"314110",5,40,2,38,17,23,0,0,0,0,0,40,2,38,17,23,28,10.2113368916774,10.5493072486889,0.373686913947956,31
"11591","MG","Matozinhos",38151,27209.92,31027,"Sete Lagoas",3,"Sudeste",1,"314110",6,40,5,35,8,32,0,0,0,0,0,40,5,35,8,32,23,10.2113368916774,10.5493072486889,0.362781254669426,30
"11592","MG","Matozinhos",38151,27209.92,31027,"Sete Lagoas",3,"Sudeste",1,"314110",7,45,5,40,13,32,0,0,0,0,0,45,5,40,13,32,26,10.2113368916774,10.5493072486889,0.362740441321345,29
"11593","MG","Medina",20759,10135.73,31013,"Pedra Azul",3,"Sudeste",0,"314140",2,16,6,10,11,5,0,0,0,0,0,16,6,10,11,5,11,9.22382208391927,9.94073516656279,0.27683515298267,29
"11594","MG","Medina",20759,10135.73,31013,"Pedra Azul",3,"Sudeste",0,"314140",3,16,2,14,6,10,0,0,0,0,0,16,2,14,6,10,8,9.22382208391927,9.94073516656279,0.376894030460847,31
"11595","MG","Medina",20759,10135.73,31013,"Pedra Azul",3,"Sudeste",0,"314140",4,25,11,14,9,16,0,0,0,0,0,25,11,14,9,16,11,9.22382208391927,9.94073516656279,0.391658679165871,30
"11596","MG","Medina",20759,10135.73,31013,"Pedra Azul",3,"Sudeste",0,"314140",5,29,7,22,16,13,2,0,0,0,0,31,7,22,16,13,6,9.22382208391927,9.94073516656279,0.405723028735263,31
"11597","MG","Medina",20759,10135.73,31013,"Pedra Azul",3,"Sudeste",0,"314140",6,24,8,16,14,10,0,0,0,0,0,24,8,16,14,10,18,9.22382208391927,9.94073516656279,0.377011956820733,30
"11598","MG","Medina",20759,10135.73,31013,"Pedra Azul",3,"Sudeste",0,"314140",7,37,11,26,17,20,0,0,0,0,0,37,11,26,17,20,17,9.22382208391927,9.94073516656279,0.399389542182332,29
"11599","MG","Mercês",10758,11118.41,31064,"Ubá",3,"Sudeste",0,"314160",2,12,2,10,6,6,0,0,0,0,0,12,2,10,6,6,7,9.31635757196964,9.28340494283319,0.291783464836505,29
"11600","MG","Mercês",10758,11118.41,31064,"Ubá",3,"Sudeste",0,"314160",3,11,2,9,3,8,0,0,0,0,0,11,2,9,3,8,10,9.31635757196964,9.28340494283319,0.382481000016714,31
"11601","MG","Mercês",10758,11118.41,31064,"Ubá",3,"Sudeste",0,"314160",4,11,2,9,4,7,0,0,0,0,0,11,2,9,4,7,9,9.31635757196964,9.28340494283319,0.44813613546752,30
"11602","MG","Mercês",10758,11118.41,31064,"Ubá",3,"Sudeste",0,"314160",5,7,3,4,3,4,0,0,0,0,0,7,3,4,3,4,6,9.31635757196964,9.28340494283319,0.424361726716454,31
"11603","MG","Mercês",10758,11118.41,31064,"Ubá",3,"Sudeste",0,"314160",6,10,4,6,1,9,0,0,0,0,0,10,4,6,1,9,8,9.31635757196964,9.28340494283319,0.406103286458556,30
"11604","MG","Mercês",10758,11118.41,31064,"Ubá",3,"Sudeste",0,"314160",7,9,3,6,4,5,0,0,0,0,0,9,3,6,4,5,5,9.31635757196964,9.28340494283319,0.418882063005605,29
"11605","MG","Minas Novas",31497,9476.24,31011,"Capelinha",3,"Sudeste",0,"314180",2,28,2,26,8,20,0,0,0,0,0,28,2,26,8,20,9,9.1565428921002,10.3576475821831,0.302726437525104,29
"11606","MG","Minas Novas",31497,9476.24,31011,"Capelinha",3,"Sudeste",0,"314180",3,35,11,24,10,25,0,0,0,0,0,35,11,24,10,25,8,9.1565428921002,10.3576475821831,0.416124348299575,31
"11607","MG","Minas Novas",31497,9476.24,31011,"Capelinha",3,"Sudeste",0,"314180",4,20,3,17,4,16,0,0,0,0,0,20,3,17,4,16,7,9.1565428921002,10.3576475821831,0.41304618179703,30
"11608","MG","Minas Novas",31497,9476.24,31011,"Capelinha",3,"Sudeste",0,"314180",5,19,2,17,9,10,0,0,0,0,0,19,2,17,9,10,11,9.1565428921002,10.3576475821831,0.390405056372823,31
"11609","MG","Minas Novas",31497,9476.24,31011,"Capelinha",3,"Sudeste",0,"314180",6,25,5,20,9,16,1,0,0,0,0,26,5,20,9,16,5,9.1565428921002,10.3576475821831,0.372260081784275,30
"11610","MG","Minas Novas",31497,9476.24,31011,"Capelinha",3,"Sudeste",0,"314180",7,23,3,20,11,12,1,0,0,0,0,24,3,20,11,12,14,9.1565428921002,10.3576475821831,0.386129862808735,29
"11611","MG","Mirabela",13620,9323.97,31007,"Montes Claros",3,"Sudeste",0,"314200",2,29,3,26,10,19,0,0,0,0,0,29,3,26,10,19,5,9.14034378264725,9.5192945797035,0.283680306099064,29
"11612","MG","Mirabela",13620,9323.97,31007,"Montes Claros",3,"Sudeste",0,"314200",3,21,5,16,11,10,0,0,0,0,0,21,5,16,11,10,8,9.14034378264725,9.5192945797035,0.343331604112599,31
"11613","MG","Mirabela",13620,9323.97,31007,"Montes Claros",3,"Sudeste",0,"314200",4,15,2,13,5,10,0,0,0,0,0,15,2,13,5,10,9,9.14034378264725,9.5192945797035,0.352366556745173,30
"11614","MG","Mirabela",13620,9323.97,31007,"Montes Claros",3,"Sudeste",0,"314200",5,13,2,11,7,6,0,0,0,0,0,13,2,11,7,6,8,9.14034378264725,9.5192945797035,0.378677610617301,31
"11615","MG","Mirabela",13620,9323.97,31007,"Montes Claros",3,"Sudeste",0,"314200",6,17,2,15,10,7,0,0,0,0,0,17,2,15,10,7,12,9.14034378264725,9.5192945797035,0.355437862666578,30
"11616","MG","Mirabela",13620,9323.97,31007,"Montes Claros",3,"Sudeste",0,"314200",7,17,2,15,7,10,0,0,0,0,0,17,2,15,7,10,6,9.14034378264725,9.5192945797035,0.380453997956098,29
"11617","MG","Miraí",15111,16974.53,31063,"Muriaé",3,"Sudeste",0,"314220",2,11,3,8,3,8,0,0,0,0,0,11,3,8,3,8,9,9.73946926426744,9.62317823441376,0.318205143218585,29
"11618","MG","Miraí",15111,16974.53,31063,"Muriaé",3,"Sudeste",0,"314220",3,7,2,5,1,6,0,0,0,0,0,7,2,5,1,6,8,9.73946926426744,9.62317823441376,0.379914944132261,31
"11619","MG","Miraí",15111,16974.53,31063,"Muriaé",3,"Sudeste",0,"314220",4,2,1,1,1,1,0,0,0,0,0,2,1,1,1,1,13,9.73946926426744,9.62317823441376,0.458311984024367,30
"11620","MG","Miraí",15111,16974.53,31063,"Muriaé",3,"Sudeste",0,"314220",5,4,2,2,1,3,0,0,0,0,0,4,2,2,1,3,8,9.73946926426744,9.62317823441376,0.429387608241612,31
"11621","MG","Miraí",15111,16974.53,31063,"Muriaé",3,"Sudeste",0,"314220",6,3,1,2,1,2,0,0,0,0,0,3,1,2,1,2,6,9.73946926426744,9.62317823441376,0.443692760896367,30
"11622","MG","Miraí",15111,16974.53,31063,"Muriaé",3,"Sudeste",0,"314220",7,6,0,6,4,2,0,0,0,0,0,6,0,6,4,2,6,9.73946926426744,9.62317823441376,0.437083362684083,29
"11623","MG","Moema",7554,15042.17,31026,"Bom Despacho",3,"Sudeste",0,"314240",2,13,4,9,4,9,0,0,0,0,0,13,4,9,4,9,7,9.61861286901109,8.9298325032724,0.330238173838421,29
"11624","MG","Moema",7554,15042.17,31026,"Bom Despacho",3,"Sudeste",0,"314240",3,22,3,19,7,15,0,0,0,0,0,22,3,19,7,15,3,9.61861286901109,8.9298325032724,0.394255375679089,31
"11625","MG","Moema",7554,15042.17,31026,"Bom Despacho",3,"Sudeste",0,"314240",4,3,0,3,0,3,0,0,0,0,0,3,0,3,0,3,2,9.61861286901109,8.9298325032724,0.375438880579838,30
"11626","MG","Moema",7554,15042.17,31026,"Bom Despacho",3,"Sudeste",0,"314240",5,7,1,6,3,4,0,0,0,0,0,7,1,6,3,4,8,9.61861286901109,8.9298325032724,0.346639178364251,31
"11627","MG","Moema",7554,15042.17,31026,"Bom Despacho",3,"Sudeste",0,"314240",6,8,1,7,4,4,0,0,0,0,0,8,1,7,4,4,7,9.61861286901109,8.9298325032724,0.330882656405289,30
"11628","MG","Moema",7554,15042.17,31026,"Bom Despacho",3,"Sudeste",0,"314240",7,14,3,11,4,10,0,0,0,0,0,14,3,11,4,10,5,9.61861286901109,8.9298325032724,0.340807933520503,29
"11629","MG","Monsenhor Paulo",8727,20368.08,31050,"Varginha",3,"Sudeste",0,"314260",2,13,6,7,4,9,0,0,0,0,0,13,6,7,4,9,4,9.92172424851925,9.07417694716331,0.342239051204838,29
"11630","MG","Monsenhor Paulo",8727,20368.08,31050,"Varginha",3,"Sudeste",0,"314260",3,8,0,8,5,3,0,0,0,0,0,8,0,8,5,3,9,9.92172424851925,9.07417694716331,0.424021135851078,31
"11631","MG","Monsenhor Paulo",8727,20368.08,31050,"Varginha",3,"Sudeste",0,"314260",4,2,0,2,0,2,0,0,0,0,0,2,0,2,0,2,1,9.92172424851925,9.07417694716331,0.469092477112994,30
"11632","MG","Monsenhor Paulo",8727,20368.08,31050,"Varginha",3,"Sudeste",0,"314260",5,5,2,3,2,3,0,0,0,0,0,5,2,3,2,3,4,9.92172424851925,9.07417694716331,0.443743206155192,31
"11633","MG","Monsenhor Paulo",8727,20368.08,31050,"Varginha",3,"Sudeste",0,"314260",6,9,3,6,4,5,0,0,0,0,0,9,3,6,4,5,3,9.92172424851925,9.07417694716331,0.392160732046547,30
"11634","MG","Monsenhor Paulo",8727,20368.08,31050,"Varginha",3,"Sudeste",0,"314260",7,7,1,6,2,5,0,0,0,0,0,7,1,6,2,5,3,9.92172424851925,9.07417694716331,0.384042732842133,29
"11635","MG","Montalvânia",14747,8741.65,31003,"Januária",3,"Sudeste",0,"314270",2,24,7,17,15,9,0,0,0,0,0,24,7,17,15,9,6,9.07585423801688,9.59879495125094,0.291182789292959,29
"11636","MG","Montalvânia",14747,8741.65,31003,"Januária",3,"Sudeste",0,"314270",3,26,9,17,10,16,0,0,0,0,0,26,9,17,10,16,6,9.07585423801688,9.59879495125094,0.393743104623151,31
"11637","MG","Montalvânia",14747,8741.65,31003,"Januária",3,"Sudeste",0,"314270",4,13,6,7,5,8,0,0,0,0,0,13,6,7,5,8,7,9.07585423801688,9.59879495125094,0.402760187128799,30
"11638","MG","Montalvânia",14747,8741.65,31003,"Januária",3,"Sudeste",0,"314270",5,9,3,6,3,6,0,0,0,0,0,9,3,6,3,6,9,9.07585423801688,9.59879495125094,0.392825580999506,31
"11639","MG","Montalvânia",14747,8741.65,31003,"Januária",3,"Sudeste",0,"314270",6,20,8,12,8,12,0,0,0,0,0,20,8,12,8,12,4,9.07585423801688,9.59879495125094,0.363257361892687,30
"11640","MG","Montalvânia",14747,8741.65,31003,"Januária",3,"Sudeste",0,"314270",7,14,4,10,4,10,0,0,0,0,0,14,4,10,4,10,3,9.07585423801688,9.59879495125094,0.402078823646274,29
"11641","MG","Monte Alegre de Minas",21236,25230.22,31018,"Uberlândia",3,"Sudeste",0,"314280",2,30,8,22,16,14,0,0,0,0,0,30,8,22,16,14,9,10.1357977613751,9.96345313370356,0.283908432257121,29
"11642","MG","Monte Alegre de Minas",21236,25230.22,31018,"Uberlândia",3,"Sudeste",0,"314280",3,29,10,19,12,17,1,0,0,0,0,30,10,19,12,17,12,10.1357977613751,9.96345313370356,0.35759592642594,31
"11643","MG","Monte Alegre de Minas",21236,25230.22,31018,"Uberlândia",3,"Sudeste",0,"314280",4,16,1,15,8,8,0,0,0,0,0,16,1,15,8,8,13,10.1357977613751,9.96345313370356,0.374636164951679,30
"11644","MG","Monte Alegre de Minas",21236,25230.22,31018,"Uberlândia",3,"Sudeste",0,"314280",5,25,6,19,11,14,0,0,0,0,0,25,6,19,11,14,14,10.1357977613751,9.96345313370356,0.369181286528712,31
"11645","MG","Monte Alegre de Minas",21236,25230.22,31018,"Uberlândia",3,"Sudeste",0,"314280",6,21,10,11,12,9,1,0,0,0,0,22,10,11,12,9,17,10.1357977613751,9.96345313370356,0.359630050295951,30
"11646","MG","Monte Alegre de Minas",21236,25230.22,31018,"Uberlândia",3,"Sudeste",0,"314280",7,16,4,12,8,8,0,0,0,0,0,16,4,12,8,8,18,10.1357977613751,9.96345313370356,0.376627083069721,29
"11647","MG","Monte Azul",20696,9231.8,31004,"Janaúba",3,"Sudeste",0,"314290",2,38,7,31,11,27,0,0,0,0,0,38,7,31,11,27,4,9.13040932473506,9.93769572386586,0.269593856489717,29
"11648","MG","Monte Azul",20696,9231.8,31004,"Janaúba",3,"Sudeste",0,"314290",3,29,2,27,15,14,0,0,0,0,0,29,2,27,15,14,17,9.13040932473506,9.93769572386586,0.380472924120353,31
"11649","MG","Monte Azul",20696,9231.8,31004,"Janaúba",3,"Sudeste",0,"314290",4,16,1,15,5,11,0,0,0,0,0,16,1,15,5,11,16,9.13040932473506,9.93769572386586,0.406000811059664,30
"11650","MG","Monte Azul",20696,9231.8,31004,"Janaúba",3,"Sudeste",0,"314290",5,16,3,13,6,10,0,0,0,0,0,16,3,13,6,10,18,9.13040932473506,9.93769572386586,0.389303181800709,31
"11651","MG","Monte Azul",20696,9231.8,31004,"Janaúba",3,"Sudeste",0,"314290",6,19,1,18,6,13,0,0,0,0,0,19,1,18,6,13,9,9.13040932473506,9.93769572386586,0.360269888703624,30
"11652","MG","Monte Azul",20696,9231.8,31004,"Janaúba",3,"Sudeste",0,"314290",7,21,5,16,5,16,0,0,0,0,0,21,5,16,5,16,11,9.13040932473506,9.93769572386586,0.386816209968788,29
"11653","MG","Monte Belo",13152,19976.02,31048,"São Sebastião do Paraíso",3,"Sudeste",0,"314300",2,17,6,11,5,12,0,0,0,0,0,17,6,11,5,12,6,9.90228783316055,9.48432911729596,0.318244150170899,29
"11654","MG","Monte Belo",13152,19976.02,31048,"São Sebastião do Paraíso",3,"Sudeste",0,"314300",3,12,3,9,5,7,0,0,0,0,0,12,3,9,5,7,10,9.90228783316055,9.48432911729596,0.373408712399067,31
"11655","MG","Monte Belo",13152,19976.02,31048,"São Sebastião do Paraíso",3,"Sudeste",0,"314300",4,10,4,6,3,7,0,0,0,0,0,10,4,6,3,7,5,9.90228783316055,9.48432911729596,0.406765144613585,30
"11656","MG","Monte Belo",13152,19976.02,31048,"São Sebastião do Paraíso",3,"Sudeste",0,"314300",5,9,3,6,5,4,0,0,0,0,0,9,3,6,5,4,6,9.90228783316055,9.48432911729596,0.396977758384824,31
"11657","MG","Monte Belo",13152,19976.02,31048,"São Sebastião do Paraíso",3,"Sudeste",0,"314300",6,8,3,5,1,7,0,0,0,0,0,8,3,5,1,7,9,9.90228783316055,9.48432911729596,0.379025625980774,30
"11658","MG","Monte Belo",13152,19976.02,31048,"São Sebastião do Paraíso",3,"Sudeste",0,"314300",7,11,4,7,6,5,0,0,0,0,0,11,4,7,6,5,5,9.90228783316055,9.48432911729596,0.383987363482924,29
"11659","MG","Monte Carmelo",47931,23654.49,31019,"Patrocínio",3,"Sudeste",1,"314310",2,76,24,52,28,48,0,0,0,0,0,76,24,52,28,48,27,10.0713082279089,10.7775177556957,0.3102542421209,29
"11660","MG","Monte Carmelo",47931,23654.49,31019,"Patrocínio",3,"Sudeste",1,"314310",3,52,10,42,18,34,0,0,0,0,0,52,10,42,18,34,24,10.0713082279089,10.7775177556957,0.391055981457105,31
"11661","MG","Monte Carmelo",47931,23654.49,31019,"Patrocínio",3,"Sudeste",1,"314310",4,34,7,27,13,21,0,0,0,0,0,34,7,27,13,21,19,10.0713082279089,10.7775177556957,0.40279882685358,30
"11662","MG","Monte Carmelo",47931,23654.49,31019,"Patrocínio",3,"Sudeste",1,"314310",5,50,11,39,15,35,0,0,0,0,0,50,11,39,15,35,18,10.0713082279089,10.7775177556957,0.368823580875256,31
"11663","MG","Monte Carmelo",47931,23654.49,31019,"Patrocínio",3,"Sudeste",1,"314310",6,54,13,41,21,33,0,0,0,0,0,54,13,41,21,33,26,10.0713082279089,10.7775177556957,0.363481693640684,30
"11664","MG","Monte Carmelo",47931,23654.49,31019,"Patrocínio",3,"Sudeste",1,"314310",7,63,11,52,23,40,0,0,0,0,0,63,11,52,23,40,25,10.0713082279089,10.7775177556957,0.365565234691124,29
"11665","MG","Monte Santo de Minas",21513,18777.47,31048,"São Sebastião do Paraíso",3,"Sudeste",0,"314320",2,32,10,22,11,21,0,0,0,0,0,32,10,22,11,21,14,9.84041302590212,9.97641268255068,0.330255552942251,29
"11666","MG","Monte Santo de Minas",21513,18777.47,31048,"São Sebastião do Paraíso",3,"Sudeste",0,"314320",3,33,7,26,10,23,0,0,0,0,0,33,7,26,10,23,14,9.84041302590212,9.97641268255068,0.396389888295644,31
"11667","MG","Monte Santo de Minas",21513,18777.47,31048,"São Sebastião do Paraíso",3,"Sudeste",0,"314320",4,22,6,16,13,9,0,0,0,0,0,22,6,16,13,9,10,9.84041302590212,9.97641268255068,0.426239302336822,30
"11668","MG","Monte Santo de Minas",21513,18777.47,31048,"São Sebastião do Paraíso",3,"Sudeste",0,"314320",5,16,4,12,4,12,0,0,0,0,0,16,4,12,4,12,14,9.84041302590212,9.97641268255068,0.401075500822851,31
"11669","MG","Monte Santo de Minas",21513,18777.47,31048,"São Sebastião do Paraíso",3,"Sudeste",0,"314320",6,27,6,21,13,14,0,0,0,0,0,27,6,21,13,14,13,9.84041302590212,9.97641268255068,0.398794513155763,30
"11670","MG","Monte Santo de Minas",21513,18777.47,31048,"São Sebastião do Paraíso",3,"Sudeste",0,"314320",7,19,4,15,5,14,0,0,0,0,0,19,4,15,5,14,11,9.84041302590212,9.97641268255068,0.387132898515156,29
"11671","MG","Montes Claros",413487,23323.68,31007,"Montes Claros",3,"Sudeste",1,"314330",2,866,97,769,250,616,7,0,0,0,0,873,97,769,250,616,174,10.0572244324743,12.9323813540158,0.280954867835498,29
"11672","MG","Montes Claros",413487,23323.68,31007,"Montes Claros",3,"Sudeste",1,"314330",3,863,98,765,249,614,9,0,0,0,0,872,98,765,249,614,197,10.0572244324743,12.9323813540158,0.381990509714489,31
"11673","MG","Montes Claros",413487,23323.68,31007,"Montes Claros",3,"Sudeste",1,"314330",4,549,82,467,157,392,6,0,0,0,0,555,82,467,157,392,155,10.0572244324743,12.9323813540158,0.434563096647363,30
"11674","MG","Montes Claros",413487,23323.68,31007,"Montes Claros",3,"Sudeste",1,"314330",5,523,67,456,171,352,7,0,0,0,0,530,67,456,171,352,182,10.0572244324743,12.9323813540158,0.387281001010994,31
"11675","MG","Montes Claros",413487,23323.68,31007,"Montes Claros",3,"Sudeste",1,"314330",6,518,60,458,159,359,6,0,0,0,0,524,60,458,159,359,178,10.0572244324743,12.9323813540158,0.360401133851046,30
"11676","MG","Montes Claros",413487,23323.68,31007,"Montes Claros",3,"Sudeste",1,"314330",7,565,61,504,157,408,6,0,0,0,0,571,61,504,157,408,217,10.0572244324743,12.9323813540158,0.370970652758356,29
"11677","MG","Monte Sião",24029,17446.69,31051,"Poços de Caldas",3,"Sudeste",0,"314340",2,23,10,13,12,11,0,0,0,0,0,23,10,13,12,11,4,9.76690522482438,10.0870167132162,0.306958163705994,29
"11678","MG","Monte Sião",24029,17446.69,31051,"Poços de Caldas",3,"Sudeste",0,"314340",3,20,7,13,11,9,0,0,0,0,0,20,7,13,11,9,10,9.76690522482438,10.0870167132162,0.406267517633068,31
"11679","MG","Monte Sião",24029,17446.69,31051,"Poços de Caldas",3,"Sudeste",0,"314340",4,13,6,7,3,10,0,0,0,0,0,13,6,7,3,10,14,9.76690522482438,10.0870167132162,0.41140829691598,30
"11680","MG","Monte Sião",24029,17446.69,31051,"Poços de Caldas",3,"Sudeste",0,"314340",5,14,5,9,1,13,1,0,0,0,0,15,5,9,1,13,11,9.76690522482438,10.0870167132162,0.386740241198099,31
"11681","MG","Monte Sião",24029,17446.69,31051,"Poços de Caldas",3,"Sudeste",0,"314340",6,16,8,8,5,11,0,0,0,0,0,16,8,8,5,11,7,9.76690522482438,10.0870167132162,0.349455042766456,30
"11682","MG","Monte Sião",24029,17446.69,31051,"Poços de Caldas",3,"Sudeste",0,"314340",7,16,6,10,5,11,0,0,0,0,0,16,6,10,5,11,11,9.76690522482438,10.0870167132162,0.362625634201614,29
"11683","MG","Morada Nova de Minas",8910,35287.53,31024,"Três Marias",3,"Sudeste",0,"314350",2,12,2,10,4,8,0,0,0,0,0,12,2,10,4,8,2,10.4712849227208,9.09492952046486,0.329243404724126,29
"11684","MG","Morada Nova de Minas",8910,35287.53,31024,"Três Marias",3,"Sudeste",0,"314350",3,9,2,7,1,8,0,0,0,0,0,9,2,7,1,8,4,10.4712849227208,9.09492952046486,0.388996789925967,31
"11685","MG","Morada Nova de Minas",8910,35287.53,31024,"Três Marias",3,"Sudeste",0,"314350",4,6,1,5,3,3,0,0,0,0,0,6,1,5,3,3,2,10.4712849227208,9.09492952046486,0.415689773694552,30
"11686","MG","Morada Nova de Minas",8910,35287.53,31024,"Três Marias",3,"Sudeste",0,"314350",5,5,2,3,1,4,0,0,0,0,0,5,2,3,1,4,3,10.4712849227208,9.09492952046486,0.392163145647624,31
"11687","MG","Morada Nova de Minas",8910,35287.53,31024,"Três Marias",3,"Sudeste",0,"314350",6,9,2,7,6,3,0,0,0,0,0,9,2,7,6,3,5,10.4712849227208,9.09492952046486,0.366570421524232,30
"11688","MG","Morada Nova de Minas",8910,35287.53,31024,"Três Marias",3,"Sudeste",0,"314350",7,10,5,5,4,6,0,0,0,0,0,10,5,5,4,6,4,10.4712849227208,9.09492952046486,0.394329687775351,29
"11689","MG","Muriaé",109392,19884.4,31063,"Muriaé",3,"Sudeste",1,"314390",2,161,39,122,54,107,0,0,0,0,0,161,39,122,54,107,59,9.89769078368895,11.6026930401536,0.32218484293809,29
"11690","MG","Muriaé",109392,19884.4,31063,"Muriaé",3,"Sudeste",1,"314390",3,176,38,138,47,129,0,0,0,0,0,176,38,138,47,129,73,9.89769078368895,11.6026930401536,0.407156023164727,31
"11691","MG","Muriaé",109392,19884.4,31063,"Muriaé",3,"Sudeste",1,"314390",4,99,29,70,40,59,2,0,0,0,0,101,29,70,40,59,55,9.89769078368895,11.6026930401536,0.466656841118984,30
"11692","MG","Muriaé",109392,19884.4,31063,"Muriaé",3,"Sudeste",1,"314390",5,124,23,101,48,76,1,0,0,0,0,125,23,101,48,76,69,9.89769078368895,11.6026930401536,0.42734494216929,31
"11693","MG","Muriaé",109392,19884.4,31063,"Muriaé",3,"Sudeste",1,"314390",6,113,25,88,42,71,2,0,0,0,0,115,25,88,42,71,90,9.89769078368895,11.6026930401536,0.416655235322531,30
"11694","MG","Muriaé",109392,19884.4,31063,"Muriaé",3,"Sudeste",1,"314390",7,99,20,79,40,59,1,0,0,0,0,100,20,79,40,59,102,9.89769078368895,11.6026930401536,0.417909954389002,29
"11695","MG","Mutum",26961,14005.07,31041,"Aimorés",3,"Sudeste",0,"314400",2,57,21,36,22,35,1,0,0,0,0,58,21,36,22,35,20,9.54717468589664,10.2021466563265,0.325485969524746,29
"11696","MG","Mutum",26961,14005.07,31041,"Aimorés",3,"Sudeste",0,"314400",3,52,23,29,21,31,0,0,0,0,0,52,23,29,21,31,17,9.54717468589664,10.2021466563265,0.407326431962986,31
"11697","MG","Mutum",26961,14005.07,31041,"Aimorés",3,"Sudeste",0,"314400",4,33,9,24,10,23,0,0,0,0,0,33,9,24,10,23,11,9.54717468589664,10.2021466563265,0.40855719330274,30
"11698","MG","Mutum",26961,14005.07,31041,"Aimorés",3,"Sudeste",0,"314400",5,23,5,18,3,20,0,0,0,0,0,23,5,18,3,20,13,9.54717468589664,10.2021466563265,0.414548736192762,31
"11699","MG","Mutum",26961,14005.07,31041,"Aimorés",3,"Sudeste",0,"314400",6,28,15,13,11,17,0,0,0,0,0,28,15,13,11,17,21,9.54717468589664,10.2021466563265,0.4184420058271,30
"11700","MG","Mutum",26961,14005.07,31041,"Aimorés",3,"Sudeste",0,"314400",7,27,14,13,10,17,0,0,0,0,0,27,14,13,10,17,11,9.54717468589664,10.2021466563265,0.42207299616369,29
"11701","MG","Muzambinho",20545,18968.57,31048,"São Sebastião do Paraíso",3,"Sudeste",1,"314410",2,47,16,31,13,34,0,0,0,0,0,47,16,31,13,34,13,9.85053867790529,9.93037288131751,0.30049227283695,29
"11702","MG","Muzambinho",20545,18968.57,31048,"São Sebastião do Paraíso",3,"Sudeste",1,"314410",3,29,11,18,9,20,0,0,0,0,0,29,11,18,9,20,14,9.85053867790529,9.93037288131751,0.381446850001135,31
"11703","MG","Muzambinho",20545,18968.57,31048,"São Sebastião do Paraíso",3,"Sudeste",1,"314410",4,15,5,10,5,10,0,0,0,0,0,15,5,10,5,10,12,9.85053867790529,9.93037288131751,0.443551183897595,30
"11704","MG","Muzambinho",20545,18968.57,31048,"São Sebastião do Paraíso",3,"Sudeste",1,"314410",5,16,2,14,9,7,0,0,0,0,0,16,2,14,9,7,13,9.85053867790529,9.93037288131751,0.382036802705072,31
"11705","MG","Muzambinho",20545,18968.57,31048,"São Sebastião do Paraíso",3,"Sudeste",1,"314410",6,28,6,22,10,18,0,0,0,0,0,28,6,22,10,18,12,9.85053867790529,9.93037288131751,0.371370019309259,30
"11706","MG","Muzambinho",20545,18968.57,31048,"São Sebastião do Paraíso",3,"Sudeste",1,"314410",7,25,3,22,8,17,0,0,0,0,0,25,3,22,8,17,20,9.85053867790529,9.93037288131751,0.374116382165345,29
"11707","MG","Nanuque",40665,17319.35,31016,"Nanuque",3,"Sudeste",1,"314430",2,50,13,37,23,27,0,0,0,0,0,50,13,37,23,27,26,9.75957965254384,10.6131230506009,0.306175400931003,29
"11708","MG","Nanuque",40665,17319.35,31016,"Nanuque",3,"Sudeste",1,"314430",3,25,4,21,11,14,1,0,0,0,0,26,4,21,11,14,36,9.75957965254384,10.6131230506009,0.401448394311159,31
"11709","MG","Nanuque",40665,17319.35,31016,"Nanuque",3,"Sudeste",1,"314430",4,27,4,23,12,15,0,0,0,0,0,27,4,23,12,15,28,9.75957965254384,10.6131230506009,0.419414419605941,30
"11710","MG","Nanuque",40665,17319.35,31016,"Nanuque",3,"Sudeste",1,"314430",5,42,8,34,20,22,0,0,0,0,0,42,8,34,20,22,29,9.75957965254384,10.6131230506009,0.391838805998208,31
"11711","MG","Nanuque",40665,17319.35,31016,"Nanuque",3,"Sudeste",1,"314430",6,40,13,27,17,23,0,0,0,0,0,40,13,27,17,23,29,9.75957965254384,10.6131230506009,0.380712318582381,30
"11712","MG","Nanuque",40665,17319.35,31016,"Nanuque",3,"Sudeste",1,"314430",7,37,11,26,15,22,3,0,0,0,0,40,11,26,15,22,43,9.75957965254384,10.6131230506009,0.395599124113052,29
"11713","MG","Naque",7051,10708.92,31039,"Ipatinga",3,"Sudeste",1,"314435",2,18,2,16,6,12,0,0,0,0,0,18,2,16,6,12,4,9.27883231802093,8.86092472971904,0.355086998230782,29
"11714","MG","Naque",7051,10708.92,31039,"Ipatinga",3,"Sudeste",1,"314435",3,13,2,11,6,7,0,0,0,0,0,13,2,11,6,7,2,9.27883231802093,8.86092472971904,0.418971603716104,31
"11715","MG","Naque",7051,10708.92,31039,"Ipatinga",3,"Sudeste",1,"314435",4,20,2,18,9,11,1,0,0,0,0,21,2,18,9,11,3,9.27883231802093,8.86092472971904,0.432383334507341,30
"11716","MG","Naque",7051,10708.92,31039,"Ipatinga",3,"Sudeste",1,"314435",5,10,2,8,3,7,0,0,0,0,0,10,2,8,3,7,1,9.27883231802093,8.86092472971904,0.394967089986178,31
"11717","MG","Naque",7051,10708.92,31039,"Ipatinga",3,"Sudeste",1,"314435",6,17,4,13,6,11,0,0,0,0,0,17,4,13,6,11,4,9.27883231802093,8.86092472971904,0.373372933115255,30
"11718","MG","Naque",7051,10708.92,31039,"Ipatinga",3,"Sudeste",1,"314435",7,14,3,11,5,9,0,0,0,0,0,14,3,11,5,9,1,9.27883231802093,8.86092472971904,0.386819476478574,29
"11719","MG","Nepomuceno",26826,17122.86,31057,"Lavras",3,"Sudeste",0,"314460",2,32,10,22,9,23,1,0,0,0,0,33,10,22,9,23,12,9.74816969181819,10.197126845462,0.277098341333535,29
"11720","MG","Nepomuceno",26826,17122.86,31057,"Lavras",3,"Sudeste",0,"314460",3,31,10,21,11,20,0,0,0,0,0,31,10,21,11,20,12,9.74816969181819,10.197126845462,0.350295233465786,31
"11721","MG","Nepomuceno",26826,17122.86,31057,"Lavras",3,"Sudeste",0,"314460",4,20,7,13,10,10,0,0,0,0,0,20,7,13,10,10,13,9.74816969181819,10.197126845462,0.401434247254274,30
"11722","MG","Nepomuceno",26826,17122.86,31057,"Lavras",3,"Sudeste",0,"314460",5,28,11,17,15,13,0,0,0,0,0,28,11,17,15,13,14,9.74816969181819,10.197126845462,0.36693721329036,31
"11723","MG","Nepomuceno",26826,17122.86,31057,"Lavras",3,"Sudeste",0,"314460",6,23,5,18,11,12,0,0,0,0,0,23,5,18,11,12,12,9.74816969181819,10.197126845462,0.350051401324083,30
"11724","MG","Nepomuceno",26826,17122.86,31057,"Lavras",3,"Sudeste",0,"314460",7,21,5,16,7,14,0,0,0,0,0,21,5,16,7,14,20,9.74816969181819,10.197126845462,0.345508979626098,29
"11725","MG","Nova Era",17551,19564.84,31031,"Itabira",3,"Sudeste",0,"314470",2,16,2,14,5,11,0,0,0,0,0,16,2,14,5,11,12,9.88148935674243,9.77286620732769,0.328897400978817,29
"11726","MG","Nova Era",17551,19564.84,31031,"Itabira",3,"Sudeste",0,"314470",3,7,1,6,1,6,0,0,0,0,0,7,1,6,1,6,11,9.88148935674243,9.77286620732769,0.442193991713601,31
"11727","MG","Nova Era",17551,19564.84,31031,"Itabira",3,"Sudeste",0,"314470",4,11,3,8,0,11,1,0,0,0,0,12,3,8,0,11,6,9.88148935674243,9.77286620732769,0.474465882213947,30
"11728","MG","Nova Era",17551,19564.84,31031,"Itabira",3,"Sudeste",0,"314470",5,9,1,8,5,4,0,0,0,0,0,9,1,8,5,4,8,9.88148935674243,9.77286620732769,0.420869532486839,31
"11729","MG","Nova Era",17551,19564.84,31031,"Itabira",3,"Sudeste",0,"314470",6,20,7,13,4,16,0,0,0,0,0,20,7,13,4,16,8,9.88148935674243,9.77286620732769,0.391093154801461,30
"11730","MG","Nova Era",17551,19564.84,31031,"Itabira",3,"Sudeste",0,"314470",7,17,4,13,6,11,0,0,0,0,0,17,4,13,6,11,11,9.88148935674243,9.77286620732769,0.401632359587924,29
"11731","MG","Nova Lima",96157,111562.61,31030,"Belo Horizonte",3,"Sudeste",1,"314480",2,129,11,118,25,104,1,0,0,0,0,130,11,118,25,104,58,11.62234123695,11.473737551279,0.290188276433893,29
"11732","MG","Nova Lima",96157,111562.61,31030,"Belo Horizonte",3,"Sudeste",1,"314480",3,128,9,119,34,94,1,0,0,0,0,129,9,119,34,94,63,11.62234123695,11.473737551279,0.394559949060379,31
"11733","MG","Nova Lima",96157,111562.61,31030,"Belo Horizonte",3,"Sudeste",1,"314480",4,102,6,96,25,77,1,0,0,0,0,103,6,96,25,77,46,11.62234123695,11.473737551279,0.451251816999746,30
"11734","MG","Nova Lima",96157,111562.61,31030,"Belo Horizonte",3,"Sudeste",1,"314480",5,103,6,97,26,77,0,0,0,0,0,103,6,97,26,77,31,11.62234123695,11.473737551279,0.41177807789972,31
"11735","MG","Nova Lima",96157,111562.61,31030,"Belo Horizonte",3,"Sudeste",1,"314480",6,106,10,96,21,85,0,0,0,0,0,106,10,96,21,85,47,11.62234123695,11.473737551279,0.379594545147332,30
"11736","MG","Nova Lima",96157,111562.61,31030,"Belo Horizonte",3,"Sudeste",1,"314480",7,130,11,119,29,101,5,0,0,0,0,135,11,119,29,101,61,11.62234123695,11.473737551279,0.38099938236156,29
"11737","MG","Nova Ponte",15800,74620.35,31023,"Araxá",3,"Sudeste",0,"314500",2,26,6,20,10,16,0,0,0,0,0,26,6,20,10,16,5,11.2201685371957,9.66776521901506,0.325656845804656,29
"11738","MG","Nova Ponte",15800,74620.35,31023,"Araxá",3,"Sudeste",0,"314500",3,15,3,12,7,8,0,0,0,0,0,15,3,12,7,8,7,11.2201685371957,9.66776521901506,0.407368817599668,31
"11739","MG","Nova Ponte",15800,74620.35,31023,"Araxá",3,"Sudeste",0,"314500",4,12,0,12,3,9,1,0,0,0,0,13,0,12,3,9,7,11.2201685371957,9.66776521901506,0.402692883806458,30
"11740","MG","Nova Ponte",15800,74620.35,31023,"Araxá",3,"Sudeste",0,"314500",5,15,4,11,8,7,0,0,0,0,0,15,4,11,8,7,4,11.2201685371957,9.66776521901506,0.390062377509877,31
"11741","MG","Nova Ponte",15800,74620.35,31023,"Araxá",3,"Sudeste",0,"314500",6,17,3,14,10,7,0,0,0,0,0,17,3,14,10,7,9,11.2201685371957,9.66776521901506,0.388231945928105,30
"11742","MG","Nova Ponte",15800,74620.35,31023,"Araxá",3,"Sudeste",0,"314500",7,15,5,10,7,8,0,0,0,0,0,15,5,10,7,8,9,11.2201685371957,9.66776521901506,0.391644741284468,29
"11743","MG","Nova Porteirinha",7497,14062.63,31004,"Janaúba",3,"Sudeste",1,"314505",2,12,3,9,2,10,0,0,0,0,0,12,3,9,2,10,4,9.55127620334849,8.92225821950306,0.320957746279583,29
"11744","MG","Nova Porteirinha",7497,14062.63,31004,"Janaúba",3,"Sudeste",1,"314505",3,12,3,9,2,10,0,0,0,0,0,12,3,9,2,10,3,9.55127620334849,8.92225821950306,0.382213194390193,31
"11745","MG","Nova Porteirinha",7497,14062.63,31004,"Janaúba",3,"Sudeste",1,"314505",4,11,0,11,6,5,0,0,0,0,0,11,0,11,6,5,4,9.55127620334849,8.92225821950306,0.406483225582353,30
"11746","MG","Nova Porteirinha",7497,14062.63,31004,"Janaúba",3,"Sudeste",1,"314505",5,9,2,7,3,6,0,0,0,0,0,9,2,7,3,6,3,9.55127620334849,8.92225821950306,0.40510221205224,31
"11747","MG","Nova Porteirinha",7497,14062.63,31004,"Janaúba",3,"Sudeste",1,"314505",6,10,1,9,4,6,0,0,0,0,0,10,1,9,4,6,6,9.55127620334849,8.92225821950306,0.389220552008356,30
"11748","MG","Nova Porteirinha",7497,14062.63,31004,"Janaúba",3,"Sudeste",1,"314505",7,10,2,8,1,9,0,0,0,0,0,10,2,8,1,9,5,9.55127620334849,8.92225821950306,0.382581840461143,29
"11749","MG","Nova Resende",16832,16557.89,31048,"São Sebastião do Paraíso",3,"Sudeste",0,"314510",2,34,7,27,14,20,0,0,0,0,0,34,7,27,14,20,6,9.71461800436227,9.73103711553744,0.312900048321868,29
"11750","MG","Nova Resende",16832,16557.89,31048,"São Sebastião do Paraíso",3,"Sudeste",0,"314510",3,31,14,17,16,15,0,0,0,0,0,31,14,17,16,15,8,9.71461800436227,9.73103711553744,0.383399725670015,31
"11751","MG","Nova Resende",16832,16557.89,31048,"São Sebastião do Paraíso",3,"Sudeste",0,"314510",4,15,4,11,7,8,0,0,0,0,0,15,4,11,7,8,11,9.71461800436227,9.73103711553744,0.402731016918916,30
"11752","MG","Nova Resende",16832,16557.89,31048,"São Sebastião do Paraíso",3,"Sudeste",0,"314510",5,14,4,10,7,7,0,0,0,0,0,14,4,10,7,7,3,9.71461800436227,9.73103711553744,0.420641548355799,31
"11753","MG","Nova Resende",16832,16557.89,31048,"São Sebastião do Paraíso",3,"Sudeste",0,"314510",6,20,6,14,10,10,1,0,0,0,0,21,6,14,10,10,8,9.71461800436227,9.73103711553744,0.397735773940835,30
"11754","MG","Nova Resende",16832,16557.89,31048,"São Sebastião do Paraíso",3,"Sudeste",0,"314510",7,30,14,16,5,25,0,0,0,0,0,30,14,16,5,25,9,9.71461800436227,9.73103711553744,0.386994508395961,29
"11755","MG","Nova Serrana",105520,23734.99,31043,"Divinópolis",3,"Sudeste",1,"314520",2,254,56,198,86,168,4,0,0,0,0,258,56,198,86,168,30,10.0747056096666,11.5666557873912,0.314899244794985,29
"11756","MG","Nova Serrana",105520,23734.99,31043,"Divinópolis",3,"Sudeste",1,"314520",3,239,68,171,87,152,2,0,0,0,0,241,68,171,87,152,30,10.0747056096666,11.5666557873912,0.418255139327568,31
"11757","MG","Nova Serrana",105520,23734.99,31043,"Divinópolis",3,"Sudeste",1,"314520",4,153,38,115,59,94,2,0,0,0,0,155,38,115,59,94,28,10.0747056096666,11.5666557873912,0.457247963997685,30
"11758","MG","Nova Serrana",105520,23734.99,31043,"Divinópolis",3,"Sudeste",1,"314520",5,149,43,106,58,91,0,0,0,0,0,149,43,106,58,91,23,10.0747056096666,11.5666557873912,0.406573908237531,31
"11759","MG","Nova Serrana",105520,23734.99,31043,"Divinópolis",3,"Sudeste",1,"314520",6,163,32,131,43,120,3,0,0,0,0,166,32,131,43,120,31,10.0747056096666,11.5666557873912,0.36436072479497,30
"11760","MG","Nova Serrana",105520,23734.99,31043,"Divinópolis",3,"Sudeste",1,"314520",7,137,32,105,35,102,1,0,0,0,0,138,32,105,35,102,34,10.0747056096666,11.5666557873912,0.3577107101448,29
"11761","MG","Novo Cruzeiro",31335,7531.17,31012,"Araçuaí",3,"Sudeste",0,"314530",2,38,19,19,15,23,0,0,0,0,0,38,19,19,15,23,21,8.92680568721001,10.3524909626588,0.267805274370122,29
"11762","MG","Novo Cruzeiro",31335,7531.17,31012,"Araçuaí",3,"Sudeste",0,"314530",3,29,11,18,8,21,0,0,0,0,0,29,11,18,8,21,19,8.92680568721001,10.3524909626588,0.332406730760719,31
"11763","MG","Novo Cruzeiro",31335,7531.17,31012,"Araçuaí",3,"Sudeste",0,"314530",4,33,10,23,12,21,0,0,0,0,0,33,10,23,12,21,18,8.92680568721001,10.3524909626588,0.385915624579661,30
"11764","MG","Novo Cruzeiro",31335,7531.17,31012,"Araçuaí",3,"Sudeste",0,"314530",5,32,13,19,9,23,1,0,0,0,0,33,13,19,9,23,19,8.92680568721001,10.3524909626588,0.394885886416867,31
"11765","MG","Novo Cruzeiro",31335,7531.17,31012,"Araçuaí",3,"Sudeste",0,"314530",6,40,12,28,19,21,0,0,0,0,0,40,12,28,19,21,18,8.92680568721001,10.3524909626588,0.355641682494203,30
"11766","MG","Novo Cruzeiro",31335,7531.17,31012,"Araçuaí",3,"Sudeste",0,"314530",7,26,9,17,8,18,0,0,0,0,0,26,9,17,8,18,14,8.92680568721001,10.3524909626588,0.373238067490713,29
"11767","MG","Oliveira",41840,20643.57,31046,"Oliveira",3,"Sudeste",1,"314560",2,58,11,47,20,38,0,0,0,0,0,58,11,47,20,38,25,9.93515916975504,10.6416080987388,0.280070518666934,29
"11768","MG","Oliveira",41840,20643.57,31046,"Oliveira",3,"Sudeste",1,"314560",3,72,10,62,27,45,0,0,0,0,0,72,10,62,27,45,28,9.93515916975504,10.6416080987388,0.354601954018241,31
"11769","MG","Oliveira",41840,20643.57,31046,"Oliveira",3,"Sudeste",1,"314560",4,31,6,25,3,28,0,0,0,0,0,31,6,25,3,28,33,9.93515916975504,10.6416080987388,0.38515074523007,30
"11770","MG","Oliveira",41840,20643.57,31046,"Oliveira",3,"Sudeste",1,"314560",5,33,7,26,11,22,1,0,0,0,0,34,7,26,11,22,22,9.93515916975504,10.6416080987388,0.347726588739832,31
"11771","MG","Oliveira",41840,20643.57,31046,"Oliveira",3,"Sudeste",1,"314560",6,37,4,33,13,24,0,0,0,0,0,37,4,33,13,24,25,9.93515916975504,10.6416080987388,0.329519994227063,30
"11772","MG","Oliveira",41840,20643.57,31046,"Oliveira",3,"Sudeste",1,"314560",7,46,10,36,16,30,0,0,0,0,0,46,10,36,16,30,38,9.93515916975504,10.6416080987388,0.320046363726296,29
"11773","MG","Ouro Branco",39867,104169.26,31034,"Conselheiro Lafaiete",3,"Sudeste",1,"314590",2,62,8,54,17,45,0,0,0,0,0,62,8,54,17,45,23,11.5537723551806,10.5933041929996,0.293532178695458,29
"11774","MG","Ouro Branco",39867,104169.26,31034,"Conselheiro Lafaiete",3,"Sudeste",1,"314590",3,62,11,51,13,49,0,0,0,0,0,62,11,51,13,49,19,11.5537723551806,10.5933041929996,0.397633565527846,31
"11775","MG","Ouro Branco",39867,104169.26,31034,"Conselheiro Lafaiete",3,"Sudeste",1,"314590",4,35,5,30,8,27,0,0,0,0,0,35,5,30,8,27,22,11.5537723551806,10.5933041929996,0.472961239841497,30
"11776","MG","Ouro Branco",39867,104169.26,31034,"Conselheiro Lafaiete",3,"Sudeste",1,"314590",5,44,9,35,12,32,0,0,0,0,0,44,9,35,12,32,11,11.5537723551806,10.5933041929996,0.427322569929311,31
"11777","MG","Ouro Branco",39867,104169.26,31034,"Conselheiro Lafaiete",3,"Sudeste",1,"314590",6,52,6,46,14,38,1,0,0,0,0,53,6,46,14,38,23,11.5537723551806,10.5933041929996,0.402145741283073,30
"11778","MG","Ouro Branco",39867,104169.26,31034,"Conselheiro Lafaiete",3,"Sudeste",1,"314590",7,33,5,28,7,26,1,0,0,0,0,34,5,28,7,26,15,11.5537723551806,10.5933041929996,0.409493048253528,29
"11779","MG","Ouro Fino",33791,21284.3,31051,"Poços de Caldas",3,"Sudeste",0,"314600",2,31,7,24,10,21,0,0,0,0,0,31,7,24,10,21,20,9.96572499071183,10.427949773825,0.308115157147521,29
"11780","MG","Ouro Fino",33791,21284.3,31051,"Poços de Caldas",3,"Sudeste",0,"314600",3,36,8,28,17,19,0,0,0,0,0,36,8,28,17,19,29,9.96572499071183,10.427949773825,0.392052961046931,31
"11781","MG","Ouro Fino",33791,21284.3,31051,"Poços de Caldas",3,"Sudeste",0,"314600",4,27,8,19,14,13,0,0,0,0,0,27,8,19,14,13,16,9.96572499071183,10.427949773825,0.440481565721464,30
"11782","MG","Ouro Fino",33791,21284.3,31051,"Poços de Caldas",3,"Sudeste",0,"314600",5,24,5,19,8,16,0,0,0,0,0,24,5,19,8,16,18,9.96572499071183,10.427949773825,0.399075088488782,31
"11783","MG","Ouro Fino",33791,21284.3,31051,"Poços de Caldas",3,"Sudeste",0,"314600",6,26,11,15,7,19,1,0,0,0,0,27,11,15,7,19,20,9.96572499071183,10.427949773825,0.37279783779835,30
"11784","MG","Ouro Fino",33791,21284.3,31051,"Poços de Caldas",3,"Sudeste",0,"314600",7,29,11,18,10,19,0,0,0,0,0,29,11,18,10,19,18,9.96572499071183,10.427949773825,0.363572628375723,29
"11785","MG","Ouro Preto",74558,92319.75,31033,"Ouro Preto",3,"Sudeste",1,"314610",2,104,19,85,29,75,0,0,0,0,0,104,19,85,29,75,39,11.433013373766,11.2193326249654,0.319094901150322,29
"11786","MG","Ouro Preto",74558,92319.75,31033,"Ouro Preto",3,"Sudeste",1,"314610",3,93,12,81,28,65,0,0,0,0,0,93,12,81,28,65,38,11.433013373766,11.2193326249654,0.420626239594797,31
"11787","MG","Ouro Preto",74558,92319.75,31033,"Ouro Preto",3,"Sudeste",1,"314610",4,51,14,37,16,35,0,0,0,0,0,51,14,37,16,35,45,11.433013373766,11.2193326249654,0.485301399088356,30
"11788","MG","Ouro Preto",74558,92319.75,31033,"Ouro Preto",3,"Sudeste",1,"314610",5,61,11,50,11,50,1,0,0,0,0,62,11,50,11,50,53,11.433013373766,11.2193326249654,0.451113507325187,31
"11789","MG","Ouro Preto",74558,92319.75,31033,"Ouro Preto",3,"Sudeste",1,"314610",6,59,9,50,19,40,0,0,0,0,0,59,9,50,19,40,47,11.433013373766,11.2193326249654,0.419862591541861,30
"11790","MG","Ouro Preto",74558,92319.75,31033,"Ouro Preto",3,"Sudeste",1,"314610",7,46,4,42,7,39,0,0,0,0,0,46,4,42,7,39,46,11.433013373766,11.2193326249654,0.41953357290814,29
"11791","MG","Padre Paraíso",20252,8605.78,31012,"Araçuaí",3,"Sudeste",0,"314630",2,22,8,14,11,11,2,0,0,0,0,24,8,14,11,11,14,9.06018934951148,9.9160088330898,0.291922739195031,29
"11792","MG","Padre Paraíso",20252,8605.78,31012,"Araçuaí",3,"Sudeste",0,"314630",3,22,6,16,7,15,0,0,0,0,0,22,6,16,7,15,13,9.06018934951148,9.9160088330898,0.366308913609904,31
"11793","MG","Padre Paraíso",20252,8605.78,31012,"Araçuaí",3,"Sudeste",0,"314630",4,17,3,14,7,10,0,0,0,0,0,17,3,14,7,10,5,9.06018934951148,9.9160088330898,0.388873587936138,30
"11794","MG","Padre Paraíso",20252,8605.78,31012,"Araçuaí",3,"Sudeste",0,"314630",5,27,9,18,11,16,0,0,0,0,0,27,9,18,11,16,12,9.06018934951148,9.9160088330898,0.375475800109126,31
"11795","MG","Padre Paraíso",20252,8605.78,31012,"Araçuaí",3,"Sudeste",0,"314630",6,26,11,15,10,16,0,0,0,0,0,26,11,15,10,16,7,9.06018934951148,9.9160088330898,0.377565701997145,30
"11796","MG","Padre Paraíso",20252,8605.78,31012,"Araçuaí",3,"Sudeste",0,"314630",7,20,7,13,9,11,0,0,0,0,0,20,7,13,9,11,18,9.06018934951148,9.9160088330898,0.382235992333111,29
"11797","MG","Pains",8296,34678.55,31044,"Formiga",3,"Sudeste",0,"314650",2,11,1,10,4,7,0,0,0,0,0,11,1,10,4,7,4,10.4538766191784,9.02352874990936,0.32756459986873,29
"11798","MG","Pains",8296,34678.55,31044,"Formiga",3,"Sudeste",0,"314650",3,21,4,17,5,16,0,0,0,0,0,21,4,17,5,16,4,10.4538766191784,9.02352874990936,0.390042779072292,31
"11799","MG","Pains",8296,34678.55,31044,"Formiga",3,"Sudeste",0,"314650",4,12,2,10,3,9,1,0,0,0,0,13,2,10,3,9,3,10.4538766191784,9.02352874990936,0.430655423113053,30
"11800","MG","Pains",8296,34678.55,31044,"Formiga",3,"Sudeste",0,"314650",5,5,2,3,1,4,0,0,0,0,0,5,2,3,1,4,5,10.4538766191784,9.02352874990936,0.396090494086214,31
"11801","MG","Pains",8296,34678.55,31044,"Formiga",3,"Sudeste",0,"314650",6,16,6,10,6,10,0,0,0,0,0,16,6,10,6,10,9,10.4538766191784,9.02352874990936,0.405497711588287,30
"11802","MG","Pains",8296,34678.55,31044,"Formiga",3,"Sudeste",0,"314650",7,9,1,8,4,5,0,0,0,0,0,9,1,8,4,5,1,10.4538766191784,9.02352874990936,0.383370777138913,29
"11803","MG","Papagaios",15800,16687.48,31027,"Sete Lagoas",3,"Sudeste",1,"314690",2,32,11,21,19,13,0,0,0,0,0,32,11,21,19,13,8,9.72241401664001,9.66776521901506,0.299212893805719,29
"11804","MG","Papagaios",15800,16687.48,31027,"Sete Lagoas",3,"Sudeste",1,"314690",3,14,3,11,5,9,0,0,0,0,0,14,3,11,5,9,7,9.72241401664001,9.66776521901506,0.350774198493428,31
"11805","MG","Papagaios",15800,16687.48,31027,"Sete Lagoas",3,"Sudeste",1,"314690",4,9,2,7,6,3,0,0,0,0,0,9,2,7,6,3,3,9.72241401664001,9.66776521901506,0.36530493064168,30
"11806","MG","Papagaios",15800,16687.48,31027,"Sete Lagoas",3,"Sudeste",1,"314690",5,20,7,13,12,8,0,0,0,0,0,20,7,13,12,8,9,9.72241401664001,9.66776521901506,0.355447139102668,31
"11807","MG","Papagaios",15800,16687.48,31027,"Sete Lagoas",3,"Sudeste",1,"314690",6,15,7,8,5,10,0,0,0,0,0,15,7,8,5,10,6,9.72241401664001,9.66776521901506,0.356910530041779,30
"11808","MG","Papagaios",15800,16687.48,31027,"Sete Lagoas",3,"Sudeste",1,"314690",7,18,4,14,7,11,0,0,0,0,0,18,4,14,7,11,9,9.72241401664001,9.66776521901506,0.370768298917057,29
"11809","MG","Paracatu",93862,46629.49,31002,"Paracatu",3,"Sudeste",1,"314700",2,191,26,165,73,118,1,0,0,0,0,192,26,165,73,118,32,10.7499884525776,11.4495808974529,0.302424527648471,29
"11810","MG","Paracatu",93862,46629.49,31002,"Paracatu",3,"Sudeste",1,"314700",3,181,27,154,52,129,1,0,0,0,0,182,27,154,52,129,39,10.7499884525776,11.4495808974529,0.380861758594408,31
"11811","MG","Paracatu",93862,46629.49,31002,"Paracatu",3,"Sudeste",1,"314700",4,124,17,107,52,72,1,0,0,0,0,125,17,107,52,72,41,10.7499884525776,11.4495808974529,0.416036258659772,30
"11812","MG","Paracatu",93862,46629.49,31002,"Paracatu",3,"Sudeste",1,"314700",5,123,21,102,36,87,1,0,0,0,0,124,21,102,36,87,42,10.7499884525776,11.4495808974529,0.390586797407351,31
"11813","MG","Paracatu",93862,46629.49,31002,"Paracatu",3,"Sudeste",1,"314700",6,118,16,102,45,73,0,0,0,0,0,118,16,102,45,73,34,10.7499884525776,11.4495808974529,0.369736504682539,30
"11814","MG","Paracatu",93862,46629.49,31002,"Paracatu",3,"Sudeste",1,"314700",7,115,27,88,44,71,1,0,0,0,0,116,27,88,44,71,49,10.7499884525776,11.4495808974529,0.376784389140903,29
"11815","MG","Pará de Minas",94808,31080.7,31029,"Pará de Minas",3,"Sudeste",1,"314710",2,164,30,134,55,109,0,0,0,0,0,164,30,134,55,109,36,10.3443423267505,11.4596090728683,0.284019383700232,29
"11816","MG","Pará de Minas",94808,31080.7,31029,"Pará de Minas",3,"Sudeste",1,"314710",3,157,23,134,53,104,0,0,0,0,0,157,23,134,53,104,61,10.3443423267505,11.4596090728683,0.367830893882681,31
"11817","MG","Pará de Minas",94808,31080.7,31029,"Pará de Minas",3,"Sudeste",1,"314710",4,92,15,77,34,58,1,0,0,0,0,93,15,77,34,58,41,10.3443423267505,11.4596090728683,0.407908892904464,30
"11818","MG","Pará de Minas",94808,31080.7,31029,"Pará de Minas",3,"Sudeste",1,"314710",5,105,22,83,35,70,2,0,0,0,0,107,22,83,35,70,48,10.3443423267505,11.4596090728683,0.371866150262095,31
"11819","MG","Pará de Minas",94808,31080.7,31029,"Pará de Minas",3,"Sudeste",1,"314710",6,92,16,76,28,64,1,0,0,0,0,93,16,76,28,64,34,10.3443423267505,11.4596090728683,0.355172554911359,30
"11820","MG","Pará de Minas",94808,31080.7,31029,"Pará de Minas",3,"Sudeste",1,"314710",7,111,24,87,30,81,1,0,0,0,0,112,24,87,30,81,33,10.3443423267505,11.4596090728683,0.345978398978555,29
"11821","MG","Paraguaçu",21605,21912.21,31049,"Alfenas",3,"Sudeste",1,"314720",2,48,10,38,11,37,0,0,0,0,0,48,10,38,11,37,10,9.99479929468669,9.98068004836603,0.292527517712834,29
"11822","MG","Paraguaçu",21605,21912.21,31049,"Alfenas",3,"Sudeste",1,"314720",3,41,11,30,16,25,0,0,0,0,0,41,11,30,16,25,15,9.99479929468669,9.98068004836603,0.376269352435718,31
"11823","MG","Paraguaçu",21605,21912.21,31049,"Alfenas",3,"Sudeste",1,"314720",4,20,1,19,5,15,1,0,0,0,0,21,1,19,5,15,18,9.99479929468669,9.98068004836603,0.405648130062302,30
"11824","MG","Paraguaçu",21605,21912.21,31049,"Alfenas",3,"Sudeste",1,"314720",5,13,5,8,5,8,0,0,0,0,0,13,5,8,5,8,22,9.99479929468669,9.98068004836603,0.36188182942684,31
"11825","MG","Paraguaçu",21605,21912.21,31049,"Alfenas",3,"Sudeste",1,"314720",6,26,2,24,12,14,1,0,0,0,0,27,2,24,12,14,13,9.99479929468669,9.98068004836603,0.335938947779639,30
"11826","MG","Paraguaçu",21605,21912.21,31049,"Alfenas",3,"Sudeste",1,"314720",7,23,7,16,4,19,0,0,0,0,0,23,7,16,4,19,18,9.99479929468669,9.98068004836603,0.357870685490549,29
"11827","MG","Paraisópolis",21221,23421.67,31056,"Itajubá",3,"Sudeste",1,"314730",2,30,5,25,10,20,0,0,0,0,0,30,5,25,10,20,10,10.0614169411851,9.96274653641105,0.283009759596156,29
"11828","MG","Paraisópolis",21221,23421.67,31056,"Itajubá",3,"Sudeste",1,"314730",3,34,7,27,13,21,0,0,0,0,0,34,7,27,13,21,4,10.0614169411851,9.96274653641105,0.386205337880993,31
"11829","MG","Paraisópolis",21221,23421.67,31056,"Itajubá",3,"Sudeste",1,"314730",4,22,6,16,11,11,0,0,0,0,0,22,6,16,11,11,14,10.0614169411851,9.96274653641105,0.435062265139477,30
"11830","MG","Paraisópolis",21221,23421.67,31056,"Itajubá",3,"Sudeste",1,"314730",5,16,2,14,7,9,0,0,0,0,0,16,2,14,7,9,14,10.0614169411851,9.96274653641105,0.377824222136526,31
"11831","MG","Paraisópolis",21221,23421.67,31056,"Itajubá",3,"Sudeste",1,"314730",6,22,4,18,8,14,0,0,0,0,0,22,4,18,8,14,15,10.0614169411851,9.96274653641105,0.359799820153196,30
"11832","MG","Paraisópolis",21221,23421.67,31056,"Itajubá",3,"Sudeste",1,"314730",7,11,4,7,5,6,0,0,0,0,0,11,4,7,5,6,15,10.0614169411851,9.96274653641105,0.367801666812936,29
"11833","MG","Paraopeba",24700,30668.71,31027,"Sete Lagoas",3,"Sudeste",1,"314740",2,44,9,35,17,27,0,0,0,0,0,44,9,35,17,27,12,10.3309981955781,10.1145585226161,0.250843075574751,29
"11834","MG","Paraopeba",24700,30668.71,31027,"Sete Lagoas",3,"Sudeste",1,"314740",3,16,1,15,5,11,0,0,0,0,0,16,1,15,5,11,8,10.3309981955781,10.1145585226161,0.341572961315712,31
"11835","MG","Paraopeba",24700,30668.71,31027,"Sete Lagoas",3,"Sudeste",1,"314740",4,30,6,24,9,21,0,0,0,0,0,30,6,24,9,21,7,10.3309981955781,10.1145585226161,0.366462976370965,30
"11836","MG","Paraopeba",24700,30668.71,31027,"Sete Lagoas",3,"Sudeste",1,"314740",5,20,4,16,5,15,0,0,0,0,0,20,4,16,5,15,15,10.3309981955781,10.1145585226161,0.343750295793041,31
"11837","MG","Paraopeba",24700,30668.71,31027,"Sete Lagoas",3,"Sudeste",1,"314740",6,18,2,16,6,12,0,0,0,0,0,18,2,16,6,12,6,10.3309981955781,10.1145585226161,0.322897353744386,30
"11838","MG","Paraopeba",24700,30668.71,31027,"Sete Lagoas",3,"Sudeste",1,"314740",7,30,4,26,11,19,0,0,0,0,0,30,4,26,11,19,14,10.3309981955781,10.1145585226161,0.330991273964997,29
"11839","MG","Passa Quatro",16393,22847.44,31054,"São Lourenço",3,"Sudeste",0,"314760",2,23,6,17,9,14,0,0,0,0,0,23,6,17,9,14,7,10.036594355035,9.70460969342646,0.336471773982593,29
"11840","MG","Passa Quatro",16393,22847.44,31054,"São Lourenço",3,"Sudeste",0,"314760",3,19,6,13,9,10,0,0,0,0,0,19,6,13,9,10,13,10.036594355035,9.70460969342646,0.440072094307572,31
"11841","MG","Passa Quatro",16393,22847.44,31054,"São Lourenço",3,"Sudeste",0,"314760",4,19,4,15,7,12,0,0,0,0,0,19,4,15,7,12,4,10.036594355035,9.70460969342646,0.508007803038069,30
"11842","MG","Passa Quatro",16393,22847.44,31054,"São Lourenço",3,"Sudeste",0,"314760",5,13,4,9,6,7,0,0,0,0,0,13,4,9,6,7,10,10.036594355035,9.70460969342646,0.478780755471541,31
"11843","MG","Passa Quatro",16393,22847.44,31054,"São Lourenço",3,"Sudeste",0,"314760",6,18,4,14,7,11,0,0,0,0,0,18,4,14,7,11,10,10.036594355035,9.70460969342646,0.431131866135712,30
"11844","MG","Passa Quatro",16393,22847.44,31054,"São Lourenço",3,"Sudeste",0,"314760",7,12,5,7,2,10,0,0,0,0,0,12,5,7,2,10,12,10.036594355035,9.70460969342646,0.425137304846998,29
"11845","MG","Passa Tempo",8057,30063.78,31046,"Oliveira",3,"Sudeste",0,"314770",2,5,0,5,0,5,0,0,0,0,0,5,0,5,0,5,5,10.3110764039043,8.9942965577772,0.2862078124042,29
"11846","MG","Passa Tempo",8057,30063.78,31046,"Oliveira",3,"Sudeste",0,"314770",3,9,2,7,5,4,0,0,0,0,0,9,2,7,5,4,8,10.3110764039043,8.9942965577772,0.36467871012348,31
"11847","MG","Passa Tempo",8057,30063.78,31046,"Oliveira",3,"Sudeste",0,"314770",4,5,2,3,3,2,1,0,0,0,0,6,2,3,3,2,4,10.3110764039043,8.9942965577772,0.372122690158352,30
"11848","MG","Passa Tempo",8057,30063.78,31046,"Oliveira",3,"Sudeste",0,"314770",5,4,0,4,1,3,0,0,0,0,0,4,0,4,1,3,8,10.3110764039043,8.9942965577772,0.400970546284018,31
"11849","MG","Passa Tempo",8057,30063.78,31046,"Oliveira",3,"Sudeste",0,"314770",6,3,0,3,0,3,0,0,0,0,0,3,0,3,0,3,7,10.3110764039043,8.9942965577772,0.369374631265161,30
"11850","MG","Passa Tempo",8057,30063.78,31046,"Oliveira",3,"Sudeste",0,"314770",7,3,0,3,0,3,0,0,0,0,0,3,0,3,0,3,6,10.3110764039043,8.9942965577772,0.370246243107071,29
"11851","MG","Passos",115337,21745.94,31047,"Passos",3,"Sudeste",1,"314790",2,200,53,147,75,125,0,0,0,0,0,200,53,147,75,125,59,9.98718235242577,11.6556135567739,0.311876665411405,29
"11852","MG","Passos",115337,21745.94,31047,"Passos",3,"Sudeste",1,"314790",3,217,52,165,57,160,1,0,0,0,0,218,52,165,57,160,54,9.98718235242577,11.6556135567739,0.404697824731883,31
"11853","MG","Passos",115337,21745.94,31047,"Passos",3,"Sudeste",1,"314790",4,133,26,107,48,85,0,0,0,0,0,133,26,107,48,85,52,9.98718235242577,11.6556135567739,0.449553024719384,30
"11854","MG","Passos",115337,21745.94,31047,"Passos",3,"Sudeste",1,"314790",5,118,26,92,46,72,0,0,0,0,0,118,26,92,46,72,71,9.98718235242577,11.6556135567739,0.399889845342611,31
"11855","MG","Passos",115337,21745.94,31047,"Passos",3,"Sudeste",1,"314790",6,130,23,107,48,82,0,0,0,0,0,130,23,107,48,82,65,9.98718235242577,11.6556135567739,0.374163000085148,30
"11856","MG","Passos",115337,21745.94,31047,"Passos",3,"Sudeste",1,"314790",7,108,19,89,35,73,1,0,0,0,0,109,19,89,35,73,65,9.98718235242577,11.6556135567739,0.381128156833741,29
"11857","MG","Patos de Minas",153585,31066.32,31020,"Patos de Minas",3,"Sudeste",1,"314800",2,261,36,225,76,185,0,0,0,0,0,261,36,225,76,185,89,10.343879553145,11.942009438677,0.311449596268137,29
"11858","MG","Patos de Minas",153585,31066.32,31020,"Patos de Minas",3,"Sudeste",1,"314800",3,255,39,216,72,183,1,0,0,0,0,256,39,216,72,183,90,10.343879553145,11.942009438677,0.39455626122515,31
"11859","MG","Patos de Minas",153585,31066.32,31020,"Patos de Minas",3,"Sudeste",1,"314800",4,168,30,138,44,124,0,0,0,0,0,168,30,138,44,124,66,10.343879553145,11.942009438677,0.438878963922078,30
"11860","MG","Patos de Minas",153585,31066.32,31020,"Patos de Minas",3,"Sudeste",1,"314800",5,148,24,124,47,101,3,0,0,0,0,151,24,124,47,101,93,10.343879553145,11.942009438677,0.403367956720928,31
"11861","MG","Patos de Minas",153585,31066.32,31020,"Patos de Minas",3,"Sudeste",1,"314800",6,175,31,144,62,113,3,0,0,0,0,178,31,144,62,113,89,10.343879553145,11.942009438677,0.393705838282434,30
"11862","MG","Patos de Minas",153585,31066.32,31020,"Patos de Minas",3,"Sudeste",1,"314800",7,136,28,108,44,92,2,0,0,0,0,138,28,108,44,92,90,10.343879553145,11.942009438677,0.39466843140788,29
"11863","MG","Patrocínio",91449,31937.17,31019,"Patrocínio",3,"Sudeste",1,"314810",2,162,42,120,55,107,0,0,0,0,0,162,42,120,55,107,33,10.3715258142117,11.4235367188221,0.295985283755196,29
"11864","MG","Patrocínio",91449,31937.17,31019,"Patrocínio",3,"Sudeste",1,"314810",3,168,36,132,61,107,1,0,0,0,0,169,36,132,61,107,47,10.3715258142117,11.4235367188221,0.380394495001119,31
"11865","MG","Patrocínio",91449,31937.17,31019,"Patrocínio",3,"Sudeste",1,"314810",4,107,21,86,38,69,1,0,0,0,0,108,21,86,38,69,45,10.3715258142117,11.4235367188221,0.406558192024282,30
"11866","MG","Patrocínio",91449,31937.17,31019,"Patrocínio",3,"Sudeste",1,"314810",5,99,27,72,35,64,0,0,0,0,0,99,27,72,35,64,49,10.3715258142117,11.4235367188221,0.362856498676028,31
"11867","MG","Patrocínio",91449,31937.17,31019,"Patrocínio",3,"Sudeste",1,"314810",6,105,20,85,36,69,2,0,0,0,0,107,20,85,36,69,53,10.3715258142117,11.4235367188221,0.36255287616827,30
"11868","MG","Patrocínio",91449,31937.17,31019,"Patrocínio",3,"Sudeste",1,"314810",7,110,22,88,35,75,0,0,0,0,0,110,22,88,35,75,62,10.3715258142117,11.4235367188221,0.377299217093692,29
"11869","MG","Peçanha",17537,11123.93,31036,"Peçanha",3,"Sudeste",0,"314860",2,26,4,22,11,15,1,0,0,0,0,27,4,22,11,15,6,9.31685392263359,9.77206821366929,0.333758521308774,29
"11870","MG","Peçanha",17537,11123.93,31036,"Peçanha",3,"Sudeste",0,"314860",3,35,15,20,14,21,0,0,0,0,0,35,15,20,14,21,4,9.31685392263359,9.77206821366929,0.433427604172805,31
"11871","MG","Peçanha",17537,11123.93,31036,"Peçanha",3,"Sudeste",0,"314860",4,18,4,14,8,10,0,0,0,0,0,18,4,14,8,10,11,9.31685392263359,9.77206821366929,0.437097826749447,30
"11872","MG","Peçanha",17537,11123.93,31036,"Peçanha",3,"Sudeste",0,"314860",5,15,2,13,6,9,0,0,0,0,0,15,2,13,6,9,6,9.31685392263359,9.77206821366929,0.401134761686422,31
"11873","MG","Peçanha",17537,11123.93,31036,"Peçanha",3,"Sudeste",0,"314860",6,26,11,15,14,12,1,0,0,0,0,27,11,15,14,12,7,9.31685392263359,9.77206821366929,0.363326685939643,30
"11874","MG","Peçanha",17537,11123.93,31036,"Peçanha",3,"Sudeste",0,"314860",7,21,6,15,11,10,1,0,0,0,0,22,6,15,11,10,9,9.31685392263359,9.77206821366929,0.384002381923575,29
"11875","MG","Pedra Azul",24329,12284.14,31013,"Pedra Azul",3,"Sudeste",1,"314870",2,5,3,2,1,4,0,0,0,0,0,5,3,2,1,4,10,9.41606427843488,10.0994243334121,0.265806484301475,29
"11876","MG","Pedra Azul",24329,12284.14,31013,"Pedra Azul",3,"Sudeste",1,"314870",3,7,1,6,2,5,0,0,0,0,0,7,1,6,2,5,14,9.41606427843488,10.0994243334121,0.343044522717048,31
"11877","MG","Pedra Azul",24329,12284.14,31013,"Pedra Azul",3,"Sudeste",1,"314870",4,7,1,6,1,6,0,0,0,0,0,7,1,6,1,6,16,9.41606427843488,10.0994243334121,0.377303871140885,30
"11878","MG","Pedra Azul",24329,12284.14,31013,"Pedra Azul",3,"Sudeste",1,"314870",5,3,1,2,0,3,0,0,0,0,0,3,1,2,0,3,19,9.41606427843488,10.0994243334121,0.345065553501768,31
"11879","MG","Pedra Azul",24329,12284.14,31013,"Pedra Azul",3,"Sudeste",1,"314870",6,7,4,3,1,6,0,0,0,0,0,7,4,3,1,6,16,9.41606427843488,10.0994243334121,0.329284216442131,30
"11880","MG","Pedra Azul",24329,12284.14,31013,"Pedra Azul",3,"Sudeste",1,"314870",7,2,0,2,1,1,0,0,0,0,0,2,0,2,1,1,21,9.41606427843488,10.0994243334121,0.400314479203845,29
"11881","MG","Pedralva",11146,11640.91,31053,"Santa Rita do Sapucaí",3,"Sudeste",0,"314910",2,12,1,11,6,6,0,0,0,0,0,12,1,11,6,6,7,9.36228089692379,9.31883596812948,0.337351806676753,29
"11882","MG","Pedralva",11146,11640.91,31053,"Santa Rita do Sapucaí",3,"Sudeste",0,"314910",3,24,5,19,11,13,0,0,0,0,0,24,5,19,11,13,10,9.36228089692379,9.31883596812948,0.434233188390418,31
"11883","MG","Pedralva",11146,11640.91,31053,"Santa Rita do Sapucaí",3,"Sudeste",0,"314910",4,10,4,6,1,9,0,0,0,0,0,10,4,6,1,9,5,9.36228089692379,9.31883596812948,0.461766712546876,30
"11884","MG","Pedralva",11146,11640.91,31053,"Santa Rita do Sapucaí",3,"Sudeste",0,"314910",5,11,1,10,6,5,0,0,0,0,0,11,1,10,6,5,11,9.36228089692379,9.31883596812948,0.439632153648334,31
"11885","MG","Pedralva",11146,11640.91,31053,"Santa Rita do Sapucaí",3,"Sudeste",0,"314910",6,7,1,6,3,4,0,0,0,0,0,7,1,6,3,4,5,9.36228089692379,9.31883596812948,0.411867688204588,30
"11886","MG","Pedralva",11146,11640.91,31053,"Santa Rita do Sapucaí",3,"Sudeste",0,"314910",7,13,2,11,3,10,0,0,0,0,0,13,2,11,3,10,7,9.36228089692379,9.31883596812948,0.405286302495231,29
"11887","MG","Pedras de Maria da Cruz",12212,7227.5,31003,"Januária",3,"Sudeste",0,"314915",2,17,3,14,7,10,0,0,0,0,0,17,3,14,7,10,1,8.8856484738905,9.41017435385477,0.296928196327635,29
"11888","MG","Pedras de Maria da Cruz",12212,7227.5,31003,"Januária",3,"Sudeste",0,"314915",3,19,6,13,10,9,0,0,0,0,0,19,6,13,10,9,8,8.8856484738905,9.41017435385477,0.366501467891283,31
"11889","MG","Pedras de Maria da Cruz",12212,7227.5,31003,"Januária",3,"Sudeste",0,"314915",4,10,4,6,4,6,0,0,0,0,0,10,4,6,4,6,6,8.8856484738905,9.41017435385477,0.438613681852983,30
"11890","MG","Pedras de Maria da Cruz",12212,7227.5,31003,"Januária",3,"Sudeste",0,"314915",5,8,2,6,3,5,0,0,0,0,0,8,2,6,3,5,8,8.8856484738905,9.41017435385477,0.422553499139467,31
"11891","MG","Pedras de Maria da Cruz",12212,7227.5,31003,"Januária",3,"Sudeste",0,"314915",6,6,1,5,2,4,0,0,0,0,0,6,1,5,2,4,6,8.8856484738905,9.41017435385477,0.372940697651866,30
"11892","MG","Pedras de Maria da Cruz",12212,7227.5,31003,"Januária",3,"Sudeste",0,"314915",7,8,1,7,4,4,0,0,0,0,0,8,1,7,4,4,8,8.8856484738905,9.41017435385477,0.353248749044953,29
"11893","MG","Pedro Leopoldo",64712,22303.14,31030,"Belo Horizonte",3,"Sudeste",1,"314930",2,104,18,86,39,65,1,0,0,0,0,105,18,86,39,65,24,10.0124827547107,11.0777019346978,0.290213136900489,29
"11894","MG","Pedro Leopoldo",64712,22303.14,31030,"Belo Horizonte",3,"Sudeste",1,"314930",3,72,8,64,26,46,1,0,0,0,0,73,8,64,26,46,35,10.0124827547107,11.0777019346978,0.365422440974432,31
"11895","MG","Pedro Leopoldo",64712,22303.14,31030,"Belo Horizonte",3,"Sudeste",1,"314930",4,62,7,55,17,45,0,0,0,0,0,62,7,55,17,45,29,10.0124827547107,11.0777019346978,0.432141779575241,30
"11896","MG","Pedro Leopoldo",64712,22303.14,31030,"Belo Horizonte",3,"Sudeste",1,"314930",5,62,8,54,20,42,2,0,0,0,0,64,8,54,20,42,26,10.0124827547107,11.0777019346978,0.395619516485652,31
"11897","MG","Pedro Leopoldo",64712,22303.14,31030,"Belo Horizonte",3,"Sudeste",1,"314930",6,68,6,62,20,48,0,0,0,0,0,68,6,62,20,48,18,10.0124827547107,11.0777019346978,0.369199053940967,30
"11898","MG","Pedro Leopoldo",64712,22303.14,31030,"Belo Horizonte",3,"Sudeste",1,"314930",7,48,5,43,10,38,2,0,0,0,0,50,5,43,10,38,43,10.0124827547107,11.0777019346978,0.370315744270622,29
"11899","MG","Perdigão",11755,17654,31043,"Divinópolis",3,"Sudeste",0,"314970",2,24,11,13,7,17,0,0,0,0,0,24,11,13,7,17,4,9.77871766558018,9.37203396097417,0.324868075535441,29
"11900","MG","Perdigão",11755,17654,31043,"Divinópolis",3,"Sudeste",0,"314970",3,29,7,22,11,18,0,0,0,0,0,29,7,22,11,18,6,9.77871766558018,9.37203396097417,0.408022380514096,31
"11901","MG","Perdigão",11755,17654,31043,"Divinópolis",3,"Sudeste",0,"314970",4,16,1,15,4,12,0,0,0,0,0,16,1,15,4,12,11,9.77871766558018,9.37203396097417,0.425826790617858,30
"11902","MG","Perdigão",11755,17654,31043,"Divinópolis",3,"Sudeste",0,"314970",5,19,6,13,7,12,0,0,0,0,0,19,6,13,7,12,2,9.77871766558018,9.37203396097417,0.390001617461854,31
"11903","MG","Perdigão",11755,17654,31043,"Divinópolis",3,"Sudeste",0,"314970",6,12,1,11,4,8,0,0,0,0,0,12,1,11,4,8,1,9.77871766558018,9.37203396097417,0.351806114897003,30
"11904","MG","Perdigão",11755,17654,31043,"Divinópolis",3,"Sudeste",0,"314970",7,17,4,13,3,14,0,0,0,0,0,17,4,13,3,14,4,9.77871766558018,9.37203396097417,0.369476210429739,29
"11905","MG","Perdizes",16321,57084.47,31023,"Araxá",3,"Sudeste",0,"314980",2,28,2,26,13,15,1,0,0,0,0,29,2,26,13,15,5,10.9522873796669,9.7002079011507,0.302944827649118,29
"11906","MG","Perdizes",16321,57084.47,31023,"Araxá",3,"Sudeste",0,"314980",3,32,12,20,16,16,0,0,0,0,0,32,12,20,16,16,11,10.9522873796669,9.7002079011507,0.368957668031599,31
"11907","MG","Perdizes",16321,57084.47,31023,"Araxá",3,"Sudeste",0,"314980",4,17,3,14,7,10,0,0,0,0,0,17,3,14,7,10,6,10.9522873796669,9.7002079011507,0.397345971460947,30
"11908","MG","Perdizes",16321,57084.47,31023,"Araxá",3,"Sudeste",0,"314980",5,18,5,13,9,9,1,0,0,0,0,19,5,13,9,9,7,10.9522873796669,9.7002079011507,0.422973690109267,31
"11909","MG","Perdizes",16321,57084.47,31023,"Araxá",3,"Sudeste",0,"314980",6,24,7,17,9,15,0,0,0,0,0,24,7,17,9,15,8,10.9522873796669,9.7002079011507,0.419965475885022,30
"11910","MG","Perdizes",16321,57084.47,31023,"Araxá",3,"Sudeste",0,"314980",7,27,6,21,12,15,0,0,0,0,0,27,6,21,12,15,5,10.9522873796669,9.7002079011507,0.411115104977124,29
"11911","MG","Perdões",21485,22987.59,31045,"Campo Belo",3,"Sudeste",1,"314990",2,31,6,25,10,21,0,0,0,0,0,31,6,25,10,21,14,10.0427097840762,9.9751102962091,0.280788149023161,29
"11912","MG","Perdões",21485,22987.59,31045,"Campo Belo",3,"Sudeste",1,"314990",3,23,5,18,6,17,0,0,0,0,0,23,5,18,6,17,10,10.0427097840762,9.9751102962091,0.378469261701135,31
"11913","MG","Perdões",21485,22987.59,31045,"Campo Belo",3,"Sudeste",1,"314990",4,16,3,13,7,9,0,0,0,0,0,16,3,13,7,9,10,10.0427097840762,9.9751102962091,0.384285268814643,30
"11914","MG","Perdões",21485,22987.59,31045,"Campo Belo",3,"Sudeste",1,"314990",5,21,4,17,7,14,1,0,0,0,0,22,4,17,7,14,16,10.0427097840762,9.9751102962091,0.359882794978303,31
"11915","MG","Perdões",21485,22987.59,31045,"Campo Belo",3,"Sudeste",1,"314990",6,18,2,16,5,13,0,0,0,0,0,18,2,16,5,13,11,10.0427097840762,9.9751102962091,0.334739821122075,30
"11916","MG","Perdões",21485,22987.59,31045,"Campo Belo",3,"Sudeste",1,"314990",7,15,1,14,2,13,0,0,0,0,0,15,1,14,2,13,15,10.0427097840762,9.9751102962091,0.341714421035261,29
"11917","MG","Piedade de Caratinga",8702,10611.42,31040,"Caratinga",3,"Sudeste",0,"315015",2,19,5,14,6,13,0,0,0,0,0,19,5,14,6,13,3,9.26968605865656,9.07130816328062,0.312143621226301,29
"11918","MG","Piedade de Caratinga",8702,10611.42,31040,"Caratinga",3,"Sudeste",0,"315015",3,24,14,10,10,14,0,0,0,0,0,24,14,10,10,14,2,9.26968605865656,9.07130816328062,0.435685031095448,31
"11919","MG","Piedade de Caratinga",8702,10611.42,31040,"Caratinga",3,"Sudeste",0,"315015",4,9,4,5,4,5,0,0,0,0,0,9,4,5,4,5,5,9.26968605865656,9.07130816328062,0.443470056996954,30
"11920","MG","Piedade de Caratinga",8702,10611.42,31040,"Caratinga",3,"Sudeste",0,"315015",5,18,10,8,4,14,0,0,0,0,0,18,10,8,4,14,3,9.26968605865656,9.07130816328062,0.406072815081223,31
"11921","MG","Piedade de Caratinga",8702,10611.42,31040,"Caratinga",3,"Sudeste",0,"315015",6,19,7,12,10,9,0,0,0,0,0,19,7,12,10,9,3,9.26968605865656,9.07130816328062,0.386407250216229,30
"11922","MG","Piedade de Caratinga",8702,10611.42,31040,"Caratinga",3,"Sudeste",0,"315015",7,23,8,15,7,16,0,0,0,0,0,23,8,15,7,16,6,9.26968605865656,9.07130816328062,0.410160008510764,29
"11923","MG","Pimenta",8688,21948.87,31044,"Formiga",3,"Sudeste",0,"315050",2,11,3,8,1,10,0,0,0,0,0,11,3,8,1,10,9,9.99647093654033,9.06969804217372,0.335873330301558,29
"11924","MG","Pimenta",8688,21948.87,31044,"Formiga",3,"Sudeste",0,"315050",3,10,2,8,3,7,0,0,0,0,0,10,2,8,3,7,3,9.99647093654033,9.06969804217372,0.408742336661076,31
"11925","MG","Pimenta",8688,21948.87,31044,"Formiga",3,"Sudeste",0,"315050",4,9,4,5,3,6,0,0,0,0,0,9,4,5,3,6,4,9.99647093654033,9.06969804217372,0.426080874184954,30
"11926","MG","Pimenta",8688,21948.87,31044,"Formiga",3,"Sudeste",0,"315050",5,8,2,6,1,7,0,0,0,0,0,8,2,6,1,7,3,9.99647093654033,9.06969804217372,0.399812568905721,31
"11927","MG","Pimenta",8688,21948.87,31044,"Formiga",3,"Sudeste",0,"315050",6,10,5,5,5,5,0,0,0,0,0,10,5,5,5,5,4,9.99647093654033,9.06969804217372,0.391851158547658,30
"11928","MG","Pimenta",8688,21948.87,31044,"Formiga",3,"Sudeste",0,"315050",7,6,1,5,2,4,0,0,0,0,0,6,1,5,2,4,5,9.99647093654033,9.06969804217372,0.376027357588793,29
"11929","MG","Pirajuba",6348,50576.66,31021,"Frutal",3,"Sudeste",0,"315070",2,13,7,6,7,6,0,0,0,0,0,13,7,6,7,6,1,10.8312454840381,8.7558950816463,0.302015902712868,29
"11930","MG","Pirajuba",6348,50576.66,31021,"Frutal",3,"Sudeste",0,"315070",3,15,0,15,10,5,0,0,0,0,0,15,0,15,10,5,5,10.8312454840381,8.7558950816463,0.373257595999968,31
"11931","MG","Pirajuba",6348,50576.66,31021,"Frutal",3,"Sudeste",0,"315070",4,9,7,2,5,4,0,0,0,0,0,9,7,2,5,4,1,10.8312454840381,8.7558950816463,0.357783857944011,30
"11932","MG","Pirajuba",6348,50576.66,31021,"Frutal",3,"Sudeste",0,"315070",5,6,2,4,3,3,0,0,0,0,0,6,2,4,3,3,5,10.8312454840381,8.7558950816463,0.37880835354209,31
"11933","MG","Pirajuba",6348,50576.66,31021,"Frutal",3,"Sudeste",0,"315070",6,7,0,7,2,5,0,0,0,0,0,7,0,7,2,5,4,10.8312454840381,8.7558950816463,0.371305412295564,30
"11934","MG","Pirajuba",6348,50576.66,31021,"Frutal",3,"Sudeste",0,"315070",7,4,0,4,2,2,0,0,0,0,0,4,0,4,2,2,3,10.8312454840381,8.7558950816463,0.407386401265561,29
"11935","MG","Piranguinho",8640,12794.62,31056,"Itajubá",3,"Sudeste",1,"315100",2,12,2,10,4,8,0,0,0,0,0,12,2,10,4,8,5,9.45678004905165,9.0641578617981,0.317812834721762,29
"11936","MG","Piranguinho",8640,12794.62,31056,"Itajubá",3,"Sudeste",1,"315100",3,25,3,22,5,20,0,0,0,0,0,25,3,22,5,20,8,9.45678004905165,9.0641578617981,0.40959048921808,31
"11937","MG","Piranguinho",8640,12794.62,31056,"Itajubá",3,"Sudeste",1,"315100",4,10,1,9,3,7,0,0,0,0,0,10,1,9,3,7,2,9.45678004905165,9.0641578617981,0.442619970059683,30
"11938","MG","Piranguinho",8640,12794.62,31056,"Itajubá",3,"Sudeste",1,"315100",5,8,2,6,0,8,0,0,0,0,0,8,2,6,0,8,5,9.45678004905165,9.0641578617981,0.40036533014076,31
"11939","MG","Piranguinho",8640,12794.62,31056,"Itajubá",3,"Sudeste",1,"315100",6,3,0,3,1,2,0,0,0,0,0,3,0,3,1,2,3,9.45678004905165,9.0641578617981,0.404804219961702,30
"11940","MG","Piranguinho",8640,12794.62,31056,"Itajubá",3,"Sudeste",1,"315100",7,8,0,8,3,5,0,0,0,0,0,8,0,8,3,5,2,9.45678004905165,9.0641578617981,0.394504128259089,29
"11941","MG","Pirapetinga",10772,41809.6,31066,"Cataguases",3,"Sudeste",0,"315110",2,16,3,13,5,11,0,0,0,0,0,16,3,13,5,11,5,10.6408812572156,9.28470545393149,0.310871996234517,29
"11942","MG","Pirapetinga",10772,41809.6,31066,"Cataguases",3,"Sudeste",0,"315110",3,18,8,10,6,12,0,0,0,0,0,18,8,10,6,12,8,10.6408812572156,9.28470545393149,0.404201295212558,31
"11943","MG","Pirapetinga",10772,41809.6,31066,"Cataguases",3,"Sudeste",0,"315110",4,10,1,9,5,5,0,0,0,0,0,10,1,9,5,5,10,10.6408812572156,9.28470545393149,0.42643337760752,30
"11944","MG","Pirapetinga",10772,41809.6,31066,"Cataguases",3,"Sudeste",0,"315110",5,16,9,7,5,11,0,0,0,0,0,16,9,7,5,11,11,10.6408812572156,9.28470545393149,0.421510705305569,31
"11945","MG","Pirapetinga",10772,41809.6,31066,"Cataguases",3,"Sudeste",0,"315110",6,13,5,8,4,9,1,0,0,0,0,14,5,8,4,9,7,10.6408812572156,9.28470545393149,0.393059478070286,30
"11946","MG","Pirapetinga",10772,41809.6,31066,"Cataguases",3,"Sudeste",0,"315110",7,13,3,10,6,7,0,0,0,0,0,13,3,10,6,7,16,10.6408812572156,9.28470545393149,0.401138372891256,29
"11947","MG","Pirapora",56640,40566.3,31006,"Pirapora",3,"Sudeste",1,"315120",2,117,25,92,41,76,0,0,0,0,0,117,25,92,41,76,30,10.6106929516471,10.9444707283676,0.312440005346532,29
"11948","MG","Pirapora",56640,40566.3,31006,"Pirapora",3,"Sudeste",1,"315120",3,96,23,73,36,60,2,0,0,0,0,98,23,73,36,60,25,10.6106929516471,10.9444707283676,0.397806259236752,31
"11949","MG","Pirapora",56640,40566.3,31006,"Pirapora",3,"Sudeste",1,"315120",4,75,21,54,31,44,0,0,0,0,0,75,21,54,31,44,21,10.6106929516471,10.9444707283676,0.426259235537737,30
"11950","MG","Pirapora",56640,40566.3,31006,"Pirapora",3,"Sudeste",1,"315120",5,80,16,64,39,41,0,0,0,0,0,80,16,64,39,41,40,10.6106929516471,10.9444707283676,0.398808652420221,31
"11951","MG","Pirapora",56640,40566.3,31006,"Pirapora",3,"Sudeste",1,"315120",6,67,13,54,22,45,2,0,0,0,0,69,13,54,22,45,37,10.6106929516471,10.9444707283676,0.377769071417095,30
"11952","MG","Pirapora",56640,40566.3,31006,"Pirapora",3,"Sudeste",1,"315120",7,64,18,46,25,39,1,0,0,0,0,65,18,46,25,39,29,10.6106929516471,10.9444707283676,0.375969644211999,29
"11953","MG","Piraúba",10759,14678.81,31064,"Ubá",3,"Sudeste",0,"315130",2,15,3,12,7,8,0,0,0,0,0,15,3,12,7,8,7,9.59416023621245,9.28349789259391,0.319740838721552,29
"11954","MG","Piraúba",10759,14678.81,31064,"Ubá",3,"Sudeste",0,"315130",3,22,5,17,4,18,1,0,0,0,0,23,5,17,4,18,6,9.59416023621245,9.28349789259391,0.411943692286799,31
"11955","MG","Piraúba",10759,14678.81,31064,"Ubá",3,"Sudeste",0,"315130",4,12,5,7,5,7,0,0,0,0,0,12,5,7,5,7,4,9.59416023621245,9.28349789259391,0.456090377988721,30
"11956","MG","Piraúba",10759,14678.81,31064,"Ubá",3,"Sudeste",0,"315130",5,10,2,8,6,4,0,0,0,0,0,10,2,8,6,4,12,9.59416023621245,9.28349789259391,0.420931302136757,31
"11957","MG","Piraúba",10759,14678.81,31064,"Ubá",3,"Sudeste",0,"315130",6,9,3,6,4,5,0,0,0,0,0,9,3,6,4,5,6,9.59416023621245,9.28349789259391,0.380291777636491,30
"11958","MG","Piraúba",10759,14678.81,31064,"Ubá",3,"Sudeste",0,"315130",7,11,3,8,1,10,0,0,0,0,0,11,3,8,1,10,7,9.59416023621245,9.28349789259391,0.388138709764105,29
"11959","MG","Pitangui",28215,18990.87,31029,"Pará de Minas",3,"Sudeste",1,"315140",2,33,10,23,11,22,0,0,0,0,0,33,10,23,11,22,20,9.85171361634302,10.2476090304032,0.304147417464093,29
"11960","MG","Pitangui",28215,18990.87,31029,"Pará de Minas",3,"Sudeste",1,"315140",3,49,12,37,20,29,1,0,0,0,0,50,12,37,20,29,20,9.85171361634302,10.2476090304032,0.370671212673586,31
"11961","MG","Pitangui",28215,18990.87,31029,"Pará de Minas",3,"Sudeste",1,"315140",4,25,6,19,12,13,0,0,0,0,0,25,6,19,12,13,17,9.85171361634302,10.2476090304032,0.39699323402834,30
"11962","MG","Pitangui",28215,18990.87,31029,"Pará de Minas",3,"Sudeste",1,"315140",5,30,9,21,13,17,1,0,0,0,0,31,9,21,13,17,11,9.85171361634302,10.2476090304032,0.365340216720866,31
"11963","MG","Pitangui",28215,18990.87,31029,"Pará de Minas",3,"Sudeste",1,"315140",6,33,6,27,8,25,2,0,0,0,0,35,6,27,8,25,17,9.85171361634302,10.2476090304032,0.349688502988592,30
"11964","MG","Pitangui",28215,18990.87,31029,"Pará de Minas",3,"Sudeste",1,"315140",7,38,9,29,13,25,1,0,0,0,0,39,9,29,13,25,16,9.85171361634302,10.2476090304032,0.355077013967836,29
"11965","MG","Piumhi",34918,25148.18,31042,"Piuí",3,"Sudeste",1,"315150",2,54,8,46,13,41,0,0,0,0,0,54,8,46,13,41,29,10.1325408071042,10.4607577345447,0.293542180866869,29
"11966","MG","Piumhi",34918,25148.18,31042,"Piuí",3,"Sudeste",1,"315150",3,72,13,59,25,47,1,0,0,0,0,73,13,59,25,47,17,10.1325408071042,10.4607577345447,0.377536921174997,31
"11967","MG","Piumhi",34918,25148.18,31042,"Piuí",3,"Sudeste",1,"315150",4,43,7,36,16,27,0,0,0,0,0,43,7,36,16,27,24,10.1325408071042,10.4607577345447,0.418192037557863,30
"11968","MG","Piumhi",34918,25148.18,31042,"Piuí",3,"Sudeste",1,"315150",5,34,16,18,10,24,0,0,0,0,0,34,16,18,10,24,24,10.1325408071042,10.4607577345447,0.376939138828575,31
"11969","MG","Piumhi",34918,25148.18,31042,"Piuí",3,"Sudeste",1,"315150",6,26,4,22,9,17,0,0,0,0,0,26,4,22,9,17,19,10.1325408071042,10.4607577345447,0.358201680027133,30
"11970","MG","Piumhi",34918,25148.18,31042,"Piuí",3,"Sudeste",1,"315150",7,31,4,27,8,23,0,0,0,0,0,31,4,27,8,23,25,10.1325408071042,10.4607577345447,0.360230574031907,29
"11971","MG","Planura",12292,38010.92,31021,"Frutal",3,"Sudeste",1,"315160",2,9,2,7,2,7,0,0,0,0,0,9,2,7,2,7,7,10.5456287658472,9.41670392325038,0.323913125742555,29
"11972","MG","Planura",12292,38010.92,31021,"Frutal",3,"Sudeste",1,"315160",3,19,5,14,8,11,0,0,0,0,0,19,5,14,8,11,3,10.5456287658472,9.41670392325038,0.414827843184948,31
"11973","MG","Planura",12292,38010.92,31021,"Frutal",3,"Sudeste",1,"315160",4,11,4,7,2,9,0,0,0,0,0,11,4,7,2,9,8,10.5456287658472,9.41670392325038,0.416830545614882,30
"11974","MG","Planura",12292,38010.92,31021,"Frutal",3,"Sudeste",1,"315160",5,7,3,4,4,3,0,0,0,0,0,7,3,4,4,3,6,10.5456287658472,9.41670392325038,0.406609665435771,31
"11975","MG","Planura",12292,38010.92,31021,"Frutal",3,"Sudeste",1,"315160",6,12,5,7,6,6,0,0,0,0,0,12,5,7,6,6,5,10.5456287658472,9.41670392325038,0.380260233788236,30
"11976","MG","Planura",12292,38010.92,31021,"Frutal",3,"Sudeste",1,"315160",7,14,2,12,3,11,0,0,0,0,0,14,2,12,3,11,10,10.5456287658472,9.41670392325038,0.389964285481712,29
"11977","MG","Poço Fundo",16846,18396.85,31049,"Alfenas",3,"Sudeste",0,"315170",2,20,6,14,4,16,0,0,0,0,0,20,6,14,4,16,4,9.81993473328926,9.73186851887531,0.324672017619979,29
"11978","MG","Poço Fundo",16846,18396.85,31049,"Alfenas",3,"Sudeste",0,"315170",3,17,4,13,2,15,0,0,0,0,0,17,4,13,2,15,12,9.81993473328926,9.73186851887531,0.411991858414902,31
"11979","MG","Poço Fundo",16846,18396.85,31049,"Alfenas",3,"Sudeste",0,"315170",4,6,2,4,2,4,0,0,0,0,0,6,2,4,2,4,6,9.81993473328926,9.73186851887531,0.443722079678853,30
"11980","MG","Poço Fundo",16846,18396.85,31049,"Alfenas",3,"Sudeste",0,"315170",5,16,10,6,2,14,0,0,0,0,0,16,10,6,2,14,8,9.81993473328926,9.73186851887531,0.423357558287279,31
"11981","MG","Poço Fundo",16846,18396.85,31049,"Alfenas",3,"Sudeste",0,"315170",6,20,11,9,8,12,1,0,0,0,0,21,11,9,8,12,6,9.81993473328926,9.73186851887531,0.429598747185695,30
"11982","MG","Poço Fundo",16846,18396.85,31049,"Alfenas",3,"Sudeste",0,"315170",7,19,5,14,7,12,0,0,0,0,0,19,5,14,7,12,10,9.81993473328926,9.73186851887531,0.423925242851625,29
"11983","MG","Poços de Caldas",168641,46028.28,31051,"Poços de Caldas",3,"Sudeste",1,"315180",2,246,36,210,75,171,0,0,0,0,0,246,36,210,75,171,117,10.7370112691785,12.0355274741088,0.308913402111817,29
"11984","MG","Poços de Caldas",168641,46028.28,31051,"Poços de Caldas",3,"Sudeste",1,"315180",3,242,35,207,80,162,0,0,0,0,0,242,35,207,80,162,110,10.7370112691785,12.0355274741088,0.416210887656318,31
"11985","MG","Poços de Caldas",168641,46028.28,31051,"Poços de Caldas",3,"Sudeste",1,"315180",4,140,21,119,44,96,1,0,0,0,0,141,21,119,44,96,86,10.7370112691785,12.0355274741088,0.476327876529441,30
"11986","MG","Poços de Caldas",168641,46028.28,31051,"Poços de Caldas",3,"Sudeste",1,"315180",5,158,20,138,54,104,1,0,0,0,0,159,20,138,54,104,110,10.7370112691785,12.0355274741088,0.416149207359447,31
"11987","MG","Poços de Caldas",168641,46028.28,31051,"Poços de Caldas",3,"Sudeste",1,"315180",6,170,20,150,62,108,1,0,0,0,0,171,20,150,62,108,117,10.7370112691785,12.0355274741088,0.389372793683484,30
"11988","MG","Poços de Caldas",168641,46028.28,31051,"Poços de Caldas",3,"Sudeste",1,"315180",7,170,15,155,39,131,0,0,0,0,0,170,15,155,39,131,97,10.7370112691785,12.0355274741088,0.375243901333111,29
"11989","MG","Pompéu",32035,24764.51,31024,"Três Marias",3,"Sudeste",1,"315200",2,47,16,31,19,28,0,0,0,0,0,47,16,31,19,28,20,10.1171668588383,10.3745843340731,0.288416021977224,29
"11990","MG","Pompéu",32035,24764.51,31024,"Três Marias",3,"Sudeste",1,"315200",3,31,7,24,18,13,0,0,0,0,0,31,7,24,18,13,28,10.1171668588383,10.3745843340731,0.341273601238036,31
"11991","MG","Pompéu",32035,24764.51,31024,"Três Marias",3,"Sudeste",1,"315200",4,31,9,22,17,14,0,0,0,0,0,31,9,22,17,14,21,10.1171668588383,10.3745843340731,0.364125302907941,30
"11992","MG","Pompéu",32035,24764.51,31024,"Três Marias",3,"Sudeste",1,"315200",5,37,12,25,19,18,0,0,0,0,0,37,12,25,19,18,17,10.1171668588383,10.3745843340731,0.350944229711507,31
"11993","MG","Pompéu",32035,24764.51,31024,"Três Marias",3,"Sudeste",1,"315200",6,31,7,24,14,17,1,0,0,0,0,32,7,24,14,17,18,10.1171668588383,10.3745843340731,0.353734271856761,30
"11994","MG","Pompéu",32035,24764.51,31024,"Três Marias",3,"Sudeste",1,"315200",7,30,10,20,12,18,0,0,0,0,0,30,10,20,12,18,19,10.1171668588383,10.3745843340731,0.356222294265682,29
"11995","MG","Ponte Nova",59875,27739.09,31060,"Ponte Nova",3,"Sudeste",1,"315210",2,105,28,77,31,74,0,0,0,0,0,105,28,77,31,74,29,10.2305978887165,11.0000143347132,0.31849591669333,29
"11996","MG","Ponte Nova",59875,27739.09,31060,"Ponte Nova",3,"Sudeste",1,"315210",3,87,14,73,19,68,2,0,0,0,0,89,14,73,19,68,47,10.2305978887165,11.0000143347132,0.430294979140649,31
"11997","MG","Ponte Nova",59875,27739.09,31060,"Ponte Nova",3,"Sudeste",1,"315210",4,52,8,44,11,41,1,0,0,0,0,53,8,44,11,41,30,10.2305978887165,11.0000143347132,0.474684967129629,30
"11998","MG","Ponte Nova",59875,27739.09,31060,"Ponte Nova",3,"Sudeste",1,"315210",5,59,22,37,17,42,0,0,0,0,0,59,22,37,17,42,33,10.2305978887165,11.0000143347132,0.432139375615538,31
"11999","MG","Ponte Nova",59875,27739.09,31060,"Ponte Nova",3,"Sudeste",1,"315210",6,71,22,49,17,54,2,0,0,0,0,73,22,49,17,54,47,10.2305978887165,11.0000143347132,0.407861852163518,30
"12000","MG","Ponte Nova",59875,27739.09,31060,"Ponte Nova",3,"Sudeste",1,"315210",7,56,13,43,17,39,1,0,0,0,0,57,13,43,17,39,53,10.2305978887165,11.0000143347132,0.421895580188023,29
"12001","MG","Porteirinha",37864,8842.27,31004,"Janaúba",3,"Sudeste",0,"315220",2,70,18,52,32,38,0,0,0,0,0,70,18,52,32,38,20,9.08729890999778,10.5417560715861,0.294386913815012,29
"12002","MG","Porteirinha",37864,8842.27,31004,"Janaúba",3,"Sudeste",0,"315220",3,62,11,51,15,47,0,0,0,0,0,62,11,51,15,47,20,9.08729890999778,10.5417560715861,0.382486944080666,31
"12003","MG","Porteirinha",37864,8842.27,31004,"Janaúba",3,"Sudeste",0,"315220",4,43,5,38,12,31,0,0,0,0,0,43,5,38,12,31,22,9.08729890999778,10.5417560715861,0.381959964319404,30
"12004","MG","Porteirinha",37864,8842.27,31004,"Janaúba",3,"Sudeste",0,"315220",5,41,6,35,17,24,0,0,0,0,0,41,6,35,17,24,24,9.08729890999778,10.5417560715861,0.377029887519313,31
"12005","MG","Porteirinha",37864,8842.27,31004,"Janaúba",3,"Sudeste",0,"315220",6,34,5,29,6,28,0,0,0,0,0,34,5,29,6,28,24,9.08729890999778,10.5417560715861,0.361146906492851,30
"12006","MG","Porteirinha",37864,8842.27,31004,"Janaúba",3,"Sudeste",0,"315220",7,37,3,34,12,25,1,0,0,0,0,38,3,34,12,25,23,9.08729890999778,10.5417560715861,0.364207869784067,29
"12007","MG","Porto Firme",11348,8101.28,31062,"Viçosa",3,"Sudeste",0,"315230",2,10,2,8,4,6,0,0,0,0,0,10,2,8,4,6,5,8.9997773528673,9.33679679592874,0.350451539406259,29
"12008","MG","Porto Firme",11348,8101.28,31062,"Viçosa",3,"Sudeste",0,"315230",3,12,2,10,6,6,0,0,0,0,0,12,2,10,6,6,9,8.9997773528673,9.33679679592874,0.374988709835457,31
"12009","MG","Porto Firme",11348,8101.28,31062,"Viçosa",3,"Sudeste",0,"315230",4,6,1,5,1,5,0,0,0,0,0,6,1,5,1,5,7,8.9997773528673,9.33679679592874,0.447469726331182,30
"12010","MG","Porto Firme",11348,8101.28,31062,"Viçosa",3,"Sudeste",0,"315230",5,7,4,3,2,5,0,0,0,0,0,7,4,3,2,5,10,8.9997773528673,9.33679679592874,0.433257222225054,31
"12011","MG","Porto Firme",11348,8101.28,31062,"Viçosa",3,"Sudeste",0,"315230",6,7,0,7,4,3,0,0,0,0,0,7,0,7,4,3,11,8.9997773528673,9.33679679592874,0.431848317559371,30
"12012","MG","Porto Firme",11348,8101.28,31062,"Viçosa",3,"Sudeste",0,"315230",7,10,1,9,3,7,0,0,0,0,0,10,1,9,3,7,7,8.9997773528673,9.33679679592874,0.432913937807102,29
"12013","MG","Poté",16616,8565.81,31015,"Teófilo Otoni",3,"Sudeste",0,"315240",2,12,2,10,6,6,0,0,0,0,0,12,2,10,6,6,7,9.05553397721487,9.71812136555595,0.315921455621408,29
"12014","MG","Poté",16616,8565.81,31015,"Teófilo Otoni",3,"Sudeste",0,"315240",3,20,7,13,9,11,0,0,0,0,0,20,7,13,9,11,8,9.05553397721487,9.71812136555595,0.412567293488443,31
"12015","MG","Poté",16616,8565.81,31015,"Teófilo Otoni",3,"Sudeste",0,"315240",4,10,2,8,6,4,0,0,0,0,0,10,2,8,6,4,11,9.05553397721487,9.71812136555595,0.451240945845611,30
"12016","MG","Poté",16616,8565.81,31015,"Teófilo Otoni",3,"Sudeste",0,"315240",5,15,8,7,10,5,0,0,0,0,0,15,8,7,10,5,7,9.05553397721487,9.71812136555595,0.426699309184578,31
"12017","MG","Poté",16616,8565.81,31015,"Teófilo Otoni",3,"Sudeste",0,"315240",6,9,1,8,6,3,0,0,0,0,0,9,1,8,6,3,6,9.05553397721487,9.71812136555595,0.403008846604341,30
"12018","MG","Poté",16616,8565.81,31015,"Teófilo Otoni",3,"Sudeste",0,"315240",7,21,6,15,12,9,0,0,0,0,0,21,6,15,12,9,11,9.05553397721487,9.71812136555595,0.39750922303649,29
"12019","MG","Pouso Alegre",152549,51182.28,31052,"Pouso Alegre",3,"Sudeste",1,"315250",2,268,44,224,69,199,1,0,0,0,0,269,44,224,69,199,57,10.8431486573733,11.9352411348955,0.291224107486211,29
"12020","MG","Pouso Alegre",152549,51182.28,31052,"Pouso Alegre",3,"Sudeste",1,"315250",3,193,28,165,62,131,1,0,0,0,0,194,28,165,62,131,60,10.8431486573733,11.9352411348955,0.381374295936024,31
"12021","MG","Pouso Alegre",152549,51182.28,31052,"Pouso Alegre",3,"Sudeste",1,"315250",4,136,22,114,39,97,1,0,0,0,0,137,22,114,39,97,67,10.8431486573733,11.9352411348955,0.427947101505557,30
"12022","MG","Pouso Alegre",152549,51182.28,31052,"Pouso Alegre",3,"Sudeste",1,"315250",5,167,31,136,39,128,1,0,0,0,0,168,31,136,39,128,67,10.8431486573733,11.9352411348955,0.383337871065197,31
"12023","MG","Pouso Alegre",152549,51182.28,31052,"Pouso Alegre",3,"Sudeste",1,"315250",6,196,34,162,61,135,1,0,0,0,0,197,34,162,61,135,67,10.8431486573733,11.9352411348955,0.357274652895808,30
"12024","MG","Pouso Alegre",152549,51182.28,31052,"Pouso Alegre",3,"Sudeste",1,"315250",7,149,27,122,43,106,1,0,0,0,0,150,27,122,43,106,83,10.8431486573733,11.9352411348955,0.354847961449482,29
"12025","MG","Prata",28017,35235.94,31018,"Uberlândia",3,"Sudeste",0,"315280",2,28,6,22,9,19,1,0,0,0,0,29,6,22,9,19,16,10.4698218634243,10.2405667477778,0.265679206642005,29
"12026","MG","Prata",28017,35235.94,31018,"Uberlândia",3,"Sudeste",0,"315280",3,38,10,28,13,25,0,0,0,0,0,38,10,28,13,25,15,10.4698218634243,10.2405667477778,0.36204915188702,31
"12027","MG","Prata",28017,35235.94,31018,"Uberlândia",3,"Sudeste",0,"315280",4,42,13,29,18,24,0,0,0,0,0,42,13,29,18,24,13,10.4698218634243,10.2405667477778,0.383066235680478,30
"12028","MG","Prata",28017,35235.94,31018,"Uberlândia",3,"Sudeste",0,"315280",5,28,4,24,11,17,0,0,0,0,0,28,4,24,11,17,12,10.4698218634243,10.2405667477778,0.398098236103522,31
"12029","MG","Prata",28017,35235.94,31018,"Uberlândia",3,"Sudeste",0,"315280",6,38,10,28,14,24,0,0,0,0,0,38,10,28,14,24,18,10.4698218634243,10.2405667477778,0.372321249007614,30
"12030","MG","Prata",28017,35235.94,31018,"Uberlândia",3,"Sudeste",0,"315280",7,24,5,19,8,16,0,0,0,0,0,24,5,19,8,16,27,10.4698218634243,10.2405667477778,0.395413842103135,29
"12031","MG","Pratápolis",8566,17920.31,31047,"Passos",3,"Sudeste",0,"315290",2,13,2,11,8,5,0,0,0,0,0,13,2,11,8,5,5,9.79368998548644,9.05555615817532,0.328648168570733,29
"12032","MG","Pratápolis",8566,17920.31,31047,"Passos",3,"Sudeste",0,"315290",3,9,1,8,3,6,0,0,0,0,0,9,1,8,3,6,7,9.79368998548644,9.05555615817532,0.400252506539623,31
"12033","MG","Pratápolis",8566,17920.31,31047,"Passos",3,"Sudeste",0,"315290",4,2,1,1,2,0,0,0,0,0,0,2,1,1,2,0,8,9.79368998548644,9.05555615817532,0.421285608710659,30
"12034","MG","Pratápolis",8566,17920.31,31047,"Passos",3,"Sudeste",0,"315290",5,13,3,10,8,5,0,0,0,0,0,13,3,10,8,5,11,9.79368998548644,9.05555615817532,0.420937443269171,31
"12035","MG","Pratápolis",8566,17920.31,31047,"Passos",3,"Sudeste",0,"315290",6,9,3,6,1,8,0,0,0,0,0,9,3,6,1,8,4,9.79368998548644,9.05555615817532,0.388096126190839,30
"12036","MG","Pratápolis",8566,17920.31,31047,"Passos",3,"Sudeste",0,"315290",7,8,4,4,5,3,0,0,0,0,0,8,4,4,5,3,11,9.79368998548644,9.05555615817532,0.380420467085436,29
"12037","MG","Presidente Olegário",19627,22596.41,31002,"Paracatu",3,"Sudeste",0,"315340",2,22,3,19,7,15,0,0,0,0,0,22,3,19,7,15,10,10.0255463230849,9.88466144828608,0.335957799565981,29
"12038","MG","Presidente Olegário",19627,22596.41,31002,"Paracatu",3,"Sudeste",0,"315340",3,25,7,18,7,18,0,0,0,0,0,25,7,18,7,18,11,10.0255463230849,9.88466144828608,0.390106772876742,31
"12039","MG","Presidente Olegário",19627,22596.41,31002,"Paracatu",3,"Sudeste",0,"315340",4,17,1,16,6,11,0,0,0,0,0,17,1,16,6,11,11,10.0255463230849,9.88466144828608,0.420809731702733,30
"12040","MG","Presidente Olegário",19627,22596.41,31002,"Paracatu",3,"Sudeste",0,"315340",5,16,4,12,8,8,0,0,0,0,0,16,4,12,8,8,9,10.0255463230849,9.88466144828608,0.426117645891812,31
"12041","MG","Presidente Olegário",19627,22596.41,31002,"Paracatu",3,"Sudeste",0,"315340",6,18,2,16,6,12,1,0,0,0,0,19,2,16,6,12,7,10.0255463230849,9.88466144828608,0.417212349550311,30
"12042","MG","Presidente Olegário",19627,22596.41,31002,"Paracatu",3,"Sudeste",0,"315340",7,13,4,9,3,10,0,0,0,0,0,13,4,9,3,10,10,10.0255463230849,9.88466144828608,0.40873736591825,29
"12043","MG","Prudente de Morais",10834,13915.92,31027,"Sete Lagoas",3,"Sudeste",1,"315360",2,22,4,18,10,12,0,0,0,0,0,22,4,18,10,12,7,9.54078878747692,9.29044461621784,0.300654240476249,29
"12044","MG","Prudente de Morais",10834,13915.92,31027,"Sete Lagoas",3,"Sudeste",1,"315360",3,11,3,8,6,5,0,0,0,0,0,11,3,8,6,5,6,9.54078878747692,9.29044461621784,0.369597935322702,31
"12045","MG","Prudente de Morais",10834,13915.92,31027,"Sete Lagoas",3,"Sudeste",1,"315360",4,8,1,7,2,6,1,0,0,0,0,9,1,7,2,6,5,9.54078878747692,9.29044461621784,0.405397380185551,30
"12046","MG","Prudente de Morais",10834,13915.92,31027,"Sete Lagoas",3,"Sudeste",1,"315360",5,17,2,15,6,11,0,0,0,0,0,17,2,15,6,11,7,9.54078878747692,9.29044461621784,0.356336369467221,31
"12047","MG","Prudente de Morais",10834,13915.92,31027,"Sete Lagoas",3,"Sudeste",1,"315360",6,15,2,13,2,13,0,0,0,0,0,15,2,13,2,13,1,9.54078878747692,9.29044461621784,0.36055416801975,30
"12048","MG","Prudente de Morais",10834,13915.92,31027,"Sete Lagoas",3,"Sudeste",1,"315360",7,14,2,12,6,8,0,0,0,0,0,14,2,12,6,8,5,9.54078878747692,9.29044461621784,0.347150576081288,29
"12049","MG","Raposos",16429,11291.86,31030,"Belo Horizonte",3,"Sudeste",1,"315390",2,18,0,18,6,12,0,0,0,0,0,18,0,18,6,12,9,9.33183739113854,9.70680334490634,0.314949812692224,29
"12050","MG","Raposos",16429,11291.86,31030,"Belo Horizonte",3,"Sudeste",1,"315390",3,18,0,18,6,12,0,0,0,0,0,18,0,18,6,12,14,9.33183739113854,9.70680334490634,0.390192109165248,31
"12051","MG","Raposos",16429,11291.86,31030,"Belo Horizonte",3,"Sudeste",1,"315390",4,21,1,20,4,17,1,0,0,0,0,22,1,20,4,17,9,9.33183739113854,9.70680334490634,0.455744174708553,30
"12052","MG","Raposos",16429,11291.86,31030,"Belo Horizonte",3,"Sudeste",1,"315390",5,22,0,22,9,13,1,0,0,0,0,23,0,22,9,13,5,9.33183739113854,9.70680334490634,0.408879844730234,31
"12053","MG","Raposos",16429,11291.86,31030,"Belo Horizonte",3,"Sudeste",1,"315390",6,14,2,12,2,12,0,0,0,0,0,14,2,12,2,12,12,9.33183739113854,9.70680334490634,0.375331891921246,30
"12054","MG","Raposos",16429,11291.86,31030,"Belo Horizonte",3,"Sudeste",1,"315390",7,19,1,18,7,12,0,0,0,0,0,19,1,18,7,12,11,9.33183739113854,9.70680334490634,0.392272870314017,29
"12055","MG","Raul Soares",23711,13138.7,31060,"Ponte Nova",3,"Sudeste",0,"315400",2,25,11,14,11,14,0,0,0,0,0,25,11,14,11,14,14,9.48331735259327,10.073694354467,0.311599928410786,29
"12056","MG","Raul Soares",23711,13138.7,31060,"Ponte Nova",3,"Sudeste",0,"315400",3,31,11,20,13,18,0,0,0,0,0,31,11,20,13,18,23,9.48331735259327,10.073694354467,0.396507221806776,31
"12057","MG","Raul Soares",23711,13138.7,31060,"Ponte Nova",3,"Sudeste",0,"315400",4,26,7,19,8,18,0,0,0,0,0,26,7,19,8,18,13,9.48331735259327,10.073694354467,0.450035762691049,30
"12058","MG","Raul Soares",23711,13138.7,31060,"Ponte Nova",3,"Sudeste",0,"315400",5,24,6,18,12,12,0,0,0,0,0,24,6,18,12,12,15,9.48331735259327,10.073694354467,0.451020755436375,31
"12059","MG","Raul Soares",23711,13138.7,31060,"Ponte Nova",3,"Sudeste",0,"315400",6,17,4,13,6,11,0,0,0,0,0,17,4,13,6,11,15,9.48331735259327,10.073694354467,0.409838511259607,30
"12060","MG","Raul Soares",23711,13138.7,31060,"Ponte Nova",3,"Sudeste",0,"315400",7,24,10,14,5,19,0,0,0,0,0,24,10,14,5,19,15,9.48331735259327,10.073694354467,0.413881907356217,29
"12061","MG","Resende Costa",11540,15789.24,31058,"São João Del Rei",3,"Sudeste",0,"315420",2,13,1,12,6,7,1,0,0,0,0,14,1,12,6,7,8,9.66708397436238,9.35357454006209,0.305414250911027,29
"12062","MG","Resende Costa",11540,15789.24,31058,"São João Del Rei",3,"Sudeste",0,"315420",3,20,4,16,6,14,0,0,0,0,0,20,4,16,6,14,8,9.66708397436238,9.35357454006209,0.381846036596583,31
"12063","MG","Resende Costa",11540,15789.24,31058,"São João Del Rei",3,"Sudeste",0,"315420",4,11,2,9,4,7,0,0,0,0,0,11,2,9,4,7,7,9.66708397436238,9.35357454006209,0.444237816130206,30
"12064","MG","Resende Costa",11540,15789.24,31058,"São João Del Rei",3,"Sudeste",0,"315420",5,9,2,7,3,6,0,0,0,0,0,9,2,7,3,6,10,9.66708397436238,9.35357454006209,0.41245650362635,31
"12065","MG","Resende Costa",11540,15789.24,31058,"São João Del Rei",3,"Sudeste",0,"315420",6,16,2,14,4,12,0,0,0,0,0,16,2,14,4,12,8,9.66708397436238,9.35357454006209,0.387299978424961,30
"12066","MG","Resende Costa",11540,15789.24,31058,"São João Del Rei",3,"Sudeste",0,"315420",7,14,2,12,0,14,0,0,0,0,0,14,2,12,0,14,14,9.66708397436238,9.35357454006209,0.373297138013671,29
"12067","MG","Resplendor",17396,12808.48,31041,"Aimorés",3,"Sudeste",0,"315430",2,33,12,21,14,19,0,0,0,0,0,33,12,21,14,19,11,9.45786273055146,9.76399557371753,0.346817491018415,29
"12068","MG","Resplendor",17396,12808.48,31041,"Aimorés",3,"Sudeste",0,"315430",3,31,9,22,7,24,1,0,0,0,0,32,9,22,7,24,20,9.45786273055146,9.76399557371753,0.433032120350708,31
"12069","MG","Resplendor",17396,12808.48,31041,"Aimorés",3,"Sudeste",0,"315430",4,14,3,11,2,12,0,0,0,0,0,14,3,11,2,12,19,9.45786273055146,9.76399557371753,0.46096016192383,30
"12070","MG","Resplendor",17396,12808.48,31041,"Aimorés",3,"Sudeste",0,"315430",5,13,5,8,4,9,0,0,0,0,0,13,5,8,4,9,8,9.45786273055146,9.76399557371753,0.460070507519819,31
"12071","MG","Resplendor",17396,12808.48,31041,"Aimorés",3,"Sudeste",0,"315430",6,26,4,22,7,19,0,0,0,0,0,26,4,22,7,19,15,9.45786273055146,9.76399557371753,0.423433522158984,30
"12072","MG","Resplendor",17396,12808.48,31041,"Aimorés",3,"Sudeste",0,"315430",7,19,6,13,6,13,0,0,0,0,0,19,6,13,6,13,20,9.45786273055146,9.76399557371753,0.430725229167588,29
"12073","MG","Riacho dos Machados",9476,29972.04,31004,"Janaúba",3,"Sudeste",0,"315450",2,18,3,15,9,9,0,0,0,0,0,18,3,15,9,9,1,10.3080202260623,9.15651756527868,0.329123791779514,29
"12074","MG","Riacho dos Machados",9476,29972.04,31004,"Janaúba",3,"Sudeste",0,"315450",3,22,8,14,7,15,1,0,0,0,0,23,8,14,7,15,4,10.3080202260623,9.15651756527868,0.430106981476941,31
"12075","MG","Riacho dos Machados",9476,29972.04,31004,"Janaúba",3,"Sudeste",0,"315450",4,12,1,11,5,7,0,0,0,0,0,12,1,11,5,7,4,10.3080202260623,9.15651756527868,0.443012292409497,30
"12076","MG","Riacho dos Machados",9476,29972.04,31004,"Janaúba",3,"Sudeste",0,"315450",5,6,1,5,2,4,0,0,0,0,0,6,1,5,2,4,4,10.3080202260623,9.15651756527868,0.439640548656781,31
"12077","MG","Riacho dos Machados",9476,29972.04,31004,"Janaúba",3,"Sudeste",0,"315450",6,10,3,7,7,3,0,0,0,0,0,10,3,7,7,3,5,10.3080202260623,9.15651756527868,0.406384798538476,30
"12078","MG","Riacho dos Machados",9476,29972.04,31004,"Janaúba",3,"Sudeste",0,"315450",7,7,1,6,6,1,0,0,0,0,0,7,1,6,6,1,4,10.3080202260623,9.15651756527868,0.408356112015554,29
"12079","MG","Ribeirão das Neves",338197,12392.14,31030,"Belo Horizonte",3,"Sudeste",1,"315460",2,606,119,487,209,397,3,0,0,0,0,609,119,487,209,397,127,9.42481767964425,12.7313838449164,0.302668981912362,29
"12080","MG","Ribeirão das Neves",338197,12392.14,31030,"Belo Horizonte",3,"Sudeste",1,"315460",3,502,104,398,180,322,2,0,0,0,0,504,104,398,180,322,126,9.42481767964425,12.7313838449164,0.389198918681017,31
"12081","MG","Ribeirão das Neves",338197,12392.14,31030,"Belo Horizonte",3,"Sudeste",1,"315460",4,361,76,285,141,220,2,0,0,0,0,363,76,285,141,220,113,9.42481767964425,12.7313838449164,0.434953419382116,30
"12082","MG","Ribeirão das Neves",338197,12392.14,31030,"Belo Horizonte",3,"Sudeste",1,"315460",5,375,74,301,141,234,4,0,0,0,0,379,74,301,141,234,140,9.42481767964425,12.7313838449164,0.397458653331174,31
"12083","MG","Ribeirão das Neves",338197,12392.14,31030,"Belo Horizonte",3,"Sudeste",1,"315460",6,373,74,299,126,247,3,0,0,0,0,376,74,299,126,247,165,9.42481767964425,12.7313838449164,0.376651654775989,30
"12084","MG","Ribeirão das Neves",338197,12392.14,31030,"Belo Horizonte",3,"Sudeste",1,"315460",7,413,79,334,161,252,4,0,0,0,0,417,79,334,161,252,226,9.42481767964425,12.7313838449164,0.388605601105753,29
"12085","MG","Rio Acima",10420,18719.75,31030,"Belo Horizonte",3,"Sudeste",1,"315480",2,11,1,10,4,7,0,0,0,0,0,11,1,10,4,7,3,9.83733439524155,9.25148231530736,0.309358470046348,29
"12086","MG","Rio Acima",10420,18719.75,31030,"Belo Horizonte",3,"Sudeste",1,"315480",3,9,2,7,3,6,0,0,0,0,0,9,2,7,3,6,4,9.83733439524155,9.25148231530736,0.404441324337627,31
"12087","MG","Rio Acima",10420,18719.75,31030,"Belo Horizonte",3,"Sudeste",1,"315480",4,7,0,7,2,5,0,0,0,0,0,7,0,7,2,5,4,9.83733439524155,9.25148231530736,0.427732261200693,30
"12088","MG","Rio Acima",10420,18719.75,31030,"Belo Horizonte",3,"Sudeste",1,"315480",5,12,1,11,7,5,0,0,0,0,0,12,1,11,7,5,4,9.83733439524155,9.25148231530736,0.406140643544812,31
"12089","MG","Rio Acima",10420,18719.75,31030,"Belo Horizonte",3,"Sudeste",1,"315480",6,17,1,16,4,13,0,0,0,0,0,17,1,16,4,13,1,9.83733439524155,9.25148231530736,0.375936931626829,30
"12090","MG","Rio Acima",10420,18719.75,31030,"Belo Horizonte",3,"Sudeste",1,"315480",7,7,1,6,4,3,1,0,0,0,0,8,1,6,4,3,5,9.83733439524155,9.25148231530736,0.370591234757364,29
"12091","MG","Rio Casca",13473,14225.73,31060,"Ponte Nova",3,"Sudeste",0,"315490",2,21,5,16,10,11,0,0,0,0,0,21,5,16,10,11,13,9.56280757577974,9.50844296175585,0.319919811215537,29
"12092","MG","Rio Casca",13473,14225.73,31060,"Ponte Nova",3,"Sudeste",0,"315490",3,24,7,17,7,17,1,0,0,0,0,25,7,17,7,17,11,9.56280757577974,9.50844296175585,0.402514860559289,31
"12093","MG","Rio Casca",13473,14225.73,31060,"Ponte Nova",3,"Sudeste",0,"315490",4,11,2,9,3,8,0,0,0,0,0,11,2,9,3,8,9,9.56280757577974,9.50844296175585,0.434946198223845,30
"12094","MG","Rio Casca",13473,14225.73,31060,"Ponte Nova",3,"Sudeste",0,"315490",5,13,2,11,4,9,0,0,0,0,0,13,2,11,4,9,8,9.56280757577974,9.50844296175585,0.429048561709612,31
"12095","MG","Rio Casca",13473,14225.73,31060,"Ponte Nova",3,"Sudeste",0,"315490",6,8,3,5,5,3,0,0,0,0,0,8,3,5,5,3,12,9.56280757577974,9.50844296175585,0.401539309536892,30
"12096","MG","Rio Casca",13473,14225.73,31060,"Ponte Nova",3,"Sudeste",0,"315490",7,9,3,6,2,7,0,0,0,0,0,9,3,6,2,7,6,9.56280757577974,9.50844296175585,0.409951558804857,29
"12097","MG","Rio Manso",5879,14769.81,31032,"Itaguara",3,"Sudeste",0,"315530",2,4,2,2,1,3,0,0,0,0,0,4,2,2,1,3,0,9.60034051152935,8.67914195840225,0.283619342219003,29
"12098","MG","Rio Manso",5879,14769.81,31032,"Itaguara",3,"Sudeste",0,"315530",3,6,1,5,1,5,0,0,0,0,0,6,1,5,1,5,1,9.60034051152935,8.67914195840225,0.353474195800777,31
"12099","MG","Rio Manso",5879,14769.81,31032,"Itaguara",3,"Sudeste",0,"315530",4,6,2,4,1,5,0,0,0,0,0,6,2,4,1,5,2,9.60034051152935,8.67914195840225,0.382012038740763,30
"12100","MG","Rio Manso",5879,14769.81,31032,"Itaguara",3,"Sudeste",0,"315530",5,4,2,2,4,0,0,0,0,0,0,4,2,2,4,0,6,9.60034051152935,8.67914195840225,0.378508204985188,31
"12101","MG","Rio Manso",5879,14769.81,31032,"Itaguara",3,"Sudeste",0,"315530",6,4,0,4,0,4,0,0,0,0,0,4,0,4,0,4,4,9.60034051152935,8.67914195840225,0.368244895112198,30
"12102","MG","Rio Manso",5879,14769.81,31032,"Itaguara",3,"Sudeste",0,"315530",7,4,2,2,1,3,0,0,0,0,0,4,2,2,1,3,1,9.60034051152935,8.67914195840225,0.383411977888295,29
"12103","MG","Rio Novo",8957,11938.85,31065,"Juiz de Fora",3,"Sudeste",0,"315540",2,11,4,7,4,7,0,0,0,0,0,11,4,7,4,7,0,9.38755306740014,9.10019062847519,0.334594607620276,29
"12104","MG","Rio Novo",8957,11938.85,31065,"Juiz de Fora",3,"Sudeste",0,"315540",3,9,3,6,4,5,0,0,0,0,0,9,3,6,4,5,5,9.38755306740014,9.10019062847519,0.42684117064213,31
"12105","MG","Rio Novo",8957,11938.85,31065,"Juiz de Fora",3,"Sudeste",0,"315540",4,7,0,7,3,4,0,0,0,0,0,7,0,7,3,4,4,9.38755306740014,9.10019062847519,0.474420600294287,30
"12106","MG","Rio Novo",8957,11938.85,31065,"Juiz de Fora",3,"Sudeste",0,"315540",5,9,3,6,5,4,0,0,0,0,0,9,3,6,5,4,8,9.38755306740014,9.10019062847519,0.429307369190773,31
"12107","MG","Rio Novo",8957,11938.85,31065,"Juiz de Fora",3,"Sudeste",0,"315540",6,3,2,1,1,2,1,0,0,0,0,4,2,1,1,2,2,9.38755306740014,9.10019062847519,0.420500242855192,30
"12108","MG","Rio Novo",8957,11938.85,31065,"Juiz de Fora",3,"Sudeste",0,"315540",7,6,3,3,2,4,0,0,0,0,0,6,3,3,2,4,4,9.38755306740014,9.10019062847519,0.395434705049384,29
"12109","MG","Rio Paranaíba",12335,41984.26,31020,"Patos de Minas",3,"Sudeste",0,"315550",2,30,7,23,14,16,0,0,0,0,0,30,7,23,14,16,9,10.64505006512,9.42019602896346,0.293059676615018,29
"12110","MG","Rio Paranaíba",12335,41984.26,31020,"Patos de Minas",3,"Sudeste",0,"315550",3,20,11,9,6,14,0,0,0,0,0,20,11,9,6,14,5,10.64505006512,9.42019602896346,0.390012215876106,31
"12111","MG","Rio Paranaíba",12335,41984.26,31020,"Patos de Minas",3,"Sudeste",0,"315550",4,11,6,5,5,6,0,0,0,0,0,11,6,5,5,6,10,10.64505006512,9.42019602896346,0.405101226792141,30
"12112","MG","Rio Paranaíba",12335,41984.26,31020,"Patos de Minas",3,"Sudeste",0,"315550",5,15,8,7,5,10,2,0,0,0,0,17,8,7,5,10,16,10.64505006512,9.42019602896346,0.391549221640011,31
"12113","MG","Rio Paranaíba",12335,41984.26,31020,"Patos de Minas",3,"Sudeste",0,"315550",6,19,7,12,6,13,0,0,0,0,0,19,7,12,6,13,10,10.64505006512,9.42019602896346,0.395902331287196,30
"12114","MG","Rio Paranaíba",12335,41984.26,31020,"Patos de Minas",3,"Sudeste",0,"315550",7,10,2,8,5,5,0,0,0,0,0,10,2,8,5,5,7,10.64505006512,9.42019602896346,0.400674998076256,29
"12115","MG","Rio Pardo de Minas",31045,8931.83,31005,"Salinas",3,"Sudeste",0,"315560",2,46,9,37,14,32,0,0,0,0,0,46,9,37,14,32,11,9.09737658008748,10.343193043799,0.302624003477544,29
"12116","MG","Rio Pardo de Minas",31045,8931.83,31005,"Salinas",3,"Sudeste",0,"315560",3,42,11,31,19,23,1,0,0,0,0,43,11,31,19,23,16,9.09737658008748,10.343193043799,0.377770142736049,31
"12117","MG","Rio Pardo de Minas",31045,8931.83,31005,"Salinas",3,"Sudeste",0,"315560",4,31,8,23,11,20,0,0,0,0,0,31,8,23,11,20,16,9.09737658008748,10.343193043799,0.380496820245856,30
"12118","MG","Rio Pardo de Minas",31045,8931.83,31005,"Salinas",3,"Sudeste",0,"315560",5,36,6,30,18,18,0,0,0,0,0,36,6,30,18,18,13,9.09737658008748,10.343193043799,0.381344760966009,31
"12119","MG","Rio Pardo de Minas",31045,8931.83,31005,"Salinas",3,"Sudeste",0,"315560",6,28,3,25,16,12,0,0,0,0,0,28,3,25,16,12,15,9.09737658008748,10.343193043799,0.391951843296295,30
"12120","MG","Rio Pardo de Minas",31045,8931.83,31005,"Salinas",3,"Sudeste",0,"315560",7,34,7,27,16,18,0,0,0,0,0,34,7,27,16,18,13,9.09737658008748,10.343193043799,0.402244478805435,29
"12121","MG","Rio Piracicaba",14332,39144.44,31031,"Itabira",3,"Sudeste",0,"315570",2,13,3,10,2,11,0,0,0,0,0,13,3,10,2,11,6,10.5750136734535,9.57025007842484,0.309385470426451,29
"12122","MG","Rio Piracicaba",14332,39144.44,31031,"Itabira",3,"Sudeste",0,"315570",3,7,0,7,1,6,0,0,0,0,0,7,0,7,1,6,9,10.5750136734535,9.57025007842484,0.392668367257839,31
"12123","MG","Rio Piracicaba",14332,39144.44,31031,"Itabira",3,"Sudeste",0,"315570",4,10,0,10,4,6,0,0,0,0,0,10,0,10,4,6,6,10.5750136734535,9.57025007842484,0.419148564180374,30
"12124","MG","Rio Piracicaba",14332,39144.44,31031,"Itabira",3,"Sudeste",0,"315570",5,7,2,5,2,5,0,0,0,0,0,7,2,5,2,5,11,10.5750136734535,9.57025007842484,0.397740694112803,31
"12125","MG","Rio Piracicaba",14332,39144.44,31031,"Itabira",3,"Sudeste",0,"315570",6,16,2,14,6,10,0,0,0,0,0,16,2,14,6,10,7,10.5750136734535,9.57025007842484,0.385847441189864,30
"12126","MG","Rio Piracicaba",14332,39144.44,31031,"Itabira",3,"Sudeste",0,"315570",7,6,1,5,5,1,0,0,0,0,0,6,1,5,5,1,6,10.5750136734535,9.57025007842484,0.383096319883557,29
"12127","MG","Rio Pomba",17959,19070.37,31064,"Ubá",3,"Sudeste",1,"315580",2,28,8,20,10,18,0,0,0,0,0,28,8,20,10,18,12,9.85589110060866,9.79584666101874,0.30768208161906,29
"12128","MG","Rio Pomba",17959,19070.37,31064,"Ubá",3,"Sudeste",1,"315580",3,19,4,15,5,14,0,0,0,0,0,19,4,15,5,14,11,9.85589110060866,9.79584666101874,0.386323276320457,31
"12129","MG","Rio Pomba",17959,19070.37,31064,"Ubá",3,"Sudeste",1,"315580",4,16,5,11,7,9,0,0,0,0,0,16,5,11,7,9,7,9.85589110060866,9.79584666101874,0.468558600705989,30
"12130","MG","Rio Pomba",17959,19070.37,31064,"Ubá",3,"Sudeste",1,"315580",5,14,2,12,5,9,2,0,0,0,0,16,2,12,5,9,19,9.85589110060866,9.79584666101874,0.422395518690611,31
"12131","MG","Rio Pomba",17959,19070.37,31064,"Ubá",3,"Sudeste",1,"315580",6,21,2,19,14,7,0,0,0,0,0,21,2,19,14,7,5,9.85589110060866,9.79584666101874,0.372455633503284,30
"12132","MG","Rio Pomba",17959,19070.37,31064,"Ubá",3,"Sudeste",1,"315580",7,21,5,16,6,15,0,0,0,0,0,21,5,16,6,15,14,9.85589110060866,9.79584666101874,0.389505442244756,29
"12133","MG","Rodeiro",8224,49500.09,31064,"Ubá",3,"Sudeste",1,"315630",2,17,11,6,3,14,0,0,0,0,0,17,11,6,3,14,5,10.8097297667369,9.01481198769495,0.324737192393529,29
"12134","MG","Rodeiro",8224,49500.09,31064,"Ubá",3,"Sudeste",1,"315630",3,15,5,10,7,8,0,0,0,0,0,15,5,10,7,8,7,10.8097297667369,9.01481198769495,0.413119180762595,31
"12135","MG","Rodeiro",8224,49500.09,31064,"Ubá",3,"Sudeste",1,"315630",4,12,3,9,6,6,0,0,0,0,0,12,3,9,6,6,4,10.8097297667369,9.01481198769495,0.433186225740365,30
"12136","MG","Rodeiro",8224,49500.09,31064,"Ubá",3,"Sudeste",1,"315630",5,9,2,7,4,5,0,0,0,0,0,9,2,7,4,5,8,10.8097297667369,9.01481198769495,0.398806775791338,31
"12137","MG","Rodeiro",8224,49500.09,31064,"Ubá",3,"Sudeste",1,"315630",6,8,1,7,3,5,0,0,0,0,0,8,1,7,3,5,6,10.8097297667369,9.01481198769495,0.345713032285168,30
"12138","MG","Rodeiro",8224,49500.09,31064,"Ubá",3,"Sudeste",1,"315630",7,11,6,5,8,3,0,0,0,0,0,11,6,5,8,3,2,10.8097297667369,9.01481198769495,0.353918472151093,29
"12139","MG","Rubim",10256,8319.29,31014,"Almenara",3,"Sudeste",0,"315660",2,3,1,2,1,2,0,0,0,0,0,3,1,2,1,2,8,9.02633219363542,9.23561817916045,0.306668507039608,29
"12140","MG","Rubim",10256,8319.29,31014,"Almenara",3,"Sudeste",0,"315660",3,3,0,3,2,1,0,0,0,0,0,3,0,3,2,1,3,9.02633219363542,9.23561817916045,0.38174519444252,31
"12141","MG","Rubim",10256,8319.29,31014,"Almenara",3,"Sudeste",0,"315660",4,8,5,3,4,4,0,0,0,0,0,8,5,3,4,4,8,9.02633219363542,9.23561817916045,0.41502822100831,30
"12142","MG","Rubim",10256,8319.29,31014,"Almenara",3,"Sudeste",0,"315660",5,4,3,1,4,0,1,0,0,0,0,5,3,1,4,0,5,9.02633219363542,9.23561817916045,0.36629774005622,31
"12143","MG","Rubim",10256,8319.29,31014,"Almenara",3,"Sudeste",0,"315660",6,7,5,2,3,4,0,0,0,0,0,7,5,2,3,4,8,9.02633219363542,9.23561817916045,0.346599295889327,30
"12144","MG","Rubim",10256,8319.29,31014,"Almenara",3,"Sudeste",0,"315660",7,5,2,3,1,4,0,0,0,0,0,5,2,3,1,4,8,9.02633219363542,9.23561817916045,0.413296473512249,29
"12145","MG","Sabará",137125,21561.12,31030,"Belo Horizonte",3,"Sudeste",1,"315670",2,220,31,189,82,138,0,0,0,0,0,220,31,189,82,138,65,9.97864697172563,11.8286481975775,0.297355819358716,29
"12146","MG","Sabará",137125,21561.12,31030,"Belo Horizonte",3,"Sudeste",1,"315670",3,175,31,144,63,112,5,0,0,0,0,180,31,144,63,112,71,9.97864697172563,11.8286481975775,0.390028849205376,31
"12147","MG","Sabará",137125,21561.12,31030,"Belo Horizonte",3,"Sudeste",1,"315670",4,119,18,101,34,85,2,0,0,0,0,121,18,101,34,85,48,9.97864697172563,11.8286481975775,0.445439390488218,30
"12148","MG","Sabará",137125,21561.12,31030,"Belo Horizonte",3,"Sudeste",1,"315670",5,170,29,141,70,100,6,0,0,0,0,176,29,141,70,100,57,9.97864697172563,11.8286481975775,0.402606717152755,31
"12149","MG","Sabará",137125,21561.12,31030,"Belo Horizonte",3,"Sudeste",1,"315670",6,110,19,91,41,69,0,0,0,0,0,110,19,91,41,69,89,9.97864697172563,11.8286481975775,0.375831884028514,30
"12150","MG","Sabará",137125,21561.12,31030,"Belo Horizonte",3,"Sudeste",1,"315670",7,139,20,119,41,98,0,0,0,0,0,139,20,119,41,98,103,9.97864697172563,11.8286481975775,0.388946666143755,29
"12151","MG","Sabinópolis",15416,11632.37,31035,"Guanhães",3,"Sudeste",0,"315680",2,11,3,8,2,9,0,0,0,0,0,11,3,8,2,9,11,9.36154700807071,9.6431612100942,0.29403510857177,29
"12152","MG","Sabinópolis",15416,11632.37,31035,"Guanhães",3,"Sudeste",0,"315680",3,12,3,9,2,10,0,0,0,0,0,12,3,9,2,10,11,9.36154700807071,9.6431612100942,0.374744119437561,31
"12153","MG","Sabinópolis",15416,11632.37,31035,"Guanhães",3,"Sudeste",0,"315680",4,9,3,6,2,7,0,0,0,0,0,9,3,6,2,7,9,9.36154700807071,9.6431612100942,0.462953852009196,30
"12154","MG","Sabinópolis",15416,11632.37,31035,"Guanhães",3,"Sudeste",0,"315680",5,13,3,10,7,6,0,0,0,0,0,13,3,10,7,6,8,9.36154700807071,9.6431612100942,0.426240972732643,31
"12155","MG","Sabinópolis",15416,11632.37,31035,"Guanhães",3,"Sudeste",0,"315680",6,15,0,15,7,8,0,0,0,0,0,15,0,15,7,8,7,9.36154700807071,9.6431612100942,0.405223236054341,30
"12156","MG","Sabinópolis",15416,11632.37,31035,"Guanhães",3,"Sudeste",0,"315680",7,10,3,7,3,7,0,0,0,0,0,10,3,7,3,7,9,9.36154700807071,9.6431612100942,0.444583212020317,29
"12157","MG","Sacramento",26374,51491.7,31023,"Araxá",3,"Sudeste",1,"315690",2,40,10,30,16,24,0,0,0,0,0,40,10,30,16,24,14,10.8491759086148,10.1801339553676,0.307836789876123,29
"12158","MG","Sacramento",26374,51491.7,31023,"Araxá",3,"Sudeste",1,"315690",3,49,6,43,15,34,0,0,0,0,0,49,6,43,15,34,14,10.8491759086148,10.1801339553676,0.381294467713087,31
"12159","MG","Sacramento",26374,51491.7,31023,"Araxá",3,"Sudeste",1,"315690",4,21,3,18,9,12,0,0,0,0,0,21,3,18,9,12,9,10.8491759086148,10.1801339553676,0.409112776545093,30
"12160","MG","Sacramento",26374,51491.7,31023,"Araxá",3,"Sudeste",1,"315690",5,26,3,23,13,13,0,0,0,0,0,26,3,23,13,13,21,10.8491759086148,10.1801339553676,0.401570331374032,31
"12161","MG","Sacramento",26374,51491.7,31023,"Araxá",3,"Sudeste",1,"315690",6,27,4,23,10,17,0,0,0,0,0,27,4,23,10,17,11,10.8491759086148,10.1801339553676,0.372884048267964,30
"12162","MG","Sacramento",26374,51491.7,31023,"Araxá",3,"Sudeste",1,"315690",7,31,5,26,10,21,0,0,0,0,0,31,5,26,10,21,9,10.8491759086148,10.1801339553676,0.394999281396652,29
"12163","MG","Salinas",41699,13184.48,31005,"Salinas",3,"Sudeste",1,"315700",2,51,11,40,14,37,0,0,0,0,0,51,11,40,14,37,23,9.4867956592535,10.638232426684,0.273483644404184,29
"12164","MG","Salinas",41699,13184.48,31005,"Salinas",3,"Sudeste",1,"315700",3,52,12,40,17,35,1,0,0,0,0,53,12,40,17,35,26,9.4867956592535,10.638232426684,0.369398487977064,31
"12165","MG","Salinas",41699,13184.48,31005,"Salinas",3,"Sudeste",1,"315700",4,34,5,29,12,22,0,0,0,0,0,34,5,29,12,22,27,9.4867956592535,10.638232426684,0.382558628148459,30
"12166","MG","Salinas",41699,13184.48,31005,"Salinas",3,"Sudeste",1,"315700",5,39,12,27,8,31,0,0,0,0,0,39,12,27,8,31,17,9.4867956592535,10.638232426684,0.347671165640897,31
"12167","MG","Salinas",41699,13184.48,31005,"Salinas",3,"Sudeste",1,"315700",6,44,9,35,16,28,0,0,0,0,0,44,9,35,16,28,30,9.4867956592535,10.638232426684,0.412405430836023,30
"12168","MG","Salinas",41699,13184.48,31005,"Salinas",3,"Sudeste",1,"315700",7,53,11,42,20,33,1,0,0,0,0,54,11,42,20,33,33,9.4867956592535,10.638232426684,0.383501929098902,29
"12169","MG","Salto da Divisa",7012,14698.14,31014,"Almenara",3,"Sudeste",0,"315710",2,4,2,2,2,2,0,0,0,0,0,4,2,2,2,2,4,9.59547623414891,8.85537824604113,0.294667624257181,29
"12170","MG","Salto da Divisa",7012,14698.14,31014,"Almenara",3,"Sudeste",0,"315710",3,5,4,1,2,3,0,0,0,0,0,5,4,1,2,3,8,9.59547623414891,8.85537824604113,0.374532879207477,31
"12171","MG","Salto da Divisa",7012,14698.14,31014,"Almenara",3,"Sudeste",0,"315710",4,6,1,5,4,2,0,0,0,0,0,6,1,5,4,2,4,9.59547623414891,8.85537824604113,0.384549341039142,30
"12172","MG","Salto da Divisa",7012,14698.14,31014,"Almenara",3,"Sudeste",0,"315710",5,2,1,1,0,2,0,0,0,0,0,2,1,1,0,2,4,9.59547623414891,8.85537824604113,0.347590640374133,31
"12173","MG","Salto da Divisa",7012,14698.14,31014,"Almenara",3,"Sudeste",0,"315710",6,3,1,2,2,1,0,0,0,0,0,3,1,2,2,1,3,9.59547623414891,8.85537824604113,0.356994532711082,30
"12174","MG","Salto da Divisa",7012,14698.14,31014,"Almenara",3,"Sudeste",0,"315710",7,3,1,2,2,1,1,0,0,0,0,4,1,2,2,1,3,9.59547623414891,8.85537824604113,0.402207940814992,29
"12175","MG","Santa Bárbara",31604,26833.95,31031,"Itabira",3,"Sudeste",1,"315720",2,24,2,22,10,14,0,0,0,0,0,24,2,22,10,14,7,10.1974231558409,10.3610389738426,0.297500800748733,29
"12176","MG","Santa Bárbara",31604,26833.95,31031,"Itabira",3,"Sudeste",1,"315720",3,37,6,31,12,25,0,0,0,0,0,37,6,31,12,25,17,10.1974231558409,10.3610389738426,0.394566074359617,31
"12177","MG","Santa Bárbara",31604,26833.95,31031,"Itabira",3,"Sudeste",1,"315720",4,24,1,23,8,16,0,0,0,0,0,24,1,23,8,16,6,10.1974231558409,10.3610389738426,0.426976319215333,30
"12178","MG","Santa Bárbara",31604,26833.95,31031,"Itabira",3,"Sudeste",1,"315720",5,36,6,30,9,27,0,0,0,0,0,36,6,30,9,27,13,10.1974231558409,10.3610389738426,0.408048449613332,31
"12179","MG","Santa Bárbara",31604,26833.95,31031,"Itabira",3,"Sudeste",1,"315720",6,34,4,30,8,26,1,0,0,0,0,35,4,30,8,26,8,10.1974231558409,10.3610389738426,0.380108362595455,30
"12180","MG","Santa Bárbara",31604,26833.95,31031,"Itabira",3,"Sudeste",1,"315720",7,22,5,17,5,17,1,0,0,0,0,23,5,17,5,17,22,10.1974231558409,10.3610389738426,0.378623153016525,29
"12181","MG","Santa Cruz de Minas",8664,10772.82,31058,"São João Del Rei",3,"Sudeste",1,"315733",2,9,2,7,1,8,0,0,0,0,0,9,2,7,1,8,3,9.28478157431684,9.06693178868083,0.303582984106889,29
"12182","MG","Santa Cruz de Minas",8664,10772.82,31058,"São João Del Rei",3,"Sudeste",1,"315733",3,12,5,7,6,6,0,0,0,0,0,12,5,7,6,6,6,9.28478157431684,9.06693178868083,0.433268702468953,31
"12183","MG","Santa Cruz de Minas",8664,10772.82,31058,"São João Del Rei",3,"Sudeste",1,"315733",4,10,1,9,5,5,0,0,0,0,0,10,1,9,5,5,2,9.28478157431684,9.06693178868083,0.463249747657363,30
"12184","MG","Santa Cruz de Minas",8664,10772.82,31058,"São João Del Rei",3,"Sudeste",1,"315733",5,5,2,3,4,1,0,0,0,0,0,5,2,3,4,1,8,9.28478157431684,9.06693178868083,0.446083615046992,31
"12185","MG","Santa Cruz de Minas",8664,10772.82,31058,"São João Del Rei",3,"Sudeste",1,"315733",6,8,2,6,0,8,0,0,0,0,0,8,2,6,0,8,5,9.28478157431684,9.06693178868083,0.417826035928162,30
"12186","MG","Santa Cruz de Minas",8664,10772.82,31058,"São João Del Rei",3,"Sudeste",1,"315733",7,15,3,12,8,7,0,0,0,0,0,15,3,12,8,7,5,9.28478157431684,9.06693178868083,0.459828371179002,29
"12187","MG","Santa Juliana",14255,55902.26,31023,"Araxá",3,"Sudeste",0,"315770",2,36,11,25,15,21,0,0,0,0,0,36,11,25,15,21,8,10.931360087664,9.56486300134677,0.328988859093595,29
"12188","MG","Santa Juliana",14255,55902.26,31023,"Araxá",3,"Sudeste",0,"315770",3,23,10,13,12,11,0,0,0,0,0,23,10,13,12,11,8,10.931360087664,9.56486300134677,0.403009623278158,31
"12189","MG","Santa Juliana",14255,55902.26,31023,"Araxá",3,"Sudeste",0,"315770",4,18,2,16,6,12,0,0,0,0,0,18,2,16,6,12,1,10.931360087664,9.56486300134677,0.406534400794179,30
"12190","MG","Santa Juliana",14255,55902.26,31023,"Araxá",3,"Sudeste",0,"315770",5,15,4,11,7,8,0,0,0,0,0,15,4,11,7,8,9,10.931360087664,9.56486300134677,0.401439107101936,31
"12191","MG","Santa Juliana",14255,55902.26,31023,"Araxá",3,"Sudeste",0,"315770",6,24,8,16,15,9,0,0,0,0,0,24,8,16,15,9,6,10.931360087664,9.56486300134677,0.377238828722758,30
"12192","MG","Santa Juliana",14255,55902.26,31023,"Araxá",3,"Sudeste",0,"315770",7,15,4,11,7,8,0,0,0,0,0,15,4,11,7,8,9,10.931360087664,9.56486300134677,0.388002515259804,29
"12193","MG","Santa Luzia",220444,18272.1,31030,"Belo Horizonte",3,"Sudeste",1,"315780",2,427,73,354,163,264,2,0,0,0,0,429,73,354,163,264,108,9.8131305852954,12.3033989733597,0.291617770900182,29
"12194","MG","Santa Luzia",220444,18272.1,31030,"Belo Horizonte",3,"Sudeste",1,"315780",3,352,52,300,135,217,2,0,0,0,0,354,52,300,135,217,117,9.8131305852954,12.3033989733597,0.385530151140592,31
"12195","MG","Santa Luzia",220444,18272.1,31030,"Belo Horizonte",3,"Sudeste",1,"315780",4,259,42,217,91,168,3,0,0,0,0,262,42,217,91,168,96,9.8131305852954,12.3033989733597,0.440024198856008,30
"12196","MG","Santa Luzia",220444,18272.1,31030,"Belo Horizonte",3,"Sudeste",1,"315780",5,286,53,233,93,193,3,0,0,0,0,289,53,233,93,193,113,9.8131305852954,12.3033989733597,0.392540930877152,31
"12197","MG","Santa Luzia",220444,18272.1,31030,"Belo Horizonte",3,"Sudeste",1,"315780",6,239,43,196,79,160,6,0,0,0,0,245,43,196,79,160,128,9.8131305852954,12.3033989733597,0.367023114616846,30
"12198","MG","Santa Luzia",220444,18272.1,31030,"Belo Horizonte",3,"Sudeste",1,"315780",7,266,48,218,93,173,5,0,0,0,0,271,48,218,93,173,122,9.8131305852954,12.3033989733597,0.375227711496745,29
"12199","MG","Santa Margarida",16302,16369.37,31061,"Manhuaçu",3,"Sudeste",0,"315790",2,33,10,23,16,17,0,0,0,0,0,33,10,23,16,17,6,9.70316718459102,9.6990430786544,0.343637487652702,29
"12200","MG","Santa Margarida",16302,16369.37,31061,"Manhuaçu",3,"Sudeste",0,"315790",3,38,13,25,17,21,0,0,0,0,0,38,13,25,17,21,9,9.70316718459102,9.6990430786544,0.415170325890214,31
"12201","MG","Santa Margarida",16302,16369.37,31061,"Manhuaçu",3,"Sudeste",0,"315790",4,18,5,13,8,10,0,0,0,0,0,18,5,13,8,10,6,9.70316718459102,9.6990430786544,0.434259898707572,30
"12202","MG","Santa Margarida",16302,16369.37,31061,"Manhuaçu",3,"Sudeste",0,"315790",5,14,5,9,8,6,0,0,0,0,0,14,5,9,8,6,9,9.70316718459102,9.6990430786544,0.455646009134242,31
"12203","MG","Santa Margarida",16302,16369.37,31061,"Manhuaçu",3,"Sudeste",0,"315790",6,28,11,17,12,16,0,0,0,0,0,28,11,17,12,16,4,9.70316718459102,9.6990430786544,0.420880746820886,30
"12204","MG","Santa Margarida",16302,16369.37,31061,"Manhuaçu",3,"Sudeste",0,"315790",7,17,4,13,8,9,0,0,0,0,0,17,4,13,8,9,15,9.70316718459102,9.6990430786544,0.420882735642411,29
"12205","MG","Santa Maria de Itabira",10857,15053.07,31031,"Itabira",3,"Sudeste",0,"315800",2,9,3,6,4,5,0,0,0,0,0,9,3,6,4,5,2,9.61933723608552,9.29256531223185,0.28525345298227,29
"12206","MG","Santa Maria de Itabira",10857,15053.07,31031,"Itabira",3,"Sudeste",0,"315800",3,9,2,7,1,8,0,0,0,0,0,9,2,7,1,8,5,9.61933723608552,9.29256531223185,0.361360955843046,31
"12207","MG","Santa Maria de Itabira",10857,15053.07,31031,"Itabira",3,"Sudeste",0,"315800",4,6,0,6,3,3,0,0,0,0,0,6,0,6,3,3,10,9.61933723608552,9.29256531223185,0.426533570968612,30
"12208","MG","Santa Maria de Itabira",10857,15053.07,31031,"Itabira",3,"Sudeste",0,"315800",5,10,0,10,4,6,0,0,0,0,0,10,0,10,4,6,3,9.61933723608552,9.29256531223185,0.399758942384115,31
"12209","MG","Santa Maria de Itabira",10857,15053.07,31031,"Itabira",3,"Sudeste",0,"315800",6,19,1,18,9,10,0,0,0,0,0,19,1,18,9,10,6,9.61933723608552,9.29256531223185,0.393710997947305,30
"12210","MG","Santa Maria de Itabira",10857,15053.07,31031,"Itabira",3,"Sudeste",0,"315800",7,8,0,8,3,5,0,0,0,0,0,8,0,8,3,5,10,9.61933723608552,9.29256531223185,0.358782117187477,29
"12211","MG","Santa Maria do Suaçuí",14611,9499.6,31036,"Peçanha",3,"Sudeste",0,"315820",2,25,9,16,15,10,0,0,0,0,0,25,9,16,15,10,8,9.15900497143902,9.58952994867208,0.316355926778223,29
"12212","MG","Santa Maria do Suaçuí",14611,9499.6,31036,"Peçanha",3,"Sudeste",0,"315820",3,17,5,12,0,17,0,0,0,0,0,17,5,12,0,17,7,9.15900497143902,9.58952994867208,0.381252819946418,31
"12213","MG","Santa Maria do Suaçuí",14611,9499.6,31036,"Peçanha",3,"Sudeste",0,"315820",4,12,3,9,4,8,0,0,0,0,0,12,3,9,4,8,6,9.15900497143902,9.58952994867208,0.393825489595568,30
"12214","MG","Santa Maria do Suaçuí",14611,9499.6,31036,"Peçanha",3,"Sudeste",0,"315820",5,15,5,10,3,12,0,0,0,0,0,15,5,10,3,12,3,9.15900497143902,9.58952994867208,0.376671929333519,31
"12215","MG","Santa Maria do Suaçuí",14611,9499.6,31036,"Peçanha",3,"Sudeste",0,"315820",6,19,5,14,7,12,0,0,0,0,0,19,5,14,7,12,15,9.15900497143902,9.58952994867208,0.383171059276579,30
"12216","MG","Santa Maria do Suaçuí",14611,9499.6,31036,"Peçanha",3,"Sudeste",0,"315820",7,18,8,10,10,8,0,0,0,0,0,18,8,10,10,8,8,9.15900497143902,9.58952994867208,0.461098106918245,29
"12217","MG","Santana da Vargem",7073,19230.58,31050,"Varginha",3,"Sudeste",0,"315830",2,11,1,10,3,8,0,0,0,0,0,11,1,10,3,8,4,9.86425699933443,8.86403999703599,0.285928827747269,29
"12218","MG","Santana da Vargem",7073,19230.58,31050,"Varginha",3,"Sudeste",0,"315830",3,14,4,10,7,7,0,0,0,0,0,14,4,10,7,7,1,9.86425699933443,8.86403999703599,0.362384721882726,31
"12219","MG","Santana da Vargem",7073,19230.58,31050,"Varginha",3,"Sudeste",0,"315830",4,9,2,7,5,4,0,0,0,0,0,9,2,7,5,4,3,9.86425699933443,8.86403999703599,0.406850508686297,30
"12220","MG","Santana da Vargem",7073,19230.58,31050,"Varginha",3,"Sudeste",0,"315830",5,7,0,7,2,5,0,0,0,0,0,7,0,7,2,5,1,9.86425699933443,8.86403999703599,0.381112126139728,31
"12221","MG","Santana da Vargem",7073,19230.58,31050,"Varginha",3,"Sudeste",0,"315830",6,7,1,6,3,4,0,0,0,0,0,7,1,6,3,4,4,9.86425699933443,8.86403999703599,0.383060879528335,30
"12222","MG","Santana da Vargem",7073,19230.58,31050,"Varginha",3,"Sudeste",0,"315830",7,3,0,3,0,3,0,0,0,0,0,3,0,3,0,3,1,9.86425699933443,8.86403999703599,0.383043298051503,29
"12223","MG","Santana do Paraíso",35369,19077.44,31039,"Ipatinga",3,"Sudeste",1,"315895",2,109,10,99,19,90,1,0,0,0,0,110,10,99,19,90,17,9.85626176409266,10.4735910092525,0.315946984089872,29
"12224","MG","Santana do Paraíso",35369,19077.44,31039,"Ipatinga",3,"Sudeste",1,"315895",3,106,10,96,32,74,0,0,0,0,0,106,10,96,32,74,12,9.85626176409266,10.4735910092525,0.418995944255225,31
"12225","MG","Santana do Paraíso",35369,19077.44,31039,"Ipatinga",3,"Sudeste",1,"315895",4,66,8,58,14,52,0,0,0,0,0,66,8,58,14,52,17,9.85626176409266,10.4735910092525,0.444613285541444,30
"12226","MG","Santana do Paraíso",35369,19077.44,31039,"Ipatinga",3,"Sudeste",1,"315895",5,89,12,77,25,64,2,0,0,0,0,91,12,77,25,64,11,9.85626176409266,10.4735910092525,0.397830048915077,31
"12227","MG","Santana do Paraíso",35369,19077.44,31039,"Ipatinga",3,"Sudeste",1,"315895",6,65,11,54,14,51,0,0,0,0,0,65,11,54,14,51,29,9.85626176409266,10.4735910092525,0.386032158303806,30
"12228","MG","Santana do Paraíso",35369,19077.44,31039,"Ipatinga",3,"Sudeste",1,"315895",7,77,6,71,17,60,0,0,0,0,0,77,6,71,17,60,26,9.85626176409266,10.4735910092525,0.380883885608384,29
"12229","MG","Santana do Riacho",4315,14824.43,31027,"Sete Lagoas",3,"Sudeste",0,"315900",2,7,4,3,1,6,0,0,0,0,0,7,4,3,1,6,7,9.60403177456015,8.36985260351753,0.336877055763338,29
"12230","MG","Santana do Riacho",4315,14824.43,31027,"Sete Lagoas",3,"Sudeste",0,"315900",3,3,1,2,2,1,1,0,0,0,0,4,1,2,2,1,1,9.60403177456015,8.36985260351753,0.406362286314035,31
"12231","MG","Santana do Riacho",4315,14824.43,31027,"Sete Lagoas",3,"Sudeste",0,"315900",4,6,2,4,3,3,0,0,0,0,0,6,2,4,3,3,0,9.60403177456015,8.36985260351753,0.467707080153585,30
"12232","MG","Santana do Riacho",4315,14824.43,31027,"Sete Lagoas",3,"Sudeste",0,"315900",5,5,1,4,1,4,0,0,0,0,0,5,1,4,1,4,3,9.60403177456015,8.36985260351753,0.432604502306783,31
"12233","MG","Santana do Riacho",4315,14824.43,31027,"Sete Lagoas",3,"Sudeste",0,"315900",6,6,2,4,1,5,0,0,0,0,0,6,2,4,1,5,0,9.60403177456015,8.36985260351753,0.376738384341856,30
"12234","MG","Santana do Riacho",4315,14824.43,31027,"Sete Lagoas",3,"Sudeste",0,"315900",7,5,2,3,1,4,1,0,0,0,0,6,2,3,1,4,6,9.60403177456015,8.36985260351753,0.395544649472296,29
"12235","MG","Santa Rita de Caldas",8924,17534.41,31051,"Poços de Caldas",3,"Sudeste",0,"315920",2,9,1,8,4,5,0,0,0,0,0,9,1,8,4,5,8,9.77192051501648,9.09649955555242,0.317262990560797,29
"12236","MG","Santa Rita de Caldas",8924,17534.41,31051,"Poços de Caldas",3,"Sudeste",0,"315920",3,10,3,7,4,6,0,0,0,0,0,10,3,7,4,6,5,9.77192051501648,9.09649955555242,0.415655439571225,31
"12237","MG","Santa Rita de Caldas",8924,17534.41,31051,"Poços de Caldas",3,"Sudeste",0,"315920",4,6,2,4,1,5,0,0,0,0,0,6,2,4,1,5,9,9.77192051501648,9.09649955555242,0.41866696459054,30
"12238","MG","Santa Rita de Caldas",8924,17534.41,31051,"Poços de Caldas",3,"Sudeste",0,"315920",5,4,0,4,0,4,0,0,0,0,0,4,0,4,0,4,9,9.77192051501648,9.09649955555242,0.397902885026139,31
"12239","MG","Santa Rita de Caldas",8924,17534.41,31051,"Poços de Caldas",3,"Sudeste",0,"315920",6,4,1,3,2,2,0,0,0,0,0,4,1,3,2,2,2,9.77192051501648,9.09649955555242,0.346331328106787,30
"12240","MG","Santa Rita de Caldas",8924,17534.41,31051,"Poços de Caldas",3,"Sudeste",0,"315920",7,4,0,4,2,2,0,0,0,0,0,4,0,4,2,2,10,9.77192051501648,9.09649955555242,0.36599624097456,29
"12241","MG","Santa Rita do Sapucaí",43753,34369.18,31053,"Santa Rita do Sapucaí",3,"Sudeste",1,"315960",2,62,9,53,15,47,0,0,0,0,0,62,9,53,15,47,10,10.4449155115436,10.6863154608634,0.291366618063621,29
"12242","MG","Santa Rita do Sapucaí",43753,34369.18,31053,"Santa Rita do Sapucaí",3,"Sudeste",1,"315960",3,59,18,41,18,41,0,0,0,0,0,59,18,41,18,41,19,10.4449155115436,10.6863154608634,0.374905191782445,31
"12243","MG","Santa Rita do Sapucaí",43753,34369.18,31053,"Santa Rita do Sapucaí",3,"Sudeste",1,"315960",4,52,10,42,21,31,0,0,0,0,0,52,10,42,21,31,14,10.4449155115436,10.6863154608634,0.439083210065235,30
"12244","MG","Santa Rita do Sapucaí",43753,34369.18,31053,"Santa Rita do Sapucaí",3,"Sudeste",1,"315960",5,36,9,27,10,26,0,0,0,0,0,36,9,27,10,26,24,10.4449155115436,10.6863154608634,0.383734620708332,31
"12245","MG","Santa Rita do Sapucaí",43753,34369.18,31053,"Santa Rita do Sapucaí",3,"Sudeste",1,"315960",6,40,12,28,13,27,0,0,0,0,0,40,12,28,13,27,28,10.4449155115436,10.6863154608634,0.368506956992371,30
"12246","MG","Santa Rita do Sapucaí",43753,34369.18,31053,"Santa Rita do Sapucaí",3,"Sudeste",1,"315960",7,41,12,29,12,29,0,0,0,0,0,41,12,29,12,29,21,10.4449155115436,10.6863154608634,0.348922302483719,29
"12247","MG","Santa Vitória",19872,68299.27,31017,"Ituiutaba",3,"Sudeste",0,"315980",2,28,3,25,9,19,0,0,0,0,0,28,3,25,9,19,10,11.1316543573612,9.89706698473321,0.27888954139692,29
"12248","MG","Santa Vitória",19872,68299.27,31017,"Ituiutaba",3,"Sudeste",0,"315980",3,36,9,27,15,21,0,0,0,0,0,36,9,27,15,21,12,11.1316543573612,9.89706698473321,0.370221253163666,31
"12249","MG","Santa Vitória",19872,68299.27,31017,"Ituiutaba",3,"Sudeste",0,"315980",4,29,3,26,11,18,1,0,0,0,0,30,3,26,11,18,12,11.1316543573612,9.89706698473321,0.390823042844159,30
"12250","MG","Santa Vitória",19872,68299.27,31017,"Ituiutaba",3,"Sudeste",0,"315980",5,24,2,22,12,12,1,0,0,0,0,25,2,22,12,12,11,11.1316543573612,9.89706698473321,0.357566322612376,31
"12251","MG","Santa Vitória",19872,68299.27,31017,"Ituiutaba",3,"Sudeste",0,"315980",6,25,2,23,10,15,0,0,0,0,0,25,2,23,10,15,9,11.1316543573612,9.89706698473321,0.353717812031626,30
"12252","MG","Santa Vitória",19872,68299.27,31017,"Ituiutaba",3,"Sudeste",0,"315980",7,22,3,19,5,17,1,0,0,0,0,23,3,19,5,17,20,11.1316543573612,9.89706698473321,0.372162082916977,29
"12253","MG","Santo Antônio do Amparo",18613,15431.54,31046,"Oliveira",3,"Sudeste",1,"315990",2,22,3,19,6,16,0,0,0,0,0,22,3,19,6,16,4,9.64416874595052,9.83161554029833,0.288205594276709,29
"12254","MG","Santo Antônio do Amparo",18613,15431.54,31046,"Oliveira",3,"Sudeste",1,"315990",3,22,4,18,10,12,0,0,0,0,0,22,4,18,10,12,9,9.64416874595052,9.83161554029833,0.33746268425604,31
"12255","MG","Santo Antônio do Amparo",18613,15431.54,31046,"Oliveira",3,"Sudeste",1,"315990",4,15,1,14,5,10,0,0,0,0,0,15,1,14,5,10,9,9.64416874595052,9.83161554029833,0.358299623384663,30
"12256","MG","Santo Antônio do Amparo",18613,15431.54,31046,"Oliveira",3,"Sudeste",1,"315990",5,17,1,16,5,12,0,0,0,0,0,17,1,16,5,12,12,9.64416874595052,9.83161554029833,0.381278082111961,31
"12257","MG","Santo Antônio do Amparo",18613,15431.54,31046,"Oliveira",3,"Sudeste",1,"315990",6,19,6,13,6,13,1,0,0,0,0,20,6,13,6,13,17,9.64416874595052,9.83161554029833,0.355542644632757,30
"12258","MG","Santo Antônio do Amparo",18613,15431.54,31046,"Oliveira",3,"Sudeste",1,"315990",7,18,0,18,8,10,0,0,0,0,0,18,0,18,8,10,18,9.64416874595052,9.83161554029833,0.343502519389128,29
"12259","MG","Santo Antônio do Jacinto",11604,7582.83,31014,"Almenara",3,"Sudeste",0,"316030",2,6,2,4,4,2,0,0,0,0,0,6,2,4,4,2,9,8.93364175988179,9.35910514524129,0.289045621041268,29
"12260","MG","Santo Antônio do Jacinto",11604,7582.83,31014,"Almenara",3,"Sudeste",0,"316030",3,6,3,3,4,2,0,0,0,0,0,6,3,3,4,2,9,8.93364175988179,9.35910514524129,0.361629231031338,31
"12261","MG","Santo Antônio do Jacinto",11604,7582.83,31014,"Almenara",3,"Sudeste",0,"316030",4,6,1,5,3,3,0,0,0,0,0,6,1,5,3,3,4,8.93364175988179,9.35910514524129,0.369921368092951,30
"12262","MG","Santo Antônio do Jacinto",11604,7582.83,31014,"Almenara",3,"Sudeste",0,"316030",5,4,2,2,2,2,0,0,0,0,0,4,2,2,2,2,4,8.93364175988179,9.35910514524129,0.409261253177085,31
"12263","MG","Santo Antônio do Jacinto",11604,7582.83,31014,"Almenara",3,"Sudeste",0,"316030",6,8,4,4,5,3,1,0,0,0,0,9,4,4,5,3,5,8.93364175988179,9.35910514524129,0.367349035762077,30
"12264","MG","Santo Antônio do Jacinto",11604,7582.83,31014,"Almenara",3,"Sudeste",0,"316030",7,4,3,1,3,1,0,0,0,0,0,4,3,1,3,1,11,8.93364175988179,9.35910514524129,0.376559898235196,29
"12265","MG","Santo Antônio do Monte",28427,20489.23,31043,"Divinópolis",3,"Sudeste",1,"316040",2,62,12,50,14,48,0,0,0,0,0,62,12,50,14,48,9,9.92765466121985,10.2550946767416,0.276751370131284,29
"12266","MG","Santo Antônio do Monte",28427,20489.23,31043,"Divinópolis",3,"Sudeste",1,"316040",3,51,14,37,16,35,0,0,0,0,0,51,14,37,16,35,10,9.92765466121985,10.2550946767416,0.34061032631234,31
"12267","MG","Santo Antônio do Monte",28427,20489.23,31043,"Divinópolis",3,"Sudeste",1,"316040",4,42,11,31,17,25,0,0,0,0,0,42,11,31,17,25,16,9.92765466121985,10.2550946767416,0.362024647655152,30
"12268","MG","Santo Antônio do Monte",28427,20489.23,31043,"Divinópolis",3,"Sudeste",1,"316040",5,33,6,27,12,21,0,0,0,0,0,33,6,27,12,21,13,9.92765466121985,10.2550946767416,0.336816725569402,31
"12269","MG","Santo Antônio do Monte",28427,20489.23,31043,"Divinópolis",3,"Sudeste",1,"316040",6,30,6,24,12,18,0,0,0,0,0,30,6,24,12,18,16,9.92765466121985,10.2550946767416,0.309575150311501,30
"12270","MG","Santo Antônio do Monte",28427,20489.23,31043,"Divinópolis",3,"Sudeste",1,"316040",7,26,2,24,7,19,0,0,0,0,0,26,2,24,7,19,12,9.92765466121985,10.2550946767416,0.307297298276715,29
"12271","MG","Santos Dumont",46421,20163.48,31065,"Juiz de Fora",3,"Sudeste",1,"316070",2,62,9,53,20,42,0,0,0,0,0,62,9,53,20,42,27,9.91162832633597,10.745507222035,0.331025184362039,29
"12272","MG","Santos Dumont",46421,20163.48,31065,"Juiz de Fora",3,"Sudeste",1,"316070",3,56,12,44,20,36,0,0,0,0,0,56,12,44,20,36,28,9.91162832633597,10.745507222035,0.41579506177271,31
"12273","MG","Santos Dumont",46421,20163.48,31065,"Juiz de Fora",3,"Sudeste",1,"316070",4,33,9,24,15,18,0,0,0,0,0,33,9,24,15,18,22,9.91162832633597,10.745507222035,0.474089656869254,30
"12274","MG","Santos Dumont",46421,20163.48,31065,"Juiz de Fora",3,"Sudeste",1,"316070",5,37,9,28,15,22,1,0,0,0,0,38,9,28,15,22,26,9.91162832633597,10.745507222035,0.436722219837552,31
"12275","MG","Santos Dumont",46421,20163.48,31065,"Juiz de Fora",3,"Sudeste",1,"316070",6,38,12,26,13,25,1,0,0,0,0,39,12,26,13,25,38,9.91162832633597,10.745507222035,0.400369550421136,30
"12276","MG","Santos Dumont",46421,20163.48,31065,"Juiz de Fora",3,"Sudeste",1,"316070",7,42,7,35,15,27,0,0,0,0,0,42,7,35,15,27,44,9.91162832633597,10.745507222035,0.418255644892811,29
"12277","MG","São Brás do Suaçuí",3754,14594.01,31034,"Conselheiro Lafaiete",3,"Sudeste",1,"316090",2,1,0,1,0,1,0,0,0,0,0,1,0,1,0,1,3,9.58836644953843,8.23057721714645,0.237335315896999,29
"12278","MG","São Brás do Suaçuí",3754,14594.01,31034,"Conselheiro Lafaiete",3,"Sudeste",1,"316090",3,3,1,2,1,2,0,0,0,0,0,3,1,2,1,2,6,9.58836644953843,8.23057721714645,0.330150953618129,31
"12279","MG","São Brás do Suaçuí",3754,14594.01,31034,"Conselheiro Lafaiete",3,"Sudeste",1,"316090",4,3,0,3,2,1,0,0,0,0,0,3,0,3,2,1,3,9.58836644953843,8.23057721714645,0.390166096422656,30
"12280","MG","São Brás do Suaçuí",3754,14594.01,31034,"Conselheiro Lafaiete",3,"Sudeste",1,"316090",5,1,0,1,0,1,0,0,0,0,0,1,0,1,0,1,3,9.58836644953843,8.23057721714645,0.34903796062337,31
"12281","MG","São Brás do Suaçuí",3754,14594.01,31034,"Conselheiro Lafaiete",3,"Sudeste",1,"316090",6,4,2,2,1,3,0,0,0,0,0,4,2,2,1,3,4,9.58836644953843,8.23057721714645,0.337455211711595,30
"12282","MG","São Brás do Suaçuí",3754,14594.01,31034,"Conselheiro Lafaiete",3,"Sudeste",1,"316090",7,3,0,3,2,1,0,0,0,0,0,3,0,3,2,1,1,9.58836644953843,8.23057721714645,0.361822219968634,29
"12283","MG","São Domingos do Prata",17327,14477.39,31031,"Itabira",3,"Sudeste",0,"316100",2,16,5,11,3,13,0,0,0,0,0,16,5,11,3,13,7,9.58034340107419,9.76002125751085,0.293227737626205,29
"12284","MG","São Domingos do Prata",17327,14477.39,31031,"Itabira",3,"Sudeste",0,"316100",3,9,1,8,4,5,0,0,0,0,0,9,1,8,4,5,13,9.58034340107419,9.76002125751085,0.375869116861946,31
"12285","MG","São Domingos do Prata",17327,14477.39,31031,"Itabira",3,"Sudeste",0,"316100",4,12,3,9,3,9,0,0,0,0,0,12,3,9,3,9,15,9.58034340107419,9.76002125751085,0.413872287208245,30
"12286","MG","São Domingos do Prata",17327,14477.39,31031,"Itabira",3,"Sudeste",0,"316100",5,12,4,8,3,9,0,0,0,0,0,12,4,8,3,9,21,9.58034340107419,9.76002125751085,0.390543082048049,31
"12287","MG","São Domingos do Prata",17327,14477.39,31031,"Itabira",3,"Sudeste",0,"316100",6,15,4,11,1,14,0,0,0,0,0,15,4,11,1,14,14,9.58034340107419,9.76002125751085,0.398328955735312,30
"12288","MG","São Domingos do Prata",17327,14477.39,31031,"Itabira",3,"Sudeste",0,"316100",7,10,2,8,3,7,1,0,0,0,0,11,2,8,3,7,13,9.58034340107419,9.76002125751085,0.414034388746336,29
"12289","MG","São Francisco",56477,8995.29,31003,"Januária",3,"Sudeste",1,"316110",2,107,21,86,37,70,0,0,0,0,0,107,21,86,37,70,26,9.10445638599834,10.9415887546091,0.305297125782655,29
"12290","MG","São Francisco",56477,8995.29,31003,"Januária",3,"Sudeste",1,"316110",3,109,28,81,48,61,2,0,0,0,0,111,28,81,48,61,24,9.10445638599834,10.9415887546091,0.389303583676969,31
"12291","MG","São Francisco",56477,8995.29,31003,"Januária",3,"Sudeste",1,"316110",4,57,16,41,22,35,0,0,0,0,0,57,16,41,22,35,30,9.10445638599834,10.9415887546091,0.410631597360783,30
"12292","MG","São Francisco",56477,8995.29,31003,"Januária",3,"Sudeste",1,"316110",5,56,13,43,24,32,2,0,0,0,0,58,13,43,24,32,28,9.10445638599834,10.9415887546091,0.380511076807841,31
"12293","MG","São Francisco",56477,8995.29,31003,"Januária",3,"Sudeste",1,"316110",6,61,10,51,27,34,1,0,0,0,0,62,10,51,27,34,43,9.10445638599834,10.9415887546091,0.351348023709921,30
"12294","MG","São Francisco",56477,8995.29,31003,"Januária",3,"Sudeste",1,"316110",7,66,21,45,31,35,1,0,0,0,0,67,21,45,31,35,45,9.10445638599834,10.9415887546091,0.380658493572142,29
"12295","MG","São Francisco de Paula",6520,15103.39,31046,"Oliveira",3,"Sudeste",0,"316120",2,12,3,9,4,8,1,0,0,0,0,13,3,9,4,8,6,9.62267450091718,8.7826296549207,0.33268506372365,29
"12296","MG","São Francisco de Paula",6520,15103.39,31046,"Oliveira",3,"Sudeste",0,"316120",3,9,0,9,3,6,0,0,0,0,0,9,0,9,3,6,5,9.62267450091718,8.7826296549207,0.422853252349173,31
"12297","MG","São Francisco de Paula",6520,15103.39,31046,"Oliveira",3,"Sudeste",0,"316120",4,5,1,4,1,4,1,0,0,0,0,6,1,4,1,4,3,9.62267450091718,8.7826296549207,0.440947253817228,30
"12298","MG","São Francisco de Paula",6520,15103.39,31046,"Oliveira",3,"Sudeste",0,"316120",5,4,0,4,1,3,0,0,0,0,0,4,0,4,1,3,1,9.62267450091718,8.7826296549207,0.411193832092242,31
"12299","MG","São Francisco de Paula",6520,15103.39,31046,"Oliveira",3,"Sudeste",0,"316120",6,7,1,6,0,7,0,0,0,0,0,7,1,6,0,7,4,9.62267450091718,8.7826296549207,0.39213627149603,30
"12300","MG","São Francisco de Paula",6520,15103.39,31046,"Oliveira",3,"Sudeste",0,"316120",7,7,1,6,2,5,0,0,0,0,0,7,1,6,2,5,6,9.62267450091718,8.7826296549207,0.405877853839823,29
"12301","MG","São Geraldo",12562,16451.74,31064,"Ubá",3,"Sudeste",0,"316150",2,14,7,7,8,6,0,0,0,0,0,14,7,7,8,6,6,9.70818652567572,9.43843166301433,0.30364664459873,29
"12302","MG","São Geraldo",12562,16451.74,31064,"Ubá",3,"Sudeste",0,"316150",3,14,3,11,3,11,0,0,0,0,0,14,3,11,3,11,4,9.70818652567572,9.43843166301433,0.405377427229169,31
"12303","MG","São Geraldo",12562,16451.74,31064,"Ubá",3,"Sudeste",0,"316150",4,12,4,8,3,9,0,0,0,0,0,12,4,8,3,9,5,9.70818652567572,9.43843166301433,0.453664608341195,30
"12304","MG","São Geraldo",12562,16451.74,31064,"Ubá",3,"Sudeste",0,"316150",5,11,4,7,5,6,0,0,0,0,0,11,4,7,5,6,5,9.70818652567572,9.43843166301433,0.446175940314066,31
"12305","MG","São Geraldo",12562,16451.74,31064,"Ubá",3,"Sudeste",0,"316150",6,11,3,8,4,7,0,0,0,0,0,11,3,8,4,7,8,9.70818652567572,9.43843166301433,0.416262907813174,30
"12306","MG","São Geraldo",12562,16451.74,31064,"Ubá",3,"Sudeste",0,"316150",7,7,4,3,4,3,0,0,0,0,0,7,4,3,4,3,9,9.70818652567572,9.43843166301433,0.416392744497904,29
"12307","MG","São Gonçalo do Abaeté",8459,32932.42,31002,"Paracatu",3,"Sudeste",0,"316170",2,8,2,6,3,5,0,0,0,0,0,8,2,6,3,5,0,10.4022128618898,9.04298624230401,0.310055267629317,29
"12308","MG","São Gonçalo do Abaeté",8459,32932.42,31002,"Paracatu",3,"Sudeste",0,"316170",3,11,2,9,3,8,1,0,0,0,0,12,2,9,3,8,2,10.4022128618898,9.04298624230401,0.381506622106711,31
"12309","MG","São Gonçalo do Abaeté",8459,32932.42,31002,"Paracatu",3,"Sudeste",0,"316170",4,5,1,4,3,2,0,0,0,0,0,5,1,4,3,2,1,10.4022128618898,9.04298624230401,0.405732421010941,30
"12310","MG","São Gonçalo do Abaeté",8459,32932.42,31002,"Paracatu",3,"Sudeste",0,"316170",5,6,0,6,6,0,0,0,0,0,0,6,0,6,6,0,2,10.4022128618898,9.04298624230401,0.376846171289345,31
"12311","MG","São Gonçalo do Abaeté",8459,32932.42,31002,"Paracatu",3,"Sudeste",0,"316170",6,1,1,0,1,0,0,0,0,0,0,1,1,0,1,0,3,10.4022128618898,9.04298624230401,0.405204470303903,30
"12312","MG","São Gonçalo do Abaeté",8459,32932.42,31002,"Paracatu",3,"Sudeste",0,"316170",7,7,2,5,5,2,0,0,0,0,0,7,2,5,5,2,2,10.4022128618898,9.04298624230401,0.416201572139804,29
"12313","MG","São Gonçalo do Pará",12597,19992.67,31043,"Divinópolis",3,"Sudeste",0,"316180",2,18,6,12,6,12,0,0,0,0,0,18,6,12,6,12,5,9.90312098535859,9.4412139693523,0.28945492005516,29
"12314","MG","São Gonçalo do Pará",12597,19992.67,31043,"Divinópolis",3,"Sudeste",0,"316180",3,20,3,17,6,14,0,0,0,0,0,20,3,17,6,14,5,9.90312098535859,9.4412139693523,0.382132344605545,31
"12315","MG","São Gonçalo do Pará",12597,19992.67,31043,"Divinópolis",3,"Sudeste",0,"316180",4,18,2,16,5,13,0,0,0,0,0,18,2,16,5,13,5,9.90312098535859,9.4412139693523,0.417978638506397,30
"12316","MG","São Gonçalo do Pará",12597,19992.67,31043,"Divinópolis",3,"Sudeste",0,"316180",5,14,1,13,4,10,0,0,0,0,0,14,1,13,4,10,5,9.90312098535859,9.4412139693523,0.377866958156889,31
"12317","MG","São Gonçalo do Pará",12597,19992.67,31043,"Divinópolis",3,"Sudeste",0,"316180",6,20,3,17,4,16,0,0,0,0,0,20,3,17,4,16,6,9.90312098535859,9.4412139693523,0.35086229944422,30
"12318","MG","São Gonçalo do Pará",12597,19992.67,31043,"Divinópolis",3,"Sudeste",0,"316180",7,19,5,14,8,11,0,0,0,0,0,19,5,14,8,11,6,9.90312098535859,9.4412139693523,0.336457201404893,29
"12319","MG","São Gonçalo do Rio Abaixo",11019,337288.81,31031,"Itabira",3,"Sudeste",0,"316190",2,14,3,11,2,12,0,0,0,0,0,14,3,11,2,12,4,12.7286948452845,9.30737633448778,0.28124002174295,29
"12320","MG","São Gonçalo do Rio Abaixo",11019,337288.81,31031,"Itabira",3,"Sudeste",0,"316190",3,13,3,10,6,7,0,0,0,0,0,13,3,10,6,7,6,12.7286948452845,9.30737633448778,0.39215931810198,31
"12321","MG","São Gonçalo do Rio Abaixo",11019,337288.81,31031,"Itabira",3,"Sudeste",0,"316190",4,8,1,7,3,5,0,0,0,0,0,8,1,7,3,5,5,12.7286948452845,9.30737633448778,0.425376784092406,30
"12322","MG","São Gonçalo do Rio Abaixo",11019,337288.81,31031,"Itabira",3,"Sudeste",0,"316190",5,12,5,7,6,6,0,0,0,0,0,12,5,7,6,6,7,12.7286948452845,9.30737633448778,0.401782190966954,31
"12323","MG","São Gonçalo do Rio Abaixo",11019,337288.81,31031,"Itabira",3,"Sudeste",0,"316190",6,14,3,11,3,11,0,0,0,0,0,14,3,11,3,11,9,12.7286948452845,9.30737633448778,0.378828856330781,30
"12324","MG","São Gonçalo do Rio Abaixo",11019,337288.81,31031,"Itabira",3,"Sudeste",0,"316190",7,16,3,13,5,11,0,0,0,0,0,16,3,13,5,11,5,12.7286948452845,9.30737633448778,0.388627386227481,29
"12325","MG","São Gonçalo do Sapucaí",25561,24300.45,31053,"Santa Rita do Sapucaí",3,"Sudeste",1,"316200",2,42,14,28,16,26,0,0,0,0,0,42,14,28,16,26,12,10.0982501476757,10.1488230313568,0.314587773788398,29
"12326","MG","São Gonçalo do Sapucaí",25561,24300.45,31053,"Santa Rita do Sapucaí",3,"Sudeste",1,"316200",3,59,12,47,17,42,0,0,0,0,0,59,12,47,17,42,20,10.0982501476757,10.1488230313568,0.385974918358618,31
"12327","MG","São Gonçalo do Sapucaí",25561,24300.45,31053,"Santa Rita do Sapucaí",3,"Sudeste",1,"316200",4,22,7,15,4,18,1,0,0,0,0,23,7,15,4,18,17,10.0982501476757,10.1488230313568,0.411355010764505,30
"12328","MG","São Gonçalo do Sapucaí",25561,24300.45,31053,"Santa Rita do Sapucaí",3,"Sudeste",1,"316200",5,26,5,21,12,14,0,0,0,0,0,26,5,21,12,14,16,10.0982501476757,10.1488230313568,0.375227178774719,31
"12329","MG","São Gonçalo do Sapucaí",25561,24300.45,31053,"Santa Rita do Sapucaí",3,"Sudeste",1,"316200",6,31,8,23,8,23,0,0,0,0,0,31,8,23,8,23,20,10.0982501476757,10.1488230313568,0.359188888138086,30
"12330","MG","São Gonçalo do Sapucaí",25561,24300.45,31053,"Santa Rita do Sapucaí",3,"Sudeste",1,"316200",7,28,4,24,9,19,0,0,0,0,0,28,4,24,9,19,25,10.0982501476757,10.1488230313568,0.358894289479605,29
"12331","MG","São Gotardo",35782,23553.3,31020,"Patos de Minas",3,"Sudeste",1,"316210",2,96,40,56,43,53,2,0,0,0,0,98,40,56,43,53,15,10.0670212170162,10.4852002526498,0.325106921287855,29
"12332","MG","São Gotardo",35782,23553.3,31020,"Patos de Minas",3,"Sudeste",1,"316210",3,91,25,66,40,51,1,0,0,0,0,92,25,66,40,51,13,10.0670212170162,10.4852002526498,0.376999857920171,31
"12333","MG","São Gotardo",35782,23553.3,31020,"Patos de Minas",3,"Sudeste",1,"316210",4,57,21,36,24,33,1,0,0,0,0,58,21,36,24,33,16,10.0670212170162,10.4852002526498,0.385145166920263,30
"12334","MG","São Gotardo",35782,23553.3,31020,"Patos de Minas",3,"Sudeste",1,"316210",5,60,22,38,27,33,0,0,0,0,0,60,22,38,27,33,21,10.0670212170162,10.4852002526498,0.379884591175927,31
"12335","MG","São Gotardo",35782,23553.3,31020,"Patos de Minas",3,"Sudeste",1,"316210",6,69,25,44,32,37,0,0,0,0,0,69,25,44,32,37,14,10.0670212170162,10.4852002526498,0.377716865344376,30
"12336","MG","São Gotardo",35782,23553.3,31020,"Patos de Minas",3,"Sudeste",1,"316210",7,60,26,34,30,30,0,0,0,0,0,60,26,34,30,30,23,10.0670212170162,10.4852002526498,0.374697366865812,29
"12337","MG","São João Batista do Glória",7498,19889.43,31047,"Passos",3,"Sudeste",0,"316220",2,15,6,9,4,11,1,0,0,0,0,16,6,9,4,11,5,9.89794371382049,8.92239159729586,0.277240571543506,29
"12338","MG","São João Batista do Glória",7498,19889.43,31047,"Passos",3,"Sudeste",0,"316220",3,14,2,12,3,11,0,0,0,0,0,14,2,12,3,11,5,9.89794371382049,8.92239159729586,0.351890757435822,31
"12339","MG","São João Batista do Glória",7498,19889.43,31047,"Passos",3,"Sudeste",0,"316220",4,12,3,9,6,6,0,0,0,0,0,12,3,9,6,6,2,9.89794371382049,8.92239159729586,0.409018813694043,30
"12340","MG","São João Batista do Glória",7498,19889.43,31047,"Passos",3,"Sudeste",0,"316220",5,11,2,9,5,6,0,0,0,0,0,11,2,9,5,6,3,9.89794371382049,8.92239159729586,0.376206840191702,31
"12341","MG","São João Batista do Glória",7498,19889.43,31047,"Passos",3,"Sudeste",0,"316220",6,9,3,6,5,4,0,0,0,0,0,9,3,6,5,4,3,9.89794371382049,8.92239159729586,0.37462923477446,30
"12342","MG","São João Batista do Glória",7498,19889.43,31047,"Passos",3,"Sudeste",0,"316220",7,12,3,9,3,9,0,0,0,0,0,12,3,9,3,9,6,9.89794371382049,8.92239159729586,0.382466327051292,29
"12343","MG","São João da Ponte",25098,7861.66,31007,"Montes Claros",3,"Sudeste",0,"316240",2,35,7,28,17,18,0,0,0,0,0,35,7,28,17,18,13,8.96975305905328,10.1305434406703,0.281299877386142,29
"12344","MG","São João da Ponte",25098,7861.66,31007,"Montes Claros",3,"Sudeste",0,"316240",3,37,13,24,12,25,1,0,0,0,0,38,13,24,12,25,12,8.96975305905328,10.1305434406703,0.353138859996543,31
"12345","MG","São João da Ponte",25098,7861.66,31007,"Montes Claros",3,"Sudeste",0,"316240",4,32,5,27,10,22,0,0,0,0,0,32,5,27,10,22,17,8.96975305905328,10.1305434406703,0.40523995342315,30
"12346","MG","São João da Ponte",25098,7861.66,31007,"Montes Claros",3,"Sudeste",0,"316240",5,22,9,13,9,13,0,0,0,0,0,22,9,13,9,13,16,8.96975305905328,10.1305434406703,0.364195313022838,31
"12347","MG","São João da Ponte",25098,7861.66,31007,"Montes Claros",3,"Sudeste",0,"316240",6,28,11,17,11,17,1,0,0,0,0,29,11,17,11,17,17,8.96975305905328,10.1305434406703,0.334459048037937,30
"12348","MG","São João da Ponte",25098,7861.66,31007,"Montes Claros",3,"Sudeste",0,"316240",7,23,4,19,9,14,0,0,0,0,0,23,4,19,9,14,8,8.96975305905328,10.1305434406703,0.345720405830075,29
"12349","MG","São João del Rei",90497,23958.57,31058,"São João Del Rei",3,"Sudeste",1,"316250",2,149,23,126,44,105,1,0,0,0,0,150,23,126,44,105,54,10.0840813676436,11.4130719799673,0.32142763385576,29
"12350","MG","São João del Rei",90497,23958.57,31058,"São João Del Rei",3,"Sudeste",1,"316250",3,147,23,124,37,110,0,0,0,0,0,147,23,124,37,110,70,10.0840813676436,11.4130719799673,0.430792530665121,31
"12351","MG","São João del Rei",90497,23958.57,31058,"São João Del Rei",3,"Sudeste",1,"316250",4,70,13,57,20,50,0,0,0,0,0,70,13,57,20,50,42,10.0840813676436,11.4130719799673,0.496287867386865,30
"12352","MG","São João del Rei",90497,23958.57,31058,"São João Del Rei",3,"Sudeste",1,"316250",5,92,17,75,37,55,0,0,0,0,0,92,17,75,37,55,60,10.0840813676436,11.4130719799673,0.459462196212083,31
"12353","MG","São João del Rei",90497,23958.57,31058,"São João Del Rei",3,"Sudeste",1,"316250",6,75,12,63,19,56,1,0,0,0,0,76,12,63,19,56,69,10.0840813676436,11.4130719799673,0.427681921024489,30
"12354","MG","São João del Rei",90497,23958.57,31058,"São João Del Rei",3,"Sudeste",1,"316250",7,67,13,54,25,42,1,0,0,0,0,68,13,54,25,42,70,10.0840813676436,11.4130719799673,0.417414157078912,29
"12355","MG","São João do Manhuaçu",11674,10132.18,31061,"Manhuaçu",3,"Sudeste",0,"316255",2,24,7,17,9,15,0,0,0,0,0,24,7,17,9,15,6,9.22347177645922,9.36511942576374,0.345251619346493,29
"12356","MG","São João do Manhuaçu",11674,10132.18,31061,"Manhuaçu",3,"Sudeste",0,"316255",3,21,11,10,9,12,0,0,0,0,0,21,11,10,9,12,0,9.22347177645922,9.36511942576374,0.413343027355996,31
"12357","MG","São João do Manhuaçu",11674,10132.18,31061,"Manhuaçu",3,"Sudeste",0,"316255",4,12,3,9,4,8,0,0,0,0,0,12,3,9,4,8,3,9.22347177645922,9.36511942576374,0.415568955814569,30
"12358","MG","São João do Manhuaçu",11674,10132.18,31061,"Manhuaçu",3,"Sudeste",0,"316255",5,10,3,7,1,9,0,0,0,0,0,10,3,7,1,9,5,9.22347177645922,9.36511942576374,0.409397456627844,31
"12359","MG","São João do Manhuaçu",11674,10132.18,31061,"Manhuaçu",3,"Sudeste",0,"316255",6,17,6,11,6,11,0,0,0,0,0,17,6,11,6,11,4,9.22347177645922,9.36511942576374,0.405993666471294,30
"12360","MG","São João do Manhuaçu",11674,10132.18,31061,"Manhuaçu",3,"Sudeste",0,"316255",7,13,3,10,5,8,0,0,0,0,0,13,3,10,5,8,8,9.22347177645922,9.36511942576374,0.394555093199045,29
"12361","MG","São João do Paraíso",23709,9179.02,31005,"Salinas",3,"Sudeste",0,"316270",2,38,2,36,9,29,0,0,0,0,0,38,2,36,9,29,13,9.12467572410331,10.0736100018731,0.260068625771712,29
"12362","MG","São João do Paraíso",23709,9179.02,31005,"Salinas",3,"Sudeste",0,"316270",3,32,5,27,13,19,0,0,0,0,0,32,5,27,13,19,15,9.12467572410331,10.0736100018731,0.363972374039542,31
"12363","MG","São João do Paraíso",23709,9179.02,31005,"Salinas",3,"Sudeste",0,"316270",4,30,4,26,14,16,0,0,0,0,0,30,4,26,14,16,13,9.12467572410331,10.0736100018731,0.378044581756786,30
"12364","MG","São João do Paraíso",23709,9179.02,31005,"Salinas",3,"Sudeste",0,"316270",5,13,4,9,5,8,1,0,0,0,0,14,4,9,5,8,12,9.12467572410331,10.0736100018731,0.363069405827437,31
"12365","MG","São João do Paraíso",23709,9179.02,31005,"Salinas",3,"Sudeste",0,"316270",6,18,1,17,6,12,1,0,0,0,0,19,1,17,6,12,10,9.12467572410331,10.0736100018731,0.344680593964698,30
"12366","MG","São João do Paraíso",23709,9179.02,31005,"Salinas",3,"Sudeste",0,"316270",7,16,4,12,3,13,1,0,0,0,0,17,4,12,3,13,9,9.12467572410331,10.0736100018731,0.397849807902465,29
"12367","MG","São João Evangelista",15767,10810.67,31035,"Guanhães",3,"Sudeste",0,"316280",2,27,7,20,12,15,0,0,0,0,0,27,7,20,12,15,12,9.28828888836107,9.66567442723748,0.288789412996028,29
"12368","MG","São João Evangelista",15767,10810.67,31035,"Guanhães",3,"Sudeste",0,"316280",3,12,1,11,7,5,0,0,0,0,0,12,1,11,7,5,13,9.28828888836107,9.66567442723748,0.380349701552855,31
"12369","MG","São João Evangelista",15767,10810.67,31035,"Guanhães",3,"Sudeste",0,"316280",4,15,4,11,6,9,0,0,0,0,0,15,4,11,6,9,10,9.28828888836107,9.66567442723748,0.447894845430699,30
"12370","MG","São João Evangelista",15767,10810.67,31035,"Guanhães",3,"Sudeste",0,"316280",5,19,7,12,6,13,0,0,0,0,0,19,7,12,6,13,15,9.28828888836107,9.66567442723748,0.397080838124041,31
"12371","MG","São João Evangelista",15767,10810.67,31035,"Guanhães",3,"Sudeste",0,"316280",6,14,5,9,2,12,0,0,0,0,0,14,5,9,2,12,19,9.28828888836107,9.66567442723748,0.383555440817323,30
"12372","MG","São João Evangelista",15767,10810.67,31035,"Guanhães",3,"Sudeste",0,"316280",7,7,2,5,1,6,0,0,0,0,0,7,2,5,1,6,15,9.28828888836107,9.66567442723748,0.396282501830562,29
"12373","MG","São João Nepomuceno",26447,15048.38,31065,"Juiz de Fora",3,"Sudeste",1,"316290",2,44,17,27,13,31,1,0,0,0,0,45,17,27,13,31,16,9.61902562318728,10.1828980093036,0.310997533646783,29
"12374","MG","São João Nepomuceno",26447,15048.38,31065,"Juiz de Fora",3,"Sudeste",1,"316290",3,43,18,25,24,19,0,0,0,0,0,43,18,25,24,19,15,9.61902562318728,10.1828980093036,0.392112640802805,31
"12375","MG","São João Nepomuceno",26447,15048.38,31065,"Juiz de Fora",3,"Sudeste",1,"316290",4,31,13,18,10,21,0,0,0,0,0,31,13,18,10,21,14,9.61902562318728,10.1828980093036,0.462228187447367,30
"12376","MG","São João Nepomuceno",26447,15048.38,31065,"Juiz de Fora",3,"Sudeste",1,"316290",5,21,11,10,11,10,0,0,0,0,0,21,11,10,11,10,28,9.61902562318728,10.1828980093036,0.438543178425612,31
"12377","MG","São João Nepomuceno",26447,15048.38,31065,"Juiz de Fora",3,"Sudeste",1,"316290",6,32,11,21,11,21,0,0,0,0,0,32,11,21,11,21,22,9.61902562318728,10.1828980093036,0.402512904885395,30
"12378","MG","São João Nepomuceno",26447,15048.38,31065,"Juiz de Fora",3,"Sudeste",1,"316290",7,30,12,18,11,19,0,0,0,0,0,30,12,18,11,19,16,9.61902562318728,10.1828980093036,0.379050863602307,29
"12379","MG","São Joaquim de Bicas",32148,20150.18,31030,"Belo Horizonte",3,"Sudeste",1,"316292",2,68,14,54,26,42,1,0,0,0,0,69,14,54,26,42,17,9.91096850033741,10.3781055193326,0.318084370531364,29
"12380","MG","São Joaquim de Bicas",32148,20150.18,31030,"Belo Horizonte",3,"Sudeste",1,"316292",3,66,16,50,28,38,0,0,0,0,0,66,16,50,28,38,18,9.91096850033741,10.3781055193326,0.400436774173105,31
"12381","MG","São Joaquim de Bicas",32148,20150.18,31030,"Belo Horizonte",3,"Sudeste",1,"316292",4,34,8,26,13,21,0,0,0,0,0,34,8,26,13,21,7,9.91096850033741,10.3781055193326,0.431955364721105,30
"12382","MG","São Joaquim de Bicas",32148,20150.18,31030,"Belo Horizonte",3,"Sudeste",1,"316292",5,36,9,27,11,25,0,0,0,0,0,36,9,27,11,25,14,9.91096850033741,10.3781055193326,0.398144881063273,31
"12383","MG","São Joaquim de Bicas",32148,20150.18,31030,"Belo Horizonte",3,"Sudeste",1,"316292",6,39,12,27,12,27,0,0,0,0,0,39,12,27,12,27,20,9.91096850033741,10.3781055193326,0.378972158674306,30
"12384","MG","São Joaquim de Bicas",32148,20150.18,31030,"Belo Horizonte",3,"Sudeste",1,"316292",7,37,10,27,15,22,0,0,0,0,0,37,10,27,15,22,19,9.91096850033741,10.3781055193326,0.379409597018901,29
"12385","MG","São José da Barra",7480,75480.47,31047,"Passos",3,"Sudeste",0,"316294",2,13,3,10,3,10,0,0,0,0,0,13,3,10,3,10,1,11.2316292262781,8.91998807096852,0.327367848621629,29
"12386","MG","São José da Barra",7480,75480.47,31047,"Passos",3,"Sudeste",0,"316294",3,16,5,11,4,12,0,0,0,0,0,16,5,11,4,12,4,11.2316292262781,8.91998807096852,0.403959827268078,31
"12387","MG","São José da Barra",7480,75480.47,31047,"Passos",3,"Sudeste",0,"316294",4,15,1,14,6,9,0,0,0,0,0,15,1,14,6,9,1,11.2316292262781,8.91998807096852,0.444491550455944,30
"12388","MG","São José da Barra",7480,75480.47,31047,"Passos",3,"Sudeste",0,"316294",5,9,4,5,4,5,1,0,0,0,0,10,4,5,4,5,4,11.2316292262781,8.91998807096852,0.419863204422523,31
"12389","MG","São José da Barra",7480,75480.47,31047,"Passos",3,"Sudeste",0,"316294",6,10,2,8,5,5,0,0,0,0,0,10,2,8,5,5,6,11.2316292262781,8.91998807096852,0.408717712744948,30
"12390","MG","São José da Barra",7480,75480.47,31047,"Passos",3,"Sudeste",0,"316294",7,6,2,4,4,2,0,0,0,0,0,6,2,4,4,2,5,11.2316292262781,8.91998807096852,0.446386260908722,29
"12391","MG","São José da Lapa",24135,20297.82,31030,"Belo Horizonte",3,"Sudeste",1,"316295",2,47,8,39,12,35,1,0,0,0,0,48,8,39,12,35,12,9.91826877010069,10.0914183480946,0.296932389281103,29
"12392","MG","São José da Lapa",24135,20297.82,31030,"Belo Horizonte",3,"Sudeste",1,"316295",3,39,1,38,9,30,2,0,0,0,0,41,1,38,9,30,8,9.91826877010069,10.0914183480946,0.379828116926614,31
"12393","MG","São José da Lapa",24135,20297.82,31030,"Belo Horizonte",3,"Sudeste",1,"316295",4,27,5,22,7,20,0,0,0,0,0,27,5,22,7,20,8,9.91826877010069,10.0914183480946,0.432851233317924,30
"12394","MG","São José da Lapa",24135,20297.82,31030,"Belo Horizonte",3,"Sudeste",1,"316295",5,28,1,27,8,20,0,0,0,0,0,28,1,27,8,20,9,9.91826877010069,10.0914183480946,0.385210343180007,31
"12395","MG","São José da Lapa",24135,20297.82,31030,"Belo Horizonte",3,"Sudeste",1,"316295",6,22,5,17,6,16,0,0,0,0,0,22,5,17,6,16,10,9.91826877010069,10.0914183480946,0.352755644819142,30
"12396","MG","São José da Lapa",24135,20297.82,31030,"Belo Horizonte",3,"Sudeste",1,"316295",7,37,7,30,15,22,1,0,0,0,0,38,7,30,15,22,12,9.91826877010069,10.0914183480946,0.372825999659282,29
"12397","MG","São Lourenço",46202,22953.42,31054,"São Lourenço",3,"Sudeste",1,"316370",2,77,12,65,19,58,0,0,0,0,0,77,12,65,19,58,21,10.0412222239942,10.7407783661761,0.300047851749495,29
"12398","MG","São Lourenço",46202,22953.42,31054,"São Lourenço",3,"Sudeste",1,"316370",3,69,15,54,18,51,0,0,0,0,0,69,15,54,18,51,47,10.0412222239942,10.7407783661761,0.418972275393269,31
"12399","MG","São Lourenço",46202,22953.42,31054,"São Lourenço",3,"Sudeste",1,"316370",4,39,4,35,18,21,0,0,0,0,0,39,4,35,18,21,25,10.0412222239942,10.7407783661761,0.479484046615562,30
"12400","MG","São Lourenço",46202,22953.42,31054,"São Lourenço",3,"Sudeste",1,"316370",5,44,5,39,16,28,1,0,0,0,0,45,5,39,16,28,30,10.0412222239942,10.7407783661761,0.428728569032089,31
"12401","MG","São Lourenço",46202,22953.42,31054,"São Lourenço",3,"Sudeste",1,"316370",6,48,9,39,18,30,0,0,0,0,0,48,9,39,18,30,25,10.0412222239942,10.7407783661761,0.401729648436488,30
"12402","MG","São Lourenço",46202,22953.42,31054,"São Lourenço",3,"Sudeste",1,"316370",7,44,7,37,16,28,1,0,0,0,0,45,7,37,16,28,29,10.0412222239942,10.7407783661761,0.399831897539896,29
"12403","MG","São Romão",12529,13260.42,31006,"Pirapora",3,"Sudeste",0,"316420",2,14,2,12,10,4,0,0,0,0,0,14,2,12,10,4,6,9.49253893744638,9.43580123624555,0.297311998434529,29
"12404","MG","São Romão",12529,13260.42,31006,"Pirapora",3,"Sudeste",0,"316420",3,9,1,8,3,6,0,0,0,0,0,9,1,8,3,6,4,9.49253893744638,9.43580123624555,0.386219318916859,31
"12405","MG","São Romão",12529,13260.42,31006,"Pirapora",3,"Sudeste",0,"316420",4,8,5,3,4,4,0,0,0,0,0,8,5,3,4,4,6,9.49253893744638,9.43580123624555,0.412147620813274,30
"12406","MG","São Romão",12529,13260.42,31006,"Pirapora",3,"Sudeste",0,"316420",5,6,1,5,3,3,0,0,0,0,0,6,1,5,3,3,5,9.49253893744638,9.43580123624555,0.409112207523473,31
"12407","MG","São Romão",12529,13260.42,31006,"Pirapora",3,"Sudeste",0,"316420",6,6,2,4,2,4,0,0,0,0,0,6,2,4,2,4,5,9.49253893744638,9.43580123624555,0.390208832755801,30
"12408","MG","São Romão",12529,13260.42,31006,"Pirapora",3,"Sudeste",0,"316420",7,8,2,6,4,4,0,0,0,0,0,8,2,6,4,4,3,9.49253893744638,9.43580123624555,0.394827385879263,29
"12409","MG","São Roque de Minas",7076,29238.25,31042,"Piuí",3,"Sudeste",0,"316430",2,13,1,12,7,6,0,0,0,0,0,13,1,12,7,6,2,10.2832330625515,8.86446405527968,0.317544358834648,29
"12410","MG","São Roque de Minas",7076,29238.25,31042,"Piuí",3,"Sudeste",0,"316430",3,12,2,10,5,7,0,0,0,0,0,12,2,10,5,7,0,10.2832330625515,8.86446405527968,0.399300682343565,31
"12411","MG","São Roque de Minas",7076,29238.25,31042,"Piuí",3,"Sudeste",0,"316430",4,6,2,4,1,5,0,0,0,0,0,6,2,4,1,5,5,10.2832330625515,8.86446405527968,0.464654047802249,30
"12412","MG","São Roque de Minas",7076,29238.25,31042,"Piuí",3,"Sudeste",0,"316430",5,9,3,6,3,6,0,0,0,0,0,9,3,6,3,6,4,10.2832330625515,8.86446405527968,0.458329402609399,31
"12413","MG","São Roque de Minas",7076,29238.25,31042,"Piuí",3,"Sudeste",0,"316430",6,7,2,5,2,5,0,0,0,0,0,7,2,5,2,5,3,10.2832330625515,8.86446405527968,0.450873829332228,30
"12414","MG","São Roque de Minas",7076,29238.25,31042,"Piuí",3,"Sudeste",0,"316430",7,12,4,8,4,8,0,0,0,0,0,12,4,8,4,8,2,10.2832330625515,8.86446405527968,0.435626627264667,29
"12415","MG","São Sebastião da Bela Vista",5552,68401.03,31053,"Santa Rita do Sapucaí",3,"Sudeste",0,"316440",2,5,2,3,0,5,0,0,0,0,0,5,2,3,0,5,3,11.1331431619768,8.62191350218664,0.324786022441031,29
"12416","MG","São Sebastião da Bela Vista",5552,68401.03,31053,"Santa Rita do Sapucaí",3,"Sudeste",0,"316440",3,6,2,4,3,3,0,0,0,0,0,6,2,4,3,3,4,11.1331431619768,8.62191350218664,0.402649709333793,31
"12417","MG","São Sebastião da Bela Vista",5552,68401.03,31053,"Santa Rita do Sapucaí",3,"Sudeste",0,"316440",4,6,2,4,2,4,0,0,0,0,0,6,2,4,2,4,2,11.1331431619768,8.62191350218664,0.43842715814634,30
"12418","MG","São Sebastião da Bela Vista",5552,68401.03,31053,"Santa Rita do Sapucaí",3,"Sudeste",0,"316440",5,14,3,11,4,10,0,0,0,0,0,14,3,11,4,10,2,11.1331431619768,8.62191350218664,0.440501046553656,31
"12419","MG","São Sebastião da Bela Vista",5552,68401.03,31053,"Santa Rita do Sapucaí",3,"Sudeste",0,"316440",6,4,2,2,2,2,0,0,0,0,0,4,2,2,2,2,4,11.1331431619768,8.62191350218664,0.392866050572308,30
"12420","MG","São Sebastião da Bela Vista",5552,68401.03,31053,"Santa Rita do Sapucaí",3,"Sudeste",0,"316440",7,15,2,13,5,10,0,0,0,0,0,15,2,13,5,10,1,11.1331431619768,8.62191350218664,0.387438916675742,29
"12421","MG","São Sebastião do Oeste",6863,60425.52,31043,"Divinópolis",3,"Sudeste",0,"316460",2,23,3,20,11,12,0,0,0,0,0,23,3,20,11,12,0,11.0091668112442,8.83389994290864,0.329843853296256,29
"12422","MG","São Sebastião do Oeste",6863,60425.52,31043,"Divinópolis",3,"Sudeste",0,"316460",3,17,3,14,7,10,0,0,0,0,0,17,3,14,7,10,3,11.0091668112442,8.83389994290864,0.411298081724832,31
"12423","MG","São Sebastião do Oeste",6863,60425.52,31043,"Divinópolis",3,"Sudeste",0,"316460",4,19,6,13,8,11,0,0,0,0,0,19,6,13,8,11,3,11.0091668112442,8.83389994290864,0.452139453131414,30
"12424","MG","São Sebastião do Oeste",6863,60425.52,31043,"Divinópolis",3,"Sudeste",0,"316460",5,20,5,15,9,11,0,0,0,0,0,20,5,15,9,11,4,11.0091668112442,8.83389994290864,0.456363284836803,31
"12425","MG","São Sebastião do Oeste",6863,60425.52,31043,"Divinópolis",3,"Sudeste",0,"316460",6,10,3,7,6,4,0,0,0,0,0,10,3,7,6,4,2,11.0091668112442,8.83389994290864,0.422108297807399,30
"12426","MG","São Sebastião do Oeste",6863,60425.52,31043,"Divinópolis",3,"Sudeste",0,"316460",7,15,6,9,8,7,1,0,0,0,0,16,6,9,8,7,3,11.0091668112442,8.83389994290864,0.428714087130806,29
"12427","MG","São Sebastião do Paraíso",71445,25070.34,31048,"São Sebastião do Paraíso",3,"Sudeste",1,"316470",2,126,22,104,48,78,1,0,0,0,0,127,22,104,48,78,50,10.1294407530867,11.1766832019031,0.317723118882249,29
"12428","MG","São Sebastião do Paraíso",71445,25070.34,31048,"São Sebastião do Paraíso",3,"Sudeste",1,"316470",3,121,28,93,45,76,0,0,0,0,0,121,28,93,45,76,47,10.1294407530867,11.1766832019031,0.396430644188151,31
"12429","MG","São Sebastião do Paraíso",71445,25070.34,31048,"São Sebastião do Paraíso",3,"Sudeste",1,"316470",4,61,16,45,21,40,0,0,0,0,0,61,16,45,21,40,55,10.1294407530867,11.1766832019031,0.44164339118247,30
"12430","MG","São Sebastião do Paraíso",71445,25070.34,31048,"São Sebastião do Paraíso",3,"Sudeste",1,"316470",5,74,20,54,25,49,1,0,0,0,0,75,20,54,25,49,41,10.1294407530867,11.1766832019031,0.400389050306613,31
"12431","MG","São Sebastião do Paraíso",71445,25070.34,31048,"São Sebastião do Paraíso",3,"Sudeste",1,"316470",6,84,30,54,25,59,0,0,0,0,0,84,30,54,25,59,43,10.1294407530867,11.1766832019031,0.378156131937041,30
"12432","MG","São Sebastião do Paraíso",71445,25070.34,31048,"São Sebastião do Paraíso",3,"Sudeste",1,"316470",7,62,8,54,25,37,0,0,0,0,0,62,8,54,25,37,33,10.1294407530867,11.1766832019031,0.38005610002723,29
"12433","MG","São Tiago",10960,15526.4,31058,"São João Del Rei",3,"Sudeste",0,"316500",2,21,6,15,11,10,0,0,0,0,0,21,6,15,11,10,4,9.65029707986962,9.30200756050201,0.300531496958403,29
"12434","MG","São Tiago",10960,15526.4,31058,"São João Del Rei",3,"Sudeste",0,"316500",3,19,4,15,7,12,0,0,0,0,0,19,4,15,7,12,5,9.65029707986962,9.30200756050201,0.374200397459225,31
"12435","MG","São Tiago",10960,15526.4,31058,"São João Del Rei",3,"Sudeste",0,"316500",4,7,1,6,1,6,0,0,0,0,0,7,1,6,1,6,6,9.65029707986962,9.30200756050201,0.413391486270893,30
"12436","MG","São Tiago",10960,15526.4,31058,"São João Del Rei",3,"Sudeste",0,"316500",5,11,2,9,3,8,0,0,0,0,0,11,2,9,3,8,7,9.65029707986962,9.30200756050201,0.37146726844334,31
"12437","MG","São Tiago",10960,15526.4,31058,"São João Del Rei",3,"Sudeste",0,"316500",6,7,1,6,2,5,0,0,0,0,0,7,1,6,2,5,4,9.65029707986962,9.30200756050201,0.365628622703795,30
"12438","MG","São Tiago",10960,15526.4,31058,"São João Del Rei",3,"Sudeste",0,"316500",7,4,1,3,2,2,1,0,0,0,0,5,1,3,2,2,8,9.65029707986962,9.30200756050201,0.388851919408716,29
"12439","MG","São Tomé das Letras",7120,12957.1,31050,"Varginha",3,"Sudeste",0,"316520",2,9,1,8,1,8,0,0,0,0,0,9,1,8,1,8,4,9.46939917943495,8.87066300440602,0.370675899464405,29
"12440","MG","São Tomé das Letras",7120,12957.1,31050,"Varginha",3,"Sudeste",0,"316520",3,10,0,10,4,6,0,0,0,0,0,10,0,10,4,6,2,9.46939917943495,8.87066300440602,0.508701868726717,31
"12441","MG","São Tomé das Letras",7120,12957.1,31050,"Varginha",3,"Sudeste",0,"316520",4,6,1,5,2,4,0,0,0,0,0,6,1,5,2,4,5,9.46939917943495,8.87066300440602,0.526648571784948,30
"12442","MG","São Tomé das Letras",7120,12957.1,31050,"Varginha",3,"Sudeste",0,"316520",5,9,2,7,4,5,0,0,0,0,0,9,2,7,4,5,1,9.46939917943495,8.87066300440602,0.537047200087738,31
"12443","MG","São Tomé das Letras",7120,12957.1,31050,"Varginha",3,"Sudeste",0,"316520",6,5,0,5,2,3,0,0,0,0,0,5,0,5,2,3,3,9.46939917943495,8.87066300440602,0.488708452324125,30
"12444","MG","São Tomé das Letras",7120,12957.1,31050,"Varginha",3,"Sudeste",0,"316520",7,2,0,2,0,2,0,0,0,0,0,2,0,2,0,2,3,9.46939917943495,8.87066300440602,0.491120323591915,29
"12445","MG","São Vicente de Minas",7815,20991.43,31055,"Andrelândia",3,"Sudeste",0,"316530",2,12,5,7,4,8,0,0,0,0,0,12,5,7,4,8,3,9.95186953817394,8.96380024285558,0.303610124382563,29
"12446","MG","São Vicente de Minas",7815,20991.43,31055,"Andrelândia",3,"Sudeste",0,"316530",3,8,2,6,3,5,0,0,0,0,0,8,2,6,3,5,7,9.95186953817394,8.96380024285558,0.422569448289313,31
"12447","MG","São Vicente de Minas",7815,20991.43,31055,"Andrelândia",3,"Sudeste",0,"316530",4,10,4,6,4,6,0,0,0,0,0,10,4,6,4,6,5,9.95186953817394,8.96380024285558,0.426692739785759,30
"12448","MG","São Vicente de Minas",7815,20991.43,31055,"Andrelândia",3,"Sudeste",0,"316530",5,6,2,4,1,5,0,0,0,0,0,6,2,4,1,5,3,9.95186953817394,8.96380024285558,0.424292682881309,31
"12449","MG","São Vicente de Minas",7815,20991.43,31055,"Andrelândia",3,"Sudeste",0,"316530",6,10,4,6,5,5,0,0,0,0,0,10,4,6,5,5,4,9.95186953817394,8.96380024285558,0.375551064349197,30
"12450","MG","São Vicente de Minas",7815,20991.43,31055,"Andrelândia",3,"Sudeste",0,"316530",7,3,1,2,2,1,0,0,0,0,0,3,1,2,2,1,4,9.95186953817394,8.96380024285558,0.376023360652709,29
"12451","MG","Sapucaí-Mirim",6989,14784.21,31052,"Pouso Alegre",3,"Sudeste",0,"316540",2,7,1,6,4,3,0,0,0,0,0,7,1,6,4,3,6,9.60131499832604,8.85209276347713,0.323633890641153,29
"12452","MG","Sapucaí-Mirim",6989,14784.21,31052,"Pouso Alegre",3,"Sudeste",0,"316540",3,9,2,7,7,2,0,0,0,0,0,9,2,7,7,2,3,9.60131499832604,8.85209276347713,0.435992640969222,31
"12453","MG","Sapucaí-Mirim",6989,14784.21,31052,"Pouso Alegre",3,"Sudeste",0,"316540",4,6,2,4,1,5,0,0,0,0,0,6,2,4,1,5,0,9.60131499832604,8.85209276347713,0.452224690872141,30
"12454","MG","Sapucaí-Mirim",6989,14784.21,31052,"Pouso Alegre",3,"Sudeste",0,"316540",5,7,5,2,2,5,0,0,0,0,0,7,5,2,2,5,3,9.60131499832604,8.85209276347713,0.436409549532792,31
"12455","MG","Sapucaí-Mirim",6989,14784.21,31052,"Pouso Alegre",3,"Sudeste",0,"316540",6,6,0,6,0,6,1,0,0,0,0,7,0,6,0,6,2,9.60131499832604,8.85209276347713,0.391848183817429,30
"12456","MG","Sapucaí-Mirim",6989,14784.21,31052,"Pouso Alegre",3,"Sudeste",0,"316540",7,7,0,7,5,2,0,0,0,0,0,7,0,7,5,2,1,9.60131499832604,8.85209276347713,0.387567479212589,29
"12457","MG","Sarzedo",33413,28322.86,31030,"Belo Horizonte",3,"Sudeste",1,"316553",2,61,5,56,15,46,0,0,0,0,0,61,5,56,15,46,12,10.2514245314092,10.4167003247946,0.296907766548582,29
"12458","MG","Sarzedo",33413,28322.86,31030,"Belo Horizonte",3,"Sudeste",1,"316553",3,75,14,61,29,46,1,0,0,0,0,76,14,61,29,46,15,10.2514245314092,10.4167003247946,0.377656977826165,31
"12459","MG","Sarzedo",33413,28322.86,31030,"Belo Horizonte",3,"Sudeste",1,"316553",4,46,6,40,11,35,1,0,0,0,0,47,6,40,11,35,13,10.2514245314092,10.4167003247946,0.426013036610211,30
"12460","MG","Sarzedo",33413,28322.86,31030,"Belo Horizonte",3,"Sudeste",1,"316553",5,42,6,36,10,32,1,0,0,0,0,43,6,36,10,32,16,10.2514245314092,10.4167003247946,0.379950471151044,31
"12461","MG","Sarzedo",33413,28322.86,31030,"Belo Horizonte",3,"Sudeste",1,"316553",6,51,9,42,14,37,1,0,0,0,0,52,9,42,14,37,18,10.2514245314092,10.4167003247946,0.363630344916946,30
"12462","MG","Sarzedo",33413,28322.86,31030,"Belo Horizonte",3,"Sudeste",1,"316553",7,39,7,32,10,29,1,0,0,0,0,40,7,32,10,29,24,10.2514245314092,10.4167003247946,0.364286663244647,29
"12463","MG","Senador Amaral",5361,11305.13,31052,"Pouso Alegre",3,"Sudeste",0,"316557",2,12,1,11,4,8,0,0,0,0,0,12,1,11,4,8,4,9.33301188398253,8.58690580382754,0.294960643575555,29
"12464","MG","Senador Amaral",5361,11305.13,31052,"Pouso Alegre",3,"Sudeste",0,"316557",3,17,4,13,5,12,0,0,0,0,0,17,4,13,5,12,1,9.33301188398253,8.58690580382754,0.361114789510976,31
"12465","MG","Senador Amaral",5361,11305.13,31052,"Pouso Alegre",3,"Sudeste",0,"316557",4,14,5,9,6,8,0,0,0,0,0,14,5,9,6,8,2,9.33301188398253,8.58690580382754,0.360908335065563,30
"12466","MG","Senador Amaral",5361,11305.13,31052,"Pouso Alegre",3,"Sudeste",0,"316557",5,14,6,8,8,6,0,0,0,0,0,14,6,8,8,6,6,9.33301188398253,8.58690580382754,0.377911039520745,31
"12467","MG","Senador Amaral",5361,11305.13,31052,"Pouso Alegre",3,"Sudeste",0,"316557",6,16,4,12,8,8,0,0,0,0,0,16,4,12,8,8,1,9.33301188398253,8.58690580382754,0.367329310483084,30
"12468","MG","Senador Amaral",5361,11305.13,31052,"Pouso Alegre",3,"Sudeste",0,"316557",7,10,6,4,6,4,0,0,0,0,0,10,6,4,6,4,1,9.33301188398253,8.58690580382754,0.377461232927817,29
"12469","MG","Senador Firmino",7858,10326.95,31064,"Ubá",3,"Sudeste",0,"316570",2,10,3,7,5,5,0,0,0,0,0,10,3,7,5,5,5,9.24251226198253,8.96928740011841,0.257765085264655,29
"12470","MG","Senador Firmino",7858,10326.95,31064,"Ubá",3,"Sudeste",0,"316570",3,11,2,9,1,10,0,0,0,0,0,11,2,9,1,10,3,9.24251226198253,8.96928740011841,0.374303694248024,31
"12471","MG","Senador Firmino",7858,10326.95,31064,"Ubá",3,"Sudeste",0,"316570",4,11,0,11,5,6,0,0,0,0,0,11,0,11,5,6,4,9.24251226198253,8.96928740011841,0.465762484569178,30
"12472","MG","Senador Firmino",7858,10326.95,31064,"Ubá",3,"Sudeste",0,"316570",5,7,3,4,2,5,0,0,0,0,0,7,3,4,2,5,4,9.24251226198253,8.96928740011841,0.422054518925651,31
"12473","MG","Senador Firmino",7858,10326.95,31064,"Ubá",3,"Sudeste",0,"316570",6,2,0,2,0,2,0,0,0,0,0,2,0,2,0,2,6,9.24251226198253,8.96928740011841,0.379754103455648,30
"12474","MG","Senador Firmino",7858,10326.95,31064,"Ubá",3,"Sudeste",0,"316570",7,5,2,3,1,4,0,0,0,0,0,5,2,3,1,4,5,9.24251226198253,8.96928740011841,0.41366056202064,29
"12475","MG","Serra dos Aimorés",8713,10141.67,31016,"Nanuque",3,"Sudeste",0,"316670",2,11,1,10,6,5,0,0,0,0,0,11,1,10,6,5,4,9.22440795786464,9.07257144223129,0.335371240522123,29
"12476","MG","Serra dos Aimorés",8713,10141.67,31016,"Nanuque",3,"Sudeste",0,"316670",3,12,6,6,4,8,0,0,0,0,0,12,6,6,4,8,8,9.22440795786464,9.07257144223129,0.382176204256605,31
"12477","MG","Serra dos Aimorés",8713,10141.67,31016,"Nanuque",3,"Sudeste",0,"316670",4,3,0,3,1,2,0,0,0,0,0,3,0,3,1,2,1,9.22440795786464,9.07257144223129,0.427388314965476,30
"12478","MG","Serra dos Aimorés",8713,10141.67,31016,"Nanuque",3,"Sudeste",0,"316670",5,6,0,6,2,4,0,0,0,0,0,6,0,6,2,4,4,9.22440795786464,9.07257144223129,0.390868696570179,31
"12479","MG","Serra dos Aimorés",8713,10141.67,31016,"Nanuque",3,"Sudeste",0,"316670",6,10,3,7,5,5,0,0,0,0,0,10,3,7,5,5,7,9.22440795786464,9.07257144223129,0.354227490535447,30
"12480","MG","Serra dos Aimorés",8713,10141.67,31016,"Nanuque",3,"Sudeste",0,"316670",7,10,1,9,7,3,0,0,0,0,0,10,1,9,7,3,6,9.22440795786464,9.07257144223129,0.394921409525669,29
"12481","MG","Serra do Salitre",11668,41452.35,31019,"Patrocínio",3,"Sudeste",0,"316680",2,31,12,19,15,16,0,0,0,0,0,31,12,19,15,16,4,10.6322998537694,9.36460533098761,0.287055789314168,29
"12482","MG","Serra do Salitre",11668,41452.35,31019,"Patrocínio",3,"Sudeste",0,"316680",3,21,5,16,9,12,0,0,0,0,0,21,5,16,9,12,7,10.6322998537694,9.36460533098761,0.373937960011194,31
"12483","MG","Serra do Salitre",11668,41452.35,31019,"Patrocínio",3,"Sudeste",0,"316680",4,21,4,17,10,11,0,0,0,0,0,21,4,17,10,11,5,10.6322998537694,9.36460533098761,0.36812311353309,30
"12484","MG","Serra do Salitre",11668,41452.35,31019,"Patrocínio",3,"Sudeste",0,"316680",5,18,1,17,4,14,0,0,0,0,0,18,1,17,4,14,8,10.6322998537694,9.36460533098761,0.382173524818918,31
"12485","MG","Serra do Salitre",11668,41452.35,31019,"Patrocínio",3,"Sudeste",0,"316680",6,10,3,7,4,6,0,0,0,0,0,10,3,7,4,6,5,10.6322998537694,9.36460533098761,0.397587143258099,30
"12486","MG","Serra do Salitre",11668,41452.35,31019,"Patrocínio",3,"Sudeste",0,"316680",7,22,6,16,6,16,0,0,0,0,0,22,6,16,6,16,6,10.6322998537694,9.36460533098761,0.398593799264664,29
"12487","MG","Serrania",7668,17414.29,31049,"Alfenas",3,"Sudeste",0,"316690",2,14,3,11,5,9,0,0,0,0,0,14,3,11,5,9,4,9.76504641251738,8.94481110416553,0.32406458582621,29
"12488","MG","Serrania",7668,17414.29,31049,"Alfenas",3,"Sudeste",0,"316690",3,14,5,9,5,9,0,0,0,0,0,14,5,9,5,9,3,9.76504641251738,8.94481110416553,0.40658742056726,31
"12489","MG","Serrania",7668,17414.29,31049,"Alfenas",3,"Sudeste",0,"316690",4,11,4,7,6,5,0,0,0,0,0,11,4,7,6,5,4,9.76504641251738,8.94481110416553,0.449725266226252,30
"12490","MG","Serrania",7668,17414.29,31049,"Alfenas",3,"Sudeste",0,"316690",5,6,3,3,3,3,0,0,0,0,0,6,3,3,3,3,3,9.76504641251738,8.94481110416553,0.399146786024309,31
"12491","MG","Serrania",7668,17414.29,31049,"Alfenas",3,"Sudeste",0,"316690",6,5,3,2,2,3,0,0,0,0,0,5,3,2,2,3,4,9.76504641251738,8.94481110416553,0.360897261231323,30
"12492","MG","Serrania",7668,17414.29,31049,"Alfenas",3,"Sudeste",0,"316690",7,9,2,7,2,7,0,0,0,0,0,9,2,7,2,7,13,9.76504641251738,8.94481110416553,0.364723629943861,29
"12493","MG","Serro",20940,11074.52,31028,"Conceição do Mato Dentro",3,"Sudeste",0,"316710",2,29,8,21,15,14,0,0,0,0,0,29,8,21,15,14,15,9.31240225311631,9.94941648442453,0.336722067313076,29
"12494","MG","Serro",20940,11074.52,31028,"Conceição do Mato Dentro",3,"Sudeste",0,"316710",3,33,14,19,11,22,0,0,0,0,0,33,14,19,11,22,18,9.31240225311631,9.94941648442453,0.412272467167351,31
"12495","MG","Serro",20940,11074.52,31028,"Conceição do Mato Dentro",3,"Sudeste",0,"316710",4,15,1,14,4,11,0,0,0,0,0,15,1,14,4,11,9,9.31240225311631,9.94941648442453,0.46102590380386,30
"12496","MG","Serro",20940,11074.52,31028,"Conceição do Mato Dentro",3,"Sudeste",0,"316710",5,25,10,15,10,15,0,0,0,0,0,25,10,15,10,15,12,9.31240225311631,9.94941648442453,0.436927941084447,31
"12497","MG","Serro",20940,11074.52,31028,"Conceição do Mato Dentro",3,"Sudeste",0,"316710",6,19,7,12,7,12,0,0,0,0,0,19,7,12,7,12,11,9.31240225311631,9.94941648442453,0.41348430253578,30
"12498","MG","Serro",20940,11074.52,31028,"Conceição do Mato Dentro",3,"Sudeste",0,"316710",7,25,7,18,9,16,0,0,0,0,0,25,7,18,9,16,12,9.31240225311631,9.94941648442453,0.438781800641904,29
"12499","MG","Sete Lagoas",241835,35933.26,31027,"Sete Lagoas",3,"Sudeste",1,"316720",2,362,47,315,117,245,0,0,0,0,0,362,47,315,117,245,103,10.4894186079705,12.3960109544133,0.289424269921891,29
"12500","MG","Sete Lagoas",241835,35933.26,31027,"Sete Lagoas",3,"Sudeste",1,"316720",3,313,44,269,92,221,2,0,0,0,0,315,44,269,92,221,139,10.4894186079705,12.3960109544133,0.387684379311361,31
"12501","MG","Sete Lagoas",241835,35933.26,31027,"Sete Lagoas",3,"Sudeste",1,"316720",4,208,25,183,76,132,0,0,0,0,0,208,25,183,76,132,96,10.4894186079705,12.3960109544133,0.430299381697617,30
"12502","MG","Sete Lagoas",241835,35933.26,31027,"Sete Lagoas",3,"Sudeste",1,"316720",5,250,40,210,76,174,0,0,0,0,0,250,40,210,76,174,111,10.4894186079705,12.3960109544133,0.382001525017762,31
"12503","MG","Sete Lagoas",241835,35933.26,31027,"Sete Lagoas",3,"Sudeste",1,"316720",6,226,29,197,61,165,5,0,0,0,0,231,29,197,61,165,109,10.4894186079705,12.3960109544133,0.362275413890233,30
"12504","MG","Sete Lagoas",241835,35933.26,31027,"Sete Lagoas",3,"Sudeste",1,"316720",7,245,43,202,73,172,3,0,0,0,0,248,43,202,73,172,134,10.4894186079705,12.3960109544133,0.365650341372461,29
"12505","MG","Silvianópolis",6248,15179.07,31053,"Santa Rita do Sapucaí",3,"Sudeste",0,"316740",2,12,4,8,4,8,0,0,0,0,0,12,4,8,4,8,2,9.62767278425072,8.74001669151952,0.309349076161455,29
"12506","MG","Silvianópolis",6248,15179.07,31053,"Santa Rita do Sapucaí",3,"Sudeste",0,"316740",3,3,1,2,0,3,0,0,0,0,0,3,1,2,0,3,6,9.62767278425072,8.74001669151952,0.361423573853723,31
"12507","MG","Silvianópolis",6248,15179.07,31053,"Santa Rita do Sapucaí",3,"Sudeste",0,"316740",4,4,3,1,0,4,0,0,0,0,0,4,3,1,0,4,4,9.62767278425072,8.74001669151952,0.425331055947847,30
"12508","MG","Silvianópolis",6248,15179.07,31053,"Santa Rita do Sapucaí",3,"Sudeste",0,"316740",5,1,0,1,0,1,0,0,0,0,0,1,0,1,0,1,2,9.62767278425072,8.74001669151952,0.450192973052169,31
"12509","MG","Silvianópolis",6248,15179.07,31053,"Santa Rita do Sapucaí",3,"Sudeste",0,"316740",6,1,0,1,0,1,0,0,0,0,0,1,0,1,0,1,2,9.62767278425072,8.74001669151952,0.410187872764035,30
"12510","MG","Silvianópolis",6248,15179.07,31053,"Santa Rita do Sapucaí",3,"Sudeste",0,"316740",7,4,2,2,2,2,0,0,0,0,0,4,2,2,2,2,7,9.62767278425072,8.74001669151952,0.411413586820902,29
"12511","MG","Simonésia",19736,9536.48,31061,"Manhuaçu",3,"Sudeste",0,"316760",2,49,17,32,20,29,0,0,0,0,0,49,17,32,20,29,11,9.16287972360881,9.89019965820919,0.328004614298543,29
"12512","MG","Simonésia",19736,9536.48,31061,"Manhuaçu",3,"Sudeste",0,"316760",3,50,26,24,22,28,0,0,0,0,0,50,26,24,22,28,9,9.16287972360881,9.89019965820919,0.429639853632524,31
"12513","MG","Simonésia",19736,9536.48,31061,"Manhuaçu",3,"Sudeste",0,"316760",4,22,8,14,6,16,0,0,0,0,0,22,8,14,6,16,9,9.16287972360881,9.89019965820919,0.437638211512,30
"12514","MG","Simonésia",19736,9536.48,31061,"Manhuaçu",3,"Sudeste",0,"316760",5,19,10,9,13,6,0,0,0,0,0,19,10,9,13,6,9,9.16287972360881,9.89019965820919,0.437974089516462,31
"12515","MG","Simonésia",19736,9536.48,31061,"Manhuaçu",3,"Sudeste",0,"316760",6,24,8,16,12,12,0,0,0,0,0,24,8,16,12,12,10,9.16287972360881,9.89019965820919,0.447579366817804,30
"12516","MG","Simonésia",19736,9536.48,31061,"Manhuaçu",3,"Sudeste",0,"316760",7,30,13,17,14,16,0,0,0,0,0,30,13,17,14,16,9,9.16287972360881,9.89019965820919,0.441485481304407,29
"12517","MG","Tabuleiro",3708,13311.92,31064,"Ubá",3,"Sudeste",0,"316790",2,6,1,5,3,3,0,0,0,0,0,6,1,5,3,3,6,9.49641515342755,8.21824792668574,0.311454659144931,29
"12518","MG","Tabuleiro",3708,13311.92,31064,"Ubá",3,"Sudeste",0,"316790",3,5,2,3,2,3,0,0,0,0,0,5,2,3,2,3,3,9.49641515342755,8.21824792668574,0.407540255347991,31
"12519","MG","Tabuleiro",3708,13311.92,31064,"Ubá",3,"Sudeste",0,"316790",4,2,1,1,0,2,0,0,0,0,0,2,1,1,0,2,2,9.49641515342755,8.21824792668574,0.438261109753283,30
"12520","MG","Tabuleiro",3708,13311.92,31064,"Ubá",3,"Sudeste",0,"316790",5,4,1,3,1,3,0,0,0,0,0,4,1,3,1,3,2,9.49641515342755,8.21824792668574,0.407132104289259,31
"12521","MG","Tabuleiro",3708,13311.92,31064,"Ubá",3,"Sudeste",0,"316790",6,5,0,5,1,4,0,0,0,0,0,5,0,5,1,4,4,9.49641515342755,8.21824792668574,0.38062164083544,30
"12522","MG","Tabuleiro",3708,13311.92,31064,"Ubá",3,"Sudeste",0,"316790",7,2,0,2,1,1,0,0,0,0,0,2,0,2,1,1,6,9.49641515342755,8.21824792668574,0.359302070122256,29
"12523","MG","Taiobeiras",34397,13049.39,31005,"Salinas",3,"Sudeste",1,"316800",2,74,17,57,31,43,0,0,0,0,0,74,17,57,31,43,12,9.47649666836332,10.4457246302562,0.284403309046819,29
"12524","MG","Taiobeiras",34397,13049.39,31005,"Salinas",3,"Sudeste",1,"316800",3,54,11,43,17,37,0,0,0,0,0,54,11,43,17,37,21,9.47649666836332,10.4457246302562,0.349748519610822,31
"12525","MG","Taiobeiras",34397,13049.39,31005,"Salinas",3,"Sudeste",1,"316800",4,42,10,32,18,24,0,0,0,0,0,42,10,32,18,24,14,9.47649666836332,10.4457246302562,0.371534318821136,30
"12526","MG","Taiobeiras",34397,13049.39,31005,"Salinas",3,"Sudeste",1,"316800",5,49,8,41,13,36,0,0,0,0,0,49,8,41,13,36,13,9.47649666836332,10.4457246302562,0.360053449993481,31
"12527","MG","Taiobeiras",34397,13049.39,31005,"Salinas",3,"Sudeste",1,"316800",6,41,6,35,16,25,0,0,0,0,0,41,6,35,16,25,22,9.47649666836332,10.4457246302562,0.362208785525437,30
"12528","MG","Taiobeiras",34397,13049.39,31005,"Salinas",3,"Sudeste",1,"316800",7,37,10,27,13,24,0,0,0,0,0,37,10,27,13,24,15,9.47649666836332,10.4457246302562,0.36037988234956,29
"12529","MG","Tarumirim",14302,10076.86,31040,"Caratinga",3,"Sudeste",0,"316840",2,20,5,15,6,14,0,0,0,0,0,20,5,15,6,14,9,9.21799698516018,9.56815466660834,0.340141401339992,29
"12530","MG","Tarumirim",14302,10076.86,31040,"Caratinga",3,"Sudeste",0,"316840",3,18,7,11,8,10,0,0,0,0,0,18,7,11,8,10,12,9.21799698516018,9.56815466660834,0.444894530986442,31
"12531","MG","Tarumirim",14302,10076.86,31040,"Caratinga",3,"Sudeste",0,"316840",4,11,1,10,3,8,0,0,0,0,0,11,1,10,3,8,14,9.21799698516018,9.56815466660834,0.470457798666397,30
"12532","MG","Tarumirim",14302,10076.86,31040,"Caratinga",3,"Sudeste",0,"316840",5,15,3,12,4,11,0,0,0,0,0,15,3,12,4,11,9,9.21799698516018,9.56815466660834,0.43486878511504,31
"12533","MG","Tarumirim",14302,10076.86,31040,"Caratinga",3,"Sudeste",0,"316840",6,16,3,13,6,10,0,0,0,0,0,16,3,13,6,10,19,9.21799698516018,9.56815466660834,0.426083875722505,30
"12534","MG","Tarumirim",14302,10076.86,31040,"Caratinga",3,"Sudeste",0,"316840",7,12,2,10,7,5,0,0,0,0,0,12,2,10,7,5,14,9.21799698516018,9.56815466660834,0.458689344566784,29
"12535","MG","Teixeiras",11670,12179.61,31062,"Viçosa",3,"Sudeste",0,"316850",2,15,5,10,5,10,0,0,0,0,0,15,5,10,5,10,4,9.40751852104681,9.3647767252806,0.331013655400018,29
"12536","MG","Teixeiras",11670,12179.61,31062,"Viçosa",3,"Sudeste",0,"316850",3,11,9,2,5,6,0,0,0,0,0,11,9,2,5,6,10,9.40751852104681,9.3647767252806,0.415336064588199,31
"12537","MG","Teixeiras",11670,12179.61,31062,"Viçosa",3,"Sudeste",0,"316850",4,8,2,6,1,7,0,0,0,0,0,8,2,6,1,7,5,9.40751852104681,9.3647767252806,0.472785988164839,30
"12538","MG","Teixeiras",11670,12179.61,31062,"Viçosa",3,"Sudeste",0,"316850",5,9,3,6,1,8,0,0,0,0,0,9,3,6,1,8,5,9.40751852104681,9.3647767252806,0.44010565633072,31
"12539","MG","Teixeiras",11670,12179.61,31062,"Viçosa",3,"Sudeste",0,"316850",6,5,1,4,2,3,0,0,0,0,0,5,1,4,2,3,9,9.40751852104681,9.3647767252806,0.405187828074954,30
"12540","MG","Teixeiras",11670,12179.61,31062,"Viçosa",3,"Sudeste",0,"316850",7,9,0,9,3,6,0,0,0,0,0,9,0,9,3,6,11,9.40751852104681,9.3647767252806,0.402923931943594,29
"12541","MG","Teófilo Otoni",140937,17942.67,31015,"Teófilo Otoni",3,"Sudeste",1,"316860",2,134,35,99,49,85,0,0,0,0,0,134,35,99,49,85,89,9.79493695397022,11.856068261001,0.295766013160971,29
"12542","MG","Teófilo Otoni",140937,17942.67,31015,"Teófilo Otoni",3,"Sudeste",1,"316860",3,136,22,114,51,85,2,0,0,0,0,138,22,114,51,85,91,9.79493695397022,11.856068261001,0.388947338241796,31
"12543","MG","Teófilo Otoni",140937,17942.67,31015,"Teófilo Otoni",3,"Sudeste",1,"316860",4,124,31,93,49,75,2,0,0,0,0,126,31,93,49,75,69,9.79493695397022,11.856068261001,0.429882192213851,30
"12544","MG","Teófilo Otoni",140937,17942.67,31015,"Teófilo Otoni",3,"Sudeste",1,"316860",5,167,34,133,55,112,2,0,0,0,0,169,34,133,55,112,111,9.79493695397022,11.856068261001,0.406808990406389,31
"12545","MG","Teófilo Otoni",140937,17942.67,31015,"Teófilo Otoni",3,"Sudeste",1,"316860",6,153,28,125,65,88,2,0,0,0,0,155,28,125,65,88,121,9.79493695397022,11.856068261001,0.395138880611025,30
"12546","MG","Teófilo Otoni",140937,17942.67,31015,"Teófilo Otoni",3,"Sudeste",1,"316860",7,158,29,129,66,92,1,0,0,0,0,159,29,129,66,92,121,9.79493695397022,11.856068261001,0.380345750273314,29
"12547","MG","Timóteo",90568,36154.09,31039,"Ipatinga",3,"Sudeste",1,"316870",2,119,13,106,30,89,0,0,0,0,0,119,13,106,30,89,36,10.4955453608828,11.4138562287579,0.311602274582896,29
"12548","MG","Timóteo",90568,36154.09,31039,"Ipatinga",3,"Sudeste",1,"316870",3,111,10,101,25,86,1,0,0,0,0,112,10,101,25,86,52,10.4955453608828,11.4138562287579,0.426188611437378,31
"12549","MG","Timóteo",90568,36154.09,31039,"Ipatinga",3,"Sudeste",1,"316870",4,69,6,63,23,46,0,0,0,0,0,69,6,63,23,46,39,10.4955453608828,11.4138562287579,0.463212266531294,30
"12550","MG","Timóteo",90568,36154.09,31039,"Ipatinga",3,"Sudeste",1,"316870",5,78,19,59,22,56,0,0,0,0,0,78,19,59,22,56,53,10.4955453608828,11.4138562287579,0.421206059210922,31
"12551","MG","Timóteo",90568,36154.09,31039,"Ipatinga",3,"Sudeste",1,"316870",6,67,8,59,19,48,2,0,0,0,0,69,8,59,19,48,55,10.4955453608828,11.4138562287579,0.410307517675372,30
"12552","MG","Timóteo",90568,36154.09,31039,"Ipatinga",3,"Sudeste",1,"316870",7,72,11,61,20,52,0,0,0,0,0,72,11,61,20,52,94,10.4955453608828,11.4138562287579,0.416055533201286,29
"12553","MG","Tiradentes",8072,20633.71,31058,"São João Del Rei",3,"Sudeste",1,"316880",2,12,4,8,6,6,0,0,0,0,0,12,4,8,6,6,6,9.93468142508836,8.99615656203344,0.288088186242613,29
"12554","MG","Tiradentes",8072,20633.71,31058,"São João Del Rei",3,"Sudeste",1,"316880",3,22,4,18,5,17,0,0,0,0,0,22,4,18,5,17,8,9.93468142508836,8.99615656203344,0.456986772435244,31
"12555","MG","Tiradentes",8072,20633.71,31058,"São João Del Rei",3,"Sudeste",1,"316880",4,8,0,8,4,4,0,0,0,0,0,8,0,8,4,4,3,9.93468142508836,8.99615656203344,0.510574619600884,30
"12556","MG","Tiradentes",8072,20633.71,31058,"São João Del Rei",3,"Sudeste",1,"316880",5,5,1,4,2,3,0,0,0,0,0,5,1,4,2,3,5,9.93468142508836,8.99615656203344,0.474734390406265,31
"12557","MG","Tiradentes",8072,20633.71,31058,"São João Del Rei",3,"Sudeste",1,"316880",6,6,0,6,4,2,0,0,0,0,0,6,0,6,4,2,7,9.93468142508836,8.99615656203344,0.445870492801078,30
"12558","MG","Tiradentes",8072,20633.71,31058,"São João Del Rei",3,"Sudeste",1,"316880",7,11,2,9,8,3,0,0,0,0,0,11,2,9,8,3,4,9.93468142508836,8.99615656203344,0.425897640499531,29
"12559","MG","Tocantins",16715,16569.31,31064,"Ubá",3,"Sudeste",1,"316900",2,24,4,20,10,14,0,0,0,0,0,24,4,20,10,14,14,9.71530746803275,9.7240617988542,0.33782338559975,29
"12560","MG","Tocantins",16715,16569.31,31064,"Ubá",3,"Sudeste",1,"316900",3,24,9,15,9,15,0,0,0,0,0,24,9,15,9,15,12,9.71530746803275,9.7240617988542,0.424239450188568,31
"12561","MG","Tocantins",16715,16569.31,31064,"Ubá",3,"Sudeste",1,"316900",4,10,5,5,6,4,0,0,0,0,0,10,5,5,6,4,7,9.71530746803275,9.7240617988542,0.480162982024625,30
"12562","MG","Tocantins",16715,16569.31,31064,"Ubá",3,"Sudeste",1,"316900",5,15,3,12,4,11,0,0,0,0,0,15,3,12,4,11,5,9.71530746803275,9.7240617988542,0.438559417359758,31
"12563","MG","Tocantins",16715,16569.31,31064,"Ubá",3,"Sudeste",1,"316900",6,10,2,8,3,7,0,0,0,0,0,10,2,8,3,7,13,9.71530746803275,9.7240617988542,0.408990895797306,30
"12564","MG","Tocantins",16715,16569.31,31064,"Ubá",3,"Sudeste",1,"316900",7,20,10,10,9,11,0,0,0,0,0,20,10,10,9,11,12,9.71530746803275,9.7240617988542,0.408261279002928,29
"12565","MG","Toledo",6297,12033.88,31052,"Pouso Alegre",3,"Sudeste",0,"316910",2,7,4,3,3,4,0,0,0,0,0,7,4,3,3,4,2,9.39548128398386,8.74782860848874,0.308541422799052,29
"12566","MG","Toledo",6297,12033.88,31052,"Pouso Alegre",3,"Sudeste",0,"316910",3,6,1,5,3,3,0,0,0,0,0,6,1,5,3,3,5,9.39548128398386,8.74782860848874,0.406270018303659,31
"12567","MG","Toledo",6297,12033.88,31052,"Pouso Alegre",3,"Sudeste",0,"316910",4,6,2,4,2,4,0,0,0,0,0,6,2,4,2,4,4,9.39548128398386,8.74782860848874,0.390689997311591,30
"12568","MG","Toledo",6297,12033.88,31052,"Pouso Alegre",3,"Sudeste",0,"316910",5,7,2,5,3,4,0,0,0,0,0,7,2,5,3,4,4,9.39548128398386,8.74782860848874,0.3696401047526,31
"12569","MG","Toledo",6297,12033.88,31052,"Pouso Alegre",3,"Sudeste",0,"316910",6,7,3,4,3,4,0,0,0,0,0,7,3,4,3,4,6,9.39548128398386,8.74782860848874,0.345773501905888,30
"12570","MG","Toledo",6297,12033.88,31052,"Pouso Alegre",3,"Sudeste",0,"316910",7,7,0,7,5,2,0,0,0,0,0,7,0,7,5,2,4,9.39548128398386,8.74782860848874,0.394916619996349,29
"12571","MG","Tombos",7850,11970.93,31063,"Muriaé",3,"Sudeste",0,"316920",2,11,1,10,1,10,0,0,0,0,0,11,1,10,1,10,8,9.39023648976957,8.96826881077645,0.341524998153332,29
"12572","MG","Tombos",7850,11970.93,31063,"Muriaé",3,"Sudeste",0,"316920",3,11,0,11,4,7,0,0,0,0,0,11,0,11,4,7,5,9.39023648976957,8.96826881077645,0.411507716910192,31
"12573","MG","Tombos",7850,11970.93,31063,"Muriaé",3,"Sudeste",0,"316920",4,9,1,8,2,7,0,0,0,0,0,9,1,8,2,7,12,9.39023648976957,8.96826881077645,0.458107674454573,30
"12574","MG","Tombos",7850,11970.93,31063,"Muriaé",3,"Sudeste",0,"316920",5,5,1,4,3,2,0,0,0,0,0,5,1,4,3,2,8,9.39023648976957,8.96826881077645,0.442927185369233,31
"12575","MG","Tombos",7850,11970.93,31063,"Muriaé",3,"Sudeste",0,"316920",6,9,0,9,3,6,0,0,0,0,0,9,0,9,3,6,9,9.39023648976957,8.96826881077645,0.432256349176624,30
"12576","MG","Tombos",7850,11970.93,31063,"Muriaé",3,"Sudeste",0,"316920",7,6,2,4,1,5,0,0,0,0,0,6,2,4,1,5,8,9.39023648976957,8.96826881077645,0.467068728068128,29
"12577","MG","Três Corações",80032,29300.4,31050,"Varginha",3,"Sudeste",1,"316930",2,155,23,132,52,103,0,0,0,0,0,155,23,132,52,103,30,10.2853564467891,11.2901818336773,0.314981276225323,29
"12578","MG","Três Corações",80032,29300.4,31050,"Varginha",3,"Sudeste",1,"316930",3,156,34,122,56,100,1,0,0,0,0,157,34,122,56,100,55,10.2853564467891,11.2901818336773,0.407098107104121,31
"12579","MG","Três Corações",80032,29300.4,31050,"Varginha",3,"Sudeste",1,"316930",4,83,18,65,29,54,0,0,0,0,0,83,18,65,29,54,36,10.2853564467891,11.2901818336773,0.451663262802511,30
"12580","MG","Três Corações",80032,29300.4,31050,"Varginha",3,"Sudeste",1,"316930",5,86,20,66,25,61,1,0,0,0,0,87,20,66,25,61,50,10.2853564467891,11.2901818336773,0.419062230008501,31
"12581","MG","Três Corações",80032,29300.4,31050,"Varginha",3,"Sudeste",1,"316930",6,90,19,71,34,56,2,0,0,0,0,92,19,71,34,56,34,10.2853564467891,11.2901818336773,0.389245018043082,30
"12582","MG","Três Corações",80032,29300.4,31050,"Varginha",3,"Sudeste",1,"316930",7,77,13,64,31,46,0,0,0,0,0,77,13,64,31,46,53,10.2853564467891,11.2901818336773,0.381806727772237,29
"12583","MG","Três Marias",32716,84505.37,31024,"Três Marias",3,"Sudeste",1,"316935",2,63,15,48,23,40,0,0,0,0,0,63,15,48,23,40,9,11.3445703616219,10.3956195338549,0.297254793836236,29
"12584","MG","Três Marias",32716,84505.37,31024,"Três Marias",3,"Sudeste",1,"316935",3,44,14,30,12,32,0,0,0,0,0,44,14,30,12,32,16,11.3445703616219,10.3956195338549,0.384535278643337,31
"12585","MG","Três Marias",32716,84505.37,31024,"Três Marias",3,"Sudeste",1,"316935",4,32,7,25,13,19,0,0,0,0,0,32,7,25,13,19,11,11.3445703616219,10.3956195338549,0.421651828667076,30
"12586","MG","Três Marias",32716,84505.37,31024,"Três Marias",3,"Sudeste",1,"316935",5,27,7,20,9,18,0,0,0,0,0,27,7,20,9,18,11,11.3445703616219,10.3956195338549,0.378574252353724,31
"12587","MG","Três Marias",32716,84505.37,31024,"Três Marias",3,"Sudeste",1,"316935",6,39,9,30,18,21,0,0,0,0,0,39,9,30,18,21,12,11.3445703616219,10.3956195338549,0.387530984829185,30
"12588","MG","Três Marias",32716,84505.37,31024,"Três Marias",3,"Sudeste",1,"316935",7,26,7,19,6,20,0,0,0,0,0,26,7,19,6,20,18,11.3445703616219,10.3956195338549,0.40229050981246,29
"12589","MG","Três Pontas",56940,23810.73,31050,"Varginha",3,"Sudeste",1,"316940",2,100,15,85,35,65,2,0,0,0,0,102,15,85,35,65,33,10.0778915983977,10.949753360832,0.289933119296769,29
"12590","MG","Três Pontas",56940,23810.73,31050,"Varginha",3,"Sudeste",1,"316940",3,123,18,105,46,77,1,0,0,0,0,124,18,105,46,77,30,10.0778915983977,10.949753360832,0.369878654942571,31
"12591","MG","Três Pontas",56940,23810.73,31050,"Varginha",3,"Sudeste",1,"316940",4,80,19,61,26,54,0,0,0,0,0,80,19,61,26,54,37,10.0778915983977,10.949753360832,0.394728405033851,30
"12592","MG","Três Pontas",56940,23810.73,31050,"Varginha",3,"Sudeste",1,"316940",5,68,15,53,25,43,0,0,0,0,0,68,15,53,25,43,32,10.0778915983977,10.949753360832,0.349362035642922,31
"12593","MG","Três Pontas",56940,23810.73,31050,"Varginha",3,"Sudeste",1,"316940",6,67,18,49,26,41,0,0,0,0,0,67,18,49,26,41,36,10.0778915983977,10.949753360832,0.334467149072956,30
"12594","MG","Três Pontas",56940,23810.73,31050,"Varginha",3,"Sudeste",1,"316940",7,62,17,45,18,44,0,0,0,0,0,62,17,45,18,44,37,10.0778915983977,10.949753360832,0.329433485179446,29
"12595","MG","Tumiritinga",6765,8351.16,31037,"Governador Valadares",3,"Sudeste",0,"316950",2,10,3,7,4,6,0,0,0,0,0,10,3,7,4,6,7,9.0301557303518,8.81951754060489,0.327382307363638,29
"12596","MG","Tumiritinga",6765,8351.16,31037,"Governador Valadares",3,"Sudeste",0,"316950",3,10,7,3,6,4,0,0,0,0,0,10,7,3,6,4,5,9.0301557303518,8.81951754060489,0.400053419866564,31
"12597","MG","Tumiritinga",6765,8351.16,31037,"Governador Valadares",3,"Sudeste",0,"316950",4,10,1,9,8,2,0,0,0,0,0,10,1,9,8,2,4,9.0301557303518,8.81951754060489,0.411487093299333,30
"12598","MG","Tumiritinga",6765,8351.16,31037,"Governador Valadares",3,"Sudeste",0,"316950",5,8,3,5,5,3,0,0,0,0,0,8,3,5,5,3,8,9.0301557303518,8.81951754060489,0.399222562878992,31
"12599","MG","Tumiritinga",6765,8351.16,31037,"Governador Valadares",3,"Sudeste",0,"316950",6,5,1,4,1,4,0,0,0,0,0,5,1,4,1,4,4,9.0301557303518,8.81951754060489,0.356869789444961,30
"12600","MG","Tumiritinga",6765,8351.16,31037,"Governador Valadares",3,"Sudeste",0,"316950",7,4,2,2,3,1,0,0,0,0,0,4,2,2,3,1,1,9.0301557303518,8.81951754060489,0.417817689221799,29
"12601","MG","Tupaciguara",25398,25776.82,31018,"Uberlândia",3,"Sudeste",1,"316960",2,26,6,20,13,13,0,0,0,0,0,26,6,20,13,13,17,10.1572309174495,10.142425709749,0.300027620575825,29
"12602","MG","Tupaciguara",25398,25776.82,31018,"Uberlândia",3,"Sudeste",1,"316960",3,34,9,25,16,18,0,0,0,0,0,34,9,25,16,18,19,10.1572309174495,10.142425709749,0.356450328661338,31
"12603","MG","Tupaciguara",25398,25776.82,31018,"Uberlândia",3,"Sudeste",1,"316960",4,20,6,14,7,13,0,0,0,0,0,20,6,14,7,13,22,10.1572309174495,10.142425709749,0.380009075598274,30
"12604","MG","Tupaciguara",25398,25776.82,31018,"Uberlândia",3,"Sudeste",1,"316960",5,19,6,13,6,13,0,0,0,0,0,19,6,13,6,13,17,10.1572309174495,10.142425709749,0.36070707235076,31
"12605","MG","Tupaciguara",25398,25776.82,31018,"Uberlândia",3,"Sudeste",1,"316960",6,24,8,16,12,12,1,0,0,0,0,25,8,16,12,12,22,10.1572309174495,10.142425709749,0.360020924575744,30
"12606","MG","Tupaciguara",25398,25776.82,31018,"Uberlândia",3,"Sudeste",1,"316960",7,25,5,20,9,16,0,0,0,0,0,25,5,20,9,16,33,10.1572309174495,10.142425709749,0.370203243805832,29
"12607","MG","Turmalina",20125,18784.34,31011,"Capelinha",3,"Sudeste",0,"316970",2,10,0,10,0,10,0,0,0,0,0,10,0,10,0,10,2,9.84077882297508,9.90971810228676,0.285300448566424,29
"12608","MG","Turmalina",20125,18784.34,31011,"Capelinha",3,"Sudeste",0,"316970",3,4,0,4,0,4,0,0,0,0,0,4,0,4,0,4,14,9.84077882297508,9.90971810228676,0.367449634127295,31
"12609","MG","Turmalina",20125,18784.34,31011,"Capelinha",3,"Sudeste",0,"316970",4,4,0,4,1,3,0,0,0,0,0,4,0,4,1,3,8,9.84077882297508,9.90971810228676,0.381737557656394,30
"12610","MG","Turmalina",20125,18784.34,31011,"Capelinha",3,"Sudeste",0,"316970",5,3,0,3,0,3,0,0,0,0,0,3,0,3,0,3,5,9.84077882297508,9.90971810228676,0.368436689699272,31
"12611","MG","Turmalina",20125,18784.34,31011,"Capelinha",3,"Sudeste",0,"316970",6,8,1,7,3,5,0,0,0,0,0,8,1,7,3,5,5,9.84077882297508,9.90971810228676,0.349108732079956,30
"12612","MG","Turmalina",20125,18784.34,31011,"Capelinha",3,"Sudeste",0,"316970",7,7,0,7,0,7,0,0,0,0,0,7,0,7,0,7,9,9.84077882297508,9.90971810228676,0.395390403296211,29
"12613","MG","Turvolândia",5070,20030.16,31053,"Santa Rita do Sapucaí",3,"Sudeste",0,"316980",2,11,4,7,2,9,0,0,0,0,0,11,4,7,2,9,3,9.90499441664593,8.53109609658523,0.29219194654925,29
"12614","MG","Turvolândia",5070,20030.16,31053,"Santa Rita do Sapucaí",3,"Sudeste",0,"316980",3,7,2,5,4,3,0,0,0,0,0,7,2,5,4,3,1,9.90499441664593,8.53109609658523,0.352704292238558,31
"12615","MG","Turvolândia",5070,20030.16,31053,"Santa Rita do Sapucaí",3,"Sudeste",0,"316980",4,7,2,5,2,5,0,0,0,0,0,7,2,5,2,5,1,9.90499441664593,8.53109609658523,0.350951354181848,30
"12616","MG","Turvolândia",5070,20030.16,31053,"Santa Rita do Sapucaí",3,"Sudeste",0,"316980",5,7,3,4,1,6,0,0,0,0,0,7,3,4,1,6,4,9.90499441664593,8.53109609658523,0.345968725502554,31
"12617","MG","Turvolândia",5070,20030.16,31053,"Santa Rita do Sapucaí",3,"Sudeste",0,"316980",6,9,2,7,4,5,0,0,0,0,0,9,2,7,4,5,2,9.90499441664593,8.53109609658523,0.308235001045224,30
"12618","MG","Turvolândia",5070,20030.16,31053,"Santa Rita do Sapucaí",3,"Sudeste",0,"316980",7,6,3,3,2,4,0,0,0,0,0,6,3,3,2,4,4,9.90499441664593,8.53109609658523,0.327449980779622,29
"12619","MG","Ubá",116797,23884.41,31064,"Ubá",3,"Sudeste",1,"316990",2,183,52,131,67,116,0,0,0,0,0,183,52,131,67,116,51,10.0809812238233,11.6681926641149,0.324049990956275,29
"12620","MG","Ubá",116797,23884.41,31064,"Ubá",3,"Sudeste",1,"316990",3,201,55,146,66,135,0,0,0,0,0,201,55,146,66,135,55,10.0809812238233,11.6681926641149,0.424718922633908,31
"12621","MG","Ubá",116797,23884.41,31064,"Ubá",3,"Sudeste",1,"316990",4,113,39,74,43,70,1,0,0,0,0,114,39,74,43,70,46,10.0809812238233,11.6681926641149,0.471596402463597,30
"12622","MG","Ubá",116797,23884.41,31064,"Ubá",3,"Sudeste",1,"316990",5,112,29,83,40,72,1,0,0,0,0,113,29,83,40,72,57,10.0809812238233,11.6681926641149,0.422800259661824,31
"12623","MG","Ubá",116797,23884.41,31064,"Ubá",3,"Sudeste",1,"316990",6,122,39,83,31,91,1,0,0,0,0,123,39,83,31,91,68,10.0809812238233,11.6681926641149,0.381894453943692,30
"12624","MG","Ubá",116797,23884.41,31064,"Ubá",3,"Sudeste",1,"316990",7,104,25,79,28,76,1,0,0,0,0,105,25,79,28,76,65,10.0809812238233,11.6681926641149,0.391430365048222,29
"12625","MG","Ubaí",12599,7889.85,31007,"Montes Claros",3,"Sudeste",0,"317000",2,17,9,8,3,14,0,0,0,0,0,17,9,8,3,14,2,8.97333240225236,9.44137272471063,0.275731469042967,29
"12626","MG","Ubaí",12599,7889.85,31007,"Montes Claros",3,"Sudeste",0,"317000",3,26,7,19,12,14,0,0,0,0,0,26,7,19,12,14,3,8.97333240225236,9.44137272471063,0.304883607815745,31
"12627","MG","Ubaí",12599,7889.85,31007,"Montes Claros",3,"Sudeste",0,"317000",4,11,1,10,6,5,0,0,0,0,0,11,1,10,6,5,6,8.97333240225236,9.44137272471063,0.332090829227664,30
"12628","MG","Ubaí",12599,7889.85,31007,"Montes Claros",3,"Sudeste",0,"317000",5,16,4,12,9,7,1,0,0,0,0,17,4,12,9,7,6,8.97333240225236,9.44137272471063,0.367266901520242,31
"12629","MG","Ubaí",12599,7889.85,31007,"Montes Claros",3,"Sudeste",0,"317000",6,14,4,10,8,6,0,0,0,0,0,14,4,10,8,6,5,8.97333240225236,9.44137272471063,0.339397185535723,30
"12630","MG","Ubaí",12599,7889.85,31007,"Montes Claros",3,"Sudeste",0,"317000",7,15,1,14,8,7,0,0,0,0,0,15,1,14,8,7,11,8.97333240225236,9.44137272471063,0.355275836394007,29
"12631","MG","Ubaporanga",12493,9860.17,31040,"Caratinga",3,"Sudeste",0,"317005",2,16,8,8,11,5,0,0,0,0,0,16,8,8,11,5,8,9.19625868882736,9.43292376643183,0.392728241158306,29
"12632","MG","Ubaporanga",12493,9860.17,31040,"Caratinga",3,"Sudeste",0,"317005",3,25,8,17,6,19,0,0,0,0,0,25,8,17,6,19,8,9.19625868882736,9.43292376643183,0.483742420201878,31
"12633","MG","Ubaporanga",12493,9860.17,31040,"Caratinga",3,"Sudeste",0,"317005",4,11,3,8,4,7,0,0,0,0,0,11,3,8,4,7,3,9.19625868882736,9.43292376643183,0.490536847166826,30
"12634","MG","Ubaporanga",12493,9860.17,31040,"Caratinga",3,"Sudeste",0,"317005",5,14,5,9,6,8,0,0,0,0,0,14,5,9,6,8,6,9.19625868882736,9.43292376643183,0.449234222417576,31
"12635","MG","Ubaporanga",12493,9860.17,31040,"Caratinga",3,"Sudeste",0,"317005",6,16,2,14,4,12,0,0,0,0,0,16,2,14,4,12,7,9.19625868882736,9.43292376643183,0.440182133887541,30
"12636","MG","Ubaporanga",12493,9860.17,31040,"Caratinga",3,"Sudeste",0,"317005",7,9,2,7,2,7,0,0,0,0,0,9,2,7,2,7,6,9.19625868882736,9.43292376643183,0.459490087909147,29
"12637","MG","Uberaba",337092,44522.83,31022,"Uberaba",3,"Sudeste",1,"317010",2,566,119,447,189,377,2,0,0,0,0,568,119,447,189,377,178,10.7037573703054,12.7281111691102,0.303888214565446,29
"12638","MG","Uberaba",337092,44522.83,31022,"Uberaba",3,"Sudeste",1,"317010",3,590,95,495,200,390,1,0,0,0,0,591,95,495,200,390,182,10.7037573703054,12.7281111691102,0.394076937556525,31
"12639","MG","Uberaba",337092,44522.83,31022,"Uberaba",3,"Sudeste",1,"317010",4,331,66,265,105,226,4,0,0,0,0,335,66,265,105,226,180,10.7037573703054,12.7281111691102,0.444801517457035,30
"12640","MG","Uberaba",337092,44522.83,31022,"Uberaba",3,"Sudeste",1,"317010",5,379,66,313,117,262,7,0,0,0,0,386,66,313,117,262,199,10.7037573703054,12.7281111691102,0.409007936892943,31
"12641","MG","Uberaba",337092,44522.83,31022,"Uberaba",3,"Sudeste",1,"317010",6,356,79,277,133,223,2,0,0,0,0,358,79,277,133,223,232,10.7037573703054,12.7281111691102,0.381543295740553,30
"12642","MG","Uberaba",337092,44522.83,31022,"Uberaba",3,"Sudeste",1,"317010",7,333,77,256,123,210,1,0,0,0,0,334,77,256,123,210,218,10.7037573703054,12.7281111691102,0.378699373379921,29
"12643","MG","Uberlândia",699097,54801.25,31018,"Uberlândia",3,"Sudeste",1,"317020",2,1263,155,1108,404,859,4,0,0,0,0,1267,155,1108,404,859,324,10.9114682828949,13.4575447812593,0.29027344445019,29
"12644","MG","Uberlândia",699097,54801.25,31018,"Uberlândia",3,"Sudeste",1,"317020",3,1317,161,1156,393,924,3,0,0,0,0,1320,161,1156,393,924,343,10.9114682828949,13.4575447812593,0.389025372805157,31
"12645","MG","Uberlândia",699097,54801.25,31018,"Uberlândia",3,"Sudeste",1,"317020",4,780,89,691,253,527,4,0,0,0,0,784,89,691,253,527,285,10.9114682828949,13.4575447812593,0.441818316409381,30
"12646","MG","Uberlândia",699097,54801.25,31018,"Uberlândia",3,"Sudeste",1,"317020",5,836,103,733,267,569,4,0,0,0,0,840,103,733,267,569,333,10.9114682828949,13.4575447812593,0.395485822951862,31
"12647","MG","Uberlândia",699097,54801.25,31018,"Uberlândia",3,"Sudeste",1,"317020",6,783,106,677,244,539,10,0,0,0,0,793,106,677,244,539,399,10.9114682828949,13.4575447812593,0.3892276237033,30
"12648","MG","Uberlândia",699097,54801.25,31018,"Uberlândia",3,"Sudeste",1,"317020",7,757,109,648,247,510,1,0,0,0,0,758,109,648,247,510,458,10.9114682828949,13.4575447812593,0.384928240993002,29
"12649","MG","Unaí",84930,38850.78,31001,"Unaí",3,"Sudeste",1,"317040",2,156,28,128,51,105,1,0,0,0,0,157,28,128,51,105,37,10.5674834328143,11.3495826667741,0.287141768811402,29
"12650","MG","Unaí",84930,38850.78,31001,"Unaí",3,"Sudeste",1,"317040",3,182,30,152,64,118,1,0,0,0,0,183,30,152,64,118,43,10.5674834328143,11.3495826667741,0.369022651448369,31
"12651","MG","Unaí",84930,38850.78,31001,"Unaí",3,"Sudeste",1,"317040",4,110,25,85,35,75,0,0,0,0,0,110,25,85,35,75,49,10.5674834328143,11.3495826667741,0.395960436052639,30
"12652","MG","Unaí",84930,38850.78,31001,"Unaí",3,"Sudeste",1,"317040",5,98,18,80,31,67,0,0,0,0,0,98,18,80,31,67,30,10.5674834328143,11.3495826667741,0.36796043596961,31
"12653","MG","Unaí",84930,38850.78,31001,"Unaí",3,"Sudeste",1,"317040",6,118,19,99,44,74,1,0,0,0,0,119,19,99,44,74,34,10.5674834328143,11.3495826667741,0.356693055869304,30
"12654","MG","Unaí",84930,38850.78,31001,"Unaí",3,"Sudeste",1,"317040",7,101,19,82,36,65,1,0,0,0,0,102,19,82,36,65,48,10.5674834328143,11.3495826667741,0.357404908101815,29
"12655","MG","Urucânia",10345,16470.83,31060,"Ponte Nova",3,"Sudeste",0,"317050",2,15,7,8,6,9,0,0,0,0,0,15,7,8,6,9,7,9.70934621655887,9.24425859017964,0.313468473608364,29
"12656","MG","Urucânia",10345,16470.83,31060,"Ponte Nova",3,"Sudeste",0,"317050",3,21,8,13,10,11,0,0,0,0,0,21,8,13,10,11,9,9.70934621655887,9.24425859017964,0.38600662672882,31
"12657","MG","Urucânia",10345,16470.83,31060,"Ponte Nova",3,"Sudeste",0,"317050",4,17,8,9,6,11,0,0,0,0,0,17,8,9,6,11,5,9.70934621655887,9.24425859017964,0.394864175445109,30
"12658","MG","Urucânia",10345,16470.83,31060,"Ponte Nova",3,"Sudeste",0,"317050",5,7,2,5,2,5,0,0,0,0,0,7,2,5,2,5,7,9.70934621655887,9.24425859017964,0.421659935424799,31
"12659","MG","Urucânia",10345,16470.83,31060,"Ponte Nova",3,"Sudeste",0,"317050",6,11,3,8,2,9,1,0,0,0,0,12,3,8,2,9,2,9.70934621655887,9.24425859017964,0.451779462428676,30
"12660","MG","Urucânia",10345,16470.83,31060,"Ponte Nova",3,"Sudeste",0,"317050",7,14,4,10,2,12,0,0,0,0,0,14,4,10,2,12,6,9.70934621655887,9.24425859017964,0.423101632228641,29
"12661","MG","Urucuia",17173,7926.62,31003,"Januária",3,"Sudeste",0,"317052",2,13,4,9,6,7,0,0,0,0,0,13,4,9,6,7,1,8.97798199425908,9.75109366198386,0.306373650023218,29
"12662","MG","Urucuia",17173,7926.62,31003,"Januária",3,"Sudeste",0,"317052",3,14,6,8,6,8,0,0,0,0,0,14,6,8,6,8,1,8.97798199425908,9.75109366198386,0.349841067434455,31
"12663","MG","Urucuia",17173,7926.62,31003,"Januária",3,"Sudeste",0,"317052",4,12,5,7,4,8,0,0,0,0,0,12,5,7,4,8,4,8.97798199425908,9.75109366198386,0.398496254756232,30
"12664","MG","Urucuia",17173,7926.62,31003,"Januária",3,"Sudeste",0,"317052",5,10,5,5,4,6,0,0,0,0,0,10,5,5,4,6,7,8.97798199425908,9.75109366198386,0.392707756636226,31
"12665","MG","Urucuia",17173,7926.62,31003,"Januária",3,"Sudeste",0,"317052",6,14,7,7,6,8,0,0,0,0,0,14,7,7,6,8,2,8.97798199425908,9.75109366198386,0.380180631779823,30
"12666","MG","Urucuia",17173,7926.62,31003,"Januária",3,"Sudeste",0,"317052",7,11,4,7,2,9,0,0,0,0,0,11,4,7,2,9,2,8.97798199425908,9.75109366198386,0.391006283295413,29
"12667","MG","Varginha",136602,40994.76,31050,"Varginha",3,"Sudeste",1,"317070",2,252,40,212,74,178,0,0,0,0,0,252,40,212,74,178,65,10.6211995326407,11.8248268673001,0.301405842490639,29
"12668","MG","Varginha",136602,40994.76,31050,"Varginha",3,"Sudeste",1,"317070",3,256,37,219,86,170,2,0,0,0,0,258,37,219,86,170,76,10.6211995326407,11.8248268673001,0.391648445570203,31
"12669","MG","Varginha",136602,40994.76,31050,"Varginha",3,"Sudeste",1,"317070",4,154,34,120,52,102,0,0,0,0,0,154,34,120,52,102,50,10.6211995326407,11.8248268673001,0.445379714197129,30
"12670","MG","Varginha",136602,40994.76,31050,"Varginha",3,"Sudeste",1,"317070",5,152,25,127,39,113,0,0,0,0,0,152,25,127,39,113,70,10.6211995326407,11.8248268673001,0.387676583918838,31
"12671","MG","Varginha",136602,40994.76,31050,"Varginha",3,"Sudeste",1,"317070",6,156,32,124,43,113,1,0,0,0,0,157,32,124,43,113,83,10.6211995326407,11.8248268673001,0.36451404730003,30
"12672","MG","Varginha",136602,40994.76,31050,"Varginha",3,"Sudeste",1,"317070",7,158,31,127,50,108,1,0,0,0,0,159,31,127,50,108,72,10.6211995326407,11.8248268673001,0.358660466381686,29
"12673","MG","Varjão de Minas",7138,21166.17,31002,"Paracatu",3,"Sudeste",0,"317075",2,16,4,12,8,8,0,0,0,0,0,16,4,12,8,8,4,9.96015943137045,8.87318790405011,0.311352515084984,29
"12674","MG","Varjão de Minas",7138,21166.17,31002,"Paracatu",3,"Sudeste",0,"317075",3,11,3,8,1,10,0,0,0,0,0,11,3,8,1,10,4,9.96015943137045,8.87318790405011,0.375900172637942,31
"12675","MG","Varjão de Minas",7138,21166.17,31002,"Paracatu",3,"Sudeste",0,"317075",4,9,2,7,5,4,0,0,0,0,0,9,2,7,5,4,1,9.96015943137045,8.87318790405011,0.408954981039517,30
"12676","MG","Varjão de Minas",7138,21166.17,31002,"Paracatu",3,"Sudeste",0,"317075",5,13,5,8,3,10,0,0,0,0,0,13,5,8,3,10,3,9.96015943137045,8.87318790405011,0.381622111100145,31
"12677","MG","Varjão de Minas",7138,21166.17,31002,"Paracatu",3,"Sudeste",0,"317075",6,9,4,5,2,7,0,0,0,0,0,9,4,5,2,7,1,9.96015943137045,8.87318790405011,0.391236126846049,30
"12678","MG","Varjão de Minas",7138,21166.17,31002,"Paracatu",3,"Sudeste",0,"317075",7,11,1,10,6,5,0,0,0,0,0,11,1,10,6,5,0,9.96015943137045,8.87318790405011,0.424824663329615,29
"12679","MG","Várzea da Palma",39803,18288.2,31006,"Pirapora",3,"Sudeste",1,"317080",2,61,17,44,23,38,0,0,0,0,0,61,17,44,23,38,13,9.81401132210778,10.5916975653163,0.310210471219627,29
"12680","MG","Várzea da Palma",39803,18288.2,31006,"Pirapora",3,"Sudeste",1,"317080",3,68,17,51,27,41,0,0,0,0,0,68,17,51,27,41,10,9.81401132210778,10.5916975653163,0.383759160270818,31
"12681","MG","Várzea da Palma",39803,18288.2,31006,"Pirapora",3,"Sudeste",1,"317080",4,36,9,27,18,18,1,0,0,0,0,37,9,27,18,18,17,9.81401132210778,10.5916975653163,0.405945479104516,30
"12682","MG","Várzea da Palma",39803,18288.2,31006,"Pirapora",3,"Sudeste",1,"317080",5,38,8,30,18,20,0,0,0,0,0,38,8,30,18,20,19,9.81401132210778,10.5916975653163,0.375951291576053,31
"12683","MG","Várzea da Palma",39803,18288.2,31006,"Pirapora",3,"Sudeste",1,"317080",6,52,11,41,21,31,1,0,0,0,0,53,11,41,21,31,20,9.81401132210778,10.5916975653163,0.364659605530251,30
"12684","MG","Várzea da Palma",39803,18288.2,31006,"Pirapora",3,"Sudeste",1,"317080",7,42,14,28,12,30,1,0,0,0,0,43,14,28,12,30,22,9.81401132210778,10.5916975653163,0.386251748372071,29
"12685","MG","Varzelândia",19305,8142.56,31007,"Montes Claros",3,"Sudeste",0,"317090",2,46,17,29,13,33,0,0,0,0,0,46,17,29,13,33,6,9.00485990586748,9.86811940869834,0.273443822967974,29
"12686","MG","Varzelândia",19305,8142.56,31007,"Montes Claros",3,"Sudeste",0,"317090",3,35,11,24,13,22,0,0,0,0,0,35,11,24,13,22,7,9.00485990586748,9.86811940869834,0.340145617328905,31
"12687","MG","Varzelândia",19305,8142.56,31007,"Montes Claros",3,"Sudeste",0,"317090",4,26,8,18,12,14,0,0,0,0,0,26,8,18,12,14,10,9.00485990586748,9.86811940869834,0.367255541650371,30
"12688","MG","Varzelândia",19305,8142.56,31007,"Montes Claros",3,"Sudeste",0,"317090",5,22,4,18,10,12,1,0,0,0,0,23,4,18,10,12,11,9.00485990586748,9.86811940869834,0.343426716041922,31
"12689","MG","Varzelândia",19305,8142.56,31007,"Montes Claros",3,"Sudeste",0,"317090",6,18,5,13,3,15,1,0,0,0,0,19,5,13,3,15,11,9.00485990586748,9.86811940869834,0.340302382257891,30
"12690","MG","Varzelândia",19305,8142.56,31007,"Montes Claros",3,"Sudeste",0,"317090",7,22,7,15,13,9,0,0,0,0,0,22,7,15,13,9,18,9.00485990586748,9.86811940869834,0.349079253478581,29
"12691","MG","Vazante",20642,34956.17,31002,"Paracatu",3,"Sudeste",1,"317100",2,25,4,21,7,18,1,0,0,0,0,26,4,21,7,18,12,10.4618502699923,9.93508311412588,0.305690967139512,29
"12692","MG","Vazante",20642,34956.17,31002,"Paracatu",3,"Sudeste",1,"317100",3,34,6,28,17,17,0,0,0,0,0,34,6,28,17,17,7,10.4618502699923,9.93508311412588,0.399849137487734,31
"12693","MG","Vazante",20642,34956.17,31002,"Paracatu",3,"Sudeste",1,"317100",4,11,0,11,5,6,0,0,0,0,0,11,0,11,5,6,11,10.4618502699923,9.93508311412588,0.433210226564884,30
"12694","MG","Vazante",20642,34956.17,31002,"Paracatu",3,"Sudeste",1,"317100",5,24,4,20,5,19,1,0,0,0,0,25,4,20,5,19,13,10.4618502699923,9.93508311412588,0.412904364510191,31
"12695","MG","Vazante",20642,34956.17,31002,"Paracatu",3,"Sudeste",1,"317100",6,29,6,23,10,19,0,0,0,0,0,29,6,23,10,19,17,10.4618502699923,9.93508311412588,0.398560730991477,30
"12696","MG","Vazante",20642,34956.17,31002,"Paracatu",3,"Sudeste",1,"317100",7,24,3,21,6,18,0,0,0,0,0,24,3,21,6,18,9,10.4618502699923,9.93508311412588,0.391593820070499,29
"12697","MG","Vespasiano",129765,19415.59,31030,"Belo Horizonte",3,"Sudeste",1,"317120",2,215,38,177,70,145,3,0,0,0,0,218,38,177,70,145,40,9.87383163057862,11.7734804012826,0.289902744629112,29
"12698","MG","Vespasiano",129765,19415.59,31030,"Belo Horizonte",3,"Sudeste",1,"317120",3,209,52,157,88,121,0,0,0,0,0,209,52,157,88,121,55,9.87383163057862,11.7734804012826,0.383964994525225,31
"12699","MG","Vespasiano",129765,19415.59,31030,"Belo Horizonte",3,"Sudeste",1,"317120",4,151,28,123,54,97,2,0,0,0,0,153,28,123,54,97,48,9.87383163057862,11.7734804012826,0.433224143572469,30
"12700","MG","Vespasiano",129765,19415.59,31030,"Belo Horizonte",3,"Sudeste",1,"317120",5,151,28,123,50,101,3,0,0,0,0,154,28,123,50,101,44,9.87383163057862,11.7734804012826,0.393431082674489,31
"12701","MG","Vespasiano",129765,19415.59,31030,"Belo Horizonte",3,"Sudeste",1,"317120",6,134,29,105,42,92,1,0,0,0,0,135,29,105,42,92,67,9.87383163057862,11.7734804012826,0.368418047107443,30
"12702","MG","Vespasiano",129765,19415.59,31030,"Belo Horizonte",3,"Sudeste",1,"317120",7,167,24,143,66,101,4,0,0,0,0,171,24,143,66,101,60,9.87383163057862,11.7734804012826,0.377307850370133,29
"12703","MG","Viçosa",79388,20832.2,31062,"Viçosa",3,"Sudeste",1,"317130",2,153,29,124,38,115,0,0,0,0,0,153,29,124,38,115,28,9.94425514557665,11.2821025023121,0.313038161447552,29
"12704","MG","Viçosa",79388,20832.2,31062,"Viçosa",3,"Sudeste",1,"317130",3,79,11,68,20,59,0,0,0,0,0,79,11,68,20,59,39,9.94425514557665,11.2821025023121,0.446273517280114,31
"12705","MG","Viçosa",79388,20832.2,31062,"Viçosa",3,"Sudeste",1,"317130",4,66,8,58,18,48,0,0,0,0,0,66,8,58,18,48,48,9.94425514557665,11.2821025023121,0.53934331252323,30
"12706","MG","Viçosa",79388,20832.2,31062,"Viçosa",3,"Sudeste",1,"317130",5,72,8,64,18,54,0,0,0,0,0,72,8,64,18,54,34,9.94425514557665,11.2821025023121,0.482658412829937,31
"12707","MG","Viçosa",79388,20832.2,31062,"Viçosa",3,"Sudeste",1,"317130",6,85,9,76,14,71,3,0,0,0,0,88,9,76,14,71,34,9.94425514557665,11.2821025023121,0.441639168234807,30
"12708","MG","Viçosa",79388,20832.2,31062,"Viçosa",3,"Sudeste",1,"317130",7,84,14,70,20,64,1,0,0,0,0,85,14,70,20,64,30,9.94425514557665,11.2821025023121,0.439290686994232,29
"12709","MG","Virgem da Lapa",13740,8435.13,31012,"Araçuaí",3,"Sudeste",0,"317160",2,26,6,20,13,13,2,0,0,0,0,28,6,20,13,13,5,9.04016040683522,9.52806656577634,0.284502320381293,29
"12710","MG","Virgem da Lapa",13740,8435.13,31012,"Araçuaí",3,"Sudeste",0,"317160",3,14,3,11,5,9,1,0,0,0,0,15,3,11,5,9,11,9.04016040683522,9.52806656577634,0.389805131673394,31
"12711","MG","Virgem da Lapa",13740,8435.13,31012,"Araçuaí",3,"Sudeste",0,"317160",4,9,5,4,6,3,0,0,0,0,0,9,5,4,6,3,7,9.04016040683522,9.52806656577634,0.410933920359618,30
"12712","MG","Virgem da Lapa",13740,8435.13,31012,"Araçuaí",3,"Sudeste",0,"317160",5,14,4,10,4,10,0,0,0,0,0,14,4,10,4,10,4,9.04016040683522,9.52806656577634,0.413635452130949,31
"12713","MG","Virgem da Lapa",13740,8435.13,31012,"Araçuaí",3,"Sudeste",0,"317160",6,8,0,8,3,5,0,0,0,0,0,8,0,8,3,5,2,9.04016040683522,9.52806656577634,0.398980897868434,30
"12714","MG","Virgem da Lapa",13740,8435.13,31012,"Araçuaí",3,"Sudeste",0,"317160",7,8,3,5,4,4,0,0,0,0,0,8,3,5,4,4,6,9.04016040683522,9.52806656577634,0.429740609638697,29
"12715","MG","Virgínia",8663,13312.72,31056,"Itajubá",3,"Sudeste",0,"317170",2,16,2,14,9,7,0,0,0,0,0,16,2,14,9,7,8,9.49647524813683,9.06681636189014,0.331593923627322,29
"12716","MG","Virgínia",8663,13312.72,31056,"Itajubá",3,"Sudeste",0,"317170",3,15,0,15,7,8,0,0,0,0,0,15,0,15,7,8,4,9.49647524813683,9.06681636189014,0.431589020308054,31
"12717","MG","Virgínia",8663,13312.72,31056,"Itajubá",3,"Sudeste",0,"317170",4,12,2,10,4,8,0,0,0,0,0,12,2,10,4,8,0,9.49647524813683,9.06681636189014,0.493750694938982,30
"12718","MG","Virgínia",8663,13312.72,31056,"Itajubá",3,"Sudeste",0,"317170",5,5,2,3,3,2,0,0,0,0,0,5,2,3,3,2,9,9.49647524813683,9.06681636189014,0.467163624603811,31
"12719","MG","Virgínia",8663,13312.72,31056,"Itajubá",3,"Sudeste",0,"317170",6,3,0,3,0,3,0,0,0,0,0,3,0,3,0,3,13,9.49647524813683,9.06681636189014,0.4526123492402,30
"12720","MG","Virgínia",8663,13312.72,31056,"Itajubá",3,"Sudeste",0,"317170",7,10,2,8,4,6,0,0,0,0,0,10,2,8,4,6,8,9.49647524813683,9.06681636189014,0.445246350409459,29
"12721","MG","Virginópolis",10484,14031.09,31035,"Guanhães",3,"Sudeste",0,"317180",2,10,6,4,3,7,0,0,0,0,0,10,6,4,3,7,10,9.54903086074161,9.2576055644433,0.331929029789117,29
"12722","MG","Virginópolis",10484,14031.09,31035,"Guanhães",3,"Sudeste",0,"317180",3,7,2,5,2,5,0,0,0,0,0,7,2,5,2,5,4,9.54903086074161,9.2576055644433,0.408953824651075,31
"12723","MG","Virginópolis",10484,14031.09,31035,"Guanhães",3,"Sudeste",0,"317180",4,11,3,8,4,7,0,0,0,0,0,11,3,8,4,7,2,9.54903086074161,9.2576055644433,0.455902736353522,30
"12724","MG","Virginópolis",10484,14031.09,31035,"Guanhães",3,"Sudeste",0,"317180",5,9,2,7,2,7,0,0,0,0,0,9,2,7,2,7,5,9.54903086074161,9.2576055644433,0.421639950951209,31
"12725","MG","Virginópolis",10484,14031.09,31035,"Guanhães",3,"Sudeste",0,"317180",6,7,4,3,2,5,0,0,0,0,0,7,4,3,2,5,10,9.54903086074161,9.2576055644433,0.418395599058081,30
"12726","MG","Virginópolis",10484,14031.09,31035,"Guanhães",3,"Sudeste",0,"317180",7,8,0,8,4,4,0,0,0,0,0,8,0,8,4,4,11,9.54903086074161,9.2576055644433,0.417541671268308,29
"12727","MG","Visconde do Rio Branco",42965,26638.5,31064,"Ubá",3,"Sudeste",1,"317200",2,70,27,43,20,50,0,0,0,0,0,70,27,43,20,50,23,10.1901128167628,10.6681411097473,0.315287980903337,29
"12728","MG","Visconde do Rio Branco",42965,26638.5,31064,"Ubá",3,"Sudeste",1,"317200",3,68,26,42,24,44,0,0,0,0,0,68,26,42,24,44,26,10.1901128167628,10.6681411097473,0.414824198742395,31
"12729","MG","Visconde do Rio Branco",42965,26638.5,31064,"Ubá",3,"Sudeste",1,"317200",4,53,15,38,21,32,1,0,0,0,0,54,15,38,21,32,14,10.1901128167628,10.6681411097473,0.459855524184286,30
"12730","MG","Visconde do Rio Branco",42965,26638.5,31064,"Ubá",3,"Sudeste",1,"317200",5,49,15,34,18,31,0,0,0,0,0,49,15,34,18,31,34,10.1901128167628,10.6681411097473,0.41111534858466,31
"12731","MG","Visconde do Rio Branco",42965,26638.5,31064,"Ubá",3,"Sudeste",1,"317200",6,44,14,30,19,25,1,0,0,0,0,45,14,30,19,25,36,10.1901128167628,10.6681411097473,0.399400284415592,30
"12732","MG","Visconde do Rio Branco",42965,26638.5,31064,"Ubá",3,"Sudeste",1,"317200",7,38,8,30,16,22,1,0,0,0,0,39,8,30,16,22,30,10.1901128167628,10.6681411097473,0.395237511736221,29
"12733","ES","Afonso Cláudio",30455,15115.94,32007,"Afonso Cláudio",3,"Sudeste",0,"320010",2,61,18,43,22,39,0,0,0,0,0,61,18,43,22,39,11,9.62350509515745,10.3240054632706,0.313867370588825,29
"12734","ES","Afonso Cláudio",30455,15115.94,32007,"Afonso Cláudio",3,"Sudeste",0,"320010",3,50,21,29,24,26,1,0,0,0,0,51,21,29,24,26,18,9.62350509515745,10.3240054632706,0.390353489338522,31
"12735","ES","Afonso Cláudio",30455,15115.94,32007,"Afonso Cláudio",3,"Sudeste",0,"320010",4,36,11,25,19,17,0,0,0,0,0,36,11,25,19,17,22,9.62350509515745,10.3240054632706,0.441635351875493,30
"12736","ES","Afonso Cláudio",30455,15115.94,32007,"Afonso Cláudio",3,"Sudeste",0,"320010",5,25,12,13,10,15,1,0,0,0,0,26,12,13,10,15,18,9.62350509515745,10.3240054632706,0.427597901730409,31
"12737","ES","Afonso Cláudio",30455,15115.94,32007,"Afonso Cláudio",3,"Sudeste",0,"320010",6,34,10,24,16,18,0,0,0,0,0,34,10,24,16,18,21,9.62350509515745,10.3240054632706,0.393756840093775,30
"12738","ES","Afonso Cláudio",30455,15115.94,32007,"Afonso Cláudio",3,"Sudeste",0,"320010",7,42,16,26,17,25,1,0,0,0,0,43,16,26,17,25,25,9.62350509515745,10.3240054632706,0.405497078078463,29
"12739","ES","Água Doce do Norte",10909,12516.19,32001,"Barra de São Francisco",3,"Sudeste",0,"320016",2,32,8,24,15,17,0,0,0,0,0,32,8,24,15,17,5,9.43477828524242,9.29734341559776,0.338230060598948,29
"12740","ES","Água Doce do Norte",10909,12516.19,32001,"Barra de São Francisco",3,"Sudeste",0,"320016",3,20,7,13,7,13,1,0,0,0,0,21,7,13,7,13,12,9.43477828524242,9.29734341559776,0.401698580422487,31
"12741","ES","Água Doce do Norte",10909,12516.19,32001,"Barra de São Francisco",3,"Sudeste",0,"320016",4,14,4,10,6,8,0,0,0,0,0,14,4,10,6,8,4,9.43477828524242,9.29734341559776,0.46666750365755,30
"12742","ES","Água Doce do Norte",10909,12516.19,32001,"Barra de São Francisco",3,"Sudeste",0,"320016",5,11,3,8,2,9,0,0,0,0,0,11,3,8,2,9,12,9.43477828524242,9.29734341559776,0.495564147451543,31
"12743","ES","Água Doce do Norte",10909,12516.19,32001,"Barra de São Francisco",3,"Sudeste",0,"320016",6,8,2,6,4,4,0,0,0,0,0,8,2,6,4,4,6,9.43477828524242,9.29734341559776,0.468737326656845,30
"12744","ES","Água Doce do Norte",10909,12516.19,32001,"Barra de São Francisco",3,"Sudeste",0,"320016",7,11,4,7,3,8,0,0,0,0,0,11,4,7,3,8,14,9.43477828524242,9.29734341559776,0.495873087735081,29
"12745","ES","Alegre",29975,16201.29,32011,"Alegre",3,"Sudeste",0,"320020",2,36,10,26,9,27,0,0,0,0,0,36,10,26,9,27,20,9.69284614767983,10.3081189798957,0.304541460681388,29
"12746","ES","Alegre",29975,16201.29,32011,"Alegre",3,"Sudeste",0,"320020",3,45,11,34,18,27,0,0,0,0,0,45,11,34,18,27,18,9.69284614767983,10.3081189798957,0.413503401662895,31
"12747","ES","Alegre",29975,16201.29,32011,"Alegre",3,"Sudeste",0,"320020",4,32,2,30,11,21,0,0,0,0,0,32,2,30,11,21,16,9.69284614767983,10.3081189798957,0.461565091098452,30
"12748","ES","Alegre",29975,16201.29,32011,"Alegre",3,"Sudeste",0,"320020",5,35,8,27,11,24,0,0,0,0,0,35,8,27,11,24,24,9.69284614767983,10.3081189798957,0.421855761335575,31
"12749","ES","Alegre",29975,16201.29,32011,"Alegre",3,"Sudeste",0,"320020",6,20,5,15,7,13,0,0,0,0,0,20,5,15,7,13,22,9.69284614767983,10.3081189798957,0.414957329919138,30
"12750","ES","Alegre",29975,16201.29,32011,"Alegre",3,"Sudeste",0,"320020",7,24,5,19,13,11,1,0,0,0,0,25,5,19,13,11,36,9.69284614767983,10.3081189798957,0.422399557092605,29
"12751","ES","Alfredo Chaves",14636,22464.53,32010,"Guarapari",3,"Sudeste",0,"320030",2,21,6,15,5,16,1,0,0,0,0,22,6,15,5,16,4,10.0196928998521,9.5912395261391,0.304812371127357,29
"12752","ES","Alfredo Chaves",14636,22464.53,32010,"Guarapari",3,"Sudeste",0,"320030",3,12,1,11,2,10,0,0,0,0,0,12,1,11,2,10,7,10.0196928998521,9.5912395261391,0.389701240715273,31
"12753","ES","Alfredo Chaves",14636,22464.53,32010,"Guarapari",3,"Sudeste",0,"320030",4,7,0,7,6,1,1,0,0,0,0,8,0,7,6,1,7,10.0196928998521,9.5912395261391,0.450788317029282,30
"12754","ES","Alfredo Chaves",14636,22464.53,32010,"Guarapari",3,"Sudeste",0,"320030",5,8,3,5,5,3,1,0,0,0,0,9,3,5,5,3,7,10.0196928998521,9.5912395261391,0.458593552020694,31
"12755","ES","Alfredo Chaves",14636,22464.53,32010,"Guarapari",3,"Sudeste",0,"320030",6,12,4,8,2,10,0,0,0,0,0,12,4,8,2,10,10,10.0196928998521,9.5912395261391,0.4358308886326,30
"12756","ES","Alfredo Chaves",14636,22464.53,32010,"Guarapari",3,"Sudeste",0,"320030",7,13,4,9,5,8,2,0,0,0,0,15,4,9,5,8,8,10.0196928998521,9.5912395261391,0.444819907826405,29
"12757","ES","Alto Rio Novo",7874,11172.03,32003,"Colatina",3,"Sudeste",0,"320035",2,16,6,10,6,10,0,0,0,0,0,16,6,10,6,10,1,9.3211686123461,8.97132147150368,0.288486170968654,29
"12758","ES","Alto Rio Novo",7874,11172.03,32003,"Colatina",3,"Sudeste",0,"320035",3,6,1,5,1,5,0,0,0,0,0,6,1,5,1,5,3,9.3211686123461,8.97132147150368,0.370378905818608,31
"12759","ES","Alto Rio Novo",7874,11172.03,32003,"Colatina",3,"Sudeste",0,"320035",4,6,1,5,3,3,0,0,0,0,0,6,1,5,3,3,2,9.3211686123461,8.97132147150368,0.41036780550229,30
"12760","ES","Alto Rio Novo",7874,11172.03,32003,"Colatina",3,"Sudeste",0,"320035",5,10,3,7,5,5,0,0,0,0,0,10,3,7,5,5,2,9.3211686123461,8.97132147150368,0.382537500102302,31
"12761","ES","Alto Rio Novo",7874,11172.03,32003,"Colatina",3,"Sudeste",0,"320035",6,7,2,5,4,3,0,0,0,0,0,7,2,5,4,3,5,9.3211686123461,8.97132147150368,0.369823797165727,30
"12762","ES","Alto Rio Novo",7874,11172.03,32003,"Colatina",3,"Sudeste",0,"320035",7,10,2,8,4,6,0,0,0,0,0,10,2,8,4,6,3,9.3211686123461,8.97132147150368,0.388321723234303,29
"12763","ES","Anchieta",29779,32801.07,32010,"Guarapari",3,"Sudeste",0,"320040",2,58,16,42,23,35,0,0,0,0,0,58,16,42,23,35,5,10.3982164157914,10.3015587260906,0.296245519065778,29
"12764","ES","Anchieta",29779,32801.07,32010,"Guarapari",3,"Sudeste",0,"320040",3,34,10,24,14,20,0,0,0,0,0,34,10,24,14,20,19,10.3982164157914,10.3015587260906,0.399206879791331,31
"12765","ES","Anchieta",29779,32801.07,32010,"Guarapari",3,"Sudeste",0,"320040",4,39,10,29,14,25,0,0,0,0,0,39,10,29,14,25,12,10.3982164157914,10.3015587260906,0.451562443182934,30
"12766","ES","Anchieta",29779,32801.07,32010,"Guarapari",3,"Sudeste",0,"320040",5,41,8,33,20,21,0,0,0,0,0,41,8,33,20,21,12,10.3982164157914,10.3015587260906,0.424686899095169,31
"12767","ES","Anchieta",29779,32801.07,32010,"Guarapari",3,"Sudeste",0,"320040",6,31,6,25,7,24,0,0,0,0,0,31,6,25,7,24,20,10.3982164157914,10.3015587260906,0.403566361651213,30
"12768","ES","Anchieta",29779,32801.07,32010,"Guarapari",3,"Sudeste",0,"320040",7,32,8,24,16,16,0,0,0,0,0,32,8,24,16,16,26,10.3982164157914,10.3015587260906,0.406239464449442,29
"12769","ES","Apiacá",7554,13264.07,32012,"Cachoeiro de Itapemirim",3,"Sudeste",0,"320050",2,8,0,8,2,6,0,0,0,0,0,8,0,8,2,6,1,9.49281415480385,8.9298325032724,0.325701711311545,29
"12770","ES","Apiacá",7554,13264.07,32012,"Cachoeiro de Itapemirim",3,"Sudeste",0,"320050",3,9,0,9,3,6,0,0,0,0,0,9,0,9,3,6,7,9.49281415480385,8.9298325032724,0.435950793340469,31
"12771","ES","Apiacá",7554,13264.07,32012,"Cachoeiro de Itapemirim",3,"Sudeste",0,"320050",4,7,2,5,2,5,0,0,0,0,0,7,2,5,2,5,6,9.49281415480385,8.9298325032724,0.456362265385729,30
"12772","ES","Apiacá",7554,13264.07,32012,"Cachoeiro de Itapemirim",3,"Sudeste",0,"320050",5,3,2,1,1,2,0,0,0,0,0,3,2,1,1,2,6,9.49281415480385,8.9298325032724,0.455279353365769,31
"12773","ES","Apiacá",7554,13264.07,32012,"Cachoeiro de Itapemirim",3,"Sudeste",0,"320050",6,8,2,6,2,6,0,0,0,0,0,8,2,6,2,6,4,9.49281415480385,8.9298325032724,0.43005740419746,30
"12774","ES","Apiacá",7554,13264.07,32012,"Cachoeiro de Itapemirim",3,"Sudeste",0,"320050",7,9,2,7,3,6,0,0,0,0,0,9,2,7,3,6,6,9.49281415480385,8.9298325032724,0.469542333318222,29
"12775","ES","Aracruz",103101,53275.98,32006,"Linhares",3,"Sudeste",1,"320060",2,212,49,163,84,128,0,0,0,0,0,212,49,163,84,128,28,10.8832408519173,11.5434643692791,0.297916797313062,29
"12776","ES","Aracruz",103101,53275.98,32006,"Linhares",3,"Sudeste",1,"320060",3,119,25,94,39,80,2,0,0,0,0,121,25,94,39,80,37,10.8832408519173,11.5434643692791,0.39480388441482,31
"12777","ES","Aracruz",103101,53275.98,32006,"Linhares",3,"Sudeste",1,"320060",4,120,25,95,40,80,1,0,0,0,0,121,25,95,40,80,38,10.8832408519173,11.5434643692791,0.451242294551509,30
"12778","ES","Aracruz",103101,53275.98,32006,"Linhares",3,"Sudeste",1,"320060",5,134,23,111,41,93,2,0,0,0,0,136,23,111,41,93,45,10.8832408519173,11.5434643692791,0.410756577994945,31
"12779","ES","Aracruz",103101,53275.98,32006,"Linhares",3,"Sudeste",1,"320060",6,132,24,108,50,82,0,0,0,0,0,132,24,108,50,82,62,10.8832408519173,11.5434643692791,0.40040533512183,30
"12780","ES","Aracruz",103101,53275.98,32006,"Linhares",3,"Sudeste",1,"320060",7,125,17,108,39,86,0,0,0,0,0,125,17,108,39,86,72,10.8832408519173,11.5434643692791,0.40113939976146,29
"12781","ES","Atílio Vivácqua",12105,23595.12,32012,"Cachoeiro de Itapemirim",3,"Sudeste",0,"320070",2,23,4,19,9,14,0,0,0,0,0,23,4,19,9,14,5,10.0687951899708,9.40137386937216,0.311539895057337,29
"12782","ES","Atílio Vivácqua",12105,23595.12,32012,"Cachoeiro de Itapemirim",3,"Sudeste",0,"320070",3,13,5,8,4,9,0,0,0,0,0,13,5,8,4,9,6,10.0687951899708,9.40137386937216,0.384209999724584,31
"12783","ES","Atílio Vivácqua",12105,23595.12,32012,"Cachoeiro de Itapemirim",3,"Sudeste",0,"320070",4,10,2,8,6,4,0,0,0,0,0,10,2,8,6,4,4,10.0687951899708,9.40137386937216,0.416040050163785,30
"12784","ES","Atílio Vivácqua",12105,23595.12,32012,"Cachoeiro de Itapemirim",3,"Sudeste",0,"320070",5,13,2,11,3,10,0,0,0,0,0,13,2,11,3,10,6,10.0687951899708,9.40137386937216,0.399696698119205,31
"12785","ES","Atílio Vivácqua",12105,23595.12,32012,"Cachoeiro de Itapemirim",3,"Sudeste",0,"320070",6,23,3,20,10,13,0,0,0,0,0,23,3,20,10,13,6,10.0687951899708,9.40137386937216,0.388711272224385,30
"12786","ES","Atílio Vivácqua",12105,23595.12,32012,"Cachoeiro de Itapemirim",3,"Sudeste",0,"320070",7,13,2,11,4,9,0,0,0,0,0,13,2,11,4,9,3,10.0687951899708,9.40137386937216,0.372973263910093,29
"12787","ES","Baixo Guandu",31132,23458.52,32003,"Colatina",3,"Sudeste",0,"320080",2,74,21,53,28,46,0,0,0,0,0,74,21,53,28,46,16,10.0629890341134,10.3459915080793,0.330831481247917,29
"12788","ES","Baixo Guandu",31132,23458.52,32003,"Colatina",3,"Sudeste",0,"320080",3,40,10,30,8,32,0,0,0,0,0,40,10,30,8,32,25,10.0629890341134,10.3459915080793,0.397364254460877,31
"12789","ES","Baixo Guandu",31132,23458.52,32003,"Colatina",3,"Sudeste",0,"320080",4,21,9,12,9,12,0,0,0,0,0,21,9,12,9,12,21,10.0629890341134,10.3459915080793,0.425768742702776,30
"12790","ES","Baixo Guandu",31132,23458.52,32003,"Colatina",3,"Sudeste",0,"320080",5,23,5,18,6,17,1,0,0,0,0,24,5,18,6,17,19,10.0629890341134,10.3459915080793,0.438382997999098,31
"12791","ES","Baixo Guandu",31132,23458.52,32003,"Colatina",3,"Sudeste",0,"320080",6,37,8,29,15,22,0,0,0,0,0,37,8,29,15,22,30,10.0629890341134,10.3459915080793,0.414846423107007,30
"12792","ES","Baixo Guandu",31132,23458.52,32003,"Colatina",3,"Sudeste",0,"320080",7,47,19,28,12,35,1,0,0,0,0,48,19,28,12,35,28,10.0629890341134,10.3459915080793,0.40200892330263,29
"12793","ES","Barra de São Francisco",44979,19565.97,32001,"Barra de São Francisco",3,"Sudeste",0,"320090",2,72,17,55,19,53,0,0,0,0,0,72,17,55,19,53,25,9.8815471117442,10.713950993163,0.308395600301728,29
"12794","ES","Barra de São Francisco",44979,19565.97,32001,"Barra de São Francisco",3,"Sudeste",0,"320090",3,74,24,50,35,39,0,0,0,0,0,74,24,50,35,39,21,9.8815471117442,10.713950993163,0.375441073997317,31
"12795","ES","Barra de São Francisco",44979,19565.97,32001,"Barra de São Francisco",3,"Sudeste",0,"320090",4,62,12,50,21,41,0,0,0,0,0,62,12,50,21,41,21,9.8815471117442,10.713950993163,0.398084971407107,30
"12796","ES","Barra de São Francisco",44979,19565.97,32001,"Barra de São Francisco",3,"Sudeste",0,"320090",5,64,22,42,30,34,0,0,0,0,0,64,22,42,30,34,28,9.8815471117442,10.713950993163,0.408770051148641,31
"12797","ES","Barra de São Francisco",44979,19565.97,32001,"Barra de São Francisco",3,"Sudeste",0,"320090",6,59,21,38,21,38,1,0,0,0,0,60,21,38,21,38,24,9.8815471117442,10.713950993163,0.385894508649956,30
"12798","ES","Barra de São Francisco",44979,19565.97,32001,"Barra de São Francisco",3,"Sudeste",0,"320090",7,54,17,37,20,34,1,0,0,0,0,55,17,37,20,34,34,9.8815471117442,10.713950993163,0.392707342960741,29
"12799","ES","Boa Esperança",15092,14821.67,32002,"Nova Venécia",3,"Sudeste",0,"320100",2,17,4,13,8,9,0,0,0,0,0,17,4,13,8,9,12,9.60384557806159,9.6219200810842,0.273848933051992,29
"12800","ES","Boa Esperança",15092,14821.67,32002,"Nova Venécia",3,"Sudeste",0,"320100",3,16,5,11,4,12,1,0,0,0,0,17,5,11,4,12,11,9.60384557806159,9.6219200810842,0.338342098350856,31
"12801","ES","Boa Esperança",15092,14821.67,32002,"Nova Venécia",3,"Sudeste",0,"320100",4,15,4,11,7,8,0,0,0,0,0,15,4,11,7,8,3,9.60384557806159,9.6219200810842,0.358549456410005,30
"12802","ES","Boa Esperança",15092,14821.67,32002,"Nova Venécia",3,"Sudeste",0,"320100",5,18,5,13,6,12,0,0,0,0,0,18,5,13,6,12,9,9.60384557806159,9.6219200810842,0.387121060450373,31
"12803","ES","Boa Esperança",15092,14821.67,32002,"Nova Venécia",3,"Sudeste",0,"320100",6,18,5,13,8,10,0,0,0,0,0,18,5,13,8,10,11,9.60384557806159,9.6219200810842,0.39139506336428,30
"12804","ES","Boa Esperança",15092,14821.67,32002,"Nova Venécia",3,"Sudeste",0,"320100",7,11,2,9,4,7,0,0,0,0,0,11,2,9,4,7,12,9.60384557806159,9.6219200810842,0.385456816542741,29
"12805","ES","Bom Jesus do Norte",9962,15306.98,32012,"Cachoeiro de Itapemirim",3,"Sudeste",1,"320110",2,16,2,14,7,9,0,0,0,0,0,16,2,14,7,9,5,9.6360642124991,9.20653313363323,0.341346543764206,29
"12806","ES","Bom Jesus do Norte",9962,15306.98,32012,"Cachoeiro de Itapemirim",3,"Sudeste",1,"320110",3,7,2,5,4,3,0,0,0,0,0,7,2,5,4,3,7,9.6360642124991,9.20653313363323,0.431902753685234,31
"12807","ES","Bom Jesus do Norte",9962,15306.98,32012,"Cachoeiro de Itapemirim",3,"Sudeste",1,"320110",4,9,3,6,3,6,0,0,0,0,0,9,3,6,3,6,5,9.6360642124991,9.20653313363323,0.470807074775485,30
"12808","ES","Bom Jesus do Norte",9962,15306.98,32012,"Cachoeiro de Itapemirim",3,"Sudeste",1,"320110",5,10,2,8,5,5,0,0,0,0,0,10,2,8,5,5,9,9.6360642124991,9.20653313363323,0.449337803409706,31
"12809","ES","Bom Jesus do Norte",9962,15306.98,32012,"Cachoeiro de Itapemirim",3,"Sudeste",1,"320110",6,10,2,8,2,8,0,0,0,0,0,10,2,8,2,8,10,9.6360642124991,9.20653313363323,0.391025574721337,30
"12810","ES","Bom Jesus do Norte",9962,15306.98,32012,"Cachoeiro de Itapemirim",3,"Sudeste",1,"320110",7,8,1,7,2,6,0,0,0,0,0,8,1,7,2,6,10,9.6360642124991,9.20653313363323,0.418144095984981,29
"12811","ES","Brejetuba",12427,19755.05,32007,"Afonso Cláudio",3,"Sudeste",0,"320115",2,29,11,18,14,15,0,0,0,0,0,29,11,18,14,15,5,9.8911644338471,9.42762680380599,0.30895933067779,29
"12812","ES","Brejetuba",12427,19755.05,32007,"Afonso Cláudio",3,"Sudeste",0,"320115",3,33,10,23,13,20,1,0,0,0,0,34,10,23,13,20,7,9.8911644338471,9.42762680380599,0.413768857943515,31
"12813","ES","Brejetuba",12427,19755.05,32007,"Afonso Cláudio",3,"Sudeste",0,"320115",4,18,10,8,5,13,0,0,0,0,0,18,10,8,5,13,7,9.8911644338471,9.42762680380599,0.444439917497532,30
"12814","ES","Brejetuba",12427,19755.05,32007,"Afonso Cláudio",3,"Sudeste",0,"320115",5,22,6,16,7,15,0,0,0,0,0,22,6,16,7,15,3,9.8911644338471,9.42762680380599,0.426939690454363,31
"12815","ES","Brejetuba",12427,19755.05,32007,"Afonso Cláudio",3,"Sudeste",0,"320115",6,24,10,14,8,16,0,0,0,0,0,24,10,14,8,16,3,9.8911644338471,9.42762680380599,0.462409364888499,30
"12816","ES","Brejetuba",12427,19755.05,32007,"Afonso Cláudio",3,"Sudeste",0,"320115",7,14,0,14,5,9,0,0,0,0,0,14,0,14,5,9,8,9.8911644338471,9.42762680380599,0.441775397962014,29
"12817","ES","Cachoeiro de Itapemirim",210589,23955.74,32012,"Cachoeiro de Itapemirim",3,"Sudeste",1,"320120",2,320,76,244,108,212,0,0,0,0,0,320,76,244,108,212,96,10.0839632400945,12.257663645599,0.308102565292155,29
"12818","ES","Cachoeiro de Itapemirim",210589,23955.74,32012,"Cachoeiro de Itapemirim",3,"Sudeste",1,"320120",3,236,57,179,74,162,2,0,0,0,0,238,57,179,74,162,117,10.0839632400945,12.257663645599,0.399998334994765,31
"12819","ES","Cachoeiro de Itapemirim",210589,23955.74,32012,"Cachoeiro de Itapemirim",3,"Sudeste",1,"320120",4,231,39,192,79,152,0,0,0,0,0,231,39,192,79,152,105,10.0839632400945,12.257663645599,0.43616881349333,30
"12820","ES","Cachoeiro de Itapemirim",210589,23955.74,32012,"Cachoeiro de Itapemirim",3,"Sudeste",1,"320120",5,201,52,149,74,127,1,0,0,0,0,202,52,149,74,127,135,10.0839632400945,12.257663645599,0.401839065227253,31
"12821","ES","Cachoeiro de Itapemirim",210589,23955.74,32012,"Cachoeiro de Itapemirim",3,"Sudeste",1,"320120",6,269,60,209,92,177,1,0,0,0,0,270,60,209,92,177,162,10.0839632400945,12.257663645599,0.394230082902645,30
"12822","ES","Cachoeiro de Itapemirim",210589,23955.74,32012,"Cachoeiro de Itapemirim",3,"Sudeste",1,"320120",7,240,48,192,75,165,2,0,0,0,0,242,48,192,75,165,154,10.0839632400945,12.257663645599,0.384690205045486,29
"12823","ES","Cariacica",383917,25849.32,32009,"Vitória",3,"Sudeste",1,"320130",2,784,198,586,278,506,2,0,0,0,0,786,198,586,278,506,205,10.1600395739813,12.8581816623737,0.302930224161744,29
"12824","ES","Cariacica",383917,25849.32,32009,"Vitória",3,"Sudeste",1,"320130",3,563,156,407,221,342,4,0,0,0,0,567,156,407,221,342,255,10.1600395739813,12.8581816623737,0.402127111283115,31
"12825","ES","Cariacica",383917,25849.32,32009,"Vitória",3,"Sudeste",1,"320130",4,437,104,333,151,286,3,0,0,0,0,440,104,333,151,286,243,10.1600395739813,12.8581816623737,0.449384264481152,30
"12826","ES","Cariacica",383917,25849.32,32009,"Vitória",3,"Sudeste",1,"320130",5,464,130,334,187,277,6,0,0,0,0,470,130,334,187,277,318,10.1600395739813,12.8581816623737,0.42176433869806,31
"12827","ES","Cariacica",383917,25849.32,32009,"Vitória",3,"Sudeste",1,"320130",6,477,121,356,180,297,3,0,0,0,0,480,121,356,180,297,343,10.1600395739813,12.8581816623737,0.397617951344263,30
"12828","ES","Cariacica",383917,25849.32,32009,"Vitória",3,"Sudeste",1,"320130",7,446,106,340,169,277,3,0,0,0,0,449,106,340,169,277,309,10.1600395739813,12.8581816623737,0.393899968080431,29
"12829","ES","Castelo",37747,25359.43,32012,"Cachoeiro de Itapemirim",3,"Sudeste",0,"320140",2,54,19,35,12,42,0,0,0,0,0,54,19,35,12,42,21,10.1409059319579,10.5386612813206,0.301626934126646,29
"12830","ES","Castelo",37747,25359.43,32012,"Cachoeiro de Itapemirim",3,"Sudeste",0,"320140",3,48,12,36,15,33,0,0,0,0,0,48,12,36,15,33,18,10.1409059319579,10.5386612813206,0.386625303271478,31
"12831","ES","Castelo",37747,25359.43,32012,"Cachoeiro de Itapemirim",3,"Sudeste",0,"320140",4,35,4,31,10,25,1,0,0,0,0,36,4,31,10,25,16,10.1409059319579,10.5386612813206,0.423968369555021,30
"12832","ES","Castelo",37747,25359.43,32012,"Cachoeiro de Itapemirim",3,"Sudeste",0,"320140",5,33,9,24,12,21,0,0,0,0,0,33,9,24,12,21,21,10.1409059319579,10.5386612813206,0.393456383180271,31
"12833","ES","Castelo",37747,25359.43,32012,"Cachoeiro de Itapemirim",3,"Sudeste",0,"320140",6,33,9,24,4,29,0,0,0,0,0,33,9,24,4,29,22,10.1409059319579,10.5386612813206,0.403340340485551,30
"12834","ES","Castelo",37747,25359.43,32012,"Cachoeiro de Itapemirim",3,"Sudeste",0,"320140",7,30,6,24,9,21,0,0,0,0,0,30,6,24,9,21,35,10.1409059319579,10.5386612813206,0.389129933851662,29
"12835","ES","Colatina",123400,28661.78,32003,"Colatina",3,"Sudeste",1,"320150",2,217,44,173,69,148,1,0,0,0,0,218,44,173,69,148,66,10.2633198069204,11.7231863904534,0.303809732334419,29
"12836","ES","Colatina",123400,28661.78,32003,"Colatina",3,"Sudeste",1,"320150",3,163,36,127,49,114,1,0,0,0,0,164,36,127,49,114,58,10.2633198069204,11.7231863904534,0.400949923403841,31
"12837","ES","Colatina",123400,28661.78,32003,"Colatina",3,"Sudeste",1,"320150",4,120,23,97,44,76,3,0,0,0,0,123,23,97,44,76,58,10.2633198069204,11.7231863904534,0.463005166158852,30
"12838","ES","Colatina",123400,28661.78,32003,"Colatina",3,"Sudeste",1,"320150",5,138,34,104,42,96,1,0,0,0,0,139,34,104,42,96,72,10.2633198069204,11.7231863904534,0.420473075965752,31
"12839","ES","Colatina",123400,28661.78,32003,"Colatina",3,"Sudeste",1,"320150",6,116,31,85,34,82,1,0,0,0,0,117,31,85,34,82,97,10.2633198069204,11.7231863904534,0.407083951944601,30
"12840","ES","Colatina",123400,28661.78,32003,"Colatina",3,"Sudeste",1,"320150",7,138,38,100,44,94,2,0,0,0,0,140,38,100,44,94,120,10.2633198069204,11.7231863904534,0.405412484302256,29
"12841","ES","Conceição da Barra",31273,15291.37,32005,"São Mateus",3,"Sudeste",0,"320160",2,55,15,40,15,40,0,0,0,0,0,55,15,40,15,40,17,9.63504389595561,10.3505103844494,0.289017742685388,29
"12842","ES","Conceição da Barra",31273,15291.37,32005,"São Mateus",3,"Sudeste",0,"320160",3,39,6,33,13,26,0,0,0,0,0,39,6,33,13,26,14,9.63504389595561,10.3505103844494,0.373446528356678,31
"12843","ES","Conceição da Barra",31273,15291.37,32005,"São Mateus",3,"Sudeste",0,"320160",4,37,10,27,17,20,2,0,0,0,0,39,10,27,17,20,12,9.63504389595561,10.3505103844494,0.402239843725544,30
"12844","ES","Conceição da Barra",31273,15291.37,32005,"São Mateus",3,"Sudeste",0,"320160",5,37,8,29,15,22,1,0,0,0,0,38,8,29,15,22,17,9.63504389595561,10.3505103844494,0.381718900160492,31
"12845","ES","Conceição da Barra",31273,15291.37,32005,"São Mateus",3,"Sudeste",0,"320160",6,37,7,30,18,19,0,0,0,0,0,37,7,30,18,19,17,9.63504389595561,10.3505103844494,0.369633122828184,30
"12846","ES","Conceição da Barra",31273,15291.37,32005,"São Mateus",3,"Sudeste",0,"320160",7,33,8,25,11,22,0,0,0,0,0,33,8,25,11,22,22,9.63504389595561,10.3505103844494,0.373428874150855,29
"12847","ES","Conceição do Castelo",12806,17291.89,32007,"Afonso Cláudio",3,"Sudeste",0,"320170",2,34,12,22,15,19,1,0,0,0,0,35,12,22,15,19,12,9.75799288444413,9.45766909007875,0.279183498291586,29
"12848","ES","Conceição do Castelo",12806,17291.89,32007,"Afonso Cláudio",3,"Sudeste",0,"320170",3,24,13,11,11,13,0,0,0,0,0,24,13,11,11,13,8,9.75799288444413,9.45766909007875,0.353526383508966,31
"12849","ES","Conceição do Castelo",12806,17291.89,32007,"Afonso Cláudio",3,"Sudeste",0,"320170",4,14,5,9,2,12,0,0,0,0,0,14,5,9,2,12,7,9.75799288444413,9.45766909007875,0.374595375719163,30
"12850","ES","Conceição do Castelo",12806,17291.89,32007,"Afonso Cláudio",3,"Sudeste",0,"320170",5,10,0,10,1,9,0,0,0,0,0,10,0,10,1,9,9,9.75799288444413,9.45766909007875,0.369666065935397,31
"12851","ES","Conceição do Castelo",12806,17291.89,32007,"Afonso Cláudio",3,"Sudeste",0,"320170",6,23,8,15,6,17,0,0,0,0,0,23,8,15,6,17,13,9.75799288444413,9.45766909007875,0.33518019089931,30
"12852","ES","Conceição do Castelo",12806,17291.89,32007,"Afonso Cláudio",3,"Sudeste",0,"320170",7,15,3,12,1,14,0,0,0,0,0,15,3,12,1,14,12,9.75799288444413,9.45766909007875,0.349423381194478,29
"12853","ES","Domingos Martins",33986,21809.72,32007,"Afonso Cláudio",3,"Sudeste",0,"320190",2,72,20,52,20,52,0,0,0,0,0,72,20,52,20,52,20,9.99011102096563,10.4337039540941,0.287658817547014,29
"12854","ES","Domingos Martins",33986,21809.72,32007,"Afonso Cláudio",3,"Sudeste",0,"320190",3,36,14,22,10,26,0,0,0,0,0,36,14,22,10,26,14,9.99011102096563,10.4337039540941,0.392554954272269,31
"12855","ES","Domingos Martins",33986,21809.72,32007,"Afonso Cláudio",3,"Sudeste",0,"320190",4,36,12,24,8,28,0,0,0,0,0,36,12,24,8,28,14,9.99011102096563,10.4337039540941,0.457031986756163,30
"12856","ES","Domingos Martins",33986,21809.72,32007,"Afonso Cláudio",3,"Sudeste",0,"320190",5,39,19,20,15,24,0,0,0,0,0,39,19,20,15,24,21,9.99011102096563,10.4337039540941,0.44515249224291,31
"12857","ES","Domingos Martins",33986,21809.72,32007,"Afonso Cláudio",3,"Sudeste",0,"320190",6,29,7,22,8,21,0,0,0,0,0,29,7,22,8,21,26,9.99011102096563,10.4337039540941,0.41770936424085,30
"12858","ES","Domingos Martins",33986,21809.72,32007,"Afonso Cláudio",3,"Sudeste",0,"320190",7,43,16,27,15,28,1,0,0,0,0,44,16,27,15,28,18,9.99011102096563,10.4337039540941,0.429595598595633,29
"12859","ES","Dores do Rio Preto",6771,21173.21,32011,"Alegre",3,"Sudeste",0,"320200",2,12,3,9,3,9,0,0,0,0,0,12,3,9,3,9,9,9.96049198229892,8.82040406548565,0.332421376960002,29
"12860","ES","Dores do Rio Preto",6771,21173.21,32011,"Alegre",3,"Sudeste",0,"320200",3,7,4,3,2,5,0,0,0,0,0,7,4,3,2,5,1,9.96049198229892,8.82040406548565,0.386320859666728,31
"12861","ES","Dores do Rio Preto",6771,21173.21,32011,"Alegre",3,"Sudeste",0,"320200",4,9,2,7,5,4,0,0,0,0,0,9,2,7,5,4,2,9.96049198229892,8.82040406548565,0.420319595469416,30
"12862","ES","Dores do Rio Preto",6771,21173.21,32011,"Alegre",3,"Sudeste",0,"320200",5,6,2,4,3,3,0,0,0,0,0,6,2,4,3,3,2,9.96049198229892,8.82040406548565,0.423445333176733,31
"12863","ES","Dores do Rio Preto",6771,21173.21,32011,"Alegre",3,"Sudeste",0,"320200",6,11,5,6,3,8,0,0,0,0,0,11,5,6,3,8,2,9.96049198229892,8.82040406548565,0.43158380502406,30
"12864","ES","Dores do Rio Preto",6771,21173.21,32011,"Alegre",3,"Sudeste",0,"320200",7,6,3,3,4,2,0,0,0,0,0,6,3,3,4,2,4,9.96049198229892,8.82040406548565,0.405642438428427,29
"12865","ES","Ecoporanga",22835,13488.06,32001,"Barra de São Francisco",3,"Sudeste",0,"320210",2,42,11,31,17,25,0,0,0,0,0,42,11,31,17,25,11,9.50956012863032,10.0360497256191,0.293881035085578,29
"12866","ES","Ecoporanga",22835,13488.06,32001,"Barra de São Francisco",3,"Sudeste",0,"320210",3,28,8,20,10,18,0,0,0,0,0,28,8,20,10,18,17,9.50956012863032,10.0360497256191,0.379193645448363,31
"12867","ES","Ecoporanga",22835,13488.06,32001,"Barra de São Francisco",3,"Sudeste",0,"320210",4,19,5,14,6,13,0,0,0,0,0,19,5,14,6,13,18,9.50956012863032,10.0360497256191,0.409586104372037,30
"12868","ES","Ecoporanga",22835,13488.06,32001,"Barra de São Francisco",3,"Sudeste",0,"320210",5,23,11,12,9,14,1,0,0,0,0,24,11,12,9,14,23,9.50956012863032,10.0360497256191,0.437473521901671,31
"12869","ES","Ecoporanga",22835,13488.06,32001,"Barra de São Francisco",3,"Sudeste",0,"320210",6,28,6,22,10,18,0,0,0,0,0,28,6,22,10,18,12,9.50956012863032,10.0360497256191,0.405049597640709,30
"12870","ES","Ecoporanga",22835,13488.06,32001,"Barra de São Francisco",3,"Sudeste",0,"320210",7,17,8,9,10,7,0,0,0,0,0,17,8,9,10,7,14,9.50956012863032,10.0360497256191,0.409059278501837,29
"12871","ES","Fundão",21948,22597.47,32006,"Linhares",3,"Sudeste",1,"320220",2,35,8,27,12,23,0,0,0,0,0,35,8,27,12,23,16,10.0255932320912,9.99643129817887,0.315407869385428,29
"12872","ES","Fundão",21948,22597.47,32006,"Linhares",3,"Sudeste",1,"320220",3,44,14,30,21,23,0,0,0,0,0,44,14,30,21,23,14,10.0255932320912,9.99643129817887,0.406954597759696,31
"12873","ES","Fundão",21948,22597.47,32006,"Linhares",3,"Sudeste",1,"320220",4,18,8,10,4,14,1,0,0,0,0,19,8,10,4,14,10,10.0255932320912,9.99643129817887,0.453495381961444,30
"12874","ES","Fundão",21948,22597.47,32006,"Linhares",3,"Sudeste",1,"320220",5,25,11,14,14,11,1,0,0,0,0,26,11,14,14,11,17,10.0255932320912,9.99643129817887,0.437211881263596,31
"12875","ES","Fundão",21948,22597.47,32006,"Linhares",3,"Sudeste",1,"320220",6,26,9,17,14,12,0,0,0,0,0,26,9,17,14,12,16,10.0255932320912,9.99643129817887,0.39362243758922,30
"12876","ES","Fundão",21948,22597.47,32006,"Linhares",3,"Sudeste",1,"320220",7,30,6,24,17,13,0,0,0,0,0,30,6,24,17,13,15,10.0255932320912,9.99643129817887,0.421137299137324,29
"12877","ES","Governador Lindenberg",12880,16570.49,32003,"Colatina",3,"Sudeste",0,"320225",2,16,5,11,2,14,0,0,0,0,0,16,5,11,2,14,2,9.71537868149817,9.46343099965834,0.296080079469787,29
"12878","ES","Governador Lindenberg",12880,16570.49,32003,"Colatina",3,"Sudeste",0,"320225",3,16,4,12,2,14,0,0,0,0,0,16,4,12,2,14,5,9.71537868149817,9.46343099965834,0.372797439190413,31
"12879","ES","Governador Lindenberg",12880,16570.49,32003,"Colatina",3,"Sudeste",0,"320225",4,16,3,13,5,11,0,0,0,0,0,16,3,13,5,11,6,9.71537868149817,9.46343099965834,0.386506614231806,30
"12880","ES","Governador Lindenberg",12880,16570.49,32003,"Colatina",3,"Sudeste",0,"320225",5,11,0,11,7,4,0,0,0,0,0,11,0,11,7,4,3,9.71537868149817,9.46343099965834,0.427164514697635,31
"12881","ES","Governador Lindenberg",12880,16570.49,32003,"Colatina",3,"Sudeste",0,"320225",6,10,1,9,4,6,0,0,0,0,0,10,1,9,4,6,4,9.71537868149817,9.46343099965834,0.42462220951272,30
"12882","ES","Governador Lindenberg",12880,16570.49,32003,"Colatina",3,"Sudeste",0,"320225",7,7,0,7,5,2,0,0,0,0,0,7,0,7,5,2,4,9.71537868149817,9.46343099965834,0.407157102103116,29
"12883","ES","Guaçuí",31122,17266.14,32011,"Alegre",3,"Sudeste",0,"320230",2,50,17,33,21,29,0,0,0,0,0,50,17,33,21,29,11,9.75650263718377,10.3456702435795,0.312385321743385,29
"12884","ES","Guaçuí",31122,17266.14,32011,"Alegre",3,"Sudeste",0,"320230",3,28,13,15,15,13,0,0,0,0,0,28,13,15,15,13,24,9.75650263718377,10.3456702435795,0.391149066383839,31
"12885","ES","Guaçuí",31122,17266.14,32011,"Alegre",3,"Sudeste",0,"320230",4,39,20,19,12,27,0,0,0,0,0,39,20,19,12,27,23,9.75650263718377,10.3456702435795,0.442569984586322,30
"12886","ES","Guaçuí",31122,17266.14,32011,"Alegre",3,"Sudeste",0,"320230",5,33,14,19,13,20,0,0,0,0,0,33,14,19,13,20,19,9.75650263718377,10.3456702435795,0.412946587164795,31
"12887","ES","Guaçuí",31122,17266.14,32011,"Alegre",3,"Sudeste",0,"320230",6,29,5,24,14,15,0,0,0,0,0,29,5,24,14,15,19,9.75650263718377,10.3456702435795,0.399751614814679,30
"12888","ES","Guaçuí",31122,17266.14,32011,"Alegre",3,"Sudeste",0,"320230",7,36,16,20,11,25,0,0,0,0,0,36,16,20,11,25,20,9.75650263718377,10.3456702435795,0.39249594498871,29
"12889","ES","Guarapari",126701,18759.57,32010,"Guarapari",3,"Sudeste",1,"320240",2,280,98,182,115,165,0,0,0,0,0,280,98,182,115,165,61,9.83945930118878,11.7495852589379,0.292293663030855,29
"12890","ES","Guarapari",126701,18759.57,32010,"Guarapari",3,"Sudeste",1,"320240",3,232,64,168,97,135,0,0,0,0,0,232,64,168,97,135,57,9.83945930118878,11.7495852589379,0.402010877878864,31
"12891","ES","Guarapari",126701,18759.57,32010,"Guarapari",3,"Sudeste",1,"320240",4,160,37,123,61,99,3,0,0,0,0,163,37,123,61,99,62,9.83945930118878,11.7495852589379,0.451579028843603,30
"12892","ES","Guarapari",126701,18759.57,32010,"Guarapari",3,"Sudeste",1,"320240",5,136,47,89,47,89,1,0,0,0,0,137,47,89,47,89,78,9.83945930118878,11.7495852589379,0.416429217779189,31
"12893","ES","Guarapari",126701,18759.57,32010,"Guarapari",3,"Sudeste",1,"320240",6,160,50,110,61,99,0,0,0,0,0,160,50,110,61,99,80,9.83945930118878,11.7495852589379,0.402409542910437,30
"12894","ES","Guarapari",126701,18759.57,32010,"Guarapari",3,"Sudeste",1,"320240",7,156,48,108,48,108,0,0,0,0,0,156,48,108,48,108,88,9.83945930118878,11.7495852589379,0.401025177359754,29
"12895","ES","Ibatiba",26426,13471.54,32011,"Alegre",3,"Sudeste",0,"320245",2,66,27,39,30,36,1,0,0,0,0,67,27,39,30,36,9,9.50833459100605,10.1821036529742,0.30647984105059,29
"12896","ES","Ibatiba",26426,13471.54,32011,"Alegre",3,"Sudeste",0,"320245",3,45,13,32,15,30,0,0,0,0,0,45,13,32,15,30,13,9.50833459100605,10.1821036529742,0.395566750281087,31
"12897","ES","Ibatiba",26426,13471.54,32011,"Alegre",3,"Sudeste",0,"320245",4,37,19,18,15,22,1,0,0,0,0,38,19,18,15,22,17,9.50833459100605,10.1821036529742,0.424964699765649,30
"12898","ES","Ibatiba",26426,13471.54,32011,"Alegre",3,"Sudeste",0,"320245",5,24,10,14,10,14,1,0,0,0,0,25,10,14,10,14,15,9.50833459100605,10.1821036529742,0.420250742440867,31
"12899","ES","Ibatiba",26426,13471.54,32011,"Alegre",3,"Sudeste",0,"320245",6,28,11,17,13,15,1,0,0,0,0,29,11,17,13,15,13,9.50833459100605,10.1821036529742,0.410762910512212,30
"12900","ES","Ibatiba",26426,13471.54,32011,"Alegre",3,"Sudeste",0,"320245",7,36,18,18,15,21,2,0,0,0,0,38,18,18,15,21,19,9.50833459100605,10.1821036529742,0.432489772599587,29
"12901","ES","Ibiraçu",12591,21114.9,32006,"Linhares",3,"Sudeste",0,"320250",2,18,3,15,7,11,0,0,0,0,0,18,3,15,7,11,4,9.95773423138714,9.4407375520017,0.297042108981978,29
"12902","ES","Ibiraçu",12591,21114.9,32006,"Linhares",3,"Sudeste",0,"320250",3,17,3,14,7,10,0,0,0,0,0,17,3,14,7,10,10,9.95773423138714,9.4407375520017,0.388869716093947,31
"12903","ES","Ibiraçu",12591,21114.9,32006,"Linhares",3,"Sudeste",0,"320250",4,18,3,15,6,12,1,0,0,0,0,19,3,15,6,12,1,9.95773423138714,9.4407375520017,0.457556810400405,30
"12904","ES","Ibiraçu",12591,21114.9,32006,"Linhares",3,"Sudeste",0,"320250",5,13,4,9,6,7,1,0,0,0,0,14,4,9,6,7,5,9.95773423138714,9.4407375520017,0.439877789499099,31
"12905","ES","Ibiraçu",12591,21114.9,32006,"Linhares",3,"Sudeste",0,"320250",6,13,3,10,5,8,0,0,0,0,0,13,3,10,5,8,7,9.95773423138714,9.4407375520017,0.413039908112382,30
"12906","ES","Ibiraçu",12591,21114.9,32006,"Linhares",3,"Sudeste",0,"320250",7,15,3,12,4,11,0,0,0,0,0,15,3,12,4,11,5,9.95773423138714,9.4407375520017,0.401363538322734,29
"12907","ES","Ibitirama",8859,13916.44,32011,"Alegre",3,"Sudeste",0,"320255",2,21,11,10,10,11,0,0,0,0,0,21,11,10,10,11,5,9.5408261540531,9.08918917041203,0.28594466527458,29
"12908","ES","Ibitirama",8859,13916.44,32011,"Alegre",3,"Sudeste",0,"320255",3,17,7,10,8,9,0,0,0,0,0,17,7,10,8,9,7,9.5408261540531,9.08918917041203,0.361938016746398,31
"12909","ES","Ibitirama",8859,13916.44,32011,"Alegre",3,"Sudeste",0,"320255",4,7,5,2,5,2,0,0,0,0,0,7,5,2,5,2,2,9.5408261540531,9.08918917041203,0.382054634851033,30
"12910","ES","Ibitirama",8859,13916.44,32011,"Alegre",3,"Sudeste",0,"320255",5,14,6,8,6,8,0,0,0,0,0,14,6,8,6,8,11,9.5408261540531,9.08918917041203,0.390614138806518,31
"12911","ES","Ibitirama",8859,13916.44,32011,"Alegre",3,"Sudeste",0,"320255",6,13,5,8,7,6,0,0,0,0,0,13,5,8,7,6,9,9.5408261540531,9.08918917041203,0.399856156829139,30
"12912","ES","Ibitirama",8859,13916.44,32011,"Alegre",3,"Sudeste",0,"320255",7,14,8,6,7,7,0,0,0,0,0,14,8,6,7,7,10,9.5408261540531,9.08918917041203,0.397313883376012,29
"12913","ES","Iconha",13973,24144.49,32010,"Guarapari",3,"Sudeste",0,"320260",2,17,7,10,7,10,0,0,0,0,0,17,7,10,7,10,4,10.091811475699,9.54488217508045,0.271007956851516,29
"12914","ES","Iconha",13973,24144.49,32010,"Guarapari",3,"Sudeste",0,"320260",3,18,3,15,6,12,0,0,0,0,0,18,3,15,6,12,4,10.091811475699,9.54488217508045,0.348163465653437,31
"12915","ES","Iconha",13973,24144.49,32010,"Guarapari",3,"Sudeste",0,"320260",4,12,2,10,1,11,0,0,0,0,0,12,2,10,1,11,9,10.091811475699,9.54488217508045,0.402113302903211,30
"12916","ES","Iconha",13973,24144.49,32010,"Guarapari",3,"Sudeste",0,"320260",5,15,3,12,5,10,0,0,0,0,0,15,3,12,5,10,15,10.091811475699,9.54488217508045,0.379017483461689,31
"12917","ES","Iconha",13973,24144.49,32010,"Guarapari",3,"Sudeste",0,"320260",6,16,3,13,3,13,0,0,0,0,0,16,3,13,3,13,6,10.091811475699,9.54488217508045,0.341012733051686,30
"12918","ES","Iconha",13973,24144.49,32010,"Guarapari",3,"Sudeste",0,"320260",7,6,0,6,0,6,0,0,0,0,0,6,0,6,0,6,8,10.091811475699,9.54488217508045,0.344197779905395,29
"12919","ES","Irupi",13526,16516.01,32011,"Alegre",3,"Sudeste",0,"320265",2,29,14,15,8,21,0,0,0,0,0,29,14,15,8,21,5,9.71208549247928,9.51236903813489,0.33469677015204,29
"12920","ES","Irupi",13526,16516.01,32011,"Alegre",3,"Sudeste",0,"320265",3,25,11,14,8,17,0,0,0,0,0,25,11,14,8,17,9,9.71208549247928,9.51236903813489,0.42300605590301,31
"12921","ES","Irupi",13526,16516.01,32011,"Alegre",3,"Sudeste",0,"320265",4,12,5,7,7,5,0,0,0,0,0,12,5,7,7,5,6,9.71208549247928,9.51236903813489,0.445827737921123,30
"12922","ES","Irupi",13526,16516.01,32011,"Alegre",3,"Sudeste",0,"320265",5,15,6,9,7,8,0,0,0,0,0,15,6,9,7,8,13,9.71208549247928,9.51236903813489,0.431701434473093,31
"12923","ES","Irupi",13526,16516.01,32011,"Alegre",3,"Sudeste",0,"320265",6,18,4,14,9,9,1,0,0,0,0,19,4,14,9,9,9,9.71208549247928,9.51236903813489,0.418693556283604,30
"12924","ES","Irupi",13526,16516.01,32011,"Alegre",3,"Sudeste",0,"320265",7,17,11,6,8,9,1,0,0,0,0,18,11,6,8,9,14,9.71208549247928,9.51236903813489,0.421430182349779,29
"12925","ES","Itaguaçu",14023,18351.45,32008,"Santa Teresa",3,"Sudeste",0,"320270",2,28,7,21,14,14,0,0,0,0,0,28,7,21,14,14,14,9.81746386943444,9.54845411772665,0.281176910413492,29
"12926","ES","Itaguaçu",14023,18351.45,32008,"Santa Teresa",3,"Sudeste",0,"320270",3,21,8,13,10,11,0,0,0,0,0,21,8,13,10,11,13,9.81746386943444,9.54845411772665,0.356631822671224,31
"12927","ES","Itaguaçu",14023,18351.45,32008,"Santa Teresa",3,"Sudeste",0,"320270",4,9,1,8,1,8,0,0,0,0,0,9,1,8,1,8,8,9.81746386943444,9.54845411772665,0.400348051549557,30
"12928","ES","Itaguaçu",14023,18351.45,32008,"Santa Teresa",3,"Sudeste",0,"320270",5,13,6,7,8,5,0,0,0,0,0,13,6,7,8,5,10,9.81746386943444,9.54845411772665,0.418929443939971,31
"12929","ES","Itaguaçu",14023,18351.45,32008,"Santa Teresa",3,"Sudeste",0,"320270",6,10,2,8,6,4,0,0,0,0,0,10,2,8,6,4,13,9.81746386943444,9.54845411772665,0.420926940918935,30
"12930","ES","Itaguaçu",14023,18351.45,32008,"Santa Teresa",3,"Sudeste",0,"320270",7,14,2,12,3,11,0,0,0,0,0,14,2,12,3,11,8,9.81746386943444,9.54845411772665,0.398092316998254,29
"12931","ES","Itapemirim",34656,167621.34,32013,"Itapemirim",3,"Sudeste",0,"320280",2,89,29,60,40,49,0,0,0,0,0,89,29,60,40,49,24,12.0294627858937,10.4532261498007,0.319891328528066,29
"12932","ES","Itapemirim",34656,167621.34,32013,"Itapemirim",3,"Sudeste",0,"320280",3,53,14,39,22,31,0,0,0,0,0,53,14,39,22,31,13,12.0294627858937,10.4532261498007,0.419151460264102,31
"12933","ES","Itapemirim",34656,167621.34,32013,"Itapemirim",3,"Sudeste",0,"320280",4,45,10,35,24,21,0,0,0,0,0,45,10,35,24,21,14,12.0294627858937,10.4532261498007,0.455489450081892,30
"12934","ES","Itapemirim",34656,167621.34,32013,"Itapemirim",3,"Sudeste",0,"320280",5,45,13,32,15,30,0,0,0,0,0,45,13,32,15,30,29,12.0294627858937,10.4532261498007,0.444361758453027,31
"12935","ES","Itapemirim",34656,167621.34,32013,"Itapemirim",3,"Sudeste",0,"320280",6,52,21,31,27,25,0,0,0,0,0,52,21,31,27,25,48,12.0294627858937,10.4532261498007,0.427022697675883,30
"12936","ES","Itapemirim",34656,167621.34,32013,"Itapemirim",3,"Sudeste",0,"320280",7,61,18,43,29,32,0,0,0,0,0,61,18,43,29,32,28,12.0294627858937,10.4532261498007,0.397051013220034,29
"12937","ES","Itarana",10494,20500.74,32008,"Santa Teresa",3,"Sudeste",0,"320290",2,17,4,13,5,12,0,0,0,0,0,17,4,13,5,12,3,9.92821626203597,9.25855894424666,0.301034260771035,29
"12938","ES","Itarana",10494,20500.74,32008,"Santa Teresa",3,"Sudeste",0,"320290",3,3,1,2,1,2,0,0,0,0,0,3,1,2,1,2,7,9.92821626203597,9.25855894424666,0.405708722467377,31
"12939","ES","Itarana",10494,20500.74,32008,"Santa Teresa",3,"Sudeste",0,"320290",4,6,1,5,3,3,0,0,0,0,0,6,1,5,3,3,4,9.92821626203597,9.25855894424666,0.441556489502511,30
"12940","ES","Itarana",10494,20500.74,32008,"Santa Teresa",3,"Sudeste",0,"320290",5,12,3,9,6,6,0,0,0,0,0,12,3,9,6,6,10,9.92821626203597,9.25855894424666,0.456020116183865,31
"12941","ES","Itarana",10494,20500.74,32008,"Santa Teresa",3,"Sudeste",0,"320290",6,11,3,8,4,7,1,0,0,0,0,12,3,8,4,7,4,9.92821626203597,9.25855894424666,0.434171654528487,30
"12942","ES","Itarana",10494,20500.74,32008,"Santa Teresa",3,"Sudeste",0,"320290",7,7,4,3,2,5,1,0,0,0,0,8,4,3,2,5,4,9.92821626203597,9.25855894424666,0.411540434660292,29
"12943","ES","Iúna",29290,14802.25,32011,"Alegre",3,"Sudeste",0,"320300",2,70,31,39,25,45,0,0,0,0,0,70,31,39,25,45,18,9.6025344752243,10.2850014398218,0.307170543724685,29
"12944","ES","Iúna",29290,14802.25,32011,"Alegre",3,"Sudeste",0,"320300",3,55,24,31,21,34,1,0,0,0,0,56,24,31,21,34,26,9.6025344752243,10.2850014398218,0.394663249530602,31
"12945","ES","Iúna",29290,14802.25,32011,"Alegre",3,"Sudeste",0,"320300",4,34,14,20,12,22,0,0,0,0,0,34,14,20,12,22,13,9.6025344752243,10.2850014398218,0.408307787449589,30
"12946","ES","Iúna",29290,14802.25,32011,"Alegre",3,"Sudeste",0,"320300",5,29,17,12,14,15,0,0,0,0,0,29,17,12,14,15,18,9.6025344752243,10.2850014398218,0.389195242026931,31
"12947","ES","Iúna",29290,14802.25,32011,"Alegre",3,"Sudeste",0,"320300",6,40,22,18,17,23,0,0,0,0,0,40,22,18,17,23,22,9.6025344752243,10.2850014398218,0.402272436568082,30
"12948","ES","Iúna",29290,14802.25,32011,"Alegre",3,"Sudeste",0,"320300",7,29,14,15,9,20,0,0,0,0,0,29,14,15,9,20,22,9.6025344752243,10.2850014398218,0.408918965294382,29
"12949","ES","Jaguaré",31039,20307.12,32005,"São Mateus",3,"Sudeste",0,"320305",2,59,25,34,23,36,0,0,0,0,0,59,25,34,23,36,15,9.91872684245162,10.3429997572833,0.293030103528092,29
"12950","ES","Jaguaré",31039,20307.12,32005,"São Mateus",3,"Sudeste",0,"320305",3,51,21,30,25,26,0,0,0,0,0,51,21,30,25,26,15,9.91872684245162,10.3429997572833,0.371545977551885,31
"12951","ES","Jaguaré",31039,20307.12,32005,"São Mateus",3,"Sudeste",0,"320305",4,45,19,26,19,26,0,0,0,0,0,45,19,26,19,26,11,9.91872684245162,10.3429997572833,0.371129968860853,30
"12952","ES","Jaguaré",31039,20307.12,32005,"São Mateus",3,"Sudeste",0,"320305",5,43,17,26,21,22,2,0,0,0,0,45,17,26,21,22,10,9.91872684245162,10.3429997572833,0.369571398595498,31
"12953","ES","Jaguaré",31039,20307.12,32005,"São Mateus",3,"Sudeste",0,"320305",6,42,20,22,22,20,0,0,0,0,0,42,20,22,22,20,16,9.91872684245162,10.3429997572833,0.361851480723376,30
"12954","ES","Jaguaré",31039,20307.12,32005,"São Mateus",3,"Sudeste",0,"320305",7,49,19,30,20,29,0,0,0,0,0,49,19,30,20,29,14,9.91872684245162,10.3429997572833,0.377936009870487,29
"12955","ES","Jerônimo Monteiro",12265,12602.63,32012,"Cachoeiro de Itapemirim",3,"Sudeste",0,"320310",2,21,6,15,9,12,0,0,0,0,0,21,6,15,9,12,12,9.44166080131719,9.41450495669259,0.299756297148409,29
"12956","ES","Jerônimo Monteiro",12265,12602.63,32012,"Cachoeiro de Itapemirim",3,"Sudeste",0,"320310",3,11,6,5,6,5,0,0,0,0,0,11,6,5,6,5,7,9.44166080131719,9.41450495669259,0.383426168210137,31
"12957","ES","Jerônimo Monteiro",12265,12602.63,32012,"Cachoeiro de Itapemirim",3,"Sudeste",0,"320310",4,7,2,5,3,4,0,0,0,0,0,7,2,5,3,4,8,9.44166080131719,9.41450495669259,0.444373706463403,30
"12958","ES","Jerônimo Monteiro",12265,12602.63,32012,"Cachoeiro de Itapemirim",3,"Sudeste",0,"320310",5,19,2,17,7,12,0,0,0,0,0,19,2,17,7,12,6,9.44166080131719,9.41450495669259,0.418370766188787,31
"12959","ES","Jerônimo Monteiro",12265,12602.63,32012,"Cachoeiro de Itapemirim",3,"Sudeste",0,"320310",6,9,0,9,2,7,0,0,0,0,0,9,0,9,2,7,10,9.44166080131719,9.41450495669259,0.418990017347046,30
"12960","ES","Jerônimo Monteiro",12265,12602.63,32012,"Cachoeiro de Itapemirim",3,"Sudeste",0,"320310",7,10,4,6,4,6,0,0,0,0,0,10,4,6,4,6,11,9.44166080131719,9.41450495669259,0.40660857016028,29
"12961","ES","João Neiva",16722,29701.16,32006,"Linhares",3,"Sudeste",0,"320313",2,22,5,17,3,19,0,0,0,0,0,22,5,17,3,19,6,10.2989413812671,9.72448049671,0.276752530630408,29
"12962","ES","João Neiva",16722,29701.16,32006,"Linhares",3,"Sudeste",0,"320313",3,20,6,14,9,11,0,0,0,0,0,20,6,14,9,11,10,10.2989413812671,9.72448049671,0.362220683439482,31
"12963","ES","João Neiva",16722,29701.16,32006,"Linhares",3,"Sudeste",0,"320313",4,16,3,13,7,9,0,0,0,0,0,16,3,13,7,9,11,10.2989413812671,9.72448049671,0.414384998133369,30
"12964","ES","João Neiva",16722,29701.16,32006,"Linhares",3,"Sudeste",0,"320313",5,22,6,16,6,16,0,0,0,0,0,22,6,16,6,16,13,10.2989413812671,9.72448049671,0.392393027228395,31
"12965","ES","João Neiva",16722,29701.16,32006,"Linhares",3,"Sudeste",0,"320313",6,25,7,18,6,19,0,0,0,0,0,25,7,18,6,19,10,10.2989413812671,9.72448049671,0.379575648803471,30
"12966","ES","João Neiva",16722,29701.16,32006,"Linhares",3,"Sudeste",0,"320313",7,5,0,5,0,5,0,0,0,0,0,5,0,5,0,5,6,10.2989413812671,9.72448049671,0.397614090390657,29
"12967","ES","Laranja da Terra",10933,12066.3,32007,"Afonso Cláudio",3,"Sudeste",0,"320316",2,9,4,5,7,2,0,0,0,0,0,9,4,5,7,2,7,9.39817172194373,9.29954101743449,0.340292060974319,29
"12968","ES","Laranja da Terra",10933,12066.3,32007,"Afonso Cláudio",3,"Sudeste",0,"320316",3,22,8,14,6,16,0,0,0,0,0,22,8,14,6,16,7,9.39817172194373,9.29954101743449,0.409618877451984,31
"12969","ES","Laranja da Terra",10933,12066.3,32007,"Afonso Cláudio",3,"Sudeste",0,"320316",4,15,5,10,8,7,0,0,0,0,0,15,5,10,8,7,5,9.39817172194373,9.29954101743449,0.475122960843672,30
"12970","ES","Laranja da Terra",10933,12066.3,32007,"Afonso Cláudio",3,"Sudeste",0,"320316",5,10,1,9,2,8,0,0,0,0,0,10,1,9,2,8,8,9.39817172194373,9.29954101743449,0.455598817197777,31
"12971","ES","Laranja da Terra",10933,12066.3,32007,"Afonso Cláudio",3,"Sudeste",0,"320316",6,6,1,5,1,5,0,0,0,0,0,6,1,5,1,5,7,9.39817172194373,9.29954101743449,0.430479868934229,30
"12972","ES","Laranja da Terra",10933,12066.3,32007,"Afonso Cláudio",3,"Sudeste",0,"320316",7,10,4,6,8,2,0,0,0,0,0,10,4,6,8,2,10,9.39817172194373,9.29954101743449,0.431227268173566,29
"12973","ES","Linhares",176688,35738.53,32006,"Linhares",3,"Sudeste",1,"320320",2,357,92,265,127,230,1,0,0,0,0,358,92,265,127,230,68,10.4839846574814,12.0821407442869,0.29601506818644,29
"12974","ES","Linhares",176688,35738.53,32006,"Linhares",3,"Sudeste",1,"320320",3,203,54,149,69,134,0,0,0,0,0,203,54,149,69,134,93,10.4839846574814,12.0821407442869,0.397545367304404,31
"12975","ES","Linhares",176688,35738.53,32006,"Linhares",3,"Sudeste",1,"320320",4,221,63,158,79,142,2,0,0,0,0,223,63,158,79,142,78,10.4839846574814,12.0821407442869,0.443760484998008,30
"12976","ES","Linhares",176688,35738.53,32006,"Linhares",3,"Sudeste",1,"320320",5,203,54,149,86,117,0,0,0,0,0,203,54,149,86,117,74,10.4839846574814,12.0821407442869,0.398362153078918,31
"12977","ES","Linhares",176688,35738.53,32006,"Linhares",3,"Sudeste",1,"320320",6,238,67,171,103,135,3,0,0,0,0,241,67,171,103,135,127,10.4839846574814,12.0821407442869,0.388745205304301,30
"12978","ES","Linhares",176688,35738.53,32006,"Linhares",3,"Sudeste",1,"320320",7,224,68,156,80,144,3,0,0,0,0,227,68,156,80,144,101,10.4839846574814,12.0821407442869,0.393888284108952,29
"12979","ES","Mantenópolis",15503,10723.04,32001,"Barra de São Francisco",3,"Sudeste",0,"320330",2,20,8,12,3,17,0,0,0,0,0,20,8,12,3,17,10,9.28014997651255,9.64878883256636,0.298137873521294,29
"12980","ES","Mantenópolis",15503,10723.04,32001,"Barra de São Francisco",3,"Sudeste",0,"320330",3,14,3,11,5,9,0,0,0,0,0,14,3,11,5,9,4,9.28014997651255,9.64878883256636,0.425418132831877,31
"12981","ES","Mantenópolis",15503,10723.04,32001,"Barra de São Francisco",3,"Sudeste",0,"320330",4,16,4,12,9,7,1,0,0,0,0,17,4,12,9,7,9,9.28014997651255,9.64878883256636,0.443490608220246,30
"12982","ES","Mantenópolis",15503,10723.04,32001,"Barra de São Francisco",3,"Sudeste",0,"320330",5,24,11,13,6,18,1,0,0,0,0,25,11,13,6,18,9,9.28014997651255,9.64878883256636,0.43651544903599,31
"12983","ES","Mantenópolis",15503,10723.04,32001,"Barra de São Francisco",3,"Sudeste",0,"320330",6,11,6,5,6,5,0,0,0,0,0,11,6,5,6,5,7,9.28014997651255,9.64878883256636,0.41530287354277,30
"12984","ES","Mantenópolis",15503,10723.04,32001,"Barra de São Francisco",3,"Sudeste",0,"320330",7,15,6,9,5,10,0,0,0,0,0,15,6,9,5,10,10,9.28014997651255,9.64878883256636,0.424011740059861,29
"12985","ES","Marataízes",38883,66685.28,32013,"Itapemirim",3,"Sudeste",0,"320332",2,91,30,61,46,45,1,0,0,0,0,92,30,61,46,45,21,11.107739517893,10.5683124160915,0.325509975553341,29
"12986","ES","Marataízes",38883,66685.28,32013,"Itapemirim",3,"Sudeste",0,"320332",3,58,26,32,20,38,0,0,0,0,0,58,26,32,20,38,22,11.107739517893,10.5683124160915,0.408782039257735,31
"12987","ES","Marataízes",38883,66685.28,32013,"Itapemirim",3,"Sudeste",0,"320332",4,48,15,33,13,35,1,0,0,0,0,49,15,33,13,35,29,11.107739517893,10.5683124160915,0.448810123224463,30
"12988","ES","Marataízes",38883,66685.28,32013,"Itapemirim",3,"Sudeste",0,"320332",5,55,10,45,20,35,2,0,0,0,0,57,10,45,20,35,42,11.107739517893,10.5683124160915,0.46262437173313,31
"12989","ES","Marataízes",38883,66685.28,32013,"Itapemirim",3,"Sudeste",0,"320332",6,45,10,35,18,27,0,0,0,0,0,45,10,35,18,27,43,11.107739517893,10.5683124160915,0.423214614616804,30
"12990","ES","Marataízes",38883,66685.28,32013,"Itapemirim",3,"Sudeste",0,"320332",7,47,10,37,15,32,0,0,0,0,0,47,10,37,15,32,19,11.107739517893,10.5683124160915,0.417776389293433,29
"12991","ES","Marechal Floriano",16920,26330.81,32007,"Afonso Cláudio",3,"Sudeste",0,"320334",2,42,15,27,18,24,1,0,0,0,0,43,15,27,18,24,16,10.1784950154049,9.73625163316022,0.279773671723521,29
"12992","ES","Marechal Floriano",16920,26330.81,32007,"Afonso Cláudio",3,"Sudeste",0,"320334",3,16,5,11,5,11,0,0,0,0,0,16,5,11,5,11,13,10.1784950154049,9.73625163316022,0.373175591898957,31
"12993","ES","Marechal Floriano",16920,26330.81,32007,"Afonso Cláudio",3,"Sudeste",0,"320334",4,19,4,15,8,11,0,0,0,0,0,19,4,15,8,11,7,10.1784950154049,9.73625163316022,0.416478072842225,30
"12994","ES","Marechal Floriano",16920,26330.81,32007,"Afonso Cláudio",3,"Sudeste",0,"320334",5,15,6,9,9,6,0,0,0,0,0,15,6,9,9,6,12,10.1784950154049,9.73625163316022,0.396349304562665,31
"12995","ES","Marechal Floriano",16920,26330.81,32007,"Afonso Cláudio",3,"Sudeste",0,"320334",6,25,7,18,9,16,0,0,0,0,0,25,7,18,9,16,15,10.1784950154049,9.73625163316022,0.378284539588345,30
"12996","ES","Marechal Floriano",16920,26330.81,32007,"Afonso Cláudio",3,"Sudeste",0,"320334",7,12,4,8,4,8,0,0,0,0,0,12,4,8,4,8,16,10.1784950154049,9.73625163316022,0.374300555150704,29
"12997","ES","Marilândia",12963,20678.32,32003,"Colatina",3,"Sudeste",0,"320335",2,26,10,16,8,18,0,0,0,0,0,26,10,16,8,18,4,9.93684108741136,9.46985442460004,0.312164332892051,29
"12998","ES","Marilândia",12963,20678.32,32003,"Colatina",3,"Sudeste",0,"320335",3,13,9,4,3,10,0,0,0,0,0,13,9,4,3,10,6,9.93684108741136,9.46985442460004,0.402324288615944,31
"12999","ES","Marilândia",12963,20678.32,32003,"Colatina",3,"Sudeste",0,"320335",4,13,5,8,3,10,0,0,0,0,0,13,5,8,3,10,7,9.93684108741136,9.46985442460004,0.426951180268726,30
"13000","ES","Marilândia",12963,20678.32,32003,"Colatina",3,"Sudeste",0,"320335",5,22,8,14,8,14,0,0,0,0,0,22,8,14,8,14,7,9.93684108741136,9.46985442460004,0.40680015989169,31
"13001","ES","Marilândia",12963,20678.32,32003,"Colatina",3,"Sudeste",0,"320335",6,13,2,11,2,11,0,0,0,0,0,13,2,11,2,11,9,9.93684108741136,9.46985442460004,0.410525813497678,30
"13002","ES","Marilândia",12963,20678.32,32003,"Colatina",3,"Sudeste",0,"320335",7,15,4,11,3,12,0,0,0,0,0,15,4,11,3,12,9,9.93684108741136,9.46985442460004,0.395088788483024,29
"13003","ES","Mimoso do Sul",26115,17691.26,32012,"Cachoeiro de Itapemirim",3,"Sudeste",0,"320340",2,48,15,33,13,35,1,0,0,0,0,49,15,33,13,35,14,9.78082601129907,10.1702651408704,0.322802185338369,29
"13004","ES","Mimoso do Sul",26115,17691.26,32012,"Cachoeiro de Itapemirim",3,"Sudeste",0,"320340",3,22,8,14,8,14,0,0,0,0,0,22,8,14,8,14,23,9.78082601129907,10.1702651408704,0.409752961388081,31
"13005","ES","Mimoso do Sul",26115,17691.26,32012,"Cachoeiro de Itapemirim",3,"Sudeste",0,"320340",4,27,10,17,13,14,0,0,0,0,0,27,10,17,13,14,16,9.78082601129907,10.1702651408704,0.439582085402261,30
"13006","ES","Mimoso do Sul",26115,17691.26,32012,"Cachoeiro de Itapemirim",3,"Sudeste",0,"320340",5,24,8,16,9,15,0,0,0,0,0,24,8,16,9,15,19,9.78082601129907,10.1702651408704,0.466105151627413,31
"13007","ES","Mimoso do Sul",26115,17691.26,32012,"Cachoeiro de Itapemirim",3,"Sudeste",0,"320340",6,26,9,17,14,12,0,0,0,0,0,26,9,17,14,12,11,9.78082601129907,10.1702651408704,0.428345821763322,30
"13008","ES","Mimoso do Sul",26115,17691.26,32012,"Cachoeiro de Itapemirim",3,"Sudeste",0,"320340",7,33,10,23,14,19,1,0,0,0,0,34,10,23,14,19,14,9.78082601129907,10.1702651408704,0.42256732843731,29
"13009","ES","Montanha",18894,18305.47,32004,"Montanha",3,"Sudeste",0,"320350",2,47,21,26,22,25,0,0,0,0,0,47,21,26,22,25,14,9.81495520126951,9.84659969032908,0.285341767177726,29
"13010","ES","Montanha",18894,18305.47,32004,"Montanha",3,"Sudeste",0,"320350",3,19,8,11,9,10,1,0,0,0,0,20,8,11,9,10,12,9.81495520126951,9.84659969032908,0.357465630646164,31
"13011","ES","Montanha",18894,18305.47,32004,"Montanha",3,"Sudeste",0,"320350",4,14,5,9,5,9,0,0,0,0,0,14,5,9,5,9,15,9.81495520126951,9.84659969032908,0.376066247909218,30
"13012","ES","Montanha",18894,18305.47,32004,"Montanha",3,"Sudeste",0,"320350",5,18,5,13,4,14,1,0,0,0,0,19,5,13,4,14,9,9.81495520126951,9.84659969032908,0.36256113551689,31
"13013","ES","Montanha",18894,18305.47,32004,"Montanha",3,"Sudeste",0,"320350",6,19,4,15,6,13,1,0,0,0,0,20,4,15,6,13,13,9.81495520126951,9.84659969032908,0.339278194259738,30
"13014","ES","Montanha",18894,18305.47,32004,"Montanha",3,"Sudeste",0,"320350",7,30,9,21,13,17,0,0,0,0,0,30,9,21,13,17,20,9.81495520126951,9.84659969032908,0.362278303457145,29
"13015","ES","Mucurici",5496,12570.44,32004,"Montanha",3,"Sudeste",0,"320360",2,11,3,8,4,7,0,0,0,0,0,11,3,8,4,7,4,9.43910330494939,8.61177583390219,0.268877052531973,29
"13016","ES","Mucurici",5496,12570.44,32004,"Montanha",3,"Sudeste",0,"320360",3,4,3,1,1,3,0,0,0,0,0,4,3,1,1,3,5,9.43910330494939,8.61177583390219,0.343194345618261,31
"13017","ES","Mucurici",5496,12570.44,32004,"Montanha",3,"Sudeste",0,"320360",4,9,1,8,2,7,0,0,0,0,0,9,1,8,2,7,3,9.43910330494939,8.61177583390219,0.390480770114377,30
"13018","ES","Mucurici",5496,12570.44,32004,"Montanha",3,"Sudeste",0,"320360",5,10,3,7,5,5,0,0,0,0,0,10,3,7,5,5,5,9.43910330494939,8.61177583390219,0.386530249403203,31
"13019","ES","Mucurici",5496,12570.44,32004,"Montanha",3,"Sudeste",0,"320360",6,11,3,8,2,9,0,0,0,0,0,11,3,8,2,9,8,9.43910330494939,8.61177583390219,0.406531164513525,30
"13020","ES","Mucurici",5496,12570.44,32004,"Montanha",3,"Sudeste",0,"320360",7,7,1,6,3,4,0,0,0,0,0,7,1,6,3,4,5,9.43910330494939,8.61177583390219,0.412046404340584,29
"13021","ES","Muniz Freire",17319,17532.19,32011,"Alegre",3,"Sudeste",0,"320370",2,26,8,18,7,19,0,0,0,0,0,26,8,18,7,19,10,9.77179389880601,9.75955944372904,0.330939334514476,29
"13022","ES","Muniz Freire",17319,17532.19,32011,"Alegre",3,"Sudeste",0,"320370",3,22,8,14,6,16,0,0,0,0,0,22,8,14,6,16,9,9.77179389880601,9.75955944372904,0.411970018712936,31
"13023","ES","Muniz Freire",17319,17532.19,32011,"Alegre",3,"Sudeste",0,"320370",4,15,7,8,6,9,0,0,0,0,0,15,7,8,6,9,6,9.77179389880601,9.75955944372904,0.444946269126772,30
"13024","ES","Muniz Freire",17319,17532.19,32011,"Alegre",3,"Sudeste",0,"320370",5,16,6,10,6,10,0,0,0,0,0,16,6,10,6,10,7,9.77179389880601,9.75955944372904,0.428010282894022,31
"13025","ES","Muniz Freire",17319,17532.19,32011,"Alegre",3,"Sudeste",0,"320370",6,23,10,13,10,13,0,0,0,0,0,23,10,13,10,13,16,9.77179389880601,9.75955944372904,0.427023844771303,30
"13026","ES","Muniz Freire",17319,17532.19,32011,"Alegre",3,"Sudeste",0,"320370",7,21,5,16,4,17,0,0,0,0,0,21,5,16,4,17,15,9.77179389880601,9.75955944372904,0.427076431433459,29
"13027","ES","Muqui",15526,12174.39,32012,"Cachoeiro de Itapemirim",3,"Sudeste",0,"320380",2,32,12,20,8,24,0,0,0,0,0,32,12,20,8,24,10,9.4070898440262,9.65027131696563,0.328841526462391,29
"13028","ES","Muqui",15526,12174.39,32012,"Cachoeiro de Itapemirim",3,"Sudeste",0,"320380",3,24,4,20,7,17,0,0,0,0,0,24,4,20,7,17,2,9.4070898440262,9.65027131696563,0.395036685487679,31
"13029","ES","Muqui",15526,12174.39,32012,"Cachoeiro de Itapemirim",3,"Sudeste",0,"320380",4,13,1,12,6,7,0,0,0,0,0,13,1,12,6,7,6,9.4070898440262,9.65027131696563,0.444685251828403,30
"13030","ES","Muqui",15526,12174.39,32012,"Cachoeiro de Itapemirim",3,"Sudeste",0,"320380",5,15,8,7,6,9,1,0,0,0,0,16,8,7,6,9,9,9.4070898440262,9.65027131696563,0.427808300721974,31
"13031","ES","Muqui",15526,12174.39,32012,"Cachoeiro de Itapemirim",3,"Sudeste",0,"320380",6,19,4,15,3,16,0,0,0,0,0,19,4,15,3,16,6,9.4070898440262,9.65027131696563,0.405539334097865,30
"13032","ES","Muqui",15526,12174.39,32012,"Cachoeiro de Itapemirim",3,"Sudeste",0,"320380",7,18,4,14,7,11,1,0,0,0,0,19,4,14,7,11,6,9.4070898440262,9.65027131696563,0.417510675800306,29
"13033","ES","Nova Venécia",50434,20207.87,32002,"Nova Venécia",3,"Sudeste",1,"320390",2,127,22,105,51,76,0,0,0,0,0,127,22,105,51,76,27,9.91382741147378,10.8284208297916,0.280893425997614,29
"13034","ES","Nova Venécia",50434,20207.87,32002,"Nova Venécia",3,"Sudeste",1,"320390",3,91,31,60,27,64,1,0,0,0,0,92,31,60,27,64,26,9.91382741147378,10.8284208297916,0.350651282213775,31
"13035","ES","Nova Venécia",50434,20207.87,32002,"Nova Venécia",3,"Sudeste",1,"320390",4,70,21,49,26,44,0,0,0,0,0,70,21,49,26,44,14,9.91382741147378,10.8284208297916,0.386340951041966,30
"13036","ES","Nova Venécia",50434,20207.87,32002,"Nova Venécia",3,"Sudeste",1,"320390",5,65,14,51,22,43,0,0,0,0,0,65,14,51,22,43,30,9.91382741147378,10.8284208297916,0.358558918020873,31
"13037","ES","Nova Venécia",50434,20207.87,32002,"Nova Venécia",3,"Sudeste",1,"320390",6,49,12,37,22,27,0,0,0,0,0,49,12,37,22,27,32,9.91382741147378,10.8284208297916,0.357050972059835,30
"13038","ES","Nova Venécia",50434,20207.87,32002,"Nova Venécia",3,"Sudeste",1,"320390",7,40,8,32,14,26,0,0,0,0,0,40,8,32,14,26,29,9.91382741147378,10.8284208297916,0.354416631072637,29
"13039","ES","Pancas",23306,12013.11,32003,"Colatina",3,"Sudeste",0,"320400",2,28,8,20,12,16,0,0,0,0,0,28,8,20,12,16,12,9.39375383242631,10.0564661171332,0.302896873197074,29
"13040","ES","Pancas",23306,12013.11,32003,"Colatina",3,"Sudeste",0,"320400",3,20,5,15,7,13,0,0,0,0,0,20,5,15,7,13,10,9.39375383242631,10.0564661171332,0.406048631991404,31
"13041","ES","Pancas",23306,12013.11,32003,"Colatina",3,"Sudeste",0,"320400",4,13,2,11,4,9,0,0,0,0,0,13,2,11,4,9,7,9.39375383242631,10.0564661171332,0.411501222589772,30
"13042","ES","Pancas",23306,12013.11,32003,"Colatina",3,"Sudeste",0,"320400",5,28,6,22,12,16,0,0,0,0,0,28,6,22,12,16,8,9.39375383242631,10.0564661171332,0.458090497147965,31
"13043","ES","Pancas",23306,12013.11,32003,"Colatina",3,"Sudeste",0,"320400",6,26,10,16,11,15,0,0,0,0,0,26,10,16,11,15,12,9.39375383242631,10.0564661171332,0.420026577599735,30
"13044","ES","Pancas",23306,12013.11,32003,"Colatina",3,"Sudeste",0,"320400",7,25,7,18,7,18,0,0,0,0,0,25,7,18,7,18,17,9.39375383242631,10.0564661171332,0.425954215705336,29
"13045","ES","Pedro Canário",26381,11672.75,32005,"São Mateus",3,"Sudeste",0,"320405",2,44,15,29,20,24,0,0,0,0,0,44,15,29,20,24,9,9.36501234447823,10.1803993330585,0.276071135941557,29
"13046","ES","Pedro Canário",26381,11672.75,32005,"São Mateus",3,"Sudeste",0,"320405",3,39,12,27,18,21,0,0,0,0,0,39,12,27,18,21,12,9.36501234447823,10.1803993330585,0.369043058422292,31
"13047","ES","Pedro Canário",26381,11672.75,32005,"São Mateus",3,"Sudeste",0,"320405",4,27,7,20,13,14,0,0,0,0,0,27,7,20,13,14,19,9.36501234447823,10.1803993330585,0.40097836748903,30
"13048","ES","Pedro Canário",26381,11672.75,32005,"São Mateus",3,"Sudeste",0,"320405",5,35,13,22,17,18,1,0,0,0,0,36,13,22,17,18,6,9.36501234447823,10.1803993330585,0.363562970892901,31
"13049","ES","Pedro Canário",26381,11672.75,32005,"São Mateus",3,"Sudeste",0,"320405",6,39,13,26,19,20,0,0,0,0,0,39,13,26,19,20,21,9.36501234447823,10.1803993330585,0.349198088024418,30
"13050","ES","Pedro Canário",26381,11672.75,32005,"São Mateus",3,"Sudeste",0,"320405",7,31,10,21,12,19,0,0,0,0,0,31,10,21,12,19,21,9.36501234447823,10.1803993330585,0.357360179210604,29
"13051","ES","Pinheiros",27327,18152.61,32004,"Montanha",3,"Sudeste",0,"320410",2,46,12,34,22,24,0,0,0,0,0,46,12,34,22,24,13,9.80656963100742,10.2156305034129,0.266728643523219,29
"13052","ES","Pinheiros",27327,18152.61,32004,"Montanha",3,"Sudeste",0,"320410",3,40,14,26,24,16,0,0,0,0,0,40,14,26,24,16,11,9.80656963100742,10.2156305034129,0.358422044047068,31
"13053","ES","Pinheiros",27327,18152.61,32004,"Montanha",3,"Sudeste",0,"320410",4,24,7,17,14,10,0,0,0,0,0,24,7,17,14,10,12,9.80656963100742,10.2156305034129,0.382956930901593,30
"13054","ES","Pinheiros",27327,18152.61,32004,"Montanha",3,"Sudeste",0,"320410",5,23,9,14,13,10,1,0,0,0,0,24,9,14,13,10,15,9.80656963100742,10.2156305034129,0.368260654956124,31
"13055","ES","Pinheiros",27327,18152.61,32004,"Montanha",3,"Sudeste",0,"320410",6,43,15,28,27,16,0,0,0,0,0,43,15,28,27,16,20,9.80656963100742,10.2156305034129,0.367751668907691,30
"13056","ES","Pinheiros",27327,18152.61,32004,"Montanha",3,"Sudeste",0,"320410",7,43,21,22,20,23,1,0,0,0,0,44,21,22,20,23,16,9.80656963100742,10.2156305034129,0.366102780929164,29
"13057","ES","Piúma",22053,30016.32,32010,"Guarapari",3,"Sudeste",1,"320420",2,45,10,35,16,29,1,0,0,0,0,46,10,35,16,29,10,10.3094965127299,10.0012039260422,0.296155730336535,29
"13058","ES","Piúma",22053,30016.32,32010,"Guarapari",3,"Sudeste",1,"320420",3,32,6,26,12,20,0,0,0,0,0,32,6,26,12,20,11,10.3094965127299,10.0012039260422,0.414103516722051,31
"13059","ES","Piúma",22053,30016.32,32010,"Guarapari",3,"Sudeste",1,"320420",4,35,9,26,10,25,0,0,0,0,0,35,9,26,10,25,13,10.3094965127299,10.0012039260422,0.441759683209563,30
"13060","ES","Piúma",22053,30016.32,32010,"Guarapari",3,"Sudeste",1,"320420",5,25,8,17,13,12,0,0,0,0,0,25,8,17,13,12,6,10.3094965127299,10.0012039260422,0.415901786520469,31
"13061","ES","Piúma",22053,30016.32,32010,"Guarapari",3,"Sudeste",1,"320420",6,27,8,19,10,17,0,0,0,0,0,27,8,19,10,17,16,10.3094965127299,10.0012039260422,0.393617953537372,30
"13062","ES","Piúma",22053,30016.32,32010,"Guarapari",3,"Sudeste",1,"320420",7,27,7,20,4,23,1,0,0,0,0,28,7,20,4,23,19,10.3094965127299,10.0012039260422,0.389495690721464,29
"13063","ES","Ponto Belo",7940,10550.44,32004,"Montanha",3,"Sudeste",0,"320425",2,18,7,11,7,11,0,0,0,0,0,18,7,11,7,11,3,9.26392284419567,8.97966855424118,0.254214118622816,29
"13064","ES","Ponto Belo",7940,10550.44,32004,"Montanha",3,"Sudeste",0,"320425",3,4,1,3,0,4,0,0,0,0,0,4,1,3,0,4,6,9.26392284419567,8.97966855424118,0.345172023788978,31
"13065","ES","Ponto Belo",7940,10550.44,32004,"Montanha",3,"Sudeste",0,"320425",4,8,4,4,4,4,0,0,0,0,0,8,4,4,4,4,3,9.26392284419567,8.97966855424118,0.37336512227707,30
"13066","ES","Ponto Belo",7940,10550.44,32004,"Montanha",3,"Sudeste",0,"320425",5,9,3,6,3,6,0,0,0,0,0,9,3,6,3,6,5,9.26392284419567,8.97966855424118,0.371414092096511,31
"13067","ES","Ponto Belo",7940,10550.44,32004,"Montanha",3,"Sudeste",0,"320425",6,8,1,7,3,5,0,0,0,0,0,8,1,7,3,5,2,9.26392284419567,8.97966855424118,0.332683068416179,30
"13068","ES","Ponto Belo",7940,10550.44,32004,"Montanha",3,"Sudeste",0,"320425",7,3,1,2,1,2,1,0,0,0,0,4,1,2,1,2,7,9.26392284419567,8.97966855424118,0.368487192012412,29
"13069","ES","Presidente Kennedy",11658,583171.85,32013,"Itapemirim",3,"Sudeste",0,"320430",2,26,9,17,9,17,0,0,0,0,0,26,9,17,9,17,5,13.2762371903361,9.3637479186055,0.329894492364428,29
"13070","ES","Presidente Kennedy",11658,583171.85,32013,"Itapemirim",3,"Sudeste",0,"320430",3,23,6,17,11,12,0,0,0,0,0,23,6,17,11,12,3,13.2762371903361,9.3637479186055,0.383663876350967,31
"13071","ES","Presidente Kennedy",11658,583171.85,32013,"Itapemirim",3,"Sudeste",0,"320430",4,17,2,15,9,8,0,0,0,0,0,17,2,15,9,8,6,13.2762371903361,9.3637479186055,0.419912314746531,30
"13072","ES","Presidente Kennedy",11658,583171.85,32013,"Itapemirim",3,"Sudeste",0,"320430",5,15,2,13,7,8,0,0,0,0,0,15,2,13,7,8,10,13.2762371903361,9.3637479186055,0.440378409339679,31
"13073","ES","Presidente Kennedy",11658,583171.85,32013,"Itapemirim",3,"Sudeste",0,"320430",6,13,3,10,4,9,0,0,0,0,0,13,3,10,4,9,9,13.2762371903361,9.3637479186055,0.416961871225385,30
"13074","ES","Presidente Kennedy",11658,583171.85,32013,"Itapemirim",3,"Sudeste",0,"320430",7,28,9,19,12,16,0,0,0,0,0,28,9,19,12,16,16,13.2762371903361,9.3637479186055,0.403602395590206,29
"13075","ES","Rio Bananal",19271,20163.84,32006,"Linhares",3,"Sudeste",0,"320435",2,39,19,20,14,25,0,0,0,0,0,39,19,20,14,25,8,9.9116461802375,9.86635665419792,0.296451946578211,29
"13076","ES","Rio Bananal",19271,20163.84,32006,"Linhares",3,"Sudeste",0,"320435",3,29,13,16,10,19,0,0,0,0,0,29,13,16,10,19,8,9.9116461802375,9.86635665419792,0.364830521970985,31
"13077","ES","Rio Bananal",19271,20163.84,32006,"Linhares",3,"Sudeste",0,"320435",4,26,6,20,8,18,0,0,0,0,0,26,6,20,8,18,5,9.9116461802375,9.86635665419792,0.406988280507944,30
"13078","ES","Rio Bananal",19271,20163.84,32006,"Linhares",3,"Sudeste",0,"320435",5,23,10,13,10,13,0,0,0,0,0,23,10,13,10,13,11,9.9116461802375,9.86635665419792,0.420165460223772,31
"13079","ES","Rio Bananal",19271,20163.84,32006,"Linhares",3,"Sudeste",0,"320435",6,23,9,14,8,15,0,0,0,0,0,23,9,14,8,15,11,9.9116461802375,9.86635665419792,0.409812501348795,30
"13080","ES","Rio Bananal",19271,20163.84,32006,"Linhares",3,"Sudeste",0,"320435",7,25,13,12,14,11,0,0,0,0,0,25,13,12,14,11,18,9.9116461802375,9.86635665419792,0.403919136068856,29
"13081","ES","Rio Novo do Sul",11626,16926,32010,"Guarapari",3,"Sudeste",0,"320440",2,19,3,16,9,10,0,0,0,0,0,19,3,16,9,10,2,9.73660618023005,9.3609992482613,0.298476117583023,29
"13082","ES","Rio Novo do Sul",11626,16926,32010,"Guarapari",3,"Sudeste",0,"320440",3,12,3,9,5,7,0,0,0,0,0,12,3,9,5,7,3,9.73660618023005,9.3609992482613,0.394560274117573,31
"13083","ES","Rio Novo do Sul",11626,16926,32010,"Guarapari",3,"Sudeste",0,"320440",4,13,4,9,5,8,0,0,0,0,0,13,4,9,5,8,5,9.73660618023005,9.3609992482613,0.45176089172463,30
"13084","ES","Rio Novo do Sul",11626,16926,32010,"Guarapari",3,"Sudeste",0,"320440",5,13,5,8,2,11,0,0,0,0,0,13,5,8,2,11,7,9.73660618023005,9.3609992482613,0.412327553792582,31
"13085","ES","Rio Novo do Sul",11626,16926,32010,"Guarapari",3,"Sudeste",0,"320440",6,6,2,4,2,4,0,0,0,0,0,6,2,4,2,4,5,9.73660618023005,9.3609992482613,0.412038222245898,30
"13086","ES","Rio Novo do Sul",11626,16926,32010,"Guarapari",3,"Sudeste",0,"320440",7,7,2,5,1,6,0,0,0,0,0,7,2,5,1,6,18,9.73660618023005,9.3609992482613,0.392834348277127,29
"13087","ES","Santa Leopoldina",12197,16663.7,32008,"Santa Teresa",3,"Sudeste",0,"320450",2,16,6,10,8,8,0,0,0,0,0,16,6,10,8,8,3,9.72098797989829,9.40894529884324,0.336056978055392,29
"13088","ES","Santa Leopoldina",12197,16663.7,32008,"Santa Teresa",3,"Sudeste",0,"320450",3,14,4,10,5,9,0,0,0,0,0,14,4,10,5,9,11,9.72098797989829,9.40894529884324,0.453934277698825,31
"13089","ES","Santa Leopoldina",12197,16663.7,32008,"Santa Teresa",3,"Sudeste",0,"320450",4,11,4,7,6,5,0,0,0,0,0,11,4,7,6,5,5,9.72098797989829,9.40894529884324,0.487376231908422,30
"13090","ES","Santa Leopoldina",12197,16663.7,32008,"Santa Teresa",3,"Sudeste",0,"320450",5,14,0,14,5,9,0,0,0,0,0,14,0,14,5,9,12,9.72098797989829,9.40894529884324,0.485791888094207,31
"13091","ES","Santa Leopoldina",12197,16663.7,32008,"Santa Teresa",3,"Sudeste",0,"320450",6,8,0,8,1,7,0,0,0,0,0,8,0,8,1,7,9,9.72098797989829,9.40894529884324,0.481341128943098,30
"13092","ES","Santa Leopoldina",12197,16663.7,32008,"Santa Teresa",3,"Sudeste",0,"320450",7,9,3,6,2,7,0,0,0,0,0,9,3,6,2,7,11,9.72098797989829,9.40894529884324,0.506126319920948,29
"13093","ES","Santa Maria de Jetibá",41015,34213.23,32008,"Santa Teresa",3,"Sudeste",0,"320455",2,78,40,38,28,50,0,0,0,0,0,78,40,38,28,50,16,10.4403676903518,10.6216931324368,0.304215498553696,29
"13094","ES","Santa Maria de Jetibá",41015,34213.23,32008,"Santa Teresa",3,"Sudeste",0,"320455",3,66,27,39,21,45,0,0,0,0,0,66,27,39,21,45,22,10.4403676903518,10.6216931324368,0.377653824418012,31
"13095","ES","Santa Maria de Jetibá",41015,34213.23,32008,"Santa Teresa",3,"Sudeste",0,"320455",4,41,16,25,21,20,1,0,0,0,0,42,16,25,21,20,23,10.4403676903518,10.6216931324368,0.413769888748435,30
"13096","ES","Santa Maria de Jetibá",41015,34213.23,32008,"Santa Teresa",3,"Sudeste",0,"320455",5,63,34,29,20,43,2,0,0,0,0,65,34,29,20,43,29,10.4403676903518,10.6216931324368,0.424622879317873,31
"13097","ES","Santa Maria de Jetibá",41015,34213.23,32008,"Santa Teresa",3,"Sudeste",0,"320455",6,63,26,37,29,34,1,0,0,0,0,64,26,37,29,34,25,10.4403676903518,10.6216931324368,0.39520310773193,30
"13098","ES","Santa Maria de Jetibá",41015,34213.23,32008,"Santa Teresa",3,"Sudeste",0,"320455",7,65,32,33,27,38,0,0,0,0,0,65,32,33,27,38,19,10.4403676903518,10.6216931324368,0.40384753288184,29
"13099","ES","Santa Teresa",23724,20612.88,32008,"Santa Teresa",3,"Sudeste",0,"320460",2,47,13,34,13,34,0,0,0,0,0,47,13,34,13,34,9,9.93367140211333,10.0742424729586,0.284807408378298,29
"13100","ES","Santa Teresa",23724,20612.88,32008,"Santa Teresa",3,"Sudeste",0,"320460",3,38,10,28,8,30,0,0,0,0,0,38,10,28,8,30,10,9.93367140211333,10.0742424729586,0.376985909676698,31
"13101","ES","Santa Teresa",23724,20612.88,32008,"Santa Teresa",3,"Sudeste",0,"320460",4,33,12,21,5,28,0,0,0,0,0,33,12,21,5,28,9,9.93367140211333,10.0742424729586,0.436497427787366,30
"13102","ES","Santa Teresa",23724,20612.88,32008,"Santa Teresa",3,"Sudeste",0,"320460",5,26,8,18,7,19,0,0,0,0,0,26,8,18,7,19,12,9.93367140211333,10.0742424729586,0.418573032218319,31
"13103","ES","Santa Teresa",23724,20612.88,32008,"Santa Teresa",3,"Sudeste",0,"320460",6,32,5,27,10,22,0,0,0,0,0,32,5,27,10,22,16,9.93367140211333,10.0742424729586,0.386549688665692,30
"13104","ES","Santa Teresa",23724,20612.88,32008,"Santa Teresa",3,"Sudeste",0,"320460",7,24,5,19,12,12,1,0,0,0,0,25,5,19,12,12,15,9.93367140211333,10.0742424729586,0.389896441010639,29
"13105","ES","São Domingos do Norte",8687,29410.1,32003,"Colatina",3,"Sudeste",0,"320465",2,25,9,16,9,16,0,0,0,0,0,25,9,16,9,16,3,10.2890934317463,9.06958293425992,0.294922056737606,29
"13106","ES","São Domingos do Norte",8687,29410.1,32003,"Colatina",3,"Sudeste",0,"320465",3,9,4,5,5,4,0,0,0,0,0,9,4,5,5,4,4,10.2890934317463,9.06958293425992,0.383415584558609,31
"13107","ES","São Domingos do Norte",8687,29410.1,32003,"Colatina",3,"Sudeste",0,"320465",4,9,2,7,3,6,0,0,0,0,0,9,2,7,3,6,6,10.2890934317463,9.06958293425992,0.414230654720923,30
"13108","ES","São Domingos do Norte",8687,29410.1,32003,"Colatina",3,"Sudeste",0,"320465",5,10,3,7,4,6,1,0,0,0,0,11,3,7,4,6,5,10.2890934317463,9.06958293425992,0.425004432597559,31
"13109","ES","São Domingos do Norte",8687,29410.1,32003,"Colatina",3,"Sudeste",0,"320465",6,14,3,11,3,11,0,0,0,0,0,14,3,11,3,11,10,10.2890934317463,9.06958293425992,0.399288699112829,30
"13110","ES","São Domingos do Norte",8687,29410.1,32003,"Colatina",3,"Sudeste",0,"320465",7,6,3,3,2,4,0,0,0,0,0,6,3,3,2,4,6,10.2890934317463,9.06958293425992,0.39698990921598,29
"13111","ES","São Gabriel da Palha",38522,16148.84,32002,"Nova Venécia",3,"Sudeste",0,"320470",2,52,20,32,20,32,0,0,0,0,0,52,20,32,20,32,21,9.68960349944576,10.5589847856442,0.29426990700246,29
"13112","ES","São Gabriel da Palha",38522,16148.84,32002,"Nova Venécia",3,"Sudeste",0,"320470",3,43,12,31,16,27,0,0,0,0,0,43,12,31,16,27,14,9.68960349944576,10.5589847856442,0.363009470503493,31
"13113","ES","São Gabriel da Palha",38522,16148.84,32002,"Nova Venécia",3,"Sudeste",0,"320470",4,28,8,20,14,14,2,0,0,0,0,30,8,20,14,14,16,9.68960349944576,10.5589847856442,0.403773886518124,30
"13114","ES","São Gabriel da Palha",38522,16148.84,32002,"Nova Venécia",3,"Sudeste",0,"320470",5,34,12,22,14,20,0,0,0,0,0,34,12,22,14,20,14,9.68960349944576,10.5589847856442,0.385421072491357,31
"13115","ES","São Gabriel da Palha",38522,16148.84,32002,"Nova Venécia",3,"Sudeste",0,"320470",6,35,9,26,17,18,1,0,0,0,0,36,9,26,17,18,19,9.68960349944576,10.5589847856442,0.376884202461757,30
"13116","ES","São Gabriel da Palha",38522,16148.84,32002,"Nova Venécia",3,"Sudeste",0,"320470",7,34,9,25,10,24,0,0,0,0,0,34,9,25,10,24,28,9.68960349944576,10.5589847856442,0.377578941568743,29
"13117","ES","São José do Calçado",10546,15150.14,32012,"Cachoeiro de Itapemirim",3,"Sudeste",0,"320480",2,12,3,9,5,7,0,0,0,0,0,12,3,9,5,7,7,9.62576505181891,9.26350192009041,0.313364091031138,29
"13118","ES","São José do Calçado",10546,15150.14,32012,"Cachoeiro de Itapemirim",3,"Sudeste",0,"320480",3,9,4,5,6,3,0,0,0,0,0,9,4,5,6,3,6,9.62576505181891,9.26350192009041,0.401287063381874,31
"13119","ES","São José do Calçado",10546,15150.14,32012,"Cachoeiro de Itapemirim",3,"Sudeste",0,"320480",4,14,5,9,6,8,1,0,0,0,0,15,5,9,6,8,8,9.62576505181891,9.26350192009041,0.451042231994104,30
"13120","ES","São José do Calçado",10546,15150.14,32012,"Cachoeiro de Itapemirim",3,"Sudeste",0,"320480",5,17,7,10,9,8,0,0,0,0,0,17,7,10,9,8,5,9.62576505181891,9.26350192009041,0.454946288211066,31
"13121","ES","São José do Calçado",10546,15150.14,32012,"Cachoeiro de Itapemirim",3,"Sudeste",0,"320480",6,9,2,7,4,5,0,0,0,0,0,9,2,7,4,5,10,9.62576505181891,9.26350192009041,0.450425293079554,30
"13122","ES","São José do Calçado",10546,15150.14,32012,"Cachoeiro de Itapemirim",3,"Sudeste",0,"320480",7,14,7,7,5,9,0,0,0,0,0,14,7,7,5,9,11,9.62576505181891,9.26350192009041,0.427386101836161,29
"13123","ES","São Mateus",132642,18764.1,32005,"São Mateus",3,"Sudeste",1,"320490",2,294,58,236,112,182,1,0,0,0,0,295,58,236,112,182,50,9.83970074878823,11.7954090486632,0.307397439431112,29
"13124","ES","São Mateus",132642,18764.1,32005,"São Mateus",3,"Sudeste",1,"320490",3,208,45,163,64,144,3,0,0,0,0,211,45,163,64,144,64,9.83970074878823,11.7954090486632,0.40841948808146,31
"13125","ES","São Mateus",132642,18764.1,32005,"São Mateus",3,"Sudeste",1,"320490",4,168,42,126,67,101,2,0,0,0,0,170,42,126,67,101,54,9.83970074878823,11.7954090486632,0.459253812121449,30
"13126","ES","São Mateus",132642,18764.1,32005,"São Mateus",3,"Sudeste",1,"320490",5,172,44,128,70,102,2,0,0,0,0,174,44,128,70,102,58,9.83970074878823,11.7954090486632,0.421941848891532,31
"13127","ES","São Mateus",132642,18764.1,32005,"São Mateus",3,"Sudeste",1,"320490",6,149,44,105,62,87,1,0,0,0,0,150,44,105,62,87,85,9.83970074878823,11.7954090486632,0.401951991894716,30
"13128","ES","São Mateus",132642,18764.1,32005,"São Mateus",3,"Sudeste",1,"320490",7,166,41,125,58,108,4,0,0,0,0,170,41,125,58,108,102,9.83970074878823,11.7954090486632,0.407457868086752,29
"13129","ES","São Roque do Canaã",12510,16068.91,32008,"Santa Teresa",3,"Sudeste",0,"320495",2,11,3,8,5,6,0,0,0,0,0,11,3,8,5,6,4,9.68464162817972,9.43428360346096,0.328115561213222,29
"13130","ES","São Roque do Canaã",12510,16068.91,32008,"Santa Teresa",3,"Sudeste",0,"320495",3,12,0,12,5,7,0,0,0,0,0,12,0,12,5,7,2,9.68464162817972,9.43428360346096,0.404594145285878,31
"13131","ES","São Roque do Canaã",12510,16068.91,32008,"Santa Teresa",3,"Sudeste",0,"320495",4,11,5,6,5,6,0,0,0,0,0,11,5,6,5,6,10,9.68464162817972,9.43428360346096,0.457005387563312,30
"13132","ES","São Roque do Canaã",12510,16068.91,32008,"Santa Teresa",3,"Sudeste",0,"320495",5,10,4,6,2,8,0,0,0,0,0,10,4,6,2,8,8,9.68464162817972,9.43428360346096,0.460982672704937,31
"13133","ES","São Roque do Canaã",12510,16068.91,32008,"Santa Teresa",3,"Sudeste",0,"320495",6,9,3,6,4,5,0,0,0,0,0,9,3,6,4,5,7,9.68464162817972,9.43428360346096,0.441948500906485,30
"13134","ES","São Roque do Canaã",12510,16068.91,32008,"Santa Teresa",3,"Sudeste",0,"320495",7,11,3,8,5,6,0,0,0,0,0,11,3,8,5,6,8,9.68464162817972,9.43428360346096,0.412122319418989,29
"13135","ES","Serra",527240,45544.8,32009,"Vitória",3,"Sudeste",1,"320500",2,1063,232,831,369,694,3,0,0,0,0,1066,232,831,369,694,207,10.7264517359079,13.1754111318264,0.299189844593956,29
"13136","ES","Serra",527240,45544.8,32009,"Vitória",3,"Sudeste",1,"320500",3,917,215,702,293,624,5,0,0,0,0,922,215,702,293,624,239,10.7264517359079,13.1754111318264,0.399873956314979,31
"13137","ES","Serra",527240,45544.8,32009,"Vitória",3,"Sudeste",1,"320500",4,622,149,473,236,386,6,0,0,0,0,628,149,473,236,386,263,10.7264517359079,13.1754111318264,0.455164219059088,30
"13138","ES","Serra",527240,45544.8,32009,"Vitória",3,"Sudeste",1,"320500",5,650,140,510,209,441,5,0,0,0,0,655,140,510,209,441,395,10.7264517359079,13.1754111318264,0.423564510147948,31
"13139","ES","Serra",527240,45544.8,32009,"Vitória",3,"Sudeste",1,"320500",6,643,143,500,238,405,5,0,0,0,0,648,143,500,238,405,338,10.7264517359079,13.1754111318264,0.400004915417344,30
"13140","ES","Serra",527240,45544.8,32009,"Vitória",3,"Sudeste",1,"320500",7,618,148,470,221,397,2,0,0,0,0,620,148,470,221,397,297,10.7264517359079,13.1754111318264,0.395178897154679,29
"13141","ES","Sooretama",30680,17473.16,32006,"Linhares",3,"Sudeste",0,"320501",2,60,17,43,28,32,0,0,0,0,0,60,17,43,28,32,12,9.76842126828218,10.3313662554812,0.287787633037124,29
"13142","ES","Sooretama",30680,17473.16,32006,"Linhares",3,"Sudeste",0,"320501",3,36,10,26,17,19,0,0,0,0,0,36,10,26,17,19,10,9.76842126828218,10.3313662554812,0.374220314422144,31
"13143","ES","Sooretama",30680,17473.16,32006,"Linhares",3,"Sudeste",0,"320501",4,34,8,26,16,18,0,0,0,0,0,34,8,26,16,18,15,9.76842126828218,10.3313662554812,0.399542965714371,30
"13144","ES","Sooretama",30680,17473.16,32006,"Linhares",3,"Sudeste",0,"320501",5,49,15,34,25,24,1,0,0,0,0,50,15,34,25,24,13,9.76842126828218,10.3313662554812,0.37094267195135,31
"13145","ES","Sooretama",30680,17473.16,32006,"Linhares",3,"Sudeste",0,"320501",6,39,15,24,26,13,0,0,0,0,0,39,15,24,26,13,26,9.76842126828218,10.3313662554812,0.370970874507952,30
"13146","ES","Sooretama",30680,17473.16,32006,"Linhares",3,"Sudeste",0,"320501",7,39,10,29,15,24,0,0,0,0,0,39,10,29,15,24,18,9.76842126828218,10.3313662554812,0.378826163551746,29
"13147","ES","Vargem Alta",21591,16157.61,32012,"Cachoeiro de Itapemirim",3,"Sudeste",0,"320503",2,28,7,21,5,23,0,0,0,0,0,28,7,21,5,23,13,9.69014642509778,9.98003184017591,0.306439036956394,29
"13148","ES","Vargem Alta",21591,16157.61,32012,"Cachoeiro de Itapemirim",3,"Sudeste",0,"320503",3,25,11,14,4,21,0,0,0,0,0,25,11,14,4,21,13,9.69014642509778,9.98003184017591,0.383283299115769,31
"13149","ES","Vargem Alta",21591,16157.61,32012,"Cachoeiro de Itapemirim",3,"Sudeste",0,"320503",4,16,4,12,7,9,0,0,0,0,0,16,4,12,7,9,7,9.69014642509778,9.98003184017591,0.429047720332379,30
"13150","ES","Vargem Alta",21591,16157.61,32012,"Cachoeiro de Itapemirim",3,"Sudeste",0,"320503",5,20,9,11,5,15,0,0,0,0,0,20,9,11,5,15,9,9.69014642509778,9.98003184017591,0.419392410191602,31
"13151","ES","Vargem Alta",21591,16157.61,32012,"Cachoeiro de Itapemirim",3,"Sudeste",0,"320503",6,20,5,15,5,15,0,0,0,0,0,20,5,15,5,15,11,9.69014642509778,9.98003184017591,0.387912820375871,30
"13152","ES","Vargem Alta",21591,16157.61,32012,"Cachoeiro de Itapemirim",3,"Sudeste",0,"320503",7,26,5,21,5,21,0,0,0,0,0,26,5,21,5,21,21,9.69014642509778,9.98003184017591,0.395619754473261,29
"13153","ES","Venda Nova do Imigrante",25745,24715.68,32007,"Afonso Cláudio",3,"Sudeste",0,"320506",2,49,12,37,17,32,0,0,0,0,0,49,12,37,17,32,11,10.1151931390182,10.1559957124802,0.286524390178457,29
"13154","ES","Venda Nova do Imigrante",25745,24715.68,32007,"Afonso Cláudio",3,"Sudeste",0,"320506",3,53,10,43,17,36,0,0,0,0,0,53,10,43,17,36,10,10.1151931390182,10.1559957124802,0.368460379014457,31
"13155","ES","Venda Nova do Imigrante",25745,24715.68,32007,"Afonso Cláudio",3,"Sudeste",0,"320506",4,30,8,22,11,19,0,0,0,0,0,30,8,22,11,19,9,10.1151931390182,10.1559957124802,0.400080585357974,30
"13156","ES","Venda Nova do Imigrante",25745,24715.68,32007,"Afonso Cláudio",3,"Sudeste",0,"320506",5,32,7,25,10,22,2,0,0,0,0,34,7,25,10,22,14,10.1151931390182,10.1559957124802,0.37589901034651,31
"13157","ES","Venda Nova do Imigrante",25745,24715.68,32007,"Afonso Cláudio",3,"Sudeste",0,"320506",6,26,5,21,9,17,0,0,0,0,0,26,5,21,9,17,9,10.1151931390182,10.1559957124802,0.353122984333895,30
"13158","ES","Venda Nova do Imigrante",25745,24715.68,32007,"Afonso Cláudio",3,"Sudeste",0,"320506",7,26,9,17,11,15,0,0,0,0,0,26,9,17,11,15,10,10.1151931390182,10.1559957124802,0.365353330838785,29
"13159","ES","Viana",79500,32060.09,32009,"Vitória",3,"Sudeste",1,"320510",2,144,36,108,46,98,0,0,0,0,0,144,36,108,46,98,35,10.375367233396,11.2835123006424,0.302359688217756,29
"13160","ES","Viana",79500,32060.09,32009,"Vitória",3,"Sudeste",1,"320510",3,95,33,62,30,65,0,0,0,0,0,95,33,62,30,65,30,10.375367233396,11.2835123006424,0.401971435489193,31
"13161","ES","Viana",79500,32060.09,32009,"Vitória",3,"Sudeste",1,"320510",4,94,23,71,36,58,1,0,0,0,0,95,23,71,36,58,45,10.375367233396,11.2835123006424,0.441194268835351,30
"13162","ES","Viana",79500,32060.09,32009,"Vitória",3,"Sudeste",1,"320510",5,106,33,73,47,59,2,0,0,0,0,108,33,73,47,59,61,10.375367233396,11.2835123006424,0.409926278850816,31
"13163","ES","Viana",79500,32060.09,32009,"Vitória",3,"Sudeste",1,"320510",6,82,28,54,35,47,0,0,0,0,0,82,28,54,35,47,51,10.375367233396,11.2835123006424,0.387880399030996,30
"13164","ES","Viana",79500,32060.09,32009,"Vitória",3,"Sudeste",1,"320510",7,80,16,64,34,46,0,0,0,0,0,80,16,64,34,46,45,10.375367233396,11.2835123006424,0.384732395941985,29
"13165","ES","Vila Valério",14073,19623.3,32002,"Nova Venécia",3,"Sudeste",0,"320517",2,38,14,24,20,18,0,0,0,0,0,38,14,24,20,18,5,9.88447291469469,9.55201334699657,0.303838461440983,29
"13166","ES","Vila Valério",14073,19623.3,32002,"Nova Venécia",3,"Sudeste",0,"320517",3,20,3,17,10,10,0,0,0,0,0,20,3,17,10,10,9,9.88447291469469,9.55201334699657,0.376831730338744,31
"13167","ES","Vila Valério",14073,19623.3,32002,"Nova Venécia",3,"Sudeste",0,"320517",4,13,10,3,6,7,0,0,0,0,0,13,10,3,6,7,6,9.88447291469469,9.55201334699657,0.387567908039018,30
"13168","ES","Vila Valério",14073,19623.3,32002,"Nova Venécia",3,"Sudeste",0,"320517",5,23,14,9,12,11,0,0,0,0,0,23,14,9,12,11,3,9.88447291469469,9.55201334699657,0.416477296445015,31
"13169","ES","Vila Valério",14073,19623.3,32002,"Nova Venécia",3,"Sudeste",0,"320517",6,12,4,8,4,8,0,0,0,0,0,12,4,8,4,8,9,9.88447291469469,9.55201334699657,0.404431482534996,30
"13170","ES","Vila Valério",14073,19623.3,32002,"Nova Venécia",3,"Sudeste",0,"320517",7,21,9,12,9,12,0,0,0,0,0,21,9,12,9,12,13,9.88447291469469,9.55201334699657,0.42883254811594,29
"13171","ES","Vila Velha",501325,24936.1,32009,"Vitória",3,"Sudeste",1,"320520",2,895,160,735,276,619,6,0,0,0,0,901,160,735,276,619,215,10.1240718317054,13.1250098723452,0.294691226091355,29
"13172","ES","Vila Velha",501325,24936.1,32009,"Vitória",3,"Sudeste",1,"320520",3,720,171,549,248,472,3,0,0,0,0,723,171,549,248,472,267,10.1240718317054,13.1250098723452,0.410586443568186,31
"13173","ES","Vila Velha",501325,24936.1,32009,"Vitória",3,"Sudeste",1,"320520",4,537,119,418,172,365,2,0,0,0,0,539,119,418,172,365,242,10.1240718317054,13.1250098723452,0.473360443464968,30
"13174","ES","Vila Velha",501325,24936.1,32009,"Vitória",3,"Sudeste",1,"320520",5,512,92,420,158,354,8,0,0,0,0,520,92,420,158,354,375,10.1240718317054,13.1250098723452,0.437541545200927,31
"13175","ES","Vila Velha",501325,24936.1,32009,"Vitória",3,"Sudeste",1,"320520",6,523,106,417,156,367,7,0,0,0,0,530,106,417,156,367,446,10.1240718317054,13.1250098723452,0.40605404741689,30
"13176","ES","Vila Velha",501325,24936.1,32009,"Vitória",3,"Sudeste",1,"320520",7,575,128,447,187,388,3,0,0,0,0,578,128,447,187,388,401,10.1240718317054,13.1250098723452,0.400299024865845,29
"13177","ES","Vitória",365855,73632.55,32009,"Vitória",3,"Sudeste",1,"320530",2,663,82,581,171,492,3,0,0,0,0,666,82,581,171,492,164,11.2068424623856,12.8099923590221,0.297352230963646,29
"13178","ES","Vitória",365855,73632.55,32009,"Vitória",3,"Sudeste",1,"320530",3,530,85,445,132,398,2,0,0,0,0,532,85,445,132,398,177,11.2068424623856,12.8099923590221,0.420007459712876,31
"13179","ES","Vitória",365855,73632.55,32009,"Vitória",3,"Sudeste",1,"320530",4,346,55,291,85,261,2,0,0,0,0,348,55,291,85,261,195,11.2068424623856,12.8099923590221,0.500839161976316,30
"13180","ES","Vitória",365855,73632.55,32009,"Vitória",3,"Sudeste",1,"320530",5,370,71,299,114,256,2,0,0,0,0,372,71,299,114,256,276,11.2068424623856,12.8099923590221,0.461849179820131,31
"13181","ES","Vitória",365855,73632.55,32009,"Vitória",3,"Sudeste",1,"320530",6,348,43,305,98,250,2,0,0,0,0,350,43,305,98,250,303,11.2068424623856,12.8099923590221,0.428018744947337,30
"13182","ES","Vitória",365855,73632.55,32009,"Vitória",3,"Sudeste",1,"320530",7,385,61,324,120,265,1,0,0,0,0,386,61,324,120,265,277,11.2068424623856,12.8099923590221,0.417917588900267,29
"13183","RJ","Angra dos Reis",207044,44590.88,33013,"Baía da Ilha Grande",3,"Sudeste",1,"330010",2,272,85,187,109,163,4,0,0,0,0,276,85,187,109,163,80,10.7052846327935,12.2406866100462,0.320001253577249,29
"13184","RJ","Angra dos Reis",207044,44590.88,33013,"Baía da Ilha Grande",3,"Sudeste",1,"330010",3,233,70,163,91,142,2,0,0,0,0,235,70,163,91,142,98,10.7052846327935,12.2406866100462,0.423003328141277,31
"13185","RJ","Angra dos Reis",207044,44590.88,33013,"Baía da Ilha Grande",3,"Sudeste",1,"330010",4,183,49,134,72,111,4,0,0,0,0,187,49,134,72,111,99,10.7052846327935,12.2406866100462,0.485068940698803,30
"13186","RJ","Angra dos Reis",207044,44590.88,33013,"Baía da Ilha Grande",3,"Sudeste",1,"330010",5,194,61,133,79,115,3,0,0,0,0,197,61,133,79,115,125,10.7052846327935,12.2406866100462,0.459238522938283,31
"13187","RJ","Angra dos Reis",207044,44590.88,33013,"Baía da Ilha Grande",3,"Sudeste",1,"330010",6,187,54,133,75,112,3,0,0,0,0,190,54,133,75,112,121,10.7052846327935,12.2406866100462,0.43541816944678,30
"13188","RJ","Angra dos Reis",207044,44590.88,33013,"Baía da Ilha Grande",3,"Sudeste",1,"330010",7,219,66,153,97,122,2,0,0,0,0,221,66,153,97,122,117,10.7052846327935,12.2406866100462,0.421296590219939,29
"13189","RJ","Aperibé",11901,15625.88,33002,"Santo Antônio de Pádua",3,"Sudeste",0,"330015",2,16,0,16,5,11,0,0,0,0,0,16,0,16,5,11,12,9.65668379301869,9.38437770918244,0.340526409985025,29
"13190","RJ","Aperibé",11901,15625.88,33002,"Santo Antônio de Pádua",3,"Sudeste",0,"330015",3,17,3,14,6,11,2,0,0,0,0,19,3,14,6,11,4,9.65668379301869,9.38437770918244,0.447247426499924,31
"13191","RJ","Aperibé",11901,15625.88,33002,"Santo Antônio de Pádua",3,"Sudeste",0,"330015",4,13,1,12,7,6,0,0,0,0,0,13,1,12,7,6,3,9.65668379301869,9.38437770918244,0.493841765766041,30
"13192","RJ","Aperibé",11901,15625.88,33002,"Santo Antônio de Pádua",3,"Sudeste",0,"330015",5,8,2,6,3,5,0,0,0,0,0,8,2,6,3,5,6,9.65668379301869,9.38437770918244,0.466533290314987,31
"13193","RJ","Aperibé",11901,15625.88,33002,"Santo Antônio de Pádua",3,"Sudeste",0,"330015",6,8,0,8,0,8,0,0,0,0,0,8,0,8,0,8,17,9.65668379301869,9.38437770918244,0.439962707921354,30
"13194","RJ","Aperibé",11901,15625.88,33002,"Santo Antônio de Pádua",3,"Sudeste",0,"330015",7,11,1,10,3,8,0,0,0,0,0,11,1,10,3,8,9,9.65668379301869,9.38437770918244,0.426331501841294,29
"13195","RJ","Araruama",134293,20480.15,33010,"Lagos",3,"Sudeste",1,"330020",2,194,42,152,86,108,2,0,0,0,0,196,42,152,86,108,81,9.92721140334537,11.8077792590383,0.31364637125268,29
"13196","RJ","Araruama",134293,20480.15,33010,"Lagos",3,"Sudeste",1,"330020",3,216,64,152,74,142,0,0,0,0,0,216,64,152,74,142,81,9.92721140334537,11.8077792590383,0.417922745746036,31
"13197","RJ","Araruama",134293,20480.15,33010,"Lagos",3,"Sudeste",1,"330020",4,136,46,90,64,72,1,0,0,0,0,137,46,90,64,72,93,9.92721140334537,11.8077792590383,0.482337538157604,30
"13198","RJ","Araruama",134293,20480.15,33010,"Lagos",3,"Sudeste",1,"330020",5,156,45,111,63,93,2,0,0,0,0,158,45,111,63,93,120,9.92721140334537,11.8077792590383,0.45756195095621,31
"13199","RJ","Araruama",134293,20480.15,33010,"Lagos",3,"Sudeste",1,"330020",6,154,37,117,60,94,3,0,0,0,0,157,37,117,60,94,105,9.92721140334537,11.8077792590383,0.412371151973428,30
"13200","RJ","Araruama",134293,20480.15,33010,"Lagos",3,"Sudeste",1,"330020",7,158,43,115,64,94,2,0,0,0,0,160,43,115,64,94,112,9.92721140334537,11.8077792590383,0.40049773548942,29
"13201","RJ","Areal",12669,25200.29,33005,"Três Rios",3,"Sudeste",1,"330022",2,16,5,11,5,11,0,0,0,0,0,16,5,11,5,11,8,10.1346107813698,9.44691334360205,0.310268224945155,29
"13202","RJ","Areal",12669,25200.29,33005,"Três Rios",3,"Sudeste",1,"330022",3,15,1,14,3,12,0,0,0,0,0,15,1,14,3,12,5,10.1346107813698,9.44691334360205,0.403194639826432,31
"13203","RJ","Areal",12669,25200.29,33005,"Três Rios",3,"Sudeste",1,"330022",4,9,2,7,2,7,1,0,0,0,0,10,2,7,2,7,6,10.1346107813698,9.44691334360205,0.454139237850973,30
"13204","RJ","Areal",12669,25200.29,33005,"Três Rios",3,"Sudeste",1,"330022",5,7,1,6,3,4,0,0,0,0,0,7,1,6,3,4,9,10.1346107813698,9.44691334360205,0.446469514653407,31
"13205","RJ","Areal",12669,25200.29,33005,"Três Rios",3,"Sudeste",1,"330022",6,17,4,13,8,9,0,0,0,0,0,17,4,13,8,9,8,10.1346107813698,9.44691334360205,0.405759647240808,30
"13206","RJ","Areal",12669,25200.29,33005,"Três Rios",3,"Sudeste",1,"330022",7,20,5,15,7,13,0,0,0,0,0,20,5,15,7,13,8,10.1346107813698,9.44691334360205,0.404829975004559,29
"13207","RJ","Armação dos Búzios",34477,76723.42,33010,"Lagos",3,"Sudeste",1,"330023",2,57,8,49,21,36,0,0,0,0,0,57,8,49,21,36,18,11.2479622862489,10.4480477140317,0.294032745737854,29
"13208","RJ","Armação dos Búzios",34477,76723.42,33010,"Lagos",3,"Sudeste",1,"330023",3,53,10,43,12,41,1,0,0,0,0,54,10,43,12,41,27,11.2479622862489,10.4480477140317,0.422849193242235,31
"13209","RJ","Armação dos Búzios",34477,76723.42,33010,"Lagos",3,"Sudeste",1,"330023",4,46,10,36,16,30,1,0,0,0,0,47,10,36,16,30,20,11.2479622862489,10.4480477140317,0.504051486663293,30
"13210","RJ","Armação dos Búzios",34477,76723.42,33010,"Lagos",3,"Sudeste",1,"330023",5,65,19,46,20,45,0,0,0,0,0,65,19,46,20,45,34,11.2479622862489,10.4480477140317,0.479457767995625,31
"13211","RJ","Armação dos Búzios",34477,76723.42,33010,"Lagos",3,"Sudeste",1,"330023",6,53,4,49,16,37,0,0,0,0,0,53,4,49,16,37,31,11.2479622862489,10.4480477140317,0.4385616510032,30
"13212","RJ","Armação dos Búzios",34477,76723.42,33010,"Lagos",3,"Sudeste",1,"330023",7,25,3,22,8,17,0,0,0,0,0,25,3,22,8,17,30,11.2479622862489,10.4480477140317,0.432480760179843,29
"13213","RJ","Arraial do Cabo",30593,42927.02,33010,"Lagos",3,"Sudeste",1,"330025",2,64,12,52,24,40,0,0,0,0,0,64,12,52,24,40,17,10.667256743482,10.3285265036014,0.325275492044767,29
"13214","RJ","Arraial do Cabo",30593,42927.02,33010,"Lagos",3,"Sudeste",1,"330025",3,50,18,32,28,22,0,0,0,0,0,50,18,32,28,22,25,10.667256743482,10.3285265036014,0.452708785318548,31
"13215","RJ","Arraial do Cabo",30593,42927.02,33010,"Lagos",3,"Sudeste",1,"330025",4,42,12,30,26,16,1,0,0,0,0,43,12,30,26,16,16,10.667256743482,10.3285265036014,0.523236229933154,30
"13216","RJ","Arraial do Cabo",30593,42927.02,33010,"Lagos",3,"Sudeste",1,"330025",5,39,9,30,16,23,0,0,0,0,0,39,9,30,16,23,30,10.667256743482,10.3285265036014,0.494396178187599,31
"13217","RJ","Arraial do Cabo",30593,42927.02,33010,"Lagos",3,"Sudeste",1,"330025",6,42,16,26,12,30,0,0,0,0,0,42,16,26,12,30,23,10.667256743482,10.3285265036014,0.439905412062171,30
"13218","RJ","Arraial do Cabo",30593,42927.02,33010,"Lagos",3,"Sudeste",1,"330025",7,28,7,21,7,21,1,0,0,0,0,29,7,21,7,21,25,10.667256743482,10.3285265036014,0.432227938607253,29
"13219","RJ","Barra do Piraí",100764,20602.24,33012,"Barra do Piraí",3,"Sudeste",1,"330030",2,150,37,113,74,76,1,0,0,0,0,151,37,113,74,76,70,9.93315508673022,11.5205364279716,0.31285672468186,29
"13220","RJ","Barra do Piraí",100764,20602.24,33012,"Barra do Piraí",3,"Sudeste",1,"330030",3,105,22,83,44,61,0,0,0,0,0,105,22,83,44,61,82,9.93315508673022,11.5205364279716,0.426240020807304,31
"13221","RJ","Barra do Piraí",100764,20602.24,33012,"Barra do Piraí",3,"Sudeste",1,"330030",4,100,29,71,46,54,1,0,0,0,0,101,29,71,46,54,57,9.93315508673022,11.5205364279716,0.486599172673159,30
"13222","RJ","Barra do Piraí",100764,20602.24,33012,"Barra do Piraí",3,"Sudeste",1,"330030",5,111,23,88,42,69,1,0,0,0,0,112,23,88,42,69,78,9.93315508673022,11.5205364279716,0.44557830100426,31
"13223","RJ","Barra do Piraí",100764,20602.24,33012,"Barra do Piraí",3,"Sudeste",1,"330030",6,94,19,75,33,61,0,0,0,0,0,94,19,75,33,61,75,9.93315508673022,11.5205364279716,0.401881408787191,30
"13224","RJ","Barra do Piraí",100764,20602.24,33012,"Barra do Piraí",3,"Sudeste",1,"330030",7,119,41,78,50,69,0,0,0,0,0,119,41,78,50,69,89,9.93315508673022,11.5205364279716,0.409394864090119,29
"13225","RJ","Barra Mansa",184833,28067.77,33011,"Vale do Paraíba Fluminense",3,"Sudeste",1,"330040",2,294,59,235,91,203,0,0,0,0,0,294,59,235,91,203,125,10.2423772219535,12.1272079936763,0.310781614680448,29
"13226","RJ","Barra Mansa",184833,28067.77,33011,"Vale do Paraíba Fluminense",3,"Sudeste",1,"330040",3,281,59,222,95,186,3,0,0,0,0,284,59,222,95,186,143,10.2423772219535,12.1272079936763,0.416971560287717,31
"13227","RJ","Barra Mansa",184833,28067.77,33011,"Vale do Paraíba Fluminense",3,"Sudeste",1,"330040",4,186,38,148,59,127,2,0,0,0,0,188,38,148,59,127,125,10.2423772219535,12.1272079936763,0.489319025007656,30
"13228","RJ","Barra Mansa",184833,28067.77,33011,"Vale do Paraíba Fluminense",3,"Sudeste",1,"330040",5,173,34,139,56,117,2,0,0,0,0,175,34,139,56,117,167,10.2423772219535,12.1272079936763,0.43564768466941,31
"13229","RJ","Barra Mansa",184833,28067.77,33011,"Vale do Paraíba Fluminense",3,"Sudeste",1,"330040",6,144,38,106,43,101,2,0,0,0,0,146,38,106,43,101,159,10.2423772219535,12.1272079936763,0.399327446419081,30
"13230","RJ","Barra Mansa",184833,28067.77,33011,"Vale do Paraíba Fluminense",3,"Sudeste",1,"330040",7,166,50,116,65,101,1,0,0,0,0,167,50,116,65,101,223,10.2423772219535,12.1272079936763,0.404742941963339,29
"13231","RJ","Belford Roxo",513118,15598.12,33018,"Rio de Janeiro",3,"Sudeste",1,"330045",2,746,231,515,362,384,10,0,0,0,0,756,231,515,362,384,284,9.65490567315486,13.1482611171957,0.318177535973946,29
"13232","RJ","Belford Roxo",513118,15598.12,33018,"Rio de Janeiro",3,"Sudeste",1,"330045",3,727,206,521,333,394,3,0,0,0,0,730,206,521,333,394,305,9.65490567315486,13.1482611171957,0.409612247596741,31
"13233","RJ","Belford Roxo",513118,15598.12,33018,"Rio de Janeiro",3,"Sudeste",1,"330045",4,532,148,384,237,295,11,0,0,0,0,543,148,384,237,295,462,9.65490567315486,13.1482611171957,0.473746525423469,30
"13234","RJ","Belford Roxo",513118,15598.12,33018,"Rio de Janeiro",3,"Sudeste",1,"330045",5,546,188,358,238,308,12,0,0,0,0,558,188,358,238,308,600,9.65490567315486,13.1482611171957,0.440421280778108,31
"13235","RJ","Belford Roxo",513118,15598.12,33018,"Rio de Janeiro",3,"Sudeste",1,"330045",6,553,177,376,256,297,9,0,0,0,0,562,177,376,256,297,341,9.65490567315486,13.1482611171957,0.393007299160229,30
"13236","RJ","Belford Roxo",513118,15598.12,33018,"Rio de Janeiro",3,"Sudeste",1,"330045",7,497,138,359,243,254,15,0,0,0,0,512,138,359,243,254,323,9.65490567315486,13.1482611171957,0.387141676205041,29
"13237","RJ","Bom Jardim",27616,24638.06,33007,"Nova Friburgo",3,"Sudeste",0,"330050",2,13,4,9,3,10,0,0,0,0,0,13,4,9,3,10,17,10.1120476807816,10.2261505938832,0.337199530380444,29
"13238","RJ","Bom Jardim",27616,24638.06,33007,"Nova Friburgo",3,"Sudeste",0,"330050",3,5,1,4,1,4,1,0,0,0,0,6,1,4,1,4,19,10.1120476807816,10.2261505938832,0.452825536414567,31
"13239","RJ","Bom Jardim",27616,24638.06,33007,"Nova Friburgo",3,"Sudeste",0,"330050",4,7,1,6,3,4,0,0,0,0,0,7,1,6,3,4,21,10.1120476807816,10.2261505938832,0.488671916100926,30
"13240","RJ","Bom Jardim",27616,24638.06,33007,"Nova Friburgo",3,"Sudeste",0,"330050",5,6,1,5,1,5,0,0,0,0,0,6,1,5,1,5,20,10.1120476807816,10.2261505938832,0.450501314282371,31
"13241","RJ","Bom Jardim",27616,24638.06,33007,"Nova Friburgo",3,"Sudeste",0,"330050",6,4,0,4,0,4,0,0,0,0,0,4,0,4,0,4,16,10.1120476807816,10.2261505938832,0.429936936061408,30
"13242","RJ","Bom Jardim",27616,24638.06,33007,"Nova Friburgo",3,"Sudeste",0,"330050",7,6,0,6,0,6,0,0,0,0,0,6,0,6,0,6,19,10.1120476807816,10.2261505938832,0.433811873737586,29
"13243","RJ","Bom Jesus do Itabapoana",37203,20586.07,33001,"Itaperuna",3,"Sudeste",1,"330060",2,58,7,51,21,37,0,0,0,0,0,58,7,51,21,37,27,9.93236991244991,10.5241446821709,0.320163183594769,29
"13244","RJ","Bom Jesus do Itabapoana",37203,20586.07,33001,"Itaperuna",3,"Sudeste",1,"330060",3,51,7,44,24,27,2,0,0,0,0,53,7,44,24,27,40,9.93236991244991,10.5241446821709,0.405890407213688,31
"13245","RJ","Bom Jesus do Itabapoana",37203,20586.07,33001,"Itaperuna",3,"Sudeste",1,"330060",4,36,10,26,14,22,0,0,0,0,0,36,10,26,14,22,26,9.93236991244991,10.5241446821709,0.453115432159662,30
"13246","RJ","Bom Jesus do Itabapoana",37203,20586.07,33001,"Itaperuna",3,"Sudeste",1,"330060",5,39,13,26,19,20,0,0,0,0,0,39,13,26,19,20,33,9.93236991244991,10.5241446821709,0.438513551699823,31
"13247","RJ","Bom Jesus do Itabapoana",37203,20586.07,33001,"Itaperuna",3,"Sudeste",1,"330060",6,32,5,27,13,19,1,0,0,0,0,33,5,27,13,19,34,9.93236991244991,10.5241446821709,0.406367734057721,30
"13248","RJ","Bom Jesus do Itabapoana",37203,20586.07,33001,"Itaperuna",3,"Sudeste",1,"330060",7,51,11,40,18,33,2,0,0,0,0,53,11,40,18,33,36,9.93236991244991,10.5241446821709,0.428575454971654,29
"13249","RJ","Cabo Frio",230378,49297.56,33010,"Lagos",3,"Sudeste",1,"330070",2,350,110,240,144,206,2,0,0,0,0,352,110,240,144,206,131,10.8056298659054,12.3474767171337,0.31560872276284,29
"13250","RJ","Cabo Frio",230378,49297.56,33010,"Lagos",3,"Sudeste",1,"330070",3,288,96,192,109,179,6,0,0,0,0,294,96,192,109,179,145,10.8056298659054,12.3474767171337,0.433518081014369,31
"13251","RJ","Cabo Frio",230378,49297.56,33010,"Lagos",3,"Sudeste",1,"330070",4,223,82,141,83,140,1,0,0,0,0,224,82,141,83,140,124,10.8056298659054,12.3474767171337,0.494950194118257,30
"13252","RJ","Cabo Frio",230378,49297.56,33010,"Lagos",3,"Sudeste",1,"330070",5,179,62,117,75,104,6,0,0,0,0,185,62,117,75,104,205,10.8056298659054,12.3474767171337,0.467208716909778,31
"13253","RJ","Cabo Frio",230378,49297.56,33010,"Lagos",3,"Sudeste",1,"330070",6,223,68,155,87,136,1,0,0,0,0,224,68,155,87,136,173,10.8056298659054,12.3474767171337,0.420483556279957,30
"13254","RJ","Cabo Frio",230378,49297.56,33010,"Lagos",3,"Sudeste",1,"330070",7,256,99,157,110,146,5,0,0,0,0,261,99,157,110,146,157,10.8056298659054,12.3474767171337,0.412991980673114,29
"13255","RJ","Cachoeiras de Macacu",59303,17638.69,33016,"Macacu-Caceribu",3,"Sudeste",1,"330080",2,77,17,60,34,43,0,0,0,0,0,77,17,60,34,43,37,9.7778500637646,10.9904151739254,0.323725265394776,29
"13256","RJ","Cachoeiras de Macacu",59303,17638.69,33016,"Macacu-Caceribu",3,"Sudeste",1,"330080",3,48,18,30,23,25,0,0,0,0,0,48,18,30,23,25,34,9.7778500637646,10.9904151739254,0.410852615456287,31
"13257","RJ","Cachoeiras de Macacu",59303,17638.69,33016,"Macacu-Caceribu",3,"Sudeste",1,"330080",4,49,16,33,22,27,2,0,0,0,0,51,16,33,22,27,36,9.7778500637646,10.9904151739254,0.473623875054533,30
"13258","RJ","Cachoeiras de Macacu",59303,17638.69,33016,"Macacu-Caceribu",3,"Sudeste",1,"330080",5,52,8,44,20,32,0,0,0,0,0,52,8,44,20,32,72,9.7778500637646,10.9904151739254,0.45972389783208,31
"13259","RJ","Cachoeiras de Macacu",59303,17638.69,33016,"Macacu-Caceribu",3,"Sudeste",1,"330080",6,58,20,38,26,32,0,0,0,0,0,58,20,38,26,32,43,9.7778500637646,10.9904151739254,0.416968770153025,30
"13260","RJ","Cachoeiras de Macacu",59303,17638.69,33016,"Macacu-Caceribu",3,"Sudeste",1,"330080",7,50,14,36,23,27,1,0,0,0,0,51,14,36,23,27,37,9.7778500637646,10.9904151739254,0.418556743853691,29
"13261","RJ","Cambuci",15514,21730.91,33002,"Santo Antônio de Pádua",3,"Sudeste",0,"330090",2,17,2,15,8,9,0,0,0,0,0,17,2,15,8,9,11,9.98649094996222,9.64949812105082,0.341384483564682,29
"13262","RJ","Cambuci",15514,21730.91,33002,"Santo Antônio de Pádua",3,"Sudeste",0,"330090",3,21,7,14,10,11,0,0,0,0,0,21,7,14,10,11,12,9.98649094996222,9.64949812105082,0.462880823551944,31
"13263","RJ","Cambuci",15514,21730.91,33002,"Santo Antônio de Pádua",3,"Sudeste",0,"330090",4,11,0,11,9,2,0,0,0,0,0,11,0,11,9,2,9,9.98649094996222,9.64949812105082,0.511517277013776,30
"13264","RJ","Cambuci",15514,21730.91,33002,"Santo Antônio de Pádua",3,"Sudeste",0,"330090",5,8,4,4,5,3,0,0,0,0,0,8,4,4,5,3,13,9.98649094996222,9.64949812105082,0.504869786105601,31
"13265","RJ","Cambuci",15514,21730.91,33002,"Santo Antônio de Pádua",3,"Sudeste",0,"330090",6,14,5,9,4,10,0,0,0,0,0,14,5,9,4,10,16,9.98649094996222,9.64949812105082,0.439715443496325,30
"13266","RJ","Cambuci",15514,21730.91,33002,"Santo Antônio de Pádua",3,"Sudeste",0,"330090",7,9,3,6,6,3,0,0,0,0,0,9,3,6,6,3,15,9.98649094996222,9.64949812105082,0.447938302204899,29
"13267","RJ","Carapebus",16586,32536.67,33004,"Macaé",3,"Sudeste",1,"330093",2,25,10,15,14,11,0,0,0,0,0,25,10,15,14,11,6,10.3901230399494,9.71631424501115,0.286256359033422,29
"13268","RJ","Carapebus",16586,32536.67,33004,"Macaé",3,"Sudeste",1,"330093",3,12,1,11,5,7,0,0,0,0,0,12,1,11,5,7,18,10.3901230399494,9.71631424501115,0.397221265129156,31
"13269","RJ","Carapebus",16586,32536.67,33004,"Macaé",3,"Sudeste",1,"330093",4,17,2,15,8,9,0,0,0,0,0,17,2,15,8,9,7,10.3901230399494,9.71631424501115,0.463714005156799,30
"13270","RJ","Carapebus",16586,32536.67,33004,"Macaé",3,"Sudeste",1,"330093",5,11,4,7,5,6,0,0,0,0,0,11,4,7,5,6,8,10.3901230399494,9.71631424501115,0.421014793558861,31
"13271","RJ","Carapebus",16586,32536.67,33004,"Macaé",3,"Sudeste",1,"330093",6,11,4,7,5,6,0,0,0,0,0,11,4,7,5,6,15,10.3901230399494,9.71631424501115,0.366758546238878,30
"13272","RJ","Carapebus",16586,32536.67,33004,"Macaé",3,"Sudeste",1,"330093",7,15,2,13,7,8,0,0,0,0,0,15,2,13,7,8,5,10.3901230399494,9.71631424501115,0.362215016448921,29
"13273","RJ","Comendador Levy Gasparian",8576,45550.65,33005,"Três Rios",3,"Sudeste",1,"330095",2,9,1,8,4,5,0,0,0,0,0,9,1,8,4,5,8,10.7265801726192,9.05672288331058,0.301036927657617,29
"13274","RJ","Comendador Levy Gasparian",8576,45550.65,33005,"Três Rios",3,"Sudeste",1,"330095",3,21,6,15,6,15,0,0,0,0,0,21,6,15,6,15,5,10.7265801726192,9.05672288331058,0.437950022953752,31
"13275","RJ","Comendador Levy Gasparian",8576,45550.65,33005,"Três Rios",3,"Sudeste",1,"330095",4,11,4,7,4,7,0,0,0,0,0,11,4,7,4,7,6,10.7265801726192,9.05672288331058,0.496947378284795,30
"13276","RJ","Comendador Levy Gasparian",8576,45550.65,33005,"Três Rios",3,"Sudeste",1,"330095",5,6,1,5,1,5,0,0,0,0,0,6,1,5,1,5,5,10.7265801726192,9.05672288331058,0.471813145529058,31
"13277","RJ","Comendador Levy Gasparian",8576,45550.65,33005,"Três Rios",3,"Sudeste",1,"330095",6,8,3,5,4,4,0,0,0,0,0,8,3,5,4,4,9,10.7265801726192,9.05672288331058,0.44604343186816,30
"13278","RJ","Comendador Levy Gasparian",8576,45550.65,33005,"Três Rios",3,"Sudeste",1,"330095",7,11,3,8,6,5,0,0,0,0,0,11,3,8,6,5,4,10.7265801726192,9.05672288331058,0.451232698050465,29
"13279","RJ","Campos dos Goytacazes",511168,64186.76,33003,"Campos dos Goytacazes",3,"Sudeste",1,"330100",2,954,292,662,402,552,4,0,0,0,0,958,292,662,402,552,337,11.06955223788,13.1444535822771,0.311972176560822,29
"13280","RJ","Campos dos Goytacazes",511168,64186.76,33003,"Campos dos Goytacazes",3,"Sudeste",1,"330100",3,848,243,605,316,532,4,0,0,0,0,852,243,605,316,532,328,11.06955223788,13.1444535822771,0.406299977112229,31
"13281","RJ","Campos dos Goytacazes",511168,64186.76,33003,"Campos dos Goytacazes",3,"Sudeste",1,"330100",4,635,183,452,250,385,8,0,0,0,0,643,183,452,250,385,320,11.06955223788,13.1444535822771,0.465948919218481,30
"13282","RJ","Campos dos Goytacazes",511168,64186.76,33003,"Campos dos Goytacazes",3,"Sudeste",1,"330100",5,581,197,384,260,321,8,0,0,0,0,589,197,384,260,321,427,11.06955223788,13.1444535822771,0.452282888022122,31
"13283","RJ","Campos dos Goytacazes",511168,64186.76,33003,"Campos dos Goytacazes",3,"Sudeste",1,"330100",6,580,186,394,221,359,8,0,0,0,0,588,186,394,221,359,499,11.06955223788,13.1444535822771,0.410522116303261,30
"13284","RJ","Campos dos Goytacazes",511168,64186.76,33003,"Campos dos Goytacazes",3,"Sudeste",1,"330100",7,609,183,426,252,357,5,0,0,0,0,614,183,426,252,357,464,11.06955223788,13.1444535822771,0.401313674438132,29
"13285","RJ","Cantagalo",20168,36562.36,33006,"Cantagalo-Cordeiro",3,"Sudeste",1,"330110",2,36,15,21,18,18,0,0,0,0,0,36,15,21,18,18,17,10.5067745749071,9.91185246886775,0.359125848511255,29
"13286","RJ","Cantagalo",20168,36562.36,33006,"Cantagalo-Cordeiro",3,"Sudeste",1,"330110",3,23,8,15,8,15,0,0,0,0,0,23,8,15,8,15,19,10.5067745749071,9.91185246886775,0.444149337982761,31
"13287","RJ","Cantagalo",20168,36562.36,33006,"Cantagalo-Cordeiro",3,"Sudeste",1,"330110",4,24,4,20,8,16,0,0,0,0,0,24,4,20,8,16,0,10.5067745749071,9.91185246886775,0.495053402141793,30
"13288","RJ","Cantagalo",20168,36562.36,33006,"Cantagalo-Cordeiro",3,"Sudeste",1,"330110",5,20,5,15,9,11,0,0,0,0,0,20,5,15,9,11,14,10.5067745749071,9.91185246886775,0.479503287554384,31
"13289","RJ","Cantagalo",20168,36562.36,33006,"Cantagalo-Cordeiro",3,"Sudeste",1,"330110",6,15,4,11,7,8,0,0,0,0,0,15,4,11,7,8,11,10.5067745749071,9.91185246886775,0.440134869576179,30
"13290","RJ","Cantagalo",20168,36562.36,33006,"Cantagalo-Cordeiro",3,"Sudeste",1,"330110",7,9,5,4,5,4,0,0,0,0,0,9,5,4,5,4,16,10.5067745749071,9.91185246886775,0.451124957915181,29
"13291","RJ","Cardoso Moreira",12821,21776.17,33003,"Campos dos Goytacazes",3,"Sudeste",0,"330115",2,20,2,18,7,13,0,0,0,0,0,20,2,18,7,13,7,9.98857153162051,9.4588397305527,0.326641507698337,29
"13292","RJ","Cardoso Moreira",12821,21776.17,33003,"Campos dos Goytacazes",3,"Sudeste",0,"330115",3,10,2,8,4,6,0,0,0,0,0,10,2,8,4,6,14,9.98857153162051,9.4588397305527,0.413173599691054,31
"13293","RJ","Cardoso Moreira",12821,21776.17,33003,"Campos dos Goytacazes",3,"Sudeste",0,"330115",4,17,7,10,8,9,0,0,0,0,0,17,7,10,8,9,9,9.98857153162051,9.4588397305527,0.44768802466938,30
"13294","RJ","Cardoso Moreira",12821,21776.17,33003,"Campos dos Goytacazes",3,"Sudeste",0,"330115",5,13,4,9,3,10,0,0,0,0,0,13,4,9,3,10,8,9.98857153162051,9.4588397305527,0.479652088672562,31
"13295","RJ","Cardoso Moreira",12821,21776.17,33003,"Campos dos Goytacazes",3,"Sudeste",0,"330115",6,7,0,7,3,4,0,0,0,0,0,7,0,7,3,4,15,9.98857153162051,9.4588397305527,0.459267163988758,30
"13296","RJ","Cardoso Moreira",12821,21776.17,33003,"Campos dos Goytacazes",3,"Sudeste",0,"330115",7,11,6,5,3,8,0,0,0,0,0,11,6,5,3,8,12,9.98857153162051,9.4588397305527,0.453091818174587,29
"13297","RJ","Carmo",19030,24286.12,33006,"Cantagalo-Cordeiro",3,"Sudeste",1,"330120",2,33,8,25,8,25,0,0,0,0,0,33,8,25,8,25,13,10.0976602727199,9.8537719602902,0.33213261133848,29
"13298","RJ","Carmo",19030,24286.12,33006,"Cantagalo-Cordeiro",3,"Sudeste",1,"330120",3,16,4,12,6,10,0,0,0,0,0,16,4,12,6,10,13,10.0976602727199,9.8537719602902,0.457195269645232,31
"13299","RJ","Carmo",19030,24286.12,33006,"Cantagalo-Cordeiro",3,"Sudeste",1,"330120",4,16,4,12,5,11,0,0,0,0,0,16,4,12,5,11,7,10.0976602727199,9.8537719602902,0.51318862324937,30
"13300","RJ","Carmo",19030,24286.12,33006,"Cantagalo-Cordeiro",3,"Sudeste",1,"330120",5,18,4,14,5,13,0,0,0,0,0,18,4,14,5,13,7,10.0976602727199,9.8537719602902,0.507841464346422,31
"13301","RJ","Carmo",19030,24286.12,33006,"Cantagalo-Cordeiro",3,"Sudeste",1,"330120",6,21,5,16,6,15,0,0,0,0,0,21,5,16,6,15,19,10.0976602727199,9.8537719602902,0.447369050967681,30
"13302","RJ","Carmo",19030,24286.12,33006,"Cantagalo-Cordeiro",3,"Sudeste",1,"330120",7,17,5,12,7,10,0,0,0,0,0,17,5,12,7,10,16,10.0976602727199,9.8537719602902,0.439081882219637,29
"13303","RJ","Casimiro de Abreu",45041,50532.71,33009,"Bacia de São João",3,"Sudeste",1,"330130",2,77,13,64,29,48,1,0,0,0,0,78,13,64,29,48,22,10.8303761283539,10.7153284650538,0.319317652949358,29
"13304","RJ","Casimiro de Abreu",45041,50532.71,33009,"Bacia de São João",3,"Sudeste",1,"330130",3,60,13,47,18,42,0,0,0,0,0,60,13,47,18,42,21,10.8303761283539,10.7153284650538,0.423216071469266,31
"13305","RJ","Casimiro de Abreu",45041,50532.71,33009,"Bacia de São João",3,"Sudeste",1,"330130",4,46,4,42,12,34,0,0,0,0,0,46,4,42,12,34,19,10.8303761283539,10.7153284650538,0.483025656251773,30
"13306","RJ","Casimiro de Abreu",45041,50532.71,33009,"Bacia de São João",3,"Sudeste",1,"330130",5,42,9,33,15,27,1,0,0,0,0,43,9,33,15,27,34,10.8303761283539,10.7153284650538,0.455454536379197,31
"13307","RJ","Casimiro de Abreu",45041,50532.71,33009,"Bacia de São João",3,"Sudeste",1,"330130",6,37,7,30,14,23,0,0,0,0,0,37,7,30,14,23,22,10.8303761283539,10.7153284650538,0.419354444183653,30
"13308","RJ","Casimiro de Abreu",45041,50532.71,33009,"Bacia de São João",3,"Sudeste",1,"330130",7,48,9,39,20,28,0,0,0,0,0,48,9,39,20,28,38,10.8303761283539,10.7153284650538,0.404633220380847,29
"13309","RJ","Conceição de Macabu",23398,15397.59,33004,"Macaé",3,"Sudeste",1,"330140",2,38,10,28,13,25,0,0,0,0,0,38,10,28,13,25,9,9.64196628264884,10.0604058276075,0.322913648040029,29
"13310","RJ","Conceição de Macabu",23398,15397.59,33004,"Macaé",3,"Sudeste",1,"330140",3,29,5,24,10,19,0,0,0,0,0,29,5,24,10,19,12,9.64196628264884,10.0604058276075,0.423701367911398,31
"13311","RJ","Conceição de Macabu",23398,15397.59,33004,"Macaé",3,"Sudeste",1,"330140",4,30,7,23,12,18,0,0,0,0,0,30,7,23,12,18,8,9.64196628264884,10.0604058276075,0.494431194502747,30
"13312","RJ","Conceição de Macabu",23398,15397.59,33004,"Macaé",3,"Sudeste",1,"330140",5,26,5,21,12,14,0,0,0,0,0,26,5,21,12,14,12,9.64196628264884,10.0604058276075,0.449966800652853,31
"13313","RJ","Conceição de Macabu",23398,15397.59,33004,"Macaé",3,"Sudeste",1,"330140",6,24,7,17,15,9,0,0,0,0,0,24,7,17,15,9,14,9.64196628264884,10.0604058276075,0.40889018326172,30
"13314","RJ","Conceição de Macabu",23398,15397.59,33004,"Macaé",3,"Sudeste",1,"330140",7,18,5,13,7,11,1,0,0,0,0,19,5,13,7,11,21,9.64196628264884,10.0604058276075,0.39864619094796,29
"13315","RJ","Cordeiro",22041,23270.95,33006,"Cantagalo-Cordeiro",3,"Sudeste",1,"330150",2,19,6,13,10,9,1,0,0,0,0,20,6,13,10,9,10,10.0549610805597,10.0006596342884,0.309530065915486,29
"13316","RJ","Cordeiro",22041,23270.95,33006,"Cantagalo-Cordeiro",3,"Sudeste",1,"330150",3,25,6,19,9,16,0,0,0,0,0,25,6,19,9,16,9,10.0549610805597,10.0006596342884,0.418341792454188,31
"13317","RJ","Cordeiro",22041,23270.95,33006,"Cantagalo-Cordeiro",3,"Sudeste",1,"330150",4,24,5,19,5,19,1,0,0,0,0,25,5,19,5,19,14,10.0549610805597,10.0006596342884,0.47004977695064,30
"13318","RJ","Cordeiro",22041,23270.95,33006,"Cantagalo-Cordeiro",3,"Sudeste",1,"330150",5,21,4,17,12,9,0,0,0,0,0,21,4,17,12,9,11,10.0549610805597,10.0006596342884,0.453752767396938,31
"13319","RJ","Cordeiro",22041,23270.95,33006,"Cantagalo-Cordeiro",3,"Sudeste",1,"330150",6,18,5,13,6,12,0,0,0,0,0,18,5,13,6,12,15,10.0549610805597,10.0006596342884,0.409781362644773,30
"13320","RJ","Cordeiro",22041,23270.95,33006,"Cantagalo-Cordeiro",3,"Sudeste",1,"330150",7,24,5,19,5,19,0,0,0,0,0,24,5,19,5,19,20,10.0549610805597,10.0006596342884,0.412393266536939,29
"13321","RJ","Duas Barras",11528,18294.71,33007,"Nova Friburgo",3,"Sudeste",0,"330160",2,10,1,9,2,8,0,0,0,0,0,10,1,9,2,8,12,9.81436722600217,9.35253413767936,0.308228396469948,29
"13322","RJ","Duas Barras",11528,18294.71,33007,"Nova Friburgo",3,"Sudeste",0,"330160",3,5,1,4,4,1,0,0,0,0,0,5,1,4,4,1,8,9.81436722600217,9.35253413767936,0.389446421535958,31
"13323","RJ","Duas Barras",11528,18294.71,33007,"Nova Friburgo",3,"Sudeste",0,"330160",4,5,0,5,1,4,0,0,0,0,0,5,0,5,1,4,10,9.81436722600217,9.35253413767936,0.442408233367937,30
"13324","RJ","Duas Barras",11528,18294.71,33007,"Nova Friburgo",3,"Sudeste",0,"330160",5,2,1,1,2,0,1,0,0,0,0,3,1,1,2,0,4,9.81436722600217,9.35253413767936,0.436019425089996,31
"13325","RJ","Duas Barras",11528,18294.71,33007,"Nova Friburgo",3,"Sudeste",0,"330160",6,5,1,4,0,5,0,0,0,0,0,5,1,4,0,5,10,9.81436722600217,9.35253413767936,0.415356606058715,30
"13326","RJ","Duas Barras",11528,18294.71,33007,"Nova Friburgo",3,"Sudeste",0,"330160",7,2,1,1,0,2,0,0,0,0,0,2,1,1,0,2,6,9.81436722600217,9.35253413767936,0.403694191726605,29
"13327","RJ","Duque de Caxias",924624,45490.61,33018,"Rio de Janeiro",3,"Sudeste",1,"330170",2,1078,303,775,440,638,16,0,0,0,0,1094,303,775,440,638,555,10.7252612100147,13.73714244737,0.320465185220025,29
"13328","RJ","Duque de Caxias",924624,45490.61,33018,"Rio de Janeiro",3,"Sudeste",1,"330170",3,1013,299,714,430,583,17,0,0,0,0,1030,299,714,430,583,595,10.7252612100147,13.73714244737,0.412055298473254,31
"13329","RJ","Duque de Caxias",924624,45490.61,33018,"Rio de Janeiro",3,"Sudeste",1,"330170",4,955,283,672,429,526,13,0,0,0,0,968,283,672,429,526,947,10.7252612100147,13.73714244737,0.483115989954693,30
"13330","RJ","Duque de Caxias",924624,45490.61,33018,"Rio de Janeiro",3,"Sudeste",1,"330170",5,1069,329,740,470,599,12,0,0,0,0,1081,329,740,470,599,1251,10.7252612100147,13.73714244737,0.452638537962506,31
"13331","RJ","Duque de Caxias",924624,45490.61,33018,"Rio de Janeiro",3,"Sudeste",1,"330170",6,941,285,656,426,515,14,0,0,0,0,955,285,656,426,515,739,10.7252612100147,13.73714244737,0.399442716706741,30
"13332","RJ","Duque de Caxias",924624,45490.61,33018,"Rio de Janeiro",3,"Sudeste",1,"330170",7,1087,291,796,446,641,14,0,0,0,0,1101,291,796,446,641,640,10.7252612100147,13.73714244737,0.394175433484645,29
"13333","RJ","Engenheiro Paulo de Frontin",14071,18695.44,33014,"Vassouras",3,"Sudeste",0,"330180",2,16,3,13,6,10,0,0,0,0,0,16,3,13,6,10,8,9.83603492283899,9.55187122078826,0.346472425591654,29
"13334","RJ","Engenheiro Paulo de Frontin",14071,18695.44,33014,"Vassouras",3,"Sudeste",0,"330180",3,20,2,18,6,14,0,0,0,0,0,20,2,18,6,14,7,9.83603492283899,9.55187122078826,0.438530404386004,31
"13335","RJ","Engenheiro Paulo de Frontin",14071,18695.44,33014,"Vassouras",3,"Sudeste",0,"330180",4,11,2,9,3,8,0,0,0,0,0,11,2,9,3,8,8,9.83603492283899,9.55187122078826,0.505010716441506,30
"13336","RJ","Engenheiro Paulo de Frontin",14071,18695.44,33014,"Vassouras",3,"Sudeste",0,"330180",5,6,3,3,2,4,0,0,0,0,0,6,3,3,2,4,14,9.83603492283899,9.55187122078826,0.494999012128521,31
"13337","RJ","Engenheiro Paulo de Frontin",14071,18695.44,33014,"Vassouras",3,"Sudeste",0,"330180",6,6,1,5,1,5,0,0,0,0,0,6,1,5,1,5,9,9.83603492283899,9.55187122078826,0.438876786774718,30
"13338","RJ","Engenheiro Paulo de Frontin",14071,18695.44,33014,"Vassouras",3,"Sudeste",0,"330180",7,16,4,12,5,11,0,0,0,0,0,16,4,12,5,11,9,9.83603492283899,9.55187122078826,0.455891638306978,29
"13339","RJ","Guapimirim",61388,16377.56,33018,"Rio de Janeiro",3,"Sudeste",1,"330185",2,73,15,58,26,47,0,0,0,0,0,73,15,58,26,47,31,9.70366738416214,11.024969655295,0.338983144066769,29
"13340","RJ","Guapimirim",61388,16377.56,33018,"Rio de Janeiro",3,"Sudeste",1,"330185",3,48,14,34,21,27,0,0,0,0,0,48,14,34,21,27,36,9.70366738416214,11.024969655295,0.441778688206916,31
"13341","RJ","Guapimirim",61388,16377.56,33018,"Rio de Janeiro",3,"Sudeste",1,"330185",4,54,19,35,28,26,1,0,0,0,0,55,19,35,28,26,47,9.70366738416214,11.024969655295,0.503348903739455,30
"13342","RJ","Guapimirim",61388,16377.56,33018,"Rio de Janeiro",3,"Sudeste",1,"330185",5,52,12,40,21,31,0,0,0,0,0,52,12,40,21,31,62,9.70366738416214,11.024969655295,0.478179960882556,31
"13343","RJ","Guapimirim",61388,16377.56,33018,"Rio de Janeiro",3,"Sudeste",1,"330185",6,67,15,52,30,37,1,0,0,0,0,68,15,52,30,37,38,9.70366738416214,11.024969655295,0.432436817771309,30
"13344","RJ","Guapimirim",61388,16377.56,33018,"Rio de Janeiro",3,"Sudeste",1,"330185",7,64,15,49,27,37,0,0,0,0,0,64,15,49,27,37,50,9.70366738416214,11.024969655295,0.418368978435288,29
"13345","RJ","Iguaba Grande",28837,17622.8,33010,"Lagos",3,"Sudeste",1,"330187",2,43,9,34,17,26,0,0,0,0,0,43,9,34,17,26,24,9.77694879719443,10.2694145637968,0.325030259839656,29
"13346","RJ","Iguaba Grande",28837,17622.8,33010,"Lagos",3,"Sudeste",1,"330187",3,31,2,29,10,21,0,0,0,0,0,31,2,29,10,21,19,9.77694879719443,10.2694145637968,0.435774552755078,31
"13347","RJ","Iguaba Grande",28837,17622.8,33010,"Lagos",3,"Sudeste",1,"330187",4,28,3,25,10,18,0,0,0,0,0,28,3,25,10,18,35,9.77694879719443,10.2694145637968,0.489957011493051,30
"13348","RJ","Iguaba Grande",28837,17622.8,33010,"Lagos",3,"Sudeste",1,"330187",5,34,9,25,15,19,0,0,0,0,0,34,9,25,15,19,27,9.77694879719443,10.2694145637968,0.461986527127145,31
"13349","RJ","Iguaba Grande",28837,17622.8,33010,"Lagos",3,"Sudeste",1,"330187",6,30,6,24,9,21,0,0,0,0,0,30,6,24,9,21,29,9.77694879719443,10.2694145637968,0.412792786726696,30
"13350","RJ","Iguaba Grande",28837,17622.8,33010,"Lagos",3,"Sudeste",1,"330187",7,28,6,22,13,15,0,0,0,0,0,28,6,22,13,15,22,9.77694879719443,10.2694145637968,0.413561624943619,29
"13351","RJ","Itaboraí",242543,18746.84,33018,"Rio de Janeiro",3,"Sudeste",1,"330190",2,429,114,315,192,237,3,0,0,0,0,432,114,315,192,237,134,9.83878048386189,12.398934293228,0.315409868392409,29
"13352","RJ","Itaboraí",242543,18746.84,33018,"Rio de Janeiro",3,"Sudeste",1,"330190",3,356,98,258,153,203,1,0,0,0,0,357,98,258,153,203,184,9.83878048386189,12.398934293228,0.418050640665063,31
"13353","RJ","Itaboraí",242543,18746.84,33018,"Rio de Janeiro",3,"Sudeste",1,"330190",4,261,83,178,103,158,5,0,0,0,0,266,83,178,103,158,202,9.83878048386189,12.398934293228,0.487581554100176,30
"13354","RJ","Itaboraí",242543,18746.84,33018,"Rio de Janeiro",3,"Sudeste",1,"330190",5,215,69,146,102,113,3,0,0,0,0,218,69,146,102,113,275,9.83878048386189,12.398934293228,0.458360203187554,31
"13355","RJ","Itaboraí",242543,18746.84,33018,"Rio de Janeiro",3,"Sudeste",1,"330190",6,234,67,167,97,137,5,0,0,0,0,239,67,167,97,137,197,9.83878048386189,12.398934293228,0.403168252183529,30
"13356","RJ","Itaboraí",242543,18746.84,33018,"Rio de Janeiro",3,"Sudeste",1,"330190",7,260,71,189,107,153,10,0,0,0,0,270,71,189,107,153,172,9.83878048386189,12.398934293228,0.390384976530268,29
"13357","RJ","Itaguaí",134819,63968.12,33017,"Itaguaí",3,"Sudeste",1,"330200",2,206,50,156,80,126,4,0,0,0,0,210,50,156,80,126,78,11.0661401132363,11.8116884170828,0.321778223739235,29
"13358","RJ","Itaguaí",134819,63968.12,33017,"Itaguaí",3,"Sudeste",1,"330200",3,183,67,116,86,97,2,0,0,0,0,185,67,116,86,97,93,11.0661401132363,11.8116884170828,0.410454855944518,31
"13359","RJ","Itaguaí",134819,63968.12,33017,"Itaguaí",3,"Sudeste",1,"330200",4,144,45,99,64,80,1,0,0,0,0,145,45,99,64,80,115,11.0661401132363,11.8116884170828,0.466973482145361,30
"13360","RJ","Itaguaí",134819,63968.12,33017,"Itaguaí",3,"Sudeste",1,"330200",5,142,31,111,68,74,1,0,0,0,0,143,31,111,68,74,152,11.0661401132363,11.8116884170828,0.444005005966295,31
"13361","RJ","Itaguaí",134819,63968.12,33017,"Itaguaí",3,"Sudeste",1,"330200",6,145,42,103,58,87,2,0,0,0,0,147,42,103,58,87,110,11.0661401132363,11.8116884170828,0.393229545359126,30
"13362","RJ","Itaguaí",134819,63968.12,33017,"Itaguaí",3,"Sudeste",1,"330200",7,152,42,110,61,91,5,0,0,0,0,157,42,110,61,91,93,11.0661401132363,11.8116884170828,0.394487830328232,29
"13363","RJ","Italva",15299,20276.49,33001,"Itaperuna",3,"Sudeste",0,"330205",2,30,7,23,18,12,0,0,0,0,0,30,7,23,18,12,14,9.9172173658025,9.63554274576738,0.324507186249775,29
"13364","RJ","Italva",15299,20276.49,33001,"Itaperuna",3,"Sudeste",0,"330205",3,10,1,9,5,5,0,0,0,0,0,10,1,9,5,5,7,9.9172173658025,9.63554274576738,0.402679076829218,31
"13365","RJ","Italva",15299,20276.49,33001,"Itaperuna",3,"Sudeste",0,"330205",4,21,4,17,11,10,0,0,0,0,0,21,4,17,11,10,10,9.9172173658025,9.63554274576738,0.478244158995042,30
"13366","RJ","Italva",15299,20276.49,33001,"Itaperuna",3,"Sudeste",0,"330205",5,16,5,11,5,11,0,0,0,0,0,16,5,11,5,11,20,9.9172173658025,9.63554274576738,0.47698189210594,31
"13367","RJ","Italva",15299,20276.49,33001,"Itaperuna",3,"Sudeste",0,"330205",6,12,2,10,1,11,0,0,0,0,0,12,2,10,1,11,14,9.9172173658025,9.63554274576738,0.425514113453593,30
"13368","RJ","Italva",15299,20276.49,33001,"Itaperuna",3,"Sudeste",0,"330205",7,16,2,14,7,9,0,0,0,0,0,16,2,14,7,9,12,9.9172173658025,9.63554274576738,0.434816947641039,29
"13369","RJ","Itaocara",23222,23342.04,33002,"Santo Antônio de Pádua",3,"Sudeste",0,"330210",2,38,6,32,19,19,0,0,0,0,0,38,6,32,19,19,19,10.05801130562,10.052855384187,0.320004811162521,29
"13370","RJ","Itaocara",23222,23342.04,33002,"Santo Antônio de Pádua",3,"Sudeste",0,"330210",3,31,3,28,10,21,0,0,0,0,0,31,3,28,10,21,21,10.05801130562,10.052855384187,0.426883375876765,31
"13371","RJ","Itaocara",23222,23342.04,33002,"Santo Antônio de Pádua",3,"Sudeste",0,"330210",4,18,4,14,7,11,0,0,0,0,0,18,4,14,7,11,20,10.05801130562,10.052855384187,0.45754480191983,30
"13372","RJ","Itaocara",23222,23342.04,33002,"Santo Antônio de Pádua",3,"Sudeste",0,"330210",5,25,4,21,15,10,0,0,0,0,0,25,4,21,15,10,24,10.05801130562,10.052855384187,0.441026508260664,31
"13373","RJ","Itaocara",23222,23342.04,33002,"Santo Antônio de Pádua",3,"Sudeste",0,"330210",6,22,6,16,8,14,0,0,0,0,0,22,6,16,8,14,24,10.05801130562,10.052855384187,0.408573705115351,30
"13374","RJ","Itaocara",23222,23342.04,33002,"Santo Antônio de Pádua",3,"Sudeste",0,"330210",7,22,3,19,8,14,1,0,0,0,0,23,3,19,8,14,20,10.05801130562,10.052855384187,0.41271309922923,29
"13375","RJ","Itaperuna",103800,27161.66,33001,"Itaperuna",3,"Sudeste",1,"330220",2,151,22,129,50,101,2,0,0,0,0,153,22,129,50,101,78,10.209561699098,11.5502212497139,0.349500654106252,29
"13376","RJ","Itaperuna",103800,27161.66,33001,"Itaperuna",3,"Sudeste",1,"330220",3,152,28,124,53,99,3,0,0,0,0,155,28,124,53,99,82,10.209561699098,11.5502212497139,0.457382387574392,31
"13377","RJ","Itaperuna",103800,27161.66,33001,"Itaperuna",3,"Sudeste",1,"330220",4,110,20,90,53,57,0,0,0,0,0,110,20,90,53,57,68,10.209561699098,11.5502212497139,0.52051963953753,30
"13378","RJ","Itaperuna",103800,27161.66,33001,"Itaperuna",3,"Sudeste",1,"330220",5,111,24,87,44,67,0,0,0,0,0,111,24,87,44,67,69,10.209561699098,11.5502212497139,0.482308745771474,31
"13379","RJ","Itaperuna",103800,27161.66,33001,"Itaperuna",3,"Sudeste",1,"330220",6,98,13,85,33,65,1,0,0,0,0,99,13,85,33,65,105,10.209561699098,11.5502212497139,0.448763296198265,30
"13380","RJ","Itaperuna",103800,27161.66,33001,"Itaperuna",3,"Sudeste",1,"330220",7,82,12,70,26,56,0,0,0,0,0,82,12,70,26,56,103,10.209561699098,11.5502212497139,0.439001008934746,29
"13381","RJ","Itatiaia",32064,156381.39,33011,"Vale do Paraíba Fluminense",3,"Sudeste",1,"330225",2,45,13,32,13,32,1,0,0,0,0,46,13,32,13,32,15,11.9600531102437,10.3754891844445,0.326827964789897,29
"13382","RJ","Itatiaia",32064,156381.39,33011,"Vale do Paraíba Fluminense",3,"Sudeste",1,"330225",3,44,12,32,22,22,0,0,0,0,0,44,12,32,22,22,22,11.9600531102437,10.3754891844445,0.425527188562259,31
"13383","RJ","Itatiaia",32064,156381.39,33011,"Vale do Paraíba Fluminense",3,"Sudeste",1,"330225",4,38,7,31,12,26,1,0,0,0,0,39,7,31,12,26,18,11.9600531102437,10.3754891844445,0.497019839043622,30
"13384","RJ","Itatiaia",32064,156381.39,33011,"Vale do Paraíba Fluminense",3,"Sudeste",1,"330225",5,28,9,19,14,14,0,0,0,0,0,28,9,19,14,14,24,11.9600531102437,10.3754891844445,0.451711054614703,31
"13385","RJ","Itatiaia",32064,156381.39,33011,"Vale do Paraíba Fluminense",3,"Sudeste",1,"330225",6,36,6,30,9,27,1,0,0,0,0,37,6,30,9,27,14,11.9600531102437,10.3754891844445,0.413107035326643,30
"13386","RJ","Itatiaia",32064,156381.39,33011,"Vale do Paraíba Fluminense",3,"Sudeste",1,"330225",7,29,10,19,11,18,1,0,0,0,0,30,10,19,11,18,17,11.9600531102437,10.3754891844445,0.40091326412831,29
"13387","RJ","Japeri",105548,13825.88,33018,"Rio de Janeiro",3,"Sudeste",1,"330227",2,161,42,119,73,88,0,0,0,0,0,161,42,119,73,88,55,9.53429747716767,11.5669211047312,0.33593514864446,29
"13388","RJ","Japeri",105548,13825.88,33018,"Rio de Janeiro",3,"Sudeste",1,"330227",3,140,34,106,60,80,0,0,0,0,0,140,34,106,60,80,61,9.53429747716767,11.5669211047312,0.414343993571184,31
"13389","RJ","Japeri",105548,13825.88,33018,"Rio de Janeiro",3,"Sudeste",1,"330227",4,94,35,59,43,51,0,0,0,0,0,94,35,59,43,51,71,9.53429747716767,11.5669211047312,0.463278900560132,30
"13390","RJ","Japeri",105548,13825.88,33018,"Rio de Janeiro",3,"Sudeste",1,"330227",5,129,34,95,61,68,2,0,0,0,0,131,34,95,61,68,80,9.53429747716767,11.5669211047312,0.444502724270106,31
"13391","RJ","Japeri",105548,13825.88,33018,"Rio de Janeiro",3,"Sudeste",1,"330227",6,132,42,90,54,78,0,0,0,0,0,132,42,90,54,78,81,9.53429747716767,11.5669211047312,0.406092724131067,30
"13392","RJ","Japeri",105548,13825.88,33018,"Rio de Janeiro",3,"Sudeste",1,"330227",7,111,40,71,51,60,2,0,0,0,0,113,40,71,51,60,60,9.53429747716767,11.5669211047312,0.397432461591777,29
"13393","RJ","Macaé",261501,61223.07,33004,"Macaé",3,"Sudeste",1,"330240",2,349,62,287,122,227,2,0,0,0,0,351,62,287,122,227,108,11.0222793582529,12.4741933865716,0.305165749304361,29
"13394","RJ","Macaé",261501,61223.07,33004,"Macaé",3,"Sudeste",1,"330240",3,272,58,214,107,165,2,0,0,0,0,274,58,214,107,165,148,11.0222793582529,12.4741933865716,0.426953543447155,31
"13395","RJ","Macaé",261501,61223.07,33004,"Macaé",3,"Sudeste",1,"330240",4,235,62,173,88,147,3,0,0,0,0,238,62,173,88,147,127,11.0222793582529,12.4741933865716,0.50448892092576,30
"13396","RJ","Macaé",261501,61223.07,33004,"Macaé",3,"Sudeste",1,"330240",5,256,64,192,89,167,2,0,0,0,0,258,64,192,89,167,155,11.0222793582529,12.4741933865716,0.46332830987024,31
"13397","RJ","Macaé",261501,61223.07,33004,"Macaé",3,"Sudeste",1,"330240",6,271,63,208,114,157,3,0,0,0,0,274,63,208,114,157,149,11.0222793582529,12.4741933865716,0.42607779136485,30
"13398","RJ","Macaé",261501,61223.07,33004,"Macaé",3,"Sudeste",1,"330240",7,275,55,220,96,179,3,0,0,0,0,278,55,220,96,179,158,11.0222793582529,12.4741933865716,0.416111795919688,29
"13399","RJ","Magé",246433,15926.84,33018,"Rio de Janeiro",3,"Sudeste",1,"330250",2,372,97,275,162,210,1,0,0,0,0,373,97,275,162,210,168,9.6757610153672,12.4148454302453,0.328171187049575,29
"13400","RJ","Magé",246433,15926.84,33018,"Rio de Janeiro",3,"Sudeste",1,"330250",3,350,96,254,142,208,3,0,0,0,0,353,96,254,142,208,182,9.6757610153672,12.4148454302453,0.429686057582688,31
"13401","RJ","Magé",246433,15926.84,33018,"Rio de Janeiro",3,"Sudeste",1,"330250",4,315,108,207,142,173,2,0,0,0,0,317,108,207,142,173,209,9.6757610153672,12.4148454302453,0.48841717418813,30
"13402","RJ","Magé",246433,15926.84,33018,"Rio de Janeiro",3,"Sudeste",1,"330250",5,323,95,228,153,170,6,0,0,0,0,329,95,228,153,170,305,9.6757610153672,12.4148454302453,0.468905329326373,31
"13403","RJ","Magé",246433,15926.84,33018,"Rio de Janeiro",3,"Sudeste",1,"330250",6,311,89,222,115,196,7,0,0,0,0,318,89,222,115,196,214,9.6757610153672,12.4148454302453,0.420257384130784,30
"13404","RJ","Magé",246433,15926.84,33018,"Rio de Janeiro",3,"Sudeste",1,"330250",7,300,96,204,126,174,3,0,0,0,0,303,96,204,126,174,186,9.6757610153672,12.4148454302453,0.410949094816135,29
"13405","RJ","Mangaratiba",45220,82215.21,33017,"Itaguaí",3,"Sudeste",1,"330260",2,54,14,40,25,29,1,0,0,0,0,55,14,40,25,29,18,11.3170956004235,10.719294745832,0.333486310888347,29
"13406","RJ","Mangaratiba",45220,82215.21,33017,"Itaguaí",3,"Sudeste",1,"330260",3,61,21,40,28,33,0,0,0,0,0,61,21,40,28,33,28,11.3170956004235,10.719294745832,0.426846413998681,31
"13407","RJ","Mangaratiba",45220,82215.21,33017,"Itaguaí",3,"Sudeste",1,"330260",4,61,16,45,31,30,0,0,0,0,0,61,16,45,31,30,33,11.3170956004235,10.719294745832,0.486785325318593,30
"13408","RJ","Mangaratiba",45220,82215.21,33017,"Itaguaí",3,"Sudeste",1,"330260",5,41,8,33,20,21,1,0,0,0,0,42,8,33,20,21,55,11.3170956004235,10.719294745832,0.468973996890677,31
"13409","RJ","Mangaratiba",45220,82215.21,33017,"Itaguaí",3,"Sudeste",1,"330260",6,44,8,36,21,23,0,0,0,0,0,44,8,36,21,23,49,11.3170956004235,10.719294745832,0.42047985171443,30
"13410","RJ","Mangaratiba",45220,82215.21,33017,"Itaguaí",3,"Sudeste",1,"330260",7,38,9,29,18,20,1,0,0,0,0,39,9,29,18,20,51,11.3170956004235,10.719294745832,0.412732420134184,29
"13411","RJ","Maricá",164504,171003.42,33018,"Rio de Janeiro",3,"Sudeste",1,"330270",2,263,48,215,89,174,3,0,0,0,0,266,48,215,89,174,110,12.0494388352848,12.0106901650014,0.315731165898546,29
"13412","RJ","Maricá",164504,171003.42,33018,"Rio de Janeiro",3,"Sudeste",1,"330270",3,254,52,202,82,172,3,0,0,0,0,257,52,202,82,172,130,12.0494388352848,12.0106901650014,0.428188740808765,31
"13413","RJ","Maricá",164504,171003.42,33018,"Rio de Janeiro",3,"Sudeste",1,"330270",4,134,25,109,46,88,3,0,0,0,0,137,25,109,46,88,129,12.0494388352848,12.0106901650014,0.497933650316664,30
"13414","RJ","Maricá",164504,171003.42,33018,"Rio de Janeiro",3,"Sudeste",1,"330270",5,140,31,109,46,94,0,0,0,0,0,140,31,109,46,94,170,12.0494388352848,12.0106901650014,0.470344336556557,31
"13415","RJ","Maricá",164504,171003.42,33018,"Rio de Janeiro",3,"Sudeste",1,"330270",6,134,22,112,50,84,2,0,0,0,0,136,22,112,50,84,142,12.0494388352848,12.0106901650014,0.412947029283139,30
"13416","RJ","Maricá",164504,171003.42,33018,"Rio de Janeiro",3,"Sudeste",1,"330270",7,143,32,111,40,103,2,0,0,0,0,145,32,111,40,103,152,12.0494388352848,12.0106901650014,0.400196301719857,29
"13417","RJ","Mendes",18648,17324.86,33014,"Vassouras",3,"Sudeste",0,"330280",2,26,6,20,8,18,0,0,0,0,0,26,6,20,8,18,18,9.75989774321737,9.83349418071559,0.33114236298887,29
"13418","RJ","Mendes",18648,17324.86,33014,"Vassouras",3,"Sudeste",0,"330280",3,20,4,16,5,15,0,0,0,0,0,20,4,16,5,15,13,9.75989774321737,9.83349418071559,0.419658169684306,31
"13419","RJ","Mendes",18648,17324.86,33014,"Vassouras",3,"Sudeste",0,"330280",4,16,4,12,8,8,0,0,0,0,0,16,4,12,8,8,10,9.75989774321737,9.83349418071559,0.463200625344744,30
"13420","RJ","Mendes",18648,17324.86,33014,"Vassouras",3,"Sudeste",0,"330280",5,11,1,10,4,7,0,0,0,0,0,11,1,10,4,7,17,9.75989774321737,9.83349418071559,0.462561617317165,31
"13421","RJ","Mendes",18648,17324.86,33014,"Vassouras",3,"Sudeste",0,"330280",6,19,3,16,8,11,0,0,0,0,0,19,3,16,8,11,18,9.75989774321737,9.83349418071559,0.407823351815222,30
"13422","RJ","Mendes",18648,17324.86,33014,"Vassouras",3,"Sudeste",0,"330280",7,17,6,11,7,10,0,0,0,0,0,17,6,11,7,10,23,9.75989774321737,9.83349418071559,0.396059663336377,29
"13423","RJ","Mesquita",176569,12879.91,33018,"Rio de Janeiro",3,"Sudeste",1,"330285",2,304,70,234,129,175,3,0,0,0,0,307,70,234,129,175,119,9.46342401205629,12.0814670138046,0.323591476511296,29
"13424","RJ","Mesquita",176569,12879.91,33018,"Rio de Janeiro",3,"Sudeste",1,"330285",3,245,54,191,100,145,2,0,0,0,0,247,54,191,100,145,135,9.46342401205629,12.0814670138046,0.423200827813339,31
"13425","RJ","Mesquita",176569,12879.91,33018,"Rio de Janeiro",3,"Sudeste",1,"330285",4,158,37,121,67,91,3,0,0,0,0,161,37,121,67,91,211,9.46342401205629,12.0814670138046,0.489084765713909,30
"13426","RJ","Mesquita",176569,12879.91,33018,"Rio de Janeiro",3,"Sudeste",1,"330285",5,205,56,149,89,116,0,0,0,0,0,205,56,149,89,116,240,9.46342401205629,12.0814670138046,0.461964966631779,31
"13427","RJ","Mesquita",176569,12879.91,33018,"Rio de Janeiro",3,"Sudeste",1,"330285",6,163,40,123,68,95,3,0,0,0,0,166,40,123,68,95,127,9.46342401205629,12.0814670138046,0.407511271004065,30
"13428","RJ","Mesquita",176569,12879.91,33018,"Rio de Janeiro",3,"Sudeste",1,"330285",7,201,46,155,90,111,3,0,0,0,0,204,46,155,90,111,141,9.46342401205629,12.0814670138046,0.404921292145709,29
"13429","RJ","Miguel Pereira",25581,23125.78,33014,"Vassouras",3,"Sudeste",1,"330290",2,42,10,32,18,24,0,0,0,0,0,42,10,32,18,24,20,10.0487032915415,10.1496051674102,0.317917213903533,29
"13430","RJ","Miguel Pereira",25581,23125.78,33014,"Vassouras",3,"Sudeste",1,"330290",3,26,6,20,13,13,0,0,0,0,0,26,6,20,13,13,22,10.0487032915415,10.1496051674102,0.439670817832229,31
"13431","RJ","Miguel Pereira",25581,23125.78,33014,"Vassouras",3,"Sudeste",1,"330290",4,33,10,23,14,19,1,0,0,0,0,34,10,23,14,19,22,10.0487032915415,10.1496051674102,0.510613036832187,30
"13432","RJ","Miguel Pereira",25581,23125.78,33014,"Vassouras",3,"Sudeste",1,"330290",5,26,12,14,13,13,0,0,0,0,0,26,12,14,13,13,28,10.0487032915415,10.1496051674102,0.479547261509428,31
"13433","RJ","Miguel Pereira",25581,23125.78,33014,"Vassouras",3,"Sudeste",1,"330290",6,39,4,35,12,27,0,0,0,0,0,39,4,35,12,27,31,10.0487032915415,10.1496051674102,0.433827273051993,30
"13434","RJ","Miguel Pereira",25581,23125.78,33014,"Vassouras",3,"Sudeste",1,"330290",7,24,2,22,4,20,1,0,0,0,0,25,2,22,4,20,21,10.0487032915415,10.1496051674102,0.424872308344029,29
"13435","RJ","Miracema",27154,19458.25,33002,"Santo Antônio de Pádua",3,"Sudeste",1,"330300",2,25,6,19,11,14,1,0,0,0,0,26,6,19,11,14,21,9.87602642363867,10.2092796441602,0.341796693334391,29
"13436","RJ","Miracema",27154,19458.25,33002,"Santo Antônio de Pádua",3,"Sudeste",1,"330300",3,26,11,15,15,11,0,0,0,0,0,26,11,15,15,11,23,9.87602642363867,10.2092796441602,0.418393209716543,31
"13437","RJ","Miracema",27154,19458.25,33002,"Santo Antônio de Pádua",3,"Sudeste",1,"330300",4,27,7,20,10,17,0,0,0,0,0,27,7,20,10,17,19,9.87602642363867,10.2092796441602,0.477908153856945,30
"13438","RJ","Miracema",27154,19458.25,33002,"Santo Antônio de Pádua",3,"Sudeste",1,"330300",5,34,7,27,11,23,0,0,0,0,0,34,7,27,11,23,29,9.87602642363867,10.2092796441602,0.460937744341373,31
"13439","RJ","Miracema",27154,19458.25,33002,"Santo Antônio de Pádua",3,"Sudeste",1,"330300",6,18,5,13,8,10,0,0,0,0,0,18,5,13,8,10,24,9.87602642363867,10.2092796441602,0.438335285716071,30
"13440","RJ","Miracema",27154,19458.25,33002,"Santo Antônio de Pádua",3,"Sudeste",1,"330300",7,36,12,24,14,22,1,0,0,0,0,37,12,24,14,22,26,9.87602642363867,10.2092796441602,0.447951698756762,29
"13441","RJ","Natividade",15311,18319.22,33001,"Itaperuna",3,"Sudeste",0,"330310",2,19,2,17,10,9,0,0,0,0,0,19,2,17,10,9,10,9.81570606090251,9.6363268033051,0.335679300218368,29
"13442","RJ","Natividade",15311,18319.22,33001,"Itaperuna",3,"Sudeste",0,"330310",3,25,4,21,8,17,0,0,0,0,0,25,4,21,8,17,12,9.81570606090251,9.6363268033051,0.454241097126895,31
"13443","RJ","Natividade",15311,18319.22,33001,"Itaperuna",3,"Sudeste",0,"330310",4,10,3,7,3,7,0,0,0,0,0,10,3,7,3,7,11,9.81570606090251,9.6363268033051,0.496255492129317,30
"13444","RJ","Natividade",15311,18319.22,33001,"Itaperuna",3,"Sudeste",0,"330310",5,15,3,12,10,5,0,0,0,0,0,15,3,12,10,5,14,9.81570606090251,9.6363268033051,0.459721706933721,31
"13445","RJ","Natividade",15311,18319.22,33001,"Itaperuna",3,"Sudeste",0,"330310",6,17,4,13,9,8,0,0,0,0,0,17,4,13,9,8,9,9.81570606090251,9.6363268033051,0.440844957595566,30
"13446","RJ","Natividade",15311,18319.22,33001,"Itaperuna",3,"Sudeste",0,"330310",7,10,3,7,3,7,0,0,0,0,0,10,3,7,3,7,18,9.81570606090251,9.6363268033051,0.421280019625702,29
"13447","RJ","Nilópolis",162693,17270.92,33018,"Rio de Janeiro",3,"Sudeste",1,"330320",2,202,31,171,80,122,1,0,0,0,0,203,31,171,80,122,112,9.75677944129104,11.9996202683111,0.326609460535163,29
"13448","RJ","Nilópolis",162693,17270.92,33018,"Rio de Janeiro",3,"Sudeste",1,"330320",3,158,22,136,65,93,0,0,0,0,0,158,22,136,65,93,126,9.75677944129104,11.9996202683111,0.43716044867544,31
"13449","RJ","Nilópolis",162693,17270.92,33018,"Rio de Janeiro",3,"Sudeste",1,"330320",4,96,21,75,30,66,2,0,0,0,0,98,21,75,30,66,214,9.75677944129104,11.9996202683111,0.514223867351902,30
"13450","RJ","Nilópolis",162693,17270.92,33018,"Rio de Janeiro",3,"Sudeste",1,"330320",5,139,23,116,53,86,1,0,0,0,0,140,23,116,53,86,244,9.75677944129104,11.9996202683111,0.487020473172684,31
"13451","RJ","Nilópolis",162693,17270.92,33018,"Rio de Janeiro",3,"Sudeste",1,"330320",6,120,25,95,49,71,2,0,0,0,0,122,25,95,49,71,155,9.75677944129104,11.9996202683111,0.426862035003341,30
"13452","RJ","Nilópolis",162693,17270.92,33018,"Rio de Janeiro",3,"Sudeste",1,"330320",7,123,26,97,39,84,1,0,0,0,0,124,26,97,39,84,143,9.75677944129104,11.9996202683111,0.419731009234214,29
"13453","RJ","Niterói",515317,78854.6,33018,"Rio de Janeiro",3,"Sudeste",1,"330330",2,806,136,670,233,573,5,0,0,0,0,811,136,670,233,573,375,11.2753609293072,13.1525375242631,0.315151147447759,29
"13454","RJ","Niterói",515317,78854.6,33018,"Rio de Janeiro",3,"Sudeste",1,"330330",3,753,163,590,231,522,2,0,0,0,0,755,163,590,231,522,437,11.2753609293072,13.1525375242631,0.453198433926807,31
"13455","RJ","Niterói",515317,78854.6,33018,"Rio de Janeiro",3,"Sudeste",1,"330330",4,431,82,349,124,307,4,0,0,0,0,435,82,349,124,307,457,11.2753609293072,13.1525375242631,0.553697236820028,30
"13456","RJ","Niterói",515317,78854.6,33018,"Rio de Janeiro",3,"Sudeste",1,"330330",5,445,86,359,135,310,8,0,0,0,0,453,86,359,135,310,696,11.2753609293072,13.1525375242631,0.521772840653641,31
"13457","RJ","Niterói",515317,78854.6,33018,"Rio de Janeiro",3,"Sudeste",1,"330330",6,446,78,368,133,313,2,0,0,0,0,448,78,368,133,313,562,11.2753609293072,13.1525375242631,0.451631847322166,30
"13458","RJ","Niterói",515317,78854.6,33018,"Rio de Janeiro",3,"Sudeste",1,"330330",7,512,86,426,152,360,1,0,0,0,0,513,86,426,152,360,522,11.2753609293072,13.1525375242631,0.432426337348111,29
"13459","RJ","Nova Friburgo",191158,27435.52,33007,"Nova Friburgo",3,"Sudeste",1,"330340",2,254,96,158,91,163,4,0,0,0,0,258,96,158,91,163,116,10.2195938032045,12.1608555901975,0.312957368771799,29
"13460","RJ","Nova Friburgo",191158,27435.52,33007,"Nova Friburgo",3,"Sudeste",1,"330340",3,252,91,161,91,161,0,0,0,0,0,252,91,161,91,161,138,10.2195938032045,12.1608555901975,0.433184072216839,31
"13461","RJ","Nova Friburgo",191158,27435.52,33007,"Nova Friburgo",3,"Sudeste",1,"330340",4,151,65,86,57,94,2,0,0,0,0,153,65,86,57,94,148,10.2195938032045,12.1608555901975,0.507711307638115,30
"13462","RJ","Nova Friburgo",191158,27435.52,33007,"Nova Friburgo",3,"Sudeste",1,"330340",5,109,43,66,38,71,0,0,0,0,0,109,43,66,38,71,161,10.2195938032045,12.1608555901975,0.468276590371735,31
"13463","RJ","Nova Friburgo",191158,27435.52,33007,"Nova Friburgo",3,"Sudeste",1,"330340",6,155,55,100,53,102,0,0,0,0,0,155,55,100,53,102,138,10.2195938032045,12.1608555901975,0.419857013382943,30
"13464","RJ","Nova Friburgo",191158,27435.52,33007,"Nova Friburgo",3,"Sudeste",1,"330340",7,174,71,103,48,126,1,0,0,0,0,175,71,103,48,126,183,10.2195938032045,12.1608555901975,0.40865095160049,29
"13465","RJ","Nova Iguaçu",823302,20538.67,33018,"Rio de Janeiro",3,"Sudeste",1,"330350",2,1395,313,1082,591,804,5,0,0,0,0,1400,313,1082,591,804,510,9.93006472968207,13.6210783625317,0.323763495789465,29
"13466","RJ","Nova Iguaçu",823302,20538.67,33018,"Rio de Janeiro",3,"Sudeste",1,"330350",3,1217,300,917,533,684,5,0,0,0,0,1222,300,917,533,684,579,9.93006472968207,13.6210783625317,0.42230828187456,31
"13467","RJ","Nova Iguaçu",823302,20538.67,33018,"Rio de Janeiro",3,"Sudeste",1,"330350",4,876,227,649,375,501,9,0,0,0,0,885,227,649,375,501,807,9.93006472968207,13.6210783625317,0.48630953730837,30
"13468","RJ","Nova Iguaçu",823302,20538.67,33018,"Rio de Janeiro",3,"Sudeste",1,"330350",5,965,231,734,385,580,13,0,0,0,0,978,231,734,385,580,1011,9.93006472968207,13.6210783625317,0.459489125736686,31
"13469","RJ","Nova Iguaçu",823302,20538.67,33018,"Rio de Janeiro",3,"Sudeste",1,"330350",6,913,213,700,407,506,10,0,0,0,0,923,213,700,407,506,652,9.93006472968207,13.6210783625317,0.406919177109097,30
"13470","RJ","Nova Iguaçu",823302,20538.67,33018,"Rio de Janeiro",3,"Sudeste",1,"330350",7,897,207,690,378,519,9,0,0,0,0,906,207,690,378,519,631,9.93006472968207,13.6210783625317,0.399624497893762,29
"13471","RJ","Paracambi",52683,18799.04,33014,"Vassouras",3,"Sudeste",1,"330360",2,56,11,45,28,28,0,0,0,0,0,56,11,45,28,28,40,9.84156108368445,10.872048101844,0.331208290374173,29
"13472","RJ","Paracambi",52683,18799.04,33014,"Vassouras",3,"Sudeste",1,"330360",3,79,15,64,27,52,0,0,0,0,0,79,15,64,27,52,37,9.84156108368445,10.872048101844,0.436996760631775,31
"13473","RJ","Paracambi",52683,18799.04,33014,"Vassouras",3,"Sudeste",1,"330360",4,42,8,34,14,28,0,0,0,0,0,42,8,34,14,28,35,9.84156108368445,10.872048101844,0.48507527045158,30
"13474","RJ","Paracambi",52683,18799.04,33014,"Vassouras",3,"Sudeste",1,"330360",5,40,8,32,13,27,0,0,0,0,0,40,8,32,13,27,51,9.84156108368445,10.872048101844,0.465533724960501,31
"13475","RJ","Paracambi",52683,18799.04,33014,"Vassouras",3,"Sudeste",1,"330360",6,61,8,53,26,35,0,0,0,0,0,61,8,53,26,35,39,9.84156108368445,10.872048101844,0.426201258546206,30
"13476","RJ","Paracambi",52683,18799.04,33014,"Vassouras",3,"Sudeste",1,"330360",7,48,9,39,22,26,0,0,0,0,0,48,9,39,22,26,41,9.84156108368445,10.872048101844,0.422187300353431,29
"13477","RJ","Paraíba do Sul",44518,22562.99,33005,"Três Rios",3,"Sudeste",1,"330370",2,70,22,48,29,41,0,0,0,0,0,70,22,48,29,41,39,10.0240662322909,10.7036488807506,0.321937186440317,29
"13478","RJ","Paraíba do Sul",44518,22562.99,33005,"Três Rios",3,"Sudeste",1,"330370",3,56,20,36,31,25,1,0,0,0,0,57,20,36,31,25,31,10.0240662322909,10.7036488807506,0.41791744782187,31
"13479","RJ","Paraíba do Sul",44518,22562.99,33005,"Três Rios",3,"Sudeste",1,"330370",4,50,11,39,17,33,0,0,0,0,0,50,11,39,17,33,37,10.0240662322909,10.7036488807506,0.46738949044249,30
"13480","RJ","Paraíba do Sul",44518,22562.99,33005,"Três Rios",3,"Sudeste",1,"330370",5,52,12,40,27,25,1,0,0,0,0,53,12,40,27,25,29,10.0240662322909,10.7036488807506,0.454411542467629,31
"13481","RJ","Paraíba do Sul",44518,22562.99,33005,"Três Rios",3,"Sudeste",1,"330370",6,27,3,24,8,19,0,0,0,0,0,27,3,24,8,19,50,10.0240662322909,10.7036488807506,0.413437675162015,30
"13482","RJ","Paraíba do Sul",44518,22562.99,33005,"Três Rios",3,"Sudeste",1,"330370",7,50,19,31,18,32,0,0,0,0,0,50,19,31,18,32,40,10.0240662322909,10.7036488807506,0.415994797578711,29
"13483","RJ","Paraty",43680,61447.75,33013,"Baía da Ilha Grande",3,"Sudeste",0,"330380",2,85,37,48,41,44,1,0,0,0,0,86,37,48,41,44,30,11.0259424991896,10.6846456104188,0.307510483028208,29
"13484","RJ","Paraty",43680,61447.75,33013,"Baía da Ilha Grande",3,"Sudeste",0,"330380",3,59,15,44,30,29,1,0,0,0,0,60,15,44,30,29,15,11.0259424991896,10.6846456104188,0.44335914244331,31
"13485","RJ","Paraty",43680,61447.75,33013,"Baía da Ilha Grande",3,"Sudeste",0,"330380",4,47,15,32,18,29,0,0,0,0,0,47,15,32,18,29,23,11.0259424991896,10.6846456104188,0.525533171179312,30
"13486","RJ","Paraty",43680,61447.75,33013,"Baía da Ilha Grande",3,"Sudeste",0,"330380",5,55,22,33,25,30,1,0,0,0,0,56,22,33,25,30,23,11.0259424991896,10.6846456104188,0.498828638001528,31
"13487","RJ","Paraty",43680,61447.75,33013,"Baía da Ilha Grande",3,"Sudeste",0,"330380",6,55,22,33,22,33,0,0,0,0,0,55,22,33,22,33,27,11.0259424991896,10.6846456104188,0.45354617675602,30
"13488","RJ","Paraty",43680,61447.75,33013,"Baía da Ilha Grande",3,"Sudeste",0,"330380",7,59,16,43,26,33,0,0,0,0,0,59,16,43,26,33,34,11.0259424991896,10.6846456104188,0.451342488284974,29
"13489","RJ","Paty do Alferes",27858,19606.08,33014,"Vassouras",3,"Sudeste",1,"330385",2,49,15,34,21,28,0,0,0,0,0,49,15,34,21,28,12,9.8835950011969,10.234875457248,0.322765542803058,29
"13490","RJ","Paty do Alferes",27858,19606.08,33014,"Vassouras",3,"Sudeste",1,"330385",3,49,11,38,22,27,2,0,0,0,0,51,11,38,22,27,20,9.8835950011969,10.234875457248,0.432214022716187,31
"13491","RJ","Paty do Alferes",27858,19606.08,33014,"Vassouras",3,"Sudeste",1,"330385",4,31,9,22,15,16,0,0,0,0,0,31,9,22,15,16,28,9.8835950011969,10.234875457248,0.467598413108458,30
"13492","RJ","Paty do Alferes",27858,19606.08,33014,"Vassouras",3,"Sudeste",1,"330385",5,35,17,18,12,23,0,0,0,0,0,35,17,18,12,23,19,9.8835950011969,10.234875457248,0.445829258081828,31
"13493","RJ","Paty do Alferes",27858,19606.08,33014,"Vassouras",3,"Sudeste",1,"330385",6,35,10,25,15,20,0,0,0,0,0,35,10,25,15,20,19,9.8835950011969,10.234875457248,0.397008290616475,30
"13494","RJ","Paty do Alferes",27858,19606.08,33014,"Vassouras",3,"Sudeste",1,"330385",7,31,8,23,16,15,1,0,0,0,0,32,8,23,16,15,26,9.8835950011969,10.234875457248,0.386447026251046,29
"13495","RJ","Petrópolis",306678,41456.25,33015,"Serrana",3,"Sudeste",1,"330390",2,466,118,348,156,310,1,0,0,0,0,467,118,348,156,310,180,10.6323939332739,12.633553616196,0.320026604084536,29
"13496","RJ","Petrópolis",306678,41456.25,33015,"Serrana",3,"Sudeste",1,"330390",3,347,84,263,89,258,2,0,0,0,0,349,84,263,89,258,219,10.6323939332739,12.633553616196,0.430928731963446,31
"13497","RJ","Petrópolis",306678,41456.25,33015,"Serrana",3,"Sudeste",1,"330390",4,308,95,213,113,195,3,0,0,0,0,311,95,213,113,195,218,10.6323939332739,12.633553616196,0.510542508889697,30
"13498","RJ","Petrópolis",306678,41456.25,33015,"Serrana",3,"Sudeste",1,"330390",5,295,76,219,105,190,1,0,0,0,0,296,76,219,105,190,289,10.6323939332739,12.633553616196,0.471119118998859,31
"13499","RJ","Petrópolis",306678,41456.25,33015,"Serrana",3,"Sudeste",1,"330390",6,298,65,233,96,202,1,0,0,0,0,299,65,233,96,202,286,10.6323939332739,12.633553616196,0.429786908441587,30
"13500","RJ","Petrópolis",306678,41456.25,33015,"Serrana",3,"Sudeste",1,"330390",7,305,76,229,94,211,3,0,0,0,0,308,76,229,94,211,291,10.6323939332739,12.633553616196,0.411158363485935,29
"13501","RJ","Pinheiral",25364,21732.84,33011,"Vale do Paraíba Fluminense",3,"Sudeste",1,"330395",2,25,3,22,6,19,0,0,0,0,0,25,3,22,6,19,17,9.9865797596025,10.1410861248199,0.306181542045721,29
"13502","RJ","Pinheiral",25364,21732.84,33011,"Vale do Paraíba Fluminense",3,"Sudeste",1,"330395",3,43,13,30,21,22,1,0,0,0,0,44,13,30,21,22,23,9.9865797596025,10.1410861248199,0.415667419010727,31
"13503","RJ","Pinheiral",25364,21732.84,33011,"Vale do Paraíba Fluminense",3,"Sudeste",1,"330395",4,30,9,21,18,12,0,0,0,0,0,30,9,21,18,12,15,9.9865797596025,10.1410861248199,0.478775461871883,30
"13504","RJ","Pinheiral",25364,21732.84,33011,"Vale do Paraíba Fluminense",3,"Sudeste",1,"330395",5,36,9,27,14,22,0,0,0,0,0,36,9,27,14,22,7,9.9865797596025,10.1410861248199,0.439716671227692,31
"13505","RJ","Pinheiral",25364,21732.84,33011,"Vale do Paraíba Fluminense",3,"Sudeste",1,"330395",6,20,4,16,9,11,0,0,0,0,0,20,4,16,9,11,19,9.9865797596025,10.1410861248199,0.398408364182016,30
"13506","RJ","Pinheiral",25364,21732.84,33011,"Vale do Paraíba Fluminense",3,"Sudeste",1,"330395",7,21,7,14,7,14,1,0,0,0,0,22,7,14,7,14,20,9.9865797596025,10.1410861248199,0.404503572812454,29
"13507","RJ","Piraí",29545,63885,33011,"Vale do Paraíba Fluminense",3,"Sudeste",0,"330400",2,43,10,33,12,31,0,0,0,0,0,43,10,33,12,31,17,11.0648398710254,10.2936698037798,0.322633831262625,29
"13508","RJ","Piraí",29545,63885,33011,"Vale do Paraíba Fluminense",3,"Sudeste",0,"330400",3,38,6,32,12,26,0,0,0,0,0,38,6,32,12,26,25,11.0648398710254,10.2936698037798,0.424769989362746,31
"13509","RJ","Piraí",29545,63885,33011,"Vale do Paraíba Fluminense",3,"Sudeste",0,"330400",4,28,7,21,16,12,0,0,0,0,0,28,7,21,16,12,14,11.0648398710254,10.2936698037798,0.480655955720986,30
"13510","RJ","Piraí",29545,63885,33011,"Vale do Paraíba Fluminense",3,"Sudeste",0,"330400",5,23,9,14,10,13,0,0,0,0,0,23,9,14,10,13,37,11.0648398710254,10.2936698037798,0.443361561946506,31
"13511","RJ","Piraí",29545,63885,33011,"Vale do Paraíba Fluminense",3,"Sudeste",0,"330400",6,26,5,21,4,22,0,0,0,0,0,26,5,21,4,22,20,11.0648398710254,10.2936698037798,0.403072883883003,30
"13512","RJ","Piraí",29545,63885,33011,"Vale do Paraíba Fluminense",3,"Sudeste",0,"330400",7,32,9,23,9,23,0,0,0,0,0,32,9,23,9,23,22,11.0648398710254,10.2936698037798,0.40860266112192,29
"13513","RJ","Porciúncula",18960,18689.85,33001,"Itaperuna",3,"Sudeste",0,"330410",2,23,7,16,10,13,0,0,0,0,0,23,7,16,10,13,11,9.83573587473522,9.85008677580901,0.307860958046241,29
"13514","RJ","Porciúncula",18960,18689.85,33001,"Itaperuna",3,"Sudeste",0,"330410",3,22,6,16,11,11,0,0,0,0,0,22,6,16,11,11,11,9.83573587473522,9.85008677580901,0.402043996208468,31
"13515","RJ","Porciúncula",18960,18689.85,33001,"Itaperuna",3,"Sudeste",0,"330410",4,16,3,13,7,9,1,0,0,0,0,17,3,13,7,9,9,9.83573587473522,9.85008677580901,0.481694668188431,30
"13516","RJ","Porciúncula",18960,18689.85,33001,"Itaperuna",3,"Sudeste",0,"330410",5,26,2,24,12,14,0,0,0,0,0,26,2,24,12,14,13,9.83573587473522,9.85008677580901,0.476157991312703,31
"13517","RJ","Porciúncula",18960,18689.85,33001,"Itaperuna",3,"Sudeste",0,"330410",6,11,4,7,5,6,0,0,0,0,0,11,4,7,5,6,11,9.83573587473522,9.85008677580901,0.443186772850655,30
"13518","RJ","Porciúncula",18960,18689.85,33001,"Itaperuna",3,"Sudeste",0,"330410",7,11,4,7,1,10,0,0,0,0,0,11,4,7,1,10,21,9.83573587473522,9.85008677580901,0.501754779498387,29
"13519","RJ","Porto Real",19974,147371.58,33011,"Vale do Paraíba Fluminense",3,"Sudeste",1,"330411",2,29,6,23,11,18,0,0,0,0,0,29,6,23,11,18,6,11.9007124314635,9.90218670680308,0.311488621920633,29
"13520","RJ","Porto Real",19974,147371.58,33011,"Vale do Paraíba Fluminense",3,"Sudeste",1,"330411",3,43,8,35,15,28,0,0,0,0,0,43,8,35,15,28,8,11.9007124314635,9.90218670680308,0.422414957203604,31
"13521","RJ","Porto Real",19974,147371.58,33011,"Vale do Paraíba Fluminense",3,"Sudeste",1,"330411",4,24,5,19,10,14,0,0,0,0,0,24,5,19,10,14,4,11.9007124314635,9.90218670680308,0.492942054121904,30
"13522","RJ","Porto Real",19974,147371.58,33011,"Vale do Paraíba Fluminense",3,"Sudeste",1,"330411",5,21,4,17,10,11,0,0,0,0,0,21,4,17,10,11,10,11.9007124314635,9.90218670680308,0.439333198550403,31
"13523","RJ","Porto Real",19974,147371.58,33011,"Vale do Paraíba Fluminense",3,"Sudeste",1,"330411",6,23,4,19,9,14,1,0,0,0,0,24,4,19,9,14,23,11.9007124314635,9.90218670680308,0.40071851027373,30
"13524","RJ","Porto Real",19974,147371.58,33011,"Vale do Paraíba Fluminense",3,"Sudeste",1,"330411",7,22,2,20,9,13,0,0,0,0,0,22,2,20,9,13,17,11.9007124314635,9.90218670680308,0.386784367548716,29
"13525","RJ","Quatis",14435,18706.57,33011,"Vale do Paraíba Fluminense",3,"Sudeste",1,"330412",2,26,10,16,12,14,0,0,0,0,0,26,10,16,12,14,5,9.83663007803672,9.57741109209704,0.310639217279276,29
"13526","RJ","Quatis",14435,18706.57,33011,"Vale do Paraíba Fluminense",3,"Sudeste",1,"330412",3,20,4,16,8,12,0,0,0,0,0,20,4,16,8,12,7,9.83663007803672,9.57741109209704,0.400231272808899,31
"13527","RJ","Quatis",14435,18706.57,33011,"Vale do Paraíba Fluminense",3,"Sudeste",1,"330412",4,14,3,11,7,7,0,0,0,0,0,14,3,11,7,7,8,9.83663007803672,9.57741109209704,0.479241594346387,30
"13528","RJ","Quatis",14435,18706.57,33011,"Vale do Paraíba Fluminense",3,"Sudeste",1,"330412",5,10,3,7,5,5,0,0,0,0,0,10,3,7,5,5,7,9.83663007803672,9.57741109209704,0.443636167482291,31
"13529","RJ","Quatis",14435,18706.57,33011,"Vale do Paraíba Fluminense",3,"Sudeste",1,"330412",6,16,4,12,4,12,0,0,0,0,0,16,4,12,4,12,5,9.83663007803672,9.57741109209704,0.381854587727013,30
"13530","RJ","Quatis",14435,18706.57,33011,"Vale do Paraíba Fluminense",3,"Sudeste",1,"330412",7,16,1,15,8,8,0,0,0,0,0,16,1,15,8,8,8,9.83663007803672,9.57741109209704,0.369646135310373,29
"13531","RJ","Queimados",151335,24050.05,33018,"Rio de Janeiro",3,"Sudeste",1,"330414",2,237,54,183,93,144,3,0,0,0,0,240,54,183,93,144,91,10.0878923545338,11.9272512015106,0.321250010267698,29
"13532","RJ","Queimados",151335,24050.05,33018,"Rio de Janeiro",3,"Sudeste",1,"330414",3,261,67,194,111,150,6,0,0,0,0,267,67,194,111,150,114,10.0878923545338,11.9272512015106,0.418132660213685,31
"13533","RJ","Queimados",151335,24050.05,33018,"Rio de Janeiro",3,"Sudeste",1,"330414",4,154,39,115,66,88,5,0,0,0,0,159,39,115,66,88,129,10.0878923545338,11.9272512015106,0.471367054407463,30
"13534","RJ","Queimados",151335,24050.05,33018,"Rio de Janeiro",3,"Sudeste",1,"330414",5,171,40,131,65,106,5,0,0,0,0,176,40,131,65,106,192,10.0878923545338,11.9272512015106,0.448859735443559,31
"13535","RJ","Queimados",151335,24050.05,33018,"Rio de Janeiro",3,"Sudeste",1,"330414",6,176,47,129,81,95,3,0,0,0,0,179,47,129,81,95,109,10.0878923545338,11.9272512015106,0.399200751292907,30
"13536","RJ","Queimados",151335,24050.05,33018,"Rio de Janeiro",3,"Sudeste",1,"330414",7,180,59,121,80,100,2,0,0,0,0,182,59,121,80,100,89,10.0878923545338,11.9272512015106,0.391668157836501,29
"13537","RJ","Quissamã",25126,101931.44,33004,"Macaé",3,"Sudeste",0,"330415",2,43,10,33,21,22,0,0,0,0,0,43,10,33,21,22,10,11.532055709405,10.1316584455644,0.280160479171559,29
"13538","RJ","Quissamã",25126,101931.44,33004,"Macaé",3,"Sudeste",0,"330415",3,37,9,28,22,15,0,0,0,0,0,37,9,28,22,15,9,11.532055709405,10.1316584455644,0.363038623624628,31
"13539","RJ","Quissamã",25126,101931.44,33004,"Macaé",3,"Sudeste",0,"330415",4,36,14,22,14,22,0,0,0,0,0,36,14,22,14,22,7,11.532055709405,10.1316584455644,0.429227616658036,30
"13540","RJ","Quissamã",25126,101931.44,33004,"Macaé",3,"Sudeste",0,"330415",5,26,9,17,13,13,1,0,0,0,0,27,9,17,13,13,10,11.532055709405,10.1316584455644,0.392758346399954,31
"13541","RJ","Quissamã",25126,101931.44,33004,"Macaé",3,"Sudeste",0,"330415",6,32,9,23,12,20,0,0,0,0,0,32,9,23,12,20,21,11.532055709405,10.1316584455644,0.368583715387389,30
"13542","RJ","Quissamã",25126,101931.44,33004,"Macaé",3,"Sudeste",0,"330415",7,22,4,18,5,17,0,0,0,0,0,22,4,18,5,17,21,11.532055709405,10.1316584455644,0.375264751601487,29
"13543","RJ","Resende",132312,64649.16,33011,"Vale do Paraíba Fluminense",3,"Sudeste",1,"330420",2,211,36,175,58,153,1,0,0,0,0,212,36,175,58,153,75,11.0767303910762,11.7929180489376,0.310991415814018,29
"13544","RJ","Resende",132312,64649.16,33011,"Vale do Paraíba Fluminense",3,"Sudeste",1,"330420",3,219,45,174,75,144,1,0,0,0,0,220,45,174,75,144,100,11.0767303910762,11.7929180489376,0.411602368107734,31
"13545","RJ","Resende",132312,64649.16,33011,"Vale do Paraíba Fluminense",3,"Sudeste",1,"330420",4,149,30,119,63,86,2,0,0,0,0,151,30,119,63,86,57,11.0767303910762,11.7929180489376,0.483680118464177,30
"13546","RJ","Resende",132312,64649.16,33011,"Vale do Paraíba Fluminense",3,"Sudeste",1,"330420",5,150,29,121,54,96,0,0,0,0,0,150,29,121,54,96,83,11.0767303910762,11.7929180489376,0.440606283743607,31
"13547","RJ","Resende",132312,64649.16,33011,"Vale do Paraíba Fluminense",3,"Sudeste",1,"330420",6,142,25,117,49,93,1,0,0,0,0,143,25,117,49,93,103,11.0767303910762,11.7929180489376,0.395820007165972,30
"13548","RJ","Resende",132312,64649.16,33011,"Vale do Paraíba Fluminense",3,"Sudeste",1,"330420",7,147,28,119,46,101,2,0,0,0,0,149,28,119,46,101,106,11.0767303910762,11.7929180489376,0.387933486384059,29
"13549","RJ","Rio Bonito",60573,27755.96,33016,"Macacu-Caceribu",3,"Sudeste",1,"330430",2,98,27,71,31,67,0,0,0,0,0,98,27,71,31,67,24,10.2312058708886,11.0116045282185,0.309189164653365,29
"13550","RJ","Rio Bonito",60573,27755.96,33016,"Macacu-Caceribu",3,"Sudeste",1,"330430",3,88,27,61,35,53,0,0,0,0,0,88,27,61,35,53,42,10.2312058708886,11.0116045282185,0.411073474505554,31
"13551","RJ","Rio Bonito",60573,27755.96,33016,"Macacu-Caceribu",3,"Sudeste",1,"330430",4,62,23,39,26,36,2,0,0,0,0,64,23,39,26,36,35,10.2312058708886,11.0116045282185,0.478868935086518,30
"13552","RJ","Rio Bonito",60573,27755.96,33016,"Macacu-Caceribu",3,"Sudeste",1,"330430",5,49,14,35,15,34,1,0,0,0,0,50,14,35,15,34,43,10.2312058708886,11.0116045282185,0.446969986087084,31
"13553","RJ","Rio Bonito",60573,27755.96,33016,"Macacu-Caceribu",3,"Sudeste",1,"330430",6,77,24,53,27,50,2,0,0,0,0,79,24,53,27,50,48,10.2312058708886,11.0116045282185,0.40717941793045,30
"13554","RJ","Rio Bonito",60573,27755.96,33016,"Macacu-Caceribu",3,"Sudeste",1,"330430",7,42,16,26,15,27,0,0,0,0,0,42,16,26,15,27,44,10.2312058708886,11.0116045282185,0.390992454045705,29
"13555","RJ","Rio Claro",18605,21763.04,33011,"Vale do Paraíba Fluminense",3,"Sudeste",0,"330440",2,29,11,18,11,18,0,0,0,0,0,29,11,18,11,18,16,9.98796839709427,9.83118564078072,0.318259098481606,29
"13556","RJ","Rio Claro",18605,21763.04,33011,"Vale do Paraíba Fluminense",3,"Sudeste",0,"330440",3,27,10,17,10,17,0,0,0,0,0,27,10,17,10,17,3,9.98796839709427,9.83118564078072,0.405313206758758,31
"13557","RJ","Rio Claro",18605,21763.04,33011,"Vale do Paraíba Fluminense",3,"Sudeste",0,"330440",4,11,2,9,5,6,0,0,0,0,0,11,2,9,5,6,9,9.98796839709427,9.83118564078072,0.470985478667159,30
"13558","RJ","Rio Claro",18605,21763.04,33011,"Vale do Paraíba Fluminense",3,"Sudeste",0,"330440",5,11,4,7,6,5,0,0,0,0,0,11,4,7,6,5,16,9.98796839709427,9.83118564078072,0.44864646289019,31
"13559","RJ","Rio Claro",18605,21763.04,33011,"Vale do Paraíba Fluminense",3,"Sudeste",0,"330440",6,19,5,14,9,10,1,0,0,0,0,20,5,14,9,10,13,9.98796839709427,9.83118564078072,0.422898953512488,30
"13560","RJ","Rio Claro",18605,21763.04,33011,"Vale do Paraíba Fluminense",3,"Sudeste",0,"330440",7,13,6,7,6,7,0,0,0,0,0,13,6,7,6,7,11,9.98796839709427,9.83118564078072,0.410358823276482,29
"13561","RJ","Rio das Flores",9344,22263.47,33012,"Barra do Piraí",3,"Sudeste",0,"330450",2,18,5,13,8,10,0,0,0,0,0,18,5,13,8,10,3,10.0107024976762,9.14248970506801,0.339148359216572,29
"13562","RJ","Rio das Flores",9344,22263.47,33012,"Barra do Piraí",3,"Sudeste",0,"330450",3,12,3,9,4,8,0,0,0,0,0,12,3,9,4,8,7,10.0107024976762,9.14248970506801,0.452294723682856,31
"13563","RJ","Rio das Flores",9344,22263.47,33012,"Barra do Piraí",3,"Sudeste",0,"330450",4,15,1,14,6,9,0,0,0,0,0,15,1,14,6,9,4,10.0107024976762,9.14248970506801,0.5156480308944,30
"13564","RJ","Rio das Flores",9344,22263.47,33012,"Barra do Piraí",3,"Sudeste",0,"330450",5,8,2,6,0,8,0,0,0,0,0,8,2,6,0,8,3,10.0107024976762,9.14248970506801,0.501533320451523,31
"13565","RJ","Rio das Flores",9344,22263.47,33012,"Barra do Piraí",3,"Sudeste",0,"330450",6,10,3,7,7,3,0,0,0,0,0,10,3,7,7,3,4,10.0107024976762,9.14248970506801,0.444362703380065,30
"13566","RJ","Rio das Flores",9344,22263.47,33012,"Barra do Piraí",3,"Sudeste",0,"330450",7,9,3,6,5,4,0,0,0,0,0,9,3,6,5,4,5,10.0107024976762,9.14248970506801,0.422934986911642,29
"13567","RJ","Rio das Ostras",155193,58789.09,33009,"Bacia de São João",3,"Sudeste",1,"330452",2,150,23,127,42,108,0,0,0,0,0,150,23,127,42,108,74,10.9817115724536,11.9524247826213,0.310311706213652,29
"13568","RJ","Rio das Ostras",155193,58789.09,33009,"Bacia de São João",3,"Sudeste",1,"330452",3,105,9,96,21,84,2,0,0,0,0,107,9,96,21,84,78,10.9817115724536,11.9524247826213,0.433539230398965,31
"13569","RJ","Rio das Ostras",155193,58789.09,33009,"Bacia de São João",3,"Sudeste",1,"330452",4,107,21,86,30,77,0,0,0,0,0,107,21,86,30,77,93,10.9817115724536,11.9524247826213,0.511070109273589,30
"13570","RJ","Rio das Ostras",155193,58789.09,33009,"Bacia de São João",3,"Sudeste",1,"330452",5,100,19,81,40,60,1,0,0,0,0,101,19,81,40,60,88,10.9817115724536,11.9524247826213,0.470913377972585,31
"13571","RJ","Rio das Ostras",155193,58789.09,33009,"Bacia de São João",3,"Sudeste",1,"330452",6,109,20,89,37,72,2,0,0,0,0,111,20,89,37,72,86,10.9817115724536,11.9524247826213,0.428611981413914,30
"13572","RJ","Rio das Ostras",155193,58789.09,33009,"Bacia de São João",3,"Sudeste",1,"330452",7,94,12,82,26,68,2,0,0,0,0,96,12,82,26,68,93,10.9817115724536,11.9524247826213,0.417810969693387,29
"13573","RJ","Rio de Janeiro",6747815,54426.08,33018,"Rio de Janeiro",3,"Sudeste",1,"330455",2,9312,1751,7561,3171,6141,47,0,0,0,0,9359,1751,7561,3171,6141,4469,10.9045987297276,15.7247293067417,0.312230422202507,29
"13574","RJ","Rio de Janeiro",6747815,54426.08,33018,"Rio de Janeiro",3,"Sudeste",1,"330455",3,8260,1558,6702,2806,5454,54,0,0,0,0,8314,1558,6702,2806,5454,5051,10.9045987297276,15.7247293067417,0.429409806801603,31
"13575","RJ","Rio de Janeiro",6747815,54426.08,33018,"Rio de Janeiro",3,"Sudeste",1,"330455",4,5974,1175,4799,2142,3832,56,0,0,0,0,6030,1175,4799,2142,3832,7890,10.9045987297276,15.7247293067417,0.517651736238194,30
"13576","RJ","Rio de Janeiro",6747815,54426.08,33018,"Rio de Janeiro",3,"Sudeste",1,"330455",5,5990,1164,4826,2116,3874,59,0,0,0,0,6049,1164,4826,2116,3874,9589,10.9045987297276,15.7247293067417,0.487807019349933,31
"13577","RJ","Rio de Janeiro",6747815,54426.08,33018,"Rio de Janeiro",3,"Sudeste",1,"330455",6,5858,1096,4762,2031,3827,66,0,0,0,0,5924,1096,4762,2031,3827,5541,10.9045987297276,15.7247293067417,0.425991760388264,30
"13578","RJ","Rio de Janeiro",6747815,54426.08,33018,"Rio de Janeiro",3,"Sudeste",1,"330455",7,5959,1153,4806,2038,3921,61,0,0,0,0,6020,1153,4806,2038,3921,4929,10.9045987297276,15.7247293067417,0.412224321506352,29
"13579","RJ","Santa Maria Madalena",10392,17415.87,33008,"Santa Maria Madalena",3,"Sudeste",0,"330460",2,5,2,3,3,2,0,0,0,0,0,5,2,3,3,2,6,9.76513713848597,9.24879155835043,0.282968906364581,29
"13580","RJ","Santa Maria Madalena",10392,17415.87,33008,"Santa Maria Madalena",3,"Sudeste",0,"330460",3,8,2,6,3,5,0,0,0,0,0,8,2,6,3,5,9,9.76513713848597,9.24879155835043,0.357744247135629,31
"13581","RJ","Santa Maria Madalena",10392,17415.87,33008,"Santa Maria Madalena",3,"Sudeste",0,"330460",4,7,1,6,1,6,0,0,0,0,0,7,1,6,1,6,1,9.76513713848597,9.24879155835043,0.401843807532084,30
"13582","RJ","Santa Maria Madalena",10392,17415.87,33008,"Santa Maria Madalena",3,"Sudeste",0,"330460",5,6,0,6,2,4,0,0,0,0,0,6,0,6,2,4,4,9.76513713848597,9.24879155835043,0.38801895636325,31
"13583","RJ","Santa Maria Madalena",10392,17415.87,33008,"Santa Maria Madalena",3,"Sudeste",0,"330460",6,7,3,4,2,5,0,0,0,0,0,7,3,4,2,5,3,9.76513713848597,9.24879155835043,0.379345710899546,30
"13584","RJ","Santa Maria Madalena",10392,17415.87,33008,"Santa Maria Madalena",3,"Sudeste",0,"330460",7,7,2,5,1,6,0,0,0,0,0,7,2,5,1,6,13,9.76513713848597,9.24879155835043,0.378509349859432,29
"13585","RJ","Santo Antônio de Pádua",42594,25660.26,33002,"Santo Antônio de Pádua",3,"Sudeste",1,"330470",2,55,9,46,17,38,0,0,0,0,0,55,9,46,17,38,31,10.1526987706202,10.6594686772674,0.345906512870476,29
"13586","RJ","Santo Antônio de Pádua",42594,25660.26,33002,"Santo Antônio de Pádua",3,"Sudeste",1,"330470",3,66,14,52,25,41,0,0,0,0,0,66,14,52,25,41,27,10.1526987706202,10.6594686772674,0.440345148560621,31
"13587","RJ","Santo Antônio de Pádua",42594,25660.26,33002,"Santo Antônio de Pádua",3,"Sudeste",1,"330470",4,43,9,34,23,20,0,0,0,0,0,43,9,34,23,20,21,10.1526987706202,10.6594686772674,0.48742380625207,30
"13588","RJ","Santo Antônio de Pádua",42594,25660.26,33002,"Santo Antônio de Pádua",3,"Sudeste",1,"330470",5,46,8,38,24,22,0,0,0,0,0,46,8,38,24,22,36,10.1526987706202,10.6594686772674,0.447756525200391,31
"13589","RJ","Santo Antônio de Pádua",42594,25660.26,33002,"Santo Antônio de Pádua",3,"Sudeste",1,"330470",6,53,7,46,20,33,1,0,0,0,0,54,7,46,20,33,32,10.1526987706202,10.6594686772674,0.420218903579662,30
"13590","RJ","Santo Antônio de Pádua",42594,25660.26,33002,"Santo Antônio de Pádua",3,"Sudeste",1,"330470",7,48,9,39,15,33,1,0,0,0,0,49,9,39,15,33,40,10.1526987706202,10.6594686772674,0.430986077200683,29
"13591","RJ","São Francisco de Itabapoana",42210,24249.19,33003,"Campos dos Goytacazes",3,"Sudeste",0,"330475",2,86,36,50,38,48,1,0,0,0,0,87,36,50,38,48,24,10.0961384937459,10.6504124387765,0.328206678982657,29
"13592","RJ","São Francisco de Itabapoana",42210,24249.19,33003,"Campos dos Goytacazes",3,"Sudeste",0,"330475",3,86,39,47,35,51,0,0,0,0,0,86,39,47,35,51,33,10.0961384937459,10.6504124387765,0.41363782142037,31
"13593","RJ","São Francisco de Itabapoana",42210,24249.19,33003,"Campos dos Goytacazes",3,"Sudeste",0,"330475",4,51,17,34,24,27,0,0,0,0,0,51,17,34,24,27,21,10.0961384937459,10.6504124387765,0.449168462884339,30
"13594","RJ","São Francisco de Itabapoana",42210,24249.19,33003,"Campos dos Goytacazes",3,"Sudeste",0,"330475",5,48,19,29,17,31,0,0,0,0,0,48,19,29,17,31,33,10.0961384937459,10.6504124387765,0.428087204702022,31
"13595","RJ","São Francisco de Itabapoana",42210,24249.19,33003,"Campos dos Goytacazes",3,"Sudeste",0,"330475",6,54,18,36,27,27,0,0,0,0,0,54,18,36,27,27,34,10.0961384937459,10.6504124387765,0.410005622112274,30
"13596","RJ","São Francisco de Itabapoana",42210,24249.19,33003,"Campos dos Goytacazes",3,"Sudeste",0,"330475",7,56,24,32,24,32,0,0,0,0,0,56,24,32,24,32,41,10.0961384937459,10.6504124387765,0.404159271391938,29
"13597","RJ","São Fidélis",38710,17997.75,33003,"Campos dos Goytacazes",3,"Sudeste",0,"330480",2,56,15,41,20,36,0,0,0,0,0,56,15,41,20,36,31,9.79800202906515,10.5638532435717,0.312720195251256,29
"13598","RJ","São Fidélis",38710,17997.75,33003,"Campos dos Goytacazes",3,"Sudeste",0,"330480",3,52,16,36,15,37,0,0,0,0,0,52,16,36,15,37,24,9.79800202906515,10.5638532435717,0.419248295701123,31
"13599","RJ","São Fidélis",38710,17997.75,33003,"Campos dos Goytacazes",3,"Sudeste",0,"330480",4,35,8,27,13,22,0,0,0,0,0,35,8,27,13,22,22,9.79800202906515,10.5638532435717,0.462062527553306,30
"13600","RJ","São Fidélis",38710,17997.75,33003,"Campos dos Goytacazes",3,"Sudeste",0,"330480",5,29,6,23,11,18,1,0,0,0,0,30,6,23,11,18,43,9.79800202906515,10.5638532435717,0.45451612839143,31
"13601","RJ","São Fidélis",38710,17997.75,33003,"Campos dos Goytacazes",3,"Sudeste",0,"330480",6,56,11,45,20,36,0,0,0,0,0,56,11,45,20,36,36,9.79800202906515,10.5638532435717,0.41454698603447,30
"13602","RJ","São Fidélis",38710,17997.75,33003,"Campos dos Goytacazes",3,"Sudeste",0,"330480",7,57,15,42,19,38,0,0,0,0,0,57,15,42,19,38,49,9.79800202906515,10.5638532435717,0.42461865225402,29
"13603","RJ","São Gonçalo",1091737,17167.6,33018,"Rio de Janeiro",3,"Sudeste",1,"330490",2,1269,321,948,513,756,7,0,0,0,0,1276,321,948,513,756,628,9.75077916543782,13.9032805637889,0.320679272785624,29
"13604","RJ","São Gonçalo",1091737,17167.6,33018,"Rio de Janeiro",3,"Sudeste",1,"330490",3,1157,264,893,438,719,8,0,0,0,0,1165,264,893,438,719,662,9.75077916543782,13.9032805637889,0.428236103230491,31
"13605","RJ","São Gonçalo",1091737,17167.6,33018,"Rio de Janeiro",3,"Sudeste",1,"330490",4,893,215,678,380,513,3,0,0,0,0,896,215,678,380,513,781,9.75077916543782,13.9032805637889,0.499611108072121,30
"13606","RJ","São Gonçalo",1091737,17167.6,33018,"Rio de Janeiro",3,"Sudeste",1,"330490",5,825,235,590,351,474,14,0,0,0,0,839,235,590,351,474,1111,9.75077916543782,13.9032805637889,0.474031093024106,31
"13607","RJ","São Gonçalo",1091737,17167.6,33018,"Rio de Janeiro",3,"Sudeste",1,"330490",6,825,214,611,343,482,11,0,0,0,0,836,214,611,343,482,884,9.75077916543782,13.9032805637889,0.415736581184818,30
"13608","RJ","São Gonçalo",1091737,17167.6,33018,"Rio de Janeiro",3,"Sudeste",1,"330490",7,827,203,624,332,495,10,0,0,0,0,837,203,624,332,495,817,9.75077916543782,13.9032805637889,0.40793512420669,29
"13609","RJ","São João da Barra",36423,199339.81,33003,"Campos dos Goytacazes",3,"Sudeste",1,"330500",2,75,25,50,28,47,2,0,0,0,0,77,25,50,28,47,23,12.2027662353756,10.5029557222121,0.304008472087175,29
"13610","RJ","São João da Barra",36423,199339.81,33003,"Campos dos Goytacazes",3,"Sudeste",1,"330500",3,60,17,43,27,33,0,0,0,0,0,60,17,43,27,33,21,12.2027662353756,10.5029557222121,0.406392544031153,31
"13611","RJ","São João da Barra",36423,199339.81,33003,"Campos dos Goytacazes",3,"Sudeste",1,"330500",4,53,19,34,25,28,0,0,0,0,0,53,19,34,25,28,22,12.2027662353756,10.5029557222121,0.468593656179092,30
"13612","RJ","São João da Barra",36423,199339.81,33003,"Campos dos Goytacazes",3,"Sudeste",1,"330500",5,52,20,32,24,28,1,0,0,0,0,53,20,32,24,28,36,12.2027662353756,10.5029557222121,0.452917307794765,31
"13613","RJ","São João da Barra",36423,199339.81,33003,"Campos dos Goytacazes",3,"Sudeste",1,"330500",6,60,23,37,22,38,0,0,0,0,0,60,23,37,22,38,35,12.2027662353756,10.5029557222121,0.395123385527447,30
"13614","RJ","São João da Barra",36423,199339.81,33003,"Campos dos Goytacazes",3,"Sudeste",1,"330500",7,40,11,29,19,21,2,0,0,0,0,42,11,29,19,21,41,12.2027662353756,10.5029557222121,0.385708348772687,29
"13615","RJ","São João de Meriti",472906,19726.47,33018,"Rio de Janeiro",3,"Sudeste",1,"330510",2,674,176,498,306,368,6,0,0,0,0,680,176,498,306,368,310,9.88971666765208,13.0666519162233,0.322728711665459,29
"13616","RJ","São João de Meriti",472906,19726.47,33018,"Rio de Janeiro",3,"Sudeste",1,"330510",3,688,186,502,316,372,2,0,0,0,0,690,186,502,316,372,306,9.88971666765208,13.0666519162233,0.423447993280488,31
"13617","RJ","São João de Meriti",472906,19726.47,33018,"Rio de Janeiro",3,"Sudeste",1,"330510",4,469,128,341,207,262,3,0,0,0,0,472,128,341,207,262,517,9.88971666765208,13.0666519162233,0.493465351361548,30
"13618","RJ","São João de Meriti",472906,19726.47,33018,"Rio de Janeiro",3,"Sudeste",1,"330510",5,455,122,333,220,235,13,0,0,0,0,468,122,333,220,235,612,9.88971666765208,13.0666519162233,0.460937709017261,31
"13619","RJ","São João de Meriti",472906,19726.47,33018,"Rio de Janeiro",3,"Sudeste",1,"330510",6,456,113,343,191,265,9,0,0,0,0,465,113,343,191,265,414,9.88971666765208,13.0666519162233,0.40478682766078,30
"13620","RJ","São João de Meriti",472906,19726.47,33018,"Rio de Janeiro",3,"Sudeste",1,"330510",7,439,99,340,180,259,9,0,0,0,0,448,99,340,180,259,362,9.88971666765208,13.0666519162233,0.399864708755264,29
"13621","RJ","São José do Vale do Rio Preto",21916,24555.29,33015,"Serrana",3,"Sudeste",0,"330515",2,27,15,12,6,21,0,0,0,0,0,27,15,12,6,21,16,10.1086825886256,9.99497224265831,0.331865449695562,29
"13622","RJ","São José do Vale do Rio Preto",21916,24555.29,33015,"Serrana",3,"Sudeste",0,"330515",3,26,8,18,6,20,0,0,0,0,0,26,8,18,6,20,12,10.1086825886256,9.99497224265831,0.406442303442474,31
"13623","RJ","São José do Vale do Rio Preto",21916,24555.29,33015,"Serrana",3,"Sudeste",0,"330515",4,23,10,13,6,17,0,0,0,0,0,23,10,13,6,17,10,10.1086825886256,9.99497224265831,0.441213184428639,30
"13624","RJ","São José do Vale do Rio Preto",21916,24555.29,33015,"Serrana",3,"Sudeste",0,"330515",5,20,5,15,10,10,0,0,0,0,0,20,5,15,10,10,29,10.1086825886256,9.99497224265831,0.453966307097408,31
"13625","RJ","São José do Vale do Rio Preto",21916,24555.29,33015,"Serrana",3,"Sudeste",0,"330515",6,19,6,13,6,13,0,0,0,0,0,19,6,13,6,13,19,10.1086825886256,9.99497224265831,0.406311325995431,30
"13626","RJ","São José do Vale do Rio Preto",21916,24555.29,33015,"Serrana",3,"Sudeste",0,"330515",7,30,10,20,14,16,0,0,0,0,0,30,10,20,14,16,15,10.1086825886256,9.99497224265831,0.401283790866638,29
"13627","RJ","São Pedro da Aldeia",106049,22259.41,33010,"Lagos",3,"Sudeste",1,"330520",2,219,46,173,69,150,1,0,0,0,0,220,46,173,69,150,46,10.0105201195367,11.571656530434,0.312087161758223,29
"13628","RJ","São Pedro da Aldeia",106049,22259.41,33010,"Lagos",3,"Sudeste",1,"330520",3,191,48,143,81,110,0,0,0,0,0,191,48,143,81,110,66,10.0105201195367,11.571656530434,0.419376377926794,31
"13629","RJ","São Pedro da Aldeia",106049,22259.41,33010,"Lagos",3,"Sudeste",1,"330520",4,135,28,107,55,80,1,0,0,0,0,136,28,107,55,80,65,10.0105201195367,11.571656530434,0.480960047689767,30
"13630","RJ","São Pedro da Aldeia",106049,22259.41,33010,"Lagos",3,"Sudeste",1,"330520",5,147,27,120,55,92,0,0,0,0,0,147,27,120,55,92,78,10.0105201195367,11.571656530434,0.448338995017022,31
"13631","RJ","São Pedro da Aldeia",106049,22259.41,33010,"Lagos",3,"Sudeste",1,"330520",6,166,33,133,67,99,1,0,0,0,0,167,33,133,67,99,84,10.0105201195367,11.571656530434,0.405941405487895,30
"13632","RJ","São Pedro da Aldeia",106049,22259.41,33010,"Lagos",3,"Sudeste",1,"330520",7,151,26,125,52,99,1,0,0,0,0,152,26,125,52,99,69,10.0105201195367,11.571656530434,0.400373046600211,29
"13633","RJ","São Sebastião do Alto",9387,21801.76,33008,"Santa Maria Madalena",3,"Sudeste",0,"330530",2,6,0,6,1,5,0,0,0,0,0,6,0,6,1,5,4,9.98974597946333,9.14708103233699,0.333244931747477,29
"13634","RJ","São Sebastião do Alto",9387,21801.76,33008,"Santa Maria Madalena",3,"Sudeste",0,"330530",3,14,5,9,7,7,0,0,0,0,0,14,5,9,7,7,9,9.98974597946333,9.14708103233699,0.441720418711284,31
"13635","RJ","São Sebastião do Alto",9387,21801.76,33008,"Santa Maria Madalena",3,"Sudeste",0,"330530",4,8,4,4,5,3,0,0,0,0,0,8,4,4,5,3,3,9.98974597946333,9.14708103233699,0.510206742349621,30
"13636","RJ","São Sebastião do Alto",9387,21801.76,33008,"Santa Maria Madalena",3,"Sudeste",0,"330530",5,8,3,5,7,1,0,0,0,0,0,8,3,5,7,1,13,9.98974597946333,9.14708103233699,0.479364725092051,31
"13637","RJ","São Sebastião do Alto",9387,21801.76,33008,"Santa Maria Madalena",3,"Sudeste",0,"330530",6,10,4,6,4,6,0,0,0,0,0,10,4,6,4,6,7,9.98974597946333,9.14708103233699,0.477378344606324,30
"13638","RJ","São Sebastião do Alto",9387,21801.76,33008,"Santa Maria Madalena",3,"Sudeste",0,"330530",7,7,0,7,3,4,0,0,0,0,0,7,0,7,3,4,14,9.98974597946333,9.14708103233699,0.466698355735384,29
"13639","RJ","Sapucaia",18249,40457.4,33005,"Três Rios",3,"Sudeste",0,"330540",2,18,1,17,5,13,0,0,0,0,0,18,1,17,5,13,10,10.6080048476584,9.81186556298882,0.325600789745398,29
"13640","RJ","Sapucaia",18249,40457.4,33005,"Três Rios",3,"Sudeste",0,"330540",3,18,3,15,8,10,1,0,0,0,0,19,3,15,8,10,11,10.6080048476584,9.81186556298882,0.419310034687085,31
"13641","RJ","Sapucaia",18249,40457.4,33005,"Três Rios",3,"Sudeste",0,"330540",4,24,4,20,9,15,1,0,0,0,0,25,4,20,9,15,15,10.6080048476584,9.81186556298882,0.470225451337272,30
"13642","RJ","Sapucaia",18249,40457.4,33005,"Três Rios",3,"Sudeste",0,"330540",5,17,9,8,7,10,0,0,0,0,0,17,9,8,7,10,18,10.6080048476584,9.81186556298882,0.478554393698706,31
"13643","RJ","Sapucaia",18249,40457.4,33005,"Três Rios",3,"Sudeste",0,"330540",6,14,7,7,4,10,0,0,0,0,0,14,7,7,4,10,12,10.6080048476584,9.81186556298882,0.434820597875529,30
"13644","RJ","Sapucaia",18249,40457.4,33005,"Três Rios",3,"Sudeste",0,"330540",7,12,7,5,0,12,0,0,0,0,0,12,7,5,0,12,22,10.6080048476584,9.81186556298882,0.446400621328271,29
"13645","RJ","Saquarema",90583,35244.56,33010,"Lagos",3,"Sudeste",1,"330550",2,143,38,105,59,84,2,0,0,0,0,145,38,105,59,84,60,10.4700664700898,11.4140218364558,0.324148380282005,29
"13646","RJ","Saquarema",90583,35244.56,33010,"Lagos",3,"Sudeste",1,"330550",3,147,41,106,65,82,0,0,0,0,0,147,41,106,65,82,59,10.4700664700898,11.4140218364558,0.430829986149148,31
"13647","RJ","Saquarema",90583,35244.56,33010,"Lagos",3,"Sudeste",1,"330550",4,103,30,73,35,68,0,0,0,0,0,103,30,73,35,68,75,10.4700664700898,11.4140218364558,0.496208041311874,30
"13648","RJ","Saquarema",90583,35244.56,33010,"Lagos",3,"Sudeste",1,"330550",5,94,30,64,36,58,0,0,0,0,0,94,30,64,36,58,81,10.4700664700898,11.4140218364558,0.481213850739666,31
"13649","RJ","Saquarema",90583,35244.56,33010,"Lagos",3,"Sudeste",1,"330550",6,81,20,61,33,48,1,0,0,0,0,82,20,61,33,48,67,10.4700664700898,11.4140218364558,0.424758628741256,30
"13650","RJ","Saquarema",90583,35244.56,33010,"Lagos",3,"Sudeste",1,"330550",7,103,30,73,42,61,0,0,0,0,0,103,30,73,42,61,72,10.4700664700898,11.4140218364558,0.421906681194494,29
"13651","RJ","Seropédica",83092,51442.5,33017,"Itaguaí",3,"Sudeste",1,"330555",2,120,33,87,56,64,0,0,0,0,0,120,33,87,56,64,51,10.8482199580416,11.3277037066546,0.319352795566222,29
"13652","RJ","Seropédica",83092,51442.5,33017,"Itaguaí",3,"Sudeste",1,"330555",3,133,41,92,61,72,1,0,0,0,0,134,41,92,61,72,54,10.8482199580416,11.3277037066546,0.416114100687053,31
"13653","RJ","Seropédica",83092,51442.5,33017,"Itaguaí",3,"Sudeste",1,"330555",4,101,29,72,42,59,0,0,0,0,0,101,29,72,42,59,51,10.8482199580416,11.3277037066546,0.467004416155803,30
"13654","RJ","Seropédica",83092,51442.5,33017,"Itaguaí",3,"Sudeste",1,"330555",5,83,21,62,33,50,0,0,0,0,0,83,21,62,33,50,80,10.8482199580416,11.3277037066546,0.440333008148532,31
"13655","RJ","Seropédica",83092,51442.5,33017,"Itaguaí",3,"Sudeste",1,"330555",6,84,24,60,40,44,1,0,0,0,0,85,24,60,40,44,47,10.8482199580416,11.3277037066546,0.395384875824522,30
"13656","RJ","Seropédica",83092,51442.5,33017,"Itaguaí",3,"Sudeste",1,"330555",7,82,15,67,33,49,2,0,0,0,0,84,15,67,33,49,58,10.8482199580416,11.3277037066546,0.399981635788945,29
"13657","RJ","Silva Jardim",21774,21389.03,33009,"Bacia de São João",3,"Sudeste",0,"330560",2,37,15,22,23,14,0,0,0,0,0,37,15,22,23,14,20,9.97063345275459,9.98847187644112,0.330199948888309,29
"13658","RJ","Silva Jardim",21774,21389.03,33009,"Bacia de São João",3,"Sudeste",0,"330560",3,26,11,15,13,13,0,0,0,0,0,26,11,15,13,13,21,9.97063345275459,9.98847187644112,0.419806219603621,31
"13659","RJ","Silva Jardim",21774,21389.03,33009,"Bacia de São João",3,"Sudeste",0,"330560",4,22,3,19,6,16,0,0,0,0,0,22,3,19,6,16,13,9.97063345275459,9.98847187644112,0.474482060127202,30
"13660","RJ","Silva Jardim",21774,21389.03,33009,"Bacia de São João",3,"Sudeste",0,"330560",5,21,7,14,13,8,0,0,0,0,0,21,7,14,13,8,23,9.97063345275459,9.98847187644112,0.451206640849965,31
"13661","RJ","Silva Jardim",21774,21389.03,33009,"Bacia de São João",3,"Sudeste",0,"330560",6,20,7,13,10,10,0,0,0,0,0,20,7,13,10,10,13,9.97063345275459,9.98847187644112,0.411859455115035,30
"13662","RJ","Silva Jardim",21774,21389.03,33009,"Bacia de São João",3,"Sudeste",0,"330560",7,16,4,12,8,8,0,0,0,0,0,16,4,12,8,8,20,9.97063345275459,9.98847187644112,0.406014803129791,29
"13663","RJ","Sumidouro",15667,28758.27,33007,"Nova Friburgo",3,"Sudeste",0,"330570",2,22,11,11,12,10,0,0,0,0,0,22,11,11,12,10,6,10.2666806570355,9.65931186839349,0.365513584786969,29
"13664","RJ","Sumidouro",15667,28758.27,33007,"Nova Friburgo",3,"Sudeste",0,"330570",3,38,21,17,17,21,0,0,0,0,0,38,21,17,17,21,9,10.2666806570355,9.65931186839349,0.480781931615449,31
"13665","RJ","Sumidouro",15667,28758.27,33007,"Nova Friburgo",3,"Sudeste",0,"330570",4,25,16,9,10,15,0,0,0,0,0,25,16,9,10,15,6,10.2666806570355,9.65931186839349,0.535500309097708,30
"13666","RJ","Sumidouro",15667,28758.27,33007,"Nova Friburgo",3,"Sudeste",0,"330570",5,14,8,6,5,9,0,0,0,0,0,14,8,6,5,9,15,10.2666806570355,9.65931186839349,0.507922766757753,31
"13667","RJ","Sumidouro",15667,28758.27,33007,"Nova Friburgo",3,"Sudeste",0,"330570",6,22,8,14,11,11,0,0,0,0,0,22,8,14,11,11,12,10.2666806570355,9.65931186839349,0.497564342839453,30
"13668","RJ","Sumidouro",15667,28758.27,33007,"Nova Friburgo",3,"Sudeste",0,"330570",7,19,10,9,8,11,2,0,0,0,0,21,10,9,8,11,16,10.2666806570355,9.65931186839349,0.443332010414737,29
"13669","RJ","Tanguá",34610,16249.55,33018,"Rio de Janeiro",3,"Sudeste",1,"330575",2,52,17,35,20,32,1,0,0,0,0,53,17,35,20,32,25,9.69582049506675,10.4518979366294,0.309351514046782,29
"13670","RJ","Tanguá",34610,16249.55,33018,"Rio de Janeiro",3,"Sudeste",1,"330575",3,53,15,38,19,34,0,0,0,0,0,53,15,38,19,34,19,9.69582049506675,10.4518979366294,0.414254869405995,31
"13671","RJ","Tanguá",34610,16249.55,33018,"Rio de Janeiro",3,"Sudeste",1,"330575",4,37,14,23,18,19,1,0,0,0,0,38,14,23,18,19,21,9.69582049506675,10.4518979366294,0.471407210405351,30
"13672","RJ","Tanguá",34610,16249.55,33018,"Rio de Janeiro",3,"Sudeste",1,"330575",5,42,15,27,19,23,2,0,0,0,0,44,15,27,19,23,40,9.69582049506675,10.4518979366294,0.4503135699,31
"13673","RJ","Tanguá",34610,16249.55,33018,"Rio de Janeiro",3,"Sudeste",1,"330575",6,30,13,17,11,19,0,0,0,0,0,30,13,17,11,19,35,9.69582049506675,10.4518979366294,0.408621694758412,30
"13674","RJ","Tanguá",34610,16249.55,33018,"Rio de Janeiro",3,"Sudeste",1,"330575",7,33,9,24,14,19,1,0,0,0,0,34,9,24,14,19,22,9.69582049506675,10.4518979366294,0.393092331354334,29
"13675","RJ","Teresópolis",184240,28503.62,33015,"Serrana",3,"Sudeste",1,"330580",2,279,68,211,89,190,1,0,0,0,0,280,68,211,89,190,97,10.2577863757346,12.1239945344946,0.313907379927712,29
"13676","RJ","Teresópolis",184240,28503.62,33015,"Serrana",3,"Sudeste",1,"330580",3,221,66,155,75,146,0,0,0,0,0,221,66,155,75,146,117,10.2577863757346,12.1239945344946,0.423841297166081,31
"13677","RJ","Teresópolis",184240,28503.62,33015,"Serrana",3,"Sudeste",1,"330580",4,149,46,103,64,85,3,0,0,0,0,152,46,103,64,85,111,10.2577863757346,12.1239945344946,0.494195529258969,30
"13678","RJ","Teresópolis",184240,28503.62,33015,"Serrana",3,"Sudeste",1,"330580",5,177,59,118,65,112,2,0,0,0,0,179,59,118,65,112,148,10.2577863757346,12.1239945344946,0.492556550641512,31
"13679","RJ","Teresópolis",184240,28503.62,33015,"Serrana",3,"Sudeste",1,"330580",6,175,39,136,62,113,1,0,0,0,0,176,39,136,62,113,144,10.2577863757346,12.1239945344946,0.436845598828083,30
"13680","RJ","Teresópolis",184240,28503.62,33015,"Serrana",3,"Sudeste",1,"330580",7,151,45,106,68,83,2,0,0,0,0,153,45,106,68,83,151,10.2577863757346,12.1239945344946,0.420923443125423,29
"13681","RJ","Três Rios",82142,48575.26,33005,"Três Rios",3,"Sudeste",1,"330600",2,118,19,99,45,73,1,0,0,0,0,119,19,99,45,73,57,10.7908696267789,11.3162047358871,0.326808196236245,29
"13682","RJ","Três Rios",82142,48575.26,33005,"Três Rios",3,"Sudeste",1,"330600",3,164,33,131,62,102,3,0,0,0,0,167,33,131,62,102,66,10.7908696267789,11.3162047358871,0.432498297672477,31
"13683","RJ","Três Rios",82142,48575.26,33005,"Três Rios",3,"Sudeste",1,"330600",4,101,31,70,39,62,1,0,0,0,0,102,31,70,39,62,41,10.7908696267789,11.3162047358871,0.487799179206972,30
"13684","RJ","Três Rios",82142,48575.26,33005,"Três Rios",3,"Sudeste",1,"330600",5,82,31,51,32,50,0,0,0,0,0,82,31,51,32,50,70,10.7908696267789,11.3162047358871,0.453580154684486,31
"13685","RJ","Três Rios",82142,48575.26,33005,"Três Rios",3,"Sudeste",1,"330600",6,83,21,62,30,53,2,0,0,0,0,85,21,62,30,53,89,10.7908696267789,11.3162047358871,0.421022904884446,30
"13686","RJ","Três Rios",82142,48575.26,33005,"Três Rios",3,"Sudeste",1,"330600",7,84,18,66,28,56,1,0,0,0,0,85,18,66,28,56,78,10.7908696267789,11.3162047358871,0.420283475923095,29
"13687","RJ","Valença",76869,33675.61,33012,"Barra do Piraí",3,"Sudeste",1,"330610",2,113,39,74,44,69,0,0,0,0,0,113,39,74,44,69,59,10.4245291154426,11.2498579532824,0.326476157238412,29
"13688","RJ","Valença",76869,33675.61,33012,"Barra do Piraí",3,"Sudeste",1,"330610",3,85,19,66,33,52,1,0,0,0,0,86,19,66,33,52,54,10.4245291154426,11.2498579532824,0.430306200213877,31
"13689","RJ","Valença",76869,33675.61,33012,"Barra do Piraí",3,"Sudeste",1,"330610",4,80,16,64,34,46,0,0,0,0,0,80,16,64,34,46,52,10.4245291154426,11.2498579532824,0.488112313598349,30
"13690","RJ","Valença",76869,33675.61,33012,"Barra do Piraí",3,"Sudeste",1,"330610",5,63,19,44,35,28,0,0,0,0,0,63,19,44,35,28,68,10.4245291154426,11.2498579532824,0.467941296650784,31
"13691","RJ","Valença",76869,33675.61,33012,"Barra do Piraí",3,"Sudeste",1,"330610",6,58,17,41,34,24,0,0,0,0,0,58,17,41,34,24,64,10.4245291154426,11.2498579532824,0.426753858985803,30
"13692","RJ","Valença",76869,33675.61,33012,"Barra do Piraí",3,"Sudeste",1,"330610",7,77,28,49,29,48,1,0,0,0,0,78,28,49,29,48,65,10.4245291154426,11.2498579532824,0.423016677760299,29
"13693","RJ","Vassouras",37083,26624.86,33014,"Vassouras",3,"Sudeste",0,"330620",2,73,18,55,29,44,0,0,0,0,0,73,18,55,29,44,23,10.1896006447819,10.5209139225559,0.317586532582632,29
"13694","RJ","Vassouras",37083,26624.86,33014,"Vassouras",3,"Sudeste",0,"330620",3,57,15,42,18,39,1,0,0,0,0,58,15,42,18,39,21,10.1896006447819,10.5209139225559,0.432682655541565,31
"13695","RJ","Vassouras",37083,26624.86,33014,"Vassouras",3,"Sudeste",0,"330620",4,40,15,25,23,17,0,0,0,0,0,40,15,25,23,17,24,10.1896006447819,10.5209139225559,0.492222162357808,30
"13696","RJ","Vassouras",37083,26624.86,33014,"Vassouras",3,"Sudeste",0,"330620",5,52,15,37,21,31,2,0,0,0,0,54,15,37,21,31,40,10.1896006447819,10.5209139225559,0.464633614346738,31
"13697","RJ","Vassouras",37083,26624.86,33014,"Vassouras",3,"Sudeste",0,"330620",6,50,17,33,20,30,1,0,0,0,0,51,17,33,20,30,30,10.1896006447819,10.5209139225559,0.424701380059727,30
"13698","RJ","Vassouras",37083,26624.86,33014,"Vassouras",3,"Sudeste",0,"330620",7,44,9,35,23,21,1,0,0,0,0,45,9,35,23,21,27,10.1896006447819,10.5209139225559,0.423395109450063,29
"13699","RJ","Volta Redonda",273988,50606.58,33011,"Vale do Paraíba Fluminense",3,"Sudeste",1,"330630",2,356,71,285,95,261,1,0,0,0,0,357,71,285,95,261,197,10.8318368863468,12.5208395887907,0.301948480375674,29
"13700","RJ","Volta Redonda",273988,50606.58,33011,"Vale do Paraíba Fluminense",3,"Sudeste",1,"330630",3,262,66,196,78,184,1,0,0,0,0,263,66,196,78,184,205,10.8318368863468,12.5208395887907,0.421275859845469,31
"13701","RJ","Volta Redonda",273988,50606.58,33011,"Vale do Paraíba Fluminense",3,"Sudeste",1,"330630",4,177,37,140,62,115,2,0,0,0,0,179,37,140,62,115,198,10.8318368863468,12.5208395887907,0.506966992398053,30
"13702","RJ","Volta Redonda",273988,50606.58,33011,"Vale do Paraíba Fluminense",3,"Sudeste",1,"330630",5,225,50,175,72,153,0,0,0,0,0,225,50,175,72,153,235,10.8318368863468,12.5208395887907,0.456034591543692,31
"13703","RJ","Volta Redonda",273988,50606.58,33011,"Vale do Paraíba Fluminense",3,"Sudeste",1,"330630",6,251,52,199,84,167,1,0,0,0,0,252,52,199,84,167,250,10.8318368863468,12.5208395887907,0.411932501825416,30
"13704","RJ","Volta Redonda",273988,50606.58,33011,"Vale do Paraíba Fluminense",3,"Sudeste",1,"330630",7,236,45,191,65,171,0,0,0,0,0,236,45,191,65,171,266,10.8318368863468,12.5208395887907,0.413267949930699,29
"13705","SP","Adamantina",35111,30962.66,35035,"Adamantina",3,"Sudeste",1,"350010",2,55,7,48,14,41,0,0,0,0,0,55,7,48,14,41,22,10.3405372413256,10.4662697506709,0.285892827327684,29
"13706","SP","Adamantina",35111,30962.66,35035,"Adamantina",3,"Sudeste",1,"350010",3,73,10,63,26,47,0,0,0,0,0,73,10,63,26,47,23,10.3405372413256,10.4662697506709,0.375560322623394,31
"13707","SP","Adamantina",35111,30962.66,35035,"Adamantina",3,"Sudeste",1,"350010",4,38,6,32,8,30,0,0,0,0,0,38,6,32,8,30,21,10.3405372413256,10.4662697506709,0.412273907419282,30
"13708","SP","Adamantina",35111,30962.66,35035,"Adamantina",3,"Sudeste",1,"350010",5,35,7,28,12,23,0,0,0,0,0,35,7,28,12,23,25,10.3405372413256,10.4662697506709,0.385233827594624,31
"13709","SP","Adamantina",35111,30962.66,35035,"Adamantina",3,"Sudeste",1,"350010",6,33,6,27,11,22,0,0,0,0,0,33,6,27,11,22,31,10.3405372413256,10.4662697506709,0.353360793352779,30
"13710","SP","Adamantina",35111,30962.66,35035,"Adamantina",3,"Sudeste",1,"350010",7,28,1,27,10,18,0,0,0,0,0,28,1,27,10,18,34,10.3405372413256,10.4662697506709,0.352657385132701,29
"13711","SP","Adolfo",3554,25867.75,35004,"São José do Rio Preto",3,"Sudeste",0,"350020",2,4,1,3,0,4,0,0,0,0,0,4,1,3,0,4,3,10.1607522980695,8.1758290087146,0.314795498275409,29
"13712","SP","Adolfo",3554,25867.75,35004,"São José do Rio Preto",3,"Sudeste",0,"350020",3,7,0,7,3,4,0,0,0,0,0,7,0,7,3,4,0,10.1607522980695,8.1758290087146,0.380051300855474,31
"13713","SP","Adolfo",3554,25867.75,35004,"São José do Rio Preto",3,"Sudeste",0,"350020",4,4,0,4,1,3,0,0,0,0,0,4,0,4,1,3,2,10.1607522980695,8.1758290087146,0.412221075765828,30
"13714","SP","Adolfo",3554,25867.75,35004,"São José do Rio Preto",3,"Sudeste",0,"350020",5,9,0,9,2,7,0,0,0,0,0,9,0,9,2,7,1,10.1607522980695,8.1758290087146,0.417563100655585,31
"13715","SP","Adolfo",3554,25867.75,35004,"São José do Rio Preto",3,"Sudeste",0,"350020",6,4,2,2,2,2,0,0,0,0,0,4,2,2,2,2,5,10.1607522980695,8.1758290087146,0.399933674514661,30
"13716","SP","Adolfo",3554,25867.75,35004,"São José do Rio Preto",3,"Sudeste",0,"350020",7,1,0,1,0,1,0,0,0,0,0,1,0,1,0,1,3,10.1607522980695,8.1758290087146,0.401517950032961,29
"13717","SP","Aguaí",36648,28041.03,35029,"Pirassununga",3,"Sudeste",1,"350030",2,53,21,32,18,35,1,0,0,0,0,54,21,32,18,35,20,10.2414240737121,10.5091141355666,0.320115183457376,29
"13718","SP","Aguaí",36648,28041.03,35029,"Pirassununga",3,"Sudeste",1,"350030",3,59,21,38,18,41,0,0,0,0,0,59,21,38,18,41,23,10.2414240737121,10.5091141355666,0.398288033552511,31
"13719","SP","Aguaí",36648,28041.03,35029,"Pirassununga",3,"Sudeste",1,"350030",4,34,12,22,15,19,0,0,0,0,0,34,12,22,15,19,19,10.2414240737121,10.5091141355666,0.447323948642965,30
"13720","SP","Aguaí",36648,28041.03,35029,"Pirassununga",3,"Sudeste",1,"350030",5,34,12,22,12,22,0,0,0,0,0,34,12,22,12,22,21,10.2414240737121,10.5091141355666,0.416598793219898,31
"13721","SP","Aguaí",36648,28041.03,35029,"Pirassununga",3,"Sudeste",1,"350030",6,28,8,20,9,19,1,0,0,0,0,29,8,20,9,19,25,10.2414240737121,10.5091141355666,0.396440218675047,30
"13722","SP","Aguaí",36648,28041.03,35029,"Pirassununga",3,"Sudeste",1,"350030",7,41,13,28,19,22,0,0,0,0,0,41,13,28,19,22,18,10.2414240737121,10.5091141355666,0.37272031867735,29
"13723","SP","Águas da Prata",8221,20683.88,35030,"São João da Boa Vista",3,"Sudeste",1,"350040",2,6,2,4,0,6,0,0,0,0,0,6,2,4,0,6,5,9.93710993191352,9.01444713515213,0.349662968300654,29
"13724","SP","Águas da Prata",8221,20683.88,35030,"São João da Boa Vista",3,"Sudeste",1,"350040",3,8,1,7,3,5,0,0,0,0,0,8,1,7,3,5,4,9.93710993191352,9.01444713515213,0.436290161093114,31
"13725","SP","Águas da Prata",8221,20683.88,35030,"São João da Boa Vista",3,"Sudeste",1,"350040",4,6,2,4,1,5,0,0,0,0,0,6,2,4,1,5,3,9.93710993191352,9.01444713515213,0.465495417744342,30
"13726","SP","Águas da Prata",8221,20683.88,35030,"São João da Boa Vista",3,"Sudeste",1,"350040",5,7,0,7,3,4,0,0,0,0,0,7,0,7,3,4,6,9.93710993191352,9.01444713515213,0.440427348829124,31
"13727","SP","Águas da Prata",8221,20683.88,35030,"São João da Boa Vista",3,"Sudeste",1,"350040",6,4,3,1,1,3,0,0,0,0,0,4,3,1,1,3,9,9.93710993191352,9.01444713515213,0.425555540702978,30
"13728","SP","Águas da Prata",8221,20683.88,35030,"São João da Boa Vista",3,"Sudeste",1,"350040",7,4,1,3,0,4,0,0,0,0,0,4,1,3,0,4,7,9.93710993191352,9.01444713515213,0.434685668291767,29
"13729","SP","Águas de Lindóia",18808,26427.34,35033,"Amparo",3,"Sudeste",0,"350050",2,37,9,28,12,25,0,0,0,0,0,37,9,28,12,25,16,10.182154359325,9.84203759021991,0.305094583332865,29
"13730","SP","Águas de Lindóia",18808,26427.34,35033,"Amparo",3,"Sudeste",0,"350050",3,30,4,26,8,22,0,0,0,0,0,30,4,26,8,22,13,10.182154359325,9.84203759021991,0.417636589662645,31
"13731","SP","Águas de Lindóia",18808,26427.34,35033,"Amparo",3,"Sudeste",0,"350050",4,13,3,10,3,10,0,0,0,0,0,13,3,10,3,10,16,10.182154359325,9.84203759021991,0.500528884505245,30
"13732","SP","Águas de Lindóia",18808,26427.34,35033,"Amparo",3,"Sudeste",0,"350050",5,24,7,17,7,17,0,0,0,0,0,24,7,17,7,17,14,10.182154359325,9.84203759021991,0.444688699487201,31
"13733","SP","Águas de Lindóia",18808,26427.34,35033,"Amparo",3,"Sudeste",0,"350050",6,31,9,22,12,19,0,0,0,0,0,31,9,22,12,19,17,10.182154359325,9.84203759021991,0.400162768018698,30
"13734","SP","Águas de Lindóia",18808,26427.34,35033,"Amparo",3,"Sudeste",0,"350050",7,19,2,17,2,17,0,0,0,0,0,19,2,17,2,17,13,10.182154359325,9.84203759021991,0.396668555075107,29
"13735","SP","Águas de Santa Bárbara",6109,27620.94,35022,"Avaré",3,"Sudeste",0,"350055",2,9,1,8,4,5,0,0,0,0,0,9,1,8,4,5,2,10.2263294596934,8.71751837264977,0.312770808085817,29
"13736","SP","Águas de Santa Bárbara",6109,27620.94,35022,"Avaré",3,"Sudeste",0,"350055",3,12,2,10,1,11,0,0,0,0,0,12,2,10,1,11,3,10.2263294596934,8.71751837264977,0.414013982122477,31
"13737","SP","Águas de Santa Bárbara",6109,27620.94,35022,"Avaré",3,"Sudeste",0,"350055",4,6,0,6,4,2,0,0,0,0,0,6,0,6,4,2,4,10.2263294596934,8.71751837264977,0.466199711792634,30
"13738","SP","Águas de Santa Bárbara",6109,27620.94,35022,"Avaré",3,"Sudeste",0,"350055",5,9,1,8,2,7,0,0,0,0,0,9,1,8,2,7,3,10.2263294596934,8.71751837264977,0.448817544747207,31
"13739","SP","Águas de Santa Bárbara",6109,27620.94,35022,"Avaré",3,"Sudeste",0,"350055",6,7,1,6,3,4,0,0,0,0,0,7,1,6,3,4,3,10.2263294596934,8.71751837264977,0.443429999284653,30
"13740","SP","Águas de Santa Bárbara",6109,27620.94,35022,"Avaré",3,"Sudeste",0,"350055",7,10,1,9,5,5,0,0,0,0,0,10,1,9,5,5,5,10.2263294596934,8.71751837264977,0.413715234032739,29
"13741","SP","Águas de São Pedro",3521,40220.9,35028,"Piracicaba",3,"Sudeste",0,"350060",2,8,0,8,1,7,0,0,0,0,0,8,0,8,1,7,3,10.6021420400032,8.16650031915505,0.285225310794901,29
"13742","SP","Águas de São Pedro",3521,40220.9,35028,"Piracicaba",3,"Sudeste",0,"350060",3,4,0,4,4,0,0,0,0,0,0,4,0,4,4,0,2,10.6021420400032,8.16650031915505,0.411874593933548,31
"13743","SP","Águas de São Pedro",3521,40220.9,35028,"Piracicaba",3,"Sudeste",0,"350060",4,3,0,3,1,2,0,0,0,0,0,3,0,3,1,2,2,10.6021420400032,8.16650031915505,0.523679832883359,30
"13744","SP","Águas de São Pedro",3521,40220.9,35028,"Piracicaba",3,"Sudeste",0,"350060",5,2,1,1,0,2,0,0,0,0,0,2,1,1,0,2,2,10.6021420400032,8.16650031915505,0.471394995962706,31
"13745","SP","Águas de São Pedro",3521,40220.9,35028,"Piracicaba",3,"Sudeste",0,"350060",6,7,1,6,3,4,0,0,0,0,0,7,1,6,3,4,3,10.6021420400032,8.16650031915505,0.443135101303836,30
"13746","SP","Águas de São Pedro",3521,40220.9,35028,"Piracicaba",3,"Sudeste",0,"350060",7,1,0,1,0,1,0,0,0,0,0,1,0,1,0,1,2,10.6021420400032,8.16650031915505,0.421756726354215,29
"13747","SP","Agudos",37401,59513.01,35020,"Bauru",3,"Sudeste",1,"350070",2,64,11,53,25,39,0,0,0,0,0,64,11,53,25,39,20,10.9939502230943,10.5294527210131,0.30138177499537,29
"13748","SP","Agudos",37401,59513.01,35020,"Bauru",3,"Sudeste",1,"350070",3,89,19,70,25,64,0,0,0,0,0,89,19,70,25,64,19,10.9939502230943,10.5294527210131,0.375326287909715,31
"13749","SP","Agudos",37401,59513.01,35020,"Bauru",3,"Sudeste",1,"350070",4,33,9,24,16,17,0,0,0,0,0,33,9,24,16,17,24,10.9939502230943,10.5294527210131,0.428069335319837,30
"13750","SP","Agudos",37401,59513.01,35020,"Bauru",3,"Sudeste",1,"350070",5,53,10,43,18,35,0,0,0,0,0,53,10,43,18,35,22,10.9939502230943,10.5294527210131,0.392999198184968,31
"13751","SP","Agudos",37401,59513.01,35020,"Bauru",3,"Sudeste",1,"350070",6,44,5,39,15,29,0,0,0,0,0,44,5,39,15,29,30,10.9939502230943,10.5294527210131,0.366563552719893,30
"13752","SP","Agudos",37401,59513.01,35020,"Bauru",3,"Sudeste",1,"350070",7,29,6,23,13,16,0,0,0,0,0,29,6,23,13,16,26,10.9939502230943,10.5294527210131,0.363265911099335,29
"13753","SP","Alambari",6129,16981.63,35042,"Itapetininga",3,"Sudeste",1,"350075",2,8,0,8,2,6,0,0,0,0,0,8,0,8,2,6,0,9.73988745054666,8.72078688348573,0.310065461504422,29
"13754","SP","Alambari",6129,16981.63,35042,"Itapetininga",3,"Sudeste",1,"350075",3,5,1,4,1,4,0,0,0,0,0,5,1,4,1,4,5,9.73988745054666,8.72078688348573,0.422607172237107,31
"13755","SP","Alambari",6129,16981.63,35042,"Itapetininga",3,"Sudeste",1,"350075",4,6,3,3,2,4,0,0,0,0,0,6,3,3,2,4,4,9.73988745054666,8.72078688348573,0.461839790456766,30
"13756","SP","Alambari",6129,16981.63,35042,"Itapetininga",3,"Sudeste",1,"350075",5,11,2,9,4,7,0,0,0,0,0,11,2,9,4,7,2,9.73988745054666,8.72078688348573,0.405415763316388,31
"13757","SP","Alambari",6129,16981.63,35042,"Itapetininga",3,"Sudeste",1,"350075",6,7,3,4,4,3,0,0,0,0,0,7,3,4,4,3,4,9.73988745054666,8.72078688348573,0.400959546921638,30
"13758","SP","Alambari",6129,16981.63,35042,"Itapetininga",3,"Sudeste",1,"350075",7,3,0,3,1,2,0,0,0,0,0,3,0,3,1,2,1,9.73988745054666,8.72078688348573,0.379509335039463,29
"13759","SP","Alfredo Marcondes",4184,20104.35,35036,"Presidente Prudente",3,"Sudeste",1,"350080",2,8,0,8,2,6,0,0,0,0,0,8,0,8,2,6,2,9.90869148854264,8.33902300574476,0.293834121563739,29
"13760","SP","Alfredo Marcondes",4184,20104.35,35036,"Presidente Prudente",3,"Sudeste",1,"350080",3,8,1,7,6,2,0,0,0,0,0,8,1,7,6,2,4,9.90869148854264,8.33902300574476,0.374870388097527,31
"13761","SP","Alfredo Marcondes",4184,20104.35,35036,"Presidente Prudente",3,"Sudeste",1,"350080",4,5,0,5,1,4,0,0,0,0,0,5,0,5,1,4,6,9.90869148854264,8.33902300574476,0.400805741246294,30
"13762","SP","Alfredo Marcondes",4184,20104.35,35036,"Presidente Prudente",3,"Sudeste",1,"350080",5,9,1,8,1,8,0,0,0,0,0,9,1,8,1,8,2,9.90869148854264,8.33902300574476,0.399111084836391,31
"13763","SP","Alfredo Marcondes",4184,20104.35,35036,"Presidente Prudente",3,"Sudeste",1,"350080",6,2,0,2,1,1,0,0,0,0,0,2,0,2,1,1,8,9.90869148854264,8.33902300574476,0.364284593915791,30
"13764","SP","Alfredo Marcondes",4184,20104.35,35036,"Presidente Prudente",3,"Sudeste",1,"350080",7,2,0,2,1,1,0,0,0,0,0,2,0,2,1,1,4,9.90869148854264,8.33902300574476,0.366372841742929,29
"13765","SP","Altair",4186,25842.48,35004,"São José do Rio Preto",3,"Sudeste",0,"350090",2,8,1,7,4,4,0,0,0,0,0,8,1,7,4,4,0,10.1597749285234,8.33950090300594,0.305794130833296,29
"13766","SP","Altair",4186,25842.48,35004,"São José do Rio Preto",3,"Sudeste",0,"350090",3,1,0,1,1,0,0,0,0,0,0,1,0,1,1,0,3,10.1597749285234,8.33950090300594,0.37926174255205,31
"13767","SP","Altair",4186,25842.48,35004,"São José do Rio Preto",3,"Sudeste",0,"350090",4,3,0,3,3,0,0,0,0,0,0,3,0,3,3,0,2,10.1597749285234,8.33950090300594,0.391160910733788,30
"13768","SP","Altair",4186,25842.48,35004,"São José do Rio Preto",3,"Sudeste",0,"350090",5,1,0,1,0,1,0,0,0,0,0,1,0,1,0,1,2,10.1597749285234,8.33950090300594,0.398116781673797,31
"13769","SP","Altair",4186,25842.48,35004,"São José do Rio Preto",3,"Sudeste",0,"350090",6,2,0,2,2,0,0,0,0,0,0,2,0,2,2,0,0,10.1597749285234,8.33950090300594,0.381571264256364,30
"13770","SP","Altair",4186,25842.48,35004,"São José do Rio Preto",3,"Sudeste",0,"350090",7,6,1,5,2,4,0,0,0,0,0,6,1,5,2,4,2,10.1597749285234,8.33950090300594,0.40495207758857,29
"13771","SP","Altinópolis",16203,30792.08,35015,"Batatais",3,"Sudeste",1,"350100",2,18,8,10,6,12,0,0,0,0,0,18,8,10,6,12,7,10.3350127930376,9.692951689261,0.301358686417736,29
"13772","SP","Altinópolis",16203,30792.08,35015,"Batatais",3,"Sudeste",1,"350100",3,23,4,19,10,13,0,0,0,0,0,23,4,19,10,13,9,10.3350127930376,9.692951689261,0.375012759999679,31
"13773","SP","Altinópolis",16203,30792.08,35015,"Batatais",3,"Sudeste",1,"350100",4,13,1,12,5,8,0,0,0,0,0,13,1,12,5,8,13,10.3350127930376,9.692951689261,0.407224417250085,30
"13774","SP","Altinópolis",16203,30792.08,35015,"Batatais",3,"Sudeste",1,"350100",5,22,7,15,8,14,1,0,0,0,0,23,7,15,8,14,8,10.3350127930376,9.692951689261,0.380608281423269,31
"13775","SP","Altinópolis",16203,30792.08,35015,"Batatais",3,"Sudeste",1,"350100",6,17,5,12,9,8,0,0,0,0,0,17,5,12,9,8,13,10.3350127930376,9.692951689261,0.373204823124087,30
"13776","SP","Altinópolis",16203,30792.08,35015,"Batatais",3,"Sudeste",1,"350100",7,8,3,5,2,6,0,0,0,0,0,8,3,5,2,6,13,10.3350127930376,9.692951689261,0.367639608968817,29
"13777","SP","Alumínio",18767,113887.93,35046,"Sorocaba",3,"Sudeste",1,"350115",2,25,0,25,8,17,0,0,0,0,0,25,0,25,8,17,6,11.6429701736708,9.83985528729127,0.317915507807581,29
"13778","SP","Alumínio",18767,113887.93,35046,"Sorocaba",3,"Sudeste",1,"350115",3,46,7,39,14,32,0,0,0,0,0,46,7,39,14,32,8,11.6429701736708,9.83985528729127,0.406057270781013,31
"13779","SP","Alumínio",18767,113887.93,35046,"Sorocaba",3,"Sudeste",1,"350115",4,20,1,19,6,14,0,0,0,0,0,20,1,19,6,14,9,11.6429701736708,9.83985528729127,0.474214544498362,30
"13780","SP","Alumínio",18767,113887.93,35046,"Sorocaba",3,"Sudeste",1,"350115",5,18,1,17,7,11,2,0,0,0,0,20,1,17,7,11,8,11.6429701736708,9.83985528729127,0.436420391161825,31
"13781","SP","Alumínio",18767,113887.93,35046,"Sorocaba",3,"Sudeste",1,"350115",6,20,3,17,4,16,0,0,0,0,0,20,3,17,4,16,7,11.6429701736708,9.83985528729127,0.396038612183428,30
"13782","SP","Alumínio",18767,113887.93,35046,"Sorocaba",3,"Sudeste",1,"350115",7,18,5,13,4,14,0,0,0,0,0,18,5,13,4,14,11,11.6429701736708,9.83985528729127,0.411088060420893,29
"13783","SP","Álvares Machado",24998,21374.06,35036,"Presidente Prudente",3,"Sudeste",1,"350130",2,47,10,37,16,31,2,0,0,0,0,49,10,37,16,31,19,9.96993331622977,10.1265511006502,0.28825292757747,29
"13784","SP","Álvares Machado",24998,21374.06,35036,"Presidente Prudente",3,"Sudeste",1,"350130",3,40,8,32,9,31,0,0,0,0,0,40,8,32,9,31,13,9.96993331622977,10.1265511006502,0.383849551138077,31
"13785","SP","Álvares Machado",24998,21374.06,35036,"Presidente Prudente",3,"Sudeste",1,"350130",4,47,3,44,10,37,0,0,0,0,0,47,3,44,10,37,19,9.96993331622977,10.1265511006502,0.434002044777181,30
"13786","SP","Álvares Machado",24998,21374.06,35036,"Presidente Prudente",3,"Sudeste",1,"350130",5,22,4,18,8,14,0,0,0,0,0,22,4,18,8,14,20,9.96993331622977,10.1265511006502,0.405369614359149,31
"13787","SP","Álvares Machado",24998,21374.06,35036,"Presidente Prudente",3,"Sudeste",1,"350130",6,20,2,18,6,14,0,0,0,0,0,20,2,18,6,14,16,9.96993331622977,10.1265511006502,0.385171655992416,30
"13788","SP","Álvares Machado",24998,21374.06,35036,"Presidente Prudente",3,"Sudeste",1,"350130",7,33,6,27,15,18,0,0,0,0,0,33,6,27,15,18,18,9.96993331622977,10.1265511006502,0.381910836025913,29
"13789","SP","Americana",242018,47793.48,35032,"Campinas",3,"Sudeste",1,"350160",2,362,39,323,76,286,1,0,0,0,0,363,39,323,76,286,127,10.7746445075024,12.396767382538,0.280081638192556,29
"13790","SP","Americana",242018,47793.48,35032,"Campinas",3,"Sudeste",1,"350160",3,365,35,330,87,278,2,0,0,0,0,367,35,330,87,278,142,10.7746445075024,12.396767382538,0.381406317483989,31
"13791","SP","Americana",242018,47793.48,35032,"Campinas",3,"Sudeste",1,"350160",4,207,20,187,53,154,1,0,0,0,0,208,20,187,53,154,107,10.7746445075024,12.396767382538,0.451075208243716,30
"13792","SP","Americana",242018,47793.48,35032,"Campinas",3,"Sudeste",1,"350160",5,220,30,190,60,160,0,0,0,0,0,220,30,190,60,160,125,10.7746445075024,12.396767382538,0.405261210966345,31
"13793","SP","Americana",242018,47793.48,35032,"Campinas",3,"Sudeste",1,"350160",6,220,19,201,50,170,2,0,0,0,0,222,19,201,50,170,164,10.7746445075024,12.396767382538,0.376190737088734,30
"13794","SP","Americana",242018,47793.48,35032,"Campinas",3,"Sudeste",1,"350160",7,210,15,195,48,162,4,0,0,0,0,214,15,195,48,162,171,10.7746445075024,12.396767382538,0.372672626249008,29
"13795","SP","Américo Brasiliense",41032,24008.7,35024,"Araraquara",3,"Sudeste",1,"350170",2,59,5,54,23,36,0,0,0,0,0,59,5,54,23,36,19,10.0861715436428,10.6221075290691,0.313063936216966,29
"13796","SP","Américo Brasiliense",41032,24008.7,35024,"Araraquara",3,"Sudeste",1,"350170",3,42,8,34,17,25,1,0,0,0,0,43,8,34,17,25,18,10.0861715436428,10.6221075290691,0.387855358628848,31
"13797","SP","Américo Brasiliense",41032,24008.7,35024,"Araraquara",3,"Sudeste",1,"350170",4,33,9,24,13,20,0,0,0,0,0,33,9,24,13,20,17,10.0861715436428,10.6221075290691,0.433945642106823,30
"13798","SP","Américo Brasiliense",41032,24008.7,35024,"Araraquara",3,"Sudeste",1,"350170",5,35,4,31,11,24,0,0,0,0,0,35,4,31,11,24,21,10.0861715436428,10.6221075290691,0.415928914213177,31
"13799","SP","Américo Brasiliense",41032,24008.7,35024,"Araraquara",3,"Sudeste",1,"350170",6,43,7,36,11,32,0,0,0,0,0,43,7,36,11,32,14,10.0861715436428,10.6221075290691,0.387561307323861,30
"13800","SP","Américo Brasiliense",41032,24008.7,35024,"Araraquara",3,"Sudeste",1,"350170",7,39,5,34,10,29,1,0,0,0,0,40,5,34,10,29,23,10.0861715436428,10.6221075290691,0.386493620701894,29
"13801","SP","Américo de Campos",5981,19767.04,35003,"Votuporanga",3,"Sudeste",0,"350180",2,15,4,11,7,8,0,0,0,0,0,15,4,11,7,8,2,9.89177118315453,8.69634305704456,0.270886812303985,29
"13802","SP","Américo de Campos",5981,19767.04,35003,"Votuporanga",3,"Sudeste",0,"350180",3,7,1,6,5,2,0,0,0,0,0,7,1,6,5,2,2,9.89177118315453,8.69634305704456,0.313949017038506,31
"13803","SP","Américo de Campos",5981,19767.04,35003,"Votuporanga",3,"Sudeste",0,"350180",4,2,1,1,0,2,0,0,0,0,0,2,1,1,0,2,1,9.89177118315453,8.69634305704456,0.358880116981532,30
"13804","SP","Américo de Campos",5981,19767.04,35003,"Votuporanga",3,"Sudeste",0,"350180",5,2,0,2,1,1,0,0,0,0,0,2,0,2,1,1,5,9.89177118315453,8.69634305704456,0.353274827974052,31
"13805","SP","Américo de Campos",5981,19767.04,35003,"Votuporanga",3,"Sudeste",0,"350180",6,8,1,7,1,7,0,0,0,0,0,8,1,7,1,7,5,9.89177118315453,8.69634305704456,0.332658349891902,30
"13806","SP","Américo de Campos",5981,19767.04,35003,"Votuporanga",3,"Sudeste",0,"350180",7,7,1,6,4,3,0,0,0,0,0,7,1,6,4,3,12,9.89177118315453,8.69634305704456,0.335420367210451,29
"13807","SP","Amparo",72677,64804.88,35033,"Amparo",3,"Sudeste",1,"350190",2,131,14,117,43,88,0,0,0,0,0,131,14,117,43,88,42,11.0791361881468,11.1937802448283,0.285596055459308,29
"13808","SP","Amparo",72677,64804.88,35033,"Amparo",3,"Sudeste",1,"350190",3,115,14,101,47,68,0,0,0,0,0,115,14,101,47,68,47,11.0791361881468,11.1937802448283,0.383209715231181,31
"13809","SP","Amparo",72677,64804.88,35033,"Amparo",3,"Sudeste",1,"350190",4,72,10,62,31,41,1,0,0,0,0,73,10,62,31,41,49,11.0791361881468,11.1937802448283,0.440881158550767,30
"13810","SP","Amparo",72677,64804.88,35033,"Amparo",3,"Sudeste",1,"350190",5,81,10,71,29,52,0,0,0,0,0,81,10,71,29,52,44,11.0791361881468,11.1937802448283,0.406473964108057,31
"13811","SP","Amparo",72677,64804.88,35033,"Amparo",3,"Sudeste",1,"350190",6,67,10,57,24,43,0,0,0,0,0,67,10,57,24,43,46,11.0791361881468,11.1937802448283,0.376986158787953,30
"13812","SP","Amparo",72677,64804.88,35033,"Amparo",3,"Sudeste",1,"350190",7,50,6,44,15,35,0,0,0,0,0,50,6,44,15,35,56,11.0791361881468,11.1937802448283,0.379012020877752,29
"13813","SP","Analândia",5056,37298.53,35025,"São Carlos",3,"Sudeste",0,"350200",2,7,2,5,2,5,0,0,0,0,0,7,2,5,2,5,0,10.5267091946676,8.52833093582669,0.257511147535471,29
"13814","SP","Analândia",5056,37298.53,35025,"São Carlos",3,"Sudeste",0,"350200",3,3,2,1,1,2,0,0,0,0,0,3,2,1,1,2,3,10.5267091946676,8.52833093582669,0.333117461198195,31
"13815","SP","Analândia",5056,37298.53,35025,"São Carlos",3,"Sudeste",0,"350200",4,6,2,4,4,2,0,0,0,0,0,6,2,4,4,2,2,10.5267091946676,8.52833093582669,0.438555660072974,30
"13816","SP","Analândia",5056,37298.53,35025,"São Carlos",3,"Sudeste",0,"350200",5,6,0,6,0,6,0,0,0,0,0,6,0,6,0,6,1,10.5267091946676,8.52833093582669,0.439842061451041,31
"13817","SP","Analândia",5056,37298.53,35025,"São Carlos",3,"Sudeste",0,"350200",6,2,1,1,1,1,0,0,0,0,0,2,1,1,1,1,1,10.5267091946676,8.52833093582669,0.412383358341258,30
"13818","SP","Analândia",5056,37298.53,35025,"São Carlos",3,"Sudeste",0,"350200",7,5,2,3,3,2,0,0,0,0,0,5,2,3,3,2,5,10.5267091946676,8.52833093582669,0.400503647895884,29
"13819","SP","Andradina",57202,33661.69,35016,"Andradina",3,"Sudeste",1,"350210",2,67,4,63,18,49,0,0,0,0,0,67,4,63,18,49,43,10.4241156744464,10.9543441417916,0.300566496318223,29
"13820","SP","Andradina",57202,33661.69,35016,"Andradina",3,"Sudeste",1,"350210",3,101,9,92,31,70,0,0,0,0,0,101,9,92,31,70,49,10.4241156744464,10.9543441417916,0.388020912471669,31
"13821","SP","Andradina",57202,33661.69,35016,"Andradina",3,"Sudeste",1,"350210",4,66,7,59,20,46,0,0,0,0,0,66,7,59,20,46,45,10.4241156744464,10.9543441417916,0.431032615129155,30
"13822","SP","Andradina",57202,33661.69,35016,"Andradina",3,"Sudeste",1,"350210",5,60,5,55,17,43,1,0,0,0,0,61,5,55,17,43,45,10.4241156744464,10.9543441417916,0.404704462196383,31
"13823","SP","Andradina",57202,33661.69,35016,"Andradina",3,"Sudeste",1,"350210",6,52,2,50,18,34,1,0,0,0,0,53,2,50,18,34,35,10.4241156744464,10.9543441417916,0.380777952580517,30
"13824","SP","Andradina",57202,33661.69,35016,"Andradina",3,"Sudeste",1,"350210",7,58,11,47,15,43,1,0,0,0,0,59,11,47,15,43,34,10.4241156744464,10.9543441417916,0.372912364636397,29
"13825","SP","Angatuba",25479,40386.56,35042,"Itapetininga",3,"Sudeste",0,"350220",2,45,13,32,16,29,0,0,0,0,0,45,13,32,16,29,11,10.6062523353339,10.1456098624481,0.32622812624094,29
"13826","SP","Angatuba",25479,40386.56,35042,"Itapetininga",3,"Sudeste",0,"350220",3,58,17,41,26,32,1,0,0,0,0,59,17,41,26,32,20,10.6062523353339,10.1456098624481,0.424261817560676,31
"13827","SP","Angatuba",25479,40386.56,35042,"Itapetininga",3,"Sudeste",0,"350220",4,34,11,23,11,23,1,0,0,0,0,35,11,23,11,23,7,10.6062523353339,10.1456098624481,0.450173930878411,30
"13828","SP","Angatuba",25479,40386.56,35042,"Itapetininga",3,"Sudeste",0,"350220",5,32,10,22,12,20,0,0,0,0,0,32,10,22,12,20,16,10.6062523353339,10.1456098624481,0.429414314282975,31
"13829","SP","Angatuba",25479,40386.56,35042,"Itapetininga",3,"Sudeste",0,"350220",6,38,8,30,14,24,0,0,0,0,0,38,8,30,14,24,13,10.6062523353339,10.1456098624481,0.392946024965851,30
"13830","SP","Angatuba",25479,40386.56,35042,"Itapetininga",3,"Sudeste",0,"350220",7,37,7,30,17,20,0,0,0,0,0,37,7,30,17,20,16,10.6062523353339,10.1456098624481,0.389708073838089,29
"13831","SP","Anhumas",4144,18317.06,35036,"Presidente Prudente",3,"Sudeste",1,"350240",2,7,0,7,4,3,0,0,0,0,0,7,0,7,4,3,5,9.81558814500043,8.32941678393932,0.283681585053031,29
"13832","SP","Anhumas",4144,18317.06,35036,"Presidente Prudente",3,"Sudeste",1,"350240",3,6,2,4,3,3,0,0,0,0,0,6,2,4,3,3,0,9.81558814500043,8.32941678393932,0.394424093164388,31
"13833","SP","Anhumas",4144,18317.06,35036,"Presidente Prudente",3,"Sudeste",1,"350240",4,6,0,6,3,3,0,0,0,0,0,6,0,6,3,3,2,9.81558814500043,8.32941678393932,0.461207762350891,30
"13834","SP","Anhumas",4144,18317.06,35036,"Presidente Prudente",3,"Sudeste",1,"350240",5,4,1,3,4,0,0,0,0,0,0,4,1,3,4,0,1,9.81558814500043,8.32941678393932,0.413029400021206,31
"13835","SP","Anhumas",4144,18317.06,35036,"Presidente Prudente",3,"Sudeste",1,"350240",6,5,0,5,1,4,0,0,0,0,0,5,0,5,1,4,0,9.81558814500043,8.32941678393932,0.405322368611435,30
"13836","SP","Anhumas",4144,18317.06,35036,"Presidente Prudente",3,"Sudeste",1,"350240",7,2,1,1,0,2,0,0,0,0,0,2,1,1,0,2,1,9.81558814500043,8.32941678393932,0.396500576833166,29
"13837","SP","Aparecida",36185,29969.65,35051,"Guaratinguetá",3,"Sudeste",1,"350250",2,46,9,37,13,33,0,0,0,0,0,46,9,37,13,33,29,10.3079404818975,10.4963999473002,0.304551299599148,29
"13838","SP","Aparecida",36185,29969.65,35051,"Guaratinguetá",3,"Sudeste",1,"350250",3,63,12,51,17,46,0,0,0,0,0,63,12,51,17,46,21,10.3079404818975,10.4963999473002,0.425374035317168,31
"13839","SP","Aparecida",36185,29969.65,35051,"Guaratinguetá",3,"Sudeste",1,"350250",4,30,6,24,7,23,0,0,0,0,0,30,6,24,7,23,18,10.3079404818975,10.4963999473002,0.480858744909323,30
"13840","SP","Aparecida",36185,29969.65,35051,"Guaratinguetá",3,"Sudeste",1,"350250",5,32,3,29,17,15,0,0,0,0,0,32,3,29,17,15,22,10.3079404818975,10.4963999473002,0.453552681268256,31
"13841","SP","Aparecida",36185,29969.65,35051,"Guaratinguetá",3,"Sudeste",1,"350250",6,35,2,33,8,27,0,0,0,0,0,35,2,33,8,27,17,10.3079404818975,10.4963999473002,0.412640030921351,30
"13842","SP","Aparecida",36185,29969.65,35051,"Guaratinguetá",3,"Sudeste",1,"350250",7,42,9,33,11,31,0,0,0,0,0,42,9,33,11,31,36,10.3079404818975,10.4963999473002,0.41783038230211,29
"13843","SP","Apiaí",24226,24247.23,35044,"Capão Bonito",3,"Sudeste",0,"350270",2,49,8,41,16,33,0,0,0,0,0,49,8,41,16,33,15,10.0960576630371,10.0951817155767,0.332448063503328,29
"13844","SP","Apiaí",24226,24247.23,35044,"Capão Bonito",3,"Sudeste",0,"350270",3,61,13,48,23,38,0,0,0,0,0,61,13,48,23,38,16,10.0960576630371,10.0951817155767,0.402498315980523,31
"13845","SP","Apiaí",24226,24247.23,35044,"Capão Bonito",3,"Sudeste",0,"350270",4,31,4,27,11,20,0,0,0,0,0,31,4,27,11,20,12,10.0960576630371,10.0951817155767,0.458105944782827,30
"13846","SP","Apiaí",24226,24247.23,35044,"Capão Bonito",3,"Sudeste",0,"350270",5,20,8,12,11,9,0,0,0,0,0,20,8,12,11,9,14,10.0960576630371,10.0951817155767,0.415216403513239,31
"13847","SP","Apiaí",24226,24247.23,35044,"Capão Bonito",3,"Sudeste",0,"350270",6,18,3,15,8,10,0,0,0,0,0,18,3,15,8,10,19,10.0960576630371,10.0951817155767,0.409239555450791,30
"13848","SP","Apiaí",24226,24247.23,35044,"Capão Bonito",3,"Sudeste",0,"350270",7,27,8,19,15,12,0,0,0,0,0,27,8,19,15,12,25,10.0960576630371,10.0951817155767,0.40572173908376,29
"13849","SP","Araçariguama",22860,149668.66,35046,"Sorocaba",3,"Sudeste",0,"350275",2,46,9,37,18,28,0,0,0,0,0,46,9,37,18,28,9,11.9161791964531,10.0371439373488,0.301327264865037,29
"13850","SP","Araçariguama",22860,149668.66,35046,"Sorocaba",3,"Sudeste",0,"350275",3,49,12,37,17,32,0,0,0,0,0,49,12,37,17,32,8,11.9161791964531,10.0371439373488,0.386908769141114,31
"13851","SP","Araçariguama",22860,149668.66,35046,"Sorocaba",3,"Sudeste",0,"350275",4,20,5,15,10,10,0,0,0,0,0,20,5,15,10,10,11,11.9161791964531,10.0371439373488,0.430852723792965,30
"13852","SP","Araçariguama",22860,149668.66,35046,"Sorocaba",3,"Sudeste",0,"350275",5,21,7,14,8,13,0,0,0,0,0,21,7,14,8,13,8,11.9161791964531,10.0371439373488,0.417301531273853,31
"13853","SP","Araçariguama",22860,149668.66,35046,"Sorocaba",3,"Sudeste",0,"350275",6,23,3,20,6,17,0,0,0,0,0,23,3,20,6,17,7,11.9161791964531,10.0371439373488,0.392855398980945,30
"13854","SP","Araçariguama",22860,149668.66,35046,"Sorocaba",3,"Sudeste",0,"350275",7,31,5,26,9,22,0,0,0,0,0,31,5,26,9,22,15,11.9161791964531,10.0371439373488,0.403641642016576,29
"13855","SP","Araçatuba",198129,37521.17,35017,"Araçatuba",3,"Sudeste",1,"350280",2,339,45,294,86,253,2,0,0,0,0,341,45,294,86,253,109,10.5326605860028,12.1966736126843,0.280669555950814,29
"13856","SP","Araçatuba",198129,37521.17,35017,"Araçatuba",3,"Sudeste",1,"350280",3,347,43,304,105,242,2,0,0,0,0,349,43,304,105,242,139,10.5326605860028,12.1966736126843,0.374206517342691,31
"13857","SP","Araçatuba",198129,37521.17,35017,"Araçatuba",3,"Sudeste",1,"350280",4,230,22,208,71,159,2,0,0,0,0,232,22,208,71,159,130,10.5326605860028,12.1966736126843,0.429416209838149,30
"13858","SP","Araçatuba",198129,37521.17,35017,"Araçatuba",3,"Sudeste",1,"350280",5,176,25,151,59,117,0,0,0,0,0,176,25,151,59,117,149,10.5326605860028,12.1966736126843,0.392265270118208,31
"13859","SP","Araçatuba",198129,37521.17,35017,"Araçatuba",3,"Sudeste",1,"350280",6,187,19,168,58,129,2,0,0,0,0,189,19,168,58,129,151,10.5326605860028,12.1966736126843,0.365809056562202,30
"13860","SP","Araçatuba",198129,37521.17,35017,"Araçatuba",3,"Sudeste",1,"350280",7,189,27,162,61,128,1,0,0,0,0,190,27,162,61,128,200,10.5326605860028,12.1966736126843,0.375444477607564,29
"13861","SP","Araçoiaba da Serra",34776,25731.56,35046,"Sorocaba",3,"Sudeste",1,"350290",2,64,10,54,19,45,0,0,0,0,0,64,10,54,19,45,19,10.1554735330531,10.4566827726686,0.303414480286802,29
"13862","SP","Araçoiaba da Serra",34776,25731.56,35046,"Sorocaba",3,"Sudeste",1,"350290",3,58,6,52,19,39,1,0,0,0,0,59,6,52,19,39,22,10.1554735330531,10.4566827726686,0.403567092494069,31
"13863","SP","Araçoiaba da Serra",34776,25731.56,35046,"Sorocaba",3,"Sudeste",1,"350290",4,35,8,27,11,24,0,0,0,0,0,35,8,27,11,24,12,10.1554735330531,10.4566827726686,0.46560286578841,30
"13864","SP","Araçoiaba da Serra",34776,25731.56,35046,"Sorocaba",3,"Sudeste",1,"350290",5,37,4,33,15,22,0,0,0,0,0,37,4,33,15,22,27,10.1554735330531,10.4566827726686,0.425596237688983,31
"13865","SP","Araçoiaba da Serra",34776,25731.56,35046,"Sorocaba",3,"Sudeste",1,"350290",6,28,2,26,9,19,0,0,0,0,0,28,2,26,9,19,22,10.1554735330531,10.4566827726686,0.392187650973963,30
"13866","SP","Araçoiaba da Serra",34776,25731.56,35046,"Sorocaba",3,"Sudeste",1,"350290",7,28,6,22,6,22,0,0,0,0,0,28,6,22,6,22,35,10.1554735330531,10.4566827726686,0.392508519350561,29
"13867","SP","Aramina",5655,22669.33,35011,"Ituverava",3,"Sudeste",0,"350300",2,8,1,7,2,6,0,0,0,0,0,8,1,7,2,6,5,10.0287681885876,8.64029538855022,0.356529940365121,29
"13868","SP","Aramina",5655,22669.33,35011,"Ituverava",3,"Sudeste",0,"350300",3,8,2,6,3,5,0,0,0,0,0,8,2,6,3,5,4,10.0287681885876,8.64029538855022,0.408464592116552,31
"13869","SP","Aramina",5655,22669.33,35011,"Ituverava",3,"Sudeste",0,"350300",4,2,0,2,0,2,0,0,0,0,0,2,0,2,0,2,4,10.0287681885876,8.64029538855022,0.403740745749486,30
"13870","SP","Aramina",5655,22669.33,35011,"Ituverava",3,"Sudeste",0,"350300",5,5,1,4,2,3,0,0,0,0,0,5,1,4,2,3,4,10.0287681885876,8.64029538855022,0.388817457766245,31
"13871","SP","Aramina",5655,22669.33,35011,"Ituverava",3,"Sudeste",0,"350300",6,5,1,4,4,1,0,0,0,0,0,5,1,4,4,1,3,10.0287681885876,8.64029538855022,0.389605526267412,30
"13872","SP","Aramina",5655,22669.33,35011,"Ituverava",3,"Sudeste",0,"350300",7,6,0,6,2,4,0,0,0,0,0,6,0,6,2,4,10,10.0287681885876,8.64029538855022,0.411118192125339,29
"13873","SP","Araraquara",238339,40253.93,35024,"Araraquara",3,"Sudeste",1,"350320",2,388,47,341,108,280,2,0,0,0,0,390,47,341,108,280,135,10.6029629178318,12.3814493089492,0.298484642294555,29
"13874","SP","Araraquara",238339,40253.93,35024,"Araraquara",3,"Sudeste",1,"350320",3,356,46,310,108,248,2,0,0,0,0,358,46,310,108,248,168,10.6029629178318,12.3814493089492,0.398019789260874,31
"13875","SP","Araraquara",238339,40253.93,35024,"Araraquara",3,"Sudeste",1,"350320",4,215,30,185,57,158,3,0,0,0,0,218,30,185,57,158,134,10.6029629178318,12.3814493089492,0.474534279117517,30
"13876","SP","Araraquara",238339,40253.93,35024,"Araraquara",3,"Sudeste",1,"350320",5,257,40,217,76,181,4,0,0,0,0,261,40,217,76,181,139,10.6029629178318,12.3814493089492,0.431174047891834,31
"13877","SP","Araraquara",238339,40253.93,35024,"Araraquara",3,"Sudeste",1,"350320",6,230,24,206,66,164,3,0,0,0,0,233,24,206,66,164,116,10.6029629178318,12.3814493089492,0.389983705477504,30
"13878","SP","Araraquara",238339,40253.93,35024,"Araraquara",3,"Sudeste",1,"350320",7,245,31,214,75,170,1,0,0,0,0,246,31,214,75,170,138,10.6029629178318,12.3814493089492,0.383710496474105,29
"13879","SP","Araras",135506,41863.92,35027,"Limeira",3,"Sudeste",1,"350330",2,219,39,180,71,148,1,0,0,0,0,220,39,180,71,148,73,10.6421796371005,11.8167711987643,0.294912716310675,29
"13880","SP","Araras",135506,41863.92,35027,"Limeira",3,"Sudeste",1,"350330",3,227,30,197,72,155,1,0,0,0,0,228,30,197,72,155,66,10.6421796371005,11.8167711987643,0.387406886269399,31
"13881","SP","Araras",135506,41863.92,35027,"Limeira",3,"Sudeste",1,"350330",4,141,14,127,36,105,1,0,0,0,0,142,14,127,36,105,80,10.6421796371005,11.8167711987643,0.440725051982887,30
"13882","SP","Araras",135506,41863.92,35027,"Limeira",3,"Sudeste",1,"350330",5,128,24,104,41,87,0,0,0,0,0,128,24,104,41,87,73,10.6421796371005,11.8167711987643,0.404541627600657,31
"13883","SP","Araras",135506,41863.92,35027,"Limeira",3,"Sudeste",1,"350330",6,135,18,117,40,95,0,0,0,0,0,135,18,117,40,95,92,10.6421796371005,11.8167711987643,0.388474560996444,30
"13884","SP","Araras",135506,41863.92,35027,"Limeira",3,"Sudeste",1,"350330",7,124,17,107,36,88,1,0,0,0,0,125,17,107,36,88,102,10.6421796371005,11.8167711987643,0.387607575695472,29
"13885","SP","Arealva",8613,27135.55,35020,"Bauru",3,"Sudeste",0,"350340",2,7,2,5,2,5,0,0,0,0,0,7,2,5,2,5,4,10.2085999553173,9.06102796878917,0.267276791152525,29
"13886","SP","Arealva",8613,27135.55,35020,"Bauru",3,"Sudeste",0,"350340",3,5,1,4,2,3,0,0,0,0,0,5,1,4,2,3,8,10.2085999553173,9.06102796878917,0.363581987919638,31
"13887","SP","Arealva",8613,27135.55,35020,"Bauru",3,"Sudeste",0,"350340",4,3,0,3,0,3,0,0,0,0,0,3,0,3,0,3,3,10.2085999553173,9.06102796878917,0.406533505329079,30
"13888","SP","Arealva",8613,27135.55,35020,"Bauru",3,"Sudeste",0,"350340",5,4,1,3,2,2,0,0,0,0,0,4,1,3,2,2,6,10.2085999553173,9.06102796878917,0.39119825967729,31
"13889","SP","Arealva",8613,27135.55,35020,"Bauru",3,"Sudeste",0,"350340",6,6,1,5,4,2,0,0,0,0,0,6,1,5,4,2,1,10.2085999553173,9.06102796878917,0.353685279138419,30
"13890","SP","Arealva",8613,27135.55,35020,"Bauru",3,"Sudeste",0,"350340",7,0,0,0,0,0,0,0,0,0,0,0,0,0,0,0,7,10.2085999553173,9.06102796878917,0.367551916095833,29
"13891","SP","Areiópolis",11158,12884.23,35020,"Bauru",3,"Sudeste",0,"350360",2,22,3,19,4,18,0,0,0,0,0,22,3,19,4,18,1,9.46375936189063,9.31991200840547,0.325765713843852,29
"13892","SP","Areiópolis",11158,12884.23,35020,"Bauru",3,"Sudeste",0,"350360",3,23,5,18,12,11,0,0,0,0,0,23,5,18,12,11,4,9.46375936189063,9.31991200840547,0.401064531738256,31
"13893","SP","Areiópolis",11158,12884.23,35020,"Bauru",3,"Sudeste",0,"350360",4,8,2,6,2,6,0,0,0,0,0,8,2,6,2,6,3,9.46375936189063,9.31991200840547,0.452227198529813,30
"13894","SP","Areiópolis",11158,12884.23,35020,"Bauru",3,"Sudeste",0,"350360",5,6,3,3,3,3,0,0,0,0,0,6,3,3,3,3,7,9.46375936189063,9.31991200840547,0.43858498849144,31
"13895","SP","Areiópolis",11158,12884.23,35020,"Bauru",3,"Sudeste",0,"350360",6,4,0,4,1,3,0,0,0,0,0,4,0,4,1,3,9,9.46375936189063,9.31991200840547,0.388831211110679,30
"13896","SP","Areiópolis",11158,12884.23,35020,"Bauru",3,"Sudeste",0,"350360",7,14,3,11,5,9,0,0,0,0,0,14,3,11,5,9,8,9.46375936189063,9.31991200840547,0.379438661849752,29
"13897","SP","Ariranha",9761,76108.12,35005,"Catanduva",3,"Sudeste",0,"350370",2,8,0,8,3,5,0,0,0,0,0,8,0,8,3,5,6,11.2399102398658,9.18615013317497,0.289134409179117,29
"13898","SP","Ariranha",9761,76108.12,35005,"Catanduva",3,"Sudeste",0,"350370",3,12,2,10,4,8,0,0,0,0,0,12,2,10,4,8,6,11.2399102398658,9.18615013317497,0.343028023566342,31
"13899","SP","Ariranha",9761,76108.12,35005,"Catanduva",3,"Sudeste",0,"350370",4,8,0,8,3,5,0,0,0,0,0,8,0,8,3,5,4,11.2399102398658,9.18615013317497,0.372124114167467,30
"13900","SP","Ariranha",9761,76108.12,35005,"Catanduva",3,"Sudeste",0,"350370",5,9,0,9,1,8,0,0,0,0,0,9,0,9,1,8,6,11.2399102398658,9.18615013317497,0.319919309989159,31
"13901","SP","Ariranha",9761,76108.12,35005,"Catanduva",3,"Sudeste",0,"350370",6,8,2,6,2,6,0,0,0,0,0,8,2,6,2,6,6,11.2399102398658,9.18615013317497,0.353266600738132,30
"13902","SP","Ariranha",9761,76108.12,35005,"Catanduva",3,"Sudeste",0,"350370",7,6,0,6,5,1,0,0,0,0,0,6,0,6,5,1,6,11.2399102398658,9.18615013317497,0.357229006890964,29
"13903","SP","Artur Nogueira",55340,22156.59,35031,"Mogi Mirim",3,"Sudeste",1,"350380",2,59,16,43,23,36,0,0,0,0,0,59,16,43,23,36,17,10.0058902481539,10.9212512533409,0.299114090897078,29
"13904","SP","Artur Nogueira",55340,22156.59,35031,"Mogi Mirim",3,"Sudeste",1,"350380",3,65,17,48,19,46,0,0,0,0,0,65,17,48,19,46,29,10.0058902481539,10.9212512533409,0.389363413752408,31
"13905","SP","Artur Nogueira",55340,22156.59,35031,"Mogi Mirim",3,"Sudeste",1,"350380",4,35,8,27,12,23,2,0,0,0,0,37,8,27,12,23,31,10.0058902481539,10.9212512533409,0.427389192765963,30
"13906","SP","Artur Nogueira",55340,22156.59,35031,"Mogi Mirim",3,"Sudeste",1,"350380",5,23,2,21,3,20,1,0,0,0,0,24,2,21,3,20,30,10.0058902481539,10.9212512533409,0.393642908243195,31
"13907","SP","Artur Nogueira",55340,22156.59,35031,"Mogi Mirim",3,"Sudeste",1,"350380",6,27,2,25,4,23,1,0,0,0,0,28,2,25,4,23,30,10.0058902481539,10.9212512533409,0.365975885903403,30
"13908","SP","Artur Nogueira",55340,22156.59,35031,"Mogi Mirim",3,"Sudeste",1,"350380",7,23,1,22,3,20,0,0,0,0,0,23,1,22,3,20,46,10.0058902481539,10.9212512533409,0.366453399911833,29
"13909","SP","Arujá",91157,69588.09,35059,"Guarulhos",3,"Sudeste",1,"350390",2,216,24,192,77,139,1,0,0,0,0,217,24,192,77,139,37,11.15034871099,11.4203385736474,0.312903778167102,29
"13910","SP","Arujá",91157,69588.09,35059,"Guarulhos",3,"Sudeste",1,"350390",3,236,26,210,77,159,2,0,0,0,0,238,26,210,77,159,40,11.15034871099,11.4203385736474,0.410495604404237,31
"13911","SP","Arujá",91157,69588.09,35059,"Guarulhos",3,"Sudeste",1,"350390",4,96,11,85,35,61,0,0,0,0,0,96,11,85,35,61,41,11.15034871099,11.4203385736474,0.478018128109578,30
"13912","SP","Arujá",91157,69588.09,35059,"Guarulhos",3,"Sudeste",1,"350390",5,134,10,124,50,84,1,0,0,0,0,135,10,124,50,84,71,11.15034871099,11.4203385736474,0.447715993797102,31
"13913","SP","Arujá",91157,69588.09,35059,"Guarulhos",3,"Sudeste",1,"350390",6,120,14,106,44,76,1,0,0,0,0,121,14,106,44,76,64,11.15034871099,11.4203385736474,0.406550020906734,30
"13914","SP","Arujá",91157,69588.09,35059,"Guarulhos",3,"Sudeste",1,"350390",7,113,4,109,38,75,2,0,0,0,0,115,4,109,38,75,62,11.15034871099,11.4203385736474,0.399415061634946,29
"13915","SP","Assis",105087,32443.96,35039,"Assis",3,"Sudeste",1,"350400",2,170,27,143,50,120,0,0,0,0,0,170,27,143,50,120,63,10.3872695722959,11.5625438574924,0.298051203618176,29
"13916","SP","Assis",105087,32443.96,35039,"Assis",3,"Sudeste",1,"350400",3,160,19,141,55,105,0,0,0,0,0,160,19,141,55,105,64,10.3872695722959,11.5625438574924,0.395081474191084,31
"13917","SP","Assis",105087,32443.96,35039,"Assis",3,"Sudeste",1,"350400",4,83,8,75,28,55,2,0,0,0,0,85,8,75,28,55,52,10.3872695722959,11.5625438574924,0.457154723356578,30
"13918","SP","Assis",105087,32443.96,35039,"Assis",3,"Sudeste",1,"350400",5,88,11,77,19,69,1,0,0,0,0,89,11,77,19,69,87,10.3872695722959,11.5625438574924,0.425999334948319,31
"13919","SP","Assis",105087,32443.96,35039,"Assis",3,"Sudeste",1,"350400",6,93,6,87,33,60,0,0,0,0,0,93,6,87,33,60,94,10.3872695722959,11.5625438574924,0.390807247116382,30
"13920","SP","Assis",105087,32443.96,35039,"Assis",3,"Sudeste",1,"350400",7,92,8,84,28,64,1,0,0,0,0,93,8,84,28,64,66,10.3872695722959,11.5625438574924,0.387717006878406,29
"13921","SP","Atibaia",144088,50498.62,35048,"Bragança Paulista",3,"Sudeste",1,"350410",2,271,46,225,96,175,0,0,0,0,0,271,46,225,96,175,94,10.8297012881574,11.8781795030169,0.303130055693013,29
"13922","SP","Atibaia",144088,50498.62,35048,"Bragança Paulista",3,"Sudeste",1,"350410",3,311,45,266,107,204,1,0,0,0,0,312,45,266,107,204,92,10.8297012881574,11.8781795030169,0.40468383910866,31
"13923","SP","Atibaia",144088,50498.62,35048,"Bragança Paulista",3,"Sudeste",1,"350410",4,214,35,179,69,145,1,0,0,0,0,215,35,179,69,145,82,10.8297012881574,11.8781795030169,0.475208716874262,30
"13924","SP","Atibaia",144088,50498.62,35048,"Bragança Paulista",3,"Sudeste",1,"350410",5,181,25,156,50,131,0,0,0,0,0,181,25,156,50,131,97,10.8297012881574,11.8781795030169,0.43872527221838,31
"13925","SP","Atibaia",144088,50498.62,35048,"Bragança Paulista",3,"Sudeste",1,"350410",6,165,27,138,49,116,1,0,0,0,0,166,27,138,49,116,85,10.8297012881574,11.8781795030169,0.408763719505277,30
"13926","SP","Atibaia",144088,50498.62,35048,"Bragança Paulista",3,"Sudeste",1,"350410",7,156,40,116,42,114,4,0,0,0,0,160,40,116,42,114,118,10.8297012881574,11.8781795030169,0.399120760330754,29
"13927","SP","Avaí",5436,50644.08,35020,"Bauru",3,"Sudeste",0,"350430",2,10,2,8,3,7,0,0,0,0,0,10,2,8,3,7,2,10.832577622293,8.60079877527103,0.313093868990664,29
"13928","SP","Avaí",5436,50644.08,35020,"Bauru",3,"Sudeste",0,"350430",3,12,2,10,4,8,0,0,0,0,0,12,2,10,4,8,3,10.832577622293,8.60079877527103,0.402433642258869,31
"13929","SP","Avaí",5436,50644.08,35020,"Bauru",3,"Sudeste",0,"350430",4,6,2,4,1,5,0,0,0,0,0,6,2,4,1,5,4,10.832577622293,8.60079877527103,0.428839915734747,30
"13930","SP","Avaí",5436,50644.08,35020,"Bauru",3,"Sudeste",0,"350430",5,7,0,7,3,4,0,0,0,0,0,7,0,7,3,4,4,10.832577622293,8.60079877527103,0.381409584135876,31
"13931","SP","Avaí",5436,50644.08,35020,"Bauru",3,"Sudeste",0,"350430",6,6,1,5,4,2,0,0,0,0,0,6,1,5,4,2,3,10.832577622293,8.60079877527103,0.340730324008534,30
"13932","SP","Avaí",5436,50644.08,35020,"Bauru",3,"Sudeste",0,"350430",7,7,1,6,2,5,0,0,0,0,0,7,1,6,2,5,2,10.832577622293,8.60079877527103,0.332550558718983,29
"13933","SP","Avanhandava",13859,23782.13,35018,"Birigui",3,"Sudeste",0,"350440",2,29,6,23,11,18,1,0,0,0,0,30,6,23,11,18,1,10.0766897373016,9.5366901200688,0.3155880034251,29
"13934","SP","Avanhandava",13859,23782.13,35018,"Birigui",3,"Sudeste",0,"350440",3,8,3,5,2,6,0,0,0,0,0,8,3,5,2,6,6,10.0766897373016,9.5366901200688,0.378756139028487,31
"13935","SP","Avanhandava",13859,23782.13,35018,"Birigui",3,"Sudeste",0,"350440",4,8,2,6,5,3,0,0,0,0,0,8,2,6,5,3,4,10.0766897373016,9.5366901200688,0.398892113063551,30
"13936","SP","Avanhandava",13859,23782.13,35018,"Birigui",3,"Sudeste",0,"350440",5,17,7,10,3,14,0,0,0,0,0,17,7,10,3,14,2,10.0766897373016,9.5366901200688,0.376237721376794,31
"13937","SP","Avanhandava",13859,23782.13,35018,"Birigui",3,"Sudeste",0,"350440",6,13,3,10,6,7,0,0,0,0,0,13,3,10,6,7,7,10.0766897373016,9.5366901200688,0.344801403067843,30
"13938","SP","Avanhandava",13859,23782.13,35018,"Birigui",3,"Sudeste",0,"350440",7,7,2,5,3,4,0,0,0,0,0,7,2,5,3,4,7,10.0766897373016,9.5366901200688,0.375135956324601,29
"13939","SP","Avaré",91232,30391.62,35022,"Avaré",3,"Sudeste",1,"350450",2,193,48,145,69,124,2,0,0,0,0,195,48,145,69,124,57,10.321922191499,11.4211609917124,0.302891854227786,29
"13940","SP","Avaré",91232,30391.62,35022,"Avaré",3,"Sudeste",1,"350450",3,145,25,120,57,88,1,0,0,0,0,146,25,120,57,88,61,10.321922191499,11.4211609917124,0.407102179800881,31
"13941","SP","Avaré",91232,30391.62,35022,"Avaré",3,"Sudeste",1,"350450",4,118,27,91,41,77,0,0,0,0,0,118,27,91,41,77,49,10.321922191499,11.4211609917124,0.473798231345446,30
"13942","SP","Avaré",91232,30391.62,35022,"Avaré",3,"Sudeste",1,"350450",5,107,14,93,42,65,0,0,0,0,0,107,14,93,42,65,54,10.321922191499,11.4211609917124,0.433258583088228,31
"13943","SP","Avaré",91232,30391.62,35022,"Avaré",3,"Sudeste",1,"350450",6,102,21,81,43,59,0,0,0,0,0,102,21,81,43,59,41,10.321922191499,11.4211609917124,0.410269846077429,30
"13944","SP","Avaré",91232,30391.62,35022,"Avaré",3,"Sudeste",1,"350450",7,104,19,85,46,58,1,0,0,0,0,105,19,85,46,58,72,10.321922191499,11.4211609917124,0.398820727823592,29
"13945","SP","Bady Bassitt",17761,20504.81,35004,"São José do Rio Preto",3,"Sudeste",1,"350460",2,47,7,40,15,32,0,0,0,0,0,47,7,40,15,32,9,9.92841477175056,9.78476032126733,0.286991910824047,29
"13946","SP","Bady Bassitt",17761,20504.81,35004,"São José do Rio Preto",3,"Sudeste",1,"350460",3,56,7,49,18,38,0,0,0,0,0,56,7,49,18,38,13,9.92841477175056,9.78476032126733,0.372172372216496,31
"13947","SP","Bady Bassitt",17761,20504.81,35004,"São José do Rio Preto",3,"Sudeste",1,"350460",4,33,7,26,7,26,0,0,0,0,0,33,7,26,7,26,15,9.92841477175056,9.78476032126733,0.413490263366061,30
"13948","SP","Bady Bassitt",17761,20504.81,35004,"São José do Rio Preto",3,"Sudeste",1,"350460",5,20,3,17,5,15,1,0,0,0,0,21,3,17,5,15,17,9.92841477175056,9.78476032126733,0.378784394275893,31
"13949","SP","Bady Bassitt",17761,20504.81,35004,"São José do Rio Preto",3,"Sudeste",1,"350460",6,31,6,25,9,22,1,0,0,0,0,32,6,25,9,22,9,9.92841477175056,9.78476032126733,0.352397015771086,30
"13950","SP","Bady Bassitt",17761,20504.81,35004,"São José do Rio Preto",3,"Sudeste",1,"350460",7,39,4,35,18,21,0,0,0,0,0,39,4,35,18,21,21,9.92841477175056,9.78476032126733,0.35526884679148,29
"13951","SP","Bálsamo",9139,22575.02,35004,"São José do Rio Preto",3,"Sudeste",1,"350480",2,15,2,13,8,7,0,0,0,0,0,15,2,13,8,7,3,10.0245992642206,9.1203062492722,0.276479949067265,29
"13952","SP","Bálsamo",9139,22575.02,35004,"São José do Rio Preto",3,"Sudeste",1,"350480",3,17,2,15,3,14,0,0,0,0,0,17,2,15,3,14,5,10.0245992642206,9.1203062492722,0.335250927815582,31
"13953","SP","Bálsamo",9139,22575.02,35004,"São José do Rio Preto",3,"Sudeste",1,"350480",4,9,1,8,3,6,0,0,0,0,0,9,1,8,3,6,3,10.0245992642206,9.1203062492722,0.365972039884955,30
"13954","SP","Bálsamo",9139,22575.02,35004,"São José do Rio Preto",3,"Sudeste",1,"350480",5,10,2,8,1,9,0,0,0,0,0,10,2,8,1,9,4,10.0245992642206,9.1203062492722,0.349100050200312,31
"13955","SP","Bálsamo",9139,22575.02,35004,"São José do Rio Preto",3,"Sudeste",1,"350480",6,8,1,7,1,7,1,0,0,0,0,9,1,7,1,7,13,10.0245992642206,9.1203062492722,0.335354044399196,30
"13956","SP","Bálsamo",9139,22575.02,35004,"São José do Rio Preto",3,"Sudeste",1,"350480",7,10,1,9,2,8,0,0,0,0,0,10,1,9,2,8,9,10.0245992642206,9.1203062492722,0.358403899562846,29
"13957","SP","Bananal",10993,16937.75,35052,"Bananal",3,"Sudeste",0,"350490",2,12,2,10,5,7,0,0,0,0,0,12,2,10,5,7,4,9.73730013766073,9.30501398557886,0.32614474736644,29
"13958","SP","Bananal",10993,16937.75,35052,"Bananal",3,"Sudeste",0,"350490",3,19,3,16,8,11,0,0,0,0,0,19,3,16,8,11,9,9.73730013766073,9.30501398557886,0.42595681672632,31
"13959","SP","Bananal",10993,16937.75,35052,"Bananal",3,"Sudeste",0,"350490",4,4,0,4,0,4,0,0,0,0,0,4,0,4,0,4,4,9.73730013766073,9.30501398557886,0.464797468081196,30
"13960","SP","Bananal",10993,16937.75,35052,"Bananal",3,"Sudeste",0,"350490",5,7,3,4,1,6,0,0,0,0,0,7,3,4,1,6,4,9.73730013766073,9.30501398557886,0.450643297140917,31
"13961","SP","Bananal",10993,16937.75,35052,"Bananal",3,"Sudeste",0,"350490",6,4,0,4,3,1,0,0,0,0,0,4,0,4,3,1,10,9.73730013766073,9.30501398557886,0.394248343339928,30
"13962","SP","Bananal",10993,16937.75,35052,"Bananal",3,"Sudeste",0,"350490",7,6,2,4,4,2,0,0,0,0,0,6,2,4,4,2,11,9.73730013766073,9.30501398557886,0.40839949899813,29
"13963","SP","Barbosa",7468,12939.48,35018,"Birigui",3,"Sudeste",0,"350510",2,7,1,6,4,3,0,0,0,0,0,7,1,6,4,3,2,9.46803838177603,8.91838250466161,0.299632172248153,29
"13964","SP","Barbosa",7468,12939.48,35018,"Birigui",3,"Sudeste",0,"350510",3,4,1,3,0,4,0,0,0,0,0,4,1,3,0,4,7,9.46803838177603,8.91838250466161,0.397350965382668,31
"13965","SP","Barbosa",7468,12939.48,35018,"Birigui",3,"Sudeste",0,"350510",4,12,2,10,5,7,0,0,0,0,0,12,2,10,5,7,3,9.46803838177603,8.91838250466161,0.407728375751699,30
"13966","SP","Barbosa",7468,12939.48,35018,"Birigui",3,"Sudeste",0,"350510",5,6,1,5,2,4,0,0,0,0,0,6,1,5,2,4,0,9.46803838177603,8.91838250466161,0.402805223744549,31
"13967","SP","Barbosa",7468,12939.48,35018,"Birigui",3,"Sudeste",0,"350510",6,5,0,5,3,2,0,0,0,0,0,5,0,5,3,2,5,9.46803838177603,8.91838250466161,0.357187805858249,30
"13968","SP","Barbosa",7468,12939.48,35018,"Birigui",3,"Sudeste",0,"350510",7,7,2,5,1,6,0,0,0,0,0,7,2,5,1,6,5,9.46803838177603,8.91838250466161,0.36977641018495,29
"13969","SP","Bariri",35558,33185.53,35021,"Jaú",3,"Sudeste",1,"350520",2,40,13,27,16,24,0,0,0,0,0,40,13,27,16,24,21,10.4098692165238,10.4789204450765,0.319285325024022,29
"13970","SP","Bariri",35558,33185.53,35021,"Jaú",3,"Sudeste",1,"350520",3,62,18,44,28,34,0,0,0,0,0,62,18,44,28,34,25,10.4098692165238,10.4789204450765,0.396348589646932,31
"13971","SP","Bariri",35558,33185.53,35021,"Jaú",3,"Sudeste",1,"350520",4,33,5,28,12,21,2,0,0,0,0,35,5,28,12,21,23,10.4098692165238,10.4789204450765,0.44113425988879,30
"13972","SP","Bariri",35558,33185.53,35021,"Jaú",3,"Sudeste",1,"350520",5,29,5,24,10,19,1,0,0,0,0,30,5,24,10,19,22,10.4098692165238,10.4789204450765,0.407739079780509,31
"13973","SP","Bariri",35558,33185.53,35021,"Jaú",3,"Sudeste",1,"350520",6,38,11,27,16,22,0,0,0,0,0,38,11,27,16,22,25,10.4098692165238,10.4789204450765,0.390229708470988,30
"13974","SP","Bariri",35558,33185.53,35021,"Jaú",3,"Sudeste",1,"350520",7,39,8,31,15,24,0,0,0,0,0,39,8,31,15,24,29,10.4098692165238,10.4789204450765,0.401936094514731,29
"13975","SP","Barra Bonita",36126,35500.64,35021,"Jaú",3,"Sudeste",1,"350530",2,35,3,32,6,29,0,0,0,0,0,35,3,32,6,29,17,10.47730600347,10.4947681066925,0.305167348021126,29
"13976","SP","Barra Bonita",36126,35500.64,35021,"Jaú",3,"Sudeste",1,"350530",3,53,6,47,9,44,0,0,0,0,0,53,6,47,9,44,29,10.47730600347,10.4947681066925,0.38236209819432,31
"13977","SP","Barra Bonita",36126,35500.64,35021,"Jaú",3,"Sudeste",1,"350530",4,40,5,35,8,32,0,0,0,0,0,40,5,35,8,32,29,10.47730600347,10.4947681066925,0.42410526453805,30
"13978","SP","Barra Bonita",36126,35500.64,35021,"Jaú",3,"Sudeste",1,"350530",5,29,4,25,7,22,1,0,0,0,0,30,4,25,7,22,22,10.47730600347,10.4947681066925,0.391295678626371,31
"13979","SP","Barra Bonita",36126,35500.64,35021,"Jaú",3,"Sudeste",1,"350530",6,41,5,36,8,33,0,0,0,0,0,41,5,36,8,33,21,10.47730600347,10.4947681066925,0.371713535995433,30
"13980","SP","Barra Bonita",36126,35500.64,35021,"Jaú",3,"Sudeste",1,"350530",7,23,3,20,5,18,0,0,0,0,0,23,3,20,5,18,29,10.47730600347,10.4947681066925,0.356223807438532,29
"13981","SP","Barretos",122833,40046.22,35009,"Barretos",3,"Sudeste",1,"350550",2,218,23,195,67,151,1,0,0,0,0,219,23,195,67,151,76,10.5977895660198,11.7185809882355,0.308835454545938,29
"13982","SP","Barretos",122833,40046.22,35009,"Barretos",3,"Sudeste",1,"350550",3,229,20,209,61,168,2,0,0,0,0,231,20,209,61,168,95,10.5977895660198,11.7185809882355,0.395192856961483,31
"13983","SP","Barretos",122833,40046.22,35009,"Barretos",3,"Sudeste",1,"350550",4,132,17,115,39,93,1,0,0,0,0,133,17,115,39,93,64,10.5977895660198,11.7185809882355,0.459119761072965,30
"13984","SP","Barretos",122833,40046.22,35009,"Barretos",3,"Sudeste",1,"350550",5,146,16,130,30,116,3,0,0,0,0,149,16,130,30,116,88,10.5977895660198,11.7185809882355,0.419007692575849,31
"13985","SP","Barretos",122833,40046.22,35009,"Barretos",3,"Sudeste",1,"350550",6,136,9,127,42,94,2,0,0,0,0,138,9,127,42,94,108,10.5977895660198,11.7185809882355,0.389725925213031,30
"13986","SP","Barretos",122833,40046.22,35009,"Barretos",3,"Sudeste",1,"350550",7,144,15,129,48,96,3,0,0,0,0,147,15,129,48,96,131,10.5977895660198,11.7185809882355,0.377400125375161,29
"13987","SP","Barrinha",33180,15960.29,35014,"Ribeirão Preto",3,"Sudeste",1,"350560",2,59,14,45,19,40,0,0,0,0,0,59,14,45,19,40,11,9.67785904126479,10.4097025637444,0.295722080764169,29
"13988","SP","Barrinha",33180,15960.29,35014,"Ribeirão Preto",3,"Sudeste",1,"350560",3,56,13,43,24,32,0,0,0,0,0,56,13,43,24,32,17,9.67785904126479,10.4097025637444,0.37602092095196,31
"13989","SP","Barrinha",33180,15960.29,35014,"Ribeirão Preto",3,"Sudeste",1,"350560",4,54,14,40,24,30,0,0,0,0,0,54,14,40,24,30,15,9.67785904126479,10.4097025637444,0.412808092642868,30
"13990","SP","Barrinha",33180,15960.29,35014,"Ribeirão Preto",3,"Sudeste",1,"350560",5,28,4,24,8,20,1,0,0,0,0,29,4,24,8,20,24,9.67785904126479,10.4097025637444,0.384658717475054,31
"13991","SP","Barrinha",33180,15960.29,35014,"Ribeirão Preto",3,"Sudeste",1,"350560",6,35,5,30,11,24,1,0,0,0,0,36,5,30,11,24,19,9.67785904126479,10.4097025637444,0.372795137936723,30
"13992","SP","Barrinha",33180,15960.29,35014,"Ribeirão Preto",3,"Sudeste",1,"350560",7,33,12,21,11,22,0,0,0,0,0,33,12,21,11,22,26,9.67785904126479,10.4097025637444,0.368315011654544,29
"13993","SP","Barueri",276982,186382.33,35057,"Osasco",3,"Sudeste",1,"350570",2,797,76,721,238,559,3,0,0,0,0,800,76,721,238,559,144,12.1355553806029,12.5317078011086,0.278923394585825,29
"13994","SP","Barueri",276982,186382.33,35057,"Osasco",3,"Sudeste",1,"350570",3,818,60,758,231,587,6,0,0,0,0,824,60,758,231,587,194,12.1355553806029,12.5317078011086,0.393772978721328,31
"13995","SP","Barueri",276982,186382.33,35057,"Osasco",3,"Sudeste",1,"350570",4,466,38,428,152,314,7,0,0,0,0,473,38,428,152,314,191,12.1355553806029,12.5317078011086,0.500641627875048,30
"13996","SP","Barueri",276982,186382.33,35057,"Osasco",3,"Sudeste",1,"350570",5,475,38,437,144,331,5,0,0,0,0,480,38,437,144,331,244,12.1355553806029,12.5317078011086,0.477973468778956,31
"13997","SP","Barueri",276982,186382.33,35057,"Osasco",3,"Sudeste",1,"350570",6,492,35,457,143,349,0,0,0,0,0,492,35,457,143,349,218,12.1355553806029,12.5317078011086,0.427984762200155,30
"13998","SP","Barueri",276982,186382.33,35057,"Osasco",3,"Sudeste",1,"350570",7,469,38,431,140,329,2,0,0,0,0,471,38,431,140,329,206,12.1355553806029,12.5317078011086,0.407896404278092,29
"13999","SP","Bastos",20953,45791.98,35037,"Tupã",3,"Sudeste",1,"350580",2,36,2,34,12,24,0,0,0,0,0,36,2,34,12,24,13,10.7318642455986,9.95003711318911,0.293320279793809,29
"14000","SP","Bastos",20953,45791.98,35037,"Tupã",3,"Sudeste",1,"350580",3,35,10,25,13,22,0,0,0,0,0,35,10,25,13,22,15,10.7318642455986,9.95003711318911,0.354850629768048,31
"14001","SP","Bastos",20953,45791.98,35037,"Tupã",3,"Sudeste",1,"350580",4,24,4,20,7,17,0,0,0,0,0,24,4,20,7,17,22,10.7318642455986,9.95003711318911,0.391381565063771,30
"14002","SP","Bastos",20953,45791.98,35037,"Tupã",3,"Sudeste",1,"350580",5,24,1,23,15,9,0,0,0,0,0,24,1,23,15,9,10,10.7318642455986,9.95003711318911,0.381014080577037,31
"14003","SP","Bastos",20953,45791.98,35037,"Tupã",3,"Sudeste",1,"350580",6,32,7,25,8,24,0,0,0,0,0,32,7,25,8,24,15,10.7318642455986,9.95003711318911,0.345961936830165,30
"14004","SP","Bastos",20953,45791.98,35037,"Tupã",3,"Sudeste",1,"350580",7,23,2,21,5,18,1,0,0,0,0,24,2,21,5,18,15,10.7318642455986,9.95003711318911,0.351626108618279,29
"14005","SP","Batatais",62980,25636.34,35015,"Batatais",3,"Sudeste",1,"350590",2,102,21,81,33,69,1,0,0,0,0,103,21,81,33,69,31,10.1517661551356,11.050572494655,0.296361307827424,29
"14006","SP","Batatais",62980,25636.34,35015,"Batatais",3,"Sudeste",1,"350590",3,102,19,83,33,69,1,0,0,0,0,103,19,83,33,69,37,10.1517661551356,11.050572494655,0.382572117427081,31
"14007","SP","Batatais",62980,25636.34,35015,"Batatais",3,"Sudeste",1,"350590",4,63,15,48,25,38,0,0,0,0,0,63,15,48,25,38,34,10.1517661551356,11.050572494655,0.43739222460017,30
"14008","SP","Batatais",62980,25636.34,35015,"Batatais",3,"Sudeste",1,"350590",5,72,18,54,24,48,1,0,0,0,0,73,18,54,24,48,50,10.1517661551356,11.050572494655,0.394373844104665,31
"14009","SP","Batatais",62980,25636.34,35015,"Batatais",3,"Sudeste",1,"350590",6,65,13,52,15,50,0,0,0,0,0,65,13,52,15,50,44,10.1517661551356,11.050572494655,0.36861927631328,30
"14010","SP","Batatais",62980,25636.34,35015,"Batatais",3,"Sudeste",1,"350590",7,55,12,43,22,33,0,0,0,0,0,55,12,43,22,33,42,10.1517661551356,11.050572494655,0.364144787512686,29
"14011","SP","Bauru",379297,39121.44,35020,"Bauru",3,"Sudeste",1,"350600",2,650,130,520,217,433,2,0,0,0,0,652,130,520,217,433,208,10.5744259332872,12.8460748183391,0.290464287875174,29
"14012","SP","Bauru",379297,39121.44,35020,"Bauru",3,"Sudeste",1,"350600",3,559,81,478,177,382,3,0,0,0,0,562,81,478,177,382,219,10.5744259332872,12.8460748183391,0.385345877222743,31
"14013","SP","Bauru",379297,39121.44,35020,"Bauru",3,"Sudeste",1,"350600",4,379,57,322,127,252,3,0,0,0,0,382,57,322,127,252,195,10.5744259332872,12.8460748183391,0.448915617353387,30
"14014","SP","Bauru",379297,39121.44,35020,"Bauru",3,"Sudeste",1,"350600",5,417,74,343,138,279,2,0,0,0,0,419,74,343,138,279,210,10.5744259332872,12.8460748183391,0.406704868083557,31
"14015","SP","Bauru",379297,39121.44,35020,"Bauru",3,"Sudeste",1,"350600",6,416,67,349,132,284,3,0,0,0,0,419,67,349,132,284,231,10.5744259332872,12.8460748183391,0.372294323958901,30
"14016","SP","Bauru",379297,39121.44,35020,"Bauru",3,"Sudeste",1,"350600",7,394,80,314,131,263,3,0,0,0,0,397,80,314,131,263,283,10.5744259332872,12.8460748183391,0.367239430763126,29
"14017","SP","Bebedouro",77555,43191.17,35013,"Jaboticabal",3,"Sudeste",1,"350610",2,103,13,90,32,71,1,0,0,0,0,104,13,90,32,71,37,10.6733913551919,11.2587426410589,0.301082650060408,29
"14018","SP","Bebedouro",77555,43191.17,35013,"Jaboticabal",3,"Sudeste",1,"350610",3,92,19,73,28,64,0,0,0,0,0,92,19,73,28,64,58,10.6733913551919,11.2587426410589,0.397578928687763,31
"14019","SP","Bebedouro",77555,43191.17,35013,"Jaboticabal",3,"Sudeste",1,"350610",4,60,8,52,20,40,0,0,0,0,0,60,8,52,20,40,37,10.6733913551919,11.2587426410589,0.458618769583113,30
"14020","SP","Bebedouro",77555,43191.17,35013,"Jaboticabal",3,"Sudeste",1,"350610",5,91,17,74,26,65,0,0,0,0,0,91,17,74,26,65,37,10.6733913551919,11.2587426410589,0.403981365997673,31
"14021","SP","Bebedouro",77555,43191.17,35013,"Jaboticabal",3,"Sudeste",1,"350610",6,73,12,61,28,45,0,0,0,0,0,73,12,61,28,45,49,10.6733913551919,11.2587426410589,0.382621271794332,30
"14022","SP","Bebedouro",77555,43191.17,35013,"Jaboticabal",3,"Sudeste",1,"350610",7,73,15,58,27,46,0,0,0,0,0,73,15,58,27,46,63,10.6733913551919,11.2587426410589,0.379871486625804,29
"14023","SP","Bento de Abreu",3005,56699.61,35017,"Araçatuba",3,"Sudeste",0,"350620",2,5,1,4,1,4,0,0,0,0,0,5,1,4,1,4,1,10.9455226113853,8.00803284696931,0.314168052317647,29
"14024","SP","Bento de Abreu",3005,56699.61,35017,"Araçatuba",3,"Sudeste",0,"350620",3,5,0,5,1,4,0,0,0,0,0,5,0,5,1,4,4,10.9455226113853,8.00803284696931,0.407054104721576,31
"14025","SP","Bento de Abreu",3005,56699.61,35017,"Araçatuba",3,"Sudeste",0,"350620",4,2,0,2,0,2,0,0,0,0,0,2,0,2,0,2,2,10.9455226113853,8.00803284696931,0.384178067674769,30
"14026","SP","Bento de Abreu",3005,56699.61,35017,"Araçatuba",3,"Sudeste",0,"350620",5,5,0,5,1,4,0,0,0,0,0,5,0,5,1,4,2,10.9455226113853,8.00803284696931,0.36483410641731,31
"14027","SP","Bento de Abreu",3005,56699.61,35017,"Araçatuba",3,"Sudeste",0,"350620",6,1,0,1,1,0,0,0,0,0,0,1,0,1,1,0,4,10.9455226113853,8.00803284696931,0.361846111273411,30
"14028","SP","Bento de Abreu",3005,56699.61,35017,"Araçatuba",3,"Sudeste",0,"350620",7,5,0,5,2,3,0,0,0,0,0,5,0,5,2,3,1,10.9455226113853,8.00803284696931,0.321698467425026,29
"14029","SP","Bernardino de Campos",11158,19777.19,35040,"Ourinhos",3,"Sudeste",0,"350630",2,17,3,14,7,10,0,0,0,0,0,17,3,14,7,10,7,9.89228453239526,9.31991200840547,0.311205455302388,29
"14030","SP","Bernardino de Campos",11158,19777.19,35040,"Ourinhos",3,"Sudeste",0,"350630",3,20,1,19,12,8,0,0,0,0,0,20,1,19,12,8,10,9.89228453239526,9.31991200840547,0.350911752155392,31
"14031","SP","Bernardino de Campos",11158,19777.19,35040,"Ourinhos",3,"Sudeste",0,"350630",4,4,0,4,1,3,0,0,0,0,0,4,0,4,1,3,9,9.89228453239526,9.31991200840547,0.401055633790943,30
"14032","SP","Bernardino de Campos",11158,19777.19,35040,"Ourinhos",3,"Sudeste",0,"350630",5,8,2,6,4,4,0,0,0,0,0,8,2,6,4,4,7,9.89228453239526,9.31991200840547,0.385441918551521,31
"14033","SP","Bernardino de Campos",11158,19777.19,35040,"Ourinhos",3,"Sudeste",0,"350630",6,10,0,10,4,6,0,0,0,0,0,10,0,10,4,6,9,9.89228453239526,9.31991200840547,0.360265929749958,30
"14034","SP","Bernardino de Campos",11158,19777.19,35040,"Ourinhos",3,"Sudeste",0,"350630",7,7,1,6,4,3,0,0,0,0,0,7,1,6,4,3,12,9.89228453239526,9.31991200840547,0.34579990096299,29
"14035","SP","Bertioga",64723,27384.29,35063,"Santos",3,"Sudeste",1,"350635",2,140,24,116,50,90,0,0,0,0,0,140,24,116,50,90,31,10.2177247702796,11.077871904181,0.289768531439753,29
"14036","SP","Bertioga",64723,27384.29,35063,"Santos",3,"Sudeste",1,"350635",3,138,26,112,58,80,1,0,0,0,0,139,26,112,58,80,32,10.2177247702796,11.077871904181,0.379467702515331,31
"14037","SP","Bertioga",64723,27384.29,35063,"Santos",3,"Sudeste",1,"350635",4,92,27,65,46,46,2,0,0,0,0,94,27,65,46,46,40,10.2177247702796,11.077871904181,0.431055873252439,30
"14038","SP","Bertioga",64723,27384.29,35063,"Santos",3,"Sudeste",1,"350635",5,98,19,79,41,57,3,0,0,0,0,101,19,79,41,57,30,10.2177247702796,11.077871904181,0.411737605828292,31
"14039","SP","Bertioga",64723,27384.29,35063,"Santos",3,"Sudeste",1,"350635",6,90,19,71,42,48,3,0,0,0,0,93,19,71,42,48,35,10.2177247702796,11.077871904181,0.389843335185819,30
"14040","SP","Bertioga",64723,27384.29,35063,"Santos",3,"Sudeste",1,"350635",7,87,15,72,41,46,1,0,0,0,0,88,15,72,41,46,52,10.2177247702796,11.077871904181,0.38829546977363,29
"14041","SP","Bilac",8117,24284.98,35018,"Birigui",3,"Sudeste",0,"350640",2,11,2,9,2,9,1,0,0,0,0,12,2,9,2,9,4,10.0976133312259,9.00171590676118,0.281335993278159,29
"14042","SP","Bilac",8117,24284.98,35018,"Birigui",3,"Sudeste",0,"350640",3,8,2,6,4,4,0,0,0,0,0,8,2,6,4,4,5,10.0976133312259,9.00171590676118,0.361023811719267,31
"14043","SP","Bilac",8117,24284.98,35018,"Birigui",3,"Sudeste",0,"350640",4,1,1,0,0,1,0,0,0,0,0,1,1,0,0,1,3,10.0976133312259,9.00171590676118,0.399335779967291,30
"14044","SP","Bilac",8117,24284.98,35018,"Birigui",3,"Sudeste",0,"350640",5,4,1,3,1,3,0,0,0,0,0,4,1,3,1,3,2,10.0976133312259,9.00171590676118,0.362710520272075,31
"14045","SP","Bilac",8117,24284.98,35018,"Birigui",3,"Sudeste",0,"350640",6,4,0,4,1,3,0,0,0,0,0,4,0,4,1,3,6,10.0976133312259,9.00171590676118,0.362930477453095,30
"14046","SP","Bilac",8117,24284.98,35018,"Birigui",3,"Sudeste",0,"350640",7,4,1,3,1,3,0,0,0,0,0,4,1,3,1,3,10,10.0976133312259,9.00171590676118,0.349991423568908,29
"14047","SP","Birigui",124883,27268.69,35018,"Birigui",3,"Sudeste",1,"350650",2,180,10,170,61,119,0,0,0,0,0,180,10,170,61,119,57,10.2134944365486,11.7351325779629,0.280298039908935,29
"14048","SP","Birigui",124883,27268.69,35018,"Birigui",3,"Sudeste",1,"350650",3,180,22,158,52,128,1,0,0,0,0,181,22,158,52,128,63,10.2134944365486,11.7351325779629,0.367747299349915,31
"14049","SP","Birigui",124883,27268.69,35018,"Birigui",3,"Sudeste",1,"350650",4,115,13,102,29,86,0,0,0,0,0,115,13,102,29,86,66,10.2134944365486,11.7351325779629,0.417626949929717,30
"14050","SP","Birigui",124883,27268.69,35018,"Birigui",3,"Sudeste",1,"350650",5,94,9,85,30,64,0,0,0,0,0,94,9,85,30,64,62,10.2134944365486,11.7351325779629,0.376491981776061,31
"14051","SP","Birigui",124883,27268.69,35018,"Birigui",3,"Sudeste",1,"350650",6,129,20,109,30,99,0,0,0,0,0,129,20,109,30,99,81,10.2134944365486,11.7351325779629,0.352524988710835,30
"14052","SP","Birigui",124883,27268.69,35018,"Birigui",3,"Sudeste",1,"350650",7,116,13,103,37,79,2,0,0,0,0,118,13,103,37,79,98,10.2134944365486,11.7351325779629,0.361468801091838,29
"14053","SP","Biritiba Mirim",32936,21320.35,35062,"Mogi das Cruzes",3,"Sudeste",1,"350660",2,53,7,46,22,31,1,0,0,0,0,54,7,46,22,31,21,9.96741729465535,10.4023215634497,0.321883382768879,29
"14054","SP","Biritiba Mirim",32936,21320.35,35062,"Mogi das Cruzes",3,"Sudeste",1,"350660",3,55,8,47,23,32,1,0,0,0,0,56,8,47,23,32,19,9.96741729465535,10.4023215634497,0.414056167746316,31
"14055","SP","Biritiba Mirim",32936,21320.35,35062,"Mogi das Cruzes",3,"Sudeste",1,"350660",4,26,4,22,9,17,0,0,0,0,0,26,4,22,9,17,13,9.96741729465535,10.4023215634497,0.475197276020508,30
"14056","SP","Biritiba Mirim",32936,21320.35,35062,"Mogi das Cruzes",3,"Sudeste",1,"350660",5,34,13,21,18,16,0,0,0,0,0,34,13,21,18,16,24,9.96741729465535,10.4023215634497,0.441784407910169,31
"14057","SP","Biritiba Mirim",32936,21320.35,35062,"Mogi das Cruzes",3,"Sudeste",1,"350660",6,26,8,18,12,14,1,0,0,0,0,27,8,18,12,14,27,9.96741729465535,10.4023215634497,0.401757611079101,30
"14058","SP","Biritiba Mirim",32936,21320.35,35062,"Mogi das Cruzes",3,"Sudeste",1,"350660",7,29,6,23,12,17,1,0,0,0,0,30,6,23,12,17,23,9.96741729465535,10.4023215634497,0.378666196274731,29
"14059","SP","Boa Esperança do Sul",15018,20877.23,35024,"Araraquara",3,"Sudeste",1,"350670",2,24,5,19,8,16,0,0,0,0,0,24,5,19,8,16,7,9.94641437036083,9.61700476065983,0.33671149317166,29
"14060","SP","Boa Esperança do Sul",15018,20877.23,35024,"Araraquara",3,"Sudeste",1,"350670",3,22,1,21,9,13,0,0,0,0,0,22,1,21,9,13,9,9.94641437036083,9.61700476065983,0.399594874594722,31
"14061","SP","Boa Esperança do Sul",15018,20877.23,35024,"Araraquara",3,"Sudeste",1,"350670",4,16,8,8,8,8,0,0,0,0,0,16,8,8,8,8,7,9.94641437036083,9.61700476065983,0.420684729672546,30
"14062","SP","Boa Esperança do Sul",15018,20877.23,35024,"Araraquara",3,"Sudeste",1,"350670",5,18,4,14,11,7,0,0,0,0,0,18,4,14,11,7,9,9.94641437036083,9.61700476065983,0.412004942098505,31
"14063","SP","Boa Esperança do Sul",15018,20877.23,35024,"Araraquara",3,"Sudeste",1,"350670",6,16,3,13,6,10,0,0,0,0,0,16,3,13,6,10,9,9.94641437036083,9.61700476065983,0.381964955044526,30
"14064","SP","Boa Esperança do Sul",15018,20877.23,35024,"Araraquara",3,"Sudeste",1,"350670",7,16,4,12,6,10,0,0,0,0,0,16,4,12,6,10,11,9.94641437036083,9.61700476065983,0.369616582735755,29
"14065","SP","Bocaina",12452,17819.21,35021,"Jaú",3,"Sudeste",0,"350680",2,17,6,11,9,8,0,0,0,0,0,17,6,11,9,8,10,9.7880323678311,9.4296365315615,0.31335169177939,29
"14066","SP","Bocaina",12452,17819.21,35021,"Jaú",3,"Sudeste",0,"350680",3,12,4,8,7,5,0,0,0,0,0,12,4,8,7,5,5,9.7880323678311,9.4296365315615,0.389155891620638,31
"14067","SP","Bocaina",12452,17819.21,35021,"Jaú",3,"Sudeste",0,"350680",4,11,3,8,4,7,0,0,0,0,0,11,3,8,4,7,8,9.7880323678311,9.4296365315615,0.415376777880788,30
"14068","SP","Bocaina",12452,17819.21,35021,"Jaú",3,"Sudeste",0,"350680",5,10,3,7,1,9,0,0,0,0,0,10,3,7,1,9,8,9.7880323678311,9.4296365315615,0.390879769375349,31
"14069","SP","Bocaina",12452,17819.21,35021,"Jaú",3,"Sudeste",0,"350680",6,10,3,7,3,7,0,0,0,0,0,10,3,7,3,7,9,9.7880323678311,9.4296365315615,0.379955213881999,30
"14070","SP","Bocaina",12452,17819.21,35021,"Jaú",3,"Sudeste",0,"350680",7,15,1,14,8,7,0,0,0,0,0,15,1,14,8,7,6,9.7880323678311,9.4296365315615,0.363579618395041,29
"14071","SP","Bofete",11921,16223,35023,"Botucatu",3,"Sudeste",0,"350690",2,16,5,11,6,10,0,0,0,0,0,16,5,11,6,10,6,9.6941852674104,9.386056829718,0.329639397930712,29
"14072","SP","Bofete",11921,16223,35023,"Botucatu",3,"Sudeste",0,"350690",3,19,7,12,8,11,0,0,0,0,0,19,7,12,8,11,1,9.6941852674104,9.386056829718,0.417224810804927,31
"14073","SP","Bofete",11921,16223,35023,"Botucatu",3,"Sudeste",0,"350690",4,8,2,6,1,7,0,0,0,0,0,8,2,6,1,7,6,9.6941852674104,9.386056829718,0.467936088428276,30
"14074","SP","Bofete",11921,16223,35023,"Botucatu",3,"Sudeste",0,"350690",5,8,5,3,4,4,0,0,0,0,0,8,5,3,4,4,12,9.6941852674104,9.386056829718,0.488362855244925,31
"14075","SP","Bofete",11921,16223,35023,"Botucatu",3,"Sudeste",0,"350690",6,16,6,10,6,10,1,0,0,0,0,17,6,10,6,10,8,9.6941852674104,9.386056829718,0.474116697172017,30
"14076","SP","Bofete",11921,16223,35023,"Botucatu",3,"Sudeste",0,"350690",7,15,4,11,6,9,0,0,0,0,0,15,4,11,6,9,10,9.6941852674104,9.386056829718,0.454164220793981,29
"14077","SP","Boituva",62170,39829.36,35043,"Tatuí",3,"Sudeste",1,"350700",2,97,18,79,43,54,0,0,0,0,0,97,18,79,43,54,33,10.5923596077564,11.0376278472634,0.30317973225337,29
"14078","SP","Boituva",62170,39829.36,35043,"Tatuí",3,"Sudeste",1,"350700",3,96,19,77,27,69,1,0,0,0,0,97,19,77,27,69,21,10.5923596077564,11.0376278472634,0.398512411587936,31
"14079","SP","Boituva",62170,39829.36,35043,"Tatuí",3,"Sudeste",1,"350700",4,89,16,73,29,60,1,0,0,0,0,90,16,73,29,60,27,10.5923596077564,11.0376278472634,0.446622690198252,30
"14080","SP","Boituva",62170,39829.36,35043,"Tatuí",3,"Sudeste",1,"350700",5,75,10,65,22,53,0,0,0,0,0,75,10,65,22,53,33,10.5923596077564,11.0376278472634,0.415470320609716,31
"14081","SP","Boituva",62170,39829.36,35043,"Tatuí",3,"Sudeste",1,"350700",6,54,6,48,17,37,1,0,0,0,0,55,6,48,17,37,29,10.5923596077564,11.0376278472634,0.377039482282337,30
"14082","SP","Boituva",62170,39829.36,35043,"Tatuí",3,"Sudeste",1,"350700",7,69,13,56,23,46,0,0,0,0,0,69,13,56,23,46,28,10.5923596077564,11.0376278472634,0.3770010551851,29
"14083","SP","Bom Jesus dos Perdões",25985,36485.98,35048,"Bragança Paulista",3,"Sudeste",1,"350710",2,42,3,39,14,28,0,0,0,0,0,42,3,39,14,28,4,10.5046833561926,10.1652747274425,0.31912769616262,29
"14084","SP","Bom Jesus dos Perdões",25985,36485.98,35048,"Bragança Paulista",3,"Sudeste",1,"350710",3,49,7,42,17,32,0,0,0,0,0,49,7,42,17,32,7,10.5046833561926,10.1652747274425,0.406770125385871,31
"14085","SP","Bom Jesus dos Perdões",25985,36485.98,35048,"Bragança Paulista",3,"Sudeste",1,"350710",4,21,4,17,4,17,1,0,0,0,0,22,4,17,4,17,16,10.5046833561926,10.1652747274425,0.458330835676473,30
"14086","SP","Bom Jesus dos Perdões",25985,36485.98,35048,"Bragança Paulista",3,"Sudeste",1,"350710",5,24,5,19,12,12,0,0,0,0,0,24,5,19,12,12,17,10.5046833561926,10.1652747274425,0.438294512293055,31
"14087","SP","Bom Jesus dos Perdões",25985,36485.98,35048,"Bragança Paulista",3,"Sudeste",1,"350710",6,26,5,21,7,19,0,0,0,0,0,26,5,21,7,19,10,10.5046833561926,10.1652747274425,0.402516666023947,30
"14088","SP","Bom Jesus dos Perdões",25985,36485.98,35048,"Bragança Paulista",3,"Sudeste",1,"350710",7,32,4,28,11,21,0,0,0,0,0,32,4,28,11,21,16,10.5046833561926,10.1652747274425,0.394990669569034,29
"14089","SP","Boracéia",4868,80228.55,35021,"Jaú",3,"Sudeste",0,"350730",2,6,0,6,3,3,0,0,0,0,0,6,0,6,3,3,2,11.2926347155444,8.49043845410742,0.351621526985509,29
"14090","SP","Boracéia",4868,80228.55,35021,"Jaú",3,"Sudeste",0,"350730",3,8,3,5,3,5,0,0,0,0,0,8,3,5,3,5,2,11.2926347155444,8.49043845410742,0.43186420777784,31
"14091","SP","Boracéia",4868,80228.55,35021,"Jaú",3,"Sudeste",0,"350730",4,7,0,7,1,6,0,0,0,0,0,7,0,7,1,6,2,11.2926347155444,8.49043845410742,0.444346858652646,30
"14092","SP","Boracéia",4868,80228.55,35021,"Jaú",3,"Sudeste",0,"350730",5,10,2,8,4,6,0,0,0,0,0,10,2,8,4,6,2,11.2926347155444,8.49043845410742,0.405737947052615,31
"14093","SP","Boracéia",4868,80228.55,35021,"Jaú",3,"Sudeste",0,"350730",6,3,1,2,1,2,0,0,0,0,0,3,1,2,1,2,3,11.2926347155444,8.49043845410742,0.408144897164307,30
"14094","SP","Boracéia",4868,80228.55,35021,"Jaú",3,"Sudeste",0,"350730",7,8,0,8,1,7,0,0,0,0,0,8,0,8,1,7,2,11.2926347155444,8.49043845410742,0.417391423792086,29
"14095","SP","Borborema",16164,23374.91,35024,"Araraquara",3,"Sudeste",1,"350740",2,19,3,16,6,13,0,0,0,0,0,19,3,16,6,13,8,10.0594185038821,9.69054182619836,0.278995094975303,29
"14096","SP","Borborema",16164,23374.91,35024,"Araraquara",3,"Sudeste",1,"350740",3,23,6,17,13,10,0,0,0,0,0,23,6,17,13,10,14,10.0594185038821,9.69054182619836,0.357783150019167,31
"14097","SP","Borborema",16164,23374.91,35024,"Araraquara",3,"Sudeste",1,"350740",4,9,3,6,1,8,1,0,0,0,0,10,3,6,1,8,9,10.0594185038821,9.69054182619836,0.391240315154991,30
"14098","SP","Borborema",16164,23374.91,35024,"Araraquara",3,"Sudeste",1,"350740",5,10,3,7,4,6,0,0,0,0,0,10,3,7,4,6,6,10.0594185038821,9.69054182619836,0.364026147970896,31
"14099","SP","Borborema",16164,23374.91,35024,"Araraquara",3,"Sudeste",1,"350740",6,6,2,4,2,4,0,0,0,0,0,6,2,4,2,4,13,10.0594185038821,9.69054182619836,0.326092581736252,30
"14100","SP","Borborema",16164,23374.91,35024,"Araraquara",3,"Sudeste",1,"350740",7,11,4,7,2,9,0,0,0,0,0,11,4,7,2,9,9,10.0594185038821,9.69054182619836,0.326164507938228,29
"14101","SP","Botucatu",148130,31925.21,35023,"Botucatu",3,"Sudeste",1,"350750",2,236,33,203,71,165,0,0,0,0,0,236,33,203,71,165,89,10.3711512587961,11.9058455455761,0.303453362053688,29
"14102","SP","Botucatu",148130,31925.21,35023,"Botucatu",3,"Sudeste",1,"350750",3,228,49,179,81,147,5,0,0,0,0,233,49,179,81,147,93,10.3711512587961,11.9058455455761,0.404690067986004,31
"14103","SP","Botucatu",148130,31925.21,35023,"Botucatu",3,"Sudeste",1,"350750",4,166,28,138,65,101,2,0,0,0,0,168,28,138,65,101,78,10.3711512587961,11.9058455455761,0.478892880311156,30
"14104","SP","Botucatu",148130,31925.21,35023,"Botucatu",3,"Sudeste",1,"350750",5,151,20,131,56,95,1,0,0,0,0,152,20,131,56,95,99,10.3711512587961,11.9058455455761,0.434385179451978,31
"14105","SP","Botucatu",148130,31925.21,35023,"Botucatu",3,"Sudeste",1,"350750",6,155,35,120,42,113,3,0,0,0,0,158,35,120,42,113,92,10.3711512587961,11.9058455455761,0.398492323656066,30
"14106","SP","Botucatu",148130,31925.21,35023,"Botucatu",3,"Sudeste",1,"350750",7,146,21,125,51,95,3,0,0,0,0,149,21,125,51,95,94,10.3711512587961,11.9058455455761,0.390619520311478,29
"14107","SP","Bragança Paulista",170533,37813.45,35048,"Bragança Paulista",3,"Sudeste",1,"350760",2,320,39,281,100,220,0,0,0,0,0,320,39,281,100,220,75,10.5404201384245,12.0466841053647,0.304627987888721,29
"14108","SP","Bragança Paulista",170533,37813.45,35048,"Bragança Paulista",3,"Sudeste",1,"350760",3,330,48,282,108,222,1,0,0,0,0,331,48,282,108,222,105,10.5404201384245,12.0466841053647,0.409135060796171,31
"14109","SP","Bragança Paulista",170533,37813.45,35048,"Bragança Paulista",3,"Sudeste",1,"350760",4,183,26,157,43,140,1,0,0,0,0,184,26,157,43,140,92,10.5404201384245,12.0466841053647,0.472955364107545,30
"14110","SP","Bragança Paulista",170533,37813.45,35048,"Bragança Paulista",3,"Sudeste",1,"350760",5,194,26,168,59,135,0,0,0,0,0,194,26,168,59,135,96,10.5404201384245,12.0466841053647,0.435456089412355,31
"14111","SP","Bragança Paulista",170533,37813.45,35048,"Bragança Paulista",3,"Sudeste",1,"350760",6,185,28,157,50,135,1,0,0,0,0,186,28,157,50,135,103,10.5404201384245,12.0466841053647,0.404078217964436,30
"14112","SP","Bragança Paulista",170533,37813.45,35048,"Bragança Paulista",3,"Sudeste",1,"350760",7,164,22,142,54,110,1,0,0,0,0,165,22,142,54,110,135,10.5404201384245,12.0466841053647,0.398429106263149,29
"14113","SP","Braúna",5741,17435.66,35018,"Birigui",3,"Sudeste",1,"350770",2,9,0,9,3,6,0,0,0,0,0,9,0,9,3,6,3,9.76627281328286,8.65538869016764,0.297483052599661,29
"14114","SP","Braúna",5741,17435.66,35018,"Birigui",3,"Sudeste",1,"350770",3,7,1,6,4,3,0,0,0,0,0,7,1,6,4,3,6,9.76627281328286,8.65538869016764,0.388475103493545,31
"14115","SP","Braúna",5741,17435.66,35018,"Birigui",3,"Sudeste",1,"350770",4,6,0,6,1,5,0,0,0,0,0,6,0,6,1,5,7,9.76627281328286,8.65538869016764,0.398749166690975,30
"14116","SP","Braúna",5741,17435.66,35018,"Birigui",3,"Sudeste",1,"350770",5,11,1,10,3,8,0,0,0,0,0,11,1,10,3,8,4,9.76627281328286,8.65538869016764,0.371345474976636,31
"14117","SP","Braúna",5741,17435.66,35018,"Birigui",3,"Sudeste",1,"350770",6,7,2,5,2,5,0,0,0,0,0,7,2,5,2,5,4,9.76627281328286,8.65538869016764,0.329727637971531,30
"14118","SP","Braúna",5741,17435.66,35018,"Birigui",3,"Sudeste",1,"350770",7,7,3,4,3,4,0,0,0,0,0,7,3,4,3,4,10,9.76627281328286,8.65538869016764,0.362941001034624,29
"14119","SP","Brodowski",25277,27203.14,35014,"Ribeirão Preto",3,"Sudeste",1,"350780",2,44,14,30,14,30,1,0,0,0,0,45,14,30,14,30,11,10.2110876867977,10.1376501703328,0.296382540839969,29
"14120","SP","Brodowski",25277,27203.14,35014,"Ribeirão Preto",3,"Sudeste",1,"350780",3,31,9,22,11,20,0,0,0,0,0,31,9,22,11,20,14,10.2110876867977,10.1376501703328,0.373954794379021,31
"14121","SP","Brodowski",25277,27203.14,35014,"Ribeirão Preto",3,"Sudeste",1,"350780",4,32,8,24,9,23,0,0,0,0,0,32,8,24,9,23,17,10.2110876867977,10.1376501703328,0.412452772628481,30
"14122","SP","Brodowski",25277,27203.14,35014,"Ribeirão Preto",3,"Sudeste",1,"350780",5,32,11,21,11,21,0,0,0,0,0,32,11,21,11,21,18,10.2110876867977,10.1376501703328,0.363225202891322,31
"14123","SP","Brodowski",25277,27203.14,35014,"Ribeirão Preto",3,"Sudeste",1,"350780",6,26,7,19,10,16,1,0,0,0,0,27,7,19,10,16,18,10.2110876867977,10.1376501703328,0.336468618048653,30
"14124","SP","Brodowski",25277,27203.14,35014,"Ribeirão Preto",3,"Sudeste",1,"350780",7,23,8,15,7,16,1,0,0,0,0,24,8,15,7,16,22,10.2110876867977,10.1376501703328,0.346870783721294,29
"14125","SP","Brotas",24636,27225.67,35026,"Rio Claro",3,"Sudeste",1,"350790",2,38,6,32,10,28,1,0,0,0,0,39,6,32,10,28,16,10.211915557232,10.1119640668069,0.296763765239639,29
"14126","SP","Brotas",24636,27225.67,35026,"Rio Claro",3,"Sudeste",1,"350790",3,37,8,29,16,21,0,0,0,0,0,37,8,29,16,21,14,10.211915557232,10.1119640668069,0.373845009658491,31
"14127","SP","Brotas",24636,27225.67,35026,"Rio Claro",3,"Sudeste",1,"350790",4,27,4,23,12,15,0,0,0,0,0,27,4,23,12,15,16,10.211915557232,10.1119640668069,0.440071616917222,30
"14128","SP","Brotas",24636,27225.67,35026,"Rio Claro",3,"Sudeste",1,"350790",5,31,9,22,6,25,1,0,0,0,0,32,9,22,6,25,10,10.211915557232,10.1119640668069,0.402138911750838,31
"14129","SP","Brotas",24636,27225.67,35026,"Rio Claro",3,"Sudeste",1,"350790",6,32,8,24,10,22,0,0,0,0,0,32,8,24,10,22,19,10.211915557232,10.1119640668069,0.363532412062971,30
"14130","SP","Brotas",24636,27225.67,35026,"Rio Claro",3,"Sudeste",1,"350790",7,33,7,26,13,20,0,0,0,0,0,33,7,26,13,20,12,10.211915557232,10.1119640668069,0.370063234297027,29
"14131","SP","Buri",19965,20905.86,35041,"Itapeva",3,"Sudeste",1,"350800",2,32,12,20,13,19,0,0,0,0,0,32,12,20,13,19,11,9.94778478142812,9.90173601949732,0.360390402937043,29
"14132","SP","Buri",19965,20905.86,35041,"Itapeva",3,"Sudeste",1,"350800",3,54,24,30,19,35,0,0,0,0,0,54,24,30,19,35,10,9.94778478142812,9.90173601949732,0.42701985423457,31
"14133","SP","Buri",19965,20905.86,35041,"Itapeva",3,"Sudeste",1,"350800",4,29,12,17,15,14,0,0,0,0,0,29,12,17,15,14,7,9.94778478142812,9.90173601949732,0.45038061359993,30
"14134","SP","Buri",19965,20905.86,35041,"Itapeva",3,"Sudeste",1,"350800",5,27,5,22,12,15,1,0,0,0,0,28,5,22,12,15,12,9.94778478142812,9.90173601949732,0.435655285516486,31
"14135","SP","Buri",19965,20905.86,35041,"Itapeva",3,"Sudeste",1,"350800",6,21,9,12,8,13,0,0,0,0,0,21,9,12,8,13,13,9.94778478142812,9.90173601949732,0.431045075394487,30
"14136","SP","Buri",19965,20905.86,35041,"Itapeva",3,"Sudeste",1,"350800",7,22,2,20,12,10,0,0,0,0,0,22,2,20,12,10,13,9.94778478142812,9.90173601949732,0.406969506976074,29
"14137","SP","Buritama",17281,37385.31,35018,"Birigui",3,"Sudeste",1,"350810",2,20,2,18,8,12,0,0,0,0,0,20,2,18,8,12,12,10.5290331254954,9.75736291105399,0.304510565028887,29
"14138","SP","Buritama",17281,37385.31,35018,"Birigui",3,"Sudeste",1,"350810",3,33,3,30,13,20,0,0,0,0,0,33,3,30,13,20,14,10.5290331254954,9.75736291105399,0.369009914959276,31
"14139","SP","Buritama",17281,37385.31,35018,"Birigui",3,"Sudeste",1,"350810",4,18,3,15,5,13,0,0,0,0,0,18,3,15,5,13,11,10.5290331254954,9.75736291105399,0.395617659128751,30
"14140","SP","Buritama",17281,37385.31,35018,"Birigui",3,"Sudeste",1,"350810",5,17,4,13,3,14,0,0,0,0,0,17,4,13,3,14,21,10.5290331254954,9.75736291105399,0.370790955472483,31
"14141","SP","Buritama",17281,37385.31,35018,"Birigui",3,"Sudeste",1,"350810",6,16,2,14,7,9,0,0,0,0,0,16,2,14,7,9,19,10.5290331254954,9.75736291105399,0.340821673865417,30
"14142","SP","Buritama",17281,37385.31,35018,"Birigui",3,"Sudeste",1,"350810",7,15,1,14,5,10,0,0,0,0,0,15,1,14,5,10,19,10.5290331254954,9.75736291105399,0.362773245202963,29
"14143","SP","Cabrália Paulista",4243,19260.49,35020,"Bauru",3,"Sudeste",0,"350830",2,10,4,6,8,2,0,0,0,0,0,10,4,6,8,2,5,9.86581112635767,8.35302584520232,0.301992290880669,29
"14144","SP","Cabrália Paulista",4243,19260.49,35020,"Bauru",3,"Sudeste",0,"350830",3,6,2,4,3,3,0,0,0,0,0,6,2,4,3,3,4,9.86581112635767,8.35302584520232,0.403189987597681,31
"14145","SP","Cabrália Paulista",4243,19260.49,35020,"Bauru",3,"Sudeste",0,"350830",4,6,1,5,4,2,0,0,0,0,0,6,1,5,4,2,4,9.86581112635767,8.35302584520232,0.445625842256309,30
"14146","SP","Cabrália Paulista",4243,19260.49,35020,"Bauru",3,"Sudeste",0,"350830",5,4,0,4,1,3,0,0,0,0,0,4,0,4,1,3,5,9.86581112635767,8.35302584520232,0.409195782324485,31
"14147","SP","Cabrália Paulista",4243,19260.49,35020,"Bauru",3,"Sudeste",0,"350830",6,2,0,2,1,1,0,0,0,0,0,2,0,2,1,1,6,9.86581112635767,8.35302584520232,0.361475597117435,30
"14148","SP","Cabrália Paulista",4243,19260.49,35020,"Bauru",3,"Sudeste",0,"350830",7,5,1,4,3,2,0,0,0,0,0,5,1,4,3,2,4,9.86581112635767,8.35302584520232,0.365941803013243,29
"14149","SP","Cabreúva",50429,95518.16,35046,"Sorocaba",3,"Sudeste",1,"350840",2,112,17,95,44,68,0,0,0,0,0,112,17,95,44,68,25,11.4670716654593,10.8283216854076,0.315538398204293,29
"14150","SP","Cabreúva",50429,95518.16,35046,"Sorocaba",3,"Sudeste",1,"350840",3,96,19,77,33,63,0,0,0,0,0,96,19,77,33,63,12,11.4670716654593,10.8283216854076,0.403414712672565,31
"14151","SP","Cabreúva",50429,95518.16,35046,"Sorocaba",3,"Sudeste",1,"350840",4,80,19,61,33,47,0,0,0,0,0,80,19,61,33,47,21,11.4670716654593,10.8283216854076,0.452239951320567,30
"14152","SP","Cabreúva",50429,95518.16,35046,"Sorocaba",3,"Sudeste",1,"350840",5,64,7,57,17,47,0,0,0,0,0,64,7,57,17,47,26,11.4670716654593,10.8283216854076,0.429886024023345,31
"14153","SP","Cabreúva",50429,95518.16,35046,"Sorocaba",3,"Sudeste",1,"350840",6,81,11,70,29,52,0,0,0,0,0,81,11,70,29,52,39,11.4670716654593,10.8283216854076,0.417297528395203,30
"14154","SP","Cabreúva",50429,95518.16,35046,"Sorocaba",3,"Sudeste",1,"350840",7,76,7,69,32,44,0,0,0,0,0,76,7,69,32,44,39,11.4670716654593,10.8283216854076,0.402816874960376,29
"14155","SP","Caçapava",95018,46192.5,35050,"São José dos Campos",3,"Sudeste",1,"350850",2,174,22,152,47,127,1,0,0,0,0,175,22,152,47,127,44,10.7405727262293,11.461821626319,0.297222353187608,29
"14156","SP","Caçapava",95018,46192.5,35050,"São José dos Campos",3,"Sudeste",1,"350850",3,172,29,143,53,119,1,0,0,0,0,173,29,143,53,119,50,10.7405727262293,11.461821626319,0.406251645017929,31
"14157","SP","Caçapava",95018,46192.5,35050,"São José dos Campos",3,"Sudeste",1,"350850",4,113,16,97,39,74,0,0,0,0,0,113,16,97,39,74,48,10.7405727262293,11.461821626319,0.468437013245193,30
"14158","SP","Caçapava",95018,46192.5,35050,"São José dos Campos",3,"Sudeste",1,"350850",5,114,13,101,39,75,0,0,0,0,0,114,13,101,39,75,57,10.7405727262293,11.461821626319,0.418117995195614,31
"14159","SP","Caçapava",95018,46192.5,35050,"São José dos Campos",3,"Sudeste",1,"350850",6,105,12,93,28,77,1,0,0,0,0,106,12,93,28,77,70,10.7405727262293,11.461821626319,0.387633413136401,30
"14160","SP","Caçapava",95018,46192.5,35050,"São José dos Campos",3,"Sudeste",1,"350850",7,98,16,82,36,62,0,0,0,0,0,98,16,82,36,62,68,10.7405727262293,11.461821626319,0.386243332089187,29
"14161","SP","Cachoeira Paulista",33581,18401.78,35051,"Guaratinguetá",3,"Sudeste",1,"350860",2,49,7,42,15,34,0,0,0,0,0,49,7,42,15,34,17,9.82020267804858,10.4217157098189,0.333930975460049,29
"14162","SP","Cachoeira Paulista",33581,18401.78,35051,"Guaratinguetá",3,"Sudeste",1,"350860",3,43,5,38,15,28,0,0,0,0,0,43,5,38,15,28,31,9.82020267804858,10.4217157098189,0.438826381678792,31
"14163","SP","Cachoeira Paulista",33581,18401.78,35051,"Guaratinguetá",3,"Sudeste",1,"350860",4,31,4,27,10,21,0,0,0,0,0,31,4,27,10,21,17,9.82020267804858,10.4217157098189,0.497893242181289,30
"14164","SP","Cachoeira Paulista",33581,18401.78,35051,"Guaratinguetá",3,"Sudeste",1,"350860",5,35,4,31,11,24,0,0,0,0,0,35,4,31,11,24,21,9.82020267804858,10.4217157098189,0.446606835078408,31
"14165","SP","Cachoeira Paulista",33581,18401.78,35051,"Guaratinguetá",3,"Sudeste",1,"350860",6,32,5,27,14,18,0,0,0,0,0,32,5,27,14,18,19,9.82020267804858,10.4217157098189,0.418731941083119,30
"14166","SP","Cachoeira Paulista",33581,18401.78,35051,"Guaratinguetá",3,"Sudeste",1,"350860",7,28,6,22,6,22,0,0,0,0,0,28,6,22,6,22,28,9.82020267804858,10.4217157098189,0.417056555711196,29
"14167","SP","Caconde",19009,18846.16,35030,"São João da Boa Vista",3,"Sudeste",0,"350870",2,31,5,26,14,17,0,0,0,0,0,31,5,26,14,17,15,9.84406445859589,9.85266783020615,0.330122274124872,29
"14168","SP","Caconde",19009,18846.16,35030,"São João da Boa Vista",3,"Sudeste",0,"350870",3,22,6,16,5,17,0,0,0,0,0,22,6,16,5,17,11,9.84406445859589,9.85266783020615,0.416739217305446,31
"14169","SP","Caconde",19009,18846.16,35030,"São João da Boa Vista",3,"Sudeste",0,"350870",4,13,1,12,3,10,0,0,0,0,0,13,1,12,3,10,13,9.84406445859589,9.85266783020615,0.453189310614348,30
"14170","SP","Caconde",19009,18846.16,35030,"São João da Boa Vista",3,"Sudeste",0,"350870",5,23,6,17,13,10,0,0,0,0,0,23,6,17,13,10,7,9.84406445859589,9.85266783020615,0.435286799926208,31
"14171","SP","Caconde",19009,18846.16,35030,"São João da Boa Vista",3,"Sudeste",0,"350870",6,19,6,13,5,14,0,0,0,0,0,19,6,13,5,14,12,9.84406445859589,9.85266783020615,0.422004485002768,30
"14172","SP","Caconde",19009,18846.16,35030,"São João da Boa Vista",3,"Sudeste",0,"350870",7,20,5,15,8,12,0,0,0,0,0,20,5,15,8,12,9,9.84406445859589,9.85266783020615,0.431542160723132,29
"14173","SP","Cafelândia",17843,28550.67,35019,"Lins",3,"Sudeste",1,"350880",2,26,6,20,8,18,0,0,0,0,0,26,6,20,8,18,16,10.2594356824095,9.78936655343143,0.300136640017131,29
"14174","SP","Cafelândia",17843,28550.67,35019,"Lins",3,"Sudeste",1,"350880",3,35,8,27,13,22,0,0,0,0,0,35,8,27,13,22,14,10.2594356824095,9.78936655343143,0.375210902518683,31
"14175","SP","Cafelândia",17843,28550.67,35019,"Lins",3,"Sudeste",1,"350880",4,16,4,12,5,11,0,0,0,0,0,16,4,12,5,11,14,10.2594356824095,9.78936655343143,0.419934330180135,30
"14176","SP","Cafelândia",17843,28550.67,35019,"Lins",3,"Sudeste",1,"350880",5,22,2,20,11,11,0,0,0,0,0,22,2,20,11,11,12,10.2594356824095,9.78936655343143,0.397918707660097,31
"14177","SP","Cafelândia",17843,28550.67,35019,"Lins",3,"Sudeste",1,"350880",6,22,3,19,6,16,0,0,0,0,0,22,3,19,6,16,14,10.2594356824095,9.78936655343143,0.360417491206329,30
"14178","SP","Cafelândia",17843,28550.67,35019,"Lins",3,"Sudeste",1,"350880",7,14,2,12,4,10,0,0,0,0,0,14,2,12,4,10,12,10.2594356824095,9.78936655343143,0.365566225537719,29
"14179","SP","Caieiras",102775,35517.31,35058,"Franco da Rocha",3,"Sudeste",1,"350900",2,182,17,165,60,122,0,0,0,0,0,182,17,165,60,122,45,10.4777754622563,11.5402974117661,0.300037635482226,29
"14180","SP","Caieiras",102775,35517.31,35058,"Franco da Rocha",3,"Sudeste",1,"350900",3,179,22,157,62,117,0,0,0,0,0,179,22,157,62,117,44,10.4777754622563,11.5402974117661,0.407562259118462,31
"14181","SP","Caieiras",102775,35517.31,35058,"Franco da Rocha",3,"Sudeste",1,"350900",4,131,8,123,51,80,1,0,0,0,0,132,8,123,51,80,68,10.4777754622563,11.5402974117661,0.49432969490801,30
"14182","SP","Caieiras",102775,35517.31,35058,"Franco da Rocha",3,"Sudeste",1,"350900",5,122,15,107,51,71,1,0,0,0,0,123,15,107,51,71,59,10.4777754622563,11.5402974117661,0.470536980846473,31
"14183","SP","Caieiras",102775,35517.31,35058,"Franco da Rocha",3,"Sudeste",1,"350900",6,117,15,102,32,85,3,0,0,0,0,120,15,102,32,85,59,10.4777754622563,11.5402974117661,0.418015414922409,30
"14184","SP","Caieiras",102775,35517.31,35058,"Franco da Rocha",3,"Sudeste",1,"350900",7,107,15,92,26,81,0,0,0,0,0,107,15,92,26,81,70,10.4777754622563,11.5402974117661,0.401883258311273,29
"14185","SP","Cajamar",77934,224359.59,35057,"Osasco",3,"Sudeste",1,"350920",2,201,29,172,55,146,0,0,0,0,0,201,29,172,55,146,29,12.3210053562004,11.2636175936353,0.273058392181122,29
"14186","SP","Cajamar",77934,224359.59,35057,"Osasco",3,"Sudeste",1,"350920",3,204,28,176,62,142,1,0,0,0,0,205,28,176,62,142,38,12.3210053562004,11.2636175936353,0.373471683141708,31
"14187","SP","Cajamar",77934,224359.59,35057,"Osasco",3,"Sudeste",1,"350920",4,123,14,109,32,91,0,0,0,0,0,123,14,109,32,91,37,12.3210053562004,11.2636175936353,0.458711494112005,30
"14188","SP","Cajamar",77934,224359.59,35057,"Osasco",3,"Sudeste",1,"350920",5,112,14,98,31,81,0,0,0,0,0,112,14,98,31,81,51,12.3210053562004,11.2636175936353,0.432849927906822,31
"14189","SP","Cajamar",77934,224359.59,35057,"Osasco",3,"Sudeste",1,"350920",6,93,15,78,22,71,1,0,0,0,0,94,15,78,22,71,52,12.3210053562004,11.2636175936353,0.39142062616208,30
"14190","SP","Cajamar",77934,224359.59,35057,"Osasco",3,"Sudeste",1,"350920",7,131,17,114,35,96,0,0,0,0,0,131,17,114,35,96,50,12.3210053562004,11.2636175936353,0.375225693994826,29
"14191","SP","Cajati",28494,50776.98,35055,"Registro",3,"Sudeste",0,"350925",2,60,14,46,22,38,0,0,0,0,0,60,14,46,22,38,15,10.835198381257,10.2574488177772,0.345112542536613,29
"14192","SP","Cajati",28494,50776.98,35055,"Registro",3,"Sudeste",0,"350925",3,61,12,49,21,40,0,0,0,0,0,61,12,49,21,40,16,10.835198381257,10.2574488177772,0.439675702458187,31
"14193","SP","Cajati",28494,50776.98,35055,"Registro",3,"Sudeste",0,"350925",4,35,10,25,18,17,0,0,0,0,0,35,10,25,18,17,16,10.835198381257,10.2574488177772,0.471870550002221,30
"14194","SP","Cajati",28494,50776.98,35055,"Registro",3,"Sudeste",0,"350925",5,32,3,29,12,20,0,0,0,0,0,32,3,29,12,20,19,10.835198381257,10.2574488177772,0.427176546723394,31
"14195","SP","Cajati",28494,50776.98,35055,"Registro",3,"Sudeste",0,"350925",6,35,7,28,11,24,0,0,0,0,0,35,7,28,11,24,24,10.835198381257,10.2574488177772,0.422612765287591,30
"14196","SP","Cajati",28494,50776.98,35055,"Registro",3,"Sudeste",0,"350925",7,31,10,21,17,14,0,0,0,0,0,31,10,21,17,14,26,10.835198381257,10.2574488177772,0.454569038134179,29
"14197","SP","Cajobi",10596,14873.72,35005,"Catanduva",3,"Sudeste",0,"350930",2,15,4,11,5,10,0,0,0,0,0,15,4,11,5,10,7,9.60735117629111,9.26823185039196,0.318810680743667,29
"14198","SP","Cajobi",10596,14873.72,35005,"Catanduva",3,"Sudeste",0,"350930",3,14,4,10,8,6,0,0,0,0,0,14,4,10,8,6,8,9.60735117629111,9.26823185039196,0.406052559995861,31
"14199","SP","Cajobi",10596,14873.72,35005,"Catanduva",3,"Sudeste",0,"350930",4,7,3,4,1,6,1,0,0,0,0,8,3,4,1,6,4,9.60735117629111,9.26823185039196,0.427711544816656,30
"14200","SP","Cajobi",10596,14873.72,35005,"Catanduva",3,"Sudeste",0,"350930",5,10,3,7,5,5,0,0,0,0,0,10,3,7,5,5,11,9.60735117629111,9.26823185039196,0.39709534559122,31
"14201","SP","Cajobi",10596,14873.72,35005,"Catanduva",3,"Sudeste",0,"350930",6,6,1,5,2,4,0,0,0,0,0,6,1,5,2,4,2,9.60735117629111,9.26823185039196,0.379363005562343,30
"14202","SP","Cajobi",10596,14873.72,35005,"Catanduva",3,"Sudeste",0,"350930",7,5,1,4,1,4,0,0,0,0,0,5,1,4,1,4,7,9.60735117629111,9.26823185039196,0.402222876699917,29
"14203","SP","Cajuru",26393,22061.52,35015,"Batatais",3,"Sudeste",1,"350940",2,35,4,31,12,23,0,0,0,0,0,35,4,31,12,23,14,10.0015901934256,10.1808541024604,0.317175766134156,29
"14204","SP","Cajuru",26393,22061.52,35015,"Batatais",3,"Sudeste",1,"350940",3,40,8,32,19,21,0,0,0,0,0,40,8,32,19,21,13,10.0015901934256,10.1808541024604,0.391356337387366,31
"14205","SP","Cajuru",26393,22061.52,35015,"Batatais",3,"Sudeste",1,"350940",4,22,6,16,11,11,0,0,0,0,0,22,6,16,11,11,12,10.0015901934256,10.1808541024604,0.421163644573035,30
"14206","SP","Cajuru",26393,22061.52,35015,"Batatais",3,"Sudeste",1,"350940",5,28,3,25,12,16,1,0,0,0,0,29,3,25,12,16,13,10.0015901934256,10.1808541024604,0.410035540838873,31
"14207","SP","Cajuru",26393,22061.52,35015,"Batatais",3,"Sudeste",1,"350940",6,37,7,30,15,22,2,0,0,0,0,39,7,30,15,22,16,10.0015901934256,10.1808541024604,0.376066272579001,30
"14208","SP","Cajuru",26393,22061.52,35015,"Batatais",3,"Sudeste",1,"350940",7,21,2,19,8,13,0,0,0,0,0,21,2,19,8,13,19,10.0015901934256,10.1808541024604,0.381218927322283,29
"14209","SP","Campina do Monte Alegre",6057,18135.71,35042,"Itapetininga",3,"Sudeste",0,"350945",2,8,0,8,3,5,0,0,0,0,0,8,0,8,3,5,2,9.80563820176397,8.70896990698095,0.33941899203368,29
"14210","SP","Campina do Monte Alegre",6057,18135.71,35042,"Itapetininga",3,"Sudeste",0,"350945",3,9,1,8,4,5,0,0,0,0,0,9,1,8,4,5,2,9.80563820176397,8.70896990698095,0.411290123044549,31
"14211","SP","Campina do Monte Alegre",6057,18135.71,35042,"Itapetininga",3,"Sudeste",0,"350945",4,9,4,5,4,5,0,0,0,0,0,9,4,5,4,5,3,9.80563820176397,8.70896990698095,0.442857288327802,30
"14212","SP","Campina do Monte Alegre",6057,18135.71,35042,"Itapetininga",3,"Sudeste",0,"350945",5,4,0,4,2,2,0,0,0,0,0,4,0,4,2,2,3,9.80563820176397,8.70896990698095,0.417525154791057,31
"14213","SP","Campina do Monte Alegre",6057,18135.71,35042,"Itapetininga",3,"Sudeste",0,"350945",6,5,0,5,2,3,0,0,0,0,0,5,0,5,2,3,5,9.80563820176397,8.70896990698095,0.413712230764951,30
"14214","SP","Campina do Monte Alegre",6057,18135.71,35042,"Itapetininga",3,"Sudeste",0,"350945",7,4,0,4,2,2,0,0,0,0,0,4,0,4,2,2,2,9.80563820176397,8.70896990698095,0.414695482551785,29
"14215","SP","Campinas",1213792,51417.44,35032,"Campinas",3,"Sudeste",1,"350950",2,1929,262,1667,565,1364,3,0,0,0,0,1932,262,1667,565,1364,529,10.8477326935051,14.0092599014905,0.277223228185247,29
"14216","SP","Campinas",1213792,51417.44,35032,"Campinas",3,"Sudeste",1,"350950",3,1981,249,1732,559,1422,4,0,0,0,0,1985,249,1732,559,1422,694,10.8477326935051,14.0092599014905,0.392790333187556,31
"14217","SP","Campinas",1213792,51417.44,35032,"Campinas",3,"Sudeste",1,"350950",4,1244,192,1052,357,887,4,0,0,0,0,1248,192,1052,357,887,602,10.8477326935051,14.0092599014905,0.476892207744692,30
"14218","SP","Campinas",1213792,51417.44,35032,"Campinas",3,"Sudeste",1,"350950",5,1157,181,976,327,830,5,0,0,0,0,1162,181,976,327,830,694,10.8477326935051,14.0092599014905,0.438082191952141,31
"14219","SP","Campinas",1213792,51417.44,35032,"Campinas",3,"Sudeste",1,"350950",6,1123,185,938,302,821,3,0,0,0,0,1126,185,938,302,821,885,10.8477326935051,14.0092599014905,0.39889677347423,30
"14220","SP","Campinas",1213792,51417.44,35032,"Campinas",3,"Sudeste",1,"350950",7,1179,179,1000,359,820,3,0,0,0,0,1182,179,1000,359,820,968,10.8477326935051,14.0092599014905,0.396803374993887,29
"14221","SP","Campo Limpo Paulista",85541,25211.06,35047,"Jundiaí",3,"Sudeste",1,"350960",2,110,15,95,32,78,0,0,0,0,0,110,15,95,32,78,37,10.1350380661048,11.3567510721498,0.314024224078656,29
"14222","SP","Campo Limpo Paulista",85541,25211.06,35047,"Jundiaí",3,"Sudeste",1,"350960",3,131,16,115,39,92,0,0,0,0,0,131,16,115,39,92,37,10.1350380661048,11.3567510721498,0.411009361563606,31
"14223","SP","Campo Limpo Paulista",85541,25211.06,35047,"Jundiaí",3,"Sudeste",1,"350960",4,91,11,80,35,56,1,0,0,0,0,92,11,80,35,56,43,10.1350380661048,11.3567510721498,0.480443005447099,30
"14224","SP","Campo Limpo Paulista",85541,25211.06,35047,"Jundiaí",3,"Sudeste",1,"350960",5,75,9,66,31,44,2,0,0,0,0,77,9,66,31,44,53,10.1350380661048,11.3567510721498,0.44642497020149,31
"14225","SP","Campo Limpo Paulista",85541,25211.06,35047,"Jundiaí",3,"Sudeste",1,"350960",6,84,9,75,31,53,0,0,0,0,0,84,9,75,31,53,48,10.1350380661048,11.3567510721498,0.411394018179521,30
"14226","SP","Campo Limpo Paulista",85541,25211.06,35047,"Jundiaí",3,"Sudeste",1,"350960",7,69,10,59,17,52,1,0,0,0,0,70,10,59,17,52,54,10.1350380661048,11.3567510721498,0.40165682263984,29
"14227","SP","Campos do Jordão",52405,24107.48,35049,"Campos do Jordão",3,"Sudeste",1,"350970",2,79,15,64,26,53,0,0,0,0,0,79,15,64,26,53,25,10.0902774447669,10.8667572856043,0.306901112133353,29
"14228","SP","Campos do Jordão",52405,24107.48,35049,"Campos do Jordão",3,"Sudeste",1,"350970",3,101,26,75,37,64,1,0,0,0,0,102,26,75,37,64,32,10.0902774447669,10.8667572856043,0.408075286814263,31
"14229","SP","Campos do Jordão",52405,24107.48,35049,"Campos do Jordão",3,"Sudeste",1,"350970",4,66,16,50,26,40,0,0,0,0,0,66,16,50,26,40,19,10.0902774447669,10.8667572856043,0.462399309480393,30
"14230","SP","Campos do Jordão",52405,24107.48,35049,"Campos do Jordão",3,"Sudeste",1,"350970",5,54,16,38,21,33,0,0,0,0,0,54,16,38,21,33,29,10.0902774447669,10.8667572856043,0.43045946067188,31
"14231","SP","Campos do Jordão",52405,24107.48,35049,"Campos do Jordão",3,"Sudeste",1,"350970",6,49,7,42,23,26,0,0,0,0,0,49,7,42,23,26,32,10.0902774447669,10.8667572856043,0.403523575322702,30
"14232","SP","Campos do Jordão",52405,24107.48,35049,"Campos do Jordão",3,"Sudeste",1,"350970",7,77,17,60,28,49,1,0,0,0,0,78,17,60,28,49,36,10.0902774447669,10.8667572856043,0.38136113111975,29
"14233","SP","Cananéia",12541,23977.74,35055,"Registro",3,"Sudeste",0,"350990",2,24,7,17,13,11,0,0,0,0,0,24,7,17,13,11,9,10.0848811789358,9.43675855582405,0.312926147272288,29
"14234","SP","Cananéia",12541,23977.74,35055,"Registro",3,"Sudeste",0,"350990",3,20,5,15,9,11,0,0,0,0,0,20,5,15,9,11,8,10.0848811789358,9.43675855582405,0.437347124922594,31
"14235","SP","Cananéia",12541,23977.74,35055,"Registro",3,"Sudeste",0,"350990",4,9,2,7,5,4,0,0,0,0,0,9,2,7,5,4,14,10.0848811789358,9.43675855582405,0.499031692781263,30
"14236","SP","Cananéia",12541,23977.74,35055,"Registro",3,"Sudeste",0,"350990",5,19,5,14,6,13,0,0,0,0,0,19,5,14,6,13,10,10.0848811789358,9.43675855582405,0.488082880646877,31
"14237","SP","Cananéia",12541,23977.74,35055,"Registro",3,"Sudeste",0,"350990",6,18,2,16,11,7,0,0,0,0,0,18,2,16,11,7,12,10.0848811789358,9.43675855582405,0.489682636682469,30
"14238","SP","Cananéia",12541,23977.74,35055,"Registro",3,"Sudeste",0,"350990",7,17,4,13,6,11,0,0,0,0,0,17,4,13,6,11,14,10.0848811789358,9.43675855582405,0.449233465816928,29
"14239","SP","Canas",5204,20623.06,35051,"Guaratinguetá",3,"Sudeste",1,"350995",2,8,0,8,2,6,0,0,0,0,0,8,0,8,2,6,3,9.93416514617284,8.5571828396324,0.284769388037138,29
"14240","SP","Canas",5204,20623.06,35051,"Guaratinguetá",3,"Sudeste",1,"350995",3,9,3,6,3,6,0,0,0,0,0,9,3,6,3,6,2,9.93416514617284,8.5571828396324,0.37988038157205,31
"14241","SP","Canas",5204,20623.06,35051,"Guaratinguetá",3,"Sudeste",1,"350995",4,11,3,8,6,5,0,0,0,0,0,11,3,8,6,5,2,9.93416514617284,8.5571828396324,0.401322532931347,30
"14242","SP","Canas",5204,20623.06,35051,"Guaratinguetá",3,"Sudeste",1,"350995",5,7,2,5,6,1,0,0,0,0,0,7,2,5,6,1,5,9.93416514617284,8.5571828396324,0.390987845357251,31
"14243","SP","Canas",5204,20623.06,35051,"Guaratinguetá",3,"Sudeste",1,"350995",6,7,0,7,3,4,0,0,0,0,0,7,0,7,3,4,7,9.93416514617284,8.5571828396324,0.38445929484617,30
"14244","SP","Canas",5204,20623.06,35051,"Guaratinguetá",3,"Sudeste",1,"350995",7,9,1,8,3,6,0,0,0,0,0,9,1,8,3,6,2,9.93416514617284,8.5571828396324,0.39253748045406,29
"14245","SP","Cândido Mota",31346,37372.6,35039,"Assis",3,"Sudeste",1,"351000",2,53,4,49,19,34,1,0,0,0,0,54,4,49,19,34,19,10.5286930945844,10.352841946214,0.309352776031323,29
"14246","SP","Cândido Mota",31346,37372.6,35039,"Assis",3,"Sudeste",1,"351000",3,47,3,44,18,29,0,0,0,0,0,47,3,44,18,29,25,10.5286930945844,10.352841946214,0.406464152450331,31
"14247","SP","Cândido Mota",31346,37372.6,35039,"Assis",3,"Sudeste",1,"351000",4,33,1,32,14,19,0,0,0,0,0,33,1,32,14,19,22,10.5286930945844,10.352841946214,0.43558845975257,30
"14248","SP","Cândido Mota",31346,37372.6,35039,"Assis",3,"Sudeste",1,"351000",5,29,2,27,10,19,0,0,0,0,0,29,2,27,10,19,18,10.5286930945844,10.352841946214,0.419250731285146,31
"14249","SP","Cândido Mota",31346,37372.6,35039,"Assis",3,"Sudeste",1,"351000",6,29,4,25,6,23,1,0,0,0,0,30,4,25,6,23,34,10.5286930945844,10.352841946214,0.382984735303255,30
"14250","SP","Cândido Mota",31346,37372.6,35039,"Assis",3,"Sudeste",1,"351000",7,28,3,25,8,20,0,0,0,0,0,28,3,25,8,20,23,10.5286930945844,10.352841946214,0.37594822999855,29
"14251","SP","Canitar",5292,36713.02,35040,"Ourinhos",3,"Sudeste",1,"351015",2,21,3,18,11,10,0,0,0,0,0,21,3,18,11,10,0,10.5108867395196,8.57395152523485,0.353238833407378,29
"14252","SP","Canitar",5292,36713.02,35040,"Ourinhos",3,"Sudeste",1,"351015",3,11,2,9,5,6,0,0,0,0,0,11,2,9,5,6,3,10.5108867395196,8.57395152523485,0.448211766361985,31
"14253","SP","Canitar",5292,36713.02,35040,"Ourinhos",3,"Sudeste",1,"351015",4,5,2,3,2,3,0,0,0,0,0,5,2,3,2,3,7,10.5108867395196,8.57395152523485,0.492011670115323,30
"14254","SP","Canitar",5292,36713.02,35040,"Ourinhos",3,"Sudeste",1,"351015",5,6,1,5,1,5,0,0,0,0,0,6,1,5,1,5,2,10.5108867395196,8.57395152523485,0.467237056324665,31
"14255","SP","Canitar",5292,36713.02,35040,"Ourinhos",3,"Sudeste",1,"351015",6,10,1,9,1,9,0,0,0,0,0,10,1,9,1,9,3,10.5108867395196,8.57395152523485,0.434931113799808,30
"14256","SP","Canitar",5292,36713.02,35040,"Ourinhos",3,"Sudeste",1,"351015",7,10,2,8,3,7,0,0,0,0,0,10,2,8,3,7,2,10.5108867395196,8.57395152523485,0.407332664449172,29
"14257","SP","Capão Bonito",47118,19221.42,35044,"Capão Bonito",3,"Sudeste",1,"351020",2,85,12,73,34,51,1,0,0,0,0,86,12,73,34,51,28,9.86378056116876,10.7604103726029,0.310401126886369,29
"14258","SP","Capão Bonito",47118,19221.42,35044,"Capão Bonito",3,"Sudeste",1,"351020",3,112,20,92,48,64,1,0,0,0,0,113,20,92,48,64,33,9.86378056116876,10.7604103726029,0.402935213449368,31
"14259","SP","Capão Bonito",47118,19221.42,35044,"Capão Bonito",3,"Sudeste",1,"351020",4,51,11,40,21,30,0,0,0,0,0,51,11,40,21,30,24,9.86378056116876,10.7604103726029,0.443829744326743,30
"14260","SP","Capão Bonito",47118,19221.42,35044,"Capão Bonito",3,"Sudeste",1,"351020",5,60,19,41,17,43,0,0,0,0,0,60,19,41,17,43,25,9.86378056116876,10.7604103726029,0.418778102730178,31
"14261","SP","Capão Bonito",47118,19221.42,35044,"Capão Bonito",3,"Sudeste",1,"351020",6,71,13,58,24,47,0,0,0,0,0,71,13,58,24,47,30,9.86378056116876,10.7604103726029,0.397438203270746,30
"14262","SP","Capão Bonito",47118,19221.42,35044,"Capão Bonito",3,"Sudeste",1,"351020",7,51,14,37,14,37,0,0,0,0,0,51,14,37,14,37,43,9.86378056116876,10.7604103726029,0.40572805636411,29
"14263","SP","Capela do Alto",20985,13344.01,35046,"Sorocaba",3,"Sudeste",0,"351030",2,45,12,33,20,25,0,0,0,0,0,45,12,33,20,25,9,9.49882287399873,9.95156317576769,0.29178582589236,29
"14264","SP","Capela do Alto",20985,13344.01,35046,"Sorocaba",3,"Sudeste",0,"351030",3,40,6,34,10,30,0,0,0,0,0,40,6,34,10,30,12,9.49882287399873,9.95156317576769,0.368569107649367,31
"14265","SP","Capela do Alto",20985,13344.01,35046,"Sorocaba",3,"Sudeste",0,"351030",4,27,3,24,14,13,0,0,0,0,0,27,3,24,14,13,13,9.49882287399873,9.95156317576769,0.400338627041895,30
"14266","SP","Capela do Alto",20985,13344.01,35046,"Sorocaba",3,"Sudeste",0,"351030",5,30,2,28,12,18,0,0,0,0,0,30,2,28,12,18,9,9.49882287399873,9.95156317576769,0.381242873794897,31
"14267","SP","Capela do Alto",20985,13344.01,35046,"Sorocaba",3,"Sudeste",0,"351030",6,34,6,28,16,18,2,0,0,0,0,36,6,28,16,18,8,9.49882287399873,9.95156317576769,0.348513102673401,30
"14268","SP","Capela do Alto",20985,13344.01,35046,"Sorocaba",3,"Sudeste",0,"351030",7,28,4,24,10,18,1,0,0,0,0,29,4,24,10,18,21,9.49882287399873,9.95156317576769,0.354457694718203,29
"14269","SP","Capivari",56379,37353.4,35028,"Piracicaba",3,"Sudeste",1,"351040",2,80,14,66,31,49,1,0,0,0,0,81,14,66,31,49,26,10.5281792172077,10.9398520277247,0.309387779245708,29
"14270","SP","Capivari",56379,37353.4,35028,"Piracicaba",3,"Sudeste",1,"351040",3,87,11,76,41,46,0,0,0,0,0,87,11,76,41,46,18,10.5281792172077,10.9398520277247,0.397126508295617,31
"14271","SP","Capivari",56379,37353.4,35028,"Piracicaba",3,"Sudeste",1,"351040",4,49,9,40,14,35,0,0,0,0,0,49,9,40,14,35,28,10.5281792172077,10.9398520277247,0.434952171372489,30
"14272","SP","Capivari",56379,37353.4,35028,"Piracicaba",3,"Sudeste",1,"351040",5,43,14,29,15,28,2,0,0,0,0,45,14,29,15,28,21,10.5281792172077,10.9398520277247,0.41067618606053,31
"14273","SP","Capivari",56379,37353.4,35028,"Piracicaba",3,"Sudeste",1,"351040",6,64,10,54,22,42,0,0,0,0,0,64,10,54,22,42,31,10.5281792172077,10.9398520277247,0.394489040766181,30
"14274","SP","Capivari",56379,37353.4,35028,"Piracicaba",3,"Sudeste",1,"351040",7,71,15,56,29,42,0,0,0,0,0,71,15,56,29,42,46,10.5281792172077,10.9398520277247,0.391519064540979,29
"14275","SP","Caraguatatuba",123389,27802.88,35054,"Caraguatatuba",3,"Sudeste",1,"351050",2,230,31,199,76,154,0,0,0,0,0,230,31,199,76,154,66,10.2328948914352,11.7230972454753,0.314066822651273,29
"14276","SP","Caraguatatuba",123389,27802.88,35054,"Caraguatatuba",3,"Sudeste",1,"351050",3,270,38,232,96,174,0,0,0,0,0,270,38,232,96,174,74,10.2328948914352,11.7230972454753,0.435164898308575,31
"14277","SP","Caraguatatuba",123389,27802.88,35054,"Caraguatatuba",3,"Sudeste",1,"351050",4,174,22,152,54,120,1,0,0,0,0,175,22,152,54,120,73,10.2328948914352,11.7230972454753,0.499380068795041,30
"14278","SP","Caraguatatuba",123389,27802.88,35054,"Caraguatatuba",3,"Sudeste",1,"351050",5,116,14,102,48,68,1,0,0,0,0,117,14,102,48,68,96,10.2328948914352,11.7230972454753,0.461503464558868,31
"14279","SP","Caraguatatuba",123389,27802.88,35054,"Caraguatatuba",3,"Sudeste",1,"351050",6,152,19,133,51,101,2,0,0,0,0,154,19,133,51,101,100,10.2328948914352,11.7230972454753,0.431937781363163,30
"14280","SP","Caraguatatuba",123389,27802.88,35054,"Caraguatatuba",3,"Sudeste",1,"351050",7,127,14,113,40,87,0,0,0,0,0,127,14,113,40,87,93,10.2328948914352,11.7230972454753,0.419225484903506,29
"14281","SP","Carapicuíba",403183,14413.33,35057,"Osasco",3,"Sudeste",1,"351060",2,723,92,631,276,447,3,0,0,0,0,726,92,631,276,447,157,9.57590875181766,12.907145832152,0.292261990189653,29
"14282","SP","Carapicuíba",403183,14413.33,35057,"Osasco",3,"Sudeste",1,"351060",3,827,91,736,306,521,2,0,0,0,0,829,91,736,306,521,184,9.57590875181766,12.907145832152,0.393434597953515,31
"14283","SP","Carapicuíba",403183,14413.33,35057,"Osasco",3,"Sudeste",1,"351060",4,588,76,512,239,349,5,0,0,0,0,593,76,512,239,349,233,9.57590875181766,12.907145832152,0.473863301458813,30
"14284","SP","Carapicuíba",403183,14413.33,35057,"Osasco",3,"Sudeste",1,"351060",5,502,66,436,180,322,4,0,0,0,0,506,66,436,180,322,339,9.57590875181766,12.907145832152,0.452429931771117,31
"14285","SP","Carapicuíba",403183,14413.33,35057,"Osasco",3,"Sudeste",1,"351060",6,565,86,479,207,358,6,0,0,0,0,571,86,479,207,358,276,9.57590875181766,12.907145832152,0.414336345635263,30
"14286","SP","Carapicuíba",403183,14413.33,35057,"Osasco",3,"Sudeste",1,"351060",7,462,67,395,169,293,3,0,0,0,0,465,67,395,169,293,267,9.57590875181766,12.907145832152,0.398805190466302,29
"14287","SP","Cardoso",12349,20770.49,35003,"Votuporanga",3,"Sudeste",0,"351070",2,10,1,9,2,8,0,0,0,0,0,10,1,9,2,8,8,9.9412885083107,9.42133036711782,0.291420512792425,29
"14288","SP","Cardoso",12349,20770.49,35003,"Votuporanga",3,"Sudeste",0,"351070",3,10,1,9,1,9,0,0,0,0,0,10,1,9,1,9,11,9.9412885083107,9.42133036711782,0.367823674597585,31
"14289","SP","Cardoso",12349,20770.49,35003,"Votuporanga",3,"Sudeste",0,"351070",4,13,0,13,5,8,0,0,0,0,0,13,0,13,5,8,6,9.9412885083107,9.42133036711782,0.377239109282629,30
"14290","SP","Cardoso",12349,20770.49,35003,"Votuporanga",3,"Sudeste",0,"351070",5,8,0,8,2,6,0,0,0,0,0,8,0,8,2,6,12,9.9412885083107,9.42133036711782,0.377529437408142,31
"14291","SP","Cardoso",12349,20770.49,35003,"Votuporanga",3,"Sudeste",0,"351070",6,9,2,7,6,3,1,0,0,0,0,10,2,7,6,3,12,9.9412885083107,9.42133036711782,0.36376553616985,30
"14292","SP","Cardoso",12349,20770.49,35003,"Votuporanga",3,"Sudeste",0,"351070",7,4,1,3,0,4,0,0,0,0,0,4,1,3,0,4,13,9.9412885083107,9.42133036711782,0.380152905652535,29
"14293","SP","Casa Branca",30520,27488.44,35030,"São João da Boa Vista",3,"Sudeste",0,"351080",2,33,6,27,9,24,0,0,0,0,0,33,6,27,9,24,22,10.2215208316407,10.3261374853984,0.334655898605926,29
"14294","SP","Casa Branca",30520,27488.44,35030,"São João da Boa Vista",3,"Sudeste",0,"351080",3,39,5,34,10,29,0,0,0,0,0,39,5,34,10,29,22,10.2215208316407,10.3261374853984,0.410373163210187,31
"14295","SP","Casa Branca",30520,27488.44,35030,"São João da Boa Vista",3,"Sudeste",0,"351080",4,22,3,19,5,17,0,0,0,0,0,22,3,19,5,17,27,10.2215208316407,10.3261374853984,0.469287541588189,30
"14296","SP","Casa Branca",30520,27488.44,35030,"São João da Boa Vista",3,"Sudeste",0,"351080",5,20,5,15,7,13,0,0,0,0,0,20,5,15,7,13,14,10.2215208316407,10.3261374853984,0.437599767155863,31
"14297","SP","Casa Branca",30520,27488.44,35030,"São João da Boa Vista",3,"Sudeste",0,"351080",6,25,5,20,11,14,1,0,0,0,0,26,5,20,11,14,19,10.2215208316407,10.3261374853984,0.390238461605861,30
"14298","SP","Casa Branca",30520,27488.44,35030,"São João da Boa Vista",3,"Sudeste",0,"351080",7,20,5,15,6,14,0,0,0,0,0,20,5,15,6,14,25,10.2215208316407,10.3261374853984,0.375295916371611,29
"14299","SP","Castilho",21267,41708.15,35016,"Andradina",3,"Sudeste",0,"351100",2,32,10,22,18,14,0,0,0,0,0,32,10,22,18,14,8,10.6384518323354,9.96491185452313,0.314958311532494,29
"14300","SP","Castilho",21267,41708.15,35016,"Andradina",3,"Sudeste",0,"351100",3,26,3,23,9,17,0,0,0,0,0,26,3,23,9,17,8,10.6384518323354,9.96491185452313,0.400501468450552,31
"14301","SP","Castilho",21267,41708.15,35016,"Andradina",3,"Sudeste",0,"351100",4,24,7,17,12,12,0,0,0,0,0,24,7,17,12,12,9,10.6384518323354,9.96491185452313,0.433243006432169,30
"14302","SP","Castilho",21267,41708.15,35016,"Andradina",3,"Sudeste",0,"351100",5,22,5,17,7,15,0,0,0,0,0,22,5,17,7,15,13,10.6384518323354,9.96491185452313,0.402730821252083,31
"14303","SP","Castilho",21267,41708.15,35016,"Andradina",3,"Sudeste",0,"351100",6,17,2,15,8,9,0,0,0,0,0,17,2,15,8,9,12,10.6384518323354,9.96491185452313,0.394052655551129,30
"14304","SP","Castilho",21267,41708.15,35016,"Andradina",3,"Sudeste",0,"351100",7,14,1,13,4,10,0,0,0,0,0,14,1,13,4,10,12,10.6384518323354,9.96491185452313,0.411722889442483,29
"14305","SP","Catanduva",122497,34611.18,35005,"Catanduva",3,"Sudeste",1,"351110",2,166,22,144,56,110,1,0,0,0,0,167,22,144,56,110,98,10.4519320302406,11.7158418188711,0.2955602017474,29
"14306","SP","Catanduva",122497,34611.18,35005,"Catanduva",3,"Sudeste",1,"351110",3,192,31,161,62,130,2,0,0,0,0,194,31,161,62,130,101,10.4519320302406,11.7158418188711,0.375021144272751,31
"14307","SP","Catanduva",122497,34611.18,35005,"Catanduva",3,"Sudeste",1,"351110",4,115,14,101,32,83,0,0,0,0,0,115,14,101,32,83,82,10.4519320302406,11.7158418188711,0.42838332007521,30
"14308","SP","Catanduva",122497,34611.18,35005,"Catanduva",3,"Sudeste",1,"351110",5,107,10,97,33,74,1,0,0,0,0,108,10,97,33,74,85,10.4519320302406,11.7158418188711,0.394122133849119,31
"14309","SP","Catanduva",122497,34611.18,35005,"Catanduva",3,"Sudeste",1,"351110",6,100,8,92,27,73,1,0,0,0,0,101,8,92,27,73,101,10.4519320302406,11.7158418188711,0.369081369215285,30
"14310","SP","Catanduva",122497,34611.18,35005,"Catanduva",3,"Sudeste",1,"351110",7,105,9,96,22,83,2,0,0,0,0,107,9,96,22,83,108,10.4519320302406,11.7158418188711,0.361597959358971,29
"14311","SP","Catiguá",7855,15079.11,35005,"Catanduva",3,"Sudeste",1,"351120",2,14,4,10,7,7,0,0,0,0,0,14,4,10,7,7,4,9.62106562125264,8.96890555068972,0.314520733833449,29
"14312","SP","Catiguá",7855,15079.11,35005,"Catanduva",3,"Sudeste",1,"351120",3,8,2,6,1,7,0,0,0,0,0,8,2,6,1,7,4,9.62106562125264,8.96890555068972,0.386426764516512,31
"14313","SP","Catiguá",7855,15079.11,35005,"Catanduva",3,"Sudeste",1,"351120",4,2,0,2,0,2,0,0,0,0,0,2,0,2,0,2,5,9.62106562125264,8.96890555068972,0.412646834609733,30
"14314","SP","Catiguá",7855,15079.11,35005,"Catanduva",3,"Sudeste",1,"351120",5,8,0,8,3,5,0,0,0,0,0,8,0,8,3,5,2,9.62106562125264,8.96890555068972,0.389866529765315,31
"14315","SP","Catiguá",7855,15079.11,35005,"Catanduva",3,"Sudeste",1,"351120",6,5,1,4,2,3,0,0,0,0,0,5,1,4,2,3,4,9.62106562125264,8.96890555068972,0.395751137788339,30
"14316","SP","Catiguá",7855,15079.11,35005,"Catanduva",3,"Sudeste",1,"351120",7,7,0,7,3,4,0,0,0,0,0,7,0,7,3,4,4,9.62106562125264,8.96890555068972,0.376877358353676,29
"14317","SP","Cedral",9346,34238.37,35004,"São José do Rio Preto",3,"Sudeste",1,"351130",2,20,1,19,7,13,0,0,0,0,0,20,1,19,7,13,9,10.4411022239823,9.14270372326037,0.284664917079802,29
"14318","SP","Cedral",9346,34238.37,35004,"São José do Rio Preto",3,"Sudeste",1,"351130",3,21,3,18,3,18,0,0,0,0,0,21,3,18,3,18,8,10.4411022239823,9.14270372326037,0.368611541086753,31
"14319","SP","Cedral",9346,34238.37,35004,"São José do Rio Preto",3,"Sudeste",1,"351130",4,13,3,10,5,8,0,0,0,0,0,13,3,10,5,8,4,10.4411022239823,9.14270372326037,0.408061514267961,30
"14320","SP","Cedral",9346,34238.37,35004,"São José do Rio Preto",3,"Sudeste",1,"351130",5,13,4,9,1,12,0,0,0,0,0,13,4,9,1,12,10,10.4411022239823,9.14270372326037,0.370551824006861,31
"14321","SP","Cedral",9346,34238.37,35004,"São José do Rio Preto",3,"Sudeste",1,"351130",6,12,3,9,4,8,0,0,0,0,0,12,3,9,4,8,5,10.4411022239823,9.14270372326037,0.338450220922957,30
"14322","SP","Cedral",9346,34238.37,35004,"São José do Rio Preto",3,"Sudeste",1,"351130",7,10,2,8,4,6,0,0,0,0,0,10,2,8,4,6,7,10.4411022239823,9.14270372326037,0.341185617278163,29
"14323","SP","Cerqueira César",20191,30605.21,35022,"Avaré",3,"Sudeste",1,"351140",2,34,5,29,15,19,0,0,0,0,0,34,5,29,15,19,4,10.3289255348855,9.91299223955037,0.322497017476675,29
"14324","SP","Cerqueira César",20191,30605.21,35022,"Avaré",3,"Sudeste",1,"351140",3,41,9,32,13,28,0,0,0,0,0,41,9,32,13,28,11,10.3289255348855,9.91299223955037,0.409189329673813,31
"14325","SP","Cerqueira César",20191,30605.21,35022,"Avaré",3,"Sudeste",1,"351140",4,22,6,16,5,17,1,0,0,0,0,23,6,16,5,17,15,10.3289255348855,9.91299223955037,0.439465819065462,30
"14326","SP","Cerqueira César",20191,30605.21,35022,"Avaré",3,"Sudeste",1,"351140",5,24,5,19,14,10,0,0,0,0,0,24,5,19,14,10,16,10.3289255348855,9.91299223955037,0.409489220686582,31
"14327","SP","Cerqueira César",20191,30605.21,35022,"Avaré",3,"Sudeste",1,"351140",6,23,5,18,9,14,0,0,0,0,0,23,5,18,9,14,12,10.3289255348855,9.91299223955037,0.387477638845499,30
"14328","SP","Cerqueira César",20191,30605.21,35022,"Avaré",3,"Sudeste",1,"351140",7,17,3,14,7,10,0,0,0,0,0,17,3,14,7,10,17,10.3289255348855,9.91299223955037,0.388101482726287,29
"14329","SP","Cerquilho",49802,38133.41,35043,"Tatuí",3,"Sudeste",1,"351150",2,75,12,63,21,54,0,0,0,0,0,75,12,63,21,54,17,10.5488460797472,10.8158104228489,0.306385776951592,29
"14330","SP","Cerquilho",49802,38133.41,35043,"Tatuí",3,"Sudeste",1,"351150",3,79,11,68,24,55,0,0,0,0,0,79,11,68,24,55,21,10.5488460797472,10.8158104228489,0.394282695420062,31
"14331","SP","Cerquilho",49802,38133.41,35043,"Tatuí",3,"Sudeste",1,"351150",4,42,9,33,14,28,0,0,0,0,0,42,9,33,14,28,21,10.5488460797472,10.8158104228489,0.446865083564567,30
"14332","SP","Cerquilho",49802,38133.41,35043,"Tatuí",3,"Sudeste",1,"351150",5,41,3,38,14,27,2,0,0,0,0,43,3,38,14,27,22,10.5488460797472,10.8158104228489,0.408417327276077,31
"14333","SP","Cerquilho",49802,38133.41,35043,"Tatuí",3,"Sudeste",1,"351150",6,40,2,38,9,31,0,0,0,0,0,40,2,38,9,31,27,10.5488460797472,10.8158104228489,0.382417120275833,30
"14334","SP","Cerquilho",49802,38133.41,35043,"Tatuí",3,"Sudeste",1,"351150",7,38,4,34,10,28,2,0,0,0,0,40,4,34,10,28,22,10.5488460797472,10.8158104228489,0.376949489850577,29
"14335","SP","Cesário Lange",18375,24128.03,35043,"Tatuí",3,"Sudeste",0,"351160",2,19,6,13,5,14,0,0,0,0,0,19,6,13,5,14,14,10.0911295141756,9.81874632408104,0.308959808202603,29
"14336","SP","Cesário Lange",18375,24128.03,35043,"Tatuí",3,"Sudeste",0,"351160",3,40,6,34,16,24,0,0,0,0,0,40,6,34,16,24,14,10.0911295141756,9.81874632408104,0.396086629270076,31
"14337","SP","Cesário Lange",18375,24128.03,35043,"Tatuí",3,"Sudeste",0,"351160",4,21,3,18,7,14,0,0,0,0,0,21,3,18,7,14,11,10.0911295141756,9.81874632408104,0.458121341655575,30
"14338","SP","Cesário Lange",18375,24128.03,35043,"Tatuí",3,"Sudeste",0,"351160",5,24,7,17,9,15,0,0,0,0,0,24,7,17,9,15,16,10.0911295141756,9.81874632408104,0.432982966464747,31
"14339","SP","Cesário Lange",18375,24128.03,35043,"Tatuí",3,"Sudeste",0,"351160",6,26,7,19,7,19,0,0,0,0,0,26,7,19,7,19,8,10.0911295141756,9.81874632408104,0.40385551566088,30
"14340","SP","Cesário Lange",18375,24128.03,35043,"Tatuí",3,"Sudeste",0,"351160",7,27,5,22,9,18,0,0,0,0,0,27,5,22,9,18,12,10.0911295141756,9.81874632408104,0.409228402479648,29
"14341","SP","Charqueada",17367,20806.95,35028,"Piracicaba",3,"Sudeste",1,"351170",2,21,5,16,14,7,0,0,0,0,0,21,5,16,14,7,9,9.94304234449426,9.76232713274711,0.31205089490268,29
"14342","SP","Charqueada",17367,20806.95,35028,"Piracicaba",3,"Sudeste",1,"351170",3,28,2,26,5,23,0,0,0,0,0,28,2,26,5,23,8,9.94304234449426,9.76232713274711,0.391534594000913,31
"14343","SP","Charqueada",17367,20806.95,35028,"Piracicaba",3,"Sudeste",1,"351170",4,25,6,19,6,19,1,0,0,0,0,26,6,19,6,19,15,9.94304234449426,9.76232713274711,0.418124371734343,30
"14344","SP","Charqueada",17367,20806.95,35028,"Piracicaba",3,"Sudeste",1,"351170",5,20,6,14,7,13,0,0,0,0,0,20,6,14,7,13,19,9.94304234449426,9.76232713274711,0.43413592893407,31
"14345","SP","Charqueada",17367,20806.95,35028,"Piracicaba",3,"Sudeste",1,"351170",6,14,4,10,5,9,0,0,0,0,0,14,4,10,5,9,2,9.94304234449426,9.76232713274711,0.399307300239435,30
"14346","SP","Charqueada",17367,20806.95,35028,"Piracicaba",3,"Sudeste",1,"351170",7,13,3,10,6,7,0,0,0,0,0,13,3,10,6,7,11,9.94304234449426,9.76232713274711,0.401338780188523,29
"14347","SP","Clementina",8757,25945.35,35018,"Birigui",3,"Sudeste",0,"351190",2,8,2,6,5,3,0,0,0,0,0,8,2,6,5,3,3,10.163747681786,9.07760865952222,0.289545304996928,29
"14348","SP","Clementina",8757,25945.35,35018,"Birigui",3,"Sudeste",0,"351190",3,11,3,8,7,4,0,0,0,0,0,11,3,8,7,4,1,10.163747681786,9.07760865952222,0.371763075952815,31
"14349","SP","Clementina",8757,25945.35,35018,"Birigui",3,"Sudeste",0,"351190",4,4,1,3,2,2,0,0,0,0,0,4,1,3,2,2,5,10.163747681786,9.07760865952222,0.381910783197279,30
"14350","SP","Clementina",8757,25945.35,35018,"Birigui",3,"Sudeste",0,"351190",5,10,1,9,6,4,0,0,0,0,0,10,1,9,6,4,3,10.163747681786,9.07760865952222,0.363414504840017,31
"14351","SP","Clementina",8757,25945.35,35018,"Birigui",3,"Sudeste",0,"351190",6,11,2,9,4,7,0,0,0,0,0,11,2,9,4,7,2,10.163747681786,9.07760865952222,0.369624280851556,30
"14352","SP","Clementina",8757,25945.35,35018,"Birigui",3,"Sudeste",0,"351190",7,7,1,6,3,4,0,0,0,0,0,7,1,6,3,4,4,10.163747681786,9.07760865952222,0.38080391367683,29
"14353","SP","Colina",18535,60218.14,35009,"Barretos",3,"Sudeste",1,"351200",2,30,7,23,6,24,0,0,0,0,0,30,7,23,6,24,10,11.0057289148101,9.82741611558483,0.312420817316295,29
"14354","SP","Colina",18535,60218.14,35009,"Barretos",3,"Sudeste",1,"351200",3,37,9,28,13,24,1,0,0,0,0,38,9,28,13,24,10,11.0057289148101,9.82741611558483,0.379618969164093,31
"14355","SP","Colina",18535,60218.14,35009,"Barretos",3,"Sudeste",1,"351200",4,22,2,20,10,12,0,0,0,0,0,22,2,20,10,12,14,11.0057289148101,9.82741611558483,0.404645164680055,30
"14356","SP","Colina",18535,60218.14,35009,"Barretos",3,"Sudeste",1,"351200",5,23,7,16,13,10,2,0,0,0,0,25,7,16,13,10,10,11.0057289148101,9.82741611558483,0.369511692268557,31
"14357","SP","Colina",18535,60218.14,35009,"Barretos",3,"Sudeste",1,"351200",6,22,4,18,11,11,0,0,0,0,0,22,4,18,11,11,10,11.0057289148101,9.82741611558483,0.349346682323931,30
"14358","SP","Colina",18535,60218.14,35009,"Barretos",3,"Sudeste",1,"351200",7,20,3,17,3,17,0,0,0,0,0,20,3,17,3,17,7,11.0057289148101,9.82741611558483,0.365380321521155,29
"14359","SP","Colômbia",6216,53207.43,35009,"Barretos",3,"Sudeste",1,"351210",2,15,0,15,6,9,0,0,0,0,0,15,0,15,6,9,3,10.8819533272321,8.73488189204748,0.35933432182181,29
"14360","SP","Colômbia",6216,53207.43,35009,"Barretos",3,"Sudeste",1,"351210",3,15,4,11,6,9,0,0,0,0,0,15,4,11,6,9,5,10.8819533272321,8.73488189204748,0.424751260537912,31
"14361","SP","Colômbia",6216,53207.43,35009,"Barretos",3,"Sudeste",1,"351210",4,10,2,8,4,6,0,0,0,0,0,10,2,8,4,6,3,10.8819533272321,8.73488189204748,0.43146384726265,30
"14362","SP","Colômbia",6216,53207.43,35009,"Barretos",3,"Sudeste",1,"351210",5,4,0,4,1,3,0,0,0,0,0,4,0,4,1,3,3,10.8819533272321,8.73488189204748,0.418031807910656,31
"14363","SP","Colômbia",6216,53207.43,35009,"Barretos",3,"Sudeste",1,"351210",6,4,1,3,2,2,0,0,0,0,0,4,1,3,2,2,5,10.8819533272321,8.73488189204748,0.412855971010176,30
"14364","SP","Colômbia",6216,53207.43,35009,"Barretos",3,"Sudeste",1,"351210",7,4,0,4,2,2,0,0,0,0,0,4,0,4,2,2,6,10.8819533272321,8.73488189204748,0.402643783075562,29
"14365","SP","Conchal",28273,24884.49,35027,"Limeira",3,"Sudeste",1,"351220",2,66,26,40,31,35,0,0,0,0,0,66,26,40,31,35,12,10.121999996809,10.2496625646187,0.305411669813229,29
"14366","SP","Conchal",28273,24884.49,35027,"Limeira",3,"Sudeste",1,"351220",3,66,22,44,21,45,0,0,0,0,0,66,22,44,21,45,14,10.121999996809,10.2496625646187,0.397601412309487,31
"14367","SP","Conchal",28273,24884.49,35027,"Limeira",3,"Sudeste",1,"351220",4,38,11,27,16,22,0,0,0,0,0,38,11,27,16,22,18,10.121999996809,10.2496625646187,0.437185825938463,30
"14368","SP","Conchal",28273,24884.49,35027,"Limeira",3,"Sudeste",1,"351220",5,35,6,29,19,16,0,0,0,0,0,35,6,29,19,16,25,10.121999996809,10.2496625646187,0.403633397228869,31
"14369","SP","Conchal",28273,24884.49,35027,"Limeira",3,"Sudeste",1,"351220",6,28,9,19,10,18,0,0,0,0,0,28,9,19,10,18,20,10.121999996809,10.2496625646187,0.381359558776684,30
"14370","SP","Conchal",28273,24884.49,35027,"Limeira",3,"Sudeste",1,"351220",7,29,9,20,14,15,0,0,0,0,0,29,9,20,14,15,20,10.121999996809,10.2496625646187,0.383472800716503,29
"14371","SP","Conchas",18019,19830.73,35023,"Botucatu",3,"Sudeste",0,"351230",2,20,5,15,6,14,0,0,0,0,0,20,5,15,6,14,11,9.894988033746,9.79918203572681,0.313656467031812,29
"14372","SP","Conchas",18019,19830.73,35023,"Botucatu",3,"Sudeste",0,"351230",3,26,4,22,10,16,0,0,0,0,0,26,4,22,10,16,13,9.894988033746,9.79918203572681,0.408693665117491,31
"14373","SP","Conchas",18019,19830.73,35023,"Botucatu",3,"Sudeste",0,"351230",4,20,7,13,7,13,0,0,0,0,0,20,7,13,7,13,10,9.894988033746,9.79918203572681,0.440343974710149,30
"14374","SP","Conchas",18019,19830.73,35023,"Botucatu",3,"Sudeste",0,"351230",5,17,4,13,8,9,0,0,0,0,0,17,4,13,8,9,12,9.894988033746,9.79918203572681,0.441335734199353,31
"14375","SP","Conchas",18019,19830.73,35023,"Botucatu",3,"Sudeste",0,"351230",6,16,7,9,8,8,0,0,0,0,0,16,7,9,8,8,9,9.894988033746,9.79918203572681,0.410658889323199,30
"14376","SP","Conchas",18019,19830.73,35023,"Botucatu",3,"Sudeste",0,"351230",7,23,6,17,6,17,0,0,0,0,0,23,6,17,6,17,8,9.894988033746,9.79918203572681,0.398046826220119,29
"14377","SP","Cordeirópolis",24826,116519.63,35027,"Limeira",3,"Sudeste",1,"351240",2,34,11,23,14,20,0,0,0,0,0,34,11,23,14,20,16,11.6658150356478,10.1196467700759,0.303056905984753,29
"14378","SP","Cordeirópolis",24826,116519.63,35027,"Limeira",3,"Sudeste",1,"351240",3,56,9,47,17,39,0,0,0,0,0,56,9,47,17,39,10,11.6658150356478,10.1196467700759,0.388388446439111,31
"14379","SP","Cordeirópolis",24826,116519.63,35027,"Limeira",3,"Sudeste",1,"351240",4,14,3,11,5,9,0,0,0,0,0,14,3,11,5,9,16,11.6658150356478,10.1196467700759,0.436218714894517,30
"14380","SP","Cordeirópolis",24826,116519.63,35027,"Limeira",3,"Sudeste",1,"351240",5,23,4,19,8,15,0,0,0,0,0,23,4,19,8,15,14,11.6658150356478,10.1196467700759,0.40362436850296,31
"14381","SP","Cordeirópolis",24826,116519.63,35027,"Limeira",3,"Sudeste",1,"351240",6,20,7,13,9,11,1,0,0,0,0,21,7,13,9,11,13,11.6658150356478,10.1196467700759,0.375380999431598,30
"14382","SP","Cordeirópolis",24826,116519.63,35027,"Limeira",3,"Sudeste",1,"351240",7,24,1,23,10,14,1,0,0,0,0,25,1,23,10,14,26,11.6658150356478,10.1196467700759,0.386527731764476,29
"14383","SP","Coroados",6129,27648.49,35018,"Birigui",3,"Sudeste",1,"351250",2,9,1,8,3,6,0,0,0,0,0,9,1,8,3,6,5,10.2273263942477,8.72078688348573,0.302329065036651,29
"14384","SP","Coroados",6129,27648.49,35018,"Birigui",3,"Sudeste",1,"351250",3,11,2,9,5,6,0,0,0,0,0,11,2,9,5,6,1,10.2273263942477,8.72078688348573,0.392620838422675,31
"14385","SP","Coroados",6129,27648.49,35018,"Birigui",3,"Sudeste",1,"351250",4,5,1,4,0,5,0,0,0,0,0,5,1,4,0,5,0,10.2273263942477,8.72078688348573,0.43272880475329,30
"14386","SP","Coroados",6129,27648.49,35018,"Birigui",3,"Sudeste",1,"351250",5,4,1,3,2,2,0,0,0,0,0,4,1,3,2,2,5,10.2273263942477,8.72078688348573,0.401190900049079,31
"14387","SP","Coroados",6129,27648.49,35018,"Birigui",3,"Sudeste",1,"351250",6,2,0,2,0,2,0,0,0,0,0,2,0,2,0,2,5,10.2273263942477,8.72078688348573,0.370922308870148,30
"14388","SP","Coroados",6129,27648.49,35018,"Birigui",3,"Sudeste",1,"351250",7,1,0,1,0,1,0,0,0,0,0,1,0,1,0,1,3,10.2273263942477,8.72078688348573,0.369144391550389,29
"14389","SP","Corumbataí",4064,61418.68,35026,"Rio Claro",3,"Sudeste",0,"351270",2,10,1,9,5,5,0,0,0,0,0,10,1,9,5,5,4,11.025469302393,8.30992298925832,0.31450265207166,29
"14390","SP","Corumbataí",4064,61418.68,35026,"Rio Claro",3,"Sudeste",0,"351270",3,10,3,7,5,5,0,0,0,0,0,10,3,7,5,5,2,11.025469302393,8.30992298925832,0.37527150193013,31
"14391","SP","Corumbataí",4064,61418.68,35026,"Rio Claro",3,"Sudeste",0,"351270",4,6,0,6,1,5,0,0,0,0,0,6,0,6,1,5,1,11.025469302393,8.30992298925832,0.386143110755906,30
"14392","SP","Corumbataí",4064,61418.68,35026,"Rio Claro",3,"Sudeste",0,"351270",5,3,0,3,0,3,0,0,0,0,0,3,0,3,0,3,8,11.025469302393,8.30992298925832,0.393197766870133,31
"14393","SP","Corumbataí",4064,61418.68,35026,"Rio Claro",3,"Sudeste",0,"351270",6,3,0,3,2,1,0,0,0,0,0,3,0,3,2,1,4,11.025469302393,8.30992298925832,0.390833703214838,30
"14394","SP","Corumbataí",4064,61418.68,35026,"Rio Claro",3,"Sudeste",0,"351270",7,3,0,3,1,2,0,0,0,0,0,3,0,3,1,2,2,11.025469302393,8.30992298925832,0.324614758420046,29
"14395","SP","Cosmópolis",73474,22410.36,35032,"Campinas",3,"Sudeste",1,"351280",2,86,14,72,37,49,0,0,0,0,0,86,14,72,37,49,15,10.017278630923,11.204686881123,0.308711261894681,29
"14396","SP","Cosmópolis",73474,22410.36,35032,"Campinas",3,"Sudeste",1,"351280",3,99,18,81,27,72,0,0,0,0,0,99,18,81,27,72,31,10.017278630923,11.204686881123,0.39488674361418,31
"14397","SP","Cosmópolis",73474,22410.36,35032,"Campinas",3,"Sudeste",1,"351280",4,59,13,46,18,41,1,0,0,0,0,60,13,46,18,41,38,10.017278630923,11.204686881123,0.442076004405461,30
"14398","SP","Cosmópolis",73474,22410.36,35032,"Campinas",3,"Sudeste",1,"351280",5,63,10,53,16,47,0,0,0,0,0,63,10,53,16,47,36,10.017278630923,11.204686881123,0.419813058112352,31
"14399","SP","Cosmópolis",73474,22410.36,35032,"Campinas",3,"Sudeste",1,"351280",6,58,7,51,22,36,2,0,0,0,0,60,7,51,22,36,28,10.017278630923,11.204686881123,0.396146339663146,30
"14400","SP","Cosmópolis",73474,22410.36,35032,"Campinas",3,"Sudeste",1,"351280",7,74,11,63,28,46,0,0,0,0,0,74,11,63,28,46,38,10.017278630923,11.204686881123,0.393141583926044,29
"14401","SP","Cosmorama",7298,45912.53,35003,"Votuporanga",3,"Sudeste",0,"351290",2,15,3,12,7,8,0,0,0,0,0,15,3,12,7,8,4,10.7344933435445,8.89535561699639,0.319459259626676,29
"14402","SP","Cosmorama",7298,45912.53,35003,"Votuporanga",3,"Sudeste",0,"351290",3,14,1,13,7,7,0,0,0,0,0,14,1,13,7,7,5,10.7344933435445,8.89535561699639,0.393087372583662,31
"14403","SP","Cosmorama",7298,45912.53,35003,"Votuporanga",3,"Sudeste",0,"351290",4,6,2,4,2,4,0,0,0,0,0,6,2,4,2,4,7,10.7344933435445,8.89535561699639,0.405782205233928,30
"14404","SP","Cosmorama",7298,45912.53,35003,"Votuporanga",3,"Sudeste",0,"351290",5,8,1,7,1,7,0,0,0,0,0,8,1,7,1,7,9,10.7344933435445,8.89535561699639,0.390690993339852,31
"14405","SP","Cosmorama",7298,45912.53,35003,"Votuporanga",3,"Sudeste",0,"351290",6,5,2,3,1,4,0,0,0,0,0,5,2,3,1,4,6,10.7344933435445,8.89535561699639,0.360498094490794,30
"14406","SP","Cosmorama",7298,45912.53,35003,"Votuporanga",3,"Sudeste",0,"351290",7,6,1,5,2,4,0,0,0,0,0,6,1,5,2,4,8,10.7344933435445,8.89535561699639,0.3859653594188,29
"14407","SP","Cotia",253608,51225.49,35060,"Itapecerica da Serra",3,"Sudeste",1,"351300",2,579,83,496,175,404,5,0,0,0,0,584,83,496,175,404,117,10.8439925387031,12.443545046789,0.30135480648115,29
"14408","SP","Cotia",253608,51225.49,35060,"Itapecerica da Serra",3,"Sudeste",1,"351300",3,583,89,494,186,397,0,0,0,0,0,583,89,494,186,397,128,10.8439925387031,12.443545046789,0.404594640595443,31
"14409","SP","Cotia",253608,51225.49,35060,"Itapecerica da Serra",3,"Sudeste",1,"351300",4,406,56,350,144,262,5,0,0,0,0,411,56,350,144,262,137,10.8439925387031,12.443545046789,0.485098527734779,30
"14410","SP","Cotia",253608,51225.49,35060,"Itapecerica da Serra",3,"Sudeste",1,"351300",5,334,58,276,109,225,5,0,0,0,0,339,58,276,109,225,164,10.8439925387031,12.443545046789,0.456906314815962,31
"14411","SP","Cotia",253608,51225.49,35060,"Itapecerica da Serra",3,"Sudeste",1,"351300",6,330,43,287,86,244,3,0,0,0,0,333,43,287,86,244,152,10.8439925387031,12.443545046789,0.418090813486935,30
"14412","SP","Cotia",253608,51225.49,35060,"Itapecerica da Serra",3,"Sudeste",1,"351300",7,344,56,288,95,249,4,0,0,0,0,348,56,288,95,249,172,10.8439925387031,12.443545046789,0.401203353735224,29
"14413","SP","Cravinhos",35579,34165.63,35014,"Ribeirão Preto",3,"Sudeste",1,"351310",2,68,17,51,23,45,0,0,0,0,0,68,17,51,23,45,12,10.4389754469688,10.4795108551475,0.28770311736933,29
"14414","SP","Cravinhos",35579,34165.63,35014,"Ribeirão Preto",3,"Sudeste",1,"351310",3,44,8,36,15,29,0,0,0,0,0,44,8,36,15,29,20,10.4389754469688,10.4795108551475,0.369544014281035,31
"14415","SP","Cravinhos",35579,34165.63,35014,"Ribeirão Preto",3,"Sudeste",1,"351310",4,27,4,23,6,21,0,0,0,0,0,27,4,23,6,21,20,10.4389754469688,10.4795108551475,0.416172337281536,30
"14416","SP","Cravinhos",35579,34165.63,35014,"Ribeirão Preto",3,"Sudeste",1,"351310",5,32,7,25,6,26,0,0,0,0,0,32,7,25,6,26,26,10.4389754469688,10.4795108551475,0.36945209566874,31
"14417","SP","Cravinhos",35579,34165.63,35014,"Ribeirão Preto",3,"Sudeste",1,"351310",6,35,10,25,11,24,0,0,0,0,0,35,10,25,11,24,33,10.4389754469688,10.4795108551475,0.347590114238574,30
"14418","SP","Cravinhos",35579,34165.63,35014,"Ribeirão Preto",3,"Sudeste",1,"351310",7,33,13,20,7,26,1,0,0,0,0,34,13,20,7,26,35,10.4389754469688,10.4795108551475,0.348665726174989,29
"14419","SP","Cristais Paulista",8718,22617.1,35012,"Franca",3,"Sudeste",1,"351320",2,13,2,11,4,9,0,0,0,0,0,13,2,11,4,9,2,10.0264615363229,9.07314513279834,0.285227227709591,29
"14420","SP","Cristais Paulista",8718,22617.1,35012,"Franca",3,"Sudeste",1,"351320",3,18,3,15,6,12,0,0,0,0,0,18,3,15,6,12,4,10.0264615363229,9.07314513279834,0.381917464733399,31
"14421","SP","Cristais Paulista",8718,22617.1,35012,"Franca",3,"Sudeste",1,"351320",4,13,2,11,1,12,0,0,0,0,0,13,2,11,1,12,3,10.0264615363229,9.07314513279834,0.428705003214516,30
"14422","SP","Cristais Paulista",8718,22617.1,35012,"Franca",3,"Sudeste",1,"351320",5,11,3,8,3,8,0,0,0,0,0,11,3,8,3,8,9,10.0264615363229,9.07314513279834,0.39441364153711,31
"14423","SP","Cristais Paulista",8718,22617.1,35012,"Franca",3,"Sudeste",1,"351320",6,13,2,11,8,5,0,0,0,0,0,13,2,11,8,5,7,10.0264615363229,9.07314513279834,0.382324049975615,30
"14424","SP","Cristais Paulista",8718,22617.1,35012,"Franca",3,"Sudeste",1,"351320",7,6,0,6,1,5,0,0,0,0,0,6,0,6,1,5,4,10.0264615363229,9.07314513279834,0.382228814578695,29
"14425","SP","Cruzeiro",82571,29743.19,35051,"Guaratinguetá",3,"Sudeste",1,"351340",2,122,10,112,39,83,0,0,0,0,0,122,10,112,39,83,60,10.3003554772074,11.3214138082743,0.31017063371217,29
"14426","SP","Cruzeiro",82571,29743.19,35051,"Guaratinguetá",3,"Sudeste",1,"351340",3,115,15,100,44,71,0,0,0,0,0,115,15,100,44,71,59,10.3003554772074,11.3214138082743,0.416749405544124,31
"14427","SP","Cruzeiro",82571,29743.19,35051,"Guaratinguetá",3,"Sudeste",1,"351340",4,68,7,61,27,41,0,0,0,0,0,68,7,61,27,41,43,10.3003554772074,11.3214138082743,0.491598885001895,30
"14428","SP","Cruzeiro",82571,29743.19,35051,"Guaratinguetá",3,"Sudeste",1,"351340",5,82,6,76,28,54,0,0,0,0,0,82,6,76,28,54,52,10.3003554772074,11.3214138082743,0.444864840036321,31
"14429","SP","Cruzeiro",82571,29743.19,35051,"Guaratinguetá",3,"Sudeste",1,"351340",6,72,8,64,30,42,0,0,0,0,0,72,8,64,30,42,57,10.3003554772074,11.3214138082743,0.396966184256136,30
"14430","SP","Cruzeiro",82571,29743.19,35051,"Guaratinguetá",3,"Sudeste",1,"351340",7,89,6,83,39,50,0,0,0,0,0,89,6,83,39,50,79,10.3003554772074,11.3214138082743,0.395314583929496,29
"14431","SP","Cubatão",131626,101597.09,35063,"Santos",3,"Sudeste",1,"351350",2,189,32,157,64,125,3,0,0,0,0,192,32,157,64,125,63,11.5287701719841,11.7877198467483,0.315945337929793,29
"14432","SP","Cubatão",131626,101597.09,35063,"Santos",3,"Sudeste",1,"351350",3,195,41,154,80,115,0,0,0,0,0,195,41,154,80,115,67,11.5287701719841,11.7877198467483,0.412489237702583,31
"14433","SP","Cubatão",131626,101597.09,35063,"Santos",3,"Sudeste",1,"351350",4,127,23,104,42,85,1,0,0,0,0,128,23,104,42,85,70,11.5287701719841,11.7877198467483,0.470257834188711,30
"14434","SP","Cubatão",131626,101597.09,35063,"Santos",3,"Sudeste",1,"351350",5,104,25,79,35,69,1,0,0,0,0,105,25,79,35,69,136,11.5287701719841,11.7877198467483,0.455891576848363,31
"14435","SP","Cubatão",131626,101597.09,35063,"Santos",3,"Sudeste",1,"351350",6,133,25,108,58,75,1,0,0,0,0,134,25,108,58,75,119,11.5287701719841,11.7877198467483,0.421500491695849,30
"14436","SP","Cubatão",131626,101597.09,35063,"Santos",3,"Sudeste",1,"351350",7,117,16,101,57,60,4,0,0,0,0,121,16,101,57,60,104,11.5287701719841,11.7877198467483,0.404074409820563,29
"14437","SP","Cunha",21459,11971.43,35053,"Paraibuna/Paraitinga",3,"Sudeste",0,"351360",2,37,7,30,12,25,0,0,0,0,0,37,7,30,12,25,12,9.3902782567466,9.97389941677649,0.336479237155338,29
"14438","SP","Cunha",21459,11971.43,35053,"Paraibuna/Paraitinga",3,"Sudeste",0,"351360",3,29,9,20,9,20,0,0,0,0,0,29,9,20,9,20,20,9.3902782567466,9.97389941677649,0.443845312377337,31
"14439","SP","Cunha",21459,11971.43,35053,"Paraibuna/Paraitinga",3,"Sudeste",0,"351360",4,25,7,18,7,18,1,0,0,0,0,26,7,18,7,18,14,9.3902782567466,9.97389941677649,0.465243714526511,30
"14440","SP","Cunha",21459,11971.43,35053,"Paraibuna/Paraitinga",3,"Sudeste",0,"351360",5,25,9,16,11,14,0,0,0,0,0,25,9,16,11,14,14,9.3902782567466,9.97389941677649,0.447686456294915,31
"14441","SP","Cunha",21459,11971.43,35053,"Paraibuna/Paraitinga",3,"Sudeste",0,"351360",6,12,2,10,4,8,0,0,0,0,0,12,2,10,4,8,15,9.3902782567466,9.97389941677649,0.420921101347711,30
"14442","SP","Cunha",21459,11971.43,35053,"Paraibuna/Paraitinga",3,"Sudeste",0,"351360",7,19,3,16,6,13,0,0,0,0,0,19,3,16,6,13,12,9.3902782567466,9.97389941677649,0.398727276689598,29
"14443","SP","Descalvado",33910,47327.8,35025,"São Carlos",3,"Sudeste",1,"351370",2,48,10,38,22,26,0,0,0,0,0,48,10,38,22,26,15,10.7648531396733,10.4314652351197,0.317582021472799,29
"14444","SP","Descalvado",33910,47327.8,35025,"São Carlos",3,"Sudeste",1,"351370",3,59,9,50,23,36,0,0,0,0,0,59,9,50,23,36,18,10.7648531396733,10.4314652351197,0.393115562136824,31
"14445","SP","Descalvado",33910,47327.8,35025,"São Carlos",3,"Sudeste",1,"351370",4,31,4,27,11,20,1,0,0,0,0,32,4,27,11,20,21,10.7648531396733,10.4314652351197,0.42990870343612,30
"14446","SP","Descalvado",33910,47327.8,35025,"São Carlos",3,"Sudeste",1,"351370",5,35,5,30,9,26,0,0,0,0,0,35,5,30,9,26,22,10.7648531396733,10.4314652351197,0.408430746899722,31
"14447","SP","Descalvado",33910,47327.8,35025,"São Carlos",3,"Sudeste",1,"351370",6,40,11,29,14,26,0,0,0,0,0,40,11,29,14,26,23,10.7648531396733,10.4314652351197,0.380626003578564,30
"14448","SP","Descalvado",33910,47327.8,35025,"São Carlos",3,"Sudeste",1,"351370",7,21,4,17,7,14,0,0,0,0,0,21,4,17,7,14,15,10.7648531396733,10.4314652351197,0.376112510973669,29
"14449","SP","Diadema",426757,34855.75,35061,"São Paulo",3,"Sudeste",1,"351380",2,679,60,619,225,454,1,0,0,0,0,680,60,619,225,454,185,10.4589733954053,12.9639700435684,0.289745681118719,29
"14450","SP","Diadema",426757,34855.75,35061,"São Paulo",3,"Sudeste",1,"351380",3,664,73,591,219,445,4,0,0,0,0,668,73,591,219,445,200,10.4589733954053,12.9639700435684,0.404070489307883,31
"14451","SP","Diadema",426757,34855.75,35061,"São Paulo",3,"Sudeste",1,"351380",4,447,48,399,129,318,4,0,0,0,0,451,48,399,129,318,231,10.4589733954053,12.9639700435684,0.496914475835012,30
"14452","SP","Diadema",426757,34855.75,35061,"São Paulo",3,"Sudeste",1,"351380",5,380,39,341,126,254,0,0,0,0,0,380,39,341,126,254,281,10.4589733954053,12.9639700435684,0.466000028212017,31
"14453","SP","Diadema",426757,34855.75,35061,"São Paulo",3,"Sudeste",1,"351380",6,390,33,357,116,274,2,0,0,0,0,392,33,357,116,274,339,10.4589733954053,12.9639700435684,0.419302563339182,30
"14454","SP","Diadema",426757,34855.75,35061,"São Paulo",3,"Sudeste",1,"351380",7,421,48,373,149,272,3,0,0,0,0,424,48,373,149,272,291,10.4589733954053,12.9639700435684,0.399085588631313,29
"14455","SP","Divinolândia",11086,24940.84,35030,"São João da Boa Vista",3,"Sudeste",0,"351390",2,12,0,12,4,8,0,0,0,0,0,12,0,12,4,8,13,10.1242618995008,9.31343832997975,0.309830457939522,29
"14456","SP","Divinolândia",11086,24940.84,35030,"São João da Boa Vista",3,"Sudeste",0,"351390",3,16,4,12,3,13,0,0,0,0,0,16,4,12,3,13,12,10.1242618995008,9.31343832997975,0.383244088144063,31
"14457","SP","Divinolândia",11086,24940.84,35030,"São João da Boa Vista",3,"Sudeste",0,"351390",4,14,2,12,2,12,0,0,0,0,0,14,2,12,2,12,6,10.1242618995008,9.31343832997975,0.415317569256327,30
"14458","SP","Divinolândia",11086,24940.84,35030,"São João da Boa Vista",3,"Sudeste",0,"351390",5,11,3,8,3,8,1,0,0,0,0,12,3,8,3,8,11,10.1242618995008,9.31343832997975,0.414557427239985,31
"14459","SP","Divinolândia",11086,24940.84,35030,"São João da Boa Vista",3,"Sudeste",0,"351390",6,12,4,8,7,5,0,0,0,0,0,12,4,8,7,5,5,10.1242618995008,9.31343832997975,0.403533848073,30
"14460","SP","Divinolândia",11086,24940.84,35030,"São João da Boa Vista",3,"Sudeste",0,"351390",7,7,0,7,3,4,0,0,0,0,0,7,0,7,3,4,11,10.1242618995008,9.31343832997975,0.368079559824601,29
"14461","SP","Dobrada",9010,13045.55,35024,"Araraquara",3,"Sudeste",0,"351400",2,10,2,8,5,5,0,0,0,0,0,10,2,8,5,5,2,9.47620235842984,9.10609035060238,0.334781258809056,29
"14462","SP","Dobrada",9010,13045.55,35024,"Araraquara",3,"Sudeste",0,"351400",3,20,2,18,8,12,0,0,0,0,0,20,2,18,8,12,4,9.47620235842984,9.10609035060238,0.432970034293918,31
"14463","SP","Dobrada",9010,13045.55,35024,"Araraquara",3,"Sudeste",0,"351400",4,12,1,11,2,10,0,0,0,0,0,12,1,11,2,10,6,9.47620235842984,9.10609035060238,0.438746049431099,30
"14464","SP","Dobrada",9010,13045.55,35024,"Araraquara",3,"Sudeste",0,"351400",5,11,2,9,2,9,0,0,0,0,0,11,2,9,2,9,3,9.47620235842984,9.10609035060238,0.414951727604668,31
"14465","SP","Dobrada",9010,13045.55,35024,"Araraquara",3,"Sudeste",0,"351400",6,4,1,3,0,4,0,0,0,0,0,4,1,3,0,4,3,9.47620235842984,9.10609035060238,0.384216656907434,30
"14466","SP","Dobrada",9010,13045.55,35024,"Araraquara",3,"Sudeste",0,"351400",7,6,0,6,2,4,1,0,0,0,0,7,0,6,2,4,5,9.47620235842984,9.10609035060238,0.372790417259555,29
"14467","SP","Dois Córregos",27512,23896.69,35021,"Jaú",3,"Sudeste",1,"351410",2,16,5,11,2,14,0,0,0,0,0,16,5,11,2,14,13,10.0814952346046,10.2223775521121,0.332462787005719,29
"14468","SP","Dois Córregos",27512,23896.69,35021,"Jaú",3,"Sudeste",1,"351410",3,20,5,15,10,10,1,0,0,0,0,21,5,15,10,10,15,10.0814952346046,10.2223775521121,0.397365910904459,31
"14469","SP","Dois Córregos",27512,23896.69,35021,"Jaú",3,"Sudeste",1,"351410",4,8,1,7,2,6,0,0,0,0,0,8,1,7,2,6,5,10.0814952346046,10.2223775521121,0.440349552019569,30
"14470","SP","Dois Córregos",27512,23896.69,35021,"Jaú",3,"Sudeste",1,"351410",5,7,1,6,3,4,0,0,0,0,0,7,1,6,3,4,22,10.0814952346046,10.2223775521121,0.417845229739914,31
"14471","SP","Dois Córregos",27512,23896.69,35021,"Jaú",3,"Sudeste",1,"351410",6,13,2,11,3,10,0,0,0,0,0,13,2,11,3,10,16,10.0814952346046,10.2223775521121,0.410209942018676,30
"14472","SP","Dois Córregos",27512,23896.69,35021,"Jaú",3,"Sudeste",1,"351410",7,24,4,20,9,15,0,0,0,0,0,24,4,20,9,15,23,10.0814952346046,10.2223775521121,0.404745711035528,29
"14473","SP","Dourado",8878,70723.95,35025,"São Carlos",3,"Sudeste",0,"351430",2,13,1,12,9,4,0,0,0,0,0,13,1,12,9,4,10,11.1665395498241,9.09133158539398,0.301684004886141,29
"14474","SP","Dourado",8878,70723.95,35025,"São Carlos",3,"Sudeste",0,"351430",3,12,1,11,4,8,0,0,0,0,0,12,1,11,4,8,7,11.1665395498241,9.09133158539398,0.373107779065429,31
"14475","SP","Dourado",8878,70723.95,35025,"São Carlos",3,"Sudeste",0,"351430",4,8,0,8,5,3,0,0,0,0,0,8,0,8,5,3,7,11.1665395498241,9.09133158539398,0.42208969673846,30
"14476","SP","Dourado",8878,70723.95,35025,"São Carlos",3,"Sudeste",0,"351430",5,1,0,1,0,1,0,0,0,0,0,1,0,1,0,1,6,11.1665395498241,9.09133158539398,0.348243191372715,31
"14477","SP","Dourado",8878,70723.95,35025,"São Carlos",3,"Sudeste",0,"351430",6,12,0,12,8,4,0,0,0,0,0,12,0,12,8,4,6,11.1665395498241,9.09133158539398,0.338331000250192,30
"14478","SP","Dourado",8878,70723.95,35025,"São Carlos",3,"Sudeste",0,"351430",7,5,0,5,1,4,0,0,0,0,0,5,0,5,1,4,7,11.1665395498241,9.09133158539398,0.352583356319557,29
"14479","SP","Dracena",47043,25779.84,35034,"Dracena",3,"Sudeste",1,"351440",2,63,9,54,11,52,0,0,0,0,0,63,9,54,11,52,37,10.1573480701124,10.7588173560491,0.286334891439384,29
"14480","SP","Dracena",47043,25779.84,35034,"Dracena",3,"Sudeste",1,"351440",3,61,9,52,18,43,0,0,0,0,0,61,9,52,18,43,36,10.1573480701124,10.7588173560491,0.371157111419075,31
"14481","SP","Dracena",47043,25779.84,35034,"Dracena",3,"Sudeste",1,"351440",4,42,3,39,8,34,1,0,0,0,0,43,3,39,8,34,39,10.1573480701124,10.7588173560491,0.431850954690068,30
"14482","SP","Dracena",47043,25779.84,35034,"Dracena",3,"Sudeste",1,"351440",5,44,5,39,14,30,0,0,0,0,0,44,5,39,14,30,24,10.1573480701124,10.7588173560491,0.399915802404008,31
"14483","SP","Dracena",47043,25779.84,35034,"Dracena",3,"Sudeste",1,"351440",6,38,4,34,10,28,0,0,0,0,0,38,4,34,10,28,27,10.1573480701124,10.7588173560491,0.35741508522309,30
"14484","SP","Dracena",47043,25779.84,35034,"Dracena",3,"Sudeste",1,"351440",7,44,7,37,10,34,0,0,0,0,0,44,7,37,10,34,48,10.1573480701124,10.7588173560491,0.357580196245766,29
"14485","SP","Duartina",12433,19047.83,35020,"Bauru",3,"Sudeste",1,"351450",2,18,5,13,6,12,0,0,0,0,0,18,5,13,6,12,8,9.85470846330537,9.42810950695294,0.278217562795481,29
"14486","SP","Duartina",12433,19047.83,35020,"Bauru",3,"Sudeste",1,"351450",3,24,5,19,11,13,0,0,0,0,0,24,5,19,11,13,9,9.85470846330537,9.42810950695294,0.360058990508974,31
"14487","SP","Duartina",12433,19047.83,35020,"Bauru",3,"Sudeste",1,"351450",4,9,1,8,1,8,0,0,0,0,0,9,1,8,1,8,5,9.85470846330537,9.42810950695294,0.388503038066897,30
"14488","SP","Duartina",12433,19047.83,35020,"Bauru",3,"Sudeste",1,"351450",5,18,3,15,8,10,0,0,0,0,0,18,3,15,8,10,10,9.85470846330537,9.42810950695294,0.340514242890883,31
"14489","SP","Duartina",12433,19047.83,35020,"Bauru",3,"Sudeste",1,"351450",6,13,2,11,6,7,0,0,0,0,0,13,2,11,6,7,15,9.85470846330537,9.42810950695294,0.349690865145113,30
"14490","SP","Duartina",12433,19047.83,35020,"Bauru",3,"Sudeste",1,"351450",7,12,3,9,7,5,0,0,0,0,0,12,3,9,7,5,11,9.85470846330537,9.42810950695294,0.337069473002725,29
"14491","SP","Dumont",10023,23587.84,35014,"Ribeirão Preto",3,"Sudeste",0,"351460",2,12,1,11,3,9,0,0,0,0,0,12,1,11,3,9,4,10.0684866039873,9.21263773102487,0.283256398172354,29
"14492","SP","Dumont",10023,23587.84,35014,"Ribeirão Preto",3,"Sudeste",0,"351460",3,12,0,12,3,9,0,0,0,0,0,12,0,12,3,9,5,10.0684866039873,9.21263773102487,0.365197753130804,31
"14493","SP","Dumont",10023,23587.84,35014,"Ribeirão Preto",3,"Sudeste",0,"351460",4,7,3,4,4,3,0,0,0,0,0,7,3,4,4,3,1,10.0684866039873,9.21263773102487,0.415901467059976,30
"14494","SP","Dumont",10023,23587.84,35014,"Ribeirão Preto",3,"Sudeste",0,"351460",5,7,3,4,3,4,0,0,0,0,0,7,3,4,3,4,6,10.0684866039873,9.21263773102487,0.375574331550696,31
"14495","SP","Dumont",10023,23587.84,35014,"Ribeirão Preto",3,"Sudeste",0,"351460",6,11,1,10,7,4,0,0,0,0,0,11,1,10,7,4,3,10.0684866039873,9.21263773102487,0.351228924779603,30
"14496","SP","Dumont",10023,23587.84,35014,"Ribeirão Preto",3,"Sudeste",0,"351460",7,10,1,9,4,6,0,0,0,0,0,10,1,9,4,6,4,10.0684866039873,9.21263773102487,0.347816461210688,29
"14497","SP","Echaporã",6064,20426.97,35038,"Marília",3,"Sudeste",0,"351470",2,10,2,8,4,6,0,0,0,0,0,10,2,8,4,6,3,9.92461136550556,8.71012492732221,0.310089791162104,29
"14498","SP","Echaporã",6064,20426.97,35038,"Marília",3,"Sudeste",0,"351470",3,13,5,8,4,9,0,0,0,0,0,13,5,8,4,9,1,9.92461136550556,8.71012492732221,0.359726091142074,31
"14499","SP","Echaporã",6064,20426.97,35038,"Marília",3,"Sudeste",0,"351470",4,3,0,3,2,1,0,0,0,0,0,3,0,3,2,1,4,9.92461136550556,8.71012492732221,0.404803551111324,30
"14500","SP","Echaporã",6064,20426.97,35038,"Marília",3,"Sudeste",0,"351470",5,4,1,3,1,3,0,0,0,0,0,4,1,3,1,3,5,9.92461136550556,8.71012492732221,0.400867622385273,31
"14501","SP","Echaporã",6064,20426.97,35038,"Marília",3,"Sudeste",0,"351470",6,6,3,3,1,5,0,0,0,0,0,6,3,3,1,5,10,9.92461136550556,8.71012492732221,0.366063888831599,30
"14502","SP","Echaporã",6064,20426.97,35038,"Marília",3,"Sudeste",0,"351470",7,10,2,8,4,6,0,0,0,0,0,10,2,8,4,6,6,9.92461136550556,8.71012492732221,0.345254149730125,29
"14503","SP","Eldorado",15544,20795.32,35055,"Registro",3,"Sudeste",0,"351480",2,26,10,16,8,18,0,0,0,0,0,26,10,16,8,18,3,9.94248324037311,9.65142999105728,0.374759167392436,29
"14504","SP","Eldorado",15544,20795.32,35055,"Registro",3,"Sudeste",0,"351480",3,29,5,24,10,19,0,0,0,0,0,29,5,24,10,19,6,9.94248324037311,9.65142999105728,0.444685379537662,31
"14505","SP","Eldorado",15544,20795.32,35055,"Registro",3,"Sudeste",0,"351480",4,24,5,19,14,10,0,0,0,0,0,24,5,19,14,10,14,9.94248324037311,9.65142999105728,0.473518551883161,30
"14506","SP","Eldorado",15544,20795.32,35055,"Registro",3,"Sudeste",0,"351480",5,15,6,9,4,11,0,0,0,0,0,15,6,9,4,11,10,9.94248324037311,9.65142999105728,0.464321255727978,31
"14507","SP","Eldorado",15544,20795.32,35055,"Registro",3,"Sudeste",0,"351480",6,14,3,11,7,7,0,0,0,0,0,14,3,11,7,7,13,9.94248324037311,9.65142999105728,0.467492181665387,30
"14508","SP","Eldorado",15544,20795.32,35055,"Registro",3,"Sudeste",0,"351480",7,18,2,16,6,12,0,0,0,0,0,18,2,16,6,12,8,9.94248324037311,9.65142999105728,0.44158972281611,29
"14509","SP","Elias Fausto",17936,40144.54,35032,"Campinas",3,"Sudeste",0,"351490",2,31,7,24,15,16,0,0,0,0,0,31,7,24,15,16,12,10.6002417200901,9.79456514531194,0.316088644798476,29
"14510","SP","Elias Fausto",17936,40144.54,35032,"Campinas",3,"Sudeste",0,"351490",3,31,5,26,13,18,1,0,0,0,0,32,5,26,13,18,6,10.6002417200901,9.79456514531194,0.394772264280279,31
"14511","SP","Elias Fausto",17936,40144.54,35032,"Campinas",3,"Sudeste",0,"351490",4,18,1,17,9,9,0,0,0,0,0,18,1,17,9,9,8,10.6002417200901,9.79456514531194,0.442060343699911,30
"14512","SP","Elias Fausto",17936,40144.54,35032,"Campinas",3,"Sudeste",0,"351490",5,21,4,17,6,15,1,0,0,0,0,22,4,17,6,15,7,10.6002417200901,9.79456514531194,0.424767244260321,31
"14513","SP","Elias Fausto",17936,40144.54,35032,"Campinas",3,"Sudeste",0,"351490",6,16,1,15,3,13,0,0,0,0,0,16,1,15,3,13,10,10.6002417200901,9.79456514531194,0.396942202952117,30
"14514","SP","Elias Fausto",17936,40144.54,35032,"Campinas",3,"Sudeste",0,"351490",7,16,1,15,4,12,0,0,0,0,0,16,1,15,4,12,9,10.6002417200901,9.79456514531194,0.385698460191375,29
"14515","SP","Embu das Artes",276535,48914.66,35060,"Itapecerica da Serra",3,"Sudeste",1,"351500",2,580,94,486,212,368,2,0,0,0,0,582,94,486,212,368,116,10.7978324260343,12.5300926742121,0.295948871906387,29
"14516","SP","Embu das Artes",276535,48914.66,35060,"Itapecerica da Serra",3,"Sudeste",1,"351500",3,508,80,428,189,319,1,0,0,0,0,509,80,428,189,319,124,10.7978324260343,12.5300926742121,0.394668983513191,31
"14517","SP","Embu das Artes",276535,48914.66,35060,"Itapecerica da Serra",3,"Sudeste",1,"351500",4,341,45,296,119,222,3,0,0,0,0,344,45,296,119,222,141,10.7978324260343,12.5300926742121,0.465093771780397,30
"14518","SP","Embu das Artes",276535,48914.66,35060,"Itapecerica da Serra",3,"Sudeste",1,"351500",5,318,53,265,118,200,4,0,0,0,0,322,53,265,118,200,179,10.7978324260343,12.5300926742121,0.440972854609784,31
"14519","SP","Embu das Artes",276535,48914.66,35060,"Itapecerica da Serra",3,"Sudeste",1,"351500",6,325,58,267,112,213,0,0,0,0,0,325,58,267,112,213,174,10.7978324260343,12.5300926742121,0.399400798848039,30
"14520","SP","Embu das Artes",276535,48914.66,35060,"Itapecerica da Serra",3,"Sudeste",1,"351500",7,315,39,276,106,209,2,0,0,0,0,317,39,276,106,209,176,10.7978324260343,12.5300926742121,0.38526324230343,29
"14521","SP","Embu-Guaçu",69901,16293.33,35060,"Itapecerica da Serra",3,"Sudeste",1,"351510",2,107,17,90,41,66,0,0,0,0,0,107,17,90,41,66,41,9.6985111005947,11.1548352342712,0.306180109528439,29
"14522","SP","Embu-Guaçu",69901,16293.33,35060,"Itapecerica da Serra",3,"Sudeste",1,"351510",3,111,12,99,35,76,0,0,0,0,0,111,12,99,35,76,39,9.6985111005947,11.1548352342712,0.40050503387585,31
"14523","SP","Embu-Guaçu",69901,16293.33,35060,"Itapecerica da Serra",3,"Sudeste",1,"351510",4,97,8,89,46,51,0,0,0,0,0,97,8,89,46,51,35,9.6985111005947,11.1548352342712,0.470725369883483,30
"14524","SP","Embu-Guaçu",69901,16293.33,35060,"Itapecerica da Serra",3,"Sudeste",1,"351510",5,82,11,71,28,54,1,0,0,0,0,83,11,71,28,54,68,9.6985111005947,11.1548352342712,0.4601658984391,31
"14525","SP","Embu-Guaçu",69901,16293.33,35060,"Itapecerica da Serra",3,"Sudeste",1,"351510",6,75,15,60,29,46,0,0,0,0,0,75,15,60,29,46,62,9.6985111005947,11.1548352342712,0.415977710021642,30
"14526","SP","Embu-Guaçu",69901,16293.33,35060,"Itapecerica da Serra",3,"Sudeste",1,"351510",7,68,9,59,22,46,1,0,0,0,0,69,9,59,22,46,46,9.6985111005947,11.1548352342712,0.405520505721705,29
"14527","SP","Engenheiro Coelho",21249,32701.36,35031,"Mogi Mirim",3,"Sudeste",1,"351515",2,44,9,35,18,26,0,0,0,0,0,44,9,35,18,26,6,10.3951719462346,9.96406511442173,0.339590188718698,29
"14528","SP","Engenheiro Coelho",21249,32701.36,35031,"Mogi Mirim",3,"Sudeste",1,"351515",3,42,13,29,19,23,0,0,0,0,0,42,13,29,19,23,2,10.3951719462346,9.96406511442173,0.418391656078969,31
"14529","SP","Engenheiro Coelho",21249,32701.36,35031,"Mogi Mirim",3,"Sudeste",1,"351515",4,19,6,13,6,13,0,0,0,0,0,19,6,13,6,13,6,10.3951719462346,9.96406511442173,0.452240347091368,30
"14530","SP","Engenheiro Coelho",21249,32701.36,35031,"Mogi Mirim",3,"Sudeste",1,"351515",5,23,5,18,8,15,0,0,0,0,0,23,5,18,8,15,9,10.3951719462346,9.96406511442173,0.432798935231908,31
"14531","SP","Engenheiro Coelho",21249,32701.36,35031,"Mogi Mirim",3,"Sudeste",1,"351515",6,26,6,20,6,20,0,0,0,0,0,26,6,20,6,20,9,10.3951719462346,9.96406511442173,0.423820621924787,30
"14532","SP","Engenheiro Coelho",21249,32701.36,35031,"Mogi Mirim",3,"Sudeste",1,"351515",7,25,8,17,6,19,0,0,0,0,0,25,8,17,6,19,15,10.3951719462346,9.96406511442173,0.411816349394901,29
"14533","SP","Espírito Santo do Pinhal",44471,32436.36,35030,"São João da Boa Vista",3,"Sudeste",1,"351518",2,71,11,60,13,58,0,0,0,0,0,71,11,60,13,58,19,10.387035294782,10.7025925703218,0.312085260819353,29
"14534","SP","Espírito Santo do Pinhal",44471,32436.36,35030,"São João da Boa Vista",3,"Sudeste",1,"351518",3,60,10,50,13,47,1,0,0,0,0,61,10,50,13,47,36,10.387035294782,10.7025925703218,0.394483306203252,31
"14535","SP","Espírito Santo do Pinhal",44471,32436.36,35030,"São João da Boa Vista",3,"Sudeste",1,"351518",4,40,9,31,19,21,0,0,0,0,0,40,9,31,19,21,24,10.387035294782,10.7025925703218,0.471672322324153,30
"14536","SP","Espírito Santo do Pinhal",44471,32436.36,35030,"São João da Boa Vista",3,"Sudeste",1,"351518",5,35,5,30,11,24,1,0,0,0,0,36,5,30,11,24,25,10.387035294782,10.7025925703218,0.423228886512786,31
"14537","SP","Espírito Santo do Pinhal",44471,32436.36,35030,"São João da Boa Vista",3,"Sudeste",1,"351518",6,41,10,31,16,25,0,0,0,0,0,41,10,31,16,25,27,10.387035294782,10.7025925703218,0.397250373554044,30
"14538","SP","Espírito Santo do Pinhal",44471,32436.36,35030,"São João da Boa Vista",3,"Sudeste",1,"351518",7,37,2,35,7,30,0,0,0,0,0,37,2,35,7,30,40,10.387035294782,10.7025925703218,0.397072957576289,29
"14539","SP","Espírito Santo do Turvo",4878,16466.12,35040,"Ourinhos",3,"Sudeste",0,"351519",2,9,3,6,5,4,0,0,0,0,0,9,3,6,5,4,4,9.70906021557626,8.49249057877587,0.334266656487765,29
"14540","SP","Espírito Santo do Turvo",4878,16466.12,35040,"Ourinhos",3,"Sudeste",0,"351519",3,13,3,10,3,10,0,0,0,0,0,13,3,10,3,10,3,9.70906021557626,8.49249057877587,0.424799678961449,31
"14541","SP","Espírito Santo do Turvo",4878,16466.12,35040,"Ourinhos",3,"Sudeste",0,"351519",4,8,2,6,3,5,0,0,0,0,0,8,2,6,3,5,0,9.70906021557626,8.49249057877587,0.455479666113297,30
"14542","SP","Espírito Santo do Turvo",4878,16466.12,35040,"Ourinhos",3,"Sudeste",0,"351519",5,4,2,2,3,1,0,0,0,0,0,4,2,2,3,1,3,9.70906021557626,8.49249057877587,0.431682267763804,31
"14543","SP","Espírito Santo do Turvo",4878,16466.12,35040,"Ourinhos",3,"Sudeste",0,"351519",6,10,4,6,5,5,0,0,0,0,0,10,4,6,5,5,2,9.70906021557626,8.49249057877587,0.398491878928843,30
"14544","SP","Espírito Santo do Turvo",4878,16466.12,35040,"Ourinhos",3,"Sudeste",0,"351519",7,9,4,5,2,7,1,0,0,0,0,10,4,5,2,7,4,9.70906021557626,8.49249057877587,0.414394377253605,29
"14545","SP","Estrela d'Oeste",8419,74377.84,35002,"Fernandópolis",3,"Sudeste",0,"351520",2,11,2,9,5,6,0,0,0,0,0,11,2,9,5,6,5,11.2169133269929,9.03824633533766,0.334988919676203,29
"14546","SP","Estrela d'Oeste",8419,74377.84,35002,"Fernandópolis",3,"Sudeste",0,"351520",3,14,1,13,4,10,0,0,0,0,0,14,1,13,4,10,5,11.2169133269929,9.03824633533766,0.415533974129348,31
"14547","SP","Estrela d'Oeste",8419,74377.84,35002,"Fernandópolis",3,"Sudeste",0,"351520",4,12,1,11,5,7,0,0,0,0,0,12,1,11,5,7,1,11.2169133269929,9.03824633533766,0.423089293966053,30
"14548","SP","Estrela d'Oeste",8419,74377.84,35002,"Fernandópolis",3,"Sudeste",0,"351520",5,9,2,7,4,5,0,0,0,0,0,9,2,7,4,5,1,11.2169133269929,9.03824633533766,0.408665416266736,31
"14549","SP","Estrela d'Oeste",8419,74377.84,35002,"Fernandópolis",3,"Sudeste",0,"351520",6,8,0,8,2,6,0,0,0,0,0,8,0,8,2,6,10,11.2169133269929,9.03824633533766,0.431970394945486,30
"14550","SP","Estrela d'Oeste",8419,74377.84,35002,"Fernandópolis",3,"Sudeste",0,"351520",7,8,1,7,1,7,0,0,0,0,0,8,1,7,1,7,10,11.2169133269929,9.03824633533766,0.398736393750219,29
"14551","SP","Euclides da Cunha Paulista",9325,16893.29,35036,"Presidente Prudente",3,"Sudeste",0,"351535",2,11,1,10,8,3,0,0,0,0,0,11,1,10,8,3,2,9.73467178064923,9.14045424451202,0.314456315796278,29
"14552","SP","Euclides da Cunha Paulista",9325,16893.29,35036,"Presidente Prudente",3,"Sudeste",0,"351535",3,15,0,15,8,7,1,0,0,0,0,16,0,15,8,7,6,9.73467178064923,9.14045424451202,0.377020204757609,31
"14553","SP","Euclides da Cunha Paulista",9325,16893.29,35036,"Presidente Prudente",3,"Sudeste",0,"351535",4,5,0,5,1,4,1,0,0,0,0,6,0,5,1,4,11,9.73467178064923,9.14045424451202,0.452485802841875,30
"14554","SP","Euclides da Cunha Paulista",9325,16893.29,35036,"Presidente Prudente",3,"Sudeste",0,"351535",5,5,0,5,2,3,0,0,0,0,0,5,0,5,2,3,4,9.73467178064923,9.14045424451202,0.439923523805736,31
"14555","SP","Euclides da Cunha Paulista",9325,16893.29,35036,"Presidente Prudente",3,"Sudeste",0,"351535",6,13,3,10,7,6,0,0,0,0,0,13,3,10,7,6,11,9.73467178064923,9.14045424451202,0.425822626558684,30
"14556","SP","Euclides da Cunha Paulista",9325,16893.29,35036,"Presidente Prudente",3,"Sudeste",0,"351535",7,8,2,6,1,7,0,0,0,0,0,8,2,6,1,7,5,9.73467178064923,9.14045424451202,0.436094989530911,29
"14557","SP","Fartura",16070,23162.82,35040,"Ourinhos",3,"Sudeste",1,"351540",2,28,4,24,14,14,0,0,0,0,0,28,4,24,14,14,9,10.0503036859326,9.68470945873156,0.292674801795417,29
"14558","SP","Fartura",16070,23162.82,35040,"Ourinhos",3,"Sudeste",1,"351540",3,27,4,23,8,19,0,0,0,0,0,27,4,23,8,19,9,10.0503036859326,9.68470945873156,0.41170615319583,31
"14559","SP","Fartura",16070,23162.82,35040,"Ourinhos",3,"Sudeste",1,"351540",4,25,10,15,6,19,0,0,0,0,0,25,10,15,6,19,10,10.0503036859326,9.68470945873156,0.455514945213517,30
"14560","SP","Fartura",16070,23162.82,35040,"Ourinhos",3,"Sudeste",1,"351540",5,20,2,18,8,12,0,0,0,0,0,20,2,18,8,12,7,10.0503036859326,9.68470945873156,0.439223356925101,31
"14561","SP","Fartura",16070,23162.82,35040,"Ourinhos",3,"Sudeste",1,"351540",6,18,4,14,8,10,0,0,0,0,0,18,4,14,8,10,8,10.0503036859326,9.68470945873156,0.400437307306695,30
"14562","SP","Fartura",16070,23162.82,35040,"Ourinhos",3,"Sudeste",1,"351540",7,24,2,22,4,20,0,0,0,0,0,24,2,22,4,20,21,10.0503036859326,9.68470945873156,0.412971817627533,29
"14563","SP","Fernandópolis",69402,29148.74,35002,"Fernandópolis",3,"Sudeste",1,"351550",2,102,8,94,42,60,0,0,0,0,0,102,8,94,42,60,42,10.2801669661446,11.1476709645235,0.283164379218736,29
"14564","SP","Fernandópolis",69402,29148.74,35002,"Fernandópolis",3,"Sudeste",1,"351550",3,91,7,84,35,56,2,0,0,0,0,93,7,84,35,56,61,10.2801669661446,11.1476709645235,0.374926515740774,31
"14565","SP","Fernandópolis",69402,29148.74,35002,"Fernandópolis",3,"Sudeste",1,"351550",4,65,7,58,15,50,0,0,0,0,0,65,7,58,15,50,51,10.2801669661446,11.1476709645235,0.406193037588461,30
"14566","SP","Fernandópolis",69402,29148.74,35002,"Fernandópolis",3,"Sudeste",1,"351550",5,82,5,77,19,63,0,0,0,0,0,82,5,77,19,63,47,10.2801669661446,11.1476709645235,0.373666673361012,31
"14567","SP","Fernandópolis",69402,29148.74,35002,"Fernandópolis",3,"Sudeste",1,"351550",6,70,8,62,26,44,1,0,0,0,0,71,8,62,26,44,52,10.2801669661446,11.1476709645235,0.35133500394411,30
"14568","SP","Fernandópolis",69402,29148.74,35002,"Fernandópolis",3,"Sudeste",1,"351550",7,87,7,80,25,62,0,0,0,0,0,87,7,80,25,62,51,10.2801669661446,11.1476709645235,0.348061164377012,29
"14569","SP","Fernando Prestes",5794,33167.17,35013,"Jaboticabal",3,"Sudeste",0,"351560",2,6,2,4,3,3,0,0,0,0,0,6,2,4,3,3,3,10.4093158102428,8.66457817832929,0.316944532468725,29
"14570","SP","Fernando Prestes",5794,33167.17,35013,"Jaboticabal",3,"Sudeste",0,"351560",3,5,0,5,4,1,0,0,0,0,0,5,0,5,4,1,7,10.4093158102428,8.66457817832929,0.391210857747344,31
"14571","SP","Fernando Prestes",5794,33167.17,35013,"Jaboticabal",3,"Sudeste",0,"351560",4,7,0,7,3,4,0,0,0,0,0,7,0,7,3,4,2,10.4093158102428,8.66457817832929,0.391521934538952,30
"14572","SP","Fernando Prestes",5794,33167.17,35013,"Jaboticabal",3,"Sudeste",0,"351560",5,6,0,6,1,5,0,0,0,0,0,6,0,6,1,5,2,10.4093158102428,8.66457817832929,0.423214662578914,31
"14573","SP","Fernando Prestes",5794,33167.17,35013,"Jaboticabal",3,"Sudeste",0,"351560",6,7,0,7,0,7,0,0,0,0,0,7,0,7,0,7,2,10.4093158102428,8.66457817832929,0.378400733485367,30
"14574","SP","Fernando Prestes",5794,33167.17,35013,"Jaboticabal",3,"Sudeste",0,"351560",7,4,3,1,2,2,0,0,0,0,0,4,3,1,2,2,9,10.4093158102428,8.66457817832929,0.388336334046826,29
"14575","SP","Ferraz de Vasconcelos",196500,16344.03,35062,"Mogi das Cruzes",3,"Sudeste",1,"351570",2,368,43,325,139,229,1,0,0,0,0,369,43,325,139,229,75,9.70161797203175,12.1884177102915,0.313842431729062,29
"14576","SP","Ferraz de Vasconcelos",196500,16344.03,35062,"Mogi das Cruzes",3,"Sudeste",1,"351570",3,367,44,323,124,243,3,0,0,0,0,370,44,323,124,243,97,9.70161797203175,12.1884177102915,0.413187185997892,31
"14577","SP","Ferraz de Vasconcelos",196500,16344.03,35062,"Mogi das Cruzes",3,"Sudeste",1,"351570",4,237,31,206,89,148,2,0,0,0,0,239,31,206,89,148,102,9.70161797203175,12.1884177102915,0.486244487164243,30
"14578","SP","Ferraz de Vasconcelos",196500,16344.03,35062,"Mogi das Cruzes",3,"Sudeste",1,"351570",5,189,28,161,72,117,3,0,0,0,0,192,28,161,72,117,123,9.70161797203175,12.1884177102915,0.458302417325471,31
"14579","SP","Ferraz de Vasconcelos",196500,16344.03,35062,"Mogi das Cruzes",3,"Sudeste",1,"351570",6,208,31,177,73,135,3,0,0,0,0,211,31,177,73,135,112,9.70161797203175,12.1884177102915,0.41010501509374,30
"14580","SP","Ferraz de Vasconcelos",196500,16344.03,35062,"Mogi das Cruzes",3,"Sudeste",1,"351570",7,209,32,177,62,147,0,0,0,0,0,209,32,177,62,147,115,9.70161797203175,12.1884177102915,0.403691891791505,29
"14581","SP","Flórida Paulista",14790,14264.37,35035,"Adamantina",3,"Sudeste",0,"351600",2,7,1,6,2,5,0,0,0,0,0,7,1,6,2,5,10,9.56552009863448,9.60170655570485,0.303405794746449,29
"14582","SP","Flórida Paulista",14790,14264.37,35035,"Adamantina",3,"Sudeste",0,"351600",3,19,4,15,6,13,0,0,0,0,0,19,4,15,6,13,9,9.56552009863448,9.60170655570485,0.368464653470412,31
"14583","SP","Flórida Paulista",14790,14264.37,35035,"Adamantina",3,"Sudeste",0,"351600",4,6,0,6,2,4,1,0,0,0,0,7,0,6,2,4,5,9.56552009863448,9.60170655570485,0.388263747871354,30
"14584","SP","Flórida Paulista",14790,14264.37,35035,"Adamantina",3,"Sudeste",0,"351600",5,9,1,8,3,6,0,0,0,0,0,9,1,8,3,6,9,9.56552009863448,9.60170655570485,0.383482313958515,31
"14585","SP","Flórida Paulista",14790,14264.37,35035,"Adamantina",3,"Sudeste",0,"351600",6,8,3,5,4,4,0,0,0,0,0,8,3,5,4,4,7,9.56552009863448,9.60170655570485,0.367109289705674,30
"14586","SP","Flórida Paulista",14790,14264.37,35035,"Adamantina",3,"Sudeste",0,"351600",7,6,3,3,4,2,1,0,0,0,0,7,3,3,4,2,9,9.56552009863448,9.60170655570485,0.368758170393215,29
"14587","SP","Franca",355901,28518.78,35012,"Franca",3,"Sudeste",1,"351620",2,586,78,508,172,414,1,0,0,0,0,587,78,508,172,414,189,10.2583180966147,12.7824078812724,0.290944993734147,29
"14588","SP","Franca",355901,28518.78,35012,"Franca",3,"Sudeste",1,"351620",3,654,89,565,208,446,1,0,0,0,0,655,89,565,208,446,214,10.2583180966147,12.7824078812724,0.39719104733744,31
"14589","SP","Franca",355901,28518.78,35012,"Franca",3,"Sudeste",1,"351620",4,418,59,359,115,303,2,0,0,0,0,420,59,359,115,303,164,10.2583180966147,12.7824078812724,0.45414244973925,30
"14590","SP","Franca",355901,28518.78,35012,"Franca",3,"Sudeste",1,"351620",5,403,51,352,133,270,2,0,0,0,0,405,51,352,133,270,187,10.2583180966147,12.7824078812724,0.405402627484471,31
"14591","SP","Franca",355901,28518.78,35012,"Franca",3,"Sudeste",1,"351620",6,394,44,350,113,281,3,0,0,0,0,397,44,350,113,281,223,10.2583180966147,12.7824078812724,0.36732232913983,30
"14592","SP","Franca",355901,28518.78,35012,"Franca",3,"Sudeste",1,"351620",7,360,42,318,119,241,3,0,0,0,0,363,42,318,119,241,240,10.2583180966147,12.7824078812724,0.365457116429123,29
"14593","SP","Francisco Morato",177633,8719.4,35058,"Franco da Rocha",3,"Sudeste",1,"351630",2,341,45,296,131,210,5,0,0,0,0,346,45,296,131,210,85,9.07330570719624,12.0874749030903,0.309516825871049,29
"14594","SP","Francisco Morato",177633,8719.4,35058,"Franco da Rocha",3,"Sudeste",1,"351630",3,361,48,313,150,211,5,0,0,0,0,366,48,313,150,211,79,9.07330570719624,12.0874749030903,0.403663045168326,31
"14595","SP","Francisco Morato",177633,8719.4,35058,"Franco da Rocha",3,"Sudeste",1,"351630",4,215,31,184,91,124,2,0,0,0,0,217,31,184,91,124,113,9.07330570719624,12.0874749030903,0.470887921373119,30
"14596","SP","Francisco Morato",177633,8719.4,35058,"Franco da Rocha",3,"Sudeste",1,"351630",5,240,28,212,92,148,0,0,0,0,0,240,28,212,92,148,142,9.07330570719624,12.0874749030903,0.44982568451252,31
"14597","SP","Francisco Morato",177633,8719.4,35058,"Franco da Rocha",3,"Sudeste",1,"351630",6,220,31,189,70,150,0,0,0,0,0,220,31,189,70,150,113,9.07330570719624,12.0874749030903,0.407686063676002,30
"14598","SP","Francisco Morato",177633,8719.4,35058,"Franco da Rocha",3,"Sudeste",1,"351630",7,244,28,216,93,151,2,0,0,0,0,246,28,216,93,151,88,9.07330570719624,12.0874749030903,0.400404124144608,29
"14599","SP","Franco da Rocha",156492,19650.05,35058,"Franco da Rocha",3,"Sudeste",1,"351640",2,275,33,242,116,159,3,0,0,0,0,278,33,242,116,159,70,9.88583516182343,11.9607601694449,0.301302708126721,29
"14600","SP","Franco da Rocha",156492,19650.05,35058,"Franco da Rocha",3,"Sudeste",1,"351640",3,289,36,253,121,168,2,0,0,0,0,291,36,253,121,168,65,9.88583516182343,11.9607601694449,0.404198660836383,31
"14601","SP","Franco da Rocha",156492,19650.05,35058,"Franco da Rocha",3,"Sudeste",1,"351640",4,191,21,170,67,124,2,0,0,0,0,193,21,170,67,124,96,9.88583516182343,11.9607601694449,0.473127796556608,30
"14602","SP","Franco da Rocha",156492,19650.05,35058,"Franco da Rocha",3,"Sudeste",1,"351640",5,184,15,169,67,117,3,0,0,0,0,187,15,169,67,117,120,9.88583516182343,11.9607601694449,0.449699727406308,31
"14603","SP","Franco da Rocha",156492,19650.05,35058,"Franco da Rocha",3,"Sudeste",1,"351640",6,175,25,150,67,108,2,0,0,0,0,177,25,150,67,108,117,9.88583516182343,11.9607601694449,0.407653336555929,30
"14604","SP","Franco da Rocha",156492,19650.05,35058,"Franco da Rocha",3,"Sudeste",1,"351640",7,177,21,156,67,110,1,0,0,0,0,178,21,156,67,110,93,9.88583516182343,11.9607601694449,0.395722142736537,29
"14605","SP","Gália",6482,21643.97,35038,"Marília",3,"Sudeste",0,"351660",2,9,0,9,4,5,0,0,0,0,0,9,0,9,4,5,3,9.98248217269624,8.77678438370149,0.313580776280485,29
"14606","SP","Gália",6482,21643.97,35038,"Marília",3,"Sudeste",0,"351660",3,8,1,7,2,6,0,0,0,0,0,8,1,7,2,6,5,9.98248217269624,8.77678438370149,0.371681825106487,31
"14607","SP","Gália",6482,21643.97,35038,"Marília",3,"Sudeste",0,"351660",4,2,1,1,0,2,0,0,0,0,0,2,1,1,0,2,4,9.98248217269624,8.77678438370149,0.384970873226692,30
"14608","SP","Gália",6482,21643.97,35038,"Marília",3,"Sudeste",0,"351660",5,5,2,3,1,4,0,0,0,0,0,5,2,3,1,4,5,9.98248217269624,8.77678438370149,0.38044556886876,31
"14609","SP","Gália",6482,21643.97,35038,"Marília",3,"Sudeste",0,"351660",6,5,1,4,3,2,0,0,0,0,0,5,1,4,3,2,3,9.98248217269624,8.77678438370149,0.352408730627013,30
"14610","SP","Gália",6482,21643.97,35038,"Marília",3,"Sudeste",0,"351660",7,4,1,3,2,2,0,0,0,0,0,4,1,3,2,2,10,9.98248217269624,8.77678438370149,0.375112090642422,29
"14611","SP","Garça",44409,26874.37,35038,"Marília",3,"Sudeste",1,"351670",2,67,6,61,23,44,0,0,0,0,0,67,6,61,23,44,19,10.1989283232947,10.7011974305816,0.292253493536571,29
"14612","SP","Garça",44409,26874.37,35038,"Marília",3,"Sudeste",1,"351670",3,75,7,68,22,53,0,0,0,0,0,75,7,68,22,53,31,10.1989283232947,10.7011974305816,0.372564546646567,31
"14613","SP","Garça",44409,26874.37,35038,"Marília",3,"Sudeste",1,"351670",4,37,6,31,14,23,0,0,0,0,0,37,6,31,14,23,26,10.1989283232947,10.7011974305816,0.412753948586862,30
"14614","SP","Garça",44409,26874.37,35038,"Marília",3,"Sudeste",1,"351670",5,57,5,52,22,35,0,0,0,0,0,57,5,52,22,35,34,10.1989283232947,10.7011974305816,0.392316368247893,31
"14615","SP","Garça",44409,26874.37,35038,"Marília",3,"Sudeste",1,"351670",6,29,1,28,12,17,0,0,0,0,0,29,1,28,12,17,24,10.1989283232947,10.7011974305816,0.354470163980709,30
"14616","SP","Garça",44409,26874.37,35038,"Marília",3,"Sudeste",1,"351670",7,44,1,43,19,25,0,0,0,0,0,44,1,43,19,25,36,10.1989283232947,10.7011974305816,0.353346802783278,29
"14617","SP","Gavião Peixoto",4815,186287.72,35024,"Araraquara",3,"Sudeste",1,"351685",2,9,3,6,4,5,0,0,0,0,0,9,3,6,4,5,1,12.1350476392266,8.47949132423223,0.31719974858599,29
"14618","SP","Gavião Peixoto",4815,186287.72,35024,"Araraquara",3,"Sudeste",1,"351685",3,6,2,4,3,3,0,0,0,0,0,6,2,4,3,3,3,12.1350476392266,8.47949132423223,0.412909208893437,31
"14619","SP","Gavião Peixoto",4815,186287.72,35024,"Araraquara",3,"Sudeste",1,"351685",4,5,1,4,2,3,0,0,0,0,0,5,1,4,2,3,3,12.1350476392266,8.47949132423223,0.45047971896094,30
"14620","SP","Gavião Peixoto",4815,186287.72,35024,"Araraquara",3,"Sudeste",1,"351685",5,3,0,3,2,1,0,0,0,0,0,3,0,3,2,1,2,12.1350476392266,8.47949132423223,0.401017445444662,31
"14621","SP","Gavião Peixoto",4815,186287.72,35024,"Araraquara",3,"Sudeste",1,"351685",6,6,0,6,3,3,0,0,0,0,0,6,0,6,3,3,6,12.1350476392266,8.47949132423223,0.373535236002734,30
"14622","SP","Gavião Peixoto",4815,186287.72,35024,"Araraquara",3,"Sudeste",1,"351685",7,7,2,5,4,3,0,0,0,0,0,7,2,5,4,3,5,12.1350476392266,8.47949132423223,0.389747148541901,29
"14623","SP","Getulina",11447,16284.53,35019,"Lins",3,"Sudeste",0,"351700",2,12,3,9,7,5,0,0,0,0,0,12,3,9,7,5,7,9.6979708563789,9.34548296591848,0.288239212716691,29
"14624","SP","Getulina",11447,16284.53,35019,"Lins",3,"Sudeste",0,"351700",3,16,3,13,6,10,0,0,0,0,0,16,3,13,6,10,8,9.6979708563789,9.34548296591848,0.393332143884382,31
"14625","SP","Getulina",11447,16284.53,35019,"Lins",3,"Sudeste",0,"351700",4,9,2,7,3,6,0,0,0,0,0,9,2,7,3,6,4,9.6979708563789,9.34548296591848,0.394485820149521,30
"14626","SP","Getulina",11447,16284.53,35019,"Lins",3,"Sudeste",0,"351700",5,9,3,6,2,7,0,0,0,0,0,9,3,6,2,7,8,9.6979708563789,9.34548296591848,0.352521167856379,31
"14627","SP","Getulina",11447,16284.53,35019,"Lins",3,"Sudeste",0,"351700",6,8,1,7,7,1,0,0,0,0,0,8,1,7,7,1,8,9.6979708563789,9.34548296591848,0.34529962613486,30
"14628","SP","Getulina",11447,16284.53,35019,"Lins",3,"Sudeste",0,"351700",7,5,1,4,2,3,1,0,0,0,0,6,1,4,2,3,6,9.6979708563789,9.34548296591848,0.347734735051415,29
"14629","SP","Glicério",4829,21142.62,35018,"Birigui",3,"Sudeste",0,"351710",2,6,0,6,4,2,0,0,0,0,0,6,0,6,4,2,0,9.95904618741182,8.48239468587354,0.298543987907332,29
"14630","SP","Glicério",4829,21142.62,35018,"Birigui",3,"Sudeste",0,"351710",3,8,2,6,2,6,0,0,0,0,0,8,2,6,2,6,1,9.95904618741182,8.48239468587354,0.37300793928013,31
"14631","SP","Glicério",4829,21142.62,35018,"Birigui",3,"Sudeste",0,"351710",4,4,0,4,1,3,0,0,0,0,0,4,0,4,1,3,2,9.95904618741182,8.48239468587354,0.411216561198475,30
"14632","SP","Glicério",4829,21142.62,35018,"Birigui",3,"Sudeste",0,"351710",5,6,0,6,3,3,0,0,0,0,0,6,0,6,3,3,0,9.95904618741182,8.48239468587354,0.409777672496918,31
"14633","SP","Glicério",4829,21142.62,35018,"Birigui",3,"Sudeste",0,"351710",6,4,2,2,1,3,0,0,0,0,0,4,2,2,1,3,4,9.95904618741182,8.48239468587354,0.361572329427431,30
"14634","SP","Glicério",4829,21142.62,35018,"Birigui",3,"Sudeste",0,"351710",7,1,0,1,1,0,0,0,0,0,0,1,0,1,1,0,8,9.95904618741182,8.48239468587354,0.394894890781171,29
"14635","SP","Guaiçara",12294,16298.89,35019,"Lins",3,"Sudeste",0,"351720",2,15,5,10,6,9,0,0,0,0,0,15,5,10,6,9,9,9.69885228631656,9.41686661746695,0.318222036187001,29
"14636","SP","Guaiçara",12294,16298.89,35019,"Lins",3,"Sudeste",0,"351720",3,16,4,12,10,6,0,0,0,0,0,16,4,12,10,6,6,9.69885228631656,9.41686661746695,0.414954133822396,31
"14637","SP","Guaiçara",12294,16298.89,35019,"Lins",3,"Sudeste",0,"351720",4,20,6,14,11,9,0,0,0,0,0,20,6,14,11,9,7,9.69885228631656,9.41686661746695,0.42585226917841,30
"14638","SP","Guaiçara",12294,16298.89,35019,"Lins",3,"Sudeste",0,"351720",5,15,6,9,7,8,0,0,0,0,0,15,6,9,7,8,2,9.69885228631656,9.41686661746695,0.404067074843447,31
"14639","SP","Guaiçara",12294,16298.89,35019,"Lins",3,"Sudeste",0,"351720",6,16,5,11,9,7,0,0,0,0,0,16,5,11,9,7,9,9.69885228631656,9.41686661746695,0.405548198749879,30
"14640","SP","Guaiçara",12294,16298.89,35019,"Lins",3,"Sudeste",0,"351720",7,7,1,6,1,6,0,0,0,0,0,7,1,6,1,6,6,9.69885228631656,9.41686661746695,0.394387058628124,29
"14641","SP","Guaimbê",5785,13163.82,35019,"Lins",3,"Sudeste",0,"351730",2,10,5,5,1,9,0,0,0,0,0,10,5,5,1,9,1,9.48522743631432,8.66302363962778,0.286356950385448,29
"14642","SP","Guaimbê",5785,13163.82,35019,"Lins",3,"Sudeste",0,"351730",3,11,6,5,3,8,0,0,0,0,0,11,6,5,3,8,4,9.48522743631432,8.66302363962778,0.38663851647881,31
"14643","SP","Guaimbê",5785,13163.82,35019,"Lins",3,"Sudeste",0,"351730",4,6,2,4,2,4,0,0,0,0,0,6,2,4,2,4,2,9.48522743631432,8.66302363962778,0.382374333526003,30
"14644","SP","Guaimbê",5785,13163.82,35019,"Lins",3,"Sudeste",0,"351730",5,6,1,5,4,2,0,0,0,0,0,6,1,5,4,2,2,9.48522743631432,8.66302363962778,0.393013050252482,31
"14645","SP","Guaimbê",5785,13163.82,35019,"Lins",3,"Sudeste",0,"351730",6,2,2,0,1,1,0,0,0,0,0,2,2,0,1,1,8,9.48522743631432,8.66302363962778,0.332432962602878,30
"14646","SP","Guaimbê",5785,13163.82,35019,"Lins",3,"Sudeste",0,"351730",7,9,2,7,3,6,0,0,0,0,0,9,2,7,3,6,4,9.48522743631432,8.66302363962778,0.345145445712999,29
"14647","SP","Guaíra",41040,80169.84,35010,"São Joaquim da Barra",3,"Sudeste",1,"351740",2,60,6,54,16,44,0,0,0,0,0,60,6,54,16,44,29,11.291902663276,10.6223024798447,0.303441864415813,29
"14648","SP","Guaíra",41040,80169.84,35010,"São Joaquim da Barra",3,"Sudeste",1,"351740",3,63,13,50,22,41,0,0,0,0,0,63,13,50,22,41,19,11.291902663276,10.6223024798447,0.371857407253804,31
"14649","SP","Guaíra",41040,80169.84,35010,"São Joaquim da Barra",3,"Sudeste",1,"351740",4,53,9,44,30,23,1,0,0,0,0,54,9,44,30,23,20,11.291902663276,10.6223024798447,0.398375914658695,30
"14650","SP","Guaíra",41040,80169.84,35010,"São Joaquim da Barra",3,"Sudeste",1,"351740",5,43,6,37,20,23,1,0,0,0,0,44,6,37,20,23,21,11.291902663276,10.6223024798447,0.383766657355857,31
"14651","SP","Guaíra",41040,80169.84,35010,"São Joaquim da Barra",3,"Sudeste",1,"351740",6,39,5,34,13,26,0,0,0,0,0,39,5,34,13,26,35,11.291902663276,10.6223024798447,0.368641384589681,30
"14652","SP","Guaíra",41040,80169.84,35010,"São Joaquim da Barra",3,"Sudeste",1,"351740",7,42,6,36,13,29,0,0,0,0,0,42,6,36,13,29,31,11.291902663276,10.6223024798447,0.361881228869495,29
"14653","SP","Guapiaçu",21775,26008.59,35004,"São José do Rio Preto",3,"Sudeste",1,"351750",2,45,6,39,11,34,0,0,0,0,0,45,6,39,11,34,12,10.166182147054,9.9885178017207,0.285875150178923,29
"14654","SP","Guapiaçu",21775,26008.59,35004,"São José do Rio Preto",3,"Sudeste",1,"351750",3,45,9,36,20,25,0,0,0,0,0,45,9,36,20,25,18,10.166182147054,9.9885178017207,0.356142377295424,31
"14655","SP","Guapiaçu",21775,26008.59,35004,"São José do Rio Preto",3,"Sudeste",1,"351750",4,23,4,19,7,16,0,0,0,0,0,23,4,19,7,16,9,10.166182147054,9.9885178017207,0.386563263443519,30
"14656","SP","Guapiaçu",21775,26008.59,35004,"São José do Rio Preto",3,"Sudeste",1,"351750",5,26,6,20,7,19,0,0,0,0,0,26,6,20,7,19,14,10.166182147054,9.9885178017207,0.370478634294465,31
"14657","SP","Guapiaçu",21775,26008.59,35004,"São José do Rio Preto",3,"Sudeste",1,"351750",6,21,7,14,7,14,0,0,0,0,0,21,7,14,7,14,18,10.166182147054,9.9885178017207,0.359550203342606,30
"14658","SP","Guapiaçu",21775,26008.59,35004,"São José do Rio Preto",3,"Sudeste",1,"351750",7,15,7,8,5,10,0,0,0,0,0,15,7,8,5,10,16,10.166182147054,9.9885178017207,0.363785196518006,29
"14659","SP","Guapiara",17025,18874.32,35044,"Capão Bonito",3,"Sudeste",0,"351760",2,31,4,27,14,17,1,0,0,0,0,32,4,27,14,17,13,9.84555754697819,9.74243813101771,0.326047955041798,29
"14660","SP","Guapiara",17025,18874.32,35044,"Capão Bonito",3,"Sudeste",0,"351760",3,28,5,23,13,15,0,0,0,0,0,28,5,23,13,15,14,9.84555754697819,9.74243813101771,0.411363073053679,31
"14661","SP","Guapiara",17025,18874.32,35044,"Capão Bonito",3,"Sudeste",0,"351760",4,18,6,12,3,15,0,0,0,0,0,18,6,12,3,15,8,9.84555754697819,9.74243813101771,0.448850420554975,30
"14662","SP","Guapiara",17025,18874.32,35044,"Capão Bonito",3,"Sudeste",0,"351760",5,26,7,19,13,13,0,0,0,0,0,26,7,19,13,13,17,9.84555754697819,9.74243813101771,0.458427319742581,31
"14663","SP","Guapiara",17025,18874.32,35044,"Capão Bonito",3,"Sudeste",0,"351760",6,15,2,13,8,7,0,0,0,0,0,15,2,13,8,7,16,9.84555754697819,9.74243813101771,0.461443487044654,30
"14664","SP","Guapiara",17025,18874.32,35044,"Capão Bonito",3,"Sudeste",0,"351760",7,8,2,6,4,4,0,0,0,0,0,8,2,6,4,4,11,9.84555754697819,9.74243813101771,0.476845569451277,29
"14665","SP","Guará",21308,20804.61,35011,"Ituverava",3,"Sudeste",1,"351770",2,25,5,20,6,19,0,0,0,0,0,25,5,20,6,19,15,9.94292987574747,9.96683786803689,0.316024074528613,29
"14666","SP","Guará",21308,20804.61,35011,"Ituverava",3,"Sudeste",1,"351770",3,25,5,20,8,17,0,0,0,0,0,25,5,20,8,17,13,9.94292987574747,9.96683786803689,0.394726395108511,31
"14667","SP","Guará",21308,20804.61,35011,"Ituverava",3,"Sudeste",1,"351770",4,17,5,12,3,14,0,0,0,0,0,17,5,12,3,14,11,9.94292987574747,9.96683786803689,0.428534539083815,30
"14668","SP","Guará",21308,20804.61,35011,"Ituverava",3,"Sudeste",1,"351770",5,16,2,14,6,10,0,0,0,0,0,16,2,14,6,10,11,9.94292987574747,9.96683786803689,0.393122945599237,31
"14669","SP","Guará",21308,20804.61,35011,"Ituverava",3,"Sudeste",1,"351770",6,20,7,13,4,16,0,0,0,0,0,20,7,13,4,16,9,9.94292987574747,9.96683786803689,0.374179531520413,30
"14670","SP","Guará",21308,20804.61,35011,"Ituverava",3,"Sudeste",1,"351770",7,22,7,15,11,11,0,0,0,0,0,22,7,15,11,11,12,9.94292987574747,9.96683786803689,0.384677247105638,29
"14671","SP","Guaraçaí",8290,32770.4,35016,"Andradina",3,"Sudeste",0,"351780",2,6,1,5,2,4,0,0,0,0,0,6,1,5,2,4,5,10.3972809479046,9.02280524812934,0.317011265468815,29
"14672","SP","Guaraçaí",8290,32770.4,35016,"Andradina",3,"Sudeste",0,"351780",3,5,0,5,2,3,0,0,0,0,0,5,0,5,2,3,7,10.3972809479046,9.02280524812934,0.398550554508881,31
"14673","SP","Guaraçaí",8290,32770.4,35016,"Andradina",3,"Sudeste",0,"351780",4,7,2,5,3,4,0,0,0,0,0,7,2,5,3,4,8,10.3972809479046,9.02280524812934,0.39019267426631,30
"14674","SP","Guaraçaí",8290,32770.4,35016,"Andradina",3,"Sudeste",0,"351780",5,12,1,11,8,4,0,0,0,0,0,12,1,11,8,4,5,10.3972809479046,9.02280524812934,0.397912231728437,31
"14675","SP","Guaraçaí",8290,32770.4,35016,"Andradina",3,"Sudeste",0,"351780",6,3,1,2,2,1,1,0,0,0,0,4,1,2,2,1,3,10.3972809479046,9.02280524812934,0.364908079716331,30
"14676","SP","Guaraçaí",8290,32770.4,35016,"Andradina",3,"Sudeste",0,"351780",7,7,2,5,3,4,0,0,0,0,0,7,2,5,3,4,12,10.3972809479046,9.02280524812934,0.341222561402332,29
"14677","SP","Guaraci",11287,29683.17,35004,"São José do Rio Preto",3,"Sudeste",0,"351790",2,5,1,4,1,4,0,0,0,0,0,5,1,4,1,4,6,10.2983354975079,9.33140689995563,0.309920597366927,29
"14678","SP","Guaraci",11287,29683.17,35004,"São José do Rio Preto",3,"Sudeste",0,"351790",3,24,3,21,15,9,0,0,0,0,0,24,3,21,15,9,3,10.2983354975079,9.33140689995563,0.374306575648268,31
"14679","SP","Guaraci",11287,29683.17,35004,"São José do Rio Preto",3,"Sudeste",0,"351790",4,12,0,12,4,8,0,0,0,0,0,12,0,12,4,8,5,10.2983354975079,9.33140689995563,0.406142292617258,30
"14680","SP","Guaraci",11287,29683.17,35004,"São José do Rio Preto",3,"Sudeste",0,"351790",5,11,2,9,4,7,0,0,0,0,0,11,2,9,4,7,10,10.2983354975079,9.33140689995563,0.389562995185624,31
"14681","SP","Guaraci",11287,29683.17,35004,"São José do Rio Preto",3,"Sudeste",0,"351790",6,12,0,12,4,8,0,0,0,0,0,12,0,12,4,8,7,10.2983354975079,9.33140689995563,0.366910031946242,30
"14682","SP","Guaraci",11287,29683.17,35004,"São José do Rio Preto",3,"Sudeste",0,"351790",7,7,1,6,5,2,0,0,0,0,0,7,1,6,5,2,7,10.2983354975079,9.33140689995563,0.373362252520513,29
"14683","SP","Guarantã",6675,26176.16,35020,"Bauru",3,"Sudeste",0,"351810",2,9,3,6,5,4,0,0,0,0,0,9,3,6,5,4,6,10.1726043518532,8.80612448326845,0.280351582775077,29
"14684","SP","Guarantã",6675,26176.16,35020,"Bauru",3,"Sudeste",0,"351810",3,12,4,8,4,8,0,0,0,0,0,12,4,8,4,8,1,10.1726043518532,8.80612448326845,0.323865273910453,31
"14685","SP","Guarantã",6675,26176.16,35020,"Bauru",3,"Sudeste",0,"351810",4,7,1,6,3,4,1,0,0,0,0,8,1,6,3,4,3,10.1726043518532,8.80612448326845,0.374117623922945,30
"14686","SP","Guarantã",6675,26176.16,35020,"Bauru",3,"Sudeste",0,"351810",5,3,1,2,1,2,0,0,0,0,0,3,1,2,1,2,2,10.1726043518532,8.80612448326845,0.355087553555299,31
"14687","SP","Guarantã",6675,26176.16,35020,"Bauru",3,"Sudeste",0,"351810",6,9,2,7,5,4,0,0,0,0,0,9,2,7,5,4,2,10.1726043518532,8.80612448326845,0.330529754903932,30
"14688","SP","Guarantã",6675,26176.16,35020,"Bauru",3,"Sudeste",0,"351810",7,2,0,2,0,2,0,0,0,0,0,2,0,2,0,2,6,10.1726043518532,8.80612448326845,0.324028660414908,29
"14689","SP","Guararapes",33100,27764.52,35017,"Araçatuba",3,"Sudeste",1,"351820",2,41,9,32,9,32,0,0,0,0,0,41,9,32,9,32,16,10.2315142255738,10.4072885613652,0.280633634799145,29
"14690","SP","Guararapes",33100,27764.52,35017,"Araçatuba",3,"Sudeste",1,"351820",3,51,10,41,17,34,0,0,0,0,0,51,10,41,17,34,36,10.2315142255738,10.4072885613652,0.364054542908432,31
"14691","SP","Guararapes",33100,27764.52,35017,"Araçatuba",3,"Sudeste",1,"351820",4,36,2,34,14,22,0,0,0,0,0,36,2,34,14,22,12,10.2315142255738,10.4072885613652,0.406458793366623,30
"14692","SP","Guararapes",33100,27764.52,35017,"Araçatuba",3,"Sudeste",1,"351820",5,26,3,23,6,20,0,0,0,0,0,26,3,23,6,20,20,10.2315142255738,10.4072885613652,0.374933713237845,31
"14693","SP","Guararapes",33100,27764.52,35017,"Araçatuba",3,"Sudeste",1,"351820",6,30,6,24,12,18,0,0,0,0,0,30,6,24,12,18,23,10.2315142255738,10.4072885613652,0.348086621729712,30
"14694","SP","Guararapes",33100,27764.52,35017,"Araçatuba",3,"Sudeste",1,"351820",7,30,2,28,9,21,0,0,0,0,0,30,2,28,9,21,28,10.2315142255738,10.4072885613652,0.355858260048922,29
"14695","SP","Guararema",30136,47997.77,35062,"Mogi das Cruzes",3,"Sudeste",0,"351830",2,48,11,37,25,23,1,0,0,0,0,49,11,37,25,23,19,10.7789098304775,10.3134757493719,0.323768060644139,29
"14696","SP","Guararema",30136,47997.77,35062,"Mogi das Cruzes",3,"Sudeste",0,"351830",3,61,9,52,21,40,0,0,0,0,0,61,9,52,21,40,22,10.7789098304775,10.3134757493719,0.414303575502883,31
"14697","SP","Guararema",30136,47997.77,35062,"Mogi das Cruzes",3,"Sudeste",0,"351830",4,50,7,43,16,34,0,0,0,0,0,50,7,43,16,34,14,10.7789098304775,10.3134757493719,0.481558060097245,30
"14698","SP","Guararema",30136,47997.77,35062,"Mogi das Cruzes",3,"Sudeste",0,"351830",5,38,4,34,17,21,0,0,0,0,0,38,4,34,17,21,21,10.7789098304775,10.3134757493719,0.457037917364935,31
"14699","SP","Guararema",30136,47997.77,35062,"Mogi das Cruzes",3,"Sudeste",0,"351830",6,42,5,37,14,28,0,0,0,0,0,42,5,37,14,28,24,10.7789098304775,10.3134757493719,0.420630991741371,30
"14700","SP","Guararema",30136,47997.77,35062,"Mogi das Cruzes",3,"Sudeste",0,"351830",7,41,4,37,18,23,0,0,0,0,0,41,4,37,18,23,35,10.7789098304775,10.3134757493719,0.403880663540097,29
"14701","SP","Guaratinguetá",122505,46849.29,35051,"Guaratinguetá",3,"Sudeste",1,"351840",2,193,20,173,62,131,0,0,0,0,0,193,20,173,62,131,92,10.7546911328025,11.7159071244605,0.31103024895106,29
"14702","SP","Guaratinguetá",122505,46849.29,35051,"Guaratinguetá",3,"Sudeste",1,"351840",3,221,26,195,73,148,0,0,0,0,0,221,26,195,73,148,94,10.7546911328025,11.7159071244605,0.417080657567317,31
"14703","SP","Guaratinguetá",122505,46849.29,35051,"Guaratinguetá",3,"Sudeste",1,"351840",4,130,14,116,38,92,0,0,0,0,0,130,14,116,38,92,62,10.7546911328025,11.7159071244605,0.478356679902007,30
"14704","SP","Guaratinguetá",122505,46849.29,35051,"Guaratinguetá",3,"Sudeste",1,"351840",5,116,12,104,34,82,0,0,0,0,0,116,12,104,34,82,84,10.7546911328025,11.7159071244605,0.435113378030011,31
"14705","SP","Guaratinguetá",122505,46849.29,35051,"Guaratinguetá",3,"Sudeste",1,"351840",6,122,17,105,36,86,1,0,0,0,0,123,17,105,36,86,67,10.7546911328025,11.7159071244605,0.396680148955337,30
"14706","SP","Guaratinguetá",122505,46849.29,35051,"Guaratinguetá",3,"Sudeste",1,"351840",7,111,17,94,41,70,0,0,0,0,0,111,17,94,41,70,109,10.7546911328025,11.7159071244605,0.393209264296906,29
"14707","SP","Guareí",18887,12279.22,35042,"Itapetininga",3,"Sudeste",0,"351850",2,16,7,9,8,8,0,0,0,0,0,16,7,9,8,8,8,9.41566368176847,9.84622913369585,0.336780746926013,29
"14708","SP","Guareí",18887,12279.22,35042,"Itapetininga",3,"Sudeste",0,"351850",3,16,6,10,9,7,0,0,0,0,0,16,6,10,9,7,2,9.41566368176847,9.84622913369585,0.43597718680573,31
"14709","SP","Guareí",18887,12279.22,35042,"Itapetininga",3,"Sudeste",0,"351850",4,15,6,9,11,4,0,0,0,0,0,15,6,9,11,4,10,9.41566368176847,9.84622913369585,0.497445877812038,30
"14710","SP","Guareí",18887,12279.22,35042,"Itapetininga",3,"Sudeste",0,"351850",5,6,1,5,2,4,0,0,0,0,0,6,1,5,2,4,13,9.41566368176847,9.84622913369585,0.458446606109104,31
"14711","SP","Guareí",18887,12279.22,35042,"Itapetininga",3,"Sudeste",0,"351850",6,7,0,7,2,5,0,0,0,0,0,7,0,7,2,5,8,9.41566368176847,9.84622913369585,0.442466366721132,30
"14712","SP","Guareí",18887,12279.22,35042,"Itapetininga",3,"Sudeste",0,"351850",7,11,4,7,5,6,0,0,0,0,0,11,4,7,5,6,5,9.41566368176847,9.84622913369585,0.423768277006198,29
"14713","SP","Guariba",40487,22657.16,35013,"Jaboticabal",3,"Sudeste",1,"351860",2,55,10,45,14,41,0,0,0,0,0,55,10,45,14,41,15,10.0282311957477,10.6087362139127,0.301065305904714,29
"14714","SP","Guariba",40487,22657.16,35013,"Jaboticabal",3,"Sudeste",1,"351860",3,72,15,57,24,48,0,0,0,0,0,72,15,57,24,48,28,10.0282311957477,10.6087362139127,0.391576783360987,31
"14715","SP","Guariba",40487,22657.16,35013,"Jaboticabal",3,"Sudeste",1,"351860",4,40,8,32,13,27,1,0,0,0,0,41,8,32,13,27,18,10.0282311957477,10.6087362139127,0.419103131686065,30
"14716","SP","Guariba",40487,22657.16,35013,"Jaboticabal",3,"Sudeste",1,"351860",5,37,8,29,14,23,0,0,0,0,0,37,8,29,14,23,14,10.0282311957477,10.6087362139127,0.385389518696989,31
"14717","SP","Guariba",40487,22657.16,35013,"Jaboticabal",3,"Sudeste",1,"351860",6,38,9,29,14,24,0,0,0,0,0,38,9,29,14,24,24,10.0282311957477,10.6087362139127,0.36721070954987,30
"14718","SP","Guariba",40487,22657.16,35013,"Jaboticabal",3,"Sudeste",1,"351860",7,39,8,31,16,23,0,0,0,0,0,39,8,31,16,23,30,10.0282311957477,10.6087362139127,0.36806009281536,29
"14719","SP","Guarujá",322750,27031.81,35063,"Santos",3,"Sudeste",1,"351870",2,535,100,435,179,356,0,0,0,0,0,535,100,435,179,356,169,10.2047695996627,12.6846333087089,0.304558702331443,29
"14720","SP","Guarujá",322750,27031.81,35063,"Santos",3,"Sudeste",1,"351870",3,559,118,441,211,348,1,0,0,0,0,560,118,441,211,348,198,10.2047695996627,12.6846333087089,0.4165959361391,31
"14721","SP","Guarujá",322750,27031.81,35063,"Santos",3,"Sudeste",1,"351870",4,381,85,296,144,237,3,0,0,0,0,384,85,296,144,237,186,10.2047695996627,12.6846333087089,0.480033618138546,30
"14722","SP","Guarujá",322750,27031.81,35063,"Santos",3,"Sudeste",1,"351870",5,374,80,294,157,217,1,0,0,0,0,375,80,294,157,217,324,10.2047695996627,12.6846333087089,0.449269727002177,31
"14723","SP","Guarujá",322750,27031.81,35063,"Santos",3,"Sudeste",1,"351870",6,326,71,255,118,208,2,0,0,0,0,328,71,255,118,208,266,10.2047695996627,12.6846333087089,0.422831619143909,30
"14724","SP","Guarujá",322750,27031.81,35063,"Santos",3,"Sudeste",1,"351870",7,318,67,251,121,197,5,0,0,0,0,323,67,251,121,197,245,10.2047695996627,12.6846333087089,0.398389421594105,29
"14725","SP","Guarulhos",1392121,44897.7,35059,"Guarulhos",3,"Sudeste",1,"351880",2,2718,368,2350,941,1777,19,0,0,0,0,2737,368,2350,941,1777,602,10.712141847474,14.1463390413861,0.286477699810231,29
"14726","SP","Guarulhos",1392121,44897.7,35059,"Guarulhos",3,"Sudeste",1,"351880",3,2700,369,2331,953,1747,15,0,0,0,0,2715,369,2331,953,1747,704,10.712141847474,14.1463390413861,0.390637936573535,31
"14727","SP","Guarulhos",1392121,44897.7,35059,"Guarulhos",3,"Sudeste",1,"351880",4,1689,240,1449,603,1086,20,0,0,0,0,1709,240,1449,603,1086,804,10.712141847474,14.1463390413861,0.480276462119812,30
"14728","SP","Guarulhos",1392121,44897.7,35059,"Guarulhos",3,"Sudeste",1,"351880",5,1649,251,1398,574,1075,23,0,0,0,0,1672,251,1398,574,1075,1071,10.712141847474,14.1463390413861,0.449839826021212,31
"14729","SP","Guarulhos",1392121,44897.7,35059,"Guarulhos",3,"Sudeste",1,"351880",6,1555,211,1344,560,995,15,0,0,0,0,1570,211,1344,560,995,1036,10.712141847474,14.1463390413861,0.406304007530911,30
"14730","SP","Guarulhos",1392121,44897.7,35059,"Guarulhos",3,"Sudeste",1,"351880",7,1663,224,1439,554,1109,13,0,0,0,0,1676,224,1439,554,1109,889,10.712141847474,14.1463390413861,0.385854485342907,29
"14731","SP","Guatapará",7709,28000.56,35014,"Ribeirão Preto",3,"Sudeste",0,"351885",2,8,2,6,3,5,0,0,0,0,0,8,2,6,3,5,4,10.2399797889573,8.95014375645926,0.28198806548308,29
"14732","SP","Guatapará",7709,28000.56,35014,"Ribeirão Preto",3,"Sudeste",0,"351885",3,9,2,7,3,6,0,0,0,0,0,9,2,7,3,6,3,10.2399797889573,8.95014375645926,0.362182615301989,31
"14733","SP","Guatapará",7709,28000.56,35014,"Ribeirão Preto",3,"Sudeste",0,"351885",4,7,3,4,1,6,0,0,0,0,0,7,3,4,1,6,2,10.2399797889573,8.95014375645926,0.397529289231441,30
"14734","SP","Guatapará",7709,28000.56,35014,"Ribeirão Preto",3,"Sudeste",0,"351885",5,16,3,13,9,7,0,0,0,0,0,16,3,13,9,7,3,10.2399797889573,8.95014375645926,0.375883564041849,31
"14735","SP","Guatapará",7709,28000.56,35014,"Ribeirão Preto",3,"Sudeste",0,"351885",6,7,1,6,5,2,0,0,0,0,0,7,1,6,5,2,5,10.2399797889573,8.95014375645926,0.342095364086532,30
"14736","SP","Guatapará",7709,28000.56,35014,"Ribeirão Preto",3,"Sudeste",0,"351885",7,8,1,7,3,5,0,0,0,0,0,8,1,7,3,5,6,10.2399797889573,8.95014375645926,0.338938135034069,29
"14737","SP","Herculândia",9588,33182.41,35037,"Tupã",3,"Sudeste",0,"351900",2,18,1,17,9,9,0,0,0,0,0,18,1,17,9,9,5,10.4097751952236,9.16826759555427,0.294888022738427,29
"14738","SP","Herculândia",9588,33182.41,35037,"Tupã",3,"Sudeste",0,"351900",3,16,1,15,5,11,1,0,0,0,0,17,1,15,5,11,9,10.4097751952236,9.16826759555427,0.353199643376727,31
"14739","SP","Herculândia",9588,33182.41,35037,"Tupã",3,"Sudeste",0,"351900",4,11,3,8,2,9,0,0,0,0,0,11,3,8,2,9,4,10.4097751952236,9.16826759555427,0.395999802064698,30
"14740","SP","Herculândia",9588,33182.41,35037,"Tupã",3,"Sudeste",0,"351900",5,11,3,8,5,6,0,0,0,0,0,11,3,8,5,6,7,10.4097751952236,9.16826759555427,0.394472585847288,31
"14741","SP","Herculândia",9588,33182.41,35037,"Tupã",3,"Sudeste",0,"351900",6,8,0,8,2,6,0,0,0,0,0,8,0,8,2,6,14,10.4097751952236,9.16826759555427,0.369345513021709,30
"14742","SP","Herculândia",9588,33182.41,35037,"Tupã",3,"Sudeste",0,"351900",7,12,2,10,4,8,0,0,0,0,0,12,2,10,4,8,8,10.4097751952236,9.16826759555427,0.351258563328573,29
"14743","SP","Holambra",15272,66537.66,35032,"Campinas",3,"Sudeste",0,"351905",2,30,7,23,6,24,0,0,0,0,0,30,7,23,6,24,5,11.1055233821371,9.63377636540558,0.305225285736482,29
"14744","SP","Holambra",15272,66537.66,35032,"Campinas",3,"Sudeste",0,"351905",3,30,3,27,11,19,0,0,0,0,0,30,3,27,11,19,7,11.1055233821371,9.63377636540558,0.413629051035329,31
"14745","SP","Holambra",15272,66537.66,35032,"Campinas",3,"Sudeste",0,"351905",4,22,4,18,5,17,0,0,0,0,0,22,4,18,5,17,7,11.1055233821371,9.63377636540558,0.445123772561864,30
"14746","SP","Holambra",15272,66537.66,35032,"Campinas",3,"Sudeste",0,"351905",5,14,2,12,5,9,0,0,0,0,0,14,2,12,5,9,4,11.1055233821371,9.63377636540558,0.399672734006189,31
"14747","SP","Holambra",15272,66537.66,35032,"Campinas",3,"Sudeste",0,"351905",6,16,3,13,1,15,0,0,0,0,0,16,3,13,1,15,3,11.1055233821371,9.63377636540558,0.372410941648209,30
"14748","SP","Holambra",15272,66537.66,35032,"Campinas",3,"Sudeste",0,"351905",7,25,4,21,11,14,0,0,0,0,0,25,4,21,11,14,3,11.1055233821371,9.63377636540558,0.39102711694743,29
"14749","SP","Hortolândia",234259,57691.75,35032,"Campinas",3,"Sudeste",1,"351907",2,411,53,358,114,297,0,0,0,0,0,411,53,358,114,297,87,10.9628694613376,12.3641826198535,0.283113693252157,29
"14750","SP","Hortolândia",234259,57691.75,35032,"Campinas",3,"Sudeste",1,"351907",3,421,41,380,124,297,0,0,0,0,0,421,41,380,124,297,120,10.9628694613376,12.3641826198535,0.386622557480552,31
"14751","SP","Hortolândia",234259,57691.75,35032,"Campinas",3,"Sudeste",1,"351907",4,276,34,242,90,186,2,0,0,0,0,278,34,242,90,186,92,10.9628694613376,12.3641826198535,0.449819876235371,30
"14752","SP","Hortolândia",234259,57691.75,35032,"Campinas",3,"Sudeste",1,"351907",5,256,33,223,75,181,1,0,0,0,0,257,33,223,75,181,108,10.9628694613376,12.3641826198535,0.412108574321136,31
"14753","SP","Hortolândia",234259,57691.75,35032,"Campinas",3,"Sudeste",1,"351907",6,254,29,225,66,188,2,0,0,0,0,256,29,225,66,188,116,10.9628694613376,12.3641826198535,0.374686985831303,30
"14754","SP","Hortolândia",234259,57691.75,35032,"Campinas",3,"Sudeste",1,"351907",7,252,22,230,67,185,2,0,0,0,0,254,22,230,67,185,164,10.9628694613376,12.3641826198535,0.379198893223234,29
"14755","SP","Iacanga",11858,37023.57,35020,"Bauru",3,"Sudeste",0,"351910",2,14,4,10,4,10,1,0,0,0,0,15,4,10,4,10,6,10.5193100158378,9.38075802426731,0.28426441820295,29
"14756","SP","Iacanga",11858,37023.57,35020,"Bauru",3,"Sudeste",0,"351910",3,20,5,15,7,13,0,0,0,0,0,20,5,15,7,13,9,10.5193100158378,9.38075802426731,0.364935586983368,31
"14757","SP","Iacanga",11858,37023.57,35020,"Bauru",3,"Sudeste",0,"351910",4,16,1,15,6,10,0,0,0,0,0,16,1,15,6,10,4,10.5193100158378,9.38075802426731,0.384154128396556,30
"14758","SP","Iacanga",11858,37023.57,35020,"Bauru",3,"Sudeste",0,"351910",5,7,0,7,3,4,0,0,0,0,0,7,0,7,3,4,6,10.5193100158378,9.38075802426731,0.360108607538302,31
"14759","SP","Iacanga",11858,37023.57,35020,"Bauru",3,"Sudeste",0,"351910",6,12,1,11,4,8,0,0,0,0,0,12,1,11,4,8,8,10.5193100158378,9.38075802426731,0.329877813595001,30
"14760","SP","Iacanga",11858,37023.57,35020,"Bauru",3,"Sudeste",0,"351910",7,15,1,14,6,9,2,0,0,0,0,17,1,14,6,9,16,10.5193100158378,9.38075802426731,0.359308902382839,29
"14761","SP","Iacri",6295,30157.75,35037,"Tupã",3,"Sudeste",0,"351920",2,9,1,8,5,4,0,0,0,0,0,9,1,8,5,4,7,10.314197217217,8.74751094647845,0.295979654306699,29
"14762","SP","Iacri",6295,30157.75,35037,"Tupã",3,"Sudeste",0,"351920",3,10,5,5,5,5,1,0,0,0,0,11,5,5,5,5,6,10.314197217217,8.74751094647845,0.346324608818506,31
"14763","SP","Iacri",6295,30157.75,35037,"Tupã",3,"Sudeste",0,"351920",4,2,0,2,1,1,0,0,0,0,0,2,0,2,1,1,2,10.314197217217,8.74751094647845,0.375569727376311,30
"14764","SP","Iacri",6295,30157.75,35037,"Tupã",3,"Sudeste",0,"351920",5,5,1,4,1,4,0,0,0,0,0,5,1,4,1,4,2,10.314197217217,8.74751094647845,0.360958929708898,31
"14765","SP","Iacri",6295,30157.75,35037,"Tupã",3,"Sudeste",0,"351920",6,10,4,6,2,8,0,0,0,0,0,10,4,6,2,8,2,10.314197217217,8.74751094647845,0.343206144744737,30
"14766","SP","Iacri",6295,30157.75,35037,"Tupã",3,"Sudeste",0,"351920",7,0,0,0,0,0,1,0,0,0,0,1,0,0,0,0,3,10.314197217217,8.74751094647845,0.376973330559261,29
"14767","SP","Ibaté",35472,24454.14,35025,"São Carlos",3,"Sudeste",1,"351930",2,68,15,53,29,39,1,0,0,0,0,69,15,53,29,39,14,10.1045548057225,10.4764989318561,0.309207280024393,29
"14768","SP","Ibaté",35472,24454.14,35025,"São Carlos",3,"Sudeste",1,"351930",3,75,8,67,31,44,0,0,0,0,0,75,8,67,31,44,20,10.1045548057225,10.4764989318561,0.401710152128189,31
"14769","SP","Ibaté",35472,24454.14,35025,"São Carlos",3,"Sudeste",1,"351930",4,43,11,32,15,28,0,0,0,0,0,43,11,32,15,28,21,10.1045548057225,10.4764989318561,0.454622089107685,30
"14770","SP","Ibaté",35472,24454.14,35025,"São Carlos",3,"Sudeste",1,"351930",5,35,5,30,7,28,0,0,0,0,0,35,5,30,7,28,20,10.1045548057225,10.4764989318561,0.419681337412359,31
"14771","SP","Ibaté",35472,24454.14,35025,"São Carlos",3,"Sudeste",1,"351930",6,52,7,45,14,38,0,0,0,0,0,52,7,45,14,38,15,10.1045548057225,10.4764989318561,0.378994249665536,30
"14772","SP","Ibaté",35472,24454.14,35025,"São Carlos",3,"Sudeste",1,"351930",7,37,6,31,13,24,1,0,0,0,0,38,6,31,13,24,20,10.1045548057225,10.4764989318561,0.379866433499737,29
"14773","SP","Ibirá",12518,20475.08,35004,"São José do Rio Preto",3,"Sudeste",0,"351940",2,18,6,12,7,11,0,0,0,0,0,18,6,12,7,11,9,9.92696381591754,9.43492288748465,0.302316112351438,29
"14774","SP","Ibirá",12518,20475.08,35004,"São José do Rio Preto",3,"Sudeste",0,"351940",3,25,3,22,13,12,0,0,0,0,0,25,3,22,13,12,8,9.92696381591754,9.43492288748465,0.379926435880364,31
"14775","SP","Ibirá",12518,20475.08,35004,"São José do Rio Preto",3,"Sudeste",0,"351940",4,8,0,8,3,5,0,0,0,0,0,8,0,8,3,5,9,9.92696381591754,9.43492288748465,0.415857118671682,30
"14776","SP","Ibirá",12518,20475.08,35004,"São José do Rio Preto",3,"Sudeste",0,"351940",5,22,3,19,7,15,1,0,0,0,0,23,3,19,7,15,6,9.92696381591754,9.43492288748465,0.393240584571558,31
"14777","SP","Ibirá",12518,20475.08,35004,"São José do Rio Preto",3,"Sudeste",0,"351940",6,10,0,10,4,6,0,0,0,0,0,10,0,10,4,6,5,9.92696381591754,9.43492288748465,0.382598773686542,30
"14778","SP","Ibirá",12518,20475.08,35004,"São José do Rio Preto",3,"Sudeste",0,"351940",7,8,2,6,2,6,0,0,0,0,0,8,2,6,2,6,7,9.92696381591754,9.43492288748465,0.396149191168765,29
"14779","SP","Ibirarema",7841,23951.1,35039,"Assis",3,"Sudeste",0,"351950",2,13,6,7,6,7,0,0,0,0,0,13,6,7,6,7,9,10.0837695308031,8.96712165623092,0.290291767493687,29
"14780","SP","Ibirarema",7841,23951.1,35039,"Assis",3,"Sudeste",0,"351950",3,8,2,6,3,5,0,0,0,0,0,8,2,6,3,5,4,10.0837695308031,8.96712165623092,0.36110024734944,31
"14781","SP","Ibirarema",7841,23951.1,35039,"Assis",3,"Sudeste",0,"351950",4,8,2,6,8,0,0,0,0,0,0,8,2,6,8,0,4,10.0837695308031,8.96712165623092,0.420143166905765,30
"14782","SP","Ibirarema",7841,23951.1,35039,"Assis",3,"Sudeste",0,"351950",5,4,2,2,1,3,0,0,0,0,0,4,2,2,1,3,2,10.0837695308031,8.96712165623092,0.392619454157687,31
"14783","SP","Ibirarema",7841,23951.1,35039,"Assis",3,"Sudeste",0,"351950",6,8,1,7,2,6,0,0,0,0,0,8,1,7,2,6,4,10.0837695308031,8.96712165623092,0.364252319590789,30
"14784","SP","Ibirarema",7841,23951.1,35039,"Assis",3,"Sudeste",0,"351950",7,8,1,7,2,6,0,0,0,0,0,8,1,7,2,6,6,10.0837695308031,8.96712165623092,0.374112540051043,29
"14785","SP","Ibitinga",60600,25630.47,35024,"Araraquara",3,"Sudeste",1,"351960",2,82,18,64,36,46,0,0,0,0,0,82,18,64,36,46,25,10.1515371570753,11.0120501720574,0.302890098673502,29
"14786","SP","Ibitinga",60600,25630.47,35024,"Araraquara",3,"Sudeste",1,"351960",3,105,25,80,32,73,2,0,0,0,0,107,25,80,32,73,41,10.1515371570753,11.0120501720574,0.401201922274481,31
"14787","SP","Ibitinga",60600,25630.47,35024,"Araraquara",3,"Sudeste",1,"351960",4,67,14,53,20,47,0,0,0,0,0,67,14,53,20,47,34,10.1515371570753,11.0120501720574,0.439891801266445,30
"14788","SP","Ibitinga",60600,25630.47,35024,"Araraquara",3,"Sudeste",1,"351960",5,57,13,44,25,32,1,0,0,0,0,58,13,44,25,32,41,10.1515371570753,11.0120501720574,0.402276542119348,31
"14789","SP","Ibitinga",60600,25630.47,35024,"Araraquara",3,"Sudeste",1,"351960",6,72,9,63,29,43,1,0,0,0,0,73,9,63,29,43,38,10.1515371570753,11.0120501720574,0.371070659883999,30
"14790","SP","Ibitinga",60600,25630.47,35024,"Araraquara",3,"Sudeste",1,"351960",7,73,17,56,26,47,0,0,0,0,0,73,17,56,26,47,50,10.1515371570753,11.0120501720574,0.369551234097315,29
"14791","SP","Ibiúna",79479,21746.5,35045,"Piedade",3,"Sudeste",0,"351970",2,157,50,107,63,94,0,0,0,0,0,157,50,107,63,94,57,9.98720810402766,11.283248114805,0.306632788472888,29
"14792","SP","Ibiúna",79479,21746.5,35045,"Piedade",3,"Sudeste",0,"351970",3,155,41,114,49,106,0,0,0,0,0,155,41,114,49,106,35,9.98720810402766,11.283248114805,0.386593677546395,31
"14793","SP","Ibiúna",79479,21746.5,35045,"Piedade",3,"Sudeste",0,"351970",4,105,17,88,41,64,1,0,0,0,0,106,17,88,41,64,39,9.98720810402766,11.283248114805,0.430600163304843,30
"14794","SP","Ibiúna",79479,21746.5,35045,"Piedade",3,"Sudeste",0,"351970",5,80,22,58,38,42,1,0,0,0,0,81,22,58,38,42,61,9.98720810402766,11.283248114805,0.424995068113279,31
"14795","SP","Ibiúna",79479,21746.5,35045,"Piedade",3,"Sudeste",0,"351970",6,103,33,70,43,60,1,0,0,0,0,104,33,70,43,60,72,9.98720810402766,11.283248114805,0.404830231242787,30
"14796","SP","Ibiúna",79479,21746.5,35045,"Piedade",3,"Sudeste",0,"351970",7,72,25,47,30,42,1,0,0,0,0,73,25,47,30,42,55,9.98720810402766,11.283248114805,0.388435977677555,29
"14797","SP","Icém",8304,21243.2,35004,"São José do Rio Preto",3,"Sudeste",0,"351980",2,17,3,14,4,13,0,0,0,0,0,17,3,14,4,13,6,9.96379212314164,9.02449260540567,0.285642834324786,29
"14798","SP","Icém",8304,21243.2,35004,"São José do Rio Preto",3,"Sudeste",0,"351980",3,7,2,5,2,5,0,0,0,0,0,7,2,5,2,5,1,9.96379212314164,9.02449260540567,0.363560664547054,31
"14799","SP","Icém",8304,21243.2,35004,"São José do Rio Preto",3,"Sudeste",0,"351980",4,13,3,10,3,10,0,0,0,0,0,13,3,10,3,10,1,9.96379212314164,9.02449260540567,0.397558418856601,30
"14800","SP","Icém",8304,21243.2,35004,"São José do Rio Preto",3,"Sudeste",0,"351980",5,11,2,9,7,4,0,0,0,0,0,11,2,9,7,4,5,9.96379212314164,9.02449260540567,0.367286831985401,31
"14801","SP","Icém",8304,21243.2,35004,"São José do Rio Preto",3,"Sudeste",0,"351980",6,5,2,3,2,3,0,0,0,0,0,5,2,3,2,3,5,9.96379212314164,9.02449260540567,0.365784927934849,30
"14802","SP","Icém",8304,21243.2,35004,"São José do Rio Preto",3,"Sudeste",0,"351980",7,5,1,4,3,2,0,0,0,0,0,5,1,4,3,2,7,9.96379212314164,9.02449260540567,0.365764058009227,29
"14803","SP","Iepê",8194,30435.64,35039,"Assis",3,"Sudeste",0,"351990",2,10,1,9,4,6,0,0,0,0,0,10,1,9,4,6,3,10.3233695691282,9.01115745810682,0.300582347291519,29
"14804","SP","Iepê",8194,30435.64,35039,"Assis",3,"Sudeste",0,"351990",3,15,3,12,5,10,0,0,0,0,0,15,3,12,5,10,5,10.3233695691282,9.01115745810682,0.398234059146699,31
"14805","SP","Iepê",8194,30435.64,35039,"Assis",3,"Sudeste",0,"351990",4,10,1,9,6,4,0,0,0,0,0,10,1,9,6,4,5,10.3233695691282,9.01115745810682,0.390992063442006,30
"14806","SP","Iepê",8194,30435.64,35039,"Assis",3,"Sudeste",0,"351990",5,8,0,8,6,2,0,0,0,0,0,8,0,8,6,2,8,10.3233695691282,9.01115745810682,0.387579485601312,31
"14807","SP","Iepê",8194,30435.64,35039,"Assis",3,"Sudeste",0,"351990",6,10,2,8,4,6,1,0,0,0,0,11,2,8,4,6,5,10.3233695691282,9.01115745810682,0.377646635318019,30
"14808","SP","Iepê",8194,30435.64,35039,"Assis",3,"Sudeste",0,"351990",7,11,0,11,6,5,0,0,0,0,0,11,0,11,6,5,5,10.3233695691282,9.01115745810682,0.337357505632361,29
"14809","SP","Igaraçu do Tietê",24749,12335.36,35021,"Jaú",3,"Sudeste",1,"352000",2,33,8,25,15,18,0,0,0,0,0,33,8,25,15,18,12,9.42022521378281,10.1165403631402,0.33653676794915,29
"14810","SP","Igaraçu do Tietê",24749,12335.36,35021,"Jaú",3,"Sudeste",1,"352000",3,27,7,20,15,12,0,0,0,0,0,27,7,20,15,12,16,9.42022521378281,10.1165403631402,0.407989035570935,31
"14811","SP","Igaraçu do Tietê",24749,12335.36,35021,"Jaú",3,"Sudeste",1,"352000",4,18,4,14,3,15,1,0,0,0,0,19,4,14,3,15,11,9.42022521378281,10.1165403631402,0.449541480281062,30
"14812","SP","Igaraçu do Tietê",24749,12335.36,35021,"Jaú",3,"Sudeste",1,"352000",5,26,4,22,10,16,2,0,0,0,0,28,4,22,10,16,21,9.42022521378281,10.1165403631402,0.419536451544386,31
"14813","SP","Igaraçu do Tietê",24749,12335.36,35021,"Jaú",3,"Sudeste",1,"352000",6,23,6,17,7,16,0,0,0,0,0,23,6,17,7,16,10,9.42022521378281,10.1165403631402,0.386958160007634,30
"14814","SP","Igaraçu do Tietê",24749,12335.36,35021,"Jaú",3,"Sudeste",1,"352000",7,28,10,18,8,20,0,0,0,0,0,28,10,18,8,20,16,9.42022521378281,10.1165403631402,0.386607123138535,29
"14815","SP","Igarapava",30614,39002.62,35011,"Ituverava",3,"Sudeste",1,"352010",2,42,9,33,15,27,0,0,0,0,0,42,9,33,15,27,15,10.5713841023425,10.3292126996517,0.313247189119589,29
"14816","SP","Igarapava",30614,39002.62,35011,"Ituverava",3,"Sudeste",1,"352010",3,45,10,35,8,37,0,0,0,0,0,45,10,35,8,37,23,10.5713841023425,10.3292126996517,0.402616274924577,31
"14817","SP","Igarapava",30614,39002.62,35011,"Ituverava",3,"Sudeste",1,"352010",4,18,3,15,10,8,0,0,0,0,0,18,3,15,10,8,18,10.5713841023425,10.3292126996517,0.439326176630272,30
"14818","SP","Igarapava",30614,39002.62,35011,"Ituverava",3,"Sudeste",1,"352010",5,23,6,17,7,16,0,0,0,0,0,23,6,17,7,16,18,10.5713841023425,10.3292126996517,0.408481941622362,31
"14819","SP","Igarapava",30614,39002.62,35011,"Ituverava",3,"Sudeste",1,"352010",6,25,7,18,11,14,0,0,0,0,0,25,7,18,11,14,24,10.5713841023425,10.3292126996517,0.3969928853972,30
"14820","SP","Igarapava",30614,39002.62,35011,"Ituverava",3,"Sudeste",1,"352010",7,32,6,26,12,20,0,0,0,0,0,32,6,26,12,20,31,10.5713841023425,10.3292126996517,0.408555302991771,29
"14821","SP","Igaratá",9583,19049.08,35050,"São José dos Campos",3,"Sudeste",0,"352020",2,23,2,21,8,15,0,0,0,0,0,23,2,21,8,15,5,9.8547740854254,9.16774597434376,0.302095872484639,29
"14822","SP","Igaratá",9583,19049.08,35050,"São José dos Campos",3,"Sudeste",0,"352020",3,24,8,16,6,18,1,0,0,0,0,25,8,16,6,18,6,9.8547740854254,9.16774597434376,0.376922954266778,31
"14823","SP","Igaratá",9583,19049.08,35050,"São José dos Campos",3,"Sudeste",0,"352020",4,13,1,12,9,4,0,0,0,0,0,13,1,12,9,4,8,9.8547740854254,9.16774597434376,0.43113751013433,30
"14824","SP","Igaratá",9583,19049.08,35050,"São José dos Campos",3,"Sudeste",0,"352020",5,14,1,13,4,10,0,0,0,0,0,14,1,13,4,10,10,9.8547740854254,9.16774597434376,0.425847907837246,31
"14825","SP","Igaratá",9583,19049.08,35050,"São José dos Campos",3,"Sudeste",0,"352020",6,13,1,12,5,8,0,0,0,0,0,13,1,12,5,8,9,9.8547740854254,9.16774597434376,0.410387425680259,30
"14826","SP","Igaratá",9583,19049.08,35050,"São José dos Campos",3,"Sudeste",0,"352020",7,12,3,9,3,9,0,0,0,0,0,12,3,9,3,9,8,9.8547740854254,9.16774597434376,0.386362183157412,29
"14827","SP","Iguape",30989,38078.83,35055,"Registro",3,"Sudeste",0,"352030",2,48,9,39,24,24,0,0,0,0,0,48,9,39,24,24,11,10.5474137636434,10.3413875817875,0.319469154705836,29
"14828","SP","Iguape",30989,38078.83,35055,"Registro",3,"Sudeste",0,"352030",3,51,4,47,25,26,0,0,0,0,0,51,4,47,25,26,18,10.5474137636434,10.3413875817875,0.447452564278926,31
"14829","SP","Iguape",30989,38078.83,35055,"Registro",3,"Sudeste",0,"352030",4,24,6,18,13,11,0,0,0,0,0,24,6,18,13,11,16,10.5474137636434,10.3413875817875,0.501772172813458,30
"14830","SP","Iguape",30989,38078.83,35055,"Registro",3,"Sudeste",0,"352030",5,27,8,19,13,14,0,0,0,0,0,27,8,19,13,14,26,10.5474137636434,10.3413875817875,0.479722924376485,31
"14831","SP","Iguape",30989,38078.83,35055,"Registro",3,"Sudeste",0,"352030",6,30,8,22,12,18,0,0,0,0,0,30,8,22,12,18,29,10.5474137636434,10.3413875817875,0.465651698898382,30
"14832","SP","Iguape",30989,38078.83,35055,"Registro",3,"Sudeste",0,"352030",7,24,5,19,13,11,1,0,0,0,0,25,5,19,13,11,32,10.5474137636434,10.3413875817875,0.450059015557169,29
"14833","SP","Ilhabela",35591,419457.22,35054,"Caraguatatuba",3,"Sudeste",1,"352040",2,67,8,59,29,38,0,0,0,0,0,67,8,59,29,38,11,12.9467168211433,10.4798480758898,0.270920225672191,29
"14834","SP","Ilhabela",35591,419457.22,35054,"Caraguatatuba",3,"Sudeste",1,"352040",3,52,4,48,19,33,0,0,0,0,0,52,4,48,19,33,13,12.9467168211433,10.4798480758898,0.401707901504587,31
"14835","SP","Ilhabela",35591,419457.22,35054,"Caraguatatuba",3,"Sudeste",1,"352040",4,32,3,29,13,19,1,0,0,0,0,33,3,29,13,19,6,12.9467168211433,10.4798480758898,0.488947201649469,30
"14836","SP","Ilhabela",35591,419457.22,35054,"Caraguatatuba",3,"Sudeste",1,"352040",5,29,4,25,10,19,0,0,0,0,0,29,4,25,10,19,19,12.9467168211433,10.4798480758898,0.463680045686137,31
"14837","SP","Ilhabela",35591,419457.22,35054,"Caraguatatuba",3,"Sudeste",1,"352040",6,44,5,39,17,27,0,0,0,0,0,44,5,39,17,27,17,12.9467168211433,10.4798480758898,0.429457968714636,30
"14838","SP","Ilhabela",35591,419457.22,35054,"Caraguatatuba",3,"Sudeste",1,"352040",7,47,6,41,17,30,0,0,0,0,0,47,6,41,17,30,16,12.9467168211433,10.4798480758898,0.403332545830129,29
"14839","SP","Ilha Comprida",11362,122204.12,35055,"Registro",3,"Sudeste",0,"352042",2,17,4,13,7,10,0,0,0,0,0,17,4,13,7,10,5,11.7134480403722,9.33802973311707,0.362546070214183,29
"14840","SP","Ilha Comprida",11362,122204.12,35055,"Registro",3,"Sudeste",0,"352042",3,17,10,7,7,10,0,0,0,0,0,17,10,7,7,10,2,11.7134480403722,9.33802973311707,0.468372844249901,31
"14841","SP","Ilha Comprida",11362,122204.12,35055,"Registro",3,"Sudeste",0,"352042",4,7,2,5,1,6,0,0,0,0,0,7,2,5,1,6,7,11.7134480403722,9.33802973311707,0.535229460038992,30
"14842","SP","Ilha Comprida",11362,122204.12,35055,"Registro",3,"Sudeste",0,"352042",5,7,0,7,3,4,0,0,0,0,0,7,0,7,3,4,6,11.7134480403722,9.33802973311707,0.505081261154447,31
"14843","SP","Ilha Comprida",11362,122204.12,35055,"Registro",3,"Sudeste",0,"352042",6,9,1,8,4,5,0,0,0,0,0,9,1,8,4,5,9,11.7134480403722,9.33802973311707,0.500934080084192,30
"14844","SP","Ilha Comprida",11362,122204.12,35055,"Registro",3,"Sudeste",0,"352042",7,10,3,7,4,6,0,0,0,0,0,10,3,7,4,6,6,11.7134480403722,9.33802973311707,0.481097047141942,29
"14845","SP","Ilha Solteira",26788,23525.05,35016,"Andradina",3,"Sudeste",1,"352044",2,23,3,20,4,19,0,0,0,0,0,23,3,20,4,19,24,10.0658210898498,10.1957093050299,0.314993043461341,29
"14846","SP","Ilha Solteira",26788,23525.05,35016,"Andradina",3,"Sudeste",1,"352044",3,18,4,14,3,15,0,0,0,0,0,18,4,14,3,15,27,10.0658210898498,10.1957093050299,0.408997132918555,31
"14847","SP","Ilha Solteira",26788,23525.05,35016,"Andradina",3,"Sudeste",1,"352044",4,8,1,7,2,6,0,0,0,0,0,8,1,7,2,6,14,10.0658210898498,10.1957093050299,0.483668855693571,30
"14848","SP","Ilha Solteira",26788,23525.05,35016,"Andradina",3,"Sudeste",1,"352044",5,3,1,2,1,2,1,0,0,0,0,4,1,2,1,2,12,10.0658210898498,10.1957093050299,0.437216615522385,31
"14849","SP","Ilha Solteira",26788,23525.05,35016,"Andradina",3,"Sudeste",1,"352044",6,6,3,3,1,5,0,0,0,0,0,6,3,3,1,5,9,10.0658210898498,10.1957093050299,0.407075395258936,30
"14850","SP","Ilha Solteira",26788,23525.05,35016,"Andradina",3,"Sudeste",1,"352044",7,16,1,15,3,13,0,0,0,0,0,16,1,15,3,13,8,10.0658210898498,10.1957093050299,0.408746140120379,29
"14851","SP","Indaiatuba",256223,63166.46,35032,"Campinas",3,"Sudeste",1,"352050",2,442,48,394,110,332,1,0,0,0,0,443,48,394,110,332,103,11.0535287430633,12.4538034380297,0.281780456345839,29
"14852","SP","Indaiatuba",256223,63166.46,35032,"Campinas",3,"Sudeste",1,"352050",3,463,48,415,132,331,4,0,0,0,0,467,48,415,132,331,130,11.0535287430633,12.4538034380297,0.386987287042884,31
"14853","SP","Indaiatuba",256223,63166.46,35032,"Campinas",3,"Sudeste",1,"352050",4,286,41,245,82,204,3,0,0,0,0,289,41,245,82,204,97,11.0535287430633,12.4538034380297,0.459749829504272,30
"14854","SP","Indaiatuba",256223,63166.46,35032,"Campinas",3,"Sudeste",1,"352050",5,273,41,232,71,202,1,0,0,0,0,274,41,232,71,202,157,11.0535287430633,12.4538034380297,0.419103711733172,31
"14855","SP","Indaiatuba",256223,63166.46,35032,"Campinas",3,"Sudeste",1,"352050",6,272,23,249,67,205,1,0,0,0,0,273,23,249,67,205,167,11.0535287430633,12.4538034380297,0.384633728762967,30
"14856","SP","Indaiatuba",256223,63166.46,35032,"Campinas",3,"Sudeste",1,"352050",7,276,28,248,57,219,2,0,0,0,0,278,28,248,57,219,169,11.0535287430633,12.4538034380297,0.376709553584359,29
"14857","SP","Indiana",4879,13109.17,35036,"Presidente Prudente",3,"Sudeste",1,"352060",2,6,1,5,3,3,0,0,0,0,0,6,1,5,3,3,4,9.48106726430352,8.49269555981584,0.308867401950304,29
"14858","SP","Indiana",4879,13109.17,35036,"Presidente Prudente",3,"Sudeste",1,"352060",3,4,0,4,2,2,0,0,0,0,0,4,0,4,2,2,0,9.48106726430352,8.49269555981584,0.40940339991422,31
"14859","SP","Indiana",4879,13109.17,35036,"Presidente Prudente",3,"Sudeste",1,"352060",4,3,0,3,1,2,0,0,0,0,0,3,0,3,1,2,1,9.48106726430352,8.49269555981584,0.450353483861963,30
"14860","SP","Indiana",4879,13109.17,35036,"Presidente Prudente",3,"Sudeste",1,"352060",5,2,0,2,0,2,0,0,0,0,0,2,0,2,0,2,1,9.48106726430352,8.49269555981584,0.433500994907905,31
"14861","SP","Indiana",4879,13109.17,35036,"Presidente Prudente",3,"Sudeste",1,"352060",6,6,2,4,2,4,1,0,0,0,0,7,2,4,2,4,2,9.48106726430352,8.49269555981584,0.389086443517297,30
"14862","SP","Indiana",4879,13109.17,35036,"Presidente Prudente",3,"Sudeste",1,"352060",7,7,0,7,2,5,0,0,0,0,0,7,0,7,2,5,2,9.48106726430352,8.49269555981584,0.367845601925731,29
"14863","SP","Inúbia Paulista",4019,34888.1,35035,"Adamantina",3,"Sudeste",1,"352080",2,7,2,5,1,6,0,0,0,0,0,7,2,5,1,6,0,10.4599010758336,8.2987883944492,0.287072272963157,29
"14864","SP","Inúbia Paulista",4019,34888.1,35035,"Adamantina",3,"Sudeste",1,"352080",3,6,1,5,4,2,0,0,0,0,0,6,1,5,4,2,4,10.4599010758336,8.2987883944492,0.338522030729506,31
"14865","SP","Inúbia Paulista",4019,34888.1,35035,"Adamantina",3,"Sudeste",1,"352080",4,3,0,3,1,2,0,0,0,0,0,3,0,3,1,2,1,10.4599010758336,8.2987883944492,0.381470491295428,30
"14866","SP","Inúbia Paulista",4019,34888.1,35035,"Adamantina",3,"Sudeste",1,"352080",5,3,0,3,1,2,0,0,0,0,0,3,0,3,1,2,2,10.4599010758336,8.2987883944492,0.391928302886518,31
"14867","SP","Inúbia Paulista",4019,34888.1,35035,"Adamantina",3,"Sudeste",1,"352080",6,5,0,5,1,4,0,0,0,0,0,5,0,5,1,4,3,10.4599010758336,8.2987883944492,0.372229408766918,30
"14868","SP","Inúbia Paulista",4019,34888.1,35035,"Adamantina",3,"Sudeste",1,"352080",7,1,0,1,1,0,0,0,0,0,0,1,0,1,1,0,4,10.4599010758336,8.2987883944492,0.3396340885919,29
"14869","SP","Ipaussu",15069,25086.47,35040,"Ourinhos",3,"Sudeste",1,"352090",2,19,5,14,6,13,0,0,0,0,0,19,5,14,6,13,9,10.1300839359588,9.62039493241815,0.321317707310747,29
"14870","SP","Ipaussu",15069,25086.47,35040,"Ourinhos",3,"Sudeste",1,"352090",3,29,10,19,12,17,0,0,0,0,0,29,10,19,12,17,9,10.1300839359588,9.62039493241815,0.391002094119962,31
"14871","SP","Ipaussu",15069,25086.47,35040,"Ourinhos",3,"Sudeste",1,"352090",4,11,6,5,4,7,0,0,0,0,0,11,6,5,4,7,12,10.1300839359588,9.62039493241815,0.425228712130731,30
"14872","SP","Ipaussu",15069,25086.47,35040,"Ourinhos",3,"Sudeste",1,"352090",5,12,1,11,4,8,0,0,0,0,0,12,1,11,4,8,14,10.1300839359588,9.62039493241815,0.384783724528581,31
"14873","SP","Ipaussu",15069,25086.47,35040,"Ourinhos",3,"Sudeste",1,"352090",6,28,7,21,7,21,0,0,0,0,0,28,7,21,7,21,6,10.1300839359588,9.62039493241815,0.382152710266129,30
"14874","SP","Ipaussu",15069,25086.47,35040,"Ourinhos",3,"Sudeste",1,"352090",7,13,4,9,5,8,0,0,0,0,0,13,4,9,5,8,9,10.1300839359588,9.62039493241815,0.384253919584905,29
"14875","SP","Iperó",37964,17873,35046,"Sorocaba",3,"Sudeste",1,"352100",2,51,7,44,21,30,0,0,0,0,0,51,7,44,21,30,19,9.79104647319038,10.5443936212504,0.31548193737484,29
"14876","SP","Iperó",37964,17873,35046,"Sorocaba",3,"Sudeste",1,"352100",3,50,8,42,21,29,0,0,0,0,0,50,8,42,21,29,20,9.79104647319038,10.5443936212504,0.397547019011195,31
"14877","SP","Iperó",37964,17873,35046,"Sorocaba",3,"Sudeste",1,"352100",4,38,7,31,15,23,0,0,0,0,0,38,7,31,15,23,14,9.79104647319038,10.5443936212504,0.441537825542895,30
"14878","SP","Iperó",37964,17873,35046,"Sorocaba",3,"Sudeste",1,"352100",5,28,5,23,10,18,0,0,0,0,0,28,5,23,10,18,21,9.79104647319038,10.5443936212504,0.415713714566312,31
"14879","SP","Iperó",37964,17873,35046,"Sorocaba",3,"Sudeste",1,"352100",6,36,3,33,14,22,0,0,0,0,0,36,3,33,14,22,8,9.79104647319038,10.5443936212504,0.388247726451427,30
"14880","SP","Iperó",37964,17873,35046,"Sorocaba",3,"Sudeste",1,"352100",7,29,2,27,8,21,0,0,0,0,0,29,2,27,8,21,17,9.79104647319038,10.5443936212504,0.380849291354303,29
"14881","SP","Ipeúna",7687,94080.97,35026,"Rio Claro",3,"Sudeste",1,"352110",2,11,3,8,4,7,0,0,0,0,0,11,3,8,4,7,3,11.4519110734535,8.94728586934913,0.312992685452317,29
"14882","SP","Ipeúna",7687,94080.97,35026,"Rio Claro",3,"Sudeste",1,"352110",3,14,3,11,8,6,0,0,0,0,0,14,3,11,8,6,10,11.4519110734535,8.94728586934913,0.376849377018908,31
"14883","SP","Ipeúna",7687,94080.97,35026,"Rio Claro",3,"Sudeste",1,"352110",4,6,2,4,1,5,0,0,0,0,0,6,2,4,1,5,5,11.4519110734535,8.94728586934913,0.418276345495432,30
"14884","SP","Ipeúna",7687,94080.97,35026,"Rio Claro",3,"Sudeste",1,"352110",5,9,2,7,3,6,0,0,0,0,0,9,2,7,3,6,2,11.4519110734535,8.94728586934913,0.383349406695748,31
"14885","SP","Ipeúna",7687,94080.97,35026,"Rio Claro",3,"Sudeste",1,"352110",6,6,1,5,2,4,0,0,0,0,0,6,1,5,2,4,1,11.4519110734535,8.94728586934913,0.361107107651167,30
"14886","SP","Ipeúna",7687,94080.97,35026,"Rio Claro",3,"Sudeste",1,"352110",7,8,1,7,5,3,0,0,0,0,0,8,1,7,5,3,5,11.4519110734535,8.94728586934913,0.357824248532502,29
"14887","SP","Ipiguá",5476,20253.65,35004,"São José do Rio Preto",3,"Sudeste",1,"352115",2,19,4,15,6,13,0,0,0,0,0,19,4,15,6,13,3,9.91609030320574,8.60813018640834,0.273583944511221,29
"14888","SP","Ipiguá",5476,20253.65,35004,"São José do Rio Preto",3,"Sudeste",1,"352115",3,10,4,6,0,10,0,0,0,0,0,10,4,6,0,10,2,9.91609030320574,8.60813018640834,0.366726798181798,31
"14889","SP","Ipiguá",5476,20253.65,35004,"São José do Rio Preto",3,"Sudeste",1,"352115",4,6,1,5,2,4,0,0,0,0,0,6,1,5,2,4,2,9.91609030320574,8.60813018640834,0.405827510706721,30
"14890","SP","Ipiguá",5476,20253.65,35004,"São José do Rio Preto",3,"Sudeste",1,"352115",5,5,0,5,2,3,0,0,0,0,0,5,0,5,2,3,5,9.91609030320574,8.60813018640834,0.397287622923241,31
"14891","SP","Ipiguá",5476,20253.65,35004,"São José do Rio Preto",3,"Sudeste",1,"352115",6,6,1,5,4,2,0,0,0,0,0,6,1,5,4,2,2,9.91609030320574,8.60813018640834,0.382632067273673,30
"14892","SP","Ipiguá",5476,20253.65,35004,"São José do Rio Preto",3,"Sudeste",1,"352115",7,12,2,10,5,7,0,0,0,0,0,12,2,10,5,7,7,9.91609030320574,8.60813018640834,0.375099499369072,29
"14893","SP","Ipuã",16604,22139.12,35010,"São Joaquim da Barra",3,"Sudeste",1,"352130",2,31,2,29,8,23,0,0,0,0,0,31,2,29,8,23,5,10.0051014584086,9.71739890917293,0.314952376685277,29
"14894","SP","Ipuã",16604,22139.12,35010,"São Joaquim da Barra",3,"Sudeste",1,"352130",3,36,11,25,17,19,0,0,0,0,0,36,11,25,17,19,6,10.0051014584086,9.71739890917293,0.391062858652681,31
"14895","SP","Ipuã",16604,22139.12,35010,"São Joaquim da Barra",3,"Sudeste",1,"352130",4,16,4,12,9,7,0,0,0,0,0,16,4,12,9,7,8,10.0051014584086,9.71739890917293,0.407802184810719,30
"14896","SP","Ipuã",16604,22139.12,35010,"São Joaquim da Barra",3,"Sudeste",1,"352130",5,20,1,19,9,11,0,0,0,0,0,20,1,19,9,11,11,10.0051014584086,9.71739890917293,0.415277906019611,31
"14897","SP","Ipuã",16604,22139.12,35010,"São Joaquim da Barra",3,"Sudeste",1,"352130",6,17,5,12,9,8,0,0,0,0,0,17,5,12,9,8,8,10.0051014584086,9.71739890917293,0.401690847691304,30
"14898","SP","Ipuã",16604,22139.12,35010,"São Joaquim da Barra",3,"Sudeste",1,"352130",7,15,5,10,6,9,0,0,0,0,0,15,5,10,6,9,9,10.0051014584086,9.71739890917293,0.411803541284981,29
"14899","SP","Iracemápolis",24614,83477.19,35027,"Limeira",3,"Sudeste",1,"352140",2,38,5,33,10,28,0,0,0,0,0,38,5,33,10,28,9,11.3323286998675,10.1110706657323,0.295949210613663,29
"14900","SP","Iracemápolis",24614,83477.19,35027,"Limeira",3,"Sudeste",1,"352140",3,38,4,34,15,23,0,0,0,0,0,38,4,34,15,23,6,11.3323286998675,10.1110706657323,0.38970885816042,31
"14901","SP","Iracemápolis",24614,83477.19,35027,"Limeira",3,"Sudeste",1,"352140",4,28,4,24,10,18,0,0,0,0,0,28,4,24,10,18,2,11.3323286998675,10.1110706657323,0.433865489705313,30
"14902","SP","Iracemápolis",24614,83477.19,35027,"Limeira",3,"Sudeste",1,"352140",5,28,2,26,7,21,0,0,0,0,0,28,2,26,7,21,16,11.3323286998675,10.1110706657323,0.394634902501812,31
"14903","SP","Iracemápolis",24614,83477.19,35027,"Limeira",3,"Sudeste",1,"352140",6,28,3,25,9,19,0,0,0,0,0,28,3,25,9,19,13,11.3323286998675,10.1110706657323,0.375030219546018,30
"14904","SP","Iracemápolis",24614,83477.19,35027,"Limeira",3,"Sudeste",1,"352140",7,18,4,14,4,14,0,0,0,0,0,18,4,14,4,14,20,11.3323286998675,10.1110706657323,0.388911627171912,29
"14905","SP","Irapuã",8048,19748.75,35008,"Novo Horizonte",3,"Sudeste",0,"352150",2,12,3,9,6,6,0,0,0,0,0,12,3,9,6,6,6,9.89084547718706,8.99317889233952,0.28060834571496,29
"14906","SP","Irapuã",8048,19748.75,35008,"Novo Horizonte",3,"Sudeste",0,"352150",3,9,4,5,3,6,0,0,0,0,0,9,4,5,3,6,2,9.89084547718706,8.99317889233952,0.339075400924234,31
"14907","SP","Irapuã",8048,19748.75,35008,"Novo Horizonte",3,"Sudeste",0,"352150",4,11,5,6,4,7,0,0,0,0,0,11,5,6,4,7,2,9.89084547718706,8.99317889233952,0.372038980140538,30
"14908","SP","Irapuã",8048,19748.75,35008,"Novo Horizonte",3,"Sudeste",0,"352150",5,6,0,6,3,3,0,0,0,0,0,6,0,6,3,3,5,9.89084547718706,8.99317889233952,0.363601224851426,31
"14909","SP","Irapuã",8048,19748.75,35008,"Novo Horizonte",3,"Sudeste",0,"352150",6,4,2,2,1,3,0,0,0,0,0,4,2,2,1,3,6,9.89084547718706,8.99317889233952,0.351328533823549,30
"14910","SP","Irapuã",8048,19748.75,35008,"Novo Horizonte",3,"Sudeste",0,"352150",7,5,2,3,0,5,0,0,0,0,0,5,2,3,0,5,5,9.89084547718706,8.99317889233952,0.35912745366278,29
"14911","SP","Irapuru",8325,10659.85,35035,"Adamantina",3,"Sudeste",0,"352160",2,9,1,8,6,3,0,0,0,0,0,9,1,8,6,3,6,9.27423962632627,9.02701831484864,0.286982417472897,29
"14912","SP","Irapuru",8325,10659.85,35035,"Adamantina",3,"Sudeste",0,"352160",3,11,0,11,4,7,0,0,0,0,0,11,0,11,4,7,2,9.27423962632627,9.02701831484864,0.393351493067222,31
"14913","SP","Irapuru",8325,10659.85,35035,"Adamantina",3,"Sudeste",0,"352160",4,8,1,7,0,8,0,0,0,0,0,8,1,7,0,8,4,9.27423962632627,9.02701831484864,0.425665726524551,30
"14914","SP","Irapuru",8325,10659.85,35035,"Adamantina",3,"Sudeste",0,"352160",5,7,2,5,1,6,0,0,0,0,0,7,2,5,1,6,7,9.27423962632627,9.02701831484864,0.440632696513268,31
"14915","SP","Irapuru",8325,10659.85,35035,"Adamantina",3,"Sudeste",0,"352160",6,6,2,4,1,5,0,0,0,0,0,6,2,4,1,5,2,9.27423962632627,9.02701831484864,0.396864087750425,30
"14916","SP","Irapuru",8325,10659.85,35035,"Adamantina",3,"Sudeste",0,"352160",7,6,2,4,0,6,0,0,0,0,0,6,2,4,0,6,9,9.27423962632627,9.02701831484864,0.37110684334073,29
"14917","SP","Itaberá",17480,29569.7,35041,"Itapeva",3,"Sudeste",0,"352170",2,31,4,27,16,15,0,0,0,0,0,31,4,27,16,15,12,10.2945054673774,9.76881264920953,0.315559387575212,29
"14918","SP","Itaberá",17480,29569.7,35041,"Itapeva",3,"Sudeste",0,"352170",3,27,4,23,15,12,0,0,0,0,0,27,4,23,15,12,10,10.2945054673774,9.76881264920953,0.409620680934336,31
"14919","SP","Itaberá",17480,29569.7,35041,"Itapeva",3,"Sudeste",0,"352170",4,14,1,13,6,8,0,0,0,0,0,14,1,13,6,8,10,10.2945054673774,9.76881264920953,0.455089283315809,30
"14920","SP","Itaberá",17480,29569.7,35041,"Itapeva",3,"Sudeste",0,"352170",5,23,3,20,8,15,0,0,0,0,0,23,3,20,8,15,8,10.2945054673774,9.76881264920953,0.456423001965969,31
"14921","SP","Itaberá",17480,29569.7,35041,"Itapeva",3,"Sudeste",0,"352170",6,21,3,18,11,10,0,0,0,0,0,21,3,18,11,10,8,10.2945054673774,9.76881264920953,0.432609539899627,30
"14922","SP","Itaberá",17480,29569.7,35041,"Itapeva",3,"Sudeste",0,"352170",7,15,2,13,11,4,0,0,0,0,0,15,2,13,11,4,16,10.2945054673774,9.76881264920953,0.424215482186869,29
"14923","SP","Itaí",27382,22376.97,35022,"Avaré",3,"Sudeste",1,"352180",2,51,11,40,19,32,0,0,0,0,0,51,11,40,19,32,16,10.0157875839601,10.2176411421937,0.341753233405522,29
"14924","SP","Itaí",27382,22376.97,35022,"Avaré",3,"Sudeste",1,"352180",3,56,16,40,24,32,0,0,0,0,0,56,16,40,24,32,12,10.0157875839601,10.2176411421937,0.425473096909511,31
"14925","SP","Itaí",27382,22376.97,35022,"Avaré",3,"Sudeste",1,"352180",4,24,7,17,9,15,0,0,0,0,0,24,7,17,9,15,15,10.0157875839601,10.2176411421937,0.452171835779816,30
"14926","SP","Itaí",27382,22376.97,35022,"Avaré",3,"Sudeste",1,"352180",5,26,6,20,9,17,1,0,0,0,0,27,6,20,9,17,21,10.0157875839601,10.2176411421937,0.444766289712887,31
"14927","SP","Itaí",27382,22376.97,35022,"Avaré",3,"Sudeste",1,"352180",6,27,9,18,12,15,0,0,0,0,0,27,9,18,12,15,13,10.0157875839601,10.2176411421937,0.40757835380219,30
"14928","SP","Itaí",27382,22376.97,35022,"Avaré",3,"Sudeste",1,"352180",7,22,7,15,9,13,0,0,0,0,0,22,7,15,9,13,19,10.0157875839601,10.2176411421937,0.395523020260337,29
"14929","SP","Itajobi",15297,105038.02,35008,"Novo Horizonte",3,"Sudeste",1,"352190",2,27,8,19,9,18,0,0,0,0,0,27,8,19,9,18,14,11.5620776588371,9.63541200972327,0.280312484513708,29
"14930","SP","Itajobi",15297,105038.02,35008,"Novo Horizonte",3,"Sudeste",1,"352190",3,24,7,17,5,19,0,0,0,0,0,24,7,17,5,19,11,11.5620776588371,9.63541200972327,0.355507080331945,31
"14931","SP","Itajobi",15297,105038.02,35008,"Novo Horizonte",3,"Sudeste",1,"352190",4,25,7,18,11,14,0,0,0,0,0,25,7,18,11,14,12,11.5620776588371,9.63541200972327,0.383112354587911,30
"14932","SP","Itajobi",15297,105038.02,35008,"Novo Horizonte",3,"Sudeste",1,"352190",5,9,3,6,4,5,0,0,0,0,0,9,3,6,4,5,11,11.5620776588371,9.63541200972327,0.373986481392607,31
"14933","SP","Itajobi",15297,105038.02,35008,"Novo Horizonte",3,"Sudeste",1,"352190",6,25,4,21,13,12,0,0,0,0,0,25,4,21,13,12,22,11.5620776588371,9.63541200972327,0.3590267783346,30
"14934","SP","Itajobi",15297,105038.02,35008,"Novo Horizonte",3,"Sudeste",1,"352190",7,9,0,9,2,7,1,0,0,0,0,10,0,9,2,7,14,11.5620776588371,9.63541200972327,0.349334325521812,29
"14935","SP","Itanhaém",103102,18763.24,35056,"Itanhaém",3,"Sudeste",1,"352210",2,202,39,163,73,129,0,0,0,0,0,202,39,163,73,129,63,9.83965491553705,11.543474068459,0.338110764394249,29
"14936","SP","Itanhaém",103102,18763.24,35056,"Itanhaém",3,"Sudeste",1,"352210",3,184,40,144,72,112,0,0,0,0,0,184,40,144,72,112,62,9.83965491553705,11.543474068459,0.442067075823124,31
"14937","SP","Itanhaém",103102,18763.24,35056,"Itanhaém",3,"Sudeste",1,"352210",4,131,26,105,52,79,1,0,0,0,0,132,26,105,52,79,67,9.83965491553705,11.543474068459,0.49074275595581,30
"14938","SP","Itanhaém",103102,18763.24,35056,"Itanhaém",3,"Sudeste",1,"352210",5,116,13,103,54,62,2,0,0,0,0,118,13,103,54,62,117,9.83965491553705,11.543474068459,0.457358528596528,31
"14939","SP","Itanhaém",103102,18763.24,35056,"Itanhaém",3,"Sudeste",1,"352210",6,105,19,86,40,65,0,0,0,0,0,105,19,86,40,65,82,9.83965491553705,11.543474068459,0.43494381865174,30
"14940","SP","Itanhaém",103102,18763.24,35056,"Itanhaém",3,"Sudeste",1,"352210",7,118,18,100,51,67,2,0,0,0,0,120,18,100,51,67,97,9.83965491553705,11.543474068459,0.42355069135959,29
"14941","SP","Itapecerica da Serra",177662,21079.61,35060,"Itapecerica da Serra",3,"Sudeste",1,"352220",2,328,47,281,116,212,5,0,0,0,0,333,47,281,116,212,74,9.95606150153539,12.0876381477184,0.306044558515994,29
"14942","SP","Itapecerica da Serra",177662,21079.61,35060,"Itapecerica da Serra",3,"Sudeste",1,"352220",3,361,60,301,125,236,3,0,0,0,0,364,60,301,125,236,76,9.95606150153539,12.0876381477184,0.403305813441984,31
"14943","SP","Itapecerica da Serra",177662,21079.61,35060,"Itapecerica da Serra",3,"Sudeste",1,"352220",4,208,34,174,74,134,0,0,0,0,0,208,34,174,74,134,88,9.95606150153539,12.0876381477184,0.47816495242322,30
"14944","SP","Itapecerica da Serra",177662,21079.61,35060,"Itapecerica da Serra",3,"Sudeste",1,"352220",5,207,27,180,71,136,6,0,0,0,0,213,27,180,71,136,124,9.95606150153539,12.0876381477184,0.455532386222844,31
"14945","SP","Itapecerica da Serra",177662,21079.61,35060,"Itapecerica da Serra",3,"Sudeste",1,"352220",6,183,29,154,65,118,1,0,0,0,0,184,29,154,65,118,140,9.95606150153539,12.0876381477184,0.409682361230987,30
"14946","SP","Itapecerica da Serra",177662,21079.61,35060,"Itapecerica da Serra",3,"Sudeste",1,"352220",7,218,28,190,80,138,5,0,0,0,0,223,28,190,80,138,109,9.95606150153539,12.0876381477184,0.401449978286741,29
"14947","SP","Itapetininga",165526,29304.81,35042,"Itapetininga",3,"Sudeste",1,"352230",2,247,35,212,91,156,0,0,0,0,0,247,35,212,91,156,78,10.2855069453543,12.0168835611583,0.295688279044915,29
"14948","SP","Itapetininga",165526,29304.81,35042,"Itapetininga",3,"Sudeste",1,"352230",3,283,42,241,111,172,0,0,0,0,0,283,42,241,111,172,96,10.2855069453543,12.0168835611583,0.391130704289526,31
"14949","SP","Itapetininga",165526,29304.81,35042,"Itapetininga",3,"Sudeste",1,"352230",4,181,16,165,78,103,0,0,0,0,0,181,16,165,78,103,74,10.2855069453543,12.0168835611583,0.448680412130867,30
"14950","SP","Itapetininga",165526,29304.81,35042,"Itapetininga",3,"Sudeste",1,"352230",5,173,22,151,67,106,1,0,0,0,0,174,22,151,67,106,78,10.2855069453543,12.0168835611583,0.412467161488047,31
"14951","SP","Itapetininga",165526,29304.81,35042,"Itapetininga",3,"Sudeste",1,"352230",6,162,20,142,68,94,0,0,0,0,0,162,20,142,68,94,104,10.2855069453543,12.0168835611583,0.388625122801034,30
"14952","SP","Itapetininga",165526,29304.81,35042,"Itapetininga",3,"Sudeste",1,"352230",7,141,21,120,51,90,0,0,0,0,0,141,21,120,51,90,115,10.2855069453543,12.0168835611583,0.380816264108644,29
"14953","SP","Itapeva",94804,26860.38,35041,"Itapeva",3,"Sudeste",1,"352240",2,190,34,156,81,109,1,0,0,0,0,191,34,156,81,109,51,10.1984076174083,11.4595668814458,0.332534363808986,29
"14954","SP","Itapeva",94804,26860.38,35041,"Itapeva",3,"Sudeste",1,"352240",3,188,40,148,79,109,0,0,0,0,0,188,40,148,79,109,56,10.1984076174083,11.4595668814458,0.434157391403704,31
"14955","SP","Itapeva",94804,26860.38,35041,"Itapeva",3,"Sudeste",1,"352240",4,151,33,118,71,80,0,0,0,0,0,151,33,118,71,80,68,10.1984076174083,11.4595668814458,0.491498639920407,30
"14956","SP","Itapeva",94804,26860.38,35041,"Itapeva",3,"Sudeste",1,"352240",5,121,27,94,42,79,2,0,0,0,0,123,27,94,42,79,59,10.1984076174083,11.4595668814458,0.456784795573876,31
"14957","SP","Itapeva",94804,26860.38,35041,"Itapeva",3,"Sudeste",1,"352240",6,126,28,98,47,79,1,0,0,0,0,127,28,98,47,79,56,10.1984076174083,11.4595668814458,0.419620772244236,30
"14958","SP","Itapeva",94804,26860.38,35041,"Itapeva",3,"Sudeste",1,"352240",7,124,29,95,53,71,1,0,0,0,0,125,29,95,53,71,66,10.1984076174083,11.4595668814458,0.412933736232279,29
"14959","SP","Itapevi",240961,51939.22,35057,"Osasco",3,"Sudeste",1,"352250",2,545,61,484,236,309,0,0,0,0,0,545,61,484,236,309,99,10.8578294677763,12.3923903736515,0.296982920370828,29
"14960","SP","Itapevi",240961,51939.22,35057,"Osasco",3,"Sudeste",1,"352250",3,522,69,453,213,309,2,0,0,0,0,524,69,453,213,309,107,10.8578294677763,12.3923903736515,0.394798207973219,31
"14961","SP","Itapevi",240961,51939.22,35057,"Osasco",3,"Sudeste",1,"352250",4,350,57,293,128,222,3,0,0,0,0,353,57,293,128,222,118,10.8578294677763,12.3923903736515,0.466955617700889,30
"14962","SP","Itapevi",240961,51939.22,35057,"Osasco",3,"Sudeste",1,"352250",5,357,56,301,148,209,3,0,0,0,0,360,56,301,148,209,156,10.8578294677763,12.3923903736515,0.447760343680669,31
"14963","SP","Itapevi",240961,51939.22,35057,"Osasco",3,"Sudeste",1,"352250",6,336,47,289,119,217,2,0,0,0,0,338,47,289,119,217,146,10.8578294677763,12.3923903736515,0.403594372546957,30
"14964","SP","Itapevi",240961,51939.22,35057,"Osasco",3,"Sudeste",1,"352250",7,341,39,302,134,207,1,0,0,0,0,342,39,302,134,207,163,10.8578294677763,12.3923903736515,0.391037855329293,29
"14965","SP","Itapira",75234,52565.34,35031,"Mogi Mirim",3,"Sudeste",1,"352260",2,101,17,84,36,65,0,0,0,0,0,101,17,84,36,65,41,10.8698122461713,11.2283585354186,0.301580947282249,29
"14966","SP","Itapira",75234,52565.34,35031,"Mogi Mirim",3,"Sudeste",1,"352260",3,96,15,81,27,69,1,0,0,0,0,97,15,81,27,69,50,10.8698122461713,11.2283585354186,0.385841194797841,31
"14967","SP","Itapira",75234,52565.34,35031,"Mogi Mirim",3,"Sudeste",1,"352260",4,72,12,60,22,50,0,0,0,0,0,72,12,60,22,50,37,10.8698122461713,11.2283585354186,0.43955459403842,30
"14968","SP","Itapira",75234,52565.34,35031,"Mogi Mirim",3,"Sudeste",1,"352260",5,61,13,48,20,41,1,0,0,0,0,62,13,48,20,41,44,10.8698122461713,11.2283585354186,0.401200187187737,31
"14969","SP","Itapira",75234,52565.34,35031,"Mogi Mirim",3,"Sudeste",1,"352260",6,73,10,63,26,47,0,0,0,0,0,73,10,63,26,47,69,10.8698122461713,11.2283585354186,0.372645134970385,30
"14970","SP","Itapira",75234,52565.34,35031,"Mogi Mirim",3,"Sudeste",1,"352260",7,71,14,57,28,43,0,0,0,0,0,71,14,57,28,43,57,10.8698122461713,11.2283585354186,0.377520862413348,29
"14971","SP","Itápolis",43331,30504.92,35024,"Araraquara",3,"Sudeste",1,"352270",2,65,15,50,19,46,1,0,0,0,0,66,15,50,19,46,27,10.3256432610616,10.676623593166,0.289804955931916,29
"14972","SP","Itápolis",43331,30504.92,35024,"Araraquara",3,"Sudeste",1,"352270",3,61,9,52,14,47,0,0,0,0,0,61,9,52,14,47,26,10.3256432610616,10.676623593166,0.361444151837737,31
"14973","SP","Itápolis",43331,30504.92,35024,"Araraquara",3,"Sudeste",1,"352270",4,32,5,27,6,26,0,0,0,0,0,32,5,27,6,26,39,10.3256432610616,10.676623593166,0.387189178612275,30
"14974","SP","Itápolis",43331,30504.92,35024,"Araraquara",3,"Sudeste",1,"352270",5,35,11,24,13,22,1,0,0,0,0,36,11,24,13,22,27,10.3256432610616,10.676623593166,0.360093323311194,31
"14975","SP","Itápolis",43331,30504.92,35024,"Araraquara",3,"Sudeste",1,"352270",6,40,11,29,14,26,0,0,0,0,0,40,11,29,14,26,40,10.3256432610616,10.676623593166,0.345109410766107,30
"14976","SP","Itápolis",43331,30504.92,35024,"Araraquara",3,"Sudeste",1,"352270",7,28,7,21,12,16,0,0,0,0,0,28,7,21,12,16,38,10.3256432610616,10.676623593166,0.347354312227386,29
"14977","SP","Itaporanga",15173,21229.91,35041,"Itapeva",3,"Sudeste",0,"352280",2,32,3,29,12,20,0,0,0,0,0,32,3,29,12,20,6,9.96316631540428,9.62727281152524,0.339722366626179,29
"14978","SP","Itaporanga",15173,21229.91,35041,"Itapeva",3,"Sudeste",0,"352280",3,19,2,17,11,8,0,0,0,0,0,19,2,17,11,8,11,9.96316631540428,9.62727281152524,0.403839652431756,31
"14979","SP","Itaporanga",15173,21229.91,35041,"Itapeva",3,"Sudeste",0,"352280",4,14,1,13,6,8,0,0,0,0,0,14,1,13,6,8,13,9.96316631540428,9.62727281152524,0.467042311392468,30
"14980","SP","Itaporanga",15173,21229.91,35041,"Itapeva",3,"Sudeste",0,"352280",5,23,2,21,11,12,1,0,0,0,0,24,2,21,11,12,11,9.96316631540428,9.62727281152524,0.449513705671898,31
"14981","SP","Itaporanga",15173,21229.91,35041,"Itapeva",3,"Sudeste",0,"352280",6,9,3,6,3,6,0,0,0,0,0,9,3,6,3,6,14,9.96316631540428,9.62727281152524,0.436104618048062,30
"14982","SP","Itaporanga",15173,21229.91,35041,"Itapeva",3,"Sudeste",0,"352280",7,10,1,9,1,9,0,0,0,0,0,10,1,9,1,9,16,9.96316631540428,9.62727281152524,0.434117404578913,29
"14983","SP","Itapuí",14147,48103.23,35021,"Jaú",3,"Sudeste",1,"352290",2,28,5,23,9,19,0,0,0,0,0,28,5,23,9,19,5,10.7811046056064,9.55725786645893,0.328844745823676,29
"14984","SP","Itapuí",14147,48103.23,35021,"Jaú",3,"Sudeste",1,"352290",3,26,8,18,15,11,0,0,0,0,0,26,8,18,15,11,7,10.7811046056064,9.55725786645893,0.398078184722689,31
"14985","SP","Itapuí",14147,48103.23,35021,"Jaú",3,"Sudeste",1,"352290",4,16,6,10,6,10,0,0,0,0,0,16,6,10,6,10,10,10.7811046056064,9.55725786645893,0.414072577716551,30
"14986","SP","Itapuí",14147,48103.23,35021,"Jaú",3,"Sudeste",1,"352290",5,16,5,11,6,10,0,0,0,0,0,16,5,11,6,10,11,10.7811046056064,9.55725786645893,0.396989651021673,31
"14987","SP","Itapuí",14147,48103.23,35021,"Jaú",3,"Sudeste",1,"352290",6,21,5,16,10,11,0,0,0,0,0,21,5,16,10,11,6,10.7811046056064,9.55725786645893,0.368450418419115,30
"14988","SP","Itapuí",14147,48103.23,35021,"Jaú",3,"Sudeste",1,"352290",7,19,6,13,6,13,0,0,0,0,0,19,6,13,6,13,12,10.7811046056064,9.55725786645893,0.348855746925158,29
"14989","SP","Itaquaquecetuba",375011,19678.54,35062,"Mogi das Cruzes",3,"Sudeste",1,"352310",2,806,127,679,304,502,4,0,0,0,0,810,127,679,304,502,144,9.88728398086238,12.8347106378557,0.311356492757643,29
"14990","SP","Itaquaquecetuba",375011,19678.54,35062,"Mogi das Cruzes",3,"Sudeste",1,"352310",3,785,118,667,291,494,7,0,0,0,0,792,118,667,291,494,166,9.88728398086238,12.8347106378557,0.407161103384832,31
"14991","SP","Itaquaquecetuba",375011,19678.54,35062,"Mogi das Cruzes",3,"Sudeste",1,"352310",4,504,76,428,210,294,4,0,0,0,0,508,76,428,210,294,153,9.88728398086238,12.8347106378557,0.470026238423693,30
"14992","SP","Itaquaquecetuba",375011,19678.54,35062,"Mogi das Cruzes",3,"Sudeste",1,"352310",5,447,78,369,184,263,4,0,0,0,0,451,78,369,184,263,220,9.88728398086238,12.8347106378557,0.442384387514782,31
"14993","SP","Itaquaquecetuba",375011,19678.54,35062,"Mogi das Cruzes",3,"Sudeste",1,"352310",6,477,77,400,173,304,8,0,0,0,0,485,77,400,173,304,225,9.88728398086238,12.8347106378557,0.400641270082467,30
"14994","SP","Itaquaquecetuba",375011,19678.54,35062,"Mogi das Cruzes",3,"Sudeste",1,"352310",7,424,79,345,163,261,9,0,0,0,0,433,79,345,163,261,209,9.88728398086238,12.8347106378557,0.392671201920135,29
"14995","SP","Itararé",50642,17452.03,35041,"Itapeva",3,"Sudeste",1,"352320",2,69,18,51,26,43,0,0,0,0,0,69,18,51,26,43,21,9.76721125324271,10.8325365505089,0.352624718604682,29
"14996","SP","Itararé",50642,17452.03,35041,"Itapeva",3,"Sudeste",1,"352320",3,95,26,69,36,59,0,0,0,0,0,95,26,69,36,59,29,9.76721125324271,10.8325365505089,0.453991857778372,31
"14997","SP","Itararé",50642,17452.03,35041,"Itapeva",3,"Sudeste",1,"352320",4,61,14,47,27,34,0,0,0,0,0,61,14,47,27,34,31,9.76721125324271,10.8325365505089,0.494344454343134,30
"14998","SP","Itararé",50642,17452.03,35041,"Itapeva",3,"Sudeste",1,"352320",5,42,9,33,11,31,0,0,0,0,0,42,9,33,11,31,28,9.76721125324271,10.8325365505089,0.471846482957205,31
"14999","SP","Itararé",50642,17452.03,35041,"Itapeva",3,"Sudeste",1,"352320",6,60,18,42,20,40,1,0,0,0,0,61,18,42,20,40,27,9.76721125324271,10.8325365505089,0.4712708914287,30
"15000","SP","Itararé",50642,17452.03,35041,"Itapeva",3,"Sudeste",1,"352320",7,60,23,37,26,34,0,0,0,0,0,60,23,37,26,34,29,9.76721125324271,10.8325365505089,0.461778511902793,29
"15001","SP","Itariri",17598,15990.63,35056,"Itanhaém",3,"Sudeste",0,"352330",2,16,3,13,9,7,0,0,0,0,0,16,3,13,9,7,5,9.67975820467662,9.77554053820551,0.319496081779983,29
"15002","SP","Itariri",17598,15990.63,35056,"Itanhaém",3,"Sudeste",0,"352330",3,25,6,19,8,17,0,0,0,0,0,25,6,19,8,17,8,9.67975820467662,9.77554053820551,0.416705790715265,31
"15003","SP","Itariri",17598,15990.63,35056,"Itanhaém",3,"Sudeste",0,"352330",4,11,3,8,4,7,0,0,0,0,0,11,3,8,4,7,10,9.67975820467662,9.77554053820551,0.453534690582353,30
"15004","SP","Itariri",17598,15990.63,35056,"Itanhaém",3,"Sudeste",0,"352330",5,10,3,7,4,6,0,0,0,0,0,10,3,7,4,6,6,9.67975820467662,9.77554053820551,0.4499740271472,31
"15005","SP","Itariri",17598,15990.63,35056,"Itanhaém",3,"Sudeste",0,"352330",6,20,2,18,5,15,0,0,0,0,0,20,2,18,5,15,17,9.67975820467662,9.77554053820551,0.424383490482868,30
"15006","SP","Itariri",17598,15990.63,35056,"Itanhaém",3,"Sudeste",0,"352330",7,21,3,18,7,14,0,0,0,0,0,21,3,18,7,14,10,9.67975820467662,9.77554053820551,0.417350850769232,29
"15007","SP","Itatiba",122581,50811.86,35048,"Bragança Paulista",3,"Sudeste",1,"352340",2,235,40,195,87,148,0,0,0,0,0,235,40,195,87,148,48,10.8358850708849,11.7165273149441,0.287845093206482,29
"15008","SP","Itatiba",122581,50811.86,35048,"Bragança Paulista",3,"Sudeste",1,"352340",3,221,26,195,66,155,1,0,0,0,0,222,26,195,66,155,57,10.8358850708849,11.7165273149441,0.388885759156476,31
"15009","SP","Itatiba",122581,50811.86,35048,"Bragança Paulista",3,"Sudeste",1,"352340",4,105,11,94,35,70,1,0,0,0,0,106,11,94,35,70,63,10.8358850708849,11.7165273149441,0.450609152912754,30
"15010","SP","Itatiba",122581,50811.86,35048,"Bragança Paulista",3,"Sudeste",1,"352340",5,119,12,107,33,86,1,0,0,0,0,120,12,107,33,86,58,10.8358850708849,11.7165273149441,0.413580116391391,31
"15011","SP","Itatiba",122581,50811.86,35048,"Bragança Paulista",3,"Sudeste",1,"352340",6,124,11,113,31,93,0,0,0,0,0,124,11,113,31,93,78,10.8358850708849,11.7165273149441,0.380710371822129,30
"15012","SP","Itatiba",122581,50811.86,35048,"Bragança Paulista",3,"Sudeste",1,"352340",7,129,12,117,35,94,2,0,0,0,0,131,12,117,35,94,75,10.8358850708849,11.7165273149441,0.367132427511642,29
"15013","SP","Itatinga",20921,20051.45,35022,"Avaré",3,"Sudeste",1,"352350",2,38,10,28,20,18,0,0,0,0,0,38,10,28,20,18,5,9.9060567493218,9.94850871818365,0.31127711525479,29
"15014","SP","Itatinga",20921,20051.45,35022,"Avaré",3,"Sudeste",1,"352350",3,41,11,30,20,21,0,0,0,0,0,41,11,30,20,21,9,9.9060567493218,9.94850871818365,0.375837936627032,31
"15015","SP","Itatinga",20921,20051.45,35022,"Avaré",3,"Sudeste",1,"352350",4,19,5,14,7,12,0,0,0,0,0,19,5,14,7,12,11,9.9060567493218,9.94850871818365,0.429854602635451,30
"15016","SP","Itatinga",20921,20051.45,35022,"Avaré",3,"Sudeste",1,"352350",5,25,9,16,8,17,1,0,0,0,0,26,9,16,8,17,11,9.9060567493218,9.94850871818365,0.409249968238009,31
"15017","SP","Itatinga",20921,20051.45,35022,"Avaré",3,"Sudeste",1,"352350",6,22,9,13,15,7,0,0,0,0,0,22,9,13,15,7,16,9.9060567493218,9.94850871818365,0.392198772397286,30
"15018","SP","Itatinga",20921,20051.45,35022,"Avaré",3,"Sudeste",1,"352350",7,32,12,20,18,14,0,0,0,0,0,32,12,20,18,14,12,9.9060567493218,9.94850871818365,0.39061090903558,29
"15019","SP","Itirapina",18387,22943.13,35026,"Rio Claro",3,"Sudeste",1,"352360",2,21,3,18,6,15,0,0,0,0,0,21,3,18,6,15,8,10.0407738242704,9.81939917215384,0.333716028580802,29
"15020","SP","Itirapina",18387,22943.13,35026,"Rio Claro",3,"Sudeste",1,"352360",3,24,5,19,9,15,0,0,0,0,0,24,5,19,9,15,7,10.0407738242704,9.81939917215384,0.419246621200418,31
"15021","SP","Itirapina",18387,22943.13,35026,"Rio Claro",3,"Sudeste",1,"352360",4,15,2,13,6,9,0,0,0,0,0,15,2,13,6,9,6,10.0407738242704,9.81939917215384,0.463020836777078,30
"15022","SP","Itirapina",18387,22943.13,35026,"Rio Claro",3,"Sudeste",1,"352360",5,16,3,13,4,12,0,0,0,0,0,16,3,13,4,12,13,10.0407738242704,9.81939917215384,0.449204283160754,31
"15023","SP","Itirapina",18387,22943.13,35026,"Rio Claro",3,"Sudeste",1,"352360",6,18,1,17,5,13,0,0,0,0,0,18,1,17,5,13,5,10.0407738242704,9.81939917215384,0.415990231932397,30
"15024","SP","Itirapina",18387,22943.13,35026,"Rio Claro",3,"Sudeste",1,"352360",7,17,1,16,7,10,0,0,0,0,0,17,1,16,7,10,9,10.0407738242704,9.81939917215384,0.405553143017211,29
"15025","SP","Itirapuã",6543,15275.66,35012,"Franca",3,"Sudeste",1,"352370",2,11,1,10,4,7,0,0,0,0,0,11,1,10,4,7,3,9.63401599096234,8.78615105486974,0.348306259241582,29
"15026","SP","Itirapuã",6543,15275.66,35012,"Franca",3,"Sudeste",1,"352370",3,11,2,9,5,6,0,0,0,0,0,11,2,9,5,6,4,9.63401599096234,8.78615105486974,0.418639651152263,31
"15027","SP","Itirapuã",6543,15275.66,35012,"Franca",3,"Sudeste",1,"352370",4,3,0,3,0,3,0,0,0,0,0,3,0,3,0,3,1,9.63401599096234,8.78615105486974,0.421464979474004,30
"15028","SP","Itirapuã",6543,15275.66,35012,"Franca",3,"Sudeste",1,"352370",5,4,1,3,1,3,0,0,0,0,0,4,1,3,1,3,1,9.63401599096234,8.78615105486974,0.421107820072567,31
"15029","SP","Itirapuã",6543,15275.66,35012,"Franca",3,"Sudeste",1,"352370",6,2,1,1,1,1,0,0,0,0,0,2,1,1,1,1,5,9.63401599096234,8.78615105486974,0.392833452316504,30
"15030","SP","Itirapuã",6543,15275.66,35012,"Franca",3,"Sudeste",1,"352370",7,3,0,3,0,3,0,0,0,0,0,3,0,3,0,3,4,9.63401599096234,8.78615105486974,0.410681687992497,29
"15031","SP","Itobi",7852,15939.55,35030,"São João da Boa Vista",3,"Sudeste",0,"352380",2,15,2,13,7,8,0,0,0,0,0,15,2,13,7,8,4,9.67655872107996,8.96852355539635,0.349166652188021,29
"15032","SP","Itobi",7852,15939.55,35030,"São João da Boa Vista",3,"Sudeste",0,"352380",3,13,3,10,4,9,0,0,0,0,0,13,3,10,4,9,4,9.67655872107996,8.96852355539635,0.417180705499436,31
"15033","SP","Itobi",7852,15939.55,35030,"São João da Boa Vista",3,"Sudeste",0,"352380",4,7,3,4,3,4,0,0,0,0,0,7,3,4,3,4,2,9.67655872107996,8.96852355539635,0.446275734415939,30
"15034","SP","Itobi",7852,15939.55,35030,"São João da Boa Vista",3,"Sudeste",0,"352380",5,1,0,1,0,1,0,0,0,0,0,1,0,1,0,1,3,9.67655872107996,8.96852355539635,0.433992508053991,31
"15035","SP","Itobi",7852,15939.55,35030,"São João da Boa Vista",3,"Sudeste",0,"352380",6,11,3,8,5,6,0,0,0,0,0,11,3,8,5,6,3,9.67655872107996,8.96852355539635,0.416939121260285,30
"15036","SP","Itobi",7852,15939.55,35030,"São João da Boa Vista",3,"Sudeste",0,"352380",7,6,2,4,0,6,0,0,0,0,0,6,2,4,0,6,8,9.67655872107996,8.96852355539635,0.431797688669156,29
"15037","SP","Itu",175568,45461.13,35046,"Sorocaba",3,"Sudeste",1,"352390",2,348,75,273,131,217,0,0,0,0,0,348,75,273,131,217,82,10.7246129541148,12.0757817112306,0.299399741250974,29
"15038","SP","Itu",175568,45461.13,35046,"Sorocaba",3,"Sudeste",1,"352390",3,308,55,253,122,186,3,0,0,0,0,311,55,253,122,186,105,10.7246129541148,12.0757817112306,0.394287960860746,31
"15039","SP","Itu",175568,45461.13,35046,"Sorocaba",3,"Sudeste",1,"352390",4,215,38,177,69,146,0,0,0,0,0,215,38,177,69,146,89,10.7246129541148,12.0757817112306,0.463799722234761,30
"15040","SP","Itu",175568,45461.13,35046,"Sorocaba",3,"Sudeste",1,"352390",5,186,36,150,56,130,0,0,0,0,0,186,36,150,56,130,109,10.7246129541148,12.0757817112306,0.435236135130579,31
"15041","SP","Itu",175568,45461.13,35046,"Sorocaba",3,"Sudeste",1,"352390",6,204,33,171,63,141,0,0,0,0,0,204,33,171,63,141,102,10.7246129541148,12.0757817112306,0.398906307341262,30
"15042","SP","Itu",175568,45461.13,35046,"Sorocaba",3,"Sudeste",1,"352390",7,208,32,176,66,142,0,0,0,0,0,208,32,176,66,142,140,10.7246129541148,12.0757817112306,0.387757371761947,29
"15043","SP","Itupeva",62813,112159.24,35047,"Jundiaí",3,"Sudeste",1,"352400",2,123,15,108,42,81,0,0,0,0,0,123,15,108,42,81,19,11.6276749262112,11.0479173374029,0.298307081477348,29
"15044","SP","Itupeva",62813,112159.24,35047,"Jundiaí",3,"Sudeste",1,"352400",3,138,16,122,48,90,0,0,0,0,0,138,16,122,48,90,32,11.6276749262112,11.0479173374029,0.391526516325771,31
"15045","SP","Itupeva",62813,112159.24,35047,"Jundiaí",3,"Sudeste",1,"352400",4,82,15,67,29,53,0,0,0,0,0,82,15,67,29,53,19,11.6276749262112,11.0479173374029,0.444253622469286,30
"15046","SP","Itupeva",62813,112159.24,35047,"Jundiaí",3,"Sudeste",1,"352400",5,60,10,50,19,41,0,0,0,0,0,60,10,50,19,41,31,11.6276749262112,11.0479173374029,0.416066697299573,31
"15047","SP","Itupeva",62813,112159.24,35047,"Jundiaí",3,"Sudeste",1,"352400",6,72,10,62,23,49,0,0,0,0,0,72,10,62,23,49,43,11.6276749262112,11.0479173374029,0.386209223892218,30
"15048","SP","Itupeva",62813,112159.24,35047,"Jundiaí",3,"Sudeste",1,"352400",7,73,13,60,17,56,1,0,0,0,0,74,13,60,17,56,33,11.6276749262112,11.0479173374029,0.382735339721229,29
"15049","SP","Ituverava",42045,36651.33,35011,"Ituverava",3,"Sudeste",1,"352410",2,63,12,51,15,48,0,0,0,0,0,63,12,51,15,48,20,10.5092049958787,10.646495752267,0.300515273150552,29
"15050","SP","Ituverava",42045,36651.33,35011,"Ituverava",3,"Sudeste",1,"352410",3,78,13,65,28,50,2,0,0,0,0,80,13,65,28,50,22,10.5092049958787,10.646495752267,0.38323758941725,31
"15051","SP","Ituverava",42045,36651.33,35011,"Ituverava",3,"Sudeste",1,"352410",4,32,1,31,8,24,0,0,0,0,0,32,1,31,8,24,25,10.5092049958787,10.646495752267,0.434819991296465,30
"15052","SP","Ituverava",42045,36651.33,35011,"Ituverava",3,"Sudeste",1,"352410",5,34,4,30,10,24,0,0,0,0,0,34,4,30,10,24,27,10.5092049958787,10.646495752267,0.412519488546092,31
"15053","SP","Ituverava",42045,36651.33,35011,"Ituverava",3,"Sudeste",1,"352410",6,46,12,34,21,25,1,0,0,0,0,47,12,34,21,25,25,10.5092049958787,10.646495752267,0.379702738470154,30
"15054","SP","Ituverava",42045,36651.33,35011,"Ituverava",3,"Sudeste",1,"352410",7,32,5,27,5,27,1,0,0,0,0,33,5,27,5,27,32,10.5092049958787,10.646495752267,0.398119128939644,29
"15055","SP","Jaborandi",6946,19946.28,35010,"São Joaquim da Barra",3,"Sudeste",0,"352420",2,6,0,6,1,5,0,0,0,0,0,6,0,6,1,5,5,9.90079793876562,8.84592123330402,0.301426670545728,29
"15056","SP","Jaborandi",6946,19946.28,35010,"São Joaquim da Barra",3,"Sudeste",0,"352420",3,9,2,7,3,6,0,0,0,0,0,9,2,7,3,6,2,9.90079793876562,8.84592123330402,0.372300969155299,31
"15057","SP","Jaborandi",6946,19946.28,35010,"São Joaquim da Barra",3,"Sudeste",0,"352420",4,5,1,4,2,3,0,0,0,0,0,5,1,4,2,3,2,9.90079793876562,8.84592123330402,0.403424318914426,30
"15058","SP","Jaborandi",6946,19946.28,35010,"São Joaquim da Barra",3,"Sudeste",0,"352420",5,5,1,4,2,3,0,0,0,0,0,5,1,4,2,3,6,9.90079793876562,8.84592123330402,0.364496031421012,31
"15059","SP","Jaborandi",6946,19946.28,35010,"São Joaquim da Barra",3,"Sudeste",0,"352420",6,4,0,4,0,4,0,0,0,0,0,4,0,4,0,4,7,9.90079793876562,8.84592123330402,0.366859564641085,30
"15060","SP","Jaborandi",6946,19946.28,35010,"São Joaquim da Barra",3,"Sudeste",0,"352420",7,7,2,5,2,5,0,0,0,0,0,7,2,5,2,5,4,9.90079793876562,8.84592123330402,0.383383540878835,29
"15061","SP","Jaboticabal",77652,37818.06,35013,"Jaboticabal",3,"Sudeste",1,"352430",2,123,26,97,41,82,0,0,0,0,0,123,26,97,41,82,44,10.540542045286,11.2599925848453,0.298251446371844,29
"15062","SP","Jaboticabal",77652,37818.06,35013,"Jaboticabal",3,"Sudeste",1,"352430",3,116,19,97,42,74,1,0,0,0,0,117,19,97,42,74,53,10.540542045286,11.2599925848453,0.389718376576362,31
"15063","SP","Jaboticabal",77652,37818.06,35013,"Jaboticabal",3,"Sudeste",1,"352430",4,69,13,56,23,46,0,0,0,0,0,69,13,56,23,46,50,10.540542045286,11.2599925848453,0.446797677047785,30
"15064","SP","Jaboticabal",77652,37818.06,35013,"Jaboticabal",3,"Sudeste",1,"352430",5,67,7,60,21,46,1,0,0,0,0,68,7,60,21,46,54,10.540542045286,11.2599925848453,0.404201687889292,31
"15065","SP","Jaboticabal",77652,37818.06,35013,"Jaboticabal",3,"Sudeste",1,"352430",6,62,16,46,21,41,0,0,0,0,0,62,16,46,21,41,53,10.540542045286,11.2599925848453,0.36631315731667,30
"15066","SP","Jaboticabal",77652,37818.06,35013,"Jaboticabal",3,"Sudeste",1,"352430",7,67,13,54,16,51,1,0,0,0,0,68,13,54,16,51,59,10.540542045286,11.2599925848453,0.359860518425533,29
"15067","SP","Jacareí",235416,54796.98,35050,"São José dos Campos",3,"Sudeste",1,"352440",2,447,42,405,150,297,2,0,0,0,0,449,42,405,150,297,128,10.9113903619285,12.3691094409123,0.291465064479926,29
"15068","SP","Jacareí",235416,54796.98,35050,"São José dos Campos",3,"Sudeste",1,"352440",3,406,25,381,134,272,0,0,0,0,0,406,25,381,134,272,102,10.9113903619285,12.3691094409123,0.395094093072184,31
"15069","SP","Jacareí",235416,54796.98,35050,"São José dos Campos",3,"Sudeste",1,"352440",4,242,36,206,74,168,2,0,0,0,0,244,36,206,74,168,124,10.9113903619285,12.3691094409123,0.463255415756845,30
"15070","SP","Jacareí",235416,54796.98,35050,"São José dos Campos",3,"Sudeste",1,"352440",5,256,26,230,80,176,0,0,0,0,0,256,26,230,80,176,120,10.9113903619285,12.3691094409123,0.424712664143398,31
"15071","SP","Jacareí",235416,54796.98,35050,"São José dos Campos",3,"Sudeste",1,"352440",6,257,30,227,54,203,1,0,0,0,0,258,30,227,54,203,142,10.9113903619285,12.3691094409123,0.387498593462802,30
"15072","SP","Jacareí",235416,54796.98,35050,"São José dos Campos",3,"Sudeste",1,"352440",7,228,18,210,67,161,3,0,0,0,0,231,18,210,67,161,167,10.9113903619285,12.3691094409123,0.38240047759925,29
"15073","SP","Jaci",7196,56703.27,35004,"São José do Rio Preto",3,"Sudeste",1,"352450",2,9,0,9,3,6,0,0,0,0,0,9,0,9,3,6,7,10.9455871600106,8.88128059507042,0.295285651292995,29
"15074","SP","Jaci",7196,56703.27,35004,"São José do Rio Preto",3,"Sudeste",1,"352450",3,9,2,7,1,8,0,0,0,0,0,9,2,7,1,8,4,10.9455871600106,8.88128059507042,0.357099347648909,31
"15075","SP","Jaci",7196,56703.27,35004,"São José do Rio Preto",3,"Sudeste",1,"352450",4,17,8,9,5,12,0,0,0,0,0,17,8,9,5,12,7,10.9455871600106,8.88128059507042,0.392838359895935,30
"15076","SP","Jaci",7196,56703.27,35004,"São José do Rio Preto",3,"Sudeste",1,"352450",5,8,1,7,3,5,0,0,0,0,0,8,1,7,3,5,5,10.9455871600106,8.88128059507042,0.36868164656929,31
"15077","SP","Jaci",7196,56703.27,35004,"São José do Rio Preto",3,"Sudeste",1,"352450",6,10,5,5,2,8,0,0,0,0,0,10,5,5,2,8,1,10.9455871600106,8.88128059507042,0.345025371134813,30
"15078","SP","Jaci",7196,56703.27,35004,"São José do Rio Preto",3,"Sudeste",1,"352450",7,7,3,4,3,4,0,0,0,0,0,7,3,4,3,4,3,10.9455871600106,8.88128059507042,0.350267256227803,29
"15079","SP","Jacupiranga",17889,29728.97,35055,"Registro",3,"Sudeste",0,"352460",2,19,5,14,5,14,0,0,0,0,0,19,5,14,5,14,7,10.2998772702524,9.79194127779122,0.341756610644657,29
"15080","SP","Jacupiranga",17889,29728.97,35055,"Registro",3,"Sudeste",0,"352460",3,34,7,27,13,21,0,0,0,0,0,34,7,27,13,21,10,10.2998772702524,9.79194127779122,0.410485726991866,31
"15081","SP","Jacupiranga",17889,29728.97,35055,"Registro",3,"Sudeste",0,"352460",4,16,4,12,9,7,0,0,0,0,0,16,4,12,9,7,11,10.2998772702524,9.79194127779122,0.472935345739583,30
"15082","SP","Jacupiranga",17889,29728.97,35055,"Registro",3,"Sudeste",0,"352460",5,27,10,17,12,15,1,0,0,0,0,28,10,17,12,15,10,10.2998772702524,9.79194127779122,0.460457187024388,31
"15083","SP","Jacupiranga",17889,29728.97,35055,"Registro",3,"Sudeste",0,"352460",6,22,7,15,9,13,0,0,0,0,0,22,7,15,9,13,11,10.2998772702524,9.79194127779122,0.439633074518887,30
"15084","SP","Jacupiranga",17889,29728.97,35055,"Registro",3,"Sudeste",0,"352460",7,24,8,16,14,10,0,0,0,0,0,24,8,16,14,10,22,10.2998772702524,9.79194127779122,0.434867721958777,29
"15085","SP","Jaguariúna",58722,205080.73,35032,"Campinas",3,"Sudeste",1,"352470",2,104,12,92,37,67,1,0,0,0,0,105,12,92,37,67,21,12.2311589854778,10.9805697226539,0.303735341798058,29
"15086","SP","Jaguariúna",58722,205080.73,35032,"Campinas",3,"Sudeste",1,"352470",3,121,10,111,39,82,0,0,0,0,0,121,10,111,39,82,33,12.2311589854778,10.9805697226539,0.405540413813654,31
"15087","SP","Jaguariúna",58722,205080.73,35032,"Campinas",3,"Sudeste",1,"352470",4,67,6,61,20,47,0,0,0,0,0,67,6,61,20,47,24,12.2311589854778,10.9805697226539,0.476003199183793,30
"15088","SP","Jaguariúna",58722,205080.73,35032,"Campinas",3,"Sudeste",1,"352470",5,75,5,70,22,53,0,0,0,0,0,75,5,70,22,53,29,12.2311589854778,10.9805697226539,0.438746476189531,31
"15089","SP","Jaguariúna",58722,205080.73,35032,"Campinas",3,"Sudeste",1,"352470",6,57,10,47,15,42,0,0,0,0,0,57,10,47,15,42,38,12.2311589854778,10.9805697226539,0.408875453715875,30
"15090","SP","Jaguariúna",58722,205080.73,35032,"Campinas",3,"Sudeste",1,"352470",7,65,1,64,20,45,1,0,0,0,0,66,1,64,20,45,26,12.2311589854778,10.9805697226539,0.401028572689488,29
"15091","SP","Jales",49201,31555.69,35001,"Jales",3,"Sudeste",1,"352480",2,68,7,61,25,43,0,0,0,0,0,68,7,61,25,43,33,10.3595092003614,10.8036692274771,0.282059020942632,29
"15092","SP","Jales",49201,31555.69,35001,"Jales",3,"Sudeste",1,"352480",3,89,7,82,28,61,0,0,0,0,0,89,7,82,28,61,41,10.3595092003614,10.8036692274771,0.368020357310283,31
"15093","SP","Jales",49201,31555.69,35001,"Jales",3,"Sudeste",1,"352480",4,36,2,34,8,28,1,0,0,0,0,37,2,34,8,28,28,10.3595092003614,10.8036692274771,0.40242635211409,30
"15094","SP","Jales",49201,31555.69,35001,"Jales",3,"Sudeste",1,"352480",5,52,6,46,17,35,0,0,0,0,0,52,6,46,17,35,33,10.3595092003614,10.8036692274771,0.351730470046715,31
"15095","SP","Jales",49201,31555.69,35001,"Jales",3,"Sudeste",1,"352480",6,49,4,45,14,35,0,0,0,0,0,49,4,45,14,35,45,10.3595092003614,10.8036692274771,0.342188050803377,30
"15096","SP","Jales",49201,31555.69,35001,"Jales",3,"Sudeste",1,"352480",7,40,3,37,15,25,0,0,0,0,0,40,3,37,15,25,32,10.3595092003614,10.8036692274771,0.340405486280249,29
"15097","SP","Jambeiro",6717,36754,35053,"Paraibuna/Paraitinga",3,"Sudeste",1,"352490",2,8,3,5,2,6,0,0,0,0,0,8,3,5,2,6,5,10.5120023422554,8.81239690526686,0.305901014806696,29
"15098","SP","Jambeiro",6717,36754,35053,"Paraibuna/Paraitinga",3,"Sudeste",1,"352490",3,7,1,6,2,5,0,0,0,0,0,7,1,6,2,5,6,10.5120023422554,8.81239690526686,0.385478112509685,31
"15099","SP","Jambeiro",6717,36754,35053,"Paraibuna/Paraitinga",3,"Sudeste",1,"352490",4,6,2,4,1,5,0,0,0,0,0,6,2,4,1,5,2,10.5120023422554,8.81239690526686,0.431636570721137,30
"15100","SP","Jambeiro",6717,36754,35053,"Paraibuna/Paraitinga",3,"Sudeste",1,"352490",5,6,2,4,2,4,0,0,0,0,0,6,2,4,2,4,3,10.5120023422554,8.81239690526686,0.418345286163291,31
"15101","SP","Jambeiro",6717,36754,35053,"Paraibuna/Paraitinga",3,"Sudeste",1,"352490",6,6,3,3,0,6,0,0,0,0,0,6,3,3,0,6,3,10.5120023422554,8.81239690526686,0.358360136979096,30
"15102","SP","Jambeiro",6717,36754,35053,"Paraibuna/Paraitinga",3,"Sudeste",1,"352490",7,9,3,6,4,5,0,0,0,0,0,9,3,6,4,5,3,10.5120023422554,8.81239690526686,0.376493649371173,29
"15103","SP","Jandira",126356,32512.79,35057,"Osasco",3,"Sudeste",1,"352500",2,191,12,179,58,133,0,0,0,0,0,191,12,179,58,133,37,10.3893888293634,11.7468585988278,0.290770191042463,29
"15104","SP","Jandira",126356,32512.79,35057,"Osasco",3,"Sudeste",1,"352500",3,222,23,199,86,136,1,0,0,0,0,223,23,199,86,136,51,10.3893888293634,11.7468585988278,0.391441673304435,31
"15105","SP","Jandira",126356,32512.79,35057,"Osasco",3,"Sudeste",1,"352500",4,128,18,110,43,85,0,0,0,0,0,128,18,110,43,85,63,10.3893888293634,11.7468585988278,0.475962146545321,30
"15106","SP","Jandira",126356,32512.79,35057,"Osasco",3,"Sudeste",1,"352500",5,129,20,109,46,83,1,0,0,0,0,130,20,109,46,83,71,10.3893888293634,11.7468585988278,0.450182457856318,31
"15107","SP","Jandira",126356,32512.79,35057,"Osasco",3,"Sudeste",1,"352500",6,138,19,119,44,94,1,0,0,0,0,139,19,119,44,94,73,10.3893888293634,11.7468585988278,0.405972837811825,30
"15108","SP","Jandira",126356,32512.79,35057,"Osasco",3,"Sudeste",1,"352500",7,110,18,92,31,79,0,0,0,0,0,110,18,92,31,79,68,10.3893888293634,11.7468585988278,0.390030282269172,29
"15109","SP","Jardinópolis",44970,25060.21,35014,"Ribeirão Preto",3,"Sudeste",1,"352510",2,75,21,54,22,53,0,0,0,0,0,75,21,54,22,53,25,10.1290366083032,10.7137508797648,0.282332386118555,29
"15110","SP","Jardinópolis",44970,25060.21,35014,"Ribeirão Preto",3,"Sudeste",1,"352510",3,40,14,26,11,29,1,0,0,0,0,41,14,26,11,29,21,10.1290366083032,10.7137508797648,0.370035770342547,31
"15111","SP","Jardinópolis",44970,25060.21,35014,"Ribeirão Preto",3,"Sudeste",1,"352510",4,50,14,36,19,31,0,0,0,0,0,50,14,36,19,31,23,10.1290366083032,10.7137508797648,0.414666539846692,30
"15112","SP","Jardinópolis",44970,25060.21,35014,"Ribeirão Preto",3,"Sudeste",1,"352510",5,50,13,37,18,32,0,0,0,0,0,50,13,37,18,32,25,10.1290366083032,10.7137508797648,0.381394235016112,31
"15113","SP","Jardinópolis",44970,25060.21,35014,"Ribeirão Preto",3,"Sudeste",1,"352510",6,45,16,29,20,25,1,0,0,0,0,46,16,29,20,25,24,10.1290366083032,10.7137508797648,0.354274817570679,30
"15114","SP","Jardinópolis",44970,25060.21,35014,"Ribeirão Preto",3,"Sudeste",1,"352510",7,42,11,31,13,29,2,0,0,0,0,44,11,31,13,29,35,10.1290366083032,10.7137508797648,0.358443194808405,29
"15115","SP","Jarinu",30617,85221.43,35048,"Bragança Paulista",3,"Sudeste",1,"352520",2,71,11,60,23,48,0,0,0,0,0,71,11,60,23,48,17,11.3530082070117,10.3293106892322,0.318041342489161,29
"15116","SP","Jarinu",30617,85221.43,35048,"Bragança Paulista",3,"Sudeste",1,"352520",3,53,10,43,18,35,0,0,0,0,0,53,10,43,18,35,19,11.3530082070117,10.3293106892322,0.414663429600877,31
"15117","SP","Jarinu",30617,85221.43,35048,"Bragança Paulista",3,"Sudeste",1,"352520",4,33,0,33,8,25,0,0,0,0,0,33,0,33,8,25,22,11.3530082070117,10.3293106892322,0.463104298200445,30
"15118","SP","Jarinu",30617,85221.43,35048,"Bragança Paulista",3,"Sudeste",1,"352520",5,46,12,34,16,30,0,0,0,0,0,46,12,34,16,30,26,11.3530082070117,10.3293106892322,0.443170062728707,31
"15119","SP","Jarinu",30617,85221.43,35048,"Bragança Paulista",3,"Sudeste",1,"352520",6,39,8,31,15,24,0,0,0,0,0,39,8,31,15,24,35,11.3530082070117,10.3293106892322,0.409315896701925,30
"15120","SP","Jarinu",30617,85221.43,35048,"Bragança Paulista",3,"Sudeste",1,"352520",7,47,4,43,14,33,1,0,0,0,0,48,4,43,14,33,21,11.3530082070117,10.3293106892322,0.393644924243009,29
"15121","SP","Jaú",151881,31855.35,35021,"Jaú",3,"Sudeste",1,"352530",2,207,44,163,63,144,1,0,0,0,0,208,44,163,63,144,78,10.3689606217764,11.9308525984694,0.293791175147489,29
"15122","SP","Jaú",151881,31855.35,35021,"Jaú",3,"Sudeste",1,"352530",3,231,44,187,73,158,3,0,0,0,0,234,44,187,73,158,94,10.3689606217764,11.9308525984694,0.391750611526838,31
"15123","SP","Jaú",151881,31855.35,35021,"Jaú",3,"Sudeste",1,"352530",4,125,16,109,30,95,0,0,0,0,0,125,16,109,30,95,68,10.3689606217764,11.9308525984694,0.449530233260508,30
"15124","SP","Jaú",151881,31855.35,35021,"Jaú",3,"Sudeste",1,"352530",5,124,30,94,42,82,1,0,0,0,0,125,30,94,42,82,100,10.3689606217764,11.9308525984694,0.419671669337911,31
"15125","SP","Jaú",151881,31855.35,35021,"Jaú",3,"Sudeste",1,"352530",6,133,31,102,43,90,2,0,0,0,0,135,31,102,43,90,96,10.3689606217764,11.9308525984694,0.386462417836995,30
"15126","SP","Jaú",151881,31855.35,35021,"Jaú",3,"Sudeste",1,"352530",7,129,25,104,45,84,1,0,0,0,0,130,25,104,45,84,98,10.3689606217764,11.9308525984694,0.376246737924212,29
"15127","SP","Joanópolis",13338,16262.42,35048,"Bragança Paulista",3,"Sudeste",0,"352550",2,18,6,12,8,10,0,0,0,0,0,18,6,12,8,10,7,9.69661220351581,9.49837238319225,0.280714078323224,29
"15128","SP","Joanópolis",13338,16262.42,35048,"Bragança Paulista",3,"Sudeste",0,"352550",3,24,7,17,7,17,0,0,0,0,0,24,7,17,7,17,9,9.69661220351581,9.49837238319225,0.376664905131459,31
"15129","SP","Joanópolis",13338,16262.42,35048,"Bragança Paulista",3,"Sudeste",0,"352550",4,12,1,11,5,7,0,0,0,0,0,12,1,11,5,7,11,9.69661220351581,9.49837238319225,0.440841432885144,30
"15130","SP","Joanópolis",13338,16262.42,35048,"Bragança Paulista",3,"Sudeste",0,"352550",5,8,4,4,5,3,0,0,0,0,0,8,4,4,5,3,19,9.69661220351581,9.49837238319225,0.445998604888714,31
"15131","SP","Joanópolis",13338,16262.42,35048,"Bragança Paulista",3,"Sudeste",0,"352550",6,9,1,8,3,6,0,0,0,0,0,9,1,8,3,6,10,9.69661220351581,9.49837238319225,0.396872255602718,30
"15132","SP","Joanópolis",13338,16262.42,35048,"Bragança Paulista",3,"Sudeste",0,"352550",7,15,2,13,5,10,0,0,0,0,0,15,2,13,5,10,8,9.69661220351581,9.49837238319225,0.409920224537351,29
"15133","SP","João Ramalho",4551,26890.88,35036,"Presidente Prudente",3,"Sudeste",0,"352560",2,10,0,10,5,5,0,0,0,0,0,10,0,10,5,5,2,10.1995424746478,8.42310226801664,0.311155510776289,29
"15134","SP","João Ramalho",4551,26890.88,35036,"Presidente Prudente",3,"Sudeste",0,"352560",3,4,1,3,1,3,0,0,0,0,0,4,1,3,1,3,2,10.1995424746478,8.42310226801664,0.415057103102121,31
"15135","SP","João Ramalho",4551,26890.88,35036,"Presidente Prudente",3,"Sudeste",0,"352560",4,2,0,2,1,1,0,0,0,0,0,2,0,2,1,1,1,10.1995424746478,8.42310226801664,0.406837550405219,30
"15136","SP","João Ramalho",4551,26890.88,35036,"Presidente Prudente",3,"Sudeste",0,"352560",5,6,1,5,3,3,0,0,0,0,0,6,1,5,3,3,1,10.1995424746478,8.42310226801664,0.389727772106648,31
"15137","SP","João Ramalho",4551,26890.88,35036,"Presidente Prudente",3,"Sudeste",0,"352560",6,3,1,2,1,2,0,0,0,0,0,3,1,2,1,2,3,10.1995424746478,8.42310226801664,0.38870677005121,30
"15138","SP","João Ramalho",4551,26890.88,35036,"Presidente Prudente",3,"Sudeste",0,"352560",7,10,1,9,4,6,0,0,0,0,0,10,1,9,4,6,2,10.1995424746478,8.42310226801664,0.373878503168907,29
"15139","SP","José Bonifácio",37366,36031.7,35004,"São José do Rio Preto",3,"Sudeste",1,"352570",2,58,8,50,18,40,1,0,0,0,0,59,8,50,18,40,19,10.4921543855322,10.5285164790198,0.283963325258898,29
"15140","SP","José Bonifácio",37366,36031.7,35004,"São José do Rio Preto",3,"Sudeste",1,"352570",3,74,12,62,32,42,0,0,0,0,0,74,12,62,32,42,24,10.4921543855322,10.5285164790198,0.360497697493203,31
"15141","SP","José Bonifácio",37366,36031.7,35004,"São José do Rio Preto",3,"Sudeste",1,"352570",4,48,9,39,10,38,1,0,0,0,0,49,9,39,10,38,23,10.4921543855322,10.5285164790198,0.399236033130776,30
"15142","SP","José Bonifácio",37366,36031.7,35004,"São José do Rio Preto",3,"Sudeste",1,"352570",5,45,5,40,15,30,0,0,0,0,0,45,5,40,15,30,23,10.4921543855322,10.5285164790198,0.37113028792605,31
"15143","SP","José Bonifácio",37366,36031.7,35004,"São José do Rio Preto",3,"Sudeste",1,"352570",6,40,7,33,17,23,0,0,0,0,0,40,7,33,17,23,30,10.4921543855322,10.5285164790198,0.355905625350233,30
"15144","SP","José Bonifácio",37366,36031.7,35004,"São José do Rio Preto",3,"Sudeste",1,"352570",7,42,7,35,9,33,2,0,0,0,0,44,7,35,9,33,23,10.4921543855322,10.5285164790198,0.347889205324246,29
"15145","SP","Júlio Mesquita",4800,10759.02,35019,"Lins",3,"Sudeste",0,"352580",2,10,1,9,3,7,0,0,0,0,0,10,1,9,3,7,1,9.283499751501,8.47637119689598,0.302216590086739,29
"15146","SP","Júlio Mesquita",4800,10759.02,35019,"Lins",3,"Sudeste",0,"352580",3,10,1,9,4,6,0,0,0,0,0,10,1,9,4,6,2,9.283499751501,8.47637119689598,0.374483727776159,31
"15147","SP","Júlio Mesquita",4800,10759.02,35019,"Lins",3,"Sudeste",0,"352580",4,6,0,6,2,4,0,0,0,0,0,6,0,6,2,4,2,9.283499751501,8.47637119689598,0.436359471444222,30
"15148","SP","Júlio Mesquita",4800,10759.02,35019,"Lins",3,"Sudeste",0,"352580",5,8,2,6,1,7,0,0,0,0,0,8,2,6,1,7,4,9.283499751501,8.47637119689598,0.395884529694941,31
"15149","SP","Júlio Mesquita",4800,10759.02,35019,"Lins",3,"Sudeste",0,"352580",6,3,1,2,3,0,0,0,0,0,0,3,1,2,3,0,2,9.283499751501,8.47637119689598,0.371504742026821,30
"15150","SP","Júlio Mesquita",4800,10759.02,35019,"Lins",3,"Sudeste",0,"352580",7,7,0,7,3,4,0,0,0,0,0,7,0,7,3,4,5,9.283499751501,8.47637119689598,0.369544294123712,29
"15151","SP","Jundiaí",423006,105187.65,35047,"Jundiaí",3,"Sudeste",1,"352590",2,825,63,762,215,610,5,0,0,0,0,830,63,762,215,610,220,11.5635011769571,12.955141642325,0.288008895796955,29
"15152","SP","Jundiaí",423006,105187.65,35047,"Jundiaí",3,"Sudeste",1,"352590",3,849,77,772,218,631,0,0,0,0,0,849,77,772,218,631,239,11.5635011769571,12.955141642325,0.401949664225892,31
"15153","SP","Jundiaí",423006,105187.65,35047,"Jundiaí",3,"Sudeste",1,"352590",4,582,53,529,175,407,1,0,0,0,0,583,53,529,175,407,243,11.5635011769571,12.955141642325,0.483668886811076,30
"15154","SP","Jundiaí",423006,105187.65,35047,"Jundiaí",3,"Sudeste",1,"352590",5,496,42,454,144,352,3,0,0,0,0,499,42,454,144,352,311,11.5635011769571,12.955141642325,0.443451129392041,31
"15155","SP","Jundiaí",423006,105187.65,35047,"Jundiaí",3,"Sudeste",1,"352590",6,499,35,464,131,368,3,0,0,0,0,502,35,464,131,368,349,11.5635011769571,12.955141642325,0.405685620437019,30
"15156","SP","Jundiaí",423006,105187.65,35047,"Jundiaí",3,"Sudeste",1,"352590",7,483,49,434,128,355,1,0,0,0,0,484,49,434,128,355,363,11.5635011769571,12.955141642325,0.394858265020975,29
"15157","SP","Junqueirópolis",20831,28071.57,35034,"Dracena",3,"Sudeste",1,"352600",2,30,5,25,15,15,0,0,0,0,0,30,5,25,15,15,14,10.2425125993914,9.94419754078391,0.291372351927367,29
"15158","SP","Junqueirópolis",20831,28071.57,35034,"Dracena",3,"Sudeste",1,"352600",3,33,4,29,8,25,0,0,0,0,0,33,4,29,8,25,14,10.2425125993914,9.94419754078391,0.380223976906791,31
"15159","SP","Junqueirópolis",20831,28071.57,35034,"Dracena",3,"Sudeste",1,"352600",4,16,0,16,1,15,1,0,0,0,0,17,0,16,1,15,16,10.2425125993914,9.94419754078391,0.406509874757565,30
"15160","SP","Junqueirópolis",20831,28071.57,35034,"Dracena",3,"Sudeste",1,"352600",5,28,1,27,6,22,0,0,0,0,0,28,1,27,6,22,19,10.2425125993914,9.94419754078391,0.373455679481871,31
"15161","SP","Junqueirópolis",20831,28071.57,35034,"Dracena",3,"Sudeste",1,"352600",6,14,4,10,4,10,0,0,0,0,0,14,4,10,4,10,11,10.2425125993914,9.94419754078391,0.350956983720753,30
"15162","SP","Junqueirópolis",20831,28071.57,35034,"Dracena",3,"Sudeste",1,"352600",7,18,2,16,7,11,0,0,0,0,0,18,2,16,7,11,17,10.2425125993914,9.94419754078391,0.349208051429506,29
"15163","SP","Juquiá",18718,17394.7,35055,"Registro",3,"Sudeste",0,"352610",2,36,3,33,16,20,0,0,0,0,0,36,3,33,16,20,14,9.76392084110217,9.8372409067172,0.309872150880901,29
"15164","SP","Juquiá",18718,17394.7,35055,"Registro",3,"Sudeste",0,"352610",3,27,8,19,14,13,0,0,0,0,0,27,8,19,14,13,14,9.76392084110217,9.8372409067172,0.399006103397176,31
"15165","SP","Juquiá",18718,17394.7,35055,"Registro",3,"Sudeste",0,"352610",4,17,3,14,8,9,0,0,0,0,0,17,3,14,8,9,20,9.76392084110217,9.8372409067172,0.448870274988665,30
"15166","SP","Juquiá",18718,17394.7,35055,"Registro",3,"Sudeste",0,"352610",5,16,3,13,4,12,1,0,0,0,0,17,3,13,4,12,10,9.76392084110217,9.8372409067172,0.434815229029977,31
"15167","SP","Juquiá",18718,17394.7,35055,"Registro",3,"Sudeste",0,"352610",6,28,5,23,13,15,0,0,0,0,0,28,5,23,13,15,21,9.76392084110217,9.8372409067172,0.424900467885922,30
"15168","SP","Juquiá",18718,17394.7,35055,"Registro",3,"Sudeste",0,"352610",7,20,3,17,11,9,1,0,0,0,0,21,3,17,11,9,14,9.76392084110217,9.8372409067172,0.428885292221658,29
"15169","SP","Juquitiba",31646,16452.82,35060,"Itapecerica da Serra",3,"Sudeste",0,"352620",2,64,9,55,24,40,1,0,0,0,0,65,9,55,24,40,8,9.70825217007275,10.3623670372789,0.329802479431275,29
"15170","SP","Juquitiba",31646,16452.82,35060,"Itapecerica da Serra",3,"Sudeste",0,"352620",3,54,7,47,22,32,0,0,0,0,0,54,7,47,22,32,25,9.70825217007275,10.3623670372789,0.396204579944374,31
"15171","SP","Juquitiba",31646,16452.82,35060,"Itapecerica da Serra",3,"Sudeste",0,"352620",4,36,6,30,13,23,0,0,0,0,0,36,6,30,13,23,27,9.70825217007275,10.3623670372789,0.459869929046042,30
"15172","SP","Juquitiba",31646,16452.82,35060,"Itapecerica da Serra",3,"Sudeste",0,"352620",5,25,8,17,14,11,1,0,0,0,0,26,8,17,14,11,16,9.70825217007275,10.3623670372789,0.463403719515089,31
"15173","SP","Juquitiba",31646,16452.82,35060,"Itapecerica da Serra",3,"Sudeste",0,"352620",6,50,17,33,25,25,2,0,0,0,0,52,17,33,25,25,17,9.70825217007275,10.3623670372789,0.442118860752235,30
"15174","SP","Juquitiba",31646,16452.82,35060,"Itapecerica da Serra",3,"Sudeste",0,"352620",7,30,5,25,12,18,1,0,0,0,0,31,5,25,12,18,23,9.70825217007275,10.3623670372789,0.428557086712605,29
"15175","SP","Laranjal Paulista",28785,39397.31,35043,"Tatuí",3,"Sudeste",1,"352640",2,60,20,40,19,41,1,0,0,0,0,61,20,40,19,41,19,10.5814528188436,10.2676096971099,0.32542365594982,29
"15176","SP","Laranjal Paulista",28785,39397.31,35043,"Tatuí",3,"Sudeste",1,"352640",3,56,17,39,24,32,1,0,0,0,0,57,17,39,24,32,18,10.5814528188436,10.2676096971099,0.411666884592704,31
"15177","SP","Laranjal Paulista",28785,39397.31,35043,"Tatuí",3,"Sudeste",1,"352640",4,39,16,23,16,23,0,0,0,0,0,39,16,23,16,23,14,10.5814528188436,10.2676096971099,0.469737010702235,30
"15178","SP","Laranjal Paulista",28785,39397.31,35043,"Tatuí",3,"Sudeste",1,"352640",5,38,16,22,18,20,0,0,0,0,0,38,16,22,18,20,20,10.5814528188436,10.2676096971099,0.433381098165882,31
"15179","SP","Laranjal Paulista",28785,39397.31,35043,"Tatuí",3,"Sudeste",1,"352640",6,29,9,20,9,20,0,0,0,0,0,29,9,20,9,20,15,10.5814528188436,10.2676096971099,0.40310386930337,30
"15180","SP","Laranjal Paulista",28785,39397.31,35043,"Tatuí",3,"Sudeste",1,"352640",7,25,2,23,13,12,1,0,0,0,0,26,2,23,13,12,18,10.5814528188436,10.2676096971099,0.381727161883401,29
"15181","SP","Lavínia",12285,13500.89,35017,"Araçatuba",3,"Sudeste",0,"352650",2,7,3,4,3,4,0,0,0,0,0,7,3,4,3,4,7,9.51051088817943,9.41613428495528,0.274732970668364,29
"15182","SP","Lavínia",12285,13500.89,35017,"Araçatuba",3,"Sudeste",0,"352650",3,5,1,4,2,3,0,0,0,0,0,5,1,4,2,3,4,9.51051088817943,9.41613428495528,0.358854481825106,31
"15183","SP","Lavínia",12285,13500.89,35017,"Araçatuba",3,"Sudeste",0,"352650",4,3,1,2,2,1,0,0,0,0,0,3,1,2,2,1,3,9.51051088817943,9.41613428495528,0.39482198272939,30
"15184","SP","Lavínia",12285,13500.89,35017,"Araçatuba",3,"Sudeste",0,"352650",5,0,0,0,0,0,0,0,0,0,0,0,0,0,0,0,0,9.51051088817943,9.41613428495528,0.388218977002959,31
"15185","SP","Lavínia",12285,13500.89,35017,"Araçatuba",3,"Sudeste",0,"352650",6,5,0,5,2,3,0,0,0,0,0,5,0,5,2,3,5,9.51051088817943,9.41613428495528,0.379195629554632,30
"15186","SP","Lavínia",12285,13500.89,35017,"Araçatuba",3,"Sudeste",0,"352650",7,3,2,1,0,3,0,0,0,0,0,3,2,1,0,3,1,9.51051088817943,9.41613428495528,0.392133598575121,29
"15187","SP","Lavrinhas",7311,15256.91,35051,"Guaratinguetá",3,"Sudeste",1,"352660",2,13,2,11,5,8,0,0,0,0,0,13,2,11,5,8,3,9.63278779416417,8.89713534229332,0.327157978570099,29
"15188","SP","Lavrinhas",7311,15256.91,35051,"Guaratinguetá",3,"Sudeste",1,"352660",3,14,2,12,8,6,0,0,0,0,0,14,2,12,8,6,6,9.63278779416417,8.89713534229332,0.451802158104104,31
"15189","SP","Lavrinhas",7311,15256.91,35051,"Guaratinguetá",3,"Sudeste",1,"352660",4,6,0,6,2,4,0,0,0,0,0,6,0,6,2,4,3,9.63278779416417,8.89713534229332,0.48799168301759,30
"15190","SP","Lavrinhas",7311,15256.91,35051,"Guaratinguetá",3,"Sudeste",1,"352660",5,5,0,5,1,4,0,0,0,0,0,5,0,5,1,4,1,9.63278779416417,8.89713534229332,0.460097006899411,31
"15191","SP","Lavrinhas",7311,15256.91,35051,"Guaratinguetá",3,"Sudeste",1,"352660",6,8,3,5,3,5,0,0,0,0,0,8,3,5,3,5,3,9.63278779416417,8.89713534229332,0.424593135946758,30
"15192","SP","Lavrinhas",7311,15256.91,35051,"Guaratinguetá",3,"Sudeste",1,"352660",7,13,2,11,6,7,0,0,0,0,0,13,2,11,6,7,3,9.63278779416417,8.89713534229332,0.413900638016299,29
"15193","SP","Leme",104346,31320.57,35027,"Limeira",3,"Sudeste",1,"352670",2,149,39,110,59,90,0,0,0,0,0,149,39,110,59,90,55,10.3520303491729,11.5554675792359,0.305611224707322,29
"15194","SP","Leme",104346,31320.57,35027,"Limeira",3,"Sudeste",1,"352670",3,168,41,127,71,97,1,0,0,0,0,169,41,127,71,97,65,10.3520303491729,11.5554675792359,0.391205912459731,31
"15195","SP","Leme",104346,31320.57,35027,"Limeira",3,"Sudeste",1,"352670",4,117,28,89,48,69,0,0,0,0,0,117,28,89,48,69,65,10.3520303491729,11.5554675792359,0.430712880486166,30
"15196","SP","Leme",104346,31320.57,35027,"Limeira",3,"Sudeste",1,"352670",5,90,21,69,33,57,0,0,0,0,0,90,21,69,33,57,57,10.3520303491729,11.5554675792359,0.398136601327735,31
"15197","SP","Leme",104346,31320.57,35027,"Limeira",3,"Sudeste",1,"352670",6,91,22,69,30,61,2,0,0,0,0,93,22,69,30,61,89,10.3520303491729,11.5554675792359,0.385777840497651,30
"15198","SP","Leme",104346,31320.57,35027,"Limeira",3,"Sudeste",1,"352670",7,96,25,71,33,63,2,0,0,0,0,98,25,71,33,63,85,10.3520303491729,11.5554675792359,0.387890366435123,29
"15199","SP","Lençóis Paulista",68990,38890.38,35020,"Bauru",3,"Sudeste",1,"352680",2,126,13,113,48,78,3,0,0,0,0,129,13,113,48,78,25,10.5685021982515,11.1417168455402,0.302256832776233,29
"15200","SP","Lençóis Paulista",68990,38890.38,35020,"Bauru",3,"Sudeste",1,"352680",3,118,10,108,42,76,0,0,0,0,0,118,10,108,42,76,45,10.5685021982515,11.1417168455402,0.388457834400965,31
"15201","SP","Lençóis Paulista",68990,38890.38,35020,"Bauru",3,"Sudeste",1,"352680",4,68,12,56,24,44,3,0,0,0,0,71,12,56,24,44,25,10.5685021982515,11.1417168455402,0.431000991655311,30
"15202","SP","Lençóis Paulista",68990,38890.38,35020,"Bauru",3,"Sudeste",1,"352680",5,72,11,61,25,47,0,0,0,0,0,72,11,61,25,47,43,10.5685021982515,11.1417168455402,0.399544111321524,31
"15203","SP","Lençóis Paulista",68990,38890.38,35020,"Bauru",3,"Sudeste",1,"352680",6,67,8,59,19,48,0,0,0,0,0,67,8,59,19,48,58,10.5685021982515,11.1417168455402,0.371495139490654,30
"15204","SP","Lençóis Paulista",68990,38890.38,35020,"Bauru",3,"Sudeste",1,"352680",7,70,13,57,30,40,0,0,0,0,0,70,13,57,30,40,49,10.5685021982515,11.1417168455402,0.359394913696505,29
"15205","SP","Limeira",308482,43440.26,35027,"Limeira",3,"Sudeste",1,"352690",2,461,62,399,133,328,4,0,0,0,0,465,62,399,133,328,167,10.6791419398569,12.6394187737858,0.2979343624418,29
"15206","SP","Limeira",308482,43440.26,35027,"Limeira",3,"Sudeste",1,"352690",3,471,74,397,142,329,2,0,0,0,0,473,74,397,142,329,181,10.6791419398569,12.6394187737858,0.391117388071003,31
"15207","SP","Limeira",308482,43440.26,35027,"Limeira",3,"Sudeste",1,"352690",4,299,51,248,84,215,1,0,0,0,0,300,51,248,84,215,156,10.6791419398569,12.6394187737858,0.456012826952887,30
"15208","SP","Limeira",308482,43440.26,35027,"Limeira",3,"Sudeste",1,"352690",5,255,40,215,87,168,0,0,0,0,0,255,40,215,87,168,207,10.6791419398569,12.6394187737858,0.412903684036494,31
"15209","SP","Limeira",308482,43440.26,35027,"Limeira",3,"Sudeste",1,"352690",6,298,40,258,81,217,2,0,0,0,0,300,40,258,81,217,219,10.6791419398569,12.6394187737858,0.385546038722711,30
"15210","SP","Limeira",308482,43440.26,35027,"Limeira",3,"Sudeste",1,"352690",7,275,46,229,90,185,3,0,0,0,0,278,46,229,90,185,275,10.6791419398569,12.6394187737858,0.390731513103049,29
"15211","SP","Lindóia",8092,23184.72,35033,"Amparo",3,"Sudeste",0,"352700",2,8,2,6,1,7,0,0,0,0,0,8,2,6,1,7,3,10.0512487199789,8.99863119828764,0.328770103751395,29
"15212","SP","Lindóia",8092,23184.72,35033,"Amparo",3,"Sudeste",0,"352700",3,13,3,10,8,5,0,0,0,0,0,13,3,10,8,5,1,10.0512487199789,8.99863119828764,0.42061039628366,31
"15213","SP","Lindóia",8092,23184.72,35033,"Amparo",3,"Sudeste",0,"352700",4,13,4,9,7,6,0,0,0,0,0,13,4,9,7,6,3,10.0512487199789,8.99863119828764,0.457701789710091,30
"15214","SP","Lindóia",8092,23184.72,35033,"Amparo",3,"Sudeste",0,"352700",5,9,3,6,2,7,0,0,0,0,0,9,3,6,2,7,4,10.0512487199789,8.99863119828764,0.427669803271841,31
"15215","SP","Lindóia",8092,23184.72,35033,"Amparo",3,"Sudeste",0,"352700",6,8,1,7,3,5,0,0,0,0,0,8,1,7,3,5,7,10.0512487199789,8.99863119828764,0.401262381040737,30
"15216","SP","Lindóia",8092,23184.72,35033,"Amparo",3,"Sudeste",0,"352700",7,7,1,6,2,5,0,0,0,0,0,7,1,6,2,5,8,10.0512487199789,8.99863119828764,0.373854223707295,29
"15217","SP","Lins",78503,48837.12,35019,"Lins",3,"Sudeste",1,"352710",2,131,18,113,38,93,2,0,0,0,0,133,18,113,38,93,60,10.796245958427,11.2708921196008,0.287605503422052,29
"15218","SP","Lins",78503,48837.12,35019,"Lins",3,"Sudeste",1,"352710",3,128,22,106,47,81,1,0,0,0,0,129,22,106,47,81,44,10.796245958427,11.2708921196008,0.365904708704596,31
"15219","SP","Lins",78503,48837.12,35019,"Lins",3,"Sudeste",1,"352710",4,85,17,68,26,59,0,0,0,0,0,85,17,68,26,59,59,10.796245958427,11.2708921196008,0.416257867541013,30
"15220","SP","Lins",78503,48837.12,35019,"Lins",3,"Sudeste",1,"352710",5,76,18,58,21,55,0,0,0,0,0,76,18,58,21,55,57,10.796245958427,11.2708921196008,0.385085047109545,31
"15221","SP","Lins",78503,48837.12,35019,"Lins",3,"Sudeste",1,"352710",6,82,13,69,27,55,0,0,0,0,0,82,13,69,27,55,54,10.796245958427,11.2708921196008,0.361150012148454,30
"15222","SP","Lins",78503,48837.12,35019,"Lins",3,"Sudeste",1,"352710",7,97,19,78,25,72,0,0,0,0,0,97,19,78,25,72,67,10.796245958427,11.2708921196008,0.363294572386244,29
"15223","SP","Lorena",89125,32021.36,35051,"Guaratinguetá",3,"Sudeste",1,"352720",2,158,21,137,52,106,0,0,0,0,0,158,21,137,52,106,59,10.3741584591028,11.3977951577166,0.316227259530304,29
"15224","SP","Lorena",89125,32021.36,35051,"Guaratinguetá",3,"Sudeste",1,"352720",3,143,21,122,47,96,2,0,0,0,0,145,21,122,47,96,69,10.3741584591028,11.3977951577166,0.421319515559794,31
"15225","SP","Lorena",89125,32021.36,35051,"Guaratinguetá",3,"Sudeste",1,"352720",4,82,13,69,29,53,1,0,0,0,0,83,13,69,29,53,55,10.3741584591028,11.3977951577166,0.487431603600654,30
"15226","SP","Lorena",89125,32021.36,35051,"Guaratinguetá",3,"Sudeste",1,"352720",5,84,11,73,36,48,2,0,0,0,0,86,11,73,36,48,52,10.3741584591028,11.3977951577166,0.455425309587424,31
"15227","SP","Lorena",89125,32021.36,35051,"Guaratinguetá",3,"Sudeste",1,"352720",6,88,11,77,30,58,1,0,0,0,0,89,11,77,30,58,62,10.3741584591028,11.3977951577166,0.415356256428423,30
"15228","SP","Lorena",89125,32021.36,35051,"Guaratinguetá",3,"Sudeste",1,"352720",7,115,15,100,44,71,1,0,0,0,0,116,15,100,44,71,61,10.3741584591028,11.3977951577166,0.416107940260503,29
"15229","SP","Louveira",49993,229610.7,35047,"Jundiaí",3,"Sudeste",1,"352730",2,107,8,99,28,79,1,0,0,0,0,108,8,99,28,79,18,12.3441405451291,10.8196382746094,0.282433548520583,29
"15230","SP","Louveira",49993,229610.7,35047,"Jundiaí",3,"Sudeste",1,"352730",3,92,10,82,23,69,0,0,0,0,0,92,10,82,23,69,26,12.3441405451291,10.8196382746094,0.37544365321042,31
"15231","SP","Louveira",49993,229610.7,35047,"Jundiaí",3,"Sudeste",1,"352730",4,80,11,69,22,58,0,0,0,0,0,80,11,69,22,58,25,12.3441405451291,10.8196382746094,0.427448992956722,30
"15232","SP","Louveira",49993,229610.7,35047,"Jundiaí",3,"Sudeste",1,"352730",5,70,8,62,28,42,0,0,0,0,0,70,8,62,28,42,20,12.3441405451291,10.8196382746094,0.406255195320763,31
"15233","SP","Louveira",49993,229610.7,35047,"Jundiaí",3,"Sudeste",1,"352730",6,60,8,52,13,47,0,0,0,0,0,60,8,52,13,47,30,12.3441405451291,10.8196382746094,0.376839883775824,30
"15234","SP","Louveira",49993,229610.7,35047,"Jundiaí",3,"Sudeste",1,"352730",7,59,7,52,10,49,1,0,0,0,0,60,7,52,10,49,31,12.3441405451291,10.8196382746094,0.374562478172525,29
"15235","SP","Lucélia",21886,20420.77,35035,"Adamantina",3,"Sudeste",1,"352740",2,30,3,27,13,17,0,0,0,0,0,30,3,27,13,17,25,9.92430779913701,9.99360244197839,0.295564236001661,29
"15236","SP","Lucélia",21886,20420.77,35035,"Adamantina",3,"Sudeste",1,"352740",3,25,4,21,11,14,0,0,0,0,0,25,4,21,11,14,17,9.92430779913701,9.99360244197839,0.380232538989088,31
"15237","SP","Lucélia",21886,20420.77,35035,"Adamantina",3,"Sudeste",1,"352740",4,10,2,8,6,4,0,0,0,0,0,10,2,8,6,4,23,9.92430779913701,9.99360244197839,0.406202675123456,30
"15238","SP","Lucélia",21886,20420.77,35035,"Adamantina",3,"Sudeste",1,"352740",5,15,4,11,6,9,1,0,0,0,0,16,4,11,6,9,18,9.92430779913701,9.99360244197839,0.387719216790332,31
"15239","SP","Lucélia",21886,20420.77,35035,"Adamantina",3,"Sudeste",1,"352740",6,21,3,18,5,16,0,0,0,0,0,21,3,18,5,16,9,9.92430779913701,9.99360244197839,0.350316210971917,30
"15240","SP","Lucélia",21886,20420.77,35035,"Adamantina",3,"Sudeste",1,"352740",7,14,0,14,7,7,0,0,0,0,0,14,0,14,7,7,16,9.92430779913701,9.99360244197839,0.341735636599186,29
"15241","SP","Luís Antônio",15292,103433.56,35014,"Ribeirão Preto",3,"Sudeste",1,"352760",2,28,3,25,8,20,0,0,0,0,0,28,3,25,8,20,4,11.5466847531936,9.6350850948163,0.304152442600711,29
"15242","SP","Luís Antônio",15292,103433.56,35014,"Ribeirão Preto",3,"Sudeste",1,"352760",3,18,6,12,5,13,0,0,0,0,0,18,6,12,5,13,4,11.5466847531936,9.6350850948163,0.390533007089868,31
"15243","SP","Luís Antônio",15292,103433.56,35014,"Ribeirão Preto",3,"Sudeste",1,"352760",4,10,2,8,4,6,0,0,0,0,0,10,2,8,4,6,6,11.5466847531936,9.6350850948163,0.451894144558556,30
"15244","SP","Luís Antônio",15292,103433.56,35014,"Ribeirão Preto",3,"Sudeste",1,"352760",5,4,0,4,1,3,0,0,0,0,0,4,0,4,1,3,5,11.5466847531936,9.6350850948163,0.424071916241724,31
"15245","SP","Luís Antônio",15292,103433.56,35014,"Ribeirão Preto",3,"Sudeste",1,"352760",6,8,4,4,3,5,1,0,0,0,0,9,4,4,3,5,10,11.5466847531936,9.6350850948163,0.404309717197044,30
"15246","SP","Luís Antônio",15292,103433.56,35014,"Ribeirão Preto",3,"Sudeste",1,"352760",7,20,6,14,7,13,0,0,0,0,0,20,6,14,7,13,12,11.5466847531936,9.6350850948163,0.414597275733791,29
"15247","SP","Luiziânia",5855,12536.56,35018,"Birigui",3,"Sudeste",0,"352770",2,14,5,9,6,8,0,0,0,0,0,14,5,9,6,8,4,9.43640445438464,8.67505127603182,0.343997304535995,29
"15248","SP","Luiziânia",5855,12536.56,35018,"Birigui",3,"Sudeste",0,"352770",3,9,1,8,3,6,0,0,0,0,0,9,1,8,3,6,3,9.43640445438464,8.67505127603182,0.394371887363958,31
"15249","SP","Luiziânia",5855,12536.56,35018,"Birigui",3,"Sudeste",0,"352770",4,8,2,6,3,5,0,0,0,0,0,8,2,6,3,5,2,9.43640445438464,8.67505127603182,0.41208525470288,30
"15250","SP","Luiziânia",5855,12536.56,35018,"Birigui",3,"Sudeste",0,"352770",5,6,3,3,5,1,0,0,0,0,0,6,3,3,5,1,0,9.43640445438464,8.67505127603182,0.423793070661181,31
"15251","SP","Luiziânia",5855,12536.56,35018,"Birigui",3,"Sudeste",0,"352770",6,3,2,1,3,0,0,0,0,0,0,3,2,1,3,0,3,9.43640445438464,8.67505127603182,0.415644761976017,30
"15252","SP","Luiziânia",5855,12536.56,35018,"Birigui",3,"Sudeste",0,"352770",7,3,1,2,1,2,0,0,0,0,0,3,1,2,1,2,8,9.43640445438464,8.67505127603182,0.469541834191005,29
"15253","SP","Lupércio",4596,16923.63,35038,"Marília",3,"Sudeste",0,"352780",2,9,1,8,6,3,0,0,0,0,0,9,1,8,6,3,1,9.7364661491571,8.43294163896865,0.31950290098422,29
"15254","SP","Lupércio",4596,16923.63,35038,"Marília",3,"Sudeste",0,"352780",3,5,1,4,1,4,0,0,0,0,0,5,1,4,1,4,2,9.7364661491571,8.43294163896865,0.378064772901852,31
"15255","SP","Lupércio",4596,16923.63,35038,"Marília",3,"Sudeste",0,"352780",4,4,1,3,2,2,0,0,0,0,0,4,1,3,2,2,3,9.7364661491571,8.43294163896865,0.425157991250127,30
"15256","SP","Lupércio",4596,16923.63,35038,"Marília",3,"Sudeste",0,"352780",5,6,0,6,3,3,0,0,0,0,0,6,0,6,3,3,1,9.7364661491571,8.43294163896865,0.382407440609546,31
"15257","SP","Lupércio",4596,16923.63,35038,"Marília",3,"Sudeste",0,"352780",6,4,0,4,1,3,0,0,0,0,0,4,0,4,1,3,3,9.7364661491571,8.43294163896865,0.365080569974823,30
"15258","SP","Lupércio",4596,16923.63,35038,"Marília",3,"Sudeste",0,"352780",7,5,0,5,1,4,0,0,0,0,0,5,0,5,1,4,0,9.7364661491571,8.43294163896865,0.378823788920245,29
"15259","SP","Macatuba",17214,36723.03,35021,"Jaú",3,"Sudeste",1,"352800",2,24,3,21,8,16,0,0,0,0,0,24,3,21,8,16,9,10.51115935767,9.75347828520942,0.292645322039781,29
"15260","SP","Macatuba",17214,36723.03,35021,"Jaú",3,"Sudeste",1,"352800",3,26,3,23,7,19,0,0,0,0,0,26,3,23,7,19,15,10.51115935767,9.75347828520942,0.366853522067434,31
"15261","SP","Macatuba",17214,36723.03,35021,"Jaú",3,"Sudeste",1,"352800",4,22,1,21,8,14,1,0,0,0,0,23,1,21,8,14,10,10.51115935767,9.75347828520942,0.406265997260825,30
"15262","SP","Macatuba",17214,36723.03,35021,"Jaú",3,"Sudeste",1,"352800",5,17,4,13,7,10,0,0,0,0,0,17,4,13,7,10,13,10.51115935767,9.75347828520942,0.378027031817826,31
"15263","SP","Macatuba",17214,36723.03,35021,"Jaú",3,"Sudeste",1,"352800",6,13,4,9,2,11,0,0,0,0,0,13,4,9,2,11,6,10.51115935767,9.75347828520942,0.359539566412506,30
"15264","SP","Macatuba",17214,36723.03,35021,"Jaú",3,"Sudeste",1,"352800",7,22,2,20,7,15,1,0,0,0,0,23,2,20,7,15,11,10.51115935767,9.75347828520942,0.351111394427448,29
"15265","SP","Macaubal",8147,19121.48,35007,"Nhandeara",3,"Sudeste",0,"352810",2,5,2,3,2,3,1,0,0,0,0,6,2,3,2,3,7,9.85856758946745,9.00540504031064,0.283680226371464,29
"15266","SP","Macaubal",8147,19121.48,35007,"Nhandeara",3,"Sudeste",0,"352810",3,6,1,5,3,3,0,0,0,0,0,6,1,5,3,3,6,9.85856758946745,9.00540504031064,0.341804076625883,31
"15267","SP","Macaubal",8147,19121.48,35007,"Nhandeara",3,"Sudeste",0,"352810",4,2,0,2,1,1,0,0,0,0,0,2,0,2,1,1,5,9.85856758946745,9.00540504031064,0.388149336562908,30
"15268","SP","Macaubal",8147,19121.48,35007,"Nhandeara",3,"Sudeste",0,"352810",5,8,1,7,2,6,0,0,0,0,0,8,1,7,2,6,3,9.85856758946745,9.00540504031064,0.349492796836735,31
"15269","SP","Macaubal",8147,19121.48,35007,"Nhandeara",3,"Sudeste",0,"352810",6,9,0,9,3,6,0,0,0,0,0,9,0,9,3,6,2,9.85856758946745,9.00540504031064,0.349725739815431,30
"15270","SP","Macaubal",8147,19121.48,35007,"Nhandeara",3,"Sudeste",0,"352810",7,9,0,9,3,6,0,0,0,0,0,9,0,9,3,6,3,9.85856758946745,9.00540504031064,0.326085323820841,29
"15271","SP","Mairinque",47441,40484.94,35046,"Sorocaba",3,"Sudeste",1,"352840",2,95,21,74,34,61,1,0,0,0,0,96,21,74,34,61,23,10.6086853320887,10.7672421127075,0.327243365075669,29
"15272","SP","Mairinque",47441,40484.94,35046,"Sorocaba",3,"Sudeste",1,"352840",3,86,22,64,32,54,2,0,0,0,0,88,22,64,32,54,34,10.6086853320887,10.7672421127075,0.411118076425202,31
"15273","SP","Mairinque",47441,40484.94,35046,"Sorocaba",3,"Sudeste",1,"352840",4,58,13,45,13,45,1,0,0,0,0,59,13,45,13,45,20,10.6086853320887,10.7672421127075,0.475942683677476,30
"15274","SP","Mairinque",47441,40484.94,35046,"Sorocaba",3,"Sudeste",1,"352840",5,60,11,49,24,36,0,0,0,0,0,60,11,49,24,36,29,10.6086853320887,10.7672421127075,0.445373328127961,31
"15275","SP","Mairinque",47441,40484.94,35046,"Sorocaba",3,"Sudeste",1,"352840",6,51,12,39,25,26,0,0,0,0,0,51,12,39,25,26,37,10.6086853320887,10.7672421127075,0.413360829562188,30
"15276","SP","Mairinque",47441,40484.94,35046,"Sorocaba",3,"Sudeste",1,"352840",7,44,7,37,16,28,0,0,0,0,0,44,7,37,16,28,35,10.6086853320887,10.7672421127075,0.407376203547018,29
"15277","SP","Mairiporã",101937,17774.55,35058,"Franco da Rocha",3,"Sudeste",1,"352850",2,145,21,124,52,93,0,0,0,0,0,145,21,124,52,93,51,9.78552293789528,11.5321102543851,0.311002595153748,29
"15278","SP","Mairiporã",101937,17774.55,35058,"Franco da Rocha",3,"Sudeste",1,"352850",3,177,22,155,55,122,0,0,0,0,0,177,22,155,55,122,54,9.78552293789528,11.5321102543851,0.411542465943561,31
"15279","SP","Mairiporã",101937,17774.55,35058,"Franco da Rocha",3,"Sudeste",1,"352850",4,82,10,72,27,55,0,0,0,0,0,82,10,72,27,55,50,9.78552293789528,11.5321102543851,0.483965857717913,30
"15280","SP","Mairiporã",101937,17774.55,35058,"Franco da Rocha",3,"Sudeste",1,"352850",5,89,22,67,24,65,0,0,0,0,0,89,22,67,24,65,59,9.78552293789528,11.5321102543851,0.448513650669858,31
"15281","SP","Mairiporã",101937,17774.55,35058,"Franco da Rocha",3,"Sudeste",1,"352850",6,107,14,93,35,72,1,0,0,0,0,108,14,93,35,72,47,9.78552293789528,11.5321102543851,0.415167431313686,30
"15282","SP","Mairiporã",101937,17774.55,35058,"Franco da Rocha",3,"Sudeste",1,"352850",7,98,11,87,33,65,0,0,0,0,0,98,11,87,33,65,57,9.78552293789528,11.5321102543851,0.398763258388244,29
"15283","SP","Manduri",9910,23378.18,35040,"Ourinhos",3,"Sudeste",0,"352860",2,8,0,8,2,6,0,0,0,0,0,8,0,8,2,6,8,10.0595583876847,9.20129962732403,0.307633323506858,29
"15284","SP","Manduri",9910,23378.18,35040,"Ourinhos",3,"Sudeste",0,"352860",3,13,2,11,5,8,0,0,0,0,0,13,2,11,5,8,9,10.0595583876847,9.20129962732403,0.420210950935825,31
"15285","SP","Manduri",9910,23378.18,35040,"Ourinhos",3,"Sudeste",0,"352860",4,10,3,7,8,2,0,0,0,0,0,10,3,7,8,2,4,10.0595583876847,9.20129962732403,0.483247139074367,30
"15286","SP","Manduri",9910,23378.18,35040,"Ourinhos",3,"Sudeste",0,"352860",5,7,3,4,4,3,0,0,0,0,0,7,3,4,4,3,5,10.0595583876847,9.20129962732403,0.454583687546746,31
"15287","SP","Manduri",9910,23378.18,35040,"Ourinhos",3,"Sudeste",0,"352860",6,12,2,10,5,7,0,0,0,0,0,12,2,10,5,7,8,10.0595583876847,9.20129962732403,0.422895920101751,30
"15288","SP","Manduri",9910,23378.18,35040,"Ourinhos",3,"Sudeste",0,"352860",7,16,3,13,5,11,0,0,0,0,0,16,3,13,5,11,5,10.0595583876847,9.20129962732403,0.403408215648091,29
"15289","SP","Maracaí",14036,29529.19,35039,"Assis",3,"Sudeste",0,"352880",2,18,0,18,8,10,0,0,0,0,0,18,0,18,8,10,6,10.2931345446293,9.5493807367031,0.32903960373978,29
"15290","SP","Maracaí",14036,29529.19,35039,"Assis",3,"Sudeste",0,"352880",3,22,4,18,7,15,0,0,0,0,0,22,4,18,7,15,7,10.2931345446293,9.5493807367031,0.401013939576863,31
"15291","SP","Maracaí",14036,29529.19,35039,"Assis",3,"Sudeste",0,"352880",4,15,4,11,7,8,0,0,0,0,0,15,4,11,7,8,10,10.2931345446293,9.5493807367031,0.428777489078141,30
"15292","SP","Maracaí",14036,29529.19,35039,"Assis",3,"Sudeste",0,"352880",5,13,0,13,4,9,0,0,0,0,0,13,0,13,4,9,11,10.2931345446293,9.5493807367031,0.402780042163695,31
"15293","SP","Maracaí",14036,29529.19,35039,"Assis",3,"Sudeste",0,"352880",6,17,1,16,2,15,0,0,0,0,0,17,1,16,2,15,7,10.2931345446293,9.5493807367031,0.390640788111929,30
"15294","SP","Maracaí",14036,29529.19,35039,"Assis",3,"Sudeste",0,"352880",7,14,3,11,4,10,0,0,0,0,0,14,3,11,4,10,10,10.2931345446293,9.5493807367031,0.394963438825925,29
"15295","SP","Marapoama",3064,59882.84,35008,"Novo Horizonte",3,"Sudeste",1,"352885",2,9,2,7,2,7,0,0,0,0,0,9,2,7,2,7,3,11.0001452655986,8.02747653086048,0.314009972853026,29
"15296","SP","Marapoama",3064,59882.84,35008,"Novo Horizonte",3,"Sudeste",1,"352885",3,3,1,2,3,0,0,0,0,0,0,3,1,2,3,0,3,11.0001452655986,8.02747653086048,0.348235852629543,31
"15297","SP","Marapoama",3064,59882.84,35008,"Novo Horizonte",3,"Sudeste",1,"352885",4,2,1,1,0,2,0,0,0,0,0,2,1,1,0,2,1,11.0001452655986,8.02747653086048,0.380386248859923,30
"15298","SP","Marapoama",3064,59882.84,35008,"Novo Horizonte",3,"Sudeste",1,"352885",5,3,2,1,2,1,0,0,0,0,0,3,2,1,2,1,4,11.0001452655986,8.02747653086048,0.374609800731066,31
"15299","SP","Marapoama",3064,59882.84,35008,"Novo Horizonte",3,"Sudeste",1,"352885",6,2,2,0,1,1,0,0,0,0,0,2,2,0,1,1,5,11.0001452655986,8.02747653086048,0.369959175338803,30
"15300","SP","Marapoama",3064,59882.84,35008,"Novo Horizonte",3,"Sudeste",1,"352885",7,2,0,2,0,2,0,0,0,0,0,2,0,2,0,2,2,11.0001452655986,8.02747653086048,0.378972590990055,29
"15301","SP","Marília",240590,34083.86,35038,"Marília",3,"Sudeste",1,"352900",2,401,37,364,125,276,1,0,0,0,0,402,37,364,125,276,126,10.4365792374403,12.3908495188992,0.287691115658425,29
"15302","SP","Marília",240590,34083.86,35038,"Marília",3,"Sudeste",1,"352900",3,449,32,417,136,313,2,0,0,0,0,451,32,417,136,313,168,10.4365792374403,12.3908495188992,0.382042463281777,31
"15303","SP","Marília",240590,34083.86,35038,"Marília",3,"Sudeste",1,"352900",4,289,25,264,85,204,1,0,0,0,0,290,25,264,85,204,114,10.4365792374403,12.3908495188992,0.440009397266014,30
"15304","SP","Marília",240590,34083.86,35038,"Marília",3,"Sudeste",1,"352900",5,229,20,209,58,171,1,0,0,0,0,230,20,209,58,171,125,10.4365792374403,12.3908495188992,0.398893292326513,31
"15305","SP","Marília",240590,34083.86,35038,"Marília",3,"Sudeste",1,"352900",6,243,24,219,63,180,0,0,0,0,0,243,24,219,63,180,159,10.4365792374403,12.3908495188992,0.365021495406427,30
"15306","SP","Marília",240590,34083.86,35038,"Marília",3,"Sudeste",1,"352900",7,262,23,239,72,190,5,0,0,0,0,267,23,239,72,190,139,10.4365792374403,12.3908495188992,0.360952149461873,29
"15307","SP","Martinópolis",26628,18871.02,35036,"Presidente Prudente",3,"Sudeste",1,"352920",2,38,3,35,14,24,0,0,0,0,0,38,3,35,14,24,22,9.84538269095578,10.1897185727206,0.315147177699999,29
"15308","SP","Martinópolis",26628,18871.02,35036,"Presidente Prudente",3,"Sudeste",1,"352920",3,47,10,37,19,28,1,0,0,0,0,48,10,37,19,28,23,9.84538269095578,10.1897185727206,0.388731716003756,31
"15309","SP","Martinópolis",26628,18871.02,35036,"Presidente Prudente",3,"Sudeste",1,"352920",4,24,2,22,9,15,0,0,0,0,0,24,2,22,9,15,9,9.84538269095578,10.1897185727206,0.421338329331206,30
"15310","SP","Martinópolis",26628,18871.02,35036,"Presidente Prudente",3,"Sudeste",1,"352920",5,28,4,24,12,16,0,0,0,0,0,28,4,24,12,16,10,9.84538269095578,10.1897185727206,0.38725263379086,31
"15311","SP","Martinópolis",26628,18871.02,35036,"Presidente Prudente",3,"Sudeste",1,"352920",6,24,2,22,8,16,0,0,0,0,0,24,2,22,8,16,20,9.84538269095578,10.1897185727206,0.36084675755697,30
"15312","SP","Martinópolis",26628,18871.02,35036,"Presidente Prudente",3,"Sudeste",1,"352920",7,30,7,23,16,14,1,0,0,0,0,31,7,23,16,14,26,9.84538269095578,10.1897185727206,0.353185433602231,29
"15313","SP","Matão",83626,50228.39,35024,"Araraquara",3,"Sudeste",1,"352930",2,118,20,98,37,81,0,0,0,0,0,118,20,98,37,81,37,10.8243356836722,11.3341097555055,0.308182772329182,29
"15314","SP","Matão",83626,50228.39,35024,"Araraquara",3,"Sudeste",1,"352930",3,146,22,124,46,100,0,0,0,0,0,146,22,124,46,100,51,10.8243356836722,11.3341097555055,0.391002716796725,31
"15315","SP","Matão",83626,50228.39,35024,"Araraquara",3,"Sudeste",1,"352930",4,78,11,67,26,52,0,0,0,0,0,78,11,67,26,52,41,10.8243356836722,11.3341097555055,0.436167783841994,30
"15316","SP","Matão",83626,50228.39,35024,"Araraquara",3,"Sudeste",1,"352930",5,78,10,68,21,57,1,0,0,0,0,79,10,68,21,57,52,10.8243356836722,11.3341097555055,0.398998615053438,31
"15317","SP","Matão",83626,50228.39,35024,"Araraquara",3,"Sudeste",1,"352930",6,61,7,54,20,41,0,0,0,0,0,61,7,54,20,41,61,10.8243356836722,11.3341097555055,0.368637947909333,30
"15318","SP","Matão",83626,50228.39,35024,"Araraquara",3,"Sudeste",1,"352930",7,69,12,57,22,47,1,0,0,0,0,70,12,57,22,47,57,10.8243356836722,11.3341097555055,0.364102955121864,29
"15319","SP","Mauá",477552,32655.23,35061,"São Paulo",3,"Sudeste",1,"352940",2,724,89,635,213,511,2,0,0,0,0,726,89,635,213,511,186,10.3937603056438,13.0764283334973,0.294054706104963,29
"15320","SP","Mauá",477552,32655.23,35061,"São Paulo",3,"Sudeste",1,"352940",3,732,85,647,231,501,2,0,0,0,0,734,85,647,231,501,193,10.3937603056438,13.0764283334973,0.394713663395006,31
"15321","SP","Mauá",477552,32655.23,35061,"São Paulo",3,"Sudeste",1,"352940",4,409,43,366,129,280,1,0,0,0,0,410,43,366,129,280,246,10.3937603056438,13.0764283334973,0.476260976095571,30
"15322","SP","Mauá",477552,32655.23,35061,"São Paulo",3,"Sudeste",1,"352940",5,379,42,337,135,244,3,0,0,0,0,382,42,337,135,244,268,10.3937603056438,13.0764283334973,0.443215309709668,31
"15323","SP","Mauá",477552,32655.23,35061,"São Paulo",3,"Sudeste",1,"352940",6,373,36,337,107,266,0,0,0,0,0,373,36,337,107,266,253,10.3937603056438,13.0764283334973,0.399883922902063,30
"15324","SP","Mauá",477552,32655.23,35061,"São Paulo",3,"Sudeste",1,"352940",7,405,46,359,138,267,6,0,0,0,0,411,46,359,138,267,256,10.3937603056438,13.0764283334973,0.384224995760641,29
"15325","SP","Mendonça",5565,43139.21,35004,"São José do Rio Preto",3,"Sudeste",0,"352950",2,9,2,7,7,2,0,0,0,0,0,9,2,7,7,2,6,10.6721876073044,8.62425226370964,0.302651015592328,29
"15326","SP","Mendonça",5565,43139.21,35004,"São José do Rio Preto",3,"Sudeste",0,"352950",3,10,2,8,4,6,0,0,0,0,0,10,2,8,4,6,5,10.6721876073044,8.62425226370964,0.364236338931041,31
"15327","SP","Mendonça",5565,43139.21,35004,"São José do Rio Preto",3,"Sudeste",0,"352950",4,7,3,4,6,1,0,0,0,0,0,7,3,4,6,1,2,10.6721876073044,8.62425226370964,0.371400342024237,30
"15328","SP","Mendonça",5565,43139.21,35004,"São José do Rio Preto",3,"Sudeste",0,"352950",5,8,2,6,2,6,0,0,0,0,0,8,2,6,2,6,3,10.6721876073044,8.62425226370964,0.339614337048486,31
"15329","SP","Mendonça",5565,43139.21,35004,"São José do Rio Preto",3,"Sudeste",0,"352950",6,5,2,3,2,3,0,0,0,0,0,5,2,3,2,3,6,10.6721876073044,8.62425226370964,0.34463429314871,30
"15330","SP","Mendonça",5565,43139.21,35004,"São José do Rio Preto",3,"Sudeste",0,"352950",7,7,1,6,4,3,0,0,0,0,0,7,1,6,4,3,3,10.6721876073044,8.62425226370964,0.357552211745857,29
"15331","SP","Meridiano",3824,62670.64,35002,"Fernandópolis",3,"Sudeste",0,"352960",2,9,1,8,1,8,0,0,0,0,0,9,1,8,1,8,3,11.0456483553893,8.24905227417129,0.318196722648567,29
"15332","SP","Meridiano",3824,62670.64,35002,"Fernandópolis",3,"Sudeste",0,"352960",3,5,0,5,1,4,0,0,0,0,0,5,0,5,1,4,1,11.0456483553893,8.24905227417129,0.383253354634038,31
"15333","SP","Meridiano",3824,62670.64,35002,"Fernandópolis",3,"Sudeste",0,"352960",4,5,1,4,3,2,0,0,0,0,0,5,1,4,3,2,2,11.0456483553893,8.24905227417129,0.443365892201419,30
"15334","SP","Meridiano",3824,62670.64,35002,"Fernandópolis",3,"Sudeste",0,"352960",5,5,0,5,1,4,0,0,0,0,0,5,0,5,1,4,4,11.0456483553893,8.24905227417129,0.383048917914517,31
"15335","SP","Meridiano",3824,62670.64,35002,"Fernandópolis",3,"Sudeste",0,"352960",6,1,0,1,0,1,0,0,0,0,0,1,0,1,0,1,1,11.0456483553893,8.24905227417129,0.363501868329805,30
"15336","SP","Meridiano",3824,62670.64,35002,"Fernandópolis",3,"Sudeste",0,"352960",7,2,0,2,1,1,0,0,0,0,0,2,0,2,1,1,5,11.0456483553893,8.24905227417129,0.343433992504129,29
"15337","SP","Miguelópolis",22355,45954.52,35010,"São Joaquim da Barra",3,"Sudeste",1,"352970",2,38,7,31,13,25,0,0,0,0,0,38,7,31,13,25,7,10.7354074907371,10.0148052886681,0.302297463145181,29
"15338","SP","Miguelópolis",22355,45954.52,35010,"São Joaquim da Barra",3,"Sudeste",1,"352970",3,22,6,16,7,15,0,0,0,0,0,22,6,16,7,15,13,10.7354074907371,10.0148052886681,0.35130629780914,31
"15339","SP","Miguelópolis",22355,45954.52,35010,"São Joaquim da Barra",3,"Sudeste",1,"352970",4,9,2,7,2,7,0,0,0,0,0,9,2,7,2,7,6,10.7354074907371,10.0148052886681,0.405510710719168,30
"15340","SP","Miguelópolis",22355,45954.52,35010,"São Joaquim da Barra",3,"Sudeste",1,"352970",5,27,1,26,10,17,0,0,0,0,0,27,1,26,10,17,18,10.7354074907371,10.0148052886681,0.395609489598539,31
"15341","SP","Miguelópolis",22355,45954.52,35010,"São Joaquim da Barra",3,"Sudeste",1,"352970",6,22,8,14,10,12,0,0,0,0,0,22,8,14,10,12,8,10.7354074907371,10.0148052886681,0.393824879046803,30
"15342","SP","Miguelópolis",22355,45954.52,35010,"São Joaquim da Barra",3,"Sudeste",1,"352970",7,15,2,13,3,12,0,0,0,0,0,15,2,13,3,12,19,10.7354074907371,10.0148052886681,0.417109458566134,29
"15343","SP","Mineiros do Tietê",12966,13408.67,35021,"Jaú",3,"Sudeste",1,"352980",2,22,4,18,9,13,0,0,0,0,0,22,4,18,9,13,2,9.50365679164046,9.47008582573494,0.315724580727604,29
"15344","SP","Mineiros do Tietê",12966,13408.67,35021,"Jaú",3,"Sudeste",1,"352980",3,16,3,13,5,11,0,0,0,0,0,16,3,13,5,11,14,9.50365679164046,9.47008582573494,0.371630901252594,31
"15345","SP","Mineiros do Tietê",12966,13408.67,35021,"Jaú",3,"Sudeste",1,"352980",4,7,1,6,3,4,0,0,0,0,0,7,1,6,3,4,7,9.50365679164046,9.47008582573494,0.417012297127927,30
"15346","SP","Mineiros do Tietê",12966,13408.67,35021,"Jaú",3,"Sudeste",1,"352980",5,10,2,8,2,8,0,0,0,0,0,10,2,8,2,8,13,9.50365679164046,9.47008582573494,0.398949583024563,31
"15347","SP","Mineiros do Tietê",12966,13408.67,35021,"Jaú",3,"Sudeste",1,"352980",6,10,1,9,5,5,0,0,0,0,0,10,1,9,5,5,7,9.50365679164046,9.47008582573494,0.374697253675862,30
"15348","SP","Mineiros do Tietê",12966,13408.67,35021,"Jaú",3,"Sudeste",1,"352980",7,8,0,8,4,4,0,0,0,0,0,8,0,8,4,4,13,9.50365679164046,9.47008582573494,0.367412390922361,29
"15349","SP","Miracatu",19643,19706.5,35055,"Registro",3,"Sudeste",0,"352990",2,32,12,20,15,17,0,0,0,0,0,32,12,20,15,17,5,9.88870380954338,9.88547631973428,0.2994518739333,29
"15350","SP","Miracatu",19643,19706.5,35055,"Registro",3,"Sudeste",0,"352990",3,36,10,26,17,19,0,0,0,0,0,36,10,26,17,19,8,9.88870380954338,9.88547631973428,0.371656601664382,31
"15351","SP","Miracatu",19643,19706.5,35055,"Registro",3,"Sudeste",0,"352990",4,30,6,24,11,19,1,0,0,0,0,31,6,24,11,19,9,9.88870380954338,9.88547631973428,0.427330924163187,30
"15352","SP","Miracatu",19643,19706.5,35055,"Registro",3,"Sudeste",0,"352990",5,31,10,21,19,12,0,0,0,0,0,31,10,21,19,12,14,9.88870380954338,9.88547631973428,0.432304351121222,31
"15353","SP","Miracatu",19643,19706.5,35055,"Registro",3,"Sudeste",0,"352990",6,19,7,12,6,13,0,0,0,0,0,19,7,12,6,13,16,9.88870380954338,9.88547631973428,0.411488850198667,30
"15354","SP","Miracatu",19643,19706.5,35055,"Registro",3,"Sudeste",0,"352990",7,26,5,21,14,12,1,0,0,0,0,27,5,21,14,12,21,9.88870380954338,9.88547631973428,0.445187491846012,29
"15355","SP","Mirandópolis",29706,22230.68,35016,"Andradina",3,"Sudeste",1,"353010",2,23,3,20,8,15,0,0,0,0,0,23,3,20,8,15,17,10.0092285957841,10.2991043245895,0.304330043494702,29
"15356","SP","Mirandópolis",29706,22230.68,35016,"Andradina",3,"Sudeste",1,"353010",3,39,5,34,11,28,0,0,0,0,0,39,5,34,11,28,17,10.0092285957841,10.2991043245895,0.386690542430738,31
"15357","SP","Mirandópolis",29706,22230.68,35016,"Andradina",3,"Sudeste",1,"353010",4,23,3,20,4,19,0,0,0,0,0,23,3,20,4,19,24,10.0092285957841,10.2991043245895,0.432642241575546,30
"15358","SP","Mirandópolis",29706,22230.68,35016,"Andradina",3,"Sudeste",1,"353010",5,29,3,26,6,23,0,0,0,0,0,29,3,26,6,23,19,10.0092285957841,10.2991043245895,0.403449730257271,31
"15359","SP","Mirandópolis",29706,22230.68,35016,"Andradina",3,"Sudeste",1,"353010",6,17,3,14,3,14,0,0,0,0,0,17,3,14,3,14,19,10.0092285957841,10.2991043245895,0.391950272905117,30
"15360","SP","Mirandópolis",29706,22230.68,35016,"Andradina",3,"Sudeste",1,"353010",7,21,5,16,6,15,0,0,0,0,0,21,5,16,6,15,15,10.0092285957841,10.2991043245895,0.392599556268445,29
"15361","SP","Mirante do Paranapanema",18338,19027.18,35036,"Presidente Prudente",3,"Sudeste",0,"353020",2,25,3,22,10,15,0,0,0,0,0,25,3,22,10,15,12,9.85362376223636,9.81673068860985,0.321381415853108,29
"15362","SP","Mirante do Paranapanema",18338,19027.18,35036,"Presidente Prudente",3,"Sudeste",0,"353020",3,29,6,23,7,22,0,0,0,0,0,29,6,23,7,22,8,9.85362376223636,9.81673068860985,0.399096665089658,31
"15363","SP","Mirante do Paranapanema",18338,19027.18,35036,"Presidente Prudente",3,"Sudeste",0,"353020",4,11,2,9,5,6,0,0,0,0,0,11,2,9,5,6,12,9.85362376223636,9.81673068860985,0.433386737381602,30
"15364","SP","Mirante do Paranapanema",18338,19027.18,35036,"Presidente Prudente",3,"Sudeste",0,"353020",5,16,0,16,5,11,0,0,0,0,0,16,0,16,5,11,13,9.85362376223636,9.81673068860985,0.438826069034913,31
"15365","SP","Mirante do Paranapanema",18338,19027.18,35036,"Presidente Prudente",3,"Sudeste",0,"353020",6,11,4,7,3,8,0,0,0,0,0,11,4,7,3,8,13,9.85362376223636,9.81673068860985,0.42924103004372,30
"15366","SP","Mirante do Paranapanema",18338,19027.18,35036,"Presidente Prudente",3,"Sudeste",0,"353020",7,10,1,9,3,7,0,0,0,0,0,10,1,9,3,7,9,9.85362376223636,9.81673068860985,0.400538651375367,29
"15367","SP","Mirassol",60303,30509.55,35004,"São José do Rio Preto",3,"Sudeste",1,"353030",2,91,10,81,34,57,0,0,0,0,0,91,10,81,34,57,28,10.3257950283394,11.0071371327215,0.276660030116058,29
"15368","SP","Mirassol",60303,30509.55,35004,"São José do Rio Preto",3,"Sudeste",1,"353030",3,127,13,114,45,82,0,0,0,0,0,127,13,114,45,82,57,10.3257950283394,11.0071371327215,0.367918866502614,31
"15369","SP","Mirassol",60303,30509.55,35004,"São José do Rio Preto",3,"Sudeste",1,"353030",4,82,11,71,25,57,0,0,0,0,0,82,11,71,25,57,29,10.3257950283394,11.0071371327215,0.411478864681165,30
"15370","SP","Mirassol",60303,30509.55,35004,"São José do Rio Preto",3,"Sudeste",1,"353030",5,78,8,70,32,46,1,0,0,0,0,79,8,70,32,46,41,10.3257950283394,11.0071371327215,0.372633990531316,31
"15371","SP","Mirassol",60303,30509.55,35004,"São José do Rio Preto",3,"Sudeste",1,"353030",6,83,10,73,23,60,0,0,0,0,0,83,10,73,23,60,47,10.3257950283394,11.0071371327215,0.340798677318044,30
"15372","SP","Mirassol",60303,30509.55,35004,"São José do Rio Preto",3,"Sudeste",1,"353030",7,49,9,40,13,36,0,0,0,0,0,49,9,40,13,36,54,10.3257950283394,11.0071371327215,0.339122235271071,29
"15373","SP","Mirassolândia",4919,26663.98,35004,"São José do Rio Preto",3,"Sudeste",1,"353040",2,13,2,11,3,10,0,0,0,0,0,13,2,11,3,10,2,10.1910688699123,8.50086053679534,0.314496226060267,29
"15374","SP","Mirassolândia",4919,26663.98,35004,"São José do Rio Preto",3,"Sudeste",1,"353040",3,11,2,9,4,7,0,0,0,0,0,11,2,9,4,7,4,10.1910688699123,8.50086053679534,0.407363104496155,31
"15375","SP","Mirassolândia",4919,26663.98,35004,"São José do Rio Preto",3,"Sudeste",1,"353040",4,3,1,2,1,2,0,0,0,0,0,3,1,2,1,2,4,10.1910688699123,8.50086053679534,0.405603004809736,30
"15376","SP","Mirassolândia",4919,26663.98,35004,"São José do Rio Preto",3,"Sudeste",1,"353040",5,6,1,5,3,3,0,0,0,0,0,6,1,5,3,3,2,10.1910688699123,8.50086053679534,0.417297845194074,31
"15377","SP","Mirassolândia",4919,26663.98,35004,"São José do Rio Preto",3,"Sudeste",1,"353040",6,9,3,6,4,5,0,0,0,0,0,9,3,6,4,5,4,10.1910688699123,8.50086053679534,0.390167754093975,30
"15378","SP","Mirassolândia",4919,26663.98,35004,"São José do Rio Preto",3,"Sudeste",1,"353040",7,4,0,4,1,3,0,0,0,0,0,4,0,4,1,3,6,10.1910688699123,8.50086053679534,0.411662572221097,29
"15379","SP","Mococa",68980,30828.27,35030,"São João da Boa Vista",3,"Sudeste",1,"353050",2,91,17,74,34,57,0,0,0,0,0,91,17,74,34,57,39,10.3361874051312,11.1415718864908,0.315845033327458,29
"15380","SP","Mococa",68980,30828.27,35030,"São João da Boa Vista",3,"Sudeste",1,"353050",3,110,24,86,39,71,0,0,0,0,0,110,24,86,39,71,71,10.3361874051312,11.1415718864908,0.407520557028463,31
"15381","SP","Mococa",68980,30828.27,35030,"São João da Boa Vista",3,"Sudeste",1,"353050",4,60,10,50,25,35,0,0,0,0,0,60,10,50,25,35,34,10.3361874051312,11.1415718864908,0.462632875383942,30
"15382","SP","Mococa",68980,30828.27,35030,"São João da Boa Vista",3,"Sudeste",1,"353050",5,62,10,52,23,39,2,0,0,0,0,64,10,52,23,39,40,10.3361874051312,11.1415718864908,0.432168265857375,31
"15383","SP","Mococa",68980,30828.27,35030,"São João da Boa Vista",3,"Sudeste",1,"353050",6,64,14,50,28,36,0,0,0,0,0,64,14,50,28,36,36,10.3361874051312,11.1415718864908,0.414478721314573,30
"15384","SP","Mococa",68980,30828.27,35030,"São João da Boa Vista",3,"Sudeste",1,"353050",7,66,9,57,25,41,0,0,0,0,0,66,9,57,25,41,43,10.3361874051312,11.1415718864908,0.414645154040068,29
"15385","SP","Mogi das Cruzes",450785,34908.31,35062,"Mogi das Cruzes",3,"Sudeste",1,"353060",2,925,93,832,322,603,3,0,0,0,0,928,93,832,322,603,198,10.4604801887296,13.0187457864149,0.301142140385993,29
"15386","SP","Mogi das Cruzes",450785,34908.31,35062,"Mogi das Cruzes",3,"Sudeste",1,"353060",3,863,95,768,265,598,3,0,0,0,0,866,95,768,265,598,260,10.4604801887296,13.0187457864149,0.409924712048596,31
"15387","SP","Mogi das Cruzes",450785,34908.31,35062,"Mogi das Cruzes",3,"Sudeste",1,"353060",4,545,77,468,208,337,5,0,0,0,0,550,77,468,208,337,243,10.4604801887296,13.0187457864149,0.492627717977018,30
"15388","SP","Mogi das Cruzes",450785,34908.31,35062,"Mogi das Cruzes",3,"Sudeste",1,"353060",5,528,77,451,199,329,4,0,0,0,0,532,77,451,199,329,311,10.4604801887296,13.0187457864149,0.457890175272826,31
"15389","SP","Mogi das Cruzes",450785,34908.31,35062,"Mogi das Cruzes",3,"Sudeste",1,"353060",6,512,63,449,195,317,5,0,0,0,0,517,63,449,195,317,266,10.4604801887296,13.0187457864149,0.416551099955324,30
"15390","SP","Mogi das Cruzes",450785,34908.31,35062,"Mogi das Cruzes",3,"Sudeste",1,"353060",7,506,56,450,167,339,3,0,0,0,0,509,56,450,167,339,318,10.4604801887296,13.0187457864149,0.404522318086356,29
"15391","SP","Mogi Guaçu",153033,38971.42,35031,"Mogi Mirim",3,"Sudeste",1,"353070",2,243,53,190,74,169,1,0,0,0,0,244,53,190,74,169,83,10.5705838359548,11.9384088633921,0.304056612368955,29
"15392","SP","Mogi Guaçu",153033,38971.42,35031,"Mogi Mirim",3,"Sudeste",1,"353070",3,242,48,194,76,166,0,0,0,0,0,242,48,194,76,166,86,10.5705838359548,11.9384088633921,0.404289051883728,31
"15393","SP","Mogi Guaçu",153033,38971.42,35031,"Mogi Mirim",3,"Sudeste",1,"353070",4,152,22,130,49,103,1,0,0,0,0,153,22,130,49,103,77,10.5705838359548,11.9384088633921,0.459476956888245,30
"15394","SP","Mogi Guaçu",153033,38971.42,35031,"Mogi Mirim",3,"Sudeste",1,"353070",5,169,27,142,43,126,4,0,0,0,0,173,27,142,43,126,115,10.5705838359548,11.9384088633921,0.41816345798565,31
"15395","SP","Mogi Guaçu",153033,38971.42,35031,"Mogi Mirim",3,"Sudeste",1,"353070",6,149,20,129,50,99,0,0,0,0,0,149,20,129,50,99,112,10.5705838359548,11.9384088633921,0.398629657449204,30
"15396","SP","Mogi Guaçu",153033,38971.42,35031,"Mogi Mirim",3,"Sudeste",1,"353070",7,154,21,133,37,117,0,0,0,0,0,154,21,133,37,117,130,10.5705838359548,11.9384088633921,0.391131361406191,29
"15397","SP","Mogi Mirim",93650,49631.35,35031,"Mogi Mirim",3,"Sudeste",1,"353080",2,136,26,110,32,104,0,0,0,0,0,136,26,110,32,104,55,10.8123779695011,11.4473197078722,0.314239238693293,29
"15398","SP","Mogi Mirim",93650,49631.35,35031,"Mogi Mirim",3,"Sudeste",1,"353080",3,136,17,119,40,96,1,0,0,0,0,137,17,119,40,96,54,10.8123779695011,11.4473197078722,0.411064500754357,31
"15399","SP","Mogi Mirim",93650,49631.35,35031,"Mogi Mirim",3,"Sudeste",1,"353080",4,95,16,79,22,73,2,0,0,0,0,97,16,79,22,73,53,10.8123779695011,11.4473197078722,0.471715990095886,30
"15400","SP","Mogi Mirim",93650,49631.35,35031,"Mogi Mirim",3,"Sudeste",1,"353080",5,84,12,72,26,58,2,0,0,0,0,86,12,72,26,58,43,10.8123779695011,11.4473197078722,0.429422725601526,31
"15401","SP","Mogi Mirim",93650,49631.35,35031,"Mogi Mirim",3,"Sudeste",1,"353080",6,87,13,74,24,63,0,0,0,0,0,87,13,74,24,63,61,10.8123779695011,11.4473197078722,0.40656703212425,30
"15402","SP","Mogi Mirim",93650,49631.35,35031,"Mogi Mirim",3,"Sudeste",1,"353080",7,93,13,80,37,56,0,0,0,0,0,93,13,80,37,56,84,10.8123779695011,11.4473197078722,0.407464010924496,29
"15403","SP","Mongaguá",57648,18581.77,35056,"Itanhaém",3,"Sudeste",1,"353110",2,94,23,71,38,56,0,0,0,0,0,94,23,71,38,56,46,9.82993627155496,10.9621108329879,0.342560043292151,29
"15404","SP","Mongaguá",57648,18581.77,35056,"Itanhaém",3,"Sudeste",1,"353110",3,105,21,84,45,60,1,0,0,0,0,106,21,84,45,60,39,9.82993627155496,10.9621108329879,0.450982937654215,31
"15405","SP","Mongaguá",57648,18581.77,35056,"Itanhaém",3,"Sudeste",1,"353110",4,65,12,53,33,32,1,0,0,0,0,66,12,53,33,32,40,9.82993627155496,10.9621108329879,0.511653105020092,30
"15406","SP","Mongaguá",57648,18581.77,35056,"Itanhaém",3,"Sudeste",1,"353110",5,84,17,67,28,56,0,0,0,0,0,84,17,67,28,56,55,9.82993627155496,10.9621108329879,0.475679059788552,31
"15407","SP","Mongaguá",57648,18581.77,35056,"Itanhaém",3,"Sudeste",1,"353110",6,67,16,51,31,36,0,0,0,0,0,67,16,51,31,36,46,9.82993627155496,10.9621108329879,0.451738725004495,30
"15408","SP","Mongaguá",57648,18581.77,35056,"Itanhaém",3,"Sudeste",1,"353110",7,66,12,54,26,40,2,0,0,0,0,68,12,54,26,40,56,9.82993627155496,10.9621108329879,0.445463801272015,29
"15409","SP","Monte Alegre do Sul",8111,22391.71,35033,"Amparo",3,"Sudeste",1,"353120",2,11,2,9,1,10,0,0,0,0,0,11,2,9,1,10,9,10.0164460800575,9.00097644407034,0.300706041942136,29
"15410","SP","Monte Alegre do Sul",8111,22391.71,35033,"Amparo",3,"Sudeste",1,"353120",3,10,1,9,2,8,0,0,0,0,0,10,1,9,2,8,5,10.0164460800575,9.00097644407034,0.405231341492426,31
"15411","SP","Monte Alegre do Sul",8111,22391.71,35033,"Amparo",3,"Sudeste",1,"353120",4,12,3,9,2,10,0,0,0,0,0,12,3,9,2,10,3,10.0164460800575,9.00097644407034,0.427341572308969,30
"15412","SP","Monte Alegre do Sul",8111,22391.71,35033,"Amparo",3,"Sudeste",1,"353120",5,4,0,4,0,4,0,0,0,0,0,4,0,4,0,4,6,10.0164460800575,9.00097644407034,0.428097009717865,31
"15413","SP","Monte Alegre do Sul",8111,22391.71,35033,"Amparo",3,"Sudeste",1,"353120",6,6,0,6,1,5,0,0,0,0,0,6,0,6,1,5,8,10.0164460800575,9.00097644407034,0.398597301110577,30
"15414","SP","Monte Alegre do Sul",8111,22391.71,35033,"Amparo",3,"Sudeste",1,"353120",7,9,3,6,2,7,0,0,0,0,0,9,3,6,2,7,4,10.0164460800575,9.00097644407034,0.369374437871179,29
"15415","SP","Monte Alto",50772,35901.3,35013,"Jaboticabal",3,"Sudeste",1,"353130",2,61,9,52,20,41,0,0,0,0,0,61,9,52,20,41,30,10.4885287855199,10.8351003005081,0.297787699806451,29
"15416","SP","Monte Alto",50772,35901.3,35013,"Jaboticabal",3,"Sudeste",1,"353130",3,81,6,75,26,55,0,0,0,0,0,81,6,75,26,55,26,10.4885287855199,10.8351003005081,0.390463777005709,31
"15417","SP","Monte Alto",50772,35901.3,35013,"Jaboticabal",3,"Sudeste",1,"353130",4,37,6,31,13,24,0,0,0,0,0,37,6,31,13,24,29,10.4885287855199,10.8351003005081,0.444768907380751,30
"15418","SP","Monte Alto",50772,35901.3,35013,"Jaboticabal",3,"Sudeste",1,"353130",5,45,3,42,9,36,0,0,0,0,0,45,3,42,9,36,25,10.4885287855199,10.8351003005081,0.39683917564761,31
"15419","SP","Monte Alto",50772,35901.3,35013,"Jaboticabal",3,"Sudeste",1,"353130",6,54,6,48,22,32,0,0,0,0,0,54,6,48,22,32,32,10.4885287855199,10.8351003005081,0.36078027869249,30
"15420","SP","Monte Alto",50772,35901.3,35013,"Jaboticabal",3,"Sudeste",1,"353130",7,40,5,35,13,27,0,0,0,0,0,40,5,35,13,27,38,10.4885287855199,10.8351003005081,0.348550996858509,29
"15421","SP","Monte Aprazível",25373,26584.41,35007,"Nhandeara",3,"Sudeste",1,"353140",2,46,10,36,12,34,0,0,0,0,0,46,10,36,12,34,20,10.1880802327262,10.1414408955038,0.288681188127083,29
"15422","SP","Monte Aprazível",25373,26584.41,35007,"Nhandeara",3,"Sudeste",1,"353140",3,33,6,27,12,21,1,0,0,0,0,34,6,27,12,21,11,10.1880802327262,10.1414408955038,0.347509796563721,31
"15423","SP","Monte Aprazível",25373,26584.41,35007,"Nhandeara",3,"Sudeste",1,"353140",4,23,4,19,10,13,0,0,0,0,0,23,4,19,10,13,14,10.1880802327262,10.1414408955038,0.380342492617759,30
"15424","SP","Monte Aprazível",25373,26584.41,35007,"Nhandeara",3,"Sudeste",1,"353140",5,28,7,21,11,17,0,0,0,0,0,28,7,21,11,17,20,10.1880802327262,10.1414408955038,0.366132965706871,31
"15425","SP","Monte Aprazível",25373,26584.41,35007,"Nhandeara",3,"Sudeste",1,"353140",6,16,3,13,7,9,0,0,0,0,0,16,3,13,7,9,12,10.1880802327262,10.1414408955038,0.338437008081868,30
"15426","SP","Monte Aprazível",25373,26584.41,35007,"Nhandeara",3,"Sudeste",1,"353140",7,15,4,11,4,11,0,0,0,0,0,15,4,11,4,11,20,10.1880802327262,10.1414408955038,0.350701855420277,29
"15427","SP","Monte Azul Paulista",18968,28033.28,35013,"Jaboticabal",3,"Sudeste",1,"353150",2,26,5,21,6,20,0,0,0,0,0,26,5,21,6,20,7,10.2411476547941,9.85050862774524,0.304519557108366,29
"15428","SP","Monte Azul Paulista",18968,28033.28,35013,"Jaboticabal",3,"Sudeste",1,"353150",3,21,4,17,7,14,0,0,0,0,0,21,4,17,7,14,8,10.2411476547941,9.85050862774524,0.366243126586883,31
"15429","SP","Monte Azul Paulista",18968,28033.28,35013,"Jaboticabal",3,"Sudeste",1,"353150",4,19,5,14,7,12,0,0,0,0,0,19,5,14,7,12,22,10.2411476547941,9.85050862774524,0.412740805747981,30
"15430","SP","Monte Azul Paulista",18968,28033.28,35013,"Jaboticabal",3,"Sudeste",1,"353150",5,14,3,11,3,11,0,0,0,0,0,14,3,11,3,11,8,10.2411476547941,9.85050862774524,0.380483323032471,31
"15431","SP","Monte Azul Paulista",18968,28033.28,35013,"Jaboticabal",3,"Sudeste",1,"353150",6,23,6,17,5,18,1,0,0,0,0,24,6,17,5,18,13,10.2411476547941,9.85050862774524,0.363150054669701,30
"15432","SP","Monte Azul Paulista",18968,28033.28,35013,"Jaboticabal",3,"Sudeste",1,"353150",7,20,4,16,6,14,1,0,0,0,0,21,4,16,6,14,13,10.2411476547941,9.85050862774524,0.354091851699838,29
"15433","SP","Monte Mor",60754,59311.32,35032,"Campinas",3,"Sudeste",1,"353180",2,130,20,110,47,83,1,0,0,0,0,131,20,110,47,83,23,10.9905554605285,11.0145882026566,0.296614461726561,29
"15434","SP","Monte Mor",60754,59311.32,35032,"Campinas",3,"Sudeste",1,"353180",3,144,18,126,47,97,1,0,0,0,0,145,18,126,47,97,32,10.9905554605285,11.0145882026566,0.385561301188511,31
"15435","SP","Monte Mor",60754,59311.32,35032,"Campinas",3,"Sudeste",1,"353180",4,82,9,73,27,55,1,0,0,0,0,83,9,73,27,55,32,10.9905554605285,11.0145882026566,0.441264203001878,30
"15436","SP","Monte Mor",60754,59311.32,35032,"Campinas",3,"Sudeste",1,"353180",5,62,11,51,16,46,0,0,0,0,0,62,11,51,16,46,38,10.9905554605285,11.0145882026566,0.413008248009558,31
"15437","SP","Monte Mor",60754,59311.32,35032,"Campinas",3,"Sudeste",1,"353180",6,84,18,66,28,56,0,0,0,0,0,84,18,66,28,56,43,10.9905554605285,11.0145882026566,0.385953160410825,30
"15438","SP","Monte Mor",60754,59311.32,35032,"Campinas",3,"Sudeste",1,"353180",7,79,15,64,22,57,1,0,0,0,0,80,15,64,22,57,41,10.9905554605285,11.0145882026566,0.381790935043207,29
"15439","SP","Morro Agudo",33288,36037.1,35010,"São Joaquim da Barra",3,"Sudeste",1,"353190",2,48,7,41,15,33,0,0,0,0,0,48,7,41,15,33,15,10.492304242336,10.4129522506628,0.306708508372071,29
"15440","SP","Morro Agudo",33288,36037.1,35010,"São Joaquim da Barra",3,"Sudeste",1,"353190",3,51,10,41,22,29,1,0,0,0,0,52,10,41,22,29,23,10.492304242336,10.4129522506628,0.375705925043742,31
"15441","SP","Morro Agudo",33288,36037.1,35010,"São Joaquim da Barra",3,"Sudeste",1,"353190",4,26,6,20,9,17,0,0,0,0,0,26,6,20,9,17,8,10.492304242336,10.4129522506628,0.412684498330852,30
"15442","SP","Morro Agudo",33288,36037.1,35010,"São Joaquim da Barra",3,"Sudeste",1,"353190",5,34,9,25,21,13,0,0,0,0,0,34,9,25,21,13,17,10.492304242336,10.4129522506628,0.403691494103105,31
"15443","SP","Morro Agudo",33288,36037.1,35010,"São Joaquim da Barra",3,"Sudeste",1,"353190",6,27,2,25,12,15,0,0,0,0,0,27,2,25,12,15,25,10.492304242336,10.4129522506628,0.39350003670067,30
"15444","SP","Morro Agudo",33288,36037.1,35010,"São Joaquim da Barra",3,"Sudeste",1,"353190",7,30,6,24,14,16,0,0,0,0,0,30,6,24,14,16,23,10.492304242336,10.4129522506628,0.398793463761122,29
"15445","SP","Morungaba",13781,33875.48,35048,"Bragança Paulista",3,"Sudeste",0,"353200",2,19,4,15,7,12,0,0,0,0,0,19,4,15,7,12,7,10.4304467278233,9.53104611087515,0.307968833700906,29
"15446","SP","Morungaba",13781,33875.48,35048,"Bragança Paulista",3,"Sudeste",0,"353200",3,24,6,18,8,16,0,0,0,0,0,24,6,18,8,16,7,10.4304467278233,9.53104611087515,0.378324832868929,31
"15447","SP","Morungaba",13781,33875.48,35048,"Bragança Paulista",3,"Sudeste",0,"353200",4,15,5,10,6,9,0,0,0,0,0,15,5,10,6,9,6,10.4304467278233,9.53104611087515,0.402161675935737,30
"15448","SP","Morungaba",13781,33875.48,35048,"Bragança Paulista",3,"Sudeste",0,"353200",5,17,2,15,7,10,0,0,0,0,0,17,2,15,7,10,5,10.4304467278233,9.53104611087515,0.386234657981152,31
"15449","SP","Morungaba",13781,33875.48,35048,"Bragança Paulista",3,"Sudeste",0,"353200",6,13,1,12,8,5,0,0,0,0,0,13,1,12,8,5,11,10.4304467278233,9.53104611087515,0.36940998556597,30
"15450","SP","Morungaba",13781,33875.48,35048,"Bragança Paulista",3,"Sudeste",0,"353200",7,16,3,13,7,9,1,0,0,0,0,17,3,13,7,9,6,10.4304467278233,9.53104611087515,0.364209601027679,29
"15451","SP","Narandiba",4904,38665.32,35036,"Presidente Prudente",3,"Sudeste",1,"353220",2,7,1,6,5,2,0,0,0,0,0,7,1,6,5,2,3,10.5626983532277,8.49780647761605,0.314030138002131,29
"15452","SP","Narandiba",4904,38665.32,35036,"Presidente Prudente",3,"Sudeste",1,"353220",3,11,1,10,5,6,0,0,0,0,0,11,1,10,5,6,5,10.5626983532277,8.49780647761605,0.359943159136922,31
"15453","SP","Narandiba",4904,38665.32,35036,"Presidente Prudente",3,"Sudeste",1,"353220",4,6,2,4,1,5,0,0,0,0,0,6,2,4,1,5,3,10.5626983532277,8.49780647761605,0.408167819459384,30
"15454","SP","Narandiba",4904,38665.32,35036,"Presidente Prudente",3,"Sudeste",1,"353220",5,9,1,8,3,6,0,0,0,0,0,9,1,8,3,6,1,10.5626983532277,8.49780647761605,0.382416177129816,31
"15455","SP","Narandiba",4904,38665.32,35036,"Presidente Prudente",3,"Sudeste",1,"353220",6,7,1,6,3,4,0,0,0,0,0,7,1,6,3,4,1,10.5626983532277,8.49780647761605,0.358373316577255,30
"15456","SP","Narandiba",4904,38665.32,35036,"Presidente Prudente",3,"Sudeste",1,"353220",7,5,0,5,2,3,0,0,0,0,0,5,0,5,2,3,3,10.5626983532277,8.49780647761605,0.353480861281663,29
"15457","SP","Natividade da Serra",6642,10848.03,35053,"Paraibuna/Paraitinga",3,"Sudeste",0,"353230",2,6,2,4,2,4,0,0,0,0,0,6,2,4,2,4,3,9.29173877566308,8.80116840193669,0.326261292610043,29
"15458","SP","Natividade da Serra",6642,10848.03,35053,"Paraibuna/Paraitinga",3,"Sudeste",0,"353230",3,7,3,4,3,4,0,0,0,0,0,7,3,4,3,4,3,9.29173877566308,8.80116840193669,0.429374417157326,31
"15459","SP","Natividade da Serra",6642,10848.03,35053,"Paraibuna/Paraitinga",3,"Sudeste",0,"353230",4,1,0,1,0,1,0,0,0,0,0,1,0,1,0,1,3,9.29173877566308,8.80116840193669,0.453917666981027,30
"15460","SP","Natividade da Serra",6642,10848.03,35053,"Paraibuna/Paraitinga",3,"Sudeste",0,"353230",5,5,1,4,2,3,0,0,0,0,0,5,1,4,2,3,3,9.29173877566308,8.80116840193669,0.437980347343074,31
"15461","SP","Natividade da Serra",6642,10848.03,35053,"Paraibuna/Paraitinga",3,"Sudeste",0,"353230",6,3,0,3,1,2,0,0,0,0,0,3,0,3,1,2,3,9.29173877566308,8.80116840193669,0.394981347074152,30
"15462","SP","Natividade da Serra",6642,10848.03,35053,"Paraibuna/Paraitinga",3,"Sudeste",0,"353230",7,7,2,5,2,5,0,0,0,0,0,7,2,5,2,5,4,9.29173877566308,8.80116840193669,0.424298385689743,29
"15463","SP","Nazaré Paulista",18698,18651.19,35048,"Bragança Paulista",3,"Sudeste",0,"353240",2,37,5,32,12,25,0,0,0,0,0,37,5,32,12,25,10,9.83366523000689,9.83617184525126,0.300304018305695,29
"15464","SP","Nazaré Paulista",18698,18651.19,35048,"Bragança Paulista",3,"Sudeste",0,"353240",3,27,6,21,11,16,0,0,0,0,0,27,6,21,11,16,10,9.83366523000689,9.83617184525126,0.394995161692327,31
"15465","SP","Nazaré Paulista",18698,18651.19,35048,"Bragança Paulista",3,"Sudeste",0,"353240",4,22,1,21,8,14,0,0,0,0,0,22,1,21,8,14,14,9.83366523000689,9.83617184525126,0.449850014295858,30
"15466","SP","Nazaré Paulista",18698,18651.19,35048,"Bragança Paulista",3,"Sudeste",0,"353240",5,21,3,18,8,13,0,0,0,0,0,21,3,18,8,13,17,9.83366523000689,9.83617184525126,0.438947822212604,31
"15467","SP","Nazaré Paulista",18698,18651.19,35048,"Bragança Paulista",3,"Sudeste",0,"353240",6,15,0,15,4,11,0,0,0,0,0,15,0,15,4,11,14,9.83366523000689,9.83617184525126,0.407252256270397,30
"15468","SP","Nazaré Paulista",18698,18651.19,35048,"Bragança Paulista",3,"Sudeste",0,"353240",7,19,6,13,7,12,0,0,0,0,0,19,6,13,7,12,13,9.83366523000689,9.83617184525126,0.400283961181733,29
"15469","SP","Neves Paulista",8923,23770.6,35007,"Nhandeara",3,"Sudeste",1,"353250",2,11,1,10,4,7,0,0,0,0,0,11,1,10,4,7,15,10.0762048019372,9.09638749190015,0.287453164300932,29
"15470","SP","Neves Paulista",8923,23770.6,35007,"Nhandeara",3,"Sudeste",1,"353250",3,14,4,10,3,11,1,0,0,0,0,15,4,10,3,11,3,10.0762048019372,9.09638749190015,0.370696300862857,31
"15471","SP","Neves Paulista",8923,23770.6,35007,"Nhandeara",3,"Sudeste",1,"353250",4,3,0,3,0,3,0,0,0,0,0,3,0,3,0,3,7,10.0762048019372,9.09638749190015,0.389681548876353,30
"15472","SP","Neves Paulista",8923,23770.6,35007,"Nhandeara",3,"Sudeste",1,"353250",5,9,2,7,1,8,0,0,0,0,0,9,2,7,1,8,6,10.0762048019372,9.09638749190015,0.363425203056064,31
"15473","SP","Neves Paulista",8923,23770.6,35007,"Nhandeara",3,"Sudeste",1,"353250",6,7,2,5,3,4,0,0,0,0,0,7,2,5,3,4,7,10.0762048019372,9.09638749190015,0.350911512367646,30
"15474","SP","Neves Paulista",8923,23770.6,35007,"Nhandeara",3,"Sudeste",1,"353250",7,10,2,8,1,9,0,0,0,0,0,10,2,8,1,9,3,10.0762048019372,9.09638749190015,0.350414089479779,29
"15475","SP","Nhandeara",11527,28388.63,35007,"Nhandeara",3,"Sudeste",0,"353260",2,12,2,10,5,7,0,0,0,0,0,12,2,10,5,7,9,10.2537439918743,9.35244738860101,0.294158201031434,29
"15476","SP","Nhandeara",11527,28388.63,35007,"Nhandeara",3,"Sudeste",0,"353260",3,10,1,9,1,9,0,0,0,0,0,10,1,9,1,9,12,10.2537439918743,9.35244738860101,0.371122288594337,31
"15477","SP","Nhandeara",11527,28388.63,35007,"Nhandeara",3,"Sudeste",0,"353260",4,5,1,4,2,3,0,0,0,0,0,5,1,4,2,3,3,10.2537439918743,9.35244738860101,0.428843630486116,30
"15478","SP","Nhandeara",11527,28388.63,35007,"Nhandeara",3,"Sudeste",0,"353260",5,9,3,6,1,8,0,0,0,0,0,9,3,6,1,8,9,10.2537439918743,9.35244738860101,0.398809501182943,31
"15479","SP","Nhandeara",11527,28388.63,35007,"Nhandeara",3,"Sudeste",0,"353260",6,15,2,13,7,8,0,0,0,0,0,15,2,13,7,8,9,10.2537439918743,9.35244738860101,0.370230046390247,30
"15480","SP","Nhandeara",11527,28388.63,35007,"Nhandeara",3,"Sudeste",0,"353260",7,5,0,5,3,2,0,0,0,0,0,5,0,5,3,2,12,10.2537439918743,9.35244738860101,0.373291367453447,29
"15481","SP","Nipoã",5298,18328.81,35007,"Nhandeara",3,"Sudeste",0,"353270",2,6,2,4,5,1,0,0,0,0,0,6,2,4,5,1,3,9.81622941783159,8.57508466983201,0.312424122229702,29
"15482","SP","Nipoã",5298,18328.81,35007,"Nhandeara",3,"Sudeste",0,"353270",3,10,5,5,2,8,0,0,0,0,0,10,5,5,2,8,0,9.81622941783159,8.57508466983201,0.377940129323698,31
"15483","SP","Nipoã",5298,18328.81,35007,"Nhandeara",3,"Sudeste",0,"353270",4,8,3,5,3,5,0,0,0,0,0,8,3,5,3,5,0,9.81622941783159,8.57508466983201,0.408309578834346,30
"15484","SP","Nipoã",5298,18328.81,35007,"Nhandeara",3,"Sudeste",0,"353270",5,6,0,6,0,6,0,0,0,0,0,6,0,6,0,6,4,9.81622941783159,8.57508466983201,0.370312897589053,31
"15485","SP","Nipoã",5298,18328.81,35007,"Nhandeara",3,"Sudeste",0,"353270",6,3,1,2,2,1,0,0,0,0,0,3,1,2,2,1,4,9.81622941783159,8.57508466983201,0.383029727708615,30
"15486","SP","Nipoã",5298,18328.81,35007,"Nhandeara",3,"Sudeste",0,"353270",7,6,3,3,4,2,0,0,0,0,0,6,3,3,4,2,3,9.81622941783159,8.57508466983201,0.402019687786724,29
"15487","SP","Nova Aliança",7068,25206.05,35004,"São José do Rio Preto",3,"Sudeste",1,"353280",2,15,4,11,5,10,0,0,0,0,0,15,4,11,5,10,5,10.1348393240502,8.86333283343959,0.327485050852247,29
"15488","SP","Nova Aliança",7068,25206.05,35004,"São José do Rio Preto",3,"Sudeste",1,"353280",3,12,0,12,2,10,0,0,0,0,0,12,0,12,2,10,4,10.1348393240502,8.86333283343959,0.406438830136723,31
"15489","SP","Nova Aliança",7068,25206.05,35004,"São José do Rio Preto",3,"Sudeste",1,"353280",4,3,1,2,2,1,0,0,0,0,0,3,1,2,2,1,4,10.1348393240502,8.86333283343959,0.408542491125963,30
"15490","SP","Nova Aliança",7068,25206.05,35004,"São José do Rio Preto",3,"Sudeste",1,"353280",5,5,1,4,4,1,0,0,0,0,0,5,1,4,4,1,1,10.1348393240502,8.86333283343959,0.378745219371696,31
"15491","SP","Nova Aliança",7068,25206.05,35004,"São José do Rio Preto",3,"Sudeste",1,"353280",6,8,1,7,6,2,0,0,0,0,0,8,1,7,6,2,6,10.1348393240502,8.86333283343959,0.377920310574508,30
"15492","SP","Nova Aliança",7068,25206.05,35004,"São José do Rio Preto",3,"Sudeste",1,"353280",7,5,0,5,0,5,0,0,0,0,0,5,0,5,0,5,2,10.1348393240502,8.86333283343959,0.371934539070436,29
"15493","SP","Nova Campina",9860,11418.51,35041,"Itapeva",3,"Sudeste",0,"353282",2,17,7,10,9,8,0,0,0,0,0,17,7,10,9,8,2,9.34299100184304,9.19624144759668,0.340300762108148,29
"15494","SP","Nova Campina",9860,11418.51,35041,"Itapeva",3,"Sudeste",0,"353282",3,13,2,11,10,3,0,0,0,0,0,13,2,11,10,3,8,9.34299100184304,9.19624144759668,0.442360271049799,31
"15495","SP","Nova Campina",9860,11418.51,35041,"Itapeva",3,"Sudeste",0,"353282",4,7,1,6,4,3,0,0,0,0,0,7,1,6,4,3,3,9.34299100184304,9.19624144759668,0.49450746969874,30
"15496","SP","Nova Campina",9860,11418.51,35041,"Itapeva",3,"Sudeste",0,"353282",5,11,3,8,6,5,0,0,0,0,0,11,3,8,6,5,5,9.34299100184304,9.19624144759668,0.454715966307111,31
"15497","SP","Nova Campina",9860,11418.51,35041,"Itapeva",3,"Sudeste",0,"353282",6,12,2,10,4,8,0,0,0,0,0,12,2,10,4,8,2,9.34299100184304,9.19624144759668,0.435583930759135,30
"15498","SP","Nova Campina",9860,11418.51,35041,"Itapeva",3,"Sudeste",0,"353282",7,9,1,8,3,6,0,0,0,0,0,9,1,8,3,6,4,9.34299100184304,9.19624144759668,0.420411753110645,29
"15499","SP","Nova Europa",11355,25485.01,35024,"Araraquara",3,"Sudeste",0,"353290",2,9,1,8,2,7,0,0,0,0,0,9,1,8,2,7,2,10.1458457151617,9.33741345453966,0.301114254685701,29
"15500","SP","Nova Europa",11355,25485.01,35024,"Araraquara",3,"Sudeste",0,"353290",3,24,5,19,7,17,0,0,0,0,0,24,5,19,7,17,4,10.1458457151617,9.33741345453966,0.37144793013037,31
"15501","SP","Nova Europa",11355,25485.01,35024,"Araraquara",3,"Sudeste",0,"353290",4,11,3,8,2,9,0,0,0,0,0,11,3,8,2,9,5,10.1458457151617,9.33741345453966,0.406323303828068,30
"15502","SP","Nova Europa",11355,25485.01,35024,"Araraquara",3,"Sudeste",0,"353290",5,12,2,10,5,7,0,0,0,0,0,12,2,10,5,7,7,10.1458457151617,9.33741345453966,0.379660162741016,31
"15503","SP","Nova Europa",11355,25485.01,35024,"Araraquara",3,"Sudeste",0,"353290",6,14,2,12,6,8,0,0,0,0,0,14,2,12,6,8,5,10.1458457151617,9.33741345453966,0.324034416273286,30
"15504","SP","Nova Europa",11355,25485.01,35024,"Araraquara",3,"Sudeste",0,"353290",7,14,4,10,7,7,0,0,0,0,0,14,4,10,7,7,9,10.1458457151617,9.33741345453966,0.299304505160024,29
"15505","SP","Nova Granada",21689,20378.67,35004,"São José do Rio Preto",3,"Sudeste",1,"353300",2,38,6,32,15,23,0,0,0,0,0,38,6,32,15,23,9,9.9222440445883,9.98456049856261,0.302517463793518,29
"15506","SP","Nova Granada",21689,20378.67,35004,"São José do Rio Preto",3,"Sudeste",1,"353300",3,32,7,25,11,21,1,0,0,0,0,33,7,25,11,21,21,9.9222440445883,9.98456049856261,0.369336430518279,31
"15507","SP","Nova Granada",21689,20378.67,35004,"São José do Rio Preto",3,"Sudeste",1,"353300",4,29,8,21,10,19,0,0,0,0,0,29,8,21,10,19,11,9.9222440445883,9.98456049856261,0.384701553548817,30
"15508","SP","Nova Granada",21689,20378.67,35004,"São José do Rio Preto",3,"Sudeste",1,"353300",5,15,3,12,2,13,0,0,0,0,0,15,3,12,2,13,16,9.9222440445883,9.98456049856261,0.379406809446845,31
"15509","SP","Nova Granada",21689,20378.67,35004,"São José do Rio Preto",3,"Sudeste",1,"353300",6,22,2,20,10,12,0,0,0,0,0,22,2,20,10,12,17,9.9222440445883,9.98456049856261,0.352792278746458,30
"15510","SP","Nova Granada",21689,20378.67,35004,"São José do Rio Preto",3,"Sudeste",1,"353300",7,20,3,17,6,14,0,0,0,0,0,20,3,17,6,14,14,9.9222440445883,9.98456049856261,0.350441810990347,29
"15511","SP","Nova Independência",4053,36380.1,35016,"Andradina",3,"Sudeste",0,"353320",2,7,0,7,5,2,0,0,0,0,0,7,0,7,5,2,3,10.5017772008314,8.30721262662831,0.275557357315077,29
"15512","SP","Nova Independência",4053,36380.1,35016,"Andradina",3,"Sudeste",0,"353320",3,9,2,7,5,4,0,0,0,0,0,9,2,7,5,4,1,10.5017772008314,8.30721262662831,0.380222219081354,31
"15513","SP","Nova Independência",4053,36380.1,35016,"Andradina",3,"Sudeste",0,"353320",4,5,1,4,1,4,0,0,0,0,0,5,1,4,1,4,0,10.5017772008314,8.30721262662831,0.429507107603184,30
"15514","SP","Nova Independência",4053,36380.1,35016,"Andradina",3,"Sudeste",0,"353320",5,9,0,9,2,7,0,0,0,0,0,9,0,9,2,7,2,10.5017772008314,8.30721262662831,0.433069701185939,31
"15515","SP","Nova Independência",4053,36380.1,35016,"Andradina",3,"Sudeste",0,"353320",6,2,0,2,1,1,0,0,0,0,0,2,0,2,1,1,1,10.5017772008314,8.30721262662831,0.385095358993387,30
"15516","SP","Nova Independência",4053,36380.1,35016,"Andradina",3,"Sudeste",0,"353320",7,7,1,6,2,5,0,0,0,0,0,7,1,6,2,5,1,10.5017772008314,8.30721262662831,0.374069232248612,29
"15517","SP","Novais",5945,10196.95,35005,"Catanduva",3,"Sudeste",1,"353325",2,10,2,8,4,6,0,0,0,0,0,10,2,8,4,6,3,9.22984393494924,8.69030580912488,0.340968513958259,29
"15518","SP","Novais",5945,10196.95,35005,"Catanduva",3,"Sudeste",1,"353325",3,8,3,5,5,3,0,0,0,0,0,8,3,5,5,3,2,9.22984393494924,8.69030580912488,0.413845667687417,31
"15519","SP","Novais",5945,10196.95,35005,"Catanduva",3,"Sudeste",1,"353325",4,6,0,6,2,4,0,0,0,0,0,6,0,6,2,4,2,9.22984393494924,8.69030580912488,0.418599672668243,30
"15520","SP","Novais",5945,10196.95,35005,"Catanduva",3,"Sudeste",1,"353325",5,4,0,4,3,1,0,0,0,0,0,4,0,4,3,1,0,9.22984393494924,8.69030580912488,0.38124714730873,31
"15521","SP","Novais",5945,10196.95,35005,"Catanduva",3,"Sudeste",1,"353325",6,9,0,9,3,6,0,0,0,0,0,9,0,9,3,6,3,9.22984393494924,8.69030580912488,0.348478275893199,30
"15522","SP","Novais",5945,10196.95,35005,"Catanduva",3,"Sudeste",1,"353325",7,5,2,3,2,3,0,0,0,0,0,5,2,3,2,3,4,9.22984393494924,8.69030580912488,0.374780094033802,29
"15523","SP","Nova Odessa",60956,59633.81,35032,"Campinas",3,"Sudeste",1,"353340",2,83,4,79,25,58,1,0,0,0,0,84,4,79,25,58,29,10.9959779740891,11.0179075714098,0.291393340490738,29
"15524","SP","Nova Odessa",60956,59633.81,35032,"Campinas",3,"Sudeste",1,"353340",3,89,13,76,34,55,0,0,0,0,0,89,13,76,34,55,34,10.9959779740891,11.0179075714098,0.390269146777711,31
"15525","SP","Nova Odessa",60956,59633.81,35032,"Campinas",3,"Sudeste",1,"353340",4,57,8,49,11,46,0,0,0,0,0,57,8,49,11,46,29,10.9959779740891,11.0179075714098,0.446729252399585,30
"15526","SP","Nova Odessa",60956,59633.81,35032,"Campinas",3,"Sudeste",1,"353340",5,55,1,54,9,46,0,0,0,0,0,55,1,54,9,46,40,10.9959779740891,11.0179075714098,0.400952383265842,31
"15527","SP","Nova Odessa",60956,59633.81,35032,"Campinas",3,"Sudeste",1,"353340",6,60,5,55,18,42,1,0,0,0,0,61,5,55,18,42,32,10.9959779740891,11.0179075714098,0.368525308071183,30
"15528","SP","Nova Odessa",60956,59633.81,35032,"Campinas",3,"Sudeste",1,"353340",7,73,8,65,16,57,0,0,0,0,0,73,8,65,16,57,56,10.9959779740891,11.0179075714098,0.371795939632593,29
"15529","SP","Novo Horizonte",41414,26915.6,35008,"Novo Horizonte",3,"Sudeste",1,"353350",2,66,12,54,27,39,1,0,0,0,0,67,12,54,27,39,26,10.2004613231486,10.6313742669,0.293425287308778,29
"15530","SP","Novo Horizonte",41414,26915.6,35008,"Novo Horizonte",3,"Sudeste",1,"353350",3,66,22,44,22,44,0,0,0,0,0,66,22,44,22,44,34,10.2004613231486,10.6313742669,0.358143120884908,31
"15531","SP","Novo Horizonte",41414,26915.6,35008,"Novo Horizonte",3,"Sudeste",1,"353350",4,48,5,43,17,31,0,0,0,0,0,48,5,43,17,31,33,10.2004613231486,10.6313742669,0.393331466429244,30
"15532","SP","Novo Horizonte",41414,26915.6,35008,"Novo Horizonte",3,"Sudeste",1,"353350",5,34,9,25,13,21,0,0,0,0,0,34,9,25,13,21,27,10.2004613231486,10.6313742669,0.383713609684202,31
"15533","SP","Novo Horizonte",41414,26915.6,35008,"Novo Horizonte",3,"Sudeste",1,"353350",6,36,4,32,10,26,0,0,0,0,0,36,4,32,10,26,29,10.2004613231486,10.6313742669,0.354188739657257,30
"15534","SP","Novo Horizonte",41414,26915.6,35008,"Novo Horizonte",3,"Sudeste",1,"353350",7,31,6,25,9,22,0,0,0,0,0,31,6,25,9,22,21,10.2004613231486,10.6313742669,0.354680906597907,29
"15535","SP","Nuporanga",7478,70520.18,35010,"São Joaquim da Barra",3,"Sudeste",0,"353360",2,8,1,7,4,4,0,0,0,0,0,8,1,7,4,4,4,11.1636541889759,8.91972065553706,0.301958880624504,29
"15536","SP","Nuporanga",7478,70520.18,35010,"São Joaquim da Barra",3,"Sudeste",0,"353360",3,20,5,15,4,16,0,0,0,0,0,20,5,15,4,16,3,11.1636541889759,8.91972065553706,0.365015108743451,31
"15537","SP","Nuporanga",7478,70520.18,35010,"São Joaquim da Barra",3,"Sudeste",0,"353360",4,13,1,12,2,11,0,0,0,0,0,13,1,12,2,11,6,11.1636541889759,8.91972065553706,0.384952372095448,30
"15538","SP","Nuporanga",7478,70520.18,35010,"São Joaquim da Barra",3,"Sudeste",0,"353360",5,13,4,9,5,8,0,0,0,0,0,13,4,9,5,8,11,11.1636541889759,8.91972065553706,0.37278767750948,31
"15539","SP","Nuporanga",7478,70520.18,35010,"São Joaquim da Barra",3,"Sudeste",0,"353360",6,4,1,3,1,3,0,0,0,0,0,4,1,3,1,3,1,11.1636541889759,8.91972065553706,0.347384932606836,30
"15540","SP","Nuporanga",7478,70520.18,35010,"São Joaquim da Barra",3,"Sudeste",0,"353360",7,4,2,2,2,2,0,0,0,0,0,4,2,2,2,2,7,11.1636541889759,8.91972065553706,0.361077368351856,29
"15541","SP","Ocauçu",4291,27040.7,35038,"Marília",3,"Sudeste",0,"353370",2,5,1,4,3,2,0,0,0,0,0,5,1,4,3,2,3,10.2050984173958,8.36427508499152,0.333230290712747,29
"15542","SP","Ocauçu",4291,27040.7,35038,"Marília",3,"Sudeste",0,"353370",3,11,2,9,7,4,0,0,0,0,0,11,2,9,7,4,2,10.2050984173958,8.36427508499152,0.382264771799421,31
"15543","SP","Ocauçu",4291,27040.7,35038,"Marília",3,"Sudeste",0,"353370",4,7,0,7,3,4,0,0,0,0,0,7,0,7,3,4,1,10.2050984173958,8.36427508499152,0.434118824357546,30
"15544","SP","Ocauçu",4291,27040.7,35038,"Marília",3,"Sudeste",0,"353370",5,5,0,5,3,2,0,0,0,0,0,5,0,5,3,2,1,10.2050984173958,8.36427508499152,0.415932368135348,31
"15545","SP","Ocauçu",4291,27040.7,35038,"Marília",3,"Sudeste",0,"353370",6,6,2,4,3,3,0,0,0,0,0,6,2,4,3,3,3,10.2050984173958,8.36427508499152,0.383639731726671,30
"15546","SP","Ocauçu",4291,27040.7,35038,"Marília",3,"Sudeste",0,"353370",7,2,0,2,0,2,0,0,0,0,0,2,0,2,0,2,1,10.2050984173958,8.36427508499152,0.385910361510749,29
"15547","SP","Olímpia",55130,37387.02,35004,"São José do Rio Preto",3,"Sudeste",1,"353390",2,80,5,75,23,57,1,0,0,0,0,81,5,75,23,57,30,10.5290788643402,10.9174493115837,0.289082887495404,29
"15548","SP","Olímpia",55130,37387.02,35004,"São José do Rio Preto",3,"Sudeste",1,"353390",3,94,11,83,30,64,0,0,0,0,0,94,11,83,30,64,40,10.5290788643402,10.9174493115837,0.371293732182384,31
"15549","SP","Olímpia",55130,37387.02,35004,"São José do Rio Preto",3,"Sudeste",1,"353390",4,56,5,51,20,36,0,0,0,0,0,56,5,51,20,36,40,10.5290788643402,10.9174493115837,0.415982169702093,30
"15550","SP","Olímpia",55130,37387.02,35004,"São José do Rio Preto",3,"Sudeste",1,"353390",5,72,11,61,34,38,0,0,0,0,0,72,11,61,34,38,34,10.5290788643402,10.9174493115837,0.383855660312724,31
"15551","SP","Olímpia",55130,37387.02,35004,"São José do Rio Preto",3,"Sudeste",1,"353390",6,75,13,62,30,45,0,0,0,0,0,75,13,62,30,45,34,10.5290788643402,10.9174493115837,0.35688729440921,30
"15552","SP","Olímpia",55130,37387.02,35004,"São José do Rio Preto",3,"Sudeste",1,"353390",7,56,7,49,18,38,2,0,0,0,0,58,7,49,18,38,45,10.5290788643402,10.9174493115837,0.358659407073724,29
"15553","SP","Onda Verde",4422,38174.26,35004,"São José do Rio Preto",3,"Sudeste",0,"353400",2,6,2,4,3,3,0,0,0,0,0,6,2,4,3,3,1,10.5499167454851,8.39434736141739,0.295704396419371,29
"15554","SP","Onda Verde",4422,38174.26,35004,"São José do Rio Preto",3,"Sudeste",0,"353400",3,8,2,6,5,3,0,0,0,0,0,8,2,6,5,3,0,10.5499167454851,8.39434736141739,0.357204948074417,31
"15555","SP","Onda Verde",4422,38174.26,35004,"São José do Rio Preto",3,"Sudeste",0,"353400",4,9,1,8,3,6,0,0,0,0,0,9,1,8,3,6,4,10.5499167454851,8.39434736141739,0.418679965315315,30
"15556","SP","Onda Verde",4422,38174.26,35004,"São José do Rio Preto",3,"Sudeste",0,"353400",5,4,0,4,1,3,0,0,0,0,0,4,0,4,1,3,2,10.5499167454851,8.39434736141739,0.382136045765535,31
"15557","SP","Onda Verde",4422,38174.26,35004,"São José do Rio Preto",3,"Sudeste",0,"353400",6,7,1,6,4,3,0,0,0,0,0,7,1,6,4,3,5,10.5499167454851,8.39434736141739,0.361274282008001,30
"15558","SP","Onda Verde",4422,38174.26,35004,"São José do Rio Preto",3,"Sudeste",0,"353400",7,7,1,6,0,7,0,0,0,0,0,7,1,6,0,7,0,10.5499167454851,8.39434736141739,0.37429711074653,29
"15559","SP","Oriente",6542,15344.27,35038,"Marília",3,"Sudeste",1,"353410",2,7,1,6,1,6,0,0,0,0,0,7,1,6,1,6,5,9.63849739342304,8.78599820809833,0.32248439367778,29
"15560","SP","Oriente",6542,15344.27,35038,"Marília",3,"Sudeste",1,"353410",3,15,1,14,4,11,0,0,0,0,0,15,1,14,4,11,6,9.63849739342304,8.78599820809833,0.403919772671481,31
"15561","SP","Oriente",6542,15344.27,35038,"Marília",3,"Sudeste",1,"353410",4,11,0,11,5,6,0,0,0,0,0,11,0,11,5,6,1,9.63849739342304,8.78599820809833,0.454948591557152,30
"15562","SP","Oriente",6542,15344.27,35038,"Marília",3,"Sudeste",1,"353410",5,6,0,6,3,3,0,0,0,0,0,6,0,6,3,3,2,9.63849739342304,8.78599820809833,0.425341195404365,31
"15563","SP","Oriente",6542,15344.27,35038,"Marília",3,"Sudeste",1,"353410",6,9,1,8,1,8,0,0,0,0,0,9,1,8,1,8,4,9.63849739342304,8.78599820809833,0.363802588696015,30
"15564","SP","Oriente",6542,15344.27,35038,"Marília",3,"Sudeste",1,"353410",7,9,1,8,3,6,0,0,0,0,0,9,1,8,3,6,9,9.63849739342304,8.78599820809833,0.40873720045698,29
"15565","SP","Orindiúva",7194,58280.24,35004,"São José do Rio Preto",3,"Sudeste",0,"353420",2,13,2,11,3,10,0,0,0,0,0,13,2,11,3,10,3,10.9730183783515,8.88100262425557,0.292567898316678,29
"15566","SP","Orindiúva",7194,58280.24,35004,"São José do Rio Preto",3,"Sudeste",0,"353420",3,12,3,9,5,7,0,0,0,0,0,12,3,9,5,7,6,10.9730183783515,8.88100262425557,0.361070116662632,31
"15567","SP","Orindiúva",7194,58280.24,35004,"São José do Rio Preto",3,"Sudeste",0,"353420",4,9,0,9,1,8,0,0,0,0,0,9,0,9,1,8,4,10.9730183783515,8.88100262425557,0.372107804933357,30
"15568","SP","Orindiúva",7194,58280.24,35004,"São José do Rio Preto",3,"Sudeste",0,"353420",5,9,0,9,6,3,0,0,0,0,0,9,0,9,6,3,6,10.9730183783515,8.88100262425557,0.369948087207481,31
"15569","SP","Orindiúva",7194,58280.24,35004,"São José do Rio Preto",3,"Sudeste",0,"353420",6,7,5,2,0,7,1,0,0,0,0,8,5,2,0,7,2,10.9730183783515,8.88100262425557,0.343679700328395,30
"15570","SP","Orindiúva",7194,58280.24,35004,"São José do Rio Preto",3,"Sudeste",0,"353420",7,5,0,5,1,4,0,0,0,0,0,5,0,5,1,4,5,10.9730183783515,8.88100262425557,0.387372714605857,29
"15571","SP","Orlândia",44360,42003.28,35010,"São Joaquim da Barra",3,"Sudeste",1,"353430",2,64,8,56,8,56,0,0,0,0,0,64,8,56,8,56,22,10.6455029894543,10.7000934414643,0.297925019855009,29
"15572","SP","Orlândia",44360,42003.28,35010,"São Joaquim da Barra",3,"Sudeste",1,"353430",3,56,5,51,10,46,0,0,0,0,0,56,5,51,10,46,26,10.6455029894543,10.7000934414643,0.375347072504473,31
"15573","SP","Orlândia",44360,42003.28,35010,"São Joaquim da Barra",3,"Sudeste",1,"353430",4,43,7,36,12,31,1,0,0,0,0,44,7,36,12,31,19,10.6455029894543,10.7000934414643,0.43718905084541,30
"15574","SP","Orlândia",44360,42003.28,35010,"São Joaquim da Barra",3,"Sudeste",1,"353430",5,47,7,40,13,34,0,0,0,0,0,47,7,40,13,34,21,10.6455029894543,10.7000934414643,0.40751031705328,31
"15575","SP","Orlândia",44360,42003.28,35010,"São Joaquim da Barra",3,"Sudeste",1,"353430",6,55,7,48,13,42,0,0,0,0,0,55,7,48,13,42,41,10.6455029894543,10.7000934414643,0.383128762973114,30
"15576","SP","Orlândia",44360,42003.28,35010,"São Joaquim da Barra",3,"Sudeste",1,"353430",7,34,4,30,9,25,0,0,0,0,0,34,4,30,9,25,33,10.6455029894543,10.7000934414643,0.393490983456821,29
"15577","SP","Osasco",699944,109936.21,35057,"Osasco",3,"Sudeste",1,"353440",2,1310,133,1177,364,946,10,0,0,0,0,1320,133,1177,364,946,340,11.6076555674713,13.4587556108254,0.277050848981614,29
"15578","SP","Osasco",699944,109936.21,35057,"Osasco",3,"Sudeste",1,"353440",3,1282,160,1122,376,906,7,0,0,0,0,1289,160,1122,376,906,397,11.6076555674713,13.4587556108254,0.393772974747105,31
"15579","SP","Osasco",699944,109936.21,35057,"Osasco",3,"Sudeste",1,"353440",4,722,91,631,221,501,9,0,0,0,0,731,91,631,221,501,500,11.6076555674713,13.4587556108254,0.496572994773649,30
"15580","SP","Osasco",699944,109936.21,35057,"Osasco",3,"Sudeste",1,"353440",5,748,104,644,262,486,12,0,0,0,0,760,104,644,262,486,672,11.6076555674713,13.4587556108254,0.46675966528498,31
"15581","SP","Osasco",699944,109936.21,35057,"Osasco",3,"Sudeste",1,"353440",6,726,80,646,229,497,5,0,0,0,0,731,80,646,229,497,540,11.6076555674713,13.4587556108254,0.418463916839615,30
"15582","SP","Osasco",699944,109936.21,35057,"Osasco",3,"Sudeste",1,"353440",7,802,90,712,248,554,7,0,0,0,0,809,90,712,248,554,520,11.6076555674713,13.4587556108254,0.399468208712641,29
"15583","SP","Osvaldo Cruz",33000,25930.54,35035,"Adamantina",3,"Sudeste",1,"353460",2,43,3,40,11,32,1,0,0,0,0,44,3,40,11,32,20,10.1631767036147,10.4042628404486,0.301767286077802,29
"15584","SP","Osvaldo Cruz",33000,25930.54,35035,"Adamantina",3,"Sudeste",1,"353460",3,50,4,46,7,43,0,0,0,0,0,50,4,46,7,43,20,10.1631767036147,10.4042628404486,0.375162127905013,31
"15585","SP","Osvaldo Cruz",33000,25930.54,35035,"Adamantina",3,"Sudeste",1,"353460",4,29,6,23,10,19,0,0,0,0,0,29,6,23,10,19,23,10.1631767036147,10.4042628404486,0.406059200962958,30
"15586","SP","Osvaldo Cruz",33000,25930.54,35035,"Adamantina",3,"Sudeste",1,"353460",5,32,7,25,13,19,0,0,0,0,0,32,7,25,13,19,23,10.1631767036147,10.4042628404486,0.386013732715988,31
"15587","SP","Osvaldo Cruz",33000,25930.54,35035,"Adamantina",3,"Sudeste",1,"353460",6,30,2,28,8,22,0,0,0,0,0,30,2,28,8,22,22,10.1631767036147,10.4042628404486,0.360228779952642,30
"15588","SP","Osvaldo Cruz",33000,25930.54,35035,"Adamantina",3,"Sudeste",1,"353460",7,34,2,32,7,27,0,0,0,0,0,34,2,32,7,27,29,10.1631767036147,10.4042628404486,0.358803508865164,29
"15589","SP","Ourinhos",114352,27232.54,35040,"Ourinhos",3,"Sudeste",1,"353470",2,186,16,170,59,127,1,0,0,0,0,187,16,170,59,127,66,10.2121678607887,11.6470366894598,0.306275556696591,29
"15590","SP","Ourinhos",114352,27232.54,35040,"Ourinhos",3,"Sudeste",1,"353470",3,189,26,163,52,137,1,0,0,0,0,190,26,163,52,137,79,10.2121678607887,11.6470366894598,0.387941717436555,31
"15591","SP","Ourinhos",114352,27232.54,35040,"Ourinhos",3,"Sudeste",1,"353470",4,113,16,97,45,68,2,0,0,0,0,115,16,97,45,68,80,10.2121678607887,11.6470366894598,0.458186936210461,30
"15592","SP","Ourinhos",114352,27232.54,35040,"Ourinhos",3,"Sudeste",1,"353470",5,103,13,90,39,64,2,0,0,0,0,105,13,90,39,64,61,10.2121678607887,11.6470366894598,0.417216785627162,31
"15593","SP","Ourinhos",114352,27232.54,35040,"Ourinhos",3,"Sudeste",1,"353470",6,112,14,98,27,85,1,0,0,0,0,113,14,98,27,85,56,10.2121678607887,11.6470366894598,0.397134691614431,30
"15594","SP","Ourinhos",114352,27232.54,35040,"Ourinhos",3,"Sudeste",1,"353470",7,106,14,92,33,73,1,0,0,0,0,107,14,92,33,73,93,10.2121678607887,11.6470366894598,0.377006338857312,29
"15595","SP","Ouroeste",10539,41425.64,35002,"Fernandópolis",3,"Sudeste",0,"353475",2,15,1,14,8,7,0,0,0,0,0,15,1,14,8,7,4,10.6316552917831,9.26283794093394,0.292988208143202,29
"15596","SP","Ouroeste",10539,41425.64,35002,"Fernandópolis",3,"Sudeste",0,"353475",3,14,1,13,2,12,0,0,0,0,0,14,1,13,2,12,5,10.6316552917831,9.26283794093394,0.365649133125097,31
"15597","SP","Ouroeste",10539,41425.64,35002,"Fernandópolis",3,"Sudeste",0,"353475",4,5,2,3,4,1,1,0,0,0,0,6,2,3,4,1,1,10.6316552917831,9.26283794093394,0.422434247611742,30
"15598","SP","Ouroeste",10539,41425.64,35002,"Fernandópolis",3,"Sudeste",0,"353475",5,9,0,9,2,7,0,0,0,0,0,9,0,9,2,7,8,10.6316552917831,9.26283794093394,0.386344043977708,31
"15599","SP","Ouroeste",10539,41425.64,35002,"Fernandópolis",3,"Sudeste",0,"353475",6,7,0,7,3,4,0,0,0,0,0,7,0,7,3,4,8,10.6316552917831,9.26283794093394,0.368587423645477,30
"15600","SP","Ouroeste",10539,41425.64,35002,"Fernandópolis",3,"Sudeste",0,"353475",7,4,1,3,3,1,1,0,0,0,0,5,1,3,3,1,7,10.6316552917831,9.26283794093394,0.382101204541,29
"15601","SP","Ouro Verde",8620,13210.54,35034,"Dracena",3,"Sudeste",0,"353480",2,13,3,10,3,10,0,0,0,0,0,13,3,10,3,10,5,9.48877027480352,9.06184036365774,0.313934878684283,29
"15602","SP","Ouro Verde",8620,13210.54,35034,"Dracena",3,"Sudeste",0,"353480",3,10,1,9,6,4,0,0,0,0,0,10,1,9,6,4,13,9.48877027480352,9.06184036365774,0.358252020986284,31
"15603","SP","Ouro Verde",8620,13210.54,35034,"Dracena",3,"Sudeste",0,"353480",4,10,3,7,2,8,0,0,0,0,0,10,3,7,2,8,5,9.48877027480352,9.06184036365774,0.383376929720744,30
"15604","SP","Ouro Verde",8620,13210.54,35034,"Dracena",3,"Sudeste",0,"353480",5,7,2,5,5,2,0,0,0,0,0,7,2,5,5,2,7,9.48877027480352,9.06184036365774,0.362300392900406,31
"15605","SP","Ouro Verde",8620,13210.54,35034,"Dracena",3,"Sudeste",0,"353480",6,6,2,4,3,3,0,0,0,0,0,6,2,4,3,3,3,9.48877027480352,9.06184036365774,0.364378550157256,30
"15606","SP","Ouro Verde",8620,13210.54,35034,"Dracena",3,"Sudeste",0,"353480",7,12,0,12,7,5,0,0,0,0,0,12,0,12,7,5,2,9.48877027480352,9.06184036365774,0.347185552684496,29
"15607","SP","Pacaembu",14263,21542.47,35035,"Adamantina",3,"Sudeste",1,"353490",2,18,4,14,8,10,0,0,0,0,0,18,4,14,8,10,7,9.97778161451692,9.56542405052342,0.274734279024527,29
"15608","SP","Pacaembu",14263,21542.47,35035,"Adamantina",3,"Sudeste",1,"353490",3,15,5,10,8,7,0,0,0,0,0,15,5,10,8,7,14,9.97778161451692,9.56542405052342,0.343652797044331,31
"15609","SP","Pacaembu",14263,21542.47,35035,"Adamantina",3,"Sudeste",1,"353490",4,8,0,8,2,6,0,0,0,0,0,8,0,8,2,6,9,9.97778161451692,9.56542405052342,0.385496663600102,30
"15610","SP","Pacaembu",14263,21542.47,35035,"Adamantina",3,"Sudeste",1,"353490",5,12,3,9,3,9,0,0,0,0,0,12,3,9,3,9,8,9.97778161451692,9.56542405052342,0.379818034082732,31
"15611","SP","Pacaembu",14263,21542.47,35035,"Adamantina",3,"Sudeste",1,"353490",6,11,3,8,5,6,2,0,0,0,0,13,3,8,5,6,10,9.97778161451692,9.56542405052342,0.374298345760896,30
"15612","SP","Pacaembu",14263,21542.47,35035,"Adamantina",3,"Sudeste",1,"353490",7,11,4,7,4,7,0,0,0,0,0,11,4,7,4,7,10,9.97778161451692,9.56542405052342,0.36230032248847,29
"15613","SP","Palestina",13123,23871.29,35004,"São José do Rio Preto",3,"Sudeste",0,"353500",2,20,2,18,7,13,0,0,0,0,0,20,2,18,7,13,3,10.0804317606041,9.48212169489629,0.283370728075189,29
"15614","SP","Palestina",13123,23871.29,35004,"São José do Rio Preto",3,"Sudeste",0,"353500",3,17,3,14,8,9,0,0,0,0,0,17,3,14,8,9,6,10.0804317606041,9.48212169489629,0.333387883666507,31
"15615","SP","Palestina",13123,23871.29,35004,"São José do Rio Preto",3,"Sudeste",0,"353500",4,11,0,11,5,6,1,0,0,0,0,12,0,11,5,6,5,10.0804317606041,9.48212169489629,0.367606475798554,30
"15616","SP","Palestina",13123,23871.29,35004,"São José do Rio Preto",3,"Sudeste",0,"353500",5,7,1,6,4,3,0,0,0,0,0,7,1,6,4,3,3,10.0804317606041,9.48212169489629,0.33765521178367,31
"15617","SP","Palestina",13123,23871.29,35004,"São José do Rio Preto",3,"Sudeste",0,"353500",6,13,3,10,5,8,0,0,0,0,0,13,3,10,5,8,6,10.0804317606041,9.48212169489629,0.330603773359646,30
"15618","SP","Palestina",13123,23871.29,35004,"São José do Rio Preto",3,"Sudeste",0,"353500",7,16,4,12,8,8,0,0,0,0,0,16,4,12,8,8,11,10.0804317606041,9.48212169489629,0.335669729225853,29
"15619","SP","Palmares Paulista",13486,9376.19,35005,"Catanduva",3,"Sudeste",1,"353510",2,21,2,19,11,10,0,0,0,0,0,21,2,19,11,10,4,9.14592877611659,9.50940738929453,0.299594233821302,29
"15620","SP","Palmares Paulista",13486,9376.19,35005,"Catanduva",3,"Sudeste",1,"353510",3,16,4,12,7,9,0,0,0,0,0,16,4,12,7,9,5,9.14592877611659,9.50940738929453,0.353270940203261,31
"15621","SP","Palmares Paulista",13486,9376.19,35005,"Catanduva",3,"Sudeste",1,"353510",4,13,3,10,4,9,0,0,0,0,0,13,3,10,4,9,1,9.14592877611659,9.50940738929453,0.361286318621584,30
"15622","SP","Palmares Paulista",13486,9376.19,35005,"Catanduva",3,"Sudeste",1,"353510",5,9,2,7,4,5,0,0,0,0,0,9,2,7,4,5,7,9.14592877611659,9.50940738929453,0.368519221406241,31
"15623","SP","Palmares Paulista",13486,9376.19,35005,"Catanduva",3,"Sudeste",1,"353510",6,7,0,7,3,4,0,0,0,0,0,7,0,7,3,4,7,9.14592877611659,9.50940738929453,0.340197344240604,30
"15624","SP","Palmares Paulista",13486,9376.19,35005,"Catanduva",3,"Sudeste",1,"353510",7,16,3,13,7,9,0,0,0,0,0,16,3,13,7,9,12,9.14592877611659,9.50940738929453,0.371298503132243,29
"15625","SP","Palmeira d'Oeste",9227,20086.66,35001,"Jales",3,"Sudeste",0,"353520",2,15,1,14,5,10,0,0,0,0,0,15,1,14,5,10,12,9.90781119212101,9.12988924757856,0.261526677512612,29
"15626","SP","Palmeira d'Oeste",9227,20086.66,35001,"Jales",3,"Sudeste",0,"353520",3,11,2,9,6,5,0,0,0,0,0,11,2,9,6,5,10,9.90781119212101,9.12988924757856,0.373250444108933,31
"15627","SP","Palmeira d'Oeste",9227,20086.66,35001,"Jales",3,"Sudeste",0,"353520",4,13,1,12,3,10,0,0,0,0,0,13,1,12,3,10,2,9.90781119212101,9.12988924757856,0.415352717892389,30
"15628","SP","Palmeira d'Oeste",9227,20086.66,35001,"Jales",3,"Sudeste",0,"353520",5,2,0,2,0,2,0,0,0,0,0,2,0,2,0,2,7,9.90781119212101,9.12988924757856,0.4126969572668,31
"15629","SP","Palmeira d'Oeste",9227,20086.66,35001,"Jales",3,"Sudeste",0,"353520",6,4,1,3,1,3,0,0,0,0,0,4,1,3,1,3,10,9.90781119212101,9.12988924757856,0.355514536114469,30
"15630","SP","Palmeira d'Oeste",9227,20086.66,35001,"Jales",3,"Sudeste",0,"353520",7,16,1,15,7,9,0,0,0,0,0,16,1,15,7,9,6,9.90781119212101,9.12988924757856,0.351103516454924,29
"15631","SP","Palmital",22272,30936.78,35039,"Assis",3,"Sudeste",1,"353530",2,31,10,21,12,19,0,0,0,0,0,31,10,21,12,19,18,10.339701046313,10.0110855631341,0.289628384603641,29
"15632","SP","Palmital",22272,30936.78,35039,"Assis",3,"Sudeste",1,"353530",3,30,8,22,8,22,0,0,0,0,0,30,8,22,8,22,16,10.339701046313,10.0110855631341,0.37099694067077,31
"15633","SP","Palmital",22272,30936.78,35039,"Assis",3,"Sudeste",1,"353530",4,23,7,16,10,13,0,0,0,0,0,23,7,16,10,13,20,10.339701046313,10.0110855631341,0.446142672499332,30
"15634","SP","Palmital",22272,30936.78,35039,"Assis",3,"Sudeste",1,"353530",5,26,1,25,9,17,0,0,0,0,0,26,1,25,9,17,11,10.339701046313,10.0110855631341,0.412354282026136,31
"15635","SP","Palmital",22272,30936.78,35039,"Assis",3,"Sudeste",1,"353530",6,20,2,18,7,13,0,0,0,0,0,20,2,18,7,13,16,10.339701046313,10.0110855631341,0.373741632245854,30
"15636","SP","Palmital",22272,30936.78,35039,"Assis",3,"Sudeste",1,"353530",7,24,1,23,10,14,0,0,0,0,0,24,1,23,10,14,22,10.339701046313,10.0110855631341,0.367742899094495,29
"15637","SP","Panorama",15862,16827.13,35034,"Dracena",3,"Sudeste",1,"353540",2,26,5,21,13,13,0,0,0,0,0,26,5,21,13,13,4,9.73074774382557,9.67168159064327,0.32137976221535,29
"15638","SP","Panorama",15862,16827.13,35034,"Dracena",3,"Sudeste",1,"353540",3,16,1,15,4,12,0,0,0,0,0,16,1,15,4,12,16,9.73074774382557,9.67168159064327,0.390686570944515,31
"15639","SP","Panorama",15862,16827.13,35034,"Dracena",3,"Sudeste",1,"353540",4,14,1,13,9,5,0,0,0,0,0,14,1,13,9,5,9,9.73074774382557,9.67168159064327,0.40974499057558,30
"15640","SP","Panorama",15862,16827.13,35034,"Dracena",3,"Sudeste",1,"353540",5,18,7,11,7,11,1,0,0,0,0,19,7,11,7,11,9,9.73074774382557,9.67168159064327,0.39707351199978,31
"15641","SP","Panorama",15862,16827.13,35034,"Dracena",3,"Sudeste",1,"353540",6,16,1,15,7,9,0,0,0,0,0,16,1,15,7,9,10,9.73074774382557,9.67168159064327,0.371567653535348,30
"15642","SP","Panorama",15862,16827.13,35034,"Dracena",3,"Sudeste",1,"353540",7,18,4,14,9,9,0,0,0,0,0,18,4,14,9,9,10,9.73074774382557,9.67168159064327,0.385058647421812,29
"15643","SP","Paraguaçu Paulista",45945,33792.38,35039,"Assis",3,"Sudeste",1,"353550",2,74,10,64,28,46,0,0,0,0,0,74,10,64,28,46,22,10.4279906122679,10.735200307935,0.290843111096675,29
"15644","SP","Paraguaçu Paulista",45945,33792.38,35039,"Assis",3,"Sudeste",1,"353550",3,92,14,78,28,64,1,0,0,0,0,93,14,78,28,64,26,10.4279906122679,10.735200307935,0.389905075900749,31
"15645","SP","Paraguaçu Paulista",45945,33792.38,35039,"Assis",3,"Sudeste",1,"353550",4,39,4,35,18,21,0,0,0,0,0,39,4,35,18,21,19,10.4279906122679,10.735200307935,0.415736560937149,30
"15646","SP","Paraguaçu Paulista",45945,33792.38,35039,"Assis",3,"Sudeste",1,"353550",5,55,7,48,21,34,0,0,0,0,0,55,7,48,21,34,31,10.4279906122679,10.735200307935,0.396308544341607,31
"15647","SP","Paraguaçu Paulista",45945,33792.38,35039,"Assis",3,"Sudeste",1,"353550",6,47,4,43,14,33,0,0,0,0,0,47,4,43,14,33,25,10.4279906122679,10.735200307935,0.378852559582499,30
"15648","SP","Paraguaçu Paulista",45945,33792.38,35039,"Assis",3,"Sudeste",1,"353550",7,36,6,30,12,24,0,0,0,0,0,36,6,30,12,24,37,10.4279906122679,10.735200307935,0.37354600457182,29
"15649","SP","Paraibuna",18263,15336.37,35053,"Paraibuna/Paraitinga",3,"Sudeste",0,"353560",2,31,8,23,13,18,0,0,0,0,0,31,8,23,13,18,12,9.63798241067336,9.81263243419204,0.287632377288635,29
"15650","SP","Paraibuna",18263,15336.37,35053,"Paraibuna/Paraitinga",3,"Sudeste",0,"353560",3,34,4,30,17,17,0,0,0,0,0,34,4,30,17,17,6,9.63798241067336,9.81263243419204,0.376743683998322,31
"15651","SP","Paraibuna",18263,15336.37,35053,"Paraibuna/Paraitinga",3,"Sudeste",0,"353560",4,19,6,13,10,9,0,0,0,0,0,19,6,13,10,9,17,9.63798241067336,9.81263243419204,0.43213358150182,30
"15652","SP","Paraibuna",18263,15336.37,35053,"Paraibuna/Paraitinga",3,"Sudeste",0,"353560",5,25,7,18,13,12,0,0,0,0,0,25,7,18,13,12,13,9.63798241067336,9.81263243419204,0.409746851781802,31
"15653","SP","Paraibuna",18263,15336.37,35053,"Paraibuna/Paraitinga",3,"Sudeste",0,"353560",6,21,4,17,10,11,0,0,0,0,0,21,4,17,10,11,5,9.63798241067336,9.81263243419204,0.365039982940945,30
"15654","SP","Paraibuna",18263,15336.37,35053,"Paraibuna/Paraitinga",3,"Sudeste",0,"353560",7,14,0,14,4,10,0,0,0,0,0,14,0,14,4,10,13,9.63798241067336,9.81263243419204,0.385084348653846,29
"15655","SP","Paraíso",6496,34584.67,35005,"Catanduva",3,"Sudeste",0,"353570",2,8,1,7,0,8,0,0,0,0,0,8,1,7,0,8,6,10.4511657992803,8.77894188184151,0.320502242331156,29
"15656","SP","Paraíso",6496,34584.67,35005,"Catanduva",3,"Sudeste",0,"353570",3,10,3,7,1,9,0,0,0,0,0,10,3,7,1,9,2,10.4511657992803,8.77894188184151,0.374030361252663,31
"15657","SP","Paraíso",6496,34584.67,35005,"Catanduva",3,"Sudeste",0,"353570",4,2,0,2,1,1,0,0,0,0,0,2,0,2,1,1,5,10.4511657992803,8.77894188184151,0.375804249787715,30
"15658","SP","Paraíso",6496,34584.67,35005,"Catanduva",3,"Sudeste",0,"353570",5,8,0,8,5,3,0,0,0,0,0,8,0,8,5,3,6,10.4511657992803,8.77894188184151,0.361410838037437,31
"15659","SP","Paraíso",6496,34584.67,35005,"Catanduva",3,"Sudeste",0,"353570",6,2,0,2,0,2,0,0,0,0,0,2,0,2,0,2,4,10.4511657992803,8.77894188184151,0.335273830521041,30
"15660","SP","Paraíso",6496,34584.67,35005,"Catanduva",3,"Sudeste",0,"353570",7,3,0,3,0,3,0,0,0,0,0,3,0,3,0,3,3,10.4511657992803,8.77894188184151,0.368264843729178,29
"15661","SP","Paranapanema",20395,31198.29,35022,"Avaré",3,"Sudeste",0,"353580",2,46,14,32,22,24,0,0,0,0,0,46,14,32,22,24,10,10.3481185646033,9.92304505175166,0.307278825035048,29
"15662","SP","Paranapanema",20395,31198.29,35022,"Avaré",3,"Sudeste",0,"353580",3,45,10,35,25,20,0,0,0,0,0,45,10,35,25,20,9,10.3481185646033,9.92304505175166,0.381272262989797,31
"15663","SP","Paranapanema",20395,31198.29,35022,"Avaré",3,"Sudeste",0,"353580",4,32,7,25,17,15,0,0,0,0,0,32,7,25,17,15,10,10.3481185646033,9.92304505175166,0.402108713359352,30
"15664","SP","Paranapanema",20395,31198.29,35022,"Avaré",3,"Sudeste",0,"353580",5,30,5,25,12,18,0,0,0,0,0,30,5,25,12,18,12,10.3481185646033,9.92304505175166,0.387399431428798,31
"15665","SP","Paranapanema",20395,31198.29,35022,"Avaré",3,"Sudeste",0,"353580",6,17,3,14,9,8,0,0,0,0,0,17,3,14,9,8,15,10.3481185646033,9.92304505175166,0.377932199075648,30
"15666","SP","Paranapanema",20395,31198.29,35022,"Avaré",3,"Sudeste",0,"353580",7,16,5,11,7,9,0,0,0,0,0,16,5,11,7,9,10,10.3481185646033,9.92304505175166,0.359302830737171,29
"15667","SP","Paranapuã",4095,27485.59,35001,"Jales",3,"Sudeste",0,"353590",2,8,2,6,5,3,0,0,0,0,0,8,2,6,5,3,3,10.2214171463187,8.31752199628717,0.355261254080157,29
"15668","SP","Paranapuã",4095,27485.59,35001,"Jales",3,"Sudeste",0,"353590",3,2,0,2,1,1,0,0,0,0,0,2,0,2,1,1,2,10.2214171463187,8.31752199628717,0.381300358988265,31
"15669","SP","Paranapuã",4095,27485.59,35001,"Jales",3,"Sudeste",0,"353590",4,5,2,3,1,4,0,0,0,0,0,5,2,3,1,4,4,10.2214171463187,8.31752199628717,0.3846773528405,30
"15670","SP","Paranapuã",4095,27485.59,35001,"Jales",3,"Sudeste",0,"353590",5,8,3,5,4,4,0,0,0,0,0,8,3,5,4,4,3,10.2214171463187,8.31752199628717,0.349161874173577,31
"15671","SP","Paranapuã",4095,27485.59,35001,"Jales",3,"Sudeste",0,"353590",6,7,3,4,4,3,0,0,0,0,0,7,3,4,4,3,5,10.2214171463187,8.31752199628717,0.346468874834773,30
"15672","SP","Paranapuã",4095,27485.59,35001,"Jales",3,"Sudeste",0,"353590",7,6,0,6,2,4,0,0,0,0,0,6,0,6,2,4,3,10.2214171463187,8.31752199628717,0.365536371830779,29
"15673","SP","Parapuã",10949,32118.91,35035,"Adamantina",3,"Sudeste",0,"353600",2,10,3,7,5,5,0,0,0,0,0,10,3,7,5,5,9,10.377200232242,9.30100340687343,0.283938681321755,29
"15674","SP","Parapuã",10949,32118.91,35035,"Adamantina",3,"Sudeste",0,"353600",3,12,1,11,2,10,0,0,0,0,0,12,1,11,2,10,13,10.377200232242,9.30100340687343,0.343027490571526,31
"15675","SP","Parapuã",10949,32118.91,35035,"Adamantina",3,"Sudeste",0,"353600",4,9,1,8,2,7,0,0,0,0,0,9,1,8,2,7,8,10.377200232242,9.30100340687343,0.360030288195734,30
"15676","SP","Parapuã",10949,32118.91,35035,"Adamantina",3,"Sudeste",0,"353600",5,10,1,9,4,6,0,0,0,0,0,10,1,9,4,6,5,10.377200232242,9.30100340687343,0.366962477669296,31
"15677","SP","Parapuã",10949,32118.91,35035,"Adamantina",3,"Sudeste",0,"353600",6,6,0,6,2,4,0,0,0,0,0,6,0,6,2,4,10,10.377200232242,9.30100340687343,0.344314601011726,30
"15678","SP","Parapuã",10949,32118.91,35035,"Adamantina",3,"Sudeste",0,"353600",7,13,3,10,4,9,0,0,0,0,0,13,3,10,4,9,8,10.377200232242,9.30100340687343,0.359780413997985,29
"15679","SP","Pardinho",6508,47454.61,35023,"Botucatu",3,"Sudeste",0,"353610",2,20,8,12,7,13,0,0,0,0,0,20,8,12,7,13,5,10.7675289542187,8.78078746833893,0.348746131285988,29
"15680","SP","Pardinho",6508,47454.61,35023,"Botucatu",3,"Sudeste",0,"353610",3,11,3,8,5,6,0,0,0,0,0,11,3,8,5,6,0,10.7675289542187,8.78078746833893,0.410414658003915,31
"15681","SP","Pardinho",6508,47454.61,35023,"Botucatu",3,"Sudeste",0,"353610",4,13,6,7,3,10,0,0,0,0,0,13,6,7,3,10,3,10.7675289542187,8.78078746833893,0.482120507664158,30
"15682","SP","Pardinho",6508,47454.61,35023,"Botucatu",3,"Sudeste",0,"353610",5,8,0,8,4,4,0,0,0,0,0,8,0,8,4,4,7,10.7675289542187,8.78078746833893,0.447324899836601,31
"15683","SP","Pardinho",6508,47454.61,35023,"Botucatu",3,"Sudeste",0,"353610",6,5,2,3,2,3,0,0,0,0,0,5,2,3,2,3,5,10.7675289542187,8.78078746833893,0.386083931597565,30
"15684","SP","Pardinho",6508,47454.61,35023,"Botucatu",3,"Sudeste",0,"353610",7,9,4,5,4,5,0,0,0,0,0,9,4,5,4,5,5,10.7675289542187,8.78078746833893,0.39316872399986,29
"15685","SP","Pariquera-Açu",19723,25926.61,35055,"Registro",3,"Sudeste",0,"353620",2,43,13,30,15,28,0,0,0,0,0,43,13,30,15,28,14,10.1630251333874,9.8895407464035,0.341356049223954,29
"15686","SP","Pariquera-Açu",19723,25926.61,35055,"Registro",3,"Sudeste",0,"353620",3,42,10,32,21,21,0,0,0,0,0,42,10,32,21,21,7,10.1630251333874,9.8895407464035,0.449905886065582,31
"15687","SP","Pariquera-Açu",19723,25926.61,35055,"Registro",3,"Sudeste",0,"353620",4,19,4,15,13,6,0,0,0,0,0,19,4,15,13,6,7,10.1630251333874,9.8895407464035,0.514373418477341,30
"15688","SP","Pariquera-Açu",19723,25926.61,35055,"Registro",3,"Sudeste",0,"353620",5,19,2,17,6,13,0,0,0,0,0,19,2,17,6,13,15,10.1630251333874,9.8895407464035,0.465913393557221,31
"15689","SP","Pariquera-Açu",19723,25926.61,35055,"Registro",3,"Sudeste",0,"353620",6,26,5,21,11,15,0,0,0,0,0,26,5,21,11,15,14,10.1630251333874,9.8895407464035,0.442372810619745,30
"15690","SP","Pariquera-Açu",19723,25926.61,35055,"Registro",3,"Sudeste",0,"353620",7,26,8,18,12,14,1,0,0,0,0,27,8,18,12,14,10,10.1630251333874,9.8895407464035,0.436629685296018,29
"15691","SP","Patrocínio Paulista",14807,60792.11,35012,"Franca",3,"Sudeste",1,"353630",2,26,6,20,13,13,0,0,0,0,0,26,6,20,13,13,8,11.0152152897966,9.60285532090872,0.310407780791302,29
"15692","SP","Patrocínio Paulista",14807,60792.11,35012,"Franca",3,"Sudeste",1,"353630",3,23,2,21,11,12,0,0,0,0,0,23,2,21,11,12,7,11.0152152897966,9.60285532090872,0.405123654650531,31
"15693","SP","Patrocínio Paulista",14807,60792.11,35012,"Franca",3,"Sudeste",1,"353630",4,3,1,2,2,1,1,0,0,0,0,4,1,2,2,1,7,11.0152152897966,9.60285532090872,0.413618210267292,30
"15694","SP","Patrocínio Paulista",14807,60792.11,35012,"Franca",3,"Sudeste",1,"353630",5,8,1,7,4,4,0,0,0,0,0,8,1,7,4,4,11,11.0152152897966,9.60285532090872,0.388922157201073,31
"15695","SP","Patrocínio Paulista",14807,60792.11,35012,"Franca",3,"Sudeste",1,"353630",6,6,0,6,0,6,0,0,0,0,0,6,0,6,0,6,4,11.0152152897966,9.60285532090872,0.370036418420634,30
"15696","SP","Patrocínio Paulista",14807,60792.11,35012,"Franca",3,"Sudeste",1,"353630",7,8,0,8,4,4,0,0,0,0,0,8,0,8,4,4,5,11.0152152897966,9.60285532090872,0.363927057659518,29
"15697","SP","Paulicéia",7454,20705.29,35034,"Dracena",3,"Sudeste",0,"353640",2,13,0,13,5,8,0,0,0,0,0,13,0,13,5,8,4,9.93814450216026,8.9165060800392,0.324030217009294,29
"15698","SP","Paulicéia",7454,20705.29,35034,"Dracena",3,"Sudeste",0,"353640",3,17,3,14,8,9,1,0,0,0,0,18,3,14,8,9,6,9.93814450216026,8.9165060800392,0.398204733077198,31
"15699","SP","Paulicéia",7454,20705.29,35034,"Dracena",3,"Sudeste",0,"353640",4,14,4,10,8,6,0,0,0,0,0,14,4,10,8,6,4,9.93814450216026,8.9165060800392,0.420790942649297,30
"15700","SP","Paulicéia",7454,20705.29,35034,"Dracena",3,"Sudeste",0,"353640",5,14,7,7,8,6,0,0,0,0,0,14,7,7,8,6,2,9.93814450216026,8.9165060800392,0.381424654181252,31
"15701","SP","Paulicéia",7454,20705.29,35034,"Dracena",3,"Sudeste",0,"353640",6,8,1,7,3,5,0,0,0,0,0,8,1,7,3,5,4,9.93814450216026,8.9165060800392,0.367973100665528,30
"15702","SP","Paulicéia",7454,20705.29,35034,"Dracena",3,"Sudeste",0,"353640",7,7,0,7,4,3,0,0,0,0,0,7,0,7,4,3,4,9.93814450216026,8.9165060800392,0.388785150136529,29
"15703","SP","Paulínia",112003,306163.17,35032,"Campinas",3,"Sudeste",1,"353650",2,185,25,160,42,143,1,0,0,0,0,186,25,160,42,143,41,12.6318734741092,11.6262809356328,0.29835909385506,29
"15704","SP","Paulínia",112003,306163.17,35032,"Campinas",3,"Sudeste",1,"353650",3,202,29,173,53,149,0,0,0,0,0,202,29,173,53,149,46,12.6318734741092,11.6262809356328,0.399809331206943,31
"15705","SP","Paulínia",112003,306163.17,35032,"Campinas",3,"Sudeste",1,"353650",4,122,21,101,30,92,1,0,0,0,0,123,21,101,30,92,47,12.6318734741092,11.6262809356328,0.467613050815719,30
"15706","SP","Paulínia",112003,306163.17,35032,"Campinas",3,"Sudeste",1,"353650",5,128,17,111,37,91,0,0,0,0,0,128,17,111,37,91,50,12.6318734741092,11.6262809356328,0.429835160555906,31
"15707","SP","Paulínia",112003,306163.17,35032,"Campinas",3,"Sudeste",1,"353650",6,113,18,95,31,82,0,0,0,0,0,113,18,95,31,82,61,12.6318734741092,11.6262809356328,0.401938602508767,30
"15708","SP","Paulínia",112003,306163.17,35032,"Campinas",3,"Sudeste",1,"353650",7,116,24,92,33,83,0,0,0,0,0,116,24,92,33,83,69,12.6318734741092,11.6262809356328,0.397867491346731,29
"15709","SP","Paulo de Faria",8959,30110.56,35004,"São José do Rio Preto",3,"Sudeste",0,"353660",2,8,2,6,3,5,0,0,0,0,0,8,2,6,3,5,9,10.3126312197751,9.10041389259758,0.309562782139373,29
"15710","SP","Paulo de Faria",8959,30110.56,35004,"São José do Rio Preto",3,"Sudeste",0,"353660",3,9,1,8,3,6,1,0,0,0,0,10,1,8,3,6,2,10.3126312197751,9.10041389259758,0.368611744984812,31
"15711","SP","Paulo de Faria",8959,30110.56,35004,"São José do Rio Preto",3,"Sudeste",0,"353660",4,9,2,7,5,4,0,0,0,0,0,9,2,7,5,4,11,10.3126312197751,9.10041389259758,0.362477306967022,30
"15712","SP","Paulo de Faria",8959,30110.56,35004,"São José do Rio Preto",3,"Sudeste",0,"353660",5,6,0,6,1,5,0,0,0,0,0,6,0,6,1,5,2,10.3126312197751,9.10041389259758,0.372690335232674,31
"15713","SP","Paulo de Faria",8959,30110.56,35004,"São José do Rio Preto",3,"Sudeste",0,"353660",6,5,0,5,3,2,0,0,0,0,0,5,0,5,3,2,5,10.3126312197751,9.10041389259758,0.363342997249011,30
"15714","SP","Paulo de Faria",8959,30110.56,35004,"São José do Rio Preto",3,"Sudeste",0,"353660",7,8,1,7,3,5,0,0,0,0,0,8,1,7,3,5,7,10.3126312197751,9.10041389259758,0.37675556881161,29
"15715","SP","Pederneiras",47111,47430.98,35021,"Jaú",3,"Sudeste",1,"353670",2,68,10,58,26,42,0,0,0,0,0,68,10,58,26,42,28,10.7670308806864,10.7602617983845,0.308559080584898,29
"15716","SP","Pederneiras",47111,47430.98,35021,"Jaú",3,"Sudeste",1,"353670",3,74,9,65,25,49,0,0,0,0,0,74,9,65,25,49,24,10.7670308806864,10.7602617983845,0.386203971040423,31
"15717","SP","Pederneiras",47111,47430.98,35021,"Jaú",3,"Sudeste",1,"353670",4,56,14,42,14,42,0,0,0,0,0,56,14,42,14,42,25,10.7670308806864,10.7602617983845,0.422087029272054,30
"15718","SP","Pederneiras",47111,47430.98,35021,"Jaú",3,"Sudeste",1,"353670",5,46,8,38,20,26,0,0,0,0,0,46,8,38,20,26,27,10.7670308806864,10.7602617983845,0.402311106846116,31
"15719","SP","Pederneiras",47111,47430.98,35021,"Jaú",3,"Sudeste",1,"353670",6,43,4,39,14,29,0,0,0,0,0,43,4,39,14,29,23,10.7670308806864,10.7602617983845,0.372858741863152,30
"15720","SP","Pederneiras",47111,47430.98,35021,"Jaú",3,"Sudeste",1,"353670",7,57,5,52,21,36,0,0,0,0,0,57,5,52,21,36,33,10.7670308806864,10.7602617983845,0.364164546271239,29
"15721","SP","Pedregulho",16811,52418.86,35012,"Franca",3,"Sudeste",0,"353700",2,25,7,18,11,14,0,0,0,0,0,25,7,18,11,14,8,10.8670217292163,9.72978871303306,0.320854488014986,29
"15722","SP","Pedregulho",16811,52418.86,35012,"Franca",3,"Sudeste",0,"353700",3,17,5,12,3,14,0,0,0,0,0,17,5,12,3,14,14,10.8670217292163,9.72978871303306,0.396886899686259,31
"15723","SP","Pedregulho",16811,52418.86,35012,"Franca",3,"Sudeste",0,"353700",4,17,5,12,5,12,0,0,0,0,0,17,5,12,5,12,12,10.8670217292163,9.72978871303306,0.414443600599635,30
"15724","SP","Pedregulho",16811,52418.86,35012,"Franca",3,"Sudeste",0,"353700",5,29,7,22,9,20,0,0,0,0,0,29,7,22,9,20,13,10.8670217292163,9.72978871303306,0.400452044186032,31
"15725","SP","Pedregulho",16811,52418.86,35012,"Franca",3,"Sudeste",0,"353700",6,16,4,12,8,8,0,0,0,0,0,16,4,12,8,8,7,10.8670217292163,9.72978871303306,0.378893379120074,30
"15726","SP","Pedregulho",16811,52418.86,35012,"Franca",3,"Sudeste",0,"353700",7,15,6,9,7,8,0,0,0,0,0,15,6,9,7,8,15,10.8670217292163,9.72978871303306,0.401707601998506,29
"15727","SP","Pedreira",48463,26471.59,35032,"Campinas",3,"Sudeste",1,"353710",2,49,8,41,12,37,0,0,0,0,0,49,8,41,12,37,28,10.1838273614186,10.7885558991816,0.314684536499335,29
"15728","SP","Pedreira",48463,26471.59,35032,"Campinas",3,"Sudeste",1,"353710",3,57,6,51,17,40,0,0,0,0,0,57,6,51,17,40,20,10.1838273614186,10.7885558991816,0.396156274291389,31
"15729","SP","Pedreira",48463,26471.59,35032,"Campinas",3,"Sudeste",1,"353710",4,44,5,39,24,20,0,0,0,0,0,44,5,39,24,20,25,10.1838273614186,10.7885558991816,0.442584144361583,30
"15730","SP","Pedreira",48463,26471.59,35032,"Campinas",3,"Sudeste",1,"353710",5,51,7,44,20,31,0,0,0,0,0,51,7,44,20,31,20,10.1838273614186,10.7885558991816,0.416659016232098,31
"15731","SP","Pedreira",48463,26471.59,35032,"Campinas",3,"Sudeste",1,"353710",6,52,8,44,13,39,0,0,0,0,0,52,8,44,13,39,30,10.1838273614186,10.7885558991816,0.3838891088294,30
"15732","SP","Pedreira",48463,26471.59,35032,"Campinas",3,"Sudeste",1,"353710",7,43,6,37,13,30,0,0,0,0,0,43,6,37,13,30,32,10.1838273614186,10.7885558991816,0.371313862055258,29
"15733","SP","Pedro de Toledo",11421,12787.4,35056,"Itanhaém",3,"Sudeste",0,"353720",2,17,3,14,7,10,0,0,0,0,0,17,3,14,7,10,6,9.45621559009245,9.34320904505061,0.345443673904218,29
"15734","SP","Pedro de Toledo",11421,12787.4,35056,"Itanhaém",3,"Sudeste",0,"353720",3,17,3,14,10,7,0,0,0,0,0,17,3,14,10,7,5,9.45621559009245,9.34320904505061,0.443853326551157,31
"15735","SP","Pedro de Toledo",11421,12787.4,35056,"Itanhaém",3,"Sudeste",0,"353720",4,12,5,7,5,7,0,0,0,0,0,12,5,7,5,7,5,9.45621559009245,9.34320904505061,0.491684382725269,30
"15736","SP","Pedro de Toledo",11421,12787.4,35056,"Itanhaém",3,"Sudeste",0,"353720",5,7,1,6,2,5,0,0,0,0,0,7,1,6,2,5,6,9.45621559009245,9.34320904505061,0.477495827419176,31
"15737","SP","Pedro de Toledo",11421,12787.4,35056,"Itanhaém",3,"Sudeste",0,"353720",6,7,1,6,5,2,0,0,0,0,0,7,1,6,5,2,10,9.45621559009245,9.34320904505061,0.436550285290051,30
"15738","SP","Pedro de Toledo",11421,12787.4,35056,"Itanhaém",3,"Sudeste",0,"353720",7,16,4,12,7,9,0,0,0,0,0,16,4,12,7,9,10,9.45621559009245,9.34320904505061,0.452273033077555,29
"15739","SP","Penápolis",63757,26395.81,35018,"Birigui",3,"Sudeste",1,"353730",2,115,14,101,37,78,1,0,0,0,0,116,14,101,37,78,31,10.1809605644171,11.0628342609142,0.292421231752093,29
"15740","SP","Penápolis",63757,26395.81,35018,"Birigui",3,"Sudeste",1,"353730",3,109,12,97,28,81,0,0,0,0,0,109,12,97,28,81,40,10.1809605644171,11.0628342609142,0.377005489153912,31
"15741","SP","Penápolis",63757,26395.81,35018,"Birigui",3,"Sudeste",1,"353730",4,77,14,63,29,48,0,0,0,0,0,77,14,63,29,48,44,10.1809605644171,11.0628342609142,0.429090821480986,30
"15742","SP","Penápolis",63757,26395.81,35018,"Birigui",3,"Sudeste",1,"353730",5,67,20,47,21,46,1,0,0,0,0,68,20,47,21,46,17,10.1809605644171,11.0628342609142,0.385660028166888,31
"15743","SP","Penápolis",63757,26395.81,35018,"Birigui",3,"Sudeste",1,"353730",6,56,15,41,20,36,0,0,0,0,0,56,15,41,20,36,27,10.1809605644171,11.0628342609142,0.355110147966756,30
"15744","SP","Penápolis",63757,26395.81,35018,"Birigui",3,"Sudeste",1,"353730",7,54,7,47,18,36,1,0,0,0,0,55,7,47,18,36,47,10.1809605644171,11.0628342609142,0.356994309008292,29
"15745","SP","Pereira Barreto",25677,29553.41,35016,"Andradina",3,"Sudeste",1,"353740",2,40,7,33,11,29,0,0,0,0,0,40,7,33,11,29,13,10.2939544138076,10.1533509285497,0.308046944655199,29
"15746","SP","Pereira Barreto",25677,29553.41,35016,"Andradina",3,"Sudeste",1,"353740",3,24,5,19,11,13,0,0,0,0,0,24,5,19,11,13,20,10.2939544138076,10.1533509285497,0.395035194067289,31
"15747","SP","Pereira Barreto",25677,29553.41,35016,"Andradina",3,"Sudeste",1,"353740",4,23,9,14,8,15,0,0,0,0,0,23,9,14,8,15,18,10.2939544138076,10.1533509285497,0.442866726374647,30
"15748","SP","Pereira Barreto",25677,29553.41,35016,"Andradina",3,"Sudeste",1,"353740",5,21,5,16,9,12,0,0,0,0,0,21,5,16,9,12,17,10.2939544138076,10.1533509285497,0.437905691557955,31
"15749","SP","Pereira Barreto",25677,29553.41,35016,"Andradina",3,"Sudeste",1,"353740",6,22,2,20,10,12,0,0,0,0,0,22,2,20,10,12,23,10.2939544138076,10.1533509285497,0.404647849629625,30
"15750","SP","Pereira Barreto",25677,29553.41,35016,"Andradina",3,"Sudeste",1,"353740",7,26,4,22,6,20,0,0,0,0,0,26,4,22,6,20,23,10.2939544138076,10.1533509285497,0.410278875018817,29
"15751","SP","Pereiras",8773,23954.99,35043,"Tatuí",3,"Sudeste",0,"353750",2,11,2,9,2,9,0,0,0,0,0,11,2,9,2,9,6,10.0839319318678,9.07943410212838,0.39173767100255,29
"15752","SP","Pereiras",8773,23954.99,35043,"Tatuí",3,"Sudeste",0,"353750",3,15,2,13,4,11,0,0,0,0,0,15,2,13,4,11,7,10.0839319318678,9.07943410212838,0.460156443516489,31
"15753","SP","Pereiras",8773,23954.99,35043,"Tatuí",3,"Sudeste",0,"353750",4,4,0,4,2,2,0,0,0,0,0,4,0,4,2,2,2,10.0839319318678,9.07943410212838,0.501289446584682,30
"15754","SP","Pereiras",8773,23954.99,35043,"Tatuí",3,"Sudeste",0,"353750",5,15,3,12,6,9,0,0,0,0,0,15,3,12,6,9,3,10.0839319318678,9.07943410212838,0.485516526450419,31
"15755","SP","Pereiras",8773,23954.99,35043,"Tatuí",3,"Sudeste",0,"353750",6,10,2,8,5,5,0,0,0,0,0,10,2,8,5,5,5,10.0839319318678,9.07943410212838,0.459247032165771,30
"15756","SP","Pereiras",8773,23954.99,35043,"Tatuí",3,"Sudeste",0,"353750",7,7,2,5,4,3,0,0,0,0,0,7,2,5,4,3,6,10.0839319318678,9.07943410212838,0.471989688937672,29
"15757","SP","Peruíbe",69001,22538.1,35056,"Itanhaém",3,"Sudeste",1,"353760",2,113,26,87,42,71,1,0,0,0,0,114,26,87,42,71,50,10.0229624894534,11.141876276228,0.325566532785466,29
"15758","SP","Peruíbe",69001,22538.1,35056,"Itanhaém",3,"Sudeste",1,"353760",3,137,27,110,51,86,0,0,0,0,0,137,27,110,51,86,64,10.0229624894534,11.141876276228,0.422486970734542,31
"15759","SP","Peruíbe",69001,22538.1,35056,"Itanhaém",3,"Sudeste",1,"353760",4,64,13,51,25,39,2,0,0,0,0,66,13,51,25,39,57,10.0229624894534,11.141876276228,0.484237639328951,30
"15760","SP","Peruíbe",69001,22538.1,35056,"Itanhaém",3,"Sudeste",1,"353760",5,81,24,57,31,50,1,0,0,0,0,82,24,57,31,50,57,10.0229624894534,11.141876276228,0.455894829907003,31
"15761","SP","Peruíbe",69001,22538.1,35056,"Itanhaém",3,"Sudeste",1,"353760",6,84,22,62,23,61,0,0,0,0,0,84,22,62,23,61,63,10.0229624894534,11.141876276228,0.42773592906369,30
"15762","SP","Peruíbe",69001,22538.1,35056,"Itanhaém",3,"Sudeste",1,"353760",7,82,18,64,30,52,0,0,0,0,0,82,18,64,30,52,61,10.0229624894534,11.141876276228,0.419461072119417,29
"15763","SP","Piacatu",6038,15498.37,35018,"Birigui",3,"Sudeste",0,"353770",2,9,0,9,3,6,0,0,0,0,0,9,0,9,3,6,4,9.64849013608718,8.70582811026678,0.302924332399463,29
"15764","SP","Piacatu",6038,15498.37,35018,"Birigui",3,"Sudeste",0,"353770",3,5,1,4,2,3,0,0,0,0,0,5,1,4,2,3,6,9.64849013608718,8.70582811026678,0.392271808746206,31
"15765","SP","Piacatu",6038,15498.37,35018,"Birigui",3,"Sudeste",0,"353770",4,6,0,6,2,4,0,0,0,0,0,6,0,6,2,4,2,9.64849013608718,8.70582811026678,0.449464869667255,30
"15766","SP","Piacatu",6038,15498.37,35018,"Birigui",3,"Sudeste",0,"353770",5,2,1,1,1,1,0,0,0,0,0,2,1,1,1,1,12,9.64849013608718,8.70582811026678,0.387386840288506,31
"15767","SP","Piacatu",6038,15498.37,35018,"Birigui",3,"Sudeste",0,"353770",6,3,0,3,1,2,0,0,0,0,0,3,0,3,1,2,4,9.64849013608718,8.70582811026678,0.366284527927203,30
"15768","SP","Piacatu",6038,15498.37,35018,"Birigui",3,"Sudeste",0,"353770",7,1,0,1,0,1,0,0,0,0,0,1,0,1,0,1,7,9.64849013608718,8.70582811026678,0.396114451449808,29
"15769","SP","Piedade",55542,21916.31,35045,"Piedade",3,"Sudeste",0,"353780",2,82,18,64,36,46,2,0,0,0,0,84,18,64,36,46,35,9.99498638747522,10.9248947702953,0.297775766485791,29
"15770","SP","Piedade",55542,21916.31,35045,"Piedade",3,"Sudeste",0,"353780",3,93,18,75,33,60,1,0,0,0,0,94,18,75,33,60,33,9.99498638747522,10.9248947702953,0.384025377839454,31
"15771","SP","Piedade",55542,21916.31,35045,"Piedade",3,"Sudeste",0,"353780",4,53,18,35,22,31,1,0,0,0,0,54,18,35,22,31,22,9.99498638747522,10.9248947702953,0.434497960864132,30
"15772","SP","Piedade",55542,21916.31,35045,"Piedade",3,"Sudeste",0,"353780",5,45,14,31,18,27,0,0,0,0,0,45,14,31,18,27,48,9.99498638747522,10.9248947702953,0.421532756077656,31
"15773","SP","Piedade",55542,21916.31,35045,"Piedade",3,"Sudeste",0,"353780",6,58,13,45,23,35,0,0,0,0,0,58,13,45,23,35,33,9.99498638747522,10.9248947702953,0.393034755956001,30
"15774","SP","Piedade",55542,21916.31,35045,"Piedade",3,"Sudeste",0,"353780",7,54,19,35,27,27,0,0,0,0,0,54,19,35,27,27,38,9.99498638747522,10.9248947702953,0.396275919403415,29
"15775","SP","Pilar do Sul",29402,23370.06,35045,"Piedade",3,"Sudeste",0,"353790",2,58,15,43,26,32,0,0,0,0,0,58,15,43,26,32,12,10.0592109949237,10.2888179782239,0.263752697909835,29
"15776","SP","Pilar do Sul",29402,23370.06,35045,"Piedade",3,"Sudeste",0,"353790",3,48,7,41,19,29,1,0,0,0,0,49,7,41,19,29,16,10.0592109949237,10.2888179782239,0.355041483206304,31
"15777","SP","Pilar do Sul",29402,23370.06,35045,"Piedade",3,"Sudeste",0,"353790",4,59,13,46,25,34,0,0,0,0,0,59,13,46,25,34,14,10.0592109949237,10.2888179782239,0.412177274347075,30
"15778","SP","Pilar do Sul",29402,23370.06,35045,"Piedade",3,"Sudeste",0,"353790",5,40,6,34,18,22,0,0,0,0,0,40,6,34,18,22,12,10.0592109949237,10.2888179782239,0.386502580164213,31
"15779","SP","Pilar do Sul",29402,23370.06,35045,"Piedade",3,"Sudeste",0,"353790",6,40,6,34,15,25,0,0,0,0,0,40,6,34,15,25,18,10.0592109949237,10.2888179782239,0.349794782667703,30
"15780","SP","Pilar do Sul",29402,23370.06,35045,"Piedade",3,"Sudeste",0,"353790",7,27,5,22,11,16,1,0,0,0,0,28,5,22,11,16,20,10.0592109949237,10.2888179782239,0.343381207083971,29
"15781","SP","Pindamonhangaba",170132,51761.18,35050,"São José dos Campos",3,"Sudeste",1,"353800",2,306,28,278,113,193,3,0,0,0,0,309,28,278,113,193,80,10.854395726442,12.0443298853233,0.307638532454268,29
"15782","SP","Pindamonhangaba",170132,51761.18,35050,"São José dos Campos",3,"Sudeste",1,"353800",3,325,27,298,116,209,2,0,0,0,0,327,27,298,116,209,96,10.854395726442,12.0443298853233,0.415665225670436,31
"15783","SP","Pindamonhangaba",170132,51761.18,35050,"São José dos Campos",3,"Sudeste",1,"353800",4,206,26,180,71,135,0,0,0,0,0,206,26,180,71,135,71,10.854395726442,12.0443298853233,0.477911373482884,30
"15784","SP","Pindamonhangaba",170132,51761.18,35050,"São José dos Campos",3,"Sudeste",1,"353800",5,216,35,181,77,139,1,0,0,0,0,217,35,181,77,139,83,10.854395726442,12.0443298853233,0.429883678858862,31
"15785","SP","Pindamonhangaba",170132,51761.18,35050,"São José dos Campos",3,"Sudeste",1,"353800",6,202,26,176,74,128,4,0,0,0,0,206,26,176,74,128,86,10.854395726442,12.0443298853233,0.393622308282594,30
"15786","SP","Pindamonhangaba",170132,51761.18,35050,"São José dos Campos",3,"Sudeste",1,"353800",7,211,30,181,67,144,0,0,0,0,0,211,30,181,67,144,104,10.854395726442,12.0443298853233,0.398906244609845,29
"15787","SP","Pindorama",17216,22081.72,35005,"Catanduva",3,"Sudeste",1,"353810",2,25,3,22,5,20,0,0,0,0,0,25,3,22,5,20,6,10.0025053959078,9.75359446296151,0.308274600019517,29
"15788","SP","Pindorama",17216,22081.72,35005,"Catanduva",3,"Sudeste",1,"353810",3,19,2,17,4,15,0,0,0,0,0,19,2,17,4,15,15,10.0025053959078,9.75359446296151,0.392613697983205,31
"15789","SP","Pindorama",17216,22081.72,35005,"Catanduva",3,"Sudeste",1,"353810",4,9,0,9,4,5,0,0,0,0,0,9,0,9,4,5,10,10.0025053959078,9.75359446296151,0.431198966755714,30
"15790","SP","Pindorama",17216,22081.72,35005,"Catanduva",3,"Sudeste",1,"353810",5,10,2,8,5,5,0,0,0,0,0,10,2,8,5,5,10,10.0025053959078,9.75359446296151,0.382306472155765,31
"15791","SP","Pindorama",17216,22081.72,35005,"Catanduva",3,"Sudeste",1,"353810",6,13,5,8,4,9,0,0,0,0,0,13,5,8,4,9,12,10.0025053959078,9.75359446296151,0.36116820160047,30
"15792","SP","Pindorama",17216,22081.72,35005,"Catanduva",3,"Sudeste",1,"353810",7,12,2,10,6,6,0,0,0,0,0,12,2,10,6,6,11,10.0025053959078,9.75359446296151,0.351663394993994,29
"15793","SP","Pinhalzinho",15388,17475.49,35033,"Amparo",3,"Sudeste",0,"353820",2,22,4,18,6,16,0,0,0,0,0,22,4,18,6,16,5,9.76855460676612,9.64134326387219,0.300433746400156,29
"15794","SP","Pinhalzinho",15388,17475.49,35033,"Amparo",3,"Sudeste",0,"353820",3,25,2,23,8,17,0,0,0,0,0,25,2,23,8,17,11,9.76855460676612,9.64134326387219,0.386648382616116,31
"15795","SP","Pinhalzinho",15388,17475.49,35033,"Amparo",3,"Sudeste",0,"353820",4,18,3,15,8,10,0,0,0,0,0,18,3,15,8,10,5,9.76855460676612,9.64134326387219,0.428290663553823,30
"15796","SP","Pinhalzinho",15388,17475.49,35033,"Amparo",3,"Sudeste",0,"353820",5,26,3,23,10,16,0,0,0,0,0,26,3,23,10,16,19,9.76855460676612,9.64134326387219,0.406057701764043,31
"15797","SP","Pinhalzinho",15388,17475.49,35033,"Amparo",3,"Sudeste",0,"353820",6,12,0,12,4,8,0,0,0,0,0,12,0,12,4,8,12,9.76855460676612,9.64134326387219,0.393496058450529,30
"15798","SP","Pinhalzinho",15388,17475.49,35033,"Amparo",3,"Sudeste",0,"353820",7,10,1,9,7,3,0,0,0,0,0,10,1,9,7,3,10,9.76855460676612,9.64134326387219,0.386995486496777,29
"15799","SP","Piquete",13575,11973.44,35051,"Guaratinguetá",3,"Sudeste",1,"353850",2,18,1,17,6,12,0,0,0,0,0,18,1,17,6,12,7,9.39044614239431,9.51598514480214,0.337744403514286,29
"15800","SP","Piquete",13575,11973.44,35051,"Guaratinguetá",3,"Sudeste",1,"353850",3,13,2,11,6,7,0,0,0,0,0,13,2,11,6,7,14,9.39044614239431,9.51598514480214,0.446626398226495,31
"15801","SP","Piquete",13575,11973.44,35051,"Guaratinguetá",3,"Sudeste",1,"353850",4,14,2,12,5,9,0,0,0,0,0,14,2,12,5,9,7,9.39044614239431,9.51598514480214,0.523939501183844,30
"15802","SP","Piquete",13575,11973.44,35051,"Guaratinguetá",3,"Sudeste",1,"353850",5,10,0,10,4,6,0,0,0,0,0,10,0,10,4,6,11,9.39044614239431,9.51598514480214,0.475361584394916,31
"15803","SP","Piquete",13575,11973.44,35051,"Guaratinguetá",3,"Sudeste",1,"353850",6,14,0,14,6,8,0,0,0,0,0,14,0,14,6,8,17,9.39044614239431,9.51598514480214,0.431990318555716,30
"15804","SP","Piquete",13575,11973.44,35051,"Guaratinguetá",3,"Sudeste",1,"353850",7,14,2,12,5,9,0,0,0,0,0,14,2,12,5,9,14,9.39044614239431,9.51598514480214,0.421286812283111,29
"15805","SP","Piracaia",27462,17540.72,35048,"Bragança Paulista",3,"Sudeste",0,"353860",2,41,9,32,9,32,0,0,0,0,0,41,9,32,9,32,15,9.77228031411447,10.2205585098817,0.314386319532049,29
"15806","SP","Piracaia",27462,17540.72,35048,"Bragança Paulista",3,"Sudeste",0,"353860",3,42,6,36,19,23,0,0,0,0,0,42,6,36,19,23,10,9.77228031411447,10.2205585098817,0.396653036467035,31
"15807","SP","Piracaia",27462,17540.72,35048,"Bragança Paulista",3,"Sudeste",0,"353860",4,31,7,24,7,24,1,0,0,0,0,32,7,24,7,24,18,9.77228031411447,10.2205585098817,0.447447783611121,30
"15808","SP","Piracaia",27462,17540.72,35048,"Bragança Paulista",3,"Sudeste",0,"353860",5,26,5,21,8,18,0,0,0,0,0,26,5,21,8,18,20,9.77228031411447,10.2205585098817,0.436032286403652,31
"15809","SP","Piracaia",27462,17540.72,35048,"Bragança Paulista",3,"Sudeste",0,"353860",6,29,7,22,8,21,1,0,0,0,0,30,7,22,8,21,19,9.77228031411447,10.2205585098817,0.394476119982918,30
"15810","SP","Piracaia",27462,17540.72,35048,"Bragança Paulista",3,"Sudeste",0,"353860",7,20,5,15,5,15,1,0,0,0,0,21,5,15,5,15,27,9.77228031411447,10.2205585098817,0.387089701715074,29
"15811","SP","Piracicaba",407252,65896.34,35028,"Piracicaba",3,"Sudeste",1,"353870",2,679,94,585,201,478,4,0,0,0,0,683,94,585,201,478,198,11.0958381802533,12.9171874374406,0.286111776179879,29
"15812","SP","Piracicaba",407252,65896.34,35028,"Piracicaba",3,"Sudeste",1,"353870",3,751,104,647,225,526,6,0,0,0,0,757,104,647,225,526,226,11.0958381802533,12.9171874374406,0.379895737167955,31
"15813","SP","Piracicaba",407252,65896.34,35028,"Piracicaba",3,"Sudeste",1,"353870",4,460,76,384,124,336,3,0,0,0,0,463,76,384,124,336,200,11.0958381802533,12.9171874374406,0.441890951491506,30
"15814","SP","Piracicaba",407252,65896.34,35028,"Piracicaba",3,"Sudeste",1,"353870",5,440,58,382,144,296,3,0,0,0,0,443,58,382,144,296,238,11.0958381802533,12.9171874374406,0.404185051393581,31
"15815","SP","Piracicaba",407252,65896.34,35028,"Piracicaba",3,"Sudeste",1,"353870",6,423,60,363,132,291,4,0,0,0,0,427,60,363,132,291,280,11.0958381802533,12.9171874374406,0.376874973049857,30
"15816","SP","Piracicaba",407252,65896.34,35028,"Piracicaba",3,"Sudeste",1,"353870",7,425,66,359,127,298,6,0,0,0,0,431,66,359,127,298,361,11.0958381802533,12.9171874374406,0.373890260835939,29
"15817","SP","Piraju",29869,24936.58,35040,"Ourinhos",3,"Sudeste",1,"353880",2,52,11,41,14,38,0,0,0,0,0,52,11,41,14,38,21,10.1240910807211,10.3045764322433,0.303490640353092,29
"15818","SP","Piraju",29869,24936.58,35040,"Ourinhos",3,"Sudeste",1,"353880",3,41,10,31,18,23,1,0,0,0,0,42,10,31,18,23,19,10.1240910807211,10.3045764322433,0.391700763954221,31
"15819","SP","Piraju",29869,24936.58,35040,"Ourinhos",3,"Sudeste",1,"353880",4,37,8,29,15,22,0,0,0,0,0,37,8,29,15,22,10,10.1240910807211,10.3045764322433,0.467427586700245,30
"15820","SP","Piraju",29869,24936.58,35040,"Ourinhos",3,"Sudeste",1,"353880",5,31,2,29,9,22,0,0,0,0,0,31,2,29,9,22,29,10.1240910807211,10.3045764322433,0.436755350767166,31
"15821","SP","Piraju",29869,24936.58,35040,"Ourinhos",3,"Sudeste",1,"353880",6,35,9,26,11,24,0,0,0,0,0,35,9,26,11,24,24,10.1240910807211,10.3045764322433,0.398680604646396,30
"15822","SP","Piraju",29869,24936.58,35040,"Ourinhos",3,"Sudeste",1,"353880",7,38,6,32,16,22,1,0,0,0,0,39,6,32,16,22,29,10.1240910807211,10.3045764322433,0.385954331282131,29
"15823","SP","Pirajuí",25719,18702.35,35020,"Bauru",3,"Sudeste",1,"353890",2,24,3,21,9,15,0,0,0,0,0,24,3,21,9,15,13,9.83640446339626,10.1549852973469,0.317678763245916,29
"15824","SP","Pirajuí",25719,18702.35,35020,"Bauru",3,"Sudeste",1,"353890",3,27,6,21,11,16,0,0,0,0,0,27,6,21,11,16,25,9.83640446339626,10.1549852973469,0.390087022744531,31
"15825","SP","Pirajuí",25719,18702.35,35020,"Bauru",3,"Sudeste",1,"353890",4,20,2,18,7,13,0,0,0,0,0,20,2,18,7,13,18,9.83640446339626,10.1549852973469,0.423228987806511,30
"15826","SP","Pirajuí",25719,18702.35,35020,"Bauru",3,"Sudeste",1,"353890",5,16,1,15,5,11,1,0,0,0,0,17,1,15,5,11,28,9.83640446339626,10.1549852973469,0.399456998863506,31
"15827","SP","Pirajuí",25719,18702.35,35020,"Bauru",3,"Sudeste",1,"353890",6,13,2,11,5,8,0,0,0,0,0,13,2,11,5,8,21,9.83640446339626,10.1549852973469,0.381845760338942,30
"15828","SP","Pirajuí",25719,18702.35,35020,"Bauru",3,"Sudeste",1,"353890",7,16,2,14,7,9,0,0,0,0,0,16,2,14,7,9,32,9.83640446339626,10.1549852973469,0.363689502711513,29
"15829","SP","Pirangi",11471,29289.51,35013,"Jaboticabal",3,"Sudeste",0,"353900",2,12,2,10,3,9,0,0,0,0,0,12,2,10,3,9,12,10.2849847104227,9.34757739028127,0.302495330365056,29
"15830","SP","Pirangi",11471,29289.51,35013,"Jaboticabal",3,"Sudeste",0,"353900",3,15,1,14,6,9,0,0,0,0,0,15,1,14,6,9,7,10.2849847104227,9.34757739028127,0.367661250685874,31
"15831","SP","Pirangi",11471,29289.51,35013,"Jaboticabal",3,"Sudeste",0,"353900",4,4,2,2,0,4,0,0,0,0,0,4,2,2,0,4,5,10.2849847104227,9.34757739028127,0.368547577508178,30
"15832","SP","Pirangi",11471,29289.51,35013,"Jaboticabal",3,"Sudeste",0,"353900",5,9,3,6,2,7,0,0,0,0,0,9,3,6,2,7,13,10.2849847104227,9.34757739028127,0.378531991314619,31
"15833","SP","Pirangi",11471,29289.51,35013,"Jaboticabal",3,"Sudeste",0,"353900",6,6,1,5,3,3,0,0,0,0,0,6,1,5,3,3,7,10.2849847104227,9.34757739028127,0.362619067187133,30
"15834","SP","Pirangi",11471,29289.51,35013,"Jaboticabal",3,"Sudeste",0,"353900",7,9,0,9,5,4,0,0,0,0,0,9,0,9,5,4,10,10.2849847104227,9.34757739028127,0.363745984938739,29
"15835","SP","Pirapora do Bom Jesus",19178,24587.66,35057,"Osasco",3,"Sudeste",1,"353910",2,37,3,34,19,18,1,0,0,0,0,38,3,34,19,18,4,10.1099999700478,9.86151906771363,0.276031287858932,29
"15836","SP","Pirapora do Bom Jesus",19178,24587.66,35057,"Osasco",3,"Sudeste",1,"353910",3,37,6,31,8,29,0,0,0,0,0,37,6,31,8,29,11,10.1099999700478,9.86151906771363,0.373563838491343,31
"15837","SP","Pirapora do Bom Jesus",19178,24587.66,35057,"Osasco",3,"Sudeste",1,"353910",4,24,6,18,9,15,0,0,0,0,0,24,6,18,9,15,6,10.1099999700478,9.86151906771363,0.441836561647521,30
"15838","SP","Pirapora do Bom Jesus",19178,24587.66,35057,"Osasco",3,"Sudeste",1,"353910",5,24,2,22,12,12,0,0,0,0,0,24,2,22,12,12,11,10.1099999700478,9.86151906771363,0.422815774696959,31
"15839","SP","Pirapora do Bom Jesus",19178,24587.66,35057,"Osasco",3,"Sudeste",1,"353910",6,18,6,12,7,11,1,0,0,0,0,19,6,12,7,11,15,10.1099999700478,9.86151906771363,0.389288237047491,30
"15840","SP","Pirapora do Bom Jesus",19178,24587.66,35057,"Osasco",3,"Sudeste",1,"353910",7,18,1,17,3,15,0,0,0,0,0,18,1,17,3,15,9,10.1099999700478,9.86151906771363,0.364783667983087,29
"15841","SP","Pirapozinho",27754,34839.45,35036,"Presidente Prudente",3,"Sudeste",1,"353920",2,32,4,28,9,23,0,0,0,0,0,32,4,28,9,23,9,10.4585056443895,10.231135252931,0.313050055735794,29
"15842","SP","Pirapozinho",27754,34839.45,35036,"Presidente Prudente",3,"Sudeste",1,"353920",3,42,7,35,15,27,0,0,0,0,0,42,7,35,15,27,15,10.4585056443895,10.231135252931,0.379712118242771,31
"15843","SP","Pirapozinho",27754,34839.45,35036,"Presidente Prudente",3,"Sudeste",1,"353920",4,33,6,27,12,21,0,0,0,0,0,33,6,27,12,21,12,10.4585056443895,10.231135252931,0.418850760396724,30
"15844","SP","Pirapozinho",27754,34839.45,35036,"Presidente Prudente",3,"Sudeste",1,"353920",5,22,2,20,11,11,0,0,0,0,0,22,2,20,11,11,22,10.4585056443895,10.231135252931,0.407824208372793,31
"15845","SP","Pirapozinho",27754,34839.45,35036,"Presidente Prudente",3,"Sudeste",1,"353920",6,27,3,24,12,15,0,0,0,0,0,27,3,24,12,15,11,10.4585056443895,10.231135252931,0.380852660159958,30
"15846","SP","Pirapozinho",27754,34839.45,35036,"Presidente Prudente",3,"Sudeste",1,"353920",7,27,1,26,9,18,1,0,0,0,0,28,1,26,9,18,19,10.4585056443895,10.231135252931,0.371210713721816,29
"15847","SP","Pirassununga",76877,36765.67,35029,"Pirassununga",3,"Sudeste",1,"353930",2,131,20,111,40,91,0,0,0,0,0,131,20,111,40,91,54,10.5123198083185,11.2499620210306,0.297658322400382,29
"15848","SP","Pirassununga",76877,36765.67,35029,"Pirassununga",3,"Sudeste",1,"353930",3,129,18,111,35,94,2,0,0,0,0,131,18,111,35,94,57,10.5123198083185,11.2499620210306,0.385573368534329,31
"15849","SP","Pirassununga",76877,36765.67,35029,"Pirassununga",3,"Sudeste",1,"353930",4,72,12,60,25,47,0,0,0,0,0,72,12,60,25,47,45,10.5123198083185,11.2499620210306,0.449328298548127,30
"15850","SP","Pirassununga",76877,36765.67,35029,"Pirassununga",3,"Sudeste",1,"353930",5,61,8,53,26,35,0,0,0,0,0,61,8,53,26,35,52,10.5123198083185,11.2499620210306,0.426422034757725,31
"15851","SP","Pirassununga",76877,36765.67,35029,"Pirassununga",3,"Sudeste",1,"353930",6,67,17,50,20,47,0,0,0,0,0,67,17,50,20,47,45,10.5123198083185,11.2499620210306,0.394138959570467,30
"15852","SP","Pirassununga",76877,36765.67,35029,"Pirassununga",3,"Sudeste",1,"353930",7,74,11,63,18,56,0,0,0,0,0,74,11,63,18,56,51,10.5123198083185,11.2499620210306,0.401010531652952,29
"15853","SP","Piratininga",13765,17432.02,35020,"Bauru",3,"Sudeste",1,"353940",2,29,5,24,6,23,0,0,0,0,0,29,5,24,6,23,5,9.76606402393908,9.52988441757671,0.294445529924216,29
"15854","SP","Piratininga",13765,17432.02,35020,"Bauru",3,"Sudeste",1,"353940",3,29,4,25,5,24,0,0,0,0,0,29,4,25,5,24,12,9.76606402393908,9.52988441757671,0.383545617850658,31
"15855","SP","Piratininga",13765,17432.02,35020,"Bauru",3,"Sudeste",1,"353940",4,16,1,15,8,8,0,0,0,0,0,16,1,15,8,8,10,9.76606402393908,9.52988441757671,0.432561722989323,30
"15856","SP","Piratininga",13765,17432.02,35020,"Bauru",3,"Sudeste",1,"353940",5,13,1,12,2,11,0,0,0,0,0,13,1,12,2,11,15,9.76606402393908,9.52988441757671,0.413386302580477,31
"15857","SP","Piratininga",13765,17432.02,35020,"Bauru",3,"Sudeste",1,"353940",6,15,1,14,8,7,0,0,0,0,0,15,1,14,8,7,12,9.76606402393908,9.52988441757671,0.37205433186208,30
"15858","SP","Piratininga",13765,17432.02,35020,"Bauru",3,"Sudeste",1,"353940",7,8,1,7,2,6,0,0,0,0,0,8,1,7,2,6,12,9.76606402393908,9.52988441757671,0.351578864225258,29
"15859","SP","Pitangueiras",40080,27053.73,35013,"Jaboticabal",3,"Sudeste",1,"353950",2,62,17,45,22,40,0,0,0,0,0,62,17,45,22,40,15,10.2055801675594,10.5986327357587,0.312587055237425,29
"15860","SP","Pitangueiras",40080,27053.73,35013,"Jaboticabal",3,"Sudeste",1,"353950",3,61,15,46,23,38,1,0,0,0,0,62,15,46,23,38,19,10.2055801675594,10.5986327357587,0.38561795079785,31
"15861","SP","Pitangueiras",40080,27053.73,35013,"Jaboticabal",3,"Sudeste",1,"353950",4,38,4,34,11,27,0,0,0,0,0,38,4,34,11,27,17,10.2055801675594,10.5986327357587,0.41817345578698,30
"15862","SP","Pitangueiras",40080,27053.73,35013,"Jaboticabal",3,"Sudeste",1,"353950",5,54,13,41,18,36,0,0,0,0,0,54,13,41,18,36,25,10.2055801675594,10.5986327357587,0.386380692696604,31
"15863","SP","Pitangueiras",40080,27053.73,35013,"Jaboticabal",3,"Sudeste",1,"353950",6,48,17,31,11,37,0,0,0,0,0,48,17,31,11,37,17,10.2055801675594,10.5986327357587,0.379521914286315,30
"15864","SP","Pitangueiras",40080,27053.73,35013,"Jaboticabal",3,"Sudeste",1,"353950",7,31,10,21,9,22,1,0,0,0,0,32,10,21,9,22,24,10.2055801675594,10.5986327357587,0.370999256940974,29
"15865","SP","Planalto",5304,30164.36,35004,"São José do Rio Preto",3,"Sudeste",0,"353960",2,7,2,5,4,3,0,0,0,0,0,7,2,5,4,3,1,10.314416374008,8.5762165318657,0.343921613991256,29
"15866","SP","Planalto",5304,30164.36,35004,"São José do Rio Preto",3,"Sudeste",0,"353960",3,8,1,7,4,4,0,0,0,0,0,8,1,7,4,4,3,10.314416374008,8.5762165318657,0.365591982767352,31
"15867","SP","Planalto",5304,30164.36,35004,"São José do Rio Preto",3,"Sudeste",0,"353960",4,5,1,4,1,4,0,0,0,0,0,5,1,4,1,4,4,10.314416374008,8.5762165318657,0.407756263379501,30
"15868","SP","Planalto",5304,30164.36,35004,"São José do Rio Preto",3,"Sudeste",0,"353960",5,7,3,4,3,4,0,0,0,0,0,7,3,4,3,4,1,10.314416374008,8.5762165318657,0.38913969676742,31
"15869","SP","Planalto",5304,30164.36,35004,"São José do Rio Preto",3,"Sudeste",0,"353960",6,4,0,4,1,3,0,0,0,0,0,4,0,4,1,3,4,10.314416374008,8.5762165318657,0.384056603281589,30
"15870","SP","Planalto",5304,30164.36,35004,"São José do Rio Preto",3,"Sudeste",0,"353960",7,5,0,5,2,3,0,0,0,0,0,5,0,5,2,3,5,10.314416374008,8.5762165318657,0.410174138229309,29
"15871","SP","Poá",118349,39992.89,35062,"Mogi das Cruzes",3,"Sudeste",1,"353980",2,190,18,172,66,124,1,0,0,0,0,191,18,172,66,124,56,10.5964569672967,11.6813931653923,0.311510841825451,29
"15872","SP","Poá",118349,39992.89,35062,"Mogi das Cruzes",3,"Sudeste",1,"353980",3,196,16,180,75,121,0,0,0,0,0,196,16,180,75,121,68,10.5964569672967,11.6813931653923,0.415489646087483,31
"15873","SP","Poá",118349,39992.89,35062,"Mogi das Cruzes",3,"Sudeste",1,"353980",4,117,14,103,35,82,3,0,0,0,0,120,14,103,35,82,71,10.5964569672967,11.6813931653923,0.49450090910802,30
"15874","SP","Poá",118349,39992.89,35062,"Mogi das Cruzes",3,"Sudeste",1,"353980",5,111,11,100,37,74,3,0,0,0,0,114,11,100,37,74,93,10.5964569672967,11.6813931653923,0.457021671232862,31
"15875","SP","Poá",118349,39992.89,35062,"Mogi das Cruzes",3,"Sudeste",1,"353980",6,125,12,113,51,74,2,0,0,0,0,127,12,113,51,74,82,10.5964569672967,11.6813931653923,0.421123157284809,30
"15876","SP","Poá",118349,39992.89,35062,"Mogi das Cruzes",3,"Sudeste",1,"353980",7,110,10,100,29,81,0,0,0,0,0,110,10,100,29,81,79,10.5964569672967,11.6813931653923,0.411517567806192,29
"15877","SP","Poloni",6113,21985.92,35007,"Nhandeara",3,"Sudeste",0,"353990",2,11,1,10,3,8,0,0,0,0,0,11,1,10,3,8,4,9.99815752745303,8.71817293002873,0.275067860788448,29
"15878","SP","Poloni",6113,21985.92,35007,"Nhandeara",3,"Sudeste",0,"353990",3,11,4,7,4,7,0,0,0,0,0,11,4,7,4,7,7,9.99815752745303,8.71817293002873,0.345085208196974,31
"15879","SP","Poloni",6113,21985.92,35007,"Nhandeara",3,"Sudeste",0,"353990",4,5,1,4,2,3,0,0,0,0,0,5,1,4,2,3,3,9.99815752745303,8.71817293002873,0.377710828068221,30
"15880","SP","Poloni",6113,21985.92,35007,"Nhandeara",3,"Sudeste",0,"353990",5,9,3,6,3,6,0,0,0,0,0,9,3,6,3,6,5,9.99815752745303,8.71817293002873,0.354738008605587,31
"15881","SP","Poloni",6113,21985.92,35007,"Nhandeara",3,"Sudeste",0,"353990",6,4,3,1,2,2,0,0,0,0,0,4,3,1,2,2,5,9.99815752745303,8.71817293002873,0.315520763311989,30
"15882","SP","Poloni",6113,21985.92,35007,"Nhandeara",3,"Sudeste",0,"353990",7,5,1,4,2,3,0,0,0,0,0,5,1,4,2,3,3,9.99815752745303,8.71817293002873,0.351937374993632,29
"15883","SP","Pompéia",22172,56951.86,35038,"Marília",3,"Sudeste",1,"354000",2,23,0,23,3,20,0,0,0,0,0,23,0,23,3,20,10,10.9499616285703,10.0065855105397,0.294855229726939,29
"15884","SP","Pompéia",22172,56951.86,35038,"Marília",3,"Sudeste",1,"354000",3,37,3,34,10,27,0,0,0,0,0,37,3,34,10,27,11,10.9499616285703,10.0065855105397,0.387631948219944,31
"15885","SP","Pompéia",22172,56951.86,35038,"Marília",3,"Sudeste",1,"354000",4,17,0,17,5,12,0,0,0,0,0,17,0,17,5,12,18,10.9499616285703,10.0065855105397,0.449792611918987,30
"15886","SP","Pompéia",22172,56951.86,35038,"Marília",3,"Sudeste",1,"354000",5,22,2,20,6,16,0,0,0,0,0,22,2,20,6,16,14,10.9499616285703,10.0065855105397,0.408364813497908,31
"15887","SP","Pompéia",22172,56951.86,35038,"Marília",3,"Sudeste",1,"354000",6,12,1,11,2,10,0,0,0,0,0,12,1,11,2,10,12,10.9499616285703,10.0065855105397,0.3767360889664,30
"15888","SP","Pompéia",22172,56951.86,35038,"Marília",3,"Sudeste",1,"354000",7,14,2,12,5,9,0,0,0,0,0,14,2,12,5,9,14,10.9499616285703,10.0065855105397,0.361993682493578,29
"15889","SP","Pontal",50852,23772.76,35014,"Ribeirão Preto",3,"Sudeste",1,"354020",2,66,9,57,24,42,0,0,0,0,0,66,9,57,24,42,19,10.0762956663608,10.83667473207,0.317202011274718,29
"15890","SP","Pontal",50852,23772.76,35014,"Ribeirão Preto",3,"Sudeste",1,"354020",3,56,8,48,21,35,0,0,0,0,0,56,8,48,21,35,23,10.0762956663608,10.83667473207,0.395073298680427,31
"15891","SP","Pontal",50852,23772.76,35014,"Ribeirão Preto",3,"Sudeste",1,"354020",4,48,13,35,19,29,0,0,0,0,0,48,13,35,19,29,14,10.0762956663608,10.83667473207,0.426232856674533,30
"15892","SP","Pontal",50852,23772.76,35014,"Ribeirão Preto",3,"Sudeste",1,"354020",5,51,12,39,20,31,0,0,0,0,0,51,12,39,20,31,17,10.0762956663608,10.83667473207,0.389670925398332,31
"15893","SP","Pontal",50852,23772.76,35014,"Ribeirão Preto",3,"Sudeste",1,"354020",6,52,11,41,20,32,0,0,0,0,0,52,11,41,20,32,29,10.0762956663608,10.83667473207,0.39474689138138,30
"15894","SP","Pontal",50852,23772.76,35014,"Ribeirão Preto",3,"Sudeste",1,"354020",7,30,6,24,13,17,0,0,0,0,0,30,6,24,13,17,44,10.0762956663608,10.83667473207,0.402276686399793,29
"15895","SP","Populina",4152,22982.84,35001,"Jales",3,"Sudeste",0,"354040",2,7,1,6,2,5,0,0,0,0,0,7,1,6,2,5,3,10.0425031294934,8.33134542484572,0.278232694164935,29
"15896","SP","Populina",4152,22982.84,35001,"Jales",3,"Sudeste",0,"354040",3,7,1,6,3,4,0,0,0,0,0,7,1,6,3,4,4,10.0425031294934,8.33134542484572,0.372096983620318,31
"15897","SP","Populina",4152,22982.84,35001,"Jales",3,"Sudeste",0,"354040",4,3,1,2,2,1,0,0,0,0,0,3,1,2,2,1,6,10.0425031294934,8.33134542484572,0.450674227726336,30
"15898","SP","Populina",4152,22982.84,35001,"Jales",3,"Sudeste",0,"354040",5,3,0,3,2,1,0,0,0,0,0,3,0,3,2,1,3,10.0425031294934,8.33134542484572,0.386903448017898,31
"15899","SP","Populina",4152,22982.84,35001,"Jales",3,"Sudeste",0,"354040",6,2,0,2,0,2,0,0,0,0,0,2,0,2,0,2,5,10.0425031294934,8.33134542484572,0.370643704962663,30
"15900","SP","Populina",4152,22982.84,35001,"Jales",3,"Sudeste",0,"354040",7,5,1,4,2,3,0,0,0,0,0,5,1,4,2,3,6,10.0425031294934,8.33134542484572,0.374880230488271,29
"15901","SP","Porangaba",10067,18026.55,35043,"Tatuí",3,"Sudeste",0,"354050",2,13,5,8,4,9,0,0,0,0,0,13,5,8,4,9,6,9.7996009501343,9.21701802672942,0.295306019632048,29
"15902","SP","Porangaba",10067,18026.55,35043,"Tatuí",3,"Sudeste",0,"354050",3,12,2,10,3,9,0,0,0,0,0,12,2,10,3,9,7,9.7996009501343,9.21701802672942,0.394274034659946,31
"15903","SP","Porangaba",10067,18026.55,35043,"Tatuí",3,"Sudeste",0,"354050",4,15,1,14,4,11,0,0,0,0,0,15,1,14,4,11,12,9.7996009501343,9.21701802672942,0.459710131159261,30
"15904","SP","Porangaba",10067,18026.55,35043,"Tatuí",3,"Sudeste",0,"354050",5,8,4,4,2,6,0,0,0,0,0,8,4,4,2,6,4,9.7996009501343,9.21701802672942,0.445568796755351,31
"15905","SP","Porangaba",10067,18026.55,35043,"Tatuí",3,"Sudeste",0,"354050",6,8,0,8,2,6,0,0,0,0,0,8,0,8,2,6,12,9.7996009501343,9.21701802672942,0.4246302401904,30
"15906","SP","Porangaba",10067,18026.55,35043,"Tatuí",3,"Sudeste",0,"354050",7,14,2,12,8,6,0,0,0,0,0,14,2,12,8,6,8,9.7996009501343,9.21701802672942,0.418308623806988,29
"15907","SP","Porto Feliz",53402,49253.38,35046,"Sorocaba",3,"Sudeste",1,"354060",2,101,10,91,44,57,0,0,0,0,0,101,10,91,44,57,21,10.804733273687,10.8856034774305,0.300856367306695,29
"15908","SP","Porto Feliz",53402,49253.38,35046,"Sorocaba",3,"Sudeste",1,"354060",3,89,13,76,27,62,0,0,0,0,0,89,13,76,27,62,34,10.804733273687,10.8856034774305,0.393934811462027,31
"15909","SP","Porto Feliz",53402,49253.38,35046,"Sorocaba",3,"Sudeste",1,"354060",4,57,10,47,19,38,0,0,0,0,0,57,10,47,19,38,17,10.804733273687,10.8856034774305,0.448729686004833,30
"15910","SP","Porto Feliz",53402,49253.38,35046,"Sorocaba",3,"Sudeste",1,"354060",5,57,11,46,18,39,2,0,0,0,0,59,11,46,18,39,38,10.804733273687,10.8856034774305,0.414410189559499,31
"15911","SP","Porto Feliz",53402,49253.38,35046,"Sorocaba",3,"Sudeste",1,"354060",6,50,11,39,20,30,0,0,0,0,0,50,11,39,20,30,39,10.804733273687,10.8856034774305,0.385252334617661,30
"15912","SP","Porto Feliz",53402,49253.38,35046,"Sorocaba",3,"Sudeste",1,"354060",7,68,9,59,21,47,2,0,0,0,0,70,9,59,21,47,36,10.804733273687,10.8856034774305,0.385025325743916,29
"15913","SP","Porto Ferreira",56504,36767.59,35029,"Pirassununga",3,"Sudeste",1,"354070",2,81,19,62,24,57,0,0,0,0,0,81,19,62,24,57,29,10.5123720295854,10.9420667110888,0.318678278030884,29
"15914","SP","Porto Ferreira",56504,36767.59,35029,"Pirassununga",3,"Sudeste",1,"354070",3,77,25,52,28,49,1,0,0,0,0,78,25,52,28,49,39,10.5123720295854,10.9420667110888,0.407789663265955,31
"15915","SP","Porto Ferreira",56504,36767.59,35029,"Pirassununga",3,"Sudeste",1,"354070",4,59,20,39,29,30,0,0,0,0,0,59,20,39,29,30,26,10.5123720295854,10.9420667110888,0.481980212847382,30
"15916","SP","Porto Ferreira",56504,36767.59,35029,"Pirassununga",3,"Sudeste",1,"354070",5,49,12,37,20,29,1,0,0,0,0,50,12,37,20,29,34,10.5123720295854,10.9420667110888,0.42063006005284,31
"15917","SP","Porto Ferreira",56504,36767.59,35029,"Pirassununga",3,"Sudeste",1,"354070",6,50,15,35,17,33,0,0,0,0,0,50,15,35,17,33,29,10.5123720295854,10.9420667110888,0.39607079707398,30
"15918","SP","Porto Ferreira",56504,36767.59,35029,"Pirassununga",3,"Sudeste",1,"354070",7,50,8,42,17,33,1,0,0,0,0,51,8,42,17,33,52,10.5123720295854,10.9420667110888,0.410165500627524,29
"15919","SP","Potim",25130,9005.43,35051,"Guaratinguetá",3,"Sudeste",1,"354075",2,46,10,36,14,32,1,0,0,0,0,47,10,36,14,32,5,9.10558300771931,10.1318176305376,0.332662581494476,29
"15920","SP","Potim",25130,9005.43,35051,"Guaratinguetá",3,"Sudeste",1,"354075",3,43,11,32,21,22,0,0,0,0,0,43,11,32,21,22,12,9.10558300771931,10.1318176305376,0.434286437236584,31
"15921","SP","Potim",25130,9005.43,35051,"Guaratinguetá",3,"Sudeste",1,"354075",4,23,2,21,9,14,0,0,0,0,0,23,2,21,9,14,7,9.10558300771931,10.1318176305376,0.490806121120529,30
"15922","SP","Potim",25130,9005.43,35051,"Guaratinguetá",3,"Sudeste",1,"354075",5,30,5,25,12,18,0,0,0,0,0,30,5,25,12,18,20,9.10558300771931,10.1318176305376,0.444235579021835,31
"15923","SP","Potim",25130,9005.43,35051,"Guaratinguetá",3,"Sudeste",1,"354075",6,19,5,14,7,12,0,0,0,0,0,19,5,14,7,12,5,9.10558300771931,10.1318176305376,0.409983350377782,30
"15924","SP","Potim",25130,9005.43,35051,"Guaratinguetá",3,"Sudeste",1,"354075",7,26,5,21,14,12,0,0,0,0,0,26,5,21,14,12,9,9.10558300771931,10.1318176305376,0.418750101716265,29
"15925","SP","Potirendaba",17516,29949.39,35004,"São José do Rio Preto",3,"Sudeste",1,"354080",2,30,7,23,12,18,0,0,0,0,0,30,7,23,12,18,18,10.3072642360574,9.77087002792129,0.276307924420659,29
"15926","SP","Potirendaba",17516,29949.39,35004,"São José do Rio Preto",3,"Sudeste",1,"354080",3,32,7,25,11,21,0,0,0,0,0,32,7,25,11,21,10,10.3072642360574,9.77087002792129,0.343820575695753,31
"15927","SP","Potirendaba",17516,29949.39,35004,"São José do Rio Preto",3,"Sudeste",1,"354080",4,23,6,17,12,11,0,0,0,0,0,23,6,17,12,11,10,10.3072642360574,9.77087002792129,0.381087428396239,30
"15928","SP","Potirendaba",17516,29949.39,35004,"São José do Rio Preto",3,"Sudeste",1,"354080",5,12,2,10,4,8,0,0,0,0,0,12,2,10,4,8,10,10.3072642360574,9.77087002792129,0.349676671601198,31
"15929","SP","Potirendaba",17516,29949.39,35004,"São José do Rio Preto",3,"Sudeste",1,"354080",6,17,4,13,7,10,0,0,0,0,0,17,4,13,7,10,13,10.3072642360574,9.77087002792129,0.337405525454381,30
"15930","SP","Potirendaba",17516,29949.39,35004,"São José do Rio Preto",3,"Sudeste",1,"354080",7,21,7,14,6,15,0,0,0,0,0,21,7,14,6,15,15,10.3072642360574,9.77087002792129,0.33984610242647,29
"15931","SP","Pradópolis",21873,40977.09,35014,"Ribeirão Preto",3,"Sudeste",1,"354090",2,29,6,23,10,19,0,0,0,0,0,29,6,23,10,19,11,10.6207684090226,9.99300827847454,0.291694466139312,29
"15932","SP","Pradópolis",21873,40977.09,35014,"Ribeirão Preto",3,"Sudeste",1,"354090",3,19,6,13,5,14,0,0,0,0,0,19,6,13,5,14,11,10.6207684090226,9.99300827847454,0.357342530918331,31
"15933","SP","Pradópolis",21873,40977.09,35014,"Ribeirão Preto",3,"Sudeste",1,"354090",4,21,4,17,10,11,0,0,0,0,0,21,4,17,10,11,5,10.6207684090226,9.99300827847454,0.409273096636036,30
"15934","SP","Pradópolis",21873,40977.09,35014,"Ribeirão Preto",3,"Sudeste",1,"354090",5,12,0,12,1,11,0,0,0,0,0,12,0,12,1,11,12,10.6207684090226,9.99300827847454,0.375935695867374,31
"15935","SP","Pradópolis",21873,40977.09,35014,"Ribeirão Preto",3,"Sudeste",1,"354090",6,15,2,13,8,7,0,0,0,0,0,15,2,13,8,7,21,10.6207684090226,9.99300827847454,0.386919747514271,30
"15936","SP","Pradópolis",21873,40977.09,35014,"Ribeirão Preto",3,"Sudeste",1,"354090",7,19,8,11,8,11,0,0,0,0,0,19,8,11,8,11,11,10.6207684090226,9.99300827847454,0.37590560580738,29
"15937","SP","Praia Grande",330845,22064.57,35063,"Santos",3,"Sudeste",1,"354100",2,613,89,524,199,414,3,0,0,0,0,616,89,524,199,414,193,10.001728433637,12.7094052667372,0.305856406845393,29
"15938","SP","Praia Grande",330845,22064.57,35063,"Santos",3,"Sudeste",1,"354100",3,634,104,530,189,445,4,0,0,0,0,638,104,530,189,445,221,10.001728433637,12.7094052667372,0.408825059636991,31
"15939","SP","Praia Grande",330845,22064.57,35063,"Santos",3,"Sudeste",1,"354100",4,405,88,317,134,271,1,0,0,0,0,406,88,317,134,271,228,10.001728433637,12.7094052667372,0.474486227687263,30
"15940","SP","Praia Grande",330845,22064.57,35063,"Santos",3,"Sudeste",1,"354100",5,421,100,321,128,293,3,0,0,0,0,424,100,321,128,293,243,10.001728433637,12.7094052667372,0.436128120849335,31
"15941","SP","Praia Grande",330845,22064.57,35063,"Santos",3,"Sudeste",1,"354100",6,397,66,331,137,260,5,0,0,0,0,402,66,331,137,260,297,10.001728433637,12.7094052667372,0.405123327695482,30
"15942","SP","Praia Grande",330845,22064.57,35063,"Santos",3,"Sudeste",1,"354100",7,389,59,330,138,251,4,0,0,0,0,393,59,330,138,251,259,10.001728433637,12.7094052667372,0.398409707129963,29
"15943","SP","Pratânia",5317,25213.86,35023,"Botucatu",3,"Sudeste",0,"354105",2,8,4,4,1,7,0,0,0,0,0,8,4,4,1,7,5,10.135149122305,8.57866451350434,0.35074460869429,29
"15944","SP","Pratânia",5317,25213.86,35023,"Botucatu",3,"Sudeste",0,"354105",3,9,5,4,2,7,0,0,0,0,0,9,5,4,2,7,3,10.135149122305,8.57866451350434,0.41877544404143,31
"15945","SP","Pratânia",5317,25213.86,35023,"Botucatu",3,"Sudeste",0,"354105",4,11,3,8,7,4,0,0,0,0,0,11,3,8,7,4,4,10.135149122305,8.57866451350434,0.444394251683477,30
"15946","SP","Pratânia",5317,25213.86,35023,"Botucatu",3,"Sudeste",0,"354105",5,9,2,7,4,5,0,0,0,0,0,9,2,7,4,5,1,10.135149122305,8.57866451350434,0.42316783281486,31
"15947","SP","Pratânia",5317,25213.86,35023,"Botucatu",3,"Sudeste",0,"354105",6,9,2,7,1,8,0,0,0,0,0,9,2,7,1,8,4,10.135149122305,8.57866451350434,0.403712893650725,30
"15948","SP","Pratânia",5317,25213.86,35023,"Botucatu",3,"Sudeste",0,"354105",7,7,3,4,6,1,0,0,0,0,0,7,3,4,6,1,1,10.135149122305,8.57866451350434,0.390985815016736,29
"15949","SP","Presidente Alves",4080,17861.26,35020,"Bauru",3,"Sudeste",0,"354110",2,1,0,1,1,0,0,0,0,0,0,1,0,1,1,0,2,9.79038940065425,8.31385226739821,0.324166923541629,29
"15950","SP","Presidente Alves",4080,17861.26,35020,"Bauru",3,"Sudeste",0,"354110",3,8,0,8,4,4,0,0,0,0,0,8,0,8,4,4,2,9.79038940065425,8.31385226739821,0.379536909435672,31
"15951","SP","Presidente Alves",4080,17861.26,35020,"Bauru",3,"Sudeste",0,"354110",4,4,1,3,2,2,0,0,0,0,0,4,1,3,2,2,5,9.79038940065425,8.31385226739821,0.385773602387647,30
"15952","SP","Presidente Alves",4080,17861.26,35020,"Bauru",3,"Sudeste",0,"354110",5,6,1,5,5,1,0,0,0,0,0,6,1,5,5,1,2,9.79038940065425,8.31385226739821,0.393713006395947,31
"15953","SP","Presidente Alves",4080,17861.26,35020,"Bauru",3,"Sudeste",0,"354110",6,9,2,7,2,7,0,0,0,0,0,9,2,7,2,7,1,9.79038940065425,8.31385226739821,0.349253177287079,30
"15954","SP","Presidente Alves",4080,17861.26,35020,"Bauru",3,"Sudeste",0,"354110",7,2,1,1,0,2,0,0,0,0,0,2,1,1,0,2,4,9.79038940065425,8.31385226739821,0.329511186401371,29
"15955","SP","Presidente Bernardes",13023,20494.34,35036,"Presidente Prudente",3,"Sudeste",1,"354120",2,20,4,16,8,12,0,0,0,0,0,20,4,16,8,12,8,9.92790402944357,9.4744723039677,0.291482100569677,29
"15956","SP","Presidente Bernardes",13023,20494.34,35036,"Presidente Prudente",3,"Sudeste",1,"354120",3,26,2,24,5,21,0,0,0,0,0,26,2,24,5,21,14,9.92790402944357,9.4744723039677,0.369875046719126,31
"15957","SP","Presidente Bernardes",13023,20494.34,35036,"Presidente Prudente",3,"Sudeste",1,"354120",4,12,3,9,4,8,0,0,0,0,0,12,3,9,4,8,5,9.92790402944357,9.4744723039677,0.415867244338892,30
"15958","SP","Presidente Bernardes",13023,20494.34,35036,"Presidente Prudente",3,"Sudeste",1,"354120",5,10,1,9,3,7,0,0,0,0,0,10,1,9,3,7,7,9.92790402944357,9.4744723039677,0.419012306141289,31
"15959","SP","Presidente Bernardes",13023,20494.34,35036,"Presidente Prudente",3,"Sudeste",1,"354120",6,7,2,5,2,5,0,0,0,0,0,7,2,5,2,5,12,9.92790402944357,9.4744723039677,0.376198782710039,30
"15960","SP","Presidente Bernardes",13023,20494.34,35036,"Presidente Prudente",3,"Sudeste",1,"354120",7,7,1,6,1,6,1,0,0,0,0,8,1,6,1,6,16,9.92790402944357,9.4744723039677,0.372052775405164,29
"15961","SP","Presidente Epitácio",44389,19364.06,35036,"Presidente Prudente",3,"Sudeste",1,"354130",2,72,8,64,35,37,1,0,0,0,0,73,8,64,35,37,31,9.87117404958815,10.700746969978,0.318028370546604,29
"15962","SP","Presidente Epitácio",44389,19364.06,35036,"Presidente Prudente",3,"Sudeste",1,"354130",3,59,4,55,27,32,1,0,0,0,0,60,4,55,27,32,19,9.87117404958815,10.700746969978,0.40378386100245,31
"15963","SP","Presidente Epitácio",44389,19364.06,35036,"Presidente Prudente",3,"Sudeste",1,"354130",4,52,8,44,19,33,2,0,0,0,0,54,8,44,19,33,21,9.87117404958815,10.700746969978,0.436895319574084,30
"15964","SP","Presidente Epitácio",44389,19364.06,35036,"Presidente Prudente",3,"Sudeste",1,"354130",5,36,6,30,13,23,0,0,0,0,0,36,6,30,13,23,29,9.87117404958815,10.700746969978,0.416730670860996,31
"15965","SP","Presidente Epitácio",44389,19364.06,35036,"Presidente Prudente",3,"Sudeste",1,"354130",6,41,3,38,14,27,0,0,0,0,0,41,3,38,14,27,32,9.87117404958815,10.700746969978,0.390225278541927,30
"15966","SP","Presidente Epitácio",44389,19364.06,35036,"Presidente Prudente",3,"Sudeste",1,"354130",7,30,0,30,8,22,0,0,0,0,0,30,0,30,8,22,41,9.87117404958815,10.700746969978,0.393547329406999,29
"15967","SP","Presidente Prudente",230371,35207.07,35036,"Presidente Prudente",3,"Sudeste",1,"354140",2,383,35,348,106,277,1,0,0,0,0,384,35,348,106,277,133,10.4690021936908,12.3474463318263,0.297654685778944,29
"15968","SP","Presidente Prudente",230371,35207.07,35036,"Presidente Prudente",3,"Sudeste",1,"354140",3,408,52,356,123,285,2,0,0,0,0,410,52,356,123,285,145,10.4690021936908,12.3474463318263,0.390603682747043,31
"15969","SP","Presidente Prudente",230371,35207.07,35036,"Presidente Prudente",3,"Sudeste",1,"354140",4,244,33,211,72,172,0,0,0,0,0,244,33,211,72,172,135,10.4690021936908,12.3474463318263,0.450818427012821,30
"15970","SP","Presidente Prudente",230371,35207.07,35036,"Presidente Prudente",3,"Sudeste",1,"354140",5,227,24,203,72,155,3,0,0,0,0,230,24,203,72,155,160,10.4690021936908,12.3474463318263,0.415889176745421,31
"15971","SP","Presidente Prudente",230371,35207.07,35036,"Presidente Prudente",3,"Sudeste",1,"354140",6,231,28,203,71,160,1,0,0,0,0,232,28,203,71,160,169,10.4690021936908,12.3474463318263,0.383914920405577,30
"15972","SP","Presidente Prudente",230371,35207.07,35036,"Presidente Prudente",3,"Sudeste",1,"354140",7,218,25,193,58,160,2,0,0,0,0,220,25,193,58,160,150,10.4690021936908,12.3474463318263,0.376875579075335,29
"15973","SP","Presidente Venceslau",39583,18163.42,35036,"Presidente Prudente",3,"Sudeste",1,"354150",2,46,8,38,16,30,0,0,0,0,0,46,8,38,16,30,19,9.80716496041536,10.5861550121407,0.301161055987804,29
"15974","SP","Presidente Venceslau",39583,18163.42,35036,"Presidente Prudente",3,"Sudeste",1,"354150",3,58,8,50,21,37,0,0,0,0,0,58,8,50,21,37,28,9.80716496041536,10.5861550121407,0.389780226036807,31
"15975","SP","Presidente Venceslau",39583,18163.42,35036,"Presidente Prudente",3,"Sudeste",1,"354150",4,42,5,37,11,31,1,0,0,0,0,43,5,37,11,31,25,9.80716496041536,10.5861550121407,0.444071861768488,30
"15976","SP","Presidente Venceslau",39583,18163.42,35036,"Presidente Prudente",3,"Sudeste",1,"354150",5,31,3,28,5,26,0,0,0,0,0,31,3,28,5,26,27,9.80716496041536,10.5861550121407,0.415754404754458,31
"15977","SP","Presidente Venceslau",39583,18163.42,35036,"Presidente Prudente",3,"Sudeste",1,"354150",6,10,0,10,2,8,0,0,0,0,0,10,0,10,2,8,19,9.80716496041536,10.5861550121407,0.381729181213183,30
"15978","SP","Presidente Venceslau",39583,18163.42,35036,"Presidente Prudente",3,"Sudeste",1,"354150",7,32,5,27,9,23,0,0,0,0,0,32,5,27,9,23,31,9.80716496041536,10.5861550121407,0.385086763754438,29
"15979","SP","Promissão",40828,40628.23,35019,"Lins",3,"Sudeste",1,"354160",2,42,17,25,13,29,0,0,0,0,0,42,17,25,13,29,13,10.6122184241638,10.6171233995234,0.310149088528564,29
"15980","SP","Promissão",40828,40628.23,35019,"Lins",3,"Sudeste",1,"354160",3,59,9,50,20,39,0,0,0,0,0,59,9,50,20,39,21,10.6122184241638,10.6171233995234,0.380756318600515,31
"15981","SP","Promissão",40828,40628.23,35019,"Lins",3,"Sudeste",1,"354160",4,35,6,29,16,19,0,0,0,0,0,35,6,29,16,19,19,10.6122184241638,10.6171233995234,0.413338856598786,30
"15982","SP","Promissão",40828,40628.23,35019,"Lins",3,"Sudeste",1,"354160",5,34,9,25,15,19,0,0,0,0,0,34,9,25,15,19,25,10.6122184241638,10.6171233995234,0.389089365688032,31
"15983","SP","Promissão",40828,40628.23,35019,"Lins",3,"Sudeste",1,"354160",6,33,6,27,13,20,0,0,0,0,0,33,6,27,13,20,28,10.6122184241638,10.6171233995234,0.370075654243127,30
"15984","SP","Promissão",40828,40628.23,35019,"Lins",3,"Sudeste",1,"354160",7,39,11,28,18,21,0,0,0,0,0,39,11,28,18,21,43,10.6122184241638,10.6171233995234,0.372151822678695,29
"15985","SP","Quatá",14210,32860.67,35039,"Assis",3,"Sudeste",1,"354170",2,30,7,23,16,14,0,0,0,0,0,30,7,23,16,14,13,10.4000317809147,9.56170122109115,0.285941195613487,29
"15986","SP","Quatá",14210,32860.67,35039,"Assis",3,"Sudeste",1,"354170",3,24,3,21,8,16,0,0,0,0,0,24,3,21,8,16,6,10.4000317809147,9.56170122109115,0.366852106150752,31
"15987","SP","Quatá",14210,32860.67,35039,"Assis",3,"Sudeste",1,"354170",4,8,1,7,6,2,0,0,0,0,0,8,1,7,6,2,3,10.4000317809147,9.56170122109115,0.391488858510931,30
"15988","SP","Quatá",14210,32860.67,35039,"Assis",3,"Sudeste",1,"354170",5,13,1,12,6,7,0,0,0,0,0,13,1,12,6,7,6,10.4000317809147,9.56170122109115,0.389692737029922,31
"15989","SP","Quatá",14210,32860.67,35039,"Assis",3,"Sudeste",1,"354170",6,13,1,12,4,9,0,0,0,0,0,13,1,12,4,9,4,10.4000317809147,9.56170122109115,0.373600598944145,30
"15990","SP","Quatá",14210,32860.67,35039,"Assis",3,"Sudeste",1,"354170",7,16,0,16,4,12,0,0,0,0,0,16,0,16,4,12,5,10.4000317809147,9.56170122109115,0.354943988282049,29
"15991","SP","Queluz",13606,25423.85,35051,"Guaratinguetá",3,"Sudeste",0,"354190",2,16,2,14,6,10,0,0,0,0,0,16,2,14,6,10,3,10.143442988822,9.51826615090501,0.323605898675588,29
"15992","SP","Queluz",13606,25423.85,35051,"Guaratinguetá",3,"Sudeste",0,"354190",3,15,2,13,8,7,0,0,0,0,0,15,2,13,8,7,8,10.143442988822,9.51826615090501,0.405724019098459,31
"15993","SP","Queluz",13606,25423.85,35051,"Guaratinguetá",3,"Sudeste",0,"354190",4,6,2,4,1,5,0,0,0,0,0,6,2,4,1,5,13,10.143442988822,9.51826615090501,0.466558400926759,30
"15994","SP","Queluz",13606,25423.85,35051,"Guaratinguetá",3,"Sudeste",0,"354190",5,14,4,10,5,9,0,0,0,0,0,14,4,10,5,9,8,10.143442988822,9.51826615090501,0.452462917619087,31
"15995","SP","Queluz",13606,25423.85,35051,"Guaratinguetá",3,"Sudeste",0,"354190",6,15,5,10,5,10,0,0,0,0,0,15,5,10,5,10,6,10.143442988822,9.51826615090501,0.446950775995653,30
"15996","SP","Queluz",13606,25423.85,35051,"Guaratinguetá",3,"Sudeste",0,"354190",7,10,3,7,3,7,0,0,0,0,0,10,3,7,3,7,3,10.143442988822,9.51826615090501,0.429307392744134,29
"15997","SP","Quintana",6688,26261.02,35037,"Tupã",3,"Sudeste",0,"354200",2,16,1,15,5,11,0,0,0,0,0,16,1,15,5,11,6,10.1758409894482,8.80807015476454,0.289989687587215,29
"15998","SP","Quintana",6688,26261.02,35037,"Tupã",3,"Sudeste",0,"354200",3,16,3,13,5,11,0,0,0,0,0,16,3,13,5,11,9,10.1758409894482,8.80807015476454,0.363954624879588,31
"15999","SP","Quintana",6688,26261.02,35037,"Tupã",3,"Sudeste",0,"354200",4,7,2,5,0,7,0,0,0,0,0,7,2,5,0,7,4,10.1758409894482,8.80807015476454,0.411971116617044,30
"16000","SP","Quintana",6688,26261.02,35037,"Tupã",3,"Sudeste",0,"354200",5,8,1,7,6,2,0,0,0,0,0,8,1,7,6,2,8,10.1758409894482,8.80807015476454,0.399787531639914,31
"16001","SP","Quintana",6688,26261.02,35037,"Tupã",3,"Sudeste",0,"354200",6,10,0,10,3,7,0,0,0,0,0,10,0,10,3,7,3,10.1758409894482,8.80807015476454,0.385983854044541,30
"16002","SP","Quintana",6688,26261.02,35037,"Tupã",3,"Sudeste",0,"354200",7,8,0,8,3,5,0,0,0,0,0,8,0,8,3,5,4,10.1758409894482,8.80807015476454,0.353770897786781,29
"16003","SP","Rafard",9101,35586.08,35028,"Piracicaba",3,"Sudeste",1,"354210",2,7,1,6,2,5,0,0,0,0,0,7,1,6,2,5,3,10.4797098291393,9.11613957657736,0.324512939785896,29
"16004","SP","Rafard",9101,35586.08,35028,"Piracicaba",3,"Sudeste",1,"354210",3,10,0,10,5,5,0,0,0,0,0,10,0,10,5,5,4,10.4797098291393,9.11613957657736,0.413747592471805,31
"16005","SP","Rafard",9101,35586.08,35028,"Piracicaba",3,"Sudeste",1,"354210",4,9,2,7,4,5,0,0,0,0,0,9,2,7,4,5,4,10.4797098291393,9.11613957657736,0.490752828646351,30
"16006","SP","Rafard",9101,35586.08,35028,"Piracicaba",3,"Sudeste",1,"354210",5,5,1,4,5,0,0,0,0,0,0,5,1,4,5,0,2,10.4797098291393,9.11613957657736,0.411291157638477,31
"16007","SP","Rafard",9101,35586.08,35028,"Piracicaba",3,"Sudeste",1,"354210",6,15,4,11,2,13,1,0,0,0,0,16,4,11,2,13,7,10.4797098291393,9.11613957657736,0.406748080364001,30
"16008","SP","Rafard",9101,35586.08,35028,"Piracicaba",3,"Sudeste",1,"354210",7,7,3,4,3,4,0,0,0,0,0,7,3,4,3,4,5,10.4797098291393,9.11613957657736,0.424693818104015,29
"16009","SP","Rancharia",29726,37222.41,35036,"Presidente Prudente",3,"Sudeste",1,"354220",2,39,9,30,12,27,0,0,0,0,0,39,9,30,12,27,12,10.5246662782344,10.2997773627088,0.286451831810961,29
"16010","SP","Rancharia",29726,37222.41,35036,"Presidente Prudente",3,"Sudeste",1,"354220",3,56,8,48,27,29,0,0,0,0,0,56,8,48,27,29,23,10.5246662782344,10.2997773627088,0.373818376182285,31
"16011","SP","Rancharia",29726,37222.41,35036,"Presidente Prudente",3,"Sudeste",1,"354220",4,43,13,30,17,26,0,0,0,0,0,43,13,30,17,26,20,10.5246662782344,10.2997773627088,0.400622616084834,30
"16012","SP","Rancharia",29726,37222.41,35036,"Presidente Prudente",3,"Sudeste",1,"354220",5,36,2,34,8,28,0,0,0,0,0,36,2,34,8,28,19,10.5246662782344,10.2997773627088,0.391366777643202,31
"16013","SP","Rancharia",29726,37222.41,35036,"Presidente Prudente",3,"Sudeste",1,"354220",6,36,8,28,14,22,0,0,0,0,0,36,8,28,14,22,14,10.5246662782344,10.2997773627088,0.363769634984925,30
"16014","SP","Rancharia",29726,37222.41,35036,"Presidente Prudente",3,"Sudeste",1,"354220",7,23,2,21,5,18,0,0,0,0,0,23,2,21,5,18,20,10.5246662782344,10.2997773627088,0.373639424362177,29
"16015","SP","Regente Feijó",20394,35313.43,35036,"Presidente Prudente",3,"Sudeste",1,"354240",2,29,7,22,12,17,0,0,0,0,0,29,7,22,12,17,11,10.4720186238252,9.92299601892417,0.290748616804722,29
"16016","SP","Regente Feijó",20394,35313.43,35036,"Presidente Prudente",3,"Sudeste",1,"354240",3,32,5,27,8,24,0,0,0,0,0,32,5,27,8,24,9,10.4720186238252,9.92299601892417,0.378525483295778,31
"16017","SP","Regente Feijó",20394,35313.43,35036,"Presidente Prudente",3,"Sudeste",1,"354240",4,28,2,26,8,20,0,0,0,0,0,28,2,26,8,20,14,10.4720186238252,9.92299601892417,0.421552476315519,30
"16018","SP","Regente Feijó",20394,35313.43,35036,"Presidente Prudente",3,"Sudeste",1,"354240",5,21,6,15,7,14,0,0,0,0,0,21,6,15,7,14,8,10.4720186238252,9.92299601892417,0.39043848889622,31
"16019","SP","Regente Feijó",20394,35313.43,35036,"Presidente Prudente",3,"Sudeste",1,"354240",6,19,7,12,5,14,0,0,0,0,0,19,7,12,5,14,11,10.4720186238252,9.92299601892417,0.374590531021418,30
"16020","SP","Regente Feijó",20394,35313.43,35036,"Presidente Prudente",3,"Sudeste",1,"354240",7,16,1,15,3,13,1,0,0,0,0,17,1,15,3,13,11,10.4720186238252,9.92299601892417,0.360190601042183,29
"16021","SP","Reginópolis",9837,15428.57,35020,"Bauru",3,"Sudeste",0,"354250",2,4,2,2,4,0,0,0,0,0,0,4,2,2,4,0,4,9.64397626445845,9.19390606551276,0.29925332341733,29
"16022","SP","Reginópolis",9837,15428.57,35020,"Bauru",3,"Sudeste",0,"354250",3,2,0,2,1,1,0,0,0,0,0,2,0,2,1,1,7,9.64397626445845,9.19390606551276,0.382597147757347,31
"16023","SP","Reginópolis",9837,15428.57,35020,"Bauru",3,"Sudeste",0,"354250",4,8,1,7,1,7,0,0,0,0,0,8,1,7,1,7,3,9.64397626445845,9.19390606551276,0.385947934692314,30
"16024","SP","Reginópolis",9837,15428.57,35020,"Bauru",3,"Sudeste",0,"354250",5,3,1,2,2,1,0,0,0,0,0,3,1,2,2,1,5,9.64397626445845,9.19390606551276,0.391487338734682,31
"16025","SP","Reginópolis",9837,15428.57,35020,"Bauru",3,"Sudeste",0,"354250",6,7,1,6,3,4,0,0,0,0,0,7,1,6,3,4,2,9.64397626445845,9.19390606551276,0.381963048241206,30
"16026","SP","Reginópolis",9837,15428.57,35020,"Bauru",3,"Sudeste",0,"354250",7,4,1,3,2,2,0,0,0,0,0,4,1,3,2,2,5,9.64397626445845,9.19390606551276,0.351878017361915,29
"16027","SP","Registro",56393,34962.27,35055,"Registro",3,"Sudeste",1,"354260",2,117,20,97,36,81,1,0,0,0,0,118,20,97,36,81,25,10.4620247590116,10.9401003163083,0.328172360529428,29
"16028","SP","Registro",56393,34962.27,35055,"Registro",3,"Sudeste",1,"354260",3,111,13,98,40,71,1,0,0,0,0,112,13,98,40,71,34,10.4620247590116,10.9401003163083,0.436635113296909,31
"16029","SP","Registro",56393,34962.27,35055,"Registro",3,"Sudeste",1,"354260",4,70,13,57,32,38,0,0,0,0,0,70,13,57,32,38,34,10.4620247590116,10.9401003163083,0.507599578874997,30
"16030","SP","Registro",56393,34962.27,35055,"Registro",3,"Sudeste",1,"354260",5,78,17,61,26,52,1,0,0,0,0,79,17,61,26,52,28,10.4620247590116,10.9401003163083,0.450983687795432,31
"16031","SP","Registro",56393,34962.27,35055,"Registro",3,"Sudeste",1,"354260",6,91,12,79,32,59,3,0,0,0,0,94,12,79,32,59,38,10.4620247590116,10.9401003163083,0.420862324999965,30
"16032","SP","Registro",56393,34962.27,35055,"Registro",3,"Sudeste",1,"354260",7,67,16,51,32,35,1,0,0,0,0,68,16,51,32,35,41,10.4620247590116,10.9401003163083,0.40989062767466,29
"16033","SP","Restinga",7679,22126.48,35012,"Franca",3,"Sudeste",1,"354270",2,16,4,12,8,8,0,0,0,0,0,16,4,12,8,8,3,10.0045303602943,8.94624460933054,0.303558330471293,29
"16034","SP","Restinga",7679,22126.48,35012,"Franca",3,"Sudeste",1,"354270",3,29,3,26,12,17,0,0,0,0,0,29,3,26,12,17,5,10.0045303602943,8.94624460933054,0.393467707352955,31
"16035","SP","Restinga",7679,22126.48,35012,"Franca",3,"Sudeste",1,"354270",4,8,3,5,5,3,0,0,0,0,0,8,3,5,5,3,6,10.0045303602943,8.94624460933054,0.431002911755994,30
"16036","SP","Restinga",7679,22126.48,35012,"Franca",3,"Sudeste",1,"354270",5,6,1,5,3,3,0,0,0,0,0,6,1,5,3,3,1,10.0045303602943,8.94624460933054,0.406059026532667,31
"16037","SP","Restinga",7679,22126.48,35012,"Franca",3,"Sudeste",1,"354270",6,8,3,5,5,3,0,0,0,0,0,8,3,5,5,3,1,10.0045303602943,8.94624460933054,0.37702174979103,30
"16038","SP","Restinga",7679,22126.48,35012,"Franca",3,"Sudeste",1,"354270",7,14,4,10,6,8,0,0,0,0,0,14,4,10,6,8,6,10.0045303602943,8.94624460933054,0.364899000544246,29
"16039","SP","Ribeirão Bonito",13299,19500.82,35025,"São Carlos",3,"Sudeste",0,"354290",2,12,2,10,5,7,0,0,0,0,0,12,2,10,5,7,9,9.87821179494976,9.49544412341316,0.318047765238028,29
"16040","SP","Ribeirão Bonito",13299,19500.82,35025,"São Carlos",3,"Sudeste",0,"354290",3,18,4,14,7,11,0,0,0,0,0,18,4,14,7,11,8,9.87821179494976,9.49544412341316,0.369718105688298,31
"16041","SP","Ribeirão Bonito",13299,19500.82,35025,"São Carlos",3,"Sudeste",0,"354290",4,16,0,16,4,12,0,0,0,0,0,16,0,16,4,12,9,9.87821179494976,9.49544412341316,0.431667241030188,30
"16042","SP","Ribeirão Bonito",13299,19500.82,35025,"São Carlos",3,"Sudeste",0,"354290",5,10,3,7,5,5,1,0,0,0,0,11,3,7,5,5,5,9.87821179494976,9.49544412341316,0.415112772480027,31
"16043","SP","Ribeirão Bonito",13299,19500.82,35025,"São Carlos",3,"Sudeste",0,"354290",6,13,4,9,6,7,0,0,0,0,0,13,4,9,6,7,4,9.87821179494976,9.49544412341316,0.41415676960255,30
"16044","SP","Ribeirão Bonito",13299,19500.82,35025,"São Carlos",3,"Sudeste",0,"354290",7,10,4,6,2,8,0,0,0,0,0,10,4,6,2,8,5,9.87821179494976,9.49544412341316,0.416578188271497,29
"16045","SP","Ribeirão Branco",16211,17976.03,35044,"Capão Bonito",3,"Sudeste",0,"354300",2,39,6,33,20,19,1,0,0,0,0,40,6,33,20,19,9,9.79679448275563,9.69344530314157,0.351773432615811,29
"16046","SP","Ribeirão Branco",16211,17976.03,35044,"Capão Bonito",3,"Sudeste",0,"354300",3,43,14,29,18,25,0,0,0,0,0,43,14,29,18,25,12,9.79679448275563,9.69344530314157,0.429224459285561,31
"16047","SP","Ribeirão Branco",16211,17976.03,35044,"Capão Bonito",3,"Sudeste",0,"354300",4,28,9,19,15,13,0,0,0,0,0,28,9,19,15,13,8,9.79679448275563,9.69344530314157,0.457354742963455,30
"16048","SP","Ribeirão Branco",16211,17976.03,35044,"Capão Bonito",3,"Sudeste",0,"354300",5,23,6,17,13,10,0,0,0,0,0,23,6,17,13,10,15,9.79679448275563,9.69344530314157,0.474589695342523,31
"16049","SP","Ribeirão Branco",16211,17976.03,35044,"Capão Bonito",3,"Sudeste",0,"354300",6,33,12,21,14,19,0,0,0,0,0,33,12,21,14,19,19,9.79679448275563,9.69344530314157,0.461638279693024,30
"16050","SP","Ribeirão Branco",16211,17976.03,35044,"Capão Bonito",3,"Sudeste",0,"354300",7,24,4,20,14,10,1,0,0,0,0,25,4,20,14,10,16,9.79679448275563,9.69344530314157,0.452170354204351,29
"16051","SP","Ribeirão Corrente",4752,23548.05,35012,"Franca",3,"Sudeste",1,"354310",2,8,1,7,2,6,0,0,0,0,0,8,1,7,2,6,0,10.0667982934685,8.46632086104248,0.289076290903581,29
"16052","SP","Ribeirão Corrente",4752,23548.05,35012,"Franca",3,"Sudeste",1,"354310",3,9,1,8,6,3,0,0,0,0,0,9,1,8,6,3,2,10.0667982934685,8.46632086104248,0.348078780953308,31
"16053","SP","Ribeirão Corrente",4752,23548.05,35012,"Franca",3,"Sudeste",1,"354310",4,3,1,2,1,2,0,0,0,0,0,3,1,2,1,2,1,10.0667982934685,8.46632086104248,0.388135565584205,30
"16054","SP","Ribeirão Corrente",4752,23548.05,35012,"Franca",3,"Sudeste",1,"354310",5,1,0,1,1,0,0,0,0,0,0,1,0,1,1,0,2,10.0667982934685,8.46632086104248,0.37677088559964,31
"16055","SP","Ribeirão Corrente",4752,23548.05,35012,"Franca",3,"Sudeste",1,"354310",6,7,0,7,3,4,0,0,0,0,0,7,0,7,3,4,1,10.0667982934685,8.46632086104248,0.361932628607999,30
"16056","SP","Ribeirão Corrente",4752,23548.05,35012,"Franca",3,"Sudeste",1,"354310",7,3,0,3,1,2,0,0,0,0,0,3,0,3,1,2,1,10.0667982934685,8.46632086104248,0.384049066032449,29
"16057","SP","Ribeirão Pires",124159,24818.57,35061,"São Paulo",3,"Sudeste",1,"354330",2,163,12,151,45,118,0,0,0,0,0,163,12,151,45,118,60,10.119347442272,11.7293182812609,0.307108123835298,29
"16058","SP","Ribeirão Pires",124159,24818.57,35061,"São Paulo",3,"Sudeste",1,"354330",3,171,12,159,52,119,3,0,0,0,0,174,12,159,52,119,73,10.119347442272,11.7293182812609,0.414735783828847,31
"16059","SP","Ribeirão Pires",124159,24818.57,35061,"São Paulo",3,"Sudeste",1,"354330",4,90,8,82,30,60,2,0,0,0,0,92,8,82,30,60,64,10.119347442272,11.7293182812609,0.498396084934343,30
"16060","SP","Ribeirão Pires",124159,24818.57,35061,"São Paulo",3,"Sudeste",1,"354330",5,109,13,96,34,75,2,0,0,0,0,111,13,96,34,75,88,10.119347442272,11.7293182812609,0.459770123442718,31
"16061","SP","Ribeirão Pires",124159,24818.57,35061,"São Paulo",3,"Sudeste",1,"354330",6,92,14,78,21,71,0,0,0,0,0,92,14,78,21,71,80,10.119347442272,11.7293182812609,0.420957210952344,30
"16062","SP","Ribeirão Pires",124159,24818.57,35061,"São Paulo",3,"Sudeste",1,"354330",7,87,12,75,22,65,0,0,0,0,0,87,12,75,22,65,84,10.119347442272,11.7293182812609,0.397939847477942,29
"16063","SP","Ribeirão Preto",711825,49425.29,35014,"Ribeirão Preto",3,"Sudeste",1,"354340",2,1138,198,940,296,842,4,0,0,0,0,1142,198,940,296,842,373,10.8082175154976,13.4755873736668,0.277984641559494,29
"16064","SP","Ribeirão Preto",711825,49425.29,35014,"Ribeirão Preto",3,"Sudeste",1,"354340",3,1022,175,847,276,746,5,0,0,0,0,1027,175,847,276,746,418,10.8082175154976,13.4755873736668,0.389957878732647,31
"16065","SP","Ribeirão Preto",711825,49425.29,35014,"Ribeirão Preto",3,"Sudeste",1,"354340",4,693,133,560,222,471,9,0,0,0,0,702,133,560,222,471,331,10.8082175154976,13.4755873736668,0.47459945185271,30
"16066","SP","Ribeirão Preto",711825,49425.29,35014,"Ribeirão Preto",3,"Sudeste",1,"354340",5,643,116,527,185,458,6,0,0,0,0,649,116,527,185,458,404,10.8082175154976,13.4755873736668,0.427583838020795,31
"16067","SP","Ribeirão Preto",711825,49425.29,35014,"Ribeirão Preto",3,"Sudeste",1,"354340",6,694,128,566,167,527,4,0,0,0,0,698,128,566,167,527,540,10.8082175154976,13.4755873736668,0.393950227000756,30
"16068","SP","Ribeirão Preto",711825,49425.29,35014,"Ribeirão Preto",3,"Sudeste",1,"354340",7,706,146,560,221,485,7,0,0,0,0,713,146,560,221,485,588,10.8082175154976,13.4755873736668,0.393214737783966,29
"16069","SP","Rincão",10812,18176.48,35024,"Araraquara",3,"Sudeste",1,"354370",2,14,4,10,3,11,0,0,0,0,0,14,4,10,3,11,7,9.80788372962289,9.28841190739634,0.302790631589536,29
"16070","SP","Rincão",10812,18176.48,35024,"Araraquara",3,"Sudeste",1,"354370",3,12,3,9,5,7,2,0,0,0,0,14,3,9,5,7,7,9.80788372962289,9.28841190739634,0.397611749331151,31
"16071","SP","Rincão",10812,18176.48,35024,"Araraquara",3,"Sudeste",1,"354370",4,8,0,8,3,5,0,0,0,0,0,8,0,8,3,5,5,9.80788372962289,9.28841190739634,0.417514954583775,30
"16072","SP","Rincão",10812,18176.48,35024,"Araraquara",3,"Sudeste",1,"354370",5,18,5,13,8,10,0,0,0,0,0,18,5,13,8,10,3,9.80788372962289,9.28841190739634,0.418057437974703,31
"16073","SP","Rincão",10812,18176.48,35024,"Araraquara",3,"Sudeste",1,"354370",6,6,0,6,4,2,0,0,0,0,0,6,0,6,4,2,8,9.80788372962289,9.28841190739634,0.410589014096492,30
"16074","SP","Rincão",10812,18176.48,35024,"Araraquara",3,"Sudeste",1,"354370",7,12,2,10,5,7,0,0,0,0,0,12,2,10,5,7,6,9.80788372962289,9.28841190739634,0.390564295620468,29
"16075","SP","Rinópolis",9961,25464.98,35035,"Adamantina",3,"Sudeste",0,"354380",2,11,1,10,3,8,0,0,0,0,0,11,1,10,3,8,5,10.1450594539267,9.20643274714516,0.284281660288139,29
"16076","SP","Rinópolis",9961,25464.98,35035,"Adamantina",3,"Sudeste",0,"354380",3,14,3,11,6,8,0,0,0,0,0,14,3,11,6,8,5,10.1450594539267,9.20643274714516,0.351498448736569,31
"16077","SP","Rinópolis",9961,25464.98,35035,"Adamantina",3,"Sudeste",0,"354380",4,9,3,6,3,6,0,0,0,0,0,9,3,6,3,6,5,10.1450594539267,9.20643274714516,0.393479742411318,30
"16078","SP","Rinópolis",9961,25464.98,35035,"Adamantina",3,"Sudeste",0,"354380",5,4,2,2,1,3,1,0,0,0,0,5,2,2,1,3,4,10.1450594539267,9.20643274714516,0.37046140150715,31
"16079","SP","Rinópolis",9961,25464.98,35035,"Adamantina",3,"Sudeste",0,"354380",6,9,0,9,6,3,0,0,0,0,0,9,0,9,6,3,10,10.1450594539267,9.20643274714516,0.349580609740557,30
"16080","SP","Rinópolis",9961,25464.98,35035,"Adamantina",3,"Sudeste",0,"354380",7,7,1,6,1,6,0,0,0,0,0,7,1,6,1,6,8,10.1450594539267,9.20643274714516,0.352021373850777,29
"16081","SP","Rio Claro",208008,47851.56,35026,"Rio Claro",3,"Sudeste",1,"354390",2,322,42,280,117,205,1,0,0,0,0,323,42,280,117,205,118,10.7758589982305,12.2453318194823,0.306000177792239,29
"16082","SP","Rio Claro",208008,47851.56,35026,"Rio Claro",3,"Sudeste",1,"354390",3,310,46,264,77,233,1,0,0,0,0,311,46,264,77,233,121,10.7758589982305,12.2453318194823,0.395264351548117,31
"16083","SP","Rio Claro",208008,47851.56,35026,"Rio Claro",3,"Sudeste",1,"354390",4,204,35,169,69,135,0,0,0,0,0,204,35,169,69,135,115,10.7758589982305,12.2453318194823,0.462257671340325,30
"16084","SP","Rio Claro",208008,47851.56,35026,"Rio Claro",3,"Sudeste",1,"354390",5,193,34,159,63,130,1,0,0,0,0,194,34,159,63,130,133,10.7758589982305,12.2453318194823,0.42355196970331,31
"16085","SP","Rio Claro",208008,47851.56,35026,"Rio Claro",3,"Sudeste",1,"354390",6,219,22,197,71,148,1,0,0,0,0,220,22,197,71,148,149,10.7758589982305,12.2453318194823,0.396807677169584,30
"16086","SP","Rio Claro",208008,47851.56,35026,"Rio Claro",3,"Sudeste",1,"354390",7,198,29,169,67,131,2,0,0,0,0,200,29,169,67,131,190,10.7758589982305,12.2453318194823,0.393417597346475,29
"16087","SP","Rio das Pedras",35738,40086.87,35028,"Piracicaba",3,"Sudeste",1,"354400",2,34,4,30,11,23,2,0,0,0,0,36,4,30,11,23,15,10.5988041282558,10.4839698274386,0.293853064251569,29
"16088","SP","Rio das Pedras",35738,40086.87,35028,"Piracicaba",3,"Sudeste",1,"354400",3,47,7,40,16,31,0,0,0,0,0,47,7,40,16,31,20,10.5988041282558,10.4839698274386,0.37289748537427,31
"16089","SP","Rio das Pedras",35738,40086.87,35028,"Piracicaba",3,"Sudeste",1,"354400",4,43,9,34,9,34,1,0,0,0,0,44,9,34,9,34,11,10.5988041282558,10.4839698274386,0.412411625844053,30
"16090","SP","Rio das Pedras",35738,40086.87,35028,"Piracicaba",3,"Sudeste",1,"354400",5,26,4,22,7,19,0,0,0,0,0,26,4,22,7,19,12,10.5988041282558,10.4839698274386,0.376388865074962,31
"16091","SP","Rio das Pedras",35738,40086.87,35028,"Piracicaba",3,"Sudeste",1,"354400",6,34,7,27,13,21,1,0,0,0,0,35,7,27,13,21,21,10.5988041282558,10.4839698274386,0.376241452187403,30
"16092","SP","Rio das Pedras",35738,40086.87,35028,"Piracicaba",3,"Sudeste",1,"354400",7,41,13,28,19,22,0,0,0,0,0,41,13,28,19,22,34,10.5988041282558,10.4839698274386,0.373415691717025,29
"16093","SP","Rio Grande da Serra",51436,11282.4,35061,"São Paulo",3,"Sudeste",1,"354410",2,61,3,58,18,43,2,0,0,0,0,63,3,58,18,43,10,9.33099926837803,10.8480935953903,0.307781671154167,29
"16094","SP","Rio Grande da Serra",51436,11282.4,35061,"São Paulo",3,"Sudeste",1,"354410",3,77,10,67,24,53,0,0,0,0,0,77,10,67,24,53,23,9.33099926837803,10.8480935953903,0.40643148922055,31
"16095","SP","Rio Grande da Serra",51436,11282.4,35061,"São Paulo",3,"Sudeste",1,"354410",4,52,6,46,19,33,1,0,0,0,0,53,6,46,19,33,22,9.33099926837803,10.8480935953903,0.475880384150741,30
"16096","SP","Rio Grande da Serra",51436,11282.4,35061,"São Paulo",3,"Sudeste",1,"354410",5,47,5,42,20,27,0,0,0,0,0,47,5,42,20,27,22,9.33099926837803,10.8480935953903,0.439418252289453,31
"16097","SP","Rio Grande da Serra",51436,11282.4,35061,"São Paulo",3,"Sudeste",1,"354410",6,53,4,49,22,31,0,0,0,0,0,53,4,49,22,31,26,9.33099926837803,10.8480935953903,0.406940119420808,30
"16098","SP","Rio Grande da Serra",51436,11282.4,35061,"São Paulo",3,"Sudeste",1,"354410",7,36,5,31,10,26,1,0,0,0,0,37,5,31,10,26,23,9.33099926837803,10.8480935953903,0.405814690671325,29
"16099","SP","Riolândia",12689,20423.64,35003,"Votuporanga",3,"Sudeste",0,"354420",2,21,3,18,10,11,0,0,0,0,0,21,3,18,10,11,6,9.924448332444,9.44849075539691,0.315806448428988,29
"16100","SP","Riolândia",12689,20423.64,35003,"Votuporanga",3,"Sudeste",0,"354420",3,15,3,12,9,6,0,0,0,0,0,15,3,12,9,6,7,9.924448332444,9.44849075539691,0.382948386834648,31
"16101","SP","Riolândia",12689,20423.64,35003,"Votuporanga",3,"Sudeste",0,"354420",4,14,2,12,5,9,0,0,0,0,0,14,2,12,5,9,10,9.924448332444,9.44849075539691,0.389632871681823,30
"16102","SP","Riolândia",12689,20423.64,35003,"Votuporanga",3,"Sudeste",0,"354420",5,12,2,10,8,4,0,0,0,0,0,12,2,10,8,4,6,9.924448332444,9.44849075539691,0.369693487506741,31
"16103","SP","Riolândia",12689,20423.64,35003,"Votuporanga",3,"Sudeste",0,"354420",6,15,2,13,3,12,0,0,0,0,0,15,2,13,3,12,3,9.924448332444,9.44849075539691,0.366086113050258,30
"16104","SP","Riolândia",12689,20423.64,35003,"Votuporanga",3,"Sudeste",0,"354420",7,11,1,10,4,7,0,0,0,0,0,11,1,10,4,7,10,9.924448332444,9.44849075539691,0.399475556911561,29
"16105","SP","Rosana",16281,70267.57,35036,"Presidente Prudente",3,"Sudeste",1,"354425",2,22,2,20,10,12,0,0,0,0,0,22,2,20,10,12,14,11.1600656626861,9.69775406273151,0.30932392035736,29
"16106","SP","Rosana",16281,70267.57,35036,"Presidente Prudente",3,"Sudeste",1,"354425",3,31,2,29,19,12,0,0,0,0,0,31,2,29,19,12,13,11.1600656626861,9.69775406273151,0.424972554678041,31
"16107","SP","Rosana",16281,70267.57,35036,"Presidente Prudente",3,"Sudeste",1,"354425",4,16,0,16,8,8,1,0,0,0,0,17,0,16,8,8,8,11.1600656626861,9.69775406273151,0.504800080278248,30
"16108","SP","Rosana",16281,70267.57,35036,"Presidente Prudente",3,"Sudeste",1,"354425",5,18,4,14,6,12,0,0,0,0,0,18,4,14,6,12,11,11.1600656626861,9.69775406273151,0.470716071007045,31
"16109","SP","Rosana",16281,70267.57,35036,"Presidente Prudente",3,"Sudeste",1,"354425",6,14,2,12,5,9,0,0,0,0,0,14,2,12,5,9,7,11.1600656626861,9.69775406273151,0.470602040034249,30
"16110","SP","Rosana",16281,70267.57,35036,"Presidente Prudente",3,"Sudeste",1,"354425",7,27,2,25,13,14,0,0,0,0,0,27,2,25,13,14,16,11.1600656626861,9.69775406273151,0.469662645269589,29
"16111","SP","Roseira",10801,27647.35,35051,"Guaratinguetá",3,"Sudeste",1,"354430",2,16,4,12,5,11,0,0,0,0,0,16,4,12,5,11,6,10.2272851614895,9.28739400141847,0.322638769440512,29
"16112","SP","Roseira",10801,27647.35,35051,"Guaratinguetá",3,"Sudeste",1,"354430",3,15,3,12,6,9,0,0,0,0,0,15,3,12,6,9,6,10.2272851614895,9.28739400141847,0.412630297947324,31
"16113","SP","Roseira",10801,27647.35,35051,"Guaratinguetá",3,"Sudeste",1,"354430",4,7,0,7,3,4,0,0,0,0,0,7,0,7,3,4,7,10.2272851614895,9.28739400141847,0.483123888113188,30
"16114","SP","Roseira",10801,27647.35,35051,"Guaratinguetá",3,"Sudeste",1,"354430",5,8,1,7,2,6,0,0,0,0,0,8,1,7,2,6,9,10.2272851614895,9.28739400141847,0.44619870796901,31
"16115","SP","Roseira",10801,27647.35,35051,"Guaratinguetá",3,"Sudeste",1,"354430",6,12,0,12,5,7,0,0,0,0,0,12,0,12,5,7,9,10.2272851614895,9.28739400141847,0.411217231984699,30
"16116","SP","Roseira",10801,27647.35,35051,"Guaratinguetá",3,"Sudeste",1,"354430",7,7,2,5,0,7,0,0,0,0,0,7,2,5,0,7,5,10.2272851614895,9.28739400141847,0.412257707908844,29
"16117","SP","Rubinéia",3170,24965.32,35001,"Jales",3,"Sudeste",1,"354450",2,9,0,9,5,4,0,0,0,0,0,9,0,9,5,4,1,10.1252429407977,8.06148686687133,0.334569493678739,29
"16118","SP","Rubinéia",3170,24965.32,35001,"Jales",3,"Sudeste",1,"354450",3,3,0,3,0,3,0,0,0,0,0,3,0,3,0,3,3,10.1252429407977,8.06148686687133,0.426079668622454,31
"16119","SP","Rubinéia",3170,24965.32,35001,"Jales",3,"Sudeste",1,"354450",4,2,0,2,1,1,0,0,0,0,0,2,0,2,1,1,6,10.1252429407977,8.06148686687133,0.428347995982669,30
"16120","SP","Rubinéia",3170,24965.32,35001,"Jales",3,"Sudeste",1,"354450",5,3,2,1,1,2,0,0,0,0,0,3,2,1,1,2,2,10.1252429407977,8.06148686687133,0.4172344957474,31
"16121","SP","Rubinéia",3170,24965.32,35001,"Jales",3,"Sudeste",1,"354450",6,3,0,3,1,2,0,0,0,0,0,3,0,3,1,2,3,10.1252429407977,8.06148686687133,0.418150160064917,30
"16122","SP","Rubinéia",3170,24965.32,35001,"Jales",3,"Sudeste",1,"354450",7,4,0,4,1,3,0,0,0,0,0,4,0,4,1,3,2,10.1252429407977,8.06148686687133,0.446281134080944,29
"16123","SP","Sabino",5614,21248.16,35019,"Lins",3,"Sudeste",0,"354460",2,1,0,1,1,0,0,0,0,0,0,1,0,1,1,0,6,9.96402558236829,8.63301875692183,0.312834504448474,29
"16124","SP","Sabino",5614,21248.16,35019,"Lins",3,"Sudeste",0,"354460",3,7,0,7,1,6,0,0,0,0,0,7,0,7,1,6,8,9.96402558236829,8.63301875692183,0.39872547869101,31
"16125","SP","Sabino",5614,21248.16,35019,"Lins",3,"Sudeste",0,"354460",4,4,0,4,2,2,0,0,0,0,0,4,0,4,2,2,9,9.96402558236829,8.63301875692183,0.476117295134815,30
"16126","SP","Sabino",5614,21248.16,35019,"Lins",3,"Sudeste",0,"354460",5,8,3,5,1,7,0,0,0,0,0,8,3,5,1,7,5,9.96402558236829,8.63301875692183,0.407568596770016,31
"16127","SP","Sabino",5614,21248.16,35019,"Lins",3,"Sudeste",0,"354460",6,8,1,7,4,4,0,0,0,0,0,8,1,7,4,4,8,9.96402558236829,8.63301875692183,0.398115060275909,30
"16128","SP","Sabino",5614,21248.16,35019,"Lins",3,"Sudeste",0,"354460",7,2,0,2,0,2,0,0,0,0,0,2,0,2,0,2,6,9.96402558236829,8.63301875692183,0.432087189947784,29
"16129","SP","Sales",6407,22858.39,35008,"Novo Horizonte",3,"Sudeste",0,"354480",2,7,1,6,3,4,0,0,0,0,0,7,1,6,3,4,9,10.0370735061722,8.76514642163902,0.288797563108645,29
"16130","SP","Sales",6407,22858.39,35008,"Novo Horizonte",3,"Sudeste",0,"354480",3,2,0,2,1,1,0,0,0,0,0,2,0,2,1,1,5,10.0370735061722,8.76514642163902,0.342038719811891,31
"16131","SP","Sales",6407,22858.39,35008,"Novo Horizonte",3,"Sudeste",0,"354480",4,7,1,6,2,5,0,0,0,0,0,7,1,6,2,5,3,10.0370735061722,8.76514642163902,0.379575376469172,30
"16132","SP","Sales",6407,22858.39,35008,"Novo Horizonte",3,"Sudeste",0,"354480",5,6,1,5,2,4,1,0,0,0,0,7,1,5,2,4,2,10.0370735061722,8.76514642163902,0.387786615356061,31
"16133","SP","Sales",6407,22858.39,35008,"Novo Horizonte",3,"Sudeste",0,"354480",6,4,0,4,1,3,0,0,0,0,0,4,0,4,1,3,5,10.0370735061722,8.76514642163902,0.365470716878023,30
"16134","SP","Sales",6407,22858.39,35008,"Novo Horizonte",3,"Sudeste",0,"354480",7,0,0,0,0,0,0,0,0,0,0,0,0,0,0,0,8,10.0370735061722,8.76514642163902,0.367372204915788,29
"16135","SP","Sales Oliveira",11998,29378.39,35010,"São Joaquim da Barra",3,"Sudeste",0,"354490",2,16,3,13,5,11,0,0,0,0,0,16,3,13,5,11,4,10.2880146490432,9.39249524821304,0.290231804922929,29
"16136","SP","Sales Oliveira",11998,29378.39,35010,"São Joaquim da Barra",3,"Sudeste",0,"354490",3,14,1,13,1,13,0,0,0,0,0,14,1,13,1,13,7,10.2880146490432,9.39249524821304,0.387598582781186,31
"16137","SP","Sales Oliveira",11998,29378.39,35010,"São Joaquim da Barra",3,"Sudeste",0,"354490",4,7,1,6,3,4,0,0,0,0,0,7,1,6,3,4,4,10.2880146490432,9.39249524821304,0.417365327817153,30
"16138","SP","Sales Oliveira",11998,29378.39,35010,"São Joaquim da Barra",3,"Sudeste",0,"354490",5,6,1,5,2,4,0,0,0,0,0,6,1,5,2,4,9,10.2880146490432,9.39249524821304,0.411626741947838,31
"16139","SP","Sales Oliveira",11998,29378.39,35010,"São Joaquim da Barra",3,"Sudeste",0,"354490",6,13,1,12,1,12,0,0,0,0,0,13,1,12,1,12,7,10.2880146490432,9.39249524821304,0.359889936616789,30
"16140","SP","Sales Oliveira",11998,29378.39,35010,"São Joaquim da Barra",3,"Sudeste",0,"354490",7,8,0,8,2,6,1,0,0,0,0,9,0,8,2,6,10,10.2880146490432,9.39249524821304,0.355094485871037,29
"16141","SP","Salesópolis",17252,11899.42,35062,"Mogi das Cruzes",3,"Sudeste",1,"354500",2,31,7,24,14,17,0,0,0,0,0,31,7,24,14,17,9,9.38424493841601,9.75568335776773,0.285252495502768,29
"16142","SP","Salesópolis",17252,11899.42,35062,"Mogi das Cruzes",3,"Sudeste",1,"354500",3,36,11,25,14,22,0,0,0,0,0,36,11,25,14,22,12,9.38424493841601,9.75568335776773,0.384814197600807,31
"16143","SP","Salesópolis",17252,11899.42,35062,"Mogi das Cruzes",3,"Sudeste",1,"354500",4,22,6,16,8,14,0,0,0,0,0,22,6,16,8,14,8,9.38424493841601,9.75568335776773,0.446472927649478,30
"16144","SP","Salesópolis",17252,11899.42,35062,"Mogi das Cruzes",3,"Sudeste",1,"354500",5,20,4,16,7,13,0,0,0,0,0,20,4,16,7,13,12,9.38424493841601,9.75568335776773,0.416153275162744,31
"16145","SP","Salesópolis",17252,11899.42,35062,"Mogi das Cruzes",3,"Sudeste",1,"354500",6,17,3,14,8,9,0,0,0,0,0,17,3,14,8,9,11,9.38424493841601,9.75568335776773,0.377370958401885,30
"16146","SP","Salesópolis",17252,11899.42,35062,"Mogi das Cruzes",3,"Sudeste",1,"354500",7,21,6,15,7,14,0,0,0,0,0,21,6,15,7,14,15,9.38424493841601,9.75568335776773,0.351222358259837,29
"16147","SP","Salmourão",5337,13614.17,35035,"Adamantina",3,"Sudeste",0,"354510",2,7,1,6,2,5,0,0,0,0,0,7,1,6,2,5,5,9.51886644107552,8.58241897633394,0.33827100990079,29
"16148","SP","Salmourão",5337,13614.17,35035,"Adamantina",3,"Sudeste",0,"354510",3,7,2,5,5,2,0,0,0,0,0,7,2,5,5,2,4,9.51886644107552,8.58241897633394,0.410576957035569,31
"16149","SP","Salmourão",5337,13614.17,35035,"Adamantina",3,"Sudeste",0,"354510",4,9,2,7,3,6,0,0,0,0,0,9,2,7,3,6,1,9.51886644107552,8.58241897633394,0.431583703213956,30
"16150","SP","Salmourão",5337,13614.17,35035,"Adamantina",3,"Sudeste",0,"354510",5,3,1,2,1,2,0,0,0,0,0,3,1,2,1,2,2,9.51886644107552,8.58241897633394,0.410439109246334,31
"16151","SP","Salmourão",5337,13614.17,35035,"Adamantina",3,"Sudeste",0,"354510",6,5,1,4,3,2,0,0,0,0,0,5,1,4,3,2,2,9.51886644107552,8.58241897633394,0.370048450733181,30
"16152","SP","Salmourão",5337,13614.17,35035,"Adamantina",3,"Sudeste",0,"354510",7,2,0,2,2,0,0,0,0,0,0,2,0,2,2,0,4,9.51886644107552,8.58241897633394,0.374998769193182,29
"16153","SP","Saltinho",8393,30002.45,35028,"Piracicaba",3,"Sudeste",1,"354515",2,20,5,15,5,15,0,0,0,0,0,20,5,15,5,15,4,10.3090343239764,9.03515330408283,0.275041923250633,29
"16154","SP","Saltinho",8393,30002.45,35028,"Piracicaba",3,"Sudeste",1,"354515",3,2,1,1,0,2,0,0,0,0,0,2,1,1,0,2,3,10.3090343239764,9.03515330408283,0.353169142212249,31
"16155","SP","Saltinho",8393,30002.45,35028,"Piracicaba",3,"Sudeste",1,"354515",4,8,0,8,2,6,0,0,0,0,0,8,0,8,2,6,2,10.3090343239764,9.03515330408283,0.395317466649013,30
"16156","SP","Saltinho",8393,30002.45,35028,"Piracicaba",3,"Sudeste",1,"354515",5,5,1,4,0,5,0,0,0,0,0,5,1,4,0,5,7,10.3090343239764,9.03515330408283,0.368638961356283,31
"16157","SP","Saltinho",8393,30002.45,35028,"Piracicaba",3,"Sudeste",1,"354515",6,5,0,5,1,4,0,0,0,0,0,5,0,5,1,4,2,10.3090343239764,9.03515330408283,0.33902990938163,30
"16158","SP","Saltinho",8393,30002.45,35028,"Piracicaba",3,"Sudeste",1,"354515",7,8,1,7,2,6,0,0,0,0,0,8,1,7,2,6,9,10.3090343239764,9.03515330408283,0.356429386500034,29
"16159","SP","Salto",119736,62187.92,35046,"Sorocaba",3,"Sudeste",1,"354520",2,247,24,223,67,180,0,0,0,0,0,247,24,223,67,180,66,11.037916047647,11.693044598209,0.292864576694352,29
"16160","SP","Salto",119736,62187.92,35046,"Sorocaba",3,"Sudeste",1,"354520",3,273,39,234,79,194,0,0,0,0,0,273,39,234,79,194,69,11.037916047647,11.693044598209,0.391963641726838,31
"16161","SP","Salto",119736,62187.92,35046,"Sorocaba",3,"Sudeste",1,"354520",4,159,19,140,37,122,0,0,0,0,0,159,19,140,37,122,61,11.037916047647,11.693044598209,0.468302540168882,30
"16162","SP","Salto",119736,62187.92,35046,"Sorocaba",3,"Sudeste",1,"354520",5,144,14,130,52,92,0,0,0,0,0,144,14,130,52,92,71,11.037916047647,11.693044598209,0.427644784344118,31
"16163","SP","Salto",119736,62187.92,35046,"Sorocaba",3,"Sudeste",1,"354520",6,139,15,124,42,97,0,0,0,0,0,139,15,124,42,97,56,11.037916047647,11.693044598209,0.396106239701988,30
"16164","SP","Salto",119736,62187.92,35046,"Sorocaba",3,"Sudeste",1,"354520",7,141,21,120,53,88,1,0,0,0,0,142,21,120,53,88,93,11.037916047647,11.693044598209,0.383271775752875,29
"16165","SP","Salto de Pirapora",45860,37530.47,35046,"Sorocaba",3,"Sudeste",1,"354530",2,71,3,68,22,49,0,0,0,0,0,71,3,68,22,49,13,10.5329084153653,10.7333485564119,0.307758533547623,29
"16166","SP","Salto de Pirapora",45860,37530.47,35046,"Sorocaba",3,"Sudeste",1,"354530",3,75,10,65,20,55,0,0,0,0,0,75,10,65,20,55,25,10.5329084153653,10.7333485564119,0.406981877619114,31
"16167","SP","Salto de Pirapora",45860,37530.47,35046,"Sorocaba",3,"Sudeste",1,"354530",4,52,6,46,21,31,0,0,0,0,0,52,6,46,21,31,22,10.5329084153653,10.7333485564119,0.450133934879482,30
"16168","SP","Salto de Pirapora",45860,37530.47,35046,"Sorocaba",3,"Sudeste",1,"354530",5,33,5,28,14,19,0,0,0,0,0,33,5,28,14,19,25,10.5329084153653,10.7333485564119,0.419717587280823,31
"16169","SP","Salto de Pirapora",45860,37530.47,35046,"Sorocaba",3,"Sudeste",1,"354530",6,43,3,40,14,29,0,0,0,0,0,43,3,40,14,29,17,10.5329084153653,10.7333485564119,0.390863738454855,30
"16170","SP","Salto de Pirapora",45860,37530.47,35046,"Sorocaba",3,"Sudeste",1,"354530",7,41,6,35,20,21,0,0,0,0,0,41,6,35,20,21,26,10.5329084153653,10.7333485564119,0.394765199071784,29
"16171","SP","Salto Grande",9364,23885.16,35040,"Ourinhos",3,"Sudeste",0,"354540",2,14,4,10,9,5,0,0,0,0,0,14,4,10,9,5,4,10.0810126245665,9.1446278286108,0.289040137418011,29
"16172","SP","Salto Grande",9364,23885.16,35040,"Ourinhos",3,"Sudeste",0,"354540",3,13,3,10,8,5,0,0,0,0,0,13,3,10,8,5,6,10.0810126245665,9.1446278286108,0.407614981830868,31
"16173","SP","Salto Grande",9364,23885.16,35040,"Ourinhos",3,"Sudeste",0,"354540",4,12,4,8,4,8,0,0,0,0,0,12,4,8,4,8,5,10.0810126245665,9.1446278286108,0.459326073504372,30
"16174","SP","Salto Grande",9364,23885.16,35040,"Ourinhos",3,"Sudeste",0,"354540",5,12,2,10,3,9,0,0,0,0,0,12,2,10,3,9,11,10.0810126245665,9.1446278286108,0.463372551880599,31
"16175","SP","Salto Grande",9364,23885.16,35040,"Ourinhos",3,"Sudeste",0,"354540",6,11,1,10,7,4,0,0,0,0,0,11,1,10,7,4,6,10.0810126245665,9.1446278286108,0.421525055921058,30
"16176","SP","Salto Grande",9364,23885.16,35040,"Ourinhos",3,"Sudeste",0,"354540",7,8,1,7,2,6,0,0,0,0,0,8,1,7,2,6,13,10.0810126245665,9.1446278286108,0.432738153176035,29
"16177","SP","Santa Adélia",15561,19941.08,35005,"Catanduva",3,"Sudeste",1,"354560",2,16,4,12,4,12,0,0,0,0,0,16,4,12,4,12,5,9.90053720453656,9.65252306301951,0.28618033980785,29
"16178","SP","Santa Adélia",15561,19941.08,35005,"Catanduva",3,"Sudeste",1,"354560",3,22,5,17,5,17,0,0,0,0,0,22,5,17,5,17,11,9.90053720453656,9.65252306301951,0.370951692756861,31
"16179","SP","Santa Adélia",15561,19941.08,35005,"Catanduva",3,"Sudeste",1,"354560",4,13,0,13,7,6,0,0,0,0,0,13,0,13,7,6,9,9.90053720453656,9.65252306301951,0.389240398241702,30
"16180","SP","Santa Adélia",15561,19941.08,35005,"Catanduva",3,"Sudeste",1,"354560",5,12,1,11,3,9,0,0,0,0,0,12,1,11,3,9,13,9.90053720453656,9.65252306301951,0.363090356206942,31
"16181","SP","Santa Adélia",15561,19941.08,35005,"Catanduva",3,"Sudeste",1,"354560",6,17,3,14,8,9,0,0,0,0,0,17,3,14,8,9,8,9.90053720453656,9.65252306301951,0.376447070381833,30
"16182","SP","Santa Adélia",15561,19941.08,35005,"Catanduva",3,"Sudeste",1,"354560",7,16,0,16,8,8,1,0,0,0,0,17,0,16,8,8,9,9.90053720453656,9.65252306301951,0.374986891002739,29
"16183","SP","Santa Albertina",6022,30542.24,35001,"Jales",3,"Sudeste",0,"354570",2,15,3,12,6,9,0,0,0,0,0,15,3,12,6,9,7,10.3268659225138,8.70317470904168,0.299366211175448,29
"16184","SP","Santa Albertina",6022,30542.24,35001,"Jales",3,"Sudeste",0,"354570",3,7,1,6,5,2,0,0,0,0,0,7,1,6,5,2,5,10.3268659225138,8.70317470904168,0.354052394138777,31
"16185","SP","Santa Albertina",6022,30542.24,35001,"Jales",3,"Sudeste",0,"354570",4,7,0,7,2,5,0,0,0,0,0,7,0,7,2,5,2,10.3268659225138,8.70317470904168,0.375381184815772,30
"16186","SP","Santa Albertina",6022,30542.24,35001,"Jales",3,"Sudeste",0,"354570",5,6,2,4,5,1,0,0,0,0,0,6,2,4,5,1,7,10.3268659225138,8.70317470904168,0.370080298120087,31
"16187","SP","Santa Albertina",6022,30542.24,35001,"Jales",3,"Sudeste",0,"354570",6,8,1,7,1,7,0,0,0,0,0,8,1,7,1,7,4,10.3268659225138,8.70317470904168,0.362824613495461,30
"16188","SP","Santa Albertina",6022,30542.24,35001,"Jales",3,"Sudeste",0,"354570",7,5,0,5,1,4,0,0,0,0,0,5,0,5,1,4,6,10.3268659225138,8.70317470904168,0.372954078099032,29
"16189","SP","Santa Bárbara d'Oeste",194390,30798.27,35032,"Campinas",3,"Sudeste",1,"354580",2,296,37,259,68,228,1,0,0,0,0,297,37,259,68,228,91,10.335213798553,12.1776217293562,0.289033660985735,29
"16190","SP","Santa Bárbara d'Oeste",194390,30798.27,35032,"Campinas",3,"Sudeste",1,"354580",3,333,34,299,98,235,2,0,0,0,0,335,34,299,98,235,116,10.335213798553,12.1776217293562,0.381954595619227,31
"16191","SP","Santa Bárbara d'Oeste",194390,30798.27,35032,"Campinas",3,"Sudeste",1,"354580",4,182,25,157,54,128,0,0,0,0,0,182,25,157,54,128,90,10.335213798553,12.1776217293562,0.441165256362159,30
"16192","SP","Santa Bárbara d'Oeste",194390,30798.27,35032,"Campinas",3,"Sudeste",1,"354580",5,194,16,178,61,133,2,0,0,0,0,196,16,178,61,133,96,10.335213798553,12.1776217293562,0.396518010752797,31
"16193","SP","Santa Bárbara d'Oeste",194390,30798.27,35032,"Campinas",3,"Sudeste",1,"354580",6,185,22,163,58,127,1,0,0,0,0,186,22,163,58,127,111,10.335213798553,12.1776217293562,0.364334414659461,30
"16194","SP","Santa Bárbara d'Oeste",194390,30798.27,35032,"Campinas",3,"Sudeste",1,"354580",7,181,24,157,49,132,1,0,0,0,0,182,24,157,49,132,163,10.335213798553,12.1776217293562,0.367777641502442,29
"16195","SP","Santa Branca",14857,16610.52,35050,"São José dos Campos",3,"Sudeste",1,"354600",2,22,2,20,9,13,0,0,0,0,0,22,2,20,9,13,11,9.71779150855921,9.60622641363735,0.285531877050594,29
"16196","SP","Santa Branca",14857,16610.52,35050,"São José dos Campos",3,"Sudeste",1,"354600",3,17,1,16,6,11,0,0,0,0,0,17,1,16,6,11,12,9.71779150855921,9.60622641363735,0.378215120150025,31
"16197","SP","Santa Branca",14857,16610.52,35050,"São José dos Campos",3,"Sudeste",1,"354600",4,15,4,11,8,7,0,0,0,0,0,15,4,11,8,7,10,9.71779150855921,9.60622641363735,0.441020427295794,30
"16198","SP","Santa Branca",14857,16610.52,35050,"São José dos Campos",3,"Sudeste",1,"354600",5,18,5,13,5,13,0,0,0,0,0,18,5,13,5,13,6,9.71779150855921,9.60622641363735,0.405276568683907,31
"16199","SP","Santa Branca",14857,16610.52,35050,"São José dos Campos",3,"Sudeste",1,"354600",6,6,1,5,2,4,0,0,0,0,0,6,1,5,2,4,12,9.71779150855921,9.60622641363735,0.371318894046146,30
"16200","SP","Santa Branca",14857,16610.52,35050,"São José dos Campos",3,"Sudeste",1,"354600",7,17,6,11,6,11,0,0,0,0,0,17,6,11,6,11,8,9.71779150855921,9.60622641363735,0.382573767285974,29
"16201","SP","Santa Cruz das Palmeiras",34737,14724.73,35029,"Pirassununga",3,"Sudeste",1,"354630",2,37,8,29,12,25,0,0,0,0,0,37,8,29,12,25,20,9.59728367218869,10.4555606802804,0.31941883571889,29
"16202","SP","Santa Cruz das Palmeiras",34737,14724.73,35029,"Pirassununga",3,"Sudeste",1,"354630",3,57,23,34,21,36,0,0,0,0,0,57,23,34,21,36,30,9.59728367218869,10.4555606802804,0.3970989332649,31
"16203","SP","Santa Cruz das Palmeiras",34737,14724.73,35029,"Pirassununga",3,"Sudeste",1,"354630",4,24,6,18,12,12,1,0,0,0,0,25,6,18,12,12,22,9.59728367218869,10.4555606802804,0.43476793540591,30
"16204","SP","Santa Cruz das Palmeiras",34737,14724.73,35029,"Pirassununga",3,"Sudeste",1,"354630",5,32,8,24,10,22,0,0,0,0,0,32,8,24,10,22,16,9.59728367218869,10.4555606802804,0.391492989813876,31
"16205","SP","Santa Cruz das Palmeiras",34737,14724.73,35029,"Pirassununga",3,"Sudeste",1,"354630",6,37,8,29,11,26,0,0,0,0,0,37,8,29,11,26,16,9.59728367218869,10.4555606802804,0.372365937345418,30
"16206","SP","Santa Cruz das Palmeiras",34737,14724.73,35029,"Pirassununga",3,"Sudeste",1,"354630",7,33,6,27,12,21,1,0,0,0,0,34,6,27,12,21,38,9.59728367218869,10.4555606802804,0.427679522353161,29
"16207","SP","Santa Cruz do Rio Pardo",47943,42906.75,35040,"Ourinhos",3,"Sudeste",1,"354640",2,85,11,74,24,61,1,0,0,0,0,86,11,74,24,61,19,10.6667844351964,10.7777680842532,0.290716725645375,29
"16208","SP","Santa Cruz do Rio Pardo",47943,42906.75,35040,"Ourinhos",3,"Sudeste",1,"354640",3,76,20,56,29,47,0,0,0,0,0,76,20,56,29,47,22,10.6667844351964,10.7777680842532,0.374720987194468,31
"16209","SP","Santa Cruz do Rio Pardo",47943,42906.75,35040,"Ourinhos",3,"Sudeste",1,"354640",4,39,6,33,13,26,0,0,0,0,0,39,6,33,13,26,25,10.6667844351964,10.7777680842532,0.423216775258454,30
"16210","SP","Santa Cruz do Rio Pardo",47943,42906.75,35040,"Ourinhos",3,"Sudeste",1,"354640",5,32,5,27,11,21,0,0,0,0,0,32,5,27,11,21,28,10.6667844351964,10.7777680842532,0.388185039840521,31
"16211","SP","Santa Cruz do Rio Pardo",47943,42906.75,35040,"Ourinhos",3,"Sudeste",1,"354640",6,58,2,56,18,40,0,0,0,0,0,58,2,56,18,40,28,10.6667844351964,10.7777680842532,0.355992894654607,30
"16212","SP","Santa Cruz do Rio Pardo",47943,42906.75,35040,"Ourinhos",3,"Sudeste",1,"354640",7,45,4,41,19,26,0,0,0,0,0,45,4,41,19,26,35,10.6667844351964,10.7777680842532,0.355437420188261,29
"16213","SP","Santa Ernestina",5588,16537.75,35013,"Jaboticabal",3,"Sudeste",0,"354650",2,12,1,11,4,8,0,0,0,0,0,12,1,11,4,8,4,9.71340092546692,8.62837672037685,0.32407262414042,29
"16214","SP","Santa Ernestina",5588,16537.75,35013,"Jaboticabal",3,"Sudeste",0,"354650",3,12,3,9,3,9,0,0,0,0,0,12,3,9,3,9,3,9.71340092546692,8.62837672037685,0.393659469928254,31
"16215","SP","Santa Ernestina",5588,16537.75,35013,"Jaboticabal",3,"Sudeste",0,"354650",4,6,2,4,4,2,0,0,0,0,0,6,2,4,4,2,3,9.71340092546692,8.62837672037685,0.40976506050534,30
"16216","SP","Santa Ernestina",5588,16537.75,35013,"Jaboticabal",3,"Sudeste",0,"354650",5,8,0,8,2,6,0,0,0,0,0,8,0,8,2,6,3,9.71340092546692,8.62837672037685,0.365627857771911,31
"16217","SP","Santa Ernestina",5588,16537.75,35013,"Jaboticabal",3,"Sudeste",0,"354650",6,7,0,7,2,5,0,0,0,0,0,7,0,7,2,5,1,9.71340092546692,8.62837672037685,0.374968482576213,30
"16218","SP","Santa Ernestina",5588,16537.75,35013,"Jaboticabal",3,"Sudeste",0,"354650",7,9,1,8,1,8,0,0,0,0,0,9,1,8,1,8,4,9.71340092546692,8.62837672037685,0.403863381624173,29
"16219","SP","Santa Fé do Sul",32563,33819.05,35001,"Jales",3,"Sudeste",1,"354660",2,60,6,54,23,37,0,0,0,0,0,60,6,54,23,37,21,10.4287795321704,10.3909319534642,0.304576788385391,29
"16220","SP","Santa Fé do Sul",32563,33819.05,35001,"Jales",3,"Sudeste",1,"354660",3,51,10,41,18,33,1,0,0,0,0,52,10,41,18,33,26,10.4287795321704,10.3909319534642,0.387757714448227,31
"16221","SP","Santa Fé do Sul",32563,33819.05,35001,"Jales",3,"Sudeste",1,"354660",4,40,4,36,17,23,2,0,0,0,0,42,4,36,17,23,21,10.4287795321704,10.3909319534642,0.424652088143039,30
"16222","SP","Santa Fé do Sul",32563,33819.05,35001,"Jales",3,"Sudeste",1,"354660",5,49,5,44,13,36,0,0,0,0,0,49,5,44,13,36,31,10.4287795321704,10.3909319534642,0.401712361355709,31
"16223","SP","Santa Fé do Sul",32563,33819.05,35001,"Jales",3,"Sudeste",1,"354660",6,40,5,35,15,25,0,0,0,0,0,40,5,35,15,25,42,10.4287795321704,10.3909319534642,0.386818444363806,30
"16224","SP","Santa Fé do Sul",32563,33819.05,35001,"Jales",3,"Sudeste",1,"354660",7,44,9,35,18,26,0,0,0,0,0,44,9,35,18,26,47,10.4287795321704,10.3909319534642,0.409241131007501,29
"16225","SP","Santa Gertrudes",27381,67000.11,35027,"Limeira",3,"Sudeste",1,"354670",2,39,6,33,13,26,1,0,0,0,0,40,6,33,13,26,6,11.1124495401628,10.217604621185,0.336235715331406,29
"16226","SP","Santa Gertrudes",27381,67000.11,35027,"Limeira",3,"Sudeste",1,"354670",3,46,13,33,16,30,0,0,0,0,0,46,13,33,16,30,13,11.1124495401628,10.217604621185,0.41474048396576,31
"16227","SP","Santa Gertrudes",27381,67000.11,35027,"Limeira",3,"Sudeste",1,"354670",4,30,5,25,10,20,0,0,0,0,0,30,5,25,10,20,9,11.1124495401628,10.217604621185,0.484233845648055,30
"16228","SP","Santa Gertrudes",27381,67000.11,35027,"Limeira",3,"Sudeste",1,"354670",5,26,2,24,10,16,0,0,0,0,0,26,2,24,10,16,15,11.1124495401628,10.217604621185,0.433135846003597,31
"16229","SP","Santa Gertrudes",27381,67000.11,35027,"Limeira",3,"Sudeste",1,"354670",6,21,3,18,9,12,1,0,0,0,0,22,3,18,9,12,9,11.1124495401628,10.217604621185,0.418162363930276,30
"16230","SP","Santa Gertrudes",27381,67000.11,35027,"Limeira",3,"Sudeste",1,"354670",7,30,13,17,8,22,0,0,0,0,0,30,13,17,8,22,17,11.1124495401628,10.217604621185,0.410113871990149,29
"16231","SP","Santa Isabel",57966,27752.63,35059,"Guarulhos",3,"Sudeste",1,"354680",2,96,6,90,43,53,0,0,0,0,0,96,6,90,43,53,29,10.2310858894585,10.9676119107456,0.310833431002786,29
"16232","SP","Santa Isabel",57966,27752.63,35059,"Guarulhos",3,"Sudeste",1,"354680",3,110,8,102,44,66,3,0,0,0,0,113,8,102,44,66,30,10.2310858894585,10.9676119107456,0.402589647772258,31
"16233","SP","Santa Isabel",57966,27752.63,35059,"Guarulhos",3,"Sudeste",1,"354680",4,55,5,50,22,33,0,0,0,0,0,55,5,50,22,33,27,10.2310858894585,10.9676119107456,0.46488850526129,30
"16234","SP","Santa Isabel",57966,27752.63,35059,"Guarulhos",3,"Sudeste",1,"354680",5,57,12,45,20,37,1,0,0,0,0,58,12,45,20,37,50,10.2310858894585,10.9676119107456,0.448755387570023,31
"16235","SP","Santa Isabel",57966,27752.63,35059,"Guarulhos",3,"Sudeste",1,"354680",6,57,8,49,19,38,0,0,0,0,0,57,8,49,19,38,53,10.2310858894585,10.9676119107456,0.412349283180861,30
"16236","SP","Santa Isabel",57966,27752.63,35059,"Guarulhos",3,"Sudeste",1,"354680",7,47,3,44,23,24,0,0,0,0,0,47,3,44,23,24,39,10.2310858894585,10.9676119107456,0.398333416747002,29
"16237","SP","Santa Lúcia",8854,13080.61,35024,"Araraquara",3,"Sudeste",1,"354690",2,11,0,11,4,7,0,0,0,0,0,11,0,11,4,7,3,9.47888626000939,9.08862461329209,0.347400871316177,29
"16238","SP","Santa Lúcia",8854,13080.61,35024,"Araraquara",3,"Sudeste",1,"354690",3,16,2,14,7,9,0,0,0,0,0,16,2,14,7,9,3,9.47888626000939,9.08862461329209,0.415475212040314,31
"16239","SP","Santa Lúcia",8854,13080.61,35024,"Araraquara",3,"Sudeste",1,"354690",4,6,3,3,4,2,0,0,0,0,0,6,3,3,4,2,6,9.47888626000939,9.08862461329209,0.472385851411137,30
"16240","SP","Santa Lúcia",8854,13080.61,35024,"Araraquara",3,"Sudeste",1,"354690",5,2,0,2,0,2,0,0,0,0,0,2,0,2,0,2,4,9.47888626000939,9.08862461329209,0.419943922262979,31
"16241","SP","Santa Lúcia",8854,13080.61,35024,"Araraquara",3,"Sudeste",1,"354690",6,1,0,1,0,1,0,0,0,0,0,1,0,1,0,1,6,9.47888626000939,9.08862461329209,0.37274551283691,30
"16242","SP","Santa Lúcia",8854,13080.61,35024,"Araraquara",3,"Sudeste",1,"354690",7,6,2,4,1,5,0,0,0,0,0,6,2,4,1,5,2,9.47888626000939,9.08862461329209,0.413430726738862,29
"16243","SP","Santa Maria da Serra",6236,21876.38,35028,"Piracicaba",3,"Sudeste",0,"354700",2,8,4,4,4,4,0,0,0,0,0,8,4,4,4,4,4,9.99316279495028,8.73809423017767,0.325032263255083,29
"16244","SP","Santa Maria da Serra",6236,21876.38,35028,"Piracicaba",3,"Sudeste",0,"354700",3,10,1,9,3,7,1,0,0,0,0,11,1,9,3,7,4,9.99316279495028,8.73809423017767,0.374658390413594,31
"16245","SP","Santa Maria da Serra",6236,21876.38,35028,"Piracicaba",3,"Sudeste",0,"354700",4,9,5,4,6,3,0,0,0,0,0,9,5,4,6,3,1,9.99316279495028,8.73809423017767,0.419459286808705,30
"16246","SP","Santa Maria da Serra",6236,21876.38,35028,"Piracicaba",3,"Sudeste",0,"354700",5,7,0,7,5,2,0,0,0,0,0,7,0,7,5,2,2,9.99316279495028,8.73809423017767,0.428318071372856,31
"16247","SP","Santa Maria da Serra",6236,21876.38,35028,"Piracicaba",3,"Sudeste",0,"354700",6,8,3,5,4,4,0,0,0,0,0,8,3,5,4,4,6,9.99316279495028,8.73809423017767,0.418258141079412,30
"16248","SP","Santa Maria da Serra",6236,21876.38,35028,"Piracicaba",3,"Sudeste",0,"354700",7,7,4,3,3,4,0,0,0,0,0,7,4,3,3,4,4,9.99316279495028,8.73809423017767,0.405613976291558,29
"16249","SP","Santana de Parnaíba",142301,67650.64,35057,"Osasco",3,"Sudeste",1,"354730",2,339,39,300,98,241,2,0,0,0,0,341,39,300,98,241,46,11.1221120940124,11.8656998114601,0.27900434149921,29
"16250","SP","Santana de Parnaíba",142301,67650.64,35057,"Osasco",3,"Sudeste",1,"354730",3,302,50,252,84,218,1,0,0,0,0,303,50,252,84,218,57,11.1221120940124,11.8656998114601,0.392444601519311,31
"16251","SP","Santana de Parnaíba",142301,67650.64,35057,"Osasco",3,"Sudeste",1,"354730",4,205,19,186,63,142,0,0,0,0,0,205,19,186,63,142,57,11.1221120940124,11.8656998114601,0.482395590261336,30
"16252","SP","Santana de Parnaíba",142301,67650.64,35057,"Osasco",3,"Sudeste",1,"354730",5,231,25,206,68,163,0,0,0,0,0,231,25,206,68,163,57,11.1221120940124,11.8656998114601,0.457670775767245,31
"16253","SP","Santana de Parnaíba",142301,67650.64,35057,"Osasco",3,"Sudeste",1,"354730",6,171,18,153,50,121,3,0,0,0,0,174,18,153,50,121,96,11.1221120940124,11.8656998114601,0.409198598514322,30
"16254","SP","Santana de Parnaíba",142301,67650.64,35057,"Osasco",3,"Sudeste",1,"354730",7,208,25,183,66,142,1,0,0,0,0,209,25,183,66,142,83,11.1221120940124,11.8656998114601,0.393468698567745,29
"16255","SP","Santa Rita do Passa Quatro",27600,24132.89,35014,"Ribeirão Preto",3,"Sudeste",1,"354750",2,36,8,28,11,25,0,0,0,0,0,36,8,28,11,25,21,10.0913309193712,10.2255710517052,0.302614061853539,29
"16256","SP","Santa Rita do Passa Quatro",27600,24132.89,35014,"Ribeirão Preto",3,"Sudeste",1,"354750",3,28,6,22,11,17,0,0,0,0,0,28,6,22,11,17,29,10.0913309193712,10.2255710517052,0.388128806122764,31
"16257","SP","Santa Rita do Passa Quatro",27600,24132.89,35014,"Ribeirão Preto",3,"Sudeste",1,"354750",4,17,8,9,8,9,0,0,0,0,0,17,8,9,8,9,26,10.0913309193712,10.2255710517052,0.43875685739811,30
"16258","SP","Santa Rita do Passa Quatro",27600,24132.89,35014,"Ribeirão Preto",3,"Sudeste",1,"354750",5,20,2,18,11,9,0,0,0,0,0,20,2,18,11,9,22,10.0913309193712,10.2255710517052,0.41281189362135,31
"16259","SP","Santa Rita do Passa Quatro",27600,24132.89,35014,"Ribeirão Preto",3,"Sudeste",1,"354750",6,37,10,27,15,22,0,0,0,0,0,37,10,27,15,22,20,10.0913309193712,10.2255710517052,0.39757815344676,30
"16260","SP","Santa Rita do Passa Quatro",27600,24132.89,35014,"Ribeirão Preto",3,"Sudeste",1,"354750",7,14,3,11,3,11,1,0,0,0,0,15,3,11,3,11,20,10.0913309193712,10.2255710517052,0.377046809368511,29
"16261","SP","Santa Rosa de Viterbo",26753,26438.67,35014,"Ribeirão Preto",3,"Sudeste",1,"354760",2,27,7,20,10,17,0,0,0,0,0,27,7,20,10,17,12,10.1825829901285,10.1944018955686,0.311256813464205,29
"16262","SP","Santa Rosa de Viterbo",26753,26438.67,35014,"Ribeirão Preto",3,"Sudeste",1,"354760",3,36,5,31,7,29,1,0,0,0,0,37,5,31,7,29,16,10.1825829901285,10.1944018955686,0.397191458706013,31
"16263","SP","Santa Rosa de Viterbo",26753,26438.67,35014,"Ribeirão Preto",3,"Sudeste",1,"354760",4,20,5,15,6,14,0,0,0,0,0,20,5,15,6,14,17,10.1825829901285,10.1944018955686,0.436368796238874,30
"16264","SP","Santa Rosa de Viterbo",26753,26438.67,35014,"Ribeirão Preto",3,"Sudeste",1,"354760",5,19,4,15,9,10,0,0,0,0,0,19,4,15,9,10,21,10.1825829901285,10.1944018955686,0.406447785036191,31
"16265","SP","Santa Rosa de Viterbo",26753,26438.67,35014,"Ribeirão Preto",3,"Sudeste",1,"354760",6,22,1,21,5,17,0,0,0,0,0,22,1,21,5,17,16,10.1825829901285,10.1944018955686,0.369422086678842,30
"16266","SP","Santa Rosa de Viterbo",26753,26438.67,35014,"Ribeirão Preto",3,"Sudeste",1,"354760",7,12,5,7,5,7,0,0,0,0,0,12,5,7,5,7,16,10.1825829901285,10.1944018955686,0.378554479959407,29
"16267","SP","Santo Anastácio",20866,19766.77,35036,"Presidente Prudente",3,"Sudeste",1,"354770",2,20,1,19,6,14,0,0,0,0,0,20,1,19,6,14,19,9.89175752396003,9.94587631902792,0.278431413152733,29
"16268","SP","Santo Anastácio",20866,19766.77,35036,"Presidente Prudente",3,"Sudeste",1,"354770",3,27,3,24,7,20,0,0,0,0,0,27,3,24,7,20,17,9.89175752396003,9.94587631902792,0.360815168489694,31
"16269","SP","Santo Anastácio",20866,19766.77,35036,"Presidente Prudente",3,"Sudeste",1,"354770",4,22,6,16,13,9,0,0,0,0,0,22,6,16,13,9,19,9.89175752396003,9.94587631902792,0.408087214407496,30
"16270","SP","Santo Anastácio",20866,19766.77,35036,"Presidente Prudente",3,"Sudeste",1,"354770",5,16,2,14,6,10,0,0,0,0,0,16,2,14,6,10,11,9.89175752396003,9.94587631902792,0.376305544005361,31
"16271","SP","Santo Anastácio",20866,19766.77,35036,"Presidente Prudente",3,"Sudeste",1,"354770",6,17,4,13,4,13,0,0,0,0,0,17,4,13,4,13,14,9.89175752396003,9.94587631902792,0.373423420778639,30
"16272","SP","Santo Anastácio",20866,19766.77,35036,"Presidente Prudente",3,"Sudeste",1,"354770",7,17,3,14,6,11,0,0,0,0,0,17,3,14,6,11,24,9.89175752396003,9.94587631902792,0.396758672948944,29
"16273","SP","Santo André",721368,40489.21,35061,"São Paulo",3,"Sudeste",1,"354780",2,1207,108,1099,304,903,6,0,0,0,0,1213,108,1099,304,903,400,10.6087907978455,13.4889046882753,0.289703265274162,29
"16274","SP","Santo André",721368,40489.21,35061,"São Paulo",3,"Sudeste",1,"354780",3,1261,119,1142,323,938,6,0,0,0,0,1267,119,1142,323,938,452,10.6087907978455,13.4889046882753,0.411367168943763,31
"16275","SP","Santo André",721368,40489.21,35061,"São Paulo",3,"Sudeste",1,"354780",4,760,76,684,203,557,2,0,0,0,0,762,76,684,203,557,518,10.6087907978455,13.4889046882753,0.503487320443413,30
"16276","SP","Santo André",721368,40489.21,35061,"São Paulo",3,"Sudeste",1,"354780",5,712,66,646,185,527,7,0,0,0,0,719,66,646,185,527,653,10.6087907978455,13.4889046882753,0.461614136157181,31
"16277","SP","Santo André",721368,40489.21,35061,"São Paulo",3,"Sudeste",1,"354780",6,733,67,666,181,552,6,0,0,0,0,739,67,666,181,552,637,10.6087907978455,13.4889046882753,0.415487660826381,30
"16278","SP","Santo André",721368,40489.21,35061,"São Paulo",3,"Sudeste",1,"354780",7,725,58,667,187,538,9,0,0,0,0,734,58,667,187,538,570,10.6087907978455,13.4889046882753,0.399401868164064,29
"16279","SP","Santo Antônio da Alegria",6977,18953.27,35015,"Batatais",3,"Sudeste",0,"354790",2,10,2,8,6,4,0,0,0,0,0,10,2,8,6,4,5,9.84973175499067,8.85037430393924,0.295024818135756,29
"16280","SP","Santo Antônio da Alegria",6977,18953.27,35015,"Batatais",3,"Sudeste",0,"354790",3,8,2,6,3,5,0,0,0,0,0,8,2,6,3,5,7,9.84973175499067,8.85037430393924,0.377093965217592,31
"16281","SP","Santo Antônio da Alegria",6977,18953.27,35015,"Batatais",3,"Sudeste",0,"354790",4,3,2,1,1,2,0,0,0,0,0,3,2,1,1,2,7,9.84973175499067,8.85037430393924,0.437888305632308,30
"16282","SP","Santo Antônio da Alegria",6977,18953.27,35015,"Batatais",3,"Sudeste",0,"354790",5,5,1,4,2,3,1,0,0,0,0,6,1,4,2,3,4,9.84973175499067,8.85037430393924,0.366273777522701,31
"16283","SP","Santo Antônio da Alegria",6977,18953.27,35015,"Batatais",3,"Sudeste",0,"354790",6,8,2,6,3,5,0,0,0,0,0,8,2,6,3,5,4,9.84973175499067,8.85037430393924,0.386085540957775,30
"16284","SP","Santo Antônio da Alegria",6977,18953.27,35015,"Batatais",3,"Sudeste",0,"354790",7,8,3,5,5,3,0,0,0,0,0,8,3,5,5,3,9,9.84973175499067,8.85037430393924,0.379414400422123,29
"16285","SP","Santo Antônio de Posse",23529,48880.01,35031,"Mogi Mirim",3,"Sudeste",1,"354800",2,39,13,26,13,26,0,0,0,0,0,39,13,26,13,26,6,10.7971237984281,10.0659889818808,0.291263129390021,29
"16286","SP","Santo Antônio de Posse",23529,48880.01,35031,"Mogi Mirim",3,"Sudeste",1,"354800",3,40,12,28,14,26,0,0,0,0,0,40,12,28,14,26,18,10.7971237984281,10.0659889818808,0.380401206705228,31
"16287","SP","Santo Antônio de Posse",23529,48880.01,35031,"Mogi Mirim",3,"Sudeste",1,"354800",4,20,7,13,9,11,0,0,0,0,0,20,7,13,9,11,15,10.7971237984281,10.0659889818808,0.42688080711189,30
"16288","SP","Santo Antônio de Posse",23529,48880.01,35031,"Mogi Mirim",3,"Sudeste",1,"354800",5,20,3,17,5,15,0,0,0,0,0,20,3,17,5,15,17,10.7971237984281,10.0659889818808,0.400379139075635,31
"16289","SP","Santo Antônio de Posse",23529,48880.01,35031,"Mogi Mirim",3,"Sudeste",1,"354800",6,34,6,28,17,17,0,0,0,0,0,34,6,28,17,17,10,10.7971237984281,10.0659889818808,0.377331726334061,30
"16290","SP","Santo Antônio de Posse",23529,48880.01,35031,"Mogi Mirim",3,"Sudeste",1,"354800",7,18,4,14,10,8,0,0,0,0,0,18,4,14,10,8,22,10.7971237984281,10.0659889818808,0.381961398232918,29
"16291","SP","Santo Antônio do Aracanguá",8481,24823.67,35017,"Araçatuba",3,"Sudeste",0,"354805",2,8,1,7,1,7,0,0,0,0,0,8,1,7,1,7,3,10.119552912453,9.0455836463617,0.296951674490096,29
"16292","SP","Santo Antônio do Aracanguá",8481,24823.67,35017,"Araçatuba",3,"Sudeste",0,"354805",3,18,2,16,7,11,0,0,0,0,0,18,2,16,7,11,3,10.119552912453,9.0455836463617,0.391070530601392,31
"16293","SP","Santo Antônio do Aracanguá",8481,24823.67,35017,"Araçatuba",3,"Sudeste",0,"354805",4,11,2,9,3,8,0,0,0,0,0,11,2,9,3,8,4,10.119552912453,9.0455836463617,0.412585833862521,30
"16294","SP","Santo Antônio do Aracanguá",8481,24823.67,35017,"Araçatuba",3,"Sudeste",0,"354805",5,9,1,8,4,5,0,0,0,0,0,9,1,8,4,5,4,10.119552912453,9.0455836463617,0.408039655234108,31
"16295","SP","Santo Antônio do Aracanguá",8481,24823.67,35017,"Araçatuba",3,"Sudeste",0,"354805",6,9,3,6,3,6,0,0,0,0,0,9,3,6,3,6,10,10.119552912453,9.0455836463617,0.395356065018731,30
"16296","SP","Santo Antônio do Aracanguá",8481,24823.67,35017,"Araçatuba",3,"Sudeste",0,"354805",7,6,2,4,3,3,0,0,0,0,0,6,2,4,3,3,10,10.119552912453,9.0455836463617,0.424225202779323,29
"16297","SP","Santo Antônio do Pinhal",6827,16258.73,35049,"Campos do Jordão",3,"Sudeste",0,"354820",2,11,2,9,3,8,0,0,0,0,0,11,2,9,3,8,3,9.69638527427033,8.82864061741828,0.30811095158135,29
"16298","SP","Santo Antônio do Pinhal",6827,16258.73,35049,"Campos do Jordão",3,"Sudeste",0,"354820",3,11,2,9,1,10,0,0,0,0,0,11,2,9,1,10,5,9.69638527427033,8.82864061741828,0.438987392156532,31
"16299","SP","Santo Antônio do Pinhal",6827,16258.73,35049,"Campos do Jordão",3,"Sudeste",0,"354820",4,9,1,8,4,5,0,0,0,0,0,9,1,8,4,5,0,9.69638527427033,8.82864061741828,0.504058798137841,30
"16300","SP","Santo Antônio do Pinhal",6827,16258.73,35049,"Campos do Jordão",3,"Sudeste",0,"354820",5,10,2,8,6,4,0,0,0,0,0,10,2,8,6,4,8,9.69638527427033,8.82864061741828,0.476186736409236,31
"16301","SP","Santo Antônio do Pinhal",6827,16258.73,35049,"Campos do Jordão",3,"Sudeste",0,"354820",6,8,2,6,2,6,0,0,0,0,0,8,2,6,2,6,8,9.69638527427033,8.82864061741828,0.419521982198477,30
"16302","SP","Santo Antônio do Pinhal",6827,16258.73,35049,"Campos do Jordão",3,"Sudeste",0,"354820",7,11,2,9,8,3,0,0,0,0,0,11,2,9,8,3,3,9.69638527427033,8.82864061741828,0.409532736554624,29
"16303","SP","Santópolis do Aguapeí",4817,14856.83,35018,"Birigui",3,"Sudeste",0,"354840",2,7,0,7,1,6,0,0,0,0,0,7,0,7,1,6,2,9.60621497115417,8.47990660663022,0.287142871086043,29
"16304","SP","Santópolis do Aguapeí",4817,14856.83,35018,"Birigui",3,"Sudeste",0,"354840",3,4,1,3,3,1,0,0,0,0,0,4,1,3,3,1,2,9.60621497115417,8.47990660663022,0.350740687028495,31
"16305","SP","Santópolis do Aguapeí",4817,14856.83,35018,"Birigui",3,"Sudeste",0,"354840",4,3,1,2,2,1,0,0,0,0,0,3,1,2,2,1,1,9.60621497115417,8.47990660663022,0.375795999752586,30
"16306","SP","Santópolis do Aguapeí",4817,14856.83,35018,"Birigui",3,"Sudeste",0,"354840",5,8,3,5,1,7,0,0,0,0,0,8,3,5,1,7,4,9.60621497115417,8.47990660663022,0.398098556765338,31
"16307","SP","Santópolis do Aguapeí",4817,14856.83,35018,"Birigui",3,"Sudeste",0,"354840",6,2,0,2,1,1,0,0,0,0,0,2,0,2,1,1,2,9.60621497115417,8.47990660663022,0.368324395554861,30
"16308","SP","Santópolis do Aguapeí",4817,14856.83,35018,"Birigui",3,"Sudeste",0,"354840",7,4,0,4,3,1,0,0,0,0,0,4,0,4,3,1,6,9.60621497115417,8.47990660663022,0.373162109471526,29
"16309","SP","Santos",433656,51915.03,35063,"Santos",3,"Sudeste",1,"354850",2,577,63,514,159,418,1,0,0,0,0,578,63,514,159,418,317,10.8573636226051,12.9800068720598,0.29955773254991,29
"16310","SP","Santos",433656,51915.03,35063,"Santos",3,"Sudeste",1,"354850",3,591,65,526,164,427,3,0,0,0,0,594,65,526,164,427,341,10.8573636226051,12.9800068720598,0.419121412029366,31
"16311","SP","Santos",433656,51915.03,35063,"Santos",3,"Sudeste",1,"354850",4,366,34,332,92,274,2,0,0,0,0,368,34,332,92,274,417,10.8573636226051,12.9800068720598,0.508875919830376,30
"16312","SP","Santos",433656,51915.03,35063,"Santos",3,"Sudeste",1,"354850",5,334,41,293,92,242,3,0,0,0,0,337,41,293,92,242,504,10.8573636226051,12.9800068720598,0.474716661809136,31
"16313","SP","Santos",433656,51915.03,35063,"Santos",3,"Sudeste",1,"354850",6,351,47,304,91,260,1,0,0,0,0,352,47,304,91,260,497,10.8573636226051,12.9800068720598,0.434008630785568,30
"16314","SP","Santos",433656,51915.03,35063,"Santos",3,"Sudeste",1,"354850",7,341,46,295,102,239,2,0,0,0,0,343,46,295,102,239,439,10.8573636226051,12.9800068720598,0.41601474213333,29
"16315","SP","São Bento do Sapucaí",10893,18725.82,35049,"Campos do Jordão",3,"Sudeste",0,"354860",2,13,1,12,7,6,1,0,0,0,0,14,1,12,7,6,8,9.83765859914889,9.29587566008245,0.344189267197927,29
"16316","SP","São Bento do Sapucaí",10893,18725.82,35049,"Campos do Jordão",3,"Sudeste",0,"354860",3,15,1,14,5,10,0,0,0,0,0,15,1,14,5,10,10,9.83765859914889,9.29587566008245,0.419901805990727,31
"16317","SP","São Bento do Sapucaí",10893,18725.82,35049,"Campos do Jordão",3,"Sudeste",0,"354860",4,15,1,14,4,11,0,0,0,0,0,15,1,14,4,11,5,9.83765859914889,9.29587566008245,0.465048349579499,30
"16318","SP","São Bento do Sapucaí",10893,18725.82,35049,"Campos do Jordão",3,"Sudeste",0,"354860",5,12,4,8,4,8,0,0,0,0,0,12,4,8,4,8,4,9.83765859914889,9.29587566008245,0.443332972723622,31
"16319","SP","São Bento do Sapucaí",10893,18725.82,35049,"Campos do Jordão",3,"Sudeste",0,"354860",6,7,2,5,1,6,0,0,0,0,0,7,2,5,1,6,9,9.83765859914889,9.29587566008245,0.407511664677986,30
"16320","SP","São Bento do Sapucaí",10893,18725.82,35049,"Campos do Jordão",3,"Sudeste",0,"354860",7,20,4,16,7,13,0,0,0,0,0,20,4,16,7,13,10,9.83765859914889,9.29587566008245,0.380857714181255,29
"16321","SP","São Bernardo do Campo",844483,60689.23,35061,"São Paulo",3,"Sudeste",1,"354870",2,1294,115,1179,375,919,2,0,0,0,0,1296,115,1179,375,919,348,11.0135215313215,13.6464798847728,0.2946708037933,29
"16322","SP","São Bernardo do Campo",844483,60689.23,35061,"São Paulo",3,"Sudeste",1,"354870",3,1315,117,1198,371,944,6,0,0,0,0,1321,117,1198,371,944,408,11.0135215313215,13.6464798847728,0.410586092892564,31
"16323","SP","São Bernardo do Campo",844483,60689.23,35061,"São Paulo",3,"Sudeste",1,"354870",4,854,89,765,233,621,4,0,0,0,0,858,89,765,233,621,450,11.0135215313215,13.6464798847728,0.501820856332526,30
"16324","SP","São Bernardo do Campo",844483,60689.23,35061,"São Paulo",3,"Sudeste",1,"354870",5,715,79,636,197,518,6,0,0,0,0,721,79,636,197,518,617,11.0135215313215,13.6464798847728,0.466156597550308,31
"16325","SP","São Bernardo do Campo",844483,60689.23,35061,"São Paulo",3,"Sudeste",1,"354870",6,757,70,687,209,548,3,0,0,0,0,760,70,687,209,548,591,11.0135215313215,13.6464798847728,0.420757934176074,30
"16326","SP","São Bernardo do Campo",844483,60689.23,35061,"São Paulo",3,"Sudeste",1,"354870",7,712,55,657,198,514,7,0,0,0,0,719,55,657,198,514,567,11.0135215313215,13.6464798847728,0.403095110787404,29
"16327","SP","São Caetano do Sul",161957,83860.42,35061,"São Paulo",3,"Sudeste",1,"354880",2,244,7,237,44,200,1,0,0,0,0,245,7,237,44,200,111,11.3369090290595,11.9950861468824,0.290516138219719,29
"16328","SP","São Caetano do Sul",161957,83860.42,35061,"São Paulo",3,"Sudeste",1,"354880",3,215,6,209,43,172,0,0,0,0,0,215,6,209,43,172,148,11.3369090290595,11.9950861468824,0.435925857779943,31
"16329","SP","São Caetano do Sul",161957,83860.42,35061,"São Paulo",3,"Sudeste",1,"354880",4,124,7,117,21,103,0,0,0,0,0,124,7,117,21,103,126,11.3369090290595,11.9950861468824,0.562924437260425,30
"16330","SP","São Caetano do Sul",161957,83860.42,35061,"São Paulo",3,"Sudeste",1,"354880",5,112,4,108,17,95,0,0,0,0,0,112,4,108,17,95,163,11.3369090290595,11.9950861468824,0.516923853019607,31
"16331","SP","São Caetano do Sul",161957,83860.42,35061,"São Paulo",3,"Sudeste",1,"354880",6,124,6,118,21,103,0,0,0,0,0,124,6,118,21,103,169,11.3369090290595,11.9950861468824,0.460917014874507,30
"16332","SP","São Caetano do Sul",161957,83860.42,35061,"São Paulo",3,"Sudeste",1,"354880",7,141,5,136,20,121,1,0,0,0,0,142,5,136,20,121,159,11.3369090290595,11.9950861468824,0.437479103722426,29
"16333","SP","São Carlos",254484,44796.83,35025,"São Carlos",3,"Sudeste",1,"354890",2,420,36,384,127,293,1,0,0,0,0,421,36,384,127,293,131,10.709892656971,12.4469932446271,0.29097820832043,29
"16334","SP","São Carlos",254484,44796.83,35025,"São Carlos",3,"Sudeste",1,"354890",3,422,57,365,109,313,1,0,0,0,0,423,57,365,109,313,147,10.709892656971,12.4469932446271,0.409131281922475,31
"16335","SP","São Carlos",254484,44796.83,35025,"São Carlos",3,"Sudeste",1,"354890",4,299,43,256,93,206,4,0,0,0,0,303,43,256,93,206,136,10.709892656971,12.4469932446271,0.508344688174247,30
"16336","SP","São Carlos",254484,44796.83,35025,"São Carlos",3,"Sudeste",1,"354890",5,262,18,244,66,196,2,0,0,0,0,264,18,244,66,196,145,10.709892656971,12.4469932446271,0.469107001260507,31
"16337","SP","São Carlos",254484,44796.83,35025,"São Carlos",3,"Sudeste",1,"354890",6,265,36,229,73,192,0,0,0,0,0,265,36,229,73,192,157,10.709892656971,12.4469932446271,0.417672676960958,30
"16338","SP","São Carlos",254484,44796.83,35025,"São Carlos",3,"Sudeste",1,"354890",7,302,28,274,86,216,2,0,0,0,0,304,28,274,86,216,172,10.709892656971,12.4469932446271,0.406261664805791,29
"16339","SP","São João da Boa Vista",91771,34522.54,35030,"São João da Boa Vista",3,"Sudeste",1,"354910",2,145,34,111,45,100,1,0,0,0,0,146,34,111,45,100,67,10.4493677230235,11.4270516225609,0.339901811802224,29
"16340","SP","São João da Boa Vista",91771,34522.54,35030,"São João da Boa Vista",3,"Sudeste",1,"354910",3,139,32,107,42,97,0,0,0,0,0,139,32,107,42,97,51,10.4493677230235,11.4270516225609,0.438173732083041,31
"16341","SP","São João da Boa Vista",91771,34522.54,35030,"São João da Boa Vista",3,"Sudeste",1,"354910",4,72,17,55,19,53,0,0,0,0,0,72,17,55,19,53,66,10.4493677230235,11.4270516225609,0.50077183099606,30
"16342","SP","São João da Boa Vista",91771,34522.54,35030,"São João da Boa Vista",3,"Sudeste",1,"354910",5,94,17,77,26,68,0,0,0,0,0,94,17,77,26,68,73,10.4493677230235,11.4270516225609,0.460967182195044,31
"16343","SP","São João da Boa Vista",91771,34522.54,35030,"São João da Boa Vista",3,"Sudeste",1,"354910",6,83,22,61,22,61,1,0,0,0,0,84,22,61,22,61,63,10.4493677230235,11.4270516225609,0.423903760960019,30
"16344","SP","São João da Boa Vista",91771,34522.54,35030,"São João da Boa Vista",3,"Sudeste",1,"354910",7,92,20,72,20,72,1,0,0,0,0,93,20,72,20,72,72,10.4493677230235,11.4270516225609,0.411182849042439,29
"16345","SP","São Joaquim da Barra",52319,33011.12,35010,"São Joaquim da Barra",3,"Sudeste",1,"354940",2,70,10,60,21,49,0,0,0,0,0,70,10,60,21,49,28,10.404599753384,10.8651148727986,0.303323339387996,29
"16346","SP","São Joaquim da Barra",52319,33011.12,35010,"São Joaquim da Barra",3,"Sudeste",1,"354940",3,87,6,81,37,50,0,0,0,0,0,87,6,81,37,50,25,10.404599753384,10.8651148727986,0.379956657376486,31
"16347","SP","São Joaquim da Barra",52319,33011.12,35010,"São Joaquim da Barra",3,"Sudeste",1,"354940",4,55,14,41,13,42,0,0,0,0,0,55,14,41,13,42,24,10.404599753384,10.8651148727986,0.44055023941714,30
"16348","SP","São Joaquim da Barra",52319,33011.12,35010,"São Joaquim da Barra",3,"Sudeste",1,"354940",5,36,3,33,13,23,0,0,0,0,0,36,3,33,13,23,21,10.404599753384,10.8651148727986,0.409776137264523,31
"16349","SP","São Joaquim da Barra",52319,33011.12,35010,"São Joaquim da Barra",3,"Sudeste",1,"354940",6,50,5,45,15,35,0,0,0,0,0,50,5,45,15,35,29,10.404599753384,10.8651148727986,0.384053232328344,30
"16350","SP","São Joaquim da Barra",52319,33011.12,35010,"São Joaquim da Barra",3,"Sudeste",1,"354940",7,35,5,30,11,24,0,0,0,0,0,35,5,30,11,24,43,10.404599753384,10.8651148727986,0.387676828616271,29
"16351","SP","São José da Bela Vista",8960,18219.25,35012,"Franca",3,"Sudeste",0,"354950",2,10,2,8,6,4,0,0,0,0,0,10,2,8,6,4,4,9.81023400641017,9.10052550596898,0.330871438296465,29
"16352","SP","São José da Bela Vista",8960,18219.25,35012,"Franca",3,"Sudeste",0,"354950",3,12,2,10,4,8,0,0,0,0,0,12,2,10,4,8,2,9.81023400641017,9.10052550596898,0.419622109402965,31
"16353","SP","São José da Bela Vista",8960,18219.25,35012,"Franca",3,"Sudeste",0,"354950",4,7,1,6,6,1,0,0,0,0,0,7,1,6,6,1,3,9.81023400641017,9.10052550596898,0.394878313405012,30
"16354","SP","São José da Bela Vista",8960,18219.25,35012,"Franca",3,"Sudeste",0,"354950",5,4,0,4,2,2,0,0,0,0,0,4,0,4,2,2,7,9.81023400641017,9.10052550596898,0.421892836638617,31
"16355","SP","São José da Bela Vista",8960,18219.25,35012,"Franca",3,"Sudeste",0,"354950",6,5,0,5,3,2,0,0,0,0,0,5,0,5,3,2,7,9.81023400641017,9.10052550596898,0.398939001194174,30
"16356","SP","São José da Bela Vista",8960,18219.25,35012,"Franca",3,"Sudeste",0,"354950",7,10,1,9,5,5,0,0,0,0,0,10,1,9,5,5,8,9.81023400641017,9.10052550596898,0.412613252621219,29
"16357","SP","São José do Rio Pardo",55124,33227.23,35030,"São João da Boa Vista",3,"Sudeste",1,"354970",2,80,15,65,27,53,0,0,0,0,0,80,15,65,27,53,27,10.4111249994631,10.917340471995,0.308308586437874,29
"16358","SP","São José do Rio Pardo",55124,33227.23,35030,"São João da Boa Vista",3,"Sudeste",1,"354970",3,94,21,73,32,62,0,0,0,0,0,94,21,73,32,62,31,10.4111249994631,10.917340471995,0.396400153323305,31
"16359","SP","São José do Rio Pardo",55124,33227.23,35030,"São João da Boa Vista",3,"Sudeste",1,"354970",4,55,14,41,18,37,0,0,0,0,0,55,14,41,18,37,30,10.4111249994631,10.917340471995,0.435971311618725,30
"16360","SP","São José do Rio Pardo",55124,33227.23,35030,"São João da Boa Vista",3,"Sudeste",1,"354970",5,49,12,37,10,39,0,0,0,0,0,49,12,37,10,39,53,10.4111249994631,10.917340471995,0.408146003926088,31
"16361","SP","São José do Rio Pardo",55124,33227.23,35030,"São João da Boa Vista",3,"Sudeste",1,"354970",6,40,5,35,10,30,2,0,0,0,0,42,5,35,10,30,45,10.4111249994631,10.917340471995,0.378825950717543,30
"16362","SP","São José do Rio Pardo",55124,33227.23,35030,"São João da Boa Vista",3,"Sudeste",1,"354970",7,45,12,33,15,30,0,0,0,0,0,45,12,33,15,30,37,10.4111249994631,10.917340471995,0.379798358733891,29
"16363","SP","São José do Rio Preto",464983,38449.7,35004,"São José do Rio Preto",3,"Sudeste",1,"354980",2,806,91,715,205,601,3,0,0,0,0,809,91,715,205,601,292,10.5571061725626,13.0497561247614,0.282352278404563,29
"16364","SP","São José do Rio Preto",464983,38449.7,35004,"São José do Rio Preto",3,"Sudeste",1,"354980",3,846,105,741,222,624,2,0,0,0,0,848,105,741,222,624,294,10.5571061725626,13.0497561247614,0.380520923212408,31
"16365","SP","São José do Rio Preto",464983,38449.7,35004,"São José do Rio Preto",3,"Sudeste",1,"354980",4,544,82,462,166,378,1,0,0,0,0,545,82,462,166,378,263,10.5571061725626,13.0497561247614,0.436049071181578,30
"16366","SP","São José do Rio Preto",464983,38449.7,35004,"São José do Rio Preto",3,"Sudeste",1,"354980",5,483,68,415,150,333,4,0,0,0,0,487,68,415,150,333,274,10.5571061725626,13.0497561247614,0.393338073311139,31
"16367","SP","São José do Rio Preto",464983,38449.7,35004,"São José do Rio Preto",3,"Sudeste",1,"354980",6,482,71,411,134,348,7,0,0,0,0,489,71,411,134,348,337,10.5571061725626,13.0497561247614,0.364154522431963,30
"16368","SP","São José do Rio Preto",464983,38449.7,35004,"São José do Rio Preto",3,"Sudeste",1,"354980",7,436,60,376,121,315,2,0,0,0,0,438,60,376,121,315,483,10.5571061725626,13.0497561247614,0.370808029645953,29
"16369","SP","São José dos Campos",729737,55603.18,35050,"São José dos Campos",3,"Sudeste",1,"354990",2,1240,120,1120,335,905,1,0,0,0,0,1241,120,1120,335,905,328,10.9259956728477,13.5004394742377,0.286115028361378,29
"16370","SP","São José dos Campos",729737,55603.18,35050,"São José dos Campos",3,"Sudeste",1,"354990",3,1296,113,1183,371,925,2,0,0,0,0,1298,113,1183,371,925,352,10.9259956728477,13.5004394742377,0.395566270090936,31
"16371","SP","São José dos Campos",729737,55603.18,35050,"São José dos Campos",3,"Sudeste",1,"354990",4,774,80,694,214,560,5,0,0,0,0,779,80,694,214,560,305,10.9259956728477,13.5004394742377,0.463092219432766,30
"16372","SP","São José dos Campos",729737,55603.18,35050,"São José dos Campos",3,"Sudeste",1,"354990",5,760,86,674,238,522,4,0,0,0,0,764,86,674,238,522,357,10.9259956728477,13.5004394742377,0.421268950108257,31
"16373","SP","São José dos Campos",729737,55603.18,35050,"São José dos Campos",3,"Sudeste",1,"354990",6,767,86,681,249,518,3,0,0,0,0,770,86,681,249,518,387,10.9259956728477,13.5004394742377,0.384214144440818,30
"16374","SP","São José dos Campos",729737,55603.18,35050,"São José dos Campos",3,"Sudeste",1,"354990",7,800,65,735,232,568,2,0,0,0,0,802,65,735,232,568,510,10.9259956728477,13.5004394742377,0.384755223141155,29
"16375","SP","São Lourenço da Serra",15978,13319.9,35060,"Itapecerica da Serra",3,"Sudeste",1,"354995",2,26,2,24,10,16,0,0,0,0,0,26,2,24,10,16,4,9.49701443655869,9.67896805504199,0.320575534566877,29
"16376","SP","São Lourenço da Serra",15978,13319.9,35060,"Itapecerica da Serra",3,"Sudeste",1,"354995",3,19,2,17,8,11,0,0,0,0,0,19,2,17,8,11,10,9.49701443655869,9.67896805504199,0.392825920930377,31
"16377","SP","São Lourenço da Serra",15978,13319.9,35060,"Itapecerica da Serra",3,"Sudeste",1,"354995",4,14,0,14,6,8,0,0,0,0,0,14,0,14,6,8,7,9.49701443655869,9.67896805504199,0.460998563122766,30
"16378","SP","São Lourenço da Serra",15978,13319.9,35060,"Itapecerica da Serra",3,"Sudeste",1,"354995",5,13,2,11,8,5,0,0,0,0,0,13,2,11,8,5,9,9.49701443655869,9.67896805504199,0.45302604065791,31
"16379","SP","São Lourenço da Serra",15978,13319.9,35060,"Itapecerica da Serra",3,"Sudeste",1,"354995",6,6,1,5,4,2,0,0,0,0,0,6,1,5,4,2,10,9.49701443655869,9.67896805504199,0.422995257673549,30
"16380","SP","São Lourenço da Serra",15978,13319.9,35060,"Itapecerica da Serra",3,"Sudeste",1,"354995",7,17,4,13,6,11,0,0,0,0,0,17,4,13,6,11,4,9.49701443655869,9.67896805504199,0.409399429909036,29
"16381","SP","São Luiz do Paraitinga",10690,15394.97,35053,"Paraibuna/Paraitinga",3,"Sudeste",0,"355000",2,18,4,14,9,9,0,0,0,0,0,18,4,14,9,9,4,9.64179611167206,9.27706400401909,0.319963956440851,29
"16382","SP","São Luiz do Paraitinga",10690,15394.97,35053,"Paraibuna/Paraitinga",3,"Sudeste",0,"355000",3,21,3,18,4,17,0,0,0,0,0,21,3,18,4,17,6,9.64179611167206,9.27706400401909,0.407509996691124,31
"16383","SP","São Luiz do Paraitinga",10690,15394.97,35053,"Paraibuna/Paraitinga",3,"Sudeste",0,"355000",4,8,5,3,0,8,0,0,0,0,0,8,5,3,0,8,10,9.64179611167206,9.27706400401909,0.479228602439771,30
"16384","SP","São Luiz do Paraitinga",10690,15394.97,35053,"Paraibuna/Paraitinga",3,"Sudeste",0,"355000",5,8,1,7,3,5,1,0,0,0,0,9,1,7,3,5,7,9.64179611167206,9.27706400401909,0.435988842578056,31
"16385","SP","São Luiz do Paraitinga",10690,15394.97,35053,"Paraibuna/Paraitinga",3,"Sudeste",0,"355000",6,8,3,5,2,6,0,0,0,0,0,8,3,5,2,6,9,9.64179611167206,9.27706400401909,0.404288498544271,30
"16386","SP","São Luiz do Paraitinga",10690,15394.97,35053,"Paraibuna/Paraitinga",3,"Sudeste",0,"355000",7,10,0,10,5,5,0,0,0,0,0,10,0,10,5,5,6,9.64179611167206,9.27706400401909,0.402210618282292,29
"16387","SP","São Manuel",41123,29556.56,35023,"Botucatu",3,"Sudeste",1,"355010",2,80,10,70,33,47,0,0,0,0,0,80,10,70,33,47,24,10.2940609948125,10.6243228546662,0.305744090310725,29
"16388","SP","São Manuel",41123,29556.56,35023,"Botucatu",3,"Sudeste",1,"355010",3,73,8,65,23,50,0,0,0,0,0,73,8,65,23,50,24,10.2940609948125,10.6243228546662,0.396838995071745,31
"16389","SP","São Manuel",41123,29556.56,35023,"Botucatu",3,"Sudeste",1,"355010",4,46,5,41,19,27,0,0,0,0,0,46,5,41,19,27,16,10.2940609948125,10.6243228546662,0.44015135594736,30
"16390","SP","São Manuel",41123,29556.56,35023,"Botucatu",3,"Sudeste",1,"355010",5,34,8,26,12,22,1,0,0,0,0,35,8,26,12,22,17,10.2940609948125,10.6243228546662,0.400662279972006,31
"16391","SP","São Manuel",41123,29556.56,35023,"Botucatu",3,"Sudeste",1,"355010",6,48,7,41,25,23,0,0,0,0,0,48,7,41,25,23,27,10.2940609948125,10.6243228546662,0.381746954398857,30
"16392","SP","São Manuel",41123,29556.56,35023,"Botucatu",3,"Sudeste",1,"355010",7,39,4,35,14,25,0,0,0,0,0,39,4,35,14,25,33,10.2940609948125,10.6243228546662,0.37859124760225,29
"16393","SP","São Miguel Arcanjo",33002,20727.11,35045,"Piedade",3,"Sudeste",0,"355020",2,49,12,37,22,27,0,0,0,0,0,49,12,37,22,27,14,9.9391977842302,10.4043234446727,0.29339603977374,29
"16394","SP","São Miguel Arcanjo",33002,20727.11,35045,"Piedade",3,"Sudeste",0,"355020",3,43,13,30,23,20,0,0,0,0,0,43,13,30,23,20,18,9.9391977842302,10.4043234446727,0.381216551210321,31
"16395","SP","São Miguel Arcanjo",33002,20727.11,35045,"Piedade",3,"Sudeste",0,"355020",4,40,6,34,15,25,0,0,0,0,0,40,6,34,15,25,12,9.9391977842302,10.4043234446727,0.444280974357207,30
"16396","SP","São Miguel Arcanjo",33002,20727.11,35045,"Piedade",3,"Sudeste",0,"355020",5,29,10,19,15,14,0,0,0,0,0,29,10,19,15,14,15,9.9391977842302,10.4043234446727,0.41839903123072,31
"16397","SP","São Miguel Arcanjo",33002,20727.11,35045,"Piedade",3,"Sudeste",0,"355020",6,34,4,30,13,21,0,0,0,0,0,34,4,30,13,21,20,9.9391977842302,10.4043234446727,0.392144023510959,30
"16398","SP","São Miguel Arcanjo",33002,20727.11,35045,"Piedade",3,"Sudeste",0,"355020",7,36,11,25,14,22,0,0,0,0,0,36,11,25,14,22,26,9.9391977842302,10.4043234446727,0.401196774765608,29
"16399","SP","São Paulo",12325232,58691.9,35061,"São Paulo",3,"Sudeste",1,"355030",2,20993,2821,18172,6380,14613,80,0,0,0,0,21073,2821,18172,6380,14613,5936,10.9800570065162,16.3271591012453,0.301191277786397,29
"16400","SP","São Paulo",12325232,58691.9,35061,"São Paulo",3,"Sudeste",1,"355030",3,21357,2806,18551,6512,14845,83,0,0,0,0,21440,2806,18551,6512,14845,7120,10.9800570065162,16.3271591012453,0.416045304494542,31
"16401","SP","São Paulo",12325232,58691.9,35061,"São Paulo",3,"Sudeste",1,"355030",4,13240,1833,11407,4169,9071,71,0,0,0,0,13311,1833,11407,4169,9071,8513,10.9800570065162,16.3271591012453,0.508637064547407,30
"16402","SP","São Paulo",12325232,58691.9,35061,"São Paulo",3,"Sudeste",1,"355030",5,12130,1608,10522,3733,8397,94,0,0,0,0,12224,1608,10522,3733,8397,10107,10.9800570065162,16.3271591012453,0.480815588987444,31
"16403","SP","São Paulo",12325232,58691.9,35061,"São Paulo",3,"Sudeste",1,"355030",6,11991,1626,10365,3759,8232,91,0,0,0,0,12082,1626,10365,3759,8232,9258,10.9800570065162,16.3271591012453,0.430300533182984,30
"16404","SP","São Paulo",12325232,58691.9,35061,"São Paulo",3,"Sudeste",1,"355030",7,12253,1619,10634,3661,8592,88,0,0,0,0,12341,1619,10634,3661,8592,8485,10.9800570065162,16.3271591012453,0.418124395522358,29
"16405","SP","São Pedro",35980,21316.77,35028,"Piracicaba",3,"Sudeste",0,"355040",2,58,9,49,14,44,0,0,0,0,0,58,9,49,14,44,17,9.96724936586427,10.4907185075045,0.286758747604008,29
"16406","SP","São Pedro",35980,21316.77,35028,"Piracicaba",3,"Sudeste",0,"355040",3,55,13,42,12,43,0,0,0,0,0,55,13,42,12,43,20,9.96724936586427,10.4907185075045,0.381745953823775,31
"16407","SP","São Pedro",35980,21316.77,35028,"Piracicaba",3,"Sudeste",0,"355040",4,31,6,25,13,18,0,0,0,0,0,31,6,25,13,18,26,9.96724936586427,10.4907185075045,0.45739191053166,30
"16408","SP","São Pedro",35980,21316.77,35028,"Piracicaba",3,"Sudeste",0,"355040",5,32,7,25,13,19,0,0,0,0,0,32,7,25,13,19,22,9.96724936586427,10.4907185075045,0.429978757935906,31
"16409","SP","São Pedro",35980,21316.77,35028,"Piracicaba",3,"Sudeste",0,"355040",6,51,14,37,17,34,0,0,0,0,0,51,14,37,17,34,18,9.96724936586427,10.4907185075045,0.393794729084153,30
"16410","SP","São Pedro",35980,21316.77,35028,"Piracicaba",3,"Sudeste",0,"355040",7,40,10,30,8,32,0,0,0,0,0,40,10,30,8,32,32,9.96724936586427,10.4907185075045,0.386757781852002,29
"16411","SP","São Pedro do Turvo",7696,23834.77,35040,"Ourinhos",3,"Sudeste",0,"355050",2,13,4,9,4,9,1,0,0,0,0,14,4,9,4,9,5,10.0789007179175,8.94845599234554,0.339913715482343,29
"16412","SP","São Pedro do Turvo",7696,23834.77,35040,"Ourinhos",3,"Sudeste",0,"355050",3,9,3,6,1,8,0,0,0,0,0,9,3,6,1,8,4,10.0789007179175,8.94845599234554,0.422152685769155,31
"16413","SP","São Pedro do Turvo",7696,23834.77,35040,"Ourinhos",3,"Sudeste",0,"355050",4,7,1,6,1,6,0,0,0,0,0,7,1,6,1,6,4,10.0789007179175,8.94845599234554,0.43826395014306,30
"16414","SP","São Pedro do Turvo",7696,23834.77,35040,"Ourinhos",3,"Sudeste",0,"355050",5,9,3,6,2,7,0,0,0,0,0,9,3,6,2,7,6,10.0789007179175,8.94845599234554,0.395228418428782,31
"16415","SP","São Pedro do Turvo",7696,23834.77,35040,"Ourinhos",3,"Sudeste",0,"355050",6,10,2,8,2,8,0,0,0,0,0,10,2,8,2,8,3,10.0789007179175,8.94845599234554,0.382551589879472,30
"16416","SP","São Pedro do Turvo",7696,23834.77,35040,"Ourinhos",3,"Sudeste",0,"355050",7,7,0,7,1,6,0,0,0,0,0,7,0,7,1,6,3,10.0789007179175,8.94845599234554,0.381061738805258,29
"16417","SP","São Roque",92060,33039.26,35046,"Sorocaba",3,"Sudeste",1,"355060",2,125,29,96,54,71,1,0,0,0,0,126,29,96,54,71,40,10.4054518302897,11.4301958173712,0.311020445853792,29
"16418","SP","São Roque",92060,33039.26,35046,"Sorocaba",3,"Sudeste",1,"355060",3,137,22,115,52,85,2,0,0,0,0,139,22,115,52,85,56,10.4054518302897,11.4301958173712,0.415549795878064,31
"16419","SP","São Roque",92060,33039.26,35046,"Sorocaba",3,"Sudeste",1,"355060",4,79,12,67,25,54,0,0,0,0,0,79,12,67,25,54,47,10.4054518302897,11.4301958173712,0.491110468296822,30
"16420","SP","São Roque",92060,33039.26,35046,"Sorocaba",3,"Sudeste",1,"355060",5,94,18,76,25,69,1,0,0,0,0,95,18,76,25,69,41,10.4054518302897,11.4301958173712,0.469112352071131,31
"16421","SP","São Roque",92060,33039.26,35046,"Sorocaba",3,"Sudeste",1,"355060",6,81,13,68,20,61,0,0,0,0,0,81,13,68,20,61,59,10.4054518302897,11.4301958173712,0.432209158631492,30
"16422","SP","São Roque",92060,33039.26,35046,"Sorocaba",3,"Sudeste",1,"355060",7,74,8,66,25,49,0,0,0,0,0,74,8,66,25,49,53,10.4054518302897,11.4301958173712,0.423767520407939,29
"16423","SP","São Sebastião",90328,43173.65,35054,"Caraguatatuba",3,"Sudeste",1,"355070",2,176,33,143,62,114,1,0,0,0,0,177,33,143,62,114,28,10.6729856344311,11.4112027688604,0.286433219734985,29
"16424","SP","São Sebastião",90328,43173.65,35054,"Caraguatatuba",3,"Sudeste",1,"355070",3,188,25,163,72,116,1,0,0,0,0,189,25,163,72,116,44,10.6729856344311,11.4112027688604,0.410959468834688,31
"16425","SP","São Sebastião",90328,43173.65,35054,"Caraguatatuba",3,"Sudeste",1,"355070",4,103,15,88,36,67,1,0,0,0,0,104,15,88,36,67,27,10.6729856344311,11.4112027688604,0.483811529389056,30
"16426","SP","São Sebastião",90328,43173.65,35054,"Caraguatatuba",3,"Sudeste",1,"355070",5,121,22,99,38,83,1,0,0,0,0,122,22,99,38,83,30,10.6729856344311,11.4112027688604,0.461381715248301,31
"16427","SP","São Sebastião",90328,43173.65,35054,"Caraguatatuba",3,"Sudeste",1,"355070",6,104,17,87,36,68,0,0,0,0,0,104,17,87,36,68,49,10.6729856344311,11.4112027688604,0.416229298867352,30
"16428","SP","São Sebastião",90328,43173.65,35054,"Caraguatatuba",3,"Sudeste",1,"355070",7,106,13,93,38,68,2,0,0,0,0,108,13,93,38,68,48,10.6729856344311,11.4112027688604,0.391081088487976,29
"16429","SP","São Sebastião da Grama",12159,23386.39,35030,"São João da Boa Vista",3,"Sudeste",0,"355080",2,12,2,10,5,7,0,0,0,0,0,12,2,10,5,7,10,10.0599095082054,9.40582491529642,0.291842568724611,29
"16430","SP","São Sebastião da Grama",12159,23386.39,35030,"São João da Boa Vista",3,"Sudeste",0,"355080",3,8,2,6,2,6,0,0,0,0,0,8,2,6,2,6,4,10.0599095082054,9.40582491529642,0.341679944582836,31
"16431","SP","São Sebastião da Grama",12159,23386.39,35030,"São João da Boa Vista",3,"Sudeste",0,"355080",4,5,1,4,3,2,0,0,0,0,0,5,1,4,3,2,7,10.0599095082054,9.40582491529642,0.394017227371674,30
"16432","SP","São Sebastião da Grama",12159,23386.39,35030,"São João da Boa Vista",3,"Sudeste",0,"355080",5,5,3,2,1,4,0,0,0,0,0,5,3,2,1,4,12,10.0599095082054,9.40582491529642,0.372320460271862,31
"16433","SP","São Sebastião da Grama",12159,23386.39,35030,"São João da Boa Vista",3,"Sudeste",0,"355080",6,10,2,8,4,6,0,0,0,0,0,10,2,8,4,6,11,10.0599095082054,9.40582491529642,0.340056505940122,30
"16434","SP","São Sebastião da Grama",12159,23386.39,35030,"São João da Boa Vista",3,"Sudeste",0,"355080",7,6,1,5,1,5,0,0,0,0,0,6,1,5,1,5,2,10.0599095082054,9.40582491529642,0.32794450723511,29
"16435","SP","São Simão",15385,29049.13,35014,"Ribeirão Preto",3,"Sudeste",1,"355090",2,14,1,13,8,6,0,0,0,0,0,14,1,13,8,6,12,10.2767438134667,9.64114828775614,0.313534659801559,29
"16436","SP","São Simão",15385,29049.13,35014,"Ribeirão Preto",3,"Sudeste",1,"355090",3,16,7,9,4,12,0,0,0,0,0,16,7,9,4,12,12,10.2767438134667,9.64114828775614,0.407356841593152,31
"16437","SP","São Simão",15385,29049.13,35014,"Ribeirão Preto",3,"Sudeste",1,"355090",4,8,2,6,1,7,0,0,0,0,0,8,2,6,1,7,10,10.2767438134667,9.64114828775614,0.459477813925284,30
"16438","SP","São Simão",15385,29049.13,35014,"Ribeirão Preto",3,"Sudeste",1,"355090",5,17,8,9,10,7,1,0,0,0,0,18,8,9,10,7,8,10.2767438134667,9.64114828775614,0.417650786671349,31
"16439","SP","São Simão",15385,29049.13,35014,"Ribeirão Preto",3,"Sudeste",1,"355090",6,18,2,16,6,12,0,0,0,0,0,18,2,16,6,12,13,10.2767438134667,9.64114828775614,0.384201125480456,30
"16440","SP","São Simão",15385,29049.13,35014,"Ribeirão Preto",3,"Sudeste",1,"355090",7,11,3,8,4,7,0,0,0,0,0,11,3,8,4,7,16,10.2767438134667,9.64114828775614,0.39127555202708,29
"16441","SP","São Vicente",368355,15006.76,35063,"Santos",3,"Sudeste",1,"355100",2,538,111,427,198,340,2,0,0,0,0,540,111,427,198,340,223,9.61625604523129,12.8168024260653,0.311729850522487,29
"16442","SP","São Vicente",368355,15006.76,35063,"Santos",3,"Sudeste",1,"355100",3,596,116,480,221,375,3,0,0,0,0,599,116,480,221,375,219,9.61625604523129,12.8168024260653,0.40801276072262,31
"16443","SP","São Vicente",368355,15006.76,35063,"Santos",3,"Sudeste",1,"355100",4,405,81,324,151,254,5,0,0,0,0,410,81,324,151,254,218,9.61625604523129,12.8168024260653,0.465855466704353,30
"16444","SP","São Vicente",368355,15006.76,35063,"Santos",3,"Sudeste",1,"355100",5,353,69,284,142,211,0,0,0,0,0,353,69,284,142,211,351,9.61625604523129,12.8168024260653,0.438182958593173,31
"16445","SP","São Vicente",368355,15006.76,35063,"Santos",3,"Sudeste",1,"355100",6,370,73,297,138,232,3,0,0,0,0,373,73,297,138,232,345,9.61625604523129,12.8168024260653,0.410934960409013,30
"16446","SP","São Vicente",368355,15006.76,35063,"Santos",3,"Sudeste",1,"355100",7,368,82,286,128,240,2,0,0,0,0,370,82,286,128,240,286,9.61625604523129,12.8168024260653,0.398260503862988,29
"16447","SP","Sarapuí",10390,14289.18,35046,"Sorocaba",3,"Sudeste",0,"355110",2,14,3,11,9,5,0,0,0,0,0,14,3,11,9,5,5,9.56725788649229,9.24859908409327,0.306448253021599,29
"16448","SP","Sarapuí",10390,14289.18,35046,"Sorocaba",3,"Sudeste",0,"355110",3,15,2,13,6,9,0,0,0,0,0,15,2,13,6,9,7,9.56725788649229,9.24859908409327,0.385662248664502,31
"16449","SP","Sarapuí",10390,14289.18,35046,"Sorocaba",3,"Sudeste",0,"355110",4,10,0,10,2,8,0,0,0,0,0,10,0,10,2,8,5,9.56725788649229,9.24859908409327,0.440054298790885,30
"16450","SP","Sarapuí",10390,14289.18,35046,"Sorocaba",3,"Sudeste",0,"355110",5,10,1,9,5,5,0,0,0,0,0,10,1,9,5,5,8,9.56725788649229,9.24859908409327,0.432242205009502,31
"16451","SP","Sarapuí",10390,14289.18,35046,"Sorocaba",3,"Sudeste",0,"355110",6,9,0,9,4,5,0,0,0,0,0,9,0,9,4,5,4,9.56725788649229,9.24859908409327,0.409655749879762,30
"16452","SP","Sarapuí",10390,14289.18,35046,"Sorocaba",3,"Sudeste",0,"355110",7,6,0,6,2,4,0,0,0,0,0,6,0,6,2,4,9,9.56725788649229,9.24859908409327,0.408342860709256,29
"16453","SP","Sebastianópolis do Sul",3554,71224.85,35007,"Nhandeara",3,"Sudeste",0,"355130",2,5,0,5,1,4,0,0,0,0,0,5,0,5,1,4,2,11.1735970533618,8.1758290087146,0.323071101576511,29
"16454","SP","Sebastianópolis do Sul",3554,71224.85,35007,"Nhandeara",3,"Sudeste",0,"355130",3,4,1,3,1,3,0,0,0,0,0,4,1,3,1,3,2,11.1735970533618,8.1758290087146,0.354966714088593,31
"16455","SP","Sebastianópolis do Sul",3554,71224.85,35007,"Nhandeara",3,"Sudeste",0,"355130",4,3,0,3,0,3,0,0,0,0,0,3,0,3,0,3,2,11.1735970533618,8.1758290087146,0.41951461754263,30
"16456","SP","Sebastianópolis do Sul",3554,71224.85,35007,"Nhandeara",3,"Sudeste",0,"355130",5,3,0,3,0,3,0,0,0,0,0,3,0,3,0,3,1,11.1735970533618,8.1758290087146,0.38484158319451,31
"16457","SP","Sebastianópolis do Sul",3554,71224.85,35007,"Nhandeara",3,"Sudeste",0,"355130",6,3,0,3,0,3,0,0,0,0,0,3,0,3,0,3,2,11.1735970533618,8.1758290087146,0.336954222521325,30
"16458","SP","Sebastianópolis do Sul",3554,71224.85,35007,"Nhandeara",3,"Sudeste",0,"355130",7,3,0,3,2,1,0,0,0,0,0,3,0,3,2,1,3,11.1735970533618,8.1758290087146,0.371272161139697,29
"16459","SP","Serra Azul",14981,10758.97,35014,"Ribeirão Preto",3,"Sudeste",1,"355140",2,16,4,12,5,11,1,0,0,0,0,17,4,12,5,11,7,9.28349510422679,9.61453801051738,0.299408297926226,29
"16460","SP","Serra Azul",14981,10758.97,35014,"Ribeirão Preto",3,"Sudeste",1,"355140",3,10,1,9,2,8,1,0,0,0,0,11,1,9,2,8,7,9.28349510422679,9.61453801051738,0.387979872063807,31
"16461","SP","Serra Azul",14981,10758.97,35014,"Ribeirão Preto",3,"Sudeste",1,"355140",4,13,0,13,3,10,0,0,0,0,0,13,0,13,3,10,12,9.28349510422679,9.61453801051738,0.427274599935089,30
"16462","SP","Serra Azul",14981,10758.97,35014,"Ribeirão Preto",3,"Sudeste",1,"355140",5,7,2,5,5,2,0,0,0,0,0,7,2,5,5,2,3,9.28349510422679,9.61453801051738,0.395186898978481,31
"16463","SP","Serra Azul",14981,10758.97,35014,"Ribeirão Preto",3,"Sudeste",1,"355140",6,11,4,7,4,7,0,0,0,0,0,11,4,7,4,7,13,9.28349510422679,9.61453801051738,0.390039387281419,30
"16464","SP","Serra Azul",14981,10758.97,35014,"Ribeirão Preto",3,"Sudeste",1,"355140",7,12,5,7,8,4,0,0,0,0,0,12,5,7,8,4,7,9.28349510422679,9.61453801051738,0.384924013622862,29
"16465","SP","Serrana",45644,20663.93,35014,"Ribeirão Preto",3,"Sudeste",1,"355150",2,83,25,58,29,54,2,0,0,0,0,85,25,58,29,54,23,9.93614494723606,10.7286274425546,0.284475290622888,29
"16466","SP","Serrana",45644,20663.93,35014,"Ribeirão Preto",3,"Sudeste",1,"355150",3,55,13,42,24,31,1,0,0,0,0,56,13,42,24,31,14,9.93614494723606,10.7286274425546,0.368107963069411,31
"16467","SP","Serrana",45644,20663.93,35014,"Ribeirão Preto",3,"Sudeste",1,"355150",4,48,10,38,18,30,0,0,0,0,0,48,10,38,18,30,26,9.93614494723606,10.7286274425546,0.410749425216922,30
"16468","SP","Serrana",45644,20663.93,35014,"Ribeirão Preto",3,"Sudeste",1,"355150",5,36,10,26,14,22,0,0,0,0,0,36,10,26,14,22,26,9.93614494723606,10.7286274425546,0.378717775515697,31
"16469","SP","Serrana",45644,20663.93,35014,"Ribeirão Preto",3,"Sudeste",1,"355150",6,67,19,48,27,40,2,0,0,0,0,69,19,48,27,40,24,9.93614494723606,10.7286274425546,0.349972190811596,30
"16470","SP","Serrana",45644,20663.93,35014,"Ribeirão Preto",3,"Sudeste",1,"355150",7,40,13,27,11,29,0,0,0,0,0,40,13,27,11,29,34,9.93614494723606,10.7286274425546,0.348010289143089,29
"16471","SP","Serra Negra",29452,24910.92,35033,"Amparo",3,"Sudeste",0,"355160",2,36,8,28,9,27,0,0,0,0,0,36,8,28,9,27,23,10.1230615405329,10.2905170984886,0.311443043226625,29
"16472","SP","Serra Negra",29452,24910.92,35033,"Amparo",3,"Sudeste",0,"355160",3,56,9,47,15,41,0,0,0,0,0,56,9,47,15,41,23,10.1230615405329,10.2905170984886,0.429291787379901,31
"16473","SP","Serra Negra",29452,24910.92,35033,"Amparo",3,"Sudeste",0,"355160",4,25,3,22,10,15,0,0,0,0,0,25,3,22,10,15,27,10.1230615405329,10.2905170984886,0.49312386872342,30
"16474","SP","Serra Negra",29452,24910.92,35033,"Amparo",3,"Sudeste",0,"355160",5,33,9,24,10,23,1,0,0,0,0,34,9,24,10,23,23,10.1230615405329,10.2905170984886,0.444935185161244,31
"16475","SP","Serra Negra",29452,24910.92,35033,"Amparo",3,"Sudeste",0,"355160",6,31,10,21,12,19,0,0,0,0,0,31,10,21,12,19,19,10.1230615405329,10.2905170984886,0.392422707879748,30
"16476","SP","Serra Negra",29452,24910.92,35033,"Amparo",3,"Sudeste",0,"355160",7,25,2,23,8,17,0,0,0,0,0,25,2,23,8,17,17,10.1230615405329,10.2905170984886,0.386794489949227,29
"16477","SP","Sertãozinho",127142,44163.83,35014,"Ribeirão Preto",3,"Sudeste",1,"355170",2,223,28,195,66,157,2,0,0,0,0,225,28,195,66,157,73,10.6956614072626,11.7530598510573,0.286006772839156,29
"16478","SP","Sertãozinho",127142,44163.83,35014,"Ribeirão Preto",3,"Sudeste",1,"355170",3,206,38,168,56,150,3,0,0,0,0,209,38,168,56,150,78,10.6956614072626,11.7530598510573,0.370856556120146,31
"16479","SP","Sertãozinho",127142,44163.83,35014,"Ribeirão Preto",3,"Sudeste",1,"355170",4,134,32,102,36,98,0,0,0,0,0,134,32,102,36,98,73,10.6956614072626,11.7530598510573,0.42313221643237,30
"16480","SP","Sertãozinho",127142,44163.83,35014,"Ribeirão Preto",3,"Sudeste",1,"355170",5,131,26,105,39,92,1,0,0,0,0,132,26,105,39,92,70,10.6956614072626,11.7530598510573,0.387633203860999,31
"16481","SP","Sertãozinho",127142,44163.83,35014,"Ribeirão Preto",3,"Sudeste",1,"355170",6,131,21,110,36,95,1,0,0,0,0,132,21,110,36,95,69,10.6956614072626,11.7530598510573,0.365741523153935,30
"16482","SP","Sertãozinho",127142,44163.83,35014,"Ribeirão Preto",3,"Sudeste",1,"355170",7,134,21,113,40,94,1,0,0,0,0,135,21,113,40,94,127,10.6956614072626,11.7530598510573,0.376162290190701,29
"16483","SP","Sete Barras",12780,28760.76,35055,"Registro",3,"Sudeste",0,"355180",2,41,12,29,16,25,1,0,0,0,0,42,12,29,16,25,7,10.2667672370769,9.45563672793152,0.343702157666078,29
"16484","SP","Sete Barras",12780,28760.76,35055,"Registro",3,"Sudeste",0,"355180",3,27,4,23,14,13,0,0,0,0,0,27,4,23,14,13,9,10.2667672370769,9.45563672793152,0.442705198105624,31
"16485","SP","Sete Barras",12780,28760.76,35055,"Registro",3,"Sudeste",0,"355180",4,11,4,7,8,3,0,0,0,0,0,11,4,7,8,3,10,10.2667672370769,9.45563672793152,0.493957144807588,30
"16486","SP","Sete Barras",12780,28760.76,35055,"Registro",3,"Sudeste",0,"355180",5,20,6,14,11,9,0,0,0,0,0,20,6,14,11,9,15,10.2667672370769,9.45563672793152,0.480478952870716,31
"16487","SP","Sete Barras",12780,28760.76,35055,"Registro",3,"Sudeste",0,"355180",6,28,9,19,11,17,0,0,0,0,0,28,9,19,11,17,9,10.2667672370769,9.45563672793152,0.462127286967762,30
"16488","SP","Sete Barras",12780,28760.76,35055,"Registro",3,"Sudeste",0,"355180",7,21,6,15,9,12,0,0,0,0,0,21,6,15,9,12,10,10.2667672370769,9.45563672793152,0.453935924533993,29
"16489","SP","Severínia",17661,13372.83,35005,"Catanduva",3,"Sudeste",1,"355190",2,34,8,26,14,20,1,0,0,0,0,35,8,26,14,20,11,9.50098031561074,9.77911409769637,0.311013899945833,29
"16490","SP","Severínia",17661,13372.83,35005,"Catanduva",3,"Sudeste",1,"355190",3,20,5,15,8,12,0,0,0,0,0,20,5,15,8,12,10,9.50098031561074,9.77911409769637,0.383836659079819,31
"16491","SP","Severínia",17661,13372.83,35005,"Catanduva",3,"Sudeste",1,"355190",4,20,5,15,3,17,0,0,0,0,0,20,5,15,3,17,12,9.50098031561074,9.77911409769637,0.388095944186167,30
"16492","SP","Severínia",17661,13372.83,35005,"Catanduva",3,"Sudeste",1,"355190",5,18,3,15,7,11,0,0,0,0,0,18,3,15,7,11,10,9.50098031561074,9.77911409769637,0.375297198679902,31
"16493","SP","Severínia",17661,13372.83,35005,"Catanduva",3,"Sudeste",1,"355190",6,11,3,8,4,7,0,0,0,0,0,11,3,8,4,7,10,9.50098031561074,9.77911409769637,0.369863802254048,30
"16494","SP","Severínia",17661,13372.83,35005,"Catanduva",3,"Sudeste",1,"355190",7,16,3,13,3,13,0,0,0,0,0,16,3,13,3,13,11,9.50098031561074,9.77911409769637,0.379525798634939,29
"16495","SP","Socorro",41352,21180.14,35033,"Amparo",3,"Sudeste",0,"355210",2,53,8,45,11,42,0,0,0,0,0,53,8,45,11,42,28,9.960819229143,10.6298760668759,0.318333009263168,29
"16496","SP","Socorro",41352,21180.14,35033,"Amparo",3,"Sudeste",0,"355210",3,69,11,58,22,47,0,0,0,0,0,69,11,58,22,47,23,9.960819229143,10.6298760668759,0.416906968785839,31
"16497","SP","Socorro",41352,21180.14,35033,"Amparo",3,"Sudeste",0,"355210",4,26,6,20,7,19,0,0,0,0,0,26,6,20,7,19,33,9.960819229143,10.6298760668759,0.457009936583601,30
"16498","SP","Socorro",41352,21180.14,35033,"Amparo",3,"Sudeste",0,"355210",5,37,7,30,20,17,1,0,0,0,0,38,7,30,20,17,46,9.960819229143,10.6298760668759,0.414673544317803,31
"16499","SP","Socorro",41352,21180.14,35033,"Amparo",3,"Sudeste",0,"355210",6,41,7,34,10,31,0,0,0,0,0,41,7,34,10,31,36,9.960819229143,10.6298760668759,0.393268306807792,30
"16500","SP","Socorro",41352,21180.14,35033,"Amparo",3,"Sudeste",0,"355210",7,34,10,24,12,22,0,0,0,0,0,34,10,24,12,22,32,9.960819229143,10.6298760668759,0.386768688340048,29
"16501","SP","Sorocaba",687357,52169.13,35046,"Sorocaba",3,"Sudeste",1,"355220",2,1273,138,1135,401,872,1,0,0,0,0,1274,138,1135,401,872,365,10.8622462196267,13.4406090868879,0.286756977154196,29
"16502","SP","Sorocaba",687357,52169.13,35046,"Sorocaba",3,"Sudeste",1,"355220",3,1312,134,1178,424,888,1,0,0,0,0,1313,134,1178,424,888,379,10.8622462196267,13.4406090868879,0.398935472617437,31
"16503","SP","Sorocaba",687357,52169.13,35046,"Sorocaba",3,"Sudeste",1,"355220",4,865,94,771,299,566,8,0,0,0,0,873,94,771,299,566,371,10.8622462196267,13.4406090868879,0.470733275391943,30
"16504","SP","Sorocaba",687357,52169.13,35046,"Sorocaba",3,"Sudeste",1,"355220",5,768,76,692,243,525,5,0,0,0,0,773,76,692,243,525,362,10.8622462196267,13.4406090868879,0.426896758922948,31
"16505","SP","Sorocaba",687357,52169.13,35046,"Sorocaba",3,"Sudeste",1,"355220",6,728,73,655,217,511,3,0,0,0,0,731,73,655,217,511,457,10.8622462196267,13.4406090868879,0.392910460368119,30
"16506","SP","Sorocaba",687357,52169.13,35046,"Sorocaba",3,"Sudeste",1,"355220",7,799,96,703,241,558,6,0,0,0,0,805,96,703,241,558,536,10.8622462196267,13.4406090868879,0.389158953143729,29
"16507","SP","Sud Mennucci",7728,21694.14,35016,"Andradina",3,"Sudeste",0,"355230",2,11,1,10,5,6,0,0,0,0,0,11,1,10,5,6,6,9.98479745697659,8.95260537589235,0.305367933165187,29
"16508","SP","Sud Mennucci",7728,21694.14,35016,"Andradina",3,"Sudeste",0,"355230",3,13,4,9,5,8,0,0,0,0,0,13,4,9,5,8,6,9.98479745697659,8.95260537589235,0.401054171733854,31
"16509","SP","Sud Mennucci",7728,21694.14,35016,"Andradina",3,"Sudeste",0,"355230",4,8,0,8,1,7,0,0,0,0,0,8,0,8,1,7,1,9.98479745697659,8.95260537589235,0.425111556419046,30
"16510","SP","Sud Mennucci",7728,21694.14,35016,"Andradina",3,"Sudeste",0,"355230",5,7,0,7,3,4,0,0,0,0,0,7,0,7,3,4,1,9.98479745697659,8.95260537589235,0.397563169582235,31
"16511","SP","Sud Mennucci",7728,21694.14,35016,"Andradina",3,"Sudeste",0,"355230",6,11,1,10,4,7,0,0,0,0,0,11,1,10,4,7,6,9.98479745697659,8.95260537589235,0.391709730386041,30
"16512","SP","Sud Mennucci",7728,21694.14,35016,"Andradina",3,"Sudeste",0,"355230",7,5,1,4,2,3,0,0,0,0,0,5,1,4,2,3,2,9.98479745697659,8.95260537589235,0.425300586543499,29
"16513","SP","Sumaré",286211,51832.02,35032,"Campinas",3,"Sudeste",1,"355240",2,490,73,417,154,336,2,0,0,0,0,492,73,417,154,336,104,10.8557633839917,12.564484580027,0.286927630978106,29
"16514","SP","Sumaré",286211,51832.02,35032,"Campinas",3,"Sudeste",1,"355240",3,572,84,488,194,378,1,0,0,0,0,573,84,488,194,378,153,10.8557633839917,12.564484580027,0.383525976312147,31
"16515","SP","Sumaré",286211,51832.02,35032,"Campinas",3,"Sudeste",1,"355240",4,336,43,293,112,224,2,0,0,0,0,338,43,293,112,224,141,10.8557633839917,12.564484580027,0.439974601483727,30
"16516","SP","Sumaré",286211,51832.02,35032,"Campinas",3,"Sudeste",1,"355240",5,294,37,257,100,194,3,0,0,0,0,297,37,257,100,194,135,10.8557633839917,12.564484580027,0.402660459551055,31
"16517","SP","Sumaré",286211,51832.02,35032,"Campinas",3,"Sudeste",1,"355240",6,292,36,256,83,209,5,0,0,0,0,297,36,256,83,209,164,10.8557633839917,12.564484580027,0.369772105227422,30
"16518","SP","Sumaré",286211,51832.02,35032,"Campinas",3,"Sudeste",1,"355240",7,315,46,269,109,206,2,0,0,0,0,317,46,269,109,206,219,10.8557633839917,12.564484580027,0.372388966197974,29
"16519","SP","Suzano",300559,37835.81,35062,"Mogi das Cruzes",3,"Sudeste",1,"355250",2,587,57,530,192,395,4,0,0,0,0,591,57,530,192,395,127,10.541011287648,12.6133993531196,0.309364522237084,29
"16520","SP","Suzano",300559,37835.81,35062,"Mogi das Cruzes",3,"Sudeste",1,"355250",3,586,47,539,195,391,1,0,0,0,0,587,47,539,195,391,149,10.541011287648,12.6133993531196,0.412102443005775,31
"16521","SP","Suzano",300559,37835.81,35062,"Mogi das Cruzes",3,"Sudeste",1,"355250",4,370,26,344,117,253,1,0,0,0,0,371,26,344,117,253,173,10.541011287648,12.6133993531196,0.481663570907372,30
"16522","SP","Suzano",300559,37835.81,35062,"Mogi das Cruzes",3,"Sudeste",1,"355250",5,354,41,313,121,233,5,0,0,0,0,359,41,313,121,233,226,10.541011287648,12.6133993531196,0.451594504293042,31
"16523","SP","Suzano",300559,37835.81,35062,"Mogi das Cruzes",3,"Sudeste",1,"355250",6,400,42,358,150,250,2,0,0,0,0,402,42,358,150,250,185,10.541011287648,12.6133993531196,0.413135317003037,30
"16524","SP","Suzano",300559,37835.81,35062,"Mogi das Cruzes",3,"Sudeste",1,"355250",7,344,32,312,115,229,3,0,0,0,0,347,32,312,115,229,245,10.541011287648,12.6133993531196,0.400361150957226,29
"16525","SP","Tabapuã",12485,19073.08,35005,"Catanduva",3,"Sudeste",1,"355260",2,12,2,10,3,9,0,0,0,0,0,12,2,10,3,9,4,9.85603319577858,9.43228320271387,0.28540824160501,29
"16526","SP","Tabapuã",12485,19073.08,35005,"Catanduva",3,"Sudeste",1,"355260",3,21,0,21,5,16,0,0,0,0,0,21,0,21,5,16,10,9.85603319577858,9.43228320271387,0.353913692978944,31
"16527","SP","Tabapuã",12485,19073.08,35005,"Catanduva",3,"Sudeste",1,"355260",4,9,2,7,3,6,0,0,0,0,0,9,2,7,3,6,10,9.85603319577858,9.43228320271387,0.367905124360604,30
"16528","SP","Tabapuã",12485,19073.08,35005,"Catanduva",3,"Sudeste",1,"355260",5,5,0,5,2,3,0,0,0,0,0,5,0,5,2,3,7,9.85603319577858,9.43228320271387,0.356769189974147,31
"16529","SP","Tabapuã",12485,19073.08,35005,"Catanduva",3,"Sudeste",1,"355260",6,9,2,7,3,6,0,0,0,0,0,9,2,7,3,6,14,9.85603319577858,9.43228320271387,0.362914036402509,30
"16530","SP","Tabapuã",12485,19073.08,35005,"Catanduva",3,"Sudeste",1,"355260",7,10,1,9,3,7,0,0,0,0,0,10,1,9,3,7,10,9.85603319577858,9.43228320271387,0.343453101113851,29
"16531","SP","Tabatinga",16644,15488.05,35024,"Araraquara",3,"Sudeste",1,"355270",2,28,11,17,8,20,0,0,0,0,0,28,11,17,8,20,11,9.64782403781693,9.71980507010283,0.30500946664637,29
"16532","SP","Tabatinga",16644,15488.05,35024,"Araraquara",3,"Sudeste",1,"355270",3,26,4,22,12,14,0,0,0,0,0,26,4,22,12,14,8,9.64782403781693,9.71980507010283,0.387403578221088,31
"16533","SP","Tabatinga",16644,15488.05,35024,"Araraquara",3,"Sudeste",1,"355270",4,23,7,16,10,13,0,0,0,0,0,23,7,16,10,13,9,9.64782403781693,9.71980507010283,0.393841826767471,30
"16534","SP","Tabatinga",16644,15488.05,35024,"Araraquara",3,"Sudeste",1,"355270",5,23,5,18,11,12,1,0,0,0,0,24,5,18,11,12,8,9.64782403781693,9.71980507010283,0.379455863589138,31
"16535","SP","Tabatinga",16644,15488.05,35024,"Araraquara",3,"Sudeste",1,"355270",6,22,6,16,4,18,0,0,0,0,0,22,6,16,4,18,7,9.64782403781693,9.71980507010283,0.338256119931162,30
"16536","SP","Tabatinga",16644,15488.05,35024,"Araraquara",3,"Sudeste",1,"355270",7,18,6,12,9,9,0,0,0,0,0,18,6,12,9,9,12,9.64782403781693,9.71980507010283,0.327694161844423,29
"16537","SP","Taboão da Serra",293652,29340.9,35060,"Itapecerica da Serra",3,"Sudeste",1,"355280",2,514,71,443,166,348,2,0,0,0,0,516,71,443,166,348,109,10.2867377260731,12.5901506717567,0.293411359868042,29
"16538","SP","Taboão da Serra",293652,29340.9,35060,"Itapecerica da Serra",3,"Sudeste",1,"355280",3,548,72,476,160,388,11,0,0,0,0,559,72,476,160,388,161,10.2867377260731,12.5901506717567,0.39761361908733,31
"16539","SP","Taboão da Serra",293652,29340.9,35060,"Itapecerica da Serra",3,"Sudeste",1,"355280",4,354,48,306,118,236,3,0,0,0,0,357,48,306,118,236,159,10.2867377260731,12.5901506717567,0.481092960669964,30
"16540","SP","Taboão da Serra",293652,29340.9,35060,"Itapecerica da Serra",3,"Sudeste",1,"355280",5,345,60,285,120,225,3,0,0,0,0,348,60,285,120,225,185,10.2867377260731,12.5901506717567,0.455273861150253,31
"16541","SP","Taboão da Serra",293652,29340.9,35060,"Itapecerica da Serra",3,"Sudeste",1,"355280",6,313,33,280,103,210,2,0,0,0,0,315,33,280,103,210,204,10.2867377260731,12.5901506717567,0.413886022921445,30
"16542","SP","Taboão da Serra",293652,29340.9,35060,"Itapecerica da Serra",3,"Sudeste",1,"355280",7,312,51,261,101,211,3,0,0,0,0,315,51,261,101,211,176,10.2867377260731,12.5901506717567,0.39942129570377,29
"16543","SP","Taciba",6329,25011.83,35036,"Presidente Prudente",3,"Sudeste",1,"355290",2,6,1,5,1,5,0,0,0,0,0,6,1,5,1,5,3,10.1271041919265,8.7528975247753,0.299102025125696,29
"16544","SP","Taciba",6329,25011.83,35036,"Presidente Prudente",3,"Sudeste",1,"355290",3,7,0,7,1,6,0,0,0,0,0,7,0,7,1,6,5,10.1271041919265,8.7528975247753,0.373011063432797,31
"16545","SP","Taciba",6329,25011.83,35036,"Presidente Prudente",3,"Sudeste",1,"355290",4,15,1,14,6,9,0,0,0,0,0,15,1,14,6,9,3,10.1271041919265,8.7528975247753,0.412804323148045,30
"16546","SP","Taciba",6329,25011.83,35036,"Presidente Prudente",3,"Sudeste",1,"355290",5,10,1,9,2,8,0,0,0,0,0,10,1,9,2,8,3,10.1271041919265,8.7528975247753,0.403958457584147,31
"16547","SP","Taciba",6329,25011.83,35036,"Presidente Prudente",3,"Sudeste",1,"355290",6,7,0,7,3,4,0,0,0,0,0,7,0,7,3,4,5,10.1271041919265,8.7528975247753,0.383544191972455,30
"16548","SP","Taciba",6329,25011.83,35036,"Presidente Prudente",3,"Sudeste",1,"355290",7,6,2,4,2,4,0,0,0,0,0,6,2,4,2,4,6,10.1271041919265,8.7528975247753,0.373224810039833,29
"16549","SP","Taguaí",14141,19998.06,35040,"Ourinhos",3,"Sudeste",0,"355300",2,24,4,20,8,16,0,0,0,0,0,24,4,20,8,16,3,9.90339054783132,9.55683365830778,0.388446647185837,29
"16550","SP","Taguaí",14141,19998.06,35040,"Ourinhos",3,"Sudeste",0,"355300",3,23,4,19,8,15,0,0,0,0,0,23,4,19,8,15,8,9.90339054783132,9.55683365830778,0.431893751825604,31
"16551","SP","Taguaí",14141,19998.06,35040,"Ourinhos",3,"Sudeste",0,"355300",4,15,4,11,5,10,0,0,0,0,0,15,4,11,5,10,5,9.90339054783132,9.55683365830778,0.495411400348219,30
"16552","SP","Taguaí",14141,19998.06,35040,"Ourinhos",3,"Sudeste",0,"355300",5,20,6,14,5,15,0,0,0,0,0,20,6,14,5,15,6,9.90339054783132,9.55683365830778,0.472481807801607,31
"16553","SP","Taguaí",14141,19998.06,35040,"Ourinhos",3,"Sudeste",0,"355300",6,15,5,10,9,6,1,0,0,0,0,16,5,10,9,6,4,9.90339054783132,9.55683365830778,0.448534118300742,30
"16554","SP","Taguaí",14141,19998.06,35040,"Ourinhos",3,"Sudeste",0,"355300",7,18,1,17,10,8,0,0,0,0,0,18,1,17,10,8,10,9.90339054783132,9.55683365830778,0.421678812663003,29
"16555","SP","Taiaçu",6320,15473.51,35013,"Jaboticabal",3,"Sudeste",0,"355310",2,7,0,7,6,1,0,0,0,0,0,7,0,7,6,1,2,9.6468848085876,8.7514744871409,0.339082014408791,29
"16556","SP","Taiaçu",6320,15473.51,35013,"Jaboticabal",3,"Sudeste",0,"355310",3,7,1,6,3,4,0,0,0,0,0,7,1,6,3,4,3,9.6468848085876,8.7514744871409,0.408674395340335,31
"16557","SP","Taiaçu",6320,15473.51,35013,"Jaboticabal",3,"Sudeste",0,"355310",4,7,0,7,4,3,0,0,0,0,0,7,0,7,4,3,6,9.6468848085876,8.7514744871409,0.409942532168013,30
"16558","SP","Taiaçu",6320,15473.51,35013,"Jaboticabal",3,"Sudeste",0,"355310",5,6,1,5,2,4,0,0,0,0,0,6,1,5,2,4,4,9.6468848085876,8.7514744871409,0.403640193471422,31
"16559","SP","Taiaçu",6320,15473.51,35013,"Jaboticabal",3,"Sudeste",0,"355310",6,4,1,3,2,2,0,0,0,0,0,4,1,3,2,2,7,9.6468848085876,8.7514744871409,0.409813718114868,30
"16560","SP","Taiaçu",6320,15473.51,35013,"Jaboticabal",3,"Sudeste",0,"355310",7,6,1,5,3,3,0,0,0,0,0,6,1,5,3,3,3,9.6468848085876,8.7514744871409,0.39329112798954,29
"16561","SP","Taiúva",5564,20486.83,35013,"Jaboticabal",3,"Sudeste",0,"355320",2,6,2,4,3,3,0,0,0,0,0,6,2,4,3,3,5,9.92753751964973,8.62407255304333,0.320920987139684,29
"16562","SP","Taiúva",5564,20486.83,35013,"Jaboticabal",3,"Sudeste",0,"355320",3,7,1,6,1,6,0,0,0,0,0,7,1,6,1,6,1,9.92753751964973,8.62407255304333,0.414003059050915,31
"16563","SP","Taiúva",5564,20486.83,35013,"Jaboticabal",3,"Sudeste",0,"355320",4,4,0,4,0,4,0,0,0,0,0,4,0,4,0,4,4,9.92753751964973,8.62407255304333,0.398243971188799,30
"16564","SP","Taiúva",5564,20486.83,35013,"Jaboticabal",3,"Sudeste",0,"355320",5,3,0,3,1,2,0,0,0,0,0,3,0,3,1,2,4,9.92753751964973,8.62407255304333,0.353786935962446,31
"16565","SP","Taiúva",5564,20486.83,35013,"Jaboticabal",3,"Sudeste",0,"355320",6,4,0,4,0,4,0,0,0,0,0,4,0,4,0,4,2,9.92753751964973,8.62407255304333,0.339536074397735,30
"16566","SP","Taiúva",5564,20486.83,35013,"Jaboticabal",3,"Sudeste",0,"355320",7,3,0,3,0,3,0,0,0,0,0,3,0,3,0,3,2,9.92753751964973,8.62407255304333,0.337827568086716,29
"16567","SP","Tambaú",23232,24209.88,35030,"São João da Boa Vista",3,"Sudeste",1,"355330",2,44,6,38,15,29,1,0,0,0,0,45,6,38,15,29,14,10.0945160932903,10.0532859176245,0.311167037283514,29
"16568","SP","Tambaú",23232,24209.88,35030,"São João da Boa Vista",3,"Sudeste",1,"355330",3,40,10,30,9,31,2,0,0,0,0,42,10,30,9,31,20,10.0945160932903,10.0532859176245,0.399572574098213,31
"16569","SP","Tambaú",23232,24209.88,35030,"São João da Boa Vista",3,"Sudeste",1,"355330",4,13,2,11,1,12,0,0,0,0,0,13,2,11,1,12,19,10.0945160932903,10.0532859176245,0.4247907658228,30
"16570","SP","Tambaú",23232,24209.88,35030,"São João da Boa Vista",3,"Sudeste",1,"355330",5,30,6,24,9,21,0,0,0,0,0,30,6,24,9,21,13,10.0945160932903,10.0532859176245,0.445962419741352,31
"16571","SP","Tambaú",23232,24209.88,35030,"São João da Boa Vista",3,"Sudeste",1,"355330",6,25,4,21,8,17,0,0,0,0,0,25,4,21,8,17,14,10.0945160932903,10.0532859176245,0.383930891980257,30
"16572","SP","Tambaú",23232,24209.88,35030,"São João da Boa Vista",3,"Sudeste",1,"355330",7,29,4,25,12,17,0,0,0,0,0,29,4,25,12,17,21,10.0945160932903,10.0532859176245,0.39977692564998,29
"16573","SP","Tanabi",26101,35899.14,35004,"São José do Rio Preto",3,"Sudeste",1,"355340",2,46,10,36,16,30,0,0,0,0,0,46,10,36,16,30,22,10.4884686187577,10.1697289067531,0.28948910048155,29
"16574","SP","Tanabi",26101,35899.14,35004,"São José do Rio Preto",3,"Sudeste",1,"355340",3,53,11,42,18,35,0,0,0,0,0,53,11,42,18,35,22,10.4884686187577,10.1697289067531,0.361556209305004,31
"16575","SP","Tanabi",26101,35899.14,35004,"São José do Rio Preto",3,"Sudeste",1,"355340",4,32,7,25,10,22,0,0,0,0,0,32,7,25,10,22,19,10.4884686187577,10.1697289067531,0.390717844871649,30
"16576","SP","Tanabi",26101,35899.14,35004,"São José do Rio Preto",3,"Sudeste",1,"355340",5,27,3,24,9,18,1,0,0,0,0,28,3,24,9,18,19,10.4884686187577,10.1697289067531,0.369551236893152,31
"16577","SP","Tanabi",26101,35899.14,35004,"São José do Rio Preto",3,"Sudeste",1,"355340",6,33,8,25,11,22,0,0,0,0,0,33,8,25,11,22,23,10.4884686187577,10.1697289067531,0.342324812816164,30
"16578","SP","Tanabi",26101,35899.14,35004,"São José do Rio Preto",3,"Sudeste",1,"355340",7,23,3,20,11,12,0,0,0,0,0,23,3,20,11,12,29,10.4884686187577,10.1697289067531,0.366583699473422,29
"16579","SP","Tapiraí",7766,18028.56,35045,"Piedade",3,"Sudeste",0,"355350",2,13,3,10,7,6,0,0,0,0,0,13,3,10,7,6,7,9.79971244611931,8.95751051029161,0.303906917294659,29
"16580","SP","Tapiraí",7766,18028.56,35045,"Piedade",3,"Sudeste",0,"355350",3,13,3,10,4,9,0,0,0,0,0,13,3,10,4,9,6,9.79971244611931,8.95751051029161,0.378433520391433,31
"16581","SP","Tapiraí",7766,18028.56,35045,"Piedade",3,"Sudeste",0,"355350",4,12,3,9,5,7,0,0,0,0,0,12,3,9,5,7,2,9.79971244611931,8.95751051029161,0.419054244902488,30
"16582","SP","Tapiraí",7766,18028.56,35045,"Piedade",3,"Sudeste",0,"355350",5,13,5,8,5,8,0,0,0,0,0,13,5,8,5,8,4,9.79971244611931,8.95751051029161,0.429541293366682,31
"16583","SP","Tapiraí",7766,18028.56,35045,"Piedade",3,"Sudeste",0,"355350",6,10,2,8,5,5,0,0,0,0,0,10,2,8,5,5,6,9.79971244611931,8.95751051029161,0.403790495947714,30
"16584","SP","Tapiraí",7766,18028.56,35045,"Piedade",3,"Sudeste",0,"355350",7,15,2,13,7,8,0,0,0,0,0,15,2,13,7,8,5,9.79971244611931,8.95751051029161,0.421230473910988,29
"16585","SP","Tapiratiba",12950,25093.84,35030,"São João da Boa Vista",3,"Sudeste",1,"355360",2,15,1,14,3,12,0,0,0,0,0,15,1,14,3,12,7,10.1303776766732,9.46885106712768,0.304249637618641,29
"16586","SP","Tapiratiba",12950,25093.84,35030,"São João da Boa Vista",3,"Sudeste",1,"355360",3,12,1,11,3,9,0,0,0,0,0,12,1,11,3,9,7,10.1303776766732,9.46885106712768,0.404839025555551,31
"16587","SP","Tapiratiba",12950,25093.84,35030,"São João da Boa Vista",3,"Sudeste",1,"355360",4,9,1,8,3,6,1,0,0,0,0,10,1,8,3,6,6,10.1303776766732,9.46885106712768,0.455459676453965,30
"16588","SP","Tapiratiba",12950,25093.84,35030,"São João da Boa Vista",3,"Sudeste",1,"355360",5,13,3,10,5,8,0,0,0,0,0,13,3,10,5,8,7,10.1303776766732,9.46885106712768,0.397822636320739,31
"16589","SP","Tapiratiba",12950,25093.84,35030,"São João da Boa Vista",3,"Sudeste",1,"355360",6,10,3,7,3,7,0,0,0,0,0,10,3,7,3,7,10,10.1303776766732,9.46885106712768,0.361534439085046,30
"16590","SP","Tapiratiba",12950,25093.84,35030,"São João da Boa Vista",3,"Sudeste",1,"355360",7,7,2,5,2,5,0,0,0,0,0,7,2,5,2,5,6,10.1303776766732,9.46885106712768,0.391066105396436,29
"16591","SP","Taquaritinga",57364,27561.71,35013,"Jaboticabal",3,"Sudeste",1,"355370",2,71,15,56,30,41,1,0,0,0,0,72,15,56,30,41,42,10.2241827696469,10.9571722078491,0.29002412297233,29
"16592","SP","Taquaritinga",57364,27561.71,35013,"Jaboticabal",3,"Sudeste",1,"355370",3,84,11,73,43,41,0,0,0,0,0,84,11,73,43,41,35,10.2241827696469,10.9571722078491,0.384166675480254,31
"16593","SP","Taquaritinga",57364,27561.71,35013,"Jaboticabal",3,"Sudeste",1,"355370",4,41,6,35,16,25,0,0,0,0,0,41,6,35,16,25,36,10.2241827696469,10.9571722078491,0.428354935064885,30
"16594","SP","Taquaritinga",57364,27561.71,35013,"Jaboticabal",3,"Sudeste",1,"355370",5,60,8,52,31,29,0,0,0,0,0,60,8,52,31,29,29,10.2241827696469,10.9571722078491,0.388026217107428,31
"16595","SP","Taquaritinga",57364,27561.71,35013,"Jaboticabal",3,"Sudeste",1,"355370",6,58,11,47,26,32,0,0,0,0,0,58,11,47,26,32,49,10.2241827696469,10.9571722078491,0.362291242609213,30
"16596","SP","Taquaritinga",57364,27561.71,35013,"Jaboticabal",3,"Sudeste",1,"355370",7,53,11,42,18,35,0,0,0,0,0,53,11,42,18,35,38,10.2241827696469,10.9571722078491,0.360324190688714,29
"16597","SP","Taquarituba",23256,29717.12,35041,"Itapeva",3,"Sudeste",1,"355380",2,44,5,39,16,28,1,0,0,0,0,45,5,39,16,28,8,10.2994785896947,10.0543184422387,0.359236490420633,29
"16598","SP","Taquarituba",23256,29717.12,35041,"Itapeva",3,"Sudeste",1,"355380",3,46,12,34,20,26,0,0,0,0,0,46,12,34,20,26,11,10.2994785896947,10.0543184422387,0.428339387338849,31
"16599","SP","Taquarituba",23256,29717.12,35041,"Itapeva",3,"Sudeste",1,"355380",4,23,5,18,8,15,0,0,0,0,0,23,5,18,8,15,19,10.2994785896947,10.0543184422387,0.478303464844165,30
"16600","SP","Taquarituba",23256,29717.12,35041,"Itapeva",3,"Sudeste",1,"355380",5,27,5,22,11,16,0,0,0,0,0,27,5,22,11,16,18,10.2994785896947,10.0543184422387,0.423670609936399,31
"16601","SP","Taquarituba",23256,29717.12,35041,"Itapeva",3,"Sudeste",1,"355380",6,30,7,23,15,15,0,0,0,0,0,30,7,23,15,15,19,10.2994785896947,10.0543184422387,0.401680045635574,30
"16602","SP","Taquarituba",23256,29717.12,35041,"Itapeva",3,"Sudeste",1,"355380",7,24,11,13,6,18,0,0,0,0,0,24,11,13,6,18,20,10.2994785896947,10.0543184422387,0.415708198561119,29
"16603","SP","Tarabai",7540,15509.65,35036,"Presidente Prudente",3,"Sudeste",1,"355390",2,8,3,5,3,5,1,0,0,0,0,9,3,5,3,5,3,9.64921768982957,8.927977461002,0.299547652284468,29
"16604","SP","Tarabai",7540,15509.65,35036,"Presidente Prudente",3,"Sudeste",1,"355390",3,16,2,14,8,8,0,0,0,0,0,16,2,14,8,8,5,9.64921768982957,8.927977461002,0.37355004692636,31
"16605","SP","Tarabai",7540,15509.65,35036,"Presidente Prudente",3,"Sudeste",1,"355390",4,4,0,4,2,2,0,0,0,0,0,4,0,4,2,2,2,9.64921768982957,8.927977461002,0.419432836162359,30
"16606","SP","Tarabai",7540,15509.65,35036,"Presidente Prudente",3,"Sudeste",1,"355390",5,5,0,5,4,1,0,0,0,0,0,5,0,5,4,1,7,9.64921768982957,8.927977461002,0.393070845337018,31
"16607","SP","Tarabai",7540,15509.65,35036,"Presidente Prudente",3,"Sudeste",1,"355390",6,3,0,3,2,1,0,0,0,0,0,3,0,3,2,1,2,9.64921768982957,8.927977461002,0.38466508907773,30
"16608","SP","Tarabai",7540,15509.65,35036,"Presidente Prudente",3,"Sudeste",1,"355390",7,8,1,7,1,7,0,0,0,0,0,8,1,7,1,7,8,9.64921768982957,8.927977461002,0.380058280840438,29
"16609","SP","Tarumã",15183,52291.48,35039,"Assis",3,"Sudeste",1,"355395",2,23,1,22,8,15,0,0,0,0,0,23,1,22,8,15,2,10.8645887304726,9.62793165988219,0.30844402978338,29
"16610","SP","Tarumã",15183,52291.48,35039,"Assis",3,"Sudeste",1,"355395",3,17,6,11,9,8,0,0,0,0,0,17,6,11,9,8,15,10.8645887304726,9.62793165988219,0.398695616197501,31
"16611","SP","Tarumã",15183,52291.48,35039,"Assis",3,"Sudeste",1,"355395",4,16,2,14,7,9,0,0,0,0,0,16,2,14,7,9,6,10.8645887304726,9.62793165988219,0.420680283059341,30
"16612","SP","Tarumã",15183,52291.48,35039,"Assis",3,"Sudeste",1,"355395",5,13,2,11,5,8,0,0,0,0,0,13,2,11,5,8,10,10.8645887304726,9.62793165988219,0.393428059772256,31
"16613","SP","Tarumã",15183,52291.48,35039,"Assis",3,"Sudeste",1,"355395",6,10,1,9,3,7,0,0,0,0,0,10,1,9,3,7,8,10.8645887304726,9.62793165988219,0.359345867244989,30
"16614","SP","Tarumã",15183,52291.48,35039,"Assis",3,"Sudeste",1,"355395",7,16,0,16,8,8,0,0,0,0,0,16,0,16,8,8,10,10.8645887304726,9.62793165988219,0.376091422836638,29
"16615","SP","Tatuí",122967,33202.74,35043,"Tatuí",3,"Sudeste",1,"355400",2,203,41,162,78,125,0,0,0,0,0,203,41,162,78,125,64,10.4103876816196,11.7196713056747,0.298662145981757,29
"16616","SP","Tatuí",122967,33202.74,35043,"Tatuí",3,"Sudeste",1,"355400",3,237,40,197,79,158,1,0,0,0,0,238,40,197,79,158,79,10.4103876816196,11.7196713056747,0.39732657481315,31
"16617","SP","Tatuí",122967,33202.74,35043,"Tatuí",3,"Sudeste",1,"355400",4,128,29,99,52,76,3,0,0,0,0,131,29,99,52,76,69,10.4103876816196,11.7196713056747,0.450823525360859,30
"16618","SP","Tatuí",122967,33202.74,35043,"Tatuí",3,"Sudeste",1,"355400",5,142,18,124,49,93,0,0,0,0,0,142,18,124,49,93,86,10.4103876816196,11.7196713056747,0.421263497383181,31
"16619","SP","Tatuí",122967,33202.74,35043,"Tatuí",3,"Sudeste",1,"355400",6,139,19,120,56,83,1,0,0,0,0,140,19,120,56,83,94,10.4103876816196,11.7196713056747,0.39569117029933,30
"16620","SP","Tatuí",122967,33202.74,35043,"Tatuí",3,"Sudeste",1,"355400",7,139,22,117,42,97,1,0,0,0,0,140,22,117,42,97,92,10.4103876816196,11.7196713056747,0.395484579070317,29
"16621","SP","Taubaté",317915,55369.58,35050,"São José dos Campos",3,"Sudeste",1,"355410",2,506,74,432,156,350,2,0,0,0,0,508,74,432,156,350,165,10.9217856244532,12.669539330435,0.288200900943622,29
"16622","SP","Taubaté",317915,55369.58,35050,"São José dos Campos",3,"Sudeste",1,"355410",3,524,77,447,162,362,2,0,0,0,0,526,77,447,162,362,190,10.9217856244532,12.669539330435,0.4062097691744,31
"16623","SP","Taubaté",317915,55369.58,35050,"São José dos Campos",3,"Sudeste",1,"355410",4,335,60,275,93,242,2,0,0,0,0,337,60,275,93,242,176,10.9217856244532,12.669539330435,0.480317998055635,30
"16624","SP","Taubaté",317915,55369.58,35050,"São José dos Campos",3,"Sudeste",1,"355410",5,313,61,252,86,227,2,0,0,0,0,315,61,252,86,227,180,10.9217856244532,12.669539330435,0.430410999922149,31
"16625","SP","Taubaté",317915,55369.58,35050,"São José dos Campos",3,"Sudeste",1,"355410",6,339,65,274,105,234,5,0,0,0,0,344,65,274,105,234,181,10.9217856244532,12.669539330435,0.38717871046739,30
"16626","SP","Taubaté",317915,55369.58,35050,"São José dos Campos",3,"Sudeste",1,"355410",7,307,53,254,99,208,2,0,0,0,0,309,53,254,99,208,205,10.9217856244532,12.669539330435,0.38572802700536,29
"16627","SP","Teodoro Sampaio",23273,19004.83,35036,"Presidente Prudente",3,"Sudeste",1,"355430",2,44,6,38,19,25,0,0,0,0,0,44,6,38,19,25,10,9.85244843636887,10.0550491693447,0.290898878276228,29
"16628","SP","Teodoro Sampaio",23273,19004.83,35036,"Presidente Prudente",3,"Sudeste",1,"355430",3,37,4,33,17,20,0,0,0,0,0,37,4,33,17,20,11,9.85244843636887,10.0550491693447,0.362096570792781,31
"16629","SP","Teodoro Sampaio",23273,19004.83,35036,"Presidente Prudente",3,"Sudeste",1,"355430",4,34,7,27,13,21,0,0,0,0,0,34,7,27,13,21,20,9.85244843636887,10.0550491693447,0.419878415294509,30
"16630","SP","Teodoro Sampaio",23273,19004.83,35036,"Presidente Prudente",3,"Sudeste",1,"355430",5,37,5,32,16,21,0,0,0,0,0,37,5,32,16,21,11,9.85244843636887,10.0550491693447,0.402111378653555,31
"16631","SP","Teodoro Sampaio",23273,19004.83,35036,"Presidente Prudente",3,"Sudeste",1,"355430",6,22,2,20,7,15,0,0,0,0,0,22,2,20,7,15,10,9.85244843636887,10.0550491693447,0.364708333240343,30
"16632","SP","Teodoro Sampaio",23273,19004.83,35036,"Presidente Prudente",3,"Sudeste",1,"355430",7,22,5,17,11,11,0,0,0,0,0,22,5,17,11,11,14,9.85244843636887,10.0550491693447,0.360470860763484,29
"16633","SP","Terra Roxa",9437,15136.01,35013,"Jaboticabal",3,"Sudeste",0,"355440",2,9,1,8,2,7,0,0,0,0,0,9,1,8,2,7,6,9.62483195196797,9.15239341202133,0.322490666102534,29
"16634","SP","Terra Roxa",9437,15136.01,35013,"Jaboticabal",3,"Sudeste",0,"355440",3,8,3,5,2,6,0,0,0,0,0,8,3,5,2,6,8,9.62483195196797,9.15239341202133,0.392785486128666,31
"16635","SP","Terra Roxa",9437,15136.01,35013,"Jaboticabal",3,"Sudeste",0,"355440",4,6,1,5,2,4,0,0,0,0,0,6,1,5,2,4,1,9.62483195196797,9.15239341202133,0.445597867289543,30
"16636","SP","Terra Roxa",9437,15136.01,35013,"Jaboticabal",3,"Sudeste",0,"355440",5,4,0,4,3,1,0,0,0,0,0,4,0,4,3,1,4,9.62483195196797,9.15239341202133,0.381657503269929,31
"16637","SP","Terra Roxa",9437,15136.01,35013,"Jaboticabal",3,"Sudeste",0,"355440",6,4,0,4,0,4,1,0,0,0,0,5,0,4,0,4,12,9.62483195196797,9.15239341202133,0.401107705614683,30
"16638","SP","Terra Roxa",9437,15136.01,35013,"Jaboticabal",3,"Sudeste",0,"355440",7,11,3,8,4,7,1,0,0,0,0,12,3,8,4,7,5,9.62483195196797,9.15239341202133,0.362040353176061,29
"16639","SP","Tietê",42517,43859.26,35028,"Piracicaba",3,"Sudeste",1,"355450",2,69,15,54,19,50,0,0,0,0,0,69,15,54,19,50,25,10.6887411499645,10.6576592749338,0.293142172990595,29
"16640","SP","Tietê",42517,43859.26,35028,"Piracicaba",3,"Sudeste",1,"355450",3,81,12,69,24,57,0,0,0,0,0,81,12,69,24,57,36,10.6887411499645,10.6576592749338,0.378720212921057,31
"16641","SP","Tietê",42517,43859.26,35028,"Piracicaba",3,"Sudeste",1,"355450",4,30,9,21,9,21,0,0,0,0,0,30,9,21,9,21,21,10.6887411499645,10.6576592749338,0.433749061609802,30
"16642","SP","Tietê",42517,43859.26,35028,"Piracicaba",3,"Sudeste",1,"355450",5,38,4,34,15,23,0,0,0,0,0,38,4,34,15,23,20,10.6887411499645,10.6576592749338,0.401893085975165,31
"16643","SP","Tietê",42517,43859.26,35028,"Piracicaba",3,"Sudeste",1,"355450",6,36,6,30,8,28,1,0,0,0,0,37,6,30,8,28,20,10.6887411499645,10.6576592749338,0.378870815394083,30
"16644","SP","Tietê",42517,43859.26,35028,"Piracicaba",3,"Sudeste",1,"355450",7,41,12,29,11,30,0,0,0,0,0,41,12,29,11,30,31,10.6887411499645,10.6576592749338,0.383642132013596,29
"16645","SP","Torrinha",10056,20407.61,35026,"Rio Claro",3,"Sudeste",0,"355470",2,7,3,4,1,6,0,0,0,0,0,7,3,4,1,6,9,9.92366314948617,9.21592475027008,0.305462916872424,29
"16646","SP","Torrinha",10056,20407.61,35026,"Rio Claro",3,"Sudeste",0,"355470",3,12,2,10,2,10,0,0,0,0,0,12,2,10,2,10,3,9.92366314948617,9.21592475027008,0.361777423941161,31
"16647","SP","Torrinha",10056,20407.61,35026,"Rio Claro",3,"Sudeste",0,"355470",4,7,2,5,2,5,0,0,0,0,0,7,2,5,2,5,7,9.92366314948617,9.21592475027008,0.40560294097603,30
"16648","SP","Torrinha",10056,20407.61,35026,"Rio Claro",3,"Sudeste",0,"355470",5,3,0,3,1,2,0,0,0,0,0,3,0,3,1,2,8,9.92366314948617,9.21592475027008,0.396521198736878,31
"16649","SP","Torrinha",10056,20407.61,35026,"Rio Claro",3,"Sudeste",0,"355470",6,6,3,3,2,4,0,0,0,0,0,6,3,3,2,4,13,9.92366314948617,9.21592475027008,0.387241708931964,30
"16650","SP","Torrinha",10056,20407.61,35026,"Rio Claro",3,"Sudeste",0,"355470",7,12,3,9,4,8,0,0,0,0,0,12,3,9,4,8,8,9.92366314948617,9.21592475027008,0.38506611812447,29
"16651","SP","Tremembé",47714,16194.84,35050,"São José dos Campos",3,"Sudeste",1,"355480",2,69,13,56,16,53,0,0,0,0,0,69,13,56,16,53,18,9.69244795196416,10.7729801348616,0.297997454329662,29
"16652","SP","Tremembé",47714,16194.84,35050,"São José dos Campos",3,"Sudeste",1,"355480",3,69,13,56,25,44,0,0,0,0,0,69,13,56,25,44,19,9.69244795196416,10.7729801348616,0.417550144588329,31
"16653","SP","Tremembé",47714,16194.84,35050,"São José dos Campos",3,"Sudeste",1,"355480",4,29,9,20,14,15,0,0,0,0,0,29,9,20,14,15,20,9.69244795196416,10.7729801348616,0.48239225079648,30
"16654","SP","Tremembé",47714,16194.84,35050,"São José dos Campos",3,"Sudeste",1,"355480",5,46,11,35,13,33,0,0,0,0,0,46,11,35,13,33,22,9.69244795196416,10.7729801348616,0.430407312234565,31
"16655","SP","Tremembé",47714,16194.84,35050,"São José dos Campos",3,"Sudeste",1,"355480",6,42,8,34,6,36,0,0,0,0,0,42,8,34,6,36,20,9.69244795196416,10.7729801348616,0.387647393634633,30
"16656","SP","Tremembé",47714,16194.84,35050,"São José dos Campos",3,"Sudeste",1,"355480",7,29,5,24,9,20,0,0,0,0,0,29,5,24,9,20,32,9.69244795196416,10.7729801348616,0.390196708425365,29
"16657","SP","Três Fronteiras",5832,18493.07,35001,"Jales",3,"Sudeste",1,"355490",2,8,3,5,3,5,0,0,0,0,0,8,3,5,3,5,1,9.82515134629374,8.67111527368849,0.323401817778242,29
"16658","SP","Três Fronteiras",5832,18493.07,35001,"Jales",3,"Sudeste",1,"355490",3,10,2,8,3,7,0,0,0,0,0,10,2,8,3,7,8,9.82515134629374,8.67111527368849,0.439433548035976,31
"16659","SP","Três Fronteiras",5832,18493.07,35001,"Jales",3,"Sudeste",1,"355490",4,2,1,1,0,2,0,0,0,0,0,2,1,1,0,2,3,9.82515134629374,8.67111527368849,0.443872402825255,30
"16660","SP","Três Fronteiras",5832,18493.07,35001,"Jales",3,"Sudeste",1,"355490",5,7,2,5,3,4,0,0,0,0,0,7,2,5,3,4,1,9.82515134629374,8.67111527368849,0.399489518406588,31
"16661","SP","Três Fronteiras",5832,18493.07,35001,"Jales",3,"Sudeste",1,"355490",6,4,0,4,0,4,0,0,0,0,0,4,0,4,0,4,3,9.82515134629374,8.67111527368849,0.372621183932951,30
"16662","SP","Três Fronteiras",5832,18493.07,35001,"Jales",3,"Sudeste",1,"355490",7,10,2,8,6,4,0,0,0,0,0,10,2,8,6,4,8,9.82515134629374,8.67111527368849,0.41306238371332,29
"16663","SP","Tupã",65570,27412.94,35037,"Tupã",3,"Sudeste",1,"355500",2,83,5,78,27,56,1,0,0,0,0,84,5,78,27,56,48,10.2187704436689,11.0908735532577,0.290893607407072,29
"16664","SP","Tupã",65570,27412.94,35037,"Tupã",3,"Sudeste",1,"355500",3,110,14,96,35,75,0,0,0,0,0,110,14,96,35,75,49,10.2187704436689,11.0908735532577,0.362927670519109,31
"16665","SP","Tupã",65570,27412.94,35037,"Tupã",3,"Sudeste",1,"355500",4,58,8,50,18,40,0,0,0,0,0,58,8,50,18,40,31,10.2187704436689,11.0908735532577,0.40543118216844,30
"16666","SP","Tupã",65570,27412.94,35037,"Tupã",3,"Sudeste",1,"355500",5,71,9,62,16,55,0,0,0,0,0,71,9,62,16,55,46,10.2187704436689,11.0908735532577,0.377556059736035,31
"16667","SP","Tupã",65570,27412.94,35037,"Tupã",3,"Sudeste",1,"355500",6,64,9,55,17,47,1,0,0,0,0,65,9,55,17,47,47,10.2187704436689,11.0908735532577,0.356589769918527,30
"16668","SP","Tupã",65570,27412.94,35037,"Tupã",3,"Sudeste",1,"355500",7,72,9,63,27,45,0,0,0,0,0,72,9,63,27,45,69,10.2187704436689,11.0908735532577,0.348201685434238,29
"16669","SP","Tupi Paulista",15583,17786.01,35034,"Dracena",3,"Sudeste",1,"355510",2,17,1,16,4,13,1,0,0,0,0,18,1,16,4,13,12,9.78616747219939,9.65393585544561,0.286640070041166,29
"16670","SP","Tupi Paulista",15583,17786.01,35034,"Dracena",3,"Sudeste",1,"355510",3,21,0,21,9,12,0,0,0,0,0,21,0,21,9,12,17,9.78616747219939,9.65393585544561,0.367867868234752,31
"16671","SP","Tupi Paulista",15583,17786.01,35034,"Dracena",3,"Sudeste",1,"355510",4,8,0,8,1,7,0,0,0,0,0,8,0,8,1,7,10,9.78616747219939,9.65393585544561,0.404445518547739,30
"16672","SP","Tupi Paulista",15583,17786.01,35034,"Dracena",3,"Sudeste",1,"355510",5,13,1,12,6,7,0,0,0,0,0,13,1,12,6,7,16,9.78616747219939,9.65393585544561,0.395181801651509,31
"16673","SP","Tupi Paulista",15583,17786.01,35034,"Dracena",3,"Sudeste",1,"355510",6,7,1,6,3,4,0,0,0,0,0,7,1,6,3,4,13,9.78616747219939,9.65393585544561,0.354754757017038,30
"16674","SP","Tupi Paulista",15583,17786.01,35034,"Dracena",3,"Sudeste",1,"355510",7,13,3,10,6,7,1,0,0,0,0,14,3,10,6,7,12,9.78616747219939,9.65393585544561,0.35475078343695,29
"16675","SP","Ubarana",6400,50883.11,35004,"São José do Rio Preto",3,"Sudeste",0,"355535",2,10,4,6,3,7,0,0,0,0,0,10,4,6,3,7,0,10.8372863203598,8.76405326934776,0.283406337749504,29
"16676","SP","Ubarana",6400,50883.11,35004,"São José do Rio Preto",3,"Sudeste",0,"355535",3,10,0,10,4,6,0,0,0,0,0,10,0,10,4,6,3,10.8372863203598,8.76405326934776,0.372540634730482,31
"16677","SP","Ubarana",6400,50883.11,35004,"São José do Rio Preto",3,"Sudeste",0,"355535",4,3,0,3,2,1,0,0,0,0,0,3,0,3,2,1,6,10.8372863203598,8.76405326934776,0.419104154231885,30
"16678","SP","Ubarana",6400,50883.11,35004,"São José do Rio Preto",3,"Sudeste",0,"355535",5,7,3,4,3,4,0,0,0,0,0,7,3,4,3,4,3,10.8372863203598,8.76405326934776,0.388586100159425,31
"16679","SP","Ubarana",6400,50883.11,35004,"São José do Rio Preto",3,"Sudeste",0,"355535",6,7,3,4,4,3,0,0,0,0,0,7,3,4,4,3,5,10.8372863203598,8.76405326934776,0.39928493848892,30
"16680","SP","Ubarana",6400,50883.11,35004,"São José do Rio Preto",3,"Sudeste",0,"355535",7,3,0,3,1,2,0,0,0,0,0,3,0,3,1,2,4,10.8372863203598,8.76405326934776,0.391499286574665,29
"16681","SP","Ubatuba",91824,23826.8,35054,"Caraguatatuba",3,"Sudeste",1,"355540",2,180,23,157,60,120,2,0,0,0,0,182,23,157,60,120,50,10.0785662765605,11.4276289803481,0.31115920932391,29
"16682","SP","Ubatuba",91824,23826.8,35054,"Caraguatatuba",3,"Sudeste",1,"355540",3,182,27,155,66,116,1,0,0,0,0,183,27,155,66,116,42,10.0785662765605,11.4276289803481,0.430221207856549,31
"16683","SP","Ubatuba",91824,23826.8,35054,"Caraguatatuba",3,"Sudeste",1,"355540",4,134,26,108,59,75,1,0,0,0,0,135,26,108,59,75,44,10.0785662765605,11.4276289803481,0.486339112617521,30
"16684","SP","Ubatuba",91824,23826.8,35054,"Caraguatatuba",3,"Sudeste",1,"355540",5,102,17,85,37,65,1,0,0,0,0,103,17,85,37,65,42,10.0785662765605,11.4276289803481,0.453258980637091,31
"16685","SP","Ubatuba",91824,23826.8,35054,"Caraguatatuba",3,"Sudeste",1,"355540",6,119,15,104,49,70,0,0,0,0,0,119,15,104,49,70,47,10.0785662765605,11.4276289803481,0.421285344225657,30
"16686","SP","Ubatuba",91824,23826.8,35054,"Caraguatatuba",3,"Sudeste",1,"355540",7,111,14,97,44,67,0,0,0,0,0,111,14,97,44,67,56,10.0785662765605,11.4276289803481,0.410787620163348,29
"16687","SP","Ubirajara",4804,19662,35020,"Bauru",3,"Sudeste",0,"355550",2,5,1,4,4,1,0,0,0,0,0,5,1,4,4,1,0,9.88644311792687,8.47720418319987,0.348816150436113,29
"16688","SP","Ubirajara",4804,19662,35020,"Bauru",3,"Sudeste",0,"355550",3,12,1,11,4,8,0,0,0,0,0,12,1,11,4,8,0,9.88644311792687,8.47720418319987,0.397361950267141,31
"16689","SP","Ubirajara",4804,19662,35020,"Bauru",3,"Sudeste",0,"355550",4,6,1,5,2,4,0,0,0,0,0,6,1,5,2,4,4,9.88644311792687,8.47720418319987,0.389133435798763,30
"16690","SP","Ubirajara",4804,19662,35020,"Bauru",3,"Sudeste",0,"355550",5,9,2,7,3,6,0,0,0,0,0,9,2,7,3,6,6,9.88644311792687,8.47720418319987,0.41981962097959,31
"16691","SP","Ubirajara",4804,19662,35020,"Bauru",3,"Sudeste",0,"355550",6,12,4,8,5,7,0,0,0,0,0,12,4,8,5,7,3,9.88644311792687,8.47720418319987,0.408764494664238,30
"16692","SP","Ubirajara",4804,19662,35020,"Bauru",3,"Sudeste",0,"355550",7,4,1,3,2,2,0,0,0,0,0,4,1,3,2,2,4,9.88644311792687,8.47720418319987,0.432935543743326,29
"16693","SP","Uchoa",10151,22187.55,35004,"São José do Rio Preto",3,"Sudeste",1,"355560",2,7,1,6,2,5,0,0,0,0,0,7,1,6,2,5,6,10.0072865997364,9.22532750178443,0.284484519891507,29
"16694","SP","Uchoa",10151,22187.55,35004,"São José do Rio Preto",3,"Sudeste",1,"355560",3,12,1,11,3,9,0,0,0,0,0,12,1,11,3,9,14,10.0072865997364,9.22532750178443,0.359870678012571,31
"16695","SP","Uchoa",10151,22187.55,35004,"São José do Rio Preto",3,"Sudeste",1,"355560",4,11,2,9,3,8,0,0,0,0,0,11,2,9,3,8,8,10.0072865997364,9.22532750178443,0.37999135404814,30
"16696","SP","Uchoa",10151,22187.55,35004,"São José do Rio Preto",3,"Sudeste",1,"355560",5,6,3,3,2,4,0,0,0,0,0,6,3,3,2,4,10,10.0072865997364,9.22532750178443,0.36630276901806,31
"16697","SP","Uchoa",10151,22187.55,35004,"São José do Rio Preto",3,"Sudeste",1,"355560",6,11,1,10,3,8,0,0,0,0,0,11,1,10,3,8,11,10.0072865997364,9.22532750178443,0.351057659499884,30
"16698","SP","Uchoa",10151,22187.55,35004,"São José do Rio Preto",3,"Sudeste",1,"355560",7,11,0,11,3,8,0,0,0,0,0,11,0,11,3,8,6,10.0072865997364,9.22532750178443,0.370156860820962,29
"16699","SP","Urânia",9120,23635.22,35001,"Jales",3,"Sudeste",0,"355580",2,13,2,11,3,10,0,0,0,0,0,13,2,11,3,10,9,10.0704932514133,9.11822508306838,0.289233691082979,29
"16700","SP","Urânia",9120,23635.22,35001,"Jales",3,"Sudeste",0,"355580",3,14,2,12,5,9,1,0,0,0,0,15,2,12,5,9,5,10.0704932514133,9.11822508306838,0.366343490281625,31
"16701","SP","Urânia",9120,23635.22,35001,"Jales",3,"Sudeste",0,"355580",4,6,0,6,2,4,0,0,0,0,0,6,0,6,2,4,3,10.0704932514133,9.11822508306838,0.385665538316613,30
"16702","SP","Urânia",9120,23635.22,35001,"Jales",3,"Sudeste",0,"355580",5,6,3,3,1,5,0,0,0,0,0,6,3,3,1,5,8,10.0704932514133,9.11822508306838,0.396777776325784,31
"16703","SP","Urânia",9120,23635.22,35001,"Jales",3,"Sudeste",0,"355580",6,11,0,11,3,8,0,0,0,0,0,11,0,11,3,8,11,10.0704932514133,9.11822508306838,0.37274506676052,30
"16704","SP","Urânia",9120,23635.22,35001,"Jales",3,"Sudeste",0,"355580",7,5,1,4,0,5,1,0,0,0,0,6,1,4,0,5,6,10.0704932514133,9.11822508306838,0.381174901950323,29
"16705","SP","Urupês",13888,28591.76,35008,"Novo Horizonte",3,"Sudeste",1,"355600",2,24,3,21,4,20,0,0,0,0,0,24,3,21,4,20,6,10.2608738434076,9.53878043690013,0.308817146533875,29
"16706","SP","Urupês",13888,28591.76,35008,"Novo Horizonte",3,"Sudeste",1,"355600",3,15,4,11,2,13,0,0,0,0,0,15,4,11,2,13,7,10.2608738434076,9.53878043690013,0.366478911434281,31
"16707","SP","Urupês",13888,28591.76,35008,"Novo Horizonte",3,"Sudeste",1,"355600",4,4,1,3,1,3,0,0,0,0,0,4,1,3,1,3,6,10.2608738434076,9.53878043690013,0.393140018198781,30
"16708","SP","Urupês",13888,28591.76,35008,"Novo Horizonte",3,"Sudeste",1,"355600",5,20,1,19,3,17,0,0,0,0,0,20,1,19,3,17,7,10.2608738434076,9.53878043690013,0.372661450354086,31
"16709","SP","Urupês",13888,28591.76,35008,"Novo Horizonte",3,"Sudeste",1,"355600",6,9,1,8,4,5,0,0,0,0,0,9,1,8,4,5,12,10.2608738434076,9.53878043690013,0.351762888958511,30
"16710","SP","Urupês",13888,28591.76,35008,"Novo Horizonte",3,"Sudeste",1,"355600",7,10,2,8,1,9,0,0,0,0,0,10,2,8,1,9,15,10.2608738434076,9.53878043690013,0.373947833142597,29
"16711","SP","Valentim Gentil",13532,24770.24,35003,"Votuporanga",3,"Sudeste",0,"355610",2,23,3,20,10,13,0,0,0,0,0,23,3,20,10,13,2,10.1173982115766,9.5128125299006,0.301337335003446,29
"16712","SP","Valentim Gentil",13532,24770.24,35003,"Votuporanga",3,"Sudeste",0,"355610",3,19,1,18,7,12,0,0,0,0,0,19,1,18,7,12,10,10.1173982115766,9.5128125299006,0.358862816335796,31
"16713","SP","Valentim Gentil",13532,24770.24,35003,"Votuporanga",3,"Sudeste",0,"355610",4,19,3,16,8,11,0,0,0,0,0,19,3,16,8,11,6,10.1173982115766,9.5128125299006,0.402820403977946,30
"16714","SP","Valentim Gentil",13532,24770.24,35003,"Votuporanga",3,"Sudeste",0,"355610",5,14,1,13,6,8,0,0,0,0,0,14,1,13,6,8,12,10.1173982115766,9.5128125299006,0.368195459009668,31
"16715","SP","Valentim Gentil",13532,24770.24,35003,"Votuporanga",3,"Sudeste",0,"355610",6,20,3,17,9,11,0,0,0,0,0,20,3,17,9,11,2,10.1173982115766,9.5128125299006,0.334190542110019,30
"16716","SP","Valentim Gentil",13532,24770.24,35003,"Votuporanga",3,"Sudeste",0,"355610",7,15,2,13,5,10,0,0,0,0,0,15,2,13,5,10,9,10.1173982115766,9.5128125299006,0.346192983166874,29
"16717","SP","Valinhos",131210,48768.26,35032,"Campinas",3,"Sudeste",1,"355620",2,190,33,157,51,139,0,0,0,0,0,190,33,157,51,139,47,10.7948349703969,11.7845543720998,0.285546732791902,29
"16718","SP","Valinhos",131210,48768.26,35032,"Campinas",3,"Sudeste",1,"355620",3,167,21,146,45,122,0,0,0,0,0,167,21,146,45,122,90,10.7948349703969,11.7845543720998,0.391579023254136,31
"16719","SP","Valinhos",131210,48768.26,35032,"Campinas",3,"Sudeste",1,"355620",4,103,12,91,14,89,1,0,0,0,0,104,12,91,14,89,73,10.7948349703969,11.7845543720998,0.466902485668714,30
"16720","SP","Valinhos",131210,48768.26,35032,"Campinas",3,"Sudeste",1,"355620",5,99,6,93,28,71,0,0,0,0,0,99,6,93,28,71,64,10.7948349703969,11.7845543720998,0.426906911083559,31
"16721","SP","Valinhos",131210,48768.26,35032,"Campinas",3,"Sudeste",1,"355620",6,94,11,83,17,77,1,0,0,0,0,95,11,83,17,77,67,10.7948349703969,11.7845543720998,0.392260584964052,30
"16722","SP","Valinhos",131210,48768.26,35032,"Campinas",3,"Sudeste",1,"355620",7,93,10,83,15,78,1,0,0,0,0,94,10,83,15,78,88,10.7948349703969,11.7845543720998,0.38747236780891,29
"16723","SP","Valparaíso",26822,33427,35017,"Araçatuba",3,"Sudeste",1,"355630",2,36,11,25,15,21,2,0,0,0,0,38,11,25,15,21,15,10.4171192356326,10.1969777252709,0.313459684262258,29
"16724","SP","Valparaíso",26822,33427,35017,"Araçatuba",3,"Sudeste",1,"355630",3,51,8,43,21,30,0,0,0,0,0,51,8,43,21,30,10,10.4171192356326,10.1969777252709,0.394036191948271,31
"16725","SP","Valparaíso",26822,33427,35017,"Araçatuba",3,"Sudeste",1,"355630",4,28,11,17,10,18,0,0,0,0,0,28,11,17,10,18,18,10.4171192356326,10.1969777252709,0.419557282547004,30
"16726","SP","Valparaíso",26822,33427,35017,"Araçatuba",3,"Sudeste",1,"355630",5,24,7,17,7,17,0,0,0,0,0,24,7,17,7,17,12,10.4171192356326,10.1969777252709,0.38951083288755,31
"16727","SP","Valparaíso",26822,33427,35017,"Araçatuba",3,"Sudeste",1,"355630",6,24,7,17,11,13,0,0,0,0,0,24,7,17,11,13,15,10.4171192356326,10.1969777252709,0.378625924785656,30
"16728","SP","Valparaíso",26822,33427,35017,"Araçatuba",3,"Sudeste",1,"355630",7,22,6,16,8,14,0,0,0,0,0,22,6,16,8,14,14,10.4171192356326,10.1969777252709,0.378627152386159,29
"16729","SP","Vargem",10692,12706.02,35048,"Bragança Paulista",3,"Sudeste",0,"355635",2,23,5,18,11,12,0,0,0,0,0,23,5,18,11,12,2,9.44983117588474,9.27725107725881,0.328254175537804,29
"16730","SP","Vargem",10692,12706.02,35048,"Bragança Paulista",3,"Sudeste",0,"355635",3,20,4,16,7,13,0,0,0,0,0,20,4,16,7,13,6,9.44983117588474,9.27725107725881,0.405888213796247,31
"16731","SP","Vargem",10692,12706.02,35048,"Bragança Paulista",3,"Sudeste",0,"355635",4,10,2,8,3,7,0,0,0,0,0,10,2,8,3,7,3,9.44983117588474,9.27725107725881,0.432216122809202,30
"16732","SP","Vargem",10692,12706.02,35048,"Bragança Paulista",3,"Sudeste",0,"355635",5,10,3,7,4,6,0,0,0,0,0,10,3,7,4,6,4,9.44983117588474,9.27725107725881,0.39770178915085,31
"16733","SP","Vargem",10692,12706.02,35048,"Bragança Paulista",3,"Sudeste",0,"355635",6,12,1,11,5,7,0,0,0,0,0,12,1,11,5,7,5,9.44983117588474,9.27725107725881,0.375924493850331,30
"16734","SP","Vargem",10692,12706.02,35048,"Bragança Paulista",3,"Sudeste",0,"355635",7,11,3,8,3,8,0,0,0,0,0,11,3,8,3,8,6,9.44983117588474,9.27725107725881,0.390285185885971,29
"16735","SP","Vargem Grande do Sul",43110,22882.07,35030,"São João da Boa Vista",3,"Sudeste",1,"355640",2,75,24,51,16,59,0,0,0,0,0,75,24,51,16,59,22,10.0381089134294,10.6715102677412,0.357858788987388,29
"16736","SP","Vargem Grande do Sul",43110,22882.07,35030,"São João da Boa Vista",3,"Sudeste",1,"355640",3,53,19,34,16,37,0,0,0,0,0,53,19,34,16,37,20,10.0381089134294,10.6715102677412,0.442501199989389,31
"16737","SP","Vargem Grande do Sul",43110,22882.07,35030,"São João da Boa Vista",3,"Sudeste",1,"355640",4,48,13,35,13,35,0,0,0,0,0,48,13,35,13,35,25,10.0381089134294,10.6715102677412,0.476024031260575,30
"16738","SP","Vargem Grande do Sul",43110,22882.07,35030,"São João da Boa Vista",3,"Sudeste",1,"355640",5,41,20,21,14,27,0,0,0,0,0,41,20,21,14,27,25,10.0381089134294,10.6715102677412,0.438125881957771,31
"16739","SP","Vargem Grande do Sul",43110,22882.07,35030,"São João da Boa Vista",3,"Sudeste",1,"355640",6,47,15,32,20,27,1,0,0,0,0,48,15,32,20,27,28,10.0381089134294,10.6715102677412,0.421899436840187,30
"16740","SP","Vargem Grande do Sul",43110,22882.07,35030,"São João da Boa Vista",3,"Sudeste",1,"355640",7,58,14,44,19,39,1,0,0,0,0,59,14,44,19,39,31,10.0381089134294,10.6715102677412,0.410189149493834,29
"16741","SP","Vargem Grande Paulista",53468,40282.68,35060,"Itapecerica da Serra",3,"Sudeste",1,"355645",2,95,8,87,35,60,1,0,0,0,0,96,8,87,35,60,25,10.6036768788794,10.8868386230914,0.305057502976866,29
"16742","SP","Vargem Grande Paulista",53468,40282.68,35060,"Itapecerica da Serra",3,"Sudeste",1,"355645",3,106,12,94,40,66,1,0,0,0,0,107,12,94,40,66,31,10.6036768788794,10.8868386230914,0.40959951527799,31
"16743","SP","Vargem Grande Paulista",53468,40282.68,35060,"Itapecerica da Serra",3,"Sudeste",1,"355645",4,74,8,66,18,56,1,0,0,0,0,75,8,66,18,56,30,10.6036768788794,10.8868386230914,0.474903851538862,30
"16744","SP","Vargem Grande Paulista",53468,40282.68,35060,"Itapecerica da Serra",3,"Sudeste",1,"355645",5,54,8,46,13,41,1,0,0,0,0,55,8,46,13,41,30,10.6036768788794,10.8868386230914,0.447920478326315,31
"16745","SP","Vargem Grande Paulista",53468,40282.68,35060,"Itapecerica da Serra",3,"Sudeste",1,"355645",6,50,3,47,18,32,0,0,0,0,0,50,3,47,18,32,32,10.6036768788794,10.8868386230914,0.418575091578222,30
"16746","SP","Vargem Grande Paulista",53468,40282.68,35060,"Itapecerica da Serra",3,"Sudeste",1,"355645",7,66,10,56,24,42,2,0,0,0,0,68,10,56,24,42,30,10.6036768788794,10.8868386230914,0.402633204000582,29
"16747","SP","Várzea Paulista",123071,23585.08,35047,"Jundiaí",3,"Sudeste",1,"355650",2,192,28,164,67,125,2,0,0,0,0,194,28,164,67,125,38,10.068369587699,11.7205167035904,0.293904662643602,29
"16748","SP","Várzea Paulista",123071,23585.08,35047,"Jundiaí",3,"Sudeste",1,"355650",3,175,29,146,56,119,1,0,0,0,0,176,29,146,56,119,51,10.068369587699,11.7205167035904,0.393856547397571,31
"16749","SP","Várzea Paulista",123071,23585.08,35047,"Jundiaí",3,"Sudeste",1,"355650",4,134,20,114,48,86,1,0,0,0,0,135,20,114,48,86,45,10.068369587699,11.7205167035904,0.452744861056124,30
"16750","SP","Várzea Paulista",123071,23585.08,35047,"Jundiaí",3,"Sudeste",1,"355650",5,100,17,83,35,65,0,0,0,0,0,100,17,83,35,65,72,10.068369587699,11.7205167035904,0.416622741765876,31
"16751","SP","Várzea Paulista",123071,23585.08,35047,"Jundiaí",3,"Sudeste",1,"355650",6,104,12,92,28,76,0,0,0,0,0,104,12,92,28,76,78,10.068369587699,11.7205167035904,0.386982457505128,30
"16752","SP","Várzea Paulista",123071,23585.08,35047,"Jundiaí",3,"Sudeste",1,"355650",7,114,13,101,31,83,0,0,0,0,0,114,13,101,31,83,70,10.068369587699,11.7205167035904,0.378174255984934,29
"16753","SP","Vera Cruz",10823,13148.65,35038,"Marília",3,"Sudeste",1,"355660",2,7,0,7,1,6,0,0,0,0,0,7,0,7,1,6,12,9.48407437073889,9.28942877829515,0.275507217205859,29
"16754","SP","Vera Cruz",10823,13148.65,35038,"Marília",3,"Sudeste",1,"355660",3,20,0,20,8,12,1,0,0,0,0,21,0,20,8,12,7,9.48407437073889,9.28942877829515,0.356564023613329,31
"16755","SP","Vera Cruz",10823,13148.65,35038,"Marília",3,"Sudeste",1,"355660",4,11,3,8,6,5,0,0,0,0,0,11,3,8,6,5,10,9.48407437073889,9.28942877829515,0.410168476678697,30
"16756","SP","Vera Cruz",10823,13148.65,35038,"Marília",3,"Sudeste",1,"355660",5,4,0,4,1,3,0,0,0,0,0,4,0,4,1,3,13,9.48407437073889,9.28942877829515,0.392253151394563,31
"16757","SP","Vera Cruz",10823,13148.65,35038,"Marília",3,"Sudeste",1,"355660",6,10,2,8,1,9,0,0,0,0,0,10,2,8,1,9,7,9.48407437073889,9.28942877829515,0.34904974532351,30
"16758","SP","Vera Cruz",10823,13148.65,35038,"Marília",3,"Sudeste",1,"355660",7,9,1,8,1,8,0,0,0,0,0,9,1,8,1,8,8,9.48407437073889,9.28942877829515,0.351354413406631,29
"16759","SP","Vinhedo",80111,119996.43,35032,"Campinas",3,"Sudeste",1,"355670",2,121,18,103,44,77,0,0,0,0,0,121,18,103,44,77,34,11.6952172713216,11.2911684519674,0.28457232794274,29
"16760","SP","Vinhedo",80111,119996.43,35032,"Campinas",3,"Sudeste",1,"355670",3,131,17,114,42,89,1,0,0,0,0,132,17,114,42,89,41,11.6952172713216,11.2911684519674,0.384156553740398,31
"16761","SP","Vinhedo",80111,119996.43,35032,"Campinas",3,"Sudeste",1,"355670",4,87,10,77,24,63,0,0,0,0,0,87,10,77,24,63,46,11.6952172713216,11.2911684519674,0.456911683910387,30
"16762","SP","Vinhedo",80111,119996.43,35032,"Campinas",3,"Sudeste",1,"355670",5,80,12,68,15,65,0,0,0,0,0,80,12,68,15,65,36,11.6952172713216,11.2911684519674,0.421032116055757,31
"16763","SP","Vinhedo",80111,119996.43,35032,"Campinas",3,"Sudeste",1,"355670",6,74,10,64,20,54,0,0,0,0,0,74,10,64,20,54,61,11.6952172713216,11.2911684519674,0.384997208939693,30
"16764","SP","Vinhedo",80111,119996.43,35032,"Campinas",3,"Sudeste",1,"355670",7,60,6,54,11,49,0,0,0,0,0,60,6,54,11,49,48,11.6952172713216,11.2911684519674,0.380532415721924,29
"16765","SP","Viradouro",19017,18419.26,35013,"Jaboticabal",3,"Sudeste",1,"355680",2,18,5,13,5,13,0,0,0,0,0,18,5,13,5,13,11,9.8211521352781,9.85308859495228,0.297743086684381,29
"16766","SP","Viradouro",19017,18419.26,35013,"Jaboticabal",3,"Sudeste",1,"355680",3,15,5,10,9,6,0,0,0,0,0,15,5,10,9,6,10,9.8211521352781,9.85308859495228,0.382381190627514,31
"16767","SP","Viradouro",19017,18419.26,35013,"Jaboticabal",3,"Sudeste",1,"355680",4,20,3,17,9,11,1,0,0,0,0,21,3,17,9,11,10,9.8211521352781,9.85308859495228,0.412567524144041,30
"16768","SP","Viradouro",19017,18419.26,35013,"Jaboticabal",3,"Sudeste",1,"355680",5,17,4,13,8,9,0,0,0,0,0,17,4,13,8,9,17,9.8211521352781,9.85308859495228,0.387680151901631,31
"16769","SP","Viradouro",19017,18419.26,35013,"Jaboticabal",3,"Sudeste",1,"355680",6,23,8,15,10,13,0,0,0,0,0,23,8,15,10,13,14,9.8211521352781,9.85308859495228,0.380751178116265,30
"16770","SP","Viradouro",19017,18419.26,35013,"Jaboticabal",3,"Sudeste",1,"355680",7,15,2,13,4,11,0,0,0,0,0,15,2,13,4,11,9,9.8211521352781,9.85308859495228,0.382695972903137,29
"16771","SP","Vista Alegre do Alto",8989,40055.36,35013,"Jaboticabal",3,"Sudeste",0,"355690",2,20,6,14,6,14,1,0,0,0,0,21,6,14,6,14,1,10.5980177762508,9.1037568865734,0.296861771138158,29
"16772","SP","Vista Alegre do Alto",8989,40055.36,35013,"Jaboticabal",3,"Sudeste",0,"355690",3,11,1,10,4,7,0,0,0,0,0,11,1,10,4,7,1,10.5980177762508,9.1037568865734,0.385187292448573,31
"16773","SP","Vista Alegre do Alto",8989,40055.36,35013,"Jaboticabal",3,"Sudeste",0,"355690",4,13,2,11,5,8,0,0,0,0,0,13,2,11,5,8,2,10.5980177762508,9.1037568865734,0.396306681309019,30
"16774","SP","Vista Alegre do Alto",8989,40055.36,35013,"Jaboticabal",3,"Sudeste",0,"355690",5,8,2,6,0,8,0,0,0,0,0,8,2,6,0,8,3,10.5980177762508,9.1037568865734,0.360587619560165,31
"16775","SP","Vista Alegre do Alto",8989,40055.36,35013,"Jaboticabal",3,"Sudeste",0,"355690",6,9,4,5,0,9,0,0,0,0,0,9,4,5,0,9,7,10.5980177762508,9.1037568865734,0.384220500895542,30
"16776","SP","Vista Alegre do Alto",8989,40055.36,35013,"Jaboticabal",3,"Sudeste",0,"355690",7,9,2,7,4,5,1,0,0,0,0,10,2,7,4,5,1,10.5980177762508,9.1037568865734,0.370981854547047,29
"16777","SP","Votorantim",123599,25495.29,35046,"Sorocaba",3,"Sudeste",1,"355700",2,230,30,200,80,150,1,0,0,0,0,231,30,200,80,150,57,10.1462490082039,11.7247977333581,0.286394493613702,29
"16778","SP","Votorantim",123599,25495.29,35046,"Sorocaba",3,"Sudeste",1,"355700",3,232,28,204,83,149,1,0,0,0,0,233,28,204,83,149,66,10.1462490082039,11.7247977333581,0.395009142128489,31
"16779","SP","Votorantim",123599,25495.29,35046,"Sorocaba",3,"Sudeste",1,"355700",4,126,15,111,46,80,2,0,0,0,0,128,15,111,46,80,51,10.1462490082039,11.7247977333581,0.459816666517617,30
"16780","SP","Votorantim",123599,25495.29,35046,"Sorocaba",3,"Sudeste",1,"355700",5,171,27,144,57,114,0,0,0,0,0,171,27,144,57,114,75,10.1462490082039,11.7247977333581,0.419578163599933,31
"16781","SP","Votorantim",123599,25495.29,35046,"Sorocaba",3,"Sudeste",1,"355700",6,139,12,127,37,102,0,0,0,0,0,139,12,127,37,102,84,10.1462490082039,11.7247977333581,0.388219326534886,30
"16782","SP","Votorantim",123599,25495.29,35046,"Sorocaba",3,"Sudeste",1,"355700",7,119,17,102,37,82,0,0,0,0,0,119,17,102,37,82,95,10.1462490082039,11.7247977333581,0.384629843209311,29
"16783","SP","Votuporanga",95338,31244,35003,"Votuporanga",3,"Sudeste",1,"355710",2,163,27,136,46,117,1,0,0,0,0,164,27,136,46,117,56,10.3495826367302,11.4651837509848,0.294270931136613,29
"16784","SP","Votuporanga",95338,31244,35003,"Votuporanga",3,"Sudeste",1,"355710",3,167,25,142,50,117,0,0,0,0,0,167,25,142,50,117,49,10.3495826367302,11.4651837509848,0.378668685303864,31
"16785","SP","Votuporanga",95338,31244,35003,"Votuporanga",3,"Sudeste",1,"355710",4,113,16,97,21,92,0,0,0,0,0,113,16,97,21,92,68,10.3495826367302,11.4651837509848,0.423089880783013,30
"16786","SP","Votuporanga",95338,31244,35003,"Votuporanga",3,"Sudeste",1,"355710",5,96,8,88,26,70,1,0,0,0,0,97,8,88,26,70,57,10.3495826367302,11.4651837509848,0.392010746351947,31
"16787","SP","Votuporanga",95338,31244,35003,"Votuporanga",3,"Sudeste",1,"355710",6,95,14,81,29,66,1,0,0,0,0,96,14,81,29,66,72,10.3495826367302,11.4651837509848,0.370255279144773,30
"16788","SP","Votuporanga",95338,31244,35003,"Votuporanga",3,"Sudeste",1,"355710",7,116,14,102,47,69,1,0,0,0,0,117,14,102,47,69,89,10.3495826367302,11.4651837509848,0.368552755459535,29
"16789","SP","Chavantes",12418,16706.08,35040,"Ourinhos",3,"Sudeste",0,"355720",2,27,7,20,10,17,0,0,0,0,0,27,7,20,10,17,7,9.72352800400306,9.42690231192484,0.306794082780267,29
"16790","SP","Chavantes",12418,16706.08,35040,"Ourinhos",3,"Sudeste",0,"355720",3,24,7,17,12,12,0,0,0,0,0,24,7,17,12,12,11,9.72352800400306,9.42690231192484,0.389362694784121,31
"16791","SP","Chavantes",12418,16706.08,35040,"Ourinhos",3,"Sudeste",0,"355720",4,12,5,7,7,5,0,0,0,0,0,12,5,7,7,5,2,9.72352800400306,9.42690231192484,0.435396898439687,30
"16792","SP","Chavantes",12418,16706.08,35040,"Ourinhos",3,"Sudeste",0,"355720",5,14,3,11,4,10,1,0,0,0,0,15,3,11,4,10,10,9.72352800400306,9.42690231192484,0.427870483232614,31
"16793","SP","Chavantes",12418,16706.08,35040,"Ourinhos",3,"Sudeste",0,"355720",6,15,2,13,7,8,0,0,0,0,0,15,2,13,7,8,8,9.72352800400306,9.42690231192484,0.39590246342665,30
"16794","SP","Chavantes",12418,16706.08,35040,"Ourinhos",3,"Sudeste",0,"355720",7,13,2,11,5,8,0,0,0,0,0,13,2,11,5,8,12,9.72352800400306,9.42690231192484,0.392058852395112,29
"16795","SP","Estiva Gerbi",11407,29883.47,35031,"Mogi Mirim",3,"Sudeste",1,"355730",2,19,4,15,5,14,0,0,0,0,0,19,4,15,5,14,5,10.3050607636955,9.3419824810279,0.324008268031979,29
"16796","SP","Estiva Gerbi",11407,29883.47,35031,"Mogi Mirim",3,"Sudeste",1,"355730",3,22,1,21,5,17,0,0,0,0,0,22,1,21,5,17,8,10.3050607636955,9.3419824810279,0.416676306572707,31
"16797","SP","Estiva Gerbi",11407,29883.47,35031,"Mogi Mirim",3,"Sudeste",1,"355730",4,15,4,11,6,9,0,0,0,0,0,15,4,11,6,9,4,10.3050607636955,9.3419824810279,0.451924057342697,30
"16798","SP","Estiva Gerbi",11407,29883.47,35031,"Mogi Mirim",3,"Sudeste",1,"355730",5,13,3,10,4,9,0,0,0,0,0,13,3,10,4,9,6,10.3050607636955,9.3419824810279,0.437715104592828,31
"16799","SP","Estiva Gerbi",11407,29883.47,35031,"Mogi Mirim",3,"Sudeste",1,"355730",6,14,3,11,6,8,0,0,0,0,0,14,3,11,6,8,9,10.3050607636955,9.3419824810279,0.440827412685284,30
"16800","SP","Estiva Gerbi",11407,29883.47,35031,"Mogi Mirim",3,"Sudeste",1,"355730",7,12,4,8,4,8,0,0,0,0,0,12,4,8,4,8,10,10.3050607636955,9.3419824810279,0.439368151813396,29
"16801","PR","Agudos do Sul",9470,22087.81,41039,"Rio Negro",4,"Sul",0,"410030",2,18,10,8,8,10,0,0,0,0,0,18,10,8,8,10,2,10.0027811516172,9.15588418618012,0.358507082512678,29
"16802","PR","Agudos do Sul",9470,22087.81,41039,"Rio Negro",4,"Sul",0,"410030",3,11,2,9,6,5,0,0,0,0,0,11,2,9,6,5,7,10.0027811516172,9.15588418618012,0.450008941500647,31
"16803","PR","Agudos do Sul",9470,22087.81,41039,"Rio Negro",4,"Sul",0,"410030",4,14,6,8,8,6,0,0,0,0,0,14,6,8,8,6,8,10.0027811516172,9.15588418618012,0.461313048507273,30
"16804","PR","Agudos do Sul",9470,22087.81,41039,"Rio Negro",4,"Sul",0,"410030",5,13,5,8,5,8,0,0,0,0,0,13,5,8,5,8,4,10.0027811516172,9.15588418618012,0.446775273650989,31
"16805","PR","Agudos do Sul",9470,22087.81,41039,"Rio Negro",4,"Sul",0,"410030",6,7,2,5,4,3,0,0,0,0,0,7,2,5,4,3,10,10.0027811516172,9.15588418618012,0.435335870103085,30
"16806","PR","Agudos do Sul",9470,22087.81,41039,"Rio Negro",4,"Sul",0,"410030",7,12,4,8,7,5,0,0,0,0,0,12,4,8,7,5,5,10.0027811516172,9.15588418618012,0.442567732591946,29
"16807","PR","Almirante Tamandaré",120041,13168.04,41037,"Curitiba",4,"Sul",1,"410040",2,178,46,132,77,101,0,0,0,0,0,178,46,132,77,101,66,9.48554796057931,11.6955886300761,0.301351083440464,29
"16808","PR","Almirante Tamandaré",120041,13168.04,41037,"Curitiba",4,"Sul",1,"410040",3,195,63,132,82,113,1,0,0,0,0,196,63,132,82,113,57,9.48554796057931,11.6955886300761,0.395234308691641,31
"16809","PR","Almirante Tamandaré",120041,13168.04,41037,"Curitiba",4,"Sul",1,"410040",4,148,44,104,64,84,1,0,0,0,0,149,44,104,64,84,46,9.48554796057931,11.6955886300761,0.446658606354115,30
"16810","PR","Almirante Tamandaré",120041,13168.04,41037,"Curitiba",4,"Sul",1,"410040",5,141,45,96,62,79,1,0,0,0,0,142,45,96,62,79,68,9.48554796057931,11.6955886300761,0.403349135561536,31
"16811","PR","Almirante Tamandaré",120041,13168.04,41037,"Curitiba",4,"Sul",1,"410040",6,141,42,99,64,77,2,0,0,0,0,143,42,99,64,77,46,9.48554796057931,11.6955886300761,0.394920406121376,30
"16812","PR","Almirante Tamandaré",120041,13168.04,41037,"Curitiba",4,"Sul",1,"410040",7,142,55,87,66,76,0,0,0,0,0,142,55,87,66,76,59,9.48554796057931,11.6955886300761,0.403760556742724,29
"16813","PR","Altônia",22176,17248.08,41002,"Umuarama",4,"Sul",0,"410050",2,27,7,20,6,21,0,0,0,0,0,27,7,20,6,21,12,9.75545611191689,10.0067659019896,0.322787981551324,29
"16814","PR","Altônia",22176,17248.08,41002,"Umuarama",4,"Sul",0,"410050",3,22,4,18,10,12,0,0,0,0,0,22,4,18,10,12,21,9.75545611191689,10.0067659019896,0.419260025602093,31
"16815","PR","Altônia",22176,17248.08,41002,"Umuarama",4,"Sul",0,"410050",4,28,2,26,8,20,0,0,0,0,0,28,2,26,8,20,20,9.75545611191689,10.0067659019896,0.42290858063482,30
"16816","PR","Altônia",22176,17248.08,41002,"Umuarama",4,"Sul",0,"410050",5,20,3,17,6,14,0,0,0,0,0,20,3,17,6,14,21,9.75545611191689,10.0067659019896,0.398218313952052,31
"16817","PR","Altônia",22176,17248.08,41002,"Umuarama",4,"Sul",0,"410050",6,18,2,16,6,12,0,0,0,0,0,18,2,16,6,12,14,9.75545611191689,10.0067659019896,0.387668117078173,30
"16818","PR","Altônia",22176,17248.08,41002,"Umuarama",4,"Sul",0,"410050",7,28,1,27,8,20,0,0,0,0,0,28,1,27,8,20,21,9.75545611191689,10.0067659019896,0.389594829201944,29
"16819","PR","Alto Paraná",14859,22430.78,41001,"Paranavaí",4,"Sul",0,"410060",2,27,7,20,7,20,0,0,0,0,0,27,7,20,7,20,14,10.0181894017647,9.60636102125635,0.277151549466953,29
"16820","PR","Alto Paraná",14859,22430.78,41001,"Paranavaí",4,"Sul",0,"410060",3,28,10,18,13,15,0,0,0,0,0,28,10,18,13,15,12,10.0181894017647,9.60636102125635,0.364409718008953,31
"16821","PR","Alto Paraná",14859,22430.78,41001,"Paranavaí",4,"Sul",0,"410060",4,22,6,16,9,13,0,0,0,0,0,22,6,16,9,13,11,10.0181894017647,9.60636102125635,0.396208979655466,30
"16822","PR","Alto Paraná",14859,22430.78,41001,"Paranavaí",4,"Sul",0,"410060",5,26,6,20,9,17,0,0,0,0,0,26,6,20,9,17,17,10.0181894017647,9.60636102125635,0.369687973630503,31
"16823","PR","Alto Paraná",14859,22430.78,41001,"Paranavaí",4,"Sul",0,"410060",6,11,2,9,5,6,0,0,0,0,0,11,2,9,5,6,10,10.0181894017647,9.60636102125635,0.345034450948475,30
"16824","PR","Alto Paraná",14859,22430.78,41001,"Paranavaí",4,"Sul",0,"410060",7,10,3,7,5,5,0,0,0,0,0,10,3,7,5,5,9,10.0181894017647,9.60636102125635,0.346690094484003,29
"16825","PR","Alto Piquiri",9778,30900,41002,"Umuarama",4,"Sul",0,"410070",2,17,3,14,4,13,0,0,0,0,0,17,3,14,4,13,11,10.3385114628858,9.18789024313859,0.286096174471421,29
"16826","PR","Alto Piquiri",9778,30900,41002,"Umuarama",4,"Sul",0,"410070",3,19,4,15,7,12,0,0,0,0,0,19,4,15,7,12,13,10.3385114628858,9.18789024313859,0.419119002716691,31
"16827","PR","Alto Piquiri",9778,30900,41002,"Umuarama",4,"Sul",0,"410070",4,15,6,9,4,11,0,0,0,0,0,15,6,9,4,11,8,10.3385114628858,9.18789024313859,0.438200061345414,30
"16828","PR","Alto Piquiri",9778,30900,41002,"Umuarama",4,"Sul",0,"410070",5,18,2,16,9,9,0,0,0,0,0,18,2,16,9,9,9,10.3385114628858,9.18789024313859,0.377416891911774,31
"16829","PR","Alto Piquiri",9778,30900,41002,"Umuarama",4,"Sul",0,"410070",6,9,4,5,4,5,0,0,0,0,0,9,4,5,4,5,10,10.3385114628858,9.18789024313859,0.406386812928221,30
"16830","PR","Alto Piquiri",9778,30900,41002,"Umuarama",4,"Sul",0,"410070",7,7,0,7,3,4,0,0,0,0,0,7,0,7,3,4,10,10.3385114628858,9.18789024313859,0.429437409021302,29
"16831","PR","Alvorada do Sul",11503,23481.5,41007,"Porecatu",4,"Sul",0,"410080",2,11,2,9,5,6,0,0,0,0,0,11,2,9,5,6,7,10.0639681560583,9.35036314989601,0.338050140468497,29
"16832","PR","Alvorada do Sul",11503,23481.5,41007,"Porecatu",4,"Sul",0,"410080",3,20,5,15,6,14,0,0,0,0,0,20,5,15,6,14,16,10.0639681560583,9.35036314989601,0.385191757511901,31
"16833","PR","Alvorada do Sul",11503,23481.5,41007,"Porecatu",4,"Sul",0,"410080",4,12,1,11,4,8,0,0,0,0,0,12,1,11,4,8,9,10.0639681560583,9.35036314989601,0.404245834407576,30
"16834","PR","Alvorada do Sul",11503,23481.5,41007,"Porecatu",4,"Sul",0,"410080",5,5,2,3,0,5,0,0,0,0,0,5,2,3,0,5,8,10.0639681560583,9.35036314989601,0.38355214965395,31
"16835","PR","Alvorada do Sul",11503,23481.5,41007,"Porecatu",4,"Sul",0,"410080",6,11,2,9,4,7,0,0,0,0,0,11,2,9,4,7,8,10.0639681560583,9.35036314989601,0.390792783812594,30
"16836","PR","Alvorada do Sul",11503,23481.5,41007,"Porecatu",4,"Sul",0,"410080",7,7,1,6,2,5,0,0,0,0,0,7,1,6,2,5,6,10.0639681560583,9.35036314989601,0.388247354975554,29
"16837","PR","Ampére",19311,31922.65,41025,"Capanema",4,"Sul",1,"410100",2,33,4,29,15,18,1,0,0,0,0,34,4,29,15,18,8,10.3710710681679,9.86843016072073,0.296846828154162,29
"16838","PR","Ampére",19311,31922.65,41025,"Capanema",4,"Sul",1,"410100",3,34,10,24,13,21,0,0,0,0,0,34,10,24,13,21,16,10.3710710681679,9.86843016072073,0.413878134289367,31
"16839","PR","Ampére",19311,31922.65,41025,"Capanema",4,"Sul",1,"410100",4,23,4,19,6,17,0,0,0,0,0,23,4,19,6,17,11,10.3710710681679,9.86843016072073,0.400587684878207,30
"16840","PR","Ampére",19311,31922.65,41025,"Capanema",4,"Sul",1,"410100",5,23,6,17,9,14,0,0,0,0,0,23,6,17,9,14,9,10.3710710681679,9.86843016072073,0.408562758578863,31
"16841","PR","Ampére",19311,31922.65,41025,"Capanema",4,"Sul",1,"410100",6,19,3,16,9,10,0,0,0,0,0,19,3,16,9,10,12,10.3710710681679,9.86843016072073,0.383834596753036,30
"16842","PR","Ampére",19311,31922.65,41025,"Capanema",4,"Sul",1,"410100",7,28,3,25,13,15,0,0,0,0,0,28,3,25,13,15,9,10.3710710681679,9.86843016072073,0.371910646377513,29
"16843","PR","Andirá",19926,37115.48,41015,"Cornélio Procópio",4,"Sul",1,"410110",2,23,3,20,8,15,0,0,0,0,0,23,3,20,8,15,5,10.5217894122445,9.8997806906048,0.301166488537147,29
"16844","PR","Andirá",19926,37115.48,41015,"Cornélio Procópio",4,"Sul",1,"410110",3,22,2,20,6,16,0,0,0,0,0,22,2,20,6,16,17,10.5217894122445,9.8997806906048,0.371762097965425,31
"16845","PR","Andirá",19926,37115.48,41015,"Cornélio Procópio",4,"Sul",1,"410110",4,18,5,13,6,12,0,0,0,0,0,18,5,13,6,12,17,10.5217894122445,9.8997806906048,0.398397733721917,30
"16846","PR","Andirá",19926,37115.48,41015,"Cornélio Procópio",4,"Sul",1,"410110",5,10,2,8,2,8,0,0,0,0,0,10,2,8,2,8,16,10.5217894122445,9.8997806906048,0.38361129317984,31
"16847","PR","Andirá",19926,37115.48,41015,"Cornélio Procópio",4,"Sul",1,"410110",6,20,5,15,9,11,1,0,0,0,0,21,5,15,9,11,11,10.5217894122445,9.8997806906048,0.361725804204104,30
"16848","PR","Andirá",19926,37115.48,41015,"Cornélio Procópio",4,"Sul",1,"410110",7,23,4,19,7,16,0,0,0,0,0,23,4,19,7,16,14,10.5217894122445,9.8997806906048,0.37704881404556,29
"16849","PR","Ângulo",2930,38937.19,41006,"Astorga",4,"Sul",0,"410115",2,5,1,4,2,3,0,0,0,0,0,5,1,4,2,3,4,10.5697051140214,7.98275770201111,0.339466108734391,29
"16850","PR","Ângulo",2930,38937.19,41006,"Astorga",4,"Sul",0,"410115",3,10,1,9,2,8,0,0,0,0,0,10,1,9,2,8,3,10.5697051140214,7.98275770201111,0.430088567550624,31
"16851","PR","Ângulo",2930,38937.19,41006,"Astorga",4,"Sul",0,"410115",4,4,1,3,1,3,0,0,0,0,0,4,1,3,1,3,1,10.5697051140214,7.98275770201111,0.404970323451612,30
"16852","PR","Ângulo",2930,38937.19,41006,"Astorga",4,"Sul",0,"410115",5,4,1,3,2,2,0,0,0,0,0,4,1,3,2,2,3,10.5697051140214,7.98275770201111,0.369793129160427,31
"16853","PR","Ângulo",2930,38937.19,41006,"Astorga",4,"Sul",0,"410115",6,1,0,1,0,1,0,0,0,0,0,1,0,1,0,1,1,10.5697051140214,7.98275770201111,0.358117551145615,30
"16854","PR","Ângulo",2930,38937.19,41006,"Astorga",4,"Sul",0,"410115",7,2,0,2,1,1,0,0,0,0,0,2,0,2,1,1,3,10.5697051140214,7.98275770201111,0.344205260964634,29
"16855","PR","Antonina",18949,28312.72,41038,"Paranaguá",4,"Sul",0,"410120",2,22,10,12,11,11,0,0,0,0,0,22,10,12,11,11,8,10.2510664526146,9.84950643866961,0.336293394864838,29
"16856","PR","Antonina",18949,28312.72,41038,"Paranaguá",4,"Sul",0,"410120",3,20,10,10,7,13,0,0,0,0,0,20,10,10,7,13,9,10.2510664526146,9.84950643866961,0.423037918080743,31
"16857","PR","Antonina",18949,28312.72,41038,"Paranaguá",4,"Sul",0,"410120",4,21,7,14,10,11,0,0,0,0,0,21,7,14,10,11,11,10.2510664526146,9.84950643866961,0.434563446484604,30
"16858","PR","Antonina",18949,28312.72,41038,"Paranaguá",4,"Sul",0,"410120",5,27,8,19,13,14,1,0,0,0,0,28,8,19,13,14,11,10.2510664526146,9.84950643866961,0.4346051250811,31
"16859","PR","Antonina",18949,28312.72,41038,"Paranaguá",4,"Sul",0,"410120",6,16,6,10,6,10,0,0,0,0,0,16,6,10,6,10,17,10.2510664526146,9.84950643866961,0.435679054514699,30
"16860","PR","Antonina",18949,28312.72,41038,"Paranaguá",4,"Sul",0,"410120",7,28,15,13,11,17,0,0,0,0,0,28,15,13,11,17,13,10.2510664526146,9.84950643866961,0.450799065778237,29
"16861","PR","Apucarana",136234,23315.61,41010,"Apucarana",4,"Sul",1,"410140",2,218,31,187,82,136,1,0,0,0,0,219,31,187,82,136,79,10.0568783723143,11.8221292744372,0.313056917669268,29
"16862","PR","Apucarana",136234,23315.61,41010,"Apucarana",4,"Sul",1,"410140",3,237,44,193,91,146,1,0,0,0,0,238,44,193,91,146,81,10.0568783723143,11.8221292744372,0.404742510263593,31
"16863","PR","Apucarana",136234,23315.61,41010,"Apucarana",4,"Sul",1,"410140",4,153,28,125,49,104,0,0,0,0,0,153,28,125,49,104,65,10.0568783723143,11.8221292744372,0.452434190154589,30
"16864","PR","Apucarana",136234,23315.61,41010,"Apucarana",4,"Sul",1,"410140",5,130,32,98,34,96,1,0,0,0,0,131,32,98,34,96,55,10.0568783723143,11.8221292744372,0.397123665724788,31
"16865","PR","Apucarana",136234,23315.61,41010,"Apucarana",4,"Sul",1,"410140",6,157,30,127,56,101,1,0,0,0,0,158,30,127,56,101,88,10.0568783723143,11.8221292744372,0.374132494294526,30
"16866","PR","Apucarana",136234,23315.61,41010,"Apucarana",4,"Sul",1,"410140",7,135,18,117,35,100,0,0,0,0,0,135,18,117,35,100,80,10.0568783723143,11.8221292744372,0.370631228241904,29
"16867","PR","Arapongas",124810,35440.69,41010,"Apucarana",4,"Sul",1,"410150",2,229,46,183,75,154,1,0,0,0,0,230,46,183,75,154,37,10.4756158740554,11.7345478599125,0.305043777064526,29
"16868","PR","Arapongas",124810,35440.69,41010,"Apucarana",4,"Sul",1,"410150",3,239,40,199,71,168,2,0,0,0,0,241,40,199,71,168,67,10.4756158740554,11.7345478599125,0.386173564071291,31
"16869","PR","Arapongas",124810,35440.69,41010,"Apucarana",4,"Sul",1,"410150",4,148,36,112,40,108,0,0,0,0,0,148,36,112,40,108,60,10.4756158740554,11.7345478599125,0.430378589049566,30
"16870","PR","Arapongas",124810,35440.69,41010,"Apucarana",4,"Sul",1,"410150",5,121,27,94,35,86,0,0,0,0,0,121,27,94,35,86,74,10.4756158740554,11.7345478599125,0.372898350776806,31
"16871","PR","Arapongas",124810,35440.69,41010,"Apucarana",4,"Sul",1,"410150",6,132,24,108,42,90,0,0,0,0,0,132,24,108,42,90,63,10.4756158740554,11.7345478599125,0.350138031535345,30
"16872","PR","Arapongas",124810,35440.69,41010,"Apucarana",4,"Sul",1,"410150",7,138,34,104,39,99,1,0,0,0,0,139,34,104,39,99,101,10.4756158740554,11.7345478599125,0.353501935329602,29
"16873","PR","Arapoti",28300,41056.91,41020,"Jaguariaíva",4,"Sul",1,"410160",2,44,14,30,23,21,1,0,0,0,0,45,14,30,23,21,15,10.6227144320177,10.2506170836313,0.365307707879348,29
"16874","PR","Arapoti",28300,41056.91,41020,"Jaguariaíva",4,"Sul",1,"410160",3,46,11,35,19,27,0,0,0,0,0,46,11,35,19,27,13,10.6227144320177,10.2506170836313,0.442246113265149,31
"16875","PR","Arapoti",28300,41056.91,41020,"Jaguariaíva",4,"Sul",1,"410160",4,29,8,21,19,10,1,0,0,0,0,30,8,21,19,10,8,10.6227144320177,10.2506170836313,0.453861961728616,30
"16876","PR","Arapoti",28300,41056.91,41020,"Jaguariaíva",4,"Sul",1,"410160",5,36,11,25,16,20,0,0,0,0,0,36,11,25,16,20,11,10.6227144320177,10.2506170836313,0.441617177683378,31
"16877","PR","Arapoti",28300,41056.91,41020,"Jaguariaíva",4,"Sul",1,"410160",6,34,9,25,12,22,0,0,0,0,0,34,9,25,12,22,13,10.6227144320177,10.2506170836313,0.471574122691664,30
"16878","PR","Arapoti",28300,41056.91,41020,"Jaguariaíva",4,"Sul",1,"410160",7,33,11,22,12,21,0,0,0,0,0,33,11,22,12,21,16,10.6227144320177,10.2506170836313,0.435989848988336,29
"16879","PR","Araruna",14000,32538.31,41005,"Campo Mourão",4,"Sul",0,"410170",2,26,5,21,10,16,0,0,0,0,0,26,5,21,10,16,11,10.3901734433456,9.5468126085974,0.333442283536556,29
"16880","PR","Araruna",14000,32538.31,41005,"Campo Mourão",4,"Sul",0,"410170",3,40,3,37,10,30,0,0,0,0,0,40,3,37,10,30,4,10.3901734433456,9.5468126085974,0.436415863226458,31
"16881","PR","Araruna",14000,32538.31,41005,"Campo Mourão",4,"Sul",0,"410170",4,19,4,15,7,12,0,0,0,0,0,19,4,15,7,12,9,10.3901734433456,9.5468126085974,0.483844512144779,30
"16882","PR","Araruna",14000,32538.31,41005,"Campo Mourão",4,"Sul",0,"410170",5,13,4,9,4,9,0,0,0,0,0,13,4,9,4,9,10,10.3901734433456,9.5468126085974,0.422493451007973,31
"16883","PR","Araruna",14000,32538.31,41005,"Campo Mourão",4,"Sul",0,"410170",6,19,5,14,7,12,0,0,0,0,0,19,5,14,7,12,14,10.3901734433456,9.5468126085974,0.400964204865617,30
"16884","PR","Araruna",14000,32538.31,41005,"Campo Mourão",4,"Sul",0,"410170",7,19,1,18,4,15,0,0,0,0,0,19,1,18,4,15,12,10.3901734433456,9.5468126085974,0.41433891515349,29
"16885","PR","Araucária",146214,116046.97,41037,"Curitiba",4,"Sul",1,"410180",2,312,57,255,107,205,0,0,0,0,0,312,57,255,107,205,59,11.6617503019261,11.8928265809471,0.303482271859039,29
"16886","PR","Araucária",146214,116046.97,41037,"Curitiba",4,"Sul",1,"410180",3,317,66,251,114,203,2,0,0,0,0,319,66,251,114,203,57,11.6617503019261,11.8928265809471,0.396349847805918,31
"16887","PR","Araucária",146214,116046.97,41037,"Curitiba",4,"Sul",1,"410180",4,193,48,145,60,133,1,0,0,0,0,194,48,145,60,133,64,11.6617503019261,11.8928265809471,0.441716610643025,30
"16888","PR","Araucária",146214,116046.97,41037,"Curitiba",4,"Sul",1,"410180",5,203,40,163,60,143,0,0,0,0,0,203,40,163,60,143,57,11.6617503019261,11.8928265809471,0.396783466252975,31
"16889","PR","Araucária",146214,116046.97,41037,"Curitiba",4,"Sul",1,"410180",6,175,41,134,57,118,3,0,0,0,0,178,41,134,57,118,86,11.6617503019261,11.8928265809471,0.391277666896704,30
"16890","PR","Araucária",146214,116046.97,41037,"Curitiba",4,"Sul",1,"410180",7,166,40,126,55,111,1,0,0,0,0,167,40,126,55,111,79,11.6617503019261,11.8928265809471,0.401361544914861,29
"16891","PR","Assaí",14954,25938.66,41014,"Assaí",4,"Sul",1,"410190",2,12,1,11,2,10,0,0,0,0,0,12,1,11,2,10,16,10.1634897988646,9.61273410155986,0.306164252868947,29
"16892","PR","Assaí",14954,25938.66,41014,"Assaí",4,"Sul",1,"410190",3,18,3,15,9,9,0,0,0,0,0,18,3,15,9,9,16,10.1634897988646,9.61273410155986,0.408519507200135,31
"16893","PR","Assaí",14954,25938.66,41014,"Assaí",4,"Sul",1,"410190",4,16,4,12,9,7,0,0,0,0,0,16,4,12,9,7,6,10.1634897988646,9.61273410155986,0.423616841631544,30
"16894","PR","Assaí",14954,25938.66,41014,"Assaí",4,"Sul",1,"410190",5,16,2,14,8,8,0,0,0,0,0,16,2,14,8,8,13,10.1634897988646,9.61273410155986,0.408856932973235,31
"16895","PR","Assaí",14954,25938.66,41014,"Assaí",4,"Sul",1,"410190",6,8,2,6,3,5,0,0,0,0,0,8,2,6,3,5,15,10.1634897988646,9.61273410155986,0.382420240588835,30
"16896","PR","Assaí",14954,25938.66,41014,"Assaí",4,"Sul",1,"410190",7,14,1,13,2,12,0,0,0,0,0,14,1,13,2,12,11,10.1634897988646,9.61273410155986,0.381901566858118,29
"16897","PR","Assis Chateaubriand",33340,36800.41,41022,"Toledo",4,"Sul",0,"410200",2,63,19,44,24,39,1,0,0,0,0,64,19,44,24,39,30,10.5132642653993,10.4145131563048,0.317628454672402,29
"16898","PR","Assis Chateaubriand",33340,36800.41,41022,"Toledo",4,"Sul",0,"410200",3,54,15,39,22,32,0,0,0,0,0,54,15,39,22,32,33,10.5132642653993,10.4145131563048,0.415212366057369,31
"16899","PR","Assis Chateaubriand",33340,36800.41,41022,"Toledo",4,"Sul",0,"410200",4,45,7,38,13,32,1,0,0,0,0,46,7,38,13,32,28,10.5132642653993,10.4145131563048,0.447936472978732,30
"16900","PR","Assis Chateaubriand",33340,36800.41,41022,"Toledo",4,"Sul",0,"410200",5,30,9,21,10,20,0,0,0,0,0,30,9,21,10,20,26,10.5132642653993,10.4145131563048,0.399595103897035,31
"16901","PR","Assis Chateaubriand",33340,36800.41,41022,"Toledo",4,"Sul",0,"410200",6,42,9,33,18,24,0,0,0,0,0,42,9,33,18,24,25,10.5132642653993,10.4145131563048,0.388235641424522,30
"16902","PR","Assis Chateaubriand",33340,36800.41,41022,"Toledo",4,"Sul",0,"410200",7,47,9,38,18,29,0,0,0,0,0,47,9,38,18,29,33,10.5132642653993,10.4145131563048,0.388081383785926,29
"16903","PR","Astorga",26209,29141.11,41006,"Astorga",4,"Sul",1,"410210",2,49,8,41,14,35,0,0,0,0,0,49,8,41,14,35,16,10.2799051709935,10.173858142213,0.294541707410388,29
"16904","PR","Astorga",26209,29141.11,41006,"Astorga",4,"Sul",1,"410210",3,36,5,31,10,26,0,0,0,0,0,36,5,31,10,26,20,10.2799051709935,10.173858142213,0.375694595996434,31
"16905","PR","Astorga",26209,29141.11,41006,"Astorga",4,"Sul",1,"410210",4,28,4,24,8,20,0,0,0,0,0,28,4,24,8,20,17,10.2799051709935,10.173858142213,0.399204341656427,30
"16906","PR","Astorga",26209,29141.11,41006,"Astorga",4,"Sul",1,"410210",5,28,6,22,9,19,0,0,0,0,0,28,6,22,9,19,17,10.2799051709935,10.173858142213,0.361570530857228,31
"16907","PR","Astorga",26209,29141.11,41006,"Astorga",4,"Sul",1,"410210",6,27,2,25,9,18,0,0,0,0,0,27,2,25,9,18,13,10.2799051709935,10.173858142213,0.34423507369618,30
"16908","PR","Astorga",26209,29141.11,41006,"Astorga",4,"Sul",1,"410210",7,34,6,28,13,21,0,0,0,0,0,34,6,28,13,21,10,10.2799051709935,10.173858142213,0.344900109629932,29
"16909","PR","Atalaia",3881,35008.12,41006,"Astorga",4,"Sul",0,"410220",2,8,0,8,2,6,0,0,0,0,0,8,0,8,2,6,1,10.4633353135637,8.26384813136891,0.29386583623794,29
"16910","PR","Atalaia",3881,35008.12,41006,"Astorga",4,"Sul",0,"410220",3,3,0,3,0,3,0,0,0,0,0,3,0,3,0,3,1,10.4633353135637,8.26384813136891,0.357167465112365,31
"16911","PR","Atalaia",3881,35008.12,41006,"Astorga",4,"Sul",0,"410220",4,6,0,6,1,5,0,0,0,0,0,6,0,6,1,5,3,10.4633353135637,8.26384813136891,0.361337209379106,30
"16912","PR","Atalaia",3881,35008.12,41006,"Astorga",4,"Sul",0,"410220",5,0,0,0,0,0,0,0,0,0,0,0,0,0,0,0,2,10.4633353135637,8.26384813136891,0.338882569666036,31
"16913","PR","Atalaia",3881,35008.12,41006,"Astorga",4,"Sul",0,"410220",6,6,0,6,0,6,0,0,0,0,0,6,0,6,0,6,3,10.4633353135637,8.26384813136891,0.348490580609903,30
"16914","PR","Atalaia",3881,35008.12,41006,"Astorga",4,"Sul",0,"410220",7,3,1,2,1,2,0,0,0,0,0,3,1,2,1,2,5,10.4633353135637,8.26384813136891,0.339529213365806,29
"16915","PR","Balsa Nova",13092,53915.82,41037,"Curitiba",4,"Sul",1,"410230",2,24,5,19,8,16,1,0,0,0,0,25,5,19,8,16,9,10.895179220326,9.47975663562107,0.304395603949841,29
"16916","PR","Balsa Nova",13092,53915.82,41037,"Curitiba",4,"Sul",1,"410230",3,23,10,13,7,16,0,0,0,0,0,23,10,13,7,16,4,10.895179220326,9.47975663562107,0.390113971145717,31
"16917","PR","Balsa Nova",13092,53915.82,41037,"Curitiba",4,"Sul",1,"410230",4,18,3,15,6,12,0,0,0,0,0,18,3,15,6,12,4,10.895179220326,9.47975663562107,0.423780685879187,30
"16918","PR","Balsa Nova",13092,53915.82,41037,"Curitiba",4,"Sul",1,"410230",5,10,4,6,4,6,0,0,0,0,0,10,4,6,4,6,10,10.895179220326,9.47975663562107,0.401221863302034,31
"16919","PR","Balsa Nova",13092,53915.82,41037,"Curitiba",4,"Sul",1,"410230",6,13,2,11,4,9,0,0,0,0,0,13,2,11,4,9,10,10.895179220326,9.47975663562107,0.394549042665212,30
"16920","PR","Balsa Nova",13092,53915.82,41037,"Curitiba",4,"Sul",1,"410230",7,13,0,13,7,6,1,0,0,0,0,14,0,13,7,6,11,10.895179220326,9.47975663562107,0.396359538112678,29
"16921","PR","Bandeirantes",31211,24859.03,41015,"Cornélio Procópio",4,"Sul",1,"410240",2,45,7,38,14,31,0,0,0,0,0,45,7,38,14,31,17,10.1209763457998,10.348525875764,0.309196553841811,29
"16922","PR","Bandeirantes",31211,24859.03,41015,"Cornélio Procópio",4,"Sul",1,"410240",3,57,12,45,18,39,0,0,0,0,0,57,12,45,18,39,23,10.1209763457998,10.348525875764,0.394941742208523,31
"16923","PR","Bandeirantes",31211,24859.03,41015,"Cornélio Procópio",4,"Sul",1,"410240",4,30,4,26,9,21,0,0,0,0,0,30,4,26,9,21,16,10.1209763457998,10.348525875764,0.443908955458138,30
"16924","PR","Bandeirantes",31211,24859.03,41015,"Cornélio Procópio",4,"Sul",1,"410240",5,29,9,20,10,19,0,0,0,0,0,29,9,20,10,19,15,10.1209763457998,10.348525875764,0.395950926048883,31
"16925","PR","Bandeirantes",31211,24859.03,41015,"Cornélio Procópio",4,"Sul",1,"410240",6,28,3,25,13,15,0,0,0,0,0,28,3,25,13,15,18,10.1209763457998,10.348525875764,0.377398469329592,30
"16926","PR","Bandeirantes",31211,24859.03,41015,"Cornélio Procópio",4,"Sul",1,"410240",7,34,6,28,15,19,0,0,0,0,0,34,6,28,15,19,31,10.1209763457998,10.348525875764,0.386413478846255,29
"16927","PR","Barbosa Ferraz",11426,17993.5,41005,"Campo Mourão",4,"Sul",0,"410250",2,17,3,14,9,8,0,0,0,0,0,17,3,14,9,8,16,9.79776586055087,9.34364673928441,0.31067775295315,29
"16928","PR","Barbosa Ferraz",11426,17993.5,41005,"Campo Mourão",4,"Sul",0,"410250",3,12,5,7,2,10,0,0,0,0,0,12,5,7,2,10,13,9.79776586055087,9.34364673928441,0.379119020923512,31
"16929","PR","Barbosa Ferraz",11426,17993.5,41005,"Campo Mourão",4,"Sul",0,"410250",4,12,1,11,6,6,0,0,0,0,0,12,1,11,6,6,8,9.79776586055087,9.34364673928441,0.410040884882456,30
"16930","PR","Barbosa Ferraz",11426,17993.5,41005,"Campo Mourão",4,"Sul",0,"410250",5,12,2,10,5,7,0,0,0,0,0,12,2,10,5,7,12,9.79776586055087,9.34364673928441,0.365525663294615,31
"16931","PR","Barbosa Ferraz",11426,17993.5,41005,"Campo Mourão",4,"Sul",0,"410250",6,8,3,5,2,6,0,0,0,0,0,8,3,5,2,6,7,9.79776586055087,9.34364673928441,0.359500653372674,30
"16932","PR","Barbosa Ferraz",11426,17993.5,41005,"Campo Mourão",4,"Sul",0,"410250",7,10,3,7,6,4,0,0,0,0,0,10,3,7,6,4,12,9.79776586055087,9.34364673928441,0.37704987275216,29
"16933","PR","Barracão",10312,24067.18,41026,"Francisco Beltrão",4,"Sul",0,"410260",2,11,4,7,4,7,0,0,0,0,0,11,4,7,4,7,4,10.0886043656252,9.24106354461902,0.318592229008003,29
"16934","PR","Barracão",10312,24067.18,41026,"Francisco Beltrão",4,"Sul",0,"410260",3,12,4,8,6,6,0,0,0,0,0,12,4,8,6,6,6,10.0886043656252,9.24106354461902,0.434077905802441,31
"16935","PR","Barracão",10312,24067.18,41026,"Francisco Beltrão",4,"Sul",0,"410260",4,9,2,7,2,7,0,0,0,0,0,9,2,7,2,7,5,10.0886043656252,9.24106354461902,0.443118148862776,30
"16936","PR","Barracão",10312,24067.18,41026,"Francisco Beltrão",4,"Sul",0,"410260",5,11,3,8,7,4,1,0,0,0,0,12,3,8,7,4,2,10.0886043656252,9.24106354461902,0.403592614354682,31
"16937","PR","Barracão",10312,24067.18,41026,"Francisco Beltrão",4,"Sul",0,"410260",6,12,5,7,4,8,0,0,0,0,0,12,5,7,4,8,6,10.0886043656252,9.24106354461902,0.397339879024705,30
"16938","PR","Barracão",10312,24067.18,41026,"Francisco Beltrão",4,"Sul",0,"410260",7,6,0,6,1,5,0,0,0,0,0,6,0,6,1,5,4,10.0886043656252,9.24106354461902,0.390579972725008,29
"16939","PR","Bela Vista do Paraíso",15399,29495.52,41007,"Porecatu",4,"Sul",1,"410280",2,25,5,20,10,15,0,0,0,0,0,25,5,20,10,15,11,10.2919936663886,9.64205785122841,0.301430630034196,29
"16940","PR","Bela Vista do Paraíso",15399,29495.52,41007,"Porecatu",4,"Sul",1,"410280",3,20,1,19,7,13,0,0,0,0,0,20,1,19,7,13,8,10.2919936663886,9.64205785122841,0.387885436490651,31
"16941","PR","Bela Vista do Paraíso",15399,29495.52,41007,"Porecatu",4,"Sul",1,"410280",4,24,7,17,7,17,0,0,0,0,0,24,7,17,7,17,8,10.2919936663886,9.64205785122841,0.411919801783294,30
"16942","PR","Bela Vista do Paraíso",15399,29495.52,41007,"Porecatu",4,"Sul",1,"410280",5,21,8,13,9,12,0,0,0,0,0,21,8,13,9,12,9,10.2919936663886,9.64205785122841,0.366088838773385,31
"16943","PR","Bela Vista do Paraíso",15399,29495.52,41007,"Porecatu",4,"Sul",1,"410280",6,18,3,15,5,13,0,0,0,0,0,18,3,15,5,13,12,10.2919936663886,9.64205785122841,0.357722753362026,30
"16944","PR","Bela Vista do Paraíso",15399,29495.52,41007,"Porecatu",4,"Sul",1,"410280",7,10,0,10,2,8,0,0,0,0,0,10,0,10,2,8,15,10.2919936663886,9.64205785122841,0.366387648528344,29
"16945","PR","Bituruna",16400,22965.66,41033,"União da Vitória",4,"Sul",0,"410290",2,37,13,24,14,23,0,0,0,0,0,37,13,24,14,23,3,10.0417553357329,9.70503661381229,0.340492851801913,29
"16946","PR","Bituruna",16400,22965.66,41033,"União da Vitória",4,"Sul",0,"410290",3,47,13,34,20,27,0,0,0,0,0,47,13,34,20,27,9,10.0417553357329,9.70503661381229,0.418658535555429,31
"16947","PR","Bituruna",16400,22965.66,41033,"União da Vitória",4,"Sul",0,"410290",4,24,3,21,17,7,0,0,0,0,0,24,3,21,17,7,13,10.0417553357329,9.70503661381229,0.430197054357429,30
"16948","PR","Bituruna",16400,22965.66,41033,"União da Vitória",4,"Sul",0,"410290",5,28,8,20,14,14,1,0,0,0,0,29,8,20,14,14,11,10.0417553357329,9.70503661381229,0.412813175693198,31
"16949","PR","Bituruna",16400,22965.66,41033,"União da Vitória",4,"Sul",0,"410290",6,24,4,20,11,13,0,0,0,0,0,24,4,20,11,13,8,10.0417553357329,9.70503661381229,0.413165901068044,30
"16950","PR","Bituruna",16400,22965.66,41033,"União da Vitória",4,"Sul",0,"410290",7,31,14,17,13,18,0,0,0,0,0,31,14,17,13,18,7,10.0417553357329,9.70503661381229,0.41142157246804,29
"16951","PR","Boa Vista da Aparecida",7540,18345.91,41023,"Cascavel",4,"Sul",0,"410305",2,24,6,18,11,13,0,0,0,0,0,24,6,18,11,13,7,9.81716194035605,8.927977461002,0.340454001006921,29
"16952","PR","Boa Vista da Aparecida",7540,18345.91,41023,"Cascavel",4,"Sul",0,"410305",3,17,6,11,8,9,0,0,0,0,0,17,6,11,8,9,4,9.81716194035605,8.927977461002,0.408629089229487,31
"16953","PR","Boa Vista da Aparecida",7540,18345.91,41023,"Cascavel",4,"Sul",0,"410305",4,11,3,8,6,5,0,0,0,0,0,11,3,8,6,5,2,9.81716194035605,8.927977461002,0.405695108118752,30
"16954","PR","Boa Vista da Aparecida",7540,18345.91,41023,"Cascavel",4,"Sul",0,"410305",5,13,3,10,5,8,0,0,0,0,0,13,3,10,5,8,6,9.81716194035605,8.927977461002,0.427282124130747,31
"16955","PR","Boa Vista da Aparecida",7540,18345.91,41023,"Cascavel",4,"Sul",0,"410305",6,8,2,6,3,5,0,0,0,0,0,8,2,6,3,5,4,9.81716194035605,8.927977461002,0.399164120227137,30
"16956","PR","Boa Vista da Aparecida",7540,18345.91,41023,"Cascavel",4,"Sul",0,"410305",7,8,3,5,3,5,1,0,0,0,0,9,3,5,3,5,8,9.81716194035605,8.927977461002,0.381481216343709,29
"16957","PR","Bocaiúva do Sul",13129,15505.64,41037,"Curitiba",4,"Sul",1,"410310",2,23,14,9,9,14,1,0,0,0,0,24,14,9,9,14,7,9.64895910769009,9.48257880293411,0.295258065746672,29
"16958","PR","Bocaiúva do Sul",13129,15505.64,41037,"Curitiba",4,"Sul",1,"410310",3,37,17,20,19,18,0,0,0,0,0,37,17,20,19,18,7,9.64895910769009,9.48257880293411,0.390910050234,31
"16959","PR","Bocaiúva do Sul",13129,15505.64,41037,"Curitiba",4,"Sul",1,"410310",4,13,8,5,4,9,0,0,0,0,0,13,8,5,4,9,9,9.64895910769009,9.48257880293411,0.418017228443376,30
"16960","PR","Bocaiúva do Sul",13129,15505.64,41037,"Curitiba",4,"Sul",1,"410310",5,16,11,5,6,10,0,0,0,0,0,16,11,5,6,10,7,9.64895910769009,9.48257880293411,0.401223083258436,31
"16961","PR","Bocaiúva do Sul",13129,15505.64,41037,"Curitiba",4,"Sul",1,"410310",6,19,6,13,8,11,0,0,0,0,0,19,6,13,8,11,10,9.64895910769009,9.48257880293411,0.415822530789925,30
"16962","PR","Bocaiúva do Sul",13129,15505.64,41037,"Curitiba",4,"Sul",1,"410310",7,12,6,6,4,8,0,0,0,0,0,12,6,6,4,8,8,9.64895910769009,9.48257880293411,0.423085057933761,29
"16963","PR","Bom Sucesso",7068,16424.65,41012,"Faxinal",4,"Sul",0,"410320",2,9,3,6,2,7,0,0,0,0,0,9,3,6,2,7,4,9.70653853414556,8.86333283343959,0.31356961915002,29
"16964","PR","Bom Sucesso",7068,16424.65,41012,"Faxinal",4,"Sul",0,"410320",3,9,1,8,3,6,0,0,0,0,0,9,1,8,3,6,5,9.70653853414556,8.86333283343959,0.358095425848677,31
"16965","PR","Bom Sucesso",7068,16424.65,41012,"Faxinal",4,"Sul",0,"410320",4,4,2,2,3,1,0,0,0,0,0,4,2,2,3,1,5,9.70653853414556,8.86333283343959,0.386955524289516,30
"16966","PR","Bom Sucesso",7068,16424.65,41012,"Faxinal",4,"Sul",0,"410320",5,9,3,6,6,3,0,0,0,0,0,9,3,6,6,3,2,9.70653853414556,8.86333283343959,0.374966194581854,31
"16967","PR","Bom Sucesso",7068,16424.65,41012,"Faxinal",4,"Sul",0,"410320",6,20,10,10,11,9,0,0,0,0,0,20,10,10,11,9,7,9.70653853414556,8.86333283343959,0.360114961013679,30
"16968","PR","Bom Sucesso",7068,16424.65,41012,"Faxinal",4,"Sul",0,"410320",7,8,3,5,2,6,1,0,0,0,0,9,3,5,2,6,5,9.70653853414556,8.86333283343959,0.363177985775462,29
"16969","PR","Borrazópolis",6439,31389.44,41012,"Faxinal",4,"Sul",0,"410330",2,14,4,10,3,11,0,0,0,0,0,14,4,10,3,11,1,10.3542268096004,8.77012852753818,0.302882456149769,29
"16970","PR","Borrazópolis",6439,31389.44,41012,"Faxinal",4,"Sul",0,"410330",3,10,2,8,5,5,0,0,0,0,0,10,2,8,5,5,4,10.3542268096004,8.77012852753818,0.368100300269498,31
"16971","PR","Borrazópolis",6439,31389.44,41012,"Faxinal",4,"Sul",0,"410330",4,6,1,5,4,2,0,0,0,0,0,6,1,5,4,2,4,10.3542268096004,8.77012852753818,0.418347920979734,30
"16972","PR","Borrazópolis",6439,31389.44,41012,"Faxinal",4,"Sul",0,"410330",5,5,2,3,1,4,0,0,0,0,0,5,2,3,1,4,7,10.3542268096004,8.77012852753818,0.371522913754092,31
"16973","PR","Borrazópolis",6439,31389.44,41012,"Faxinal",4,"Sul",0,"410330",6,6,1,5,1,5,0,0,0,0,0,6,1,5,1,5,5,10.3542268096004,8.77012852753818,0.376895475054716,30
"16974","PR","Borrazópolis",6439,31389.44,41012,"Faxinal",4,"Sul",0,"410330",7,5,1,4,1,4,0,0,0,0,0,5,1,4,1,4,8,10.3542268096004,8.77012852753818,0.395406398606315,29
"16975","PR","Cafelândia",18456,77661.71,41023,"Cascavel",4,"Sul",1,"410345",2,39,8,31,14,25,0,0,0,0,0,39,8,31,14,25,11,11.2601176221007,9.82314479985359,0.340616783230048,29
"16976","PR","Cafelândia",18456,77661.71,41023,"Cascavel",4,"Sul",1,"410345",3,49,9,40,18,31,1,0,0,0,0,50,9,40,18,31,6,11.2601176221007,9.82314479985359,0.413121614018482,31
"16977","PR","Cafelândia",18456,77661.71,41023,"Cascavel",4,"Sul",1,"410345",4,31,6,25,12,19,0,0,0,0,0,31,6,25,12,19,9,11.2601176221007,9.82314479985359,0.429415905660434,30
"16978","PR","Cafelândia",18456,77661.71,41023,"Cascavel",4,"Sul",1,"410345",5,29,11,18,9,20,1,0,0,0,0,30,11,18,9,20,4,11.2601176221007,9.82314479985359,0.40752356588799,31
"16979","PR","Cafelândia",18456,77661.71,41023,"Cascavel",4,"Sul",1,"410345",6,29,10,19,9,20,1,0,0,0,0,30,10,19,9,20,10,11.2601176221007,9.82314479985359,0.384646667306615,30
"16980","PR","Cafelândia",18456,77661.71,41023,"Cascavel",4,"Sul",1,"410345",7,28,2,26,4,24,0,0,0,0,0,28,2,26,4,24,6,11.2601176221007,9.82314479985359,0.397509036190264,29
"16981","PR","Califórnia",8606,20864.61,41010,"Apucarana",4,"Sul",0,"410350",2,12,3,9,3,9,0,0,0,0,0,12,3,9,3,9,5,9.94580970126218,9.06021491339854,0.285337591453797,29
"16982","PR","Califórnia",8606,20864.61,41010,"Apucarana",4,"Sul",0,"410350",3,21,4,17,5,16,0,0,0,0,0,21,4,17,5,16,5,9.94580970126218,9.06021491339854,0.339434321254357,31
"16983","PR","Califórnia",8606,20864.61,41010,"Apucarana",4,"Sul",0,"410350",4,15,2,13,4,11,0,0,0,0,0,15,2,13,4,11,6,9.94580970126218,9.06021491339854,0.380020475703387,30
"16984","PR","Califórnia",8606,20864.61,41010,"Apucarana",4,"Sul",0,"410350",5,12,3,9,5,7,0,0,0,0,0,12,3,9,5,7,10,9.94580970126218,9.06021491339854,0.348188999223818,31
"16985","PR","Califórnia",8606,20864.61,41010,"Apucarana",4,"Sul",0,"410350",6,10,3,7,4,6,0,0,0,0,0,10,3,7,4,6,9,9.94580970126218,9.06021491339854,0.350622846079099,30
"16986","PR","Califórnia",8606,20864.61,41010,"Apucarana",4,"Sul",0,"410350",7,6,0,6,1,5,0,0,0,0,0,6,0,6,1,5,3,9.94580970126218,9.06021491339854,0.327906510362944,29
"16987","PR","Cambará",25466,28586.57,41016,"Jacarezinho",4,"Sul",1,"410360",2,32,11,21,11,21,0,0,0,0,0,32,11,21,11,21,20,10.260692306101,10.1450995081334,0.317816332375647,29
"16988","PR","Cambará",25466,28586.57,41016,"Jacarezinho",4,"Sul",1,"410360",3,30,7,23,10,20,0,0,0,0,0,30,7,23,10,20,18,10.260692306101,10.1450995081334,0.385027431336034,31
"16989","PR","Cambará",25466,28586.57,41016,"Jacarezinho",4,"Sul",1,"410360",4,29,8,21,9,20,0,0,0,0,0,29,8,21,9,20,24,10.260692306101,10.1450995081334,0.434389435398943,30
"16990","PR","Cambará",25466,28586.57,41016,"Jacarezinho",4,"Sul",1,"410360",5,25,8,17,12,13,0,0,0,0,0,25,8,17,12,13,15,10.260692306101,10.1450995081334,0.407906598026522,31
"16991","PR","Cambará",25466,28586.57,41016,"Jacarezinho",4,"Sul",1,"410360",6,19,4,15,7,12,0,0,0,0,0,19,4,15,7,12,24,10.260692306101,10.1450995081334,0.39926874114606,30
"16992","PR","Cambará",25466,28586.57,41016,"Jacarezinho",4,"Sul",1,"410360",7,31,7,24,14,17,0,0,0,0,0,31,7,24,14,17,22,10.260692306101,10.1450995081334,0.379861392657932,29
"16993","PR","Cambé",107341,36311.28,41011,"Londrina",4,"Sul",1,"410370",2,178,35,143,65,113,1,0,0,0,0,179,35,143,65,113,51,10.4998837157837,11.583765961879,0.294247284204839,29
"16994","PR","Cambé",107341,36311.28,41011,"Londrina",4,"Sul",1,"410370",3,195,38,157,62,133,2,0,0,0,0,197,38,157,62,133,68,10.4998837157837,11.583765961879,0.391817955773034,31
"16995","PR","Cambé",107341,36311.28,41011,"Londrina",4,"Sul",1,"410370",4,102,19,83,40,62,1,0,0,0,0,103,19,83,40,62,57,10.4998837157837,11.583765961879,0.442663873181415,30
"16996","PR","Cambé",107341,36311.28,41011,"Londrina",4,"Sul",1,"410370",5,124,31,93,48,76,1,0,0,0,0,125,31,93,48,76,63,10.4998837157837,11.583765961879,0.38014477759892,31
"16997","PR","Cambé",107341,36311.28,41011,"Londrina",4,"Sul",1,"410370",6,116,25,91,34,82,1,0,0,0,0,117,25,91,34,82,56,10.4998837157837,11.583765961879,0.358827357535112,30
"16998","PR","Cambé",107341,36311.28,41011,"Londrina",4,"Sul",1,"410370",7,115,19,96,30,85,1,0,0,0,0,116,19,96,30,85,89,10.4998837157837,11.583765961879,0.359241864836556,29
"16999","PR","Cambira",7917,21998.93,41010,"Apucarana",4,"Sul",1,"410380",2,16,5,11,5,11,0,0,0,0,0,16,5,11,5,11,5,9.99874909479403,8.97676762517143,0.314735500652939,29
"17000","PR","Cambira",7917,21998.93,41010,"Apucarana",4,"Sul",1,"410380",3,17,3,14,6,11,0,0,0,0,0,17,3,14,6,11,5,9.99874909479403,8.97676762517143,0.380802648346588,31
"17001","PR","Cambira",7917,21998.93,41010,"Apucarana",4,"Sul",1,"410380",4,8,1,7,3,5,0,0,0,0,0,8,1,7,3,5,5,9.99874909479403,8.97676762517143,0.408250409701988,30
"17002","PR","Cambira",7917,21998.93,41010,"Apucarana",4,"Sul",1,"410380",5,7,2,5,3,4,0,0,0,0,0,7,2,5,3,4,3,9.99874909479403,8.97676762517143,0.403719361053288,31
"17003","PR","Cambira",7917,21998.93,41010,"Apucarana",4,"Sul",1,"410380",6,10,2,8,4,6,0,0,0,0,0,10,2,8,4,6,3,9.99874909479403,8.97676762517143,0.380709446831092,30
"17004","PR","Cambira",7917,21998.93,41010,"Apucarana",4,"Sul",1,"410380",7,12,3,9,4,8,0,0,0,0,0,12,3,9,4,8,4,9.99874909479403,8.97676762517143,0.367191990233063,29
"17005","PR","Campina da Lagoa",14043,28823.18,41004,"Goioerê",4,"Sul",0,"410390",2,31,5,26,11,20,0,0,0,0,0,31,5,26,11,20,6,10.2689352035081,9.54987932996818,0.305081701647719,29
"17006","PR","Campina da Lagoa",14043,28823.18,41004,"Goioerê",4,"Sul",0,"410390",3,21,3,18,7,14,0,0,0,0,0,21,3,18,7,14,12,10.2689352035081,9.54987932996818,0.37134631291952,31
"17007","PR","Campina da Lagoa",14043,28823.18,41004,"Goioerê",4,"Sul",0,"410390",4,25,4,21,15,10,0,0,0,0,0,25,4,21,15,10,10,10.2689352035081,9.54987932996818,0.414048635205031,30
"17008","PR","Campina da Lagoa",14043,28823.18,41004,"Goioerê",4,"Sul",0,"410390",5,14,0,14,7,7,0,0,0,0,0,14,0,14,7,7,10,10.2689352035081,9.54987932996818,0.375909250189268,31
"17009","PR","Campina da Lagoa",14043,28823.18,41004,"Goioerê",4,"Sul",0,"410390",6,21,8,13,9,12,1,0,0,0,0,22,8,13,9,12,14,10.2689352035081,9.54987932996818,0.377068619642219,30
"17010","PR","Campina da Lagoa",14043,28823.18,41004,"Goioerê",4,"Sul",0,"410390",7,18,9,9,9,9,0,0,0,0,0,18,9,9,9,9,4,10.2689352035081,9.54987932996818,0.380213395759687,29
"17011","PR","Campina Grande do Sul",43685,36518.02,41037,"Curitiba",4,"Sul",1,"410400",2,107,18,89,51,56,0,0,0,0,0,107,18,89,51,56,25,10.5055611163716,10.6847600727322,0.301360725859633,29
"17012","PR","Campina Grande do Sul",43685,36518.02,41037,"Curitiba",4,"Sul",1,"410400",3,103,19,84,46,57,0,0,0,0,0,103,19,84,46,57,20,10.5055611163716,10.6847600727322,0.389463922687543,31
"17013","PR","Campina Grande do Sul",43685,36518.02,41037,"Curitiba",4,"Sul",1,"410400",4,65,19,46,28,37,0,0,0,0,0,65,19,46,28,37,22,10.5055611163716,10.6847600727322,0.439440052823287,30
"17014","PR","Campina Grande do Sul",43685,36518.02,41037,"Curitiba",4,"Sul",1,"410400",5,52,7,45,20,32,1,0,0,0,0,53,7,45,20,32,29,10.5055611163716,10.6847600727322,0.394120975742969,31
"17015","PR","Campina Grande do Sul",43685,36518.02,41037,"Curitiba",4,"Sul",1,"410400",6,59,10,49,19,40,0,0,0,0,0,59,10,49,19,40,23,10.5055611163716,10.6847600727322,0.39226298096741,30
"17016","PR","Campina Grande do Sul",43685,36518.02,41037,"Curitiba",4,"Sul",1,"410400",7,53,14,39,23,30,0,0,0,0,0,53,14,39,23,30,26,10.5055611163716,10.6847600727322,0.391451648997419,29
"17017","PR","Campo Largo",133865,33304.69,41037,"Curitiba",4,"Sul",1,"410420",2,233,42,191,80,153,0,0,0,0,0,233,42,191,80,153,58,10.4134535068922,11.8045871084148,0.293410541973809,29
"17018","PR","Campo Largo",133865,33304.69,41037,"Curitiba",4,"Sul",1,"410420",3,177,42,135,76,101,0,0,0,0,0,177,42,135,76,101,49,10.4134535068922,11.8045871084148,0.395259306367623,31
"17019","PR","Campo Largo",133865,33304.69,41037,"Curitiba",4,"Sul",1,"410420",4,142,33,109,64,78,0,0,0,0,0,142,33,109,64,78,45,10.4134535068922,11.8045871084148,0.438806998759725,30
"17020","PR","Campo Largo",133865,33304.69,41037,"Curitiba",4,"Sul",1,"410420",5,138,23,115,51,87,0,0,0,0,0,138,23,115,51,87,47,10.4134535068922,11.8045871084148,0.39827381845283,31
"17021","PR","Campo Largo",133865,33304.69,41037,"Curitiba",4,"Sul",1,"410420",6,137,28,109,39,98,2,0,0,0,0,139,28,109,39,98,82,10.4134535068922,11.8045871084148,0.391665397070546,30
"17022","PR","Campo Largo",133865,33304.69,41037,"Curitiba",4,"Sul",1,"410420",7,128,18,110,47,81,1,0,0,0,0,129,18,110,47,81,96,10.4134535068922,11.8045871084148,0.39983672674683,29
"17023","PR","Campo Magro",29740,14644.71,41037,"Curitiba",4,"Sul",1,"410425",2,48,9,39,15,33,1,0,0,0,0,49,9,39,15,33,6,9.59183445708557,10.3002482200141,0.289830791695797,29
"17024","PR","Campo Magro",29740,14644.71,41037,"Curitiba",4,"Sul",1,"410425",3,47,7,40,19,28,0,0,0,0,0,47,7,40,19,28,12,9.59183445708557,10.3002482200141,0.380857327363839,31
"17025","PR","Campo Magro",29740,14644.71,41037,"Curitiba",4,"Sul",1,"410425",4,33,7,26,14,19,0,0,0,0,0,33,7,26,14,19,8,9.59183445708557,10.3002482200141,0.423091898258905,30
"17026","PR","Campo Magro",29740,14644.71,41037,"Curitiba",4,"Sul",1,"410425",5,33,13,20,15,18,0,0,0,0,0,33,13,20,15,18,15,9.59183445708557,10.3002482200141,0.378957414477354,31
"17027","PR","Campo Magro",29740,14644.71,41037,"Curitiba",4,"Sul",1,"410425",6,28,6,22,13,15,0,0,0,0,0,28,6,22,13,15,13,9.59183445708557,10.3002482200141,0.37735444834189,30
"17028","PR","Campo Magro",29740,14644.71,41037,"Curitiba",4,"Sul",1,"410425",7,34,9,25,15,19,0,0,0,0,0,34,9,25,15,19,23,9.59183445708557,10.3002482200141,0.381857118876817,29
"17029","PR","Campo Mourão",95488,41536.16,41005,"Campo Mourão",4,"Sul",1,"410430",2,180,35,145,57,123,2,0,0,0,0,182,35,145,57,123,48,10.6343196521365,11.4667558641234,0.313569661759683,29
"17030","PR","Campo Mourão",95488,41536.16,41005,"Campo Mourão",4,"Sul",1,"410430",3,153,23,130,42,111,1,0,0,0,0,154,23,130,42,111,52,10.6343196521365,11.4667558641234,0.418065789163676,31
"17031","PR","Campo Mourão",95488,41536.16,41005,"Campo Mourão",4,"Sul",1,"410430",4,111,22,89,41,70,1,0,0,0,0,112,22,89,41,70,63,10.6343196521365,11.4667558641234,0.481663510739836,30
"17032","PR","Campo Mourão",95488,41536.16,41005,"Campo Mourão",4,"Sul",1,"410430",5,120,16,104,52,68,1,0,0,0,0,121,16,104,52,68,58,10.6343196521365,11.4667558641234,0.408637387150633,31
"17033","PR","Campo Mourão",95488,41536.16,41005,"Campo Mourão",4,"Sul",1,"410430",6,119,15,104,32,87,0,0,0,0,0,119,15,104,32,87,57,10.6343196521365,11.4667558641234,0.386632121044294,30
"17034","PR","Campo Mourão",95488,41536.16,41005,"Campo Mourão",4,"Sul",1,"410430",7,123,17,106,48,75,1,0,0,0,0,124,17,106,48,75,78,10.6343196521365,11.4667558641234,0.386879677616175,29
"17035","PR","Cândido de Abreu",14809,20862.25,41013,"Ivaiporã",4,"Sul",0,"410440",2,18,2,16,8,10,0,0,0,0,0,18,2,16,8,10,11,9.9456965846748,9.6029903830375,0.332410131390628,29
"17036","PR","Cândido de Abreu",14809,20862.25,41013,"Ivaiporã",4,"Sul",0,"410440",3,24,8,16,12,12,0,0,0,0,0,24,8,16,12,12,5,9.9456965846748,9.6029903830375,0.415519452261051,31
"17037","PR","Cândido de Abreu",14809,20862.25,41013,"Ivaiporã",4,"Sul",0,"410440",4,17,6,11,9,8,0,0,0,0,0,17,6,11,9,8,11,9.9456965846748,9.6029903830375,0.454706817524967,30
"17038","PR","Cândido de Abreu",14809,20862.25,41013,"Ivaiporã",4,"Sul",0,"410440",5,16,5,11,6,10,1,0,0,0,0,17,5,11,6,10,8,9.9456965846748,9.6029903830375,0.422851742025268,31
"17039","PR","Cândido de Abreu",14809,20862.25,41013,"Ivaiporã",4,"Sul",0,"410440",6,20,6,14,8,12,0,0,0,0,0,20,6,14,8,12,8,9.9456965846748,9.6029903830375,0.408763589904412,30
"17040","PR","Cândido de Abreu",14809,20862.25,41013,"Ivaiporã",4,"Sul",0,"410440",7,16,2,14,9,7,0,0,0,0,0,16,2,14,9,7,9,9.9456965846748,9.6029903830375,0.40825167894431,29
"17041","PR","Candói",16053,32013.04,41029,"Guarapuava",4,"Sul",0,"410442",2,33,15,18,10,23,1,0,0,0,0,34,15,18,10,23,5,10.3738985987763,9.68365102697941,0.320102928086003,29
"17042","PR","Candói",16053,32013.04,41029,"Guarapuava",4,"Sul",0,"410442",3,23,9,14,10,13,0,0,0,0,0,23,9,14,10,13,3,10.3738985987763,9.68365102697941,0.419296886322925,31
"17043","PR","Candói",16053,32013.04,41029,"Guarapuava",4,"Sul",0,"410442",4,28,10,18,15,13,0,0,0,0,0,28,10,18,15,13,9,10.3738985987763,9.68365102697941,0.400929251211355,30
"17044","PR","Candói",16053,32013.04,41029,"Guarapuava",4,"Sul",0,"410442",5,24,7,17,8,16,0,0,0,0,0,24,7,17,8,16,7,10.3738985987763,9.68365102697941,0.431494402070749,31
"17045","PR","Candói",16053,32013.04,41029,"Guarapuava",4,"Sul",0,"410442",6,18,4,14,9,9,1,0,0,0,0,19,4,14,9,9,7,10.3738985987763,9.68365102697941,0.443791342575032,30
"17046","PR","Candói",16053,32013.04,41029,"Guarapuava",4,"Sul",0,"410442",7,19,6,13,11,8,0,0,0,0,0,19,6,13,11,8,9,10.3738985987763,9.68365102697941,0.462270808735767,29
"17047","PR","Cantagalo",13329,19378.91,41029,"Guarapuava",4,"Sul",0,"410445",2,20,9,11,12,8,0,0,0,0,0,20,9,11,12,8,3,9.87194064031298,9.49769739160402,0.318773600642107,29
"17048","PR","Cantagalo",13329,19378.91,41029,"Guarapuava",4,"Sul",0,"410445",3,36,15,21,14,22,0,0,0,0,0,36,15,21,14,22,7,9.87194064031298,9.49769739160402,0.382189198922455,31
"17049","PR","Cantagalo",13329,19378.91,41029,"Guarapuava",4,"Sul",0,"410445",4,16,5,11,7,9,0,0,0,0,0,16,5,11,7,9,8,9.87194064031298,9.49769739160402,0.419259925118685,30
"17050","PR","Cantagalo",13329,19378.91,41029,"Guarapuava",4,"Sul",0,"410445",5,22,3,19,8,14,0,0,0,0,0,22,3,19,8,14,9,9.87194064031298,9.49769739160402,0.376181295646591,31
"17051","PR","Cantagalo",13329,19378.91,41029,"Guarapuava",4,"Sul",0,"410445",6,26,12,14,13,13,0,0,0,0,0,26,12,14,13,13,8,9.87194064031298,9.49769739160402,0.382869550972133,30
"17052","PR","Cantagalo",13329,19378.91,41029,"Guarapuava",4,"Sul",0,"410445",7,14,8,6,7,7,0,0,0,0,0,14,8,6,7,7,8,9.87194064031298,9.49769739160402,0.356943589388697,29
"17053","PR","Capanema",19148,32437.22,41025,"Capanema",4,"Sul",0,"410450",2,38,7,31,11,27,0,0,0,0,0,38,7,31,11,27,14,10.3870618078864,9.8599535505124,0.300820936769349,29
"17054","PR","Capanema",19148,32437.22,41025,"Capanema",4,"Sul",0,"410450",3,40,9,31,13,27,0,0,0,0,0,40,9,31,13,27,9,10.3870618078864,9.8599535505124,0.389973102338145,31
"17055","PR","Capanema",19148,32437.22,41025,"Capanema",4,"Sul",0,"410450",4,22,7,15,7,15,0,0,0,0,0,22,7,15,7,15,13,10.3870618078864,9.8599535505124,0.37342039339416,30
"17056","PR","Capanema",19148,32437.22,41025,"Capanema",4,"Sul",0,"410450",5,12,2,10,5,7,0,0,0,0,0,12,2,10,5,7,12,10.3870618078864,9.8599535505124,0.398956380196987,31
"17057","PR","Capanema",19148,32437.22,41025,"Capanema",4,"Sul",0,"410450",6,22,3,19,11,11,0,0,0,0,0,22,3,19,11,11,9,10.3870618078864,9.8599535505124,0.374005894422338,30
"17058","PR","Capanema",19148,32437.22,41025,"Capanema",4,"Sul",0,"410450",7,19,2,17,7,12,0,0,0,0,0,19,2,17,7,12,15,10.3870618078864,9.8599535505124,0.370007340044329,29
"17059","PR","Capitão Leônidas Marques",15834,74160.76,41023,"Cascavel",4,"Sul",0,"410460",2,21,5,16,11,10,1,0,0,0,0,22,5,16,11,10,6,11.2139904482994,9.66991480573138,0.32735889260499,29
"17060","PR","Capitão Leônidas Marques",15834,74160.76,41023,"Cascavel",4,"Sul",0,"410460",3,41,6,35,17,24,0,0,0,0,0,41,6,35,17,24,9,11.2139904482994,9.66991480573138,0.418342953098221,31
"17061","PR","Capitão Leônidas Marques",15834,74160.76,41023,"Cascavel",4,"Sul",0,"410460",4,19,2,17,7,12,0,0,0,0,0,19,2,17,7,12,8,11.2139904482994,9.66991480573138,0.449850653842234,30
"17062","PR","Capitão Leônidas Marques",15834,74160.76,41023,"Cascavel",4,"Sul",0,"410460",5,12,0,12,5,7,1,0,0,0,0,13,0,12,5,7,10,11.2139904482994,9.66991480573138,0.416913937589924,31
"17063","PR","Capitão Leônidas Marques",15834,74160.76,41023,"Cascavel",4,"Sul",0,"410460",6,17,2,15,6,11,0,0,0,0,0,17,2,15,6,11,12,11.2139904482994,9.66991480573138,0.409158014721596,30
"17064","PR","Capitão Leônidas Marques",15834,74160.76,41023,"Cascavel",4,"Sul",0,"410460",7,18,7,11,6,12,0,0,0,0,0,18,7,11,6,12,9,11.2139904482994,9.66991480573138,0.400788127967032,29
"17065","PR","Carambeí",23825,56774.32,41021,"Ponta Grossa",4,"Sul",1,"410465",2,54,17,37,20,34,0,0,0,0,0,54,17,37,20,34,11,10.9468393897994,10.0784907285224,0.32523733563618,29
"17066","PR","Carambeí",23825,56774.32,41021,"Ponta Grossa",4,"Sul",1,"410465",3,46,11,35,21,25,1,0,0,0,0,47,11,35,21,25,5,10.9468393897994,10.0784907285224,0.403561017847191,31
"17067","PR","Carambeí",23825,56774.32,41021,"Ponta Grossa",4,"Sul",1,"410465",4,34,8,26,16,18,0,0,0,0,0,34,8,26,16,18,7,10.9468393897994,10.0784907285224,0.429700696100918,30
"17068","PR","Carambeí",23825,56774.32,41021,"Ponta Grossa",4,"Sul",1,"410465",5,30,7,23,12,18,0,0,0,0,0,30,7,23,12,18,7,10.9468393897994,10.0784907285224,0.405470008609417,31
"17069","PR","Carambeí",23825,56774.32,41021,"Ponta Grossa",4,"Sul",1,"410465",6,28,10,18,14,14,1,0,0,0,0,29,10,18,14,14,13,10.9468393897994,10.0784907285224,0.411976287508867,30
"17070","PR","Carambeí",23825,56774.32,41021,"Ponta Grossa",4,"Sul",1,"410465",7,27,7,20,5,22,0,0,0,0,0,27,7,20,5,22,5,10.9468393897994,10.0784907285224,0.40399814570149,29
"17071","PR","Carlópolis",14356,23990.73,41018,"Wenceslau Braz",4,"Sul",0,"410470",2,25,6,19,7,18,0,0,0,0,0,25,6,19,7,18,13,10.0854227847163,9.5719232522675,0.33274654517556,29
"17072","PR","Carlópolis",14356,23990.73,41018,"Wenceslau Braz",4,"Sul",0,"410470",3,16,3,13,10,6,0,0,0,0,0,16,3,13,10,6,12,10.0854227847163,9.5719232522675,0.386469948142957,31
"17073","PR","Carlópolis",14356,23990.73,41018,"Wenceslau Braz",4,"Sul",0,"410470",4,20,5,15,10,10,0,0,0,0,0,20,5,15,10,10,10,10.0854227847163,9.5719232522675,0.425617681922912,30
"17074","PR","Carlópolis",14356,23990.73,41018,"Wenceslau Braz",4,"Sul",0,"410470",5,16,5,11,11,5,1,0,0,0,0,17,5,11,11,5,9,10.0854227847163,9.5719232522675,0.401792406600382,31
"17075","PR","Carlópolis",14356,23990.73,41018,"Wenceslau Braz",4,"Sul",0,"410470",6,17,5,12,3,14,0,0,0,0,0,17,5,12,3,14,12,10.0854227847163,9.5719232522675,0.393106769492812,30
"17076","PR","Carlópolis",14356,23990.73,41018,"Wenceslau Braz",4,"Sul",0,"410470",7,22,6,16,13,9,0,0,0,0,0,22,6,16,13,9,11,10.0854227847163,9.5719232522675,0.383966226420737,29
"17077","PR","Cascavel",332333,37733.02,41023,"Cascavel",4,"Sul",1,"410480",2,730,120,610,233,497,5,0,0,0,0,735,120,610,233,497,125,10.5382908521617,12.7138927572663,0.299215036126984,29
"17078","PR","Cascavel",332333,37733.02,41023,"Cascavel",4,"Sul",1,"410480",3,775,120,655,239,536,0,0,0,0,0,775,120,655,239,536,142,10.5382908521617,12.7138927572663,0.405867317751987,31
"17079","PR","Cascavel",332333,37733.02,41023,"Cascavel",4,"Sul",1,"410480",4,473,95,378,161,312,5,0,0,0,0,478,95,378,161,312,161,10.5382908521617,12.7138927572663,0.445661301227484,30
"17080","PR","Cascavel",332333,37733.02,41023,"Cascavel",4,"Sul",1,"410480",5,475,77,398,168,307,6,0,0,0,0,481,77,398,168,307,138,10.5382908521617,12.7138927572663,0.396962414479633,31
"17081","PR","Cascavel",332333,37733.02,41023,"Cascavel",4,"Sul",1,"410480",6,427,75,352,153,274,1,0,0,0,0,428,75,352,153,274,197,10.5382908521617,12.7138927572663,0.394594293787857,30
"17082","PR","Cascavel",332333,37733.02,41023,"Cascavel",4,"Sul",1,"410480",7,449,74,375,154,295,5,0,0,0,0,454,74,375,154,295,208,10.5382908521617,12.7138927572663,0.385703515045521,29
"17083","PR","Castro",71809,39629.73,41021,"Ponta Grossa",4,"Sul",1,"410490",2,169,51,118,71,98,2,0,0,0,0,171,51,118,71,98,21,10.5873348731408,11.1817650953703,0.298766536503684,29
"17084","PR","Castro",71809,39629.73,41021,"Ponta Grossa",4,"Sul",1,"410490",3,139,33,106,62,77,0,0,0,0,0,139,33,106,62,77,44,10.5873348731408,11.1817650953703,0.384165434041676,31
"17085","PR","Castro",71809,39629.73,41021,"Ponta Grossa",4,"Sul",1,"410490",4,85,24,61,37,48,0,0,0,0,0,85,24,61,37,48,32,10.5873348731408,11.1817650953703,0.419735051109778,30
"17086","PR","Castro",71809,39629.73,41021,"Ponta Grossa",4,"Sul",1,"410490",5,92,31,61,30,62,1,0,0,0,0,93,31,61,30,62,36,10.5873348731408,11.1817650953703,0.386468719437979,31
"17087","PR","Castro",71809,39629.73,41021,"Ponta Grossa",4,"Sul",1,"410490",6,99,33,66,42,57,1,0,0,0,0,100,33,66,42,57,35,10.5873348731408,11.1817650953703,0.391931320658814,30
"17088","PR","Castro",71809,39629.73,41021,"Ponta Grossa",4,"Sul",1,"410490",7,102,26,76,44,58,0,0,0,0,0,102,26,76,44,58,37,10.5873348731408,11.1817650953703,0.389387499672063,29
"17089","PR","Catanduvas",10167,26803.32,41023,"Cascavel",4,"Sul",0,"410500",2,17,2,15,11,6,0,0,0,0,0,17,2,15,11,6,5,10.1962810394234,9.22690246027516,0.324922010389126,29
"17090","PR","Catanduvas",10167,26803.32,41023,"Cascavel",4,"Sul",0,"410500",3,26,8,18,10,16,0,0,0,0,0,26,8,18,10,16,4,10.1962810394234,9.22690246027516,0.378311077863619,31
"17091","PR","Catanduvas",10167,26803.32,41023,"Cascavel",4,"Sul",0,"410500",4,7,2,5,1,6,0,0,0,0,0,7,2,5,1,6,2,10.1962810394234,9.22690246027516,0.389604124045361,30
"17092","PR","Catanduvas",10167,26803.32,41023,"Cascavel",4,"Sul",0,"410500",5,8,2,6,1,7,0,0,0,0,0,8,2,6,1,7,6,10.1962810394234,9.22690246027516,0.365085318941763,31
"17093","PR","Catanduvas",10167,26803.32,41023,"Cascavel",4,"Sul",0,"410500",6,11,0,11,6,5,0,0,0,0,0,11,0,11,6,5,5,10.1962810394234,9.22690246027516,0.356626918121675,30
"17094","PR","Catanduvas",10167,26803.32,41023,"Cascavel",4,"Sul",0,"410500",7,15,3,12,9,6,0,0,0,0,0,15,3,12,9,6,2,10.1962810394234,9.22690246027516,0.365843494443771,29
"17095","PR","Centenário do Sul",10764,20943.44,41006,"Astorga",4,"Sul",0,"410510",2,14,2,12,2,12,0,0,0,0,0,14,2,12,2,12,16,9.9495807498243,9.2839625118468,0.298683288899144,29
"17096","PR","Centenário do Sul",10764,20943.44,41006,"Astorga",4,"Sul",0,"410510",3,12,6,6,2,10,0,0,0,0,0,12,6,6,2,10,6,9.9495807498243,9.2839625118468,0.388717624565944,31
"17097","PR","Centenário do Sul",10764,20943.44,41006,"Astorga",4,"Sul",0,"410510",4,6,4,2,4,2,0,0,0,0,0,6,4,2,4,2,6,9.9495807498243,9.2839625118468,0.408359943765295,30
"17098","PR","Centenário do Sul",10764,20943.44,41006,"Astorga",4,"Sul",0,"410510",5,11,4,7,3,8,0,0,0,0,0,11,4,7,3,8,8,9.9495807498243,9.2839625118468,0.363544909890553,31
"17099","PR","Centenário do Sul",10764,20943.44,41006,"Astorga",4,"Sul",0,"410510",6,12,4,8,4,8,0,0,0,0,0,12,4,8,4,8,2,9.9495807498243,9.2839625118468,0.363355677295327,30
"17100","PR","Centenário do Sul",10764,20943.44,41006,"Astorga",4,"Sul",0,"410510",7,4,1,3,2,2,0,0,0,0,0,4,1,3,2,2,5,9.9495807498243,9.2839625118468,0.372933968645107,29
"17101","PR","Céu Azul",11819,54748.1,41024,"Foz do Iguaçu",4,"Sul",0,"410530",2,21,3,18,8,13,0,0,0,0,0,21,3,18,8,13,9,10.9104979438802,9.37746368501224,0.290837652483681,29
"17102","PR","Céu Azul",11819,54748.1,41024,"Foz do Iguaçu",4,"Sul",0,"410530",3,21,2,19,6,15,0,0,0,0,0,21,2,19,6,15,0,10.9104979438802,9.37746368501224,0.420651471330058,31
"17103","PR","Céu Azul",11819,54748.1,41024,"Foz do Iguaçu",4,"Sul",0,"410530",4,11,3,8,2,9,0,0,0,0,0,11,3,8,2,9,2,10.9104979438802,9.37746368501224,0.441793295105773,30
"17104","PR","Céu Azul",11819,54748.1,41024,"Foz do Iguaçu",4,"Sul",0,"410530",5,11,3,8,2,9,0,0,0,0,0,11,3,8,2,9,10,10.9104979438802,9.37746368501224,0.428519071131827,31
"17105","PR","Céu Azul",11819,54748.1,41024,"Foz do Iguaçu",4,"Sul",0,"410530",6,12,1,11,3,9,1,0,0,0,0,13,1,11,3,9,12,10.9104979438802,9.37746368501224,0.413831997777675,30
"17106","PR","Céu Azul",11819,54748.1,41024,"Foz do Iguaçu",4,"Sul",0,"410530",7,9,0,9,2,7,1,0,0,0,0,10,0,9,2,7,9,10.9104979438802,9.37746368501224,0.4302745076957,29
"17107","PR","Chopinzinho",19167,34096.42,41027,"Pato Branco",4,"Sul",0,"410540",2,48,9,39,18,30,0,0,0,0,0,48,9,39,18,30,13,10.436947672423,9.86094532927045,0.281509023950129,29
"17108","PR","Chopinzinho",19167,34096.42,41027,"Pato Branco",4,"Sul",0,"410540",3,43,12,31,17,26,0,0,0,0,0,43,12,31,17,26,12,10.436947672423,9.86094532927045,0.355075718457854,31
"17109","PR","Chopinzinho",19167,34096.42,41027,"Pato Branco",4,"Sul",0,"410540",4,23,4,19,7,16,0,0,0,0,0,23,4,19,7,16,14,10.436947672423,9.86094532927045,0.371666042483245,30
"17110","PR","Chopinzinho",19167,34096.42,41027,"Pato Branco",4,"Sul",0,"410540",5,28,8,20,16,12,1,0,0,0,0,29,8,20,16,12,12,10.436947672423,9.86094532927045,0.360116787785778,31
"17111","PR","Chopinzinho",19167,34096.42,41027,"Pato Branco",4,"Sul",0,"410540",6,35,6,29,15,20,0,0,0,0,0,35,6,29,15,20,15,10.436947672423,9.86094532927045,0.363740978718634,30
"17112","PR","Chopinzinho",19167,34096.42,41027,"Pato Branco",4,"Sul",0,"410540",7,24,5,19,8,16,1,0,0,0,0,25,5,19,8,16,11,10.436947672423,9.86094532927045,0.360995518814045,29
"17113","PR","Cianorte",83816,32662.63,41003,"Cianorte",4,"Sul",1,"410550",2,122,31,91,35,87,1,0,0,0,0,123,31,91,35,87,52,10.3939868899205,11.3363791990328,0.301302106379464,29
"17114","PR","Cianorte",83816,32662.63,41003,"Cianorte",4,"Sul",1,"410550",3,158,30,128,55,103,0,0,0,0,0,158,30,128,55,103,52,10.3939868899205,11.3363791990328,0.408868238221628,31
"17115","PR","Cianorte",83816,32662.63,41003,"Cianorte",4,"Sul",1,"410550",4,104,23,81,32,72,0,0,0,0,0,104,23,81,32,72,37,10.3939868899205,11.3363791990328,0.427959648546199,30
"17116","PR","Cianorte",83816,32662.63,41003,"Cianorte",4,"Sul",1,"410550",5,89,18,71,23,66,0,0,0,0,0,89,18,71,23,66,40,10.3939868899205,11.3363791990328,0.391897644426002,31
"17117","PR","Cianorte",83816,32662.63,41003,"Cianorte",4,"Sul",1,"410550",6,101,22,79,30,71,1,0,0,0,0,102,22,79,30,71,45,10.3939868899205,11.3363791990328,0.377744368423856,30
"17118","PR","Cianorte",83816,32662.63,41003,"Cianorte",4,"Sul",1,"410550",7,110,24,86,32,78,3,0,0,0,0,113,24,86,32,78,45,10.3939868899205,11.3363791990328,0.370924249734062,29
"17119","PR","Cidade Gaúcha",12797,33163.57,41003,"Cianorte",4,"Sul",0,"410560",2,22,9,13,8,14,0,0,0,0,0,22,9,13,8,14,6,10.4092072632854,9.4569660474376,0.302664583232137,29
"17120","PR","Cidade Gaúcha",12797,33163.57,41003,"Cianorte",4,"Sul",0,"410560",3,21,5,16,11,10,0,0,0,0,0,21,5,16,11,10,6,10.4092072632854,9.4569660474376,0.393512667620828,31
"17121","PR","Cidade Gaúcha",12797,33163.57,41003,"Cianorte",4,"Sul",0,"410560",4,23,7,16,6,17,0,0,0,0,0,23,7,16,6,17,10,10.4092072632854,9.4569660474376,0.389167197664391,30
"17122","PR","Cidade Gaúcha",12797,33163.57,41003,"Cianorte",4,"Sul",0,"410560",5,16,4,12,5,11,0,0,0,0,0,16,4,12,5,11,12,10.4092072632854,9.4569660474376,0.385733541913859,31
"17123","PR","Cidade Gaúcha",12797,33163.57,41003,"Cianorte",4,"Sul",0,"410560",6,12,1,11,5,7,0,0,0,0,0,12,1,11,5,7,10,10.4092072632854,9.4569660474376,0.365437515630603,30
"17124","PR","Cidade Gaúcha",12797,33163.57,41003,"Cianorte",4,"Sul",0,"410560",7,15,4,11,5,10,0,0,0,0,0,15,4,11,5,10,8,10.4092072632854,9.4569660474376,0.398456312841009,29
"17125","PR","Clevelândia",16450,27935.92,41030,"Palmas",4,"Sul",1,"410570",2,37,12,25,15,22,0,0,0,0,0,37,12,25,15,22,12,10.2376685949468,9.70808075619352,0.344718401465066,29
"17126","PR","Clevelândia",16450,27935.92,41030,"Palmas",4,"Sul",1,"410570",3,35,11,24,16,19,0,0,0,0,0,35,11,24,16,19,12,10.2376685949468,9.70808075619352,0.402786946369987,31
"17127","PR","Clevelândia",16450,27935.92,41030,"Palmas",4,"Sul",1,"410570",4,24,8,16,7,17,0,0,0,0,0,24,8,16,7,17,7,10.2376685949468,9.70808075619352,0.427729844475259,30
"17128","PR","Clevelândia",16450,27935.92,41030,"Palmas",4,"Sul",1,"410570",5,25,8,17,10,15,0,0,0,0,0,25,8,17,10,15,10,10.2376685949468,9.70808075619352,0.417146878393707,31
"17129","PR","Clevelândia",16450,27935.92,41030,"Palmas",4,"Sul",1,"410570",6,23,4,19,13,10,0,0,0,0,0,23,4,19,13,10,22,10.2376685949468,9.70808075619352,0.419704592405825,30
"17130","PR","Clevelândia",16450,27935.92,41030,"Palmas",4,"Sul",1,"410570",7,26,10,16,12,14,1,0,0,0,0,27,10,16,12,14,13,10.2376685949468,9.70808075619352,0.420842424854007,29
"17131","PR","Colombo",246540,21682.44,41037,"Curitiba",4,"Sul",1,"410580",2,463,104,359,180,283,1,0,0,0,0,464,104,359,180,283,86,9.9842579953462,12.4152795311055,0.299683761106538,29
"17132","PR","Colombo",246540,21682.44,41037,"Curitiba",4,"Sul",1,"410580",3,410,122,288,164,246,5,0,0,0,0,415,122,288,164,246,105,9.9842579953462,12.4152795311055,0.394013470062824,31
"17133","PR","Colombo",246540,21682.44,41037,"Curitiba",4,"Sul",1,"410580",4,276,87,189,114,162,2,0,0,0,0,278,87,189,114,162,112,9.9842579953462,12.4152795311055,0.44182090646929,30
"17134","PR","Colombo",246540,21682.44,41037,"Curitiba",4,"Sul",1,"410580",5,279,88,191,117,162,4,0,0,0,0,283,88,191,117,162,89,9.9842579953462,12.4152795311055,0.396169668108594,31
"17135","PR","Colombo",246540,21682.44,41037,"Curitiba",4,"Sul",1,"410580",6,246,65,181,74,172,5,0,0,0,0,251,65,181,74,172,156,9.9842579953462,12.4152795311055,0.3904545872253,30
"17136","PR","Colombo",246540,21682.44,41037,"Curitiba",4,"Sul",1,"410580",7,257,78,179,108,149,1,0,0,0,0,258,78,179,108,149,175,9.9842579953462,12.4152795311055,0.400792133784063,29
"17137","PR","Colorado",24145,25897.41,41006,"Astorga",4,"Sul",1,"410590",2,35,7,28,8,27,0,0,0,0,0,35,7,28,8,27,16,10.1618982426873,10.0918325983076,0.309675664019021,29
"17138","PR","Colorado",24145,25897.41,41006,"Astorga",4,"Sul",1,"410590",3,48,11,37,26,22,0,0,0,0,0,48,11,37,26,22,15,10.1618982426873,10.0918325983076,0.399607677315098,31
"17139","PR","Colorado",24145,25897.41,41006,"Astorga",4,"Sul",1,"410590",4,24,4,20,5,19,0,0,0,0,0,24,4,20,5,19,11,10.1618982426873,10.0918325983076,0.435491850597896,30
"17140","PR","Colorado",24145,25897.41,41006,"Astorga",4,"Sul",1,"410590",5,24,5,19,7,17,0,0,0,0,0,24,5,19,7,17,21,10.1618982426873,10.0918325983076,0.380496252048634,31
"17141","PR","Colorado",24145,25897.41,41006,"Astorga",4,"Sul",1,"410590",6,31,9,22,8,23,0,0,0,0,0,31,9,22,8,23,15,10.1618982426873,10.0918325983076,0.373505135123494,30
"17142","PR","Colorado",24145,25897.41,41006,"Astorga",4,"Sul",1,"410590",7,25,7,18,11,14,0,0,0,0,0,25,7,18,11,14,13,10.1618982426873,10.0918325983076,0.38289503970771,29
"17143","PR","Congonhinhas",8857,23435.05,41015,"Cornélio Procópio",4,"Sul",0,"410600",2,9,1,8,4,5,0,0,0,0,0,9,1,8,4,5,5,10.0619880439154,9.08896338580958,0.330967138424068,29
"17144","PR","Congonhinhas",8857,23435.05,41015,"Cornélio Procópio",4,"Sul",0,"410600",3,10,4,6,3,7,0,0,0,0,0,10,4,6,3,7,7,10.0619880439154,9.08896338580958,0.406419420440712,31
"17145","PR","Congonhinhas",8857,23435.05,41015,"Cornélio Procópio",4,"Sul",0,"410600",4,7,4,3,3,4,0,0,0,0,0,7,4,3,3,4,7,10.0619880439154,9.08896338580958,0.411880604499125,30
"17146","PR","Congonhinhas",8857,23435.05,41015,"Cornélio Procópio",4,"Sul",0,"410600",5,8,1,7,4,4,0,0,0,0,0,8,1,7,4,4,3,10.0619880439154,9.08896338580958,0.42343608528114,31
"17147","PR","Congonhinhas",8857,23435.05,41015,"Cornélio Procópio",4,"Sul",0,"410600",6,5,2,3,3,2,1,0,0,0,0,6,2,3,3,2,7,10.0619880439154,9.08896338580958,0.381574179847709,30
"17148","PR","Congonhinhas",8857,23435.05,41015,"Cornélio Procópio",4,"Sul",0,"410600",7,8,4,4,4,4,0,0,0,0,0,8,4,4,4,4,4,10.0619880439154,9.08896338580958,0.36143702920866,29
"17149","PR","Contenda",18837,21847.83,41037,"Curitiba",4,"Sul",1,"410620",2,35,13,22,12,23,0,0,0,0,0,35,13,22,12,23,6,9.99185688209068,9.84357829978222,0.297701333737386,29
"17150","PR","Contenda",18837,21847.83,41037,"Curitiba",4,"Sul",1,"410620",3,34,13,21,16,18,0,0,0,0,0,34,13,21,16,18,8,9.99185688209068,9.84357829978222,0.394147573680094,31
"17151","PR","Contenda",18837,21847.83,41037,"Curitiba",4,"Sul",1,"410620",4,27,8,19,12,15,0,0,0,0,0,27,8,19,12,15,10,9.99185688209068,9.84357829978222,0.428190006876766,30
"17152","PR","Contenda",18837,21847.83,41037,"Curitiba",4,"Sul",1,"410620",5,20,6,14,3,17,0,0,0,0,0,20,6,14,3,17,13,9.99185688209068,9.84357829978222,0.416806001727393,31
"17153","PR","Contenda",18837,21847.83,41037,"Curitiba",4,"Sul",1,"410620",6,17,4,13,8,9,0,0,0,0,0,17,4,13,8,9,11,9.99185688209068,9.84357829978222,0.406366665843254,30
"17154","PR","Contenda",18837,21847.83,41037,"Curitiba",4,"Sul",1,"410620",7,16,6,10,3,13,0,0,0,0,0,16,6,10,3,13,12,9.99185688209068,9.84357829978222,0.410502006998566,29
"17155","PR","Corbélia",17117,35813.38,41023,"Cascavel",4,"Sul",0,"410630",2,28,3,25,11,17,0,0,0,0,0,28,3,25,11,17,8,10.486076845581,9.74782740069566,0.28879228028951,29
"17156","PR","Corbélia",17117,35813.38,41023,"Cascavel",4,"Sul",0,"410630",3,31,7,24,13,18,0,0,0,0,0,31,7,24,13,18,19,10.486076845581,9.74782740069566,0.379009979218993,31
"17157","PR","Corbélia",17117,35813.38,41023,"Cascavel",4,"Sul",0,"410630",4,25,4,21,11,14,0,0,0,0,0,25,4,21,11,14,13,10.486076845581,9.74782740069566,0.399591126283338,30
"17158","PR","Corbélia",17117,35813.38,41023,"Cascavel",4,"Sul",0,"410630",5,23,2,21,2,21,0,0,0,0,0,23,2,21,2,21,10,10.486076845581,9.74782740069566,0.361491185827079,31
"17159","PR","Corbélia",17117,35813.38,41023,"Cascavel",4,"Sul",0,"410630",6,22,4,18,11,11,0,0,0,0,0,22,4,18,11,11,13,10.486076845581,9.74782740069566,0.365121855300396,30
"17160","PR","Corbélia",17117,35813.38,41023,"Cascavel",4,"Sul",0,"410630",7,21,1,20,7,14,0,0,0,0,0,21,1,20,7,14,10,10.486076845581,9.74782740069566,0.374093570151811,29
"17161","PR","Cornélio Procópio",47842,32330.82,41015,"Cornélio Procópio",4,"Sul",1,"410640",2,35,4,31,12,23,1,0,0,0,0,36,4,31,12,23,27,10.3837762338374,10.7756591937707,0.293327817655161,29
"17162","PR","Cornélio Procópio",47842,32330.82,41015,"Cornélio Procópio",4,"Sul",1,"410640",3,45,5,40,14,31,0,0,0,0,0,45,5,40,14,31,33,10.3837762338374,10.7756591937707,0.403833877451634,31
"17163","PR","Cornélio Procópio",47842,32330.82,41015,"Cornélio Procópio",4,"Sul",1,"410640",4,24,4,20,8,16,0,0,0,0,0,24,4,20,8,16,45,10.3837762338374,10.7756591937707,0.447936961405493,30
"17164","PR","Cornélio Procópio",47842,32330.82,41015,"Cornélio Procópio",4,"Sul",1,"410640",5,38,3,35,16,22,0,0,0,0,0,38,3,35,16,22,35,10.3837762338374,10.7756591937707,0.408462388041598,31
"17165","PR","Cornélio Procópio",47842,32330.82,41015,"Cornélio Procópio",4,"Sul",1,"410640",6,32,4,28,11,21,0,0,0,0,0,32,4,28,11,21,35,10.3837762338374,10.7756591937707,0.388265101074905,30
"17166","PR","Cornélio Procópio",47842,32330.82,41015,"Cornélio Procópio",4,"Sul",1,"410640",7,36,4,32,11,25,0,0,0,0,0,36,4,32,11,25,20,10.3837762338374,10.7756591937707,0.368402191260963,29
"17167","PR","Coronel Vivida",20580,32847.6,41027,"Pato Branco",4,"Sul",0,"410650",2,50,6,44,17,33,0,0,0,0,0,50,6,44,17,33,8,10.3996339618831,9.93207500938804,0.318098950477852,29
"17168","PR","Coronel Vivida",20580,32847.6,41027,"Pato Branco",4,"Sul",0,"410650",3,49,13,36,16,33,0,0,0,0,0,49,13,36,16,33,18,10.3996339618831,9.93207500938804,0.410428077189251,31
"17169","PR","Coronel Vivida",20580,32847.6,41027,"Pato Branco",4,"Sul",0,"410650",4,22,5,17,10,12,0,0,0,0,0,22,5,17,10,12,16,10.3996339618831,9.93207500938804,0.4152747219123,30
"17170","PR","Coronel Vivida",20580,32847.6,41027,"Pato Branco",4,"Sul",0,"410650",5,34,11,23,13,21,0,0,0,0,0,34,11,23,13,21,14,10.3996339618831,9.93207500938804,0.410525287990842,31
"17171","PR","Coronel Vivida",20580,32847.6,41027,"Pato Branco",4,"Sul",0,"410650",6,32,5,27,11,21,0,0,0,0,0,32,5,27,11,21,12,10.3996339618831,9.93207500938804,0.410022884518969,30
"17172","PR","Coronel Vivida",20580,32847.6,41027,"Pato Branco",4,"Sul",0,"410650",7,22,7,15,10,12,0,0,0,0,0,22,7,15,10,12,15,10.3996339618831,9.93207500938804,0.393700847253431,29
"17173","PR","Cruzeiro do Oeste",20947,39631.52,41002,"Umuarama",4,"Sul",1,"410660",2,46,10,36,18,28,0,0,0,0,0,46,10,36,18,28,17,10.5873800402307,9.94975071700577,0.295626895768438,29
"17174","PR","Cruzeiro do Oeste",20947,39631.52,41002,"Umuarama",4,"Sul",1,"410660",3,35,6,29,11,24,1,0,0,0,0,36,6,29,11,24,17,10.5873800402307,9.94975071700577,0.398670170716929,31
"17175","PR","Cruzeiro do Oeste",20947,39631.52,41002,"Umuarama",4,"Sul",1,"410660",4,35,5,30,16,19,1,0,0,0,0,36,5,30,16,19,20,10.5873800402307,9.94975071700577,0.40252002174407,30
"17176","PR","Cruzeiro do Oeste",20947,39631.52,41002,"Umuarama",4,"Sul",1,"410660",5,28,6,22,11,17,0,0,0,0,0,28,6,22,11,17,16,10.5873800402307,9.94975071700577,0.360842563236519,31
"17177","PR","Cruzeiro do Oeste",20947,39631.52,41002,"Umuarama",4,"Sul",1,"410660",6,22,8,14,7,15,0,0,0,0,0,22,8,14,7,15,12,10.5873800402307,9.94975071700577,0.361969015979415,30
"17178","PR","Cruzeiro do Oeste",20947,39631.52,41002,"Umuarama",4,"Sul",1,"410660",7,22,3,19,13,9,2,0,0,0,0,24,3,19,13,9,16,10.5873800402307,9.94975071700577,0.364150302531134,29
"17179","PR","Cruzeiro do Sul",4449,41283.44,41001,"Paranavaí",4,"Sul",1,"410670",2,7,3,4,2,5,0,0,0,0,0,7,3,4,2,5,6,10.6282167300167,8.40043463080604,0.279937117944452,29
"17180","PR","Cruzeiro do Sul",4449,41283.44,41001,"Paranavaí",4,"Sul",1,"410670",3,4,0,4,1,3,0,0,0,0,0,4,0,4,1,3,4,10.6282167300167,8.40043463080604,0.343191049915551,31
"17181","PR","Cruzeiro do Sul",4449,41283.44,41001,"Paranavaí",4,"Sul",1,"410670",4,8,2,6,5,3,0,0,0,0,0,8,2,6,5,3,2,10.6282167300167,8.40043463080604,0.387838414701053,30
"17182","PR","Cruzeiro do Sul",4449,41283.44,41001,"Paranavaí",4,"Sul",1,"410670",5,11,1,10,4,7,0,0,0,0,0,11,1,10,4,7,3,10.6282167300167,8.40043463080604,0.350950173095303,31
"17183","PR","Cruzeiro do Sul",4449,41283.44,41001,"Paranavaí",4,"Sul",1,"410670",6,10,2,8,4,6,0,0,0,0,0,10,2,8,4,6,1,10.6282167300167,8.40043463080604,0.327779306998247,30
"17184","PR","Cruzeiro do Sul",4449,41283.44,41001,"Paranavaí",4,"Sul",1,"410670",7,3,0,3,1,2,0,0,0,0,0,3,0,3,1,2,3,10.6282167300167,8.40043463080604,0.330036217512661,29
"17185","PR","Cruz Machado",18741,19721.21,41033,"União da Vitória",4,"Sul",0,"410680",2,30,7,23,12,18,0,0,0,0,0,30,7,23,12,18,13,9.88944998530061,9.83846891616168,0.31264757371243,29
"17186","PR","Cruz Machado",18741,19721.21,41033,"União da Vitória",4,"Sul",0,"410680",3,27,7,20,12,15,0,0,0,0,0,27,7,20,12,15,8,9.88944998530061,9.83846891616168,0.420311843628732,31
"17187","PR","Cruz Machado",18741,19721.21,41033,"União da Vitória",4,"Sul",0,"410680",4,25,7,18,16,9,0,0,0,0,0,25,7,18,16,9,9,9.88944998530061,9.83846891616168,0.424754850366659,30
"17188","PR","Cruz Machado",18741,19721.21,41033,"União da Vitória",4,"Sul",0,"410680",5,15,5,10,8,7,0,0,0,0,0,15,5,10,8,7,7,9.88944998530061,9.83846891616168,0.408163153067274,31
"17189","PR","Cruz Machado",18741,19721.21,41033,"União da Vitória",4,"Sul",0,"410680",6,12,4,8,5,7,0,0,0,0,0,12,4,8,5,7,9,9.88944998530061,9.83846891616168,0.394334900060055,30
"17190","PR","Cruz Machado",18741,19721.21,41033,"União da Vitória",4,"Sul",0,"410680",7,20,5,15,5,15,0,0,0,0,0,20,5,15,5,15,13,9.88944998530061,9.83846891616168,0.415680445395188,29
"17191","PR","Curitiba",1948626,45458.29,41037,"Curitiba",4,"Sul",1,"410690",2,2646,313,2333,731,1915,8,0,0,0,0,2654,313,2333,731,1915,799,10.7245504812129,14.4826350667972,0.298578278950826,29
"17192","PR","Curitiba",1948626,45458.29,41037,"Curitiba",4,"Sul",1,"410690",3,2671,326,2345,722,1949,11,0,0,0,0,2682,326,2345,722,1949,890,10.7245504812129,14.4826350667972,0.412781657333338,31
"17193","PR","Curitiba",1948626,45458.29,41037,"Curitiba",4,"Sul",1,"410690",4,1895,223,1672,488,1407,12,0,0,0,0,1907,223,1672,488,1407,872,10.7245504812129,14.4826350667972,0.480637380201168,30
"17194","PR","Curitiba",1948626,45458.29,41037,"Curitiba",4,"Sul",1,"410690",5,1676,203,1473,443,1233,7,0,0,0,0,1683,203,1473,443,1233,908,10.7245504812129,14.4826350667972,0.429573437999275,31
"17195","PR","Curitiba",1948626,45458.29,41037,"Curitiba",4,"Sul",1,"410690",6,1623,200,1423,443,1180,11,0,0,0,0,1634,200,1423,443,1180,1051,10.7245504812129,14.4826350667972,0.414913131201317,30
"17196","PR","Curitiba",1948626,45458.29,41037,"Curitiba",4,"Sul",1,"410690",7,1668,216,1452,402,1266,10,0,0,0,0,1678,216,1452,402,1266,1404,10.7245504812129,14.4826350667972,0.427288487796951,29
"17197","PR","Curiúva",15196,15485.22,41017,"Ibaiti",4,"Sul",0,"410700",2,18,6,12,3,15,0,0,0,0,0,18,6,12,3,15,6,9.64764129960376,9.62878751430752,0.276303766865553,29
"17198","PR","Curiúva",15196,15485.22,41017,"Ibaiti",4,"Sul",0,"410700",3,18,9,9,7,11,0,0,0,0,0,18,9,9,7,11,7,9.64764129960376,9.62878751430752,0.372321753547342,31
"17199","PR","Curiúva",15196,15485.22,41017,"Ibaiti",4,"Sul",0,"410700",4,14,6,8,7,7,0,0,0,0,0,14,6,8,7,7,13,9.64764129960376,9.62878751430752,0.39400376878616,30
"17200","PR","Curiúva",15196,15485.22,41017,"Ibaiti",4,"Sul",0,"410700",5,11,5,6,5,6,1,0,0,0,0,12,5,6,5,6,10,9.64764129960376,9.62878751430752,0.385021903395195,31
"17201","PR","Curiúva",15196,15485.22,41017,"Ibaiti",4,"Sul",0,"410700",6,11,3,8,2,9,0,0,0,0,0,11,3,8,2,9,15,9.64764129960376,9.62878751430752,0.38359812684804,30
"17202","PR","Curiúva",15196,15485.22,41017,"Ibaiti",4,"Sul",0,"410700",7,14,5,9,3,11,0,0,0,0,0,14,5,9,3,11,11,9.64764129960376,9.62878751430752,0.407538269421281,29
"17203","PR","Dois Vizinhos",41038,39449.27,41026,"Francisco Beltrão",4,"Sul",1,"410720",2,79,13,66,29,50,0,0,0,0,0,79,13,66,29,50,21,10.5827708216668,10.6222537457137,0.303278197862472,29
"17204","PR","Dois Vizinhos",41038,39449.27,41026,"Francisco Beltrão",4,"Sul",1,"410720",3,73,12,61,23,50,0,0,0,0,0,73,12,61,23,50,20,10.5827708216668,10.6222537457137,0.418766536208094,31
"17205","PR","Dois Vizinhos",41038,39449.27,41026,"Francisco Beltrão",4,"Sul",1,"410720",4,58,13,45,21,37,0,0,0,0,0,58,13,45,21,37,18,10.5827708216668,10.6222537457137,0.421133299200432,30
"17206","PR","Dois Vizinhos",41038,39449.27,41026,"Francisco Beltrão",4,"Sul",1,"410720",5,73,16,57,29,44,0,0,0,0,0,73,16,57,29,44,14,10.5827708216668,10.6222537457137,0.388620122140902,31
"17207","PR","Dois Vizinhos",41038,39449.27,41026,"Francisco Beltrão",4,"Sul",1,"410720",6,57,10,47,18,39,0,0,0,0,0,57,10,47,18,39,22,10.5827708216668,10.6222537457137,0.383905585569834,30
"17208","PR","Dois Vizinhos",41038,39449.27,41026,"Francisco Beltrão",4,"Sul",1,"410720",7,48,15,33,16,32,0,0,0,0,0,48,15,33,16,32,20,10.5827708216668,10.6222537457137,0.375710600861258,29
"17209","PR","Douradina",8869,68677.24,41002,"Umuarama",4,"Sul",0,"410725",2,17,0,17,4,13,0,0,0,0,0,17,0,17,4,13,5,11.1371731278323,9.09031732937645,0.25967537355945,29
"17210","PR","Douradina",8869,68677.24,41002,"Umuarama",4,"Sul",0,"410725",3,15,2,13,3,12,0,0,0,0,0,15,2,13,3,12,7,11.1371731278323,9.09031732937645,0.356626477733778,31
"17211","PR","Douradina",8869,68677.24,41002,"Umuarama",4,"Sul",0,"410725",4,13,1,12,2,11,0,0,0,0,0,13,1,12,2,11,3,11.1371731278323,9.09031732937645,0.425455840436737,30
"17212","PR","Douradina",8869,68677.24,41002,"Umuarama",4,"Sul",0,"410725",5,7,0,7,1,6,0,0,0,0,0,7,0,7,1,6,6,11.1371731278323,9.09031732937645,0.427183661562783,31
"17213","PR","Douradina",8869,68677.24,41002,"Umuarama",4,"Sul",0,"410725",6,12,1,11,3,9,0,0,0,0,0,12,1,11,3,9,5,11.1371731278323,9.09031732937645,0.382851187737149,30
"17214","PR","Douradina",8869,68677.24,41002,"Umuarama",4,"Sul",0,"410725",7,4,1,3,3,1,0,0,0,0,0,4,1,3,3,1,6,11.1371731278323,9.09031732937645,0.374361038358065,29
"17215","PR","Doutor Camargo",5983,25886.51,41008,"Floraí",4,"Sul",0,"410730",2,5,0,5,1,4,0,0,0,0,0,5,0,5,1,4,3,10.1614772625776,8.69667739339003,0.26965583829666,29
"17216","PR","Doutor Camargo",5983,25886.51,41008,"Floraí",4,"Sul",0,"410730",3,4,0,4,0,4,0,0,0,0,0,4,0,4,0,4,7,10.1614772625776,8.69667739339003,0.372454367205539,31
"17217","PR","Doutor Camargo",5983,25886.51,41008,"Floraí",4,"Sul",0,"410730",4,8,1,7,4,4,0,0,0,0,0,8,1,7,4,4,6,10.1614772625776,8.69667739339003,0.400629413979012,30
"17218","PR","Doutor Camargo",5983,25886.51,41008,"Floraí",4,"Sul",0,"410730",5,9,3,6,3,6,0,0,0,0,0,9,3,6,3,6,5,10.1614772625776,8.69667739339003,0.352147580097276,31
"17219","PR","Doutor Camargo",5983,25886.51,41008,"Floraí",4,"Sul",0,"410730",6,9,2,7,3,6,0,0,0,0,0,9,2,7,3,6,2,10.1614772625776,8.69667739339003,0.358692418694798,30
"17220","PR","Doutor Camargo",5983,25886.51,41008,"Floraí",4,"Sul",0,"410730",7,6,0,6,1,5,0,0,0,0,0,6,0,6,1,5,2,10.1614772625776,8.69667739339003,0.331801490385614,29
"17221","PR","Engenheiro Beltrão",13981,40211.54,41005,"Campo Mourão",4,"Sul",0,"410750",2,22,4,18,11,11,0,0,0,0,0,22,4,18,11,11,11,10.6019092980885,9.54545454398782,0.305731813388012,29
"17222","PR","Engenheiro Beltrão",13981,40211.54,41005,"Campo Mourão",4,"Sul",0,"410750",3,20,1,19,3,17,0,0,0,0,0,20,1,19,3,17,8,10.6019092980885,9.54545454398782,0.388004547597786,31
"17223","PR","Engenheiro Beltrão",13981,40211.54,41005,"Campo Mourão",4,"Sul",0,"410750",4,23,5,18,9,14,0,0,0,0,0,23,5,18,9,14,6,10.6019092980885,9.54545454398782,0.417401126413235,30
"17224","PR","Engenheiro Beltrão",13981,40211.54,41005,"Campo Mourão",4,"Sul",0,"410750",5,8,0,8,4,4,0,0,0,0,0,8,0,8,4,4,12,10.6019092980885,9.54545454398782,0.390933404356539,31
"17225","PR","Engenheiro Beltrão",13981,40211.54,41005,"Campo Mourão",4,"Sul",0,"410750",6,11,3,8,3,8,1,0,0,0,0,12,3,8,3,8,13,10.6019092980885,9.54545454398782,0.379141707019944,30
"17226","PR","Engenheiro Beltrão",13981,40211.54,41005,"Campo Mourão",4,"Sul",0,"410750",7,12,1,11,2,10,0,0,0,0,0,12,1,11,2,10,25,10.6019092980885,9.54545454398782,0.405102352298759,29
"17227","PR","Faxinal",17316,24752.72,41012,"Faxinal",4,"Sul",1,"410760",2,24,6,18,12,12,0,0,0,0,0,24,6,18,12,12,12,10.1166906609483,9.75938620856187,0.306861821316808,29
"17228","PR","Faxinal",17316,24752.72,41012,"Faxinal",4,"Sul",1,"410760",3,39,11,28,16,23,0,0,0,0,0,39,11,28,16,23,18,10.1166906609483,9.75938620856187,0.384916637923757,31
"17229","PR","Faxinal",17316,24752.72,41012,"Faxinal",4,"Sul",1,"410760",4,28,5,23,9,19,0,0,0,0,0,28,5,23,9,19,10,10.1166906609483,9.75938620856187,0.403153893331421,30
"17230","PR","Faxinal",17316,24752.72,41012,"Faxinal",4,"Sul",1,"410760",5,13,4,9,5,8,0,0,0,0,0,13,4,9,5,8,12,10.1166906609483,9.75938620856187,0.378763693714312,31
"17231","PR","Faxinal",17316,24752.72,41012,"Faxinal",4,"Sul",1,"410760",6,23,3,20,10,13,0,0,0,0,0,23,3,20,10,13,10,10.1166906609483,9.75938620856187,0.36036388630841,30
"17232","PR","Faxinal",17316,24752.72,41012,"Faxinal",4,"Sul",1,"410760",7,20,7,13,9,11,0,0,0,0,0,20,7,13,9,11,8,10.1166906609483,9.75938620856187,0.378042001617374,29
"17233","PR","Fazenda Rio Grande",102004,25607.26,41037,"Curitiba",4,"Sul",1,"410765",2,290,44,246,105,185,1,0,0,0,0,291,44,246,105,185,49,10.1506311840125,11.5327673071838,0.305362887765415,29
"17234","PR","Fazenda Rio Grande",102004,25607.26,41037,"Curitiba",4,"Sul",1,"410765",3,299,67,232,125,174,2,0,0,0,0,301,67,232,125,174,34,10.1506311840125,11.5327673071838,0.404634725743768,31
"17235","PR","Fazenda Rio Grande",102004,25607.26,41037,"Curitiba",4,"Sul",1,"410765",4,178,47,131,68,110,3,0,0,0,0,181,47,131,68,110,45,10.1506311840125,11.5327673071838,0.445725690891052,30
"17236","PR","Fazenda Rio Grande",102004,25607.26,41037,"Curitiba",4,"Sul",1,"410765",5,207,37,170,62,145,1,0,0,0,0,208,37,170,62,145,44,10.1506311840125,11.5327673071838,0.400580003318546,31
"17237","PR","Fazenda Rio Grande",102004,25607.26,41037,"Curitiba",4,"Sul",1,"410765",6,161,48,113,58,103,1,0,0,0,0,162,48,113,58,103,60,10.1506311840125,11.5327673071838,0.39521780321126,30
"17238","PR","Fazenda Rio Grande",102004,25607.26,41037,"Curitiba",4,"Sul",1,"410765",7,185,34,151,57,128,2,0,0,0,0,187,34,151,57,128,71,10.1506311840125,11.5327673071838,0.405055247813731,29
"17239","PR","Figueira",7696,19071.11,41017,"Ibaiti",4,"Sul",0,"410775",2,9,3,6,3,6,1,0,0,0,0,10,3,6,3,6,7,9.85592990350776,8.94845599234554,0.308679380530348,29
"17240","PR","Figueira",7696,19071.11,41017,"Ibaiti",4,"Sul",0,"410775",3,22,6,16,9,13,0,0,0,0,0,22,6,16,9,13,5,9.85592990350776,8.94845599234554,0.386911826991449,31
"17241","PR","Figueira",7696,19071.11,41017,"Ibaiti",4,"Sul",0,"410775",4,11,1,10,6,5,0,0,0,0,0,11,1,10,6,5,9,9.85592990350776,8.94845599234554,0.424383286367478,30
"17242","PR","Figueira",7696,19071.11,41017,"Ibaiti",4,"Sul",0,"410775",5,9,2,7,5,4,0,0,0,0,0,9,2,7,5,4,8,9.85592990350776,8.94845599234554,0.369706477979082,31
"17243","PR","Figueira",7696,19071.11,41017,"Ibaiti",4,"Sul",0,"410775",6,12,5,7,5,7,0,0,0,0,0,12,5,7,5,7,6,9.85592990350776,8.94845599234554,0.368514223925746,30
"17244","PR","Figueira",7696,19071.11,41017,"Ibaiti",4,"Sul",0,"410775",7,4,2,2,1,3,0,0,0,0,0,4,2,2,1,3,7,9.85592990350776,8.94845599234554,0.401780199578704,29
"17245","PR","Floraí",4906,35608.91,41008,"Floraí",4,"Sul",0,"410780",2,8,1,7,1,7,0,0,0,0,0,8,1,7,1,7,3,10.480351166424,8.49821422481843,0.31342947496085,29
"17246","PR","Floraí",4906,35608.91,41008,"Floraí",4,"Sul",0,"410780",3,5,2,3,2,3,0,0,0,0,0,5,2,3,2,3,2,10.480351166424,8.49821422481843,0.375172848389559,31
"17247","PR","Floraí",4906,35608.91,41008,"Floraí",4,"Sul",0,"410780",4,7,0,7,1,6,0,0,0,0,0,7,0,7,1,6,9,10.480351166424,8.49821422481843,0.39646530512233,30
"17248","PR","Floraí",4906,35608.91,41008,"Floraí",4,"Sul",0,"410780",5,2,1,1,0,2,0,0,0,0,0,2,1,1,0,2,6,10.480351166424,8.49821422481843,0.351923749147983,31
"17249","PR","Floraí",4906,35608.91,41008,"Floraí",4,"Sul",0,"410780",6,5,2,3,2,3,0,0,0,0,0,5,2,3,2,3,4,10.480351166424,8.49821422481843,0.331287673752224,30
"17250","PR","Floraí",4906,35608.91,41008,"Floraí",4,"Sul",0,"410780",7,2,0,2,0,2,0,0,0,0,0,2,0,2,0,2,5,10.480351166424,8.49821422481843,0.353558523981537,29
"17251","PR","Floresta",6851,30945.99,41008,"Floraí",4,"Sul",1,"410790",2,11,3,8,5,6,0,0,0,0,0,11,3,8,5,6,3,10.339998705906,8.8321499060029,0.281944825721663,29
"17252","PR","Floresta",6851,30945.99,41008,"Floraí",4,"Sul",1,"410790",3,16,3,13,4,12,0,0,0,0,0,16,3,13,4,12,2,10.339998705906,8.8321499060029,0.382372545267716,31
"17253","PR","Floresta",6851,30945.99,41008,"Floraí",4,"Sul",1,"410790",4,11,5,6,5,6,0,0,0,0,0,11,5,6,5,6,3,10.339998705906,8.8321499060029,0.429738133097005,30
"17254","PR","Floresta",6851,30945.99,41008,"Floraí",4,"Sul",1,"410790",5,15,2,13,7,8,1,0,0,0,0,16,2,13,7,8,3,10.339998705906,8.8321499060029,0.381008491268892,31
"17255","PR","Floresta",6851,30945.99,41008,"Floraí",4,"Sul",1,"410790",6,7,3,4,3,4,0,0,0,0,0,7,3,4,3,4,4,10.339998705906,8.8321499060029,0.358763433205219,30
"17256","PR","Floresta",6851,30945.99,41008,"Floraí",4,"Sul",1,"410790",7,7,1,6,1,6,0,0,0,0,0,7,1,6,1,6,4,10.339998705906,8.8321499060029,0.380529877270066,29
"17257","PR","Florestópolis",10453,23371.68,41007,"Porecatu",4,"Sul",0,"410800",2,20,4,16,5,15,0,0,0,0,0,20,4,16,5,15,14,10.0592803119838,9.25464429753271,0.29330219325805,29
"17258","PR","Florestópolis",10453,23371.68,41007,"Porecatu",4,"Sul",0,"410800",3,19,4,15,7,12,0,0,0,0,0,19,4,15,7,12,14,10.0592803119838,9.25464429753271,0.374847796890498,31
"17259","PR","Florestópolis",10453,23371.68,41007,"Porecatu",4,"Sul",0,"410800",4,16,1,15,6,10,0,0,0,0,0,16,1,15,6,10,7,10.0592803119838,9.25464429753271,0.364656647275549,30
"17260","PR","Florestópolis",10453,23371.68,41007,"Porecatu",4,"Sul",0,"410800",5,14,3,11,7,7,0,0,0,0,0,14,3,11,7,7,8,10.0592803119838,9.25464429753271,0.347531156164251,31
"17261","PR","Florestópolis",10453,23371.68,41007,"Porecatu",4,"Sul",0,"410800",6,9,2,7,3,6,0,0,0,0,0,9,2,7,3,6,9,10.0592803119838,9.25464429753271,0.342152512844036,30
"17262","PR","Florestópolis",10453,23371.68,41007,"Porecatu",4,"Sul",0,"410800",7,12,4,8,6,6,0,0,0,0,0,12,4,8,6,6,9,10.0592803119838,9.25464429753271,0.356899700050831,29
"17263","PR","Formosa do Oeste",6460,39962.99,41022,"Toledo",4,"Sul",0,"410820",2,15,2,13,1,14,0,0,0,0,0,15,2,13,1,14,5,10.5957090547881,8.77338459677665,0.279977752579701,29
"17264","PR","Formosa do Oeste",6460,39962.99,41022,"Toledo",4,"Sul",0,"410820",3,10,1,9,4,6,0,0,0,0,0,10,1,9,4,6,7,10.5957090547881,8.77338459677665,0.372083693735383,31
"17265","PR","Formosa do Oeste",6460,39962.99,41022,"Toledo",4,"Sul",0,"410820",4,11,2,9,3,8,0,0,0,0,0,11,2,9,3,8,4,10.5957090547881,8.77338459677665,0.417449388759257,30
"17266","PR","Formosa do Oeste",6460,39962.99,41022,"Toledo",4,"Sul",0,"410820",5,8,2,6,4,4,0,0,0,0,0,8,2,6,4,4,4,10.5957090547881,8.77338459677665,0.394109331785159,31
"17267","PR","Formosa do Oeste",6460,39962.99,41022,"Toledo",4,"Sul",0,"410820",6,8,1,7,2,6,0,0,0,0,0,8,1,7,2,6,5,10.5957090547881,8.77338459677665,0.355573374580949,30
"17268","PR","Formosa do Oeste",6460,39962.99,41022,"Toledo",4,"Sul",0,"410820",7,7,1,6,3,4,0,0,0,0,0,7,1,6,3,4,5,10.5957090547881,8.77338459677665,0.373159566006955,29
"17269","PR","Foz do Iguaçu",258248,56702.71,41024,"Foz do Iguaçu",4,"Sul",1,"410830",2,554,130,424,188,366,0,0,0,0,0,554,130,424,188,366,118,10.9455772839881,12.4616756425182,0.325615717192713,29
"17270","PR","Foz do Iguaçu",258248,56702.71,41024,"Foz do Iguaçu",4,"Sul",1,"410830",3,591,158,433,202,389,1,0,0,0,0,592,158,433,202,389,142,10.9455772839881,12.4616756425182,0.456832297997792,31
"17271","PR","Foz do Iguaçu",258248,56702.71,41024,"Foz do Iguaçu",4,"Sul",1,"410830",4,411,128,283,153,258,4,0,0,0,0,415,128,283,153,258,141,10.9455772839881,12.4616756425182,0.522792096627884,30
"17272","PR","Foz do Iguaçu",258248,56702.71,41024,"Foz do Iguaçu",4,"Sul",1,"410830",5,369,84,285,127,242,5,0,0,0,0,374,84,285,127,242,109,10.9455772839881,12.4616756425182,0.462617617819584,31
"17273","PR","Foz do Iguaçu",258248,56702.71,41024,"Foz do Iguaçu",4,"Sul",1,"410830",6,344,99,245,121,223,2,0,0,0,0,346,99,245,121,223,147,10.9455772839881,12.4616756425182,0.444834944630534,30
"17274","PR","Foz do Iguaçu",258248,56702.71,41024,"Foz do Iguaçu",4,"Sul",1,"410830",7,353,93,260,122,231,3,0,0,0,0,356,93,260,122,231,160,10.9455772839881,12.4616756425182,0.461957736213101,29
"17275","PR","Francisco Alves",5993,32119.32,41002,"Umuarama",4,"Sul",0,"410832",2,14,3,11,6,8,0,0,0,0,0,14,3,11,6,8,9,10.3772129972264,8.69834740045819,0.3151702756635,29
"17276","PR","Francisco Alves",5993,32119.32,41002,"Umuarama",4,"Sul",0,"410832",3,25,6,19,13,12,0,0,0,0,0,25,6,19,13,12,7,10.3772129972264,8.69834740045819,0.376467860402631,31
"17277","PR","Francisco Alves",5993,32119.32,41002,"Umuarama",4,"Sul",0,"410832",4,13,3,10,6,7,0,0,0,0,0,13,3,10,6,7,4,10.3772129972264,8.69834740045819,0.407247608960692,30
"17278","PR","Francisco Alves",5993,32119.32,41002,"Umuarama",4,"Sul",0,"410832",5,12,4,8,6,6,2,0,0,0,0,14,4,8,6,6,4,10.3772129972264,8.69834740045819,0.421297083332066,31
"17279","PR","Francisco Alves",5993,32119.32,41002,"Umuarama",4,"Sul",0,"410832",6,8,2,6,5,3,0,0,0,0,0,8,2,6,5,3,8,10.3772129972264,8.69834740045819,0.422758948427166,30
"17280","PR","Francisco Alves",5993,32119.32,41002,"Umuarama",4,"Sul",0,"410832",7,9,4,5,3,6,0,0,0,0,0,9,4,5,3,6,4,10.3772129972264,8.69834740045819,0.450971028025205,29
"17281","PR","Francisco Beltrão",92216,35460.16,41026,"Francisco Beltrão",4,"Sul",1,"410840",2,154,33,121,47,107,0,0,0,0,0,154,33,121,47,107,27,10.4761650917444,11.4318889302808,0.308519563796704,29
"17282","PR","Francisco Beltrão",92216,35460.16,41026,"Francisco Beltrão",4,"Sul",1,"410840",3,107,14,93,34,73,0,0,0,0,0,107,14,93,34,73,45,10.4761650917444,11.4318889302808,0.414002664672253,31
"17283","PR","Francisco Beltrão",92216,35460.16,41026,"Francisco Beltrão",4,"Sul",1,"410840",4,103,20,83,33,70,0,0,0,0,0,103,20,83,33,70,29,10.4761650917444,11.4318889302808,0.448730293363605,30
"17284","PR","Francisco Beltrão",92216,35460.16,41026,"Francisco Beltrão",4,"Sul",1,"410840",5,117,23,94,38,79,0,0,0,0,0,117,23,94,38,79,43,10.4761650917444,11.4318889302808,0.39579899208447,31
"17285","PR","Francisco Beltrão",92216,35460.16,41026,"Francisco Beltrão",4,"Sul",1,"410840",6,114,20,94,35,79,1,0,0,0,0,115,20,94,35,79,37,10.4761650917444,11.4318889302808,0.379704493026652,30
"17286","PR","Francisco Beltrão",92216,35460.16,41026,"Francisco Beltrão",4,"Sul",1,"410840",7,120,19,101,49,71,0,0,0,0,0,120,19,101,49,71,45,10.4761650917444,11.4318889302808,0.369732872725164,29
"17287","PR","General Carneiro",13685,20913.85,41033,"União da Vitória",4,"Sul",0,"410850",2,37,16,21,18,19,0,0,0,0,0,37,16,21,18,19,7,9.94816689790368,9.52405562147478,0.395077068521346,29
"17288","PR","General Carneiro",13685,20913.85,41033,"União da Vitória",4,"Sul",0,"410850",3,35,17,18,21,14,0,0,0,0,0,35,17,18,21,14,4,9.94816689790368,9.52405562147478,0.445734314273207,31
"17289","PR","General Carneiro",13685,20913.85,41033,"União da Vitória",4,"Sul",0,"410850",4,13,5,8,4,9,0,0,0,0,0,13,5,8,4,9,3,9.94816689790368,9.52405562147478,0.489782114081697,30
"17290","PR","General Carneiro",13685,20913.85,41033,"União da Vitória",4,"Sul",0,"410850",5,25,5,20,12,13,0,0,0,0,0,25,5,20,12,13,10,9.94816689790368,9.52405562147478,0.483316971217113,31
"17291","PR","General Carneiro",13685,20913.85,41033,"União da Vitória",4,"Sul",0,"410850",6,20,11,9,9,11,0,0,0,0,0,20,11,9,9,11,3,9.94816689790368,9.52405562147478,0.486964948192049,30
"17292","PR","General Carneiro",13685,20913.85,41033,"União da Vitória",4,"Sul",0,"410850",7,12,5,7,4,8,0,0,0,0,0,12,5,7,4,8,11,9.94816689790368,9.52405562147478,0.468869421525376,29
"17293","PR","Goioerê",28808,31176.74,41004,"Goioerê",4,"Sul",1,"410860",2,35,3,32,15,20,0,0,0,0,0,35,3,32,15,20,20,10.3474275829442,10.2684084053287,0.307936549905512,29
"17294","PR","Goioerê",28808,31176.74,41004,"Goioerê",4,"Sul",1,"410860",3,45,4,41,18,27,0,0,0,0,0,45,4,41,18,27,24,10.3474275829442,10.2684084053287,0.397297920851163,31
"17295","PR","Goioerê",28808,31176.74,41004,"Goioerê",4,"Sul",1,"410860",4,30,5,25,12,18,0,0,0,0,0,30,5,25,12,18,19,10.3474275829442,10.2684084053287,0.438253135415858,30
"17296","PR","Goioerê",28808,31176.74,41004,"Goioerê",4,"Sul",1,"410860",5,32,3,29,10,22,0,0,0,0,0,32,3,29,10,22,21,10.3474275829442,10.2684084053287,0.390148884989943,31
"17297","PR","Goioerê",28808,31176.74,41004,"Goioerê",4,"Sul",1,"410860",6,30,8,22,11,19,0,0,0,0,0,30,8,22,11,19,20,10.3474275829442,10.2684084053287,0.386828582716551,30
"17298","PR","Goioerê",28808,31176.74,41004,"Goioerê",4,"Sul",1,"410860",7,27,4,23,9,18,0,0,0,0,0,27,4,23,9,18,28,10.3474275829442,10.2684084053287,0.383307441936703,29
"17299","PR","Guaíra",33310,28449.48,41022,"Toledo",4,"Sul",1,"410880",2,74,31,43,29,45,0,0,0,0,0,74,31,43,29,45,20,10.2558851617073,10.4136129311877,0.324683421164496,29
"17300","PR","Guaíra",33310,28449.48,41022,"Toledo",4,"Sul",1,"410880",3,58,20,38,22,36,2,0,0,0,0,60,20,38,22,36,23,10.2558851617073,10.4136129311877,0.415106166964997,31
"17301","PR","Guaíra",33310,28449.48,41022,"Toledo",4,"Sul",1,"410880",4,47,13,34,18,29,0,0,0,0,0,47,13,34,18,29,15,10.2558851617073,10.4136129311877,0.435713520110261,30
"17302","PR","Guaíra",33310,28449.48,41022,"Toledo",4,"Sul",1,"410880",5,45,18,27,19,26,0,0,0,0,0,45,18,27,19,26,19,10.2558851617073,10.4136129311877,0.399854947843632,31
"17303","PR","Guaíra",33310,28449.48,41022,"Toledo",4,"Sul",1,"410880",6,47,18,29,18,29,1,0,0,0,0,48,18,29,18,29,13,10.2558851617073,10.4136129311877,0.37718641900856,30
"17304","PR","Guaíra",33310,28449.48,41022,"Toledo",4,"Sul",1,"410880",7,43,21,22,22,21,1,0,0,0,0,44,21,22,22,21,19,10.2558851617073,10.4136129311877,0.393721048207871,29
"17305","PR","Guairaçá",6609,34669.25,41001,"Paranavaí",4,"Sul",0,"410890",2,11,4,7,7,4,0,0,0,0,0,11,4,7,7,4,3,10.4536084059097,8.79618763547045,0.300101459809492,29
"17306","PR","Guairaçá",6609,34669.25,41001,"Paranavaí",4,"Sul",0,"410890",3,17,3,14,5,12,0,0,0,0,0,17,3,14,5,12,3,10.4536084059097,8.79618763547045,0.363864406257095,31
"17307","PR","Guairaçá",6609,34669.25,41001,"Paranavaí",4,"Sul",0,"410890",4,10,2,8,5,5,0,0,0,0,0,10,2,8,5,5,3,10.4536084059097,8.79618763547045,0.387980141488376,30
"17308","PR","Guairaçá",6609,34669.25,41001,"Paranavaí",4,"Sul",0,"410890",5,6,1,5,3,3,0,0,0,0,0,6,1,5,3,3,5,10.4536084059097,8.79618763547045,0.373280249887311,31
"17309","PR","Guairaçá",6609,34669.25,41001,"Paranavaí",4,"Sul",0,"410890",6,5,2,3,2,3,0,0,0,0,0,5,2,3,2,3,2,10.4536084059097,8.79618763547045,0.32177236860281,30
"17310","PR","Guairaçá",6609,34669.25,41001,"Paranavaí",4,"Sul",0,"410890",7,12,0,12,5,7,0,0,0,0,0,12,0,12,5,7,2,10.4536084059097,8.79618763547045,0.363063235832958,29
"17311","PR","Guaraci",5530,19423.76,41006,"Astorga",4,"Sul",0,"410920",2,5,2,3,0,5,0,0,0,0,0,5,2,3,0,5,3,9.87425233793446,8.61794309451638,0.331003643315753,29
"17312","PR","Guaraci",5530,19423.76,41006,"Astorga",4,"Sul",0,"410920",3,9,4,5,4,5,0,0,0,0,0,9,4,5,4,5,6,9.87425233793446,8.61794309451638,0.409807360248792,31
"17313","PR","Guaraci",5530,19423.76,41006,"Astorga",4,"Sul",0,"410920",4,1,1,0,1,0,0,0,0,0,0,1,1,0,1,0,1,9.87425233793446,8.61794309451638,0.428381714089413,30
"17314","PR","Guaraci",5530,19423.76,41006,"Astorga",4,"Sul",0,"410920",5,4,1,3,1,3,0,0,0,0,0,4,1,3,1,3,4,9.87425233793446,8.61794309451638,0.404817585531919,31
"17315","PR","Guaraci",5530,19423.76,41006,"Astorga",4,"Sul",0,"410920",6,4,2,2,1,3,0,0,0,0,0,4,2,2,1,3,5,9.87425233793446,8.61794309451638,0.397855332071964,30
"17316","PR","Guaraci",5530,19423.76,41006,"Astorga",4,"Sul",0,"410920",7,3,1,2,1,2,0,0,0,0,0,3,1,2,1,2,5,9.87425233793446,8.61794309451638,0.419899937550981,29
"17317","PR","Guaraniaçu",12217,27779.56,41023,"Cascavel",4,"Sul",0,"410930",2,22,6,16,10,12,0,0,0,0,0,22,6,16,10,12,7,10.23205577745,9.41058370340406,0.290168355688583,29
"17318","PR","Guaraniaçu",12217,27779.56,41023,"Cascavel",4,"Sul",0,"410930",3,19,10,9,8,11,0,0,0,0,0,19,10,9,8,11,11,10.23205577745,9.41058370340406,0.381147811169631,31
"17319","PR","Guaraniaçu",12217,27779.56,41023,"Cascavel",4,"Sul",0,"410930",4,9,1,8,3,6,0,0,0,0,0,9,1,8,3,6,5,10.23205577745,9.41058370340406,0.425996514485881,30
"17320","PR","Guaraniaçu",12217,27779.56,41023,"Cascavel",4,"Sul",0,"410930",5,19,4,15,9,10,0,0,0,0,0,19,4,15,9,10,9,10.23205577745,9.41058370340406,0.420023195606813,31
"17321","PR","Guaraniaçu",12217,27779.56,41023,"Cascavel",4,"Sul",0,"410930",6,18,6,12,6,12,0,0,0,0,0,18,6,12,6,12,7,10.23205577745,9.41058370340406,0.393500042562442,30
"17322","PR","Guaraniaçu",12217,27779.56,41023,"Cascavel",4,"Sul",0,"410930",7,10,4,6,7,3,0,0,0,0,0,10,4,6,7,3,5,10.23205577745,9.41058370340406,0.403569763666428,29
"17323","PR","Guarapuava",182644,33913.76,41029,"Guarapuava",4,"Sul",1,"410940",2,425,118,307,166,259,0,0,0,0,0,425,118,307,166,259,89,10.4315761107186,12.1152941819713,0.317940438842566,29
"17324","PR","Guarapuava",182644,33913.76,41029,"Guarapuava",4,"Sul",1,"410940",3,462,130,332,204,258,1,0,0,0,0,463,130,332,204,258,106,10.4315761107186,12.1152941819713,0.415683918645113,31
"17325","PR","Guarapuava",182644,33913.76,41029,"Guarapuava",4,"Sul",1,"410940",4,303,90,213,145,158,2,0,0,0,0,305,90,213,145,158,110,10.4315761107186,12.1152941819713,0.467541650968155,30
"17326","PR","Guarapuava",182644,33913.76,41029,"Guarapuava",4,"Sul",1,"410940",5,234,65,169,95,139,1,0,0,0,0,235,65,169,95,139,83,10.4315761107186,12.1152941819713,0.428385108729964,31
"17327","PR","Guarapuava",182644,33913.76,41029,"Guarapuava",4,"Sul",1,"410940",6,239,65,174,103,136,3,0,0,0,0,242,65,174,103,136,87,10.4315761107186,12.1152941819713,0.410648137333997,30
"17328","PR","Guarapuava",182644,33913.76,41029,"Guarapuava",4,"Sul",1,"410940",7,276,99,177,117,159,4,0,0,0,0,280,99,177,117,159,110,10.4315761107186,12.1152941819713,0.403698774333266,29
"17329","PR","Guaratuba",37527,21789.76,41038,"Paranaguá",4,"Sul",0,"410960",2,72,26,46,28,44,1,0,0,0,0,73,26,46,28,44,16,9.9891954136513,10.5328159528829,0.30590107891383,29
"17330","PR","Guaratuba",37527,21789.76,41038,"Paranaguá",4,"Sul",0,"410960",3,77,26,51,33,44,0,0,0,0,0,77,26,51,33,44,18,9.9891954136513,10.5328159528829,0.424019930140334,31
"17331","PR","Guaratuba",37527,21789.76,41038,"Paranaguá",4,"Sul",0,"410960",4,43,18,25,13,30,0,0,0,0,0,43,18,25,13,30,26,9.9891954136513,10.5328159528829,0.471116891415895,30
"17332","PR","Guaratuba",37527,21789.76,41038,"Paranaguá",4,"Sul",0,"410960",5,50,20,30,19,31,0,0,0,0,0,50,20,30,19,31,14,9.9891954136513,10.5328159528829,0.440505683130611,31
"17333","PR","Guaratuba",37527,21789.76,41038,"Paranaguá",4,"Sul",0,"410960",6,41,10,31,16,25,0,0,0,0,0,41,10,31,16,25,21,9.9891954136513,10.5328159528829,0.433009609317456,30
"17334","PR","Guaratuba",37527,21789.76,41038,"Paranaguá",4,"Sul",0,"410960",7,30,13,17,12,18,0,0,0,0,0,30,13,17,12,18,28,9.9891954136513,10.5328159528829,0.438672118029968,29
"17335","PR","Ibaiti",31644,21791.16,41017,"Ibaiti",4,"Sul",0,"410970",2,53,17,36,26,27,0,0,0,0,0,53,17,36,26,27,20,9.98925966195081,10.3623038361413,0.311998645236739,29
"17336","PR","Ibaiti",31644,21791.16,41017,"Ibaiti",4,"Sul",0,"410970",3,59,13,46,22,37,0,0,0,0,0,59,13,46,22,37,18,9.98925966195081,10.3623038361413,0.38010342433134,31
"17337","PR","Ibaiti",31644,21791.16,41017,"Ibaiti",4,"Sul",0,"410970",4,34,9,25,17,17,0,0,0,0,0,34,9,25,17,17,17,9.98925966195081,10.3623038361413,0.398584642095558,30
"17338","PR","Ibaiti",31644,21791.16,41017,"Ibaiti",4,"Sul",0,"410970",5,46,15,31,14,32,0,0,0,0,0,46,15,31,14,32,29,9.98925966195081,10.3623038361413,0.383681815687125,31
"17339","PR","Ibaiti",31644,21791.16,41017,"Ibaiti",4,"Sul",0,"410970",6,32,6,26,10,22,0,0,0,0,0,32,6,26,10,22,22,9.98925966195081,10.3623038361413,0.376693665833379,30
"17340","PR","Ibaiti",31644,21791.16,41017,"Ibaiti",4,"Sul",0,"410970",7,27,9,18,13,14,0,0,0,0,0,27,9,18,13,14,31,9.98925966195081,10.3623038361413,0.379304669600698,29
"17341","PR","Ibema",6370,26148.72,41023,"Cascavel",4,"Sul",0,"410975",2,17,7,10,9,8,0,0,0,0,0,17,7,10,9,8,5,10.1715555199203,8.75935474856621,0.366713809165216,29
"17342","PR","Ibema",6370,26148.72,41023,"Cascavel",4,"Sul",0,"410975",3,11,5,6,6,5,0,0,0,0,0,11,5,6,6,5,4,10.1715555199203,8.75935474856621,0.452786340149966,31
"17343","PR","Ibema",6370,26148.72,41023,"Cascavel",4,"Sul",0,"410975",4,5,3,2,2,3,0,0,0,0,0,5,3,2,2,3,4,10.1715555199203,8.75935474856621,0.474010783176641,30
"17344","PR","Ibema",6370,26148.72,41023,"Cascavel",4,"Sul",0,"410975",5,11,2,9,4,7,0,0,0,0,0,11,2,9,4,7,4,10.1715555199203,8.75935474856621,0.374107805624931,31
"17345","PR","Ibema",6370,26148.72,41023,"Cascavel",4,"Sul",0,"410975",6,9,3,6,6,3,0,0,0,0,0,9,3,6,6,3,7,10.1715555199203,8.75935474856621,0.408810695714344,30
"17346","PR","Ibema",6370,26148.72,41023,"Cascavel",4,"Sul",0,"410975",7,7,2,5,2,5,0,0,0,0,0,7,2,5,2,5,7,10.1715555199203,8.75935474856621,0.415474321783212,29
"17347","PR","Ibiporã",55131,45232.95,41011,"Londrina",4,"Sul",1,"410980",2,98,25,73,38,60,0,0,0,0,0,98,25,73,38,60,24,10.7195810825427,10.9174674503635,0.305407292823722,29
"17348","PR","Ibiporã",55131,45232.95,41011,"Londrina",4,"Sul",1,"410980",3,75,17,58,29,46,0,0,0,0,0,75,17,58,29,46,27,10.7195810825427,10.9174674503635,0.39387763068967,31
"17349","PR","Ibiporã",55131,45232.95,41011,"Londrina",4,"Sul",1,"410980",4,63,17,46,26,37,0,0,0,0,0,63,17,46,26,37,25,10.7195810825427,10.9174674503635,0.437971946041015,30
"17350","PR","Ibiporã",55131,45232.95,41011,"Londrina",4,"Sul",1,"410980",5,53,11,42,18,35,0,0,0,0,0,53,11,42,18,35,35,10.7195810825427,10.9174674503635,0.387780449330772,31
"17351","PR","Ibiporã",55131,45232.95,41011,"Londrina",4,"Sul",1,"410980",6,64,14,50,29,35,0,0,0,0,0,64,14,50,29,35,35,10.7195810825427,10.9174674503635,0.376640396392047,30
"17352","PR","Ibiporã",55131,45232.95,41011,"Londrina",4,"Sul",1,"410980",7,54,13,41,12,42,1,0,0,0,0,55,13,41,12,42,29,10.7195810825427,10.9174674503635,0.374563886612822,29
"17353","PR","Icaraíma",7786,29010.5,41002,"Umuarama",4,"Sul",0,"410990",2,11,2,9,3,8,0,0,0,0,0,11,2,9,3,8,5,10.275413112403,8.9600825281704,0.290060332357751,29
"17354","PR","Icaraíma",7786,29010.5,41002,"Umuarama",4,"Sul",0,"410990",3,12,4,8,5,7,0,0,0,0,0,12,4,8,5,7,5,10.275413112403,8.9600825281704,0.374550570350596,31
"17355","PR","Icaraíma",7786,29010.5,41002,"Umuarama",4,"Sul",0,"410990",4,9,3,6,4,5,0,0,0,0,0,9,3,6,4,5,5,10.275413112403,8.9600825281704,0.36730848005937,30
"17356","PR","Icaraíma",7786,29010.5,41002,"Umuarama",4,"Sul",0,"410990",5,9,1,8,6,3,0,0,0,0,0,9,1,8,6,3,5,10.275413112403,8.9600825281704,0.368980842710555,31
"17357","PR","Icaraíma",7786,29010.5,41002,"Umuarama",4,"Sul",0,"410990",6,10,1,9,2,8,0,0,0,0,0,10,1,9,2,8,3,10.275413112403,8.9600825281704,0.40334943318719,30
"17358","PR","Icaraíma",7786,29010.5,41002,"Umuarama",4,"Sul",0,"410990",7,14,4,10,3,11,0,0,0,0,0,14,4,10,3,11,8,10.275413112403,8.9600825281704,0.386891246200692,29
"17359","PR","Iguaraçu",4440,33960.38,41006,"Astorga",4,"Sul",1,"411000",2,13,6,7,2,11,0,0,0,0,0,13,6,7,2,11,1,10.4329498299975,8.39840965542627,0.297185861765924,29
"17360","PR","Iguaraçu",4440,33960.38,41006,"Astorga",4,"Sul",1,"411000",3,10,2,8,2,8,0,0,0,0,0,10,2,8,2,8,4,10.4329498299975,8.39840965542627,0.385503062425191,31
"17361","PR","Iguaraçu",4440,33960.38,41006,"Astorga",4,"Sul",1,"411000",4,5,1,4,3,2,0,0,0,0,0,5,1,4,3,2,4,10.4329498299975,8.39840965542627,0.393831549909281,30
"17362","PR","Iguaraçu",4440,33960.38,41006,"Astorga",4,"Sul",1,"411000",5,7,3,4,4,3,0,0,0,0,0,7,3,4,4,3,2,10.4329498299975,8.39840965542627,0.369059196759147,31
"17363","PR","Iguaraçu",4440,33960.38,41006,"Astorga",4,"Sul",1,"411000",6,8,1,7,1,7,0,0,0,0,0,8,1,7,1,7,6,10.4329498299975,8.39840965542627,0.357512292554268,30
"17364","PR","Iguaraçu",4440,33960.38,41006,"Astorga",4,"Sul",1,"411000",7,6,0,6,3,3,0,0,0,0,0,6,0,6,3,3,6,10.4329498299975,8.39840965542627,0.368388599356114,29
"17365","PR","Imbaú",13282,17384.38,41019,"Telêmaco Borba",4,"Sul",0,"411007",2,29,7,22,14,15,0,0,0,0,0,29,7,22,14,15,10,9.76332738087821,9.49416501410066,0.295204820988158,29
"17366","PR","Imbaú",13282,17384.38,41019,"Telêmaco Borba",4,"Sul",0,"411007",3,22,6,16,10,12,0,0,0,0,0,22,6,16,10,12,3,9.76332738087821,9.49416501410066,0.365420569462866,31
"17367","PR","Imbaú",13282,17384.38,41019,"Telêmaco Borba",4,"Sul",0,"411007",4,13,3,10,6,7,1,0,0,0,0,14,3,10,6,7,7,9.76332738087821,9.49416501410066,0.411065433114844,30
"17368","PR","Imbaú",13282,17384.38,41019,"Telêmaco Borba",4,"Sul",0,"411007",5,14,5,9,5,9,1,0,0,0,0,15,5,9,5,9,10,9.76332738087821,9.49416501410066,0.368808257353321,31
"17369","PR","Imbaú",13282,17384.38,41019,"Telêmaco Borba",4,"Sul",0,"411007",6,21,3,18,11,10,0,0,0,0,0,21,3,18,11,10,9,9.76332738087821,9.49416501410066,0.379245956765395,30
"17370","PR","Imbaú",13282,17384.38,41019,"Telêmaco Borba",4,"Sul",0,"411007",7,16,5,11,7,9,0,0,0,0,0,16,5,11,7,9,8,9.76332738087821,9.49416501410066,0.407828029201769,29
"17371","PR","Imbituva",32940,27827.18,41031,"Prudentópolis",4,"Sul",0,"411010",2,65,26,39,32,33,1,0,0,0,0,66,26,39,32,33,20,10.2337685198852,10.4024430037316,0.313299269925932,29
"17372","PR","Imbituva",32940,27827.18,41031,"Prudentópolis",4,"Sul",0,"411010",3,61,16,45,28,33,1,0,0,0,0,62,16,45,28,33,18,10.2337685198852,10.4024430037316,0.396603687406507,31
"17373","PR","Imbituva",32940,27827.18,41031,"Prudentópolis",4,"Sul",0,"411010",4,36,13,23,20,16,0,0,0,0,0,36,13,23,20,16,14,10.2337685198852,10.4024430037316,0.424945217216138,30
"17374","PR","Imbituva",32940,27827.18,41031,"Prudentópolis",4,"Sul",0,"411010",5,54,21,33,24,30,1,0,0,0,0,55,21,33,24,30,20,10.2337685198852,10.4024430037316,0.428702434757292,31
"17375","PR","Imbituva",32940,27827.18,41031,"Prudentópolis",4,"Sul",0,"411010",6,50,22,28,19,31,1,0,0,0,0,51,22,28,19,31,20,10.2337685198852,10.4024430037316,0.401108011589809,30
"17376","PR","Imbituva",32940,27827.18,41031,"Prudentópolis",4,"Sul",0,"411010",7,47,17,30,15,32,0,0,0,0,0,47,17,30,15,32,22,10.2337685198852,10.4024430037316,0.425748960565229,29
"17377","PR","Indianópolis",4465,115710.65,41003,"Cianorte",4,"Sul",0,"411040",2,6,3,3,3,3,0,0,0,0,0,6,3,3,3,3,2,11.6588479573466,8.4040244933106,0.319301978566806,29
"17378","PR","Indianópolis",4465,115710.65,41003,"Cianorte",4,"Sul",0,"411040",3,4,2,2,1,3,0,0,0,0,0,4,2,2,1,3,6,11.6588479573466,8.4040244933106,0.359919518566546,31
"17379","PR","Indianópolis",4465,115710.65,41003,"Cianorte",4,"Sul",0,"411040",4,10,4,6,4,6,0,0,0,0,0,10,4,6,4,6,1,11.6588479573466,8.4040244933106,0.399259748078789,30
"17380","PR","Indianópolis",4465,115710.65,41003,"Cianorte",4,"Sul",0,"411040",5,5,1,4,2,3,0,0,0,0,0,5,1,4,2,3,3,11.6588479573466,8.4040244933106,0.396680979019475,31
"17381","PR","Indianópolis",4465,115710.65,41003,"Cianorte",4,"Sul",0,"411040",6,5,3,2,2,3,0,0,0,0,0,5,3,2,2,3,5,11.6588479573466,8.4040244933106,0.404284298386374,30
"17382","PR","Indianópolis",4465,115710.65,41003,"Cianorte",4,"Sul",0,"411040",7,5,3,2,1,4,1,0,0,0,0,6,3,2,1,4,1,11.6588479573466,8.4040244933106,0.391802285702557,29
"17383","PR","Ipiranga",15251,33390.21,41031,"Prudentópolis",4,"Sul",0,"411050",2,19,6,13,8,11,0,0,0,0,0,19,6,13,8,11,6,10.4160180222261,9.63240035365618,0.306709743414681,29
"17384","PR","Ipiranga",15251,33390.21,41031,"Prudentópolis",4,"Sul",0,"411050",3,19,7,12,8,11,0,0,0,0,0,19,7,12,8,11,6,10.4160180222261,9.63240035365618,0.429163336928575,31
"17385","PR","Ipiranga",15251,33390.21,41031,"Prudentópolis",4,"Sul",0,"411050",4,14,4,10,4,10,0,0,0,0,0,14,4,10,4,10,10,10.4160180222261,9.63240035365618,0.416205022317182,30
"17386","PR","Ipiranga",15251,33390.21,41031,"Prudentópolis",4,"Sul",0,"411050",5,11,5,6,2,9,0,0,0,0,0,11,5,6,2,9,9,10.4160180222261,9.63240035365618,0.451935608512532,31
"17387","PR","Ipiranga",15251,33390.21,41031,"Prudentópolis",4,"Sul",0,"411050",6,21,5,16,10,11,0,0,0,0,0,21,5,16,10,11,6,10.4160180222261,9.63240035365618,0.469913657695267,30
"17388","PR","Ipiranga",15251,33390.21,41031,"Prudentópolis",4,"Sul",0,"411050",7,17,6,11,7,10,0,0,0,0,0,17,6,11,7,10,9,10.4160180222261,9.63240035365618,0.452416588169027,29
"17389","PR","Iporã",13782,26062.01,41002,"Umuarama",4,"Sul",0,"411060",2,40,8,32,17,23,0,0,0,0,0,40,8,32,17,23,9,10.1682339774052,9.53111867191715,0.293072723192676,29
"17390","PR","Iporã",13782,26062.01,41002,"Umuarama",4,"Sul",0,"411060",3,34,10,24,13,21,0,0,0,0,0,34,10,24,13,21,6,10.1682339774052,9.53111867191715,0.387641428206653,31
"17391","PR","Iporã",13782,26062.01,41002,"Umuarama",4,"Sul",0,"411060",4,18,5,13,7,11,0,0,0,0,0,18,5,13,7,11,6,10.1682339774052,9.53111867191715,0.384425207866082,30
"17392","PR","Iporã",13782,26062.01,41002,"Umuarama",4,"Sul",0,"411060",5,23,3,20,11,12,0,0,0,0,0,23,3,20,11,12,12,10.1682339774052,9.53111867191715,0.370919700611337,31
"17393","PR","Iporã",13782,26062.01,41002,"Umuarama",4,"Sul",0,"411060",6,21,1,20,8,13,1,0,0,0,0,22,1,20,8,13,10,10.1682339774052,9.53111867191715,0.374303567234135,30
"17394","PR","Iporã",13782,26062.01,41002,"Umuarama",4,"Sul",0,"411060",7,16,5,11,4,12,1,0,0,0,0,17,5,11,4,12,14,10.1682339774052,9.53111867191715,0.376895438624481,29
"17395","PR","Irati",61088,30279.24,41032,"Irati",4,"Sul",1,"411070",2,121,34,87,37,84,0,0,0,0,0,121,34,87,37,84,30,10.3182176081611,11.0200707265255,0.327402045764951,29
"17396","PR","Irati",61088,30279.24,41032,"Irati",4,"Sul",1,"411070",3,114,23,91,44,70,0,0,0,0,0,114,23,91,44,70,39,10.3182176081611,11.0200707265255,0.426373392265205,31
"17397","PR","Irati",61088,30279.24,41032,"Irati",4,"Sul",1,"411070",4,53,14,39,21,32,0,0,0,0,0,53,14,39,21,32,35,10.3182176081611,11.0200707265255,0.464662148010204,30
"17398","PR","Irati",61088,30279.24,41032,"Irati",4,"Sul",1,"411070",5,62,9,53,25,37,0,0,0,0,0,62,9,53,25,37,45,10.3182176081611,11.0200707265255,0.429324246614576,31
"17399","PR","Irati",61088,30279.24,41032,"Irati",4,"Sul",1,"411070",6,67,13,54,23,44,1,0,0,0,0,68,13,54,23,44,27,10.3182176081611,11.0200707265255,0.410754779199164,30
"17400","PR","Irati",61088,30279.24,41032,"Irati",4,"Sul",1,"411070",7,45,10,35,15,30,0,0,0,0,0,45,10,35,15,30,44,10.3182176081611,11.0200707265255,0.418542129135103,29
"17401","PR","Iretama",10098,25114.59,41005,"Campo Mourão",4,"Sul",0,"411080",2,11,4,7,6,5,0,0,0,0,0,11,4,7,6,5,7,10.1312042311455,9.22009266341886,0.308811151804688,29
"17402","PR","Iretama",10098,25114.59,41005,"Campo Mourão",4,"Sul",0,"411080",3,17,2,15,5,12,1,0,0,0,0,18,2,15,5,12,5,10.1312042311455,9.22009266341886,0.421059430283137,31
"17403","PR","Iretama",10098,25114.59,41005,"Campo Mourão",4,"Sul",0,"411080",4,4,1,3,0,4,0,0,0,0,0,4,1,3,0,4,8,10.1312042311455,9.22009266341886,0.475556680084617,30
"17404","PR","Iretama",10098,25114.59,41005,"Campo Mourão",4,"Sul",0,"411080",5,13,4,9,4,9,0,0,0,0,0,13,4,9,4,9,8,10.1312042311455,9.22009266341886,0.431270433829615,31
"17405","PR","Iretama",10098,25114.59,41005,"Campo Mourão",4,"Sul",0,"411080",6,11,2,9,3,8,0,0,0,0,0,11,2,9,3,8,5,10.1312042311455,9.22009266341886,0.416945037213752,30
"17406","PR","Iretama",10098,25114.59,41005,"Campo Mourão",4,"Sul",0,"411080",7,11,1,10,2,9,0,0,0,0,0,11,1,10,2,9,2,10.1312042311455,9.22009266341886,0.416419420318721,29
"17407","PR","Itaipulândia",11385,32812.56,41024,"Foz do Iguaçu",4,"Sul",0,"411095",2,20,5,15,7,13,0,0,0,0,0,20,5,15,7,13,8,10.3985666479037,9.34005197849784,0.333335869802547,29
"17408","PR","Itaipulândia",11385,32812.56,41024,"Foz do Iguaçu",4,"Sul",0,"411095",3,27,7,20,11,16,0,0,0,0,0,27,7,20,11,16,8,10.3985666479037,9.34005197849784,0.404887815641295,31
"17409","PR","Itaipulândia",11385,32812.56,41024,"Foz do Iguaçu",4,"Sul",0,"411095",4,17,5,12,5,12,0,0,0,0,0,17,5,12,5,12,13,10.3985666479037,9.34005197849784,0.417999779890911,30
"17410","PR","Itaipulândia",11385,32812.56,41024,"Foz do Iguaçu",4,"Sul",0,"411095",5,12,2,10,5,7,0,0,0,0,0,12,2,10,5,7,8,10.3985666479037,9.34005197849784,0.389011814169642,31
"17411","PR","Itaipulândia",11385,32812.56,41024,"Foz do Iguaçu",4,"Sul",0,"411095",6,13,4,9,8,5,0,0,0,0,0,13,4,9,8,5,5,10.3985666479037,9.34005197849784,0.382921531169074,30
"17412","PR","Itaipulândia",11385,32812.56,41024,"Foz do Iguaçu",4,"Sul",0,"411095",7,13,6,7,4,9,0,0,0,0,0,13,6,7,4,9,5,10.3985666479037,9.34005197849784,0.381457417696007,29
"17413","PR","Itambé",6109,31056.55,41008,"Floraí",4,"Sul",1,"411110",2,7,1,6,3,4,0,0,0,0,0,7,1,6,3,4,2,10.3435650151953,8.71751837264977,0.318803262930342,29
"17414","PR","Itambé",6109,31056.55,41008,"Floraí",4,"Sul",1,"411110",3,9,0,9,4,5,0,0,0,0,0,9,0,9,4,5,8,10.3435650151953,8.71751837264977,0.415117975392008,31
"17415","PR","Itambé",6109,31056.55,41008,"Floraí",4,"Sul",1,"411110",4,4,1,3,2,2,0,0,0,0,0,4,1,3,2,2,4,10.3435650151953,8.71751837264977,0.440644434758993,30
"17416","PR","Itambé",6109,31056.55,41008,"Floraí",4,"Sul",1,"411110",5,7,1,6,2,5,0,0,0,0,0,7,1,6,2,5,3,10.3435650151953,8.71751837264977,0.377367019682922,31
"17417","PR","Itambé",6109,31056.55,41008,"Floraí",4,"Sul",1,"411110",6,6,0,6,4,2,0,0,0,0,0,6,0,6,4,2,6,10.3435650151953,8.71751837264977,0.366794855415533,30
"17418","PR","Itambé",6109,31056.55,41008,"Floraí",4,"Sul",1,"411110",7,10,3,7,2,8,0,0,0,0,0,10,3,7,2,8,13,10.3435650151953,8.71751837264977,0.409597120167812,29
"17419","PR","Itapejara d'Oeste",12094,52016.54,41027,"Pato Branco",4,"Sul",0,"411120",2,21,2,19,13,8,0,0,0,0,0,21,2,19,13,8,10,10.8593170239109,9.40046474083316,0.323610462688018,29
"17420","PR","Itapejara d'Oeste",12094,52016.54,41027,"Pato Branco",4,"Sul",0,"411120",3,17,0,17,6,11,0,0,0,0,0,17,0,17,6,11,5,10.8593170239109,9.40046474083316,0.395299093856203,31
"17421","PR","Itapejara d'Oeste",12094,52016.54,41027,"Pato Branco",4,"Sul",0,"411120",4,13,2,11,8,5,1,0,0,0,0,14,2,11,8,5,4,10.8593170239109,9.40046474083316,0.394906190562664,30
"17422","PR","Itapejara d'Oeste",12094,52016.54,41027,"Pato Branco",4,"Sul",0,"411120",5,10,2,8,4,6,0,0,0,0,0,10,2,8,4,6,10,10.8593170239109,9.40046474083316,0.401331142462891,31
"17423","PR","Itapejara d'Oeste",12094,52016.54,41027,"Pato Branco",4,"Sul",0,"411120",6,17,2,15,9,8,1,0,0,0,0,18,2,15,9,8,4,10.8593170239109,9.40046474083316,0.404462987638199,30
"17424","PR","Itapejara d'Oeste",12094,52016.54,41027,"Pato Branco",4,"Sul",0,"411120",7,17,4,13,7,10,0,0,0,0,0,17,4,13,7,10,2,10.8593170239109,9.40046474083316,0.391332227341134,29
"17425","PR","Itaperuçu",29070,18017.57,41037,"Curitiba",4,"Sul",1,"411125",2,57,24,33,28,29,1,0,0,0,0,58,24,33,28,29,10,9.79910267190275,10.2774619935529,0.299493218672792,29
"17426","PR","Itaperuçu",29070,18017.57,41037,"Curitiba",4,"Sul",1,"411125",3,58,20,38,23,35,0,0,0,0,0,58,20,38,23,35,16,9.79910267190275,10.2774619935529,0.383754817394014,31
"17427","PR","Itaperuçu",29070,18017.57,41037,"Curitiba",4,"Sul",1,"411125",4,42,17,25,18,24,0,0,0,0,0,42,17,25,18,24,11,9.79910267190275,10.2774619935529,0.397417448007045,30
"17428","PR","Itaperuçu",29070,18017.57,41037,"Curitiba",4,"Sul",1,"411125",5,41,15,26,19,22,0,0,0,0,0,41,15,26,19,22,17,9.79910267190275,10.2774619935529,0.372799329285433,31
"17429","PR","Itaperuçu",29070,18017.57,41037,"Curitiba",4,"Sul",1,"411125",6,53,22,31,23,30,0,0,0,0,0,53,22,31,23,30,10,9.79910267190275,10.2774619935529,0.375448648810956,30
"17430","PR","Itaperuçu",29070,18017.57,41037,"Curitiba",4,"Sul",1,"411125",7,38,18,20,16,22,0,0,0,0,0,38,18,20,16,22,16,9.79910267190275,10.2774619935529,0.397274445167715,29
"17431","PR","Ivaí",13965,27240.57,41031,"Prudentópolis",4,"Sul",0,"411140",2,23,10,13,10,13,0,0,0,0,0,23,10,13,10,13,7,10.2124626851547,9.54430947837928,0.306166466092038,29
"17432","PR","Ivaí",13965,27240.57,41031,"Prudentópolis",4,"Sul",0,"411140",3,24,6,18,9,15,0,0,0,0,0,24,6,18,9,15,6,10.2124626851547,9.54430947837928,0.382836399544534,31
"17433","PR","Ivaí",13965,27240.57,41031,"Prudentópolis",4,"Sul",0,"411140",4,14,6,8,7,7,0,0,0,0,0,14,6,8,7,7,8,10.2124626851547,9.54430947837928,0.375535739730003,30
"17434","PR","Ivaí",13965,27240.57,41031,"Prudentópolis",4,"Sul",0,"411140",5,16,6,10,5,11,0,0,0,0,0,16,6,10,5,11,5,10.2124626851547,9.54430947837928,0.423796831692504,31
"17435","PR","Ivaí",13965,27240.57,41031,"Prudentópolis",4,"Sul",0,"411140",6,13,5,8,2,11,1,0,0,0,0,14,5,8,2,11,6,10.2124626851547,9.54430947837928,0.399696978131552,30
"17436","PR","Ivaí",13965,27240.57,41031,"Prudentópolis",4,"Sul",0,"411140",7,6,3,3,3,3,0,0,0,0,0,6,3,3,3,3,9,10.2124626851547,9.54430947837928,0.430617577387845,29
"17437","PR","Ivaiporã",31935,25614.24,41013,"Ivaiporã",4,"Sul",1,"411150",2,33,2,31,8,25,0,0,0,0,0,33,2,31,8,25,32,10.150903725818,10.3714578659957,0.299686540464783,29
"17438","PR","Ivaiporã",31935,25614.24,41013,"Ivaiporã",4,"Sul",1,"411150",3,49,2,47,14,35,0,0,0,0,0,49,2,47,14,35,28,10.150903725818,10.3714578659957,0.382723353287167,31
"17439","PR","Ivaiporã",31935,25614.24,41013,"Ivaiporã",4,"Sul",1,"411150",4,42,5,37,15,27,0,0,0,0,0,42,5,37,15,27,21,10.150903725818,10.3714578659957,0.415222235149158,30
"17440","PR","Ivaiporã",31935,25614.24,41013,"Ivaiporã",4,"Sul",1,"411150",5,29,6,23,11,18,0,0,0,0,0,29,6,23,11,18,37,10.150903725818,10.3714578659957,0.383674664665353,31
"17441","PR","Ivaiporã",31935,25614.24,41013,"Ivaiporã",4,"Sul",1,"411150",6,28,4,24,9,19,0,0,0,0,0,28,4,24,9,19,23,10.150903725818,10.3714578659957,0.356683886686593,30
"17442","PR","Ivaiporã",31935,25614.24,41013,"Ivaiporã",4,"Sul",1,"411150",7,29,5,24,7,22,0,0,0,0,0,29,5,24,7,22,25,10.150903725818,10.3714578659957,0.375106461681825,29
"17443","PR","Ivaté",8240,24077.53,41002,"Umuarama",4,"Sul",0,"411155",2,15,5,10,5,10,0,0,0,0,0,15,5,10,5,10,4,10.0890343194108,9.01675562290352,0.296511913245887,29
"17444","PR","Ivaté",8240,24077.53,41002,"Umuarama",4,"Sul",0,"411155",3,12,0,12,4,8,0,0,0,0,0,12,0,12,4,8,3,10.0890343194108,9.01675562290352,0.372348690613578,31
"17445","PR","Ivaté",8240,24077.53,41002,"Umuarama",4,"Sul",0,"411155",4,11,1,10,4,7,0,0,0,0,0,11,1,10,4,7,1,10.0890343194108,9.01675562290352,0.383744206052854,30
"17446","PR","Ivaté",8240,24077.53,41002,"Umuarama",4,"Sul",0,"411155",5,2,0,2,2,0,0,0,0,0,0,2,0,2,2,0,6,10.0890343194108,9.01675562290352,0.356238669904092,31
"17447","PR","Ivaté",8240,24077.53,41002,"Umuarama",4,"Sul",0,"411155",6,10,1,9,2,8,0,0,0,0,0,10,1,9,2,8,3,10.0890343194108,9.01675562290352,0.364983848481787,30
"17448","PR","Ivaté",8240,24077.53,41002,"Umuarama",4,"Sul",0,"411155",7,6,2,4,0,6,0,0,0,0,0,6,2,4,0,6,4,10.0890343194108,9.01675562290352,0.35546101861382,29
"17449","PR","Ivatuba",3279,34521.35,41008,"Floraí",4,"Sul",0,"411160",2,7,1,6,1,6,0,0,0,0,0,7,1,6,1,6,2,10.4493332521963,8.09529377684465,0.308627671214855,29
"17450","PR","Ivatuba",3279,34521.35,41008,"Floraí",4,"Sul",0,"411160",3,1,1,0,1,0,0,0,0,0,0,1,1,0,1,0,3,10.4493332521963,8.09529377684465,0.414878352391264,31
"17451","PR","Ivatuba",3279,34521.35,41008,"Floraí",4,"Sul",0,"411160",4,5,0,5,1,4,0,0,0,0,0,5,0,5,1,4,5,10.4493332521963,8.09529377684465,0.505150550648137,30
"17452","PR","Ivatuba",3279,34521.35,41008,"Floraí",4,"Sul",0,"411160",5,0,0,0,0,0,0,0,0,0,0,0,0,0,0,0,3,10.4493332521963,8.09529377684465,0.453288568857809,31
"17453","PR","Ivatuba",3279,34521.35,41008,"Floraí",4,"Sul",0,"411160",6,2,0,2,0,2,0,0,0,0,0,2,0,2,0,2,1,10.4493332521963,8.09529377684465,0.424632355523601,30
"17454","PR","Ivatuba",3279,34521.35,41008,"Floraí",4,"Sul",0,"411160",7,0,0,0,0,0,0,0,0,0,0,0,0,0,0,0,2,10.4493332521963,8.09529377684465,0.457337603185519,29
"17455","PR","Jacarezinho",39322,34442.35,41016,"Jacarezinho",4,"Sul",1,"411180",2,77,28,49,35,42,1,0,0,0,0,78,28,49,35,42,26,10.4470421908247,10.5795394376674,0.325894402890991,29
"17456","PR","Jacarezinho",39322,34442.35,41016,"Jacarezinho",4,"Sul",1,"411180",3,101,14,87,37,64,0,0,0,0,0,101,14,87,37,64,22,10.4470421908247,10.5795394376674,0.419021645339989,31
"17457","PR","Jacarezinho",39322,34442.35,41016,"Jacarezinho",4,"Sul",1,"411180",4,54,13,41,19,35,0,0,0,0,0,54,13,41,19,35,22,10.4470421908247,10.5795394376674,0.460222655081267,30
"17458","PR","Jacarezinho",39322,34442.35,41016,"Jacarezinho",4,"Sul",1,"411180",5,63,17,46,27,36,0,0,0,0,0,63,17,46,27,36,27,10.4470421908247,10.5795394376674,0.424474912996244,31
"17459","PR","Jacarezinho",39322,34442.35,41016,"Jacarezinho",4,"Sul",1,"411180",6,56,11,45,26,30,0,0,0,0,0,56,11,45,26,30,28,10.4470421908247,10.5795394376674,0.410673261104906,30
"17460","PR","Jacarezinho",39322,34442.35,41016,"Jacarezinho",4,"Sul",1,"411180",7,54,12,42,25,29,1,0,0,0,0,55,12,42,25,29,24,10.4470421908247,10.5795394376674,0.406434078997126,29
"17461","PR","Jaguapitã",13742,57909.85,41006,"Astorga",4,"Sul",1,"411190",2,25,5,20,15,10,0,0,0,0,0,25,5,20,15,10,9,10.9666427699903,9.52821211559102,0.288667338102038,29
"17462","PR","Jaguapitã",13742,57909.85,41006,"Astorga",4,"Sul",1,"411190",3,14,3,11,7,7,0,0,0,0,0,14,3,11,7,7,11,10.9666427699903,9.52821211559102,0.373740251755755,31
"17463","PR","Jaguapitã",13742,57909.85,41006,"Astorga",4,"Sul",1,"411190",4,8,4,4,0,8,0,0,0,0,0,8,4,4,0,8,8,10.9666427699903,9.52821211559102,0.417962890632782,30
"17464","PR","Jaguapitã",13742,57909.85,41006,"Astorga",4,"Sul",1,"411190",5,21,6,15,15,6,0,0,0,0,0,21,6,15,15,6,15,10.9666427699903,9.52821211559102,0.379853440490136,31
"17465","PR","Jaguapitã",13742,57909.85,41006,"Astorga",4,"Sul",1,"411190",6,8,0,8,4,4,1,0,0,0,0,9,0,8,4,4,13,10.9666427699903,9.52821211559102,0.376894147721437,30
"17466","PR","Jaguapitã",13742,57909.85,41006,"Astorga",4,"Sul",1,"411190",7,18,3,15,7,11,0,0,0,0,0,18,3,15,7,11,8,10.9666427699903,9.52821211559102,0.387645351373663,29
"17467","PR","Jaguariaíva",35027,42684.52,41020,"Jaguariaíva",4,"Sul",1,"411200",2,88,24,64,38,50,0,0,0,0,0,88,24,64,38,50,20,10.6615916042131,10.4638744716449,0.344255898156331,29
"17468","PR","Jaguariaíva",35027,42684.52,41020,"Jaguariaíva",4,"Sul",1,"411200",3,65,14,51,30,35,0,0,0,0,0,65,14,51,30,35,24,10.6615916042131,10.4638744716449,0.43006461489599,31
"17469","PR","Jaguariaíva",35027,42684.52,41020,"Jaguariaíva",4,"Sul",1,"411200",4,52,13,39,21,31,0,0,0,0,0,52,13,39,21,31,17,10.6615916042131,10.4638744716449,0.472191245877336,30
"17470","PR","Jaguariaíva",35027,42684.52,41020,"Jaguariaíva",4,"Sul",1,"411200",5,42,11,31,21,21,2,0,0,0,0,44,11,31,21,21,27,10.6615916042131,10.4638744716449,0.456370730026,31
"17471","PR","Jaguariaíva",35027,42684.52,41020,"Jaguariaíva",4,"Sul",1,"411200",6,45,12,33,18,27,0,0,0,0,0,45,12,33,18,27,22,10.6615916042131,10.4638744716449,0.479498540586635,30
"17472","PR","Jaguariaíva",35027,42684.52,41020,"Jaguariaíva",4,"Sul",1,"411200",7,39,9,30,20,19,0,0,0,0,0,39,9,30,20,19,19,10.6615916042131,10.4638744716449,0.45634892694312,29
"17473","PR","Jandaia do Sul",21230,32094.76,41010,"Apucarana",4,"Sul",1,"411210",2,33,3,30,9,24,0,0,0,0,0,33,3,30,9,24,17,10.3764480559176,9.9631705546973,0.266031676185416,29
"17474","PR","Jandaia do Sul",21230,32094.76,41010,"Apucarana",4,"Sul",1,"411210",3,29,4,25,10,19,0,0,0,0,0,29,4,25,10,19,11,10.3764480559176,9.9631705546973,0.356059349183335,31
"17475","PR","Jandaia do Sul",21230,32094.76,41010,"Apucarana",4,"Sul",1,"411210",4,33,5,28,14,19,0,0,0,0,0,33,5,28,14,19,15,10.3764480559176,9.9631705546973,0.382772676597711,30
"17476","PR","Jandaia do Sul",21230,32094.76,41010,"Apucarana",4,"Sul",1,"411210",5,17,3,14,4,13,0,0,0,0,0,17,3,14,4,13,19,10.3764480559176,9.9631705546973,0.349312369634915,31
"17477","PR","Jandaia do Sul",21230,32094.76,41010,"Apucarana",4,"Sul",1,"411210",6,26,4,22,13,13,0,0,0,0,0,26,4,22,13,13,10,10.3764480559176,9.9631705546973,0.356568526241689,30
"17478","PR","Jandaia do Sul",21230,32094.76,41010,"Apucarana",4,"Sul",1,"411210",7,26,5,21,8,18,0,0,0,0,0,26,5,21,8,18,18,10.3764480559176,9.9631705546973,0.349958307233984,29
"17479","PR","Japurá",9500,26887.19,41003,"Cianorte",4,"Sul",0,"411240",2,8,1,7,1,7,0,0,0,0,0,8,1,7,1,7,5,10.1994052439884,9.15904707758863,0.326734094074608,29
"17480","PR","Japurá",9500,26887.19,41003,"Cianorte",4,"Sul",0,"411240",3,17,4,13,4,13,0,0,0,0,0,17,4,13,4,13,7,10.1994052439884,9.15904707758863,0.387241729879502,31
"17481","PR","Japurá",9500,26887.19,41003,"Cianorte",4,"Sul",0,"411240",4,6,1,5,3,3,0,0,0,0,0,6,1,5,3,3,4,10.1994052439884,9.15904707758863,0.429018657765054,30
"17482","PR","Japurá",9500,26887.19,41003,"Cianorte",4,"Sul",0,"411240",5,4,1,3,0,4,0,0,0,0,0,4,1,3,0,4,9,10.1994052439884,9.15904707758863,0.387072396031363,31
"17483","PR","Japurá",9500,26887.19,41003,"Cianorte",4,"Sul",0,"411240",6,6,3,3,3,3,0,0,0,0,0,6,3,3,3,3,5,10.1994052439884,9.15904707758863,0.386515835615468,30
"17484","PR","Japurá",9500,26887.19,41003,"Cianorte",4,"Sul",0,"411240",7,7,2,5,3,4,0,0,0,0,0,7,2,5,3,4,6,10.1994052439884,9.15904707758863,0.388318504111563,29
"17485","PR","Jardim Alegre",11196,22020.85,41013,"Ivaiporã",4,"Sul",0,"411250",2,19,5,14,7,12,0,0,0,0,0,19,5,14,7,12,10,9.99974501080323,9.32331185063534,0.294908771583838,29
"17486","PR","Jardim Alegre",11196,22020.85,41013,"Ivaiporã",4,"Sul",0,"411250",3,8,2,6,1,7,0,0,0,0,0,8,2,6,1,7,9,9.99974501080323,9.32331185063534,0.379005570254579,31
"17487","PR","Jardim Alegre",11196,22020.85,41013,"Ivaiporã",4,"Sul",0,"411250",4,10,2,8,4,6,1,0,0,0,0,11,2,8,4,6,17,9.99974501080323,9.32331185063534,0.407317411573174,30
"17488","PR","Jardim Alegre",11196,22020.85,41013,"Ivaiporã",4,"Sul",0,"411250",5,15,3,12,4,11,0,0,0,0,0,15,3,12,4,11,8,9.99974501080323,9.32331185063534,0.367929017951074,31
"17489","PR","Jardim Alegre",11196,22020.85,41013,"Ivaiporã",4,"Sul",0,"411250",6,9,2,7,5,4,0,0,0,0,0,9,2,7,5,4,10,9.99974501080323,9.32331185063534,0.373445534061794,30
"17490","PR","Jardim Alegre",11196,22020.85,41013,"Ivaiporã",4,"Sul",0,"411250",7,16,2,14,4,12,0,0,0,0,0,16,2,14,4,12,11,9.99974501080323,9.32331185063534,0.38926411264121,29
"17491","PR","Jataizinho",12638,15234.12,41014,"Assaí",4,"Sul",1,"411270",2,20,7,13,11,9,0,0,0,0,0,20,7,13,11,9,12,9.63129292801868,9.4444634273334,0.341519468654996,29
"17492","PR","Jataizinho",12638,15234.12,41014,"Assaí",4,"Sul",1,"411270",3,21,3,18,11,10,0,0,0,0,0,21,3,18,11,10,11,9.63129292801868,9.4444634273334,0.400714884567862,31
"17493","PR","Jataizinho",12638,15234.12,41014,"Assaí",4,"Sul",1,"411270",4,20,4,16,10,10,1,0,0,0,0,21,4,16,10,10,9,9.63129292801868,9.4444634273334,0.434696579848577,30
"17494","PR","Jataizinho",12638,15234.12,41014,"Assaí",4,"Sul",1,"411270",5,19,5,14,10,9,0,0,0,0,0,19,5,14,10,9,9,9.63129292801868,9.4444634273334,0.397193378052313,31
"17495","PR","Jataizinho",12638,15234.12,41014,"Assaí",4,"Sul",1,"411270",6,9,1,8,4,5,0,0,0,0,0,9,1,8,4,5,6,9.63129292801868,9.4444634273334,0.383570296971844,30
"17496","PR","Jataizinho",12638,15234.12,41014,"Assaí",4,"Sul",1,"411270",7,18,4,14,9,9,0,0,0,0,0,18,4,14,9,9,8,9.63129292801868,9.4444634273334,0.38658663973883,29
"17497","PR","Jesuítas",8330,40574.75,41022,"Toledo",4,"Sul",0,"411275",2,10,2,8,3,7,0,0,0,0,0,10,2,8,3,7,6,10.6109012309344,9.02761873516089,0.348330477657546,29
"17498","PR","Jesuítas",8330,40574.75,41022,"Toledo",4,"Sul",0,"411275",3,10,0,10,3,7,0,0,0,0,0,10,0,10,3,7,7,10.6109012309344,9.02761873516089,0.42918136803432,31
"17499","PR","Jesuítas",8330,40574.75,41022,"Toledo",4,"Sul",0,"411275",4,6,2,4,2,4,0,0,0,0,0,6,2,4,2,4,2,10.6109012309344,9.02761873516089,0.428692602138914,30
"17500","PR","Jesuítas",8330,40574.75,41022,"Toledo",4,"Sul",0,"411275",5,9,2,7,5,4,0,0,0,0,0,9,2,7,5,4,10,10.6109012309344,9.02761873516089,0.399121764250741,31
"17501","PR","Jesuítas",8330,40574.75,41022,"Toledo",4,"Sul",0,"411275",6,3,0,3,1,2,0,0,0,0,0,3,0,3,1,2,7,10.6109012309344,9.02761873516089,0.414139702630763,30
"17502","PR","Jesuítas",8330,40574.75,41022,"Toledo",4,"Sul",0,"411275",7,7,2,5,4,3,0,0,0,0,0,7,2,5,4,3,8,10.6109012309344,9.02761873516089,0.418812993997096,29
"17503","PR","Joaquim Távora",12009,49769.88,41018,"Wenceslau Braz",4,"Sul",0,"411280",2,20,4,16,4,16,0,0,0,0,0,20,4,16,4,16,7,10.8151652607587,9.39341164766068,0.339923470540654,29
"17504","PR","Joaquim Távora",12009,49769.88,41018,"Wenceslau Braz",4,"Sul",0,"411280",3,21,9,12,5,16,0,0,0,0,0,21,9,12,5,16,6,10.8151652607587,9.39341164766068,0.425583604887429,31
"17505","PR","Joaquim Távora",12009,49769.88,41018,"Wenceslau Braz",4,"Sul",0,"411280",4,13,5,8,4,9,0,0,0,0,0,13,5,8,4,9,6,10.8151652607587,9.39341164766068,0.451432033078518,30
"17506","PR","Joaquim Távora",12009,49769.88,41018,"Wenceslau Braz",4,"Sul",0,"411280",5,18,5,13,6,12,0,0,0,0,0,18,5,13,6,12,4,10.8151652607587,9.39341164766068,0.440331335708291,31
"17507","PR","Joaquim Távora",12009,49769.88,41018,"Wenceslau Braz",4,"Sul",0,"411280",6,20,7,13,10,10,0,0,0,0,0,20,7,13,10,10,6,10.8151652607587,9.39341164766068,0.448663285748571,30
"17508","PR","Joaquim Távora",12009,49769.88,41018,"Wenceslau Braz",4,"Sul",0,"411280",7,16,5,11,6,10,0,0,0,0,0,16,5,11,6,10,6,10.8151652607587,9.39341164766068,0.411032172919509,29
"17509","PR","Juranda",7292,45869.17,41004,"Goioerê",4,"Sul",0,"411295",2,14,2,12,6,8,0,0,0,0,0,14,2,12,6,8,7,10.7335484928123,8.89453313579855,0.272879436883876,29
"17510","PR","Juranda",7292,45869.17,41004,"Goioerê",4,"Sul",0,"411295",3,17,4,13,8,9,0,0,0,0,0,17,4,13,8,9,5,10.7335484928123,8.89453313579855,0.382219431732815,31
"17511","PR","Juranda",7292,45869.17,41004,"Goioerê",4,"Sul",0,"411295",4,10,2,8,5,5,1,0,0,0,0,11,2,8,5,5,5,10.7335484928123,8.89453313579855,0.471966214860401,30
"17512","PR","Juranda",7292,45869.17,41004,"Goioerê",4,"Sul",0,"411295",5,10,1,9,0,10,0,0,0,0,0,10,1,9,0,10,5,10.7335484928123,8.89453313579855,0.413896337543617,31
"17513","PR","Juranda",7292,45869.17,41004,"Goioerê",4,"Sul",0,"411295",6,15,3,12,4,11,0,0,0,0,0,15,3,12,4,11,5,10.7335484928123,8.89453313579855,0.401472374460243,30
"17514","PR","Juranda",7292,45869.17,41004,"Goioerê",4,"Sul",0,"411295",7,8,2,6,2,6,0,0,0,0,0,8,2,6,2,6,9,10.7335484928123,8.89453313579855,0.4304140732436,29
"17515","PR","Jussara",7041,32148.38,41003,"Cianorte",4,"Sul",0,"411300",2,7,0,7,2,5,0,0,0,0,0,7,0,7,2,5,4,10.3781173395937,8.85950548451913,0.322074979279949,29
"17516","PR","Jussara",7041,32148.38,41003,"Cianorte",4,"Sul",0,"411300",3,12,2,10,6,6,0,0,0,0,0,12,2,10,6,6,6,10.3781173395937,8.85950548451913,0.402211997167795,31
"17517","PR","Jussara",7041,32148.38,41003,"Cianorte",4,"Sul",0,"411300",4,7,2,5,2,5,0,0,0,0,0,7,2,5,2,5,6,10.3781173395937,8.85950548451913,0.411966330901957,30
"17518","PR","Jussara",7041,32148.38,41003,"Cianorte",4,"Sul",0,"411300",5,7,2,5,3,4,0,0,0,0,0,7,2,5,3,4,5,10.3781173395937,8.85950548451913,0.377141638803492,31
"17519","PR","Jussara",7041,32148.38,41003,"Cianorte",4,"Sul",0,"411300",6,6,0,6,2,4,0,0,0,0,0,6,0,6,2,4,3,10.3781173395937,8.85950548451913,0.39111104272147,30
"17520","PR","Jussara",7041,32148.38,41003,"Cianorte",4,"Sul",0,"411300",7,5,1,4,2,3,0,0,0,0,0,5,1,4,2,3,3,10.3781173395937,8.85950548451913,0.382140301961863,29
"17521","PR","Lapa",48410,34292.29,41036,"Lapa",4,"Sul",1,"411320",2,46,6,40,14,32,0,0,0,0,0,46,6,40,14,32,24,10.4426758265458,10.7874616829337,0.315189471519797,29
"17522","PR","Lapa",48410,34292.29,41036,"Lapa",4,"Sul",1,"411320",3,32,10,22,13,19,0,0,0,0,0,32,10,22,13,19,25,10.4426758265458,10.7874616829337,0.41379202744845,31
"17523","PR","Lapa",48410,34292.29,41036,"Lapa",4,"Sul",1,"411320",4,25,8,17,6,19,0,0,0,0,0,25,8,17,6,19,21,10.4426758265458,10.7874616829337,0.43894140710365,30
"17524","PR","Lapa",48410,34292.29,41036,"Lapa",4,"Sul",1,"411320",5,39,7,32,13,26,0,0,0,0,0,39,7,32,13,26,28,10.4426758265458,10.7874616829337,0.414449379938697,31
"17525","PR","Lapa",48410,34292.29,41036,"Lapa",4,"Sul",1,"411320",6,44,15,29,15,29,1,0,0,0,0,45,15,29,15,29,22,10.4426758265458,10.7874616829337,0.411313939774681,30
"17526","PR","Lapa",48410,34292.29,41036,"Lapa",4,"Sul",1,"411320",7,37,6,31,16,21,0,0,0,0,0,37,6,31,16,21,23,10.4426758265458,10.7874616829337,0.422050664474039,29
"17527","PR","Laranjeiras do Sul",32139,24175.13,41029,"Guarapuava",4,"Sul",0,"411330",2,88,25,63,30,58,0,0,0,0,0,88,25,63,30,58,22,10.0930796977631,10.3778255249307,0.320972476025742,29
"17528","PR","Laranjeiras do Sul",32139,24175.13,41029,"Guarapuava",4,"Sul",0,"411330",3,80,28,52,25,55,0,0,0,0,0,80,28,52,25,55,25,10.0930796977631,10.3778255249307,0.389446134441301,31
"17529","PR","Laranjeiras do Sul",32139,24175.13,41029,"Guarapuava",4,"Sul",0,"411330",4,32,8,24,14,18,0,0,0,0,0,32,8,24,14,18,20,10.0930796977631,10.3778255249307,0.444253499888199,30
"17530","PR","Laranjeiras do Sul",32139,24175.13,41029,"Guarapuava",4,"Sul",0,"411330",5,49,13,36,22,27,2,0,0,0,0,51,13,36,22,27,16,10.0930796977631,10.3778255249307,0.412791511025674,31
"17531","PR","Laranjeiras do Sul",32139,24175.13,41029,"Guarapuava",4,"Sul",0,"411330",6,30,6,24,11,19,0,0,0,0,0,30,6,24,11,19,14,10.0930796977631,10.3778255249307,0.39612130056135,30
"17532","PR","Laranjeiras do Sul",32139,24175.13,41029,"Guarapuava",4,"Sul",0,"411330",7,39,6,33,15,24,0,0,0,0,0,39,6,33,15,24,23,10.0930796977631,10.3778255249307,0.383532839128231,29
"17533","PR","Loanda",23242,25048.28,41001,"Paranavaí",4,"Sul",1,"411350",2,28,9,19,12,16,0,0,0,0,0,28,9,19,12,16,11,10.128560441481,10.0537162657828,0.292294402172273,29
"17534","PR","Loanda",23242,25048.28,41001,"Paranavaí",4,"Sul",1,"411350",3,25,7,18,8,17,0,0,0,0,0,25,7,18,8,17,19,10.128560441481,10.0537162657828,0.383254977482548,31
"17535","PR","Loanda",23242,25048.28,41001,"Paranavaí",4,"Sul",1,"411350",4,14,2,12,1,13,0,0,0,0,0,14,2,12,1,13,14,10.128560441481,10.0537162657828,0.385892530624303,30
"17536","PR","Loanda",23242,25048.28,41001,"Paranavaí",4,"Sul",1,"411350",5,4,0,4,0,4,0,0,0,0,0,4,0,4,0,4,10,10.128560441481,10.0537162657828,0.354093049141156,31
"17537","PR","Loanda",23242,25048.28,41001,"Paranavaí",4,"Sul",1,"411350",6,4,0,4,0,4,0,0,0,0,0,4,0,4,0,4,17,10.128560441481,10.0537162657828,0.337290374204946,30
"17538","PR","Loanda",23242,25048.28,41001,"Paranavaí",4,"Sul",1,"411350",7,3,0,3,0,3,0,0,0,0,0,3,0,3,0,3,9,10.128560441481,10.0537162657828,0.322407072623944,29
"17539","PR","Lobato",4819,38826.56,41006,"Astorga",4,"Sul",0,"411360",2,6,0,6,1,5,0,0,0,0,0,6,0,6,1,5,3,10.5668598275059,8.48032171664033,0.285164665626971,29
"17540","PR","Lobato",4819,38826.56,41006,"Astorga",4,"Sul",0,"411360",3,11,2,9,2,9,0,0,0,0,0,11,2,9,2,9,2,10.5668598275059,8.48032171664033,0.38803425087176,31
"17541","PR","Lobato",4819,38826.56,41006,"Astorga",4,"Sul",0,"411360",4,2,1,1,0,2,0,0,0,0,0,2,1,1,0,2,3,10.5668598275059,8.48032171664033,0.388408760158485,30
"17542","PR","Lobato",4819,38826.56,41006,"Astorga",4,"Sul",0,"411360",5,1,0,1,0,1,0,0,0,0,0,1,0,1,0,1,3,10.5668598275059,8.48032171664033,0.345893980954605,31
"17543","PR","Lobato",4819,38826.56,41006,"Astorga",4,"Sul",0,"411360",6,5,0,5,2,3,0,0,0,0,0,5,0,5,2,3,3,10.5668598275059,8.48032171664033,0.334475108329496,30
"17544","PR","Lobato",4819,38826.56,41006,"Astorga",4,"Sul",0,"411360",7,8,2,6,2,6,0,0,0,0,0,8,2,6,2,6,3,10.5668598275059,8.48032171664033,0.355557042636455,29
"17545","PR","Londrina",575377,35383.29,41011,"Londrina",4,"Sul",1,"411370",2,890,116,774,240,650,4,0,0,0,0,894,116,774,240,650,328,10.4739949537805,13.2627807571074,0.288996888874064,29
"17546","PR","Londrina",575377,35383.29,41011,"Londrina",4,"Sul",1,"411370",3,923,149,774,263,660,5,0,0,0,0,928,149,774,263,660,333,10.4739949537805,13.2627807571074,0.402316498242747,31
"17547","PR","Londrina",575377,35383.29,41011,"Londrina",4,"Sul",1,"411370",4,645,102,543,181,464,3,0,0,0,0,648,102,543,181,464,307,10.4739949537805,13.2627807571074,0.467576924224046,30
"17548","PR","Londrina",575377,35383.29,41011,"Londrina",4,"Sul",1,"411370",5,547,100,447,153,394,4,0,0,0,0,551,100,447,153,394,326,10.4739949537805,13.2627807571074,0.398140653600397,31
"17549","PR","Londrina",575377,35383.29,41011,"Londrina",4,"Sul",1,"411370",6,555,87,468,153,402,9,0,0,0,0,564,87,468,153,402,321,10.4739949537805,13.2627807571074,0.379247437934852,30
"17550","PR","Londrina",575377,35383.29,41011,"Londrina",4,"Sul",1,"411370",7,598,89,509,157,441,5,0,0,0,0,603,89,509,157,441,379,10.4739949537805,13.2627807571074,0.375822572716891,29
"17551","PR","Luiziana",7240,45022.98,41005,"Campo Mourão",4,"Sul",0,"411373",2,19,5,14,9,10,0,0,0,0,0,19,5,14,9,10,3,10.7149283050733,8.88737648537976,0.318820526292772,29
"17552","PR","Luiziana",7240,45022.98,41005,"Campo Mourão",4,"Sul",0,"411373",3,10,3,7,3,7,0,0,0,0,0,10,3,7,3,7,3,10.7149283050733,8.88737648537976,0.399723683021989,31
"17553","PR","Luiziana",7240,45022.98,41005,"Campo Mourão",4,"Sul",0,"411373",4,5,2,3,2,3,0,0,0,0,0,5,2,3,2,3,2,10.7149283050733,8.88737648537976,0.435515214462677,30
"17554","PR","Luiziana",7240,45022.98,41005,"Campo Mourão",4,"Sul",0,"411373",5,11,2,9,5,6,0,0,0,0,0,11,2,9,5,6,5,10.7149283050733,8.88737648537976,0.441592394562722,31
"17555","PR","Luiziana",7240,45022.98,41005,"Campo Mourão",4,"Sul",0,"411373",6,7,2,5,4,3,0,0,0,0,0,7,2,5,4,3,7,10.7149283050733,8.88737648537976,0.431736788143829,30
"17556","PR","Luiziana",7240,45022.98,41005,"Campo Mourão",4,"Sul",0,"411373",7,6,1,5,3,3,0,0,0,0,0,6,1,5,3,3,3,10.7149283050733,8.88737648537976,0.392524094255089,29
"17557","PR","Mallet",13663,52248.32,41032,"Irati",4,"Sul",0,"411390",2,24,6,18,7,17,0,0,0,0,0,24,6,18,7,17,8,10.8637630162001,9.52244672833849,0.3395826928012,29
"17558","PR","Mallet",13663,52248.32,41032,"Irati",4,"Sul",0,"411390",3,18,1,17,6,12,0,0,0,0,0,18,1,17,6,12,4,10.8637630162001,9.52244672833849,0.439884917195988,31
"17559","PR","Mallet",13663,52248.32,41032,"Irati",4,"Sul",0,"411390",4,15,1,14,5,10,0,0,0,0,0,15,1,14,5,10,6,10.8637630162001,9.52244672833849,0.450346647591234,30
"17560","PR","Mallet",13663,52248.32,41032,"Irati",4,"Sul",0,"411390",5,9,2,7,2,7,0,0,0,0,0,9,2,7,2,7,8,10.8637630162001,9.52244672833849,0.437300596737707,31
"17561","PR","Mallet",13663,52248.32,41032,"Irati",4,"Sul",0,"411390",6,14,4,10,2,12,0,0,0,0,0,14,4,10,2,12,13,10.8637630162001,9.52244672833849,0.436868912694629,30
"17562","PR","Mallet",13663,52248.32,41032,"Irati",4,"Sul",0,"411390",7,20,5,15,8,12,1,0,0,0,0,21,5,15,8,12,11,10.8637630162001,9.52244672833849,0.437307739785018,29
"17563","PR","Mamborê",13014,41062.6,41005,"Campo Mourão",4,"Sul",0,"411400",2,17,2,15,6,11,0,0,0,0,0,17,2,15,6,11,5,10.622853010536,9.47378098005493,0.349644035032903,29
"17564","PR","Mamborê",13014,41062.6,41005,"Campo Mourão",4,"Sul",0,"411400",3,26,3,23,9,17,0,0,0,0,0,26,3,23,9,17,7,10.622853010536,9.47378098005493,0.399353810757552,31
"17565","PR","Mamborê",13014,41062.6,41005,"Campo Mourão",4,"Sul",0,"411400",4,24,8,16,13,11,0,0,0,0,0,24,8,16,13,11,7,10.622853010536,9.47378098005493,0.411482418356812,30
"17566","PR","Mamborê",13014,41062.6,41005,"Campo Mourão",4,"Sul",0,"411400",5,20,6,14,4,16,0,0,0,0,0,20,6,14,4,16,6,10.622853010536,9.47378098005493,0.370812088317254,31
"17567","PR","Mamborê",13014,41062.6,41005,"Campo Mourão",4,"Sul",0,"411400",6,8,1,7,4,4,0,0,0,0,0,8,1,7,4,4,14,10.622853010536,9.47378098005493,0.384032963749601,30
"17568","PR","Mamborê",13014,41062.6,41005,"Campo Mourão",4,"Sul",0,"411400",7,16,3,13,4,12,1,0,0,0,0,17,3,13,4,12,11,10.622853010536,9.47378098005493,0.375234438007546,29
"17569","PR","Mandaguaçu",23100,24761.97,41006,"Astorga",4,"Sul",1,"411410",2,64,11,53,19,45,1,0,0,0,0,65,11,53,19,45,6,10.1170642874461,10.0475878965099,0.300190941764644,29
"17570","PR","Mandaguaçu",23100,24761.97,41006,"Astorga",4,"Sul",1,"411410",3,68,13,55,24,44,1,0,0,0,0,69,13,55,24,44,18,10.1170642874461,10.0475878965099,0.406485134117013,31
"17571","PR","Mandaguaçu",23100,24761.97,41006,"Astorga",4,"Sul",1,"411410",4,47,8,39,17,30,0,0,0,0,0,47,8,39,17,30,17,10.1170642874461,10.0475878965099,0.443095312777899,30
"17572","PR","Mandaguaçu",23100,24761.97,41006,"Astorga",4,"Sul",1,"411410",5,42,13,29,18,24,0,0,0,0,0,42,13,29,18,24,18,10.1170642874461,10.0475878965099,0.386088478206991,31
"17573","PR","Mandaguaçu",23100,24761.97,41006,"Astorga",4,"Sul",1,"411410",6,39,7,32,10,29,0,0,0,0,0,39,7,32,10,29,15,10.1170642874461,10.0475878965099,0.367897616865772,30
"17574","PR","Mandaguaçu",23100,24761.97,41006,"Astorga",4,"Sul",1,"411410",7,46,5,41,17,29,0,0,0,0,0,46,5,41,17,29,11,10.1170642874461,10.0475878965099,0.371304445471647,29
"17575","PR","Mandaguari",34515,45662.87,41009,"Maringá",4,"Sul",1,"411420",2,67,5,62,21,46,0,0,0,0,0,67,5,62,21,46,21,10.7290407739998,10.4491492911376,0.300583218521779,29
"17576","PR","Mandaguari",34515,45662.87,41009,"Maringá",4,"Sul",1,"411420",3,55,14,41,21,34,0,0,0,0,0,55,14,41,21,34,21,10.7290407739998,10.4491492911376,0.383670687671485,31
"17577","PR","Mandaguari",34515,45662.87,41009,"Maringá",4,"Sul",1,"411420",4,47,11,36,16,31,0,0,0,0,0,47,11,36,16,31,20,10.7290407739998,10.4491492911376,0.417721766695557,30
"17578","PR","Mandaguari",34515,45662.87,41009,"Maringá",4,"Sul",1,"411420",5,42,6,36,12,30,0,0,0,0,0,42,6,36,12,30,27,10.7290407739998,10.4491492911376,0.371242540729969,31
"17579","PR","Mandaguari",34515,45662.87,41009,"Maringá",4,"Sul",1,"411420",6,33,8,25,12,21,0,0,0,0,0,33,8,25,12,21,21,10.7290407739998,10.4491492911376,0.363773480926379,30
"17580","PR","Mandaguari",34515,45662.87,41009,"Maringá",4,"Sul",1,"411420",7,54,8,46,16,38,1,0,0,0,0,55,8,46,16,38,33,10.7290407739998,10.4491492911376,0.361540896756597,29
"17581","PR","Mandirituba",27315,23214.18,41037,"Curitiba",4,"Sul",1,"411430",2,50,18,32,15,35,0,0,0,0,0,50,18,32,15,35,11,10.0525185778401,10.2151912808298,0.305792508489965,29
"17582","PR","Mandirituba",27315,23214.18,41037,"Curitiba",4,"Sul",1,"411430",3,44,12,32,20,24,0,0,0,0,0,44,12,32,20,24,9,10.0525185778401,10.2151912808298,0.40041623660421,31
"17583","PR","Mandirituba",27315,23214.18,41037,"Curitiba",4,"Sul",1,"411430",4,39,7,32,13,26,0,0,0,0,0,39,7,32,13,26,11,10.0525185778401,10.2151912808298,0.428248826683652,30
"17584","PR","Mandirituba",27315,23214.18,41037,"Curitiba",4,"Sul",1,"411430",5,31,8,23,12,19,0,0,0,0,0,31,8,23,12,19,13,10.0525185778401,10.2151912808298,0.410174296857933,31
"17585","PR","Mandirituba",27315,23214.18,41037,"Curitiba",4,"Sul",1,"411430",6,28,7,21,17,11,0,0,0,0,0,28,7,21,17,11,18,10.0525185778401,10.2151912808298,0.416227769048601,30
"17586","PR","Mandirituba",27315,23214.18,41037,"Curitiba",4,"Sul",1,"411430",7,28,8,20,17,11,0,0,0,0,0,28,8,20,17,11,24,10.0525185778401,10.2151912808298,0.427946188208462,29
"17587","PR","Mangueirinha",16642,80180.85,41030,"Palmas",4,"Sul",0,"411440",2,44,15,29,17,27,0,0,0,0,0,44,15,29,17,27,7,11.2920399872877,9.71968489946038,0.306803328891021,29
"17588","PR","Mangueirinha",16642,80180.85,41030,"Palmas",4,"Sul",0,"411440",3,45,9,36,15,30,0,0,0,0,0,45,9,36,15,30,9,11.2920399872877,9.71968489946038,0.378206473134864,31
"17589","PR","Mangueirinha",16642,80180.85,41030,"Palmas",4,"Sul",0,"411440",4,33,6,27,13,20,0,0,0,0,0,33,6,27,13,20,9,11.2920399872877,9.71968489946038,0.399058430691093,30
"17590","PR","Mangueirinha",16642,80180.85,41030,"Palmas",4,"Sul",0,"411440",5,22,8,14,13,9,0,0,0,0,0,22,8,14,13,9,9,11.2920399872877,9.71968489946038,0.391602553517162,31
"17591","PR","Mangueirinha",16642,80180.85,41030,"Palmas",4,"Sul",0,"411440",6,31,11,20,17,14,1,0,0,0,0,32,11,20,17,14,11,11.2920399872877,9.71968489946038,0.371485458562915,30
"17592","PR","Mangueirinha",16642,80180.85,41030,"Palmas",4,"Sul",0,"411440",7,27,10,17,13,14,0,0,0,0,0,27,10,17,13,14,8,11.2920399872877,9.71968489946038,0.370348859446476,29
"17593","PR","Manoel Ribas",13510,28109.94,41013,"Ivaiporã",4,"Sul",0,"411450",2,17,8,9,6,11,0,0,0,0,0,17,8,9,6,11,5,10.2438785294266,9.51118543095424,0.299531643644996,29
"17594","PR","Manoel Ribas",13510,28109.94,41013,"Ivaiporã",4,"Sul",0,"411450",3,28,11,17,7,21,1,0,0,0,0,29,11,17,7,21,12,10.2438785294266,9.51118543095424,0.345291118888583,31
"17595","PR","Manoel Ribas",13510,28109.94,41013,"Ivaiporã",4,"Sul",0,"411450",4,11,6,5,5,6,0,0,0,0,0,11,6,5,5,6,5,10.2438785294266,9.51118543095424,0.408633433719117,30
"17596","PR","Manoel Ribas",13510,28109.94,41013,"Ivaiporã",4,"Sul",0,"411450",5,16,3,13,7,9,0,0,0,0,0,16,3,13,7,9,2,10.2438785294266,9.51118543095424,0.388160581646742,31
"17597","PR","Manoel Ribas",13510,28109.94,41013,"Ivaiporã",4,"Sul",0,"411450",6,17,4,13,8,9,0,0,0,0,0,17,4,13,8,9,6,10.2438785294266,9.51118543095424,0.380950655315089,30
"17598","PR","Manoel Ribas",13510,28109.94,41013,"Ivaiporã",4,"Sul",0,"411450",7,15,5,10,4,11,0,0,0,0,0,15,5,10,4,11,14,10.2438785294266,9.51118543095424,0.354975035958068,29
"17599","PR","Marechal Cândido Rondon",53495,44732.8,41022,"Toledo",4,"Sul",1,"411460",2,105,24,81,36,69,0,0,0,0,0,105,24,81,36,69,32,10.7084622922768,10.8873434705727,0.329441796111553,29
"17600","PR","Marechal Cândido Rondon",53495,44732.8,41022,"Toledo",4,"Sul",1,"411460",3,102,15,87,33,69,0,0,0,0,0,102,15,87,33,69,42,10.7084622922768,10.8873434705727,0.424538708296565,31
"17601","PR","Marechal Cândido Rondon",53495,44732.8,41022,"Toledo",4,"Sul",1,"411460",4,60,13,47,13,47,0,0,0,0,0,60,13,47,13,47,29,10.7084622922768,10.8873434705727,0.445465164345729,30
"17602","PR","Marechal Cândido Rondon",53495,44732.8,41022,"Toledo",4,"Sul",1,"411460",5,87,17,70,25,62,0,0,0,0,0,87,17,70,25,62,31,10.7084622922768,10.8873434705727,0.411232142214087,31
"17603","PR","Marechal Cândido Rondon",53495,44732.8,41022,"Toledo",4,"Sul",1,"411460",6,70,11,59,22,48,0,0,0,0,0,70,11,59,22,48,27,10.7084622922768,10.8873434705727,0.405237152993293,30
"17604","PR","Marechal Cândido Rondon",53495,44732.8,41022,"Toledo",4,"Sul",1,"411460",7,68,8,60,17,51,1,0,0,0,0,69,8,60,17,51,33,10.7084622922768,10.8873434705727,0.410264766574084,29
"17605","PR","Marialva",35804,42116.89,41009,"Maringá",4,"Sul",1,"411480",2,87,14,73,25,62,0,0,0,0,0,87,14,73,25,62,16,10.6482041268647,10.4858148979908,0.289774502328333,29
"17606","PR","Marialva",35804,42116.89,41009,"Maringá",4,"Sul",1,"411480",3,84,13,71,22,62,0,0,0,0,0,84,13,71,22,62,29,10.6482041268647,10.4858148979908,0.393953718952398,31
"17607","PR","Marialva",35804,42116.89,41009,"Maringá",4,"Sul",1,"411480",4,58,10,48,21,37,0,0,0,0,0,58,10,48,21,37,27,10.6482041268647,10.4858148979908,0.422316368477062,30
"17608","PR","Marialva",35804,42116.89,41009,"Maringá",4,"Sul",1,"411480",5,58,12,46,17,41,0,0,0,0,0,58,12,46,17,41,24,10.6482041268647,10.4858148979908,0.371196442834258,31
"17609","PR","Marialva",35804,42116.89,41009,"Maringá",4,"Sul",1,"411480",6,45,7,38,18,27,0,0,0,0,0,45,7,38,18,27,17,10.6482041268647,10.4858148979908,0.358969331019178,30
"17610","PR","Marialva",35804,42116.89,41009,"Maringá",4,"Sul",1,"411480",7,43,6,37,12,31,0,0,0,0,0,43,6,37,12,31,19,10.6482041268647,10.4858148979908,0.358757712414051,29
"17611","PR","Marilândia do Sul",8814,37610.62,41010,"Apucarana",4,"Sul",0,"411490",2,18,6,12,9,9,0,0,0,0,0,18,6,12,9,9,4,10.5350417363059,9.08409664540193,0.337060506653226,29
"17612","PR","Marilândia do Sul",8814,37610.62,41010,"Apucarana",4,"Sul",0,"411490",3,18,2,16,11,7,0,0,0,0,0,18,2,16,11,7,9,10.5350417363059,9.08409664540193,0.398044588974309,31
"17613","PR","Marilândia do Sul",8814,37610.62,41010,"Apucarana",4,"Sul",0,"411490",4,15,4,11,4,11,0,0,0,0,0,15,4,11,4,11,5,10.5350417363059,9.08409664540193,0.442045723629275,30
"17614","PR","Marilândia do Sul",8814,37610.62,41010,"Apucarana",4,"Sul",0,"411490",5,5,1,4,2,3,0,0,0,0,0,5,1,4,2,3,5,10.5350417363059,9.08409664540193,0.404407015508321,31
"17615","PR","Marilândia do Sul",8814,37610.62,41010,"Apucarana",4,"Sul",0,"411490",6,7,3,4,2,5,0,0,0,0,0,7,3,4,2,5,12,10.5350417363059,9.08409664540193,0.409064188956102,30
"17616","PR","Marilândia do Sul",8814,37610.62,41010,"Apucarana",4,"Sul",0,"411490",7,10,3,7,4,6,0,0,0,0,0,10,3,7,4,6,9,10.5350417363059,9.08409664540193,0.412762922385299,29
"17617","PR","Marilena",7084,19342.54,41001,"Paranavaí",4,"Sul",0,"411500",2,10,3,7,2,8,0,0,0,0,0,10,3,7,2,8,5,9.87006209440648,8.86559399890272,0.336169783591738,29
"17618","PR","Marilena",7084,19342.54,41001,"Paranavaí",4,"Sul",0,"411500",3,17,2,15,6,11,0,0,0,0,0,17,2,15,6,11,4,9.87006209440648,8.86559399890272,0.400539977214599,31
"17619","PR","Marilena",7084,19342.54,41001,"Paranavaí",4,"Sul",0,"411500",4,9,2,7,3,6,0,0,0,0,0,9,2,7,3,6,4,9.87006209440648,8.86559399890272,0.437028454161441,30
"17620","PR","Marilena",7084,19342.54,41001,"Paranavaí",4,"Sul",0,"411500",5,5,3,2,1,4,0,0,0,0,0,5,3,2,1,4,2,9.87006209440648,8.86559399890272,0.411934911877761,31
"17621","PR","Marilena",7084,19342.54,41001,"Paranavaí",4,"Sul",0,"411500",6,7,2,5,2,5,0,0,0,0,0,7,2,5,2,5,2,9.87006209440648,8.86559399890272,0.389678890719442,30
"17622","PR","Marilena",7084,19342.54,41001,"Paranavaí",4,"Sul",0,"411500",7,10,1,9,2,8,0,0,0,0,0,10,1,9,2,8,5,9.87006209440648,8.86559399890272,0.412415979385365,29
"17623","PR","Mariluz",10336,22238.9,41002,"Umuarama",4,"Sul",0,"411510",2,18,4,14,3,15,0,0,0,0,0,18,4,14,3,15,10,10.0095982867097,9.24338822602238,0.295475224664528,29
"17624","PR","Mariluz",10336,22238.9,41002,"Umuarama",4,"Sul",0,"411510",3,16,4,12,8,8,2,0,0,0,0,18,4,12,8,8,5,10.0095982867097,9.24338822602238,0.359801319865981,31
"17625","PR","Mariluz",10336,22238.9,41002,"Umuarama",4,"Sul",0,"411510",4,13,3,10,3,10,0,0,0,0,0,13,3,10,3,10,7,10.0095982867097,9.24338822602238,0.379826898763198,30
"17626","PR","Mariluz",10336,22238.9,41002,"Umuarama",4,"Sul",0,"411510",5,13,4,9,8,5,0,0,0,0,0,13,4,9,8,5,11,10.0095982867097,9.24338822602238,0.340189925211524,31
"17627","PR","Mariluz",10336,22238.9,41002,"Umuarama",4,"Sul",0,"411510",6,8,3,5,2,6,0,0,0,0,0,8,3,5,2,6,3,10.0095982867097,9.24338822602238,0.353346760055293,30
"17628","PR","Mariluz",10336,22238.9,41002,"Umuarama",4,"Sul",0,"411510",7,11,4,7,4,7,0,0,0,0,0,11,4,7,4,7,8,10.0095982867097,9.24338822602238,0.359508601001603,29
"17629","PR","Maringá",430157,44442.52,41009,"Maringá",4,"Sul",1,"411520",2,662,69,593,134,528,4,0,0,0,0,666,69,593,134,528,183,10.7019519478164,12.9719055373101,0.291788053861062,29
"17630","PR","Maringá",430157,44442.52,41009,"Maringá",4,"Sul",1,"411520",3,692,97,595,146,546,1,0,0,0,0,693,97,595,146,546,231,10.7019519478164,12.9719055373101,0.426142476531364,31
"17631","PR","Maringá",430157,44442.52,41009,"Maringá",4,"Sul",1,"411520",4,439,53,386,95,344,2,0,0,0,0,441,53,386,95,344,191,10.7019519478164,12.9719055373101,0.481299240324792,30
"17632","PR","Maringá",430157,44442.52,41009,"Maringá",4,"Sul",1,"411520",5,410,39,371,84,326,5,0,0,0,0,415,39,371,84,326,211,10.7019519478164,12.9719055373101,0.40608890984634,31
"17633","PR","Maringá",430157,44442.52,41009,"Maringá",4,"Sul",1,"411520",6,399,48,351,79,320,3,0,0,0,0,402,48,351,79,320,214,10.7019519478164,12.9719055373101,0.380730625693026,30
"17634","PR","Maringá",430157,44442.52,41009,"Maringá",4,"Sul",1,"411520",7,392,46,346,87,305,2,0,0,0,0,394,46,346,87,305,247,10.7019519478164,12.9719055373101,0.378429465748767,29
"17635","PR","Maripá",5582,62613.28,41022,"Toledo",4,"Sul",0,"411535",2,10,3,7,2,8,0,0,0,0,0,10,3,7,2,8,5,11.0447326751646,8.62730241409627,0.382957481472358,29
"17636","PR","Maripá",5582,62613.28,41022,"Toledo",4,"Sul",0,"411535",3,14,5,9,6,8,0,0,0,0,0,14,5,9,6,8,5,11.0447326751646,8.62730241409627,0.439105560738885,31
"17637","PR","Maripá",5582,62613.28,41022,"Toledo",4,"Sul",0,"411535",4,5,3,2,3,2,0,0,0,0,0,5,3,2,3,2,5,11.0447326751646,8.62730241409627,0.446964208830915,30
"17638","PR","Maripá",5582,62613.28,41022,"Toledo",4,"Sul",0,"411535",5,8,3,5,1,7,1,0,0,0,0,9,3,5,1,7,8,11.0447326751646,8.62730241409627,0.439115761047596,31
"17639","PR","Maripá",5582,62613.28,41022,"Toledo",4,"Sul",0,"411535",6,5,2,3,1,4,0,0,0,0,0,5,2,3,1,4,8,11.0447326751646,8.62730241409627,0.43480024704589,30
"17640","PR","Maripá",5582,62613.28,41022,"Toledo",4,"Sul",0,"411535",7,4,1,3,1,3,0,0,0,0,0,4,1,3,1,3,4,11.0447326751646,8.62730241409627,0.449452424523626,29
"17641","PR","Marmeleiro",14387,31572.28,41026,"Francisco Beltrão",4,"Sul",0,"411540",2,29,6,23,9,20,1,0,0,0,0,30,6,23,9,20,4,10.3600347994067,9.57408030003703,0.317058088459967,29
"17642","PR","Marmeleiro",14387,31572.28,41026,"Francisco Beltrão",4,"Sul",0,"411540",3,21,5,16,5,16,0,0,0,0,0,21,5,16,5,16,5,10.3600347994067,9.57408030003703,0.415895312607173,31
"17643","PR","Marmeleiro",14387,31572.28,41026,"Francisco Beltrão",4,"Sul",0,"411540",4,21,6,15,5,16,0,0,0,0,0,21,6,15,5,16,7,10.3600347994067,9.57408030003703,0.425342992090327,30
"17644","PR","Marmeleiro",14387,31572.28,41026,"Francisco Beltrão",4,"Sul",0,"411540",5,17,3,14,6,11,0,0,0,0,0,17,3,14,6,11,8,10.3600347994067,9.57408030003703,0.391370511435115,31
"17645","PR","Marmeleiro",14387,31572.28,41026,"Francisco Beltrão",4,"Sul",0,"411540",6,19,2,17,10,9,0,0,0,0,0,19,2,17,10,9,12,10.3600347994067,9.57408030003703,0.395043359177467,30
"17646","PR","Marmeleiro",14387,31572.28,41026,"Francisco Beltrão",4,"Sul",0,"411540",7,21,6,15,10,11,0,0,0,0,0,21,6,15,10,11,6,10.3600347994067,9.57408030003703,0.381433249044806,29
"17647","PR","Matelândia",18107,51478.22,41024,"Foz do Iguaçu",4,"Sul",0,"411560",2,39,11,28,20,19,0,0,0,0,0,39,11,28,20,19,7,10.8489140845777,9.80405388282064,0.359272642096329,29
"17648","PR","Matelândia",18107,51478.22,41024,"Foz do Iguaçu",4,"Sul",0,"411560",3,45,10,35,18,27,0,0,0,0,0,45,10,35,18,27,8,10.8489140845777,9.80405388282064,0.457905029287268,31
"17649","PR","Matelândia",18107,51478.22,41024,"Foz do Iguaçu",4,"Sul",0,"411560",4,31,6,25,8,23,0,0,0,0,0,31,6,25,8,23,6,10.8489140845777,9.80405388282064,0.469188791823547,30
"17650","PR","Matelândia",18107,51478.22,41024,"Foz do Iguaçu",4,"Sul",0,"411560",5,38,10,28,15,23,0,0,0,0,0,38,10,28,15,23,5,10.8489140845777,9.80405388282064,0.426296933675508,31
"17651","PR","Matelândia",18107,51478.22,41024,"Foz do Iguaçu",4,"Sul",0,"411560",6,26,6,20,12,14,0,0,0,0,0,26,6,20,12,14,11,10.8489140845777,9.80405388282064,0.4338435515588,30
"17652","PR","Matelândia",18107,51478.22,41024,"Foz do Iguaçu",4,"Sul",0,"411560",7,32,11,21,13,19,0,0,0,0,0,32,11,21,13,19,13,10.8489140845777,9.80405388282064,0.43416262042047,29
"17653","PR","Matinhos",35219,22284.64,41038,"Paranaguá",4,"Sul",1,"411570",2,65,21,44,30,35,0,0,0,0,0,65,21,44,30,35,25,10.0116529308863,10.4693409886886,0.333017664458321,29
"17654","PR","Matinhos",35219,22284.64,41038,"Paranaguá",4,"Sul",1,"411570",3,63,22,41,29,34,1,0,0,0,0,64,22,41,29,34,33,10.0116529308863,10.4693409886886,0.446393815624778,31
"17655","PR","Matinhos",35219,22284.64,41038,"Paranaguá",4,"Sul",1,"411570",4,42,13,29,20,22,0,0,0,0,0,42,13,29,20,22,21,10.0116529308863,10.4693409886886,0.50551187486288,30
"17656","PR","Matinhos",35219,22284.64,41038,"Paranaguá",4,"Sul",1,"411570",5,34,9,25,18,16,0,0,0,0,0,34,9,25,18,16,25,10.0116529308863,10.4693409886886,0.454915115299558,31
"17657","PR","Matinhos",35219,22284.64,41038,"Paranaguá",4,"Sul",1,"411570",6,46,14,32,25,21,0,0,0,0,0,46,14,32,25,21,20,10.0116529308863,10.4693409886886,0.45563972534163,30
"17658","PR","Matinhos",35219,22284.64,41038,"Paranaguá",4,"Sul",1,"411570",7,52,18,34,19,33,2,0,0,0,0,54,18,34,19,33,30,10.0116529308863,10.4693409886886,0.478799639185475,29
"17659","PR","Mauá da Serra",10800,28379.51,41010,"Apucarana",4,"Sul",0,"411575",2,30,9,21,13,17,0,0,0,0,0,30,9,21,13,17,1,10.2534226848849,9.28730141311231,0.323701958240266,29
"17660","PR","Mauá da Serra",10800,28379.51,41010,"Apucarana",4,"Sul",0,"411575",3,22,11,11,8,14,0,0,0,0,0,22,11,11,8,14,3,10.2534226848849,9.28730141311231,0.383882234038143,31
"17661","PR","Mauá da Serra",10800,28379.51,41010,"Apucarana",4,"Sul",0,"411575",4,25,9,16,14,11,0,0,0,0,0,25,9,16,14,11,5,10.2534226848849,9.28730141311231,0.415632339347805,30
"17662","PR","Mauá da Serra",10800,28379.51,41010,"Apucarana",4,"Sul",0,"411575",5,15,5,10,7,8,0,0,0,0,0,15,5,10,7,8,4,10.2534226848849,9.28730141311231,0.382303813768916,31
"17663","PR","Mauá da Serra",10800,28379.51,41010,"Apucarana",4,"Sul",0,"411575",6,16,8,8,5,11,0,0,0,0,0,16,8,8,5,11,4,10.2534226848849,9.28730141311231,0.371727448461066,30
"17664","PR","Mauá da Serra",10800,28379.51,41010,"Apucarana",4,"Sul",0,"411575",7,15,3,12,5,10,0,0,0,0,0,15,3,12,5,10,6,10.2534226848849,9.28730141311231,0.372885883452505,29
"17665","PR","Medianeira",46574,42116.01,41024,"Foz do Iguaçu",4,"Sul",1,"411580",2,121,37,84,35,86,0,0,0,0,0,121,37,84,35,86,24,10.6481832324161,10.7487977244932,0.341347769865269,29
"17666","PR","Medianeira",46574,42116.01,41024,"Foz do Iguaçu",4,"Sul",1,"411580",3,141,37,104,45,96,0,0,0,0,0,141,37,104,45,96,31,10.6481832324161,10.7487977244932,0.435105741739217,31
"17667","PR","Medianeira",46574,42116.01,41024,"Foz do Iguaçu",4,"Sul",1,"411580",4,69,19,50,23,46,0,0,0,0,0,69,19,50,23,46,18,10.6481832324161,10.7487977244932,0.468441034982066,30
"17668","PR","Medianeira",46574,42116.01,41024,"Foz do Iguaçu",4,"Sul",1,"411580",5,62,19,43,22,40,1,0,0,0,0,63,19,43,22,40,18,10.6481832324161,10.7487977244932,0.419303610474433,31
"17669","PR","Medianeira",46574,42116.01,41024,"Foz do Iguaçu",4,"Sul",1,"411580",6,70,23,47,24,46,1,0,0,0,0,71,23,47,24,46,26,10.6481832324161,10.7487977244932,0.424833433892093,30
"17670","PR","Medianeira",46574,42116.01,41024,"Foz do Iguaçu",4,"Sul",1,"411580",7,69,23,46,24,45,1,0,0,0,0,70,23,46,24,45,32,10.6481832324161,10.7487977244932,0.420491384939517,29
"17671","PR","Missal",10704,32446.53,41024,"Foz do Iguaçu",4,"Sul",0,"411605",2,21,5,16,5,16,0,0,0,0,0,21,5,16,5,16,8,10.3873487826702,9.27837278236801,0.320652083877225,29
"17672","PR","Missal",10704,32446.53,41024,"Foz do Iguaçu",4,"Sul",0,"411605",3,18,4,14,4,14,0,0,0,0,0,18,4,14,4,14,5,10.3873487826702,9.27837278236801,0.415696893509577,31
"17673","PR","Missal",10704,32446.53,41024,"Foz do Iguaçu",4,"Sul",0,"411605",4,7,6,1,3,4,0,0,0,0,0,7,6,1,3,4,9,10.3873487826702,9.27837278236801,0.470443819957666,30
"17674","PR","Missal",10704,32446.53,41024,"Foz do Iguaçu",4,"Sul",0,"411605",5,7,1,6,2,5,0,0,0,0,0,7,1,6,2,5,15,10.3873487826702,9.27837278236801,0.440924436879513,31
"17675","PR","Missal",10704,32446.53,41024,"Foz do Iguaçu",4,"Sul",0,"411605",6,9,4,5,4,5,0,0,0,0,0,9,4,5,4,5,8,10.3873487826702,9.27837278236801,0.44984314255774,30
"17676","PR","Missal",10704,32446.53,41024,"Foz do Iguaçu",4,"Sul",0,"411605",7,8,3,5,4,4,0,0,0,0,0,8,3,5,4,4,8,10.3873487826702,9.27837278236801,0.442880933820615,29
"17677","PR","Moreira Sales",12042,25425.59,41004,"Goioerê",4,"Sul",0,"411610",2,6,2,4,0,6,0,0,0,0,0,6,2,4,0,6,7,10.1435114261539,9.39615581802439,0.309581787996148,29
"17678","PR","Moreira Sales",12042,25425.59,41004,"Goioerê",4,"Sul",0,"411610",3,24,3,21,12,12,0,0,0,0,0,24,3,21,12,12,6,10.1435114261539,9.39615581802439,0.384964912075841,31
"17679","PR","Moreira Sales",12042,25425.59,41004,"Goioerê",4,"Sul",0,"411610",4,10,2,8,3,7,0,0,0,0,0,10,2,8,3,7,18,10.1435114261539,9.39615581802439,0.394491048711986,30
"17680","PR","Moreira Sales",12042,25425.59,41004,"Goioerê",4,"Sul",0,"411610",5,14,6,8,4,10,0,0,0,0,0,14,6,8,4,10,10,10.1435114261539,9.39615581802439,0.366724346623117,31
"17681","PR","Moreira Sales",12042,25425.59,41004,"Goioerê",4,"Sul",0,"411610",6,9,1,8,6,3,0,0,0,0,0,9,1,8,6,3,14,10.1435114261539,9.39615581802439,0.367155484269505,30
"17682","PR","Moreira Sales",12042,25425.59,41004,"Goioerê",4,"Sul",0,"411610",7,12,2,10,4,8,0,0,0,0,0,12,2,10,4,8,14,10.1435114261539,9.39615581802439,0.367923741430909,29
"17683","PR","Morretes",16446,20421.98,41038,"Paranaguá",4,"Sul",0,"411620",2,24,7,17,11,13,0,0,0,0,0,24,7,17,11,13,11,9.92436705077899,9.70783756553084,0.335555264716424,29
"17684","PR","Morretes",16446,20421.98,41038,"Paranaguá",4,"Sul",0,"411620",3,39,12,27,14,25,0,0,0,0,0,39,12,27,14,25,10,9.92436705077899,9.70783756553084,0.436948800158803,31
"17685","PR","Morretes",16446,20421.98,41038,"Paranaguá",4,"Sul",0,"411620",4,18,7,11,7,11,0,0,0,0,0,18,7,11,7,11,11,9.92436705077899,9.70783756553084,0.460792228969755,30
"17686","PR","Morretes",16446,20421.98,41038,"Paranaguá",4,"Sul",0,"411620",5,9,3,6,3,6,0,0,0,0,0,9,3,6,3,6,11,9.92436705077899,9.70783756553084,0.438919652595611,31
"17687","PR","Morretes",16446,20421.98,41038,"Paranaguá",4,"Sul",0,"411620",6,13,6,7,6,7,0,0,0,0,0,13,6,7,6,7,15,9.92436705077899,9.70783756553084,0.449063129654582,30
"17688","PR","Morretes",16446,20421.98,41038,"Paranaguá",4,"Sul",0,"411620",7,15,3,12,3,12,0,0,0,0,0,15,3,12,3,12,19,9.92436705077899,9.70783756553084,0.471784621617252,29
"17689","PR","Munhoz de Melo",4009,24148.09,41006,"Astorga",4,"Sul",0,"411630",2,8,2,6,4,4,0,0,0,0,0,8,2,6,4,4,3,10.0919605669261,8.29629711264251,0.326233595378239,29
"17690","PR","Munhoz de Melo",4009,24148.09,41006,"Astorga",4,"Sul",0,"411630",3,7,1,6,5,2,0,0,0,0,0,7,1,6,5,2,1,10.0919605669261,8.29629711264251,0.390670295693812,31
"17691","PR","Munhoz de Melo",4009,24148.09,41006,"Astorga",4,"Sul",0,"411630",4,9,3,6,4,5,0,0,0,0,0,9,3,6,4,5,4,10.0919605669261,8.29629711264251,0.405731080160612,30
"17692","PR","Munhoz de Melo",4009,24148.09,41006,"Astorga",4,"Sul",0,"411630",5,0,0,0,0,0,0,0,0,0,0,0,0,0,0,0,1,10.0919605669261,8.29629711264251,0.389710564739289,31
"17693","PR","Munhoz de Melo",4009,24148.09,41006,"Astorga",4,"Sul",0,"411630",6,3,1,2,1,2,0,0,0,0,0,3,1,2,1,2,1,10.0919605669261,8.29629711264251,0.410702238516749,30
"17694","PR","Munhoz de Melo",4009,24148.09,41006,"Astorga",4,"Sul",0,"411630",7,4,0,4,3,1,0,0,0,0,0,4,0,4,3,1,3,10.0919605669261,8.29629711264251,0.413865056736985,29
"17695","PR","Nova Aurora",10299,58755.55,41023,"Cascavel",4,"Sul",0,"411670",2,16,6,10,7,9,0,0,0,0,0,16,6,10,7,9,10,10.9811408956297,9.2398020821258,0.287863247466801,29
"17696","PR","Nova Aurora",10299,58755.55,41023,"Cascavel",4,"Sul",0,"411670",3,20,9,11,8,12,0,0,0,0,0,20,9,11,8,12,15,10.9811408956297,9.2398020821258,0.370383928389061,31
"17697","PR","Nova Aurora",10299,58755.55,41023,"Cascavel",4,"Sul",0,"411670",4,13,2,11,2,11,0,0,0,0,0,13,2,11,2,11,7,10.9811408956297,9.2398020821258,0.42388977805769,30
"17698","PR","Nova Aurora",10299,58755.55,41023,"Cascavel",4,"Sul",0,"411670",5,10,1,9,0,10,0,0,0,0,0,10,1,9,0,10,9,10.9811408956297,9.2398020821258,0.402416243626338,31
"17699","PR","Nova Aurora",10299,58755.55,41023,"Cascavel",4,"Sul",0,"411670",6,12,3,9,4,8,0,0,0,0,0,12,3,9,4,8,6,10.9811408956297,9.2398020821258,0.394762847465298,30
"17700","PR","Nova Aurora",10299,58755.55,41023,"Cascavel",4,"Sul",0,"411670",7,7,1,6,2,5,0,0,0,0,0,7,1,6,2,5,6,10.9811408956297,9.2398020821258,0.408836416623277,29
"17701","PR","Nova Esperança",27984,26155.04,41006,"Astorga",4,"Sul",1,"411690",2,34,10,24,9,25,1,0,0,0,0,35,10,24,9,25,15,10.1717971851478,10.2393881972584,0.297123234913985,29
"17702","PR","Nova Esperança",27984,26155.04,41006,"Astorga",4,"Sul",1,"411690",3,35,7,28,11,24,1,0,0,0,0,36,7,28,11,24,34,10.1717971851478,10.2393881972584,0.392787254710637,31
"17703","PR","Nova Esperança",27984,26155.04,41006,"Astorga",4,"Sul",1,"411690",4,24,5,19,8,16,0,0,0,0,0,24,5,19,8,16,14,10.1717971851478,10.2393881972584,0.400292151889895,30
"17704","PR","Nova Esperança",27984,26155.04,41006,"Astorga",4,"Sul",1,"411690",5,30,11,19,11,19,0,0,0,0,0,30,11,19,11,19,21,10.1717971851478,10.2393881972584,0.370584938253517,31
"17705","PR","Nova Esperança",27984,26155.04,41006,"Astorga",4,"Sul",1,"411690",6,31,6,25,8,23,0,0,0,0,0,31,6,25,8,23,12,10.1717971851478,10.2393881972584,0.347050065149956,30
"17706","PR","Nova Esperança",27984,26155.04,41006,"Astorga",4,"Sul",1,"411690",7,24,10,14,7,17,0,0,0,0,0,24,10,14,7,17,22,10.1717971851478,10.2393881972584,0.343795371309061,29
"17707","PR","Nova Fátima",8136,30298.71,41015,"Cornélio Procópio",4,"Sul",0,"411700",2,4,1,3,0,4,0,0,0,0,0,4,1,3,0,4,5,10.3188604163337,9.0040539377284,0.29550611261252,29
"17708","PR","Nova Fátima",8136,30298.71,41015,"Cornélio Procópio",4,"Sul",0,"411700",3,7,2,5,1,6,0,0,0,0,0,7,2,5,1,6,8,10.3188604163337,9.0040539377284,0.37999802787703,31
"17709","PR","Nova Fátima",8136,30298.71,41015,"Cornélio Procópio",4,"Sul",0,"411700",4,4,1,3,2,2,0,0,0,0,0,4,1,3,2,2,2,10.3188604163337,9.0040539377284,0.407983371954478,30
"17710","PR","Nova Fátima",8136,30298.71,41015,"Cornélio Procópio",4,"Sul",0,"411700",5,9,1,8,4,5,0,0,0,0,0,9,1,8,4,5,6,10.3188604163337,9.0040539377284,0.386948002226063,31
"17711","PR","Nova Fátima",8136,30298.71,41015,"Cornélio Procópio",4,"Sul",0,"411700",6,5,1,4,4,1,0,0,0,0,0,5,1,4,4,1,7,10.3188604163337,9.0040539377284,0.355847107512858,30
"17712","PR","Nova Fátima",8136,30298.71,41015,"Cornélio Procópio",4,"Sul",0,"411700",7,5,1,4,1,4,0,0,0,0,0,5,1,4,1,4,7,10.3188604163337,9.0040539377284,0.327623547302559,29
"17713","PR","Nova Londrina",13200,24026.21,41001,"Paranavaí",4,"Sul",1,"411710",2,16,2,14,8,8,0,0,0,0,0,16,2,14,8,8,8,10.0869005967742,9.48797210857446,0.318188727046444,29
"17714","PR","Nova Londrina",13200,24026.21,41001,"Paranavaí",4,"Sul",1,"411710",3,20,3,17,5,15,0,0,0,0,0,20,3,17,5,15,11,10.0869005967742,9.48797210857446,0.382962910248967,31
"17715","PR","Nova Londrina",13200,24026.21,41001,"Paranavaí",4,"Sul",1,"411710",4,9,1,8,3,6,0,0,0,0,0,9,1,8,3,6,5,10.0869005967742,9.48797210857446,0.424947502296709,30
"17716","PR","Nova Londrina",13200,24026.21,41001,"Paranavaí",4,"Sul",1,"411710",5,9,1,8,2,7,1,0,0,0,0,10,1,8,2,7,8,10.0869005967742,9.48797210857446,0.393343945796744,31
"17717","PR","Nova Londrina",13200,24026.21,41001,"Paranavaí",4,"Sul",1,"411710",6,2,0,2,0,2,0,0,0,0,0,2,0,2,0,2,15,10.0869005967742,9.48797210857446,0.345167616277419,30
"17718","PR","Nova Londrina",13200,24026.21,41001,"Paranavaí",4,"Sul",1,"411710",7,1,0,1,0,1,0,0,0,0,0,1,0,1,0,1,10,10.0869005967742,9.48797210857446,0.347057226172508,29
"17719","PR","Nova Olímpia",5826,14263.18,41002,"Umuarama",4,"Sul",0,"411720",2,9,3,6,2,7,0,0,0,0,0,9,3,6,2,7,3,9.56543667050969,8.67008593751938,0.2970357907758,29
"17720","PR","Nova Olímpia",5826,14263.18,41002,"Umuarama",4,"Sul",0,"411720",3,9,3,6,2,7,0,0,0,0,0,9,3,6,2,7,6,9.56543667050969,8.67008593751938,0.372154400784011,31
"17721","PR","Nova Olímpia",5826,14263.18,41002,"Umuarama",4,"Sul",0,"411720",4,7,1,6,3,4,1,0,0,0,0,8,1,6,3,4,4,9.56543667050969,8.67008593751938,0.402857921723275,30
"17722","PR","Nova Olímpia",5826,14263.18,41002,"Umuarama",4,"Sul",0,"411720",5,6,2,4,0,6,0,0,0,0,0,6,2,4,0,6,4,9.56543667050969,8.67008593751938,0.37310899089106,31
"17723","PR","Nova Olímpia",5826,14263.18,41002,"Umuarama",4,"Sul",0,"411720",6,8,1,7,4,4,0,0,0,0,0,8,1,7,4,4,4,9.56543667050969,8.67008593751938,0.362635082942149,30
"17724","PR","Nova Olímpia",5826,14263.18,41002,"Umuarama",4,"Sul",0,"411720",7,7,0,7,1,6,0,0,0,0,0,7,0,7,1,6,1,9.56543667050969,8.67008593751938,0.421594400930572,29
"17725","PR","Nova Santa Rosa",8266,40035.57,41022,"Toledo",4,"Sul",0,"411722",2,12,3,9,5,7,0,0,0,0,0,12,3,9,5,7,6,10.5975235879475,9.01990599507168,0.303446068752275,29
"17726","PR","Nova Santa Rosa",8266,40035.57,41022,"Toledo",4,"Sul",0,"411722",3,10,2,8,8,2,0,0,0,0,0,10,2,8,8,2,5,10.5975235879475,9.01990599507168,0.370672753748125,31
"17727","PR","Nova Santa Rosa",8266,40035.57,41022,"Toledo",4,"Sul",0,"411722",4,13,1,12,6,7,0,0,0,0,0,13,1,12,6,7,5,10.5975235879475,9.01990599507168,0.389218630875617,30
"17728","PR","Nova Santa Rosa",8266,40035.57,41022,"Toledo",4,"Sul",0,"411722",5,9,1,8,1,8,0,0,0,0,0,9,1,8,1,8,9,10.5975235879475,9.01990599507168,0.403040331579449,31
"17729","PR","Nova Santa Rosa",8266,40035.57,41022,"Toledo",4,"Sul",0,"411722",6,7,0,7,3,4,0,0,0,0,0,7,0,7,3,4,6,10.5975235879475,9.01990599507168,0.391843599510022,30
"17730","PR","Nova Santa Rosa",8266,40035.57,41022,"Toledo",4,"Sul",0,"411722",7,10,1,9,4,6,0,0,0,0,0,10,1,9,4,6,9,10.5975235879475,9.01990599507168,0.366113123281972,29
"17731","PR","Ourizona",3425,31021.49,41008,"Floraí",4,"Sul",1,"411740",2,6,2,4,2,4,0,0,0,0,0,6,2,4,2,4,1,10.3424354691037,8.13885675069633,0.287878348269075,29
"17732","PR","Ourizona",3425,31021.49,41008,"Floraí",4,"Sul",1,"411740",3,6,0,6,0,6,0,0,0,0,0,6,0,6,0,6,8,10.3424354691037,8.13885675069633,0.352745955970178,31
"17733","PR","Ourizona",3425,31021.49,41008,"Floraí",4,"Sul",1,"411740",4,1,0,1,0,1,0,0,0,0,0,1,0,1,0,1,2,10.3424354691037,8.13885675069633,0.404603574297038,30
"17734","PR","Ourizona",3425,31021.49,41008,"Floraí",4,"Sul",1,"411740",5,1,1,0,0,1,0,0,0,0,0,1,1,0,0,1,3,10.3424354691037,8.13885675069633,0.40768388829906,31
"17735","PR","Ourizona",3425,31021.49,41008,"Floraí",4,"Sul",1,"411740",6,0,0,0,0,0,0,0,0,0,0,0,0,0,0,0,3,10.3424354691037,8.13885675069633,0.36433166594414,30
"17736","PR","Ourizona",3425,31021.49,41008,"Floraí",4,"Sul",1,"411740",7,5,3,2,3,2,0,0,0,0,0,5,3,2,3,2,2,10.3424354691037,8.13885675069633,0.408202034701232,29
"17737","PR","Ouro Verde do Oeste",6016,29575.62,41022,"Toledo",4,"Sul",1,"411745",2,9,2,7,4,5,0,0,0,0,0,9,2,7,4,5,3,10.2947056522786,8.70217786562968,0.3212816642806,29
"17738","PR","Ouro Verde do Oeste",6016,29575.62,41022,"Toledo",4,"Sul",1,"411745",3,13,1,12,2,11,0,0,0,0,0,13,1,12,2,11,6,10.2947056522786,8.70217786562968,0.395679328722693,31
"17739","PR","Ouro Verde do Oeste",6016,29575.62,41022,"Toledo",4,"Sul",1,"411745",4,8,0,8,4,4,0,0,0,0,0,8,0,8,4,4,4,10.2947056522786,8.70217786562968,0.42998863375904,30
"17740","PR","Ouro Verde do Oeste",6016,29575.62,41022,"Toledo",4,"Sul",1,"411745",5,8,3,5,5,3,0,0,0,0,0,8,3,5,5,3,1,10.2947056522786,8.70217786562968,0.402175754450324,31
"17741","PR","Ouro Verde do Oeste",6016,29575.62,41022,"Toledo",4,"Sul",1,"411745",6,10,0,10,3,7,0,0,0,0,0,10,0,10,3,7,2,10.2947056522786,8.70217786562968,0.406990504378,30
"17742","PR","Ouro Verde do Oeste",6016,29575.62,41022,"Toledo",4,"Sul",1,"411745",7,6,0,6,2,4,0,0,0,0,0,6,0,6,2,4,7,10.2947056522786,8.70217786562968,0.435605189450823,29
"17743","PR","Paiçandu",41773,20508.39,41009,"Maringá",4,"Sul",1,"411750",2,90,21,69,32,58,0,0,0,0,0,90,21,69,32,58,19,9.92858934969176,10.6400054767939,0.297956975060627,29
"17744","PR","Paiçandu",41773,20508.39,41009,"Maringá",4,"Sul",1,"411750",3,105,26,79,37,68,1,0,0,0,0,106,26,79,37,68,22,9.92858934969176,10.6400054767939,0.403804243306077,31
"17745","PR","Paiçandu",41773,20508.39,41009,"Maringá",4,"Sul",1,"411750",4,61,16,45,22,39,0,0,0,0,0,61,16,45,22,39,13,9.92858934969176,10.6400054767939,0.428736863838717,30
"17746","PR","Paiçandu",41773,20508.39,41009,"Maringá",4,"Sul",1,"411750",5,59,11,48,22,37,0,0,0,0,0,59,11,48,22,37,28,9.92858934969176,10.6400054767939,0.37677508722882,31
"17747","PR","Paiçandu",41773,20508.39,41009,"Maringá",4,"Sul",1,"411750",6,42,14,28,18,24,0,0,0,0,0,42,14,28,18,24,33,9.92858934969176,10.6400054767939,0.363102501999973,30
"17748","PR","Paiçandu",41773,20508.39,41009,"Maringá",4,"Sul",1,"411750",7,47,14,33,19,28,0,0,0,0,0,47,14,33,19,28,25,9.92858934969176,10.6400054767939,0.359814935538373,29
"17749","PR","Palmas",51755,23588.47,41030,"Palmas",4,"Sul",1,"411760",2,98,38,60,50,48,0,0,0,0,0,98,38,60,50,48,28,10.0685133123077,10.8542763248179,0.332659303955927,29
"17750","PR","Palmas",51755,23588.47,41030,"Palmas",4,"Sul",1,"411760",3,156,71,85,75,81,0,0,0,0,0,156,71,85,75,81,30,10.0685133123077,10.8542763248179,0.407641892873118,31
"17751","PR","Palmas",51755,23588.47,41030,"Palmas",4,"Sul",1,"411760",4,87,33,54,48,39,0,0,0,0,0,87,33,54,48,39,30,10.0685133123077,10.8542763248179,0.432300935561012,30
"17752","PR","Palmas",51755,23588.47,41030,"Palmas",4,"Sul",1,"411760",5,62,18,44,33,29,0,0,0,0,0,62,18,44,33,29,25,10.0685133123077,10.8542763248179,0.402308298488173,31
"17753","PR","Palmas",51755,23588.47,41030,"Palmas",4,"Sul",1,"411760",6,74,32,42,40,34,0,0,0,0,0,74,32,42,40,34,12,10.0685133123077,10.8542763248179,0.399397433890755,30
"17754","PR","Palmas",51755,23588.47,41030,"Palmas",4,"Sul",1,"411760",7,80,34,46,36,44,1,0,0,0,0,81,34,46,36,44,22,10.0685133123077,10.8542763248179,0.394351829347416,29
"17755","PR","Palmeira",33994,42390.25,41021,"Ponta Grossa",4,"Sul",0,"411770",2,67,22,45,26,41,0,0,0,0,0,67,22,45,26,41,14,10.6546736619467,10.4339393174373,0.307305936528764,29
"17756","PR","Palmeira",33994,42390.25,41021,"Ponta Grossa",4,"Sul",0,"411770",3,47,10,37,23,24,0,0,0,0,0,47,10,37,23,24,20,10.6546736619467,10.4339393174373,0.389692518861878,31
"17757","PR","Palmeira",33994,42390.25,41021,"Ponta Grossa",4,"Sul",0,"411770",4,49,5,44,16,33,0,0,0,0,0,49,5,44,16,33,15,10.6546736619467,10.4339393174373,0.423965583105333,30
"17758","PR","Palmeira",33994,42390.25,41021,"Ponta Grossa",4,"Sul",0,"411770",5,35,7,28,10,25,0,0,0,0,0,35,7,28,10,25,28,10.6546736619467,10.4339393174373,0.407654387539123,31
"17759","PR","Palmeira",33994,42390.25,41021,"Ponta Grossa",4,"Sul",0,"411770",6,47,15,32,19,28,0,0,0,0,0,47,15,32,19,28,18,10.6546736619467,10.4339393174373,0.413032912253183,30
"17760","PR","Palmeira",33994,42390.25,41021,"Ponta Grossa",4,"Sul",0,"411770",7,42,5,37,18,24,1,0,0,0,0,43,5,37,18,24,16,10.6546736619467,10.4339393174373,0.400970043818368,29
"17761","PR","Palmital",12960,18982.46,41028,"Pitanga",4,"Sul",0,"411780",2,21,11,10,9,12,0,0,0,0,0,21,11,10,9,12,6,9.85127067388117,9.46962296990626,0.314350119581209,29
"17762","PR","Palmital",12960,18982.46,41028,"Pitanga",4,"Sul",0,"411780",3,33,9,24,16,17,0,0,0,0,0,33,9,24,16,17,6,9.85127067388117,9.46962296990626,0.391655278151925,31
"17763","PR","Palmital",12960,18982.46,41028,"Pitanga",4,"Sul",0,"411780",4,27,9,18,11,16,0,0,0,0,0,27,9,18,11,16,4,9.85127067388117,9.46962296990626,0.432424462762193,30
"17764","PR","Palmital",12960,18982.46,41028,"Pitanga",4,"Sul",0,"411780",5,13,7,6,5,8,0,0,0,0,0,13,7,6,5,8,11,9.85127067388117,9.46962296990626,0.365069245015409,31
"17765","PR","Palmital",12960,18982.46,41028,"Pitanga",4,"Sul",0,"411780",6,17,9,8,8,9,0,0,0,0,0,17,9,8,8,9,7,9.85127067388117,9.46962296990626,0.364413631334901,30
"17766","PR","Palmital",12960,18982.46,41028,"Pitanga",4,"Sul",0,"411780",7,20,2,18,11,9,0,0,0,0,0,20,2,18,11,9,10,9.85127067388117,9.46962296990626,0.366991857529555,29
"17767","PR","Palotina",32121,69645.03,41022,"Toledo",4,"Sul",1,"411790",2,72,13,59,27,45,0,0,0,0,0,72,13,59,27,45,12,11.151166619878,10.3772653008264,0.322326914335644,29
"17768","PR","Palotina",32121,69645.03,41022,"Toledo",4,"Sul",1,"411790",3,79,15,64,22,57,0,0,0,0,0,79,15,64,22,57,15,11.151166619878,10.3772653008264,0.406936922637768,31
"17769","PR","Palotina",32121,69645.03,41022,"Toledo",4,"Sul",1,"411790",4,62,13,49,21,41,0,0,0,0,0,62,13,49,21,41,10,11.151166619878,10.3772653008264,0.430243808317079,30
"17770","PR","Palotina",32121,69645.03,41022,"Toledo",4,"Sul",1,"411790",5,35,8,27,16,19,0,0,0,0,0,35,8,27,16,19,19,11.151166619878,10.3772653008264,0.417474685537299,31
"17771","PR","Palotina",32121,69645.03,41022,"Toledo",4,"Sul",1,"411790",6,42,10,32,10,32,0,0,0,0,0,42,10,32,10,32,17,11.151166619878,10.3772653008264,0.389843573131956,30
"17772","PR","Palotina",32121,69645.03,41022,"Toledo",4,"Sul",1,"411790",7,36,11,25,9,27,1,0,0,0,0,37,11,25,9,27,25,11.151166619878,10.3772653008264,0.409299433755854,29
"17773","PR","Paraíso do Norte",14023,24179.33,41001,"Paranavaí",4,"Sul",0,"411800",2,34,8,26,13,21,0,0,0,0,0,34,8,26,13,21,7,10.0932534149346,9.54845411772665,0.323240748719066,29
"17774","PR","Paraíso do Norte",14023,24179.33,41001,"Paranavaí",4,"Sul",0,"411800",3,24,2,22,9,15,0,0,0,0,0,24,2,22,9,15,9,10.0932534149346,9.54845411772665,0.407138140351146,31
"17775","PR","Paraíso do Norte",14023,24179.33,41001,"Paranavaí",4,"Sul",0,"411800",4,20,5,15,8,12,0,0,0,0,0,20,5,15,8,12,8,10.0932534149346,9.54845411772665,0.429333542917505,30
"17776","PR","Paraíso do Norte",14023,24179.33,41001,"Paranavaí",4,"Sul",0,"411800",5,18,5,13,5,13,0,0,0,0,0,18,5,13,5,13,15,10.0932534149346,9.54845411772665,0.401331549642991,31
"17777","PR","Paraíso do Norte",14023,24179.33,41001,"Paranavaí",4,"Sul",0,"411800",6,19,5,14,5,14,0,0,0,0,0,19,5,14,5,14,6,10.0932534149346,9.54845411772665,0.389017254040166,30
"17778","PR","Paraíso do Norte",14023,24179.33,41001,"Paranavaí",4,"Sul",0,"411800",7,11,0,11,3,8,1,0,0,0,0,12,0,11,3,8,6,10.0932534149346,9.54845411772665,0.356947875760667,29
"17779","PR","Paranacity",11580,28209.55,41001,"Paranavaí",4,"Sul",1,"411810",2,17,9,8,9,8,0,0,0,0,0,17,9,8,9,8,7,10.2474158520787,9.35703475112699,0.292738807415048,29
"17780","PR","Paranacity",11580,28209.55,41001,"Paranavaí",4,"Sul",1,"411810",3,18,5,13,9,9,0,0,0,0,0,18,5,13,9,9,11,10.2474158520787,9.35703475112699,0.363676795956281,31
"17781","PR","Paranacity",11580,28209.55,41001,"Paranavaí",4,"Sul",1,"411810",4,21,3,18,8,13,0,0,0,0,0,21,3,18,8,13,4,10.2474158520787,9.35703475112699,0.382934442750359,30
"17782","PR","Paranacity",11580,28209.55,41001,"Paranavaí",4,"Sul",1,"411810",5,10,3,7,6,4,0,0,0,0,0,10,3,7,6,4,4,10.2474158520787,9.35703475112699,0.331920059186913,31
"17783","PR","Paranacity",11580,28209.55,41001,"Paranavaí",4,"Sul",1,"411810",6,16,3,13,7,9,0,0,0,0,0,16,3,13,7,9,3,10.2474158520787,9.35703475112699,0.329306691582896,30
"17784","PR","Paranacity",11580,28209.55,41001,"Paranavaí",4,"Sul",1,"411810",7,6,3,3,4,2,0,0,0,0,0,6,3,3,4,2,10,10.2474158520787,9.35703475112699,0.339499514472214,29
"17785","PR","Paranaguá",156174,63606.54,41038,"Paranaguá",4,"Sul",1,"411820",2,292,91,201,120,172,0,0,0,0,0,292,91,201,120,172,88,11.0604715742302,11.9587260492678,0.321344913853658,29
"17786","PR","Paranaguá",156174,63606.54,41038,"Paranaguá",4,"Sul",1,"411820",3,362,86,276,156,206,3,0,0,0,0,365,86,276,156,206,59,11.0604715742302,11.9587260492678,0.411926707219713,31
"17787","PR","Paranaguá",156174,63606.54,41038,"Paranaguá",4,"Sul",1,"411820",4,220,67,153,68,152,1,0,0,0,0,221,67,153,68,152,85,11.0604715742302,11.9587260492678,0.459805673186127,30
"17788","PR","Paranaguá",156174,63606.54,41038,"Paranaguá",4,"Sul",1,"411820",5,211,67,144,94,117,2,0,0,0,0,213,67,144,94,117,91,11.0604715742302,11.9587260492678,0.422451559397378,31
"17789","PR","Paranaguá",156174,63606.54,41038,"Paranaguá",4,"Sul",1,"411820",6,198,51,147,85,113,1,0,0,0,0,199,51,147,85,113,99,11.0604715742302,11.9587260492678,0.413814683601065,30
"17790","PR","Paranaguá",156174,63606.54,41038,"Paranaguá",4,"Sul",1,"411820",7,183,49,134,69,114,1,0,0,0,0,184,49,134,69,114,115,11.0604715742302,11.9587260492678,0.443080931822167,29
"17791","PR","Paranavaí",88922,30152.82,41001,"Paranavaí",4,"Sul",1,"411840",2,149,20,129,47,102,1,0,0,0,0,150,20,129,47,102,50,10.3140337301198,11.3955148599529,0.29831137120967,29
"17792","PR","Paranavaí",88922,30152.82,41001,"Paranavaí",4,"Sul",1,"411840",3,190,28,162,61,129,1,0,0,0,0,191,28,162,61,129,54,10.3140337301198,11.3955148599529,0.39149920603173,31
"17793","PR","Paranavaí",88922,30152.82,41001,"Paranavaí",4,"Sul",1,"411840",4,111,16,95,29,82,0,0,0,0,0,111,16,95,29,82,52,10.3140337301198,11.3955148599529,0.426838282298972,30
"17794","PR","Paranavaí",88922,30152.82,41001,"Paranavaí",4,"Sul",1,"411840",5,88,15,73,32,56,0,0,0,0,0,88,15,73,32,56,63,10.3140337301198,11.3955148599529,0.385969273776684,31
"17795","PR","Paranavaí",88922,30152.82,41001,"Paranavaí",4,"Sul",1,"411840",6,119,25,94,33,86,1,0,0,0,0,120,25,94,33,86,50,10.3140337301198,11.3955148599529,0.3568737210827,30
"17796","PR","Paranavaí",88922,30152.82,41001,"Paranavaí",4,"Sul",1,"411840",7,103,19,84,29,74,1,0,0,0,0,104,19,84,29,74,64,10.3140337301198,11.3955148599529,0.348587363971734,29
"17797","PR","Pato Branco",83843,46842.5,41027,"Pato Branco",4,"Sul",1,"411850",2,200,36,164,71,129,0,0,0,0,0,200,36,164,71,129,44,10.7545461894727,11.3367012813574,0.312321065007414,29
"17798","PR","Pato Branco",83843,46842.5,41027,"Pato Branco",4,"Sul",1,"411850",3,212,43,169,64,148,1,0,0,0,0,213,43,169,64,148,46,10.7545461894727,11.3367012813574,0.435341946267598,31
"17799","PR","Pato Branco",83843,46842.5,41027,"Pato Branco",4,"Sul",1,"411850",4,149,25,124,42,107,1,0,0,0,0,150,25,124,42,107,44,10.7545461894727,11.3367012813574,0.464272298843523,30
"17800","PR","Pato Branco",83843,46842.5,41027,"Pato Branco",4,"Sul",1,"411850",5,126,18,108,42,84,1,0,0,0,0,127,18,108,42,84,52,10.7545461894727,11.3367012813574,0.412470771231327,31
"17801","PR","Pato Branco",83843,46842.5,41027,"Pato Branco",4,"Sul",1,"411850",6,87,9,78,30,57,1,0,0,0,0,88,9,78,30,57,46,10.7545461894727,11.3367012813574,0.40615578394054,30
"17802","PR","Pato Branco",83843,46842.5,41027,"Pato Branco",4,"Sul",1,"411850",7,109,21,88,44,65,0,0,0,0,0,109,21,88,44,65,53,10.7545461894727,11.3367012813574,0.380777817107109,29
"17803","PR","Peabiru",14007,23403.1,41005,"Campo Mourão",4,"Sul",1,"411880",2,13,3,10,4,9,0,0,0,0,0,13,3,10,4,9,8,10.0606237712038,9.54731248363905,0.314535342710991,29
"17804","PR","Peabiru",14007,23403.1,41005,"Campo Mourão",4,"Sul",1,"411880",3,16,1,15,7,9,1,0,0,0,0,17,1,15,7,9,10,10.0606237712038,9.54731248363905,0.402062170276172,31
"17805","PR","Peabiru",14007,23403.1,41005,"Campo Mourão",4,"Sul",1,"411880",4,11,1,10,6,5,0,0,0,0,0,11,1,10,6,5,9,10.0606237712038,9.54731248363905,0.461460196466672,30
"17806","PR","Peabiru",14007,23403.1,41005,"Campo Mourão",4,"Sul",1,"411880",5,11,2,9,8,3,0,0,0,0,0,11,2,9,8,3,8,10.0606237712038,9.54731248363905,0.397361313493316,31
"17807","PR","Peabiru",14007,23403.1,41005,"Campo Mourão",4,"Sul",1,"411880",6,11,4,7,5,6,0,0,0,0,0,11,4,7,5,6,18,10.0606237712038,9.54731248363905,0.403728641937744,30
"17808","PR","Peabiru",14007,23403.1,41005,"Campo Mourão",4,"Sul",1,"411880",7,13,2,11,5,8,0,0,0,0,0,13,2,11,5,8,11,10.0606237712038,9.54731248363905,0.418940327316364,29
"17809","PR","Perobal",6160,29981.44,41002,"Umuarama",4,"Sul",0,"411885",2,11,6,5,3,8,0,0,0,0,0,11,6,5,3,8,7,10.3083338025244,8.72583205652757,0.313480276181456,29
"17810","PR","Perobal",6160,29981.44,41002,"Umuarama",4,"Sul",0,"411885",3,20,2,18,6,14,0,0,0,0,0,20,2,18,6,14,4,10.3083338025244,8.72583205652757,0.376300724875102,31
"17811","PR","Perobal",6160,29981.44,41002,"Umuarama",4,"Sul",0,"411885",4,7,4,3,3,4,0,0,0,0,0,7,4,3,3,4,2,10.3083338025244,8.72583205652757,0.402070164572452,30
"17812","PR","Perobal",6160,29981.44,41002,"Umuarama",4,"Sul",0,"411885",5,7,1,6,3,4,0,0,0,0,0,7,1,6,3,4,6,10.3083338025244,8.72583205652757,0.363739827704763,31
"17813","PR","Perobal",6160,29981.44,41002,"Umuarama",4,"Sul",0,"411885",6,13,4,9,7,6,1,0,0,0,0,14,4,9,7,6,2,10.3083338025244,8.72583205652757,0.365355273106887,30
"17814","PR","Perobal",6160,29981.44,41002,"Umuarama",4,"Sul",0,"411885",7,10,1,9,2,8,0,0,0,0,0,10,1,9,2,8,5,10.3083338025244,8.72583205652757,0.340356582979593,29
"17815","PR","Pérola",11321,30399.07,41002,"Umuarama",4,"Sul",0,"411890",2,17,2,15,5,12,0,0,0,0,0,17,2,15,5,12,4,10.3221672948211,9.33441468707811,0.290172215185378,29
"17816","PR","Pérola",11321,30399.07,41002,"Umuarama",4,"Sul",0,"411890",3,17,2,15,6,11,0,0,0,0,0,17,2,15,6,11,6,10.3221672948211,9.33441468707811,0.406059462123673,31
"17817","PR","Pérola",11321,30399.07,41002,"Umuarama",4,"Sul",0,"411890",4,7,0,7,3,4,0,0,0,0,0,7,0,7,3,4,2,10.3221672948211,9.33441468707811,0.408842728450511,30
"17818","PR","Pérola",11321,30399.07,41002,"Umuarama",4,"Sul",0,"411890",5,6,2,4,0,6,1,0,0,0,0,7,2,4,0,6,7,10.3221672948211,9.33441468707811,0.377483382554237,31
"17819","PR","Pérola",11321,30399.07,41002,"Umuarama",4,"Sul",0,"411890",6,9,1,8,3,6,0,0,0,0,0,9,1,8,3,6,6,10.3221672948211,9.33441468707811,0.372844372733156,30
"17820","PR","Pérola",11321,30399.07,41002,"Umuarama",4,"Sul",0,"411890",7,14,3,11,4,10,0,0,0,0,0,14,3,11,4,10,18,10.3221672948211,9.33441468707811,0.370106598189973,29
"17821","PR","Piên",12882,63033.25,41039,"Rio Negro",4,"Sul",0,"411910",2,30,10,20,10,20,0,0,0,0,0,30,10,20,10,20,3,11.0514176439257,9.46358626710684,0.32550876559087,29
"17822","PR","Piên",12882,63033.25,41039,"Rio Negro",4,"Sul",0,"411910",3,15,2,13,6,9,0,0,0,0,0,15,2,13,6,9,6,11.0514176439257,9.46358626710684,0.442880493989968,31
"17823","PR","Piên",12882,63033.25,41039,"Rio Negro",4,"Sul",0,"411910",4,17,4,13,4,13,0,0,0,0,0,17,4,13,4,13,4,11.0514176439257,9.46358626710684,0.436511739021472,30
"17824","PR","Piên",12882,63033.25,41039,"Rio Negro",4,"Sul",0,"411910",5,15,3,12,5,10,0,0,0,0,0,15,3,12,5,10,4,11.0514176439257,9.46358626710684,0.435829459567335,31
"17825","PR","Piên",12882,63033.25,41039,"Rio Negro",4,"Sul",0,"411910",6,18,5,13,8,10,0,0,0,0,0,18,5,13,8,10,8,11.0514176439257,9.46358626710684,0.425844907281916,30
"17826","PR","Piên",12882,63033.25,41039,"Rio Negro",4,"Sul",0,"411910",7,16,3,13,4,12,0,0,0,0,0,16,3,13,4,12,5,11.0514176439257,9.46358626710684,0.422667774528703,29
"17827","PR","Pinhais",133490,44773.58,41037,"Curitiba",4,"Sul",1,"411915",2,242,37,205,79,163,1,0,0,0,0,243,37,205,79,163,59,10.7093735122998,11.8017818476498,0.291774530655762,29
"17828","PR","Pinhais",133490,44773.58,41037,"Curitiba",4,"Sul",1,"411915",3,195,31,164,64,131,0,0,0,0,0,195,31,164,64,131,56,10.7093735122998,11.8017818476498,0.397871809685336,31
"17829","PR","Pinhais",133490,44773.58,41037,"Curitiba",4,"Sul",1,"411915",4,118,19,99,42,76,0,0,0,0,0,118,19,99,42,76,68,10.7093735122998,11.8017818476498,0.45373739398152,30
"17830","PR","Pinhais",133490,44773.58,41037,"Curitiba",4,"Sul",1,"411915",5,116,25,91,40,76,0,0,0,0,0,116,25,91,40,76,53,10.7093735122998,11.8017818476498,0.403046867404296,31
"17831","PR","Pinhais",133490,44773.58,41037,"Curitiba",4,"Sul",1,"411915",6,146,24,122,40,106,1,0,0,0,0,147,24,122,40,106,78,10.7093735122998,11.8017818476498,0.39084643688164,30
"17832","PR","Pinhais",133490,44773.58,41037,"Curitiba",4,"Sul",1,"411915",7,149,26,123,49,100,1,0,0,0,0,150,26,123,49,100,91,10.7093735122998,11.8017818476498,0.40207722436126,29
"17833","PR","Pinhão",32559,48650.61,41029,"Guarapuava",4,"Sul",0,"411930",2,83,37,46,47,36,0,0,0,0,0,83,37,46,47,36,19,10.7924196260761,10.3908091071141,0.315625910683515,29
"17834","PR","Pinhão",32559,48650.61,41029,"Guarapuava",4,"Sul",0,"411930",3,83,37,46,35,48,0,0,0,0,0,83,37,46,35,48,15,10.7924196260761,10.3908091071141,0.399748483733558,31
"17835","PR","Pinhão",32559,48650.61,41029,"Guarapuava",4,"Sul",0,"411930",4,50,21,29,27,23,1,0,0,0,0,51,21,29,27,23,15,10.7924196260761,10.3908091071141,0.429709282532954,30
"17836","PR","Pinhão",32559,48650.61,41029,"Guarapuava",4,"Sul",0,"411930",5,45,14,31,17,28,1,0,0,0,0,46,14,31,17,28,11,10.7924196260761,10.3908091071141,0.426465193821509,31
"17837","PR","Pinhão",32559,48650.61,41029,"Guarapuava",4,"Sul",0,"411930",6,46,21,25,21,25,1,0,0,0,0,47,21,25,21,25,12,10.7924196260761,10.3908091071141,0.448160304401603,30
"17838","PR","Pinhão",32559,48650.61,41029,"Guarapuava",4,"Sul",0,"411930",7,36,11,25,23,13,0,0,0,0,0,36,11,25,23,13,23,10.7924196260761,10.3908091071141,0.431257442865217,29
"17839","PR","Piraí do Sul",25617,31574.18,41020,"Jaguariaíva",4,"Sul",0,"411940",2,46,18,28,17,29,0,0,0,0,0,46,18,28,17,29,14,10.3600949769686,10.1510114725757,0.284407187846579,29
"17840","PR","Piraí do Sul",25617,31574.18,41020,"Jaguariaíva",4,"Sul",0,"411940",3,36,6,30,16,20,0,0,0,0,0,36,6,30,16,20,9,10.3600949769686,10.1510114725757,0.380028325512186,31
"17841","PR","Piraí do Sul",25617,31574.18,41020,"Jaguariaíva",4,"Sul",0,"411940",4,29,7,22,16,13,0,0,0,0,0,29,7,22,16,13,17,10.3600949769686,10.1510114725757,0.396225531814525,30
"17842","PR","Piraí do Sul",25617,31574.18,41020,"Jaguariaíva",4,"Sul",0,"411940",5,26,11,15,12,14,0,0,0,0,0,26,11,15,12,14,14,10.3600949769686,10.1510114725757,0.390001311487536,31
"17843","PR","Piraí do Sul",25617,31574.18,41020,"Jaguariaíva",4,"Sul",0,"411940",6,28,8,20,12,16,0,0,0,0,0,28,8,20,12,16,19,10.3600949769686,10.1510114725757,0.392462135242931,30
"17844","PR","Piraí do Sul",25617,31574.18,41020,"Jaguariaíva",4,"Sul",0,"411940",7,26,8,18,10,16,0,0,0,0,0,26,8,18,10,16,10,10.3600949769686,10.1510114725757,0.384237343315759,29
"17845","PR","Piraquara",114970,11681.04,41037,"Curitiba",4,"Sul",1,"411950",2,215,59,156,87,128,2,0,0,0,0,217,59,156,87,128,35,9.36572229351419,11.6524265037478,0.310803921367197,29
"17846","PR","Piraquara",114970,11681.04,41037,"Curitiba",4,"Sul",1,"411950",3,231,67,164,101,130,1,0,0,0,0,232,67,164,101,130,53,9.36572229351419,11.6524265037478,0.404336743347274,31
"17847","PR","Piraquara",114970,11681.04,41037,"Curitiba",4,"Sul",1,"411950",4,115,43,72,45,70,0,0,0,0,0,115,43,72,45,70,39,9.36572229351419,11.6524265037478,0.455280036156757,30
"17848","PR","Piraquara",114970,11681.04,41037,"Curitiba",4,"Sul",1,"411950",5,137,37,100,57,80,2,0,0,0,0,139,37,100,57,80,55,9.36572229351419,11.6524265037478,0.412166493158508,31
"17849","PR","Piraquara",114970,11681.04,41037,"Curitiba",4,"Sul",1,"411950",6,126,32,94,46,80,1,0,0,0,0,127,32,94,46,80,60,9.36572229351419,11.6524265037478,0.404606707438165,30
"17850","PR","Piraquara",114970,11681.04,41037,"Curitiba",4,"Sul",1,"411950",7,108,32,76,53,55,0,0,0,0,0,108,32,76,53,55,88,9.36572229351419,11.6524265037478,0.405405347062185,29
"17851","PR","Pitanga",29994,29163.59,41028,"Pitanga",4,"Sul",0,"411960",2,66,10,56,30,36,0,0,0,0,0,66,10,56,30,36,19,10.2806762923993,10.3087526406416,0.291860738152473,29
"17852","PR","Pitanga",29994,29163.59,41028,"Pitanga",4,"Sul",0,"411960",3,70,18,52,25,45,0,0,0,0,0,70,18,52,25,45,15,10.2806762923993,10.3087526406416,0.373659442735499,31
"17853","PR","Pitanga",29994,29163.59,41028,"Pitanga",4,"Sul",0,"411960",4,46,9,37,21,25,0,0,0,0,0,46,9,37,21,25,22,10.2806762923993,10.3087526406416,0.392090170557808,30
"17854","PR","Pitanga",29994,29163.59,41028,"Pitanga",4,"Sul",0,"411960",5,42,7,35,18,24,0,0,0,0,0,42,7,35,18,24,15,10.2806762923993,10.3087526406416,0.372450195661178,31
"17855","PR","Pitanga",29994,29163.59,41028,"Pitanga",4,"Sul",0,"411960",6,36,3,33,17,19,0,0,0,0,0,36,3,33,17,19,15,10.2806762923993,10.3087526406416,0.401694660044264,30
"17856","PR","Pitanga",29994,29163.59,41028,"Pitanga",4,"Sul",0,"411960",7,48,6,42,20,28,0,0,0,0,0,48,6,42,20,28,20,10.2806762923993,10.3087526406416,0.382179762135445,29
"17857","PR","Planalto",13431,24111.9,41025,"Capanema",4,"Sul",0,"411980",2,22,1,21,8,14,0,0,0,0,0,22,1,21,8,14,7,10.0904607735451,9.50532074690907,0.303435927976857,29
"17858","PR","Planalto",13431,24111.9,41025,"Capanema",4,"Sul",0,"411980",3,22,5,17,5,17,0,0,0,0,0,22,5,17,5,17,10,10.0904607735451,9.50532074690907,0.372361852314953,31
"17859","PR","Planalto",13431,24111.9,41025,"Capanema",4,"Sul",0,"411980",4,12,3,9,5,7,0,0,0,0,0,12,3,9,5,7,10,10.0904607735451,9.50532074690907,0.413878910525288,30
"17860","PR","Planalto",13431,24111.9,41025,"Capanema",4,"Sul",0,"411980",5,7,2,5,1,6,0,0,0,0,0,7,2,5,1,6,5,10.0904607735451,9.50532074690907,0.421453263233201,31
"17861","PR","Planalto",13431,24111.9,41025,"Capanema",4,"Sul",0,"411980",6,9,1,8,2,7,2,0,0,0,0,11,1,8,2,7,12,10.0904607735451,9.50532074690907,0.390884953155801,30
"17862","PR","Planalto",13431,24111.9,41025,"Capanema",4,"Sul",0,"411980",7,10,3,7,1,9,0,0,0,0,0,10,3,7,1,9,9,10.0904607735451,9.50532074690907,0.39538438162148,29
"17863","PR","Ponta Grossa",355336,43253.34,41021,"Ponta Grossa",4,"Sul",1,"411990",2,657,139,518,258,399,3,0,0,0,0,660,139,518,258,399,169,10.6748297348118,12.7808190997021,0.303588602458726,29
"17864","PR","Ponta Grossa",355336,43253.34,41021,"Ponta Grossa",4,"Sul",1,"411990",3,650,154,496,255,395,2,0,0,0,0,652,154,496,255,395,170,10.6748297348118,12.7808190997021,0.404606708613383,31
"17865","PR","Ponta Grossa",355336,43253.34,41021,"Ponta Grossa",4,"Sul",1,"411990",4,447,92,355,173,274,4,0,0,0,0,451,92,355,173,274,170,10.6748297348118,12.7808190997021,0.446697417189234,30
"17866","PR","Ponta Grossa",355336,43253.34,41021,"Ponta Grossa",4,"Sul",1,"411990",5,474,101,373,169,305,7,0,0,0,0,481,101,373,169,305,177,10.6748297348118,12.7808190997021,0.403472318046974,31
"17867","PR","Ponta Grossa",355336,43253.34,41021,"Ponta Grossa",4,"Sul",1,"411990",6,413,88,325,144,269,6,0,0,0,0,419,88,325,144,269,168,10.6748297348118,12.7808190997021,0.392330545545932,30
"17868","PR","Ponta Grossa",355336,43253.34,41021,"Ponta Grossa",4,"Sul",1,"411990",7,410,81,329,154,256,7,0,0,0,0,417,81,329,154,256,190,10.6748297348118,12.7808190997021,0.388036788123523,29
"17869","PR","Pontal do Paraná",27915,91044.66,41038,"Paranaguá",4,"Sul",1,"411995",2,53,13,40,23,30,0,0,0,0,0,53,13,40,23,30,15,11.4191054343419,10.2369194577445,0.334738045214757,29
"17870","PR","Pontal do Paraná",27915,91044.66,41038,"Paranaguá",4,"Sul",1,"411995",3,54,14,40,20,34,0,0,0,0,0,54,14,40,20,34,22,11.4191054343419,10.2369194577445,0.434719055224961,31
"17871","PR","Pontal do Paraná",27915,91044.66,41038,"Paranaguá",4,"Sul",1,"411995",4,30,12,18,14,16,0,0,0,0,0,30,12,18,14,16,19,11.4191054343419,10.2369194577445,0.484897622460965,30
"17872","PR","Pontal do Paraná",27915,91044.66,41038,"Paranaguá",4,"Sul",1,"411995",5,26,7,19,14,12,0,0,0,0,0,26,7,19,14,12,14,11.4191054343419,10.2369194577445,0.459187873058106,31
"17873","PR","Pontal do Paraná",27915,91044.66,41038,"Paranaguá",4,"Sul",1,"411995",6,22,6,16,7,15,0,0,0,0,0,22,6,16,7,15,19,11.4191054343419,10.2369194577445,0.441480234004106,30
"17874","PR","Pontal do Paraná",27915,91044.66,41038,"Paranaguá",4,"Sul",1,"411995",7,26,8,18,5,21,0,0,0,0,0,26,8,18,5,21,20,11.4191054343419,10.2369194577445,0.455047475807376,29
"17875","PR","Porecatu",12748,42639.27,41007,"Porecatu",4,"Sul",1,"412000",2,13,5,8,3,10,0,0,0,0,0,13,5,8,3,10,13,10.6605309386181,9.45312967553723,0.30968090669248,29
"17876","PR","Porecatu",12748,42639.27,41007,"Porecatu",4,"Sul",1,"412000",3,13,0,13,8,5,0,0,0,0,0,13,0,13,8,5,17,10.6605309386181,9.45312967553723,0.371138092896591,31
"17877","PR","Porecatu",12748,42639.27,41007,"Porecatu",4,"Sul",1,"412000",4,7,1,6,3,4,0,0,0,0,0,7,1,6,3,4,11,10.6605309386181,9.45312967553723,0.434760054317405,30
"17878","PR","Porecatu",12748,42639.27,41007,"Porecatu",4,"Sul",1,"412000",5,13,3,10,5,8,0,0,0,0,0,13,3,10,5,8,6,10.6605309386181,9.45312967553723,0.415117884709814,31
"17879","PR","Porecatu",12748,42639.27,41007,"Porecatu",4,"Sul",1,"412000",6,12,2,10,3,9,0,0,0,0,0,12,2,10,3,9,10,10.6605309386181,9.45312967553723,0.393086570279,30
"17880","PR","Porecatu",12748,42639.27,41007,"Porecatu",4,"Sul",1,"412000",7,10,0,10,4,6,1,0,0,0,0,11,0,10,4,6,9,10.6605309386181,9.45312967553723,0.38991368130895,29
"17881","PR","Presidente Castelo Branco",5351,26125.94,41006,"Astorga",4,"Sul",1,"412040",2,6,0,6,3,3,0,0,0,0,0,6,0,6,3,3,3,10.1706839694811,8.5850387383113,0.312074868837809,29
"17882","PR","Presidente Castelo Branco",5351,26125.94,41006,"Astorga",4,"Sul",1,"412040",3,7,1,6,3,4,0,0,0,0,0,7,1,6,3,4,7,10.1706839694811,8.5850387383113,0.417128460710447,31
"17883","PR","Presidente Castelo Branco",5351,26125.94,41006,"Astorga",4,"Sul",1,"412040",4,4,1,3,2,2,0,0,0,0,0,4,1,3,2,2,4,10.1706839694811,8.5850387383113,0.449608160942614,30
"17884","PR","Presidente Castelo Branco",5351,26125.94,41006,"Astorga",4,"Sul",1,"412040",5,5,2,3,3,2,0,0,0,0,0,5,2,3,3,2,3,10.1706839694811,8.5850387383113,0.39750010804582,31
"17885","PR","Presidente Castelo Branco",5351,26125.94,41006,"Astorga",4,"Sul",1,"412040",6,4,1,3,1,3,0,0,0,0,0,4,1,3,1,3,5,10.1706839694811,8.5850387383113,0.384624957893042,30
"17886","PR","Presidente Castelo Branco",5351,26125.94,41006,"Astorga",4,"Sul",1,"412040",7,5,1,4,1,4,0,0,0,0,0,5,1,4,1,4,8,10.1706839694811,8.5850387383113,0.402284767524935,29
"17887","PR","Primeiro de Maio",11130,26990.66,41007,"Porecatu",4,"Sul",0,"412050",2,12,2,10,2,10,0,0,0,0,0,12,2,10,2,10,4,10.2032461592144,9.31739944426959,0.288744010371289,29
"17888","PR","Primeiro de Maio",11130,26990.66,41007,"Porecatu",4,"Sul",0,"412050",3,10,2,8,4,6,0,0,0,0,0,10,2,8,4,6,8,10.2032461592144,9.31739944426959,0.340769660162933,31
"17889","PR","Primeiro de Maio",11130,26990.66,41007,"Porecatu",4,"Sul",0,"412050",4,11,3,8,3,8,0,0,0,0,0,11,3,8,3,8,11,10.2032461592144,9.31739944426959,0.359098768220196,30
"17890","PR","Primeiro de Maio",11130,26990.66,41007,"Porecatu",4,"Sul",0,"412050",5,7,3,4,1,6,0,0,0,0,0,7,3,4,1,6,7,10.2032461592144,9.31739944426959,0.314157558974798,31
"17891","PR","Primeiro de Maio",11130,26990.66,41007,"Porecatu",4,"Sul",0,"412050",6,8,1,7,2,6,0,0,0,0,0,8,1,7,2,6,6,10.2032461592144,9.31739944426959,0.309874230953832,30
"17892","PR","Primeiro de Maio",11130,26990.66,41007,"Porecatu",4,"Sul",0,"412050",7,12,1,11,5,7,0,0,0,0,0,12,1,11,5,7,11,10.2032461592144,9.31739944426959,0.321444662018923,29
"17893","PR","Prudentópolis",52513,23031.31,41031,"Prudentópolis",4,"Sul",0,"412060",2,71,20,51,28,43,1,0,0,0,0,72,20,51,28,43,40,10.0446098735244,10.8688160369748,0.30338966843712,29
"17894","PR","Prudentópolis",52513,23031.31,41031,"Prudentópolis",4,"Sul",0,"412060",3,91,31,60,35,56,0,0,0,0,0,91,31,60,35,56,32,10.0446098735244,10.8688160369748,0.383536461950746,31
"17895","PR","Prudentópolis",52513,23031.31,41031,"Prudentópolis",4,"Sul",0,"412060",4,49,17,32,19,30,0,0,0,0,0,49,17,32,19,30,16,10.0446098735244,10.8688160369748,0.401832397381172,30
"17896","PR","Prudentópolis",52513,23031.31,41031,"Prudentópolis",4,"Sul",0,"412060",5,65,12,53,26,39,1,0,0,0,0,66,12,53,26,39,27,10.0446098735244,10.8688160369748,0.400923484399391,31
"17897","PR","Prudentópolis",52513,23031.31,41031,"Prudentópolis",4,"Sul",0,"412060",6,44,17,27,15,29,0,0,0,0,0,44,17,27,15,29,35,10.0446098735244,10.8688160369748,0.388317672457482,30
"17898","PR","Prudentópolis",52513,23031.31,41031,"Prudentópolis",4,"Sul",0,"412060",7,66,21,45,26,40,0,0,0,0,0,66,21,45,26,40,38,10.0446098735244,10.8688160369748,0.400393018887837,29
"17899","PR","Quatiguá",7477,23984.75,41018,"Wenceslau Braz",4,"Sul",0,"412070",2,13,4,9,7,6,0,0,0,0,0,13,4,9,7,6,7,10.0851734907007,8.91958692099992,0.286735798382871,29
"17900","PR","Quatiguá",7477,23984.75,41018,"Wenceslau Braz",4,"Sul",0,"412070",3,12,1,11,5,7,0,0,0,0,0,12,1,11,5,7,7,10.0851734907007,8.91958692099992,0.393525212379804,31
"17901","PR","Quatiguá",7477,23984.75,41018,"Wenceslau Braz",4,"Sul",0,"412070",4,8,1,7,2,6,0,0,0,0,0,8,1,7,2,6,7,10.0851734907007,8.91958692099992,0.419413460894651,30
"17902","PR","Quatiguá",7477,23984.75,41018,"Wenceslau Braz",4,"Sul",0,"412070",5,14,3,11,5,9,0,0,0,0,0,14,3,11,5,9,4,10.0851734907007,8.91958692099992,0.37611864878664,31
"17903","PR","Quatiguá",7477,23984.75,41018,"Wenceslau Braz",4,"Sul",0,"412070",6,4,1,3,3,1,0,0,0,0,0,4,1,3,3,1,5,10.0851734907007,8.91958692099992,0.315438966971928,30
"17904","PR","Quatiguá",7477,23984.75,41018,"Wenceslau Braz",4,"Sul",0,"412070",7,7,1,6,2,5,0,0,0,0,0,7,1,6,2,5,4,10.0851734907007,8.91958692099992,0.30737202904692,29
"17905","PR","Quatro Barras",23911,66795.52,41037,"Curitiba",4,"Sul",1,"412080",2,36,4,32,15,21,0,0,0,0,0,36,4,32,15,21,6,11.1093912914075,10.0820938830826,0.31089066906829,29
"17906","PR","Quatro Barras",23911,66795.52,41037,"Curitiba",4,"Sul",1,"412080",3,48,10,38,13,35,0,0,0,0,0,48,10,38,13,35,10,11.1093912914075,10.0820938830826,0.404870085460741,31
"17907","PR","Quatro Barras",23911,66795.52,41037,"Curitiba",4,"Sul",1,"412080",4,29,6,23,13,16,0,0,0,0,0,29,6,23,13,16,9,11.1093912914075,10.0820938830826,0.468852689547284,30
"17908","PR","Quatro Barras",23911,66795.52,41037,"Curitiba",4,"Sul",1,"412080",5,24,8,16,12,12,0,0,0,0,0,24,8,16,12,12,7,11.1093912914075,10.0820938830826,0.425237140767709,31
"17909","PR","Quatro Barras",23911,66795.52,41037,"Curitiba",4,"Sul",1,"412080",6,17,4,13,6,11,0,0,0,0,0,17,4,13,6,11,15,11.1093912914075,10.0820938830826,0.424963930467083,30
"17910","PR","Quatro Barras",23911,66795.52,41037,"Curitiba",4,"Sul",1,"412080",7,26,3,23,10,16,0,0,0,0,0,26,3,23,10,16,20,11.1093912914075,10.0820938830826,0.429430452243604,29
"17911","PR","Quedas do Iguaçu",34409,35360.99,41029,"Guarapuava",4,"Sul",0,"412090",2,67,15,52,38,29,0,0,0,0,0,67,15,52,38,29,13,10.4733645140972,10.4460734370499,0.323528679878149,29
"17912","PR","Quedas do Iguaçu",34409,35360.99,41029,"Guarapuava",4,"Sul",0,"412090",3,70,21,49,33,37,2,0,0,0,0,72,21,49,33,37,17,10.4733645140972,10.4460734370499,0.415552656031488,31
"17913","PR","Quedas do Iguaçu",34409,35360.99,41029,"Guarapuava",4,"Sul",0,"412090",4,39,11,28,13,26,0,0,0,0,0,39,11,28,13,26,13,10.4733645140972,10.4460734370499,0.431182688159126,30
"17914","PR","Quedas do Iguaçu",34409,35360.99,41029,"Guarapuava",4,"Sul",0,"412090",5,48,14,34,24,24,0,0,0,0,0,48,14,34,24,24,13,10.4733645140972,10.4460734370499,0.416991767405883,31
"17915","PR","Quedas do Iguaçu",34409,35360.99,41029,"Guarapuava",4,"Sul",0,"412090",6,35,15,20,17,18,0,0,0,0,0,35,15,20,17,18,17,10.4733645140972,10.4460734370499,0.414163575050803,30
"17916","PR","Quedas do Iguaçu",34409,35360.99,41029,"Guarapuava",4,"Sul",0,"412090",7,42,12,30,20,22,1,0,0,0,0,43,12,30,20,22,23,10.4733645140972,10.4460734370499,0.415200119181107,29
"17917","PR","Querência do Norte",12232,19477.22,41001,"Paranavaí",4,"Sul",0,"412100",2,24,10,14,12,12,0,0,0,0,0,24,10,14,12,12,7,9.87700085654014,9.4118107476089,0.276453677328061,29
"17918","PR","Querência do Norte",12232,19477.22,41001,"Paranavaí",4,"Sul",0,"412100",3,27,6,21,15,12,0,0,0,0,0,27,6,21,15,12,5,9.87700085654014,9.4118107476089,0.369624480047911,31
"17919","PR","Querência do Norte",12232,19477.22,41001,"Paranavaí",4,"Sul",0,"412100",4,11,4,7,3,8,0,0,0,0,0,11,4,7,3,8,5,9.87700085654014,9.4118107476089,0.37777001469602,30
"17920","PR","Querência do Norte",12232,19477.22,41001,"Paranavaí",4,"Sul",0,"412100",5,15,8,7,9,6,0,0,0,0,0,15,8,7,9,6,5,9.87700085654014,9.4118107476089,0.384446468254468,31
"17921","PR","Querência do Norte",12232,19477.22,41001,"Paranavaí",4,"Sul",0,"412100",6,21,7,14,5,16,0,0,0,0,0,21,7,14,5,16,4,9.87700085654014,9.4118107476089,0.370795303270121,30
"17922","PR","Querência do Norte",12232,19477.22,41001,"Paranavaí",4,"Sul",0,"412100",7,13,3,10,6,7,0,0,0,0,0,13,3,10,6,7,9,9.87700085654014,9.4118107476089,0.379874956532977,29
"17923","PR","Realeza",16950,35674.76,41025,"Capanema",4,"Sul",0,"412140",2,20,2,18,4,16,0,0,0,0,0,20,2,18,4,16,12,10.4821987149223,9.7380231128086,0.296287618946943,29
"17924","PR","Realeza",16950,35674.76,41025,"Capanema",4,"Sul",0,"412140",3,19,1,18,6,13,0,0,0,0,0,19,1,18,6,13,11,10.4821987149223,9.7380231128086,0.3804082061172,31
"17925","PR","Realeza",16950,35674.76,41025,"Capanema",4,"Sul",0,"412140",4,15,1,14,1,14,0,0,0,0,0,15,1,14,1,14,5,10.4821987149223,9.7380231128086,0.418207456776957,30
"17926","PR","Realeza",16950,35674.76,41025,"Capanema",4,"Sul",0,"412140",5,20,6,14,8,12,0,0,0,0,0,20,6,14,8,12,6,10.4821987149223,9.7380231128086,0.414501665469547,31
"17927","PR","Realeza",16950,35674.76,41025,"Capanema",4,"Sul",0,"412140",6,19,5,14,3,16,0,0,0,0,0,19,5,14,3,16,9,10.4821987149223,9.7380231128086,0.382201083238742,30
"17928","PR","Realeza",16950,35674.76,41025,"Capanema",4,"Sul",0,"412140",7,28,5,23,4,24,0,0,0,0,0,28,5,23,4,24,8,10.4821987149223,9.7380231128086,0.389518604462237,29
"17929","PR","Rebouças",14946,25556.97,41032,"Irati",4,"Sul",0,"412150",2,39,7,32,19,20,0,0,0,0,0,39,7,32,19,20,8,10.1486653568636,9.61219898449024,0.337620871857685,29
"17930","PR","Rebouças",14946,25556.97,41032,"Irati",4,"Sul",0,"412150",3,25,5,20,10,15,0,0,0,0,0,25,5,20,10,15,10,10.1486653568636,9.61219898449024,0.411115713662692,31
"17931","PR","Rebouças",14946,25556.97,41032,"Irati",4,"Sul",0,"412150",4,13,2,11,3,10,1,0,0,0,0,14,2,11,3,10,9,10.1486653568636,9.61219898449024,0.438313488018411,30
"17932","PR","Rebouças",14946,25556.97,41032,"Irati",4,"Sul",0,"412150",5,12,1,11,3,9,0,0,0,0,0,12,1,11,3,9,11,10.1486653568636,9.61219898449024,0.43369820931367,31
"17933","PR","Rebouças",14946,25556.97,41032,"Irati",4,"Sul",0,"412150",6,13,8,5,4,9,0,0,0,0,0,13,8,5,4,9,8,10.1486653568636,9.61219898449024,0.415068693510858,30
"17934","PR","Rebouças",14946,25556.97,41032,"Irati",4,"Sul",0,"412150",7,12,1,11,6,6,0,0,0,0,0,12,1,11,6,6,7,10.1486653568636,9.61219898449024,0.434129285659779,29
"17935","PR","Reserva",26825,23196.34,41019,"Telêmaco Borba",4,"Sul",0,"412170",2,56,29,27,30,26,0,0,0,0,0,56,29,27,30,26,20,10.0517497865885,10.1970895674989,0.291455707228046,29
"17936","PR","Reserva",26825,23196.34,41019,"Telêmaco Borba",4,"Sul",0,"412170",3,47,21,26,22,25,0,0,0,0,0,47,21,26,22,25,12,10.0517497865885,10.1970895674989,0.355985154721722,31
"17937","PR","Reserva",26825,23196.34,41019,"Telêmaco Borba",4,"Sul",0,"412170",4,34,16,18,17,17,0,0,0,0,0,34,16,18,17,17,12,10.0517497865885,10.1970895674989,0.392738919531864,30
"17938","PR","Reserva",26825,23196.34,41019,"Telêmaco Borba",4,"Sul",0,"412170",5,30,12,18,16,14,0,0,0,0,0,30,12,18,16,14,9,10.0517497865885,10.1970895674989,0.401445283853182,31
"17939","PR","Reserva",26825,23196.34,41019,"Telêmaco Borba",4,"Sul",0,"412170",6,35,21,14,18,17,0,0,0,0,0,35,21,14,18,17,18,10.0517497865885,10.1970895674989,0.376132729557311,30
"17940","PR","Reserva",26825,23196.34,41019,"Telêmaco Borba",4,"Sul",0,"412170",7,30,7,23,15,15,1,0,0,0,0,31,7,23,15,15,17,10.0517497865885,10.1970895674989,0.389840231771634,29
"17941","PR","Ribeirão Claro",10645,43864.02,41016,"Jacarezinho",4,"Sul",0,"412180",2,23,2,21,6,17,0,0,0,0,0,23,2,21,6,17,6,10.6888496730386,9.27284557732758,0.314559273633311,29
"17942","PR","Ribeirão Claro",10645,43864.02,41016,"Jacarezinho",4,"Sul",0,"412180",3,19,5,14,5,14,0,0,0,0,0,19,5,14,5,14,5,10.6888496730386,9.27284557732758,0.401004870913114,31
"17943","PR","Ribeirão Claro",10645,43864.02,41016,"Jacarezinho",4,"Sul",0,"412180",4,13,6,7,7,6,0,0,0,0,0,13,6,7,7,6,11,10.6888496730386,9.27284557732758,0.438199315921423,30
"17944","PR","Ribeirão Claro",10645,43864.02,41016,"Jacarezinho",4,"Sul",0,"412180",5,13,3,10,5,8,0,0,0,0,0,13,3,10,5,8,13,10.6888496730386,9.27284557732758,0.419696963647405,31
"17945","PR","Ribeirão Claro",10645,43864.02,41016,"Jacarezinho",4,"Sul",0,"412180",6,12,0,12,4,8,0,0,0,0,0,12,0,12,4,8,12,10.6888496730386,9.27284557732758,0.391706914070318,30
"17946","PR","Ribeirão Claro",10645,43864.02,41016,"Jacarezinho",4,"Sul",0,"412180",7,14,1,13,3,11,0,0,0,0,0,14,1,13,3,11,11,10.6888496730386,9.27284557732758,0.390721183495601,29
"17947","PR","Ribeirão do Pinhal",12948,17801.07,41015,"Cornélio Procópio",4,"Sul",1,"412190",2,22,2,20,8,14,0,0,0,0,0,22,2,20,8,14,10,9.78701384683305,9.46869661504613,0.288409184892399,29
"17948","PR","Ribeirão do Pinhal",12948,17801.07,41015,"Cornélio Procópio",4,"Sul",1,"412190",3,16,3,13,3,13,0,0,0,0,0,16,3,13,3,13,7,9.78701384683305,9.46869661504613,0.355396538035406,31
"17949","PR","Ribeirão do Pinhal",12948,17801.07,41015,"Cornélio Procópio",4,"Sul",1,"412190",4,8,1,7,1,7,0,0,0,0,0,8,1,7,1,7,8,9.78701384683305,9.46869661504613,0.399786251388319,30
"17950","PR","Ribeirão do Pinhal",12948,17801.07,41015,"Cornélio Procópio",4,"Sul",1,"412190",5,14,2,12,5,9,0,0,0,0,0,14,2,12,5,9,5,9.78701384683305,9.46869661504613,0.405019698849975,31
"17951","PR","Ribeirão do Pinhal",12948,17801.07,41015,"Cornélio Procópio",4,"Sul",1,"412190",6,13,1,12,6,7,1,0,0,0,0,14,1,12,6,7,18,9.78701384683305,9.46869661504613,0.370334642209115,30
"17952","PR","Ribeirão do Pinhal",12948,17801.07,41015,"Cornélio Procópio",4,"Sul",1,"412190",7,8,4,4,4,4,0,0,0,0,0,8,4,4,4,4,12,9.78701384683305,9.46869661504613,0.360670831320324,29
"17953","PR","Rio Azul",15336,40165.19,41032,"Irati",4,"Sul",0,"412200",2,38,14,24,21,17,0,0,0,0,0,38,14,24,21,17,12,10.6007559790835,9.63795828472548,0.335041787294756,29
"17954","PR","Rio Azul",15336,40165.19,41032,"Irati",4,"Sul",0,"412200",3,26,7,19,7,19,0,0,0,0,0,26,7,19,7,19,5,10.6007559790835,9.63795828472548,0.409333383262151,31
"17955","PR","Rio Azul",15336,40165.19,41032,"Irati",4,"Sul",0,"412200",4,12,1,11,8,4,0,0,0,0,0,12,1,11,8,4,8,10.6007559790835,9.63795828472548,0.45285454070721,30
"17956","PR","Rio Azul",15336,40165.19,41032,"Irati",4,"Sul",0,"412200",5,20,10,10,6,14,0,0,0,0,0,20,10,10,6,14,5,10.6007559790835,9.63795828472548,0.456009583450876,31
"17957","PR","Rio Azul",15336,40165.19,41032,"Irati",4,"Sul",0,"412200",6,14,6,8,5,9,0,0,0,0,0,14,6,8,5,9,7,10.6007559790835,9.63795828472548,0.442180758476594,30
"17958","PR","Rio Azul",15336,40165.19,41032,"Irati",4,"Sul",0,"412200",7,14,5,9,5,9,0,0,0,0,0,14,5,9,5,9,9,10.6007559790835,9.63795828472548,0.464630295795573,29
"17959","PR","Rio Branco do Sul",32517,34623.86,41037,"Curitiba",4,"Sul",1,"412220",2,72,18,54,38,34,0,0,0,0,0,72,18,54,38,34,11,10.4522983187599,10.3895183084839,0.323210774708178,29
"17960","PR","Rio Branco do Sul",32517,34623.86,41037,"Curitiba",4,"Sul",1,"412220",3,53,23,30,22,31,1,0,0,0,0,54,23,30,22,31,15,10.4522983187599,10.3895183084839,0.414860170387751,31
"17961","PR","Rio Branco do Sul",32517,34623.86,41037,"Curitiba",4,"Sul",1,"412220",4,48,21,27,27,21,0,0,0,0,0,48,21,27,27,21,12,10.4522983187599,10.3895183084839,0.45722848268016,30
"17962","PR","Rio Branco do Sul",32517,34623.86,41037,"Curitiba",4,"Sul",1,"412220",5,60,22,38,30,30,1,0,0,0,0,61,22,38,30,30,14,10.4522983187599,10.3895183084839,0.41353390150334,31
"17963","PR","Rio Branco do Sul",32517,34623.86,41037,"Curitiba",4,"Sul",1,"412220",6,45,11,34,20,25,0,0,0,0,0,45,11,34,20,25,13,10.4522983187599,10.3895183084839,0.411833468774077,30
"17964","PR","Rio Branco do Sul",32517,34623.86,41037,"Curitiba",4,"Sul",1,"412220",7,38,10,28,16,22,0,0,0,0,0,38,10,28,16,22,24,10.4522983187599,10.3895183084839,0.428046125270721,29
"17965","PR","Rio Negro",34411,36241.73,41039,"Rio Negro",4,"Sul",1,"412230",2,61,14,47,21,40,0,0,0,0,0,61,14,47,21,40,10,10.4979664963244,10.4461315596886,0.303428879836944,29
"17966","PR","Rio Negro",34411,36241.73,41039,"Rio Negro",4,"Sul",1,"412230",3,42,10,32,15,27,0,0,0,0,0,42,10,32,15,27,20,10.4979664963244,10.4461315596886,0.411636713189955,31
"17967","PR","Rio Negro",34411,36241.73,41039,"Rio Negro",4,"Sul",1,"412230",4,31,8,23,14,17,0,0,0,0,0,31,8,23,14,17,17,10.4979664963244,10.4461315596886,0.440350631788815,30
"17968","PR","Rio Negro",34411,36241.73,41039,"Rio Negro",4,"Sul",1,"412230",5,25,4,21,8,17,0,0,0,0,0,25,4,21,8,17,21,10.4979664963244,10.4461315596886,0.408981156055846,31
"17969","PR","Rio Negro",34411,36241.73,41039,"Rio Negro",4,"Sul",1,"412230",6,31,8,23,11,20,1,0,0,0,0,32,8,23,11,20,16,10.4979664963244,10.4461315596886,0.390565874241575,30
"17970","PR","Rio Negro",34411,36241.73,41039,"Rio Negro",4,"Sul",1,"412230",7,34,8,26,19,15,0,0,0,0,0,34,8,26,19,15,27,10.4979664963244,10.4461315596886,0.390993416079937,29
"17971","PR","Rolândia",67383,40410.66,41011,"Londrina",4,"Sul",1,"412240",2,129,32,97,46,83,1,0,0,0,0,130,32,97,46,83,40,10.6068488905301,11.1181480395669,0.318842028834989,29
"17972","PR","Rolândia",67383,40410.66,41011,"Londrina",4,"Sul",1,"412240",3,112,26,86,41,71,1,0,0,0,0,113,26,86,41,71,41,10.6068488905301,11.1181480395669,0.410788826270328,31
"17973","PR","Rolândia",67383,40410.66,41011,"Londrina",4,"Sul",1,"412240",4,56,18,38,15,41,1,0,0,0,0,57,18,38,15,41,46,10.6068488905301,11.1181480395669,0.441577649842525,30
"17974","PR","Rolândia",67383,40410.66,41011,"Londrina",4,"Sul",1,"412240",5,90,26,64,35,55,0,0,0,0,0,90,26,64,35,55,36,10.6068488905301,11.1181480395669,0.392819781189202,31
"17975","PR","Rolândia",67383,40410.66,41011,"Londrina",4,"Sul",1,"412240",6,76,23,53,23,53,0,0,0,0,0,76,23,53,23,53,40,10.6068488905301,11.1181480395669,0.380458659047152,30
"17976","PR","Rolândia",67383,40410.66,41011,"Londrina",4,"Sul",1,"412240",7,63,20,43,24,39,0,0,0,0,0,63,20,43,24,39,40,10.6068488905301,11.1181480395669,0.380305458651317,29
"17977","PR","Roncador",9645,42915.27,41005,"Campo Mourão",4,"Sul",0,"412250",2,19,7,12,10,9,0,0,0,0,0,19,7,12,10,9,5,10.666982985639,9.17419492533983,0.314151905064247,29
"17978","PR","Roncador",9645,42915.27,41005,"Campo Mourão",4,"Sul",0,"412250",3,22,7,15,5,17,0,0,0,0,0,22,7,15,5,17,5,10.666982985639,9.17419492533983,0.40484936798416,31
"17979","PR","Roncador",9645,42915.27,41005,"Campo Mourão",4,"Sul",0,"412250",4,14,3,11,3,11,0,0,0,0,0,14,3,11,3,11,11,10.666982985639,9.17419492533983,0.433087869425595,30
"17980","PR","Roncador",9645,42915.27,41005,"Campo Mourão",4,"Sul",0,"412250",5,11,1,10,3,8,0,0,0,0,0,11,1,10,3,8,10,10.666982985639,9.17419492533983,0.401380786894145,31
"17981","PR","Roncador",9645,42915.27,41005,"Campo Mourão",4,"Sul",0,"412250",6,15,4,11,8,7,0,0,0,0,0,15,4,11,8,7,13,10.666982985639,9.17419492533983,0.414963215403954,30
"17982","PR","Roncador",9645,42915.27,41005,"Campo Mourão",4,"Sul",0,"412250",7,6,1,5,2,4,0,0,0,0,0,6,1,5,2,4,13,10.666982985639,9.17419492533983,0.420221864023842,29
"17983","PR","Rondon",9622,27777.97,41003,"Cianorte",4,"Sul",0,"412260",2,13,6,7,5,8,0,0,0,0,0,13,6,7,5,8,5,10.2319985394842,9.1718074222594,0.28597927668289,29
"17984","PR","Rondon",9622,27777.97,41003,"Cianorte",4,"Sul",0,"412260",3,23,2,21,7,16,0,0,0,0,0,23,2,21,7,16,4,10.2319985394842,9.1718074222594,0.355208713498257,31
"17985","PR","Rondon",9622,27777.97,41003,"Cianorte",4,"Sul",0,"412260",4,16,3,13,10,6,0,0,0,0,0,16,3,13,10,6,5,10.2319985394842,9.1718074222594,0.365851181812048,30
"17986","PR","Rondon",9622,27777.97,41003,"Cianorte",4,"Sul",0,"412260",5,13,3,10,7,6,0,0,0,0,0,13,3,10,7,6,3,10.2319985394842,9.1718074222594,0.381056907243371,31
"17987","PR","Rondon",9622,27777.97,41003,"Cianorte",4,"Sul",0,"412260",6,11,2,9,4,7,0,0,0,0,0,11,2,9,4,7,6,10.2319985394842,9.1718074222594,0.388019306486962,30
"17988","PR","Rondon",9622,27777.97,41003,"Cianorte",4,"Sul",0,"412260",7,12,2,10,7,5,0,0,0,0,0,12,2,10,7,5,4,10.2319985394842,9.1718074222594,0.36843674144802,29
"17989","PR","Sabáudia",6891,84156.9,41010,"Apucarana",4,"Sul",0,"412270",2,19,10,9,8,11,0,0,0,0,0,19,10,9,8,11,5,11.3404381926924,8.83797149135721,0.319055420716918,29
"17990","PR","Sabáudia",6891,84156.9,41010,"Apucarana",4,"Sul",0,"412270",3,19,2,17,8,11,0,0,0,0,0,19,2,17,8,11,8,11.3404381926924,8.83797149135721,0.387987318486186,31
"17991","PR","Sabáudia",6891,84156.9,41010,"Apucarana",4,"Sul",0,"412270",4,11,4,7,7,4,0,0,0,0,0,11,4,7,7,4,4,11.3404381926924,8.83797149135721,0.443289331893474,30
"17992","PR","Sabáudia",6891,84156.9,41010,"Apucarana",4,"Sul",0,"412270",5,9,0,9,2,7,0,0,0,0,0,9,0,9,2,7,1,11.3404381926924,8.83797149135721,0.370088630452231,31
"17993","PR","Sabáudia",6891,84156.9,41010,"Apucarana",4,"Sul",0,"412270",6,8,2,6,3,5,0,0,0,0,0,8,2,6,3,5,2,11.3404381926924,8.83797149135721,0.353655733666278,30
"17994","PR","Sabáudia",6891,84156.9,41010,"Apucarana",4,"Sul",0,"412270",7,9,2,7,4,5,0,0,0,0,0,9,2,7,4,5,5,11.3404381926924,8.83797149135721,0.369570660056576,29
"17995","PR","Salto do Lontra",14872,25292.01,41026,"Francisco Beltrão",4,"Sul",0,"412300",2,25,8,17,11,14,0,0,0,0,0,25,8,17,11,14,7,10.1382438145604,9.60723552940128,0.304579286798575,29
"17996","PR","Salto do Lontra",14872,25292.01,41026,"Francisco Beltrão",4,"Sul",0,"412300",3,6,0,6,2,4,0,0,0,0,0,6,0,6,2,4,9,10.1382438145604,9.60723552940128,0.389415755486562,31
"17997","PR","Salto do Lontra",14872,25292.01,41026,"Francisco Beltrão",4,"Sul",0,"412300",4,21,9,12,9,12,0,0,0,0,0,21,9,12,9,12,5,10.1382438145604,9.60723552940128,0.381306395343929,30
"17998","PR","Salto do Lontra",14872,25292.01,41026,"Francisco Beltrão",4,"Sul",0,"412300",5,15,3,12,8,7,0,0,0,0,0,15,3,12,8,7,8,10.1382438145604,9.60723552940128,0.385569646761996,31
"17999","PR","Salto do Lontra",14872,25292.01,41026,"Francisco Beltrão",4,"Sul",0,"412300",6,16,7,9,8,8,0,0,0,0,0,16,7,9,8,8,7,10.1382438145604,9.60723552940128,0.410286943811903,30
"18000","PR","Salto do Lontra",14872,25292.01,41026,"Francisco Beltrão",4,"Sul",0,"412300",7,16,5,11,2,14,0,0,0,0,0,16,5,11,2,14,6,10.1382438145604,9.60723552940128,0.398395975437001,29
"18001","PR","Santa Cruz de Monte Castelo",7751,33465.37,41001,"Paranavaí",4,"Sul",0,"412330",2,11,2,9,3,8,0,0,0,0,0,11,2,9,3,8,5,10.4182664518011,8.95557714628151,0.320065792999041,29
"18002","PR","Santa Cruz de Monte Castelo",7751,33465.37,41001,"Paranavaí",4,"Sul",0,"412330",3,4,1,3,1,3,0,0,0,0,0,4,1,3,1,3,9,10.4182664518011,8.95557714628151,0.414811070450971,31
"18003","PR","Santa Cruz de Monte Castelo",7751,33465.37,41001,"Paranavaí",4,"Sul",0,"412330",4,3,2,1,2,1,0,0,0,0,0,3,2,1,2,1,9,10.4182664518011,8.95557714628151,0.436069533549558,30
"18004","PR","Santa Cruz de Monte Castelo",7751,33465.37,41001,"Paranavaí",4,"Sul",0,"412330",5,1,1,0,0,1,0,0,0,0,0,1,1,0,0,1,8,10.4182664518011,8.95557714628151,0.376337915728364,31
"18005","PR","Santa Cruz de Monte Castelo",7751,33465.37,41001,"Paranavaí",4,"Sul",0,"412330",6,0,0,0,0,0,0,0,0,0,0,0,0,0,0,0,7,10.4182664518011,8.95557714628151,0.357611394140435,30
"18006","PR","Santa Cruz de Monte Castelo",7751,33465.37,41001,"Paranavaí",4,"Sul",0,"412330",7,1,0,1,1,0,0,0,0,0,0,1,0,1,1,0,11,10.4182664518011,8.95557714628151,0.392342768147539,29
"18007","PR","Santa Fé",12186,22753.57,41006,"Astorga",4,"Sul",0,"412340",2,16,5,11,7,9,0,0,0,0,0,16,5,11,7,9,6,10.0324773351449,9.40804303080844,0.280428474712992,29
"18008","PR","Santa Fé",12186,22753.57,41006,"Astorga",4,"Sul",0,"412340",3,18,1,17,6,12,0,0,0,0,0,18,1,17,6,12,7,10.0324773351449,9.40804303080844,0.37330680903592,31
"18009","PR","Santa Fé",12186,22753.57,41006,"Astorga",4,"Sul",0,"412340",4,11,3,8,2,9,0,0,0,0,0,11,3,8,2,9,11,10.0324773351449,9.40804303080844,0.414269597518978,30
"18010","PR","Santa Fé",12186,22753.57,41006,"Astorga",4,"Sul",0,"412340",5,12,2,10,7,5,0,0,0,0,0,12,2,10,7,5,9,10.0324773351449,9.40804303080844,0.369007139100231,31
"18011","PR","Santa Fé",12186,22753.57,41006,"Astorga",4,"Sul",0,"412340",6,10,1,9,3,7,0,0,0,0,0,10,1,9,3,7,8,10.0324773351449,9.40804303080844,0.330335241220102,30
"18012","PR","Santa Fé",12186,22753.57,41006,"Astorga",4,"Sul",0,"412340",7,17,3,14,9,8,0,0,0,0,0,17,3,14,9,8,4,10.0324773351449,9.40804303080844,0.339278764264326,29
"18013","PR","Santa Helena",26767,35652.74,41022,"Toledo",4,"Sul",0,"412350",2,47,14,33,20,27,0,0,0,0,0,47,14,33,20,27,14,10.481581281234,10.1949250644893,0.309255211818224,29
"18014","PR","Santa Helena",26767,35652.74,41022,"Toledo",4,"Sul",0,"412350",3,44,16,28,17,27,0,0,0,0,0,44,16,28,17,27,17,10.481581281234,10.1949250644893,0.417665685594082,31
"18015","PR","Santa Helena",26767,35652.74,41022,"Toledo",4,"Sul",0,"412350",4,39,11,28,14,25,2,0,0,0,0,41,11,28,14,25,18,10.481581281234,10.1949250644893,0.435074105129541,30
"18016","PR","Santa Helena",26767,35652.74,41022,"Toledo",4,"Sul",0,"412350",5,32,11,21,6,26,0,0,0,0,0,32,11,21,6,26,18,10.481581281234,10.1949250644893,0.416658741252827,31
"18017","PR","Santa Helena",26767,35652.74,41022,"Toledo",4,"Sul",0,"412350",6,32,11,21,12,20,0,0,0,0,0,32,11,21,12,20,24,10.481581281234,10.1949250644893,0.429680437750388,30
"18018","PR","Santa Helena",26767,35652.74,41022,"Toledo",4,"Sul",0,"412350",7,27,6,21,11,16,0,0,0,0,0,27,6,21,11,16,18,10.481581281234,10.1949250644893,0.425101762904077,29
"18019","PR","Santa Isabel do Ivaí",8523,22904.05,41001,"Paranavaí",4,"Sul",0,"412370",2,9,1,8,1,8,0,0,0,0,0,9,1,8,1,8,4,10.0390690298004,9.0505236705223,0.313236770237622,29
"18020","PR","Santa Isabel do Ivaí",8523,22904.05,41001,"Paranavaí",4,"Sul",0,"412370",3,10,3,7,2,8,0,0,0,0,0,10,3,7,2,8,10,10.0390690298004,9.0505236705223,0.407183936624126,31
"18021","PR","Santa Isabel do Ivaí",8523,22904.05,41001,"Paranavaí",4,"Sul",0,"412370",4,7,2,5,1,6,0,0,0,0,0,7,2,5,1,6,6,10.0390690298004,9.0505236705223,0.462754082747953,30
"18022","PR","Santa Isabel do Ivaí",8523,22904.05,41001,"Paranavaí",4,"Sul",0,"412370",5,8,3,5,5,3,0,0,0,0,0,8,3,5,5,3,5,10.0390690298004,9.0505236705223,0.425903854676145,31
"18023","PR","Santa Isabel do Ivaí",8523,22904.05,41001,"Paranavaí",4,"Sul",0,"412370",6,7,0,7,1,6,0,0,0,0,0,7,0,7,1,6,4,10.0390690298004,9.0505236705223,0.379496260991792,30
"18024","PR","Santa Isabel do Ivaí",8523,22904.05,41001,"Paranavaí",4,"Sul",0,"412370",7,10,2,8,2,8,0,0,0,0,0,10,2,8,2,8,6,10.0390690298004,9.0505236705223,0.385930544654768,29
"18025","PR","Santa Izabel do Oeste",14794,22155.36,41025,"Capanema",4,"Sul",0,"412380",2,21,9,12,6,15,0,0,0,0,0,21,9,12,6,15,3,10.0058347326553,9.60197697214781,0.304152928018704,29
"18026","PR","Santa Izabel do Oeste",14794,22155.36,41025,"Capanema",4,"Sul",0,"412380",3,18,6,12,4,14,0,0,0,0,0,18,6,12,4,14,7,10.0058347326553,9.60197697214781,0.390888331979215,31
"18027","PR","Santa Izabel do Oeste",14794,22155.36,41025,"Capanema",4,"Sul",0,"412380",4,26,5,21,14,12,0,0,0,0,0,26,5,21,14,12,9,10.0058347326553,9.60197697214781,0.41139508445575,30
"18028","PR","Santa Izabel do Oeste",14794,22155.36,41025,"Capanema",4,"Sul",0,"412380",5,15,4,11,7,8,0,0,0,0,0,15,4,11,7,8,4,10.0058347326553,9.60197697214781,0.382878677923137,31
"18029","PR","Santa Izabel do Oeste",14794,22155.36,41025,"Capanema",4,"Sul",0,"412380",6,16,2,14,3,13,0,0,0,0,0,16,2,14,3,13,17,10.0058347326553,9.60197697214781,0.380123002069982,30
"18030","PR","Santa Izabel do Oeste",14794,22155.36,41025,"Capanema",4,"Sul",0,"412380",7,8,1,7,5,3,0,0,0,0,0,8,1,7,5,3,6,10.0058347326553,9.60197697214781,0.354297327163618,29
"18031","PR","Santa Mariana",11622,28615.91,41015,"Cornélio Procópio",4,"Sul",0,"412390",2,13,3,10,5,8,0,0,0,0,0,13,3,10,5,8,12,10.2617181358403,9.36065513263505,0.322409077343654,29
"18032","PR","Santa Mariana",11622,28615.91,41015,"Cornélio Procópio",4,"Sul",0,"412390",3,7,0,7,2,5,0,0,0,0,0,7,0,7,2,5,5,10.2617181358403,9.36065513263505,0.39478532982072,31
"18033","PR","Santa Mariana",11622,28615.91,41015,"Cornélio Procópio",4,"Sul",0,"412390",4,11,1,10,6,5,0,0,0,0,0,11,1,10,6,5,11,10.2617181358403,9.36065513263505,0.435532443997323,30
"18034","PR","Santa Mariana",11622,28615.91,41015,"Cornélio Procópio",4,"Sul",0,"412390",5,17,4,13,7,10,0,0,0,0,0,17,4,13,7,10,15,10.2617181358403,9.36065513263505,0.407768130450814,31
"18035","PR","Santa Mariana",11622,28615.91,41015,"Cornélio Procópio",4,"Sul",0,"412390",6,12,3,9,5,7,0,0,0,0,0,12,3,9,5,7,13,10.2617181358403,9.36065513263505,0.419828545458586,30
"18036","PR","Santa Mariana",11622,28615.91,41015,"Cornélio Procópio",4,"Sul",0,"412390",7,15,2,13,4,11,1,0,0,0,0,16,2,13,4,11,7,10.2617181358403,9.36065513263505,0.397469890577522,29
"18037","PR","Santa Tereza do Oeste",10096,36647.22,41023,"Cascavel",4,"Sul",1,"412402",2,28,11,17,9,19,0,0,0,0,0,28,11,17,9,19,4,10.5090928517775,9.219894584781,0.300247782520562,29
"18038","PR","Santa Tereza do Oeste",10096,36647.22,41023,"Cascavel",4,"Sul",1,"412402",3,29,8,21,11,18,0,0,0,0,0,29,8,21,11,18,3,10.5090928517775,9.219894584781,0.384761694459611,31
"18039","PR","Santa Tereza do Oeste",10096,36647.22,41023,"Cascavel",4,"Sul",1,"412402",4,20,6,14,8,12,0,0,0,0,0,20,6,14,8,12,5,10.5090928517775,9.219894584781,0.41299736446892,30
"18040","PR","Santa Tereza do Oeste",10096,36647.22,41023,"Cascavel",4,"Sul",1,"412402",5,13,4,9,2,11,0,0,0,0,0,13,4,9,2,11,6,10.5090928517775,9.219894584781,0.379755880708279,31
"18041","PR","Santa Tereza do Oeste",10096,36647.22,41023,"Cascavel",4,"Sul",1,"412402",6,20,3,17,7,13,0,0,0,0,0,20,3,17,7,13,3,10.5090928517775,9.219894584781,0.387399170675384,30
"18042","PR","Santa Tereza do Oeste",10096,36647.22,41023,"Cascavel",4,"Sul",1,"412402",7,18,2,16,6,12,0,0,0,0,0,18,2,16,6,12,6,10.5090928517775,9.219894584781,0.358614548258091,29
"18043","PR","Santa Terezinha de Itaipu",23699,22533.87,41024,"Foz do Iguaçu",4,"Sul",1,"412405",2,36,11,25,14,22,0,0,0,0,0,36,11,25,14,22,12,10.0227747896474,10.0731881321402,0.345395491841336,29
"18044","PR","Santa Terezinha de Itaipu",23699,22533.87,41024,"Foz do Iguaçu",4,"Sul",1,"412405",3,41,5,36,9,32,1,0,0,0,0,42,5,36,9,32,14,10.0227747896474,10.0731881321402,0.439196797990295,31
"18045","PR","Santa Terezinha de Itaipu",23699,22533.87,41024,"Foz do Iguaçu",4,"Sul",1,"412405",4,32,12,20,16,16,0,0,0,0,0,32,12,20,16,16,14,10.0227747896474,10.0731881321402,0.492875942583425,30
"18046","PR","Santa Terezinha de Itaipu",23699,22533.87,41024,"Foz do Iguaçu",4,"Sul",1,"412405",5,30,4,26,12,18,0,0,0,0,0,30,4,26,12,18,13,10.0227747896474,10.0731881321402,0.441299653354797,31
"18047","PR","Santa Terezinha de Itaipu",23699,22533.87,41024,"Foz do Iguaçu",4,"Sul",1,"412405",6,32,10,22,13,19,0,0,0,0,0,32,10,22,13,19,17,10.0227747896474,10.0731881321402,0.424944680605742,30
"18048","PR","Santa Terezinha de Itaipu",23699,22533.87,41024,"Foz do Iguaçu",4,"Sul",1,"412405",7,43,7,36,11,32,1,0,0,0,0,44,7,36,11,32,8,10.0227747896474,10.0731881321402,0.438783679839226,29
"18049","PR","Santo Antônio da Platina",46251,26464,41016,"Jacarezinho",4,"Sul",1,"412410",2,93,17,76,37,56,0,0,0,0,0,93,17,76,37,56,25,10.1835405978234,10.7418383643284,0.313952298660626,29
"18050","PR","Santo Antônio da Platina",46251,26464,41016,"Jacarezinho",4,"Sul",1,"412410",3,82,22,60,28,54,1,0,0,0,0,83,22,60,28,54,34,10.1835405978234,10.7418383643284,0.397039269158454,31
"18051","PR","Santo Antônio da Platina",46251,26464,41016,"Jacarezinho",4,"Sul",1,"412410",4,55,12,43,24,31,1,0,0,0,0,56,12,43,24,31,34,10.1835405978234,10.7418383643284,0.440239317390524,30
"18052","PR","Santo Antônio da Platina",46251,26464,41016,"Jacarezinho",4,"Sul",1,"412410",5,51,12,39,20,31,0,0,0,0,0,51,12,39,20,31,34,10.1835405978234,10.7418383643284,0.399943557067739,31
"18053","PR","Santo Antônio da Platina",46251,26464,41016,"Jacarezinho",4,"Sul",1,"412410",6,69,17,52,29,40,0,0,0,0,0,69,17,52,29,40,35,10.1835405978234,10.7418383643284,0.386774721651801,30
"18054","PR","Santo Antônio da Platina",46251,26464,41016,"Jacarezinho",4,"Sul",1,"412410",7,56,12,44,22,34,1,0,0,0,0,57,12,44,22,34,32,10.1835405978234,10.7418383643284,0.385374399767878,29
"18055","PR","Santo Antônio do Sudoeste",20261,25232.69,41026,"Francisco Beltrão",4,"Sul",0,"412440",2,36,10,26,10,26,0,0,0,0,0,36,10,26,10,26,10,10.1358956550559,9.91645313492615,0.340803291125819,29
"18056","PR","Santo Antônio do Sudoeste",20261,25232.69,41026,"Francisco Beltrão",4,"Sul",0,"412440",3,43,16,27,13,30,0,0,0,0,0,43,16,27,13,30,11,10.1358956550559,9.91645313492615,0.414040297697139,31
"18057","PR","Santo Antônio do Sudoeste",20261,25232.69,41026,"Francisco Beltrão",4,"Sul",0,"412440",4,15,7,8,4,11,0,0,0,0,0,15,7,8,4,11,13,10.1358956550559,9.91645313492615,0.43305527764588,30
"18058","PR","Santo Antônio do Sudoeste",20261,25232.69,41026,"Francisco Beltrão",4,"Sul",0,"412440",5,18,11,7,13,5,0,0,0,0,0,18,11,7,13,5,11,10.1358956550559,9.91645313492615,0.40757554561058,31
"18059","PR","Santo Antônio do Sudoeste",20261,25232.69,41026,"Francisco Beltrão",4,"Sul",0,"412440",6,21,9,12,8,13,0,0,0,0,0,21,9,12,8,13,9,10.1358956550559,9.91645313492615,0.398844751668152,30
"18060","PR","Santo Antônio do Sudoeste",20261,25232.69,41026,"Francisco Beltrão",4,"Sul",0,"412440",7,27,7,20,10,17,0,0,0,0,0,27,7,20,10,17,13,10.1358956550559,9.91645313492615,0.422418465911396,29
"18061","PR","Santo Inácio",5416,53762.37,41006,"Astorga",4,"Sul",0,"412450",2,18,6,12,7,11,0,0,0,0,0,18,6,12,7,11,2,10.8923290590468,8.59711281459211,0.337240769501145,29
"18062","PR","Santo Inácio",5416,53762.37,41006,"Astorga",4,"Sul",0,"412450",3,20,3,17,7,13,0,0,0,0,0,20,3,17,7,13,3,10.8923290590468,8.59711281459211,0.398594655549476,31
"18063","PR","Santo Inácio",5416,53762.37,41006,"Astorga",4,"Sul",0,"412450",4,4,1,3,2,2,0,0,0,0,0,4,1,3,2,2,2,10.8923290590468,8.59711281459211,0.380291774175321,30
"18064","PR","Santo Inácio",5416,53762.37,41006,"Astorga",4,"Sul",0,"412450",5,10,2,8,3,7,0,0,0,0,0,10,2,8,3,7,1,10.8923290590468,8.59711281459211,0.387303770322243,31
"18065","PR","Santo Inácio",5416,53762.37,41006,"Astorga",4,"Sul",0,"412450",6,9,2,7,3,6,0,0,0,0,0,9,2,7,3,6,1,10.8923290590468,8.59711281459211,0.37596623934451,30
"18066","PR","Santo Inácio",5416,53762.37,41006,"Astorga",4,"Sul",0,"412450",7,7,1,6,4,3,0,0,0,0,0,7,1,6,4,3,3,10.8923290590468,8.59711281459211,0.388956363700107,29
"18067","PR","São Carlos do Ivaí",6920,45033.98,41001,"Paranavaí",4,"Sul",0,"412460",2,12,5,7,5,7,0,0,0,0,0,12,5,7,5,7,3,10.7151725949106,8.84217104861172,0.329302238007499,29
"18068","PR","São Carlos do Ivaí",6920,45033.98,41001,"Paranavaí",4,"Sul",0,"412460",3,15,4,11,5,10,0,0,0,0,0,15,4,11,5,10,4,10.7151725949106,8.84217104861172,0.410364160282006,31
"18069","PR","São Carlos do Ivaí",6920,45033.98,41001,"Paranavaí",4,"Sul",0,"412460",4,15,5,10,5,10,0,0,0,0,0,15,5,10,5,10,6,10.7151725949106,8.84217104861172,0.410055883840108,30
"18070","PR","São Carlos do Ivaí",6920,45033.98,41001,"Paranavaí",4,"Sul",0,"412460",5,13,3,10,6,7,0,0,0,0,0,13,3,10,6,7,4,10.7151725949106,8.84217104861172,0.35904424430223,31
"18071","PR","São Carlos do Ivaí",6920,45033.98,41001,"Paranavaí",4,"Sul",0,"412460",6,7,2,5,2,5,0,0,0,0,0,7,2,5,2,5,8,10.7151725949106,8.84217104861172,0.363332253368518,30
"18072","PR","São Carlos do Ivaí",6920,45033.98,41001,"Paranavaí",4,"Sul",0,"412460",7,5,2,3,3,2,0,0,0,0,0,5,2,3,3,2,5,10.7151725949106,8.84217104861172,0.371838796311513,29
"18073","PR","São Jerônimo da Serra",11128,20351.17,41014,"Assaí",4,"Sul",0,"412470",2,19,4,15,13,6,0,0,0,0,0,19,4,15,13,6,3,9.92089368307553,9.31721973360328,0.331605645809556,29
"18074","PR","São Jerônimo da Serra",11128,20351.17,41014,"Assaí",4,"Sul",0,"412470",3,12,3,9,8,4,0,0,0,0,0,12,3,9,8,4,2,9.92089368307553,9.31721973360328,0.415540427901616,31
"18075","PR","São Jerônimo da Serra",11128,20351.17,41014,"Assaí",4,"Sul",0,"412470",4,10,3,7,3,7,0,0,0,0,0,10,3,7,3,7,2,9.92089368307553,9.31721973360328,0.426159622701522,30
"18076","PR","São Jerônimo da Serra",11128,20351.17,41014,"Assaí",4,"Sul",0,"412470",5,8,1,7,3,5,0,0,0,0,0,8,1,7,3,5,5,9.92089368307553,9.31721973360328,0.407535008665634,31
"18077","PR","São Jerônimo da Serra",11128,20351.17,41014,"Assaí",4,"Sul",0,"412470",6,11,3,8,5,6,0,0,0,0,0,11,3,8,5,6,5,9.92089368307553,9.31721973360328,0.387159415818397,30
"18078","PR","São Jerônimo da Serra",11128,20351.17,41014,"Assaí",4,"Sul",0,"412470",7,10,3,7,4,6,0,0,0,0,0,10,3,7,4,6,3,9.92089368307553,9.31721973360328,0.405340262757945,29
"18079","PR","São João",10181,71759.27,41027,"Pato Branco",4,"Sul",0,"412480",2,21,2,19,3,18,0,0,0,0,0,21,2,19,3,18,5,11.1810723238827,9.2282785171072,0.308673597522498,29
"18080","PR","São João",10181,71759.27,41027,"Pato Branco",4,"Sul",0,"412480",3,21,3,18,7,14,0,0,0,0,0,21,3,18,7,14,1,11.1810723238827,9.2282785171072,0.401318048500317,31
"18081","PR","São João",10181,71759.27,41027,"Pato Branco",4,"Sul",0,"412480",4,21,6,15,7,14,0,0,0,0,0,21,6,15,7,14,8,11.1810723238827,9.2282785171072,0.436534081697246,30
"18082","PR","São João",10181,71759.27,41027,"Pato Branco",4,"Sul",0,"412480",5,13,1,12,3,10,0,0,0,0,0,13,1,12,3,10,2,11.1810723238827,9.2282785171072,0.40493709845586,31
"18083","PR","São João",10181,71759.27,41027,"Pato Branco",4,"Sul",0,"412480",6,9,1,8,4,5,0,0,0,0,0,9,1,8,4,5,9,11.1810723238827,9.2282785171072,0.384473470882857,30
"18084","PR","São João",10181,71759.27,41027,"Pato Branco",4,"Sul",0,"412480",7,14,6,8,5,9,0,0,0,0,0,14,6,8,5,9,7,11.1810723238827,9.2282785171072,0.372238915118857,29
"18085","PR","São João do Ivaí",10056,27109.18,41013,"Ivaiporã",4,"Sul",0,"412500",2,14,2,12,6,8,0,0,0,0,0,14,2,12,6,8,10,10.207627694894,9.21592475027008,0.296383288385693,29
"18086","PR","São João do Ivaí",10056,27109.18,41013,"Ivaiporã",4,"Sul",0,"412500",3,20,4,16,11,9,0,0,0,0,0,20,4,16,11,9,10,10.207627694894,9.21592475027008,0.381465969604334,31
"18087","PR","São João do Ivaí",10056,27109.18,41013,"Ivaiporã",4,"Sul",0,"412500",4,14,4,10,9,5,0,0,0,0,0,14,4,10,9,5,12,10.207627694894,9.21592475027008,0.435713845005621,30
"18088","PR","São João do Ivaí",10056,27109.18,41013,"Ivaiporã",4,"Sul",0,"412500",5,7,0,7,2,5,0,0,0,0,0,7,0,7,2,5,5,10.207627694894,9.21592475027008,0.387475091099496,31
"18089","PR","São João do Ivaí",10056,27109.18,41013,"Ivaiporã",4,"Sul",0,"412500",6,8,1,7,5,3,0,0,0,0,0,8,1,7,5,3,13,10.207627694894,9.21592475027008,0.382084321769026,30
"18090","PR","São João do Ivaí",10056,27109.18,41013,"Ivaiporã",4,"Sul",0,"412500",7,14,4,10,7,7,0,0,0,0,0,14,4,10,7,7,17,10.207627694894,9.21592475027008,0.39648373399715,29
"18091","PR","São Jorge do Ivaí",5543,49974.2,41008,"Floraí",4,"Sul",0,"412530",2,6,0,6,1,5,0,0,0,0,0,6,0,6,1,5,0,10.8192621512365,8.6202911494198,0.286402597542619,29
"18092","PR","São Jorge do Ivaí",5543,49974.2,41008,"Floraí",4,"Sul",0,"412530",3,12,1,11,5,7,0,0,0,0,0,12,1,11,5,7,5,10.8192621512365,8.6202911494198,0.349103729568786,31
"18093","PR","São Jorge do Ivaí",5543,49974.2,41008,"Floraí",4,"Sul",0,"412530",4,3,0,3,1,2,0,0,0,0,0,3,0,3,1,2,3,10.8192621512365,8.6202911494198,0.368767167814504,30
"18094","PR","São Jorge do Ivaí",5543,49974.2,41008,"Floraí",4,"Sul",0,"412530",5,5,0,5,1,4,0,0,0,0,0,5,0,5,1,4,4,10.8192621512365,8.6202911494198,0.322935577454731,31
"18095","PR","São Jorge do Ivaí",5543,49974.2,41008,"Floraí",4,"Sul",0,"412530",6,7,0,7,1,6,0,0,0,0,0,7,0,7,1,6,7,10.8192621512365,8.6202911494198,0.307964960129534,30
"18096","PR","São Jorge do Ivaí",5543,49974.2,41008,"Floraí",4,"Sul",0,"412530",7,2,0,2,0,2,0,0,0,0,0,2,0,2,0,2,5,10.8192621512365,8.6202911494198,0.342283854476295,29
"18097","PR","São Jorge do Patrocínio",5586,20301.66,41002,"Umuarama",4,"Sul",0,"412535",2,16,4,12,4,12,0,0,0,0,0,16,4,12,4,12,3,9.91845793508563,8.62801874650512,0.325279078182541,29
"18098","PR","São Jorge do Patrocínio",5586,20301.66,41002,"Umuarama",4,"Sul",0,"412535",3,15,3,12,7,8,0,0,0,0,0,15,3,12,7,8,4,9.91845793508563,8.62801874650512,0.390544194114232,31
"18099","PR","São Jorge do Patrocínio",5586,20301.66,41002,"Umuarama",4,"Sul",0,"412535",4,6,0,6,1,5,0,0,0,0,0,6,0,6,1,5,2,9.91845793508563,8.62801874650512,0.375295927005312,30
"18100","PR","São Jorge do Patrocínio",5586,20301.66,41002,"Umuarama",4,"Sul",0,"412535",5,5,1,4,3,2,0,0,0,0,0,5,1,4,3,2,6,9.91845793508563,8.62801874650512,0.373855685297065,31
"18101","PR","São Jorge do Patrocínio",5586,20301.66,41002,"Umuarama",4,"Sul",0,"412535",6,10,4,6,6,4,0,0,0,0,0,10,4,6,6,4,4,9.91845793508563,8.62801874650512,0.380763162846538,30
"18102","PR","São Jorge do Patrocínio",5586,20301.66,41002,"Umuarama",4,"Sul",0,"412535",7,2,0,2,0,2,0,0,0,0,0,2,0,2,0,2,3,9.91845793508563,8.62801874650512,0.374958634989237,29
"18103","PR","São José dos Pinhais",329058,75926.83,41037,"Curitiba",4,"Sul",1,"412550",2,611,121,490,209,402,3,0,0,0,0,614,121,490,209,402,126,11.2375253923564,12.7039893060032,0.295588755524244,29
"18104","PR","São José dos Pinhais",329058,75926.83,41037,"Curitiba",4,"Sul",1,"412550",3,593,139,454,210,383,1,0,0,0,0,594,139,454,210,383,147,11.2375253923564,12.7039893060032,0.396968744930851,31
"18105","PR","São José dos Pinhais",329058,75926.83,41037,"Curitiba",4,"Sul",1,"412550",4,451,82,369,160,291,2,0,0,0,0,453,82,369,160,291,124,11.2375253923564,12.7039893060032,0.454339934111432,30
"18106","PR","São José dos Pinhais",329058,75926.83,41037,"Curitiba",4,"Sul",1,"412550",5,375,97,278,130,245,3,0,0,0,0,378,97,278,130,245,151,11.2375253923564,12.7039893060032,0.402510685057686,31
"18107","PR","São José dos Pinhais",329058,75926.83,41037,"Curitiba",4,"Sul",1,"412550",6,401,81,320,131,270,1,0,0,0,0,402,81,320,131,270,136,11.2375253923564,12.7039893060032,0.393742801960654,30
"18108","PR","São José dos Pinhais",329058,75926.83,41037,"Curitiba",4,"Sul",1,"412550",7,322,80,242,123,199,3,0,0,0,0,325,80,242,123,199,212,11.2375253923564,12.7039893060032,0.398997802236517,29
"18109","PR","São Mateus do Sul",46705,27418.27,41034,"São Mateus do Sul",4,"Sul",0,"412560",2,90,24,66,34,56,0,0,0,0,0,90,24,66,34,56,9,10.2189648584928,10.7516065043069,0.306150143332261,29
"18110","PR","São Mateus do Sul",46705,27418.27,41034,"São Mateus do Sul",4,"Sul",0,"412560",3,79,12,67,25,54,0,0,0,0,0,79,12,67,25,54,21,10.2189648584928,10.7516065043069,0.404188906207376,31
"18111","PR","São Mateus do Sul",46705,27418.27,41034,"São Mateus do Sul",4,"Sul",0,"412560",4,59,13,46,21,38,0,0,0,0,0,59,13,46,21,38,21,10.2189648584928,10.7516065043069,0.434330154043022,30
"18112","PR","São Mateus do Sul",46705,27418.27,41034,"São Mateus do Sul",4,"Sul",0,"412560",5,56,19,37,23,33,0,0,0,0,0,56,19,37,23,33,22,10.2189648584928,10.7516065043069,0.434811186550716,31
"18113","PR","São Mateus do Sul",46705,27418.27,41034,"São Mateus do Sul",4,"Sul",0,"412560",6,66,6,60,23,43,0,0,0,0,0,66,6,60,23,43,25,10.2189648584928,10.7516065043069,0.415193620549824,30
"18114","PR","São Mateus do Sul",46705,27418.27,41034,"São Mateus do Sul",4,"Sul",0,"412560",7,45,14,31,16,29,0,0,0,0,0,45,14,31,16,29,17,10.2189648584928,10.7516065043069,0.413475631741557,29
"18115","PR","São Miguel do Iguaçu",27576,36719.62,41024,"Foz do Iguaçu",4,"Sul",0,"412570",2,58,18,40,22,36,0,0,0,0,0,58,18,40,22,36,18,10.511066496097,10.2247011081967,0.30477521121783,29
"18116","PR","São Miguel do Iguaçu",27576,36719.62,41024,"Foz do Iguaçu",4,"Sul",0,"412570",3,60,20,40,24,36,0,0,0,0,0,60,20,40,24,36,18,10.511066496097,10.2247011081967,0.388946083939915,31
"18117","PR","São Miguel do Iguaçu",27576,36719.62,41024,"Foz do Iguaçu",4,"Sul",0,"412570",4,32,9,23,15,17,0,0,0,0,0,32,9,23,15,17,22,10.511066496097,10.2247011081967,0.413703877204914,30
"18118","PR","São Miguel do Iguaçu",27576,36719.62,41024,"Foz do Iguaçu",4,"Sul",0,"412570",5,27,5,22,6,21,0,0,0,0,0,27,5,22,6,21,11,10.511066496097,10.2247011081967,0.402473678379145,31
"18119","PR","São Miguel do Iguaçu",27576,36719.62,41024,"Foz do Iguaçu",4,"Sul",0,"412570",6,35,12,23,15,20,1,0,0,0,0,36,12,23,15,20,14,10.511066496097,10.2247011081967,0.398924222817771,30
"18120","PR","São Miguel do Iguaçu",27576,36719.62,41024,"Foz do Iguaçu",4,"Sul",0,"412570",7,32,8,24,12,20,0,0,0,0,0,32,8,24,12,20,19,10.511066496097,10.2247011081967,0.394421340683478,29
"18121","PR","São Pedro do Ivaí",11046,27079.68,41013,"Ivaiporã",4,"Sul",0,"412580",2,22,3,19,5,17,0,0,0,0,0,22,3,19,5,17,8,10.2065389101174,9.30982365046113,0.308584504199503,29
"18122","PR","São Pedro do Ivaí",11046,27079.68,41013,"Ivaiporã",4,"Sul",0,"412580",3,19,3,16,8,11,0,0,0,0,0,19,3,16,8,11,5,10.2065389101174,9.30982365046113,0.378285794521983,31
"18123","PR","São Pedro do Ivaí",11046,27079.68,41013,"Ivaiporã",4,"Sul",0,"412580",4,22,2,20,7,15,0,0,0,0,0,22,2,20,7,15,11,10.2065389101174,9.30982365046113,0.410397593036955,30
"18124","PR","São Pedro do Ivaí",11046,27079.68,41013,"Ivaiporã",4,"Sul",0,"412580",5,12,6,6,3,9,0,0,0,0,0,12,6,6,3,9,8,10.2065389101174,9.30982365046113,0.35843266433089,31
"18125","PR","São Pedro do Ivaí",11046,27079.68,41013,"Ivaiporã",4,"Sul",0,"412580",6,10,2,8,8,2,0,0,0,0,0,10,2,8,8,2,9,10.2065389101174,9.30982365046113,0.371386689205091,30
"18126","PR","São Pedro do Ivaí",11046,27079.68,41013,"Ivaiporã",4,"Sul",0,"412580",7,7,3,4,2,5,0,0,0,0,0,7,3,4,2,5,9,10.2065389101174,9.30982365046113,0.37383709276278,29
"18127","PR","São Sebastião da Amoreira",8859,22135.84,41014,"Assaí",4,"Sul",0,"412600",2,6,1,5,2,4,0,0,0,0,0,6,1,5,2,4,2,10.0049532933958,9.08918917041203,0.326483078999487,29
"18128","PR","São Sebastião da Amoreira",8859,22135.84,41014,"Assaí",4,"Sul",0,"412600",3,5,1,4,3,2,0,0,0,0,0,5,1,4,3,2,8,10.0049532933958,9.08918917041203,0.404950171121422,31
"18129","PR","São Sebastião da Amoreira",8859,22135.84,41014,"Assaí",4,"Sul",0,"412600",4,7,3,4,4,3,0,0,0,0,0,7,3,4,4,3,5,10.0049532933958,9.08918917041203,0.434866081444936,30
"18130","PR","São Sebastião da Amoreira",8859,22135.84,41014,"Assaí",4,"Sul",0,"412600",5,6,0,6,4,2,0,0,0,0,0,6,0,6,4,2,4,10.0049532933958,9.08918917041203,0.409758923336352,31
"18131","PR","São Sebastião da Amoreira",8859,22135.84,41014,"Assaí",4,"Sul",0,"412600",6,8,0,8,2,6,0,0,0,0,0,8,0,8,2,6,5,10.0049532933958,9.08918917041203,0.38737901408928,30
"18132","PR","São Sebastião da Amoreira",8859,22135.84,41014,"Assaí",4,"Sul",0,"412600",7,6,4,2,3,3,0,0,0,0,0,6,4,2,3,3,5,10.0049532933958,9.08918917041203,0.397541093102143,29
"18133","PR","São Tomé",5750,24275.48,41003,"Cianorte",4,"Sul",0,"412610",2,9,1,8,4,5,0,0,0,0,0,9,1,8,4,5,6,10.0972220663935,8.6569551337914,0.250461510552656,29
"18134","PR","São Tomé",5750,24275.48,41003,"Cianorte",4,"Sul",0,"412610",3,7,1,6,4,3,0,0,0,0,0,7,1,6,4,3,3,10.0972220663935,8.6569551337914,0.358377407540644,31
"18135","PR","São Tomé",5750,24275.48,41003,"Cianorte",4,"Sul",0,"412610",4,8,0,8,5,3,0,0,0,0,0,8,0,8,5,3,3,10.0972220663935,8.6569551337914,0.367035382551719,30
"18136","PR","São Tomé",5750,24275.48,41003,"Cianorte",4,"Sul",0,"412610",5,7,0,7,3,4,0,0,0,0,0,7,0,7,3,4,3,10.0972220663935,8.6569551337914,0.370422078517909,31
"18137","PR","São Tomé",5750,24275.48,41003,"Cianorte",4,"Sul",0,"412610",6,5,1,4,2,3,0,0,0,0,0,5,1,4,2,3,3,10.0972220663935,8.6569551337914,0.366501973380512,30
"18138","PR","São Tomé",5750,24275.48,41003,"Cianorte",4,"Sul",0,"412610",7,5,0,5,2,3,0,0,0,0,0,5,0,5,2,3,2,10.0972220663935,8.6569551337914,0.36398566759272,29
"18139","PR","Sarandi",97803,16617.93,41009,"Maringá",4,"Sul",1,"412625",2,208,62,146,80,128,0,0,0,0,0,208,62,146,80,128,65,9.71823751191614,11.4907105303991,0.294082947307544,29
"18140","PR","Sarandi",97803,16617.93,41009,"Maringá",4,"Sul",1,"412625",3,236,59,177,79,157,0,0,0,0,0,236,59,177,79,157,52,9.71823751191614,11.4907105303991,0.409065038845037,31
"18141","PR","Sarandi",97803,16617.93,41009,"Maringá",4,"Sul",1,"412625",4,160,39,121,75,85,3,0,0,0,0,163,39,121,75,85,49,9.71823751191614,11.4907105303991,0.444908907624492,30
"18142","PR","Sarandi",97803,16617.93,41009,"Maringá",4,"Sul",1,"412625",5,158,49,109,55,103,0,0,0,0,0,158,49,109,55,103,60,9.71823751191614,11.4907105303991,0.379323934405857,31
"18143","PR","Sarandi",97803,16617.93,41009,"Maringá",4,"Sul",1,"412625",6,138,34,104,52,86,0,0,0,0,0,138,34,104,52,86,42,9.71823751191614,11.4907105303991,0.364707386363581,30
"18144","PR","Sarandi",97803,16617.93,41009,"Maringá",4,"Sul",1,"412625",7,128,27,101,40,88,2,0,0,0,0,130,27,101,40,88,69,9.71823751191614,11.4907105303991,0.365438516490103,29
"18145","PR","Sengés",19385,23760.98,41020,"Jaguariaíva",4,"Sul",0,"412630",2,32,16,16,16,16,0,0,0,0,0,32,16,16,16,16,8,10.0758000184172,9.87225485010503,0.389956754177602,29
"18146","PR","Sengés",19385,23760.98,41020,"Jaguariaíva",4,"Sul",0,"412630",3,23,3,20,11,12,0,0,0,0,0,23,3,20,11,12,10,10.0758000184172,9.87225485010503,0.453133603293167,31
"18147","PR","Sengés",19385,23760.98,41020,"Jaguariaíva",4,"Sul",0,"412630",4,23,8,15,11,12,0,0,0,0,0,23,8,15,11,12,6,10.0758000184172,9.87225485010503,0.473253166924604,30
"18148","PR","Sengés",19385,23760.98,41020,"Jaguariaíva",4,"Sul",0,"412630",5,22,9,13,12,10,0,0,0,0,0,22,9,13,12,10,12,10.0758000184172,9.87225485010503,0.451295928395921,31
"18149","PR","Sengés",19385,23760.98,41020,"Jaguariaíva",4,"Sul",0,"412630",6,30,12,18,11,19,2,0,0,0,0,32,12,18,11,19,14,10.0758000184172,9.87225485010503,0.457465281044612,30
"18150","PR","Sengés",19385,23760.98,41020,"Jaguariaíva",4,"Sul",0,"412630",7,23,12,11,11,12,1,0,0,0,0,24,12,11,11,12,18,10.0758000184172,9.87225485010503,0.456063615433975,29
"18151","PR","Sertaneja",5216,53374.1,41015,"Cornélio Procópio",4,"Sul",0,"412640",2,5,2,3,1,4,0,0,0,0,0,5,2,3,1,4,4,10.8850808885621,8.55948610360649,0.323198267769744,29
"18152","PR","Sertaneja",5216,53374.1,41015,"Cornélio Procópio",4,"Sul",0,"412640",3,4,1,3,1,3,0,0,0,0,0,4,1,3,1,3,7,10.8850808885621,8.55948610360649,0.409396766278563,31
"18153","PR","Sertaneja",5216,53374.1,41015,"Cornélio Procópio",4,"Sul",0,"412640",4,5,0,5,4,1,0,0,0,0,0,5,0,5,4,1,1,10.8850808885621,8.55948610360649,0.451457627703932,30
"18154","PR","Sertaneja",5216,53374.1,41015,"Cornélio Procópio",4,"Sul",0,"412640",5,8,0,8,1,7,0,0,0,0,0,8,0,8,1,7,4,10.8850808885621,8.55948610360649,0.398736039251825,31
"18155","PR","Sertaneja",5216,53374.1,41015,"Cornélio Procópio",4,"Sul",0,"412640",6,3,0,3,0,3,1,0,0,0,0,4,0,3,0,3,7,10.8850808885621,8.55948610360649,0.382155795532481,30
"18156","PR","Sertaneja",5216,53374.1,41015,"Cornélio Procópio",4,"Sul",0,"412640",7,5,1,4,2,3,1,0,0,0,0,6,1,4,2,3,2,10.8850808885621,8.55948610360649,0.365500629968144,29
"18157","PR","Sertanópolis",16413,42088.82,41007,"Porecatu",4,"Sul",1,"412650",2,20,5,15,8,12,0,0,0,0,0,20,5,15,8,12,13,10.6475374262089,9.70582898273194,0.288749549045281,29
"18158","PR","Sertanópolis",16413,42088.82,41007,"Porecatu",4,"Sul",1,"412650",3,19,4,15,6,13,0,0,0,0,0,19,4,15,6,13,17,10.6475374262089,9.70582898273194,0.374632412395138,31
"18159","PR","Sertanópolis",16413,42088.82,41007,"Porecatu",4,"Sul",1,"412650",4,21,4,17,3,18,0,0,0,0,0,21,4,17,3,18,10,10.6475374262089,9.70582898273194,0.384751169521458,30
"18160","PR","Sertanópolis",16413,42088.82,41007,"Porecatu",4,"Sul",1,"412650",5,18,4,14,9,9,0,0,0,0,0,18,4,14,9,9,12,10.6475374262089,9.70582898273194,0.340207321606235,31
"18161","PR","Sertanópolis",16413,42088.82,41007,"Porecatu",4,"Sul",1,"412650",6,16,2,14,7,9,0,0,0,0,0,16,2,14,7,9,7,10.6475374262089,9.70582898273194,0.347139368974503,30
"18162","PR","Sertanópolis",16413,42088.82,41007,"Porecatu",4,"Sul",1,"412650",7,16,3,13,4,12,0,0,0,0,0,16,3,13,4,12,10,10.6475374262089,9.70582898273194,0.344660197287689,29
"18163","PR","Siqueira Campos",21249,26060.49,41018,"Wenceslau Braz",4,"Sul",0,"412660",2,43,12,31,11,32,0,0,0,0,0,43,12,31,11,32,14,10.1681756532649,9.96406511442173,0.303223179268774,29
"18164","PR","Siqueira Campos",21249,26060.49,41018,"Wenceslau Braz",4,"Sul",0,"412660",3,40,8,32,16,24,0,0,0,0,0,40,8,32,16,24,14,10.1681756532649,9.96406511442173,0.398846969441305,31
"18165","PR","Siqueira Campos",21249,26060.49,41018,"Wenceslau Braz",4,"Sul",0,"412660",4,27,7,20,7,20,0,0,0,0,0,27,7,20,7,20,14,10.1681756532649,9.96406511442173,0.428251603632711,30
"18166","PR","Siqueira Campos",21249,26060.49,41018,"Wenceslau Braz",4,"Sul",0,"412660",5,28,6,22,7,21,0,0,0,0,0,28,6,22,7,21,18,10.1681756532649,9.96406511442173,0.374498551664243,31
"18167","PR","Siqueira Campos",21249,26060.49,41018,"Wenceslau Braz",4,"Sul",0,"412660",6,32,4,28,7,25,0,0,0,0,0,32,4,28,7,25,15,10.1681756532649,9.96406511442173,0.374411098766507,30
"18168","PR","Siqueira Campos",21249,26060.49,41018,"Wenceslau Braz",4,"Sul",0,"412660",7,16,6,10,9,7,0,0,0,0,0,16,6,10,9,7,21,10.1681756532649,9.96406511442173,0.381411838287192,29
"18169","PR","Tamarana",15040,20888.07,41011,"Londrina",4,"Sul",0,"412667",2,24,12,12,15,9,0,0,0,0,0,24,12,12,15,9,9,9.94693346157978,9.61846859750383,0.323286704039811,29
"18170","PR","Tamarana",15040,20888.07,41011,"Londrina",4,"Sul",0,"412667",3,19,10,9,12,7,0,0,0,0,0,19,10,9,12,7,6,9.94693346157978,9.61846859750383,0.390463453080123,31
"18171","PR","Tamarana",15040,20888.07,41011,"Londrina",4,"Sul",0,"412667",4,11,5,6,4,7,0,0,0,0,0,11,5,6,4,7,2,9.94693346157978,9.61846859750383,0.414232639016338,30
"18172","PR","Tamarana",15040,20888.07,41011,"Londrina",4,"Sul",0,"412667",5,17,9,8,7,10,0,0,0,0,0,17,9,8,7,10,5,9.94693346157978,9.61846859750383,0.390278485739876,31
"18173","PR","Tamarana",15040,20888.07,41011,"Londrina",4,"Sul",0,"412667",6,20,7,13,8,12,0,0,0,0,0,20,7,13,8,12,12,9.94693346157978,9.61846859750383,0.387083307069368,30
"18174","PR","Tamarana",15040,20888.07,41011,"Londrina",4,"Sul",0,"412667",7,14,7,7,8,6,0,0,0,0,0,14,7,7,8,6,7,9.94693346157978,9.61846859750383,0.409781073351032,29
"18175","PR","Tamboara",5158,24630.39,41001,"Paranavaí",4,"Sul",0,"412670",2,9,1,8,1,8,0,0,0,0,0,9,1,8,1,8,2,10.1117363253376,8.54830418644129,0.322042775631844,29
"18176","PR","Tamboara",5158,24630.39,41001,"Paranavaí",4,"Sul",0,"412670",3,12,7,5,2,10,0,0,0,0,0,12,7,5,2,10,1,10.1117363253376,8.54830418644129,0.371327525658725,31
"18177","PR","Tamboara",5158,24630.39,41001,"Paranavaí",4,"Sul",0,"412670",4,4,0,4,2,2,0,0,0,0,0,4,0,4,2,2,2,10.1117363253376,8.54830418644129,0.386182509744548,30
"18178","PR","Tamboara",5158,24630.39,41001,"Paranavaí",4,"Sul",0,"412670",5,9,1,8,4,5,0,0,0,0,0,9,1,8,4,5,2,10.1117363253376,8.54830418644129,0.359530045129082,31
"18179","PR","Tamboara",5158,24630.39,41001,"Paranavaí",4,"Sul",0,"412670",6,6,0,6,3,3,0,0,0,0,0,6,0,6,3,3,1,10.1117363253376,8.54830418644129,0.324739533419668,30
"18180","PR","Tamboara",5158,24630.39,41001,"Paranavaí",4,"Sul",0,"412670",7,9,2,7,3,6,0,0,0,0,0,9,2,7,3,6,3,10.1117363253376,8.54830418644129,0.383431728600047,29
"18181","PR","Tapejara",16345,28146.78,41003,"Cianorte",4,"Sul",1,"412680",2,26,13,13,9,17,0,0,0,0,0,26,13,13,9,17,4,10.2451882398138,9.70167731915831,0.308488191608802,29
"18182","PR","Tapejara",16345,28146.78,41003,"Cianorte",4,"Sul",1,"412680",3,17,4,13,10,7,0,0,0,0,0,17,4,13,10,7,18,10.2451882398138,9.70167731915831,0.380433585529755,31
"18183","PR","Tapejara",16345,28146.78,41003,"Cianorte",4,"Sul",1,"412680",4,18,8,10,9,9,0,0,0,0,0,18,8,10,9,9,13,10.2451882398138,9.70167731915831,0.397615918374203,30
"18184","PR","Tapejara",16345,28146.78,41003,"Cianorte",4,"Sul",1,"412680",5,11,2,9,6,5,0,0,0,0,0,11,2,9,6,5,11,10.2451882398138,9.70167731915831,0.386877086986723,31
"18185","PR","Tapejara",16345,28146.78,41003,"Cianorte",4,"Sul",1,"412680",6,11,2,9,6,5,0,0,0,0,0,11,2,9,6,5,14,10.2451882398138,9.70167731915831,0.387895449869014,30
"18186","PR","Tapejara",16345,28146.78,41003,"Cianorte",4,"Sul",1,"412680",7,20,4,16,5,15,0,0,0,0,0,20,4,16,5,15,8,10.2451882398138,9.70167731915831,0.377453635233975,29
"18187","PR","Teixeira Soares",12567,31212.48,41031,"Prudentópolis",4,"Sul",0,"412700",2,16,7,9,8,8,0,0,0,0,0,16,7,9,8,8,3,10.3485732938189,9.43882960961514,0.364288893122411,29
"18188","PR","Teixeira Soares",12567,31212.48,41031,"Prudentópolis",4,"Sul",0,"412700",3,13,0,13,3,10,1,0,0,0,0,14,0,13,3,10,4,10.3485732938189,9.43882960961514,0.429875301125363,31
"18189","PR","Teixeira Soares",12567,31212.48,41031,"Prudentópolis",4,"Sul",0,"412700",4,12,3,9,3,9,0,0,0,0,0,12,3,9,3,9,7,10.3485732938189,9.43882960961514,0.454657347012106,30
"18190","PR","Teixeira Soares",12567,31212.48,41031,"Prudentópolis",4,"Sul",0,"412700",5,8,2,6,3,5,0,0,0,0,0,8,2,6,3,5,6,10.3485732938189,9.43882960961514,0.438784565680551,31
"18191","PR","Teixeira Soares",12567,31212.48,41031,"Prudentópolis",4,"Sul",0,"412700",6,7,2,5,3,4,0,0,0,0,0,7,2,5,3,4,9,10.3485732938189,9.43882960961514,0.43947495485236,30
"18192","PR","Teixeira Soares",12567,31212.48,41031,"Prudentópolis",4,"Sul",0,"412700",7,7,1,6,3,4,0,0,0,0,0,7,1,6,3,4,5,10.3485732938189,9.43882960961514,0.437210943700722,29
"18193","PR","Telêmaco Borba",79792,43918.78,41019,"Telêmaco Borba",4,"Sul",1,"412710",2,155,31,124,74,81,0,0,0,0,0,155,31,124,74,81,43,10.6900972980198,11.2871785277859,0.319645818631127,29
"18194","PR","Telêmaco Borba",79792,43918.78,41019,"Telêmaco Borba",4,"Sul",1,"412710",3,136,30,106,58,78,0,0,0,0,0,136,30,106,58,78,47,10.6900972980198,11.2871785277859,0.413285007517968,31
"18195","PR","Telêmaco Borba",79792,43918.78,41019,"Telêmaco Borba",4,"Sul",1,"412710",4,98,22,76,32,66,1,0,0,0,0,99,22,76,32,66,32,10.6900972980198,11.2871785277859,0.464194058160792,30
"18196","PR","Telêmaco Borba",79792,43918.78,41019,"Telêmaco Borba",4,"Sul",1,"412710",5,96,23,73,39,57,1,0,0,0,0,97,23,73,39,57,48,10.6900972980198,11.2871785277859,0.409523217562604,31
"18197","PR","Telêmaco Borba",79792,43918.78,41019,"Telêmaco Borba",4,"Sul",1,"412710",6,86,18,68,37,49,1,0,0,0,0,87,18,68,37,49,33,10.6900972980198,11.2871785277859,0.396345155459145,30
"18198","PR","Telêmaco Borba",79792,43918.78,41019,"Telêmaco Borba",4,"Sul",1,"412710",7,92,26,66,40,52,1,0,0,0,0,93,26,66,40,52,39,10.6900972980198,11.2871785277859,0.406237878694542,29
"18199","PR","Terra Boa",17200,28607.25,41005,"Campo Mourão",4,"Sul",1,"412720",2,20,5,15,12,8,0,0,0,0,0,20,5,15,12,8,11,10.2614154611866,9.75266466280154,0.302541742323836,29
"18200","PR","Terra Boa",17200,28607.25,41005,"Campo Mourão",4,"Sul",1,"412720",3,29,6,23,9,20,0,0,0,0,0,29,6,23,9,20,16,10.2614154611866,9.75266466280154,0.412201496258191,31
"18201","PR","Terra Boa",17200,28607.25,41005,"Campo Mourão",4,"Sul",1,"412720",4,15,3,12,6,9,0,0,0,0,0,15,3,12,6,9,11,10.2614154611866,9.75266466280154,0.424731193234119,30
"18202","PR","Terra Boa",17200,28607.25,41005,"Campo Mourão",4,"Sul",1,"412720",5,21,5,16,8,13,0,0,0,0,0,21,5,16,8,13,13,10.2614154611866,9.75266466280154,0.377526406225317,31
"18203","PR","Terra Boa",17200,28607.25,41005,"Campo Mourão",4,"Sul",1,"412720",6,22,5,17,14,8,0,0,0,0,0,22,5,17,14,8,9,10.2614154611866,9.75266466280154,0.366980999529305,30
"18204","PR","Terra Boa",17200,28607.25,41005,"Campo Mourão",4,"Sul",1,"412720",7,25,2,23,8,17,0,0,0,0,0,25,2,23,8,17,16,10.2614154611866,9.75266466280154,0.368712268291764,29
"18205","PR","Terra Rica",16924,20956.04,41001,"Paranavaí",4,"Sul",0,"412730",2,24,4,20,6,18,0,0,0,0,0,24,4,20,6,18,10,9.9501821892875,9.73648801183996,0.305098035660836,29
"18206","PR","Terra Rica",16924,20956.04,41001,"Paranavaí",4,"Sul",0,"412730",3,38,11,27,16,22,0,0,0,0,0,38,11,27,16,22,11,9.9501821892875,9.73648801183996,0.386105908733168,31
"18207","PR","Terra Rica",16924,20956.04,41001,"Paranavaí",4,"Sul",0,"412730",4,19,5,14,5,14,0,0,0,0,0,19,5,14,5,14,9,9.9501821892875,9.73648801183996,0.417717047376497,30
"18208","PR","Terra Rica",16924,20956.04,41001,"Paranavaí",4,"Sul",0,"412730",5,16,5,11,6,10,0,0,0,0,0,16,5,11,6,10,11,9.9501821892875,9.73648801183996,0.405522906168105,31
"18209","PR","Terra Rica",16924,20956.04,41001,"Paranavaí",4,"Sul",0,"412730",6,23,5,18,8,15,0,0,0,0,0,23,5,18,8,15,12,9.9501821892875,9.73648801183996,0.377860734870505,30
"18210","PR","Terra Rica",16924,20956.04,41001,"Paranavaí",4,"Sul",0,"412730",7,8,3,5,3,5,0,0,0,0,0,8,3,5,3,5,14,9.9501821892875,9.73648801183996,0.382805557303238,29
"18211","PR","Terra Roxa",17522,38866.78,41022,"Toledo",4,"Sul",0,"412740",2,24,5,19,11,13,0,0,0,0,0,24,5,19,11,13,8,10.5678951801781,9.77121251322631,0.311208827254158,29
"18212","PR","Terra Roxa",17522,38866.78,41022,"Toledo",4,"Sul",0,"412740",3,29,7,22,13,16,1,0,0,0,0,30,7,22,13,16,9,10.5678951801781,9.77121251322631,0.420568596661947,31
"18213","PR","Terra Roxa",17522,38866.78,41022,"Toledo",4,"Sul",0,"412740",4,20,9,11,9,11,0,0,0,0,0,20,9,11,9,11,7,10.5678951801781,9.77121251322631,0.44581076361272,30
"18214","PR","Terra Roxa",17522,38866.78,41022,"Toledo",4,"Sul",0,"412740",5,18,8,10,10,8,0,0,0,0,0,18,8,10,10,8,12,10.5678951801781,9.77121251322631,0.4005520577986,31
"18215","PR","Terra Roxa",17522,38866.78,41022,"Toledo",4,"Sul",0,"412740",6,27,4,23,12,15,0,0,0,0,0,27,4,23,12,15,14,10.5678951801781,9.77121251322631,0.397711308315959,30
"18216","PR","Terra Roxa",17522,38866.78,41022,"Toledo",4,"Sul",0,"412740",7,17,4,13,4,13,0,0,0,0,0,17,4,13,4,13,10,10.5678951801781,9.77121251322631,0.390697683815113,29
"18217","PR","Tibagi",20607,43874.69,41019,"Telêmaco Borba",4,"Sul",0,"412750",2,42,15,27,20,22,0,0,0,0,0,42,15,27,20,22,11,10.6890928952161,9.93338610288199,0.319387632829382,29
"18218","PR","Tibagi",20607,43874.69,41019,"Telêmaco Borba",4,"Sul",0,"412750",3,30,12,18,15,15,1,0,0,0,0,31,12,18,15,15,8,10.6890928952161,9.93338610288199,0.421339358228835,31
"18219","PR","Tibagi",20607,43874.69,41019,"Telêmaco Borba",4,"Sul",0,"412750",4,31,17,14,15,16,0,0,0,0,0,31,17,14,15,16,17,10.6890928952161,9.93338610288199,0.445866772492623,30
"18220","PR","Tibagi",20607,43874.69,41019,"Telêmaco Borba",4,"Sul",0,"412750",5,35,11,24,15,20,0,0,0,0,0,35,11,24,15,20,13,10.6890928952161,9.93338610288199,0.442026192129578,31
"18221","PR","Tibagi",20607,43874.69,41019,"Telêmaco Borba",4,"Sul",0,"412750",6,22,6,16,10,12,0,0,0,0,0,22,6,16,10,12,12,10.6890928952161,9.93338610288199,0.416513555078375,30
"18222","PR","Tibagi",20607,43874.69,41019,"Telêmaco Borba",4,"Sul",0,"412750",7,18,6,12,11,7,0,0,0,0,0,18,6,12,11,7,27,10.6890928952161,9.93338610288199,0.438068600804643,29
"18223","PR","Tijucas do Sul",17084,19517.42,41039,"Rio Negro",4,"Sul",0,"412760",2,36,13,23,12,24,0,0,0,0,0,36,13,23,12,24,10,9.87906267910043,9.74589763196136,0.31225774554774,29
"18224","PR","Tijucas do Sul",17084,19517.42,41039,"Rio Negro",4,"Sul",0,"412760",3,39,15,24,17,22,0,0,0,0,0,39,15,24,17,22,7,9.87906267910043,9.74589763196136,0.398300083031785,31
"18225","PR","Tijucas do Sul",17084,19517.42,41039,"Rio Negro",4,"Sul",0,"412760",4,24,10,14,6,18,0,0,0,0,0,24,10,14,6,18,9,9.87906267910043,9.74589763196136,0.409450852680402,30
"18226","PR","Tijucas do Sul",17084,19517.42,41039,"Rio Negro",4,"Sul",0,"412760",5,24,14,10,19,5,0,0,0,0,0,24,14,10,19,5,5,9.87906267910043,9.74589763196136,0.407077305087796,31
"18227","PR","Tijucas do Sul",17084,19517.42,41039,"Rio Negro",4,"Sul",0,"412760",6,14,5,9,5,9,0,0,0,0,0,14,5,9,5,9,12,9.87906267910043,9.74589763196136,0.41806932592134,30
"18228","PR","Tijucas do Sul",17084,19517.42,41039,"Rio Negro",4,"Sul",0,"412760",7,14,6,8,7,7,0,0,0,0,0,14,6,8,7,7,10,9.87906267910043,9.74589763196136,0.418654983841797,29
"18229","PR","Toledo",142645,44448.08,41022,"Toledo",4,"Sul",1,"412770",2,291,40,251,90,201,0,0,0,0,0,291,40,251,90,201,55,10.7020770454085,11.8681143052037,0.320145375303161,29
"18230","PR","Toledo",142645,44448.08,41022,"Toledo",4,"Sul",1,"412770",3,300,49,251,84,216,4,0,0,0,0,304,49,251,84,216,76,10.7020770454085,11.8681143052037,0.415203149305731,31
"18231","PR","Toledo",142645,44448.08,41022,"Toledo",4,"Sul",1,"412770",4,221,42,179,66,155,0,0,0,0,0,221,42,179,66,155,63,10.7020770454085,11.8681143052037,0.436466616432632,30
"18232","PR","Toledo",142645,44448.08,41022,"Toledo",4,"Sul",1,"412770",5,186,24,162,50,136,1,0,0,0,0,187,24,162,50,136,73,10.7020770454085,11.8681143052037,0.406490088546034,31
"18233","PR","Toledo",142645,44448.08,41022,"Toledo",4,"Sul",1,"412770",6,179,36,143,60,119,1,0,0,0,0,180,36,143,60,119,95,10.7020770454085,11.8681143052037,0.415430668363904,30
"18234","PR","Toledo",142645,44448.08,41022,"Toledo",4,"Sul",1,"412770",7,182,29,153,58,124,0,0,0,0,0,182,29,153,58,124,76,10.7020770454085,11.8681143052037,0.407270264158843,29
"18235","PR","Três Barras do Paraná",12038,26456.58,41023,"Cascavel",4,"Sul",0,"412785",2,12,2,10,6,6,0,0,0,0,0,12,2,10,6,6,3,10.1832601776145,9.39582359210772,0.300545324130755,29
"18236","PR","Três Barras do Paraná",12038,26456.58,41023,"Cascavel",4,"Sul",0,"412785",3,24,4,20,11,13,0,0,0,0,0,24,4,20,11,13,7,10.1832601776145,9.39582359210772,0.363731215002014,31
"18237","PR","Três Barras do Paraná",12038,26456.58,41023,"Cascavel",4,"Sul",0,"412785",4,11,4,7,3,8,0,0,0,0,0,11,4,7,3,8,6,10.1832601776145,9.39582359210772,0.386383161729463,30
"18238","PR","Três Barras do Paraná",12038,26456.58,41023,"Cascavel",4,"Sul",0,"412785",5,12,2,10,5,7,0,0,0,0,0,12,2,10,5,7,2,10.1832601776145,9.39582359210772,0.41970864759136,31
"18239","PR","Três Barras do Paraná",12038,26456.58,41023,"Cascavel",4,"Sul",0,"412785",6,17,4,13,10,7,0,0,0,0,0,17,4,13,10,7,7,10.1832601776145,9.39582359210772,0.402769520186842,30
"18240","PR","Três Barras do Paraná",12038,26456.58,41023,"Cascavel",4,"Sul",0,"412785",7,9,4,5,4,5,0,0,0,0,0,9,4,5,4,5,8,10.1832601776145,9.39582359210772,0.404906458947668,29
"18241","PR","Tupãssi",8109,42171.14,41022,"Toledo",4,"Sul",0,"412795",2,14,4,10,4,10,0,0,0,0,0,14,4,10,4,10,3,10.6494913798113,9.00072983494456,0.353698937284282,29
"18242","PR","Tupãssi",8109,42171.14,41022,"Toledo",4,"Sul",0,"412795",3,18,0,18,5,13,0,0,0,0,0,18,0,18,5,13,4,10.6494913798113,9.00072983494456,0.42815876550727,31
"18243","PR","Tupãssi",8109,42171.14,41022,"Toledo",4,"Sul",0,"412795",4,7,2,5,1,6,0,0,0,0,0,7,2,5,1,6,5,10.6494913798113,9.00072983494456,0.472556340284331,30
"18244","PR","Tupãssi",8109,42171.14,41022,"Toledo",4,"Sul",0,"412795",5,4,1,3,0,4,0,0,0,0,0,4,1,3,0,4,8,10.6494913798113,9.00072983494456,0.432638486786749,31
"18245","PR","Tupãssi",8109,42171.14,41022,"Toledo",4,"Sul",0,"412795",6,7,1,6,2,5,0,0,0,0,0,7,1,6,2,5,9,10.6494913798113,9.00072983494456,0.418055726986346,30
"18246","PR","Tupãssi",8109,42171.14,41022,"Toledo",4,"Sul",0,"412795",7,8,2,6,3,5,0,0,0,0,0,8,2,6,3,5,3,10.6494913798113,9.00072983494456,0.43291594518863,29
"18247","PR","Ubiratã",20909,44835.33,41004,"Goioerê",4,"Sul",1,"412800",2,50,8,42,23,27,0,0,0,0,0,50,8,42,23,27,18,10.7107517236802,9.94793496727142,0.321877403061292,29
"18248","PR","Ubiratã",20909,44835.33,41004,"Goioerê",4,"Sul",1,"412800",3,43,5,38,14,29,0,0,0,0,0,43,5,38,14,29,24,10.7107517236802,9.94793496727142,0.399133180079741,31
"18249","PR","Ubiratã",20909,44835.33,41004,"Goioerê",4,"Sul",1,"412800",4,34,5,29,17,17,1,0,0,0,0,35,5,29,17,17,19,10.7107517236802,9.94793496727142,0.415607705741336,30
"18250","PR","Ubiratã",20909,44835.33,41004,"Goioerê",4,"Sul",1,"412800",5,31,5,26,12,19,1,0,0,0,0,32,5,26,12,19,17,10.7107517236802,9.94793496727142,0.407105994189741,31
"18251","PR","Ubiratã",20909,44835.33,41004,"Goioerê",4,"Sul",1,"412800",6,23,4,19,5,18,0,0,0,0,0,23,4,19,5,18,9,10.7107517236802,9.94793496727142,0.390946079719327,30
"18252","PR","Ubiratã",20909,44835.33,41004,"Goioerê",4,"Sul",1,"412800",7,32,5,27,11,21,0,0,0,0,0,32,5,27,11,21,20,10.7107517236802,9.94793496727142,0.386445067404878,29
"18253","PR","Umuarama",112500,30659.36,41002,"Umuarama",4,"Sul",1,"412810",2,212,26,186,67,145,1,0,0,0,0,213,26,186,67,145,70,10.3306932781049,11.6307085006266,0.298904675091133,29
"18254","PR","Umuarama",112500,30659.36,41002,"Umuarama",4,"Sul",1,"412810",3,235,31,204,72,163,1,0,0,0,0,236,31,204,72,163,78,10.3306932781049,11.6307085006266,0.40976362840618,31
"18255","PR","Umuarama",112500,30659.36,41002,"Umuarama",4,"Sul",1,"412810",4,144,24,120,49,95,1,0,0,0,0,145,24,120,49,95,69,10.3306932781049,11.6307085006266,0.424166060343537,30
"18256","PR","Umuarama",112500,30659.36,41002,"Umuarama",4,"Sul",1,"412810",5,152,16,136,42,110,0,0,0,0,0,152,16,136,42,110,72,10.3306932781049,11.6307085006266,0.378030333021236,31
"18257","PR","Umuarama",112500,30659.36,41002,"Umuarama",4,"Sul",1,"412810",6,135,12,123,39,96,2,0,0,0,0,137,12,123,39,96,66,10.3306932781049,11.6307085006266,0.370405649370038,30
"18258","PR","Umuarama",112500,30659.36,41002,"Umuarama",4,"Sul",1,"412810",7,111,8,103,40,71,1,0,0,0,0,112,8,103,40,71,77,10.3306932781049,11.6307085006266,0.377430406596951,29
"18259","PR","União da Vitória",57913,27678.96,41033,"União da Vitória",4,"Sul",1,"412820",2,103,30,73,44,59,1,0,0,0,0,104,30,73,44,59,34,10.2284278367714,10.9666971634023,0.332245587794601,29
"18260","PR","União da Vitória",57913,27678.96,41033,"União da Vitória",4,"Sul",1,"412820",3,105,18,87,38,67,0,0,0,0,0,105,18,87,38,67,25,10.2284278367714,10.9666971634023,0.424526498229796,31
"18261","PR","União da Vitória",57913,27678.96,41033,"União da Vitória",4,"Sul",1,"412820",4,76,15,61,34,42,0,0,0,0,0,76,15,61,34,42,35,10.2284278367714,10.9666971634023,0.461993303559223,30
"18262","PR","União da Vitória",57913,27678.96,41033,"União da Vitória",4,"Sul",1,"412820",5,72,12,60,25,47,2,0,0,0,0,74,12,60,25,47,48,10.2284278367714,10.9666971634023,0.417498798102517,31
"18263","PR","União da Vitória",57913,27678.96,41033,"União da Vitória",4,"Sul",1,"412820",6,67,19,48,20,47,1,0,0,0,0,68,19,48,20,47,37,10.2284278367714,10.9666971634023,0.416540422676285,30
"18264","PR","União da Vitória",57913,27678.96,41033,"União da Vitória",4,"Sul",1,"412820",7,68,21,47,21,47,0,0,0,0,0,68,21,47,21,47,43,10.2284278367714,10.9666971634023,0.41504633821982,29
"18265","PR","Uraí",11273,25004.27,41014,"Assaí",4,"Sul",0,"412840",2,11,3,8,3,8,0,0,0,0,0,11,3,8,3,8,7,10.1268018892657,9.33016576504453,0.308302265310141,29
"18266","PR","Uraí",11273,25004.27,41014,"Assaí",4,"Sul",0,"412840",3,7,1,6,2,5,0,0,0,0,0,7,1,6,2,5,5,10.1268018892657,9.33016576504453,0.389643013235155,31
"18267","PR","Uraí",11273,25004.27,41014,"Assaí",4,"Sul",0,"412840",4,16,2,14,7,9,0,0,0,0,0,16,2,14,7,9,7,10.1268018892657,9.33016576504453,0.416982393506524,30
"18268","PR","Uraí",11273,25004.27,41014,"Assaí",4,"Sul",0,"412840",5,7,2,5,2,5,0,0,0,0,0,7,2,5,2,5,2,10.1268018892657,9.33016576504453,0.389633544844892,31
"18269","PR","Uraí",11273,25004.27,41014,"Assaí",4,"Sul",0,"412840",6,7,1,6,5,2,0,0,0,0,0,7,1,6,5,2,2,10.1268018892657,9.33016576504453,0.375699882671844,30
"18270","PR","Uraí",11273,25004.27,41014,"Assaí",4,"Sul",0,"412840",7,12,3,9,5,7,1,0,0,0,0,13,3,9,5,7,9,10.1268018892657,9.33016576504453,0.352867508738114,29
"18271","PR","Wenceslau Braz",19386,28652.64,41018,"Wenceslau Braz",4,"Sul",1,"412850",2,41,8,33,16,25,0,0,0,0,0,41,8,33,16,25,17,10.2630008644945,9.87230643505255,0.345444510381054,29
"18272","PR","Wenceslau Braz",19386,28652.64,41018,"Wenceslau Braz",4,"Sul",1,"412850",3,46,11,35,19,27,0,0,0,0,0,46,11,35,19,27,19,10.2630008644945,9.87230643505255,0.42757779541154,31
"18273","PR","Wenceslau Braz",19386,28652.64,41018,"Wenceslau Braz",4,"Sul",1,"412850",4,28,7,21,11,17,0,0,0,0,0,28,7,21,11,17,12,10.2630008644945,9.87230643505255,0.426438474166267,30
"18274","PR","Wenceslau Braz",19386,28652.64,41018,"Wenceslau Braz",4,"Sul",1,"412850",5,23,6,17,8,15,1,0,0,0,0,24,6,17,8,15,13,10.2630008644945,9.87230643505255,0.417806989811589,31
"18275","PR","Wenceslau Braz",19386,28652.64,41018,"Wenceslau Braz",4,"Sul",1,"412850",6,18,2,16,9,9,0,0,0,0,0,18,2,16,9,9,18,10.2630008644945,9.87230643505255,0.390947808232351,30
"18276","PR","Wenceslau Braz",19386,28652.64,41018,"Wenceslau Braz",4,"Sul",1,"412850",7,26,6,20,11,15,0,0,0,0,0,26,6,20,11,15,17,10.2630008644945,9.87230643505255,0.392195152830981,29
"18277","PR","Vera Cruz do Oeste",8454,29918.57,41024,"Foz do Iguaçu",4,"Sul",0,"412855",2,15,4,11,6,9,0,0,0,0,0,15,4,11,6,9,2,10.3062346368286,9.04239498112674,0.312532165050491,29
"18278","PR","Vera Cruz do Oeste",8454,29918.57,41024,"Foz do Iguaçu",4,"Sul",0,"412855",3,13,3,10,3,10,0,0,0,0,0,13,3,10,3,10,6,10.3062346368286,9.04239498112674,0.389223404025719,31
"18279","PR","Vera Cruz do Oeste",8454,29918.57,41024,"Foz do Iguaçu",4,"Sul",0,"412855",4,5,0,5,3,2,1,0,0,0,0,6,0,5,3,2,7,10.3062346368286,9.04239498112674,0.428913017627176,30
"18280","PR","Vera Cruz do Oeste",8454,29918.57,41024,"Foz do Iguaçu",4,"Sul",0,"412855",5,2,0,2,2,0,0,0,0,0,0,2,0,2,2,0,7,10.3062346368286,9.04239498112674,0.406828914602194,31
"18281","PR","Vera Cruz do Oeste",8454,29918.57,41024,"Foz do Iguaçu",4,"Sul",0,"412855",6,6,0,6,2,4,0,0,0,0,0,6,0,6,2,4,13,10.3062346368286,9.04239498112674,0.417618902394867,30
"18282","PR","Vera Cruz do Oeste",8454,29918.57,41024,"Foz do Iguaçu",4,"Sul",0,"412855",7,7,0,7,3,4,0,0,0,0,0,7,0,7,3,4,8,10.3062346368286,9.04239498112674,0.415489787476677,29
"18283","PR","Verê",7174,39915.08,41026,"Francisco Beltrão",4,"Sul",0,"412860",2,15,2,13,8,7,0,0,0,0,0,15,2,13,8,7,3,10.5945094763369,8.87821865809223,0.332058675230444,29
"18284","PR","Verê",7174,39915.08,41026,"Francisco Beltrão",4,"Sul",0,"412860",3,15,2,13,0,15,0,0,0,0,0,15,2,13,0,15,5,10.5945094763369,8.87821865809223,0.427304761717398,31
"18285","PR","Verê",7174,39915.08,41026,"Francisco Beltrão",4,"Sul",0,"412860",4,6,1,5,1,5,0,0,0,0,0,6,1,5,1,5,5,10.5945094763369,8.87821865809223,0.417999622776452,30
"18286","PR","Verê",7174,39915.08,41026,"Francisco Beltrão",4,"Sul",0,"412860",5,3,0,3,0,3,0,0,0,0,0,3,0,3,0,3,4,10.5945094763369,8.87821865809223,0.438358559987668,31
"18287","PR","Verê",7174,39915.08,41026,"Francisco Beltrão",4,"Sul",0,"412860",6,5,0,5,1,4,0,0,0,0,0,5,0,5,1,4,4,10.5945094763369,8.87821865809223,0.418352527377026,30
"18288","PR","Verê",7174,39915.08,41026,"Francisco Beltrão",4,"Sul",0,"412860",7,19,6,13,5,14,0,0,0,0,0,19,6,13,5,14,5,10.5945094763369,8.87821865809223,0.408297930012938,29
"18289","PR","Vitorino",6859,52876.69,41027,"Pato Branco",4,"Sul",0,"412870",2,18,8,10,5,13,0,0,0,0,0,18,8,10,5,13,2,10.8757178780127,8.83331693749932,0.316291811533317,29
"18290","PR","Vitorino",6859,52876.69,41027,"Pato Branco",4,"Sul",0,"412870",3,21,2,19,7,14,0,0,0,0,0,21,2,19,7,14,3,10.8757178780127,8.83331693749932,0.39871003892546,31
"18291","PR","Vitorino",6859,52876.69,41027,"Pato Branco",4,"Sul",0,"412870",4,13,2,11,4,9,1,0,0,0,0,14,2,11,4,9,5,10.8757178780127,8.83331693749932,0.411169508139709,30
"18292","PR","Vitorino",6859,52876.69,41027,"Pato Branco",4,"Sul",0,"412870",5,9,3,6,3,6,0,0,0,0,0,9,3,6,3,6,5,10.8757178780127,8.83331693749932,0.367632751370039,31
"18293","PR","Vitorino",6859,52876.69,41027,"Pato Branco",4,"Sul",0,"412870",6,6,2,4,2,4,0,0,0,0,0,6,2,4,2,4,11,10.8757178780127,8.83331693749932,0.400943635598859,30
"18294","PR","Vitorino",6859,52876.69,41027,"Pato Branco",4,"Sul",0,"412870",7,16,5,11,6,10,0,0,0,0,0,16,5,11,6,10,8,10.8757178780127,8.83331693749932,0.381447444716202,29
"18295","SC","Abelardo Luz",17960,39108.44,42003,"Xanxerê",4,"Sul",0,"420010",2,43,16,27,18,25,0,0,0,0,0,43,16,27,18,25,13,10.5740935794572,9.79590234185619,0.309728238004473,29
"18296","SC","Abelardo Luz",17960,39108.44,42003,"Xanxerê",4,"Sul",0,"420010",3,50,15,35,20,30,0,0,0,0,0,50,15,35,20,30,7,10.5740935794572,9.79590234185619,0.39985011629695,31
"18297","SC","Abelardo Luz",17960,39108.44,42003,"Xanxerê",4,"Sul",0,"420010",4,32,14,18,12,20,1,0,0,0,0,33,14,18,12,20,12,10.5740935794572,9.79590234185619,0.413686324321178,30
"18298","SC","Abelardo Luz",17960,39108.44,42003,"Xanxerê",4,"Sul",0,"420010",5,30,12,18,8,22,0,0,0,0,0,30,12,18,8,22,6,10.5740935794572,9.79590234185619,0.418349365301694,31
"18299","SC","Abelardo Luz",17960,39108.44,42003,"Xanxerê",4,"Sul",0,"420010",6,24,7,17,8,16,0,0,0,0,0,24,7,17,8,16,7,10.5740935794572,9.79590234185619,0.403920021956016,30
"18300","SC","Abelardo Luz",17960,39108.44,42003,"Xanxerê",4,"Sul",0,"420010",7,39,11,28,21,18,0,0,0,0,0,39,11,28,21,18,7,10.5740935794572,9.79590234185619,0.39029915349024,29
"18301","SC","Agrolândia",11013,23224.16,42014,"Ituporanga",4,"Sul",0,"420020",2,17,4,13,5,12,0,0,0,0,0,17,4,13,5,12,5,10.0529483951055,9.30683167216494,0.337697407883527,29
"18302","SC","Agrolândia",11013,23224.16,42014,"Ituporanga",4,"Sul",0,"420020",3,24,10,14,4,20,0,0,0,0,0,24,10,14,4,20,9,10.0529483951055,9.30683167216494,0.433644734796526,31
"18303","SC","Agrolândia",11013,23224.16,42014,"Ituporanga",4,"Sul",0,"420020",4,10,3,7,5,5,0,0,0,0,0,10,3,7,5,5,7,10.0529483951055,9.30683167216494,0.423015654118349,30
"18304","SC","Agrolândia",11013,23224.16,42014,"Ituporanga",4,"Sul",0,"420020",5,7,3,4,5,2,0,0,0,0,0,7,3,4,5,2,7,10.0529483951055,9.30683167216494,0.408656861079638,31
"18305","SC","Agrolândia",11013,23224.16,42014,"Ituporanga",4,"Sul",0,"420020",6,14,2,12,3,11,0,0,0,0,0,14,2,12,3,11,8,10.0529483951055,9.30683167216494,0.389699725568099,30
"18306","SC","Agrolândia",11013,23224.16,42014,"Ituporanga",4,"Sul",0,"420020",7,6,2,4,2,4,0,0,0,0,0,6,2,4,2,4,2,10.0529483951055,9.30683167216494,0.376704943996353,29
"18307","SC","Águas Mornas",6559,25790.35,42017,"Tabuleiro",4,"Sul",1,"420060",2,14,2,12,4,10,0,0,0,0,0,14,2,12,4,10,6,10.1577556699349,8.78859343129374,0.321742333113885,29
"18308","SC","Águas Mornas",6559,25790.35,42017,"Tabuleiro",4,"Sul",1,"420060",3,9,6,3,2,7,0,0,0,0,0,9,6,3,2,7,2,10.1577556699349,8.78859343129374,0.435505120827037,31
"18309","SC","Águas Mornas",6559,25790.35,42017,"Tabuleiro",4,"Sul",1,"420060",4,3,2,1,2,1,0,0,0,0,0,3,2,1,2,1,3,10.1577556699349,8.78859343129374,0.469864326895528,30
"18310","SC","Águas Mornas",6559,25790.35,42017,"Tabuleiro",4,"Sul",1,"420060",5,3,1,2,0,3,0,0,0,0,0,3,1,2,0,3,7,10.1577556699349,8.78859343129374,0.42516483708643,31
"18311","SC","Águas Mornas",6559,25790.35,42017,"Tabuleiro",4,"Sul",1,"420060",6,12,1,11,1,11,0,0,0,0,0,12,1,11,1,11,4,10.1577556699349,8.78859343129374,0.412903448983528,30
"18312","SC","Águas Mornas",6559,25790.35,42017,"Tabuleiro",4,"Sul",1,"420060",7,8,1,7,1,7,0,0,0,0,0,8,1,7,1,7,7,10.1577556699349,8.78859343129374,0.413410714595353,29
"18313","SC","Antônio Carlos",8613,78006.01,42016,"Florianópolis",4,"Sul",1,"420120",2,26,4,22,6,20,0,0,0,0,0,26,4,22,6,20,4,11.2645411539855,9.06102796878917,0.30486328649826,29
"18314","SC","Antônio Carlos",8613,78006.01,42016,"Florianópolis",4,"Sul",1,"420120",3,13,3,10,3,10,0,0,0,0,0,13,3,10,3,10,3,11.2645411539855,9.06102796878917,0.420980047724865,31
"18315","SC","Antônio Carlos",8613,78006.01,42016,"Florianópolis",4,"Sul",1,"420120",4,11,1,10,2,9,0,0,0,0,0,11,1,10,2,9,5,11.2645411539855,9.06102796878917,0.443865286089464,30
"18316","SC","Antônio Carlos",8613,78006.01,42016,"Florianópolis",4,"Sul",1,"420120",5,13,3,10,4,9,0,0,0,0,0,13,3,10,4,9,0,11.2645411539855,9.06102796878917,0.387063669090022,31
"18317","SC","Antônio Carlos",8613,78006.01,42016,"Florianópolis",4,"Sul",1,"420120",6,13,0,13,3,10,0,0,0,0,0,13,0,13,3,10,4,11.2645411539855,9.06102796878917,0.37284096744496,30
"18318","SC","Antônio Carlos",8613,78006.01,42016,"Florianópolis",4,"Sul",1,"420120",7,13,1,12,5,8,0,0,0,0,0,13,1,12,5,8,10,11.2645411539855,9.06102796878917,0.374057293029676,29
"18319","SC","Apiúna",10848,39068.46,42012,"Blumenau",4,"Sul",0,"420125",2,20,7,13,11,9,0,0,0,0,0,20,7,13,11,9,8,10.5730707708402,9.29173601018018,0.305972469553553,29
"18320","SC","Apiúna",10848,39068.46,42012,"Blumenau",4,"Sul",0,"420125",3,9,4,5,4,5,0,0,0,0,0,9,4,5,4,5,4,10.5730707708402,9.29173601018018,0.43596621228692,31
"18321","SC","Apiúna",10848,39068.46,42012,"Blumenau",4,"Sul",0,"420125",4,14,3,11,4,10,0,0,0,0,0,14,3,11,4,10,6,10.5730707708402,9.29173601018018,0.456710767223357,30
"18322","SC","Apiúna",10848,39068.46,42012,"Blumenau",4,"Sul",0,"420125",5,12,4,8,2,10,0,0,0,0,0,12,4,8,2,10,2,10.5730707708402,9.29173601018018,0.417191496316825,31
"18323","SC","Apiúna",10848,39068.46,42012,"Blumenau",4,"Sul",0,"420125",6,9,1,8,6,3,0,0,0,0,0,9,1,8,6,3,6,10.5730707708402,9.29173601018018,0.419004261940792,30
"18324","SC","Apiúna",10848,39068.46,42012,"Blumenau",4,"Sul",0,"420125",7,7,2,5,2,5,0,0,0,0,0,7,2,5,2,5,2,10.5730707708402,9.29173601018018,0.422537173315252,29
"18325","SC","Araquari",39524,113080.67,42008,"Joinville",4,"Sul",1,"420130",2,101,30,71,30,71,0,0,0,0,0,101,30,71,30,71,15,11.6358567367988,10.5846633613149,0.317451024131622,29
"18326","SC","Araquari",39524,113080.67,42008,"Joinville",4,"Sul",1,"420130",3,123,40,83,44,79,0,0,0,0,0,123,40,83,44,79,13,11.6358567367988,10.5846633613149,0.432603416774627,31
"18327","SC","Araquari",39524,113080.67,42008,"Joinville",4,"Sul",1,"420130",4,57,27,30,20,37,0,0,0,0,0,57,27,30,20,37,21,11.6358567367988,10.5846633613149,0.445672788277415,30
"18328","SC","Araquari",39524,113080.67,42008,"Joinville",4,"Sul",1,"420130",5,60,19,41,24,36,0,0,0,0,0,60,19,41,24,36,15,11.6358567367988,10.5846633613149,0.398566086916299,31
"18329","SC","Araquari",39524,113080.67,42008,"Joinville",4,"Sul",1,"420130",6,55,16,39,19,36,0,0,0,0,0,55,16,39,19,36,20,11.6358567367988,10.5846633613149,0.39303648163173,30
"18330","SC","Araquari",39524,113080.67,42008,"Joinville",4,"Sul",1,"420130",7,50,11,39,19,31,2,0,0,0,0,52,11,39,19,31,23,11.6358567367988,10.5846633613149,0.410323407619068,29
"18331","SC","Araranguá",68867,27132.74,42020,"Araranguá",4,"Sul",1,"420140",2,141,22,119,49,92,0,0,0,0,0,141,22,119,49,92,37,10.2084963957616,11.1399323872589,0.312334262268953,29
"18332","SC","Araranguá",68867,27132.74,42020,"Araranguá",4,"Sul",1,"420140",3,142,35,107,46,96,0,0,0,0,0,142,35,107,46,96,30,10.2084963957616,11.1399323872589,0.448951477068056,31
"18333","SC","Araranguá",68867,27132.74,42020,"Araranguá",4,"Sul",1,"420140",4,84,23,61,37,47,1,0,0,0,0,85,23,61,37,47,29,10.2084963957616,11.1399323872589,0.464835604906589,30
"18334","SC","Araranguá",68867,27132.74,42020,"Araranguá",4,"Sul",1,"420140",5,88,15,73,25,63,2,0,0,0,0,90,15,73,25,63,38,10.2084963957616,11.1399323872589,0.410176016757451,31
"18335","SC","Araranguá",68867,27132.74,42020,"Araranguá",4,"Sul",1,"420140",6,91,18,73,35,56,0,0,0,0,0,91,18,73,35,56,29,10.2084963957616,11.1399323872589,0.393203510522836,30
"18336","SC","Araranguá",68867,27132.74,42020,"Araranguá",4,"Sul",1,"420140",7,72,15,57,20,52,0,0,0,0,0,72,15,57,20,52,53,10.2084963957616,11.1399323872589,0.394185544781556,29
"18337","SC","Ascurra",7978,24968.67,42012,"Blumenau",4,"Sul",0,"420170",2,10,2,8,5,5,0,0,0,0,0,10,2,8,5,5,4,10.1253771179385,8.98444303246535,0.281620751869827,29
"18338","SC","Ascurra",7978,24968.67,42012,"Blumenau",4,"Sul",0,"420170",3,15,4,11,5,10,0,0,0,0,0,15,4,11,5,10,3,10.1253771179385,8.98444303246535,0.403989537902443,31
"18339","SC","Ascurra",7978,24968.67,42012,"Blumenau",4,"Sul",0,"420170",4,22,6,16,7,15,0,0,0,0,0,22,6,16,7,15,5,10.1253771179385,8.98444303246535,0.425895324734132,30
"18340","SC","Ascurra",7978,24968.67,42012,"Blumenau",4,"Sul",0,"420170",5,10,6,4,4,6,0,0,0,0,0,10,6,4,4,6,5,10.1253771179385,8.98444303246535,0.385304076391707,31
"18341","SC","Ascurra",7978,24968.67,42012,"Blumenau",4,"Sul",0,"420170",6,11,5,6,2,9,0,0,0,0,0,11,5,6,2,9,5,10.1253771179385,8.98444303246535,0.380464318747602,30
"18342","SC","Ascurra",7978,24968.67,42012,"Blumenau",4,"Sul",0,"420170",7,12,4,8,3,9,0,0,0,0,0,12,4,8,3,9,2,10.1253771179385,8.98444303246535,0.386226125801446,29
"18343","SC","Balneário Arroio do Silva",13430,13503,42020,"Araranguá",4,"Sul",0,"420195",2,30,10,20,9,21,0,0,0,0,0,30,10,20,9,21,10,9.51066716196104,9.50524628951728,0.33045786334737,29
"18344","SC","Balneário Arroio do Silva",13430,13503,42020,"Araranguá",4,"Sul",0,"420195",3,22,5,17,6,16,0,0,0,0,0,22,5,17,6,16,17,9.51066716196104,9.50524628951728,0.46912960641793,31
"18345","SC","Balneário Arroio do Silva",13430,13503,42020,"Araranguá",4,"Sul",0,"420195",4,15,1,14,6,9,0,0,0,0,0,15,1,14,6,9,5,9.51066716196104,9.50524628951728,0.498702184763546,30
"18346","SC","Balneário Arroio do Silva",13430,13503,42020,"Araranguá",4,"Sul",0,"420195",5,16,3,13,5,11,0,0,0,0,0,16,3,13,5,11,9,9.51066716196104,9.50524628951728,0.440616968173585,31
"18347","SC","Balneário Arroio do Silva",13430,13503,42020,"Araranguá",4,"Sul",0,"420195",6,15,5,10,5,10,0,0,0,0,0,15,5,10,5,10,10,9.51066716196104,9.50524628951728,0.411831464998233,30
"18348","SC","Balneário Arroio do Silva",13430,13503,42020,"Araranguá",4,"Sul",0,"420195",7,17,4,13,5,12,0,0,0,0,0,17,4,13,5,12,15,9.51066716196104,9.50524628951728,0.433552047571999,29
"18349","SC","Balneário Camboriú",145796,40002.3,42013,"Itajaí",4,"Sul",1,"420200",2,240,33,207,64,176,1,0,0,0,0,241,33,207,64,176,51,10.596692231443,11.8899636633381,0.296158563978662,29
"18350","SC","Balneário Camboriú",145796,40002.3,42013,"Itajaí",4,"Sul",1,"420200",3,199,37,162,68,131,0,0,0,0,0,199,37,162,68,131,68,10.596692231443,11.8899636633381,0.454455108708366,31
"18351","SC","Balneário Camboriú",145796,40002.3,42013,"Itajaí",4,"Sul",1,"420200",4,143,19,124,37,106,2,0,0,0,0,145,19,124,37,106,57,10.596692231443,11.8899636633381,0.476040369031473,30
"18352","SC","Balneário Camboriú",145796,40002.3,42013,"Itajaí",4,"Sul",1,"420200",5,145,19,126,36,109,1,0,0,0,0,146,19,126,36,109,47,10.596692231443,11.8899636633381,0.411936938838958,31
"18353","SC","Balneário Camboriú",145796,40002.3,42013,"Itajaí",4,"Sul",1,"420200",6,138,22,116,37,101,3,0,0,0,0,141,22,116,37,101,75,10.596692231443,11.8899636633381,0.399936285922458,30
"18354","SC","Balneário Camboriú",145796,40002.3,42013,"Itajaí",4,"Sul",1,"420200",7,155,24,131,39,116,0,0,0,0,0,155,24,131,39,116,99,10.596692231443,11.8899636633381,0.404350385501106,29
"18355","SC","Balneário Barra do Sul",11035,17626.61,42008,"Joinville",4,"Sul",0,"420205",2,23,5,18,11,12,0,0,0,0,0,23,5,18,11,12,11,9.77716497102627,9.30882731869084,0.327879940349149,29
"18356","SC","Balneário Barra do Sul",11035,17626.61,42008,"Joinville",4,"Sul",0,"420205",3,20,5,15,12,8,0,0,0,0,0,20,5,15,12,8,9,9.77716497102627,9.30882731869084,0.444827707997611,31
"18357","SC","Balneário Barra do Sul",11035,17626.61,42008,"Joinville",4,"Sul",0,"420205",4,16,6,10,10,6,0,0,0,0,0,16,6,10,10,6,10,9.77716497102627,9.30882731869084,0.468465573607415,30
"18358","SC","Balneário Barra do Sul",11035,17626.61,42008,"Joinville",4,"Sul",0,"420205",5,17,1,16,4,13,0,0,0,0,0,17,1,16,4,13,8,9.77716497102627,9.30882731869084,0.421315767489641,31
"18359","SC","Balneário Barra do Sul",11035,17626.61,42008,"Joinville",4,"Sul",0,"420205",6,20,5,15,7,13,0,0,0,0,0,20,5,15,7,13,11,9.77716497102627,9.30882731869084,0.426201391199703,30
"18360","SC","Balneário Barra do Sul",11035,17626.61,42008,"Joinville",4,"Sul",0,"420205",7,17,5,12,11,6,0,0,0,0,0,17,5,12,11,6,9,9.77716497102627,9.30882731869084,0.426578998140636,29
"18361","SC","Balneário Gaivota",11260,14239.64,42020,"Araranguá",4,"Sul",0,"420207",2,19,4,15,7,12,0,0,0,0,0,19,4,15,7,12,6,9.56378490374752,9.32901190169368,0.343910960239973,29
"18362","SC","Balneário Gaivota",11260,14239.64,42020,"Araranguá",4,"Sul",0,"420207",3,19,6,13,6,13,0,0,0,0,0,19,6,13,6,13,10,9.56378490374752,9.32901190169368,0.465610025532374,31
"18363","SC","Balneário Gaivota",11260,14239.64,42020,"Araranguá",4,"Sul",0,"420207",4,17,6,11,7,10,0,0,0,0,0,17,6,11,7,10,10,9.56378490374752,9.32901190169368,0.490189553997732,30
"18364","SC","Balneário Gaivota",11260,14239.64,42020,"Araranguá",4,"Sul",0,"420207",5,20,5,15,9,11,0,0,0,0,0,20,5,15,9,11,5,9.56378490374752,9.32901190169368,0.434970449746168,31
"18365","SC","Balneário Gaivota",11260,14239.64,42020,"Araranguá",4,"Sul",0,"420207",6,13,6,7,4,9,0,0,0,0,0,13,6,7,4,9,11,9.56378490374752,9.32901190169368,0.426445721502417,30
"18366","SC","Balneário Gaivota",11260,14239.64,42020,"Araranguá",4,"Sul",0,"420207",7,27,8,19,8,19,1,0,0,0,0,28,8,19,8,19,8,9.56378490374752,9.32901190169368,0.443766930715269,29
"18367","SC","Barra Velha",29860,48950.39,42013,"Itajaí",4,"Sul",1,"420210",2,72,22,50,32,40,0,0,0,0,0,72,22,50,32,40,14,10.7985626152405,10.3042750710932,0.311857465606245,29
"18368","SC","Barra Velha",29860,48950.39,42013,"Itajaí",4,"Sul",1,"420210",3,85,37,48,34,51,1,0,0,0,0,86,37,48,34,51,22,10.7985626152405,10.3042750710932,0.440662075392821,31
"18369","SC","Barra Velha",29860,48950.39,42013,"Itajaí",4,"Sul",1,"420210",4,66,19,47,25,41,0,0,0,0,0,66,19,47,25,41,18,10.7985626152405,10.3042750710932,0.450534550252674,30
"18370","SC","Barra Velha",29860,48950.39,42013,"Itajaí",4,"Sul",1,"420210",5,56,12,44,21,35,0,0,0,0,0,56,12,44,21,35,20,10.7985626152405,10.3042750710932,0.404742978459154,31
"18371","SC","Barra Velha",29860,48950.39,42013,"Itajaí",4,"Sul",1,"420210",6,46,12,34,16,30,1,0,0,0,0,47,12,34,16,30,21,10.7985626152405,10.3042750710932,0.397685569320708,30
"18372","SC","Barra Velha",29860,48950.39,42013,"Itajaí",4,"Sul",1,"420210",7,48,11,37,19,29,1,0,0,0,0,49,11,37,19,29,25,10.7985626152405,10.3042750710932,0.405850536399375,29
"18373","SC","Benedito Novo",11775,26235.82,42012,"Blumenau",4,"Sul",0,"420220",2,9,1,8,4,5,0,0,0,0,0,9,1,8,4,5,6,10.1748809315881,9.37373391888462,0.355342765793285,29
"18374","SC","Benedito Novo",11775,26235.82,42012,"Blumenau",4,"Sul",0,"420220",3,6,3,3,1,5,0,0,0,0,0,6,3,3,1,5,6,10.1748809315881,9.37373391888462,0.437997685588251,31
"18375","SC","Benedito Novo",11775,26235.82,42012,"Blumenau",4,"Sul",0,"420220",4,5,2,3,2,3,0,0,0,0,0,5,2,3,2,3,4,10.1748809315881,9.37373391888462,0.452912756812071,30
"18376","SC","Benedito Novo",11775,26235.82,42012,"Blumenau",4,"Sul",0,"420220",5,2,0,2,0,2,0,0,0,0,0,2,0,2,0,2,6,10.1748809315881,9.37373391888462,0.445750123700401,31
"18377","SC","Benedito Novo",11775,26235.82,42012,"Blumenau",4,"Sul",0,"420220",6,1,0,1,0,1,0,0,0,0,0,1,0,1,0,1,7,10.1748809315881,9.37373391888462,0.466026654334125,30
"18378","SC","Benedito Novo",11775,26235.82,42012,"Blumenau",4,"Sul",0,"420220",7,2,1,1,0,2,0,0,0,0,0,2,1,1,0,2,7,10.1748809315881,9.37373391888462,0.474097969530431,29
"18379","SC","Biguaçu",69486,27639.57,42016,"Florianópolis",4,"Sul",1,"420230",2,121,30,91,37,84,2,0,0,0,0,123,30,91,37,84,27,10.2270037205971,11.1488805724124,0.30275506348292,29
"18380","SC","Biguaçu",69486,27639.57,42016,"Florianópolis",4,"Sul",1,"420230",3,102,30,72,40,62,0,0,0,0,0,102,30,72,40,62,25,10.2270037205971,11.1488805724124,0.439544523814197,31
"18381","SC","Biguaçu",69486,27639.57,42016,"Florianópolis",4,"Sul",1,"420230",4,81,19,62,30,51,0,0,0,0,0,81,19,62,30,51,21,10.2270037205971,11.1488805724124,0.458122227667513,30
"18382","SC","Biguaçu",69486,27639.57,42016,"Florianópolis",4,"Sul",1,"420230",5,96,25,71,38,58,1,0,0,0,0,97,25,71,38,58,43,10.2270037205971,11.1488805724124,0.404424420685103,31
"18383","SC","Biguaçu",69486,27639.57,42016,"Florianópolis",4,"Sul",1,"420230",6,83,23,60,28,55,0,0,0,0,0,83,23,60,28,55,42,10.2270037205971,11.1488805724124,0.389898610613869,30
"18384","SC","Biguaçu",69486,27639.57,42016,"Florianópolis",4,"Sul",1,"420230",7,86,21,65,26,60,0,0,0,0,0,86,21,65,26,60,62,10.2270037205971,11.1488805724124,0.402669375601685,29
"18385","SC","Blumenau",361855,48115.48,42012,"Blumenau",4,"Sul",1,"420240",2,650,107,543,177,473,5,0,0,0,0,655,107,543,177,473,114,10.7813592338397,12.7989988580791,0.306474925947697,29
"18386","SC","Blumenau",361855,48115.48,42012,"Blumenau",4,"Sul",1,"420240",3,646,115,531,191,455,2,0,0,0,0,648,115,531,191,455,154,10.7813592338397,12.7989988580791,0.458035025553887,31
"18387","SC","Blumenau",361855,48115.48,42012,"Blumenau",4,"Sul",1,"420240",4,419,70,349,112,307,2,0,0,0,0,421,70,349,112,307,136,10.7813592338397,12.7989988580791,0.479150552563166,30
"18388","SC","Blumenau",361855,48115.48,42012,"Blumenau",4,"Sul",1,"420240",5,392,71,321,126,266,3,0,0,0,0,395,71,321,126,266,146,10.7813592338397,12.7989988580791,0.420638084383457,31
"18389","SC","Blumenau",361855,48115.48,42012,"Blumenau",4,"Sul",1,"420240",6,332,57,275,91,241,1,0,0,0,0,333,57,275,91,241,174,10.7813592338397,12.7989988580791,0.398252051443778,30
"18390","SC","Blumenau",361855,48115.48,42012,"Blumenau",4,"Sul",1,"420240",7,346,77,269,95,251,1,0,0,0,0,347,77,269,95,251,214,10.7813592338397,12.7989988580791,0.41388208186953,29
"18391","SC","Bombinhas",20335,34165.56,42013,"Itajaí",4,"Sul",1,"420245",2,51,13,38,15,36,0,0,0,0,0,51,13,38,15,36,5,10.438973398124,9.92009881834132,0.275736346968625,29
"18392","SC","Bombinhas",20335,34165.56,42013,"Itajaí",4,"Sul",1,"420245",3,45,6,39,14,31,0,0,0,0,0,45,6,39,14,31,7,10.438973398124,9.92009881834132,0.427753833162508,31
"18393","SC","Bombinhas",20335,34165.56,42013,"Itajaí",4,"Sul",1,"420245",4,26,3,23,8,18,1,0,0,0,0,27,3,23,8,18,8,10.438973398124,9.92009881834132,0.455336169783553,30
"18394","SC","Bombinhas",20335,34165.56,42013,"Itajaí",4,"Sul",1,"420245",5,19,3,16,5,14,0,0,0,0,0,19,3,16,5,14,6,10.438973398124,9.92009881834132,0.413009487654447,31
"18395","SC","Bombinhas",20335,34165.56,42013,"Itajaí",4,"Sul",1,"420245",6,28,6,22,9,19,0,0,0,0,0,28,6,22,9,19,9,10.438973398124,9.92009881834132,0.422331621242707,30
"18396","SC","Bombinhas",20335,34165.56,42013,"Itajaí",4,"Sul",1,"420245",7,19,6,13,7,12,0,0,0,0,0,19,6,13,7,12,14,10.438973398124,9.92009881834132,0.433300023171661,29
"18397","SC","Bom Retiro",10060,27619.92,42010,"Campos de Lages",4,"Sul",0,"420260",2,13,6,7,3,10,0,0,0,0,0,13,6,7,3,10,6,10.2262925305072,9.21632244365373,0.28208165115164,29
"18398","SC","Bom Retiro",10060,27619.92,42010,"Campos de Lages",4,"Sul",0,"420260",3,12,6,6,4,8,0,0,0,0,0,12,6,6,4,8,9,10.2262925305072,9.21632244365373,0.422437871655082,31
"18399","SC","Bom Retiro",10060,27619.92,42010,"Campos de Lages",4,"Sul",0,"420260",4,10,3,7,4,6,0,0,0,0,0,10,3,7,4,6,3,10.2262925305072,9.21632244365373,0.411114118302834,30
"18400","SC","Bom Retiro",10060,27619.92,42010,"Campos de Lages",4,"Sul",0,"420260",5,15,10,5,9,6,0,0,0,0,0,15,10,5,9,6,2,10.2262925305072,9.21632244365373,0.392645744831232,31
"18401","SC","Bom Retiro",10060,27619.92,42010,"Campos de Lages",4,"Sul",0,"420260",6,8,3,5,2,6,0,0,0,0,0,8,3,5,2,6,2,10.2262925305072,9.21632244365373,0.399660269414563,30
"18402","SC","Bom Retiro",10060,27619.92,42010,"Campos de Lages",4,"Sul",0,"420260",7,9,4,5,3,6,0,0,0,0,0,9,4,5,3,6,9,10.2262925305072,9.21632244365373,0.422515359631935,29
"18403","SC","Braço do Norte",33876,35572.21,42018,"Tubarão",4,"Sul",1,"420280",2,83,20,63,22,61,0,0,0,0,0,83,20,63,22,61,10,10.4793199940217,10.4304620780415,0.295502239806597,29
"18404","SC","Braço do Norte",33876,35572.21,42018,"Tubarão",4,"Sul",1,"420280",3,68,23,45,24,44,0,0,0,0,0,68,23,45,24,44,21,10.4793199940217,10.4304620780415,0.40675067488541,31
"18405","SC","Braço do Norte",33876,35572.21,42018,"Tubarão",4,"Sul",1,"420280",4,51,11,40,11,40,0,0,0,0,0,51,11,40,11,40,8,10.4793199940217,10.4304620780415,0.422094977524679,30
"18406","SC","Braço do Norte",33876,35572.21,42018,"Tubarão",4,"Sul",1,"420280",5,61,14,47,25,36,0,0,0,0,0,61,14,47,25,36,10,10.4793199940217,10.4304620780415,0.375121509940944,31
"18407","SC","Braço do Norte",33876,35572.21,42018,"Tubarão",4,"Sul",1,"420280",6,54,10,44,18,36,0,0,0,0,0,54,10,44,18,36,21,10.4793199940217,10.4304620780415,0.370483344656273,30
"18408","SC","Braço do Norte",33876,35572.21,42018,"Tubarão",4,"Sul",1,"420280",7,59,11,48,21,38,0,0,0,0,0,59,11,48,21,38,22,10.4793199940217,10.4304620780415,0.38866198988251,29
"18409","SC","Brusque",137689,48408.17,42012,"Blumenau",4,"Sul",1,"420290",2,213,34,179,78,135,2,0,0,0,0,215,34,179,78,135,47,10.7874238801122,11.8327527977205,0.310126232533131,29
"18410","SC","Brusque",137689,48408.17,42012,"Blumenau",4,"Sul",1,"420290",3,276,50,226,88,188,0,0,0,0,0,276,50,226,88,188,58,10.7874238801122,11.8327527977205,0.442106796266329,31
"18411","SC","Brusque",137689,48408.17,42012,"Blumenau",4,"Sul",1,"420290",4,155,22,133,41,114,0,0,0,0,0,155,22,133,41,114,39,10.7874238801122,11.8327527977205,0.456164280005466,30
"18412","SC","Brusque",137689,48408.17,42012,"Blumenau",4,"Sul",1,"420290",5,36,2,34,7,29,6,0,0,0,0,42,2,34,7,29,46,10.7874238801122,11.8327527977205,0.39670969403877,31
"18413","SC","Brusque",137689,48408.17,42012,"Blumenau",4,"Sul",1,"420290",6,17,2,15,2,15,3,0,0,0,0,20,2,15,2,15,53,10.7874238801122,11.8327527977205,0.379890376570132,30
"18414","SC","Brusque",137689,48408.17,42012,"Blumenau",4,"Sul",1,"420290",7,18,3,15,2,16,1,0,0,0,0,19,3,15,2,16,80,10.7874238801122,11.8327527977205,0.386291624193786,29
"18415","SC","Caçador",79313,42367.59,42004,"Joaçaba",4,"Sul",1,"420300",2,156,50,106,61,95,0,0,0,0,0,156,50,106,61,95,55,10.6541389621351,11.2811573286134,0.324089309516997,29
"18416","SC","Caçador",79313,42367.59,42004,"Joaçaba",4,"Sul",1,"420300",3,156,49,107,65,91,0,0,0,0,0,156,49,107,65,91,40,10.6541389621351,11.2811573286134,0.430010538672466,31
"18417","SC","Caçador",79313,42367.59,42004,"Joaçaba",4,"Sul",1,"420300",4,114,36,78,47,67,1,0,0,0,0,115,36,78,47,67,39,10.6541389621351,11.2811573286134,0.443671915633829,30
"18418","SC","Caçador",79313,42367.59,42004,"Joaçaba",4,"Sul",1,"420300",5,93,27,66,46,47,1,0,0,0,0,94,27,66,46,47,49,10.6541389621351,11.2811573286134,0.410004765937358,31
"18419","SC","Caçador",79313,42367.59,42004,"Joaçaba",4,"Sul",1,"420300",6,107,30,77,49,58,2,0,0,0,0,109,30,77,49,58,29,10.6541389621351,11.2811573286134,0.395855392347344,30
"18420","SC","Caçador",79313,42367.59,42004,"Joaçaba",4,"Sul",1,"420300",7,89,24,65,42,47,1,0,0,0,0,90,24,65,42,47,48,10.6541389621351,11.2811573286134,0.393903920178463,29
"18421","SC","Camboriú",85105,18570.55,42013,"Itajaí",4,"Sul",1,"420320",2,210,54,156,76,134,1,0,0,0,0,211,54,156,76,134,30,9.82933227157105,11.3516410672421,0.298602123408395,29
"18422","SC","Camboriú",85105,18570.55,42013,"Itajaí",4,"Sul",1,"420320",3,208,50,158,88,120,0,0,0,0,0,208,50,158,88,120,27,9.82933227157105,11.3516410672421,0.44545097243282,31
"18423","SC","Camboriú",85105,18570.55,42013,"Itajaí",4,"Sul",1,"420320",4,134,23,111,47,87,2,0,0,0,0,136,23,111,47,87,37,9.82933227157105,11.3516410672421,0.451235789483059,30
"18424","SC","Camboriú",85105,18570.55,42013,"Itajaí",4,"Sul",1,"420320",5,136,40,96,53,83,1,0,0,0,0,137,40,96,53,83,38,9.82933227157105,11.3516410672421,0.389720343601181,31
"18425","SC","Camboriú",85105,18570.55,42013,"Itajaí",4,"Sul",1,"420320",6,142,40,102,57,85,0,0,0,0,0,142,40,102,57,85,45,9.82933227157105,11.3516410672421,0.381931131967228,30
"18426","SC","Camboriú",85105,18570.55,42013,"Itajaí",4,"Sul",1,"420320",7,120,29,91,46,74,0,0,0,0,0,120,29,91,46,74,56,9.82933227157105,11.3516410672421,0.384105441112094,29
"18427","SC","Campo Alegre",11981,41005.32,42007,"São Bento do Sul",4,"Sul",0,"420330",2,16,5,11,7,9,0,0,0,0,0,16,5,11,7,9,7,10.6214570933664,9.3910773406399,0.356146215970391,29
"18428","SC","Campo Alegre",11981,41005.32,42007,"São Bento do Sul",4,"Sul",0,"420330",3,32,6,26,13,19,0,0,0,0,0,32,6,26,13,19,8,10.6214570933664,9.3910773406399,0.442677504988954,31
"18429","SC","Campo Alegre",11981,41005.32,42007,"São Bento do Sul",4,"Sul",0,"420330",4,7,0,7,2,5,0,0,0,0,0,7,0,7,2,5,8,10.6214570933664,9.3910773406399,0.450156838238299,30
"18430","SC","Campo Alegre",11981,41005.32,42007,"São Bento do Sul",4,"Sul",0,"420330",5,16,6,10,6,10,0,0,0,0,0,16,6,10,6,10,8,10.6214570933664,9.3910773406399,0.452830263109738,31
"18431","SC","Campo Alegre",11981,41005.32,42007,"São Bento do Sul",4,"Sul",0,"420330",6,12,3,9,6,6,0,0,0,0,0,12,3,9,6,6,3,10.6214570933664,9.3910773406399,0.456341033682773,30
"18432","SC","Campo Alegre",11981,41005.32,42007,"São Bento do Sul",4,"Sul",0,"420330",7,10,1,9,7,3,0,0,0,0,0,10,1,9,7,3,9,10.6214570933664,9.3910773406399,0.441339110270122,29
"18433","SC","Campo Erê",8418,34014.9,42002,"Chapecó",4,"Sul",0,"420350",2,19,9,10,10,9,1,0,0,0,0,20,9,10,10,9,8,10.4345539428954,9.03812754933052,0.3466951512186,29
"18434","SC","Campo Erê",8418,34014.9,42002,"Chapecó",4,"Sul",0,"420350",3,23,6,17,8,15,0,0,0,0,0,23,6,17,8,15,5,10.4345539428954,9.03812754933052,0.434994636440331,31
"18435","SC","Campo Erê",8418,34014.9,42002,"Chapecó",4,"Sul",0,"420350",4,15,5,10,7,8,1,0,0,0,0,16,5,10,7,8,5,10.4345539428954,9.03812754933052,0.461209339014693,30
"18436","SC","Campo Erê",8418,34014.9,42002,"Chapecó",4,"Sul",0,"420350",5,13,5,8,6,7,0,0,0,0,0,13,5,8,6,7,6,10.4345539428954,9.03812754933052,0.432346657603132,31
"18437","SC","Campo Erê",8418,34014.9,42002,"Chapecó",4,"Sul",0,"420350",6,12,3,9,3,9,0,0,0,0,0,12,3,9,3,9,2,10.4345539428954,9.03812754933052,0.428910685203947,30
"18438","SC","Campo Erê",8418,34014.9,42002,"Chapecó",4,"Sul",0,"420350",7,8,3,5,2,6,0,0,0,0,0,8,3,5,2,6,9,10.4345539428954,9.03812754933052,0.443985328173286,29
"18439","SC","Campos Novos",36556,54233.53,42009,"Curitibanos",4,"Sul",1,"420360",2,74,24,50,31,43,0,0,0,0,0,74,24,50,31,43,16,10.9010546308385,10.5066006103921,0.323098015314358,29
"18440","SC","Campos Novos",36556,54233.53,42009,"Curitibanos",4,"Sul",1,"420360",3,68,21,47,23,45,1,0,0,0,0,69,21,47,23,45,26,10.9010546308385,10.5066006103921,0.439137710342172,31
"18441","SC","Campos Novos",36556,54233.53,42009,"Curitibanos",4,"Sul",1,"420360",4,35,12,23,20,15,0,0,0,0,0,35,12,23,20,15,19,10.9010546308385,10.5066006103921,0.429426441168093,30
"18442","SC","Campos Novos",36556,54233.53,42009,"Curitibanos",4,"Sul",1,"420360",5,45,11,34,18,27,0,0,0,0,0,45,11,34,18,27,23,10.9010546308385,10.5066006103921,0.411090216172112,31
"18443","SC","Campos Novos",36556,54233.53,42009,"Curitibanos",4,"Sul",1,"420360",6,46,18,28,13,33,1,0,0,0,0,47,18,28,13,33,21,10.9010546308385,10.5066006103921,0.404158189269046,30
"18444","SC","Campos Novos",36556,54233.53,42009,"Curitibanos",4,"Sul",1,"420360",7,41,14,27,18,23,1,0,0,0,0,42,14,27,18,23,29,10.9010546308385,10.5066006103921,0.398378668250886,29
"18445","SC","Canelinha",12398,15724.49,42015,"Tijucas",4,"Sul",0,"420370",2,19,11,8,4,15,0,0,0,0,0,19,11,8,4,15,3,9.66297464861027,9.42529044826187,0.310896408243875,29
"18446","SC","Canelinha",12398,15724.49,42015,"Tijucas",4,"Sul",0,"420370",3,20,5,15,9,11,0,0,0,0,0,20,5,15,9,11,6,9.66297464861027,9.42529044826187,0.408000171502996,31
"18447","SC","Canelinha",12398,15724.49,42015,"Tijucas",4,"Sul",0,"420370",4,9,5,4,4,5,0,0,0,0,0,9,5,4,4,5,2,9.66297464861027,9.42529044826187,0.40578738031119,30
"18448","SC","Canelinha",12398,15724.49,42015,"Tijucas",4,"Sul",0,"420370",5,14,5,9,9,5,0,0,0,0,0,14,5,9,9,5,7,9.66297464861027,9.42529044826187,0.382493191602571,31
"18449","SC","Canelinha",12398,15724.49,42015,"Tijucas",4,"Sul",0,"420370",6,11,5,6,4,7,0,0,0,0,0,11,5,6,4,7,3,9.66297464861027,9.42529044826187,0.371254478715468,30
"18450","SC","Canelinha",12398,15724.49,42015,"Tijucas",4,"Sul",0,"420370",7,16,9,7,8,8,1,0,0,0,0,17,9,7,8,8,8,9.66297464861027,9.42529044826187,0.360501140286192,29
"18451","SC","Canoinhas",54480,31334.28,42006,"Canoinhas",4,"Sul",1,"420380",2,117,14,103,51,66,0,0,0,0,0,117,14,103,51,66,25,10.3524679848936,10.9055889408234,0.297876641290121,29
"18452","SC","Canoinhas",54480,31334.28,42006,"Canoinhas",4,"Sul",1,"420380",3,117,22,95,46,71,2,0,0,0,0,119,22,95,46,71,41,10.3524679848936,10.9055889408234,0.432348882293444,31
"18453","SC","Canoinhas",54480,31334.28,42006,"Canoinhas",4,"Sul",1,"420380",4,51,8,43,21,30,0,0,0,0,0,51,8,43,21,30,28,10.3524679848936,10.9055889408234,0.440211883973258,30
"18454","SC","Canoinhas",54480,31334.28,42006,"Canoinhas",4,"Sul",1,"420380",5,63,12,51,23,40,0,0,0,0,0,63,12,51,23,40,35,10.3524679848936,10.9055889408234,0.396975591668668,31
"18455","SC","Canoinhas",54480,31334.28,42006,"Canoinhas",4,"Sul",1,"420380",6,67,11,56,25,42,0,0,0,0,0,67,11,56,25,42,34,10.3524679848936,10.9055889408234,0.400047112686976,30
"18456","SC","Canoinhas",54480,31334.28,42006,"Canoinhas",4,"Sul",1,"420380",7,68,10,58,29,39,0,0,0,0,0,68,10,58,29,39,35,10.3524679848936,10.9055889408234,0.379166429399941,29
"18457","SC","Capinzal",23035,36806.58,42004,"Joaçaba",4,"Sul",0,"420390",2,39,3,36,13,26,0,0,0,0,0,39,3,36,13,26,11,10.5134319125213,10.04477007737,0.32315885814543,29
"18458","SC","Capinzal",23035,36806.58,42004,"Joaçaba",4,"Sul",0,"420390",3,67,13,54,25,42,0,0,0,0,0,67,13,54,25,42,13,10.5134319125213,10.04477007737,0.388468200975766,31
"18459","SC","Capinzal",23035,36806.58,42004,"Joaçaba",4,"Sul",0,"420390",4,20,5,15,8,12,0,0,0,0,0,20,5,15,8,12,7,10.5134319125213,10.04477007737,0.391286466785278,30
"18460","SC","Capinzal",23035,36806.58,42004,"Joaçaba",4,"Sul",0,"420390",5,16,2,14,9,7,0,0,0,0,0,16,2,14,9,7,9,10.5134319125213,10.04477007737,0.397580472619107,31
"18461","SC","Capinzal",23035,36806.58,42004,"Joaçaba",4,"Sul",0,"420390",6,28,7,21,5,23,0,0,0,0,0,28,7,21,5,23,13,10.5134319125213,10.04477007737,0.360202352998701,30
"18462","SC","Capinzal",23035,36806.58,42004,"Joaçaba",4,"Sul",0,"420390",7,25,6,19,7,18,0,0,0,0,0,25,6,19,7,18,15,10.5134319125213,10.04477007737,0.369493093357344,29
"18463","SC","Capivari de Baixo",25177,31917.87,42018,"Tubarão",4,"Sul",1,"420395",2,42,10,32,12,30,0,0,0,0,0,42,10,32,12,30,11,10.3709213200139,10.133686158324,0.31860693987663,29
"18464","SC","Capivari de Baixo",25177,31917.87,42018,"Tubarão",4,"Sul",1,"420395",3,35,2,33,10,25,1,0,0,0,0,36,2,33,10,25,7,10.3709213200139,10.133686158324,0.465854301060585,31
"18465","SC","Capivari de Baixo",25177,31917.87,42018,"Tubarão",4,"Sul",1,"420395",4,28,5,23,8,20,0,0,0,0,0,28,5,23,8,20,6,10.3709213200139,10.133686158324,0.458332988706177,30
"18466","SC","Capivari de Baixo",25177,31917.87,42018,"Tubarão",4,"Sul",1,"420395",5,33,4,29,10,23,0,0,0,0,0,33,4,29,10,23,21,10.3709213200139,10.133686158324,0.404362067178423,31
"18467","SC","Capivari de Baixo",25177,31917.87,42018,"Tubarão",4,"Sul",1,"420395",6,18,4,14,7,11,0,0,0,0,0,18,4,14,7,11,19,10.3709213200139,10.133686158324,0.398366680302785,30
"18468","SC","Capivari de Baixo",25177,31917.87,42018,"Tubarão",4,"Sul",1,"420395",7,26,9,17,8,18,0,0,0,0,0,26,9,17,8,18,22,10.3709213200139,10.133686158324,0.422853222893409,29
"18469","SC","Catanduvas",10984,37883.59,42004,"Joaçaba",4,"Sul",0,"420400",2,26,8,18,11,15,0,0,0,0,0,26,8,18,11,15,6,10.5422733157766,9.30419494744781,0.324453998982627,29
"18470","SC","Catanduvas",10984,37883.59,42004,"Joaçaba",4,"Sul",0,"420400",3,22,4,18,7,15,0,0,0,0,0,22,4,18,7,15,6,10.5422733157766,9.30419494744781,0.444241957371828,31
"18471","SC","Catanduvas",10984,37883.59,42004,"Joaçaba",4,"Sul",0,"420400",4,16,5,11,8,8,0,0,0,0,0,16,5,11,8,8,7,10.5422733157766,9.30419494744781,0.428768548014741,30
"18472","SC","Catanduvas",10984,37883.59,42004,"Joaçaba",4,"Sul",0,"420400",5,12,3,9,3,9,0,0,0,0,0,12,3,9,3,9,3,10.5422733157766,9.30419494744781,0.410968766347797,31
"18473","SC","Catanduvas",10984,37883.59,42004,"Joaçaba",4,"Sul",0,"420400",6,16,4,12,5,11,0,0,0,0,0,16,4,12,5,11,4,10.5422733157766,9.30419494744781,0.37014379465023,30
"18474","SC","Catanduvas",10984,37883.59,42004,"Joaçaba",4,"Sul",0,"420400",7,19,7,12,6,13,0,0,0,0,0,19,7,12,6,13,12,10.5422733157766,9.30419494744781,0.38732746159285,29
"18475","SC","Chapecó",224013,44321.07,42002,"Chapecó",4,"Sul",1,"420420",2,283,71,212,86,197,8,0,0,0,0,291,71,212,86,197,61,10.699215463729,12.3194593648675,0.316497189366559,29
"18476","SC","Chapecó",224013,44321.07,42002,"Chapecó",4,"Sul",1,"420420",3,342,88,254,110,232,3,0,0,0,0,345,88,254,110,232,96,10.699215463729,12.3194593648675,0.44859468063858,31
"18477","SC","Chapecó",224013,44321.07,42002,"Chapecó",4,"Sul",1,"420420",4,321,78,243,104,217,1,0,0,0,0,322,78,243,104,217,61,10.699215463729,12.3194593648675,0.449235991671407,30
"18478","SC","Chapecó",224013,44321.07,42002,"Chapecó",4,"Sul",1,"420420",5,358,86,272,113,245,2,0,0,0,0,360,86,272,113,245,101,10.699215463729,12.3194593648675,0.427046493797594,31
"18479","SC","Chapecó",224013,44321.07,42002,"Chapecó",4,"Sul",1,"420420",6,339,49,290,96,243,4,0,0,0,0,343,49,290,96,243,85,10.699215463729,12.3194593648675,0.401631084802156,30
"18480","SC","Chapecó",224013,44321.07,42002,"Chapecó",4,"Sul",1,"420420",7,321,59,262,95,226,1,0,0,0,0,322,59,262,95,226,85,10.699215463729,12.3194593648675,0.385567962970294,29
"18481","SC","Cocal do Sul",16821,39615.6,42019,"Criciúma",4,"Sul",1,"420425",2,28,3,25,6,22,1,0,0,0,0,29,3,25,6,22,6,10.5869782590628,9.73038338479178,0.303238529832759,29
"18482","SC","Cocal do Sul",16821,39615.6,42019,"Criciúma",4,"Sul",1,"420425",3,33,9,24,10,23,0,0,0,0,0,33,9,24,10,23,5,10.5869782590628,9.73038338479178,0.439009096158326,31
"18483","SC","Cocal do Sul",16821,39615.6,42019,"Criciúma",4,"Sul",1,"420425",4,17,2,15,3,14,0,0,0,0,0,17,2,15,3,14,12,10.5869782590628,9.73038338479178,0.475397792994794,30
"18484","SC","Cocal do Sul",16821,39615.6,42019,"Criciúma",4,"Sul",1,"420425",5,15,2,13,3,12,0,0,0,0,0,15,2,13,3,12,10,10.5869782590628,9.73038338479178,0.417305814437349,31
"18485","SC","Cocal do Sul",16821,39615.6,42019,"Criciúma",4,"Sul",1,"420425",6,20,2,18,7,13,0,0,0,0,0,20,2,18,7,13,12,10.5869782590628,9.73038338479178,0.390295267868537,30
"18486","SC","Cocal do Sul",16821,39615.6,42019,"Criciúma",4,"Sul",1,"420425",7,22,4,18,3,19,0,0,0,0,0,22,4,18,3,19,11,10.5869782590628,9.73038338479178,0.404162542091329,29
"18487","SC","Concórdia",75167,45197.17,42005,"Concórdia",4,"Sul",1,"420430",2,146,20,126,42,104,0,0,0,0,0,146,20,126,42,104,35,10.7187897532407,11.2274675838367,0.322987529878843,29
"18488","SC","Concórdia",75167,45197.17,42005,"Concórdia",4,"Sul",1,"420430",3,173,24,149,46,127,1,0,0,0,0,174,24,149,46,127,46,10.7187897532407,11.2274675838367,0.431321402530331,31
"18489","SC","Concórdia",75167,45197.17,42005,"Concórdia",4,"Sul",1,"420430",4,110,15,95,35,75,0,0,0,0,0,110,15,95,35,75,40,10.7187897532407,11.2274675838367,0.440918542051246,30
"18490","SC","Concórdia",75167,45197.17,42005,"Concórdia",4,"Sul",1,"420430",5,89,17,72,25,64,0,0,0,0,0,89,17,72,25,64,44,10.7187897532407,11.2274675838367,0.428096066572472,31
"18491","SC","Concórdia",75167,45197.17,42005,"Concórdia",4,"Sul",1,"420430",6,108,10,98,28,80,1,0,0,0,0,109,10,98,28,80,48,10.7187897532407,11.2274675838367,0.399633258242546,30
"18492","SC","Concórdia",75167,45197.17,42005,"Concórdia",4,"Sul",1,"420430",7,76,4,72,18,58,0,0,0,0,0,76,4,72,18,58,35,10.7187897532407,11.2274675838367,0.394372934037857,29
"18493","SC","Coronel Freitas",9940,26940.52,42002,"Chapecó",4,"Sul",0,"420440",2,8,3,5,1,7,0,0,0,0,0,8,3,5,1,7,8,10.201386751931,9.20432229965062,0.321888881172895,29
"18494","SC","Coronel Freitas",9940,26940.52,42002,"Chapecó",4,"Sul",0,"420440",3,12,4,8,2,10,0,0,0,0,0,12,4,8,2,10,3,10.201386751931,9.20432229965062,0.423026764571558,31
"18495","SC","Coronel Freitas",9940,26940.52,42002,"Chapecó",4,"Sul",0,"420440",4,5,2,3,3,2,0,0,0,0,0,5,2,3,3,2,7,10.201386751931,9.20432229965062,0.459618245427445,30
"18496","SC","Coronel Freitas",9940,26940.52,42002,"Chapecó",4,"Sul",0,"420440",5,12,0,12,3,9,0,0,0,0,0,12,0,12,3,9,6,10.201386751931,9.20432229965062,0.396953036226829,31
"18497","SC","Coronel Freitas",9940,26940.52,42002,"Chapecó",4,"Sul",0,"420440",6,10,1,9,5,5,0,0,0,0,0,10,1,9,5,5,11,10.201386751931,9.20432229965062,0.37570536492154,30
"18498","SC","Coronel Freitas",9940,26940.52,42002,"Chapecó",4,"Sul",0,"420440",7,16,7,9,6,10,0,0,0,0,0,16,7,9,6,10,9,10.201386751931,9.20432229965062,0.395702352974823,29
"18499","SC","Corupá",16107,28160.26,42008,"Joinville",4,"Sul",1,"420450",2,22,3,19,5,17,0,0,0,0,0,22,3,19,5,17,5,10.2456670431839,9.68700923909068,0.32871786123375,29
"18500","SC","Corupá",16107,28160.26,42008,"Joinville",4,"Sul",1,"420450",3,27,3,24,7,20,0,0,0,0,0,27,3,24,7,20,4,10.2456670431839,9.68700923909068,0.416948768020084,31
"18501","SC","Corupá",16107,28160.26,42008,"Joinville",4,"Sul",1,"420450",4,14,6,8,3,11,0,0,0,0,0,14,6,8,3,11,8,10.2456670431839,9.68700923909068,0.42610073295165,30
"18502","SC","Corupá",16107,28160.26,42008,"Joinville",4,"Sul",1,"420450",5,14,2,12,2,12,0,0,0,0,0,14,2,12,2,12,7,10.2456670431839,9.68700923909068,0.398376671999857,31
"18503","SC","Corupá",16107,28160.26,42008,"Joinville",4,"Sul",1,"420450",6,13,3,10,7,6,1,0,0,0,0,14,3,10,7,6,7,10.2456670431839,9.68700923909068,0.400182019075957,30
"18504","SC","Corupá",16107,28160.26,42008,"Joinville",4,"Sul",1,"420450",7,16,3,13,4,12,0,0,0,0,0,16,3,13,4,12,4,10.2456670431839,9.68700923909068,0.418998540111745,29
"18505","SC","Correia Pinto",12553,44370.99,42010,"Campos de Lages",4,"Sul",1,"420455",2,33,11,22,18,15,0,0,0,0,0,33,11,22,18,15,12,10.7003411564973,9.43771495981821,0.320250035259529,29
"18506","SC","Correia Pinto",12553,44370.99,42010,"Campos de Lages",4,"Sul",1,"420455",3,23,3,20,10,13,0,0,0,0,0,23,3,20,10,13,6,10.7003411564973,9.43771495981821,0.400506430156816,31
"18507","SC","Correia Pinto",12553,44370.99,42010,"Campos de Lages",4,"Sul",1,"420455",4,19,3,16,13,6,0,0,0,0,0,19,3,16,13,6,5,10.7003411564973,9.43771495981821,0.407848530748361,30
"18508","SC","Correia Pinto",12553,44370.99,42010,"Campos de Lages",4,"Sul",1,"420455",5,23,6,17,15,8,0,0,0,0,0,23,6,17,15,8,8,10.7003411564973,9.43771495981821,0.377013226931162,31
"18509","SC","Correia Pinto",12553,44370.99,42010,"Campos de Lages",4,"Sul",1,"420455",6,18,4,14,11,7,0,0,0,0,0,18,4,14,11,7,16,10.7003411564973,9.43771495981821,0.374940848267856,30
"18510","SC","Correia Pinto",12553,44370.99,42010,"Campos de Lages",4,"Sul",1,"420455",7,15,2,13,9,6,0,0,0,0,0,15,2,13,9,6,8,10.7003411564973,9.43771495981821,0.372044915752396,29
"18511","SC","Criciúma",217311,36073.31,42019,"Criciúma",4,"Sul",1,"420460",2,423,75,348,123,300,2,0,0,0,0,425,75,348,123,300,78,10.4933085356979,12.2890847862242,0.308843355380351,29
"18512","SC","Criciúma",217311,36073.31,42019,"Criciúma",4,"Sul",1,"420460",3,445,80,365,137,308,0,0,0,0,0,445,80,365,137,308,127,10.4933085356979,12.2890847862242,0.448785811613041,31
"18513","SC","Criciúma",217311,36073.31,42019,"Criciúma",4,"Sul",1,"420460",4,262,65,197,87,175,0,0,0,0,0,262,65,197,87,175,82,10.4933085356979,12.2890847862242,0.470006803772589,30
"18514","SC","Criciúma",217311,36073.31,42019,"Criciúma",4,"Sul",1,"420460",5,261,60,201,78,183,1,0,0,0,0,262,60,201,78,183,109,10.4933085356979,12.2890847862242,0.403379036432414,31
"18515","SC","Criciúma",217311,36073.31,42019,"Criciúma",4,"Sul",1,"420460",6,255,49,206,84,171,2,0,0,0,0,257,49,206,84,171,115,10.4933085356979,12.2890847862242,0.383840412047127,30
"18516","SC","Criciúma",217311,36073.31,42019,"Criciúma",4,"Sul",1,"420460",7,227,46,181,74,153,1,0,0,0,0,228,46,181,74,153,133,10.4933085356979,12.2890847862242,0.400893848057541,29
"18517","SC","Cunha Porã",11118,48327.51,42002,"Chapecó",4,"Sul",0,"420470",2,22,6,16,4,18,0,0,0,0,0,22,6,16,4,18,5,10.7857562427174,9.31632069551342,0.313788459069061,29
"18518","SC","Cunha Porã",11118,48327.51,42002,"Chapecó",4,"Sul",0,"420470",3,22,4,18,4,18,0,0,0,0,0,22,4,18,4,18,7,10.7857562427174,9.31632069551342,0.383281141987835,31
"18519","SC","Cunha Porã",11118,48327.51,42002,"Chapecó",4,"Sul",0,"420470",4,18,2,16,4,14,0,0,0,0,0,18,2,16,4,14,9,10.7857562427174,9.31632069551342,0.383428530244635,30
"18520","SC","Cunha Porã",11118,48327.51,42002,"Chapecó",4,"Sul",0,"420470",5,18,4,14,4,14,0,0,0,0,0,18,4,14,4,14,7,10.7857562427174,9.31632069551342,0.398922001128636,31
"18521","SC","Cunha Porã",11118,48327.51,42002,"Chapecó",4,"Sul",0,"420470",6,12,2,10,3,9,0,0,0,0,0,12,2,10,3,9,5,10.7857562427174,9.31632069551342,0.391840128898099,30
"18522","SC","Cunha Porã",11118,48327.51,42002,"Chapecó",4,"Sul",0,"420470",7,10,2,8,5,5,0,0,0,0,0,10,2,8,5,5,9,10.7857562427174,9.31632069551342,0.378935752926004,29
"18523","SC","Curitibanos",39893,35989.53,42009,"Curitibanos",4,"Sul",1,"420480",2,107,22,85,45,62,1,0,0,0,0,108,22,85,45,62,31,10.4909833418047,10.5939561488903,0.317284338643307,29
"18524","SC","Curitibanos",39893,35989.53,42009,"Curitibanos",4,"Sul",1,"420480",3,93,32,61,41,52,1,0,0,0,0,94,32,61,41,52,16,10.4909833418047,10.5939561488903,0.439911978895909,31
"18525","SC","Curitibanos",39893,35989.53,42009,"Curitibanos",4,"Sul",1,"420480",4,63,19,44,27,36,1,0,0,0,0,64,19,44,27,36,23,10.4909833418047,10.5939561488903,0.449732349403661,30
"18526","SC","Curitibanos",39893,35989.53,42009,"Curitibanos",4,"Sul",1,"420480",5,58,12,46,23,35,1,0,0,0,0,59,12,46,23,35,23,10.4909833418047,10.5939561488903,0.413358702278148,31
"18527","SC","Curitibanos",39893,35989.53,42009,"Curitibanos",4,"Sul",1,"420480",6,51,14,37,22,29,1,0,0,0,0,52,14,37,22,29,25,10.4909833418047,10.5939561488903,0.385303624984316,30
"18528","SC","Curitibanos",39893,35989.53,42009,"Curitibanos",4,"Sul",1,"420480",7,59,13,46,26,33,0,0,0,0,0,59,13,46,26,33,26,10.4909833418047,10.5939561488903,0.388394663283517,29
"18529","SC","Dionísio Cerqueira",15545,25541.91,42001,"São Miguel do Oeste",4,"Sul",0,"420500",2,22,7,15,8,14,0,0,0,0,0,22,7,15,8,14,6,10.1480759114418,9.65149432249285,0.33279054220644,29
"18530","SC","Dionísio Cerqueira",15545,25541.91,42001,"São Miguel do Oeste",4,"Sul",0,"420500",3,18,5,13,5,13,2,0,0,0,0,20,5,13,5,13,15,10.1480759114418,9.65149432249285,0.409407953365874,31
"18531","SC","Dionísio Cerqueira",15545,25541.91,42001,"São Miguel do Oeste",4,"Sul",0,"420500",4,23,8,15,9,14,0,0,0,0,0,23,8,15,9,14,5,10.1480759114418,9.65149432249285,0.391725593235201,30
"18532","SC","Dionísio Cerqueira",15545,25541.91,42001,"São Miguel do Oeste",4,"Sul",0,"420500",5,20,6,14,11,9,1,0,0,0,0,21,6,14,11,9,11,10.1480759114418,9.65149432249285,0.393460067066563,31
"18533","SC","Dionísio Cerqueira",15545,25541.91,42001,"São Miguel do Oeste",4,"Sul",0,"420500",6,17,5,12,5,12,0,0,0,0,0,17,5,12,5,12,14,10.1480759114418,9.65149432249285,0.401072625069484,30
"18534","SC","Dionísio Cerqueira",15545,25541.91,42001,"São Miguel do Oeste",4,"Sul",0,"420500",7,23,8,15,11,12,0,0,0,0,0,23,8,15,11,12,14,10.1480759114418,9.65149432249285,0.385289025954915,29
"18535","SC","Faxinal dos Guedes",10649,41236.16,42003,"Xanxerê",4,"Sul",0,"420530",2,21,4,17,9,12,0,0,0,0,0,21,4,17,9,12,11,10.6270708203135,9.27322127001538,0.358311372435664,29
"18536","SC","Faxinal dos Guedes",10649,41236.16,42003,"Xanxerê",4,"Sul",0,"420530",3,27,6,21,8,19,0,0,0,0,0,27,6,21,8,19,5,10.6270708203135,9.27322127001538,0.468009474010589,31
"18537","SC","Faxinal dos Guedes",10649,41236.16,42003,"Xanxerê",4,"Sul",0,"420530",4,11,2,9,5,6,1,0,0,0,0,12,2,9,5,6,7,10.6270708203135,9.27322127001538,0.444002834035812,30
"18538","SC","Faxinal dos Guedes",10649,41236.16,42003,"Xanxerê",4,"Sul",0,"420530",5,11,1,10,1,10,0,0,0,0,0,11,1,10,1,10,7,10.6270708203135,9.27322127001538,0.428943607721523,31
"18539","SC","Faxinal dos Guedes",10649,41236.16,42003,"Xanxerê",4,"Sul",0,"420530",6,16,5,11,7,9,0,0,0,0,0,16,5,11,7,9,8,10.6270708203135,9.27322127001538,0.416524466938769,30
"18540","SC","Faxinal dos Guedes",10649,41236.16,42003,"Xanxerê",4,"Sul",0,"420530",7,19,3,16,11,8,0,0,0,0,0,19,3,16,11,8,8,10.6270708203135,9.27322127001538,0.425898173337371,29
"18541","SC","Florianópolis",508826,42719.16,42016,"Florianópolis",4,"Sul",1,"420540",2,736,111,625,151,585,1,0,0,0,0,737,111,625,151,585,202,10.6624028105194,13.1398613903314,0.299797995349823,29
"18542","SC","Florianópolis",508826,42719.16,42016,"Florianópolis",4,"Sul",1,"420540",3,538,103,435,137,401,2,0,0,0,0,540,103,435,137,401,211,10.6624028105194,13.1398613903314,0.464696964001302,31
"18543","SC","Florianópolis",508826,42719.16,42016,"Florianópolis",4,"Sul",1,"420540",4,467,79,388,113,354,5,0,0,0,0,472,79,388,113,354,223,10.6624028105194,13.1398613903314,0.527000377410957,30
"18544","SC","Florianópolis",508826,42719.16,42016,"Florianópolis",4,"Sul",1,"420540",5,479,70,409,126,353,6,0,0,0,0,485,70,409,126,353,190,10.6624028105194,13.1398613903314,0.454074354727731,31
"18545","SC","Florianópolis",508826,42719.16,42016,"Florianópolis",4,"Sul",1,"420540",6,530,76,454,137,393,5,0,0,0,0,535,76,454,137,393,227,10.6624028105194,13.1398613903314,0.431342820278567,30
"18546","SC","Florianópolis",508826,42719.16,42016,"Florianópolis",4,"Sul",1,"420540",7,518,71,447,107,411,4,0,0,0,0,522,71,447,107,411,294,10.6624028105194,13.1398613903314,0.441743251643458,29
"18547","SC","Forquilhinha",27211,32261.34,42019,"Criciúma",4,"Sul",1,"420545",2,50,11,39,16,34,0,0,0,0,0,50,11,39,16,34,7,10.3816248883243,10.2113765822964,0.308921381089143,29
"18548","SC","Forquilhinha",27211,32261.34,42019,"Criciúma",4,"Sul",1,"420545",3,62,15,47,26,36,1,0,0,0,0,63,15,47,26,36,8,10.3816248883243,10.2113765822964,0.425646661286497,31
"18549","SC","Forquilhinha",27211,32261.34,42019,"Criciúma",4,"Sul",1,"420545",4,42,12,30,13,29,1,0,0,0,0,43,12,30,13,29,4,10.3816248883243,10.2113765822964,0.428294420193188,30
"18550","SC","Forquilhinha",27211,32261.34,42019,"Criciúma",4,"Sul",1,"420545",5,40,9,31,12,28,0,0,0,0,0,40,9,31,12,28,5,10.3816248883243,10.2113765822964,0.390642339713727,31
"18551","SC","Forquilhinha",27211,32261.34,42019,"Criciúma",4,"Sul",1,"420545",6,42,8,34,17,25,0,0,0,0,0,42,8,34,17,25,12,10.3816248883243,10.2113765822964,0.383215770419411,30
"18552","SC","Forquilhinha",27211,32261.34,42019,"Criciúma",4,"Sul",1,"420545",7,36,8,28,13,23,0,0,0,0,0,36,8,28,13,23,12,10.3816248883243,10.2113765822964,0.401162086480922,29
"18553","SC","Fraiburgo",36584,25498.89,42004,"Joaçaba",4,"Sul",0,"420550",2,5,0,5,2,3,0,0,0,0,0,5,0,5,2,3,17,10.1463902007873,10.5073662653379,0.303554332796168,29
"18554","SC","Fraiburgo",36584,25498.89,42004,"Joaçaba",4,"Sul",0,"420550",3,10,1,9,1,9,0,0,0,0,0,10,1,9,1,9,26,10.1463902007873,10.5073662653379,0.429457254577258,31
"18555","SC","Fraiburgo",36584,25498.89,42004,"Joaçaba",4,"Sul",0,"420550",4,6,2,4,0,6,0,0,0,0,0,6,2,4,0,6,17,10.1463902007873,10.5073662653379,0.447272159631425,30
"18556","SC","Fraiburgo",36584,25498.89,42004,"Joaçaba",4,"Sul",0,"420550",5,4,0,4,1,3,0,0,0,0,0,4,0,4,1,3,11,10.1463902007873,10.5073662653379,0.429821885697396,31
"18557","SC","Fraiburgo",36584,25498.89,42004,"Joaçaba",4,"Sul",0,"420550",6,6,1,5,5,1,0,0,0,0,0,6,1,5,5,1,23,10.1463902007873,10.5073662653379,0.405785338103972,30
"18558","SC","Fraiburgo",36584,25498.89,42004,"Joaçaba",4,"Sul",0,"420550",7,1,0,1,0,1,0,0,0,0,0,1,0,1,0,1,13,10.1463902007873,10.5073662653379,0.416894009663894,29
"18559","SC","Garopaba",23579,25916.45,42018,"Tubarão",4,"Sul",1,"420570",2,46,4,42,9,37,0,0,0,0,0,46,4,42,9,37,8,10.1626331812098,10.068111764371,0.299482202001172,29
"18560","SC","Garopaba",23579,25916.45,42018,"Tubarão",4,"Sul",1,"420570",3,42,8,34,10,32,0,0,0,0,0,42,8,34,10,32,9,10.1626331812098,10.068111764371,0.464647340918647,31
"18561","SC","Garopaba",23579,25916.45,42018,"Tubarão",4,"Sul",1,"420570",4,21,3,18,5,16,0,0,0,0,0,21,3,18,5,16,11,10.1626331812098,10.068111764371,0.490430016078557,30
"18562","SC","Garopaba",23579,25916.45,42018,"Tubarão",4,"Sul",1,"420570",5,34,6,28,9,25,0,0,0,0,0,34,6,28,9,25,10,10.1626331812098,10.068111764371,0.413308209670507,31
"18563","SC","Garopaba",23579,25916.45,42018,"Tubarão",4,"Sul",1,"420570",6,38,4,34,6,32,0,0,0,0,0,38,4,34,6,32,8,10.1626331812098,10.068111764371,0.396785464975633,30
"18564","SC","Garopaba",23579,25916.45,42018,"Tubarão",4,"Sul",1,"420570",7,22,5,17,6,16,0,0,0,0,0,22,5,17,6,16,10,10.1626331812098,10.068111764371,0.411635620795745,29
"18565","SC","Gaspar",70793,43487.46,42012,"Blumenau",4,"Sul",1,"420590",2,118,25,93,36,82,1,0,0,0,0,119,25,93,36,82,29,10.6802278996552,11.1675154047373,0.311056374111823,29
"18566","SC","Gaspar",70793,43487.46,42012,"Blumenau",4,"Sul",1,"420590",3,157,34,123,53,104,1,0,0,0,0,158,34,123,53,104,36,10.6802278996552,11.1675154047373,0.450132838091879,31
"18567","SC","Gaspar",70793,43487.46,42012,"Blumenau",4,"Sul",1,"420590",4,87,20,67,31,56,1,0,0,0,0,88,20,67,31,56,24,10.6802278996552,11.1675154047373,0.455064993492616,30
"18568","SC","Gaspar",70793,43487.46,42012,"Blumenau",4,"Sul",1,"420590",5,82,22,60,25,57,1,0,0,0,0,83,22,60,25,57,30,10.6802278996552,11.1675154047373,0.405789227598456,31
"18569","SC","Gaspar",70793,43487.46,42012,"Blumenau",4,"Sul",1,"420590",6,61,12,49,22,39,1,0,0,0,0,62,12,49,22,39,35,10.6802278996552,11.1675154047373,0.386001138083751,30
"18570","SC","Gaspar",70793,43487.46,42012,"Blumenau",4,"Sul",1,"420590",7,72,15,57,18,54,1,0,0,0,0,73,15,57,18,54,60,10.6802278996552,11.1675154047373,0.413757660995846,29
"18571","SC","Governador Celso Ramos",14606,22084.49,42016,"Florianópolis",4,"Sul",1,"420600",2,20,5,15,7,13,0,0,0,0,0,20,5,15,7,13,8,10.0026308311672,9.58918768218006,0.31869809714682,29
"18572","SC","Governador Celso Ramos",14606,22084.49,42016,"Florianópolis",4,"Sul",1,"420600",3,18,6,12,10,8,0,0,0,0,0,18,6,12,10,8,11,10.0026308311672,9.58918768218006,0.456836077766599,31
"18573","SC","Governador Celso Ramos",14606,22084.49,42016,"Florianópolis",4,"Sul",1,"420600",4,16,3,13,8,8,0,0,0,0,0,16,3,13,8,8,7,10.0026308311672,9.58918768218006,0.483867205383007,30
"18574","SC","Governador Celso Ramos",14606,22084.49,42016,"Florianópolis",4,"Sul",1,"420600",5,12,2,10,6,6,1,0,0,0,0,13,2,10,6,6,6,10.0026308311672,9.58918768218006,0.431336516464697,31
"18575","SC","Governador Celso Ramos",14606,22084.49,42016,"Florianópolis",4,"Sul",1,"420600",6,13,1,12,4,9,0,0,0,0,0,13,1,12,4,9,7,10.0026308311672,9.58918768218006,0.41776219305606,30
"18576","SC","Governador Celso Ramos",14606,22084.49,42016,"Florianópolis",4,"Sul",1,"420600",7,18,5,13,5,13,0,0,0,0,0,18,5,13,5,13,12,10.0026308311672,9.58918768218006,0.417980699475131,29
"18577","SC","Gravatal",11577,21076.68,42018,"Tubarão",4,"Sul",1,"420620",2,23,8,15,12,11,0,0,0,0,0,23,8,15,12,11,5,9.95592249499545,9.35677565020573,0.319445176000765,29
"18578","SC","Gravatal",11577,21076.68,42018,"Tubarão",4,"Sul",1,"420620",3,18,4,14,4,14,0,0,0,0,0,18,4,14,4,14,8,9.95592249499545,9.35677565020573,0.448109187836684,31
"18579","SC","Gravatal",11577,21076.68,42018,"Tubarão",4,"Sul",1,"420620",4,15,2,13,6,9,0,0,0,0,0,15,2,13,6,9,5,9.95592249499545,9.35677565020573,0.435234292771426,30
"18580","SC","Gravatal",11577,21076.68,42018,"Tubarão",4,"Sul",1,"420620",5,11,2,9,1,10,0,0,0,0,0,11,2,9,1,10,8,9.95592249499545,9.35677565020573,0.372100791764595,31
"18581","SC","Gravatal",11577,21076.68,42018,"Tubarão",4,"Sul",1,"420620",6,16,1,15,4,12,0,0,0,0,0,16,1,15,4,12,9,9.95592249499545,9.35677565020573,0.361057383935125,30
"18582","SC","Gravatal",11577,21076.68,42018,"Tubarão",4,"Sul",1,"420620",7,11,3,8,5,6,1,0,0,0,0,12,3,8,5,6,9,9.95592249499545,9.35677565020573,0.419232891908505,29
"18583","SC","Guabiruba",24382,41994.87,42012,"Blumenau",4,"Sul",1,"420630",2,22,6,16,6,16,0,0,0,0,0,22,6,16,6,16,6,10.6453027469483,10.1016004341251,0.327617563778174,29
"18584","SC","Guabiruba",24382,41994.87,42012,"Blumenau",4,"Sul",1,"420630",3,51,11,40,15,36,0,0,0,0,0,51,11,40,15,36,12,10.6453027469483,10.1016004341251,0.454187016757199,31
"18585","SC","Guabiruba",24382,41994.87,42012,"Blumenau",4,"Sul",1,"420630",4,16,3,13,4,12,2,0,0,0,0,18,3,13,4,12,6,10.6453027469483,10.1016004341251,0.456594596361012,30
"18586","SC","Guabiruba",24382,41994.87,42012,"Blumenau",4,"Sul",1,"420630",5,3,1,2,0,3,0,0,0,0,0,3,1,2,0,3,9,10.6453027469483,10.1016004341251,0.407291790934475,31
"18587","SC","Guabiruba",24382,41994.87,42012,"Blumenau",4,"Sul",1,"420630",6,1,0,1,0,1,0,0,0,0,0,1,0,1,0,1,9,10.6453027469483,10.1016004341251,0.405365093087693,30
"18588","SC","Guabiruba",24382,41994.87,42012,"Blumenau",4,"Sul",1,"420630",7,4,2,2,1,3,0,0,0,0,0,4,2,2,1,3,9,10.6453027469483,10.1016004341251,0.409359447402572,29
"18589","SC","Guaramirim",45797,38693.4,42008,"Joinville",4,"Sul",1,"420650",2,82,17,65,23,59,0,0,0,0,0,82,17,65,23,59,19,10.5634243218382,10.7319738657735,0.313313885055917,29
"18590","SC","Guaramirim",45797,38693.4,42008,"Joinville",4,"Sul",1,"420650",3,77,12,65,32,45,0,0,0,0,0,77,12,65,32,45,16,10.5634243218382,10.7319738657735,0.432569767715994,31
"18591","SC","Guaramirim",45797,38693.4,42008,"Joinville",4,"Sul",1,"420650",4,46,10,36,18,28,1,0,0,0,0,47,10,36,18,28,15,10.5634243218382,10.7319738657735,0.445393576427779,30
"18592","SC","Guaramirim",45797,38693.4,42008,"Joinville",4,"Sul",1,"420650",5,64,14,50,22,42,0,0,0,0,0,64,14,50,22,42,14,10.5634243218382,10.7319738657735,0.414939932851516,31
"18593","SC","Guaramirim",45797,38693.4,42008,"Joinville",4,"Sul",1,"420650",6,67,6,61,29,38,0,0,0,0,0,67,6,61,29,38,17,10.5634243218382,10.7319738657735,0.401634868213357,30
"18594","SC","Guaramirim",45797,38693.4,42008,"Joinville",4,"Sul",1,"420650",7,58,9,49,15,43,0,0,0,0,0,58,9,49,15,43,20,10.5634243218382,10.7319738657735,0.402187323544442,29
"18595","SC","Herval d'Oeste",22714,21180.37,42004,"Joaçaba",4,"Sul",1,"420670",2,48,10,38,11,37,0,0,0,0,0,48,10,38,11,37,8,9.96083008831348,10.0307367534516,0.302514130065272,29
"18596","SC","Herval d'Oeste",22714,21180.37,42004,"Joaçaba",4,"Sul",1,"420670",3,44,10,34,17,27,0,0,0,0,0,44,10,34,17,27,8,9.96083008831348,10.0307367534516,0.413545823096091,31
"18597","SC","Herval d'Oeste",22714,21180.37,42004,"Joaçaba",4,"Sul",1,"420670",4,27,7,20,12,15,0,0,0,0,0,27,7,20,12,15,11,9.96083008831348,10.0307367534516,0.426527239783269,30
"18598","SC","Herval d'Oeste",22714,21180.37,42004,"Joaçaba",4,"Sul",1,"420670",5,26,6,20,11,15,0,0,0,0,0,26,6,20,11,15,9,9.96083008831348,10.0307367534516,0.412563663158837,31
"18599","SC","Herval d'Oeste",22714,21180.37,42004,"Joaçaba",4,"Sul",1,"420670",6,16,8,8,4,12,0,0,0,0,0,16,8,8,4,12,11,9.96083008831348,10.0307367534516,0.384409637231478,30
"18600","SC","Herval d'Oeste",22714,21180.37,42004,"Joaçaba",4,"Sul",1,"420670",7,25,10,15,7,18,0,0,0,0,0,25,10,15,7,18,27,9.96083008831348,10.0307367534516,0.390697424611425,29
"18601","SC","Ibirama",19096,23619.6,42011,"Rio do Sul",4,"Sul",0,"420690",2,30,11,19,13,17,0,0,0,0,0,30,11,19,13,17,16,10.0698321548069,9.85723416801867,0.307127735540166,29
"18602","SC","Ibirama",19096,23619.6,42011,"Rio do Sul",4,"Sul",0,"420690",3,45,16,29,16,29,0,0,0,0,0,45,16,29,16,29,4,10.0698321548069,9.85723416801867,0.439204056099375,31
"18603","SC","Ibirama",19096,23619.6,42011,"Rio do Sul",4,"Sul",0,"420690",4,14,6,8,7,7,0,0,0,0,0,14,6,8,7,7,8,10.0698321548069,9.85723416801867,0.434938903390411,30
"18604","SC","Ibirama",19096,23619.6,42011,"Rio do Sul",4,"Sul",0,"420690",5,18,5,13,4,14,0,0,0,0,0,18,5,13,4,14,13,10.0698321548069,9.85723416801867,0.402529795115774,31
"18605","SC","Ibirama",19096,23619.6,42011,"Rio do Sul",4,"Sul",0,"420690",6,21,5,16,7,14,0,0,0,0,0,21,5,16,7,14,12,10.0698321548069,9.85723416801867,0.382630290743619,30
"18606","SC","Ibirama",19096,23619.6,42011,"Rio do Sul",4,"Sul",0,"420690",7,21,3,18,6,15,0,0,0,0,0,21,3,18,6,15,9,10.0698321548069,9.85723416801867,0.387400881252972,29
"18607","SC","Içara",57247,42042.2,42019,"Criciúma",4,"Sul",1,"420700",2,133,31,102,38,95,0,0,0,0,0,133,31,102,38,95,28,10.6464291547349,10.9551305182967,0.312344485939252,29
"18608","SC","Içara",57247,42042.2,42019,"Criciúma",4,"Sul",1,"420700",3,105,23,82,29,76,0,0,0,0,0,105,23,82,29,76,23,10.6464291547349,10.9551305182967,0.447865646741337,31
"18609","SC","Içara",57247,42042.2,42019,"Criciúma",4,"Sul",1,"420700",4,73,20,53,17,56,0,0,0,0,0,73,20,53,17,56,21,10.6464291547349,10.9551305182967,0.456160693197428,30
"18610","SC","Içara",57247,42042.2,42019,"Criciúma",4,"Sul",1,"420700",5,61,15,46,19,42,0,0,0,0,0,61,15,46,19,42,24,10.6464291547349,10.9551305182967,0.39171673877756,31
"18611","SC","Içara",57247,42042.2,42019,"Criciúma",4,"Sul",1,"420700",6,65,14,51,17,48,0,0,0,0,0,65,14,51,17,48,31,10.6464291547349,10.9551305182967,0.38318049450914,30
"18612","SC","Içara",57247,42042.2,42019,"Criciúma",4,"Sul",1,"420700",7,55,3,52,12,43,0,0,0,0,0,55,3,52,12,43,38,10.6464291547349,10.9551305182967,0.396887186295933,29
"18613","SC","Ilhota",14359,50605.82,42013,"Itajaí",4,"Sul",1,"420710",2,26,9,17,11,15,0,0,0,0,0,26,9,17,11,15,4,10.8318218684241,9.57213220229438,0.330881631810077,29
"18614","SC","Ilhota",14359,50605.82,42013,"Itajaí",4,"Sul",1,"420710",3,33,10,23,12,21,0,0,0,0,0,33,10,23,12,21,6,10.8318218684241,9.57213220229438,0.453655926151963,31
"18615","SC","Ilhota",14359,50605.82,42013,"Itajaí",4,"Sul",1,"420710",4,20,8,12,8,12,0,0,0,0,0,20,8,12,8,12,6,10.8318218684241,9.57213220229438,0.459173077918346,30
"18616","SC","Ilhota",14359,50605.82,42013,"Itajaí",4,"Sul",1,"420710",5,9,3,6,3,6,0,0,0,0,0,9,3,6,3,6,7,10.8318218684241,9.57213220229438,0.413999976670377,31
"18617","SC","Ilhota",14359,50605.82,42013,"Itajaí",4,"Sul",1,"420710",6,22,7,15,11,11,1,0,0,0,0,23,7,15,11,11,4,10.8318218684241,9.57213220229438,0.404298884823898,30
"18618","SC","Ilhota",14359,50605.82,42013,"Itajaí",4,"Sul",1,"420710",7,19,6,13,9,10,0,0,0,0,0,19,6,13,9,10,7,10.8318218684241,9.57213220229438,0.400145945544888,29
"18619","SC","Imaruí",9948,19014.64,42018,"Tubarão",4,"Sul",0,"420720",2,16,1,15,5,11,0,0,0,0,0,16,1,15,5,11,4,9.85296448776137,9.2051268049233,0.337954176844877,29
"18620","SC","Imaruí",9948,19014.64,42018,"Tubarão",4,"Sul",0,"420720",3,14,2,12,4,10,0,0,0,0,0,14,2,12,4,10,8,9.85296448776137,9.2051268049233,0.448328947629292,31
"18621","SC","Imaruí",9948,19014.64,42018,"Tubarão",4,"Sul",0,"420720",4,7,2,5,2,5,0,0,0,0,0,7,2,5,2,5,6,9.85296448776137,9.2051268049233,0.457479265805108,30
"18622","SC","Imaruí",9948,19014.64,42018,"Tubarão",4,"Sul",0,"420720",5,4,2,2,2,2,0,0,0,0,0,4,2,2,2,2,3,9.85296448776137,9.2051268049233,0.427396018277215,31
"18623","SC","Imaruí",9948,19014.64,42018,"Tubarão",4,"Sul",0,"420720",6,6,1,5,3,3,0,0,0,0,0,6,1,5,3,3,4,9.85296448776137,9.2051268049233,0.432152966742544,30
"18624","SC","Imaruí",9948,19014.64,42018,"Tubarão",4,"Sul",0,"420720",7,9,3,6,3,6,0,0,0,0,0,9,3,6,3,6,13,9.85296448776137,9.2051268049233,0.450163734753203,29
"18625","SC","Imbituba",45286,39926.04,42018,"Tubarão",4,"Sul",1,"420730",2,86,14,72,23,63,1,0,0,0,0,87,14,72,23,63,42,10.5947840215855,10.7207532129325,0.304681058952048,29
"18626","SC","Imbituba",45286,39926.04,42018,"Tubarão",4,"Sul",1,"420730",3,81,14,67,25,56,2,0,0,0,0,83,14,67,25,56,34,10.5947840215855,10.7207532129325,0.454924057292618,31
"18627","SC","Imbituba",45286,39926.04,42018,"Tubarão",4,"Sul",1,"420730",4,32,6,26,10,22,2,0,0,0,0,34,6,26,10,22,21,10.5947840215855,10.7207532129325,0.47853519599187,30
"18628","SC","Imbituba",45286,39926.04,42018,"Tubarão",4,"Sul",1,"420730",5,55,12,43,15,40,0,0,0,0,0,55,12,43,15,40,26,10.5947840215855,10.7207532129325,0.402375344321835,31
"18629","SC","Imbituba",45286,39926.04,42018,"Tubarão",4,"Sul",1,"420730",6,50,12,38,10,40,0,0,0,0,0,50,12,38,10,40,27,10.5947840215855,10.7207532129325,0.394317446335937,30
"18630","SC","Imbituba",45286,39926.04,42018,"Tubarão",4,"Sul",1,"420730",7,46,11,35,14,32,0,0,0,0,0,46,11,35,14,32,32,10.5947840215855,10.7207532129325,0.418968575550703,29
"18631","SC","Indaial",70900,38127.84,42012,"Blumenau",4,"Sul",1,"420750",2,145,40,105,47,98,0,0,0,0,0,145,40,105,47,98,36,10.5487000029386,11.1690257125202,0.301248702293928,29
"18632","SC","Indaial",70900,38127.84,42012,"Blumenau",4,"Sul",1,"420750",3,159,34,125,64,95,0,0,0,0,0,159,34,125,64,95,27,10.5487000029386,11.1690257125202,0.43931445092179,31
"18633","SC","Indaial",70900,38127.84,42012,"Blumenau",4,"Sul",1,"420750",4,78,19,59,25,53,0,0,0,0,0,78,19,59,25,53,25,10.5487000029386,11.1690257125202,0.443416862018656,30
"18634","SC","Indaial",70900,38127.84,42012,"Blumenau",4,"Sul",1,"420750",5,75,12,63,28,47,3,0,0,0,0,78,12,63,28,47,27,10.5487000029386,11.1690257125202,0.393689774835832,31
"18635","SC","Indaial",70900,38127.84,42012,"Blumenau",4,"Sul",1,"420750",6,92,25,67,35,57,0,0,0,0,0,92,25,67,35,57,26,10.5487000029386,11.1690257125202,0.377334297026204,30
"18636","SC","Indaial",70900,38127.84,42012,"Blumenau",4,"Sul",1,"420750",7,96,25,71,32,64,0,0,0,0,0,96,25,71,32,64,31,10.5487000029386,11.1690257125202,0.382921887917718,29
"18637","SC","Irani",10498,23059.27,42005,"Concórdia",4,"Sul",0,"420780",2,19,1,18,6,13,0,0,0,0,0,19,1,18,6,13,6,10.0458231367738,9.25894004181225,0.307873815849689,29
"18638","SC","Irani",10498,23059.27,42005,"Concórdia",4,"Sul",0,"420780",3,19,2,17,8,11,0,0,0,0,0,19,2,17,8,11,6,10.0458231367738,9.25894004181225,0.41894471153789,31
"18639","SC","Irani",10498,23059.27,42005,"Concórdia",4,"Sul",0,"420780",4,13,1,12,4,9,0,0,0,0,0,13,1,12,4,9,7,10.0458231367738,9.25894004181225,0.424407102867152,30
"18640","SC","Irani",10498,23059.27,42005,"Concórdia",4,"Sul",0,"420780",5,7,2,5,1,6,0,0,0,0,0,7,2,5,1,6,8,10.0458231367738,9.25894004181225,0.419745137966969,31
"18641","SC","Irani",10498,23059.27,42005,"Concórdia",4,"Sul",0,"420780",6,12,2,10,3,9,0,0,0,0,0,12,2,10,3,9,5,10.0458231367738,9.25894004181225,0.385195298399052,30
"18642","SC","Irani",10498,23059.27,42005,"Concórdia",4,"Sul",0,"420780",7,15,4,11,5,10,0,0,0,0,0,15,4,11,5,10,4,10.0458231367738,9.25894004181225,0.389514118933089,29
"18643","SC","Itaiópolis",21780,34769.15,42006,"Canoinhas",4,"Sul",0,"420810",2,42,13,29,22,20,0,0,0,0,0,42,13,29,22,20,15,10.4564857783413,9.98874739648695,0.340177555608248,29
"18644","SC","Itaiópolis",21780,34769.15,42006,"Canoinhas",4,"Sul",0,"420810",3,47,14,33,15,32,1,0,0,0,0,48,14,33,15,32,13,10.4564857783413,9.98874739648695,0.435075442265134,31
"18645","SC","Itaiópolis",21780,34769.15,42006,"Canoinhas",4,"Sul",0,"420810",4,29,8,21,15,14,0,0,0,0,0,29,8,21,15,14,15,10.4564857783413,9.98874739648695,0.448303479050266,30
"18646","SC","Itaiópolis",21780,34769.15,42006,"Canoinhas",4,"Sul",0,"420810",5,34,13,21,14,20,0,0,0,0,0,34,13,21,14,20,15,10.4564857783413,9.98874739648695,0.423235816732873,31
"18647","SC","Itaiópolis",21780,34769.15,42006,"Canoinhas",4,"Sul",0,"420810",6,24,12,12,13,11,0,0,0,0,0,24,12,12,13,11,15,10.4564857783413,9.98874739648695,0.431856436787048,30
"18648","SC","Itaiópolis",21780,34769.15,42006,"Canoinhas",4,"Sul",0,"420810",7,25,6,19,13,12,0,0,0,0,0,25,6,19,13,12,12,10.4564857783413,9.98874739648695,0.426558530182905,29
"18649","SC","Itajaí",223112,117712,42013,"Itajaí",4,"Sul",1,"420820",2,540,97,443,168,372,3,0,0,0,0,543,97,443,168,372,115,11.675996242172,12.3154291665133,0.304248134492369,29
"18650","SC","Itajaí",223112,117712,42013,"Itajaí",4,"Sul",1,"420820",3,547,89,458,200,347,1,0,0,0,0,548,89,458,200,347,109,11.675996242172,12.3154291665133,0.437974847759868,31
"18651","SC","Itajaí",223112,117712,42013,"Itajaí",4,"Sul",1,"420820",4,287,52,235,90,197,3,0,0,0,0,290,52,235,90,197,105,11.675996242172,12.3154291665133,0.452605702020104,30
"18652","SC","Itajaí",223112,117712,42013,"Itajaí",4,"Sul",1,"420820",5,304,54,250,92,212,0,0,0,0,0,304,54,250,92,212,107,11.675996242172,12.3154291665133,0.398942924971925,31
"18653","SC","Itajaí",223112,117712,42013,"Itajaí",4,"Sul",1,"420820",6,311,63,248,91,220,3,0,0,0,0,314,63,248,91,220,133,11.675996242172,12.3154291665133,0.39256994744876,30
"18654","SC","Itajaí",223112,117712,42013,"Itajaí",4,"Sul",1,"420820",7,316,68,248,89,227,5,0,0,0,0,321,68,248,89,227,180,11.675996242172,12.3154291665133,0.396131146096883,29
"18655","SC","Itapema",67338,29597.1,42013,"Itajaí",4,"Sul",1,"420830",2,153,39,114,66,87,1,0,0,0,0,154,39,114,66,87,23,10.2954316625395,11.1174799922443,0.306906645083573,29
"18656","SC","Itapema",67338,29597.1,42013,"Itajaí",4,"Sul",1,"420830",3,144,30,114,59,85,0,0,0,0,0,144,30,114,59,85,28,10.2954316625395,11.1174799922443,0.46905065678078,31
"18657","SC","Itapema",67338,29597.1,42013,"Itajaí",4,"Sul",1,"420830",4,112,27,85,34,78,2,0,0,0,0,114,27,85,34,78,23,10.2954316625395,11.1174799922443,0.456830689456819,30
"18658","SC","Itapema",67338,29597.1,42013,"Itajaí",4,"Sul",1,"420830",5,89,31,58,32,57,1,0,0,0,0,90,31,58,32,57,20,10.2954316625395,11.1174799922443,0.400881146002591,31
"18659","SC","Itapema",67338,29597.1,42013,"Itajaí",4,"Sul",1,"420830",6,83,15,68,32,51,0,0,0,0,0,83,15,68,32,51,44,10.2954316625395,11.1174799922443,0.391721229837332,30
"18660","SC","Itapema",67338,29597.1,42013,"Itajaí",4,"Sul",1,"420830",7,97,21,76,33,64,0,0,0,0,0,97,21,76,33,64,61,10.2954316625395,11.1174799922443,0.407972966305271,29
"18661","SC","Itapiranga",17007,46220.97,42001,"São Miguel do Oeste",4,"Sul",0,"420840",2,32,5,27,11,21,0,0,0,0,0,32,5,27,11,21,4,10.741188870194,9.74138030299241,0.378426808745674,29
"18662","SC","Itapiranga",17007,46220.97,42001,"São Miguel do Oeste",4,"Sul",0,"420840",3,30,4,26,8,22,0,0,0,0,0,30,4,26,8,22,6,10.741188870194,9.74138030299241,0.458461849999593,31
"18663","SC","Itapiranga",17007,46220.97,42001,"São Miguel do Oeste",4,"Sul",0,"420840",4,17,2,15,6,11,1,0,0,0,0,18,2,15,6,11,5,10.741188870194,9.74138030299241,0.463422117467187,30
"18664","SC","Itapiranga",17007,46220.97,42001,"São Miguel do Oeste",4,"Sul",0,"420840",5,13,3,10,2,11,0,0,0,0,0,13,3,10,2,11,7,10.741188870194,9.74138030299241,0.448343112462071,31
"18665","SC","Itapiranga",17007,46220.97,42001,"São Miguel do Oeste",4,"Sul",0,"420840",6,26,4,22,7,19,0,0,0,0,0,26,4,22,7,19,6,10.741188870194,9.74138030299241,0.464058753849932,30
"18666","SC","Itapiranga",17007,46220.97,42001,"São Miguel do Oeste",4,"Sul",0,"420840",7,18,4,14,9,9,0,0,0,0,0,18,4,14,9,9,7,10.741188870194,9.74138030299241,0.474992784553027,29
"18667","SC","Itapoá",21177,39735.17,42008,"Joinville",4,"Sul",0,"420845",2,45,7,38,15,30,0,0,0,0,0,45,7,38,15,30,8,10.5899919687092,9.96067096606358,0.334695065756607,29
"18668","SC","Itapoá",21177,39735.17,42008,"Joinville",4,"Sul",0,"420845",3,50,14,36,16,34,0,0,0,0,0,50,14,36,16,34,9,10.5899919687092,9.96067096606358,0.447664388964959,31
"18669","SC","Itapoá",21177,39735.17,42008,"Joinville",4,"Sul",0,"420845",4,46,12,34,13,33,0,0,0,0,0,46,12,34,13,33,7,10.5899919687092,9.96067096606358,0.455366478872738,30
"18670","SC","Itapoá",21177,39735.17,42008,"Joinville",4,"Sul",0,"420845",5,23,8,15,8,15,0,0,0,0,0,23,8,15,8,15,8,10.5899919687092,9.96067096606358,0.422905224170762,31
"18671","SC","Itapoá",21177,39735.17,42008,"Joinville",4,"Sul",0,"420845",6,44,9,35,9,35,0,0,0,0,0,44,9,35,9,35,15,10.5899919687092,9.96067096606358,0.428954154389747,30
"18672","SC","Itapoá",21177,39735.17,42008,"Joinville",4,"Sul",0,"420845",7,35,8,27,18,17,1,0,0,0,0,36,8,27,18,17,16,10.5899919687092,9.96067096606358,0.433583374703804,29
"18673","SC","Ituporanga",25355,37632.2,42014,"Ituporanga",4,"Sul",0,"420850",2,75,19,56,27,48,0,0,0,0,0,75,19,56,27,48,13,10.53561534587,10.1407312282291,0.298237355543857,29
"18674","SC","Ituporanga",25355,37632.2,42014,"Ituporanga",4,"Sul",0,"420850",3,35,9,26,15,20,0,0,0,0,0,35,9,26,15,20,19,10.53561534587,10.1407312282291,0.39758206828045,31
"18675","SC","Ituporanga",25355,37632.2,42014,"Ituporanga",4,"Sul",0,"420850",4,35,9,26,14,21,0,0,0,0,0,35,9,26,14,21,11,10.53561534587,10.1407312282291,0.407664717084545,30
"18676","SC","Ituporanga",25355,37632.2,42014,"Ituporanga",4,"Sul",0,"420850",5,40,15,25,9,31,0,0,0,0,0,40,15,25,9,31,13,10.53561534587,10.1407312282291,0.378603491075181,31
"18677","SC","Ituporanga",25355,37632.2,42014,"Ituporanga",4,"Sul",0,"420850",6,37,9,28,13,24,1,0,0,0,0,38,9,28,13,24,11,10.53561534587,10.1407312282291,0.371608627658917,30
"18678","SC","Ituporanga",25355,37632.2,42014,"Ituporanga",4,"Sul",0,"420850",7,28,4,24,10,18,0,0,0,0,0,28,4,24,10,18,14,10.53561534587,10.1407312282291,0.369325771514023,29
"18679","SC","Jacinto Machado",10376,31700.91,42020,"Araranguá",4,"Sul",0,"420870",2,17,6,11,11,6,0,0,0,0,0,17,6,11,11,6,6,10.364100666078,9.24725072599628,0.283238173460207,29
"18680","SC","Jacinto Machado",10376,31700.91,42020,"Araranguá",4,"Sul",0,"420870",3,13,1,12,7,6,0,0,0,0,0,13,1,12,7,6,5,10.364100666078,9.24725072599628,0.372844143382308,31
"18681","SC","Jacinto Machado",10376,31700.91,42020,"Araranguá",4,"Sul",0,"420870",4,15,5,10,5,10,0,0,0,0,0,15,5,10,5,10,6,10.364100666078,9.24725072599628,0.375237902987142,30
"18682","SC","Jacinto Machado",10376,31700.91,42020,"Araranguá",4,"Sul",0,"420870",5,10,3,7,2,8,0,0,0,0,0,10,3,7,2,8,8,10.364100666078,9.24725072599628,0.363280227413307,31
"18683","SC","Jacinto Machado",10376,31700.91,42020,"Araranguá",4,"Sul",0,"420870",6,13,5,8,3,10,0,0,0,0,0,13,5,8,3,10,5,10.364100666078,9.24725072599628,0.354085528991955,30
"18684","SC","Jacinto Machado",10376,31700.91,42020,"Araranguá",4,"Sul",0,"420870",7,15,3,12,6,9,0,0,0,0,0,15,3,12,6,9,4,10.364100666078,9.24725072599628,0.385616898091835,29
"18685","SC","Jaguaruna",20288,23787.1,42018,"Tubarão",4,"Sul",0,"420880",2,46,11,35,15,31,0,0,0,0,0,46,11,35,15,31,12,10.0768986959086,9.91778485723695,0.319325118394708,29
"18686","SC","Jaguaruna",20288,23787.1,42018,"Tubarão",4,"Sul",0,"420880",3,27,12,15,6,21,0,0,0,0,0,27,12,15,6,21,15,10.0768986959086,9.91778485723695,0.432219991311495,31
"18687","SC","Jaguaruna",20288,23787.1,42018,"Tubarão",4,"Sul",0,"420880",4,27,9,18,10,17,0,0,0,0,0,27,9,18,10,17,5,10.0768986959086,9.91778485723695,0.4558193419409,30
"18688","SC","Jaguaruna",20288,23787.1,42018,"Tubarão",4,"Sul",0,"420880",5,29,7,22,12,17,0,0,0,0,0,29,7,22,12,17,14,10.0768986959086,9.91778485723695,0.410171794674605,31
"18689","SC","Jaguaruna",20288,23787.1,42018,"Tubarão",4,"Sul",0,"420880",6,27,3,24,6,21,0,0,0,0,0,27,3,24,6,21,16,10.0768986959086,9.91778485723695,0.394791160184359,30
"18690","SC","Jaguaruna",20288,23787.1,42018,"Tubarão",4,"Sul",0,"420880",7,25,3,22,4,21,0,0,0,0,0,25,3,22,4,21,14,10.0768986959086,9.91778485723695,0.428286108825762,29
"18691","SC","Jaraguá do Sul",181173,51652.44,42008,"Joinville",4,"Sul",1,"420890",2,304,33,271,77,227,1,0,0,0,0,305,33,271,77,227,72,10.8522927144775,12.1072076548659,0.298094889114829,29
"18692","SC","Jaraguá do Sul",181173,51652.44,42008,"Joinville",4,"Sul",1,"420890",3,299,34,265,81,218,1,0,0,0,0,300,34,265,81,218,60,10.8522927144775,12.1072076548659,0.440580817902965,31
"18693","SC","Jaraguá do Sul",181173,51652.44,42008,"Joinville",4,"Sul",1,"420890",4,214,24,190,54,160,0,0,0,0,0,214,24,190,54,160,61,10.8522927144775,12.1072076548659,0.459068346760061,30
"18694","SC","Jaraguá do Sul",181173,51652.44,42008,"Joinville",4,"Sul",1,"420890",5,203,22,181,58,145,2,0,0,0,0,205,22,181,58,145,69,10.8522927144775,12.1072076548659,0.403086575190507,31
"18695","SC","Jaraguá do Sul",181173,51652.44,42008,"Joinville",4,"Sul",1,"420890",6,210,29,181,45,165,1,0,0,0,0,211,29,181,45,165,59,10.8522927144775,12.1072076548659,0.392995325143549,30
"18696","SC","Jaraguá do Sul",181173,51652.44,42008,"Joinville",4,"Sul",1,"420890",7,206,20,186,58,148,1,0,0,0,0,207,20,186,58,148,71,10.8522927144775,12.1072076548659,0.395361783125381,29
"18697","SC","Joaçaba",30404,64675.09,42004,"Joaçaba",4,"Sul",1,"420900",2,35,4,31,8,27,0,0,0,0,0,35,4,31,8,27,12,11.0771313986265,10.3223294576859,0.309339280575728,29
"18698","SC","Joaçaba",30404,64675.09,42004,"Joaçaba",4,"Sul",1,"420900",3,66,7,59,15,51,0,0,0,0,0,66,7,59,15,51,17,11.0771313986265,10.3223294576859,0.44427696122351,31
"18699","SC","Joaçaba",30404,64675.09,42004,"Joaçaba",4,"Sul",1,"420900",4,35,4,31,12,23,0,0,0,0,0,35,4,31,12,23,11,11.0771313986265,10.3223294576859,0.458239607003389,30
"18700","SC","Joaçaba",30404,64675.09,42004,"Joaçaba",4,"Sul",1,"420900",5,32,6,26,11,21,0,0,0,0,0,32,6,26,11,21,11,11.0771313986265,10.3223294576859,0.410600419151731,31
"18701","SC","Joaçaba",30404,64675.09,42004,"Joaçaba",4,"Sul",1,"420900",6,40,4,36,13,27,0,0,0,0,0,40,4,36,13,27,12,11.0771313986265,10.3223294576859,0.392526395520994,30
"18702","SC","Joaçaba",30404,64675.09,42004,"Joaçaba",4,"Sul",1,"420900",7,28,6,22,14,14,1,0,0,0,0,29,6,22,14,14,14,11.0771313986265,10.3223294576859,0.395958691000155,29
"18703","SC","Joinville",597658,52792.59,42008,"Joinville",4,"Sul",1,"420910",2,1094,190,904,356,738,2,0,0,0,0,1096,190,904,356,738,248,10.8741261189366,13.3007739629774,0.300175211021156,29
"18704","SC","Joinville",597658,52792.59,42008,"Joinville",4,"Sul",1,"420910",3,1145,187,958,354,791,3,0,0,0,0,1148,187,958,354,791,253,10.8741261189366,13.3007739629774,0.438190010211749,31
"18705","SC","Joinville",597658,52792.59,42008,"Joinville",4,"Sul",1,"420910",4,682,120,562,196,486,1,0,0,0,0,683,120,562,196,486,217,10.8741261189366,13.3007739629774,0.462435075956702,30
"18706","SC","Joinville",597658,52792.59,42008,"Joinville",4,"Sul",1,"420910",5,660,116,544,192,468,7,0,0,0,0,667,116,544,192,468,233,10.8741261189366,13.3007739629774,0.404528532242257,31
"18707","SC","Joinville",597658,52792.59,42008,"Joinville",4,"Sul",1,"420910",6,674,114,560,214,460,7,0,0,0,0,681,114,560,214,460,259,10.8741261189366,13.3007739629774,0.391164443425561,30
"18708","SC","Joinville",597658,52792.59,42008,"Joinville",4,"Sul",1,"420910",7,647,123,524,193,454,4,0,0,0,0,651,123,524,193,454,389,10.8741261189366,13.3007739629774,0.396123691901539,29
"18709","SC","Lages",157349,32355.43,42010,"Campos de Lages",4,"Sul",1,"420930",2,306,66,240,104,202,2,0,0,0,0,308,66,240,104,202,87,10.3845371374664,11.9662215472134,0.314610317438418,29
"18710","SC","Lages",157349,32355.43,42010,"Campos de Lages",4,"Sul",1,"420930",3,330,95,235,137,193,1,0,0,0,0,331,95,235,137,193,130,10.3845371374664,11.9662215472134,0.444692319808152,31
"18711","SC","Lages",157349,32355.43,42010,"Campos de Lages",4,"Sul",1,"420930",4,192,53,139,69,123,2,0,0,0,0,194,53,139,69,123,90,10.3845371374664,11.9662215472134,0.463329084001533,30
"18712","SC","Lages",157349,32355.43,42010,"Campos de Lages",4,"Sul",1,"420930",5,194,45,149,64,130,1,0,0,0,0,195,45,149,64,130,99,10.3845371374664,11.9662215472134,0.407413409663334,31
"18713","SC","Lages",157349,32355.43,42010,"Campos de Lages",4,"Sul",1,"420930",6,199,50,149,83,116,1,0,0,0,0,200,50,149,83,116,97,10.3845371374664,11.9662215472134,0.39478574971044,30
"18714","SC","Lages",157349,32355.43,42010,"Campos de Lages",4,"Sul",1,"420930",7,169,40,129,56,113,2,0,0,0,0,171,40,129,56,113,112,10.3845371374664,11.9662215472134,0.404028586380545,29
"18715","SC","Laguna",46122,19791.19,42018,"Tubarão",4,"Sul",1,"420940",2,62,11,51,18,44,0,0,0,0,0,62,11,51,18,44,37,9.89299216816828,10.7390453385772,0.309492389217263,29
"18716","SC","Laguna",46122,19791.19,42018,"Tubarão",4,"Sul",1,"420940",3,64,14,50,24,40,1,0,0,0,0,65,14,50,24,40,35,9.89299216816828,10.7390453385772,0.454734788454733,31
"18717","SC","Laguna",46122,19791.19,42018,"Tubarão",4,"Sul",1,"420940",4,33,5,28,11,22,0,0,0,0,0,33,5,28,11,22,30,9.89299216816828,10.7390453385772,0.482325293177514,30
"18718","SC","Laguna",46122,19791.19,42018,"Tubarão",4,"Sul",1,"420940",5,44,6,38,13,31,1,0,0,0,0,45,6,38,13,31,22,9.89299216816828,10.7390453385772,0.432334018958613,31
"18719","SC","Laguna",46122,19791.19,42018,"Tubarão",4,"Sul",1,"420940",6,32,5,27,10,22,0,0,0,0,0,32,5,27,10,22,30,9.89299216816828,10.7390453385772,0.418993869990616,30
"18720","SC","Laguna",46122,19791.19,42018,"Tubarão",4,"Sul",1,"420940",7,38,11,27,17,21,0,0,0,0,0,38,11,27,17,21,44,9.89299216816828,10.7390453385772,0.446391274010202,29
"18721","SC","Laurentino",7063,38934.69,42011,"Rio do Sul",4,"Sul",0,"420950",2,7,1,6,1,6,0,0,0,0,0,7,1,6,1,6,3,10.5696409059915,8.86262516940892,0.300302131911658,29
"18722","SC","Laurentino",7063,38934.69,42011,"Rio do Sul",4,"Sul",0,"420950",3,19,5,14,5,14,1,0,0,0,0,20,5,14,5,14,5,10.5696409059915,8.86262516940892,0.415536291314716,31
"18723","SC","Laurentino",7063,38934.69,42011,"Rio do Sul",4,"Sul",0,"420950",4,7,1,6,0,7,0,0,0,0,0,7,1,6,0,7,5,10.5696409059915,8.86262516940892,0.396072137344496,30
"18724","SC","Laurentino",7063,38934.69,42011,"Rio do Sul",4,"Sul",0,"420950",5,12,4,8,4,8,0,0,0,0,0,12,4,8,4,8,2,10.5696409059915,8.86262516940892,0.347448668818621,31
"18725","SC","Laurentino",7063,38934.69,42011,"Rio do Sul",4,"Sul",0,"420950",6,7,3,4,2,5,0,0,0,0,0,7,3,4,2,5,3,10.5696409059915,8.86262516940892,0.362040415754685,30
"18726","SC","Laurentino",7063,38934.69,42011,"Rio do Sul",4,"Sul",0,"420950",7,7,1,6,5,2,0,0,0,0,0,7,1,6,5,2,5,10.5696409059915,8.86262516940892,0.353363137343998,29
"18727","SC","Lebon Régis",12115,20402.4,42004,"Joaçaba",4,"Sul",0,"420970",2,28,14,14,14,14,1,0,0,0,0,29,14,14,14,14,7,9.92340781997126,9.40219963325063,0.352003510462018,29
"18728","SC","Lebon Régis",12115,20402.4,42004,"Joaçaba",4,"Sul",0,"420970",3,19,11,8,9,10,0,0,0,0,0,19,11,8,9,10,8,9.92340781997126,9.40219963325063,0.437456168949614,31
"18729","SC","Lebon Régis",12115,20402.4,42004,"Joaçaba",4,"Sul",0,"420970",4,20,7,13,9,11,1,0,0,0,0,21,7,13,9,11,6,9.92340781997126,9.40219963325063,0.473956654918841,30
"18730","SC","Lebon Régis",12115,20402.4,42004,"Joaçaba",4,"Sul",0,"420970",5,29,15,14,14,15,0,0,0,0,0,29,15,14,14,15,8,9.92340781997126,9.40219963325063,0.450777618007032,31
"18731","SC","Lebon Régis",12115,20402.4,42004,"Joaçaba",4,"Sul",0,"420970",6,10,7,3,4,6,0,0,0,0,0,10,7,3,4,6,7,9.92340781997126,9.40219963325063,0.470009570826044,30
"18732","SC","Lebon Régis",12115,20402.4,42004,"Joaçaba",4,"Sul",0,"420970",7,12,8,4,6,6,0,0,0,0,0,12,8,4,6,6,8,9.92340781997126,9.40219963325063,0.452586898005558,29
"18733","SC","Lontras",12315,26977.89,42011,"Rio do Sul",4,"Sul",1,"420990",2,15,5,10,2,13,0,0,0,0,0,15,5,10,2,13,6,10.2027729206249,9.41857331055464,0.282632735186495,29
"18734","SC","Lontras",12315,26977.89,42011,"Rio do Sul",4,"Sul",1,"420990",3,22,8,14,8,14,1,0,0,0,0,23,8,14,8,14,4,10.2027729206249,9.41857331055464,0.413138817652032,31
"18735","SC","Lontras",12315,26977.89,42011,"Rio do Sul",4,"Sul",1,"420990",4,13,3,10,2,11,0,0,0,0,0,13,3,10,2,11,6,10.2027729206249,9.41857331055464,0.399253799563686,30
"18736","SC","Lontras",12315,26977.89,42011,"Rio do Sul",4,"Sul",1,"420990",5,12,3,9,6,6,0,0,0,0,0,12,3,9,6,6,9,10.2027729206249,9.41857331055464,0.362389771490587,31
"18737","SC","Lontras",12315,26977.89,42011,"Rio do Sul",4,"Sul",1,"420990",6,14,4,10,4,10,0,0,0,0,0,14,4,10,4,10,4,10.2027729206249,9.41857331055464,0.352240686384916,30
"18738","SC","Lontras",12315,26977.89,42011,"Rio do Sul",4,"Sul",1,"420990",7,12,3,9,4,8,0,0,0,0,0,12,3,9,4,8,6,10.2027729206249,9.41857331055464,0.309625992638135,29
"18739","SC","Luiz Alves",13107,46083.39,42012,"Blumenau",4,"Sul",0,"421000",2,25,5,20,8,17,0,0,0,0,0,25,5,20,8,17,2,10.7382078603721,9.48090171761955,0.311274574376639,29
"18740","SC","Luiz Alves",13107,46083.39,42012,"Blumenau",4,"Sul",0,"421000",3,26,6,20,16,10,0,0,0,0,0,26,6,20,16,10,3,10.7382078603721,9.48090171761955,0.437355657859505,31
"18741","SC","Luiz Alves",13107,46083.39,42012,"Blumenau",4,"Sul",0,"421000",4,15,4,11,7,8,1,0,0,0,0,16,4,11,7,8,4,10.7382078603721,9.48090171761955,0.45107362616161,30
"18742","SC","Luiz Alves",13107,46083.39,42012,"Blumenau",4,"Sul",0,"421000",5,22,7,15,8,14,0,0,0,0,0,22,7,15,8,14,11,10.7382078603721,9.48090171761955,0.423776127169705,31
"18743","SC","Luiz Alves",13107,46083.39,42012,"Blumenau",4,"Sul",0,"421000",6,15,0,15,3,12,1,0,0,0,0,16,0,15,3,12,7,10.7382078603721,9.48090171761955,0.426919435034546,30
"18744","SC","Luiz Alves",13107,46083.39,42012,"Blumenau",4,"Sul",0,"421000",7,21,4,17,10,11,0,0,0,0,0,21,4,17,10,11,6,10.7382078603721,9.48090171761955,0.398412337055213,29
"18745","SC","Luzerna",5684,30042.54,42004,"Joaçaba",4,"Sul",1,"421003",2,5,1,4,4,1,0,0,0,0,0,5,1,4,4,1,4,10.3103696562317,8.64541048921699,0.327173303311231,29
"18746","SC","Luzerna",5684,30042.54,42004,"Joaçaba",4,"Sul",1,"421003",3,8,0,8,2,6,0,0,0,0,0,8,0,8,2,6,3,10.3103696562317,8.64541048921699,0.424801974763016,31
"18747","SC","Luzerna",5684,30042.54,42004,"Joaçaba",4,"Sul",1,"421003",4,3,0,3,0,3,0,0,0,0,0,3,0,3,0,3,2,10.3103696562317,8.64541048921699,0.421518242420915,30
"18748","SC","Luzerna",5684,30042.54,42004,"Joaçaba",4,"Sul",1,"421003",5,5,0,5,1,4,0,0,0,0,0,5,0,5,1,4,3,10.3103696562317,8.64541048921699,0.378173624933767,31
"18749","SC","Luzerna",5684,30042.54,42004,"Joaçaba",4,"Sul",1,"421003",6,7,0,7,2,5,0,0,0,0,0,7,0,7,2,5,2,10.3103696562317,8.64541048921699,0.389492436544837,30
"18750","SC","Luzerna",5684,30042.54,42004,"Joaçaba",4,"Sul",1,"421003",7,2,0,2,0,2,0,0,0,0,0,2,0,2,0,2,6,10.3103696562317,8.64541048921699,0.36972576340939,29
"18751","SC","Mafra",56561,34993.36,42006,"Canoinhas",4,"Sul",1,"421010",2,106,23,83,37,69,1,0,0,0,0,107,23,83,37,69,28,10.4629136081878,10.9430749807536,0.309734657239248,29
"18752","SC","Mafra",56561,34993.36,42006,"Canoinhas",4,"Sul",1,"421010",3,98,24,74,33,65,0,0,0,0,0,98,24,74,33,65,25,10.4629136081878,10.9430749807536,0.425010814608554,31
"18753","SC","Mafra",56561,34993.36,42006,"Canoinhas",4,"Sul",1,"421010",4,72,18,54,22,50,0,0,0,0,0,72,18,54,22,50,32,10.4629136081878,10.9430749807536,0.446495721911041,30
"18754","SC","Mafra",56561,34993.36,42006,"Canoinhas",4,"Sul",1,"421010",5,68,15,53,26,42,0,0,0,0,0,68,15,53,26,42,27,10.4629136081878,10.9430749807536,0.409837723089232,31
"18755","SC","Mafra",56561,34993.36,42006,"Canoinhas",4,"Sul",1,"421010",6,64,17,47,29,35,0,0,0,0,0,64,17,47,29,35,32,10.4629136081878,10.9430749807536,0.401486067184179,30
"18756","SC","Mafra",56561,34993.36,42006,"Canoinhas",4,"Sul",1,"421010",7,45,5,40,15,30,0,0,0,0,0,45,5,40,15,30,37,10.4629136081878,10.9430749807536,0.391388047069148,29
"18757","SC","Maracajá",7378,27385.36,42020,"Araranguá",4,"Sul",0,"421040",2,19,7,12,12,7,0,0,0,0,0,19,7,12,12,7,1,10.2177638430142,8.90625787815662,0.281079195717309,29
"18758","SC","Maracajá",7378,27385.36,42020,"Araranguá",4,"Sul",0,"421040",3,12,3,9,4,8,0,0,0,0,0,12,3,9,4,8,2,10.2177638430142,8.90625787815662,0.403897779793824,31
"18759","SC","Maracajá",7378,27385.36,42020,"Araranguá",4,"Sul",0,"421040",4,6,0,6,3,3,0,0,0,0,0,6,0,6,3,3,6,10.2177638430142,8.90625787815662,0.415337288718504,30
"18760","SC","Maracajá",7378,27385.36,42020,"Araranguá",4,"Sul",0,"421040",5,9,2,7,5,4,0,0,0,0,0,9,2,7,5,4,2,10.2177638430142,8.90625787815662,0.379164632132154,31
"18761","SC","Maracajá",7378,27385.36,42020,"Araranguá",4,"Sul",0,"421040",6,10,3,7,3,7,0,0,0,0,0,10,3,7,3,7,6,10.2177638430142,8.90625787815662,0.390032504152087,30
"18762","SC","Maracajá",7378,27385.36,42020,"Araranguá",4,"Sul",0,"421040",7,8,0,8,3,5,0,0,0,0,0,8,0,8,3,5,5,10.2177638430142,8.90625787815662,0.373741441893124,29
"18763","SC","Maravilha",26116,50727.8,42002,"Chapecó",4,"Sul",1,"421050",2,61,9,52,20,41,0,0,0,0,0,61,9,52,20,41,9,10.8342293627763,10.1703034323065,0.312913714165309,29
"18764","SC","Maravilha",26116,50727.8,42002,"Chapecó",4,"Sul",1,"421050",3,44,3,41,11,33,0,0,0,0,0,44,3,41,11,33,16,10.8342293627763,10.1703034323065,0.417164966028604,31
"18765","SC","Maravilha",26116,50727.8,42002,"Chapecó",4,"Sul",1,"421050",4,32,2,30,11,21,1,0,0,0,0,33,2,30,11,21,12,10.8342293627763,10.1703034323065,0.422145496729461,30
"18766","SC","Maravilha",26116,50727.8,42002,"Chapecó",4,"Sul",1,"421050",5,29,5,24,11,18,0,0,0,0,0,29,5,24,11,18,11,10.8342293627763,10.1703034323065,0.406456935373129,31
"18767","SC","Maravilha",26116,50727.8,42002,"Chapecó",4,"Sul",1,"421050",6,42,9,33,13,29,0,0,0,0,0,42,9,33,13,29,8,10.8342293627763,10.1703034323065,0.403168956609479,30
"18768","SC","Maravilha",26116,50727.8,42002,"Chapecó",4,"Sul",1,"421050",7,45,6,39,10,35,0,0,0,0,0,45,6,39,10,35,15,10.8342293627763,10.1703034323065,0.380008337080445,29
"18769","SC","Massaranduba",17125,32809.4,42008,"Joinville",4,"Sul",0,"421060",2,27,6,21,1,26,0,0,0,0,0,27,6,21,1,26,17,10.3984703386803,9.74829466313043,0.332045126935358,29
"18770","SC","Massaranduba",17125,32809.4,42008,"Joinville",4,"Sul",0,"421060",3,23,7,16,12,11,0,0,0,0,0,23,7,16,12,11,16,10.3984703386803,9.74829466313043,0.465947346160775,31
"18771","SC","Massaranduba",17125,32809.4,42008,"Joinville",4,"Sul",0,"421060",4,18,3,15,2,16,0,0,0,0,0,18,3,15,2,16,14,10.3984703386803,9.74829466313043,0.471359879713455,30
"18772","SC","Massaranduba",17125,32809.4,42008,"Joinville",4,"Sul",0,"421060",5,23,7,16,4,19,1,0,0,0,0,24,7,16,4,19,7,10.3984703386803,9.74829466313043,0.42618317022166,31
"18773","SC","Massaranduba",17125,32809.4,42008,"Joinville",4,"Sul",0,"421060",6,26,4,22,6,20,0,0,0,0,0,26,4,22,6,20,8,10.3984703386803,9.74829466313043,0.409977099973564,30
"18774","SC","Massaranduba",17125,32809.4,42008,"Joinville",4,"Sul",0,"421060",7,20,5,15,4,16,0,0,0,0,0,20,5,15,4,16,8,10.3984703386803,9.74829466313043,0.424744140110198,29
"18775","SC","Meleiro",7001,34105.74,42020,"Araranguá",4,"Sul",0,"421080",2,13,0,13,3,10,0,0,0,0,0,13,0,13,3,10,4,10.4372209775517,8.8538082749772,0.295981286554088,29
"18776","SC","Meleiro",7001,34105.74,42020,"Araranguá",4,"Sul",0,"421080",3,8,0,8,2,6,0,0,0,0,0,8,0,8,2,6,1,10.4372209775517,8.8538082749772,0.392002216340618,31
"18777","SC","Meleiro",7001,34105.74,42020,"Araranguá",4,"Sul",0,"421080",4,5,1,4,0,5,0,0,0,0,0,5,1,4,0,5,3,10.4372209775517,8.8538082749772,0.414611302531083,30
"18778","SC","Meleiro",7001,34105.74,42020,"Araranguá",4,"Sul",0,"421080",5,6,1,5,1,5,0,0,0,0,0,6,1,5,1,5,4,10.4372209775517,8.8538082749772,0.363161209920224,31
"18779","SC","Meleiro",7001,34105.74,42020,"Araranguá",4,"Sul",0,"421080",6,6,1,5,2,4,0,0,0,0,0,6,1,5,2,4,2,10.4372209775517,8.8538082749772,0.364602169482008,30
"18780","SC","Meleiro",7001,34105.74,42020,"Araranguá",4,"Sul",0,"421080",7,12,1,11,1,11,0,0,0,0,0,12,1,11,1,11,6,10.4372209775517,8.8538082749772,0.370886698669705,29
"18781","SC","Monte Carlo",9906,16172.78,42009,"Curitibanos",4,"Sul",0,"421105",2,25,12,13,12,13,0,0,0,0,0,25,12,13,12,13,5,9.69108486110881,9.20089591314818,0.302179147673592,29
"18782","SC","Monte Carlo",9906,16172.78,42009,"Curitibanos",4,"Sul",0,"421105",3,24,11,13,11,13,0,0,0,0,0,24,11,13,11,13,6,9.69108486110881,9.20089591314818,0.402467165359554,31
"18783","SC","Monte Carlo",9906,16172.78,42009,"Curitibanos",4,"Sul",0,"421105",4,18,5,13,10,8,0,0,0,0,0,18,5,13,10,8,8,9.69108486110881,9.20089591314818,0.42096747766255,30
"18784","SC","Monte Carlo",9906,16172.78,42009,"Curitibanos",4,"Sul",0,"421105",5,16,9,7,7,9,0,0,0,0,0,16,9,7,7,9,6,9.69108486110881,9.20089591314818,0.41366022680225,31
"18785","SC","Monte Carlo",9906,16172.78,42009,"Curitibanos",4,"Sul",0,"421105",6,12,3,9,7,5,0,0,0,0,0,12,3,9,7,5,4,9.69108486110881,9.20089591314818,0.409384495910161,30
"18786","SC","Monte Carlo",9906,16172.78,42009,"Curitibanos",4,"Sul",0,"421105",7,13,7,6,4,9,1,0,0,0,0,14,7,6,4,9,10,9.69108486110881,9.20089591314818,0.419819555898165,29
"18787","SC","Morro da Fumaça",17947,36437.43,42019,"Criciúma",4,"Sul",1,"421120",2,50,12,38,13,37,0,0,0,0,0,50,12,38,13,37,12,10.5033518219932,9.79517824902928,0.293577121591766,29
"18788","SC","Morro da Fumaça",17947,36437.43,42019,"Criciúma",4,"Sul",1,"421120",3,26,10,16,14,12,0,0,0,0,0,26,10,16,14,12,7,10.5033518219932,9.79517824902928,0.416896064996329,31
"18789","SC","Morro da Fumaça",17947,36437.43,42019,"Criciúma",4,"Sul",1,"421120",4,22,7,15,3,19,0,0,0,0,0,22,7,15,3,19,7,10.5033518219932,9.79517824902928,0.416394127117493,30
"18790","SC","Morro da Fumaça",17947,36437.43,42019,"Criciúma",4,"Sul",1,"421120",5,23,8,15,7,16,0,0,0,0,0,23,8,15,7,16,9,10.5033518219932,9.79517824902928,0.387840669679182,31
"18791","SC","Morro da Fumaça",17947,36437.43,42019,"Criciúma",4,"Sul",1,"421120",6,20,7,13,6,14,0,0,0,0,0,20,7,13,6,14,8,10.5033518219932,9.79517824902928,0.373875936845697,30
"18792","SC","Morro da Fumaça",17947,36437.43,42019,"Criciúma",4,"Sul",1,"421120",7,25,8,17,8,17,0,0,0,0,0,25,8,17,8,17,11,10.5033518219932,9.79517824902928,0.386110181580519,29
"18793","SC","Navegantes",83626,48187.98,42013,"Itajaí",4,"Sul",1,"421130",2,211,66,145,87,124,1,0,0,0,0,212,66,145,87,124,35,10.7828648913456,11.3341097555055,0.326748287421022,29
"18794","SC","Navegantes",83626,48187.98,42013,"Itajaí",4,"Sul",1,"421130",3,191,37,154,75,116,1,0,0,0,0,192,37,154,75,116,32,10.7828648913456,11.3341097555055,0.456898262158439,31
"18795","SC","Navegantes",83626,48187.98,42013,"Itajaí",4,"Sul",1,"421130",4,122,43,79,43,79,4,0,0,0,0,126,43,79,43,79,38,10.7828648913456,11.3341097555055,0.470147495217764,30
"18796","SC","Navegantes",83626,48187.98,42013,"Itajaí",4,"Sul",1,"421130",5,116,28,88,47,69,1,0,0,0,0,117,28,88,47,69,45,10.7828648913456,11.3341097555055,0.433460237173547,31
"18797","SC","Navegantes",83626,48187.98,42013,"Itajaí",4,"Sul",1,"421130",6,131,35,96,43,88,2,0,0,0,0,133,35,96,43,88,48,10.7828648913456,11.3341097555055,0.41741525969374,30
"18798","SC","Navegantes",83626,48187.98,42013,"Itajaí",4,"Sul",1,"421130",7,144,46,98,51,93,1,0,0,0,0,145,46,98,51,93,50,10.7828648913456,11.3341097555055,0.419297432669455,29
"18799","SC","Nova Veneza",15342,48411.29,42019,"Criciúma",4,"Sul",1,"421160",2,19,4,15,4,15,0,0,0,0,0,19,4,15,4,15,3,10.7874883299656,9.63834944451924,0.29942661981862,29
"18800","SC","Nova Veneza",15342,48411.29,42019,"Criciúma",4,"Sul",1,"421160",3,24,1,23,4,20,0,0,0,0,0,24,1,23,4,20,5,10.7874883299656,9.63834944451924,0.438313705142217,31
"18801","SC","Nova Veneza",15342,48411.29,42019,"Criciúma",4,"Sul",1,"421160",4,12,3,9,6,6,0,0,0,0,0,12,3,9,6,6,5,10.7874883299656,9.63834944451924,0.445205618942548,30
"18802","SC","Nova Veneza",15342,48411.29,42019,"Criciúma",4,"Sul",1,"421160",5,18,1,17,5,13,0,0,0,0,0,18,1,17,5,13,6,10.7874883299656,9.63834944451924,0.385724810844994,31
"18803","SC","Nova Veneza",15342,48411.29,42019,"Criciúma",4,"Sul",1,"421160",6,11,3,8,5,6,0,0,0,0,0,11,3,8,5,6,3,10.7874883299656,9.63834944451924,0.389665433599273,30
"18804","SC","Nova Veneza",15342,48411.29,42019,"Criciúma",4,"Sul",1,"421160",7,10,1,9,2,8,1,0,0,0,0,11,1,9,2,8,15,10.7874883299656,9.63834944451924,0.396540212463338,29
"18805","SC","Orleans",23038,39817.94,42018,"Tubarão",4,"Sul",0,"421170",2,37,6,31,12,25,0,0,0,0,0,37,6,31,12,25,5,10.5920728434824,10.0449003054865,0.327077186554101,29
"18806","SC","Orleans",23038,39817.94,42018,"Tubarão",4,"Sul",0,"421170",3,50,9,41,12,38,0,0,0,0,0,50,9,41,12,38,8,10.5920728434824,10.0449003054865,0.420018653085203,31
"18807","SC","Orleans",23038,39817.94,42018,"Tubarão",4,"Sul",0,"421170",4,27,6,21,8,19,0,0,0,0,0,27,6,21,8,19,16,10.5920728434824,10.0449003054865,0.432979251177725,30
"18808","SC","Orleans",23038,39817.94,42018,"Tubarão",4,"Sul",0,"421170",5,25,11,14,8,17,1,0,0,0,0,26,11,14,8,17,9,10.5920728434824,10.0449003054865,0.393904754304575,31
"18809","SC","Orleans",23038,39817.94,42018,"Tubarão",4,"Sul",0,"421170",6,36,12,24,14,22,0,0,0,0,0,36,12,24,14,22,13,10.5920728434824,10.0449003054865,0.394230814618032,30
"18810","SC","Orleans",23038,39817.94,42018,"Tubarão",4,"Sul",0,"421170",7,19,3,16,10,9,0,0,0,0,0,19,3,16,10,9,6,10.5920728434824,10.0449003054865,0.411174225129541,29
"18811","SC","Otacílio Costa",18975,40840.77,42010,"Campos de Lages",4,"Sul",1,"421175",2,34,10,24,22,12,0,0,0,0,0,34,10,24,22,12,9,10.6174361261655,9.85087760226383,0.325777089397917,29
"18812","SC","Otacílio Costa",18975,40840.77,42010,"Campos de Lages",4,"Sul",1,"421175",3,27,9,18,7,20,1,0,0,0,0,28,9,18,7,20,6,10.6174361261655,9.85087760226383,0.410480315448678,31
"18813","SC","Otacílio Costa",18975,40840.77,42010,"Campos de Lages",4,"Sul",1,"421175",4,17,2,15,7,10,0,0,0,0,0,17,2,15,7,10,6,10.6174361261655,9.85087760226383,0.424432436347694,30
"18814","SC","Otacílio Costa",18975,40840.77,42010,"Campos de Lages",4,"Sul",1,"421175",5,22,7,15,8,14,0,0,0,0,0,22,7,15,8,14,11,10.6174361261655,9.85087760226383,0.39739317400754,31
"18815","SC","Otacílio Costa",18975,40840.77,42010,"Campos de Lages",4,"Sul",1,"421175",6,14,4,10,7,7,0,0,0,0,0,14,4,10,7,7,11,10.6174361261655,9.85087760226383,0.394874840121634,30
"18816","SC","Otacílio Costa",18975,40840.77,42010,"Campos de Lages",4,"Sul",1,"421175",7,18,3,15,7,11,0,0,0,0,0,18,3,15,7,11,17,10.6174361261655,9.85087760226383,0.384796350973211,29
"18817","SC","Palhoça",175272,32626.34,42016,"Florianópolis",4,"Sul",1,"421190",2,356,71,285,103,253,2,0,0,0,0,358,71,285,103,253,57,10.3928752165785,12.0740943319681,0.294889100649912,29
"18818","SC","Palhoça",175272,32626.34,42016,"Florianópolis",4,"Sul",1,"421190",3,327,74,253,115,212,1,0,0,0,0,328,74,253,115,212,83,10.3928752165785,12.0740943319681,0.439358421476088,31
"18819","SC","Palhoça",175272,32626.34,42016,"Florianópolis",4,"Sul",1,"421190",4,224,42,182,74,150,1,0,0,0,0,225,42,182,74,150,64,10.3928752165785,12.0740943319681,0.458702078699148,30
"18820","SC","Palhoça",175272,32626.34,42016,"Florianópolis",4,"Sul",1,"421190",5,263,61,202,82,181,0,0,0,0,0,263,61,202,82,181,62,10.3928752165785,12.0740943319681,0.397168249356783,31
"18821","SC","Palhoça",175272,32626.34,42016,"Florianópolis",4,"Sul",1,"421190",6,257,49,208,90,167,0,0,0,0,0,257,49,208,90,167,77,10.3928752165785,12.0740943319681,0.388028173456343,30
"18822","SC","Palhoça",175272,32626.34,42016,"Florianópolis",4,"Sul",1,"421190",7,257,44,213,74,183,2,0,0,0,0,259,44,213,74,183,111,10.3928752165785,12.0740943319681,0.40108074141951,29
"18823","SC","Palma Sola",7372,30088.69,42001,"São Miguel do Oeste",4,"Sul",0,"421200",2,18,5,13,7,11,0,0,0,0,0,18,5,13,7,11,4,10.3119046326179,8.90544431878971,0.365763547605245,29
"18824","SC","Palma Sola",7372,30088.69,42001,"São Miguel do Oeste",4,"Sul",0,"421200",3,16,1,15,7,9,0,0,0,0,0,16,1,15,7,9,8,10.3119046326179,8.90544431878971,0.422829194251023,31
"18825","SC","Palma Sola",7372,30088.69,42001,"São Miguel do Oeste",4,"Sul",0,"421200",4,11,1,10,5,6,0,0,0,0,0,11,1,10,5,6,2,10.3119046326179,8.90544431878971,0.449409677497232,30
"18826","SC","Palma Sola",7372,30088.69,42001,"São Miguel do Oeste",4,"Sul",0,"421200",5,8,4,4,5,3,0,0,0,0,0,8,4,4,5,3,1,10.3119046326179,8.90544431878971,0.443892595595113,31
"18827","SC","Palma Sola",7372,30088.69,42001,"São Miguel do Oeste",4,"Sul",0,"421200",6,6,2,4,2,4,0,0,0,0,0,6,2,4,2,4,3,10.3119046326179,8.90544431878971,0.435411336298743,30
"18828","SC","Palma Sola",7372,30088.69,42001,"São Miguel do Oeste",4,"Sul",0,"421200",7,8,1,7,4,4,0,0,0,0,0,8,1,7,4,4,5,10.3119046326179,8.90544431878971,0.455823582835174,29
"18829","SC","Palmitos",16157,38378.79,42002,"Chapecó",4,"Sul",0,"421210",2,20,4,16,6,14,0,0,0,0,0,20,4,16,6,14,11,10.5552602422278,9.69010867127683,0.326357950784308,29
"18830","SC","Palmitos",16157,38378.79,42002,"Chapecó",4,"Sul",0,"421210",3,16,4,12,2,14,0,0,0,0,0,16,4,12,2,14,12,10.5552602422278,9.69010867127683,0.404762273411801,31
"18831","SC","Palmitos",16157,38378.79,42002,"Chapecó",4,"Sul",0,"421210",4,9,1,8,2,7,0,0,0,0,0,9,1,8,2,7,8,10.5552602422278,9.69010867127683,0.406283689164762,30
"18832","SC","Palmitos",16157,38378.79,42002,"Chapecó",4,"Sul",0,"421210",5,18,0,18,4,14,0,0,0,0,0,18,0,18,4,14,11,10.5552602422278,9.69010867127683,0.424233471255137,31
"18833","SC","Palmitos",16157,38378.79,42002,"Chapecó",4,"Sul",0,"421210",6,20,3,17,4,16,0,0,0,0,0,20,3,17,4,16,13,10.5552602422278,9.69010867127683,0.42189949530675,30
"18834","SC","Palmitos",16157,38378.79,42002,"Chapecó",4,"Sul",0,"421210",7,18,5,13,4,14,0,0,0,0,0,18,5,13,4,14,11,10.5552602422278,9.69010867127683,0.392485817996678,29
"18835","SC","Papanduva",19422,31184.55,42006,"Canoinhas",4,"Sul",0,"421220",2,39,10,29,18,21,0,0,0,0,0,39,10,29,18,21,14,10.3476780588417,9.8741617231543,0.30020839728723,29
"18836","SC","Papanduva",19422,31184.55,42006,"Canoinhas",4,"Sul",0,"421220",3,45,22,23,19,26,0,0,0,0,0,45,22,23,19,26,7,10.3476780588417,9.8741617231543,0.413150342299556,31
"18837","SC","Papanduva",19422,31184.55,42006,"Canoinhas",4,"Sul",0,"421220",4,24,7,17,6,18,0,0,0,0,0,24,7,17,6,18,11,10.3476780588417,9.8741617231543,0.393528047378506,30
"18838","SC","Papanduva",19422,31184.55,42006,"Canoinhas",4,"Sul",0,"421220",5,28,10,18,13,15,0,0,0,0,0,28,10,18,13,15,18,10.3476780588417,9.8741617231543,0.394258498429454,31
"18839","SC","Papanduva",19422,31184.55,42006,"Canoinhas",4,"Sul",0,"421220",6,22,6,16,11,11,0,0,0,0,0,22,6,16,11,11,13,10.3476780588417,9.8741617231543,0.400398556369002,30
"18840","SC","Papanduva",19422,31184.55,42006,"Canoinhas",4,"Sul",0,"421220",7,24,7,17,11,13,0,0,0,0,0,24,7,17,11,13,14,10.3476780588417,9.8741617231543,0.369649836192079,29
"18841","SC","Passo de Torres",9048,19144.41,42020,"Araranguá",4,"Sul",1,"421225",2,10,2,8,2,8,0,0,0,0,0,10,2,8,2,8,3,9.85976604599072,9.11029901779596,0.318953418185178,29
"18842","SC","Passo de Torres",9048,19144.41,42020,"Araranguá",4,"Sul",1,"421225",3,7,3,4,1,6,0,0,0,0,0,7,3,4,1,6,6,9.85976604599072,9.11029901779596,0.468226035175488,31
"18843","SC","Passo de Torres",9048,19144.41,42020,"Araranguá",4,"Sul",1,"421225",4,18,4,14,4,14,0,0,0,0,0,18,4,14,4,14,2,9.85976604599072,9.11029901779596,0.474487124944678,30
"18844","SC","Passo de Torres",9048,19144.41,42020,"Araranguá",4,"Sul",1,"421225",5,9,0,9,2,7,0,0,0,0,0,9,0,9,2,7,3,9.85976604599072,9.11029901779596,0.434888324669564,31
"18845","SC","Passo de Torres",9048,19144.41,42020,"Araranguá",4,"Sul",1,"421225",6,8,2,6,3,5,0,0,0,0,0,8,2,6,3,5,3,9.85976604599072,9.11029901779596,0.421511198261329,30
"18846","SC","Passo de Torres",9048,19144.41,42020,"Araranguá",4,"Sul",1,"421225",7,10,3,7,3,7,0,0,0,0,0,10,3,7,3,7,2,9.85976604599072,9.11029901779596,0.42709141941277,29
"18847","SC","Paulo Lopes",7569,25654.38,42016,"Florianópolis",4,"Sul",1,"421230",2,18,5,13,5,13,0,0,0,0,0,18,5,13,5,13,2,10.152469596255,8.93181623730917,0.315215186983308,29
"18848","SC","Paulo Lopes",7569,25654.38,42016,"Florianópolis",4,"Sul",1,"421230",3,15,6,9,5,10,0,0,0,0,0,15,6,9,5,10,5,10.152469596255,8.93181623730917,0.46168261974295,31
"18849","SC","Paulo Lopes",7569,25654.38,42016,"Florianópolis",4,"Sul",1,"421230",4,12,3,9,4,8,1,0,0,0,0,13,3,9,4,8,3,10.152469596255,8.93181623730917,0.450681763036731,30
"18850","SC","Paulo Lopes",7569,25654.38,42016,"Florianópolis",4,"Sul",1,"421230",5,8,3,5,2,6,0,0,0,0,0,8,3,5,2,6,2,10.152469596255,8.93181623730917,0.402994948537289,31
"18851","SC","Paulo Lopes",7569,25654.38,42016,"Florianópolis",4,"Sul",1,"421230",6,8,3,5,1,7,0,0,0,0,0,8,3,5,1,7,0,10.152469596255,8.93181623730917,0.386309706490745,30
"18852","SC","Paulo Lopes",7569,25654.38,42016,"Florianópolis",4,"Sul",1,"421230",7,6,1,5,4,2,0,0,0,0,0,6,1,5,4,2,5,10.152469596255,8.93181623730917,0.410591902984133,29
"18853","SC","Penha",33284,23419.45,42013,"Itajaí",4,"Sul",1,"421250",2,59,10,49,21,38,3,0,0,0,0,62,10,49,21,38,15,10.0613221526744,10.4128320800203,0.310178986756467,29
"18854","SC","Penha",33284,23419.45,42013,"Itajaí",4,"Sul",1,"421250",3,56,14,42,20,36,0,0,0,0,0,56,14,42,20,36,19,10.0613221526744,10.4128320800203,0.453283456270189,31
"18855","SC","Penha",33284,23419.45,42013,"Itajaí",4,"Sul",1,"421250",4,32,6,26,7,25,0,0,0,0,0,32,6,26,7,25,14,10.0613221526744,10.4128320800203,0.475440353689331,30
"18856","SC","Penha",33284,23419.45,42013,"Itajaí",4,"Sul",1,"421250",5,32,5,27,15,17,0,0,0,0,0,32,5,27,15,17,18,10.0613221526744,10.4128320800203,0.425201068492773,31
"18857","SC","Penha",33284,23419.45,42013,"Itajaí",4,"Sul",1,"421250",6,32,10,22,11,21,0,0,0,0,0,32,10,22,11,21,18,10.0613221526744,10.4128320800203,0.406228621451265,30
"18858","SC","Penha",33284,23419.45,42013,"Itajaí",4,"Sul",1,"421250",7,34,8,26,12,22,0,0,0,0,0,34,8,26,12,22,25,10.0613221526744,10.4128320800203,0.410730485253798,29
"18859","SC","Balneário Piçarras",23772,41741.3,42013,"Itajaí",4,"Sul",1,"421280",2,51,13,38,20,31,0,0,0,0,0,51,13,38,20,31,13,10.6392463253307,10.0762636964866,0.303363192543022,29
"18860","SC","Balneário Piçarras",23772,41741.3,42013,"Itajaí",4,"Sul",1,"421280",3,61,13,48,18,43,0,0,0,0,0,61,13,48,18,43,12,10.6392463253307,10.0762636964866,0.435414119446689,31
"18861","SC","Balneário Piçarras",23772,41741.3,42013,"Itajaí",4,"Sul",1,"421280",4,29,7,22,9,20,1,0,0,0,0,30,7,22,9,20,11,10.6392463253307,10.0762636964866,0.455241298986381,30
"18862","SC","Balneário Piçarras",23772,41741.3,42013,"Itajaí",4,"Sul",1,"421280",5,39,7,32,9,30,1,0,0,0,0,40,7,32,9,30,12,10.6392463253307,10.0762636964866,0.401845461976887,31
"18863","SC","Balneário Piçarras",23772,41741.3,42013,"Itajaí",4,"Sul",1,"421280",6,31,12,19,10,21,0,0,0,0,0,31,12,19,10,21,13,10.6392463253307,10.0762636964866,0.400624418211555,30
"18864","SC","Balneário Piçarras",23772,41741.3,42013,"Itajaí",4,"Sul",1,"421280",7,28,6,22,8,20,0,0,0,0,0,28,6,22,8,20,16,10.6392463253307,10.0762636964866,0.401578351635733,29
"18865","SC","Pinhalzinho",20712,56398.18,42002,"Chapecó",4,"Sul",1,"421290",2,37,6,31,12,25,0,0,0,0,0,37,6,31,12,25,6,10.9401921674619,9.93846852143137,0.301944780930145,29
"18866","SC","Pinhalzinho",20712,56398.18,42002,"Chapecó",4,"Sul",1,"421290",3,43,10,33,15,28,0,0,0,0,0,43,10,33,15,28,2,10.9401921674619,9.93846852143137,0.414490584350589,31
"18867","SC","Pinhalzinho",20712,56398.18,42002,"Chapecó",4,"Sul",1,"421290",4,20,6,14,3,17,2,0,0,0,0,22,6,14,3,17,7,10.9401921674619,9.93846852143137,0.421268986427318,30
"18868","SC","Pinhalzinho",20712,56398.18,42002,"Chapecó",4,"Sul",1,"421290",5,28,7,21,8,20,0,0,0,0,0,28,7,21,8,20,13,10.9401921674619,9.93846852143137,0.397830506432812,31
"18869","SC","Pinhalzinho",20712,56398.18,42002,"Chapecó",4,"Sul",1,"421290",6,35,5,30,9,26,0,0,0,0,0,35,5,30,9,26,10,10.9401921674619,9.93846852143137,0.389541886042278,30
"18870","SC","Pinhalzinho",20712,56398.18,42002,"Chapecó",4,"Sul",1,"421290",7,29,5,24,13,16,0,0,0,0,0,29,5,24,13,16,8,10.9401921674619,9.93846852143137,0.36610071902571,29
"18871","SC","Pomerode",34010,61648,42012,"Blumenau",4,"Sul",0,"421320",2,41,9,32,12,29,0,0,0,0,0,41,9,32,12,29,20,11.0291960668659,10.4344098780012,0.308282268002684,29
"18872","SC","Pomerode",34010,61648,42012,"Blumenau",4,"Sul",0,"421320",3,67,9,58,18,49,1,0,0,0,0,68,9,58,18,49,22,11.0291960668659,10.4344098780012,0.439200272548988,31
"18873","SC","Pomerode",34010,61648,42012,"Blumenau",4,"Sul",0,"421320",4,42,10,32,14,28,0,0,0,0,0,42,10,32,14,28,16,11.0291960668659,10.4344098780012,0.467701009093441,30
"18874","SC","Pomerode",34010,61648,42012,"Blumenau",4,"Sul",0,"421320",5,22,1,21,4,18,0,0,0,0,0,22,1,21,4,18,15,11.0291960668659,10.4344098780012,0.409311250927361,31
"18875","SC","Pomerode",34010,61648,42012,"Blumenau",4,"Sul",0,"421320",6,38,4,34,10,28,0,0,0,0,0,38,4,34,10,28,13,11.0291960668659,10.4344098780012,0.400841196013605,30
"18876","SC","Pomerode",34010,61648,42012,"Blumenau",4,"Sul",0,"421320",7,45,4,41,10,35,0,0,0,0,0,45,4,41,10,35,18,11.0291960668659,10.4344098780012,0.413750868075315,29
"18877","SC","Ponte Serrada",11634,19642.03,42003,"Xanxerê",4,"Sul",0,"421340",2,16,7,9,7,9,0,0,0,0,0,16,7,9,7,9,4,9.88542693705593,9.36168712447071,0.330392410328573,29
"18878","SC","Ponte Serrada",11634,19642.03,42003,"Xanxerê",4,"Sul",0,"421340",3,25,8,17,11,14,0,0,0,0,0,25,8,17,11,14,8,9.88542693705593,9.36168712447071,0.420234689557943,31
"18879","SC","Ponte Serrada",11634,19642.03,42003,"Xanxerê",4,"Sul",0,"421340",4,14,8,6,6,8,0,0,0,0,0,14,8,6,6,8,3,9.88542693705593,9.36168712447071,0.393947160197796,30
"18880","SC","Ponte Serrada",11634,19642.03,42003,"Xanxerê",4,"Sul",0,"421340",5,12,3,9,6,6,0,0,0,0,0,12,3,9,6,6,10,9.88542693705593,9.36168712447071,0.410908555775754,31
"18881","SC","Ponte Serrada",11634,19642.03,42003,"Xanxerê",4,"Sul",0,"421340",6,9,2,7,2,7,0,0,0,0,0,9,2,7,2,7,11,9.88542693705593,9.36168712447071,0.409008050959224,30
"18882","SC","Ponte Serrada",11634,19642.03,42003,"Xanxerê",4,"Sul",0,"421340",7,25,10,15,17,8,0,0,0,0,0,25,10,15,17,8,4,9.88542693705593,9.36168712447071,0.39370364886545,29
"18883","SC","Porto Belo",21932,56537.87,42013,"Itajaí",4,"Sul",1,"421350",2,43,6,37,14,29,0,0,0,0,0,43,6,37,14,29,14,10.9426659580937,9.99570203652394,0.31049276348038,29
"18884","SC","Porto Belo",21932,56537.87,42013,"Itajaí",4,"Sul",1,"421350",3,51,11,40,20,31,1,0,0,0,0,52,11,40,20,31,15,10.9426659580937,9.99570203652394,0.467940621233015,31
"18885","SC","Porto Belo",21932,56537.87,42013,"Itajaí",4,"Sul",1,"421350",4,32,5,27,15,17,1,0,0,0,0,33,5,27,15,17,11,10.9426659580937,9.99570203652394,0.466355794278321,30
"18886","SC","Porto Belo",21932,56537.87,42013,"Itajaí",4,"Sul",1,"421350",5,14,1,13,7,7,0,0,0,0,0,14,1,13,7,7,16,10.9426659580937,9.99570203652394,0.410261084048173,31
"18887","SC","Porto Belo",21932,56537.87,42013,"Itajaí",4,"Sul",1,"421350",6,33,8,25,11,22,0,0,0,0,0,33,8,25,11,22,9,10.9426659580937,9.99570203652394,0.390787248127099,30
"18888","SC","Porto Belo",21932,56537.87,42013,"Itajaí",4,"Sul",1,"421350",7,39,10,29,12,27,0,0,0,0,0,39,10,29,12,27,15,10.9426659580937,9.99570203652394,0.400451229233603,29
"18889","SC","Porto União",35543,21427.35,42006,"Canoinhas",4,"Sul",1,"421360",2,48,10,38,17,31,0,0,0,0,0,48,10,38,17,31,19,9.97242342239852,10.4784985100764,0.336694463927924,29
"18890","SC","Porto União",35543,21427.35,42006,"Canoinhas",4,"Sul",1,"421360",3,52,12,40,15,37,1,0,0,0,0,53,12,40,15,37,15,9.97242342239852,10.4784985100764,0.431092987792515,31
"18891","SC","Porto União",35543,21427.35,42006,"Canoinhas",4,"Sul",1,"421360",4,33,9,24,18,15,1,0,0,0,0,34,9,24,18,15,19,9.97242342239852,10.4784985100764,0.456923930364159,30
"18892","SC","Porto União",35543,21427.35,42006,"Canoinhas",4,"Sul",1,"421360",5,23,6,17,12,11,1,0,0,0,0,24,6,17,12,11,18,9.97242342239852,10.4784985100764,0.419728321420878,31
"18893","SC","Porto União",35543,21427.35,42006,"Canoinhas",4,"Sul",1,"421360",6,27,3,24,7,20,0,0,0,0,0,27,3,24,7,20,18,9.97242342239852,10.4784985100764,0.418317188184124,30
"18894","SC","Porto União",35543,21427.35,42006,"Canoinhas",4,"Sul",1,"421360",7,26,6,20,10,16,0,0,0,0,0,26,6,20,10,16,24,9.97242342239852,10.4784985100764,0.403188305828369,29
"18895","SC","Pouso Redondo",17712,28157.09,42011,"Rio do Sul",4,"Sul",0,"421370",2,39,16,23,25,14,0,0,0,0,0,39,16,23,25,14,6,10.2455544668641,9.78199765494842,0.292167686241116,29
"18896","SC","Pouso Redondo",17712,28157.09,42011,"Rio do Sul",4,"Sul",0,"421370",3,35,11,24,10,25,0,0,0,0,0,35,11,24,10,25,8,10.2455544668641,9.78199765494842,0.389971139168204,31
"18897","SC","Pouso Redondo",17712,28157.09,42011,"Rio do Sul",4,"Sul",0,"421370",4,21,9,12,5,16,1,0,0,0,0,22,9,12,5,16,9,10.2455544668641,9.78199765494842,0.381684114938097,30
"18898","SC","Pouso Redondo",17712,28157.09,42011,"Rio do Sul",4,"Sul",0,"421370",5,21,7,14,11,10,0,0,0,0,0,21,7,14,11,10,9,10.2455544668641,9.78199765494842,0.351440309906716,31
"18899","SC","Pouso Redondo",17712,28157.09,42011,"Rio do Sul",4,"Sul",0,"421370",6,26,4,22,11,15,1,0,0,0,0,27,4,22,11,15,6,10.2455544668641,9.78199765494842,0.351065614743029,30
"18900","SC","Pouso Redondo",17712,28157.09,42011,"Rio do Sul",4,"Sul",0,"421370",7,22,5,17,6,16,0,0,0,0,0,22,5,17,6,16,10,10.2455544668641,9.78199765494842,0.342294964368247,29
"18901","SC","Praia Grande",7312,21879.04,42020,"Araranguá",4,"Sul",0,"421380",2,12,2,10,7,5,0,0,0,0,0,12,2,10,7,5,5,9.99328437988779,8.89727211313399,0.323458856761138,29
"18902","SC","Praia Grande",7312,21879.04,42020,"Araranguá",4,"Sul",0,"421380",3,16,4,12,4,12,0,0,0,0,0,16,4,12,4,12,6,9.99328437988779,8.89727211313399,0.460119829664315,31
"18903","SC","Praia Grande",7312,21879.04,42020,"Araranguá",4,"Sul",0,"421380",4,10,3,7,3,7,0,0,0,0,0,10,3,7,3,7,3,9.99328437988779,8.89727211313399,0.432479270633092,30
"18904","SC","Praia Grande",7312,21879.04,42020,"Araranguá",4,"Sul",0,"421380",5,11,2,9,1,10,0,0,0,0,0,11,2,9,1,10,2,9.99328437988779,8.89727211313399,0.425017276092099,31
"18905","SC","Praia Grande",7312,21879.04,42020,"Araranguá",4,"Sul",0,"421380",6,5,2,3,1,4,0,0,0,0,0,5,2,3,1,4,4,9.99328437988779,8.89727211313399,0.416432804205616,30
"18906","SC","Praia Grande",7312,21879.04,42020,"Araranguá",4,"Sul",0,"421380",7,9,1,8,2,7,0,0,0,0,0,9,1,8,2,7,6,9.99328437988779,8.89727211313399,0.420835518433805,29
"18907","SC","Presidente Getúlio",17726,41362.31,42011,"Rio do Sul",4,"Sul",0,"421400",2,42,16,26,16,26,0,0,0,0,0,42,16,26,16,26,4,10.6301253586865,9.78278776729834,0.307897014046389,29
"18908","SC","Presidente Getúlio",17726,41362.31,42011,"Rio do Sul",4,"Sul",0,"421400",3,53,10,43,17,36,0,0,0,0,0,53,10,43,17,36,11,10.6301253586865,9.78278776729834,0.420984992184964,31
"18909","SC","Presidente Getúlio",17726,41362.31,42011,"Rio do Sul",4,"Sul",0,"421400",4,24,8,16,7,17,0,0,0,0,0,24,8,16,7,17,8,10.6301253586865,9.78278776729834,0.416447553938084,30
"18910","SC","Presidente Getúlio",17726,41362.31,42011,"Rio do Sul",4,"Sul",0,"421400",5,21,5,16,6,15,0,0,0,0,0,21,5,16,6,15,9,10.6301253586865,9.78278776729834,0.383254255428535,31
"18911","SC","Presidente Getúlio",17726,41362.31,42011,"Rio do Sul",4,"Sul",0,"421400",6,27,6,21,6,21,0,0,0,0,0,27,6,21,6,21,9,10.6301253586865,9.78278776729834,0.360071520985701,30
"18912","SC","Presidente Getúlio",17726,41362.31,42011,"Rio do Sul",4,"Sul",0,"421400",7,25,7,18,12,13,0,0,0,0,0,25,7,18,12,13,10,10.6301253586865,9.78278776729834,0.368642442838192,29
"18913","SC","Quilombo",9829,35457.41,42002,"Chapecó",4,"Sul",0,"421420",2,24,8,16,11,13,0,0,0,0,0,24,8,16,11,13,5,10.4760875369155,9.19309247856663,0.319425130807328,29
"18914","SC","Quilombo",9829,35457.41,42002,"Chapecó",4,"Sul",0,"421420",3,18,4,14,8,10,0,0,0,0,0,18,4,14,8,10,4,10.4760875369155,9.19309247856663,0.372636448967119,31
"18915","SC","Quilombo",9829,35457.41,42002,"Chapecó",4,"Sul",0,"421420",4,15,2,13,5,10,0,0,0,0,0,15,2,13,5,10,3,10.4760875369155,9.19309247856663,0.421338870793797,30
"18916","SC","Quilombo",9829,35457.41,42002,"Chapecó",4,"Sul",0,"421420",5,9,0,9,0,9,0,0,0,0,0,9,0,9,0,9,2,10.4760875369155,9.19309247856663,0.42677810185892,31
"18917","SC","Quilombo",9829,35457.41,42002,"Chapecó",4,"Sul",0,"421420",6,15,2,13,1,14,0,0,0,0,0,15,2,13,1,14,8,10.4760875369155,9.19309247856663,0.418708864059695,30
"18918","SC","Quilombo",9829,35457.41,42002,"Chapecó",4,"Sul",0,"421420",7,15,2,13,7,8,0,0,0,0,0,15,2,13,7,8,8,10.4760875369155,9.19309247856663,0.408729576108246,29
"18919","SC","Rio dos Cedros",11808,28748.91,42012,"Blumenau",4,"Sul",0,"421470",2,6,1,5,2,4,0,0,0,0,0,6,1,5,2,4,3,10.2663551324633,9.37653254684025,0.356559298885972,29
"18920","SC","Rio dos Cedros",11808,28748.91,42012,"Blumenau",4,"Sul",0,"421470",3,9,1,8,4,5,0,0,0,0,0,9,1,8,4,5,3,10.2663551324633,9.37653254684025,0.460519577542617,31
"18921","SC","Rio dos Cedros",11808,28748.91,42012,"Blumenau",4,"Sul",0,"421470",4,1,1,0,0,1,0,0,0,0,0,1,1,0,0,1,11,10.2663551324633,9.37653254684025,0.473789385009934,30
"18922","SC","Rio dos Cedros",11808,28748.91,42012,"Blumenau",4,"Sul",0,"421470",5,1,0,1,0,1,0,0,0,0,0,1,0,1,0,1,5,10.2663551324633,9.37653254684025,0.441189955446561,31
"18923","SC","Rio dos Cedros",11808,28748.91,42012,"Blumenau",4,"Sul",0,"421470",6,1,0,1,1,0,0,0,0,0,0,1,0,1,1,0,4,10.2663551324633,9.37653254684025,0.439248389457938,30
"18924","SC","Rio dos Cedros",11808,28748.91,42012,"Blumenau",4,"Sul",0,"421470",7,2,0,2,1,1,0,0,0,0,0,2,0,2,1,1,11,10.2663551324633,9.37653254684025,0.443634052205801,29
"18925","SC","Rio do Sul",72006,38796.66,42011,"Rio do Sul",4,"Sul",1,"421480",2,135,31,104,52,83,0,0,0,0,0,135,31,104,52,83,31,10.5660894394318,11.1845047278595,0.292461015510513,29
"18926","SC","Rio do Sul",72006,38796.66,42011,"Rio do Sul",4,"Sul",1,"421480",3,127,20,107,46,81,0,0,0,0,0,127,20,107,46,81,27,10.5660894394318,11.1845047278595,0.431162372698961,31
"18927","SC","Rio do Sul",72006,38796.66,42011,"Rio do Sul",4,"Sul",1,"421480",4,73,13,60,25,48,2,0,0,0,0,75,13,60,25,48,30,10.5660894394318,11.1845047278595,0.441401251786697,30
"18928","SC","Rio do Sul",72006,38796.66,42011,"Rio do Sul",4,"Sul",1,"421480",5,79,17,62,20,59,0,0,0,0,0,79,17,62,20,59,32,10.5660894394318,11.1845047278595,0.398276124017317,31
"18929","SC","Rio do Sul",72006,38796.66,42011,"Rio do Sul",4,"Sul",1,"421480",6,69,16,53,22,47,1,0,0,0,0,70,16,53,22,47,24,10.5660894394318,11.1845047278595,0.382733722157823,30
"18930","SC","Rio do Sul",72006,38796.66,42011,"Rio do Sul",4,"Sul",1,"421480",7,84,26,58,24,60,0,0,0,0,0,84,26,58,24,60,31,10.5660894394318,11.1845047278595,0.381020550599099,29
"18931","SC","Rio Negrinho",42495,27502.3,42007,"São Bento do Sul",4,"Sul",1,"421500",2,80,25,55,28,52,0,0,0,0,0,80,25,55,28,52,21,10.222024916521,10.6571417009327,0.32217540355336,29
"18932","SC","Rio Negrinho",42495,27502.3,42007,"São Bento do Sul",4,"Sul",1,"421500",3,74,17,57,30,44,0,0,0,0,0,74,17,57,30,44,17,10.222024916521,10.6571417009327,0.432104903214511,31
"18933","SC","Rio Negrinho",42495,27502.3,42007,"São Bento do Sul",4,"Sul",1,"421500",4,60,19,41,22,38,0,0,0,0,0,60,19,41,22,38,21,10.222024916521,10.6571417009327,0.451773861221772,30
"18934","SC","Rio Negrinho",42495,27502.3,42007,"São Bento do Sul",4,"Sul",1,"421500",5,55,10,45,23,32,0,0,0,0,0,55,10,45,23,32,14,10.222024916521,10.6571417009327,0.410327575197281,31
"18935","SC","Rio Negrinho",42495,27502.3,42007,"São Bento do Sul",4,"Sul",1,"421500",6,49,13,36,15,34,0,0,0,0,0,49,13,36,15,34,21,10.222024916521,10.6571417009327,0.400576142541475,30
"18936","SC","Rio Negrinho",42495,27502.3,42007,"São Bento do Sul",4,"Sul",1,"421500",7,48,13,35,18,30,0,0,0,0,0,48,13,35,18,30,29,10.222024916521,10.6571417009327,0.383323715019611,29
"18937","SC","Rodeio",11600,24814.2,42012,"Blumenau",4,"Sul",0,"421510",2,18,4,14,3,15,0,0,0,0,0,18,4,14,3,15,7,10.1191713489365,9.35876037709446,0.305702691159343,29
"18938","SC","Rodeio",11600,24814.2,42012,"Blumenau",4,"Sul",0,"421510",3,10,0,10,1,9,0,0,0,0,0,10,0,10,1,9,7,10.1191713489365,9.35876037709446,0.429864867199633,31
"18939","SC","Rodeio",11600,24814.2,42012,"Blumenau",4,"Sul",0,"421510",4,12,2,10,5,7,0,0,0,0,0,12,2,10,5,7,3,10.1191713489365,9.35876037709446,0.443999540218217,30
"18940","SC","Rodeio",11600,24814.2,42012,"Blumenau",4,"Sul",0,"421510",5,8,1,7,3,5,0,0,0,0,0,8,1,7,3,5,6,10.1191713489365,9.35876037709446,0.394547830488262,31
"18941","SC","Rodeio",11600,24814.2,42012,"Blumenau",4,"Sul",0,"421510",6,12,2,10,1,11,0,0,0,0,0,12,2,10,1,11,6,10.1191713489365,9.35876037709446,0.402181729397321,30
"18942","SC","Rodeio",11600,24814.2,42012,"Blumenau",4,"Sul",0,"421510",7,8,1,7,1,7,0,0,0,0,0,8,1,7,1,7,10,10.1191713489365,9.35876037709446,0.423728588200778,29
"18943","SC","Sangão",12905,25663.39,42018,"Tubarão",4,"Sul",0,"421545",2,25,9,16,12,13,0,0,0,0,0,25,9,16,12,13,8,10.1528207416805,9.46537011215271,0.320324819965644,29
"18944","SC","Sangão",12905,25663.39,42018,"Tubarão",4,"Sul",0,"421545",3,26,12,14,7,19,0,0,0,0,0,26,12,14,7,19,6,10.1528207416805,9.46537011215271,0.414810235938538,31
"18945","SC","Sangão",12905,25663.39,42018,"Tubarão",4,"Sul",0,"421545",4,14,7,7,8,6,0,0,0,0,0,14,7,7,8,6,5,10.1528207416805,9.46537011215271,0.438752364205999,30
"18946","SC","Sangão",12905,25663.39,42018,"Tubarão",4,"Sul",0,"421545",5,21,11,10,7,14,0,0,0,0,0,21,11,10,7,14,5,10.1528207416805,9.46537011215271,0.382958659903068,31
"18947","SC","Sangão",12905,25663.39,42018,"Tubarão",4,"Sul",0,"421545",6,15,6,9,5,10,0,0,0,0,0,15,6,9,5,10,5,10.1528207416805,9.46537011215271,0.386269359923463,30
"18948","SC","Sangão",12905,25663.39,42018,"Tubarão",4,"Sul",0,"421545",7,16,5,11,6,10,0,0,0,0,0,16,5,11,6,10,9,10.1528207416805,9.46537011215271,0.387525914810707,29
"18949","SC","Santa Cecília",16918,28120.98,42009,"Curitibanos",4,"Sul",1,"421550",2,41,15,26,23,18,0,0,0,0,0,41,15,26,23,18,7,10.2442711959574,9.73613342286396,0.309022677492945,29
"18950","SC","Santa Cecília",16918,28120.98,42009,"Curitibanos",4,"Sul",1,"421550",3,48,19,29,30,18,0,0,0,0,0,48,19,29,30,18,7,10.2442711959574,9.73613342286396,0.398585211160278,31
"18951","SC","Santa Cecília",16918,28120.98,42009,"Curitibanos",4,"Sul",1,"421550",4,24,7,17,13,11,0,0,0,0,0,24,7,17,13,11,11,10.2442711959574,9.73613342286396,0.412021038202589,30
"18952","SC","Santa Cecília",16918,28120.98,42009,"Curitibanos",4,"Sul",1,"421550",5,16,3,13,10,6,0,0,0,0,0,16,3,13,10,6,10,10.2442711959574,9.73613342286396,0.37968842269061,31
"18953","SC","Santa Cecília",16918,28120.98,42009,"Curitibanos",4,"Sul",1,"421550",6,22,9,13,12,10,0,0,0,0,0,22,9,13,12,10,8,10.2442711959574,9.73613342286396,0.393921651526014,30
"18954","SC","Santa Cecília",16918,28120.98,42009,"Curitibanos",4,"Sul",1,"421550",7,21,11,10,11,10,0,0,0,0,0,21,11,10,11,10,13,10.2442711959574,9.73613342286396,0.429072332867472,29
"18955","SC","Santa Rosa do Sul",8378,15931.64,42020,"Araranguá",4,"Sul",0,"421565",2,9,1,8,6,3,0,0,0,0,0,9,1,8,6,3,4,9.6760623480131,9.03336450150698,0.321453957046593,29
"18956","SC","Santa Rosa do Sul",8378,15931.64,42020,"Araranguá",4,"Sul",0,"421565",3,22,5,17,4,18,0,0,0,0,0,22,5,17,4,18,6,9.6760623480131,9.03336450150698,0.454124758067727,31
"18957","SC","Santa Rosa do Sul",8378,15931.64,42020,"Araranguá",4,"Sul",0,"421565",4,12,3,9,4,8,0,0,0,0,0,12,3,9,4,8,4,9.6760623480131,9.03336450150698,0.488839012193275,30
"18958","SC","Santa Rosa do Sul",8378,15931.64,42020,"Araranguá",4,"Sul",0,"421565",5,8,2,6,0,8,0,0,0,0,0,8,2,6,0,8,6,9.6760623480131,9.03336450150698,0.434976145200348,31
"18959","SC","Santa Rosa do Sul",8378,15931.64,42020,"Araranguá",4,"Sul",0,"421565",6,10,1,9,2,8,0,0,0,0,0,10,1,9,2,8,3,9.6760623480131,9.03336450150698,0.413587542491976,30
"18960","SC","Santa Rosa do Sul",8378,15931.64,42020,"Araranguá",4,"Sul",0,"421565",7,16,4,12,5,11,0,0,0,0,0,16,4,12,5,11,11,9.6760623480131,9.03336450150698,0.423667699450669,29
"18961","SC","Santo Amaro da Imperatriz",23579,37065.02,42016,"Florianópolis",4,"Sul",1,"421570",2,58,8,50,19,39,0,0,0,0,0,58,8,50,19,39,8,10.5204289466833,10.068111764371,0.2909596270899,29
"18962","SC","Santo Amaro da Imperatriz",23579,37065.02,42016,"Florianópolis",4,"Sul",1,"421570",3,33,7,26,12,21,0,0,0,0,0,33,7,26,12,21,13,10.5204289466833,10.068111764371,0.41415293906771,31
"18963","SC","Santo Amaro da Imperatriz",23579,37065.02,42016,"Florianópolis",4,"Sul",1,"421570",4,28,6,22,6,22,0,0,0,0,0,28,6,22,6,22,20,10.5204289466833,10.068111764371,0.426338870016736,30
"18964","SC","Santo Amaro da Imperatriz",23579,37065.02,42016,"Florianópolis",4,"Sul",1,"421570",5,29,5,24,5,24,0,0,0,0,0,29,5,24,5,24,12,10.5204289466833,10.068111764371,0.369758306665912,31
"18965","SC","Santo Amaro da Imperatriz",23579,37065.02,42016,"Florianópolis",4,"Sul",1,"421570",6,25,2,23,5,20,0,0,0,0,0,25,2,23,5,20,8,10.5204289466833,10.068111764371,0.366346002688066,30
"18966","SC","Santo Amaro da Imperatriz",23579,37065.02,42016,"Florianópolis",4,"Sul",1,"421570",7,22,6,16,6,16,0,0,0,0,0,22,6,16,6,16,31,10.5204289466833,10.068111764371,0.376780665371836,29
"18967","SC","São Bento do Sul",85421,38266.83,42007,"São Bento do Sul",4,"Sul",1,"421580",2,131,24,107,37,94,2,0,0,0,0,133,24,107,37,94,34,10.5523387424831,11.3553472511872,0.295818602114289,29
"18968","SC","São Bento do Sul",85421,38266.83,42007,"São Bento do Sul",4,"Sul",1,"421580",3,158,27,131,49,109,1,0,0,0,0,159,27,131,49,109,36,10.5523387424831,11.3553472511872,0.427549058973969,31
"18969","SC","São Bento do Sul",85421,38266.83,42007,"São Bento do Sul",4,"Sul",1,"421580",4,106,20,86,41,65,0,0,0,0,0,106,20,86,41,65,47,10.5523387424831,11.3553472511872,0.443972457767852,30
"18970","SC","São Bento do Sul",85421,38266.83,42007,"São Bento do Sul",4,"Sul",1,"421580",5,85,14,71,30,55,1,0,0,0,0,86,14,71,30,55,32,10.5523387424831,11.3553472511872,0.390594756643004,31
"18971","SC","São Bento do Sul",85421,38266.83,42007,"São Bento do Sul",4,"Sul",1,"421580",6,107,17,90,32,75,0,0,0,0,0,107,17,90,32,75,42,10.5523387424831,11.3553472511872,0.380279004828501,30
"18972","SC","São Bento do Sul",85421,38266.83,42007,"São Bento do Sul",4,"Sul",1,"421580",7,74,17,57,25,49,1,0,0,0,0,75,17,57,25,49,38,10.5523387424831,11.3553472511872,0.376683472992312,29
"18973","SC","São Carlos",11369,37942.44,42002,"Chapecó",4,"Sul",0,"421600",2,19,3,16,5,14,0,0,0,0,0,19,3,16,5,14,7,10.5438255534928,9.33864563212911,0.308408909235823,29
"18974","SC","São Carlos",11369,37942.44,42002,"Chapecó",4,"Sul",0,"421600",3,18,4,14,2,16,0,0,0,0,0,18,4,14,2,16,4,10.5438255534928,9.33864563212911,0.450210369637302,31
"18975","SC","São Carlos",11369,37942.44,42002,"Chapecó",4,"Sul",0,"421600",4,9,0,9,3,6,0,0,0,0,0,9,0,9,3,6,7,10.5438255534928,9.33864563212911,0.444687139356874,30
"18976","SC","São Carlos",11369,37942.44,42002,"Chapecó",4,"Sul",0,"421600",5,11,3,8,1,10,1,0,0,0,0,12,3,8,1,10,5,10.5438255534928,9.33864563212911,0.436349770887772,31
"18977","SC","São Carlos",11369,37942.44,42002,"Chapecó",4,"Sul",0,"421600",6,11,2,9,2,9,1,0,0,0,0,12,2,9,2,9,9,10.5438255534928,9.33864563212911,0.431182413887149,30
"18978","SC","São Carlos",11369,37942.44,42002,"Chapecó",4,"Sul",0,"421600",7,15,3,12,5,10,1,0,0,0,0,16,3,12,5,10,5,10.5438255534928,9.33864563212911,0.41174544976319,29
"18979","SC","São Domingos",9434,34612.07,42003,"Xanxerê",4,"Sul",0,"421610",2,17,4,13,5,12,0,0,0,0,0,17,4,13,5,12,7,10.4519577441446,9.15207546384421,0.320408150013754,29
"18980","SC","São Domingos",9434,34612.07,42003,"Xanxerê",4,"Sul",0,"421610",3,15,1,14,4,11,0,0,0,0,0,15,1,14,4,11,5,10.4519577441446,9.15207546384421,0.410949432102181,31
"18981","SC","São Domingos",9434,34612.07,42003,"Xanxerê",4,"Sul",0,"421610",4,11,0,11,2,9,0,0,0,0,0,11,0,11,2,9,3,10.4519577441446,9.15207546384421,0.435217200363734,30
"18982","SC","São Domingos",9434,34612.07,42003,"Xanxerê",4,"Sul",0,"421610",5,9,3,6,3,6,1,0,0,0,0,10,3,6,3,6,5,10.4519577441446,9.15207546384421,0.415770256714259,31
"18983","SC","São Domingos",9434,34612.07,42003,"Xanxerê",4,"Sul",0,"421610",6,14,2,12,5,9,0,0,0,0,0,14,2,12,5,9,3,10.4519577441446,9.15207546384421,0.397212253202711,30
"18984","SC","São Domingos",9434,34612.07,42003,"Xanxerê",4,"Sul",0,"421610",7,14,3,11,5,9,0,0,0,0,0,14,3,11,5,9,5,10.4519577441446,9.15207546384421,0.404899411149739,29
"18985","SC","São Francisco do Sul",53746,80165.53,42008,"Joinville",4,"Sul",1,"421620",2,72,12,60,24,48,0,0,0,0,0,72,12,60,24,48,33,11.2918489009651,10.8920245246161,0.334664558471948,29
"18986","SC","São Francisco do Sul",53746,80165.53,42008,"Joinville",4,"Sul",1,"421620",3,100,21,79,32,68,1,0,0,0,0,101,21,79,32,68,28,11.2918489009651,10.8920245246161,0.446605451913499,31
"18987","SC","São Francisco do Sul",53746,80165.53,42008,"Joinville",4,"Sul",1,"421620",4,50,7,43,18,32,0,0,0,0,0,50,7,43,18,32,25,11.2918489009651,10.8920245246161,0.459920544987743,30
"18988","SC","São Francisco do Sul",53746,80165.53,42008,"Joinville",4,"Sul",1,"421620",5,53,13,40,23,30,0,0,0,0,0,53,13,40,23,30,23,11.2918489009651,10.8920245246161,0.421663472560617,31
"18989","SC","São Francisco do Sul",53746,80165.53,42008,"Joinville",4,"Sul",1,"421620",6,60,9,51,26,34,0,0,0,0,0,60,9,51,26,34,28,11.2918489009651,10.8920245246161,0.413875234875007,30
"18990","SC","São Francisco do Sul",53746,80165.53,42008,"Joinville",4,"Sul",1,"421620",7,53,8,45,20,33,0,0,0,0,0,53,8,45,20,33,31,11.2918489009651,10.8920245246161,0.438414304661906,29
"18991","SC","São João Batista",38583,24798.96,42015,"Tijucas",4,"Sul",1,"421630",2,63,17,46,19,44,1,0,0,0,0,64,17,46,19,44,9,10.1185569957899,10.5605670439342,0.317029493939353,29
"18992","SC","São João Batista",38583,24798.96,42015,"Tijucas",4,"Sul",1,"421630",3,61,15,46,25,36,1,0,0,0,0,62,15,46,25,36,10,10.1185569957899,10.5605670439342,0.431359171814829,31
"18993","SC","São João Batista",38583,24798.96,42015,"Tijucas",4,"Sul",1,"421630",4,33,13,20,13,20,0,0,0,0,0,33,13,20,13,20,17,10.1185569957899,10.5605670439342,0.44007850618871,30
"18994","SC","São João Batista",38583,24798.96,42015,"Tijucas",4,"Sul",1,"421630",5,49,22,27,22,27,1,0,0,0,0,50,22,27,22,27,9,10.1185569957899,10.5605670439342,0.397730921468408,31
"18995","SC","São João Batista",38583,24798.96,42015,"Tijucas",4,"Sul",1,"421630",6,28,8,20,13,15,0,0,0,0,0,28,8,20,13,15,15,10.1185569957899,10.5605670439342,0.390375766978113,30
"18996","SC","São João Batista",38583,24798.96,42015,"Tijucas",4,"Sul",1,"421630",7,31,9,22,14,17,0,0,0,0,0,31,9,22,14,17,23,10.1185569957899,10.5605670439342,0.392637285778168,29
"18997","SC","São Joaquim",27139,27919.27,42010,"Campos de Lages",4,"Sul",0,"421650",2,68,13,55,29,39,0,0,0,0,0,68,13,55,29,39,16,10.2370724104027,10.2087270867262,0.337522748204747,29
"18998","SC","São Joaquim",27139,27919.27,42010,"Campos de Lages",4,"Sul",0,"421650",3,73,24,49,35,38,1,0,0,0,0,74,24,49,35,38,17,10.2370724104027,10.2087270867262,0.412052491162251,31
"18999","SC","São Joaquim",27139,27919.27,42010,"Campos de Lages",4,"Sul",0,"421650",4,27,8,19,10,17,0,0,0,0,0,27,8,19,10,17,18,10.2370724104027,10.2087270867262,0.426829897439489,30
"19000","SC","São Joaquim",27139,27919.27,42010,"Campos de Lages",4,"Sul",0,"421650",5,28,13,15,12,16,0,0,0,0,0,28,13,15,12,16,19,10.2370724104027,10.2087270867262,0.430102359788772,31
"19001","SC","São Joaquim",27139,27919.27,42010,"Campos de Lages",4,"Sul",0,"421650",6,19,10,9,7,12,0,0,0,0,0,19,10,9,7,12,18,10.2370724104027,10.2087270867262,0.41111288650707,30
"19002","SC","São Joaquim",27139,27919.27,42010,"Campos de Lages",4,"Sul",0,"421650",7,30,13,17,14,16,0,0,0,0,0,30,13,17,14,16,18,10.2370724104027,10.2087270867262,0.429093345247437,29
"19003","SC","São José",250181,43665.31,42016,"Florianópolis",4,"Sul",1,"421660",2,458,83,375,139,319,5,0,0,0,0,463,83,375,139,319,96,10.6843092443302,12.4299399348828,0.290512419339993,29
"19004","SC","São José",250181,43665.31,42016,"Florianópolis",4,"Sul",1,"421660",3,350,68,282,117,233,1,0,0,0,0,351,68,282,117,233,115,10.6843092443302,12.4299399348828,0.442182904868785,31
"19005","SC","São José",250181,43665.31,42016,"Florianópolis",4,"Sul",1,"421660",4,265,58,207,83,182,0,0,0,0,0,265,58,207,83,182,118,10.6843092443302,12.4299399348828,0.47507948068751,30
"19006","SC","São José",250181,43665.31,42016,"Florianópolis",4,"Sul",1,"421660",5,286,49,237,91,195,0,0,0,0,0,286,49,237,91,195,103,10.6843092443302,12.4299399348828,0.405795622414454,31
"19007","SC","São José",250181,43665.31,42016,"Florianópolis",4,"Sul",1,"421660",6,262,55,207,81,181,1,0,0,0,0,263,55,207,81,181,115,10.6843092443302,12.4299399348828,0.386500293869512,30
"19008","SC","São José",250181,43665.31,42016,"Florianópolis",4,"Sul",1,"421660",7,276,33,243,66,210,2,0,0,0,0,278,33,243,66,210,160,10.6843092443302,12.4299399348828,0.399945366493244,29
"19009","SC","São José do Cedro",13820,29589.39,42001,"São Miguel do Oeste",4,"Sul",0,"421670",2,24,7,17,2,22,0,0,0,0,0,24,7,17,2,22,6,10.2951711301091,9.53387209732166,0.317961782630841,29
"19010","SC","São José do Cedro",13820,29589.39,42001,"São Miguel do Oeste",4,"Sul",0,"421670",3,28,7,21,6,22,0,0,0,0,0,28,7,21,6,22,8,10.2951711301091,9.53387209732166,0.434948650626896,31
"19011","SC","São José do Cedro",13820,29589.39,42001,"São Miguel do Oeste",4,"Sul",0,"421670",4,16,2,14,4,12,0,0,0,0,0,16,2,14,4,12,5,10.2951711301091,9.53387209732166,0.423834327557366,30
"19012","SC","São José do Cedro",13820,29589.39,42001,"São Miguel do Oeste",4,"Sul",0,"421670",5,14,1,13,5,9,0,0,0,0,0,14,1,13,5,9,7,10.2951711301091,9.53387209732166,0.416577966263066,31
"19013","SC","São José do Cedro",13820,29589.39,42001,"São Miguel do Oeste",4,"Sul",0,"421670",6,17,6,11,2,15,0,0,0,0,0,17,6,11,2,15,8,10.2951711301091,9.53387209732166,0.410351413027899,30
"19014","SC","São José do Cedro",13820,29589.39,42001,"São Miguel do Oeste",4,"Sul",0,"421670",7,8,2,6,2,6,0,0,0,0,0,8,2,6,2,6,8,10.2951711301091,9.53387209732166,0.395823087332105,29
"19015","SC","São Lourenço do Oeste",24291,40274.72,42002,"Chapecó",4,"Sul",0,"421690",2,31,7,24,5,26,0,0,0,0,0,31,7,24,5,26,5,10.6034792558174,10.0978611903542,0.278032121539128,29
"19016","SC","São Lourenço do Oeste",24291,40274.72,42002,"Chapecó",4,"Sul",0,"421690",3,22,1,21,5,17,0,0,0,0,0,22,1,21,5,17,0,10.6034792558174,10.0978611903542,0.382681141947478,31
"19017","SC","São Lourenço do Oeste",24291,40274.72,42002,"Chapecó",4,"Sul",0,"421690",4,28,4,24,6,22,0,0,0,0,0,28,4,24,6,22,2,10.6034792558174,10.0978611903542,0.403972013509778,30
"19018","SC","São Lourenço do Oeste",24291,40274.72,42002,"Chapecó",4,"Sul",0,"421690",5,29,4,25,7,22,0,0,0,0,0,29,4,25,7,22,3,10.6034792558174,10.0978611903542,0.386523241295905,31
"19019","SC","São Lourenço do Oeste",24291,40274.72,42002,"Chapecó",4,"Sul",0,"421690",6,33,6,27,8,25,0,0,0,0,0,33,6,27,8,25,10,10.6034792558174,10.0978611903542,0.383858836573785,30
"19020","SC","São Lourenço do Oeste",24291,40274.72,42002,"Chapecó",4,"Sul",0,"421690",7,28,6,22,13,15,0,0,0,0,0,28,6,22,13,15,4,10.6034792558174,10.0978611903542,0.359542836521709,29
"19021","SC","São Ludgero",13650,48336.52,42018,"Tubarão",4,"Sul",0,"421700",2,16,4,12,2,14,0,0,0,0,0,16,4,12,2,14,3,10.7859426615957,9.52149480061311,0.339201087420144,29
"19022","SC","São Ludgero",13650,48336.52,42018,"Tubarão",4,"Sul",0,"421700",3,34,9,25,9,25,0,0,0,0,0,34,9,25,9,25,5,10.7859426615957,9.52149480061311,0.424621406362547,31
"19023","SC","São Ludgero",13650,48336.52,42018,"Tubarão",4,"Sul",0,"421700",4,12,5,7,4,8,0,0,0,0,0,12,5,7,4,8,4,10.7859426615957,9.52149480061311,0.441939685188825,30
"19024","SC","São Ludgero",13650,48336.52,42018,"Tubarão",4,"Sul",0,"421700",5,11,2,9,3,8,0,0,0,0,0,11,2,9,3,8,1,10.7859426615957,9.52149480061311,0.402137966705793,31
"19025","SC","São Ludgero",13650,48336.52,42018,"Tubarão",4,"Sul",0,"421700",6,17,3,14,6,11,0,0,0,0,0,17,3,14,6,11,2,10.7859426615957,9.52149480061311,0.410054902426246,30
"19026","SC","São Ludgero",13650,48336.52,42018,"Tubarão",4,"Sul",0,"421700",7,18,2,16,8,10,0,0,0,0,0,18,2,16,8,10,4,10.7859426615957,9.52149480061311,0.417683930144266,29
"19027","SC","São Miguel do Oeste",40868,37963.89,42001,"São Miguel do Oeste",4,"Sul",1,"421720",2,75,15,60,15,60,0,0,0,0,0,75,15,60,15,60,20,10.5443907237644,10.6181026397113,0.30510992315794,29
"19028","SC","São Miguel do Oeste",40868,37963.89,42001,"São Miguel do Oeste",4,"Sul",1,"421720",3,85,11,74,20,65,1,0,0,0,0,86,11,74,20,65,17,10.5443907237644,10.6181026397113,0.43019168802602,31
"19029","SC","São Miguel do Oeste",40868,37963.89,42001,"São Miguel do Oeste",4,"Sul",1,"421720",4,53,15,38,15,38,1,0,0,0,0,54,15,38,15,38,22,10.5443907237644,10.6181026397113,0.437212497490036,30
"19030","SC","São Miguel do Oeste",40868,37963.89,42001,"São Miguel do Oeste",4,"Sul",1,"421720",5,46,12,34,15,31,0,0,0,0,0,46,12,34,15,31,23,10.5443907237644,10.6181026397113,0.398749686099422,31
"19031","SC","São Miguel do Oeste",40868,37963.89,42001,"São Miguel do Oeste",4,"Sul",1,"421720",6,39,6,33,11,28,1,0,0,0,0,40,6,33,11,28,17,10.5443907237644,10.6181026397113,0.378629255076885,30
"19032","SC","São Miguel do Oeste",40868,37963.89,42001,"São Miguel do Oeste",4,"Sul",1,"421720",7,42,5,37,13,29,0,0,0,0,0,42,5,37,13,29,18,10.5443907237644,10.6181026397113,0.364580050479853,29
"19033","SC","São Pedro de Alcântara",5935,14164.08,42016,"Florianópolis",4,"Sul",1,"421725",2,4,0,4,2,2,0,0,0,0,0,4,0,4,2,2,2,9.55846446133784,8.68862230704377,0.322855228194517,29
"19034","SC","São Pedro de Alcântara",5935,14164.08,42016,"Florianópolis",4,"Sul",1,"421725",3,3,0,3,0,3,0,0,0,0,0,3,0,3,0,3,2,9.55846446133784,8.68862230704377,0.437691088515625,31
"19035","SC","São Pedro de Alcântara",5935,14164.08,42016,"Florianópolis",4,"Sul",1,"421725",4,4,1,3,0,4,0,0,0,0,0,4,1,3,0,4,5,9.55846446133784,8.68862230704377,0.471586982460413,30
"19036","SC","São Pedro de Alcântara",5935,14164.08,42016,"Florianópolis",4,"Sul",1,"421725",5,1,0,1,0,1,0,0,0,0,0,1,0,1,0,1,4,9.55846446133784,8.68862230704377,0.42139088545807,31
"19037","SC","São Pedro de Alcântara",5935,14164.08,42016,"Florianópolis",4,"Sul",1,"421725",6,4,1,3,0,4,0,0,0,0,0,4,1,3,0,4,1,9.55846446133784,8.68862230704377,0.422028103430625,30
"19038","SC","São Pedro de Alcântara",5935,14164.08,42016,"Florianópolis",4,"Sul",1,"421725",7,4,0,4,0,4,0,0,0,0,0,4,0,4,0,4,5,9.55846446133784,8.68862230704377,0.436789641863286,29
"19039","SC","Schroeder",21991,24106.03,42008,"Joinville",4,"Sul",1,"421740",2,35,7,28,11,24,0,0,0,0,0,35,7,28,11,24,6,10.090217295651,9.99838855773085,0.32263061520997,29
"19040","SC","Schroeder",21991,24106.03,42008,"Joinville",4,"Sul",1,"421740",3,35,6,29,7,28,0,0,0,0,0,35,6,29,7,28,5,10.090217295651,9.99838855773085,0.448092021446535,31
"19041","SC","Schroeder",21991,24106.03,42008,"Joinville",4,"Sul",1,"421740",4,22,2,20,6,16,0,0,0,0,0,22,2,20,6,16,5,10.090217295651,9.99838855773085,0.445759006083347,30
"19042","SC","Schroeder",21991,24106.03,42008,"Joinville",4,"Sul",1,"421740",5,36,8,28,14,22,0,0,0,0,0,36,8,28,14,22,9,10.090217295651,9.99838855773085,0.407367855706025,31
"19043","SC","Schroeder",21991,24106.03,42008,"Joinville",4,"Sul",1,"421740",6,18,4,14,4,14,0,0,0,0,0,18,4,14,4,14,8,10.090217295651,9.99838855773085,0.3946652740187,30
"19044","SC","Schroeder",21991,24106.03,42008,"Joinville",4,"Sul",1,"421740",7,20,6,14,6,14,0,0,0,0,0,20,6,14,6,14,13,10.090217295651,9.99838855773085,0.397047164945224,29
"19045","SC","Seara",17576,45693.62,42005,"Concórdia",4,"Sul",0,"421750",2,20,4,16,8,12,0,0,0,0,0,20,4,16,8,12,7,10.7297139610095,9.77428961406445,0.324410528574639,29
"19046","SC","Seara",17576,45693.62,42005,"Concórdia",4,"Sul",0,"421750",3,30,8,22,10,20,1,0,0,0,0,31,8,22,10,20,12,10.7297139610095,9.77428961406445,0.426255953305955,31
"19047","SC","Seara",17576,45693.62,42005,"Concórdia",4,"Sul",0,"421750",4,24,6,18,9,15,0,0,0,0,0,24,6,18,9,15,4,10.7297139610095,9.77428961406445,0.440235503024483,30
"19048","SC","Seara",17576,45693.62,42005,"Concórdia",4,"Sul",0,"421750",5,12,5,7,4,8,1,0,0,0,0,13,5,7,4,8,8,10.7297139610095,9.77428961406445,0.443679611629852,31
"19049","SC","Seara",17576,45693.62,42005,"Concórdia",4,"Sul",0,"421750",6,10,2,8,4,6,1,0,0,0,0,11,2,8,4,6,6,10.7297139610095,9.77428961406445,0.415010836959914,30
"19050","SC","Seara",17576,45693.62,42005,"Concórdia",4,"Sul",0,"421750",7,21,1,20,5,16,0,0,0,0,0,21,1,20,5,16,11,10.7297139610095,9.77428961406445,0.416157975888598,29
"19051","SC","Siderópolis",14092,33528.51,42019,"Criciúma",4,"Sul",1,"421760",2,14,1,13,3,11,0,0,0,0,0,14,1,13,3,11,5,10.420151400656,9.55336253946113,0.312260006918809,29
"19052","SC","Siderópolis",14092,33528.51,42019,"Criciúma",4,"Sul",1,"421760",3,27,6,21,8,19,0,0,0,0,0,27,6,21,8,19,8,10.420151400656,9.55336253946113,0.436948688516178,31
"19053","SC","Siderópolis",14092,33528.51,42019,"Criciúma",4,"Sul",1,"421760",4,12,2,10,2,10,0,0,0,0,0,12,2,10,2,10,7,10.420151400656,9.55336253946113,0.457920907186089,30
"19054","SC","Siderópolis",14092,33528.51,42019,"Criciúma",4,"Sul",1,"421760",5,24,5,19,15,9,0,0,0,0,0,24,5,19,15,9,8,10.420151400656,9.55336253946113,0.39638180283545,31
"19055","SC","Siderópolis",14092,33528.51,42019,"Criciúma",4,"Sul",1,"421760",6,10,4,6,4,6,0,0,0,0,0,10,4,6,4,6,5,10.420151400656,9.55336253946113,0.362797859981834,30
"19056","SC","Siderópolis",14092,33528.51,42019,"Criciúma",4,"Sul",1,"421760",7,14,2,12,6,8,0,0,0,0,0,14,2,12,6,8,13,10.420151400656,9.55336253946113,0.402833556893809,29
"19057","SC","Sombrio",30733,26167.72,42020,"Araranguá",4,"Sul",0,"421770",2,55,18,37,14,41,0,0,0,0,0,55,18,37,14,41,11,10.1722818690693,10.3330922748308,0.296940659648685,29
"19058","SC","Sombrio",30733,26167.72,42020,"Araranguá",4,"Sul",0,"421770",3,51,16,35,17,34,0,0,0,0,0,51,16,35,17,34,12,10.1722818690693,10.3330922748308,0.428161090570708,31
"19059","SC","Sombrio",30733,26167.72,42020,"Araranguá",4,"Sul",0,"421770",4,34,7,27,12,22,0,0,0,0,0,34,7,27,12,22,16,10.1722818690693,10.3330922748308,0.440648980763333,30
"19060","SC","Sombrio",30733,26167.72,42020,"Araranguá",4,"Sul",0,"421770",5,31,10,21,11,20,0,0,0,0,0,31,10,21,11,20,16,10.1722818690693,10.3330922748308,0.392468291258986,31
"19061","SC","Sombrio",30733,26167.72,42020,"Araranguá",4,"Sul",0,"421770",6,47,8,39,13,34,0,0,0,0,0,47,8,39,13,34,18,10.1722818690693,10.3330922748308,0.382852778535538,30
"19062","SC","Sombrio",30733,26167.72,42020,"Araranguá",4,"Sul",0,"421770",7,42,8,34,16,26,0,0,0,0,0,42,8,34,16,26,17,10.1722818690693,10.3330922748308,0.387670754949804,29
"19063","SC","Taió",18486,32781.05,42011,"Rio do Sul",4,"Sul",0,"421780",2,23,5,18,9,14,0,0,0,0,0,23,5,18,9,14,12,10.3976058835115,9.82476896782472,0.296061791020128,29
"19064","SC","Taió",18486,32781.05,42011,"Rio do Sul",4,"Sul",0,"421780",3,21,5,16,6,15,0,0,0,0,0,21,5,16,6,15,12,10.3976058835115,9.82476896782472,0.410700174352379,31
"19065","SC","Taió",18486,32781.05,42011,"Rio do Sul",4,"Sul",0,"421780",4,16,5,11,3,13,1,0,0,0,0,17,5,11,3,13,8,10.3976058835115,9.82476896782472,0.400817934431632,30
"19066","SC","Taió",18486,32781.05,42011,"Rio do Sul",4,"Sul",0,"421780",5,19,4,15,9,10,0,0,0,0,0,19,4,15,9,10,7,10.3976058835115,9.82476896782472,0.390014369053785,31
"19067","SC","Taió",18486,32781.05,42011,"Rio do Sul",4,"Sul",0,"421780",6,19,5,14,6,13,0,0,0,0,0,19,5,14,6,13,10,10.3976058835115,9.82476896782472,0.37978488308519,30
"19068","SC","Taió",18486,32781.05,42011,"Rio do Sul",4,"Sul",0,"421780",7,20,5,15,7,13,0,0,0,0,0,20,5,15,7,13,15,10.3976058835115,9.82476896782472,0.387202888890999,29
"19069","SC","Tangará",8662,47114.19,42004,"Joaçaba",4,"Sul",0,"421790",2,12,7,5,5,7,0,0,0,0,0,12,7,5,5,7,6,10.760329508516,9.06670092177457,0.350560003817886,29
"19070","SC","Tangará",8662,47114.19,42004,"Joaçaba",4,"Sul",0,"421790",3,12,2,10,2,10,0,0,0,0,0,12,2,10,2,10,5,10.760329508516,9.06670092177457,0.423697119395609,31
"19071","SC","Tangará",8662,47114.19,42004,"Joaçaba",4,"Sul",0,"421790",4,12,5,7,1,11,0,0,0,0,0,12,5,7,1,11,5,10.760329508516,9.06670092177457,0.425591144344122,30
"19072","SC","Tangará",8662,47114.19,42004,"Joaçaba",4,"Sul",0,"421790",5,7,3,4,2,5,0,0,0,0,0,7,3,4,2,5,3,10.760329508516,9.06670092177457,0.404279676051248,31
"19073","SC","Tangará",8662,47114.19,42004,"Joaçaba",4,"Sul",0,"421790",6,7,1,6,0,7,1,0,0,0,0,8,1,6,0,7,6,10.760329508516,9.06670092177457,0.397263457867635,30
"19074","SC","Tangará",8662,47114.19,42004,"Joaçaba",4,"Sul",0,"421790",7,14,3,11,5,9,0,0,0,0,0,14,3,11,5,9,11,10.760329508516,9.06670092177457,0.420504287789623,29
"19075","SC","Tijucas",39155,40901.83,42015,"Tijucas",4,"Sul",1,"421800",2,87,18,69,33,54,0,0,0,0,0,87,18,69,33,54,14,10.6189300843062,10.575283407185,0.306227936409619,29
"19076","SC","Tijucas",39155,40901.83,42015,"Tijucas",4,"Sul",1,"421800",3,88,24,64,36,52,1,0,0,0,0,89,24,64,36,52,16,10.6189300843062,10.575283407185,0.433427648194983,31
"19077","SC","Tijucas",39155,40901.83,42015,"Tijucas",4,"Sul",1,"421800",4,65,11,54,23,42,0,0,0,0,0,65,11,54,23,42,23,10.6189300843062,10.575283407185,0.435898460768905,30
"19078","SC","Tijucas",39155,40901.83,42015,"Tijucas",4,"Sul",1,"421800",5,48,8,40,19,29,2,0,0,0,0,50,8,40,19,29,21,10.6189300843062,10.575283407185,0.390034428303655,31
"19079","SC","Tijucas",39155,40901.83,42015,"Tijucas",4,"Sul",1,"421800",6,62,15,47,13,49,0,0,0,0,0,62,15,47,13,49,21,10.6189300843062,10.575283407185,0.376676675073145,30
"19080","SC","Tijucas",39155,40901.83,42015,"Tijucas",4,"Sul",1,"421800",7,54,13,41,24,30,0,0,0,0,0,54,13,41,24,30,26,10.6189300843062,10.575283407185,0.379185313072532,29
"19081","SC","Timbó",44977,42748.35,42012,"Blumenau",4,"Sul",1,"421820",2,39,2,37,10,29,1,0,0,0,0,40,2,37,10,29,16,10.6630858771288,10.7139065269795,0.307349492455853,29
"19082","SC","Timbó",44977,42748.35,42012,"Blumenau",4,"Sul",1,"421820",3,33,5,28,5,28,0,0,0,0,0,33,5,28,5,28,14,10.6630858771288,10.7139065269795,0.438261859477839,31
"19083","SC","Timbó",44977,42748.35,42012,"Blumenau",4,"Sul",1,"421820",4,19,2,17,3,16,1,0,0,0,0,20,2,17,3,16,17,10.6630858771288,10.7139065269795,0.453350093605911,30
"19084","SC","Timbó",44977,42748.35,42012,"Blumenau",4,"Sul",1,"421820",5,7,0,7,2,5,0,0,0,0,0,7,0,7,2,5,21,10.6630858771288,10.7139065269795,0.402384668089553,31
"19085","SC","Timbó",44977,42748.35,42012,"Blumenau",4,"Sul",1,"421820",6,14,1,13,0,14,2,0,0,0,0,16,1,13,0,14,20,10.6630858771288,10.7139065269795,0.378137223365983,30
"19086","SC","Timbó",44977,42748.35,42012,"Blumenau",4,"Sul",1,"421820",7,21,4,17,6,15,0,0,0,0,0,21,4,17,6,15,24,10.6630858771288,10.7139065269795,0.392210934473502,29
"19087","SC","Três Barras",19366,58050.25,42006,"Canoinhas",4,"Sul",0,"421830",2,44,15,29,25,19,0,0,0,0,0,44,15,29,25,19,8,10.969064293749,9.87127423017148,0.314759212746357,29
"19088","SC","Três Barras",19366,58050.25,42006,"Canoinhas",4,"Sul",0,"421830",3,56,17,39,26,30,0,0,0,0,0,56,17,39,26,30,14,10.969064293749,9.87127423017148,0.433134855365996,31
"19089","SC","Três Barras",19366,58050.25,42006,"Canoinhas",4,"Sul",0,"421830",4,30,7,23,15,15,1,0,0,0,0,31,7,23,15,15,10,10.969064293749,9.87127423017148,0.459812188299995,30
"19090","SC","Três Barras",19366,58050.25,42006,"Canoinhas",4,"Sul",0,"421830",5,25,4,21,13,12,0,0,0,0,0,25,4,21,13,12,10,10.969064293749,9.87127423017148,0.415279943030162,31
"19091","SC","Três Barras",19366,58050.25,42006,"Canoinhas",4,"Sul",0,"421830",6,29,5,24,11,18,0,0,0,0,0,29,5,24,11,18,10,10.969064293749,9.87127423017148,0.406152429094298,30
"19092","SC","Três Barras",19366,58050.25,42006,"Canoinhas",4,"Sul",0,"421830",7,33,8,25,20,13,0,0,0,0,0,33,8,25,20,13,11,10.969064293749,9.87127423017148,0.373427557279319,29
"19093","SC","Treze Tílias",7991,79760.98,42004,"Joaçaba",4,"Sul",0,"421850",2,31,4,27,10,21,1,0,0,0,0,32,4,27,10,21,1,11.2867896914208,8.98607118737446,0.286437231341367,29
"19094","SC","Treze Tílias",7991,79760.98,42004,"Joaçaba",4,"Sul",0,"421850",3,26,1,25,12,14,0,0,0,0,0,26,1,25,12,14,5,11.2867896914208,8.98607118737446,0.389555831450698,31
"19095","SC","Treze Tílias",7991,79760.98,42004,"Joaçaba",4,"Sul",0,"421850",4,10,2,8,3,7,0,0,0,0,0,10,2,8,3,7,1,11.2867896914208,8.98607118737446,0.361783346465478,30
"19096","SC","Treze Tílias",7991,79760.98,42004,"Joaçaba",4,"Sul",0,"421850",5,13,6,7,5,8,0,0,0,0,0,13,6,7,5,8,3,11.2867896914208,8.98607118737446,0.343116888285597,31
"19097","SC","Treze Tílias",7991,79760.98,42004,"Joaçaba",4,"Sul",0,"421850",6,9,0,9,1,8,1,0,0,0,0,10,0,9,1,8,3,11.2867896914208,8.98607118737446,0.354896663805222,30
"19098","SC","Treze Tílias",7991,79760.98,42004,"Joaçaba",4,"Sul",0,"421850",7,11,3,8,1,10,0,0,0,0,0,11,3,8,1,10,3,11.2867896914208,8.98607118737446,0.357543551869456,29
"19099","SC","Trombudo Central",7434,34907.81,42011,"Rio do Sul",4,"Sul",0,"421860",2,14,5,9,4,10,0,0,0,0,0,14,5,9,4,10,7,10.46046586539,8.9138193508572,0.321339021905706,29
"19100","SC","Trombudo Central",7434,34907.81,42011,"Rio do Sul",4,"Sul",0,"421860",3,14,2,12,7,7,0,0,0,0,0,14,2,12,7,7,2,10.46046586539,8.9138193508572,0.462359347570663,31
"19101","SC","Trombudo Central",7434,34907.81,42011,"Rio do Sul",4,"Sul",0,"421860",4,10,2,8,5,5,0,0,0,0,0,10,2,8,5,5,3,10.46046586539,8.9138193508572,0.47793129925083,30
"19102","SC","Trombudo Central",7434,34907.81,42011,"Rio do Sul",4,"Sul",0,"421860",5,5,2,3,2,3,0,0,0,0,0,5,2,3,2,3,6,10.46046586539,8.9138193508572,0.416648442609982,31
"19103","SC","Trombudo Central",7434,34907.81,42011,"Rio do Sul",4,"Sul",0,"421860",6,6,4,2,5,1,0,0,0,0,0,6,4,2,5,1,7,10.46046586539,8.9138193508572,0.380048639425419,30
"19104","SC","Trombudo Central",7434,34907.81,42011,"Rio do Sul",4,"Sul",0,"421860",7,7,2,5,0,7,1,0,0,0,0,8,2,5,0,7,5,10.46046586539,8.9138193508572,0.400811306440115,29
"19105","SC","Tubarão",106422,35655.22,42018,"Tubarão",4,"Sul",1,"421870",2,193,27,166,38,155,0,0,0,0,0,193,27,166,38,155,55,10.481650838686,11.5751676014336,0.305125020706296,29
"19106","SC","Tubarão",106422,35655.22,42018,"Tubarão",4,"Sul",1,"421870",3,160,17,143,42,118,0,0,0,0,0,160,17,143,42,118,56,10.481650838686,11.5751676014336,0.449019269856437,31
"19107","SC","Tubarão",106422,35655.22,42018,"Tubarão",4,"Sul",1,"421870",4,100,17,83,26,74,2,0,0,0,0,102,17,83,26,74,48,10.481650838686,11.5751676014336,0.457731876804747,30
"19108","SC","Tubarão",106422,35655.22,42018,"Tubarão",4,"Sul",1,"421870",5,124,22,102,38,86,0,0,0,0,0,124,22,102,38,86,47,10.481650838686,11.5751676014336,0.396472689966025,31
"19109","SC","Tubarão",106422,35655.22,42018,"Tubarão",4,"Sul",1,"421870",6,147,28,119,38,109,0,0,0,0,0,147,28,119,38,109,41,10.481650838686,11.5751676014336,0.38165233955763,30
"19110","SC","Tubarão",106422,35655.22,42018,"Tubarão",4,"Sul",1,"421870",7,119,22,97,31,88,0,0,0,0,0,119,22,97,31,88,101,10.481650838686,11.5751676014336,0.413598082760435,29
"19111","SC","Turvo",12990,42026.53,42020,"Araranguá",4,"Sul",0,"421880",2,21,2,19,7,14,0,0,0,0,0,21,2,19,7,14,3,10.6460563645148,9.47193510966465,0.306006406386488,29
"19112","SC","Turvo",12990,42026.53,42020,"Araranguá",4,"Sul",0,"421880",3,16,3,13,6,10,0,0,0,0,0,16,3,13,6,10,7,10.6460563645148,9.47193510966465,0.383523504253473,31
"19113","SC","Turvo",12990,42026.53,42020,"Araranguá",4,"Sul",0,"421880",4,10,3,7,3,7,0,0,0,0,0,10,3,7,3,7,5,10.6460563645148,9.47193510966465,0.400423846169491,30
"19114","SC","Turvo",12990,42026.53,42020,"Araranguá",4,"Sul",0,"421880",5,18,3,15,4,14,1,0,0,0,0,19,3,15,4,14,5,10.6460563645148,9.47193510966465,0.362787715662128,31
"19115","SC","Turvo",12990,42026.53,42020,"Araranguá",4,"Sul",0,"421880",6,15,5,10,3,12,0,0,0,0,0,15,5,10,3,12,6,10.6460563645148,9.47193510966465,0.373905903544486,30
"19116","SC","Turvo",12990,42026.53,42020,"Araranguá",4,"Sul",0,"421880",7,19,4,15,9,10,0,0,0,0,0,19,4,15,9,10,12,10.6460563645148,9.47193510966465,0.380863956203495,29
"19117","SC","Urussanga",21344,39438.25,42019,"Criciúma",4,"Sul",1,"421900",2,28,6,22,8,20,0,0,0,0,0,28,6,22,8,20,10,10.5824914365354,9.96852594871535,0.302336943661819,29
"19118","SC","Urussanga",21344,39438.25,42019,"Criciúma",4,"Sul",1,"421900",3,28,5,23,5,23,0,0,0,0,0,28,5,23,5,23,14,10.5824914365354,9.96852594871535,0.445353941956979,31
"19119","SC","Urussanga",21344,39438.25,42019,"Criciúma",4,"Sul",1,"421900",4,15,3,12,4,11,1,0,0,0,0,16,3,12,4,11,15,10.5824914365354,9.96852594871535,0.456353035781903,30
"19120","SC","Urussanga",21344,39438.25,42019,"Criciúma",4,"Sul",1,"421900",5,23,3,20,6,17,0,0,0,0,0,23,3,20,6,17,12,10.5824914365354,9.96852594871535,0.400334600228143,31
"19121","SC","Urussanga",21344,39438.25,42019,"Criciúma",4,"Sul",1,"421900",6,16,2,14,3,13,0,0,0,0,0,16,2,14,3,13,13,10.5824914365354,9.96852594871535,0.384849164925145,30
"19122","SC","Urussanga",21344,39438.25,42019,"Criciúma",4,"Sul",1,"421900",7,14,0,14,4,10,0,0,0,0,0,14,0,14,4,10,13,10.5824914365354,9.96852594871535,0.39377812414629,29
"19123","SC","Videira",53610,46236.23,42004,"Joaçaba",4,"Sul",1,"421930",2,120,26,94,43,77,1,0,0,0,0,121,26,94,43,77,27,10.7415189688805,10.8894908968216,0.332516200652697,29
"19124","SC","Videira",53610,46236.23,42004,"Joaçaba",4,"Sul",1,"421930",3,126,21,105,49,77,0,0,0,0,0,126,21,105,49,77,16,10.7415189688805,10.8894908968216,0.450565911583619,31
"19125","SC","Videira",53610,46236.23,42004,"Joaçaba",4,"Sul",1,"421930",4,85,20,65,25,60,0,0,0,0,0,85,20,65,25,60,30,10.7415189688805,10.8894908968216,0.458390382827961,30
"19126","SC","Videira",53610,46236.23,42004,"Joaçaba",4,"Sul",1,"421930",5,60,11,49,26,34,0,0,0,0,0,60,11,49,26,34,28,10.7415189688805,10.8894908968216,0.416129103566927,31
"19127","SC","Videira",53610,46236.23,42004,"Joaçaba",4,"Sul",1,"421930",6,88,20,68,25,63,0,0,0,0,0,88,20,68,25,63,25,10.7415189688805,10.8894908968216,0.401091592287154,30
"19128","SC","Videira",53610,46236.23,42004,"Joaçaba",4,"Sul",1,"421930",7,59,9,50,19,40,0,0,0,0,0,59,9,50,19,40,27,10.7415189688805,10.8894908968216,0.392819480543681,29
"19129","SC","Xanxerê",51642,33864.92,42003,"Xanxerê",4,"Sul",1,"421950",2,92,24,68,39,53,0,0,0,0,0,92,24,68,39,53,29,10.4301349493252,10.8520905738775,0.29327401864719,29
"19130","SC","Xanxerê",51642,33864.92,42003,"Xanxerê",4,"Sul",1,"421950",3,110,15,95,40,70,1,0,0,0,0,111,15,95,40,70,30,10.4301349493252,10.8520905738775,0.391131761730378,31
"19131","SC","Xanxerê",51642,33864.92,42003,"Xanxerê",4,"Sul",1,"421950",4,57,14,43,20,37,1,0,0,0,0,58,14,43,20,37,21,10.4301349493252,10.8520905738775,0.391710631742603,30
"19132","SC","Xanxerê",51642,33864.92,42003,"Xanxerê",4,"Sul",1,"421950",5,77,18,59,17,60,1,0,0,0,0,78,18,59,17,60,21,10.4301349493252,10.8520905738775,0.38643257035346,31
"19133","SC","Xanxerê",51642,33864.92,42003,"Xanxerê",4,"Sul",1,"421950",6,53,11,42,20,33,0,0,0,0,0,53,11,42,20,33,30,10.4301349493252,10.8520905738775,0.380743972834554,30
"19134","SC","Xanxerê",51642,33864.92,42003,"Xanxerê",4,"Sul",1,"421950",7,60,12,48,22,38,0,0,0,0,0,60,12,48,22,38,43,10.4301349493252,10.8520905738775,0.374570314809834,29
"19135","SC","Xaxim",28983,33345.93,42003,"Xanxerê",4,"Sul",1,"421970",2,60,17,43,23,37,0,0,0,0,0,60,17,43,23,37,13,10.4146910049159,10.2744647301856,0.313458374118227,29
"19136","SC","Xaxim",28983,33345.93,42003,"Xanxerê",4,"Sul",1,"421970",3,70,22,48,24,46,1,0,0,0,0,71,22,48,24,46,7,10.4146910049159,10.2744647301856,0.41557931345553,31
"19137","SC","Xaxim",28983,33345.93,42003,"Xanxerê",4,"Sul",1,"421970",4,65,18,47,17,48,1,0,0,0,0,66,18,47,17,48,14,10.4146910049159,10.2744647301856,0.414110205296449,30
"19138","SC","Xaxim",28983,33345.93,42003,"Xanxerê",4,"Sul",1,"421970",5,40,12,28,13,27,1,0,0,0,0,41,12,28,13,27,18,10.4146910049159,10.2744647301856,0.391170278276827,31
"19139","SC","Xaxim",28983,33345.93,42003,"Xanxerê",4,"Sul",1,"421970",6,36,13,23,9,27,1,0,0,0,0,37,13,23,9,27,22,10.4146910049159,10.2744647301856,0.386319301459176,30
"19140","SC","Xaxim",28983,33345.93,42003,"Xanxerê",4,"Sul",1,"421970",7,38,14,24,15,23,1,0,0,0,0,39,14,24,15,23,21,10.4146910049159,10.2744647301856,0.378651102553141,29
"19141","RS","Agudo",16401,30258.08,43019,"Restinga Seca",4,"Sul",0,"430010",2,28,7,21,8,20,0,0,0,0,0,28,7,21,8,20,9,10.3175185352302,9.70509758756311,0.309891536751052,29
"19142","RS","Agudo",16401,30258.08,43019,"Restinga Seca",4,"Sul",0,"430010",3,34,12,22,11,23,0,0,0,0,0,34,12,22,11,23,9,10.3175185352302,9.70509758756311,0.396291698987214,31
"19143","RS","Agudo",16401,30258.08,43019,"Restinga Seca",4,"Sul",0,"430010",4,14,4,10,6,8,0,0,0,0,0,14,4,10,6,8,8,10.3175185352302,9.70509758756311,0.419312519012276,30
"19144","RS","Agudo",16401,30258.08,43019,"Restinga Seca",4,"Sul",0,"430010",5,12,6,6,5,7,0,0,0,0,0,12,6,6,5,7,13,10.3175185352302,9.70509758756311,0.436274525949162,31
"19145","RS","Agudo",16401,30258.08,43019,"Restinga Seca",4,"Sul",0,"430010",6,6,5,1,1,5,0,0,0,0,0,6,5,1,1,5,12,10.3175185352302,9.70509758756311,0.441715925312019,30
"19146","RS","Agudo",16401,30258.08,43019,"Restinga Seca",4,"Sul",0,"430010",7,9,2,7,2,7,0,0,0,0,0,9,2,7,2,7,20,10.3175185352302,9.70509758756311,0.433121879110398,29
"19147","RS","Alegrete",73028,29467.27,43029,"Campanha Ocidental",4,"Sul",1,"430040",2,133,27,106,54,79,0,0,0,0,0,133,27,106,54,79,49,10.2910354348611,11.1985982082334,0.303822038227476,29
"19148","RS","Alegrete",73028,29467.27,43029,"Campanha Ocidental",4,"Sul",1,"430040",3,123,24,99,42,81,1,0,0,0,0,124,24,99,42,81,50,10.2910354348611,11.1985982082334,0.396728162983867,31
"19149","RS","Alegrete",73028,29467.27,43029,"Campanha Ocidental",4,"Sul",1,"430040",4,83,14,69,31,52,0,0,0,0,0,83,14,69,31,52,49,10.2910354348611,11.1985982082334,0.43364443093103,30
"19150","RS","Alegrete",73028,29467.27,43029,"Campanha Ocidental",4,"Sul",1,"430040",5,96,17,79,34,62,0,0,0,0,0,96,17,79,34,62,44,10.2910354348611,11.1985982082334,0.399432631442534,31
"19151","RS","Alegrete",73028,29467.27,43029,"Campanha Ocidental",4,"Sul",1,"430040",6,78,13,65,27,51,0,0,0,0,0,78,13,65,27,51,71,10.2910354348611,11.1985982082334,0.41884340832751,30
"19152","RS","Alegrete",73028,29467.27,43029,"Campanha Ocidental",4,"Sul",1,"430040",7,68,16,52,20,48,0,0,0,0,0,68,16,52,20,48,59,10.2910354348611,11.1985982082334,0.41920202282006,29
"19153","RS","Alvorada",211352,12914.08,43026,"Porto Alegre",4,"Sul",1,"430060",2,332,113,219,145,187,0,0,0,0,0,332,113,219,145,187,102,9.46607346799454,12.2612802689263,0.316981411158304,29
"19154","RS","Alvorada",211352,12914.08,43026,"Porto Alegre",4,"Sul",1,"430060",3,346,129,217,155,191,4,0,0,0,0,350,129,217,155,191,122,9.46607346799454,12.2612802689263,0.427382680363414,31
"19155","RS","Alvorada",211352,12914.08,43026,"Porto Alegre",4,"Sul",1,"430060",4,248,97,151,92,156,3,0,0,0,0,251,97,151,92,156,110,9.46607346799454,12.2612802689263,0.479082989566432,30
"19156","RS","Alvorada",211352,12914.08,43026,"Porto Alegre",4,"Sul",1,"430060",5,245,87,158,90,155,2,0,0,0,0,247,87,158,90,155,108,9.46607346799454,12.2612802689263,0.424715632927338,31
"19157","RS","Alvorada",211352,12914.08,43026,"Porto Alegre",4,"Sul",1,"430060",6,193,59,134,69,124,5,0,0,0,0,198,59,134,69,124,128,9.46607346799454,12.2612802689263,0.405969147262227,30
"19158","RS","Alvorada",211352,12914.08,43026,"Porto Alegre",4,"Sul",1,"430060",7,234,86,148,86,148,3,0,0,0,0,237,86,148,86,148,191,9.46607346799454,12.2612802689263,0.42856885936844,29
"19159","RS","Antônio Prado",13045,46929.32,43016,"Caxias do Sul",4,"Sul",0,"430080",2,21,7,14,7,14,0,0,0,0,0,21,7,14,7,14,7,10.756397919018,9.47616019757083,0.272502466795298,29
"19160","RS","Antônio Prado",13045,46929.32,43016,"Caxias do Sul",4,"Sul",0,"430080",3,23,1,22,5,18,0,0,0,0,0,23,1,22,5,18,12,10.756397919018,9.47616019757083,0.342200724134283,31
"19161","RS","Antônio Prado",13045,46929.32,43016,"Caxias do Sul",4,"Sul",0,"430080",4,15,5,10,3,12,0,0,0,0,0,15,5,10,3,12,7,10.756397919018,9.47616019757083,0.371412367205176,30
"19162","RS","Antônio Prado",13045,46929.32,43016,"Caxias do Sul",4,"Sul",0,"430080",5,5,2,3,0,5,0,0,0,0,0,5,2,3,0,5,7,10.756397919018,9.47616019757083,0.36263469475759,31
"19163","RS","Antônio Prado",13045,46929.32,43016,"Caxias do Sul",4,"Sul",0,"430080",6,8,3,5,0,8,0,0,0,0,0,8,3,5,0,8,6,10.756397919018,9.47616019757083,0.342109011840711,30
"19164","RS","Antônio Prado",13045,46929.32,43016,"Caxias do Sul",4,"Sul",0,"430080",7,15,3,12,3,12,0,0,0,0,0,15,3,12,3,12,12,10.756397919018,9.47616019757083,0.334212693689395,29
"19165","RS","Araricá",5771,28896.53,43026,"Porto Alegre",4,"Sul",1,"430087",2,9,4,5,3,6,0,0,0,0,0,9,4,5,3,6,3,10.2714767976875,8.66060065471097,0.298345035202005,29
"19166","RS","Araricá",5771,28896.53,43026,"Porto Alegre",4,"Sul",1,"430087",3,15,5,10,7,8,0,0,0,0,0,15,5,10,7,8,4,10.2714767976875,8.66060065471097,0.409035374440459,31
"19167","RS","Araricá",5771,28896.53,43026,"Porto Alegre",4,"Sul",1,"430087",4,9,3,6,2,7,0,0,0,0,0,9,3,6,2,7,2,10.2714767976875,8.66060065471097,0.431444031034214,30
"19168","RS","Araricá",5771,28896.53,43026,"Porto Alegre",4,"Sul",1,"430087",5,7,1,6,5,2,0,0,0,0,0,7,1,6,5,2,4,10.2714767976875,8.66060065471097,0.383631036555106,31
"19169","RS","Araricá",5771,28896.53,43026,"Porto Alegre",4,"Sul",1,"430087",6,7,2,5,2,5,0,0,0,0,0,7,2,5,2,5,6,10.2714767976875,8.66060065471097,0.377242833486222,30
"19170","RS","Araricá",5771,28896.53,43026,"Porto Alegre",4,"Sul",1,"430087",7,12,4,8,3,9,0,0,0,0,0,12,4,8,3,9,6,10.2714767976875,8.66060065471097,0.396790856926443,29
"19171","RS","Arroio do Meio",20967,59080.01,43021,"Lajeado-Estrela",4,"Sul",1,"430100",2,59,10,49,12,47,0,0,0,0,0,59,10,49,12,47,10,10.9866479059073,9.95070505214524,0.295072510628837,29
"19172","RS","Arroio do Meio",20967,59080.01,43021,"Lajeado-Estrela",4,"Sul",1,"430100",3,46,13,33,15,31,0,0,0,0,0,46,13,33,15,31,11,10.9866479059073,9.95070505214524,0.40760479729473,31
"19173","RS","Arroio do Meio",20967,59080.01,43021,"Lajeado-Estrela",4,"Sul",1,"430100",4,19,3,16,7,12,0,0,0,0,0,19,3,16,7,12,13,10.9866479059073,9.95070505214524,0.441144594801854,30
"19174","RS","Arroio do Meio",20967,59080.01,43021,"Lajeado-Estrela",4,"Sul",1,"430100",5,30,4,26,5,25,0,0,0,0,0,30,4,26,5,25,7,10.9866479059073,9.95070505214524,0.408390332914492,31
"19175","RS","Arroio do Meio",20967,59080.01,43021,"Lajeado-Estrela",4,"Sul",1,"430100",6,20,3,17,4,16,2,0,0,0,0,22,3,17,4,16,15,10.9866479059073,9.95070505214524,0.382512095878735,30
"19176","RS","Arroio do Meio",20967,59080.01,43021,"Lajeado-Estrela",4,"Sul",1,"430100",7,34,5,29,6,28,0,0,0,0,0,34,5,29,6,28,8,10.9866479059073,9.95070505214524,0.375215217615101,29
"19177","RS","Arroio do Sal",10279,22719.58,43027,"Osório",4,"Sul",0,"430105",2,22,5,17,10,12,0,0,0,0,0,22,5,17,10,12,6,10.0309823867487,9.23785825801292,0.34961264552571,29
"19178","RS","Arroio do Sal",10279,22719.58,43027,"Osório",4,"Sul",0,"430105",3,14,4,10,8,6,0,0,0,0,0,14,4,10,8,6,7,10.0309823867487,9.23785825801292,0.478248219291629,31
"19179","RS","Arroio do Sal",10279,22719.58,43027,"Osório",4,"Sul",0,"430105",4,8,3,5,4,4,0,0,0,0,0,8,3,5,4,4,7,10.0309823867487,9.23785825801292,0.524475970893807,30
"19180","RS","Arroio do Sal",10279,22719.58,43027,"Osório",4,"Sul",0,"430105",5,14,3,11,6,8,0,0,0,0,0,14,3,11,6,8,9,10.0309823867487,9.23785825801292,0.471143008287278,31
"19181","RS","Arroio do Sal",10279,22719.58,43027,"Osório",4,"Sul",0,"430105",6,10,3,7,5,5,0,0,0,0,0,10,3,7,5,5,4,10.0309823867487,9.23785825801292,0.451045855424139,30
"19182","RS","Arroio do Sal",10279,22719.58,43027,"Osório",4,"Sul",0,"430105",7,17,3,14,5,12,0,0,0,0,0,17,3,14,5,12,6,10.0309823867487,9.23785825801292,0.480805286243975,29
"19183","RS","Arroio dos Ratos",14177,18526.84,43025,"São Jerônimo",4,"Sul",1,"430110",2,23,8,15,9,14,0,0,0,0,0,23,8,15,9,14,12,9.82697577046803,9.55937621211763,0.288648569955112,29
"19184","RS","Arroio dos Ratos",14177,18526.84,43025,"São Jerônimo",4,"Sul",1,"430110",3,27,6,21,9,18,0,0,0,0,0,27,6,21,9,18,5,9.82697577046803,9.55937621211763,0.411412747416161,31
"19185","RS","Arroio dos Ratos",14177,18526.84,43025,"São Jerônimo",4,"Sul",1,"430110",4,12,9,3,8,4,1,0,0,0,0,13,9,3,8,4,5,9.82697577046803,9.55937621211763,0.450327226308309,30
"19186","RS","Arroio dos Ratos",14177,18526.84,43025,"São Jerônimo",4,"Sul",1,"430110",5,20,6,14,6,14,0,0,0,0,0,20,6,14,6,14,10,9.82697577046803,9.55937621211763,0.396726543881017,31
"19187","RS","Arroio dos Ratos",14177,18526.84,43025,"São Jerônimo",4,"Sul",1,"430110",6,11,4,7,5,6,0,0,0,0,0,11,4,7,5,6,10,9.82697577046803,9.55937621211763,0.391679866366298,30
"19188","RS","Arroio dos Ratos",14177,18526.84,43025,"São Jerônimo",4,"Sul",1,"430110",7,16,5,11,7,9,0,0,0,0,0,16,5,11,7,9,11,9.82697577046803,9.55937621211763,0.411251037640665,29
"19189","RS","Arroio do Tigre",13413,25173.18,43020,"Santa Cruz do Sul",4,"Sul",0,"430120",2,22,5,17,6,16,0,0,0,0,0,22,5,17,6,16,6,10.133534421031,9.50397966490209,0.305395649057917,29
"19190","RS","Arroio do Tigre",13413,25173.18,43020,"Santa Cruz do Sul",4,"Sul",0,"430120",3,23,6,17,8,15,0,0,0,0,0,23,6,17,8,15,7,10.133534421031,9.50397966490209,0.431094120290601,31
"19191","RS","Arroio do Tigre",13413,25173.18,43020,"Santa Cruz do Sul",4,"Sul",0,"430120",4,14,7,7,3,11,0,0,0,0,0,14,7,7,3,11,12,10.133534421031,9.50397966490209,0.407762395209476,30
"19192","RS","Arroio do Tigre",13413,25173.18,43020,"Santa Cruz do Sul",4,"Sul",0,"430120",5,13,2,11,7,6,0,0,0,0,0,13,2,11,7,6,9,10.133534421031,9.50397966490209,0.402742757978002,31
"19193","RS","Arroio do Tigre",13413,25173.18,43020,"Santa Cruz do Sul",4,"Sul",0,"430120",6,17,5,12,6,11,0,0,0,0,0,17,5,12,6,11,7,10.133534421031,9.50397966490209,0.386260631422649,30
"19194","RS","Arroio do Tigre",13413,25173.18,43020,"Santa Cruz do Sul",4,"Sul",0,"430120",7,8,4,4,1,7,0,0,0,0,0,8,4,4,1,7,6,10.133534421031,9.50397966490209,0.432989001403574,29
"19195","RS","Arroio Grande",18238,29608.24,43034,"Jaguarão",4,"Sul",1,"430130",2,31,11,20,11,20,0,0,0,0,0,31,11,20,11,20,12,10.2958079799505,9.81126260849361,0.314855149274549,29
"19196","RS","Arroio Grande",18238,29608.24,43034,"Jaguarão",4,"Sul",1,"430130",3,20,6,14,7,13,0,0,0,0,0,20,6,14,7,13,13,10.2958079799505,9.81126260849361,0.418988556795582,31
"19197","RS","Arroio Grande",18238,29608.24,43034,"Jaguarão",4,"Sul",1,"430130",4,20,10,10,7,13,0,0,0,0,0,20,10,10,7,13,16,10.2958079799505,9.81126260849361,0.45851731783103,30
"19198","RS","Arroio Grande",18238,29608.24,43034,"Jaguarão",4,"Sul",1,"430130",5,15,3,12,6,9,0,0,0,0,0,15,3,12,6,9,9,10.2958079799505,9.81126260849361,0.447692474889181,31
"19199","RS","Arroio Grande",18238,29608.24,43034,"Jaguarão",4,"Sul",1,"430130",6,15,5,10,5,10,0,0,0,0,0,15,5,10,5,10,15,10.2958079799505,9.81126260849361,0.41193954422179,30
"19200","RS","Arroio Grande",18238,29608.24,43034,"Jaguarão",4,"Sul",1,"430130",7,12,1,11,4,8,0,0,0,0,0,12,1,11,4,8,17,10.2958079799505,9.81126260849361,0.42282809552705,29
"19201","RS","Arvorezinha",10423,23846.62,43014,"Guaporé",4,"Sul",0,"430140",2,15,4,11,5,10,0,0,0,0,0,15,4,11,5,10,8,10.0793977671958,9.25177018173932,0.319826450653729,29
"19202","RS","Arvorezinha",10423,23846.62,43014,"Guaporé",4,"Sul",0,"430140",3,22,6,16,6,16,0,0,0,0,0,22,6,16,6,16,9,10.0793977671958,9.25177018173932,0.38782513518666,31
"19203","RS","Arvorezinha",10423,23846.62,43014,"Guaporé",4,"Sul",0,"430140",4,21,4,17,4,17,0,0,0,0,0,21,4,17,4,17,7,10.0793977671958,9.25177018173932,0.417061541169827,30
"19204","RS","Arvorezinha",10423,23846.62,43014,"Guaporé",4,"Sul",0,"430140",5,11,7,4,3,8,0,0,0,0,0,11,7,4,3,8,4,10.0793977671958,9.25177018173932,0.378271790556333,31
"19205","RS","Arvorezinha",10423,23846.62,43014,"Guaporé",4,"Sul",0,"430140",6,13,1,12,2,11,0,0,0,0,0,13,1,12,2,11,7,10.0793977671958,9.25177018173932,0.385221979594715,30
"19206","RS","Arvorezinha",10423,23846.62,43014,"Guaporé",4,"Sul",0,"430140",7,14,6,8,3,11,0,0,0,0,0,14,6,8,3,11,9,10.0793977671958,9.25177018173932,0.395653195105651,29
"19207","RS","Bagé",121335,24620.88,43031,"Campanha Meridional",4,"Sul",1,"430160",2,210,53,157,85,125,3,0,0,0,0,213,53,157,85,125,75,10.1113501423978,11.7063105941202,0.313293921982309,29
"19208","RS","Bagé",121335,24620.88,43031,"Campanha Meridional",4,"Sul",1,"430160",3,229,59,170,87,142,0,0,0,0,0,229,59,170,87,142,88,10.1113501423978,11.7063105941202,0.425463367168832,31
"19209","RS","Bagé",121335,24620.88,43031,"Campanha Meridional",4,"Sul",1,"430160",4,148,42,106,55,93,1,0,0,0,0,149,42,106,55,93,80,10.1113501423978,11.7063105941202,0.468007256343785,30
"19210","RS","Bagé",121335,24620.88,43031,"Campanha Meridional",4,"Sul",1,"430160",5,130,31,99,51,79,0,0,0,0,0,130,31,99,51,79,90,10.1113501423978,11.7063105941202,0.414458482226173,31
"19211","RS","Bagé",121335,24620.88,43031,"Campanha Meridional",4,"Sul",1,"430160",6,151,41,110,54,97,1,0,0,0,0,152,41,110,54,97,88,10.1113501423978,11.7063105941202,0.381295471473226,30
"19212","RS","Bagé",121335,24620.88,43031,"Campanha Meridional",4,"Sul",1,"430160",7,120,30,90,37,83,0,0,0,0,0,120,30,90,37,83,111,10.1113501423978,11.7063105941202,0.385806988063453,29
"19213","RS","Balneário Pinhal",14363,15745.16,43027,"Osório",4,"Sul",0,"430163",2,19,6,13,5,14,0,0,0,0,0,19,6,13,5,14,6,9.66428829543967,9.57241073443182,0.35003201598012,29
"19214","RS","Balneário Pinhal",14363,15745.16,43027,"Osório",4,"Sul",0,"430163",3,13,4,9,3,10,0,0,0,0,0,13,4,9,3,10,4,9.66428829543967,9.57241073443182,0.472999953518351,31
"19215","RS","Balneário Pinhal",14363,15745.16,43027,"Osório",4,"Sul",0,"430163",4,12,4,8,7,5,0,0,0,0,0,12,4,8,7,5,6,9.66428829543967,9.57241073443182,0.51436103261615,30
"19216","RS","Balneário Pinhal",14363,15745.16,43027,"Osório",4,"Sul",0,"430163",5,12,5,7,9,3,0,0,0,0,0,12,5,7,9,3,8,9.66428829543967,9.57241073443182,0.471808571841753,31
"19217","RS","Balneário Pinhal",14363,15745.16,43027,"Osório",4,"Sul",0,"430163",6,7,4,3,2,5,0,0,0,0,0,7,4,3,2,5,13,9.66428829543967,9.57241073443182,0.46028780317013,30
"19218","RS","Balneário Pinhal",14363,15745.16,43027,"Osório",4,"Sul",0,"430163",7,17,6,11,4,13,0,0,0,0,0,17,6,11,4,13,11,9.66428829543967,9.57241073443182,0.4843820980196,29
"19219","RS","Barão",6202,34635.32,43023,"Montenegro",4,"Sul",0,"430165",2,10,4,6,1,9,0,0,0,0,0,10,4,6,1,9,2,10.4526292496229,8.73262709966039,0.327385193276756,29
"19220","RS","Barão",6202,34635.32,43023,"Montenegro",4,"Sul",0,"430165",3,7,1,6,1,6,0,0,0,0,0,7,1,6,1,6,4,10.4526292496229,8.73262709966039,0.444866449158969,31
"19221","RS","Barão",6202,34635.32,43023,"Montenegro",4,"Sul",0,"430165",4,2,1,1,2,0,0,0,0,0,0,2,1,1,2,0,5,10.4526292496229,8.73262709966039,0.456363154414721,30
"19222","RS","Barão",6202,34635.32,43023,"Montenegro",4,"Sul",0,"430165",5,4,1,3,1,3,0,0,0,0,0,4,1,3,1,3,4,10.4526292496229,8.73262709966039,0.450257664440099,31
"19223","RS","Barão",6202,34635.32,43023,"Montenegro",4,"Sul",0,"430165",6,9,3,6,2,7,0,0,0,0,0,9,3,6,2,7,3,10.4526292496229,8.73262709966039,0.404052351702088,30
"19224","RS","Barão",6202,34635.32,43023,"Montenegro",4,"Sul",0,"430165",7,4,1,3,1,3,0,0,0,0,0,4,1,3,1,3,4,10.4526292496229,8.73262709966039,0.424584250288248,29
"19225","RS","Barra do Ribeiro",13556,23808.18,43028,"Camaquã",4,"Sul",0,"430190",2,18,6,12,8,10,0,0,0,0,0,18,6,12,8,10,14,10.0777844980881,9.51458453272694,0.297144306350369,29
"19226","RS","Barra do Ribeiro",13556,23808.18,43028,"Camaquã",4,"Sul",0,"430190",3,15,6,9,8,7,0,0,0,0,0,15,6,9,8,7,10,10.0777844980881,9.51458453272694,0.388125542982156,31
"19227","RS","Barra do Ribeiro",13556,23808.18,43028,"Camaquã",4,"Sul",0,"430190",4,12,7,5,5,7,0,0,0,0,0,12,7,5,5,7,11,10.0777844980881,9.51458453272694,0.446353448455285,30
"19228","RS","Barra do Ribeiro",13556,23808.18,43028,"Camaquã",4,"Sul",0,"430190",5,12,6,6,3,9,0,0,0,0,0,12,6,6,3,9,10,10.0777844980881,9.51458453272694,0.411131823123116,31
"19229","RS","Barra do Ribeiro",13556,23808.18,43028,"Camaquã",4,"Sul",0,"430190",6,7,4,3,4,3,0,0,0,0,0,7,4,3,4,3,13,10.0777844980881,9.51458453272694,0.419368351886718,30
"19230","RS","Barra do Ribeiro",13556,23808.18,43028,"Camaquã",4,"Sul",0,"430190",7,14,5,9,6,8,0,0,0,0,0,14,5,9,6,8,19,10.0777844980881,9.51458453272694,0.424159104430221,29
"19231","RS","Bento Gonçalves",121803,50090.88,43016,"Caxias do Sul",4,"Sul",1,"430210",2,261,58,203,69,192,3,0,0,0,0,264,58,203,69,192,62,10.8215942345743,11.7101602644965,0.294215989695627,29
"19232","RS","Bento Gonçalves",121803,50090.88,43016,"Caxias do Sul",4,"Sul",1,"430210",3,233,47,186,52,181,1,0,0,0,0,234,47,186,52,181,53,10.8215942345743,11.7101602644965,0.429310038353192,31
"19233","RS","Bento Gonçalves",121803,50090.88,43016,"Caxias do Sul",4,"Sul",1,"430210",4,146,28,118,41,105,1,0,0,0,0,147,28,118,41,105,50,10.8215942345743,11.7101602644965,0.444899210821818,30
"19234","RS","Bento Gonçalves",121803,50090.88,43016,"Caxias do Sul",4,"Sul",1,"430210",5,158,33,125,51,107,0,0,0,0,0,158,33,125,51,107,66,10.8215942345743,11.7101602644965,0.39555759148331,31
"19235","RS","Bento Gonçalves",121803,50090.88,43016,"Caxias do Sul",4,"Sul",1,"430210",6,143,31,112,36,107,2,0,0,0,0,145,31,112,36,107,77,10.8215942345743,11.7101602644965,0.380955672515116,30
"19236","RS","Bento Gonçalves",121803,50090.88,43016,"Caxias do Sul",4,"Sul",1,"430210",7,126,28,98,27,99,1,0,0,0,0,127,28,98,27,99,104,10.8215942345743,11.7101602644965,0.379021250134314,29
"19237","RS","Bom Jesus",11309,29455.96,43015,"Vacaria",4,"Sul",0,"430230",2,21,7,14,9,12,0,0,0,0,0,21,7,14,9,12,12,10.2906515455143,9.33335414787133,0.361305145285922,29
"19238","RS","Bom Jesus",11309,29455.96,43015,"Vacaria",4,"Sul",0,"430230",3,21,7,14,11,10,0,0,0,0,0,21,7,14,11,10,8,10.2906515455143,9.33335414787133,0.429698761263927,31
"19239","RS","Bom Jesus",11309,29455.96,43015,"Vacaria",4,"Sul",0,"430230",4,17,12,5,7,10,0,0,0,0,0,17,12,5,7,10,7,10.2906515455143,9.33335414787133,0.447504585728434,30
"19240","RS","Bom Jesus",11309,29455.96,43015,"Vacaria",4,"Sul",0,"430230",5,15,9,6,3,12,0,0,0,0,0,15,9,6,3,12,6,10.2906515455143,9.33335414787133,0.479205320651612,31
"19241","RS","Bom Jesus",11309,29455.96,43015,"Vacaria",4,"Sul",0,"430230",6,20,10,10,13,7,1,0,0,0,0,21,10,10,13,7,8,10.2906515455143,9.33335414787133,0.475317450745339,30
"19242","RS","Bom Jesus",11309,29455.96,43015,"Vacaria",4,"Sul",0,"430230",7,13,10,3,9,4,0,0,0,0,0,13,10,3,9,4,10,10.2906515455143,9.33335414787133,0.434923775671752,29
"19243","RS","Bom Princípio",14255,47015.72,43023,"Montenegro",4,"Sul",0,"430235",2,23,6,17,5,18,0,0,0,0,0,23,6,17,5,18,12,10.7582372928553,9.56486300134677,0.302572206447784,29
"19244","RS","Bom Princípio",14255,47015.72,43023,"Montenegro",4,"Sul",0,"430235",3,24,3,21,3,21,0,0,0,0,0,24,3,21,3,21,6,10.7582372928553,9.56486300134677,0.395010513889419,31
"19245","RS","Bom Princípio",14255,47015.72,43023,"Montenegro",4,"Sul",0,"430235",4,15,3,12,7,8,0,0,0,0,0,15,3,12,7,8,10,10.7582372928553,9.56486300134677,0.407577484748666,30
"19246","RS","Bom Princípio",14255,47015.72,43023,"Montenegro",4,"Sul",0,"430235",5,10,1,9,1,9,0,0,0,0,0,10,1,9,1,9,4,10.7582372928553,9.56486300134677,0.382936669858814,31
"19247","RS","Bom Princípio",14255,47015.72,43023,"Montenegro",4,"Sul",0,"430235",6,22,5,17,2,20,0,0,0,0,0,22,5,17,2,20,6,10.7582372928553,9.56486300134677,0.360377072660727,30
"19248","RS","Bom Princípio",14255,47015.72,43023,"Montenegro",4,"Sul",0,"430235",7,16,2,14,3,13,0,0,0,0,0,16,2,14,3,13,3,10.7582372928553,9.56486300134677,0.348966294443646,29
"19249","RS","Bom Retiro do Sul",12390,24714.62,43021,"Lajeado-Estrela",4,"Sul",1,"430240",2,14,1,13,7,7,0,0,0,0,0,14,1,13,7,7,11,10.1151502503447,9.42464497462319,0.28327054485769,29
"19250","RS","Bom Retiro do Sul",12390,24714.62,43021,"Lajeado-Estrela",4,"Sul",1,"430240",3,26,5,21,4,22,0,0,0,0,0,26,5,21,4,22,7,10.1151502503447,9.42464497462319,0.379973456380902,31
"19251","RS","Bom Retiro do Sul",12390,24714.62,43021,"Lajeado-Estrela",4,"Sul",1,"430240",4,7,2,5,3,4,0,0,0,0,0,7,2,5,3,4,7,10.1151502503447,9.42464497462319,0.418175914227098,30
"19252","RS","Bom Retiro do Sul",12390,24714.62,43021,"Lajeado-Estrela",4,"Sul",1,"430240",5,14,7,7,3,11,0,0,0,0,0,14,7,7,3,11,10,10.1151502503447,9.42464497462319,0.40951526587844,31
"19253","RS","Bom Retiro do Sul",12390,24714.62,43021,"Lajeado-Estrela",4,"Sul",1,"430240",6,16,6,10,4,12,0,0,0,0,0,16,6,10,4,12,11,10.1151502503447,9.42464497462319,0.402208161921576,30
"19254","RS","Bom Retiro do Sul",12390,24714.62,43021,"Lajeado-Estrela",4,"Sul",1,"430240",7,20,6,14,6,14,0,0,0,0,0,20,6,14,6,14,9,10.1151502503447,9.42464497462319,0.389676817380028,29
"19255","RS","Butiá",20952,21264.2,43025,"São Jerônimo",4,"Sul",1,"430270",2,37,14,23,13,24,0,0,0,0,0,37,14,23,13,24,9,9.96478018647689,9.94998938618755,0.313737619251668,29
"19256","RS","Butiá",20952,21264.2,43025,"São Jerônimo",4,"Sul",1,"430270",3,35,10,25,14,21,0,0,0,0,0,35,10,25,14,21,14,9.96478018647689,9.94998938618755,0.38605115259039,31
"19257","RS","Butiá",20952,21264.2,43025,"São Jerônimo",4,"Sul",1,"430270",4,23,9,14,12,11,0,0,0,0,0,23,9,14,12,11,12,9.96478018647689,9.94998938618755,0.424570609272501,30
"19258","RS","Butiá",20952,21264.2,43025,"São Jerônimo",4,"Sul",1,"430270",5,19,8,11,10,9,0,0,0,0,0,19,8,11,10,9,16,9.96478018647689,9.94998938618755,0.398741761129683,31
"19259","RS","Butiá",20952,21264.2,43025,"São Jerônimo",4,"Sul",1,"430270",6,14,5,9,5,9,0,0,0,0,0,14,5,9,5,9,15,9.96478018647689,9.94998938618755,0.405569173696587,30
"19260","RS","Butiá",20952,21264.2,43025,"São Jerônimo",4,"Sul",1,"430270",7,17,5,12,8,9,0,0,0,0,0,17,5,12,8,9,26,9.96478018647689,9.94998938618755,0.409800785023896,29
"19261","RS","Caçapava do Sul",33548,24228.03,43032,"Serras de Sudeste",4,"Sul",0,"430280",2,60,26,34,25,35,0,0,0,0,0,60,26,34,25,35,20,10.0952655063368,10.4207325281043,0.314336662766702,29
"19262","RS","Caçapava do Sul",33548,24228.03,43032,"Serras de Sudeste",4,"Sul",0,"430280",3,45,8,37,11,34,0,0,0,0,0,45,8,37,11,34,27,10.0952655063368,10.4207325281043,0.39533928619031,31
"19263","RS","Caçapava do Sul",33548,24228.03,43032,"Serras de Sudeste",4,"Sul",0,"430280",4,37,7,30,9,28,2,0,0,0,0,39,7,30,9,28,26,10.0952655063368,10.4207325281043,0.42194252701911,30
"19264","RS","Caçapava do Sul",33548,24228.03,43032,"Serras de Sudeste",4,"Sul",0,"430280",5,29,8,21,13,16,0,0,0,0,0,29,8,21,13,16,28,10.0952655063368,10.4207325281043,0.37645904686478,31
"19265","RS","Caçapava do Sul",33548,24228.03,43032,"Serras de Sudeste",4,"Sul",0,"430280",6,38,5,33,14,24,1,0,0,0,0,39,5,33,14,24,33,10.0952655063368,10.4207325281043,0.383812856995949,30
"19266","RS","Caçapava do Sul",33548,24228.03,43032,"Serras de Sudeste",4,"Sul",0,"430280",7,36,10,26,11,25,1,0,0,0,0,37,10,26,11,25,41,10.0952655063368,10.4207325281043,0.38805096260498,29
"19267","RS","Cacequi",12423,26938.69,43018,"Santa Maria",4,"Sul",0,"430290",2,17,6,11,8,9,0,0,0,0,0,17,6,11,8,9,10,10.2013188222045,9.42730487221368,0.302776304599343,29
"19268","RS","Cacequi",12423,26938.69,43018,"Santa Maria",4,"Sul",0,"430290",3,17,6,11,8,9,0,0,0,0,0,17,6,11,8,9,8,10.2013188222045,9.42730487221368,0.407552745593782,31
"19269","RS","Cacequi",12423,26938.69,43018,"Santa Maria",4,"Sul",0,"430290",4,11,2,9,3,8,0,0,0,0,0,11,2,9,3,8,8,10.2013188222045,9.42730487221368,0.434212435285637,30
"19270","RS","Cacequi",12423,26938.69,43018,"Santa Maria",4,"Sul",0,"430290",5,12,4,8,2,10,0,0,0,0,0,12,4,8,2,10,7,10.2013188222045,9.42730487221368,0.428734017966611,31
"19271","RS","Cacequi",12423,26938.69,43018,"Santa Maria",4,"Sul",0,"430290",6,16,4,12,5,11,0,0,0,0,0,16,4,12,5,11,12,10.2013188222045,9.42730487221368,0.474025029956038,30
"19272","RS","Cacequi",12423,26938.69,43018,"Santa Maria",4,"Sul",0,"430290",7,15,3,12,4,11,0,0,0,0,0,15,3,12,4,11,10,10.2013188222045,9.42730487221368,0.475901933593252,29
"19273","RS","Cachoeira do Sul",81869,28528.77,43022,"Cachoeira do Sul",4,"Sul",1,"430300",2,133,32,101,41,92,0,0,0,0,0,133,32,101,41,92,65,10.258668330765,11.3128756878095,0.313478559830557,29
"19274","RS","Cachoeira do Sul",81869,28528.77,43022,"Cachoeira do Sul",4,"Sul",1,"430300",3,147,39,108,44,103,1,0,0,0,0,148,39,108,44,103,61,10.258668330765,11.3128756878095,0.408800447216963,31
"19275","RS","Cachoeira do Sul",81869,28528.77,43022,"Cachoeira do Sul",4,"Sul",1,"430300",4,101,30,71,28,73,0,0,0,0,0,101,30,71,28,73,59,10.258668330765,11.3128756878095,0.441473672359025,30
"19276","RS","Cachoeira do Sul",81869,28528.77,43022,"Cachoeira do Sul",4,"Sul",1,"430300",5,74,22,52,28,46,1,0,0,0,0,75,22,52,28,46,77,10.258668330765,11.3128756878095,0.420026550155383,31
"19277","RS","Cachoeira do Sul",81869,28528.77,43022,"Cachoeira do Sul",4,"Sul",1,"430300",6,75,23,52,23,52,1,0,0,0,0,76,23,52,23,52,60,10.258668330765,11.3128756878095,0.400043680038348,30
"19278","RS","Cachoeira do Sul",81869,28528.77,43022,"Cachoeira do Sul",4,"Sul",1,"430300",7,76,21,55,24,52,0,0,0,0,0,76,21,55,24,52,79,10.258668330765,11.3128756878095,0.391651539177741,29
"19279","RS","Cachoeirinha",131240,40778.59,43026,"Porto Alegre",4,"Sul",1,"430310",2,230,63,167,87,143,0,0,0,0,0,230,63,167,87,143,68,10.6159124677583,11.784782987075,0.300337981538303,29
"19280","RS","Cachoeirinha",131240,40778.59,43026,"Porto Alegre",4,"Sul",1,"430310",3,247,65,182,84,163,2,0,0,0,0,249,65,182,84,163,61,10.6159124677583,11.784782987075,0.412845444089434,31
"19281","RS","Cachoeirinha",131240,40778.59,43026,"Porto Alegre",4,"Sul",1,"430310",4,148,41,107,51,97,1,0,0,0,0,149,41,107,51,97,76,10.6159124677583,11.784782987075,0.469964948529596,30
"19282","RS","Cachoeirinha",131240,40778.59,43026,"Porto Alegre",4,"Sul",1,"430310",5,156,42,114,51,105,0,0,0,0,0,156,42,114,51,105,59,10.6159124677583,11.784782987075,0.408515887509959,31
"19283","RS","Cachoeirinha",131240,40778.59,43026,"Porto Alegre",4,"Sul",1,"430310",6,174,45,129,55,119,1,0,0,0,0,175,45,129,55,119,75,10.6159124677583,11.784782987075,0.389483294497588,30
"19284","RS","Cachoeirinha",131240,40778.59,43026,"Porto Alegre",4,"Sul",1,"430310",7,141,27,114,30,111,1,0,0,0,0,142,27,114,30,111,108,10.6159124677583,11.784782987075,0.406606501309825,29
"19285","RS","Camaquã",66478,30465.98,43028,"Camaquã",4,"Sul",1,"430350",2,106,35,71,44,62,1,0,0,0,0,107,35,71,44,62,41,10.3243659302269,11.1046263448409,0.295860431735786,29
"19286","RS","Camaquã",66478,30465.98,43028,"Camaquã",4,"Sul",1,"430350",3,122,44,78,38,84,0,0,0,0,0,122,44,78,38,84,43,10.3243659302269,11.1046263448409,0.404165706776261,31
"19287","RS","Camaquã",66478,30465.98,43028,"Camaquã",4,"Sul",1,"430350",4,88,30,58,34,54,0,0,0,0,0,88,30,58,34,54,33,10.3243659302269,11.1046263448409,0.432346934250616,30
"19288","RS","Camaquã",66478,30465.98,43028,"Camaquã",4,"Sul",1,"430350",5,56,18,38,22,34,1,0,0,0,0,57,18,38,22,34,44,10.3243659302269,11.1046263448409,0.399402554529342,31
"19289","RS","Camaquã",66478,30465.98,43028,"Camaquã",4,"Sul",1,"430350",6,76,26,50,23,53,1,0,0,0,0,77,26,50,23,53,42,10.3243659302269,11.1046263448409,0.385594753374022,30
"19290","RS","Camaquã",66478,30465.98,43028,"Camaquã",4,"Sul",1,"430350",7,61,26,35,20,41,0,0,0,0,0,61,26,35,20,41,56,10.3243659302269,11.1046263448409,0.387699877006401,29
"19291","RS","Campo Bom",69458,47163.5,43026,"Porto Alegre",4,"Sul",1,"430390",2,117,9,108,28,89,0,0,0,0,0,117,9,108,28,89,32,10.7613755673343,11.1484775323333,0.293442214552484,29
"19292","RS","Campo Bom",69458,47163.5,43026,"Porto Alegre",4,"Sul",1,"430390",3,129,15,114,38,91,1,0,0,0,0,130,15,114,38,91,34,10.7613755673343,11.1484775323333,0.410872853789327,31
"19293","RS","Campo Bom",69458,47163.5,43026,"Porto Alegre",4,"Sul",1,"430390",4,79,16,63,26,53,0,0,0,0,0,79,16,63,26,53,24,10.7613755673343,11.1484775323333,0.445584631252781,30
"19294","RS","Campo Bom",69458,47163.5,43026,"Porto Alegre",4,"Sul",1,"430390",5,59,11,48,17,42,0,0,0,0,0,59,11,48,17,42,42,10.7613755673343,11.1484775323333,0.386142699021232,31
"19295","RS","Campo Bom",69458,47163.5,43026,"Porto Alegre",4,"Sul",1,"430390",6,79,12,67,21,58,4,0,0,0,0,83,12,67,21,58,46,10.7613755673343,11.1484775323333,0.377750275881721,30
"19296","RS","Campo Bom",69458,47163.5,43026,"Porto Alegre",4,"Sul",1,"430390",7,71,21,50,16,55,0,0,0,0,0,71,21,50,16,55,55,10.7613755673343,11.1484775323333,0.384871986426454,29
"19297","RS","Candelária",31421,26579.24,43020,"Santa Cruz do Sul",4,"Sul",0,"430420",2,42,15,27,12,30,1,0,0,0,0,43,15,27,12,30,23,10.1878857389314,10.355231738165,0.297665567184508,29
"19298","RS","Candelária",31421,26579.24,43020,"Santa Cruz do Sul",4,"Sul",0,"430420",3,45,17,28,16,29,0,0,0,0,0,45,17,28,16,29,16,10.1878857389314,10.355231738165,0.397213001668964,31
"19299","RS","Candelária",31421,26579.24,43020,"Santa Cruz do Sul",4,"Sul",0,"430420",4,33,12,21,13,20,0,0,0,0,0,33,12,21,13,20,9,10.1878857389314,10.355231738165,0.429379593203362,30
"19300","RS","Candelária",31421,26579.24,43020,"Santa Cruz do Sul",4,"Sul",0,"430420",5,23,7,16,9,14,0,0,0,0,0,23,7,16,9,14,27,10.1878857389314,10.355231738165,0.411325432257556,31
"19301","RS","Candelária",31421,26579.24,43020,"Santa Cruz do Sul",4,"Sul",0,"430420",6,28,13,15,11,17,0,0,0,0,0,28,13,15,11,17,20,10.1878857389314,10.355231738165,0.399983075368728,30
"19302","RS","Candelária",31421,26579.24,43020,"Santa Cruz do Sul",4,"Sul",0,"430420",7,30,11,19,15,15,0,0,0,0,0,30,11,19,15,15,23,10.1878857389314,10.355231738165,0.405167546912622,29
"19303","RS","Candiota",9647,66192.85,43032,"Serras de Sudeste",4,"Sul",1,"430435",2,19,6,13,8,11,0,0,0,0,0,19,6,13,8,11,2,11.1003277300497,9.17440226517055,0.330906902457104,29
"19304","RS","Candiota",9647,66192.85,43032,"Serras de Sudeste",4,"Sul",1,"430435",3,27,13,14,11,16,0,0,0,0,0,27,13,14,11,16,9,11.1003277300497,9.17440226517055,0.402069803510248,31
"19305","RS","Candiota",9647,66192.85,43032,"Serras de Sudeste",4,"Sul",1,"430435",4,18,8,10,5,13,0,0,0,0,0,18,8,10,5,13,6,11.1003277300497,9.17440226517055,0.462561600734617,30
"19306","RS","Candiota",9647,66192.85,43032,"Serras de Sudeste",4,"Sul",1,"430435",5,8,5,3,6,2,0,0,0,0,0,8,5,3,6,2,6,11.1003277300497,9.17440226517055,0.432039693557477,31
"19307","RS","Candiota",9647,66192.85,43032,"Serras de Sudeste",4,"Sul",1,"430435",6,11,4,7,5,6,0,0,0,0,0,11,4,7,5,6,8,11.1003277300497,9.17440226517055,0.41034848111503,30
"19308","RS","Candiota",9647,66192.85,43032,"Serras de Sudeste",4,"Sul",1,"430435",7,12,4,8,3,9,0,0,0,0,0,12,4,8,3,9,7,11.1003277300497,9.17440226517055,0.410542709211462,29
"19309","RS","Canela",45488,25378.74,43024,"Gramado-Canela",4,"Sul",1,"430440",2,83,14,69,33,50,1,0,0,0,0,84,14,69,33,50,19,10.1416670946459,10.7252038338908,0.299173826845883,29
"19310","RS","Canela",45488,25378.74,43024,"Gramado-Canela",4,"Sul",1,"430440",3,96,26,70,23,73,0,0,0,0,0,96,26,70,23,73,26,10.1416670946459,10.7252038338908,0.411445722457135,31
"19311","RS","Canela",45488,25378.74,43024,"Gramado-Canela",4,"Sul",1,"430440",4,75,31,44,26,49,0,0,0,0,0,75,31,44,26,49,21,10.1416670946459,10.7252038338908,0.456479851096232,30
"19312","RS","Canela",45488,25378.74,43024,"Gramado-Canela",4,"Sul",1,"430440",5,66,20,46,27,39,1,0,0,0,0,67,20,46,27,39,32,10.1416670946459,10.7252038338908,0.424502287729315,31
"19313","RS","Canela",45488,25378.74,43024,"Gramado-Canela",4,"Sul",1,"430440",6,59,20,39,26,33,2,0,0,0,0,61,20,39,26,33,28,10.1416670946459,10.7252038338908,0.406390487823929,30
"19314","RS","Canela",45488,25378.74,43024,"Gramado-Canela",4,"Sul",1,"430440",7,56,14,42,19,37,2,0,0,0,0,58,14,42,19,37,37,10.1416670946459,10.7252038338908,0.40935372513307,29
"19315","RS","Canguçu",56211,19932.46,43033,"Pelotas",4,"Sul",0,"430450",2,71,33,38,19,52,0,0,0,0,0,71,33,38,19,52,29,9.90010483760178,10.9368677462666,0.310640495012781,29
"19316","RS","Canguçu",56211,19932.46,43033,"Pelotas",4,"Sul",0,"430450",3,96,49,47,25,71,1,0,0,0,0,97,49,47,25,71,43,9.90010483760178,10.9368677462666,0.406625544745371,31
"19317","RS","Canguçu",56211,19932.46,43033,"Pelotas",4,"Sul",0,"430450",4,44,21,23,17,27,0,0,0,0,0,44,21,23,17,27,41,9.90010483760178,10.9368677462666,0.442993951148545,30
"19318","RS","Canguçu",56211,19932.46,43033,"Pelotas",4,"Sul",0,"430450",5,43,17,26,16,27,0,0,0,0,0,43,17,26,16,27,42,9.90010483760178,10.9368677462666,0.430343958322878,31
"19319","RS","Canguçu",56211,19932.46,43033,"Pelotas",4,"Sul",0,"430450",6,44,23,21,13,31,1,0,0,0,0,45,23,21,13,31,47,9.90010483760178,10.9368677462666,0.416840278801116,30
"19320","RS","Canguçu",56211,19932.46,43033,"Pelotas",4,"Sul",0,"430450",7,48,22,26,19,29,0,0,0,0,0,48,22,26,19,29,46,9.90010483760178,10.9368677462666,0.419766040643944,29
"19321","RS","Canoas",348208,55594.2,43026,"Porto Alegre",4,"Sul",1,"430460",2,583,156,427,191,392,2,0,0,0,0,585,156,427,191,392,198,10.9258341582506,12.7605552813538,0.307013660477948,29
"19322","RS","Canoas",348208,55594.2,43026,"Porto Alegre",4,"Sul",1,"430460",3,621,155,466,197,424,5,0,0,0,0,626,155,466,197,424,195,10.9258341582506,12.7605552813538,0.420742975245245,31
"19323","RS","Canoas",348208,55594.2,43026,"Porto Alegre",4,"Sul",1,"430460",4,451,136,315,154,297,2,0,0,0,0,453,136,315,154,297,182,10.9258341582506,12.7605552813538,0.483884352969822,30
"19324","RS","Canoas",348208,55594.2,43026,"Porto Alegre",4,"Sul",1,"430460",5,371,95,276,119,252,3,0,0,0,0,374,95,276,119,252,215,10.9258341582506,12.7605552813538,0.422235117316632,31
"19325","RS","Canoas",348208,55594.2,43026,"Porto Alegre",4,"Sul",1,"430460",6,399,119,280,135,264,1,0,0,0,0,400,119,280,135,264,199,10.9258341582506,12.7605552813538,0.40321021057728,30
"19326","RS","Canoas",348208,55594.2,43026,"Porto Alegre",4,"Sul",1,"430460",7,412,104,308,133,279,1,0,0,0,0,413,104,308,133,279,312,10.9258341582506,12.7605552813538,0.424313228217941,29
"19327","RS","Capão da Canoa",54051,27586.32,43027,"Osório",4,"Sul",1,"430463",2,106,40,66,40,66,0,0,0,0,0,106,40,66,40,66,31,10.2250752766552,10.8976833242838,0.315404364119694,29
"19328","RS","Capão da Canoa",54051,27586.32,43027,"Osório",4,"Sul",1,"430463",3,151,50,101,64,87,0,0,0,0,0,151,50,101,64,87,31,10.2250752766552,10.8976833242838,0.440903163510129,31
"19329","RS","Capão da Canoa",54051,27586.32,43027,"Osório",4,"Sul",1,"430463",4,77,38,39,32,45,0,0,0,0,0,77,38,39,32,45,33,10.2250752766552,10.8976833242838,0.477708775389348,30
"19330","RS","Capão da Canoa",54051,27586.32,43027,"Osório",4,"Sul",1,"430463",5,70,31,39,26,44,2,0,0,0,0,72,31,39,26,44,27,10.2250752766552,10.8976833242838,0.417833777728388,31
"19331","RS","Capão da Canoa",54051,27586.32,43027,"Osório",4,"Sul",1,"430463",6,83,26,57,33,50,2,0,0,0,0,85,26,57,33,50,29,10.2250752766552,10.8976833242838,0.411425335681156,30
"19332","RS","Capão da Canoa",54051,27586.32,43027,"Osório",4,"Sul",1,"430463",7,69,18,51,21,48,2,0,0,0,0,71,18,51,21,48,33,10.2250752766552,10.8976833242838,0.426233088508905,29
"19333","RS","Capão do Leão",25409,20071.27,43033,"Pelotas",4,"Sul",1,"430466",2,45,20,25,16,29,0,0,0,0,0,45,20,25,16,29,22,9.90704471831354,10.142858720955,0.337357371542372,29
"19334","RS","Capão do Leão",25409,20071.27,43033,"Pelotas",4,"Sul",1,"430466",3,41,24,17,14,27,0,0,0,0,0,41,24,17,14,27,14,9.90704471831354,10.142858720955,0.436028916373739,31
"19335","RS","Capão do Leão",25409,20071.27,43033,"Pelotas",4,"Sul",1,"430466",4,25,7,18,13,12,0,0,0,0,0,25,7,18,13,12,6,9.90704471831354,10.142858720955,0.46611730529957,30
"19336","RS","Capão do Leão",25409,20071.27,43033,"Pelotas",4,"Sul",1,"430466",5,34,14,20,12,22,0,0,0,0,0,34,14,20,12,22,18,9.90704471831354,10.142858720955,0.440443901923155,31
"19337","RS","Capão do Leão",25409,20071.27,43033,"Pelotas",4,"Sul",1,"430466",6,24,10,14,11,13,0,0,0,0,0,24,10,14,11,13,16,9.90704471831354,10.142858720955,0.421067197052239,30
"19338","RS","Capão do Leão",25409,20071.27,43033,"Pelotas",4,"Sul",1,"430466",7,29,13,16,8,21,0,0,0,0,0,29,13,16,8,21,26,9.90704471831354,10.142858720955,0.436688119622135,29
"19339","RS","Capela de Santana",12064,17164.57,43023,"Montenegro",4,"Sul",1,"430468",2,13,3,10,5,8,0,0,0,0,0,13,3,10,5,8,7,9.75060265460219,9.39798109024774,0.328241621885337,29
"19340","RS","Capela de Santana",12064,17164.57,43023,"Montenegro",4,"Sul",1,"430468",3,12,2,10,6,6,0,0,0,0,0,12,2,10,6,6,6,9.75060265460219,9.39798109024774,0.414653998342662,31
"19341","RS","Capela de Santana",12064,17164.57,43023,"Montenegro",4,"Sul",1,"430468",4,16,7,9,7,9,0,0,0,0,0,16,7,9,7,9,6,9.75060265460219,9.39798109024774,0.449981152286557,30
"19342","RS","Capela de Santana",12064,17164.57,43023,"Montenegro",4,"Sul",1,"430468",5,3,1,2,1,2,0,0,0,0,0,3,1,2,1,2,5,9.75060265460219,9.39798109024774,0.403261142534407,31
"19343","RS","Capela de Santana",12064,17164.57,43023,"Montenegro",4,"Sul",1,"430468",6,8,1,7,6,2,0,0,0,0,0,8,1,7,6,2,5,9.75060265460219,9.39798109024774,0.37416392299207,30
"19344","RS","Capela de Santana",12064,17164.57,43023,"Montenegro",4,"Sul",1,"430468",7,13,4,9,4,9,0,0,0,0,0,13,4,9,4,9,7,9.75060265460219,9.39798109024774,0.387351103030678,29
"19345","RS","Carazinho",62265,48591.24,43009,"Carazinho",4,"Sul",1,"430470",2,122,33,89,35,87,0,0,0,0,0,122,33,89,35,87,44,10.7911985467286,11.0391547491552,0.314470164817543,29
"19346","RS","Carazinho",62265,48591.24,43009,"Carazinho",4,"Sul",1,"430470",3,119,32,87,43,76,0,0,0,0,0,119,32,87,43,76,48,10.7911985467286,11.0391547491552,0.422642690779232,31
"19347","RS","Carazinho",62265,48591.24,43009,"Carazinho",4,"Sul",1,"430470",4,88,15,73,29,59,1,0,0,0,0,89,15,73,29,59,42,10.7911985467286,11.0391547491552,0.456193639482249,30
"19348","RS","Carazinho",62265,48591.24,43009,"Carazinho",4,"Sul",1,"430470",5,73,21,52,27,46,0,0,0,0,0,73,21,52,27,46,50,10.7911985467286,11.0391547491552,0.424505605906819,31
"19349","RS","Carazinho",62265,48591.24,43009,"Carazinho",4,"Sul",1,"430470",6,74,19,55,30,44,0,0,0,0,0,74,19,55,30,44,39,10.7911985467286,11.0391547491552,0.406018184979797,30
"19350","RS","Carazinho",62265,48591.24,43009,"Carazinho",4,"Sul",1,"430470",7,65,12,53,17,48,1,0,0,0,0,66,12,53,17,48,51,10.7911985467286,11.0391547491552,0.408745890522001,29
"19351","RS","Carlos Barbosa",30241,85997.12,43016,"Caxias do Sul",4,"Sul",1,"430480",2,38,3,35,7,31,1,0,0,0,0,39,3,35,7,31,14,11.3620690863028,10.3169538985298,0.281160704325832,29
"19352","RS","Carlos Barbosa",30241,85997.12,43016,"Caxias do Sul",4,"Sul",1,"430480",3,52,8,44,7,45,1,0,0,0,0,53,8,44,7,45,10,11.3620690863028,10.3169538985298,0.410014862445702,31
"19353","RS","Carlos Barbosa",30241,85997.12,43016,"Caxias do Sul",4,"Sul",1,"430480",4,27,3,24,6,21,0,0,0,0,0,27,3,24,6,21,4,11.3620690863028,10.3169538985298,0.426674712615645,30
"19354","RS","Carlos Barbosa",30241,85997.12,43016,"Caxias do Sul",4,"Sul",1,"430480",5,24,3,21,5,19,0,0,0,0,0,24,3,21,5,19,13,11.3620690863028,10.3169538985298,0.394266990095104,31
"19355","RS","Carlos Barbosa",30241,85997.12,43016,"Caxias do Sul",4,"Sul",1,"430480",6,33,1,32,5,28,0,0,0,0,0,33,1,32,5,28,10,11.3620690863028,10.3169538985298,0.372669565707495,30
"19356","RS","Carlos Barbosa",30241,85997.12,43016,"Caxias do Sul",4,"Sul",1,"430480",7,25,4,21,3,22,0,0,0,0,0,25,4,21,3,22,11,11.3620690863028,10.3169538985298,0.379259660112377,29
"19357","RS","Caxias do Sul",517451,48959.4,43016,"Caxias do Sul",4,"Sul",1,"430510",2,805,150,655,219,586,1,0,0,0,0,806,150,655,219,586,221,10.7987466622092,13.1566701136483,0.298651898249295,29
"19358","RS","Caxias do Sul",517451,48959.4,43016,"Caxias do Sul",4,"Sul",1,"430510",3,828,177,651,236,592,3,0,0,0,0,831,177,651,236,592,240,10.7987466622092,13.1566701136483,0.424435663957281,31
"19359","RS","Caxias do Sul",517451,48959.4,43016,"Caxias do Sul",4,"Sul",1,"430510",4,500,97,403,152,348,1,0,0,0,0,501,97,403,152,348,231,10.7987466622092,13.1566701136483,0.46536763707565,30
"19360","RS","Caxias do Sul",517451,48959.4,43016,"Caxias do Sul",4,"Sul",1,"430510",5,507,111,396,153,354,2,0,0,0,0,509,111,396,153,354,248,10.7987466622092,13.1566701136483,0.40949682365545,31
"19361","RS","Caxias do Sul",517451,48959.4,43016,"Caxias do Sul",4,"Sul",1,"430510",6,445,81,364,116,329,1,0,0,0,0,446,81,364,116,329,228,10.7987466622092,13.1566701136483,0.392944196514497,30
"19362","RS","Caxias do Sul",517451,48959.4,43016,"Caxias do Sul",4,"Sul",1,"430510",7,439,78,361,119,320,1,0,0,0,0,440,78,361,119,320,272,10.7987466622092,13.1566701136483,0.396614181780759,29
"19363","RS","Cerro Largo",14189,52173.65,43006,"Cerro Largo",4,"Sul",0,"430520",2,13,2,11,5,8,0,0,0,0,0,13,2,11,5,8,5,10.8623328571497,9.56022229550731,0.300844859296046,29
"19364","RS","Cerro Largo",14189,52173.65,43006,"Cerro Largo",4,"Sul",0,"430520",3,17,1,16,3,14,0,0,0,0,0,17,1,16,3,14,11,10.8623328571497,9.56022229550731,0.388129656388271,31
"19365","RS","Cerro Largo",14189,52173.65,43006,"Cerro Largo",4,"Sul",0,"430520",4,12,4,8,5,7,0,0,0,0,0,12,4,8,5,7,16,10.8623328571497,9.56022229550731,0.419509221669055,30
"19366","RS","Cerro Largo",14189,52173.65,43006,"Cerro Largo",4,"Sul",0,"430520",5,15,6,9,3,12,0,0,0,0,0,15,6,9,3,12,11,10.8623328571497,9.56022229550731,0.379054020494601,31
"19367","RS","Cerro Largo",14189,52173.65,43006,"Cerro Largo",4,"Sul",0,"430520",6,7,2,5,2,5,0,0,0,0,0,7,2,5,2,5,8,10.8623328571497,9.56022229550731,0.391482809836206,30
"19368","RS","Cerro Largo",14189,52173.65,43006,"Cerro Largo",4,"Sul",0,"430520",7,13,0,13,2,11,0,0,0,0,0,13,0,13,2,11,9,10.8623328571497,9.56022229550731,0.379800598545415,29
"19369","RS","Charqueadas",41258,42460.28,43025,"São Jerônimo",4,"Sul",1,"430535",2,38,9,29,16,22,0,0,0,0,0,38,9,29,16,22,15,10.6563243296773,10.627600312353,0.306310553881634,29
"19370","RS","Charqueadas",41258,42460.28,43025,"São Jerônimo",4,"Sul",1,"430535",3,48,11,37,17,31,0,0,0,0,0,48,11,37,17,31,21,10.6563243296773,10.627600312353,0.417197886622413,31
"19371","RS","Charqueadas",41258,42460.28,43025,"São Jerônimo",4,"Sul",1,"430535",4,24,3,21,10,14,0,0,0,0,0,24,3,21,10,14,26,10.6563243296773,10.627600312353,0.478185007866522,30
"19372","RS","Charqueadas",41258,42460.28,43025,"São Jerônimo",4,"Sul",1,"430535",5,31,6,25,16,15,0,0,0,0,0,31,6,25,16,15,21,10.6563243296773,10.627600312353,0.426784357220521,31
"19373","RS","Charqueadas",41258,42460.28,43025,"São Jerônimo",4,"Sul",1,"430535",6,24,7,17,7,17,0,0,0,0,0,24,7,17,7,17,29,10.6563243296773,10.627600312353,0.396543477926447,30
"19374","RS","Charqueadas",41258,42460.28,43025,"São Jerônimo",4,"Sul",1,"430535",7,29,10,19,10,19,0,0,0,0,0,29,10,19,10,19,29,10.6563243296773,10.627600312353,0.414201868495762,29
"19375","RS","Cidreira",16583,17575.91,43027,"Osório",4,"Sul",0,"430545",2,33,16,17,13,20,0,0,0,0,0,33,16,17,13,20,6,9.77428449343231,9.7161333532141,0.329307511471925,29
"19376","RS","Cidreira",16583,17575.91,43027,"Osório",4,"Sul",0,"430545",3,37,16,21,14,23,0,0,0,0,0,37,16,21,14,23,6,9.77428449343231,9.7161333532141,0.472086111493735,31
"19377","RS","Cidreira",16583,17575.91,43027,"Osório",4,"Sul",0,"430545",4,19,9,10,7,12,0,0,0,0,0,19,9,10,7,12,12,9.77428449343231,9.7161333532141,0.502457384637935,30
"19378","RS","Cidreira",16583,17575.91,43027,"Osório",4,"Sul",0,"430545",5,13,5,8,5,8,0,0,0,0,0,13,5,8,5,8,15,9.77428449343231,9.7161333532141,0.474521371013567,31
"19379","RS","Cidreira",16583,17575.91,43027,"Osório",4,"Sul",0,"430545",6,12,4,8,3,9,0,0,0,0,0,12,4,8,3,9,11,9.77428449343231,9.7161333532141,0.455727608699674,30
"19380","RS","Cidreira",16583,17575.91,43027,"Osório",4,"Sul",0,"430545",7,6,1,5,3,3,0,0,0,0,0,6,1,5,3,3,20,9.77428449343231,9.7161333532141,0.485203317737369,29
"19381","RS","Constantina",9907,30642.99,43003,"Frederico Westphalen",4,"Sul",0,"430580",2,11,2,9,2,9,0,0,0,0,0,11,2,9,2,9,4,10.3301592039498,9.20099685697303,0.318206452851759,29
"19382","RS","Constantina",9907,30642.99,43003,"Frederico Westphalen",4,"Sul",0,"430580",3,16,7,9,6,10,0,0,0,0,0,16,7,9,6,10,5,10.3301592039498,9.20099685697303,0.38584831092154,31
"19383","RS","Constantina",9907,30642.99,43003,"Frederico Westphalen",4,"Sul",0,"430580",4,10,2,8,4,6,0,0,0,0,0,10,2,8,4,6,7,10.3301592039498,9.20099685697303,0.414910394812032,30
"19384","RS","Constantina",9907,30642.99,43003,"Frederico Westphalen",4,"Sul",0,"430580",5,6,2,4,3,3,0,0,0,0,0,6,2,4,3,3,11,10.3301592039498,9.20099685697303,0.402705642058792,31
"19385","RS","Constantina",9907,30642.99,43003,"Frederico Westphalen",4,"Sul",0,"430580",6,7,2,5,3,4,0,0,0,0,0,7,2,5,3,4,8,10.3301592039498,9.20099685697303,0.420091455117745,30
"19386","RS","Constantina",9907,30642.99,43003,"Frederico Westphalen",4,"Sul",0,"430580",7,9,3,6,3,6,0,0,0,0,0,9,3,6,3,6,8,10.3301592039498,9.20099685697303,0.406012668815341,29
"19387","RS","Crissiumal",13357,25509.72,43002,"Três Passos",4,"Sul",0,"430600",2,17,5,12,4,13,0,0,0,0,0,17,5,12,4,13,5,10.1468148349878,9.49979587097711,0.310276469259389,29
"19388","RS","Crissiumal",13357,25509.72,43002,"Três Passos",4,"Sul",0,"430600",3,14,2,12,5,9,0,0,0,0,0,14,2,12,5,9,11,10.1468148349878,9.49979587097711,0.391646594064426,31
"19389","RS","Crissiumal",13357,25509.72,43002,"Três Passos",4,"Sul",0,"430600",4,6,1,5,2,4,0,0,0,0,0,6,1,5,2,4,4,10.1468148349878,9.49979587097711,0.356390577738085,30
"19390","RS","Crissiumal",13357,25509.72,43002,"Três Passos",4,"Sul",0,"430600",5,10,4,6,4,6,0,0,0,0,0,10,4,6,4,6,17,10.1468148349878,9.49979587097711,0.384915266691164,31
"19391","RS","Crissiumal",13357,25509.72,43002,"Três Passos",4,"Sul",0,"430600",6,10,6,4,4,6,0,0,0,0,0,10,6,4,4,6,8,10.1468148349878,9.49979587097711,0.407530445339937,30
"19392","RS","Crissiumal",13357,25509.72,43002,"Três Passos",4,"Sul",0,"430600",7,11,4,7,3,8,0,0,0,0,0,11,4,7,3,8,6,10.1468148349878,9.49979587097711,0.398336955629009,29
"19393","RS","Cruz Alta",59922,65065.59,43011,"Cruz Alta",4,"Sul",1,"430610",2,100,21,79,39,61,0,0,0,0,0,100,21,79,39,61,32,11.083151117025,11.0007989954712,0.312559799294949,29
"19394","RS","Cruz Alta",59922,65065.59,43011,"Cruz Alta",4,"Sul",1,"430610",3,134,36,98,57,77,0,0,0,0,0,134,36,98,57,77,47,11.083151117025,11.0007989954712,0.407545487839948,31
"19395","RS","Cruz Alta",59922,65065.59,43011,"Cruz Alta",4,"Sul",1,"430610",4,79,23,56,24,55,1,0,0,0,0,80,23,56,24,55,40,11.083151117025,11.0007989954712,0.453500672869793,30
"19396","RS","Cruz Alta",59922,65065.59,43011,"Cruz Alta",4,"Sul",1,"430610",5,67,18,49,27,40,1,0,0,0,0,68,18,49,27,40,47,11.083151117025,11.0007989954712,0.414568441982401,31
"19397","RS","Cruz Alta",59922,65065.59,43011,"Cruz Alta",4,"Sul",1,"430610",6,69,18,51,21,48,1,0,0,0,0,70,18,51,21,48,43,11.083151117025,11.0007989954712,0.415280149634855,30
"19398","RS","Cruz Alta",59922,65065.59,43011,"Cruz Alta",4,"Sul",1,"430610",7,65,18,47,22,43,0,0,0,0,0,65,18,47,22,43,50,11.083151117025,11.0007989954712,0.400404334733216,29
"19399","RS","Cruzeiro do Sul",12402,29050.27,43021,"Lajeado-Estrela",4,"Sul",1,"430620",2,25,6,19,11,14,0,0,0,0,0,25,6,19,11,14,12,10.276783056557,9.42561302890982,0.321991236599611,29
"19400","RS","Cruzeiro do Sul",12402,29050.27,43021,"Lajeado-Estrela",4,"Sul",1,"430620",3,15,4,11,3,12,0,0,0,0,0,15,4,11,3,12,5,10.276783056557,9.42561302890982,0.414553272658022,31
"19401","RS","Cruzeiro do Sul",12402,29050.27,43021,"Lajeado-Estrela",4,"Sul",1,"430620",4,9,5,4,2,7,0,0,0,0,0,9,5,4,2,7,11,10.276783056557,9.42561302890982,0.434898293285324,30
"19402","RS","Cruzeiro do Sul",12402,29050.27,43021,"Lajeado-Estrela",4,"Sul",1,"430620",5,10,5,5,5,5,0,0,0,0,0,10,5,5,5,5,14,10.276783056557,9.42561302890982,0.454593710273816,31
"19403","RS","Cruzeiro do Sul",12402,29050.27,43021,"Lajeado-Estrela",4,"Sul",1,"430620",6,13,3,10,5,8,0,0,0,0,0,13,3,10,5,8,18,10.276783056557,9.42561302890982,0.421821411657449,30
"19404","RS","Cruzeiro do Sul",12402,29050.27,43021,"Lajeado-Estrela",4,"Sul",1,"430620",7,9,3,6,2,7,0,0,0,0,0,9,3,6,2,7,13,10.276783056557,9.42561302890982,0.425073607605559,29
"19405","RS","Dois Irmãos",33119,62157.03,43024,"Gramado-Canela",4,"Sul",1,"430640",2,56,6,50,14,42,0,0,0,0,0,56,6,50,14,42,5,11.0374192039773,10.4078624148067,0.295379834454106,29
"19406","RS","Dois Irmãos",33119,62157.03,43024,"Gramado-Canela",4,"Sul",1,"430640",3,56,15,41,12,44,0,0,0,0,0,56,15,41,12,44,14,11.0374192039773,10.4078624148067,0.414292047643106,31
"19407","RS","Dois Irmãos",33119,62157.03,43024,"Gramado-Canela",4,"Sul",1,"430640",4,18,2,16,3,15,0,0,0,0,0,18,2,16,3,15,14,11.0374192039773,10.4078624148067,0.455720898541773,30
"19408","RS","Dois Irmãos",33119,62157.03,43024,"Gramado-Canela",4,"Sul",1,"430640",5,30,7,23,9,21,0,0,0,0,0,30,7,23,9,21,22,11.0374192039773,10.4078624148067,0.391103309880932,31
"19409","RS","Dois Irmãos",33119,62157.03,43024,"Gramado-Canela",4,"Sul",1,"430640",6,33,4,29,6,27,0,0,0,0,0,33,4,29,6,27,13,11.0374192039773,10.4078624148067,0.390496882787727,30
"19410","RS","Dois Irmãos",33119,62157.03,43024,"Gramado-Canela",4,"Sul",1,"430640",7,26,5,21,5,21,0,0,0,0,0,26,5,21,5,21,19,11.0374192039773,10.4078624148067,0.392673763423321,29
"19411","RS","Dom Feliciano",15487,15501.61,43028,"Camaquã",4,"Sul",0,"430650",2,16,8,8,5,11,0,0,0,0,0,16,8,8,5,11,11,9.64869916848087,9.64775624131618,0.359131004855985,29
"19412","RS","Dom Feliciano",15487,15501.61,43028,"Camaquã",4,"Sul",0,"430650",3,28,16,12,10,18,0,0,0,0,0,28,16,12,10,18,15,9.64869916848087,9.64775624131618,0.459493241311657,31
"19413","RS","Dom Feliciano",15487,15501.61,43028,"Camaquã",4,"Sul",0,"430650",4,15,10,5,7,8,0,0,0,0,0,15,10,5,7,8,14,9.64869916848087,9.64775624131618,0.473528258134812,30
"19414","RS","Dom Feliciano",15487,15501.61,43028,"Camaquã",4,"Sul",0,"430650",5,11,8,3,5,6,0,0,0,0,0,11,8,3,5,6,6,9.64869916848087,9.64775624131618,0.461537382676392,31
"19415","RS","Dom Feliciano",15487,15501.61,43028,"Camaquã",4,"Sul",0,"430650",6,11,5,6,3,8,0,0,0,0,0,11,5,6,3,8,7,9.64869916848087,9.64775624131618,0.434021067736088,30
"19416","RS","Dom Feliciano",15487,15501.61,43028,"Camaquã",4,"Sul",0,"430650",7,6,3,3,2,4,1,0,0,0,0,7,3,3,2,4,14,9.64869916848087,9.64775624131618,0.434899084996062,29
"19417","RS","Dom Pedrito",38339,34347.33,43031,"Campanha Meridional",4,"Sul",1,"430660",2,58,24,34,17,41,0,0,0,0,0,58,24,34,17,41,32,10.4442795653718,10.554222933839,0.297801359154984,29
"19418","RS","Dom Pedrito",38339,34347.33,43031,"Campanha Meridional",4,"Sul",1,"430660",3,64,18,46,34,30,0,0,0,0,0,64,18,46,34,30,25,10.4442795653718,10.554222933839,0.373104530559587,31
"19419","RS","Dom Pedrito",38339,34347.33,43031,"Campanha Meridional",4,"Sul",1,"430660",4,33,14,19,15,18,0,0,0,0,0,33,14,19,15,18,22,10.4442795653718,10.554222933839,0.397348196366206,30
"19420","RS","Dom Pedrito",38339,34347.33,43031,"Campanha Meridional",4,"Sul",1,"430660",5,34,11,23,14,20,0,0,0,0,0,34,11,23,14,20,32,10.4442795653718,10.554222933839,0.359464110615452,31
"19421","RS","Dom Pedrito",38339,34347.33,43031,"Campanha Meridional",4,"Sul",1,"430660",6,33,7,26,13,20,0,0,0,0,0,33,7,26,13,20,27,10.4442795653718,10.554222933839,0.328505824678341,30
"19422","RS","Dom Pedrito",38339,34347.33,43031,"Campanha Meridional",4,"Sul",1,"430660",7,39,14,25,13,26,1,0,0,0,0,40,14,25,13,26,30,10.4442795653718,10.554222933839,0.332638394633004,29
"19423","RS","Eldorado do Sul",41902,39551.13,43026,"Porto Alegre",4,"Sul",1,"430676",2,81,30,51,29,52,1,0,0,0,0,82,30,51,29,52,26,10.5853495442162,10.643088837468,0.306192705641223,29
"19424","RS","Eldorado do Sul",41902,39551.13,43026,"Porto Alegre",4,"Sul",1,"430676",3,79,28,51,27,52,0,0,0,0,0,79,28,51,27,52,14,10.5853495442162,10.643088837468,0.410442895372216,31
"19425","RS","Eldorado do Sul",41902,39551.13,43026,"Porto Alegre",4,"Sul",1,"430676",4,47,21,26,21,26,0,0,0,0,0,47,21,26,21,26,15,10.5853495442162,10.643088837468,0.471943738752795,30
"19426","RS","Eldorado do Sul",41902,39551.13,43026,"Porto Alegre",4,"Sul",1,"430676",5,53,14,39,18,35,0,0,0,0,0,53,14,39,18,35,20,10.5853495442162,10.643088837468,0.420472691867699,31
"19427","RS","Eldorado do Sul",41902,39551.13,43026,"Porto Alegre",4,"Sul",1,"430676",6,51,12,39,20,31,0,0,0,0,0,51,12,39,20,31,10,10.5853495442162,10.643088837468,0.408091851180102,30
"19428","RS","Eldorado do Sul",41902,39551.13,43026,"Porto Alegre",4,"Sul",1,"430676",7,52,21,31,19,33,0,0,0,0,0,52,21,31,19,33,32,10.5853495442162,10.643088837468,0.431525160618317,29
"19429","RS","Encantado",22880,39380.74,43021,"Lajeado-Estrela",4,"Sul",1,"430680",2,43,12,31,10,33,0,0,0,0,0,43,12,31,10,33,16,10.5810321432812,10.0380184454937,0.297704549130217,29
"19430","RS","Encantado",22880,39380.74,43021,"Lajeado-Estrela",4,"Sul",1,"430680",3,37,7,30,7,30,0,0,0,0,0,37,7,30,7,30,10,10.5810321432812,10.0380184454937,0.390727186803093,31
"19431","RS","Encantado",22880,39380.74,43021,"Lajeado-Estrela",4,"Sul",1,"430680",4,23,8,15,5,18,0,0,0,0,0,23,8,15,5,18,15,10.5810321432812,10.0380184454937,0.435797126753722,30
"19432","RS","Encantado",22880,39380.74,43021,"Lajeado-Estrela",4,"Sul",1,"430680",5,21,6,15,6,15,0,0,0,0,0,21,6,15,6,15,16,10.5810321432812,10.0380184454937,0.402013419996212,31
"19433","RS","Encantado",22880,39380.74,43021,"Lajeado-Estrela",4,"Sul",1,"430680",6,25,8,17,8,17,0,0,0,0,0,25,8,17,8,17,23,10.5810321432812,10.0380184454937,0.383146371903659,30
"19434","RS","Encantado",22880,39380.74,43021,"Lajeado-Estrela",4,"Sul",1,"430680",7,21,4,17,6,15,0,0,0,0,0,21,4,17,6,15,15,10.5810321432812,10.0380184454937,0.359621520890377,29
"19435","RS","Encruzilhada do Sul",25960,20766.94,43032,"Serras de Sudeste",4,"Sul",0,"430690",2,31,14,17,12,19,0,0,0,0,0,31,14,17,12,19,20,9.9411175781396,10.164312170818,0.297220815154325,29
"19436","RS","Encruzilhada do Sul",25960,20766.94,43032,"Serras de Sudeste",4,"Sul",0,"430690",3,31,12,19,14,17,0,0,0,0,0,31,12,19,14,17,20,9.9411175781396,10.164312170818,0.376056079373696,31
"19437","RS","Encruzilhada do Sul",25960,20766.94,43032,"Serras de Sudeste",4,"Sul",0,"430690",4,29,15,14,14,15,0,0,0,0,0,29,15,14,14,15,16,9.9411175781396,10.164312170818,0.433638305233122,30
"19438","RS","Encruzilhada do Sul",25960,20766.94,43032,"Serras de Sudeste",4,"Sul",0,"430690",5,22,10,12,11,11,0,0,0,0,0,22,10,12,11,11,12,9.9411175781396,10.164312170818,0.403910538770089,31
"19439","RS","Encruzilhada do Sul",25960,20766.94,43032,"Serras de Sudeste",4,"Sul",0,"430690",6,14,6,8,6,8,1,0,0,0,0,15,6,8,6,8,21,9.9411175781396,10.164312170818,0.381333127806597,30
"19440","RS","Encruzilhada do Sul",25960,20766.94,43032,"Serras de Sudeste",4,"Sul",0,"430690",7,22,9,13,12,10,1,0,0,0,0,23,9,13,12,10,22,9.9411175781396,10.164312170818,0.372889105905239,29
"19441","RS","Entre-Ijuís",8411,47488.62,43007,"Santo Ângelo",4,"Sul",1,"430693",2,9,0,9,1,8,0,0,0,0,0,9,0,9,1,8,7,10.7682453823717,9.03729565196244,0.341145493555987,29
"19442","RS","Entre-Ijuís",8411,47488.62,43007,"Santo Ângelo",4,"Sul",1,"430693",3,15,5,10,5,10,0,0,0,0,0,15,5,10,5,10,9,10.7682453823717,9.03729565196244,0.379230102443299,31
"19443","RS","Entre-Ijuís",8411,47488.62,43007,"Santo Ângelo",4,"Sul",1,"430693",4,4,1,3,0,4,0,0,0,0,0,4,1,3,0,4,5,10.7682453823717,9.03729565196244,0.414626754683247,30
"19444","RS","Entre-Ijuís",8411,47488.62,43007,"Santo Ângelo",4,"Sul",1,"430693",5,6,2,4,2,4,0,0,0,0,0,6,2,4,2,4,6,10.7682453823717,9.03729565196244,0.428610887663029,31
"19445","RS","Entre-Ijuís",8411,47488.62,43007,"Santo Ângelo",4,"Sul",1,"430693",6,12,3,9,3,9,0,0,0,0,0,12,3,9,3,9,4,10.7682453823717,9.03729565196244,0.443156702038936,30
"19446","RS","Entre-Ijuís",8411,47488.62,43007,"Santo Ângelo",4,"Sul",1,"430693",7,7,2,5,4,3,0,0,0,0,0,7,2,5,4,3,6,10.7682453823717,9.03729565196244,0.437489963789818,29
"19447","RS","Erechim",106633,47080.69,43004,"Erechim",4,"Sul",1,"430700",2,167,28,139,37,130,0,0,0,0,0,167,28,139,37,130,41,10.7596182171717,11.5771483112877,0.309153916695888,29
"19448","RS","Erechim",106633,47080.69,43004,"Erechim",4,"Sul",1,"430700",3,192,23,169,50,142,1,0,0,0,0,193,23,169,50,142,56,10.7596182171717,11.5771483112877,0.425107297300708,31
"19449","RS","Erechim",106633,47080.69,43004,"Erechim",4,"Sul",1,"430700",4,121,15,106,31,90,1,0,0,0,0,122,15,106,31,90,57,10.7596182171717,11.5771483112877,0.445072735309003,30
"19450","RS","Erechim",106633,47080.69,43004,"Erechim",4,"Sul",1,"430700",5,96,22,74,25,71,0,0,0,0,0,96,22,74,25,71,51,10.7596182171717,11.5771483112877,0.417678692797701,31
"19451","RS","Erechim",106633,47080.69,43004,"Erechim",4,"Sul",1,"430700",6,110,21,89,33,77,2,0,0,0,0,112,21,89,33,77,65,10.7596182171717,11.5771483112877,0.409880196488082,30
"19452","RS","Erechim",106633,47080.69,43004,"Erechim",4,"Sul",1,"430700",7,125,18,107,38,87,1,0,0,0,0,126,18,107,38,87,83,10.7596182171717,11.5771483112877,0.391698040762394,29
"19453","RS","Espumoso",15591,49684.93,43011,"Cruz Alta",4,"Sul",0,"430750",2,24,6,18,12,12,1,0,0,0,0,25,6,18,12,12,4,10.8134569467886,9.65444910367655,0.32177670173223,29
"19454","RS","Espumoso",15591,49684.93,43011,"Cruz Alta",4,"Sul",0,"430750",3,26,6,20,7,19,0,0,0,0,0,26,6,20,7,19,8,10.8134569467886,9.65444910367655,0.402066263298763,31
"19455","RS","Espumoso",15591,49684.93,43011,"Cruz Alta",4,"Sul",0,"430750",4,15,6,9,7,8,0,0,0,0,0,15,6,9,7,8,12,10.8134569467886,9.65444910367655,0.456117894380863,30
"19456","RS","Espumoso",15591,49684.93,43011,"Cruz Alta",4,"Sul",0,"430750",5,17,4,13,6,11,0,0,0,0,0,17,4,13,6,11,8,10.8134569467886,9.65444910367655,0.421111097983985,31
"19457","RS","Espumoso",15591,49684.93,43011,"Cruz Alta",4,"Sul",0,"430750",6,22,8,14,5,17,0,0,0,0,0,22,8,14,5,17,7,10.8134569467886,9.65444910367655,0.402409397526137,30
"19458","RS","Espumoso",15591,49684.93,43011,"Cruz Alta",4,"Sul",0,"430750",7,15,2,13,6,9,0,0,0,0,0,15,2,13,6,9,9,10.8134569467886,9.65444910367655,0.418543786262668,29
"19459","RS","Estância Velha",50672,29630.14,43026,"Porto Alegre",4,"Sul",1,"430760",2,67,17,50,16,51,0,0,0,0,0,67,17,50,16,51,19,10.2965473654974,10.8331287687784,0.296468510716294,29
"19460","RS","Estância Velha",50672,29630.14,43026,"Porto Alegre",4,"Sul",1,"430760",3,83,21,62,20,63,0,0,0,0,0,83,21,62,20,63,21,10.2965473654974,10.8331287687784,0.414763758682567,31
"19461","RS","Estância Velha",50672,29630.14,43026,"Porto Alegre",4,"Sul",1,"430760",4,59,13,46,14,45,2,0,0,0,0,61,13,46,14,45,25,10.2965473654974,10.8331287687784,0.452610906507936,30
"19462","RS","Estância Velha",50672,29630.14,43026,"Porto Alegre",4,"Sul",1,"430760",5,43,3,40,9,34,0,0,0,0,0,43,3,40,9,34,18,10.2965473654974,10.8331287687784,0.395707612698609,31
"19463","RS","Estância Velha",50672,29630.14,43026,"Porto Alegre",4,"Sul",1,"430760",6,47,6,41,10,37,0,0,0,0,0,47,6,41,10,37,25,10.2965473654974,10.8331287687784,0.378832634784674,30
"19464","RS","Estância Velha",50672,29630.14,43026,"Porto Alegre",4,"Sul",1,"430760",7,62,11,51,21,41,0,0,0,0,0,62,11,51,21,41,33,10.2965473654974,10.8331287687784,0.391529863627527,29
"19465","RS","Esteio",83279,38249.4,43026,"Porto Alegre",4,"Sul",1,"430770",2,128,22,106,39,89,0,0,0,0,0,128,22,106,39,89,46,10.5518831528571,11.3299516955318,0.310711806443193,29
"19466","RS","Esteio",83279,38249.4,43026,"Porto Alegre",4,"Sul",1,"430770",3,107,25,82,37,70,1,0,0,0,0,108,25,82,37,70,40,10.5518831528571,11.3299516955318,0.417697966862489,31
"19467","RS","Esteio",83279,38249.4,43026,"Porto Alegre",4,"Sul",1,"430770",4,83,19,64,21,62,0,0,0,0,0,83,19,64,21,62,49,10.5518831528571,11.3299516955318,0.478305108263317,30
"19468","RS","Esteio",83279,38249.4,43026,"Porto Alegre",4,"Sul",1,"430770",5,64,15,49,23,41,0,0,0,0,0,64,15,49,23,41,45,10.5518831528571,11.3299516955318,0.423565681576915,31
"19469","RS","Esteio",83279,38249.4,43026,"Porto Alegre",4,"Sul",1,"430770",6,79,9,70,26,53,2,0,0,0,0,81,9,70,26,53,51,10.5518831528571,11.3299516955318,0.408147297410056,30
"19470","RS","Esteio",83279,38249.4,43026,"Porto Alegre",4,"Sul",1,"430770",7,74,20,54,17,57,0,0,0,0,0,74,20,54,17,57,78,10.5518831528571,11.3299516955318,0.422478088258612,29
"19471","RS","Estrela",34399,43585.52,43021,"Lajeado-Estrela",4,"Sul",1,"430780",2,53,12,41,16,37,0,0,0,0,0,53,12,41,16,37,16,10.6824802640846,10.4457827731715,0.294115047397909,29
"19472","RS","Estrela",34399,43585.52,43021,"Lajeado-Estrela",4,"Sul",1,"430780",3,66,18,48,16,50,0,0,0,0,0,66,18,48,16,50,21,10.6824802640846,10.4457827731715,0.413787237632724,31
"19473","RS","Estrela",34399,43585.52,43021,"Lajeado-Estrela",4,"Sul",1,"430780",4,46,13,33,16,30,0,0,0,0,0,46,13,33,16,30,17,10.6824802640846,10.4457827731715,0.45027592496204,30
"19474","RS","Estrela",34399,43585.52,43021,"Lajeado-Estrela",4,"Sul",1,"430780",5,34,4,30,8,26,0,0,0,0,0,34,4,30,8,26,17,10.6824802640846,10.4457827731715,0.423563298286175,31
"19475","RS","Estrela",34399,43585.52,43021,"Lajeado-Estrela",4,"Sul",1,"430780",6,25,1,24,5,20,0,0,0,0,0,25,1,24,5,20,25,10.6824802640846,10.4457827731715,0.384756367145271,30
"19476","RS","Estrela",34399,43585.52,43021,"Lajeado-Estrela",4,"Sul",1,"430780",7,36,10,26,10,26,0,0,0,0,0,36,10,26,10,26,20,10.6824802640846,10.4457827731715,0.391497670161456,29
"19477","RS","Farroupilha",73061,47878.78,43016,"Caxias do Sul",4,"Sul",1,"430790",2,123,21,102,36,87,0,0,0,0,0,123,21,102,36,87,29,10.7764276789797,11.1990499876358,0.302712593598022,29
"19478","RS","Farroupilha",73061,47878.78,43016,"Caxias do Sul",4,"Sul",1,"430790",3,125,26,99,29,96,0,0,0,0,0,125,26,99,29,96,41,10.7764276789797,11.1990499876358,0.416335074778718,31
"19479","RS","Farroupilha",73061,47878.78,43016,"Caxias do Sul",4,"Sul",1,"430790",4,90,9,81,21,69,0,0,0,0,0,90,9,81,21,69,36,10.7764276789797,11.1990499876358,0.451062462222742,30
"19480","RS","Farroupilha",73061,47878.78,43016,"Caxias do Sul",4,"Sul",1,"430790",5,61,10,51,20,41,1,0,0,0,0,62,10,51,20,41,42,10.7764276789797,11.1990499876358,0.408276347905302,31
"19481","RS","Farroupilha",73061,47878.78,43016,"Caxias do Sul",4,"Sul",1,"430790",6,74,5,69,20,54,1,0,0,0,0,75,5,69,20,54,43,10.7764276789797,11.1990499876358,0.398844634282827,30
"19482","RS","Farroupilha",73061,47878.78,43016,"Caxias do Sul",4,"Sul",1,"430790",7,61,9,52,20,41,1,0,0,0,0,62,9,52,20,41,45,10.7764276789797,11.1990499876358,0.387175982517609,29
"19483","RS","Feliz",13640,31408.48,43023,"Montenegro",4,"Sul",0,"430810",2,32,5,27,3,29,0,0,0,0,0,32,5,27,3,29,11,10.35483319913,9.52076193139745,0.297524584124305,29
"19484","RS","Feliz",13640,31408.48,43023,"Montenegro",4,"Sul",0,"430810",3,18,6,12,8,10,0,0,0,0,0,18,6,12,8,10,8,10.35483319913,9.52076193139745,0.384462970546296,31
"19485","RS","Feliz",13640,31408.48,43023,"Montenegro",4,"Sul",0,"430810",4,14,3,11,2,12,0,0,0,0,0,14,3,11,2,12,9,10.35483319913,9.52076193139745,0.411357262882141,30
"19486","RS","Feliz",13640,31408.48,43023,"Montenegro",4,"Sul",0,"430810",5,12,3,9,3,9,0,0,0,0,0,12,3,9,3,9,7,10.35483319913,9.52076193139745,0.402321624123051,31
"19487","RS","Feliz",13640,31408.48,43023,"Montenegro",4,"Sul",0,"430810",6,10,1,9,2,8,0,0,0,0,0,10,1,9,2,8,9,10.35483319913,9.52076193139745,0.398115392182806,30
"19488","RS","Feliz",13640,31408.48,43023,"Montenegro",4,"Sul",0,"430810",7,14,1,13,3,11,0,0,0,0,0,14,1,13,3,11,10,10.35483319913,9.52076193139745,0.389488031349216,29
"19489","RS","Flores da Cunha",31063,53356.89,43016,"Caxias do Sul",4,"Sul",0,"430820",2,52,13,39,12,40,0,0,0,0,0,52,13,39,12,40,21,10.8847583955326,10.3437726792889,0.315610144152876,29
"19490","RS","Flores da Cunha",31063,53356.89,43016,"Caxias do Sul",4,"Sul",0,"430820",3,61,9,52,16,45,0,0,0,0,0,61,9,52,16,45,11,10.8847583955326,10.3437726792889,0.435292413113586,31
"19491","RS","Flores da Cunha",31063,53356.89,43016,"Caxias do Sul",4,"Sul",0,"430820",4,36,5,31,9,27,0,0,0,0,0,36,5,31,9,27,12,10.8847583955326,10.3437726792889,0.44781325193375,30
"19492","RS","Flores da Cunha",31063,53356.89,43016,"Caxias do Sul",4,"Sul",0,"430820",5,36,6,30,10,26,0,0,0,0,0,36,6,30,10,26,13,10.8847583955326,10.3437726792889,0.397410310956874,31
"19493","RS","Flores da Cunha",31063,53356.89,43016,"Caxias do Sul",4,"Sul",0,"430820",6,34,9,25,7,27,0,0,0,0,0,34,9,25,7,27,10,10.8847583955326,10.3437726792889,0.39047482730311,30
"19494","RS","Flores da Cunha",31063,53356.89,43016,"Caxias do Sul",4,"Sul",0,"430820",7,42,9,33,14,28,1,0,0,0,0,43,9,33,14,28,17,10.8847583955326,10.3437726792889,0.396146324481734,29
"19495","RS","Frederico Westphalen",31498,36706.92,43003,"Frederico Westphalen",4,"Sul",1,"430850",2,75,21,54,22,53,0,0,0,0,0,75,21,54,22,53,18,10.5107205721266,10.3576793307345,0.302128740405374,29
"19496","RS","Frederico Westphalen",31498,36706.92,43003,"Frederico Westphalen",4,"Sul",1,"430850",3,58,19,39,11,47,1,0,0,0,0,59,19,39,11,47,23,10.5107205721266,10.3576793307345,0.406221618888422,31
"19497","RS","Frederico Westphalen",31498,36706.92,43003,"Frederico Westphalen",4,"Sul",1,"430850",4,30,7,23,8,22,1,0,0,0,0,31,7,23,8,22,16,10.5107205721266,10.3576793307345,0.428933477937989,30
"19498","RS","Frederico Westphalen",31498,36706.92,43003,"Frederico Westphalen",4,"Sul",1,"430850",5,41,8,33,12,29,0,0,0,0,0,41,8,33,12,29,13,10.5107205721266,10.3576793307345,0.425723632371476,31
"19499","RS","Frederico Westphalen",31498,36706.92,43003,"Frederico Westphalen",4,"Sul",1,"430850",6,39,8,31,14,25,0,0,0,0,0,39,8,31,14,25,22,10.5107205721266,10.3576793307345,0.40995346708578,30
"19500","RS","Frederico Westphalen",31498,36706.92,43003,"Frederico Westphalen",4,"Sul",1,"430850",7,44,10,34,11,33,0,0,0,0,0,44,10,34,11,33,17,10.5107205721266,10.3576793307345,0.400751915562966,29
"19501","RS","Garibaldi",35440,59883.3,43016,"Caxias do Sul",4,"Sul",1,"430860",2,75,7,68,10,65,1,0,0,0,0,76,7,68,10,65,15,11.0001529472355,10.475596404719,0.291192177649093,29
"19502","RS","Garibaldi",35440,59883.3,43016,"Caxias do Sul",4,"Sul",1,"430860",3,61,13,48,14,47,0,0,0,0,0,61,13,48,14,47,15,11.0001529472355,10.475596404719,0.417491165330191,31
"19503","RS","Garibaldi",35440,59883.3,43016,"Caxias do Sul",4,"Sul",1,"430860",4,28,7,21,8,20,0,0,0,0,0,28,7,21,8,20,13,11.0001529472355,10.475596404719,0.429304737377003,30
"19504","RS","Garibaldi",35440,59883.3,43016,"Caxias do Sul",4,"Sul",1,"430860",5,32,5,27,6,26,0,0,0,0,0,32,5,27,6,26,24,11.0001529472355,10.475596404719,0.388731401267996,31
"19505","RS","Garibaldi",35440,59883.3,43016,"Caxias do Sul",4,"Sul",1,"430860",6,33,9,24,3,30,0,0,0,0,0,33,9,24,3,30,23,11.0001529472355,10.475596404719,0.371701053389997,30
"19506","RS","Garibaldi",35440,59883.3,43016,"Caxias do Sul",4,"Sul",1,"430860",7,30,6,24,8,22,0,0,0,0,0,30,6,24,8,22,17,11.0001529472355,10.475596404719,0.363155929753966,29
"19507","RS","Getúlio Vargas",16184,34152.09,43004,"Erechim",4,"Sul",1,"430890",2,36,5,31,7,29,0,0,0,0,0,36,5,31,7,29,13,10.4385790637119,9.69177837884758,0.331736492832252,29
"19508","RS","Getúlio Vargas",16184,34152.09,43004,"Erechim",4,"Sul",1,"430890",3,22,5,17,8,14,0,0,0,0,0,22,5,17,8,14,5,10.4385790637119,9.69177837884758,0.432805664627091,31
"19509","RS","Getúlio Vargas",16184,34152.09,43004,"Erechim",4,"Sul",1,"430890",4,19,4,15,3,16,0,0,0,0,0,19,4,15,3,16,8,10.4385790637119,9.69177837884758,0.458649996875549,30
"19510","RS","Getúlio Vargas",16184,34152.09,43004,"Erechim",4,"Sul",1,"430890",5,10,2,8,3,7,0,0,0,0,0,10,2,8,3,7,12,10.4385790637119,9.69177837884758,0.431779834685487,31
"19511","RS","Getúlio Vargas",16184,34152.09,43004,"Erechim",4,"Sul",1,"430890",6,20,3,17,7,13,0,0,0,0,0,20,3,17,7,13,12,10.4385790637119,9.69177837884758,0.42628438693168,30
"19512","RS","Getúlio Vargas",16184,34152.09,43004,"Erechim",4,"Sul",1,"430890",7,20,4,16,9,11,0,0,0,0,0,20,4,16,9,11,5,10.4385790637119,9.69177837884758,0.416126968781661,29
"19513","RS","Giruá",15863,48599.82,43007,"Santo Ângelo",4,"Sul",0,"430900",2,28,6,22,4,24,0,0,0,0,0,28,6,22,4,24,9,10.791375106178,9.67174463240845,0.323411919204743,29
"19514","RS","Giruá",15863,48599.82,43007,"Santo Ângelo",4,"Sul",0,"430900",3,18,2,16,8,10,0,0,0,0,0,18,2,16,8,10,14,10.791375106178,9.67174463240845,0.41974951593225,31
"19515","RS","Giruá",15863,48599.82,43007,"Santo Ângelo",4,"Sul",0,"430900",4,11,0,11,3,8,1,0,0,0,0,12,0,11,3,8,13,10.791375106178,9.67174463240845,0.419161073527982,30
"19516","RS","Giruá",15863,48599.82,43007,"Santo Ângelo",4,"Sul",0,"430900",5,9,4,5,1,8,0,0,0,0,0,9,4,5,1,8,17,10.791375106178,9.67174463240845,0.420659933193947,31
"19517","RS","Giruá",15863,48599.82,43007,"Santo Ângelo",4,"Sul",0,"430900",6,15,2,13,5,10,0,0,0,0,0,15,2,13,5,10,12,10.791375106178,9.67174463240845,0.409087842188997,30
"19518","RS","Giruá",15863,48599.82,43007,"Santo Ângelo",4,"Sul",0,"430900",7,13,2,11,3,10,0,0,0,0,0,13,2,11,3,10,19,10.791375106178,9.67174463240845,0.41567670572849,29
"19519","RS","Glorinha",8204,41243.59,43026,"Porto Alegre",4,"Sul",1,"430905",2,9,0,9,3,6,0,0,0,0,0,9,0,9,3,6,3,10.6272509857485,9.01237711919227,0.305435308095374,29
"19520","RS","Glorinha",8204,41243.59,43026,"Porto Alegre",4,"Sul",1,"430905",3,4,1,3,1,3,0,0,0,0,0,4,1,3,1,3,7,10.6272509857485,9.01237711919227,0.390321710058278,31
"19521","RS","Glorinha",8204,41243.59,43026,"Porto Alegre",4,"Sul",1,"430905",4,11,2,9,2,9,0,0,0,0,0,11,2,9,2,9,5,10.6272509857485,9.01237711919227,0.4434118111856,30
"19522","RS","Glorinha",8204,41243.59,43026,"Porto Alegre",4,"Sul",1,"430905",5,8,2,6,1,7,0,0,0,0,0,8,2,6,1,7,3,10.6272509857485,9.01237711919227,0.404516470762111,31
"19523","RS","Glorinha",8204,41243.59,43026,"Porto Alegre",4,"Sul",1,"430905",6,9,4,5,3,6,0,0,0,0,0,9,4,5,3,6,4,10.6272509857485,9.01237711919227,0.395923111445855,30
"19524","RS","Glorinha",8204,41243.59,43026,"Porto Alegre",4,"Sul",1,"430905",7,9,3,6,1,8,0,0,0,0,0,9,3,6,1,8,5,10.6272509857485,9.01237711919227,0.415915628807384,29
"19525","RS","Gramado",36555,54901.17,43024,"Gramado-Canela",4,"Sul",1,"430910",2,69,14,55,20,49,1,0,0,0,0,70,14,55,20,49,25,10.9132899387459,10.5065732547274,0.29440126478112,29
"19526","RS","Gramado",36555,54901.17,43024,"Gramado-Canela",4,"Sul",1,"430910",3,75,10,65,26,49,0,0,0,0,0,75,10,65,26,49,19,10.9132899387459,10.5065732547274,0.428067202501508,31
"19527","RS","Gramado",36555,54901.17,43024,"Gramado-Canela",4,"Sul",1,"430910",4,48,7,41,13,35,0,0,0,0,0,48,7,41,13,35,15,10.9132899387459,10.5065732547274,0.473886140876333,30
"19528","RS","Gramado",36555,54901.17,43024,"Gramado-Canela",4,"Sul",1,"430910",5,47,7,40,11,36,1,0,0,0,0,48,7,40,11,36,15,10.9132899387459,10.5065732547274,0.412652106448471,31
"19529","RS","Gramado",36555,54901.17,43024,"Gramado-Canela",4,"Sul",1,"430910",6,45,6,39,10,35,0,0,0,0,0,45,6,39,10,35,13,10.9132899387459,10.5065732547274,0.380678277892464,30
"19530","RS","Gramado",36555,54901.17,43024,"Gramado-Canela",4,"Sul",1,"430910",7,45,9,36,9,36,0,0,0,0,0,45,9,36,9,36,34,10.9132899387459,10.5065732547274,0.414907546194044,29
"19531","RS","Gravataí",283620,42820.82,43026,"Porto Alegre",4,"Sul",1,"430920",2,416,127,289,150,266,0,0,0,0,0,416,127,289,150,266,140,10.6647797118903,12.5553905930153,0.300164857801845,29
"19532","RS","Gravataí",283620,42820.82,43026,"Porto Alegre",4,"Sul",1,"430920",3,416,106,310,143,273,3,0,0,0,0,419,106,310,143,273,157,10.6647797118903,12.5553905930153,0.406244589734755,31
"19533","RS","Gravataí",283620,42820.82,43026,"Porto Alegre",4,"Sul",1,"430920",4,295,86,209,100,195,4,0,0,0,0,299,86,209,100,195,144,10.6647797118903,12.5553905930153,0.467830791411859,30
"19534","RS","Gravataí",283620,42820.82,43026,"Porto Alegre",4,"Sul",1,"430920",5,271,70,201,76,195,1,0,0,0,0,272,70,201,76,195,142,10.6647797118903,12.5553905930153,0.409978214541147,31
"19535","RS","Gravataí",283620,42820.82,43026,"Porto Alegre",4,"Sul",1,"430920",6,297,74,223,115,182,5,0,0,0,0,302,74,223,115,182,167,10.6647797118903,12.5553905930153,0.39179486351751,30
"19536","RS","Gravataí",283620,42820.82,43026,"Porto Alegre",4,"Sul",1,"430920",7,284,75,209,79,205,1,0,0,0,0,285,75,209,79,205,225,10.6647797118903,12.5553905930153,0.40180040624649,29
"19537","RS","Guaíba",98239,68641.09,43026,"Porto Alegre",4,"Sul",1,"430930",2,152,32,120,52,100,3,0,0,0,0,155,32,120,52,100,54,11.1366466139891,11.4951585641761,0.314197059356955,29
"19538","RS","Guaíba",98239,68641.09,43026,"Porto Alegre",4,"Sul",1,"430930",3,146,43,103,58,88,0,0,0,0,0,146,43,103,58,88,70,11.1366466139891,11.4951585641761,0.418170543854753,31
"19539","RS","Guaíba",98239,68641.09,43026,"Porto Alegre",4,"Sul",1,"430930",4,79,19,60,27,52,0,0,0,0,0,79,19,60,27,52,46,11.1366466139891,11.4951585641761,0.47580335544973,30
"19540","RS","Guaíba",98239,68641.09,43026,"Porto Alegre",4,"Sul",1,"430930",5,96,25,71,27,69,0,0,0,0,0,96,25,71,27,69,47,11.1366466139891,11.4951585641761,0.426624654858489,31
"19541","RS","Guaíba",98239,68641.09,43026,"Porto Alegre",4,"Sul",1,"430930",6,98,17,81,30,68,0,0,0,0,0,98,17,81,30,68,62,11.1366466139891,11.4951585641761,0.411724832715944,30
"19542","RS","Guaíba",98239,68641.09,43026,"Porto Alegre",4,"Sul",1,"430930",7,94,27,67,36,58,0,0,0,0,0,94,27,67,36,58,71,11.1366466139891,11.4951585641761,0.422703699535619,29
"19543","RS","Guaporé",25968,34001.53,43014,"Guaporé",4,"Sul",1,"430940",2,39,10,29,10,29,0,0,0,0,0,39,10,29,10,29,6,10.4341608025858,10.1646202897544,0.311049766233473,29
"19544","RS","Guaporé",25968,34001.53,43014,"Guaporé",4,"Sul",1,"430940",3,54,8,46,14,40,0,0,0,0,0,54,8,46,14,40,22,10.4341608025858,10.1646202897544,0.430728994627083,31
"19545","RS","Guaporé",25968,34001.53,43014,"Guaporé",4,"Sul",1,"430940",4,32,3,29,10,22,0,0,0,0,0,32,3,29,10,22,10,10.4341608025858,10.1646202897544,0.417206691352206,30
"19546","RS","Guaporé",25968,34001.53,43014,"Guaporé",4,"Sul",1,"430940",5,26,4,22,7,19,0,0,0,0,0,26,4,22,7,19,18,10.4341608025858,10.1646202897544,0.382816574199442,31
"19547","RS","Guaporé",25968,34001.53,43014,"Guaporé",4,"Sul",1,"430940",6,25,1,24,6,19,0,0,0,0,0,25,1,24,6,19,15,10.4341608025858,10.1646202897544,0.395979166091413,30
"19548","RS","Guaporé",25968,34001.53,43014,"Guaporé",4,"Sul",1,"430940",7,31,8,23,4,27,0,0,0,0,0,31,8,23,4,27,22,10.4341608025858,10.1646202897544,0.391788979843565,29
"19549","RS","Horizontina",19389,84405.81,43002,"Três Passos",4,"Sul",1,"430960",2,32,3,29,7,25,0,0,0,0,0,32,3,29,7,25,10,11.3433915170773,9.87246117393101,0.296030686038324,29
"19550","RS","Horizontina",19389,84405.81,43002,"Três Passos",4,"Sul",1,"430960",3,31,7,24,11,20,0,0,0,0,0,31,7,24,11,20,12,11.3433915170773,9.87246117393101,0.378354448163403,31
"19551","RS","Horizontina",19389,84405.81,43002,"Três Passos",4,"Sul",1,"430960",4,16,2,14,2,14,0,0,0,0,0,16,2,14,2,14,10,11.3433915170773,9.87246117393101,0.436130795026479,30
"19552","RS","Horizontina",19389,84405.81,43002,"Três Passos",4,"Sul",1,"430960",5,22,1,21,7,15,0,0,0,0,0,22,1,21,7,15,9,11.3433915170773,9.87246117393101,0.418021683302569,31
"19553","RS","Horizontina",19389,84405.81,43002,"Três Passos",4,"Sul",1,"430960",6,24,2,22,4,20,0,0,0,0,0,24,2,22,4,20,12,11.3433915170773,9.87246117393101,0.414806496766888,30
"19554","RS","Horizontina",19389,84405.81,43002,"Três Passos",4,"Sul",1,"430960",7,15,3,12,2,13,0,0,0,0,0,15,3,12,2,13,7,11.3433915170773,9.87246117393101,0.39772070270037,29
"19555","RS","Ibirubá",20413,52551.35,43011,"Cruz Alta",4,"Sul",0,"431000",2,45,9,36,16,29,0,0,0,0,0,45,9,36,16,29,14,10.8695460657943,9.92392723177358,0.322805313047071,29
"19556","RS","Ibirubá",20413,52551.35,43011,"Cruz Alta",4,"Sul",0,"431000",3,41,4,37,11,30,0,0,0,0,0,41,4,37,11,30,17,10.8695460657943,9.92392723177358,0.411678165293481,31
"19557","RS","Ibirubá",20413,52551.35,43011,"Cruz Alta",4,"Sul",0,"431000",4,22,4,18,5,17,0,0,0,0,0,22,4,18,5,17,10,10.8695460657943,9.92392723177358,0.409642554645821,30
"19558","RS","Ibirubá",20413,52551.35,43011,"Cruz Alta",4,"Sul",0,"431000",5,19,2,17,0,19,0,0,0,0,0,19,2,17,0,19,5,10.8695460657943,9.92392723177358,0.42181025935477,31
"19559","RS","Ibirubá",20413,52551.35,43011,"Cruz Alta",4,"Sul",0,"431000",6,27,6,21,6,21,0,0,0,0,0,27,6,21,6,21,14,10.8695460657943,9.92392723177358,0.397915914692913,30
"19560","RS","Ibirubá",20413,52551.35,43011,"Cruz Alta",4,"Sul",0,"431000",7,17,2,15,6,11,0,0,0,0,0,17,2,15,6,11,14,10.8695460657943,9.92392723177358,0.414337783092521,29
"19561","RS","Igrejinha",37340,49798.73,43024,"Gramado-Canela",4,"Sul",1,"431010",2,69,21,48,19,50,0,0,0,0,0,69,21,48,19,50,20,10.8157447606795,10.5278204170957,0.304577147283887,29
"19562","RS","Igrejinha",37340,49798.73,43024,"Gramado-Canela",4,"Sul",1,"431010",3,70,21,49,25,45,0,0,0,0,0,70,21,49,25,45,12,10.8157447606795,10.5278204170957,0.407629675867576,31
"19563","RS","Igrejinha",37340,49798.73,43024,"Gramado-Canela",4,"Sul",1,"431010",4,53,19,34,19,34,0,0,0,0,0,53,19,34,19,34,18,10.8157447606795,10.5278204170957,0.434641025345846,30
"19564","RS","Igrejinha",37340,49798.73,43024,"Gramado-Canela",4,"Sul",1,"431010",5,41,19,22,16,25,0,0,0,0,0,41,19,22,16,25,21,10.8157447606795,10.5278204170957,0.395809629302053,31
"19565","RS","Igrejinha",37340,49798.73,43024,"Gramado-Canela",4,"Sul",1,"431010",6,53,16,37,19,34,0,0,0,0,0,53,16,37,19,34,24,10.8157447606795,10.5278204170957,0.379562186960259,30
"19566","RS","Igrejinha",37340,49798.73,43024,"Gramado-Canela",4,"Sul",1,"431010",7,41,12,29,10,31,0,0,0,0,0,41,12,29,10,31,33,10.8157447606795,10.5278204170957,0.385852652787142,29
"19567","RS","Ijuí",83764,42446.9,43008,"Ijuí",4,"Sul",1,"431020",2,161,29,132,48,113,2,0,0,0,0,163,29,132,48,113,48,10.6560091619822,11.335758599896,0.299198648989805,29
"19568","RS","Ijuí",83764,42446.9,43008,"Ijuí",4,"Sul",1,"431020",3,150,25,125,41,109,0,0,0,0,0,150,25,125,41,109,60,10.6560091619822,11.335758599896,0.400988331769774,31
"19569","RS","Ijuí",83764,42446.9,43008,"Ijuí",4,"Sul",1,"431020",4,109,20,89,35,74,1,0,0,0,0,110,20,89,35,74,57,10.6560091619822,11.335758599896,0.432821714439733,30
"19570","RS","Ijuí",83764,42446.9,43008,"Ijuí",4,"Sul",1,"431020",5,107,17,90,33,74,1,0,0,0,0,108,17,90,33,74,44,10.6560091619822,11.335758599896,0.403169506083747,31
"19571","RS","Ijuí",83764,42446.9,43008,"Ijuí",4,"Sul",1,"431020",6,93,19,74,33,60,0,0,0,0,0,93,19,74,33,60,54,10.6560091619822,11.335758599896,0.387964393708468,30
"19572","RS","Ijuí",83764,42446.9,43008,"Ijuí",4,"Sul",1,"431020",7,84,10,74,27,57,1,0,0,0,0,85,10,74,27,57,76,10.6560091619822,11.335758599896,0.387822950975752,29
"19573","RS","Imbé",23271,20405.2,43027,"Osório",4,"Sul",1,"431033",2,51,17,34,17,34,0,0,0,0,0,51,17,34,17,34,19,9.92354504931111,10.054963229159,0.319222188155632,29
"19574","RS","Imbé",23271,20405.2,43027,"Osório",4,"Sul",1,"431033",3,43,19,24,19,24,0,0,0,0,0,43,19,24,19,24,21,9.92354504931111,10.054963229159,0.437504421860413,31
"19575","RS","Imbé",23271,20405.2,43027,"Osório",4,"Sul",1,"431033",4,18,11,7,7,11,0,0,0,0,0,18,11,7,7,11,6,9.92354504931111,10.054963229159,0.480796717447393,30
"19576","RS","Imbé",23271,20405.2,43027,"Osório",4,"Sul",1,"431033",5,20,8,12,5,15,0,0,0,0,0,20,8,12,5,15,18,9.92354504931111,10.054963229159,0.436050719064422,31
"19577","RS","Imbé",23271,20405.2,43027,"Osório",4,"Sul",1,"431033",6,21,9,12,9,12,1,0,0,0,0,22,9,12,9,12,19,9.92354504931111,10.054963229159,0.427433649171296,30
"19578","RS","Imbé",23271,20405.2,43027,"Osório",4,"Sul",1,"431033",7,26,6,20,9,17,0,0,0,0,0,26,6,20,9,17,20,9.92354504931111,10.054963229159,0.445688477418591,29
"19579","RS","Itaqui",37489,36770.02,43029,"Campanha Ocidental",4,"Sul",1,"431060",2,68,29,39,30,38,2,0,0,0,0,70,29,39,30,38,27,10.5124381182168,10.5318028355945,0.265571405422681,29
"19580","RS","Itaqui",37489,36770.02,43029,"Campanha Ocidental",4,"Sul",1,"431060",3,42,9,33,15,27,0,0,0,0,0,42,9,33,15,27,19,10.5124381182168,10.5318028355945,0.359130465953432,31
"19581","RS","Itaqui",37489,36770.02,43029,"Campanha Ocidental",4,"Sul",1,"431060",4,35,10,25,19,16,0,0,0,0,0,35,10,25,19,16,21,10.5124381182168,10.5318028355945,0.386856534325532,30
"19582","RS","Itaqui",37489,36770.02,43029,"Campanha Ocidental",4,"Sul",1,"431060",5,36,11,25,13,23,1,0,0,0,0,37,11,25,13,23,22,10.5124381182168,10.5318028355945,0.371727361097972,31
"19583","RS","Itaqui",37489,36770.02,43029,"Campanha Ocidental",4,"Sul",1,"431060",6,46,10,36,21,25,2,0,0,0,0,48,10,36,21,25,23,10.5124381182168,10.5318028355945,0.360785252255704,30
"19584","RS","Itaqui",37489,36770.02,43029,"Campanha Ocidental",4,"Sul",1,"431060",7,41,12,29,17,24,0,0,0,0,0,41,12,29,17,24,31,10.5124381182168,10.5318028355945,0.368855110911089,29
"19585","RS","Ivoti",24690,42392.5,43024,"Gramado-Canela",4,"Sul",1,"431080",2,22,3,19,4,18,0,0,0,0,0,22,3,19,4,18,7,10.6547267387813,10.1141535823392,0.291675439911329,29
"19586","RS","Ivoti",24690,42392.5,43024,"Gramado-Canela",4,"Sul",1,"431080",3,33,6,27,9,24,0,0,0,0,0,33,6,27,9,24,10,10.6547267387813,10.1141535823392,0.420260552145063,31
"19587","RS","Ivoti",24690,42392.5,43024,"Gramado-Canela",4,"Sul",1,"431080",4,13,3,10,4,9,0,0,0,0,0,13,3,10,4,9,12,10.6547267387813,10.1141535823392,0.475475477817428,30
"19588","RS","Ivoti",24690,42392.5,43024,"Gramado-Canela",4,"Sul",1,"431080",5,17,2,15,5,12,0,0,0,0,0,17,2,15,5,12,10,10.6547267387813,10.1141535823392,0.421782141400441,31
"19589","RS","Ivoti",24690,42392.5,43024,"Gramado-Canela",4,"Sul",1,"431080",6,20,5,15,6,14,0,0,0,0,0,20,5,15,6,14,13,10.6547267387813,10.1141535823392,0.393721205091647,30
"19590","RS","Ivoti",24690,42392.5,43024,"Gramado-Canela",4,"Sul",1,"431080",7,16,2,14,3,13,0,0,0,0,0,16,2,14,3,13,11,10.6547267387813,10.1141535823392,0.39775153498606,29
"19591","RS","Jaguarão",26500,24959.82,43034,"Jaguarão",4,"Sul",1,"431100",2,37,10,27,14,23,0,0,0,0,0,37,10,27,14,23,16,10.1250226109189,10.1849000119743,0.320699419516307,29
"19592","RS","Jaguarão",26500,24959.82,43034,"Jaguarão",4,"Sul",1,"431100",3,45,15,30,16,29,0,0,0,0,0,45,15,30,16,29,23,10.1250226109189,10.1849000119743,0.427109011211052,31
"19593","RS","Jaguarão",26500,24959.82,43034,"Jaguarão",4,"Sul",1,"431100",4,25,4,21,8,17,1,0,0,0,0,26,4,21,8,17,18,10.1250226109189,10.1849000119743,0.470598830829527,30
"19594","RS","Jaguarão",26500,24959.82,43034,"Jaguarão",4,"Sul",1,"431100",5,24,7,17,9,15,0,0,0,0,0,24,7,17,9,15,21,10.1250226109189,10.1849000119743,0.436259455154611,31
"19595","RS","Jaguarão",26500,24959.82,43034,"Jaguarão",4,"Sul",1,"431100",6,28,9,19,10,18,0,0,0,0,0,28,9,19,10,18,30,10.1250226109189,10.1849000119743,0.416466814548492,30
"19596","RS","Jaguarão",26500,24959.82,43034,"Jaguarão",4,"Sul",1,"431100",7,29,8,21,9,20,0,0,0,0,0,29,8,21,9,20,26,10.1250226109189,10.1849000119743,0.427203327703101,29
"19597","RS","Jaguari",10765,23282.63,43018,"Santa Maria",4,"Sul",0,"431110",2,14,2,12,1,13,0,0,0,0,0,14,2,12,1,13,8,10.0554628679731,9.28405540979846,0.267730320156653,29
"19598","RS","Jaguari",10765,23282.63,43018,"Santa Maria",4,"Sul",0,"431110",3,14,3,11,4,10,0,0,0,0,0,14,3,11,4,10,12,10.0554628679731,9.28405540979846,0.377695214184314,31
"19599","RS","Jaguari",10765,23282.63,43018,"Santa Maria",4,"Sul",0,"431110",4,4,0,4,0,4,0,0,0,0,0,4,0,4,0,4,9,10.0554628679731,9.28405540979846,0.424143107983656,30
"19600","RS","Jaguari",10765,23282.63,43018,"Santa Maria",4,"Sul",0,"431110",5,4,2,2,1,3,0,0,0,0,0,4,2,2,1,3,6,10.0554628679731,9.28405540979846,0.419205228712196,31
"19601","RS","Jaguari",10765,23282.63,43018,"Santa Maria",4,"Sul",0,"431110",6,11,2,9,4,7,0,0,0,0,0,11,2,9,4,7,7,10.0554628679731,9.28405540979846,0.435150621165321,30
"19602","RS","Jaguari",10765,23282.63,43018,"Santa Maria",4,"Sul",0,"431110",7,8,2,6,3,5,0,0,0,0,0,8,2,6,3,5,9,10.0554628679731,9.28405540979846,0.451263383202028,29
"19603","RS","Júlio de Castilhos",19224,67506.41,43017,"Santiago",4,"Sul",1,"431120",2,30,9,21,9,21,0,0,0,0,0,30,9,21,9,21,11,11.1199778353149,9.8639147774163,0.313150311421656,29
"19604","RS","Júlio de Castilhos",19224,67506.41,43017,"Santiago",4,"Sul",1,"431120",3,31,7,24,11,20,0,0,0,0,0,31,7,24,11,20,12,11.1199778353149,9.8639147774163,0.395878452758302,31
"19605","RS","Júlio de Castilhos",19224,67506.41,43017,"Santiago",4,"Sul",1,"431120",4,22,10,12,8,14,0,0,0,0,0,22,10,12,8,14,14,11.1199778353149,9.8639147774163,0.422248160786812,30
"19606","RS","Júlio de Castilhos",19224,67506.41,43017,"Santiago",4,"Sul",1,"431120",5,15,5,10,1,14,0,0,0,0,0,15,5,10,1,14,13,11.1199778353149,9.8639147774163,0.391943428088746,31
"19607","RS","Júlio de Castilhos",19224,67506.41,43017,"Santiago",4,"Sul",1,"431120",6,15,6,9,8,7,0,0,0,0,0,15,6,9,8,7,19,11.1199778353149,9.8639147774163,0.382583810564263,30
"19608","RS","Júlio de Castilhos",19224,67506.41,43017,"Santiago",4,"Sul",1,"431120",7,24,8,16,4,20,0,0,0,0,0,24,8,16,4,20,16,11.1199778353149,9.8639147774163,0.387336362185877,29
"19609","RS","Lagoa Vermelha",27778,41824.19,43015,"Vacaria",4,"Sul",1,"431130",2,59,22,37,24,35,0,0,0,0,0,59,22,37,24,35,29,10.6412301592598,10.2319996194762,0.306233615952755,29
"19610","RS","Lagoa Vermelha",27778,41824.19,43015,"Vacaria",4,"Sul",1,"431130",3,62,10,52,24,38,0,0,0,0,0,62,10,52,24,38,23,10.6412301592598,10.2319996194762,0.392822279279054,31
"19611","RS","Lagoa Vermelha",27778,41824.19,43015,"Vacaria",4,"Sul",1,"431130",4,48,11,37,21,27,0,0,0,0,0,48,11,37,21,27,22,10.6412301592598,10.2319996194762,0.417511206021882,30
"19612","RS","Lagoa Vermelha",27778,41824.19,43015,"Vacaria",4,"Sul",1,"431130",5,25,4,21,14,11,0,0,0,0,0,25,4,21,14,11,22,10.6412301592598,10.2319996194762,0.391197222937799,31
"19613","RS","Lagoa Vermelha",27778,41824.19,43015,"Vacaria",4,"Sul",1,"431130",6,30,9,21,14,16,0,0,0,0,0,30,9,21,14,16,20,10.6412301592598,10.2319996194762,0.393430177381977,30
"19614","RS","Lagoa Vermelha",27778,41824.19,43015,"Vacaria",4,"Sul",1,"431130",7,28,10,18,7,21,1,0,0,0,0,29,10,18,7,21,23,10.6412301592598,10.2319996194762,0.387304222503164,29
"19615","RS","Lajeado",85033,51129.4,43021,"Lajeado-Estrela",4,"Sul",1,"431140",2,175,43,132,42,133,3,0,0,0,0,178,43,132,42,133,45,10.8421149532115,11.3507946954227,0.286133873532307,29
"19616","RS","Lajeado",85033,51129.4,43021,"Lajeado-Estrela",4,"Sul",1,"431140",3,177,49,128,45,132,0,0,0,0,0,177,49,128,45,132,36,10.8421149532115,11.3507946954227,0.403864541709107,31
"19617","RS","Lajeado",85033,51129.4,43021,"Lajeado-Estrela",4,"Sul",1,"431140",4,112,22,90,21,91,1,0,0,0,0,113,22,90,21,91,43,10.8421149532115,11.3507946954227,0.448985278558279,30
"19618","RS","Lajeado",85033,51129.4,43021,"Lajeado-Estrela",4,"Sul",1,"431140",5,108,24,84,23,85,0,0,0,0,0,108,24,84,23,85,48,10.8421149532115,11.3507946954227,0.415418352076155,31
"19619","RS","Lajeado",85033,51129.4,43021,"Lajeado-Estrela",4,"Sul",1,"431140",6,108,21,87,22,86,0,0,0,0,0,108,21,87,22,86,46,10.8421149532115,11.3507946954227,0.370581062102585,30
"19620","RS","Lajeado",85033,51129.4,43021,"Lajeado-Estrela",4,"Sul",1,"431140",7,111,21,90,25,86,2,0,0,0,0,113,21,90,25,86,58,10.8421149532115,11.3507946954227,0.365762039882856,29
"19621","RS","Lindolfo Collor",6125,49614.84,43024,"Gramado-Canela",4,"Sul",1,"431162",2,8,1,7,2,6,0,0,0,0,0,8,1,7,2,6,2,10.8120452615119,8.72013403541293,0.294407210780186,29
"19622","RS","Lindolfo Collor",6125,49614.84,43024,"Gramado-Canela",4,"Sul",1,"431162",3,9,1,8,3,6,0,0,0,0,0,9,1,8,3,6,1,10.8120452615119,8.72013403541293,0.410983063627105,31
"19623","RS","Lindolfo Collor",6125,49614.84,43024,"Gramado-Canela",4,"Sul",1,"431162",4,4,1,3,2,2,0,0,0,0,0,4,1,3,2,2,2,10.8120452615119,8.72013403541293,0.447947530737204,30
"19624","RS","Lindolfo Collor",6125,49614.84,43024,"Gramado-Canela",4,"Sul",1,"431162",5,8,0,8,3,5,0,0,0,0,0,8,0,8,3,5,1,10.8120452615119,8.72013403541293,0.401775369555548,31
"19625","RS","Lindolfo Collor",6125,49614.84,43024,"Gramado-Canela",4,"Sul",1,"431162",6,6,2,4,3,3,0,0,0,0,0,6,2,4,3,3,3,10.8120452615119,8.72013403541293,0.408228320143237,30
"19626","RS","Lindolfo Collor",6125,49614.84,43024,"Gramado-Canela",4,"Sul",1,"431162",7,9,2,7,1,8,0,0,0,0,0,9,2,7,1,8,5,10.8120452615119,8.72013403541293,0.373979813534136,29
"19627","RS","Marau",44858,47227.43,43010,"Passo Fundo",4,"Sul",1,"431180",2,95,12,83,26,69,0,0,0,0,0,95,12,83,26,69,17,10.7627301468426,10.7112572239328,0.336221210582946,29
"19628","RS","Marau",44858,47227.43,43010,"Passo Fundo",4,"Sul",1,"431180",3,72,11,61,20,52,0,0,0,0,0,72,11,61,20,52,25,10.7627301468426,10.7112572239328,0.419961193794488,31
"19629","RS","Marau",44858,47227.43,43010,"Passo Fundo",4,"Sul",1,"431180",4,52,5,47,15,37,0,0,0,0,0,52,5,47,15,37,14,10.7627301468426,10.7112572239328,0.466869404228257,30
"19630","RS","Marau",44858,47227.43,43010,"Passo Fundo",4,"Sul",1,"431180",5,50,12,38,16,34,1,0,0,0,0,51,12,38,16,34,32,10.7627301468426,10.7112572239328,0.423023271519925,31
"19631","RS","Marau",44858,47227.43,43010,"Passo Fundo",4,"Sul",1,"431180",6,60,7,53,14,46,0,0,0,0,0,60,7,53,14,46,29,10.7627301468426,10.7112572239328,0.416294429939955,30
"19632","RS","Marau",44858,47227.43,43010,"Passo Fundo",4,"Sul",1,"431180",7,55,12,43,10,45,0,0,0,0,0,55,12,43,10,45,24,10.7627301468426,10.7112572239328,0.417973190984552,29
"19633","RS","Minas do Leão",8103,21970.07,43025,"São Jerônimo",4,"Sul",0,"431225",2,11,8,3,10,1,0,0,0,0,0,11,8,3,10,1,5,9.99743635153653,8.99998964246073,0.337963299328079,29
"19634","RS","Minas do Leão",8103,21970.07,43025,"São Jerônimo",4,"Sul",0,"431225",3,12,4,8,4,8,0,0,0,0,0,12,4,8,4,8,4,9.99743635153653,8.99998964246073,0.418494856297364,31
"19635","RS","Minas do Leão",8103,21970.07,43025,"São Jerônimo",4,"Sul",0,"431225",4,5,4,1,3,2,0,0,0,0,0,5,4,1,3,2,3,9.99743635153653,8.99998964246073,0.439630878598554,30
"19636","RS","Minas do Leão",8103,21970.07,43025,"São Jerônimo",4,"Sul",0,"431225",5,12,6,6,5,7,0,0,0,0,0,12,6,6,5,7,2,9.99743635153653,8.99998964246073,0.409963891236547,31
"19637","RS","Minas do Leão",8103,21970.07,43025,"São Jerônimo",4,"Sul",0,"431225",6,9,2,7,1,8,0,0,0,0,0,9,2,7,1,8,8,9.99743635153653,8.99998964246073,0.375168748879026,30
"19638","RS","Minas do Leão",8103,21970.07,43025,"São Jerônimo",4,"Sul",0,"431225",7,3,2,1,1,2,0,0,0,0,0,3,2,1,1,2,5,9.99743635153653,8.99998964246073,0.372871859984888,29
"19639","RS","Montenegro",65721,57568.88,43023,"Montenegro",4,"Sul",1,"431240",2,108,29,79,43,65,0,0,0,0,0,108,29,79,43,65,33,10.9607374229036,11.0931737881036,0.307501852159972,29
"19640","RS","Montenegro",65721,57568.88,43023,"Montenegro",4,"Sul",1,"431240",3,122,34,88,45,77,0,0,0,0,0,122,34,88,45,77,30,10.9607374229036,11.0931737881036,0.408440132909028,31
"19641","RS","Montenegro",65721,57568.88,43023,"Montenegro",4,"Sul",1,"431240",4,85,17,68,24,61,0,0,0,0,0,85,17,68,24,61,28,10.9607374229036,11.0931737881036,0.465774298979193,30
"19642","RS","Montenegro",65721,57568.88,43023,"Montenegro",4,"Sul",1,"431240",5,83,31,52,28,55,0,0,0,0,0,83,31,52,28,55,41,10.9607374229036,11.0931737881036,0.412758110193615,31
"19643","RS","Montenegro",65721,57568.88,43023,"Montenegro",4,"Sul",1,"431240",6,81,26,55,28,53,0,0,0,0,0,81,26,55,28,53,44,10.9607374229036,11.0931737881036,0.395879803722211,30
"19644","RS","Montenegro",65721,57568.88,43023,"Montenegro",4,"Sul",1,"431240",7,61,21,40,22,39,2,0,0,0,0,63,21,40,22,39,58,10.9607374229036,11.0931737881036,0.396606590980839,29
"19645","RS","Morro Reuter",6513,28815.4,43024,"Gramado-Canela",4,"Sul",1,"431247",2,10,1,9,2,8,0,0,0,0,0,10,1,9,2,8,2,10.2686652454333,8.7815554585464,0.303575843321056,29
"19646","RS","Morro Reuter",6513,28815.4,43024,"Gramado-Canela",4,"Sul",1,"431247",3,13,0,13,2,11,0,0,0,0,0,13,0,13,2,11,5,10.2686652454333,8.7815554585464,0.401997181446826,31
"19647","RS","Morro Reuter",6513,28815.4,43024,"Gramado-Canela",4,"Sul",1,"431247",4,5,0,5,0,5,0,0,0,0,0,5,0,5,0,5,2,10.2686652454333,8.7815554585464,0.44630089451688,30
"19648","RS","Morro Reuter",6513,28815.4,43024,"Gramado-Canela",4,"Sul",1,"431247",5,8,3,5,3,5,0,0,0,0,0,8,3,5,3,5,1,10.2686652454333,8.7815554585464,0.389934198822429,31
"19649","RS","Morro Reuter",6513,28815.4,43024,"Gramado-Canela",4,"Sul",1,"431247",6,5,0,5,0,5,0,0,0,0,0,5,0,5,0,5,0,10.2686652454333,8.7815554585464,0.392131232741658,30
"19650","RS","Morro Reuter",6513,28815.4,43024,"Gramado-Canela",4,"Sul",1,"431247",7,2,0,2,0,2,0,0,0,0,0,2,0,2,0,2,4,10.2686652454333,8.7815554585464,0.39238201398724,29
"19651","RS","Mostardas",12847,28099.77,43027,"Osório",4,"Sul",0,"431250",2,20,9,11,9,11,0,0,0,0,0,20,9,11,9,11,7,10.243516670235,9.46086560003161,0.330848704026869,29
"19652","RS","Mostardas",12847,28099.77,43027,"Osório",4,"Sul",0,"431250",3,25,9,16,10,15,0,0,0,0,0,25,9,16,10,15,7,10.243516670235,9.46086560003161,0.419488518938461,31
"19653","RS","Mostardas",12847,28099.77,43027,"Osório",4,"Sul",0,"431250",4,17,7,10,12,5,1,0,0,0,0,18,7,10,12,5,10,10.243516670235,9.46086560003161,0.458347340894786,30
"19654","RS","Mostardas",12847,28099.77,43027,"Osório",4,"Sul",0,"431250",5,13,5,8,7,6,0,0,0,0,0,13,5,8,7,6,9,10.243516670235,9.46086560003161,0.462308906547907,31
"19655","RS","Mostardas",12847,28099.77,43027,"Osório",4,"Sul",0,"431250",6,16,4,12,9,7,0,0,0,0,0,16,4,12,9,7,10,10.243516670235,9.46086560003161,0.423876878165527,30
"19656","RS","Mostardas",12847,28099.77,43027,"Osório",4,"Sul",0,"431250",7,19,9,10,10,9,0,0,0,0,0,19,9,10,10,9,11,10.243516670235,9.46086560003161,0.449550625628564,29
"19657","RS","Não-Me-Toque",17758,72952.08,43012,"Não-Me-Toque",4,"Sul",1,"431265",2,30,4,26,8,22,0,0,0,0,0,30,4,26,8,22,8,11.1975580662244,9.78459139759227,0.32610134583353,29
"19658","RS","Não-Me-Toque",17758,72952.08,43012,"Não-Me-Toque",4,"Sul",1,"431265",3,32,9,23,7,25,0,0,0,0,0,32,9,23,7,25,23,11.1975580662244,9.78459139759227,0.438352348899392,31
"19659","RS","Não-Me-Toque",17758,72952.08,43012,"Não-Me-Toque",4,"Sul",1,"431265",4,15,2,13,2,13,0,0,0,0,0,15,2,13,2,13,14,11.1975580662244,9.78459139759227,0.454612019799325,30
"19660","RS","Não-Me-Toque",17758,72952.08,43012,"Não-Me-Toque",4,"Sul",1,"431265",5,20,3,17,5,15,0,0,0,0,0,20,3,17,5,15,9,11.1975580662244,9.78459139759227,0.394991008065354,31
"19661","RS","Não-Me-Toque",17758,72952.08,43012,"Não-Me-Toque",4,"Sul",1,"431265",6,22,7,15,10,12,1,0,0,0,0,23,7,15,10,12,10,11.1975580662244,9.78459139759227,0.393923358481403,30
"19662","RS","Não-Me-Toque",17758,72952.08,43012,"Não-Me-Toque",4,"Sul",1,"431265",7,25,5,20,6,19,0,0,0,0,0,25,5,20,6,19,12,11.1975580662244,9.78459139759227,0.389412395431513,29
"19663","RS","Nonoai",11633,36362.42,43003,"Frederico Westphalen",4,"Sul",0,"431270",2,25,6,19,9,16,0,0,0,0,0,25,6,19,9,16,12,10.5012911027323,9.36160116581677,0.295231282860981,29
"19664","RS","Nonoai",11633,36362.42,43003,"Frederico Westphalen",4,"Sul",0,"431270",3,32,12,20,13,19,0,0,0,0,0,32,12,20,13,19,8,10.5012911027323,9.36160116581677,0.354300334064171,31
"19665","RS","Nonoai",11633,36362.42,43003,"Frederico Westphalen",4,"Sul",0,"431270",4,18,6,12,4,14,0,0,0,0,0,18,6,12,4,14,10,10.5012911027323,9.36160116581677,0.387737402408774,30
"19666","RS","Nonoai",11633,36362.42,43003,"Frederico Westphalen",4,"Sul",0,"431270",5,27,5,22,14,13,0,0,0,0,0,27,5,22,14,13,10,10.5012911027323,9.36160116581677,0.399337216863439,31
"19667","RS","Nonoai",11633,36362.42,43003,"Frederico Westphalen",4,"Sul",0,"431270",6,18,7,11,8,10,0,0,0,0,0,18,7,11,8,10,9,10.5012911027323,9.36160116581677,0.365811034566795,30
"19668","RS","Nonoai",11633,36362.42,43003,"Frederico Westphalen",4,"Sul",0,"431270",7,18,5,13,11,7,1,0,0,0,0,19,5,13,11,7,15,10.5012911027323,9.36160116581677,0.393136878638592,29
"19669","RS","Nova Araçá",4826,44993.4,43014,"Guaporé",4,"Sul",0,"431280",2,9,0,9,4,5,0,0,0,0,0,9,0,9,4,5,1,10.7142710913292,8.48177324618498,0.353387524146437,29
"19670","RS","Nova Araçá",4826,44993.4,43014,"Guaporé",4,"Sul",0,"431280",3,12,1,11,8,4,0,0,0,0,0,12,1,11,8,4,1,10.7142710913292,8.48177324618498,0.424493240809328,31
"19671","RS","Nova Araçá",4826,44993.4,43014,"Guaporé",4,"Sul",0,"431280",4,9,0,9,3,6,1,0,0,0,0,10,0,9,3,6,1,10.7142710913292,8.48177324618498,0.434738757404542,30
"19672","RS","Nova Araçá",4826,44993.4,43014,"Guaporé",4,"Sul",0,"431280",5,3,1,2,0,3,1,0,0,0,0,4,1,2,0,3,6,10.7142710913292,8.48177324618498,0.457618128329562,31
"19673","RS","Nova Araçá",4826,44993.4,43014,"Guaporé",4,"Sul",0,"431280",6,9,0,9,3,6,0,0,0,0,0,9,0,9,3,6,3,10.7142710913292,8.48177324618498,0.416025230317223,30
"19674","RS","Nova Araçá",4826,44993.4,43014,"Guaporé",4,"Sul",0,"431280",7,4,0,4,0,4,0,0,0,0,0,4,0,4,0,4,1,10.7142710913292,8.48177324618498,0.426767731589127,29
"19675","RS","Nova Bassano",10005,52022.36,43014,"Guaporé",4,"Sul",0,"431290",2,14,4,10,4,10,0,0,0,0,0,14,4,10,4,10,3,10.8594289051401,9.21084024701783,0.264344048774674,29
"19676","RS","Nova Bassano",10005,52022.36,43014,"Guaporé",4,"Sul",0,"431290",3,18,2,16,7,11,0,0,0,0,0,18,2,16,7,11,3,10.8594289051401,9.21084024701783,0.352314046148165,31
"19677","RS","Nova Bassano",10005,52022.36,43014,"Guaporé",4,"Sul",0,"431290",4,4,0,4,0,4,0,0,0,0,0,4,0,4,0,4,5,10.8594289051401,9.21084024701783,0.350429113029812,30
"19678","RS","Nova Bassano",10005,52022.36,43014,"Guaporé",4,"Sul",0,"431290",5,8,3,5,3,5,0,0,0,0,0,8,3,5,3,5,4,10.8594289051401,9.21084024701783,0.402199036338114,31
"19679","RS","Nova Bassano",10005,52022.36,43014,"Guaporé",4,"Sul",0,"431290",6,9,1,8,0,9,0,0,0,0,0,9,1,8,0,9,3,10.8594289051401,9.21084024701783,0.377538103825769,30
"19680","RS","Nova Bassano",10005,52022.36,43014,"Guaporé",4,"Sul",0,"431290",7,5,0,5,1,4,0,0,0,0,0,5,0,5,1,4,6,10.8594289051401,9.21084024701783,0.368728508534597,29
"19681","RS","Nova Hartz",21875,29692.26,43026,"Porto Alegre",4,"Sul",1,"431306",2,32,8,24,15,17,0,0,0,0,0,32,8,24,15,17,9,10.2986416847665,9.99309971122582,0.290312863308369,29
"19682","RS","Nova Hartz",21875,29692.26,43026,"Porto Alegre",4,"Sul",1,"431306",3,25,5,20,15,10,0,0,0,0,0,25,5,20,15,10,10,10.2986416847665,9.99309971122582,0.373004842800417,31
"19683","RS","Nova Hartz",21875,29692.26,43026,"Porto Alegre",4,"Sul",1,"431306",4,19,7,12,5,14,0,0,0,0,0,19,7,12,5,14,11,10.2986416847665,9.99309971122582,0.40877161320293,30
"19684","RS","Nova Hartz",21875,29692.26,43026,"Porto Alegre",4,"Sul",1,"431306",5,25,5,20,8,17,0,0,0,0,0,25,5,20,8,17,9,10.2986416847665,9.99309971122582,0.346240307032219,31
"19685","RS","Nova Hartz",21875,29692.26,43026,"Porto Alegre",4,"Sul",1,"431306",6,17,6,11,5,12,0,0,0,0,0,17,6,11,5,12,11,10.2986416847665,9.99309971122582,0.33709954449411,30
"19686","RS","Nova Hartz",21875,29692.26,43026,"Porto Alegre",4,"Sul",1,"431306",7,27,10,17,13,14,1,0,0,0,0,28,10,17,13,14,12,10.2986416847665,9.99309971122582,0.342072364225601,29
"19687","RS","Nova Petrópolis",21536,37459.32,43024,"Gramado-Canela",4,"Sul",0,"431320",2,35,6,29,9,26,0,0,0,0,0,35,6,29,9,26,8,10.5310108231371,9.97748123244445,0.329617944076301,29
"19688","RS","Nova Petrópolis",21536,37459.32,43024,"Gramado-Canela",4,"Sul",0,"431320",3,44,10,34,8,36,0,0,0,0,0,44,10,34,8,36,13,10.5310108231371,9.97748123244445,0.435725751880964,31
"19689","RS","Nova Petrópolis",21536,37459.32,43024,"Gramado-Canela",4,"Sul",0,"431320",4,22,4,18,2,20,0,0,0,0,0,22,4,18,2,20,13,10.5310108231371,9.97748123244445,0.485249643238873,30
"19690","RS","Nova Petrópolis",21536,37459.32,43024,"Gramado-Canela",4,"Sul",0,"431320",5,17,3,14,5,12,0,0,0,0,0,17,3,14,5,12,17,10.5310108231371,9.97748123244445,0.435867675338069,31
"19691","RS","Nova Petrópolis",21536,37459.32,43024,"Gramado-Canela",4,"Sul",0,"431320",6,24,9,15,6,18,0,0,0,0,0,24,9,15,6,18,27,10.5310108231371,9.97748123244445,0.421281849557111,30
"19692","RS","Nova Petrópolis",21536,37459.32,43024,"Gramado-Canela",4,"Sul",0,"431320",7,21,6,15,3,18,0,0,0,0,0,21,6,15,3,18,14,10.5310108231371,9.97748123244445,0.413087923951693,29
"19693","RS","Nova Prata",27648,59362.18,43014,"Guaporé",4,"Sul",1,"431330",2,39,8,31,11,28,1,0,0,0,0,40,8,31,11,28,13,10.9914126022343,10.2273086716038,0.293703776416704,29
"19694","RS","Nova Prata",27648,59362.18,43014,"Guaporé",4,"Sul",1,"431330",3,46,9,37,12,34,0,0,0,0,0,46,9,37,12,34,11,10.9914126022343,10.2273086716038,0.397399238945142,31
"19695","RS","Nova Prata",27648,59362.18,43014,"Guaporé",4,"Sul",1,"431330",4,31,5,26,9,22,0,0,0,0,0,31,5,26,9,22,15,10.9914126022343,10.2273086716038,0.423796669737177,30
"19696","RS","Nova Prata",27648,59362.18,43014,"Guaporé",4,"Sul",1,"431330",5,34,6,28,10,24,0,0,0,0,0,34,6,28,10,24,11,10.9914126022343,10.2273086716038,0.383106696755811,31
"19697","RS","Nova Prata",27648,59362.18,43014,"Guaporé",4,"Sul",1,"431330",6,26,3,23,4,22,1,0,0,0,0,27,3,23,4,22,10,10.9914126022343,10.2273086716038,0.365737160804508,30
"19698","RS","Nova Prata",27648,59362.18,43014,"Guaporé",4,"Sul",1,"431330",7,18,2,16,3,15,0,0,0,0,0,18,2,16,3,15,10,10.9914126022343,10.2273086716038,0.367654262837702,29
"19699","RS","Nova Santa Rita",29905,58018.11,43026,"Porto Alegre",4,"Sul",1,"431337",2,54,18,36,23,31,1,0,0,0,0,55,18,36,23,31,14,10.9685104821707,10.3057809694787,0.308540918876448,29
"19700","RS","Nova Santa Rita",29905,58018.11,43026,"Porto Alegre",4,"Sul",1,"431337",3,60,13,47,19,41,0,0,0,0,0,60,13,47,19,41,8,10.9685104821707,10.3057809694787,0.415022415494063,31
"19701","RS","Nova Santa Rita",29905,58018.11,43026,"Porto Alegre",4,"Sul",1,"431337",4,49,18,31,14,35,0,0,0,0,0,49,18,31,14,35,11,10.9685104821707,10.3057809694787,0.465252797784536,30
"19702","RS","Nova Santa Rita",29905,58018.11,43026,"Porto Alegre",4,"Sul",1,"431337",5,28,15,13,11,17,0,0,0,0,0,28,15,13,11,17,15,10.9685104821707,10.3057809694787,0.420600238490404,31
"19703","RS","Nova Santa Rita",29905,58018.11,43026,"Porto Alegre",4,"Sul",1,"431337",6,32,9,23,10,22,0,0,0,0,0,32,9,23,10,22,12,10.9685104821707,10.3057809694787,0.402272806458032,30
"19704","RS","Nova Santa Rita",29905,58018.11,43026,"Porto Alegre",4,"Sul",1,"431337",7,39,11,28,10,29,0,0,0,0,0,39,11,28,10,29,23,10.9685104821707,10.3057809694787,0.408811903830748,29
"19705","RS","Novo Hamburgo",247032,38159.33,43026,"Porto Alegre",4,"Sul",1,"431340",2,372,108,264,114,258,1,0,0,0,0,373,108,264,114,258,134,10.5495255677561,12.4172731618745,0.29499886497722,29
"19706","RS","Novo Hamburgo",247032,38159.33,43026,"Porto Alegre",4,"Sul",1,"431340",3,407,139,268,130,277,0,0,0,0,0,407,139,268,130,277,160,10.5495255677561,12.4172731618745,0.412813166162342,31
"19707","RS","Novo Hamburgo",247032,38159.33,43026,"Porto Alegre",4,"Sul",1,"431340",4,277,75,202,95,182,1,0,0,0,0,278,75,202,95,182,123,10.5495255677561,12.4172731618745,0.463300843090789,30
"19708","RS","Novo Hamburgo",247032,38159.33,43026,"Porto Alegre",4,"Sul",1,"431340",5,268,72,196,85,183,3,0,0,0,0,271,72,196,85,183,148,10.5495255677561,12.4172731618745,0.406996076705208,31
"19709","RS","Novo Hamburgo",247032,38159.33,43026,"Porto Alegre",4,"Sul",1,"431340",6,251,66,185,93,158,2,0,0,0,0,253,66,185,93,158,190,10.5495255677561,12.4172731618745,0.392658029863087,30
"19710","RS","Novo Hamburgo",247032,38159.33,43026,"Porto Alegre",4,"Sul",1,"431340",7,242,71,171,69,173,1,0,0,0,0,243,71,171,69,173,216,10.5495255677561,12.4172731618745,0.404172096978361,29
"19711","RS","Osório",46414,34323.48,43027,"Osório",4,"Sul",1,"431350",2,68,17,51,20,48,1,0,0,0,0,69,17,51,20,48,23,10.4435849470628,10.7453564168427,0.304775076890932,29
"19712","RS","Osório",46414,34323.48,43027,"Osório",4,"Sul",1,"431350",3,104,28,76,31,73,0,0,0,0,0,104,28,76,31,73,33,10.4435849470628,10.7453564168427,0.420389531547402,31
"19713","RS","Osório",46414,34323.48,43027,"Osório",4,"Sul",1,"431350",4,49,21,28,22,27,2,0,0,0,0,51,21,28,22,27,29,10.4435849470628,10.7453564168427,0.471805454686456,30
"19714","RS","Osório",46414,34323.48,43027,"Osório",4,"Sul",1,"431350",5,49,11,38,21,28,0,0,0,0,0,49,11,38,21,28,32,10.4435849470628,10.7453564168427,0.414327624153671,31
"19715","RS","Osório",46414,34323.48,43027,"Osório",4,"Sul",1,"431350",6,42,10,32,12,30,0,0,0,0,0,42,10,32,12,30,40,10.4435849470628,10.7453564168427,0.41506854892044,30
"19716","RS","Osório",46414,34323.48,43027,"Osório",4,"Sul",1,"431350",7,44,11,33,11,33,0,0,0,0,0,44,11,33,11,33,34,10.4435849470628,10.7453564168427,0.419360961454557,29
"19717","RS","Palmares do Sul",11330,41484.76,43027,"Osório",4,"Sul",0,"431365",2,21,8,13,5,16,0,0,0,0,0,21,8,13,5,16,13,10.6330814098581,9.33520935402205,0.364132222536772,29
"19718","RS","Palmares do Sul",11330,41484.76,43027,"Osório",4,"Sul",0,"431365",3,20,7,13,8,12,2,0,0,0,0,22,7,13,8,12,7,10.6330814098581,9.33520935402205,0.463551999384471,31
"19719","RS","Palmares do Sul",11330,41484.76,43027,"Osório",4,"Sul",0,"431365",4,8,3,5,3,5,0,0,0,0,0,8,3,5,3,5,12,10.6330814098581,9.33520935402205,0.487880522166017,30
"19720","RS","Palmares do Sul",11330,41484.76,43027,"Osório",4,"Sul",0,"431365",5,11,1,10,4,7,0,0,0,0,0,11,1,10,4,7,4,10.6330814098581,9.33520935402205,0.458443932941187,31
"19721","RS","Palmares do Sul",11330,41484.76,43027,"Osório",4,"Sul",0,"431365",6,8,3,5,4,4,0,0,0,0,0,8,3,5,4,4,6,10.6330814098581,9.33520935402205,0.44581045868627,30
"19722","RS","Palmares do Sul",11330,41484.76,43027,"Osório",4,"Sul",0,"431365",7,10,5,5,6,4,0,0,0,0,0,10,5,5,6,4,16,10.6330814098581,9.33520935402205,0.477528687303082,29
"19723","RS","Palmeira das Missões",33131,43616.98,43009,"Carazinho",4,"Sul",1,"431370",2,64,14,50,17,47,0,0,0,0,0,64,14,50,17,47,13,10.6832018030626,10.4082246789616,0.304031326856675,29
"19724","RS","Palmeira das Missões",33131,43616.98,43009,"Carazinho",4,"Sul",1,"431370",3,40,9,31,15,25,0,0,0,0,0,40,9,31,15,25,19,10.6832018030626,10.4082246789616,0.397895491511324,31
"19725","RS","Palmeira das Missões",33131,43616.98,43009,"Carazinho",4,"Sul",1,"431370",4,48,12,36,13,35,0,0,0,0,0,48,12,36,13,35,12,10.6832018030626,10.4082246789616,0.438980043151381,30
"19726","RS","Palmeira das Missões",33131,43616.98,43009,"Carazinho",4,"Sul",1,"431370",5,57,9,48,24,33,0,0,0,0,0,57,9,48,24,33,20,10.6832018030626,10.4082246789616,0.409414051855951,31
"19727","RS","Palmeira das Missões",33131,43616.98,43009,"Carazinho",4,"Sul",1,"431370",6,38,7,31,12,26,0,0,0,0,0,38,7,31,12,26,23,10.6832018030626,10.4082246789616,0.405419636159757,30
"19728","RS","Palmeira das Missões",33131,43616.98,43009,"Carazinho",4,"Sul",1,"431370",7,46,13,33,15,31,0,0,0,0,0,46,13,33,15,31,36,10.6832018030626,10.4082246789616,0.406273611447475,29
"19729","RS","Panambi",44128,49260.55,43008,"Ijuí",4,"Sul",1,"431390",2,76,10,66,24,52,1,0,0,0,0,77,10,66,24,52,20,10.8048788368578,10.694849780593,0.320622055837341,29
"19730","RS","Panambi",44128,49260.55,43008,"Ijuí",4,"Sul",1,"431390",3,84,8,76,18,66,0,0,0,0,0,84,8,76,18,66,22,10.8048788368578,10.694849780593,0.419713056689962,31
"19731","RS","Panambi",44128,49260.55,43008,"Ijuí",4,"Sul",1,"431390",4,57,10,47,19,38,0,0,0,0,0,57,10,47,19,38,21,10.8048788368578,10.694849780593,0.464016134456868,30
"19732","RS","Panambi",44128,49260.55,43008,"Ijuí",4,"Sul",1,"431390",5,55,9,46,12,43,0,0,0,0,0,55,9,46,12,43,22,10.8048788368578,10.694849780593,0.434914880504325,31
"19733","RS","Panambi",44128,49260.55,43008,"Ijuí",4,"Sul",1,"431390",6,43,4,39,13,30,0,0,0,0,0,43,4,39,13,30,22,10.8048788368578,10.694849780593,0.420739863287645,30
"19734","RS","Panambi",44128,49260.55,43008,"Ijuí",4,"Sul",1,"431390",7,47,7,40,13,34,0,0,0,0,0,47,7,40,13,34,25,10.8048788368578,10.694849780593,0.403950138362324,29
"19735","RS","Pantano Grande",9083,37352.14,43022,"Cachoeira do Sul",4,"Sul",0,"431395",2,16,6,10,8,8,0,0,0,0,0,16,6,10,8,8,6,10.5281454847697,9.11415981350221,0.301523409764567,29
"19736","RS","Pantano Grande",9083,37352.14,43022,"Cachoeira do Sul",4,"Sul",0,"431395",3,19,5,14,4,15,0,0,0,0,0,19,5,14,4,15,6,10.5281454847697,9.11415981350221,0.381722740983622,31
"19737","RS","Pantano Grande",9083,37352.14,43022,"Cachoeira do Sul",4,"Sul",0,"431395",4,8,4,4,3,5,1,0,0,0,0,9,4,4,3,5,9,10.5281454847697,9.11415981350221,0.424926662183659,30
"19738","RS","Pantano Grande",9083,37352.14,43022,"Cachoeira do Sul",4,"Sul",0,"431395",5,9,5,4,4,5,0,0,0,0,0,9,5,4,4,5,8,10.5281454847697,9.11415981350221,0.421860980471435,31
"19739","RS","Pantano Grande",9083,37352.14,43022,"Cachoeira do Sul",4,"Sul",0,"431395",6,8,3,5,2,6,0,0,0,0,0,8,3,5,2,6,7,10.5281454847697,9.11415981350221,0.381762473260256,30
"19740","RS","Pantano Grande",9083,37352.14,43022,"Cachoeira do Sul",4,"Sul",0,"431395",7,12,3,9,8,4,0,0,0,0,0,12,3,9,8,4,9,10.5281454847697,9.11415981350221,0.407482638044301,29
"19741","RS","Parobé",58858,21283.76,43026,"Porto Alegre",4,"Sul",1,"431405",2,98,30,68,37,61,1,0,0,0,0,99,30,68,37,61,25,9.96569961957676,10.9828830422771,0.301999713356435,29
"19742","RS","Parobé",58858,21283.76,43026,"Porto Alegre",4,"Sul",1,"431405",3,115,34,81,38,77,1,0,0,0,0,116,34,81,38,77,29,9.96569961957676,10.9828830422771,0.4210911145534,31
"19743","RS","Parobé",58858,21283.76,43026,"Porto Alegre",4,"Sul",1,"431405",4,66,22,44,23,43,0,0,0,0,0,66,22,44,23,43,21,9.96569961957676,10.9828830422771,0.443623876484272,30
"19744","RS","Parobé",58858,21283.76,43026,"Porto Alegre",4,"Sul",1,"431405",5,81,34,47,40,41,2,0,0,0,0,83,34,47,40,41,27,9.96569961957676,10.9828830422771,0.392879851699571,31
"19745","RS","Parobé",58858,21283.76,43026,"Porto Alegre",4,"Sul",1,"431405",6,57,18,39,19,38,2,0,0,0,0,59,18,39,19,38,31,9.96569961957676,10.9828830422771,0.390835069995437,30
"19746","RS","Parobé",58858,21283.76,43026,"Porto Alegre",4,"Sul",1,"431405",7,72,20,52,22,50,1,0,0,0,0,73,20,52,22,50,38,9.96569961957676,10.9828830422771,0.402893840738432,29
"19747","RS","Passo Fundo",204722,45327.11,43010,"Passo Fundo",4,"Sul",1,"431410",2,444,96,348,149,295,0,0,0,0,0,444,96,348,149,295,107,10.7216605872146,12.2294082402271,0.323824643451199,29
"19748","RS","Passo Fundo",204722,45327.11,43010,"Passo Fundo",4,"Sul",1,"431410",3,438,113,325,144,294,1,0,0,0,0,439,113,325,144,294,105,10.7216605872146,12.2294082402271,0.437485426729481,31
"19749","RS","Passo Fundo",204722,45327.11,43010,"Passo Fundo",4,"Sul",1,"431410",4,288,65,223,107,181,0,0,0,0,0,288,65,223,107,181,127,10.7216605872146,12.2294082402271,0.488614073669822,30
"19750","RS","Passo Fundo",204722,45327.11,43010,"Passo Fundo",4,"Sul",1,"431410",5,267,61,206,87,180,1,0,0,0,0,268,61,206,87,180,135,10.7216605872146,12.2294082402271,0.451733151262046,31
"19751","RS","Passo Fundo",204722,45327.11,43010,"Passo Fundo",4,"Sul",1,"431410",6,286,75,211,84,202,1,0,0,0,0,287,75,211,84,202,108,10.7216605872146,12.2294082402271,0.418617221831327,30
"19752","RS","Passo Fundo",204722,45327.11,43010,"Passo Fundo",4,"Sul",1,"431410",7,227,62,165,79,148,1,0,0,0,0,228,62,165,79,148,162,10.7216605872146,12.2294082402271,0.415442036642794,29
"19753","RS","Pedro Osório",7706,19281.18,43033,"Pelotas",4,"Sul",0,"431420",2,5,0,5,3,2,0,0,0,0,0,5,0,5,3,2,9,9.86688476961119,8.9497545251861,0.3185792421557,29
"19754","RS","Pedro Osório",7706,19281.18,43033,"Pelotas",4,"Sul",0,"431420",3,9,7,2,3,6,0,0,0,0,0,9,7,2,3,6,10,9.86688476961119,8.9497545251861,0.429137787670294,31
"19755","RS","Pedro Osório",7706,19281.18,43033,"Pelotas",4,"Sul",0,"431420",4,7,7,0,3,4,0,0,0,0,0,7,7,0,3,4,6,9.86688476961119,8.9497545251861,0.45173832435567,30
"19756","RS","Pedro Osório",7706,19281.18,43033,"Pelotas",4,"Sul",0,"431420",5,6,2,4,0,6,0,0,0,0,0,6,2,4,0,6,6,9.86688476961119,8.9497545251861,0.420692997888084,31
"19757","RS","Pedro Osório",7706,19281.18,43033,"Pelotas",4,"Sul",0,"431420",6,5,0,5,0,5,0,0,0,0,0,5,0,5,0,5,10,9.86688476961119,8.9497545251861,0.408482343650965,30
"19758","RS","Pedro Osório",7706,19281.18,43033,"Pelotas",4,"Sul",0,"431420",7,3,2,1,1,2,0,0,0,0,0,3,2,1,1,2,16,9.86688476961119,8.9497545251861,0.438247263939904,29
"19759","RS","Pelotas",343132,25884.35,43033,"Pelotas",4,"Sul",1,"431440",2,478,115,363,151,327,0,0,0,0,0,478,115,363,151,327,190,10.1613938179525,12.7458704917664,0.318117177832451,29
"19760","RS","Pelotas",343132,25884.35,43033,"Pelotas",4,"Sul",1,"431440",3,447,130,317,135,312,1,0,0,0,0,448,130,317,135,312,218,10.1613938179525,12.7458704917664,0.445532905355264,31
"19761","RS","Pelotas",343132,25884.35,43033,"Pelotas",4,"Sul",1,"431440",4,337,102,235,98,239,1,0,0,0,0,338,102,235,98,239,217,10.1613938179525,12.7458704917664,0.525722450289313,30
"19762","RS","Pelotas",343132,25884.35,43033,"Pelotas",4,"Sul",1,"431440",5,339,108,231,129,210,2,0,0,0,0,341,108,231,129,210,246,10.1613938179525,12.7458704917664,0.467357416869864,31
"19763","RS","Pelotas",343132,25884.35,43033,"Pelotas",4,"Sul",1,"431440",6,325,95,230,104,221,1,0,0,0,0,326,95,230,104,221,255,10.1613938179525,12.7458704917664,0.435428689447162,30
"19764","RS","Pelotas",343132,25884.35,43033,"Pelotas",4,"Sul",1,"431440",7,308,90,218,107,201,2,0,0,0,0,310,90,218,107,201,339,10.1613938179525,12.7458704917664,0.449965447029229,29
"19765","RS","Picada Café",5738,60482.63,43024,"Gramado-Canela",4,"Sul",1,"431442",2,5,1,4,1,4,0,0,0,0,0,5,1,4,1,4,3,11.0101114953577,8.65486599654131,0.322622435649598,29
"19766","RS","Picada Café",5738,60482.63,43024,"Gramado-Canela",4,"Sul",1,"431442",3,4,0,4,0,4,0,0,0,0,0,4,0,4,0,4,0,11.0101114953577,8.65486599654131,0.422307429546178,31
"19767","RS","Picada Café",5738,60482.63,43024,"Gramado-Canela",4,"Sul",1,"431442",4,5,1,4,3,2,0,0,0,0,0,5,1,4,3,2,0,11.0101114953577,8.65486599654131,0.478341614728998,30
"19768","RS","Picada Café",5738,60482.63,43024,"Gramado-Canela",4,"Sul",1,"431442",5,3,0,3,1,2,0,0,0,0,0,3,0,3,1,2,1,11.0101114953577,8.65486599654131,0.412105426689725,31
"19769","RS","Picada Café",5738,60482.63,43024,"Gramado-Canela",4,"Sul",1,"431442",6,1,0,1,1,0,0,0,0,0,0,1,0,1,1,0,0,11.0101114953577,8.65486599654131,0.39614506076418,30
"19770","RS","Picada Café",5738,60482.63,43024,"Gramado-Canela",4,"Sul",1,"431442",7,8,2,6,1,7,0,0,0,0,0,8,2,6,1,7,4,11.0101114953577,8.65486599654131,0.384147347835106,29
"19771","RS","Pinheiro Machado",12195,23263.4,43032,"Serras de Sudeste",4,"Sul",0,"431450",2,13,3,10,3,10,0,0,0,0,0,13,3,10,3,10,8,10.0546365890791,9.40878131065002,0.281032084531889,29
"19772","RS","Pinheiro Machado",12195,23263.4,43032,"Serras de Sudeste",4,"Sul",0,"431450",3,13,6,7,6,7,0,0,0,0,0,13,6,7,6,7,6,10.0546365890791,9.40878131065002,0.367861315233614,31
"19773","RS","Pinheiro Machado",12195,23263.4,43032,"Serras de Sudeste",4,"Sul",0,"431450",4,2,1,1,1,1,0,0,0,0,0,2,1,1,1,1,18,10.0546365890791,9.40878131065002,0.415078423284666,30
"19774","RS","Pinheiro Machado",12195,23263.4,43032,"Serras de Sudeste",4,"Sul",0,"431450",5,9,4,5,2,7,0,0,0,0,0,9,4,5,2,7,10,10.0546365890791,9.40878131065002,0.387779911722665,31
"19775","RS","Pinheiro Machado",12195,23263.4,43032,"Serras de Sudeste",4,"Sul",0,"431450",6,2,0,2,1,1,0,0,0,0,0,2,0,2,1,1,10,10.0546365890791,9.40878131065002,0.36201295314113,30
"19776","RS","Pinheiro Machado",12195,23263.4,43032,"Serras de Sudeste",4,"Sul",0,"431450",7,6,0,6,2,4,0,0,0,0,0,6,0,6,2,4,11,10.0546365890791,9.40878131065002,0.385990105496162,29
"19777","RS","Piratini",20704,20169.21,43032,"Serras de Sudeste",4,"Sul",0,"431460",2,32,10,22,10,22,0,0,0,0,0,32,10,22,10,22,7,9.91191246310139,9.93808219730063,0.332218000765529,29
"19778","RS","Piratini",20704,20169.21,43032,"Serras de Sudeste",4,"Sul",0,"431460",3,16,6,10,4,12,0,0,0,0,0,16,6,10,4,12,22,9.91191246310139,9.93808219730063,0.427464471585003,31
"19779","RS","Piratini",20704,20169.21,43032,"Serras de Sudeste",4,"Sul",0,"431460",4,22,4,18,10,12,0,0,0,0,0,22,4,18,10,12,6,9.91191246310139,9.93808219730063,0.453183180465034,30
"19780","RS","Piratini",20704,20169.21,43032,"Serras de Sudeste",4,"Sul",0,"431460",5,5,0,5,2,3,0,0,0,0,0,5,0,5,2,3,16,9.91191246310139,9.93808219730063,0.449256974613037,31
"19781","RS","Piratini",20704,20169.21,43032,"Serras de Sudeste",4,"Sul",0,"431460",6,10,4,6,3,7,0,0,0,0,0,10,4,6,3,7,15,9.91191246310139,9.93808219730063,0.439757436387402,30
"19782","RS","Piratini",20704,20169.21,43032,"Serras de Sudeste",4,"Sul",0,"431460",7,20,6,14,11,9,0,0,0,0,0,20,6,14,11,9,17,9.91191246310139,9.93808219730063,0.443567295367584,29
"19783","RS","Portão",37561,33064.14,43023,"Montenegro",4,"Sul",1,"431480",2,44,13,31,10,34,0,0,0,0,0,44,13,31,10,34,17,10.406204590395,10.5337215570359,0.306169162369422,29
"19784","RS","Portão",37561,33064.14,43023,"Montenegro",4,"Sul",1,"431480",3,47,17,30,18,29,1,0,0,0,0,48,17,30,18,29,19,10.406204590395,10.5337215570359,0.398805992599498,31
"19785","RS","Portão",37561,33064.14,43023,"Montenegro",4,"Sul",1,"431480",4,29,10,19,7,22,0,0,0,0,0,29,10,19,7,22,15,10.406204590395,10.5337215570359,0.440288609632628,30
"19786","RS","Portão",37561,33064.14,43023,"Montenegro",4,"Sul",1,"431480",5,43,20,23,13,30,0,0,0,0,0,43,20,23,13,30,18,10.406204590395,10.5337215570359,0.386625943444658,31
"19787","RS","Portão",37561,33064.14,43023,"Montenegro",4,"Sul",1,"431480",6,31,10,21,8,23,0,0,0,0,0,31,10,21,8,23,16,10.406204590395,10.5337215570359,0.369699743238041,30
"19788","RS","Portão",37561,33064.14,43023,"Montenegro",4,"Sul",1,"431480",7,28,6,22,10,18,0,0,0,0,0,28,6,22,10,18,32,10.406204590395,10.5337215570359,0.387478685661976,29
"19789","RS","Porto Alegre",1488252,52149.66,43026,"Porto Alegre",4,"Sul",1,"431490",2,2167,545,1622,649,1518,15,0,0,0,0,2182,545,1622,649,1518,881,10.8618729407528,14.213112834875,0.298992698438217,29
"19790","RS","Porto Alegre",1488252,52149.66,43026,"Porto Alegre",4,"Sul",1,"431490",3,2248,591,1657,689,1559,11,0,0,0,0,2259,591,1657,689,1559,918,10.8618729407528,14.213112834875,0.431539790786817,31
"19791","RS","Porto Alegre",1488252,52149.66,43026,"Porto Alegre",4,"Sul",1,"431490",4,1427,384,1043,450,977,6,0,0,0,0,1433,384,1043,450,977,836,10.8618729407528,14.213112834875,0.527416996746071,30
"19792","RS","Porto Alegre",1488252,52149.66,43026,"Porto Alegre",4,"Sul",1,"431490",5,1338,341,997,448,890,15,0,0,0,0,1353,341,997,448,890,956,10.8618729407528,14.213112834875,0.465631467116199,31
"19793","RS","Porto Alegre",1488252,52149.66,43026,"Porto Alegre",4,"Sul",1,"431490",6,1316,365,951,394,922,9,0,0,0,0,1325,365,951,394,922,1000,10.8618729407528,14.213112834875,0.430638939183032,30
"19794","RS","Porto Alegre",1488252,52149.66,43026,"Porto Alegre",4,"Sul",1,"431490",7,1254,310,944,384,870,12,0,0,0,0,1266,310,944,384,870,1340,10.8618729407528,14.213112834875,0.458243386156192,29
"19795","RS","Porto Xavier",10194,17084.16,43006,"Cerro Largo",4,"Sul",0,"431510",2,12,3,9,4,8,0,0,0,0,0,12,3,9,4,8,3,9.74590699740568,9.22955459089999,0.33554074413229,29
"19796","RS","Porto Xavier",10194,17084.16,43006,"Cerro Largo",4,"Sul",0,"431510",3,11,4,7,4,7,0,0,0,0,0,11,4,7,4,7,14,9.74590699740568,9.22955459089999,0.398509786940437,31
"19797","RS","Porto Xavier",10194,17084.16,43006,"Cerro Largo",4,"Sul",0,"431510",4,8,0,8,3,5,0,0,0,0,0,8,0,8,3,5,7,9.74590699740568,9.22955459089999,0.385477149965855,30
"19798","RS","Porto Xavier",10194,17084.16,43006,"Cerro Largo",4,"Sul",0,"431510",5,9,1,8,3,6,0,0,0,0,0,9,1,8,3,6,6,9.74590699740568,9.22955459089999,0.393133410350346,31
"19799","RS","Porto Xavier",10194,17084.16,43006,"Cerro Largo",4,"Sul",0,"431510",6,11,2,9,3,8,0,0,0,0,0,11,2,9,3,8,5,9.74590699740568,9.22955459089999,0.390956282722553,30
"19800","RS","Porto Xavier",10194,17084.16,43006,"Cerro Largo",4,"Sul",0,"431510",7,10,5,5,0,10,0,0,0,0,0,10,5,5,0,10,6,9.74590699740568,9.22955459089999,0.408510764510343,29
"19801","RS","Quaraí",22607,19655.67,43029,"Campanha Ocidental",4,"Sul",1,"431530",2,56,9,47,25,31,0,0,0,0,0,56,9,47,25,31,13,9.88612112529329,10.0260148718158,0.331694684277433,29
"19802","RS","Quaraí",22607,19655.67,43029,"Campanha Ocidental",4,"Sul",1,"431530",3,39,12,27,15,24,0,0,0,0,0,39,12,27,15,24,17,9.88612112529329,10.0260148718158,0.416280013006758,31
"19803","RS","Quaraí",22607,19655.67,43029,"Campanha Ocidental",4,"Sul",1,"431530",4,20,4,16,9,11,0,0,0,0,0,20,4,16,9,11,14,9.88612112529329,10.0260148718158,0.468556294961605,30
"19804","RS","Quaraí",22607,19655.67,43029,"Campanha Ocidental",4,"Sul",1,"431530",5,25,9,16,13,12,0,0,0,0,0,25,9,16,13,12,17,9.88612112529329,10.0260148718158,0.443300581147508,31
"19805","RS","Quaraí",22607,19655.67,43029,"Campanha Ocidental",4,"Sul",1,"431530",6,29,5,24,12,17,0,0,0,0,0,29,5,24,12,17,20,9.88612112529329,10.0260148718158,0.407097008438798,30
"19806","RS","Quaraí",22607,19655.67,43029,"Campanha Ocidental",4,"Sul",1,"431530",7,30,8,22,17,13,0,0,0,0,0,30,8,22,17,13,30,9.88612112529329,10.0260148718158,0.393842221001879,29
"19807","RS","Restinga Sêca",15744,29261.26,43019,"Restinga Seca",4,"Sul",0,"431550",2,20,7,13,7,13,0,0,0,0,0,20,7,13,7,13,7,10.2840197358479,9.66421461929203,0.294057800752005,29
"19808","RS","Restinga Sêca",15744,29261.26,43019,"Restinga Seca",4,"Sul",0,"431550",3,18,5,13,2,16,0,0,0,0,0,18,5,13,2,16,17,10.2840197358479,9.66421461929203,0.385668630908154,31
"19809","RS","Restinga Sêca",15744,29261.26,43019,"Restinga Seca",4,"Sul",0,"431550",4,12,2,10,2,10,0,0,0,0,0,12,2,10,2,10,9,10.2840197358479,9.66421461929203,0.402729358503631,30
"19810","RS","Restinga Sêca",15744,29261.26,43019,"Restinga Seca",4,"Sul",0,"431550",5,14,5,9,7,7,0,0,0,0,0,14,5,9,7,7,12,10.2840197358479,9.66421461929203,0.415739251214593,31
"19811","RS","Restinga Sêca",15744,29261.26,43019,"Restinga Seca",4,"Sul",0,"431550",6,16,5,11,4,12,0,0,0,0,0,16,5,11,4,12,10,10.2840197358479,9.66421461929203,0.403062751612386,30
"19812","RS","Restinga Sêca",15744,29261.26,43019,"Restinga Seca",4,"Sul",0,"431550",7,13,5,8,5,8,0,0,0,0,0,13,5,8,5,8,20,10.2840197358479,9.66421461929203,0.406271841718269,29
"19813","RS","Rio Grande",211965,51681.23,43035,"Litoral Lagunar",4,"Sul",1,"431560",2,333,100,233,115,218,2,0,0,0,0,335,100,233,115,218,159,10.8528499384829,12.264176445685,0.332206579902743,29
"19814","RS","Rio Grande",211965,51681.23,43035,"Litoral Lagunar",4,"Sul",1,"431560",3,308,85,223,106,202,3,0,0,0,0,311,85,223,106,202,132,10.8528499384829,12.264176445685,0.454983196129717,31
"19815","RS","Rio Grande",211965,51681.23,43035,"Litoral Lagunar",4,"Sul",1,"431560",4,229,79,150,95,134,2,0,0,0,0,231,79,150,95,134,124,10.8528499384829,12.264176445685,0.535038797125791,30
"19816","RS","Rio Grande",211965,51681.23,43035,"Litoral Lagunar",4,"Sul",1,"431560",5,230,79,151,89,141,0,0,0,0,0,230,79,151,89,141,144,10.8528499384829,12.264176445685,0.486412356482191,31
"19817","RS","Rio Grande",211965,51681.23,43035,"Litoral Lagunar",4,"Sul",1,"431560",6,199,57,142,70,129,1,0,0,0,0,200,57,142,70,129,154,10.8528499384829,12.264176445685,0.454953259269996,30
"19818","RS","Rio Grande",211965,51681.23,43035,"Litoral Lagunar",4,"Sul",1,"431560",7,205,63,142,84,121,2,0,0,0,0,207,63,142,84,121,282,10.8528499384829,12.264176445685,0.479581706345435,29
"19819","RS","Rio Pardo",38265,24379.36,43022,"Cachoeira do Sul",4,"Sul",0,"431570",2,51,13,38,17,34,0,0,0,0,0,51,13,38,17,34,31,10.1014921516653,10.552290919244,0.312960389709223,29
"19820","RS","Rio Pardo",38265,24379.36,43022,"Cachoeira do Sul",4,"Sul",0,"431570",3,60,18,42,28,32,1,0,0,0,0,61,18,42,28,32,25,10.1014921516653,10.552290919244,0.410604880072495,31
"19821","RS","Rio Pardo",38265,24379.36,43022,"Cachoeira do Sul",4,"Sul",0,"431570",4,40,11,29,18,22,0,0,0,0,0,40,11,29,18,22,20,10.1014921516653,10.552290919244,0.425917915799663,30
"19822","RS","Rio Pardo",38265,24379.36,43022,"Cachoeira do Sul",4,"Sul",0,"431570",5,32,8,24,14,18,0,0,0,0,0,32,8,24,14,18,31,10.1014921516653,10.552290919244,0.397094181476682,31
"19823","RS","Rio Pardo",38265,24379.36,43022,"Cachoeira do Sul",4,"Sul",0,"431570",6,41,11,30,17,24,0,0,0,0,0,41,11,30,17,24,36,10.1014921516653,10.552290919244,0.392314071044327,30
"19824","RS","Rio Pardo",38265,24379.36,43022,"Cachoeira do Sul",4,"Sul",0,"431570",7,36,13,23,13,23,0,0,0,0,0,36,13,23,13,23,38,10.1014921516653,10.552290919244,0.411575888514371,29
"19825","RS","Roca Sales",11471,40933.3,43021,"Lajeado-Estrela",4,"Sul",0,"431580",2,16,7,9,6,10,0,0,0,0,0,16,7,9,6,10,9,10.6196991916945,9.34757739028127,0.333240929276894,29
"19826","RS","Roca Sales",11471,40933.3,43021,"Lajeado-Estrela",4,"Sul",0,"431580",3,13,5,8,2,11,1,0,0,0,0,14,5,8,2,11,9,10.6196991916945,9.34757739028127,0.448602813508815,31
"19827","RS","Roca Sales",11471,40933.3,43021,"Lajeado-Estrela",4,"Sul",0,"431580",4,15,2,13,4,11,0,0,0,0,0,15,2,13,4,11,2,10.6196991916945,9.34757739028127,0.4875540741354,30
"19828","RS","Roca Sales",11471,40933.3,43021,"Lajeado-Estrela",4,"Sul",0,"431580",5,7,0,7,0,7,0,0,0,0,0,7,0,7,0,7,11,10.6196991916945,9.34757739028127,0.423991019828671,31
"19829","RS","Roca Sales",11471,40933.3,43021,"Lajeado-Estrela",4,"Sul",0,"431580",6,9,3,6,3,6,0,0,0,0,0,9,3,6,3,6,10,10.6196991916945,9.34757739028127,0.398001163126683,30
"19830","RS","Roca Sales",11471,40933.3,43021,"Lajeado-Estrela",4,"Sul",0,"431580",7,7,4,3,2,5,0,0,0,0,0,7,4,3,2,5,9,10.6196991916945,9.34757739028127,0.404434471105072,29
"19831","RS","Rolante",21453,29148.17,43024,"Gramado-Canela",4,"Sul",0,"431600",2,28,11,17,10,18,0,0,0,0,0,28,11,17,10,18,7,10.2801474110773,9.97361977471651,0.31182267371894,29
"19832","RS","Rolante",21453,29148.17,43024,"Gramado-Canela",4,"Sul",0,"431600",3,43,15,28,11,32,1,0,0,0,0,44,15,28,11,32,12,10.2801474110773,9.97361977471651,0.408802925670102,31
"19833","RS","Rolante",21453,29148.17,43024,"Gramado-Canela",4,"Sul",0,"431600",4,32,16,16,11,21,0,0,0,0,0,32,16,16,11,21,7,10.2801474110773,9.97361977471651,0.422538905019648,30
"19834","RS","Rolante",21453,29148.17,43024,"Gramado-Canela",4,"Sul",0,"431600",5,23,4,19,10,13,0,0,0,0,0,23,4,19,10,13,11,10.2801474110773,9.97361977471651,0.394226170667906,31
"19835","RS","Rolante",21453,29148.17,43024,"Gramado-Canela",4,"Sul",0,"431600",6,19,7,12,6,13,1,0,0,0,0,20,7,12,6,13,20,10.2801474110773,9.97361977471651,0.383956987171358,30
"19836","RS","Rolante",21453,29148.17,43024,"Gramado-Canela",4,"Sul",0,"431600",7,18,6,12,6,12,0,0,0,0,0,18,6,12,6,12,15,10.2801474110773,9.97361977471651,0.4030878767789,29
"19837","RS","Rosário do Sul",39314,22909.03,43030,"Campanha Central",4,"Sul",1,"431640",2,60,17,43,26,34,0,0,0,0,0,60,17,43,26,34,20,10.0392864349615,10.5793359685177,0.315955115813623,29
"19838","RS","Rosário do Sul",39314,22909.03,43030,"Campanha Central",4,"Sul",1,"431640",3,41,8,33,7,34,0,0,0,0,0,41,8,33,7,34,28,10.0392864349615,10.5793359685177,0.401724437957252,31
"19839","RS","Rosário do Sul",39314,22909.03,43030,"Campanha Central",4,"Sul",1,"431640",4,48,16,32,20,28,0,0,0,0,0,48,16,32,20,28,25,10.0392864349615,10.5793359685177,0.415206526846655,30
"19840","RS","Rosário do Sul",39314,22909.03,43030,"Campanha Central",4,"Sul",1,"431640",5,38,13,25,16,22,0,0,0,0,0,38,13,25,16,22,24,10.0392864349615,10.5793359685177,0.383002868626885,31
"19841","RS","Rosário do Sul",39314,22909.03,43030,"Campanha Central",4,"Sul",1,"431640",6,49,11,38,19,30,0,0,0,0,0,49,11,38,19,30,33,10.0392864349615,10.5793359685177,0.372193432581915,30
"19842","RS","Rosário do Sul",39314,22909.03,43030,"Campanha Central",4,"Sul",1,"431640",7,32,13,19,14,18,0,0,0,0,0,32,13,19,14,18,25,10.0392864349615,10.5793359685177,0.372518504439495,29
"19843","RS","Salto do Jacuí",12481,64808,43011,"Cruz Alta",4,"Sul",0,"431645",2,16,10,6,7,9,0,0,0,0,0,16,10,6,7,9,4,11.0791843315103,9.43196276691845,0.303886306486244,29
"19844","RS","Salto do Jacuí",12481,64808,43011,"Cruz Alta",4,"Sul",0,"431645",3,18,9,9,8,10,0,0,0,0,0,18,9,9,8,10,9,11.0791843315103,9.43196276691845,0.401876960583278,31
"19845","RS","Salto do Jacuí",12481,64808,43011,"Cruz Alta",4,"Sul",0,"431645",4,12,4,8,4,8,0,0,0,0,0,12,4,8,4,8,10,11.0791843315103,9.43196276691845,0.42657981357233,30
"19846","RS","Salto do Jacuí",12481,64808,43011,"Cruz Alta",4,"Sul",0,"431645",5,6,1,5,3,3,0,0,0,0,0,6,1,5,3,3,6,11.0791843315103,9.43196276691845,0.419107248616728,31
"19847","RS","Salto do Jacuí",12481,64808,43011,"Cruz Alta",4,"Sul",0,"431645",6,7,2,5,1,6,0,0,0,0,0,7,2,5,1,6,5,11.0791843315103,9.43196276691845,0.410323307565668,30
"19848","RS","Salto do Jacuí",12481,64808,43011,"Cruz Alta",4,"Sul",0,"431645",7,10,2,8,4,6,0,0,0,0,0,10,2,8,4,6,4,11.0791843315103,9.43196276691845,0.435114503747378,29
"19849","RS","Salvador do Sul",7889,36513.05,43023,"Montenegro",4,"Sul",0,"431650",2,6,1,5,0,6,0,0,0,0,0,6,1,5,0,6,2,10.505425009917,8.97322466309509,0.333795100677053,29
"19850","RS","Salvador do Sul",7889,36513.05,43023,"Montenegro",4,"Sul",0,"431650",3,14,3,11,4,10,0,0,0,0,0,14,3,11,4,10,2,10.505425009917,8.97322466309509,0.439173281791512,31
"19851","RS","Salvador do Sul",7889,36513.05,43023,"Montenegro",4,"Sul",0,"431650",4,12,1,11,6,6,0,0,0,0,0,12,1,11,6,6,5,10.505425009917,8.97322466309509,0.446861099859821,30
"19852","RS","Salvador do Sul",7889,36513.05,43023,"Montenegro",4,"Sul",0,"431650",5,6,0,6,3,3,0,0,0,0,0,6,0,6,3,3,5,10.505425009917,8.97322466309509,0.426258373523521,31
"19853","RS","Salvador do Sul",7889,36513.05,43023,"Montenegro",4,"Sul",0,"431650",6,8,1,7,0,8,1,0,0,0,0,9,1,7,0,8,3,10.505425009917,8.97322466309509,0.395354130719187,30
"19854","RS","Salvador do Sul",7889,36513.05,43023,"Montenegro",4,"Sul",0,"431650",7,5,1,4,2,3,0,0,0,0,0,5,1,4,2,3,5,10.505425009917,8.97322466309509,0.38979227521298,29
"19855","RS","Sananduva",16328,36886.58,43005,"Sananduva",4,"Sul",0,"431660",2,24,4,20,8,16,0,0,0,0,0,24,4,20,8,16,9,10.5156030782421,9.70063670448968,0.289191792024016,29
"19856","RS","Sananduva",16328,36886.58,43005,"Sananduva",4,"Sul",0,"431660",3,26,7,19,6,20,0,0,0,0,0,26,7,19,6,20,9,10.5156030782421,9.70063670448968,0.369500453320663,31
"19857","RS","Sananduva",16328,36886.58,43005,"Sananduva",4,"Sul",0,"431660",4,20,6,14,9,11,0,0,0,0,0,20,6,14,9,11,5,10.5156030782421,9.70063670448968,0.403670159615407,30
"19858","RS","Sananduva",16328,36886.58,43005,"Sananduva",4,"Sul",0,"431660",5,18,2,16,2,16,0,0,0,0,0,18,2,16,2,16,11,10.5156030782421,9.70063670448968,0.365930929753275,31
"19859","RS","Sananduva",16328,36886.58,43005,"Sananduva",4,"Sul",0,"431660",6,18,2,16,4,14,0,0,0,0,0,18,2,16,4,14,15,10.5156030782421,9.70063670448968,0.380943001975951,30
"19860","RS","Sananduva",16328,36886.58,43005,"Sananduva",4,"Sul",0,"431660",7,10,3,7,2,8,0,0,0,0,0,10,3,7,2,8,15,10.5156030782421,9.70063670448968,0.363497870305004,29
"19861","RS","Santa Bárbara do Sul",7909,97177.43,43011,"Cruz Alta",4,"Sul",0,"431670",2,15,3,12,4,11,0,0,0,0,0,15,3,12,4,11,5,11.4842937618395,8.97575663051942,0.289566032923545,29
"19862","RS","Santa Bárbara do Sul",7909,97177.43,43011,"Cruz Alta",4,"Sul",0,"431670",3,8,0,8,5,3,0,0,0,0,0,8,0,8,5,3,6,11.4842937618395,8.97575663051942,0.386030136932443,31
"19863","RS","Santa Bárbara do Sul",7909,97177.43,43011,"Cruz Alta",4,"Sul",0,"431670",4,13,2,11,3,10,0,0,0,0,0,13,2,11,3,10,6,11.4842937618395,8.97575663051942,0.368763745839981,30
"19864","RS","Santa Bárbara do Sul",7909,97177.43,43011,"Cruz Alta",4,"Sul",0,"431670",5,11,4,7,2,9,0,0,0,0,0,11,4,7,2,9,4,11.4842937618395,8.97575663051942,0.392149817204091,31
"19865","RS","Santa Bárbara do Sul",7909,97177.43,43011,"Cruz Alta",4,"Sul",0,"431670",6,3,1,2,2,1,0,0,0,0,0,3,1,2,2,1,6,11.4842937618395,8.97575663051942,0.387579654125286,30
"19866","RS","Santa Bárbara do Sul",7909,97177.43,43011,"Cruz Alta",4,"Sul",0,"431670",7,9,2,7,3,6,0,0,0,0,0,9,2,7,3,6,7,11.4842937618395,8.97575663051942,0.438769550039759,29
"19867","RS","Santa Clara do Sul",6681,40944.1,43021,"Lajeado-Estrela",4,"Sul",1,"431675",2,5,2,3,1,4,0,0,0,0,0,5,2,3,1,4,3,10.6199630007569,8.80702295592548,0.294563630337434,29
"19868","RS","Santa Clara do Sul",6681,40944.1,43021,"Lajeado-Estrela",4,"Sul",1,"431675",3,7,3,4,3,4,0,0,0,0,0,7,3,4,3,4,2,10.6199630007569,8.80702295592548,0.395363687446071,31
"19869","RS","Santa Clara do Sul",6681,40944.1,43021,"Lajeado-Estrela",4,"Sul",1,"431675",4,4,1,3,1,3,0,0,0,0,0,4,1,3,1,3,2,10.6199630007569,8.80702295592548,0.41513671405922,30
"19870","RS","Santa Clara do Sul",6681,40944.1,43021,"Lajeado-Estrela",4,"Sul",1,"431675",5,4,0,4,1,3,0,0,0,0,0,4,0,4,1,3,3,10.6199630007569,8.80702295592548,0.397744790707546,31
"19871","RS","Santa Clara do Sul",6681,40944.1,43021,"Lajeado-Estrela",4,"Sul",1,"431675",6,8,3,5,1,7,0,0,0,0,0,8,3,5,1,7,0,10.6199630007569,8.80702295592548,0.354221705434183,30
"19872","RS","Santa Clara do Sul",6681,40944.1,43021,"Lajeado-Estrela",4,"Sul",1,"431675",7,4,0,4,1,3,0,0,0,0,0,4,0,4,1,3,2,10.6199630007569,8.80702295592548,0.373554687851168,29
"19873","RS","Santa Cruz do Sul",131365,73286.09,43020,"Santa Cruz do Sul",4,"Sul",1,"431680",2,217,46,171,63,154,3,0,0,0,0,220,46,171,63,154,74,11.2021261017901,11.7857349872993,0.307635834851168,29
"19874","RS","Santa Cruz do Sul",131365,73286.09,43020,"Santa Cruz do Sul",4,"Sul",1,"431680",3,226,47,179,61,165,1,0,0,0,0,227,47,179,61,165,74,11.2021261017901,11.7857349872993,0.413006909493493,31
"19875","RS","Santa Cruz do Sul",131365,73286.09,43020,"Santa Cruz do Sul",4,"Sul",1,"431680",4,143,35,108,37,106,1,0,0,0,0,144,35,108,37,106,63,11.2021261017901,11.7857349872993,0.465528723385778,30
"19876","RS","Santa Cruz do Sul",131365,73286.09,43020,"Santa Cruz do Sul",4,"Sul",1,"431680",5,131,29,102,29,102,0,0,0,0,0,131,29,102,29,102,90,11.2021261017901,11.7857349872993,0.419872663840435,31
"19877","RS","Santa Cruz do Sul",131365,73286.09,43020,"Santa Cruz do Sul",4,"Sul",1,"431680",6,132,25,107,30,102,0,0,0,0,0,132,25,107,30,102,81,11.2021261017901,11.7857349872993,0.394904760975078,30
"19878","RS","Santa Cruz do Sul",131365,73286.09,43020,"Santa Cruz do Sul",4,"Sul",1,"431680",7,127,29,98,31,96,3,0,0,0,0,130,29,98,31,96,90,11.2021261017901,11.7857349872993,0.391128021359174,29
"19879","RS","Santa Maria",283677,27785.51,43018,"Santa Maria",4,"Sul",1,"431690",2,428,88,340,135,293,3,0,0,0,0,431,88,340,135,293,144,10.2322699407732,12.555591545956,0.320523134586051,29
"19880","RS","Santa Maria",283677,27785.51,43018,"Santa Maria",4,"Sul",1,"431690",3,530,99,431,180,350,0,0,0,0,0,530,99,431,180,350,166,10.2322699407732,12.555591545956,0.441122198248589,31
"19881","RS","Santa Maria",283677,27785.51,43018,"Santa Maria",4,"Sul",1,"431690",4,312,72,240,105,207,0,0,0,0,0,312,72,240,105,207,161,10.2322699407732,12.555591545956,0.491527411797554,30
"19882","RS","Santa Maria",283677,27785.51,43018,"Santa Maria",4,"Sul",1,"431690",5,282,76,206,96,186,3,0,0,0,0,285,76,206,96,186,194,10.2322699407732,12.555591545956,0.440041260909263,31
"19883","RS","Santa Maria",283677,27785.51,43018,"Santa Maria",4,"Sul",1,"431690",6,293,71,222,88,205,4,0,0,0,0,297,71,222,88,205,186,10.2322699407732,12.555591545956,0.423070213954663,30
"19884","RS","Santa Maria",283677,27785.51,43018,"Santa Maria",4,"Sul",1,"431690",7,287,62,225,85,202,0,0,0,0,0,287,62,225,85,202,214,10.2322699407732,12.555591545956,0.416710493454618,29
"19885","RS","Sant'Ana do Livramento",76321,33840.09,43030,"Campanha Central",4,"Sul",1,"431710",2,165,40,125,61,104,0,0,0,0,0,165,40,125,61,104,51,10.4294014732911,11.2427034087617,0.314922206012836,29
"19886","RS","Sant'Ana do Livramento",76321,33840.09,43030,"Campanha Central",4,"Sul",1,"431710",3,144,48,96,49,95,3,0,0,0,0,147,48,96,49,95,59,10.4294014732911,11.2427034087617,0.427312436792744,31
"19887","RS","Sant'Ana do Livramento",76321,33840.09,43030,"Campanha Central",4,"Sul",1,"431710",4,86,27,59,32,54,0,0,0,0,0,86,27,59,32,54,61,10.4294014732911,11.2427034087617,0.454363622529459,30
"19888","RS","Sant'Ana do Livramento",76321,33840.09,43030,"Campanha Central",4,"Sul",1,"431710",5,113,32,81,37,76,6,0,0,0,0,119,32,81,37,76,64,10.4294014732911,11.2427034087617,0.402901469416328,31
"19889","RS","Sant'Ana do Livramento",76321,33840.09,43030,"Campanha Central",4,"Sul",1,"431710",6,92,28,64,43,49,0,0,0,0,0,92,28,64,43,49,51,10.4294014732911,11.2427034087617,0.397561588049763,30
"19890","RS","Sant'Ana do Livramento",76321,33840.09,43030,"Campanha Central",4,"Sul",1,"431710",7,86,28,58,28,58,1,0,0,0,0,87,28,58,28,58,72,10.4294014732911,11.2427034087617,0.39087313459739,29
"19891","RS","Santa Rosa",73575,41100.58,43001,"Santa Rosa",4,"Sul",1,"431720",2,116,17,99,35,81,0,0,0,0,0,116,17,99,35,81,46,10.6237775123069,11.2060605731017,0.304961132175967,29
"19892","RS","Santa Rosa",73575,41100.58,43001,"Santa Rosa",4,"Sul",1,"431720",3,76,10,66,20,56,0,0,0,0,0,76,10,66,20,56,33,10.6237775123069,11.2060605731017,0.373691214810269,31
"19893","RS","Santa Rosa",73575,41100.58,43001,"Santa Rosa",4,"Sul",1,"431720",4,81,5,76,24,57,0,0,0,0,0,81,5,76,24,57,37,10.6237775123069,11.2060605731017,0.415016945798443,30
"19894","RS","Santa Rosa",73575,41100.58,43001,"Santa Rosa",4,"Sul",1,"431720",5,101,10,91,36,65,1,0,0,0,0,102,10,91,36,65,39,10.6237775123069,11.2060605731017,0.392270707406934,31
"19895","RS","Santa Rosa",73575,41100.58,43001,"Santa Rosa",4,"Sul",1,"431720",6,92,10,82,24,68,0,0,0,0,0,92,10,82,24,68,46,10.6237775123069,11.2060605731017,0.379083253172443,30
"19896","RS","Santa Rosa",73575,41100.58,43001,"Santa Rosa",4,"Sul",1,"431720",7,60,13,47,14,46,1,0,0,0,0,61,13,47,14,46,55,10.6237775123069,11.2060605731017,0.373566738440156,29
"19897","RS","Santa Vitória do Palmar",29483,44990.62,43035,"Litoral Lagunar",4,"Sul",1,"431730",2,45,10,35,14,31,0,0,0,0,0,45,10,35,14,31,24,10.7142093025804,10.2915691050334,0.311980100508624,29
"19898","RS","Santa Vitória do Palmar",29483,44990.62,43035,"Litoral Lagunar",4,"Sul",1,"431730",3,61,17,44,20,41,0,0,0,0,0,61,17,44,20,41,30,10.7142093025804,10.2915691050334,0.405743819733726,31
"19899","RS","Santa Vitória do Palmar",29483,44990.62,43035,"Litoral Lagunar",4,"Sul",1,"431730",4,35,13,22,15,20,0,0,0,0,0,35,13,22,15,20,30,10.7142093025804,10.2915691050334,0.431049301527059,30
"19900","RS","Santa Vitória do Palmar",29483,44990.62,43035,"Litoral Lagunar",4,"Sul",1,"431730",5,31,7,24,10,21,0,0,0,0,0,31,7,24,10,21,27,10.7142093025804,10.2915691050334,0.397852827334866,31
"19901","RS","Santa Vitória do Palmar",29483,44990.62,43035,"Litoral Lagunar",4,"Sul",1,"431730",6,24,9,15,8,16,0,0,0,0,0,24,9,15,8,16,18,10.7142093025804,10.2915691050334,0.413806906805046,30
"19902","RS","Santa Vitória do Palmar",29483,44990.62,43035,"Litoral Lagunar",4,"Sul",1,"431730",7,31,17,14,10,21,1,0,0,0,0,32,17,14,10,21,25,10.7142093025804,10.2915691050334,0.394045771061754,29
"19903","RS","Santiago",49360,29150.81,43017,"Santiago",4,"Sul",1,"431740",2,80,14,66,28,52,1,0,0,0,0,81,14,66,28,52,24,10.2802379786996,10.8068956585793,0.291757604115452,29
"19904","RS","Santiago",49360,29150.81,43017,"Santiago",4,"Sul",1,"431740",3,69,7,62,23,46,0,0,0,0,0,69,7,62,23,46,22,10.2802379786996,10.8068956585793,0.40031916716313,31
"19905","RS","Santiago",49360,29150.81,43017,"Santiago",4,"Sul",1,"431740",4,39,9,30,16,23,1,0,0,0,0,40,9,30,16,23,31,10.2802379786996,10.8068956585793,0.421942260180679,30
"19906","RS","Santiago",49360,29150.81,43017,"Santiago",4,"Sul",1,"431740",5,46,8,38,11,35,0,0,0,0,0,46,8,38,11,35,39,10.2802379786996,10.8068956585793,0.382651141409574,31
"19907","RS","Santiago",49360,29150.81,43017,"Santiago",4,"Sul",1,"431740",6,48,11,37,9,39,0,0,0,0,0,48,11,37,9,39,33,10.2802379786996,10.8068956585793,0.388979666229699,30
"19908","RS","Santiago",49360,29150.81,43017,"Santiago",4,"Sul",1,"431740",7,40,6,34,14,26,0,0,0,0,0,40,6,34,14,26,48,10.2802379786996,10.8068956585793,0.391857613203572,29
"19909","RS","Santo Ângelo",77568,34128.89,43007,"Santo Ângelo",4,"Sul",1,"431750",2,109,23,86,43,66,0,0,0,0,0,109,23,86,43,66,53,10.4378995186646,11.2589102499889,0.310451019855469,29
"19910","RS","Santo Ângelo",77568,34128.89,43007,"Santo Ângelo",4,"Sul",1,"431750",3,98,23,75,34,64,0,0,0,0,0,98,23,75,34,64,59,10.4378995186646,11.2589102499889,0.403599222473893,31
"19911","RS","Santo Ângelo",77568,34128.89,43007,"Santo Ângelo",4,"Sul",1,"431750",4,84,25,59,29,55,0,0,0,0,0,84,25,59,29,55,43,10.4378995186646,11.2589102499889,0.441097859857432,30
"19912","RS","Santo Ângelo",77568,34128.89,43007,"Santo Ângelo",4,"Sul",1,"431750",5,91,25,66,26,65,1,0,0,0,0,92,25,66,26,65,47,10.4378995186646,11.2589102499889,0.428199902228568,31
"19913","RS","Santo Ângelo",77568,34128.89,43007,"Santo Ângelo",4,"Sul",1,"431750",6,90,25,65,31,59,0,0,0,0,0,90,25,65,31,59,81,10.4378995186646,11.2589102499889,0.419915374971871,30
"19914","RS","Santo Ângelo",77568,34128.89,43007,"Santo Ângelo",4,"Sul",1,"431750",7,89,21,68,23,66,0,0,0,0,0,89,21,68,23,66,50,10.4378995186646,11.2589102499889,0.411660537949581,29
"19915","RS","Santo Antônio da Patrulha",43171,29889.94,43027,"Osório",4,"Sul",0,"431760",2,59,13,46,17,42,0,0,0,0,0,59,13,46,17,42,30,10.3052772479156,10.6729242525157,0.275423184717832,29
"19916","RS","Santo Antônio da Patrulha",43171,29889.94,43027,"Osório",4,"Sul",0,"431760",3,68,21,47,27,41,0,0,0,0,0,68,21,47,27,41,30,10.3052772479156,10.6729242525157,0.384097737521028,31
"19917","RS","Santo Antônio da Patrulha",43171,29889.94,43027,"Osório",4,"Sul",0,"431760",4,45,11,34,17,28,0,0,0,0,0,45,11,34,17,28,22,10.3052772479156,10.6729242525157,0.422079879722013,30
"19918","RS","Santo Antônio da Patrulha",43171,29889.94,43027,"Osório",4,"Sul",0,"431760",5,41,9,32,11,30,0,0,0,0,0,41,9,32,11,30,26,10.3052772479156,10.6729242525157,0.381755449885889,31
"19919","RS","Santo Antônio da Patrulha",43171,29889.94,43027,"Osório",4,"Sul",0,"431760",6,34,11,23,12,22,0,0,0,0,0,34,11,23,12,22,27,10.3052772479156,10.6729242525157,0.376955764963799,30
"19920","RS","Santo Antônio da Patrulha",43171,29889.94,43027,"Osório",4,"Sul",0,"431760",7,42,8,34,14,28,0,0,0,0,0,42,8,34,14,28,48,10.3052772479156,10.6729242525157,0.383494899464654,29
"19921","RS","Santo Augusto",13848,39859.94,43008,"Ijuí",4,"Sul",1,"431780",2,22,4,18,8,14,0,0,0,0,0,22,4,18,8,14,8,10.5931270884972,9.53589609685605,0.314523064481441,29
"19922","RS","Santo Augusto",13848,39859.94,43008,"Ijuí",4,"Sul",1,"431780",3,34,8,26,9,25,0,0,0,0,0,34,8,26,9,25,5,10.5931270884972,9.53589609685605,0.404740425459932,31
"19923","RS","Santo Augusto",13848,39859.94,43008,"Ijuí",4,"Sul",1,"431780",4,21,1,20,7,14,0,0,0,0,0,21,1,20,7,14,7,10.5931270884972,9.53589609685605,0.419307228489227,30
"19924","RS","Santo Augusto",13848,39859.94,43008,"Ijuí",4,"Sul",1,"431780",5,14,4,10,4,10,0,0,0,0,0,14,4,10,4,10,11,10.5931270884972,9.53589609685605,0.402434341709608,31
"19925","RS","Santo Augusto",13848,39859.94,43008,"Ijuí",4,"Sul",1,"431780",6,17,5,12,4,13,0,0,0,0,0,17,5,12,4,13,10,10.5931270884972,9.53589609685605,0.403107671907881,30
"19926","RS","Santo Augusto",13848,39859.94,43008,"Ijuí",4,"Sul",1,"431780",7,18,4,14,4,14,0,0,0,0,0,18,4,14,4,14,6,10.5931270884972,9.53589609685605,0.381789466149634,29
"19927","RS","Santo Cristo",14216,39854.23,43001,"Santa Rosa",4,"Sul",0,"431790",2,28,5,23,9,19,0,0,0,0,0,28,5,23,9,19,10,10.5929838266403,9.56212336983449,0.306532256989508,29
"19928","RS","Santo Cristo",14216,39854.23,43001,"Santa Rosa",4,"Sul",0,"431790",3,9,0,9,2,7,0,0,0,0,0,9,0,9,2,7,10,10.5929838266403,9.56212336983449,0.373688752986616,31
"19929","RS","Santo Cristo",14216,39854.23,43001,"Santa Rosa",4,"Sul",0,"431790",4,14,2,12,2,12,0,0,0,0,0,14,2,12,2,12,10,10.5929838266403,9.56212336983449,0.391462877954802,30
"19930","RS","Santo Cristo",14216,39854.23,43001,"Santa Rosa",4,"Sul",0,"431790",5,15,2,13,2,13,0,0,0,0,0,15,2,13,2,13,10,10.5929838266403,9.56212336983449,0.412087831925827,31
"19931","RS","Santo Cristo",14216,39854.23,43001,"Santa Rosa",4,"Sul",0,"431790",6,21,1,20,3,18,0,0,0,0,0,21,1,20,3,18,3,10.5929838266403,9.56212336983449,0.389116091984869,30
"19932","RS","Santo Cristo",14216,39854.23,43001,"Santa Rosa",4,"Sul",0,"431790",7,11,3,8,5,6,0,0,0,0,0,11,3,8,5,6,15,10.5929838266403,9.56212336983449,0.366884606368381,29
"19933","RS","São Borja",60019,31467.27,43029,"Campanha Ocidental",4,"Sul",1,"431800",2,93,11,82,30,63,0,0,0,0,0,93,11,82,30,63,37,10.3567032370105,11.0024164577426,0.326767458768403,29
"19934","RS","São Borja",60019,31467.27,43029,"Campanha Ocidental",4,"Sul",1,"431800",3,110,11,99,36,74,0,0,0,0,0,110,11,99,36,74,39,10.3567032370105,11.0024164577426,0.415613923001151,31
"19935","RS","São Borja",60019,31467.27,43029,"Campanha Ocidental",4,"Sul",1,"431800",4,68,18,50,25,43,1,0,0,0,0,69,18,50,25,43,40,10.3567032370105,11.0024164577426,0.433038044024722,30
"19936","RS","São Borja",60019,31467.27,43029,"Campanha Ocidental",4,"Sul",1,"431800",5,66,15,51,20,46,0,0,0,0,0,66,15,51,20,46,34,10.3567032370105,11.0024164577426,0.422909146247568,31
"19937","RS","São Borja",60019,31467.27,43029,"Campanha Ocidental",4,"Sul",1,"431800",6,54,11,43,22,32,0,0,0,0,0,54,11,43,22,32,37,10.3567032370105,11.0024164577426,0.404070710595622,30
"19938","RS","São Borja",60019,31467.27,43029,"Campanha Ocidental",4,"Sul",1,"431800",7,54,11,43,14,40,1,0,0,0,0,55,11,43,14,40,49,10.3567032370105,11.0024164577426,0.419139923989337,29
"19939","RS","São Francisco de Assis",18205,26750.31,43029,"Campanha Ocidental",4,"Sul",0,"431810",2,17,4,13,4,13,0,0,0,0,0,17,4,13,4,13,12,10.194301341042,9.80945156060953,0.279898213853493,29
"19940","RS","São Francisco de Assis",18205,26750.31,43029,"Campanha Ocidental",4,"Sul",0,"431810",3,26,9,17,7,19,0,0,0,0,0,26,9,17,7,19,15,10.194301341042,9.80945156060953,0.370538969777734,31
"19941","RS","São Francisco de Assis",18205,26750.31,43029,"Campanha Ocidental",4,"Sul",0,"431810",4,14,2,12,6,8,0,0,0,0,0,14,2,12,6,8,13,10.194301341042,9.80945156060953,0.389676333776528,30
"19942","RS","São Francisco de Assis",18205,26750.31,43029,"Campanha Ocidental",4,"Sul",0,"431810",5,13,1,12,7,6,0,0,0,0,0,13,1,12,7,6,11,10.194301341042,9.80945156060953,0.35110317037699,31
"19943","RS","São Francisco de Assis",18205,26750.31,43029,"Campanha Ocidental",4,"Sul",0,"431810",6,12,3,9,4,8,0,0,0,0,0,12,3,9,4,8,13,10.194301341042,9.80945156060953,0.380457397665586,30
"19944","RS","São Francisco de Assis",18205,26750.31,43029,"Campanha Ocidental",4,"Sul",0,"431810",7,11,1,10,2,9,1,0,0,0,0,12,1,10,2,9,13,10.194301341042,9.80945156060953,0.377590708146455,29
"19945","RS","São Francisco de Paula",21801,28411.7,43015,"Vacaria",4,"Sul",0,"431820",2,45,20,25,18,27,0,0,0,0,0,45,20,25,18,27,7,10.2545563111432,9.98971111928475,0.327114233788638,29
"19946","RS","São Francisco de Paula",21801,28411.7,43015,"Vacaria",4,"Sul",0,"431820",3,43,25,18,19,24,0,0,0,0,0,43,25,18,19,24,10,10.2545563111432,9.98971111928475,0.419662793583668,31
"19947","RS","São Francisco de Paula",21801,28411.7,43015,"Vacaria",4,"Sul",0,"431820",4,25,13,12,17,8,0,0,0,0,0,25,13,12,17,8,12,10.2545563111432,9.98971111928475,0.425020052289615,30
"19948","RS","São Francisco de Paula",21801,28411.7,43015,"Vacaria",4,"Sul",0,"431820",5,18,5,13,8,10,0,0,0,0,0,18,5,13,8,10,17,10.2545563111432,9.98971111928475,0.414987879427749,31
"19949","RS","São Francisco de Paula",21801,28411.7,43015,"Vacaria",4,"Sul",0,"431820",6,27,8,19,15,12,0,0,0,0,0,27,8,19,15,12,13,10.2545563111432,9.98971111928475,0.403350740546782,30
"19950","RS","São Francisco de Paula",21801,28411.7,43015,"Vacaria",4,"Sul",0,"431820",7,19,7,12,9,10,0,0,0,0,0,19,7,12,9,10,11,10.2545563111432,9.98971111928475,0.427926733139765,29
"19951","RS","São Gabriel",62147,29673.16,43030,"Campanha Central",4,"Sul",1,"431830",2,97,28,69,42,55,0,0,0,0,0,97,28,69,42,55,35,10.2979982125007,11.0372578254601,0.307584359858339,29
"19952","RS","São Gabriel",62147,29673.16,43030,"Campanha Central",4,"Sul",1,"431830",3,88,32,56,23,65,1,0,0,0,0,89,32,56,23,65,45,10.2979982125007,11.0372578254601,0.389262389168832,31
"19953","RS","São Gabriel",62147,29673.16,43030,"Campanha Central",4,"Sul",1,"431830",4,78,23,55,29,49,1,0,0,0,0,79,23,55,29,49,40,10.2979982125007,11.0372578254601,0.420055417870971,30
"19954","RS","São Gabriel",62147,29673.16,43030,"Campanha Central",4,"Sul",1,"431830",5,64,22,42,24,40,1,0,0,0,0,65,22,42,24,40,58,10.2979982125007,11.0372578254601,0.403969388664102,31
"19955","RS","São Gabriel",62147,29673.16,43030,"Campanha Central",4,"Sul",1,"431830",6,56,22,34,22,34,0,0,0,0,0,56,22,34,22,34,50,10.2979982125007,11.0372578254601,0.401579815145879,30
"19956","RS","São Gabriel",62147,29673.16,43030,"Campanha Central",4,"Sul",1,"431830",7,57,19,38,28,29,0,0,0,0,0,57,19,38,28,29,52,10.2979982125007,11.0372578254601,0.397905302799796,29
"19957","RS","São Jerônimo",24412,24175.77,43025,"São Jerônimo",4,"Sul",1,"431840",2,43,14,29,19,24,0,0,0,0,0,43,14,29,19,24,14,10.0931061709001,10.1028300936644,0.29820835426686,29
"19958","RS","São Jerônimo",24412,24175.77,43025,"São Jerônimo",4,"Sul",1,"431840",3,38,13,25,12,26,0,0,0,0,0,38,13,25,12,26,14,10.0931061709001,10.1028300936644,0.423401306838139,31
"19959","RS","São Jerônimo",24412,24175.77,43025,"São Jerônimo",4,"Sul",1,"431840",4,21,7,14,6,15,0,0,0,0,0,21,7,14,6,15,11,10.0931061709001,10.1028300936644,0.463612157574651,30
"19960","RS","São Jerônimo",24412,24175.77,43025,"São Jerônimo",4,"Sul",1,"431840",5,19,4,15,9,10,0,0,0,0,0,19,4,15,9,10,9,10.0931061709001,10.1028300936644,0.423149563316786,31
"19961","RS","São Jerônimo",24412,24175.77,43025,"São Jerônimo",4,"Sul",1,"431840",6,17,4,13,8,9,0,0,0,0,0,17,4,13,8,9,21,10.0931061709001,10.1028300936644,0.418732555924287,30
"19962","RS","São Jerônimo",24412,24175.77,43025,"São Jerônimo",4,"Sul",1,"431840",7,21,6,15,7,14,0,0,0,0,0,21,6,15,7,14,22,10.0931061709001,10.1028300936644,0.439083910006354,29
"19963","RS","São José do Norte",27721,29672.28,43035,"Litoral Lagunar",4,"Sul",0,"431850",2,33,8,25,14,19,0,0,0,0,0,33,8,25,14,19,24,10.2979685556307,10.2299455276892,0.335722779238078,29
"19964","RS","São José do Norte",27721,29672.28,43035,"Litoral Lagunar",4,"Sul",0,"431850",3,40,15,25,15,25,0,0,0,0,0,40,15,25,15,25,21,10.2979685556307,10.2299455276892,0.421103542981572,31
"19965","RS","São José do Norte",27721,29672.28,43035,"Litoral Lagunar",4,"Sul",0,"431850",4,28,11,17,12,16,0,0,0,0,0,28,11,17,12,16,14,10.2979685556307,10.2299455276892,0.438837291215234,30
"19966","RS","São José do Norte",27721,29672.28,43035,"Litoral Lagunar",4,"Sul",0,"431850",5,34,17,17,19,15,0,0,0,0,0,34,17,17,19,15,17,10.2979685556307,10.2299455276892,0.437924185313838,31
"19967","RS","São José do Norte",27721,29672.28,43035,"Litoral Lagunar",4,"Sul",0,"431850",6,23,8,15,13,10,0,0,0,0,0,23,8,15,13,10,15,10.2979685556307,10.2299455276892,0.426249054017078,30
"19968","RS","São José do Norte",27721,29672.28,43035,"Litoral Lagunar",4,"Sul",0,"431850",7,13,5,8,4,9,0,0,0,0,0,13,5,8,4,9,45,10.2979685556307,10.2299455276892,0.464171176731734,29
"19969","RS","São Leopoldo",238648,38317.82,43026,"Porto Alegre",4,"Sul",1,"431870",2,382,119,263,114,268,1,0,0,0,0,383,119,263,114,268,106,10.5536703411137,12.3827449419254,0.312370204721516,29
"19970","RS","São Leopoldo",238648,38317.82,43026,"Porto Alegre",4,"Sul",1,"431870",3,404,129,275,143,261,1,0,0,0,0,405,129,275,143,261,135,10.5536703411137,12.3827449419254,0.427418117718821,31
"19971","RS","São Leopoldo",238648,38317.82,43026,"Porto Alegre",4,"Sul",1,"431870",4,261,90,171,102,159,1,0,0,0,0,262,90,171,102,159,100,10.5536703411137,12.3827449419254,0.485049812039438,30
"19972","RS","São Leopoldo",238648,38317.82,43026,"Porto Alegre",4,"Sul",1,"431870",5,233,94,139,79,154,0,0,0,0,0,233,94,139,79,154,119,10.5536703411137,12.3827449419254,0.422383679562277,31
"19973","RS","São Leopoldo",238648,38317.82,43026,"Porto Alegre",4,"Sul",1,"431870",6,233,96,137,78,155,2,0,0,0,0,235,96,137,78,155,154,10.5536703411137,12.3827449419254,0.40720610490359,30
"19974","RS","São Leopoldo",238648,38317.82,43026,"Porto Alegre",4,"Sul",1,"431870",7,266,102,164,97,169,1,0,0,0,0,267,102,164,97,169,219,10.5536703411137,12.3827449419254,0.4190642445615,29
"19975","RS","São Lourenço do Sul",43540,24393.81,43033,"Pelotas",4,"Sul",0,"431880",2,64,25,39,16,48,0,0,0,0,0,64,25,39,16,48,28,10.1020846905723,10.6814353347885,0.299537110280988,29
"19976","RS","São Lourenço do Sul",43540,24393.81,43033,"Pelotas",4,"Sul",0,"431880",3,59,24,35,16,43,0,0,0,0,0,59,24,35,16,43,28,10.1020846905723,10.6814353347885,0.423284797430788,31
"19977","RS","São Lourenço do Sul",43540,24393.81,43033,"Pelotas",4,"Sul",0,"431880",4,35,12,23,8,27,0,0,0,0,0,35,12,23,8,27,33,10.1020846905723,10.6814353347885,0.454242835033924,30
"19978","RS","São Lourenço do Sul",43540,24393.81,43033,"Pelotas",4,"Sul",0,"431880",5,37,14,23,7,30,0,0,0,0,0,37,14,23,7,30,47,10.1020846905723,10.6814353347885,0.437583190543849,31
"19979","RS","São Lourenço do Sul",43540,24393.81,43033,"Pelotas",4,"Sul",0,"431880",6,31,10,21,6,25,1,0,0,0,0,32,10,21,6,25,39,10.1020846905723,10.6814353347885,0.414556632044866,30
"19980","RS","São Lourenço do Sul",43540,24393.81,43033,"Pelotas",4,"Sul",0,"431880",7,33,14,19,11,22,0,0,0,0,0,33,14,19,11,22,46,10.1020846905723,10.6814353347885,0.422449587388775,29
"19981","RS","São Luiz Gonzaga",33293,39604.23,43007,"Santo Ângelo",4,"Sul",1,"431890",2,69,20,49,31,38,0,0,0,0,0,69,20,49,31,38,15,10.5866912097197,10.4131024436611,0.300245771032207,29
"19982","RS","São Luiz Gonzaga",33293,39604.23,43007,"Santo Ângelo",4,"Sul",1,"431890",3,65,15,50,20,45,0,0,0,0,0,65,15,50,20,45,21,10.5866912097197,10.4131024436611,0.364263324112009,31
"19983","RS","São Luiz Gonzaga",33293,39604.23,43007,"Santo Ângelo",4,"Sul",1,"431890",4,43,17,26,15,28,0,0,0,0,0,43,17,26,15,28,31,10.5866912097197,10.4131024436611,0.383810458521539,30
"19984","RS","São Luiz Gonzaga",33293,39604.23,43007,"Santo Ângelo",4,"Sul",1,"431890",5,27,10,17,13,14,0,0,0,0,0,27,10,17,13,14,17,10.5866912097197,10.4131024436611,0.383201395372567,31
"19985","RS","São Luiz Gonzaga",33293,39604.23,43007,"Santo Ângelo",4,"Sul",1,"431890",6,47,10,37,12,35,2,0,0,0,0,49,10,37,12,35,20,10.5866912097197,10.4131024436611,0.381756963491265,30
"19986","RS","São Luiz Gonzaga",33293,39604.23,43007,"Santo Ângelo",4,"Sul",1,"431890",7,46,8,38,20,26,0,0,0,0,0,46,8,38,20,26,30,10.5866912097197,10.4131024436611,0.393141937957533,29
"19987","RS","São Marcos",21658,39582.39,43016,"Caxias do Sul",4,"Sul",1,"431900",2,29,4,25,5,24,1,0,0,0,0,30,4,25,5,24,13,10.5861396013659,9.98313018018832,0.306599839292445,29
"19988","RS","São Marcos",21658,39582.39,43016,"Caxias do Sul",4,"Sul",1,"431900",3,33,6,27,9,24,0,0,0,0,0,33,6,27,9,24,14,10.5861396013659,9.98313018018832,0.413798295518243,31
"19989","RS","São Marcos",21658,39582.39,43016,"Caxias do Sul",4,"Sul",1,"431900",4,27,5,22,8,19,0,0,0,0,0,27,5,22,8,19,9,10.5861396013659,9.98313018018832,0.430497964949231,30
"19990","RS","São Marcos",21658,39582.39,43016,"Caxias do Sul",4,"Sul",1,"431900",5,16,3,13,3,13,0,0,0,0,0,16,3,13,3,13,13,10.5861396013659,9.98313018018832,0.397173913165891,31
"19991","RS","São Marcos",21658,39582.39,43016,"Caxias do Sul",4,"Sul",1,"431900",6,16,2,14,5,11,0,0,0,0,0,16,2,14,5,11,17,10.5861396013659,9.98313018018832,0.386414223246634,30
"19992","RS","São Marcos",21658,39582.39,43016,"Caxias do Sul",4,"Sul",1,"431900",7,22,5,17,7,15,0,0,0,0,0,22,5,17,7,15,11,10.5861396013659,9.98313018018832,0.366773735644839,29
"19993","RS","São Pedro do Sul",16148,24488.08,43018,"Santa Maria",4,"Sul",0,"431940",2,24,7,17,10,14,0,0,0,0,0,24,7,17,10,14,10,10.1059417475262,9.68955148197283,0.29715059401254,29
"19994","RS","São Pedro do Sul",16148,24488.08,43018,"Santa Maria",4,"Sul",0,"431940",3,30,9,21,8,22,0,0,0,0,0,30,9,21,8,22,17,10.1059417475262,9.68955148197283,0.382373807073206,31
"19995","RS","São Pedro do Sul",16148,24488.08,43018,"Santa Maria",4,"Sul",0,"431940",4,14,3,11,5,9,0,0,0,0,0,14,3,11,5,9,14,10.1059417475262,9.68955148197283,0.401816855496099,30
"19996","RS","São Pedro do Sul",16148,24488.08,43018,"Santa Maria",4,"Sul",0,"431940",5,11,3,8,3,8,0,0,0,0,0,11,3,8,3,8,14,10.1059417475262,9.68955148197283,0.375089169978168,31
"19997","RS","São Pedro do Sul",16148,24488.08,43018,"Santa Maria",4,"Sul",0,"431940",6,18,4,14,7,11,1,0,0,0,0,19,4,14,7,11,18,10.1059417475262,9.68955148197283,0.365230428865814,30
"19998","RS","São Pedro do Sul",16148,24488.08,43018,"Santa Maria",4,"Sul",0,"431940",7,8,2,6,3,5,0,0,0,0,0,8,2,6,3,5,17,10.1059417475262,9.68955148197283,0.371978339259425,29
"19999","RS","São Sebastião do Caí",25959,27553.28,43023,"Montenegro",4,"Sul",1,"431950",2,41,18,23,12,29,0,0,0,0,0,41,18,23,12,29,21,10.2238768637558,10.1642736492748,0.323653964999324,29
"20000","RS","São Sebastião do Caí",25959,27553.28,43023,"Montenegro",4,"Sul",1,"431950",3,42,16,26,13,29,0,0,0,0,0,42,16,26,13,29,15,10.2238768637558,10.1642736492748,0.421233240449426,31
"20001","RS","São Sebastião do Caí",25959,27553.28,43023,"Montenegro",4,"Sul",1,"431950",4,26,14,12,10,16,0,0,0,0,0,26,14,12,10,16,16,10.2238768637558,10.1642736492748,0.45633855629128,30
"20002","RS","São Sebastião do Caí",25959,27553.28,43023,"Montenegro",4,"Sul",1,"431950",5,17,9,8,8,9,0,0,0,0,0,17,9,8,8,9,18,10.2238768637558,10.1642736492748,0.411360657197889,31
"20003","RS","São Sebastião do Caí",25959,27553.28,43023,"Montenegro",4,"Sul",1,"431950",6,24,7,17,10,14,0,0,0,0,0,24,7,17,10,14,23,10.2238768637558,10.1642736492748,0.402544348833336,30
"20004","RS","São Sebastião do Caí",25959,27553.28,43023,"Montenegro",4,"Sul",1,"431950",7,19,4,15,5,14,0,0,0,0,0,19,4,15,5,14,22,10.2238768637558,10.1642736492748,0.395711902190205,29
"20005","RS","São Sepé",23555,33987.83,43018,"Santa Maria",4,"Sul",0,"431960",2,36,6,30,15,21,0,0,0,0,0,36,6,30,15,21,15,10.4337577983456,10.0670933911341,0.270538218634168,29
"20006","RS","São Sepé",23555,33987.83,43018,"Santa Maria",4,"Sul",0,"431960",3,33,15,18,13,20,0,0,0,0,0,33,15,18,13,20,17,10.4337577983456,10.0670933911341,0.369096987721338,31
"20007","RS","São Sepé",23555,33987.83,43018,"Santa Maria",4,"Sul",0,"431960",4,24,9,15,4,20,0,0,0,0,0,24,9,15,4,20,15,10.4337577983456,10.0670933911341,0.392115858065153,30
"20008","RS","São Sepé",23555,33987.83,43018,"Santa Maria",4,"Sul",0,"431960",5,19,7,12,5,14,0,0,0,0,0,19,7,12,5,14,22,10.4337577983456,10.0670933911341,0.375026254943341,31
"20009","RS","São Sepé",23555,33987.83,43018,"Santa Maria",4,"Sul",0,"431960",6,27,7,20,13,14,0,0,0,0,0,27,7,20,13,14,23,10.4337577983456,10.0670933911341,0.36487043643447,30
"20010","RS","São Sepé",23555,33987.83,43018,"Santa Maria",4,"Sul",0,"431960",7,21,8,13,11,10,0,0,0,0,0,21,8,13,11,10,14,10.4337577983456,10.0670933911341,0.358526100042444,29
"20011","RS","São Vicente do Sul",8732,31529.04,43018,"Santa Maria",4,"Sul",0,"431980",2,11,1,10,3,8,0,0,0,0,0,11,1,10,3,8,5,10.3586643048824,9.07474971766984,0.317302311524565,29
"20012","RS","São Vicente do Sul",8732,31529.04,43018,"Santa Maria",4,"Sul",0,"431980",3,8,1,7,2,6,0,0,0,0,0,8,1,7,2,6,3,10.3586643048824,9.07474971766984,0.433186798614791,31
"20013","RS","São Vicente do Sul",8732,31529.04,43018,"Santa Maria",4,"Sul",0,"431980",4,9,0,9,3,6,0,0,0,0,0,9,0,9,3,6,2,10.3586643048824,9.07474971766984,0.467451118439729,30
"20014","RS","São Vicente do Sul",8732,31529.04,43018,"Santa Maria",4,"Sul",0,"431980",5,6,1,5,4,2,0,0,0,0,0,6,1,5,4,2,4,10.3586643048824,9.07474971766984,0.40555678369232,31
"20015","RS","São Vicente do Sul",8732,31529.04,43018,"Santa Maria",4,"Sul",0,"431980",6,4,2,2,2,2,0,0,0,0,0,4,2,2,2,2,6,10.3586643048824,9.07474971766984,0.388545069564874,30
"20016","RS","São Vicente do Sul",8732,31529.04,43018,"Santa Maria",4,"Sul",0,"431980",7,6,1,5,2,4,0,0,0,0,0,6,1,5,2,4,5,10.3586643048824,9.07474971766984,0.399376814378941,29
"20017","RS","Sapiranga",80037,40789.31,43026,"Porto Alegre",4,"Sul",1,"431990",2,149,35,114,48,101,0,0,0,0,0,149,35,114,48,101,52,10.6161753162578,11.2902443067359,0.294056760936026,29
"20018","RS","Sapiranga",80037,40789.31,43026,"Porto Alegre",4,"Sul",1,"431990",3,180,46,134,52,128,2,0,0,0,0,182,46,134,52,128,29,10.6161753162578,11.2902443067359,0.405406904858322,31
"20019","RS","Sapiranga",80037,40789.31,43026,"Porto Alegre",4,"Sul",1,"431990",4,101,27,74,41,60,0,0,0,0,0,101,27,74,41,60,33,10.6161753162578,11.2902443067359,0.432162734730818,30
"20020","RS","Sapiranga",80037,40789.31,43026,"Porto Alegre",4,"Sul",1,"431990",5,99,27,72,34,65,0,0,0,0,0,99,27,72,34,65,43,10.6161753162578,11.2902443067359,0.380542135673755,31
"20021","RS","Sapiranga",80037,40789.31,43026,"Porto Alegre",4,"Sul",1,"431990",6,83,16,67,32,51,0,0,0,0,0,83,16,67,32,51,44,10.6161753162578,11.2902443067359,0.376767913548724,30
"20022","RS","Sapiranga",80037,40789.31,43026,"Porto Alegre",4,"Sul",1,"431990",7,100,23,77,26,74,0,0,0,0,0,100,23,77,26,74,72,10.6161753162578,11.2902443067359,0.3807839694525,29
"20023","RS","Sapucaia do Sul",141808,24171.89,43026,"Porto Alegre",4,"Sul",1,"432000",2,213,60,153,72,141,0,0,0,0,0,213,60,153,72,141,68,10.0929456667513,11.8622293089782,0.305127746207678,29
"20024","RS","Sapucaia do Sul",141808,24171.89,43026,"Porto Alegre",4,"Sul",1,"432000",3,217,66,151,59,158,1,0,0,0,0,218,66,151,59,158,83,10.0929456667513,11.8622293089782,0.411778389681297,31
"20025","RS","Sapucaia do Sul",141808,24171.89,43026,"Porto Alegre",4,"Sul",1,"432000",4,150,57,93,48,102,3,0,0,0,0,153,57,93,48,102,66,10.0929456667513,11.8622293089782,0.474345264668529,30
"20026","RS","Sapucaia do Sul",141808,24171.89,43026,"Porto Alegre",4,"Sul",1,"432000",5,148,41,107,64,84,2,0,0,0,0,150,41,107,64,84,78,10.0929456667513,11.8622293089782,0.414734895996071,31
"20027","RS","Sapucaia do Sul",141808,24171.89,43026,"Porto Alegre",4,"Sul",1,"432000",6,149,54,95,58,91,1,0,0,0,0,150,54,95,58,91,68,10.0929456667513,11.8622293089782,0.399950846898998,30
"20028","RS","Sapucaia do Sul",141808,24171.89,43026,"Porto Alegre",4,"Sul",1,"432000",7,125,29,96,42,83,2,0,0,0,0,127,29,96,42,83,108,10.0929456667513,11.8622293089782,0.411265091982966,29
"20029","RS","Sarandi",24763,37996.58,43009,"Carazinho",4,"Sul",1,"432010",2,31,5,26,9,22,0,0,0,0,0,31,5,26,9,22,11,10.5452514346583,10.1171058826253,0.308403613696946,29
"20030","RS","Sarandi",24763,37996.58,43009,"Carazinho",4,"Sul",1,"432010",3,42,9,33,11,31,0,0,0,0,0,42,9,33,11,31,14,10.5452514346583,10.1171058826253,0.413991441480088,31
"20031","RS","Sarandi",24763,37996.58,43009,"Carazinho",4,"Sul",1,"432010",4,40,11,29,9,31,1,0,0,0,0,41,11,29,9,31,8,10.5452514346583,10.1171058826253,0.428877714495027,30
"20032","RS","Sarandi",24763,37996.58,43009,"Carazinho",4,"Sul",1,"432010",5,27,3,24,7,20,0,0,0,0,0,27,3,24,7,20,13,10.5452514346583,10.1171058826253,0.386244648779198,31
"20033","RS","Sarandi",24763,37996.58,43009,"Carazinho",4,"Sul",1,"432010",6,32,8,24,9,23,0,0,0,0,0,32,8,24,9,23,10,10.5452514346583,10.1171058826253,0.39706458930409,30
"20034","RS","Sarandi",24763,37996.58,43009,"Carazinho",4,"Sul",1,"432010",7,26,6,20,12,14,0,0,0,0,0,26,6,20,12,14,15,10.5452514346583,10.1171058826253,0.39299135500745,29
"20035","RS","Seberi",10713,33163.84,43003,"Frederico Westphalen",4,"Sul",0,"432020",2,29,12,17,10,19,0,0,0,0,0,29,12,17,10,19,10,10.409215404716,9.27921323626256,0.268588091159257,29
"20036","RS","Seberi",10713,33163.84,43003,"Frederico Westphalen",4,"Sul",0,"432020",3,28,7,21,10,18,0,0,0,0,0,28,7,21,10,18,5,10.409215404716,9.27921323626256,0.379109783387985,31
"20037","RS","Seberi",10713,33163.84,43003,"Frederico Westphalen",4,"Sul",0,"432020",4,13,7,6,6,7,0,0,0,0,0,13,7,6,6,7,11,10.409215404716,9.27921323626256,0.397539482442368,30
"20038","RS","Seberi",10713,33163.84,43003,"Frederico Westphalen",4,"Sul",0,"432020",5,16,3,13,9,7,0,0,0,0,0,16,3,13,9,7,9,10.409215404716,9.27921323626256,0.373597096741885,31
"20039","RS","Seberi",10713,33163.84,43003,"Frederico Westphalen",4,"Sul",0,"432020",6,9,3,6,4,5,0,0,0,0,0,9,3,6,4,5,13,10.409215404716,9.27921323626256,0.374753866024492,30
"20040","RS","Seberi",10713,33163.84,43003,"Frederico Westphalen",4,"Sul",0,"432020",7,23,11,12,5,18,0,0,0,0,0,23,11,12,5,18,11,10.409215404716,9.27921323626256,0.374074552558004,29
"20041","RS","Serafina Corrêa",17795,38580.62,43014,"Guaporé",4,"Sul",1,"432040",2,29,3,26,9,20,0,0,0,0,0,29,3,26,9,20,8,10.5605053568334,9.78667279794429,0.305771471994916,29
"20042","RS","Serafina Corrêa",17795,38580.62,43014,"Guaporé",4,"Sul",1,"432040",3,31,10,21,10,21,0,0,0,0,0,31,10,21,10,21,9,10.5605053568334,9.78667279794429,0.398228236204734,31
"20043","RS","Serafina Corrêa",17795,38580.62,43014,"Guaporé",4,"Sul",1,"432040",4,20,2,18,5,15,0,0,0,0,0,20,2,18,5,15,6,10.5605053568334,9.78667279794429,0.403382451023067,30
"20044","RS","Serafina Corrêa",17795,38580.62,43014,"Guaporé",4,"Sul",1,"432040",5,15,6,9,8,7,0,0,0,0,0,15,6,9,8,7,10,10.5605053568334,9.78667279794429,0.38120228689011,31
"20045","RS","Serafina Corrêa",17795,38580.62,43014,"Guaporé",4,"Sul",1,"432040",6,11,2,9,1,10,0,0,0,0,0,11,2,9,1,10,9,10.5605053568334,9.78667279794429,0.363101668825645,30
"20046","RS","Serafina Corrêa",17795,38580.62,43014,"Guaporé",4,"Sul",1,"432040",7,21,7,14,6,15,0,0,0,0,0,21,7,14,6,15,5,10.5605053568334,9.78667279794429,0.360316788214586,29
"20047","RS","Sobradinho",15005,24319.95,43020,"Santa Cruz do Sul",4,"Sul",1,"432070",2,31,4,27,12,19,0,0,0,0,0,31,4,27,12,19,8,10.0990522801569,9.61613875787447,0.269858005163706,29
"20048","RS","Sobradinho",15005,24319.95,43020,"Santa Cruz do Sul",4,"Sul",1,"432070",3,25,8,17,10,15,0,0,0,0,0,25,8,17,10,15,12,10.0990522801569,9.61613875787447,0.369251785459162,31
"20049","RS","Sobradinho",15005,24319.95,43020,"Santa Cruz do Sul",4,"Sul",1,"432070",4,19,10,9,4,15,1,0,0,0,0,20,10,9,4,15,10,10.0990522801569,9.61613875787447,0.401743724867934,30
"20050","RS","Sobradinho",15005,24319.95,43020,"Santa Cruz do Sul",4,"Sul",1,"432070",5,17,6,11,7,10,1,0,0,0,0,18,6,11,7,10,11,10.0990522801569,9.61613875787447,0.369115537792505,31
"20051","RS","Sobradinho",15005,24319.95,43020,"Santa Cruz do Sul",4,"Sul",1,"432070",6,12,4,8,6,6,0,0,0,0,0,12,4,8,6,6,4,10.0990522801569,9.61613875787447,0.363469382177537,30
"20052","RS","Sobradinho",15005,24319.95,43020,"Santa Cruz do Sul",4,"Sul",1,"432070",7,21,8,13,7,14,0,0,0,0,0,21,8,13,7,14,7,10.0990522801569,9.61613875787447,0.36212901339321,29
"20053","RS","Soledade",31035,31513.04,43013,"Soledade",4,"Sul",1,"432080",2,51,12,39,20,31,0,0,0,0,0,51,12,39,20,31,23,10.3581567074065,10.3428708788478,0.315252215950204,29
"20054","RS","Soledade",31035,31513.04,43013,"Soledade",4,"Sul",1,"432080",3,48,18,30,19,29,0,0,0,0,0,48,18,30,19,29,21,10.3581567074065,10.3428708788478,0.418909850348012,31
"20055","RS","Soledade",31035,31513.04,43013,"Soledade",4,"Sul",1,"432080",4,39,7,32,16,23,0,0,0,0,0,39,7,32,16,23,18,10.3581567074065,10.3428708788478,0.445067395528355,30
"20056","RS","Soledade",31035,31513.04,43013,"Soledade",4,"Sul",1,"432080",5,35,14,21,10,25,1,0,0,0,0,36,14,21,10,25,19,10.3581567074065,10.3428708788478,0.407883101259415,31
"20057","RS","Soledade",31035,31513.04,43013,"Soledade",4,"Sul",1,"432080",6,34,10,24,15,19,1,0,0,0,0,35,10,24,15,19,14,10.3581567074065,10.3428708788478,0.376185679235349,30
"20058","RS","Soledade",31035,31513.04,43013,"Soledade",4,"Sul",1,"432080",7,34,11,23,20,14,0,0,0,0,0,34,11,23,20,14,33,10.3581567074065,10.3428708788478,0.378603336229228,29
"20059","RS","Tapejara",24552,47621.01,43010,"Passo Fundo",4,"Sul",1,"432090",2,55,14,41,12,43,0,0,0,0,0,55,14,41,12,43,9,10.7710293293917,10.1085485962996,0.329682006519459,29
"20060","RS","Tapejara",24552,47621.01,43010,"Passo Fundo",4,"Sul",1,"432090",3,47,11,36,15,32,0,0,0,0,0,47,11,36,15,32,9,10.7710293293917,10.1085485962996,0.41224651482282,31
"20061","RS","Tapejara",24552,47621.01,43010,"Passo Fundo",4,"Sul",1,"432090",4,34,6,28,10,24,0,0,0,0,0,34,6,28,10,24,8,10.7710293293917,10.1085485962996,0.439084819002509,30
"20062","RS","Tapejara",24552,47621.01,43010,"Passo Fundo",4,"Sul",1,"432090",5,27,4,23,10,17,0,0,0,0,0,27,4,23,10,17,10,10.7710293293917,10.1085485962996,0.408665134985103,31
"20063","RS","Tapejara",24552,47621.01,43010,"Passo Fundo",4,"Sul",1,"432090",6,28,6,22,8,20,1,0,0,0,0,29,6,22,8,20,19,10.7710293293917,10.1085485962996,0.387426492994864,30
"20064","RS","Tapejara",24552,47621.01,43010,"Passo Fundo",4,"Sul",1,"432090",7,28,5,23,8,20,0,0,0,0,0,28,5,23,8,20,15,10.7710293293917,10.1085485962996,0.374475946469529,29
"20065","RS","Tapera",10577,42813.31,43012,"Não-Me-Toque",4,"Sul",0,"432100",2,20,5,15,5,15,0,0,0,0,0,20,5,15,5,15,6,10.6646043145336,9.26643711132805,0.339338202566122,29
"20066","RS","Tapera",10577,42813.31,43012,"Não-Me-Toque",4,"Sul",0,"432100",3,17,4,13,5,12,0,0,0,0,0,17,4,13,5,12,9,10.6646043145336,9.26643711132805,0.438767139125914,31
"20067","RS","Tapera",10577,42813.31,43012,"Não-Me-Toque",4,"Sul",0,"432100",4,12,2,10,4,8,0,0,0,0,0,12,2,10,4,8,7,10.6646043145336,9.26643711132805,0.496033592046025,30
"20068","RS","Tapera",10577,42813.31,43012,"Não-Me-Toque",4,"Sul",0,"432100",5,10,2,8,3,7,0,0,0,0,0,10,2,8,3,7,7,10.6646043145336,9.26643711132805,0.436118892828137,31
"20069","RS","Tapera",10577,42813.31,43012,"Não-Me-Toque",4,"Sul",0,"432100",6,11,2,9,6,5,0,0,0,0,0,11,2,9,6,5,7,10.6646043145336,9.26643711132805,0.442686089416585,30
"20070","RS","Tapera",10577,42813.31,43012,"Não-Me-Toque",4,"Sul",0,"432100",7,8,1,7,2,6,0,0,0,0,0,8,1,7,2,6,3,10.6646043145336,9.26643711132805,0.44899533781608,29
"20071","RS","Tapes",17332,20628.25,43028,"Camaquã",4,"Sul",1,"432110",2,18,3,15,7,11,0,0,0,0,0,18,3,15,7,11,11,9.9344167745467,9.7603097828598,0.29487364957132,29
"20072","RS","Tapes",17332,20628.25,43028,"Camaquã",4,"Sul",1,"432110",3,20,4,16,8,12,0,0,0,0,0,20,4,16,8,12,17,9.9344167745467,9.7603097828598,0.361285365898943,31
"20073","RS","Tapes",17332,20628.25,43028,"Camaquã",4,"Sul",1,"432110",4,18,5,13,7,11,0,0,0,0,0,18,5,13,7,11,12,9.9344167745467,9.7603097828598,0.396862851418637,30
"20074","RS","Tapes",17332,20628.25,43028,"Camaquã",4,"Sul",1,"432110",5,20,5,15,10,10,0,0,0,0,0,20,5,15,10,10,11,9.9344167745467,9.7603097828598,0.359098487402166,31
"20075","RS","Tapes",17332,20628.25,43028,"Camaquã",4,"Sul",1,"432110",6,16,7,9,6,10,0,0,0,0,0,16,7,9,6,10,14,9.9344167745467,9.7603097828598,0.354797379910677,30
"20076","RS","Tapes",17332,20628.25,43028,"Camaquã",4,"Sul",1,"432110",7,10,3,7,3,7,0,0,0,0,0,10,3,7,3,7,10,9.9344167745467,9.7603097828598,0.38159610879614,29
"20077","RS","Taquara",57584,22810.98,43024,"Gramado-Canela",4,"Sul",1,"432120",2,89,36,53,28,61,1,0,0,0,0,90,36,53,28,61,29,10.034997277968,10.9610000303188,0.312772168208832,29
"20078","RS","Taquara",57584,22810.98,43024,"Gramado-Canela",4,"Sul",1,"432120",3,95,32,63,30,65,0,0,0,0,0,95,32,63,30,65,33,10.034997277968,10.9610000303188,0.427804953923864,31
"20079","RS","Taquara",57584,22810.98,43024,"Gramado-Canela",4,"Sul",1,"432120",4,51,21,30,19,32,0,0,0,0,0,51,21,30,19,32,22,10.034997277968,10.9610000303188,0.461749127884406,30
"20080","RS","Taquara",57584,22810.98,43024,"Gramado-Canela",4,"Sul",1,"432120",5,56,20,36,21,35,1,0,0,0,0,57,20,36,21,35,30,10.034997277968,10.9610000303188,0.410102804070139,31
"20081","RS","Taquara",57584,22810.98,43024,"Gramado-Canela",4,"Sul",1,"432120",6,37,13,24,18,19,2,0,0,0,0,39,13,24,18,19,40,10.034997277968,10.9610000303188,0.397341231449487,30
"20082","RS","Taquara",57584,22810.98,43024,"Gramado-Canela",4,"Sul",1,"432120",7,50,17,33,20,30,1,0,0,0,0,51,17,33,20,30,64,10.034997277968,10.9610000303188,0.414386935660554,29
"20083","RS","Taquari",26885,27940.73,43021,"Lajeado-Estrela",4,"Sul",1,"432130",2,30,11,19,11,19,0,0,0,0,0,30,11,19,11,19,16,10.2378407598855,10.1993237892438,0.272903480931253,29
"20084","RS","Taquari",26885,27940.73,43021,"Lajeado-Estrela",4,"Sul",1,"432130",3,38,10,28,13,25,0,0,0,0,0,38,10,28,13,25,22,10.2378407598855,10.1993237892438,0.369096504285242,31
"20085","RS","Taquari",26885,27940.73,43021,"Lajeado-Estrela",4,"Sul",1,"432130",4,23,9,14,7,16,0,0,0,0,0,23,9,14,7,16,25,10.2378407598855,10.1993237892438,0.409264678980237,30
"20086","RS","Taquari",26885,27940.73,43021,"Lajeado-Estrela",4,"Sul",1,"432130",5,24,4,20,8,16,0,0,0,0,0,24,4,20,8,16,24,10.2378407598855,10.1993237892438,0.39139224207479,31
"20087","RS","Taquari",26885,27940.73,43021,"Lajeado-Estrela",4,"Sul",1,"432130",6,32,8,24,10,22,0,0,0,0,0,32,8,24,10,22,17,10.2378407598855,10.1993237892438,0.350135151860507,30
"20088","RS","Taquari",26885,27940.73,43021,"Lajeado-Estrela",4,"Sul",1,"432130",7,28,7,21,9,19,0,0,0,0,0,28,7,21,9,19,22,10.2378407598855,10.1993237892438,0.343673016734157,29
"20089","RS","Tenente Portela",13434,31143.69,43002,"Três Passos",4,"Sul",0,"432140",2,35,11,24,16,19,0,0,0,0,0,35,11,24,16,19,4,10.3463669354776,9.50554408582681,0.317170979221166,29
"20090","RS","Tenente Portela",13434,31143.69,43002,"Três Passos",4,"Sul",0,"432140",3,39,11,28,21,18,0,0,0,0,0,39,11,28,21,18,7,10.3463669354776,9.50554408582681,0.382758997473838,31
"20091","RS","Tenente Portela",13434,31143.69,43002,"Três Passos",4,"Sul",0,"432140",4,23,9,14,10,13,0,0,0,0,0,23,9,14,10,13,10,10.3463669354776,9.50554408582681,0.398673091802758,30
"20092","RS","Tenente Portela",13434,31143.69,43002,"Três Passos",4,"Sul",0,"432140",5,25,6,19,8,17,0,0,0,0,0,25,6,19,8,17,10,10.3463669354776,9.50554408582681,0.397427410059838,31
"20093","RS","Tenente Portela",13434,31143.69,43002,"Três Passos",4,"Sul",0,"432140",6,23,5,18,9,14,0,0,0,0,0,23,5,18,9,14,7,10.3463669354776,9.50554408582681,0.380034570130821,30
"20094","RS","Tenente Portela",13434,31143.69,43002,"Três Passos",4,"Sul",0,"432140",7,25,6,19,11,14,0,0,0,0,0,25,6,19,11,14,10,10.3463669354776,9.50554408582681,0.378889063050219,29
"20095","RS","Terra de Areia",11315,20216.48,43027,"Osório",4,"Sul",1,"432143",2,17,6,11,6,11,0,0,0,0,0,17,6,11,6,11,7,9.91425339235561,9.33388455806764,0.337518429310788,29
"20096","RS","Terra de Areia",11315,20216.48,43027,"Osório",4,"Sul",1,"432143",3,11,4,7,4,7,1,0,0,0,0,12,4,7,4,7,2,9.91425339235561,9.33388455806764,0.432389997653618,31
"20097","RS","Terra de Areia",11315,20216.48,43027,"Osório",4,"Sul",1,"432143",4,10,7,3,6,4,0,0,0,0,0,10,7,3,6,4,4,9.91425339235561,9.33388455806764,0.439915905943573,30
"20098","RS","Terra de Areia",11315,20216.48,43027,"Osório",4,"Sul",1,"432143",5,11,2,9,4,7,0,0,0,0,0,11,2,9,4,7,3,9.91425339235561,9.33388455806764,0.411161455800164,31
"20099","RS","Terra de Areia",11315,20216.48,43027,"Osório",4,"Sul",1,"432143",6,9,4,5,0,9,0,0,0,0,0,9,4,5,0,9,8,9.91425339235561,9.33388455806764,0.40598547270613,30
"20100","RS","Terra de Areia",11315,20216.48,43027,"Osório",4,"Sul",1,"432143",7,24,12,12,4,20,0,0,0,0,0,24,12,12,4,20,7,9.91425339235561,9.33388455806764,0.419326196203179,29
"20101","RS","Teutônia",33766,43670.5,43021,"Lajeado-Estrela",4,"Sul",0,"432145",2,75,11,64,27,48,0,0,0,0,0,75,11,64,27,48,17,10.6844280959217,10.4272096580371,0.30830304825353,29
"20102","RS","Teutônia",33766,43670.5,43021,"Lajeado-Estrela",4,"Sul",0,"432145",3,75,14,61,21,54,0,0,0,0,0,75,14,61,21,54,18,10.6844280959217,10.4272096580371,0.404055056489631,31
"20103","RS","Teutônia",33766,43670.5,43021,"Lajeado-Estrela",4,"Sul",0,"432145",4,45,5,40,13,32,0,0,0,0,0,45,5,40,13,32,14,10.6844280959217,10.4272096580371,0.453013363383089,30
"20104","RS","Teutônia",33766,43670.5,43021,"Lajeado-Estrela",4,"Sul",0,"432145",5,42,7,35,9,33,0,0,0,0,0,42,7,35,9,33,14,10.6844280959217,10.4272096580371,0.398364023300687,31
"20105","RS","Teutônia",33766,43670.5,43021,"Lajeado-Estrela",4,"Sul",0,"432145",6,33,6,27,6,27,0,0,0,0,0,33,6,27,6,27,19,10.6844280959217,10.4272096580371,0.374780867166296,30
"20106","RS","Teutônia",33766,43670.5,43021,"Lajeado-Estrela",4,"Sul",0,"432145",7,34,10,24,8,26,0,0,0,0,0,34,10,24,8,26,15,10.6844280959217,10.4272096580371,0.377493860022979,29
"20107","RS","Torres",39064,29651.15,43027,"Osório",4,"Sul",1,"432150",2,73,15,58,24,49,0,0,0,0,0,73,15,58,24,49,25,10.2972561895085,10.5729566057415,0.303797703199795,29
"20108","RS","Torres",39064,29651.15,43027,"Osório",4,"Sul",1,"432150",3,71,17,54,25,46,0,0,0,0,0,71,17,54,25,46,20,10.2972561895085,10.5729566057415,0.469249085694253,31
"20109","RS","Torres",39064,29651.15,43027,"Osório",4,"Sul",1,"432150",4,46,20,26,18,28,0,0,0,0,0,46,20,26,18,28,20,10.2972561895085,10.5729566057415,0.500698805076761,30
"20110","RS","Torres",39064,29651.15,43027,"Osório",4,"Sul",1,"432150",5,48,15,33,15,33,0,0,0,0,0,48,15,33,15,33,34,10.2972561895085,10.5729566057415,0.437741506702233,31
"20111","RS","Torres",39064,29651.15,43027,"Osório",4,"Sul",1,"432150",6,59,12,47,18,41,1,0,0,0,0,60,12,47,18,41,25,10.2972561895085,10.5729566057415,0.418217496758214,30
"20112","RS","Torres",39064,29651.15,43027,"Osório",4,"Sul",1,"432150",7,52,10,42,17,35,0,0,0,0,0,52,10,42,17,35,33,10.2972561895085,10.5729566057415,0.444308408908593,29
"20113","RS","Tramandaí",52632,20251.61,43027,"Osório",4,"Sul",1,"432160",2,96,44,52,33,63,1,0,0,0,0,97,44,52,33,63,22,9.91598957554708,10.8710795787658,0.321333664061031,29
"20114","RS","Tramandaí",52632,20251.61,43027,"Osório",4,"Sul",1,"432160",3,132,54,78,59,73,0,0,0,0,0,132,54,78,59,73,36,9.91598957554708,10.8710795787658,0.440860511221343,31
"20115","RS","Tramandaí",52632,20251.61,43027,"Osório",4,"Sul",1,"432160",4,65,21,44,25,40,0,0,0,0,0,65,21,44,25,40,30,9.91598957554708,10.8710795787658,0.473812433770587,30
"20116","RS","Tramandaí",52632,20251.61,43027,"Osório",4,"Sul",1,"432160",5,68,19,49,30,38,0,0,0,0,0,68,19,49,30,38,46,9.91598957554708,10.8710795787658,0.434778996867952,31
"20117","RS","Tramandaí",52632,20251.61,43027,"Osório",4,"Sul",1,"432160",6,68,25,43,27,41,2,0,0,0,0,70,25,43,27,41,39,9.91598957554708,10.8710795787658,0.42442833808715,30
"20118","RS","Tramandaí",52632,20251.61,43027,"Osório",4,"Sul",1,"432160",7,56,26,30,29,27,1,0,0,0,0,57,26,30,29,27,51,9.91598957554708,10.8710795787658,0.449229483868894,29
"20119","RS","Três Cachoeiras",11115,23133.56,43027,"Osório",4,"Sul",0,"432166",2,20,3,17,7,13,0,0,0,0,0,20,3,17,7,13,3,10.0490396560497,9.3160508263983,0.341594530772895,29
"20120","RS","Três Cachoeiras",11115,23133.56,43027,"Osório",4,"Sul",0,"432166",3,17,3,14,8,9,0,0,0,0,0,17,3,14,8,9,11,10.0490396560497,9.3160508263983,0.438529814349682,31
"20121","RS","Três Cachoeiras",11115,23133.56,43027,"Osório",4,"Sul",0,"432166",4,13,3,10,5,8,0,0,0,0,0,13,3,10,5,8,3,10.0490396560497,9.3160508263983,0.450076986839472,30
"20122","RS","Três Cachoeiras",11115,23133.56,43027,"Osório",4,"Sul",0,"432166",5,10,4,6,3,7,0,0,0,0,0,10,4,6,3,7,4,10.0490396560497,9.3160508263983,0.402815839346101,31
"20123","RS","Três Cachoeiras",11115,23133.56,43027,"Osório",4,"Sul",0,"432166",6,10,5,5,2,8,0,0,0,0,0,10,5,5,2,8,9,10.0490396560497,9.3160508263983,0.40343592961042,30
"20124","RS","Três Cachoeiras",11115,23133.56,43027,"Osório",4,"Sul",0,"432166",7,14,3,11,4,10,0,0,0,0,0,14,3,11,4,10,9,10.0490396560497,9.3160508263983,0.403005669399258,29
"20125","RS","Três Coroas",28581,33865.84,43024,"Gramado-Canela",4,"Sul",1,"432170",2,33,12,21,13,20,0,0,0,0,0,33,12,21,13,20,16,10.4301621157117,10.2604974403749,0.313091279389304,29
"20126","RS","Três Coroas",28581,33865.84,43024,"Gramado-Canela",4,"Sul",1,"432170",3,35,14,21,16,19,0,0,0,0,0,35,14,21,16,19,12,10.4301621157117,10.2604974403749,0.420916449184895,31
"20127","RS","Três Coroas",28581,33865.84,43024,"Gramado-Canela",4,"Sul",1,"432170",4,28,12,16,8,20,0,0,0,0,0,28,12,16,8,20,8,10.4301621157117,10.2604974403749,0.453849406296361,30
"20128","RS","Três Coroas",28581,33865.84,43024,"Gramado-Canela",4,"Sul",1,"432170",5,16,5,11,8,8,1,0,0,0,0,17,5,11,8,8,17,10.4301621157117,10.2604974403749,0.411357286119446,31
"20129","RS","Três Coroas",28581,33865.84,43024,"Gramado-Canela",4,"Sul",1,"432170",6,19,5,14,9,10,0,0,0,0,0,19,5,14,9,10,17,10.4301621157117,10.2604974403749,0.404145405513553,30
"20130","RS","Três Coroas",28581,33865.84,43024,"Gramado-Canela",4,"Sul",1,"432170",7,22,6,16,5,17,0,0,0,0,0,22,6,16,5,17,22,10.4301621157117,10.2604974403749,0.401692244534345,29
"20131","RS","Três de Maio",23876,45387.3,43001,"Santa Rosa",4,"Sul",1,"432180",2,40,9,31,7,33,0,0,0,0,0,40,9,31,7,33,18,10.7229876092133,10.0806290492885,0.33497042402045,29
"20132","RS","Três de Maio",23876,45387.3,43001,"Santa Rosa",4,"Sul",1,"432180",3,28,2,26,7,21,1,0,0,0,0,29,2,26,7,21,13,10.7229876092133,10.0806290492885,0.414016814353332,31
"20133","RS","Três de Maio",23876,45387.3,43001,"Santa Rosa",4,"Sul",1,"432180",4,36,12,24,12,24,0,0,0,0,0,36,12,24,12,24,24,10.7229876092133,10.0806290492885,0.414388136167775,30
"20134","RS","Três de Maio",23876,45387.3,43001,"Santa Rosa",4,"Sul",1,"432180",5,28,4,24,6,22,0,0,0,0,0,28,4,24,6,22,12,10.7229876092133,10.0806290492885,0.398547634944345,31
"20135","RS","Três de Maio",23876,45387.3,43001,"Santa Rosa",4,"Sul",1,"432180",6,38,4,34,9,29,0,0,0,0,0,38,4,34,9,29,17,10.7229876092133,10.0806290492885,0.397267301477059,30
"20136","RS","Três de Maio",23876,45387.3,43001,"Santa Rosa",4,"Sul",1,"432180",7,25,2,23,8,17,0,0,0,0,0,25,2,23,8,17,19,10.7229876092133,10.0806290492885,0.385027115446656,29
"20137","RS","Três Passos",23852,34502.66,43002,"Três Passos",4,"Sul",0,"432190",2,38,6,32,13,25,0,0,0,0,0,38,6,32,13,25,17,10.4487917014966,10.079623350243,0.303979342764294,29
"20138","RS","Três Passos",23852,34502.66,43002,"Três Passos",4,"Sul",0,"432190",3,42,11,31,12,30,0,0,0,0,0,42,11,31,12,30,22,10.4487917014966,10.079623350243,0.399912975528626,31
"20139","RS","Três Passos",23852,34502.66,43002,"Três Passos",4,"Sul",0,"432190",4,28,5,23,7,21,0,0,0,0,0,28,5,23,7,21,19,10.4487917014966,10.079623350243,0.434428528884714,30
"20140","RS","Três Passos",23852,34502.66,43002,"Três Passos",4,"Sul",0,"432190",5,27,4,23,14,13,0,0,0,0,0,27,4,23,14,13,20,10.4487917014966,10.079623350243,0.413288679618194,31
"20141","RS","Três Passos",23852,34502.66,43002,"Três Passos",4,"Sul",0,"432190",6,22,5,17,6,16,0,0,0,0,0,22,5,17,6,16,20,10.4487917014966,10.079623350243,0.391953545643149,30
"20142","RS","Três Passos",23852,34502.66,43002,"Três Passos",4,"Sul",0,"432190",7,36,7,29,10,26,0,0,0,0,0,36,7,29,10,26,23,10.4487917014966,10.079623350243,0.413730867014686,29
"20143","RS","Triunfo",29856,304208.49,43025,"São Jerônimo",4,"Sul",1,"432200",2,37,10,27,8,29,0,0,0,0,0,37,10,27,8,29,16,12.6254685676881,10.3041411036471,0.320106177423207,29
"20144","RS","Triunfo",29856,304208.49,43025,"São Jerônimo",4,"Sul",1,"432200",3,45,8,37,15,30,0,0,0,0,0,45,8,37,15,30,17,12.6254685676881,10.3041411036471,0.422238595299545,31
"20145","RS","Triunfo",29856,304208.49,43025,"São Jerônimo",4,"Sul",1,"432200",4,37,10,27,16,21,0,0,0,0,0,37,10,27,16,21,23,12.6254685676881,10.3041411036471,0.467476494068525,30
"20146","RS","Triunfo",29856,304208.49,43025,"São Jerônimo",4,"Sul",1,"432200",5,36,7,29,16,20,0,0,0,0,0,36,7,29,16,20,16,12.6254685676881,10.3041411036471,0.427555042799866,31
"20147","RS","Triunfo",29856,304208.49,43025,"São Jerônimo",4,"Sul",1,"432200",6,38,11,27,21,17,0,0,0,0,0,38,11,27,21,17,12,12.6254685676881,10.3041411036471,0.409017497243749,30
"20148","RS","Triunfo",29856,304208.49,43025,"São Jerônimo",4,"Sul",1,"432200",7,27,6,21,10,17,0,0,0,0,0,27,6,21,10,17,29,12.6254685676881,10.3041411036471,0.421806614766882,29
"20149","RS","Tupanciretã",24068,53810.85,43017,"Santiago",4,"Sul",1,"432220",2,27,9,18,12,15,0,0,0,0,0,27,9,18,12,15,13,10.8932303986791,10.0886384363402,0.296328930647779,29
"20150","RS","Tupanciretã",24068,53810.85,43017,"Santiago",4,"Sul",1,"432220",3,45,18,27,13,32,0,0,0,0,0,45,18,27,13,32,15,10.8932303986791,10.0886384363402,0.381766319520073,31
"20151","RS","Tupanciretã",24068,53810.85,43017,"Santiago",4,"Sul",1,"432220",4,18,7,11,7,11,1,0,0,0,0,19,7,11,7,11,16,10.8932303986791,10.0886384363402,0.412085945679389,30
"20152","RS","Tupanciretã",24068,53810.85,43017,"Santiago",4,"Sul",1,"432220",5,22,7,15,5,17,0,0,0,0,0,22,7,15,5,17,21,10.8932303986791,10.0886384363402,0.402753306752884,31
"20153","RS","Tupanciretã",24068,53810.85,43017,"Santiago",4,"Sul",1,"432220",6,30,18,12,16,14,0,0,0,0,0,30,18,12,16,14,13,10.8932303986791,10.0886384363402,0.404376161111216,30
"20154","RS","Tupanciretã",24068,53810.85,43017,"Santiago",4,"Sul",1,"432220",7,21,8,13,8,13,0,0,0,0,0,21,8,13,8,13,18,10.8932303986791,10.0886384363402,0.404577506143686,29
"20155","RS","Uruguaiana",126866,21808.17,43029,"Campanha Ocidental",4,"Sul",1,"432240",2,184,47,137,80,104,0,0,0,0,0,184,47,137,80,104,73,9.99003994921041,11.7508866903015,0.309592360958841,29
"20156","RS","Uruguaiana",126866,21808.17,43029,"Campanha Ocidental",4,"Sul",1,"432240",3,240,63,177,91,149,2,0,0,0,0,242,63,177,91,149,77,9.99003994921041,11.7508866903015,0.398884746057591,31
"20157","RS","Uruguaiana",126866,21808.17,43029,"Campanha Ocidental",4,"Sul",1,"432240",4,165,47,118,64,101,3,0,0,0,0,168,47,118,64,101,69,9.99003994921041,11.7508866903015,0.443766756799487,30
"20158","RS","Uruguaiana",126866,21808.17,43029,"Campanha Ocidental",4,"Sul",1,"432240",5,168,47,121,66,102,4,0,0,0,0,172,47,121,66,102,93,9.99003994921041,11.7508866903015,0.427080147197175,31
"20159","RS","Uruguaiana",126866,21808.17,43029,"Campanha Ocidental",4,"Sul",1,"432240",6,132,23,109,57,75,0,0,0,0,0,132,23,109,57,75,79,9.99003994921041,11.7508866903015,0.416517736896313,30
"20160","RS","Uruguaiana",126866,21808.17,43029,"Campanha Ocidental",4,"Sul",1,"432240",7,162,47,115,73,89,0,0,0,0,0,162,47,115,73,89,96,9.99003994921041,11.7508866903015,0.399055558531967,29
"20161","RS","Vacaria",66575,34272.82,43015,"Vacaria",4,"Sul",1,"432250",2,121,45,76,52,69,0,0,0,0,0,121,45,76,52,69,36,10.4421078991984,11.1060844106821,0.346221161820376,29
"20162","RS","Vacaria",66575,34272.82,43015,"Vacaria",4,"Sul",1,"432250",3,150,50,100,57,93,1,0,0,0,0,151,50,100,57,93,43,10.4421078991984,11.1060844106821,0.417182436890961,31
"20163","RS","Vacaria",66575,34272.82,43015,"Vacaria",4,"Sul",1,"432250",4,103,33,70,44,59,2,0,0,0,0,105,33,70,44,59,41,10.4421078991984,11.1060844106821,0.436458206630161,30
"20164","RS","Vacaria",66575,34272.82,43015,"Vacaria",4,"Sul",1,"432250",5,85,29,56,30,55,0,0,0,0,0,85,29,56,30,55,45,10.4421078991984,11.1060844106821,0.417491641310822,31
"20165","RS","Vacaria",66575,34272.82,43015,"Vacaria",4,"Sul",1,"432250",6,71,19,52,19,52,0,0,0,0,0,71,19,52,19,52,53,10.4421078991984,11.1060844106821,0.406005759842318,30
"20166","RS","Vacaria",66575,34272.82,43015,"Vacaria",4,"Sul",1,"432250",7,73,19,54,22,51,0,0,0,0,0,73,19,54,22,51,61,10.4421078991984,11.1060844106821,0.41196824682287,29
"20167","RS","Vale Real",5981,22086.84,43023,"Montenegro",4,"Sul",1,"432254",2,14,4,10,4,10,0,0,0,0,0,14,4,10,4,10,1,10.002737235027,8.69634305704456,0.301522309841579,29
"20168","RS","Vale Real",5981,22086.84,43023,"Montenegro",4,"Sul",1,"432254",3,15,5,10,2,13,0,0,0,0,0,15,5,10,2,13,3,10.002737235027,8.69634305704456,0.384549325358631,31
"20169","RS","Vale Real",5981,22086.84,43023,"Montenegro",4,"Sul",1,"432254",4,11,4,7,1,10,0,0,0,0,0,11,4,7,1,10,2,10.002737235027,8.69634305704456,0.450266028157913,30
"20170","RS","Vale Real",5981,22086.84,43023,"Montenegro",4,"Sul",1,"432254",5,3,0,3,0,3,0,0,0,0,0,3,0,3,0,3,3,10.002737235027,8.69634305704456,0.41973757772269,31
"20171","RS","Vale Real",5981,22086.84,43023,"Montenegro",4,"Sul",1,"432254",6,9,2,7,2,7,0,0,0,0,0,9,2,7,2,7,3,10.002737235027,8.69634305704456,0.382993287794619,30
"20172","RS","Vale Real",5981,22086.84,43023,"Montenegro",4,"Sul",1,"432254",7,6,1,5,0,6,0,0,0,0,0,6,1,5,0,6,3,10.002737235027,8.69634305704456,0.400540686511995,29
"20173","RS","Venâncio Aires",71973,49352.93,43020,"Santa Cruz do Sul",4,"Sul",1,"432260",2,103,20,83,23,80,1,0,0,0,0,104,20,83,23,80,35,10.806752414933,11.1840463276681,0.28965917713323,29
"20174","RS","Venâncio Aires",71973,49352.93,43020,"Santa Cruz do Sul",4,"Sul",1,"432260",3,111,32,79,30,81,1,0,0,0,0,112,32,79,30,81,41,10.806752414933,11.1840463276681,0.384894117461321,31
"20175","RS","Venâncio Aires",71973,49352.93,43020,"Santa Cruz do Sul",4,"Sul",1,"432260",4,67,17,50,22,45,0,0,0,0,0,67,17,50,22,45,45,10.806752414933,11.1840463276681,0.420065117448688,30
"20176","RS","Venâncio Aires",71973,49352.93,43020,"Santa Cruz do Sul",4,"Sul",1,"432260",5,51,16,35,14,37,1,0,0,0,0,52,16,35,14,37,56,10.806752414933,11.1840463276681,0.406886843235011,31
"20177","RS","Venâncio Aires",71973,49352.93,43020,"Santa Cruz do Sul",4,"Sul",1,"432260",6,63,16,47,23,40,0,0,0,0,0,63,16,47,23,40,39,10.806752414933,11.1840463276681,0.379275908927326,30
"20178","RS","Venâncio Aires",71973,49352.93,43020,"Santa Cruz do Sul",4,"Sul",1,"432260",7,68,18,50,25,43,3,0,0,0,0,71,18,50,25,43,55,10.806752414933,11.1840463276681,0.37689496036153,29
"20179","RS","Vera Cruz",27099,24467.49,43020,"Santa Cruz do Sul",4,"Sul",1,"432270",2,38,9,29,10,28,0,0,0,0,0,38,9,29,10,28,15,10.1051005765945,10.207252105818,0.319155476156709,29
"20180","RS","Vera Cruz",27099,24467.49,43020,"Santa Cruz do Sul",4,"Sul",1,"432270",3,40,11,29,8,32,1,0,0,0,0,41,11,29,8,32,25,10.1051005765945,10.207252105818,0.413140790826936,31
"20181","RS","Vera Cruz",27099,24467.49,43020,"Santa Cruz do Sul",4,"Sul",1,"432270",4,21,6,15,8,13,0,0,0,0,0,21,6,15,8,13,13,10.1051005765945,10.207252105818,0.443453319532604,30
"20182","RS","Vera Cruz",27099,24467.49,43020,"Santa Cruz do Sul",4,"Sul",1,"432270",5,29,11,18,4,25,0,0,0,0,0,29,11,18,4,25,15,10.1051005765945,10.207252105818,0.409851559360987,31
"20183","RS","Vera Cruz",27099,24467.49,43020,"Santa Cruz do Sul",4,"Sul",1,"432270",6,24,9,15,5,19,0,0,0,0,0,24,9,15,5,19,18,10.1051005765945,10.207252105818,0.375026778519138,30
"20184","RS","Vera Cruz",27099,24467.49,43020,"Santa Cruz do Sul",4,"Sul",1,"432270",7,27,7,20,10,17,0,0,0,0,0,27,7,20,10,17,23,10.1051005765945,10.207252105818,0.375306699680644,29
"20185","RS","Veranópolis",26533,59746.82,43016,"Caxias do Sul",4,"Sul",1,"432280",2,36,6,30,10,26,0,0,0,0,0,36,6,30,10,26,7,10.9978712466201,10.1861445202714,0.308861385688837,29
"20186","RS","Veranópolis",26533,59746.82,43016,"Caxias do Sul",4,"Sul",1,"432280",3,36,5,31,11,25,0,0,0,0,0,36,5,31,11,25,8,10.9978712466201,10.1861445202714,0.386595473687977,31
"20187","RS","Veranópolis",26533,59746.82,43016,"Caxias do Sul",4,"Sul",1,"432280",4,27,5,22,4,23,0,0,0,0,0,27,5,22,4,23,14,10.9978712466201,10.1861445202714,0.406578424870483,30
"20188","RS","Veranópolis",26533,59746.82,43016,"Caxias do Sul",4,"Sul",1,"432280",5,17,1,16,7,10,0,0,0,0,0,17,1,16,7,10,17,10.9978712466201,10.1861445202714,0.387114822131845,31
"20189","RS","Veranópolis",26533,59746.82,43016,"Caxias do Sul",4,"Sul",1,"432280",6,20,5,15,5,15,1,0,0,0,0,21,5,15,5,15,17,10.9978712466201,10.1861445202714,0.395674810695514,30
"20190","RS","Veranópolis",26533,59746.82,43016,"Caxias do Sul",4,"Sul",1,"432280",7,19,3,16,3,16,0,0,0,0,0,19,3,16,3,16,13,10.9978712466201,10.1861445202714,0.369209227431552,29
"20191","RS","Viamão",256302,14732.35,43026,"Porto Alegre",4,"Sul",1,"432300",2,293,111,182,101,192,0,0,0,0,0,293,111,182,101,192,150,9.59780103508888,12.4541117156772,0.320887630588789,29
"20192","RS","Viamão",256302,14732.35,43026,"Porto Alegre",4,"Sul",1,"432300",3,274,97,177,101,173,0,0,0,0,0,274,97,177,101,173,142,9.59780103508888,12.4541117156772,0.429044276490884,31
"20193","RS","Viamão",256302,14732.35,43026,"Porto Alegre",4,"Sul",1,"432300",4,219,68,151,94,125,1,0,0,0,0,220,68,151,94,125,142,9.59780103508888,12.4541117156772,0.485766522986216,30
"20194","RS","Viamão",256302,14732.35,43026,"Porto Alegre",4,"Sul",1,"432300",5,207,73,134,73,134,0,0,0,0,0,207,73,134,73,134,158,9.59780103508888,12.4541117156772,0.433079358485372,31
"20195","RS","Viamão",256302,14732.35,43026,"Porto Alegre",4,"Sul",1,"432300",6,238,71,167,91,147,1,0,0,0,0,239,71,167,91,147,178,9.59780103508888,12.4541117156772,0.415029078716744,30
"20196","RS","Viamão",256302,14732.35,43026,"Porto Alegre",4,"Sul",1,"432300",7,202,63,139,71,131,1,0,0,0,0,203,63,139,71,131,239,9.59780103508888,12.4541117156772,0.434395652425929,29
"20197","RS","Xangri-lá",16775,31202.93,43027,"Osório",4,"Sul",1,"432380",2,31,9,22,12,19,0,0,0,0,0,31,9,22,12,19,5,10.3482672796447,9.72764496183988,0.322668101977633,29
"20198","RS","Xangri-lá",16775,31202.93,43027,"Osório",4,"Sul",1,"432380",3,42,14,28,15,27,0,0,0,0,0,42,14,28,15,27,5,10.3482672796447,9.72764496183988,0.452291218667001,31
"20199","RS","Xangri-lá",16775,31202.93,43027,"Osório",4,"Sul",1,"432380",4,23,12,11,9,14,0,0,0,0,0,23,12,11,9,14,4,10.3482672796447,9.72764496183988,0.489753535039368,30
"20200","RS","Xangri-lá",16775,31202.93,43027,"Osório",4,"Sul",1,"432380",5,27,9,18,6,21,0,0,0,0,0,27,9,18,6,21,8,10.3482672796447,9.72764496183988,0.445741654753061,31
"20201","RS","Xangri-lá",16775,31202.93,43027,"Osório",4,"Sul",1,"432380",6,16,6,10,6,10,0,0,0,0,0,16,6,10,6,10,7,10.3482672796447,9.72764496183988,0.429185385418994,30
"20202","RS","Xangri-lá",16775,31202.93,43027,"Osório",4,"Sul",1,"432380",7,28,8,20,12,16,0,0,0,0,0,28,8,20,12,16,11,10.3482672796447,9.72764496183988,0.429049531053284,29
"20203","MS","Água Clara",15776,87307.89,50007,"Três Lagoas",5,"Centro-oeste",0,"500020",2,18,3,15,6,12,0,0,0,0,0,18,3,15,6,12,1,11.3771961157507,9.66624507684242,0.301490443928672,29
"20204","MS","Água Clara",15776,87307.89,50007,"Três Lagoas",5,"Centro-oeste",0,"500020",3,16,6,10,5,11,0,0,0,0,0,16,6,10,5,11,9,11.3771961157507,9.66624507684242,0.341111052710979,31
"20205","MS","Água Clara",15776,87307.89,50007,"Três Lagoas",5,"Centro-oeste",0,"500020",4,14,3,11,5,9,0,0,0,0,0,14,3,11,5,9,4,11.3771961157507,9.66624507684242,0.368070616735926,30
"20206","MS","Água Clara",15776,87307.89,50007,"Três Lagoas",5,"Centro-oeste",0,"500020",5,11,3,8,4,7,0,0,0,0,0,11,3,8,4,7,5,11.3771961157507,9.66624507684242,0.410552023741865,31
"20207","MS","Água Clara",15776,87307.89,50007,"Três Lagoas",5,"Centro-oeste",0,"500020",6,10,4,6,1,9,0,0,0,0,0,10,4,6,1,9,5,11.3771961157507,9.66624507684242,0.385980877743177,30
"20208","MS","Água Clara",15776,87307.89,50007,"Três Lagoas",5,"Centro-oeste",0,"500020",7,12,3,9,5,7,1,0,0,0,0,13,3,9,5,7,3,11.3771961157507,9.66624507684242,0.410294646183504,29
"20209","MS","Amambai",39826,26332.85,50010,"Dourados",5,"Centro-oeste",0,"500060",2,78,38,40,40,38,0,0,0,0,0,78,38,40,40,38,21,10.1785724881822,10.5922752443186,0.30323709384856,29
"20210","MS","Amambai",39826,26332.85,50010,"Dourados",5,"Centro-oeste",0,"500060",3,62,31,31,31,31,0,0,0,0,0,62,31,31,31,31,29,10.1785724881822,10.5922752443186,0.379492246651935,31
"20211","MS","Amambai",39826,26332.85,50010,"Dourados",5,"Centro-oeste",0,"500060",4,56,18,38,27,29,0,0,0,0,0,56,18,38,27,29,23,10.1785724881822,10.5922752443186,0.408241391515049,30
"20212","MS","Amambai",39826,26332.85,50010,"Dourados",5,"Centro-oeste",0,"500060",5,54,21,33,27,27,2,0,0,0,0,56,21,33,27,27,29,10.1785724881822,10.5922752443186,0.403982315616856,31
"20213","MS","Amambai",39826,26332.85,50010,"Dourados",5,"Centro-oeste",0,"500060",6,53,24,29,28,25,1,0,0,0,0,54,24,29,28,25,22,10.1785724881822,10.5922752443186,0.383624182155986,30
"20214","MS","Amambai",39826,26332.85,50010,"Dourados",5,"Centro-oeste",0,"500060",7,65,31,34,34,31,0,0,0,0,0,65,31,34,34,31,22,10.1785724881822,10.5922752443186,0.39771847629049,29
"20215","MS","Anastácio",25237,18115.62,50002,"Aquidauana",5,"Centro-oeste",1,"500070",2,50,18,32,23,27,0,0,0,0,0,50,18,32,23,27,8,9.80452982852323,10.1360664506368,0.298682469345679,29
"20216","MS","Anastácio",25237,18115.62,50002,"Aquidauana",5,"Centro-oeste",1,"500070",3,46,17,29,24,22,1,0,0,0,0,47,17,29,24,22,25,9.80452982852323,10.1360664506368,0.361075675903648,31
"20217","MS","Anastácio",25237,18115.62,50002,"Aquidauana",5,"Centro-oeste",1,"500070",4,39,12,27,19,20,1,0,0,0,0,40,12,27,19,20,14,9.80452982852323,10.1360664506368,0.376803924450927,30
"20218","MS","Anastácio",25237,18115.62,50002,"Aquidauana",5,"Centro-oeste",1,"500070",5,42,16,26,22,20,0,0,0,0,0,42,16,26,22,20,17,9.80452982852323,10.1360664506368,0.374314546163913,31
"20219","MS","Anastácio",25237,18115.62,50002,"Aquidauana",5,"Centro-oeste",1,"500070",6,36,19,17,19,17,0,0,0,0,0,36,19,17,19,17,14,9.80452982852323,10.1360664506368,0.362247841258058,30
"20220","MS","Anastácio",25237,18115.62,50002,"Aquidauana",5,"Centro-oeste",1,"500070",7,37,12,25,19,18,1,0,0,0,0,38,12,25,19,18,18,9.80452982852323,10.1360664506368,0.369757454085609,29
"20221","MS","Angélica",10932,77746.34,50011,"Iguatemi",5,"Centro-oeste",0,"500085",2,13,2,11,7,6,0,0,0,0,0,13,2,11,7,6,5,11.2612067549785,9.29944954704796,0.299337024769154,29
"20222","MS","Angélica",10932,77746.34,50011,"Iguatemi",5,"Centro-oeste",0,"500085",3,15,5,10,8,7,0,0,0,0,0,15,5,10,8,7,7,11.2612067549785,9.29944954704796,0.370665572290455,31
"20223","MS","Angélica",10932,77746.34,50011,"Iguatemi",5,"Centro-oeste",0,"500085",4,15,6,9,7,8,0,0,0,0,0,15,6,9,7,8,5,11.2612067549785,9.29944954704796,0.401961694569722,30
"20224","MS","Angélica",10932,77746.34,50011,"Iguatemi",5,"Centro-oeste",0,"500085",5,17,4,13,6,11,0,0,0,0,0,17,4,13,6,11,6,11.2612067549785,9.29944954704796,0.376466196631585,31
"20225","MS","Angélica",10932,77746.34,50011,"Iguatemi",5,"Centro-oeste",0,"500085",6,13,3,10,7,6,0,0,0,0,0,13,3,10,7,6,8,11.2612067549785,9.29944954704796,0.408412616727213,30
"20226","MS","Angélica",10932,77746.34,50011,"Iguatemi",5,"Centro-oeste",0,"500085",7,15,2,13,5,10,0,0,0,0,0,15,2,13,5,10,12,11.2612067549785,9.29944954704796,0.391259406237335,29
"20227","MS","Aparecida do Taboado",26069,48734.29,50006,"Paranaíba",5,"Centro-oeste",1,"500100",2,55,16,39,26,29,0,0,0,0,0,55,16,39,26,29,9,10.79413816808,10.1685021479256,0.316822436408885,29
"20228","MS","Aparecida do Taboado",26069,48734.29,50006,"Paranaíba",5,"Centro-oeste",1,"500100",3,35,8,27,13,22,1,0,0,0,0,36,8,27,13,22,16,10.79413816808,10.1685021479256,0.399808641766491,31
"20229","MS","Aparecida do Taboado",26069,48734.29,50006,"Paranaíba",5,"Centro-oeste",1,"500100",4,26,8,18,12,14,0,0,0,0,0,26,8,18,12,14,19,10.79413816808,10.1685021479256,0.409832988666442,30
"20230","MS","Aparecida do Taboado",26069,48734.29,50006,"Paranaíba",5,"Centro-oeste",1,"500100",5,38,14,24,11,27,0,0,0,0,0,38,14,24,11,27,19,10.79413816808,10.1685021479256,0.380930915048362,31
"20231","MS","Aparecida do Taboado",26069,48734.29,50006,"Paranaíba",5,"Centro-oeste",1,"500100",6,37,11,26,13,24,0,0,0,0,0,37,11,26,13,24,23,10.79413816808,10.1685021479256,0.364533066153565,30
"20232","MS","Aparecida do Taboado",26069,48734.29,50006,"Paranaíba",5,"Centro-oeste",1,"500100",7,34,9,25,13,21,0,0,0,0,0,34,9,25,13,21,22,10.79413816808,10.1685021479256,0.379687168212289,29
"20233","MS","Aquidauana",48029,19389.54,50002,"Aquidauana",5,"Centro-oeste",1,"500110",2,77,26,51,33,44,1,0,0,0,0,78,26,51,33,44,22,9.87248902438644,10.7795602741215,0.315347253800333,29
"20234","MS","Aquidauana",48029,19389.54,50002,"Aquidauana",5,"Centro-oeste",1,"500110",3,106,36,70,56,50,1,0,0,0,0,107,36,70,56,50,39,9.87248902438644,10.7795602741215,0.389280946025734,31
"20235","MS","Aquidauana",48029,19389.54,50002,"Aquidauana",5,"Centro-oeste",1,"500110",4,67,20,47,35,32,0,0,0,0,0,67,20,47,35,32,28,9.87248902438644,10.7795602741215,0.422763625730027,30
"20236","MS","Aquidauana",48029,19389.54,50002,"Aquidauana",5,"Centro-oeste",1,"500110",5,67,24,43,40,27,0,0,0,0,0,67,24,43,40,27,32,9.87248902438644,10.7795602741215,0.414339246374204,31
"20237","MS","Aquidauana",48029,19389.54,50002,"Aquidauana",5,"Centro-oeste",1,"500110",6,76,25,51,26,50,0,0,0,0,0,76,25,51,26,50,27,9.87248902438644,10.7795602741215,0.39506176255094,30
"20238","MS","Aquidauana",48029,19389.54,50002,"Aquidauana",5,"Centro-oeste",1,"500110",7,51,17,34,21,30,2,0,0,0,0,53,17,34,21,30,53,9.87248902438644,10.7795602741215,0.405790505293944,29
"20239","MS","Bandeirantes",7266,60751.54,50004,"Campo Grande",5,"Centro-oeste",0,"500150",2,12,4,8,8,4,0,0,0,0,0,12,4,8,8,4,6,11.0145477106757,8.89096121278115,0.272827219483279,29
"20240","MS","Bandeirantes",7266,60751.54,50004,"Campo Grande",5,"Centro-oeste",0,"500150",3,11,2,9,4,7,1,0,0,0,0,12,2,9,4,7,4,11.0145477106757,8.89096121278115,0.348175985613845,31
"20241","MS","Bandeirantes",7266,60751.54,50004,"Campo Grande",5,"Centro-oeste",0,"500150",4,7,2,5,4,3,0,0,0,0,0,7,2,5,4,3,3,11.0145477106757,8.89096121278115,0.369140529139434,30
"20242","MS","Bandeirantes",7266,60751.54,50004,"Campo Grande",5,"Centro-oeste",0,"500150",5,8,5,3,7,1,0,0,0,0,0,8,5,3,7,1,7,11.0145477106757,8.89096121278115,0.399703889753858,31
"20243","MS","Bandeirantes",7266,60751.54,50004,"Campo Grande",5,"Centro-oeste",0,"500150",6,9,4,5,4,5,0,0,0,0,0,9,4,5,4,5,1,11.0145477106757,8.89096121278115,0.375492071337527,30
"20244","MS","Bandeirantes",7266,60751.54,50004,"Campo Grande",5,"Centro-oeste",0,"500150",7,7,0,7,1,6,0,0,0,0,0,7,0,7,1,6,1,11.0145477106757,8.89096121278115,0.414713479222144,29
"20245","MS","Bataguassu",23325,34552.55,50008,"Nova Andradina",5,"Centro-oeste",1,"500190",2,49,20,29,20,29,0,0,0,0,0,49,20,29,20,29,9,10.4502366325504,10.0572810257155,0.300772738092419,29
"20246","MS","Bataguassu",23325,34552.55,50008,"Nova Andradina",5,"Centro-oeste",1,"500190",3,80,40,40,34,46,0,0,0,0,0,80,40,40,34,46,6,10.4502366325504,10.0572810257155,0.364758563280723,31
"20247","MS","Bataguassu",23325,34552.55,50008,"Nova Andradina",5,"Centro-oeste",1,"500190",4,40,18,22,20,20,0,0,0,0,0,40,18,22,20,20,10,10.4502366325504,10.0572810257155,0.403076626609283,30
"20248","MS","Bataguassu",23325,34552.55,50008,"Nova Andradina",5,"Centro-oeste",1,"500190",5,47,27,20,25,22,0,0,0,0,0,47,27,20,25,22,7,10.4502366325504,10.0572810257155,0.384143712707568,31
"20249","MS","Bataguassu",23325,34552.55,50008,"Nova Andradina",5,"Centro-oeste",1,"500190",6,21,10,11,9,12,0,0,0,0,0,21,10,11,9,12,12,10.4502366325504,10.0572810257155,0.390223935177118,30
"20250","MS","Bataguassu",23325,34552.55,50008,"Nova Andradina",5,"Centro-oeste",1,"500190",7,45,19,26,22,23,0,0,0,0,0,45,19,26,22,23,16,10.4502366325504,10.0572810257155,0.417603809087708,29
"20251","MS","Batayporã",11349,34578.9,50008,"Nova Andradina",5,"Centro-oeste",0,"500200",2,25,5,20,7,18,0,0,0,0,0,25,5,20,7,18,5,10.4509989484364,9.33688491330114,0.290538314144903,29
"20252","MS","Batayporã",11349,34578.9,50008,"Nova Andradina",5,"Centro-oeste",0,"500200",3,12,1,11,6,6,0,0,0,0,0,12,1,11,6,6,6,10.4509989484364,9.33688491330114,0.366138546028044,31
"20253","MS","Batayporã",11349,34578.9,50008,"Nova Andradina",5,"Centro-oeste",0,"500200",4,16,2,14,5,11,0,0,0,0,0,16,2,14,5,11,6,10.4509989484364,9.33688491330114,0.422212962365544,30
"20254","MS","Batayporã",11349,34578.9,50008,"Nova Andradina",5,"Centro-oeste",0,"500200",5,4,1,3,3,1,0,0,0,0,0,4,1,3,3,1,4,10.4509989484364,9.33688491330114,0.403264270145991,31
"20255","MS","Batayporã",11349,34578.9,50008,"Nova Andradina",5,"Centro-oeste",0,"500200",6,5,1,4,2,3,0,0,0,0,0,5,1,4,2,3,6,10.4509989484364,9.33688491330114,0.371761633980917,30
"20256","MS","Batayporã",11349,34578.9,50008,"Nova Andradina",5,"Centro-oeste",0,"500200",7,20,5,15,10,10,0,0,0,0,0,20,5,15,10,10,8,10.4509989484364,9.33688491330114,0.360578849856168,29
"20257","MS","Bela Vista",24735,22514.75,50009,"Bodoquena",5,"Centro-oeste",0,"500210",2,69,29,40,32,37,0,0,0,0,0,69,29,40,32,37,15,10.0219259289654,10.1159745236618,0.326027615275774,29
"20258","MS","Bela Vista",24735,22514.75,50009,"Bodoquena",5,"Centro-oeste",0,"500210",3,28,10,18,10,18,1,0,0,0,0,29,10,18,10,18,13,10.0219259289654,10.1159745236618,0.398379799792445,31
"20259","MS","Bela Vista",24735,22514.75,50009,"Bodoquena",5,"Centro-oeste",0,"500210",4,29,13,16,14,15,3,0,0,0,0,32,13,16,14,15,5,10.0219259289654,10.1159745236618,0.422241872412973,30
"20260","MS","Bela Vista",24735,22514.75,50009,"Bodoquena",5,"Centro-oeste",0,"500210",5,42,16,26,26,16,0,0,0,0,0,42,16,26,26,16,18,10.0219259289654,10.1159745236618,0.422107997967911,31
"20261","MS","Bela Vista",24735,22514.75,50009,"Bodoquena",5,"Centro-oeste",0,"500210",6,47,18,29,22,25,0,0,0,0,0,47,18,29,22,25,11,10.0219259289654,10.1159745236618,0.376081975740557,30
"20262","MS","Bela Vista",24735,22514.75,50009,"Bodoquena",5,"Centro-oeste",0,"500210",7,36,15,21,14,22,0,0,0,0,0,36,15,21,14,22,7,10.0219259289654,10.1159745236618,0.417446423728155,29
"20263","MS","Bodoquena",7838,27070.07,50009,"Bodoquena",5,"Centro-oeste",0,"500215",2,14,3,11,2,12,0,0,0,0,0,14,3,11,2,12,6,10.2061839684934,8.96673897875958,0.310578466077588,29
"20264","MS","Bodoquena",7838,27070.07,50009,"Bodoquena",5,"Centro-oeste",0,"500215",3,13,5,8,9,4,0,0,0,0,0,13,5,8,9,4,7,10.2061839684934,8.96673897875958,0.365818688386277,31
"20265","MS","Bodoquena",7838,27070.07,50009,"Bodoquena",5,"Centro-oeste",0,"500215",4,11,3,8,4,7,0,0,0,0,0,11,3,8,4,7,2,10.2061839684934,8.96673897875958,0.411766988420618,30
"20266","MS","Bodoquena",7838,27070.07,50009,"Bodoquena",5,"Centro-oeste",0,"500215",5,16,8,8,6,10,0,0,0,0,0,16,8,8,6,10,7,10.2061839684934,8.96673897875958,0.400900613674428,31
"20267","MS","Bodoquena",7838,27070.07,50009,"Bodoquena",5,"Centro-oeste",0,"500215",6,7,3,4,2,5,0,0,0,0,0,7,3,4,2,5,4,10.2061839684934,8.96673897875958,0.381666025771148,30
"20268","MS","Bodoquena",7838,27070.07,50009,"Bodoquena",5,"Centro-oeste",0,"500215",7,19,4,15,8,11,0,0,0,0,0,19,4,15,8,11,3,10.2061839684934,8.96673897875958,0.3646718420201,29
"20269","MS","Bonito",22190,34572.89,50009,"Bodoquena",5,"Centro-oeste",1,"500220",2,41,16,25,17,24,0,0,0,0,0,41,16,25,17,24,3,10.4508251279173,10.0073970159266,0.292551932751513,29
"20270","MS","Bonito",22190,34572.89,50009,"Bodoquena",5,"Centro-oeste",1,"500220",3,21,7,14,5,16,1,0,0,0,0,22,7,14,5,16,6,10.4508251279173,10.0073970159266,0.397867125258405,31
"20271","MS","Bonito",22190,34572.89,50009,"Bodoquena",5,"Centro-oeste",1,"500220",4,22,10,12,9,13,1,0,0,0,0,23,10,12,9,13,9,10.4508251279173,10.0073970159266,0.461256793846119,30
"20272","MS","Bonito",22190,34572.89,50009,"Bodoquena",5,"Centro-oeste",1,"500220",5,36,18,18,19,17,1,0,0,0,0,37,18,18,19,17,13,10.4508251279173,10.0073970159266,0.466797379491917,31
"20273","MS","Bonito",22190,34572.89,50009,"Bodoquena",5,"Centro-oeste",1,"500220",6,33,11,22,13,20,0,0,0,0,0,33,11,22,13,20,9,10.4508251279173,10.0073970159266,0.417670733487302,30
"20274","MS","Bonito",22190,34572.89,50009,"Bodoquena",5,"Centro-oeste",1,"500220",7,41,13,28,15,26,0,0,0,0,0,41,13,28,15,26,9,10.4508251279173,10.0073970159266,0.4086758601306,29
"20275","MS","Brasilândia",11853,48100.61,50007,"Três Lagoas",5,"Centro-oeste",0,"500230",2,22,5,17,15,7,0,0,0,0,0,22,5,17,15,7,4,10.7810501379261,9.3803362790795,0.321120984383673,29
"20276","MS","Brasilândia",11853,48100.61,50007,"Três Lagoas",5,"Centro-oeste",0,"500230",3,26,8,18,11,15,0,0,0,0,0,26,8,18,11,15,2,10.7810501379261,9.3803362790795,0.368179395726634,31
"20277","MS","Brasilândia",11853,48100.61,50007,"Três Lagoas",5,"Centro-oeste",0,"500230",4,13,4,9,5,8,0,0,0,0,0,13,4,9,5,8,7,10.7810501379261,9.3803362790795,0.390113547600527,30
"20278","MS","Brasilândia",11853,48100.61,50007,"Três Lagoas",5,"Centro-oeste",0,"500230",5,7,4,3,3,4,0,0,0,0,0,7,4,3,3,4,9,10.7810501379261,9.3803362790795,0.418075070332621,31
"20279","MS","Brasilândia",11853,48100.61,50007,"Três Lagoas",5,"Centro-oeste",0,"500230",6,13,5,8,5,8,0,0,0,0,0,13,5,8,5,8,7,10.7810501379261,9.3803362790795,0.394102641516186,30
"20280","MS","Brasilândia",11853,48100.61,50007,"Três Lagoas",5,"Centro-oeste",0,"500230",7,14,5,9,8,6,0,0,0,0,0,14,5,9,8,6,4,10.7810501379261,9.3803362790795,0.411227850031818,29
"20281","MS","Caarapó",30593,46883.31,50010,"Dourados",5,"Centro-oeste",0,"500240",2,75,23,52,31,44,0,0,0,0,0,75,23,52,31,44,22,10.7554170275605,10.3285265036014,0.324491187348639,29
"20282","MS","Caarapó",30593,46883.31,50010,"Dourados",5,"Centro-oeste",0,"500240",3,71,21,50,28,43,0,0,0,0,0,71,21,50,28,43,18,10.7554170275605,10.3285265036014,0.380509912260958,31
"20283","MS","Caarapó",30593,46883.31,50010,"Dourados",5,"Centro-oeste",0,"500240",4,49,24,25,23,26,1,0,0,0,0,50,24,25,23,26,12,10.7554170275605,10.3285265036014,0.419577105995373,30
"20284","MS","Caarapó",30593,46883.31,50010,"Dourados",5,"Centro-oeste",0,"500240",5,48,15,33,22,26,1,0,0,0,0,49,15,33,22,26,16,10.7554170275605,10.3285265036014,0.388600312657345,31
"20285","MS","Caarapó",30593,46883.31,50010,"Dourados",5,"Centro-oeste",0,"500240",6,48,19,29,19,29,0,0,0,0,0,48,19,29,19,29,17,10.7554170275605,10.3285265036014,0.380325796264128,30
"20286","MS","Caarapó",30593,46883.31,50010,"Dourados",5,"Centro-oeste",0,"500240",7,46,15,31,16,30,0,0,0,0,0,46,15,31,16,30,18,10.7554170275605,10.3285265036014,0.382441327650635,29
"20287","MS","Camapuã",13693,31710.66,50003,"Alto Taquari",5,"Centro-oeste",0,"500260",2,15,7,8,8,7,0,0,0,0,0,15,7,8,8,7,9,10.3644081809393,9.52464003233223,0.294305826748146,29
"20288","MS","Camapuã",13693,31710.66,50003,"Alto Taquari",5,"Centro-oeste",0,"500260",3,26,7,19,10,16,0,0,0,0,0,26,7,19,10,16,6,10.3644081809393,9.52464003233223,0.381815783510905,31
"20289","MS","Camapuã",13693,31710.66,50003,"Alto Taquari",5,"Centro-oeste",0,"500260",4,17,4,13,8,9,0,0,0,0,0,17,4,13,8,9,10,10.3644081809393,9.52464003233223,0.381345806263361,30
"20290","MS","Camapuã",13693,31710.66,50003,"Alto Taquari",5,"Centro-oeste",0,"500260",5,14,4,10,10,4,0,0,0,0,0,14,4,10,10,4,6,10.3644081809393,9.52464003233223,0.408206802482762,31
"20291","MS","Camapuã",13693,31710.66,50003,"Alto Taquari",5,"Centro-oeste",0,"500260",6,10,1,9,5,5,0,0,0,0,0,10,1,9,5,5,9,10.3644081809393,9.52464003233223,0.397081371132266,30
"20292","MS","Camapuã",13693,31710.66,50003,"Alto Taquari",5,"Centro-oeste",0,"500260",7,13,3,10,2,11,0,0,0,0,0,13,3,10,2,11,8,10.3644081809393,9.52464003233223,0.393014700413767,29
"20293","MS","Campo Grande",906092,32942.46,50004,"Campo Grande",5,"Centro-oeste",1,"500270",2,1780,315,1465,612,1168,12,0,0,0,0,1792,315,1465,612,1168,408,10.4025176821817,13.7168961251236,0.298354963663902,29
"20294","MS","Campo Grande",906092,32942.46,50004,"Campo Grande",5,"Centro-oeste",1,"500270",3,1844,343,1501,653,1191,10,0,0,0,0,1854,343,1501,653,1191,489,10.4025176821817,13.7168961251236,0.403482519486339,31
"20295","MS","Campo Grande",906092,32942.46,50004,"Campo Grande",5,"Centro-oeste",1,"500270",4,1239,261,978,463,776,16,0,0,0,0,1255,261,978,463,776,394,10.4025176821817,13.7168961251236,0.435463775949233,30
"20296","MS","Campo Grande",906092,32942.46,50004,"Campo Grande",5,"Centro-oeste",1,"500270",5,1259,261,998,457,802,5,0,0,0,0,1264,261,998,457,802,446,10.4025176821817,13.7168961251236,0.396861998076503,31
"20297","MS","Campo Grande",906092,32942.46,50004,"Campo Grande",5,"Centro-oeste",1,"500270",6,1111,217,894,426,685,14,0,0,0,0,1125,217,894,426,685,433,10.4025176821817,13.7168961251236,0.380241967748194,30
"20298","MS","Campo Grande",906092,32942.46,50004,"Campo Grande",5,"Centro-oeste",1,"500270",7,1140,204,936,382,758,10,0,0,0,0,1150,204,936,382,758,640,10.4025176821817,13.7168961251236,0.387687823019449,29
"20299","MS","Cassilândia",22002,26007.38,50005,"Cassilândia",5,"Centro-oeste",1,"500290",2,29,9,20,14,15,0,0,0,0,0,29,9,20,14,15,11,10.1661356228808,9.99888863729938,0.318750662569774,29
"20300","MS","Cassilândia",22002,26007.38,50005,"Cassilândia",5,"Centro-oeste",1,"500290",3,36,7,29,17,19,0,0,0,0,0,36,7,29,17,19,23,10.1661356228808,9.99888863729938,0.387627861925591,31
"20301","MS","Cassilândia",22002,26007.38,50005,"Cassilândia",5,"Centro-oeste",1,"500290",4,27,7,20,16,11,0,0,0,0,0,27,7,20,16,11,11,10.1661356228808,9.99888863729938,0.422561717393774,30
"20302","MS","Cassilândia",22002,26007.38,50005,"Cassilândia",5,"Centro-oeste",1,"500290",5,20,6,14,5,15,0,0,0,0,0,20,6,14,5,15,11,10.1661356228808,9.99888863729938,0.405057655122076,31
"20303","MS","Cassilândia",22002,26007.38,50005,"Cassilândia",5,"Centro-oeste",1,"500290",6,25,8,17,14,11,0,0,0,0,0,25,8,17,14,11,17,10.1661356228808,9.99888863729938,0.402699701380843,30
"20304","MS","Cassilândia",22002,26007.38,50005,"Cassilândia",5,"Centro-oeste",1,"500290",7,21,10,11,10,11,0,0,0,0,0,21,10,11,10,11,14,10.1661356228808,9.99888863729938,0.408629786336257,29
"20305","MS","Chapadão do Sul",25865,72390.23,50005,"Cassilândia",5,"Centro-oeste",1,"500295",2,72,15,57,26,46,0,0,0,0,0,72,15,57,26,46,5,11.1898266245166,10.1606459824376,0.307464109436992,29
"20306","MS","Chapadão do Sul",25865,72390.23,50005,"Cassilândia",5,"Centro-oeste",1,"500295",3,64,18,46,22,42,0,0,0,0,0,64,18,46,22,42,10,11.1898266245166,10.1606459824376,0.373740202342351,31
"20307","MS","Chapadão do Sul",25865,72390.23,50005,"Cassilândia",5,"Centro-oeste",1,"500295",4,59,12,47,24,35,0,0,0,0,0,59,12,47,24,35,5,11.1898266245166,10.1606459824376,0.40138650561826,30
"20308","MS","Chapadão do Sul",25865,72390.23,50005,"Cassilândia",5,"Centro-oeste",1,"500295",5,40,8,32,17,23,0,0,0,0,0,40,8,32,17,23,12,11.1898266245166,10.1606459824376,0.370351025090015,31
"20309","MS","Chapadão do Sul",25865,72390.23,50005,"Cassilândia",5,"Centro-oeste",1,"500295",6,46,13,33,16,30,0,0,0,0,0,46,13,33,16,30,12,11.1898266245166,10.1606459824376,0.376725722725995,30
"20310","MS","Chapadão do Sul",25865,72390.23,50005,"Cassilândia",5,"Centro-oeste",1,"500295",7,48,10,38,16,32,0,0,0,0,0,48,10,38,16,32,5,11.1898266245166,10.1606459824376,0.367289912797766,29
"20311","MS","Corumbá",112058,27582.68,50001,"Baixo Pantanal",5,"Centro-oeste",1,"500320",2,246,83,163,101,145,1,0,0,0,0,247,83,163,101,145,82,10.2249433184901,11.6267718733784,0.304218394156282,29
"20312","MS","Corumbá",112058,27582.68,50001,"Baixo Pantanal",5,"Centro-oeste",1,"500320",3,279,87,192,103,176,2,0,0,0,0,281,87,192,103,176,76,10.2249433184901,11.6267718733784,0.383633622168307,31
"20313","MS","Corumbá",112058,27582.68,50001,"Baixo Pantanal",5,"Centro-oeste",1,"500320",4,193,71,122,86,107,2,0,0,0,0,195,71,122,86,107,57,10.2249433184901,11.6267718733784,0.42984908852799,30
"20314","MS","Corumbá",112058,27582.68,50001,"Baixo Pantanal",5,"Centro-oeste",1,"500320",5,174,51,123,78,96,4,0,0,0,0,178,51,123,78,96,39,10.2249433184901,11.6267718733784,0.420412038385867,31
"20315","MS","Corumbá",112058,27582.68,50001,"Baixo Pantanal",5,"Centro-oeste",1,"500320",6,212,64,148,91,121,2,0,0,0,0,214,64,148,91,121,48,10.2249433184901,11.6267718733784,0.415460473939525,30
"20316","MS","Corumbá",112058,27582.68,50001,"Baixo Pantanal",5,"Centro-oeste",1,"500320",7,166,64,102,75,91,0,0,0,0,0,166,64,102,75,91,95,10.2249433184901,11.6267718733784,0.416901754103601,29
"20317","MS","Costa Rica",21142,88940.58,50005,"Cassilândia",5,"Centro-oeste",1,"500325",2,65,16,49,24,41,0,0,0,0,0,65,16,49,24,41,5,11.3957237852937,9.95901686232861,0.300262864534349,29
"20318","MS","Costa Rica",21142,88940.58,50005,"Cassilândia",5,"Centro-oeste",1,"500325",3,61,15,46,25,36,0,0,0,0,0,61,15,46,25,36,7,11.3957237852937,9.95901686232861,0.360190952205916,31
"20319","MS","Costa Rica",21142,88940.58,50005,"Cassilândia",5,"Centro-oeste",1,"500325",4,42,11,31,19,23,0,0,0,0,0,42,11,31,19,23,12,11.3957237852937,9.95901686232861,0.37189365365955,30
"20320","MS","Costa Rica",21142,88940.58,50005,"Cassilândia",5,"Centro-oeste",1,"500325",5,41,10,31,22,19,0,0,0,0,0,41,10,31,22,19,12,11.3957237852937,9.95901686232861,0.373681523510185,31
"20321","MS","Costa Rica",21142,88940.58,50005,"Cassilândia",5,"Centro-oeste",1,"500325",6,43,14,29,22,21,0,0,0,0,0,43,14,29,22,21,11,11.3957237852937,9.95901686232861,0.356876558856252,30
"20322","MS","Costa Rica",21142,88940.58,50005,"Cassilândia",5,"Centro-oeste",1,"500325",7,45,9,36,13,32,1,0,0,0,0,46,9,36,13,32,14,11.3957237852937,9.95901686232861,0.374868170370133,29
"20323","MS","Coxim",33459,26823.76,50003,"Alto Taquari",5,"Centro-oeste",1,"500330",2,65,19,46,31,34,0,0,0,0,0,65,19,46,31,34,19,10.1970433408946,10.4180760876626,0.303341613606306,29
"20324","MS","Coxim",33459,26823.76,50003,"Alto Taquari",5,"Centro-oeste",1,"500330",3,60,23,37,24,36,1,0,0,0,0,61,23,37,24,36,20,10.1970433408946,10.4180760876626,0.379154650647206,31
"20325","MS","Coxim",33459,26823.76,50003,"Alto Taquari",5,"Centro-oeste",1,"500330",4,46,12,34,21,25,0,0,0,0,0,46,12,34,21,25,21,10.1970433408946,10.4180760876626,0.400221049973599,30
"20326","MS","Coxim",33459,26823.76,50003,"Alto Taquari",5,"Centro-oeste",1,"500330",5,62,13,49,31,31,1,0,0,0,0,63,13,49,31,31,21,10.1970433408946,10.4180760876626,0.381483498023353,31
"20327","MS","Coxim",33459,26823.76,50003,"Alto Taquari",5,"Centro-oeste",1,"500330",6,47,8,39,25,22,2,0,0,0,0,49,8,39,25,22,13,10.1970433408946,10.4180760876626,0.358175094361018,30
"20328","MS","Coxim",33459,26823.76,50003,"Alto Taquari",5,"Centro-oeste",1,"500330",7,39,14,25,20,19,0,0,0,0,0,39,14,25,20,19,21,10.1970433408946,10.4180760876626,0.405702094801134,29
"20329","MS","Deodápolis",12984,22939.19,50011,"Iguatemi",5,"Centro-oeste",0,"500345",2,28,7,21,10,18,0,0,0,0,0,28,7,21,10,18,14,10.0406020805569,9.47147310919443,0.335489726640765,29
"20330","MS","Deodápolis",12984,22939.19,50011,"Iguatemi",5,"Centro-oeste",0,"500345",3,24,7,17,9,15,0,0,0,0,0,24,7,17,9,15,2,10.0406020805569,9.47147310919443,0.402367125992635,31
"20331","MS","Deodápolis",12984,22939.19,50011,"Iguatemi",5,"Centro-oeste",0,"500345",4,15,0,15,5,10,1,0,0,0,0,16,0,15,5,10,10,10.0406020805569,9.47147310919443,0.413101334322975,30
"20332","MS","Deodápolis",12984,22939.19,50011,"Iguatemi",5,"Centro-oeste",0,"500345",5,9,2,7,2,7,0,0,0,0,0,9,2,7,2,7,11,10.0406020805569,9.47147310919443,0.395557221893019,31
"20333","MS","Deodápolis",12984,22939.19,50011,"Iguatemi",5,"Centro-oeste",0,"500345",6,18,3,15,11,7,0,0,0,0,0,18,3,15,11,7,10,10.0406020805569,9.47147310919443,0.385585512636909,30
"20334","MS","Deodápolis",12984,22939.19,50011,"Iguatemi",5,"Centro-oeste",0,"500345",7,11,3,8,5,6,0,0,0,0,0,11,3,8,5,6,14,10.0406020805569,9.47147310919443,0.389481148369434,29
"20335","MS","Dois Irmãos do Buriti",11467,18355.49,50002,"Aquidauana",5,"Centro-oeste",0,"500348",2,18,1,17,9,9,0,0,0,0,0,18,1,17,9,9,3,9.81768399129785,9.3472286240383,0.308996587867516,29
"20336","MS","Dois Irmãos do Buriti",11467,18355.49,50002,"Aquidauana",5,"Centro-oeste",0,"500348",3,24,8,16,11,13,0,0,0,0,0,24,8,16,11,13,4,9.81768399129785,9.3472286240383,0.34480823243682,31
"20337","MS","Dois Irmãos do Buriti",11467,18355.49,50002,"Aquidauana",5,"Centro-oeste",0,"500348",4,15,3,12,6,9,0,0,0,0,0,15,3,12,6,9,8,9.81768399129785,9.3472286240383,0.379248196423033,30
"20338","MS","Dois Irmãos do Buriti",11467,18355.49,50002,"Aquidauana",5,"Centro-oeste",0,"500348",5,16,4,12,2,14,0,0,0,0,0,16,4,12,2,14,5,9.81768399129785,9.3472286240383,0.441075818087207,31
"20339","MS","Dois Irmãos do Buriti",11467,18355.49,50002,"Aquidauana",5,"Centro-oeste",0,"500348",6,10,2,8,3,7,0,0,0,0,0,10,2,8,3,7,7,9.81768399129785,9.3472286240383,0.402837028067727,30
"20340","MS","Dois Irmãos do Buriti",11467,18355.49,50002,"Aquidauana",5,"Centro-oeste",0,"500348",7,14,5,9,5,9,0,0,0,0,0,14,5,9,5,9,2,9.81768399129785,9.3472286240383,0.43230740519267,29
"20341","MS","Dourados",225495,38468.4,50010,"Dourados",5,"Centro-oeste",1,"500370",2,545,162,383,180,365,3,0,0,0,0,548,162,383,180,365,111,10.5575924040314,12.32605326473,0.320785385529009,29
"20342","MS","Dourados",225495,38468.4,50010,"Dourados",5,"Centro-oeste",1,"500370",3,583,159,424,228,355,3,0,0,0,0,586,159,424,228,355,125,10.5575924040314,12.32605326473,0.410954793641621,31
"20343","MS","Dourados",225495,38468.4,50010,"Dourados",5,"Centro-oeste",1,"500370",4,371,116,255,138,233,4,0,0,0,0,375,116,255,138,233,104,10.5575924040314,12.32605326473,0.450607185013974,30
"20344","MS","Dourados",225495,38468.4,50010,"Dourados",5,"Centro-oeste",1,"500370",5,358,97,261,140,218,3,0,0,0,0,361,97,261,140,218,113,10.5575924040314,12.32605326473,0.42247772854292,31
"20345","MS","Dourados",225495,38468.4,50010,"Dourados",5,"Centro-oeste",1,"500370",6,357,106,251,132,225,7,0,0,0,0,364,106,251,132,225,146,10.5575924040314,12.32605326473,0.423302575264894,30
"20346","MS","Dourados",225495,38468.4,50010,"Dourados",5,"Centro-oeste",1,"500370",7,405,118,287,157,248,4,0,0,0,0,409,118,287,157,248,136,10.5575924040314,12.32605326473,0.414679265457895,29
"20347","MS","Eldorado",12400,30032.67,50011,"Iguatemi",5,"Centro-oeste",0,"500375",2,22,8,14,10,12,0,0,0,0,0,22,8,14,10,12,4,10.3100410681139,9.42545175159313,0.35867472697487,29
"20348","MS","Eldorado",12400,30032.67,50011,"Iguatemi",5,"Centro-oeste",0,"500375",3,15,3,12,6,9,0,0,0,0,0,15,3,12,6,9,8,10.3100410681139,9.42545175159313,0.436928591065362,31
"20349","MS","Eldorado",12400,30032.67,50011,"Iguatemi",5,"Centro-oeste",0,"500375",4,12,3,9,4,8,0,0,0,0,0,12,3,9,4,8,5,10.3100410681139,9.42545175159313,0.411786694765892,30
"20350","MS","Eldorado",12400,30032.67,50011,"Iguatemi",5,"Centro-oeste",0,"500375",5,24,10,14,12,12,0,0,0,0,0,24,10,14,12,12,6,10.3100410681139,9.42545175159313,0.40676381186462,31
"20351","MS","Eldorado",12400,30032.67,50011,"Iguatemi",5,"Centro-oeste",0,"500375",6,15,7,8,4,11,0,0,0,0,0,15,7,8,4,11,3,10.3100410681139,9.42545175159313,0.429445817470253,30
"20352","MS","Eldorado",12400,30032.67,50011,"Iguatemi",5,"Centro-oeste",0,"500375",7,21,6,15,10,11,0,0,0,0,0,21,6,15,10,11,6,10.3100410681139,9.42545175159313,0.432774719943807,29
"20353","MS","Fátima do Sul",19170,25942.35,50010,"Dourados",5,"Centro-oeste",1,"500380",2,38,6,32,10,28,1,0,0,0,0,39,6,32,10,28,14,10.1636320474448,9.86110183603969,0.324697035453289,29
"20354","MS","Fátima do Sul",19170,25942.35,50010,"Dourados",5,"Centro-oeste",1,"500380",3,62,12,50,25,37,1,0,0,0,0,63,12,50,25,37,17,10.1636320474448,9.86110183603969,0.405081202768358,31
"20355","MS","Fátima do Sul",19170,25942.35,50010,"Dourados",5,"Centro-oeste",1,"500380",4,40,12,28,13,27,0,0,0,0,0,40,12,28,13,27,15,10.1636320474448,9.86110183603969,0.418199528466515,30
"20356","MS","Fátima do Sul",19170,25942.35,50010,"Dourados",5,"Centro-oeste",1,"500380",5,21,3,18,6,15,1,0,0,0,0,22,3,18,6,15,16,10.1636320474448,9.86110183603969,0.443109866053217,31
"20357","MS","Fátima do Sul",19170,25942.35,50010,"Dourados",5,"Centro-oeste",1,"500380",6,28,7,21,12,16,0,0,0,0,0,28,7,21,12,16,12,10.1636320474448,9.86110183603969,0.435155986482595,30
"20358","MS","Fátima do Sul",19170,25942.35,50010,"Dourados",5,"Centro-oeste",1,"500380",7,25,5,20,7,18,0,0,0,0,0,25,5,20,7,18,17,10.1636320474448,9.86110183603969,0.422893271982435,29
"20359","MS","Glória de Dourados",9950,18664.75,50011,"Iguatemi",5,"Centro-oeste",0,"500400",2,17,3,14,5,12,0,0,0,0,0,17,3,14,5,12,4,9.83439199720594,9.20532783015264,0.317409989970291,29
"20360","MS","Glória de Dourados",9950,18664.75,50011,"Iguatemi",5,"Centro-oeste",0,"500400",3,15,3,12,5,10,0,0,0,0,0,15,3,12,5,10,9,9.83439199720594,9.20532783015264,0.369858392870399,31
"20361","MS","Glória de Dourados",9950,18664.75,50011,"Iguatemi",5,"Centro-oeste",0,"500400",4,14,5,9,6,8,0,0,0,0,0,14,5,9,6,8,7,9.83439199720594,9.20532783015264,0.392251139858983,30
"20362","MS","Glória de Dourados",9950,18664.75,50011,"Iguatemi",5,"Centro-oeste",0,"500400",5,10,2,8,0,10,0,0,0,0,0,10,2,8,0,10,5,9.83439199720594,9.20532783015264,0.418646077402563,31
"20363","MS","Glória de Dourados",9950,18664.75,50011,"Iguatemi",5,"Centro-oeste",0,"500400",6,10,3,7,3,7,0,0,0,0,0,10,3,7,3,7,8,9.83439199720594,9.20532783015264,0.402752404302934,30
"20364","MS","Glória de Dourados",9950,18664.75,50011,"Iguatemi",5,"Centro-oeste",0,"500400",7,10,5,5,6,4,0,0,0,0,0,10,5,5,6,4,5,9.83439199720594,9.20532783015264,0.374261075487981,29
"20365","MS","Guia Lopes da Laguna",9824,25855.38,50009,"Bodoquena",5,"Centro-oeste",1,"500410",2,18,3,15,11,7,0,0,0,0,0,18,3,15,11,7,9,10.1602739820729,9.19258365038692,0.336990848769701,29
"20366","MS","Guia Lopes da Laguna",9824,25855.38,50009,"Bodoquena",5,"Centro-oeste",1,"500410",3,20,7,13,11,9,0,0,0,0,0,20,7,13,11,9,8,10.1602739820729,9.19258365038692,0.382840802846599,31
"20367","MS","Guia Lopes da Laguna",9824,25855.38,50009,"Bodoquena",5,"Centro-oeste",1,"500410",4,12,5,7,6,6,0,0,0,0,0,12,5,7,6,6,5,10.1602739820729,9.19258365038692,0.422162525877936,30
"20368","MS","Guia Lopes da Laguna",9824,25855.38,50009,"Bodoquena",5,"Centro-oeste",1,"500410",5,16,3,13,8,8,1,0,0,0,0,17,3,13,8,8,4,10.1602739820729,9.19258365038692,0.490181621468439,31
"20369","MS","Guia Lopes da Laguna",9824,25855.38,50009,"Bodoquena",5,"Centro-oeste",1,"500410",6,7,3,4,5,2,0,0,0,0,0,7,3,4,5,2,9,10.1602739820729,9.19258365038692,0.414576915863378,30
"20370","MS","Guia Lopes da Laguna",9824,25855.38,50009,"Bodoquena",5,"Centro-oeste",1,"500410",7,13,1,12,8,5,0,0,0,0,0,13,1,12,8,5,2,10.1602739820729,9.19258365038692,0.403762681208766,29
"20371","MS","Iguatemi",16176,25250.4,50011,"Iguatemi",5,"Centro-oeste",0,"500430",2,30,12,18,15,15,1,0,0,0,0,31,12,18,15,15,2,10.1365972761622,9.69128394126025,0.332821594270476,29
"20372","MS","Iguatemi",16176,25250.4,50011,"Iguatemi",5,"Centro-oeste",0,"500430",3,24,10,14,12,12,0,0,0,0,0,24,10,14,12,12,16,10.1365972761622,9.69128394126025,0.402018449431941,31
"20373","MS","Iguatemi",16176,25250.4,50011,"Iguatemi",5,"Centro-oeste",0,"500430",4,15,4,11,7,8,0,0,0,0,0,15,4,11,7,8,8,10.1365972761622,9.69128394126025,0.418245853858522,30
"20374","MS","Iguatemi",16176,25250.4,50011,"Iguatemi",5,"Centro-oeste",0,"500430",5,18,5,13,7,11,0,0,0,0,0,18,5,13,7,11,3,10.1365972761622,9.69128394126025,0.429942939795316,31
"20375","MS","Iguatemi",16176,25250.4,50011,"Iguatemi",5,"Centro-oeste",0,"500430",6,26,13,13,17,9,0,0,0,0,0,26,13,13,17,9,4,10.1365972761622,9.69128394126025,0.443277531897755,30
"20376","MS","Iguatemi",16176,25250.4,50011,"Iguatemi",5,"Centro-oeste",0,"500430",7,18,7,11,4,14,0,0,0,0,0,18,7,11,4,14,13,10.1365972761622,9.69128394126025,0.473580524497957,29
"20377","MS","Inocência",7588,44367.67,50006,"Paranaíba",5,"Centro-oeste",0,"500440",2,9,2,7,4,5,0,0,0,0,0,9,2,7,4,5,5,10.7002663300349,8.93432333105491,0.345855180506199,29
"20378","MS","Inocência",7588,44367.67,50006,"Paranaíba",5,"Centro-oeste",0,"500440",3,15,7,8,9,6,0,0,0,0,0,15,7,8,9,6,5,10.7002663300349,8.93432333105491,0.383933743539368,31
"20379","MS","Inocência",7588,44367.67,50006,"Paranaíba",5,"Centro-oeste",0,"500440",4,11,4,7,6,5,0,0,0,0,0,11,4,7,6,5,4,10.7002663300349,8.93432333105491,0.440788784477367,30
"20380","MS","Inocência",7588,44367.67,50006,"Paranaíba",5,"Centro-oeste",0,"500440",5,19,8,11,12,7,0,0,0,0,0,19,8,11,12,7,4,10.7002663300349,8.93432333105491,0.409553177229342,31
"20381","MS","Inocência",7588,44367.67,50006,"Paranaíba",5,"Centro-oeste",0,"500440",6,11,5,6,8,3,0,0,0,0,0,11,5,6,8,3,1,10.7002663300349,8.93432333105491,0.403035216560171,30
"20382","MS","Inocência",7588,44367.67,50006,"Paranaíba",5,"Centro-oeste",0,"500440",7,10,3,7,3,7,0,0,0,0,0,10,3,7,3,7,9,10.7002663300349,8.93432333105491,0.380872078297578,29
"20383","MS","Itaporã",25162,34391.15,50010,"Dourados",5,"Centro-oeste",0,"500450",2,46,10,36,22,24,0,0,0,0,0,46,10,36,22,24,5,10.4455545428207,10.1330901989111,0.332946217257065,29
"20384","MS","Itaporã",25162,34391.15,50010,"Dourados",5,"Centro-oeste",0,"500450",3,47,10,37,15,32,0,0,0,0,0,47,10,37,15,32,14,10.4455545428207,10.1330901989111,0.40550646789807,31
"20385","MS","Itaporã",25162,34391.15,50010,"Dourados",5,"Centro-oeste",0,"500450",4,25,7,18,9,16,0,0,0,0,0,25,7,18,9,16,6,10.4455545428207,10.1330901989111,0.407434797133249,30
"20386","MS","Itaporã",25162,34391.15,50010,"Dourados",5,"Centro-oeste",0,"500450",5,25,5,20,8,17,0,0,0,0,0,25,5,20,8,17,15,10.4455545428207,10.1330901989111,0.419135554880185,31
"20387","MS","Itaporã",25162,34391.15,50010,"Dourados",5,"Centro-oeste",0,"500450",6,14,2,12,7,7,0,0,0,0,0,14,2,12,7,7,18,10.4455545428207,10.1330901989111,0.423851564572816,30
"20388","MS","Itaporã",25162,34391.15,50010,"Dourados",5,"Centro-oeste",0,"500450",7,24,7,17,12,12,0,0,0,0,0,24,7,17,12,12,7,10.4455545428207,10.1330901989111,0.421956764773317,29
"20389","MS","Itaquiraí",21376,35789.39,50011,"Iguatemi",5,"Centro-oeste",0,"500460",2,31,12,19,11,20,1,0,0,0,0,32,12,19,11,20,7,10.4854067597478,9.97002407633637,0.313173409344511,29
"20390","MS","Itaquiraí",21376,35789.39,50011,"Iguatemi",5,"Centro-oeste",0,"500460",3,42,12,30,18,24,0,0,0,0,0,42,12,30,18,24,8,10.4854067597478,9.97002407633637,0.38562717437115,31
"20391","MS","Itaquiraí",21376,35789.39,50011,"Iguatemi",5,"Centro-oeste",0,"500460",4,22,6,16,11,11,0,0,0,0,0,22,6,16,11,11,11,10.4854067597478,9.97002407633637,0.386177973692553,30
"20392","MS","Itaquiraí",21376,35789.39,50011,"Iguatemi",5,"Centro-oeste",0,"500460",5,14,4,10,6,8,0,0,0,0,0,14,4,10,6,8,14,10.4854067597478,9.97002407633637,0.400541624962483,31
"20393","MS","Itaquiraí",21376,35789.39,50011,"Iguatemi",5,"Centro-oeste",0,"500460",6,17,6,11,11,6,0,0,0,0,0,17,6,11,11,6,20,10.4854067597478,9.97002407633637,0.403138120151094,30
"20394","MS","Itaquiraí",21376,35789.39,50011,"Iguatemi",5,"Centro-oeste",0,"500460",7,15,8,7,9,6,0,0,0,0,0,15,8,7,9,6,15,10.4854067597478,9.97002407633637,0.422905889654006,29
"20395","MS","Ivinhema",23232,53921.09,50011,"Iguatemi",5,"Centro-oeste",0,"500470",2,43,11,32,16,27,0,0,0,0,0,43,11,32,16,27,13,10.8952769605154,10.0532859176245,0.299239698698876,29
"20396","MS","Ivinhema",23232,53921.09,50011,"Iguatemi",5,"Centro-oeste",0,"500470",3,58,18,40,23,35,1,0,0,0,0,59,18,40,23,35,9,10.8952769605154,10.0532859176245,0.368692305191769,31
"20397","MS","Ivinhema",23232,53921.09,50011,"Iguatemi",5,"Centro-oeste",0,"500470",4,54,11,43,24,30,0,0,0,0,0,54,11,43,24,30,10,10.8952769605154,10.0532859176245,0.396942683464753,30
"20398","MS","Ivinhema",23232,53921.09,50011,"Iguatemi",5,"Centro-oeste",0,"500470",5,40,12,28,14,26,0,0,0,0,0,40,12,28,14,26,13,10.8952769605154,10.0532859176245,0.379664655756989,31
"20399","MS","Ivinhema",23232,53921.09,50011,"Iguatemi",5,"Centro-oeste",0,"500470",6,29,7,22,11,18,1,0,0,0,0,30,7,22,11,18,18,10.8952769605154,10.0532859176245,0.382993781627031,30
"20400","MS","Ivinhema",23232,53921.09,50011,"Iguatemi",5,"Centro-oeste",0,"500470",7,45,8,37,15,30,1,0,0,0,0,46,8,37,15,30,15,10.8952769605154,10.0532859176245,0.374280021698746,29
"20401","MS","Jaraguari",7265,66831.89,50004,"Campo Grande",5,"Centro-oeste",0,"500490",2,10,0,10,3,7,0,0,0,0,0,10,0,10,3,7,6,11.1099356408175,8.89082357600438,0.298370459061768,29
"20402","MS","Jaraguari",7265,66831.89,50004,"Campo Grande",5,"Centro-oeste",0,"500490",3,10,3,7,6,4,0,0,0,0,0,10,3,7,6,4,1,11.1099356408175,8.89082357600438,0.367050358098339,31
"20403","MS","Jaraguari",7265,66831.89,50004,"Campo Grande",5,"Centro-oeste",0,"500490",4,6,4,2,4,2,0,0,0,0,0,6,4,2,4,2,6,11.1099356408175,8.89082357600438,0.433196844535516,30
"20404","MS","Jaraguari",7265,66831.89,50004,"Campo Grande",5,"Centro-oeste",0,"500490",5,2,0,2,0,2,0,0,0,0,0,2,0,2,0,2,2,11.1099356408175,8.89082357600438,0.462130306836733,31
"20405","MS","Jaraguari",7265,66831.89,50004,"Campo Grande",5,"Centro-oeste",0,"500490",6,5,2,3,2,3,0,0,0,0,0,5,2,3,2,3,2,11.1099356408175,8.89082357600438,0.437754983409928,30
"20406","MS","Jaraguari",7265,66831.89,50004,"Campo Grande",5,"Centro-oeste",0,"500490",7,5,1,4,1,4,0,0,0,0,0,5,1,4,1,4,0,11.1099356408175,8.89082357600438,0.45792788408125,29
"20407","MS","Jardim",26238,23321.37,50009,"Bodoquena",5,"Centro-oeste",1,"500500",2,59,16,43,24,35,0,0,0,0,0,59,16,43,24,35,15,10.0571253865948,10.174964020641,0.291907291433479,29
"20408","MS","Jardim",26238,23321.37,50009,"Bodoquena",5,"Centro-oeste",1,"500500",3,55,17,38,30,25,0,0,0,0,0,55,17,38,30,25,21,10.0571253865948,10.174964020641,0.353654362169601,31
"20409","MS","Jardim",26238,23321.37,50009,"Bodoquena",5,"Centro-oeste",1,"500500",4,29,7,22,11,18,0,0,0,0,0,29,7,22,11,18,11,10.0571253865948,10.174964020641,0.379104072590118,30
"20410","MS","Jardim",26238,23321.37,50009,"Bodoquena",5,"Centro-oeste",1,"500500",5,42,16,26,19,23,0,0,0,0,0,42,16,26,19,23,19,10.0571253865948,10.174964020641,0.40220405179263,31
"20411","MS","Jardim",26238,23321.37,50009,"Bodoquena",5,"Centro-oeste",1,"500500",6,49,20,29,22,27,0,0,0,0,0,49,20,29,22,27,13,10.0571253865948,10.174964020641,0.358310418563899,30
"20412","MS","Jardim",26238,23321.37,50009,"Bodoquena",5,"Centro-oeste",1,"500500",7,37,6,31,16,21,0,0,0,0,0,37,6,31,16,21,15,10.0571253865948,10.174964020641,0.35318030832102,29
"20413","MS","Ladário",23689,14116.4,50001,"Baixo Pantanal",5,"Centro-oeste",1,"500520",2,42,10,32,15,27,0,0,0,0,0,42,10,32,15,27,11,9.55509252103296,10.0727660843581,0.308662837161471,29
"20414","MS","Ladário",23689,14116.4,50001,"Baixo Pantanal",5,"Centro-oeste",1,"500520",3,55,22,33,21,34,0,0,0,0,0,55,22,33,21,34,15,9.55509252103296,10.0727660843581,0.382302545514931,31
"20415","MS","Ladário",23689,14116.4,50001,"Baixo Pantanal",5,"Centro-oeste",1,"500520",4,43,12,31,16,27,0,0,0,0,0,43,12,31,16,27,9,9.55509252103296,10.0727660843581,0.444207117189775,30
"20416","MS","Ladário",23689,14116.4,50001,"Baixo Pantanal",5,"Centro-oeste",1,"500520",5,36,19,17,18,18,0,0,0,0,0,36,19,17,18,18,12,9.55509252103296,10.0727660843581,0.435675520216268,31
"20417","MS","Ladário",23689,14116.4,50001,"Baixo Pantanal",5,"Centro-oeste",1,"500520",6,39,14,25,22,17,0,0,0,0,0,39,14,25,22,17,8,9.55509252103296,10.0727660843581,0.430019253935044,30
"20418","MS","Ladário",23689,14116.4,50001,"Baixo Pantanal",5,"Centro-oeste",1,"500520",7,42,20,22,16,26,0,0,0,0,0,42,20,22,16,26,15,9.55509252103296,10.0727660843581,0.419366997712516,29
"20419","MS","Maracaju",48022,63625,50010,"Dourados",5,"Centro-oeste",1,"500540",2,103,24,79,34,69,0,0,0,0,0,103,24,79,34,69,12,11.0607617538528,10.7794145182207,0.312018417552216,29
"20420","MS","Maracaju",48022,63625,50010,"Dourados",5,"Centro-oeste",1,"500540",3,106,24,82,43,63,2,0,0,0,0,108,24,82,43,63,16,11.0607617538528,10.7794145182207,0.38881114551282,31
"20421","MS","Maracaju",48022,63625,50010,"Dourados",5,"Centro-oeste",1,"500540",4,72,19,53,32,40,0,0,0,0,0,72,19,53,32,40,14,11.0607617538528,10.7794145182207,0.4009297692723,30
"20422","MS","Maracaju",48022,63625,50010,"Dourados",5,"Centro-oeste",1,"500540",5,58,19,39,25,33,0,0,0,0,0,58,19,39,25,33,21,11.0607617538528,10.7794145182207,0.391753383031058,31
"20423","MS","Maracaju",48022,63625,50010,"Dourados",5,"Centro-oeste",1,"500540",6,68,16,52,30,38,1,0,0,0,0,69,16,52,30,38,15,11.0607617538528,10.7794145182207,0.38920637681244,30
"20424","MS","Maracaju",48022,63625,50010,"Dourados",5,"Centro-oeste",1,"500540",7,69,20,49,26,43,0,0,0,0,0,69,20,49,26,43,19,11.0607617538528,10.7794145182207,0.384806731295705,29
"20425","MS","Miranda",28220,18019.95,50002,"Aquidauana",5,"Centro-oeste",0,"500560",2,56,25,31,29,27,0,0,0,0,0,56,25,31,29,27,13,9.7992347564637,10.2477862254068,0.297484159823332,29
"20426","MS","Miranda",28220,18019.95,50002,"Aquidauana",5,"Centro-oeste",0,"500560",3,68,26,42,29,39,0,0,0,0,0,68,26,42,29,39,10,9.7992347564637,10.2477862254068,0.36220951368504,31
"20427","MS","Miranda",28220,18019.95,50002,"Aquidauana",5,"Centro-oeste",0,"500560",4,51,23,28,24,27,1,0,0,0,0,52,23,28,24,27,7,9.7992347564637,10.2477862254068,0.404393289771932,30
"20428","MS","Miranda",28220,18019.95,50002,"Aquidauana",5,"Centro-oeste",0,"500560",5,47,21,26,26,21,1,0,0,0,0,48,21,26,26,21,15,9.7992347564637,10.2477862254068,0.403023926888154,31
"20429","MS","Miranda",28220,18019.95,50002,"Aquidauana",5,"Centro-oeste",0,"500560",6,42,17,25,21,21,1,0,0,0,0,43,17,25,21,21,11,9.7992347564637,10.2477862254068,0.39857547275596,30
"20430","MS","Miranda",28220,18019.95,50002,"Aquidauana",5,"Centro-oeste",0,"500560",7,51,28,23,28,23,1,0,0,0,0,52,28,23,28,23,16,9.7992347564637,10.2477862254068,0.393165911216057,29
"20431","MS","Mundo Novo",18473,28415.19,50011,"Iguatemi",5,"Centro-oeste",1,"500568",2,37,14,23,13,24,0,0,0,0,0,37,14,23,13,24,10,10.2546791403181,9.82406548555864,0.331080691599488,29
"20432","MS","Mundo Novo",18473,28415.19,50011,"Iguatemi",5,"Centro-oeste",1,"500568",3,31,14,17,9,22,0,0,0,0,0,31,14,17,9,22,8,10.2546791403181,9.82406548555864,0.405735836824816,31
"20433","MS","Mundo Novo",18473,28415.19,50011,"Iguatemi",5,"Centro-oeste",1,"500568",4,25,10,15,9,16,0,0,0,0,0,25,10,15,9,16,12,10.2546791403181,9.82406548555864,0.444537653562021,30
"20434","MS","Mundo Novo",18473,28415.19,50011,"Iguatemi",5,"Centro-oeste",1,"500568",5,14,7,7,7,7,0,0,0,0,0,14,7,7,7,7,17,10.2546791403181,9.82406548555864,0.422094481602054,31
"20435","MS","Mundo Novo",18473,28415.19,50011,"Iguatemi",5,"Centro-oeste",1,"500568",6,41,17,24,15,26,1,0,0,0,0,42,17,24,15,26,16,10.2546791403181,9.82406548555864,0.425498862342375,30
"20436","MS","Mundo Novo",18473,28415.19,50011,"Iguatemi",5,"Centro-oeste",1,"500568",7,24,5,19,12,12,0,0,0,0,0,24,5,19,12,12,17,10.2546791403181,9.82406548555864,0.420459983795614,29
"20437","MS","Naviraí",55689,34043.66,50011,"Iguatemi",5,"Centro-oeste",1,"500570",2,79,25,54,28,51,0,0,0,0,0,79,25,54,28,51,14,10.4353990974714,10.9275379198773,0.318460545527541,29
"20438","MS","Naviraí",55689,34043.66,50011,"Iguatemi",5,"Centro-oeste",1,"500570",3,84,31,53,23,61,1,0,0,0,0,85,31,53,23,61,29,10.4353990974714,10.9275379198773,0.388493347113015,31
"20439","MS","Naviraí",55689,34043.66,50011,"Iguatemi",5,"Centro-oeste",1,"500570",4,91,35,56,40,51,1,0,0,0,0,92,35,56,40,51,27,10.4353990974714,10.9275379198773,0.42126445794293,30
"20440","MS","Naviraí",55689,34043.66,50011,"Iguatemi",5,"Centro-oeste",1,"500570",5,76,21,55,33,43,0,0,0,0,0,76,21,55,33,43,26,10.4353990974714,10.9275379198773,0.398042834113517,31
"20441","MS","Naviraí",55689,34043.66,50011,"Iguatemi",5,"Centro-oeste",1,"500570",6,72,22,50,27,45,3,0,0,0,0,75,22,50,27,45,33,10.4353990974714,10.9275379198773,0.392336591492393,30
"20442","MS","Naviraí",55689,34043.66,50011,"Iguatemi",5,"Centro-oeste",1,"500570",7,79,21,58,42,37,0,0,0,0,0,79,21,58,42,37,37,10.4353990974714,10.9275379198773,0.399924284823541,29
"20443","MS","Nioaque",13862,19873.37,50009,"Bodoquena",5,"Centro-oeste",0,"500580",2,28,8,20,13,15,0,0,0,0,0,28,8,20,13,15,7,9.8971359235807,9.53690656247793,0.32686481810057,29
"20444","MS","Nioaque",13862,19873.37,50009,"Bodoquena",5,"Centro-oeste",0,"500580",3,18,4,14,8,10,0,0,0,0,0,18,4,14,8,10,9,9.8971359235807,9.53690656247793,0.376954025610255,31
"20445","MS","Nioaque",13862,19873.37,50009,"Bodoquena",5,"Centro-oeste",0,"500580",4,15,3,12,9,6,0,0,0,0,0,15,3,12,9,6,4,9.8971359235807,9.53690656247793,0.409399236369879,30
"20446","MS","Nioaque",13862,19873.37,50009,"Bodoquena",5,"Centro-oeste",0,"500580",5,15,7,8,5,10,2,0,0,0,0,17,7,8,5,10,2,9.8971359235807,9.53690656247793,0.444697049391272,31
"20447","MS","Nioaque",13862,19873.37,50009,"Bodoquena",5,"Centro-oeste",0,"500580",6,14,3,11,7,7,1,0,0,0,0,15,3,11,7,7,5,9.8971359235807,9.53690656247793,0.411626392442452,30
"20448","MS","Nioaque",13862,19873.37,50009,"Bodoquena",5,"Centro-oeste",0,"500580",7,24,7,17,6,18,0,0,0,0,0,24,7,17,6,18,5,9.8971359235807,9.53690656247793,0.450257193524057,29
"20449","MS","Nova Alvorada do Sul",22430,70084.08,50010,"Dourados",5,"Centro-oeste",0,"500600",2,27,6,21,10,17,0,0,0,0,0,27,6,21,10,17,4,11.1574509430937,10.0181546275143,0.322865248736054,29
"20450","MS","Nova Alvorada do Sul",22430,70084.08,50010,"Dourados",5,"Centro-oeste",0,"500600",3,49,19,30,24,25,1,0,0,0,0,50,19,30,24,25,9,11.1574509430937,10.0181546275143,0.372368643747203,31
"20451","MS","Nova Alvorada do Sul",22430,70084.08,50010,"Dourados",5,"Centro-oeste",0,"500600",4,29,10,19,17,12,0,0,0,0,0,29,10,19,17,12,7,11.1574509430937,10.0181546275143,0.390426542596531,30
"20452","MS","Nova Alvorada do Sul",22430,70084.08,50010,"Dourados",5,"Centro-oeste",0,"500600",5,37,13,24,12,25,0,0,0,0,0,37,13,24,12,25,7,11.1574509430937,10.0181546275143,0.384330509691381,31
"20453","MS","Nova Alvorada do Sul",22430,70084.08,50010,"Dourados",5,"Centro-oeste",0,"500600",6,32,14,18,13,19,0,0,0,0,0,32,14,18,13,19,7,11.1574509430937,10.0181546275143,0.390300700309476,30
"20454","MS","Nova Alvorada do Sul",22430,70084.08,50010,"Dourados",5,"Centro-oeste",0,"500600",7,34,10,24,15,19,0,0,0,0,0,34,10,24,15,19,10,11.1574509430937,10.0181546275143,0.409624657076247,29
"20455","MS","Nova Andradina",55224,39155.93,50008,"Nova Andradina",5,"Centro-oeste",1,"500620",2,103,23,80,38,65,0,0,0,0,0,103,23,80,38,65,28,10.5753071586588,10.9191529203833,0.312444336600741,29
"20456","MS","Nova Andradina",55224,39155.93,50008,"Nova Andradina",5,"Centro-oeste",1,"500620",3,86,18,68,38,48,0,0,0,0,0,86,18,68,38,48,17,10.5753071586588,10.9191529203833,0.384989572934277,31
"20457","MS","Nova Andradina",55224,39155.93,50008,"Nova Andradina",5,"Centro-oeste",1,"500620",4,67,17,50,26,41,1,0,0,0,0,68,17,50,26,41,22,10.5753071586588,10.9191529203833,0.428079853341788,30
"20458","MS","Nova Andradina",55224,39155.93,50008,"Nova Andradina",5,"Centro-oeste",1,"500620",5,57,13,44,18,39,0,0,0,0,0,57,13,44,18,39,20,10.5753071586588,10.9191529203833,0.402249629106589,31
"20459","MS","Nova Andradina",55224,39155.93,50008,"Nova Andradina",5,"Centro-oeste",1,"500620",6,71,21,50,28,43,0,0,0,0,0,71,21,50,28,43,23,10.5753071586588,10.9191529203833,0.394508457767617,30
"20460","MS","Nova Andradina",55224,39155.93,50008,"Nova Andradina",5,"Centro-oeste",1,"500620",7,58,19,39,22,36,0,0,0,0,0,58,19,39,22,36,31,10.5753071586588,10.9191529203833,0.386284102494281,29
"20461","MS","Paranaíba",42276,31363.89,50006,"Paranaíba",5,"Centro-oeste",1,"500630",2,68,11,57,25,43,0,0,0,0,0,68,11,57,25,43,28,10.3534125101389,10.6519748281292,0.308579593840083,29
"20462","MS","Paranaíba",42276,31363.89,50006,"Paranaíba",5,"Centro-oeste",1,"500630",3,64,15,49,21,43,0,0,0,0,0,64,15,49,21,43,37,10.3534125101389,10.6519748281292,0.385090052119834,31
"20463","MS","Paranaíba",42276,31363.89,50006,"Paranaíba",5,"Centro-oeste",1,"500630",4,65,15,50,29,36,1,0,0,0,0,66,15,50,29,36,36,10.3534125101389,10.6519748281292,0.429718019837361,30
"20464","MS","Paranaíba",42276,31363.89,50006,"Paranaíba",5,"Centro-oeste",1,"500630",5,43,18,25,23,20,0,0,0,0,0,43,18,25,23,20,23,10.3534125101389,10.6519748281292,0.402545774414742,31
"20465","MS","Paranaíba",42276,31363.89,50006,"Paranaíba",5,"Centro-oeste",1,"500630",6,39,12,27,13,26,1,0,0,0,0,40,12,27,13,26,16,10.3534125101389,10.6519748281292,0.398268789205086,30
"20466","MS","Paranaíba",42276,31363.89,50006,"Paranaíba",5,"Centro-oeste",1,"500630",7,41,18,23,16,25,2,0,0,0,0,43,18,23,16,25,29,10.3534125101389,10.6519748281292,0.403357265402334,29
"20467","MS","Ponta Porã",93937,33619.11,50010,"Dourados",5,"Centro-oeste",1,"500660",2,208,78,130,87,121,0,0,0,0,0,208,78,130,87,121,49,10.4228499342743,11.4503796237932,0.332806793184104,29
"20468","MS","Ponta Porã",93937,33619.11,50010,"Dourados",5,"Centro-oeste",1,"500660",3,198,71,127,91,107,4,0,0,0,0,202,71,127,91,107,58,10.4228499342743,11.4503796237932,0.447156760238129,31
"20469","MS","Ponta Porã",93937,33619.11,50010,"Dourados",5,"Centro-oeste",1,"500660",4,136,44,92,59,77,0,0,0,0,0,136,44,92,59,77,46,10.4228499342743,11.4503796237932,0.468150129415069,30
"20470","MS","Ponta Porã",93937,33619.11,50010,"Dourados",5,"Centro-oeste",1,"500660",5,140,58,82,70,70,4,0,0,0,0,144,58,82,70,70,50,10.4228499342743,11.4503796237932,0.437090636396412,31
"20471","MS","Ponta Porã",93937,33619.11,50010,"Dourados",5,"Centro-oeste",1,"500660",6,160,57,103,71,89,0,0,0,0,0,160,57,103,71,89,51,10.4228499342743,11.4503796237932,0.430028276401449,30
"20472","MS","Ponta Porã",93937,33619.11,50010,"Dourados",5,"Centro-oeste",1,"500660",7,164,77,87,63,101,0,0,0,0,0,164,77,87,63,101,58,10.4228499342743,11.4503796237932,0.432505087005547,29
"20473","MS","Porto Murtinho",17298,20154.55,50001,"Baixo Pantanal",5,"Centro-oeste",0,"500690",2,24,11,13,12,12,0,0,0,0,0,24,11,13,12,12,10,9.911185348336,9.75834616686646,0.300346486706495,29
"20474","MS","Porto Murtinho",17298,20154.55,50001,"Baixo Pantanal",5,"Centro-oeste",0,"500690",3,30,14,16,16,14,0,0,0,0,0,30,14,16,16,14,10,9.911185348336,9.75834616686646,0.380835967876903,31
"20475","MS","Porto Murtinho",17298,20154.55,50001,"Baixo Pantanal",5,"Centro-oeste",0,"500690",4,24,11,13,9,15,0,0,0,0,0,24,11,13,9,15,4,9.911185348336,9.75834616686646,0.364427293477365,30
"20476","MS","Porto Murtinho",17298,20154.55,50001,"Baixo Pantanal",5,"Centro-oeste",0,"500690",5,24,12,12,14,10,0,0,0,0,0,24,12,12,14,10,1,9.911185348336,9.75834616686646,0.405219848527101,31
"20477","MS","Porto Murtinho",17298,20154.55,50001,"Baixo Pantanal",5,"Centro-oeste",0,"500690",6,23,10,13,14,9,0,0,0,0,0,23,10,13,14,9,4,9.911185348336,9.75834616686646,0.403191687355521,30
"20478","MS","Porto Murtinho",17298,20154.55,50001,"Baixo Pantanal",5,"Centro-oeste",0,"500690",7,24,10,14,14,10,0,0,0,0,0,24,10,14,14,10,4,9.911185348336,9.75834616686646,0.408854871409145,29
"20479","MS","Ribas do Rio Pardo",24966,35805.33,50007,"Três Lagoas",5,"Centro-oeste",0,"500710",2,49,16,33,26,23,0,0,0,0,0,49,16,33,26,23,4,10.4858520439884,10.125270178211,0.311602147578162,29
"20480","MS","Ribas do Rio Pardo",24966,35805.33,50007,"Três Lagoas",5,"Centro-oeste",0,"500710",3,51,18,33,21,30,0,0,0,0,0,51,18,33,21,30,4,10.4858520439884,10.125270178211,0.38081357637497,31
"20481","MS","Ribas do Rio Pardo",24966,35805.33,50007,"Três Lagoas",5,"Centro-oeste",0,"500710",4,48,21,27,29,19,0,0,0,0,0,48,21,27,29,19,9,10.4858520439884,10.125270178211,0.4131654555567,30
"20482","MS","Ribas do Rio Pardo",24966,35805.33,50007,"Três Lagoas",5,"Centro-oeste",0,"500710",5,31,10,21,14,17,0,0,0,0,0,31,10,21,14,17,19,10.4858520439884,10.125270178211,0.436930422792902,31
"20483","MS","Ribas do Rio Pardo",24966,35805.33,50007,"Três Lagoas",5,"Centro-oeste",0,"500710",6,25,11,14,13,12,0,0,0,0,0,25,11,14,13,12,9,10.4858520439884,10.125270178211,0.401586975313999,30
"20484","MS","Ribas do Rio Pardo",24966,35805.33,50007,"Três Lagoas",5,"Centro-oeste",0,"500710",7,24,8,16,3,21,0,0,0,0,0,24,8,16,3,21,11,10.4858520439884,10.125270178211,0.41718329640553,29
"20485","MS","Rio Brilhante",38186,62329.23,50010,"Dourados",5,"Centro-oeste",0,"500720",2,81,21,60,25,56,0,0,0,0,0,81,21,60,25,56,16,11.0401857761248,10.5502242352734,0.325402521953117,29
"20486","MS","Rio Brilhante",38186,62329.23,50010,"Dourados",5,"Centro-oeste",0,"500720",3,69,23,46,28,41,0,0,0,0,0,69,23,46,28,41,15,11.0401857761248,10.5502242352734,0.383317985011926,31
"20487","MS","Rio Brilhante",38186,62329.23,50010,"Dourados",5,"Centro-oeste",0,"500720",4,57,23,34,30,27,1,0,0,0,0,58,23,34,30,27,11,11.0401857761248,10.5502242352734,0.401406522752011,30
"20488","MS","Rio Brilhante",38186,62329.23,50010,"Dourados",5,"Centro-oeste",0,"500720",5,60,29,31,25,35,0,0,0,0,0,60,29,31,25,35,14,11.0401857761248,10.5502242352734,0.41821487921178,31
"20489","MS","Rio Brilhante",38186,62329.23,50010,"Dourados",5,"Centro-oeste",0,"500720",6,58,19,39,30,28,0,0,0,0,0,58,19,39,30,28,15,11.0401857761248,10.5502242352734,0.418451142164898,30
"20490","MS","Rio Brilhante",38186,62329.23,50010,"Dourados",5,"Centro-oeste",0,"500720",7,51,20,31,24,27,0,0,0,0,0,51,20,31,24,27,16,11.0401857761248,10.5502242352734,0.406595189950043,29
"20491","MS","Rio Verde de Mato Grosso",19973,23783.19,50003,"Alto Taquari",5,"Centro-oeste",1,"500740",2,39,21,18,18,21,0,0,0,0,0,39,21,18,18,21,10,10.0767343075894,9.90213664046517,0.267314769932799,29
"20492","MS","Rio Verde de Mato Grosso",19973,23783.19,50003,"Alto Taquari",5,"Centro-oeste",1,"500740",3,53,20,33,21,32,2,0,0,0,0,55,20,33,21,32,10,10.0767343075894,9.90213664046517,0.332168080277562,31
"20493","MS","Rio Verde de Mato Grosso",19973,23783.19,50003,"Alto Taquari",5,"Centro-oeste",1,"500740",4,28,6,22,15,13,0,0,0,0,0,28,6,22,15,13,11,10.0767343075894,9.90213664046517,0.355774989924117,30
"20494","MS","Rio Verde de Mato Grosso",19973,23783.19,50003,"Alto Taquari",5,"Centro-oeste",1,"500740",5,30,10,20,16,14,1,0,0,0,0,31,10,20,16,14,15,10.0767343075894,9.90213664046517,0.3614090915212,31
"20495","MS","Rio Verde de Mato Grosso",19973,23783.19,50003,"Alto Taquari",5,"Centro-oeste",1,"500740",6,22,9,13,12,10,2,0,0,0,0,24,9,13,12,10,9,10.0767343075894,9.90213664046517,0.34004042061983,30
"20496","MS","Rio Verde de Mato Grosso",19973,23783.19,50003,"Alto Taquari",5,"Centro-oeste",1,"500740",7,32,18,14,17,15,1,0,0,0,0,33,18,14,17,15,13,10.0767343075894,9.90213664046517,0.347039408031198,29
"20497","MS","Rochedo",5079,32574.38,50004,"Campo Grande",5,"Centro-oeste",0,"500750",2,10,4,6,2,8,0,0,0,0,0,10,4,6,2,8,3,10.3912813688111,8.53286967080125,0.306585319839614,29
"20498","MS","Rochedo",5079,32574.38,50004,"Campo Grande",5,"Centro-oeste",0,"500750",3,8,4,4,7,1,0,0,0,0,0,8,4,4,7,1,2,10.3912813688111,8.53286967080125,0.38770756624213,31
"20499","MS","Rochedo",5079,32574.38,50004,"Campo Grande",5,"Centro-oeste",0,"500750",4,6,1,5,2,4,0,0,0,0,0,6,1,5,2,4,3,10.3912813688111,8.53286967080125,0.438059352247885,30
"20500","MS","Rochedo",5079,32574.38,50004,"Campo Grande",5,"Centro-oeste",0,"500750",5,7,2,5,2,5,0,0,0,0,0,7,2,5,2,5,2,10.3912813688111,8.53286967080125,0.412714400558666,31
"20501","MS","Rochedo",5079,32574.38,50004,"Campo Grande",5,"Centro-oeste",0,"500750",6,7,2,5,1,6,0,0,0,0,0,7,2,5,1,6,3,10.3912813688111,8.53286967080125,0.414736417880606,30
"20502","MS","Rochedo",5079,32574.38,50004,"Campo Grande",5,"Centro-oeste",0,"500750",7,6,2,4,4,2,0,0,0,0,0,6,2,4,4,2,1,10.3912813688111,8.53286967080125,0.448294298575591,29
"20503","MS","São Gabriel do Oeste",27221,64330.57,50003,"Alto Taquari",5,"Centro-oeste",1,"500769",2,55,17,38,24,31,0,0,0,0,0,55,17,38,24,31,6,11.0717902249285,10.2117440132235,0.304642624041786,29
"20504","MS","São Gabriel do Oeste",27221,64330.57,50003,"Alto Taquari",5,"Centro-oeste",1,"500769",3,68,19,49,25,43,0,0,0,0,0,68,19,49,25,43,12,11.0717902249285,10.2117440132235,0.368397771819662,31
"20505","MS","São Gabriel do Oeste",27221,64330.57,50003,"Alto Taquari",5,"Centro-oeste",1,"500769",4,52,18,34,25,27,0,0,0,0,0,52,18,34,25,27,8,11.0717902249285,10.2117440132235,0.383742986935444,30
"20506","MS","São Gabriel do Oeste",27221,64330.57,50003,"Alto Taquari",5,"Centro-oeste",1,"500769",5,47,12,35,22,25,0,0,0,0,0,47,12,35,22,25,8,11.0717902249285,10.2117440132235,0.380589317263997,31
"20507","MS","São Gabriel do Oeste",27221,64330.57,50003,"Alto Taquari",5,"Centro-oeste",1,"500769",6,38,14,24,13,25,0,0,0,0,0,38,14,24,13,25,6,11.0717902249285,10.2117440132235,0.375262766936811,30
"20508","MS","São Gabriel do Oeste",27221,64330.57,50003,"Alto Taquari",5,"Centro-oeste",1,"500769",7,35,5,30,11,24,0,0,0,0,0,35,5,30,11,24,11,11.0717902249285,10.2117440132235,0.419927084857597,29
"20509","MS","Sidrolândia",59245,38621.63,50004,"Campo Grande",5,"Centro-oeste",1,"500790",2,85,25,60,32,53,0,0,0,0,0,85,25,60,32,53,13,10.5615677612027,10.9894366672508,0.32554994724794,29
"20510","MS","Sidrolândia",59245,38621.63,50004,"Campo Grande",5,"Centro-oeste",1,"500790",3,102,35,67,51,51,1,0,0,0,0,103,35,67,51,51,20,10.5615677612027,10.9894366672508,0.391066766727465,31
"20511","MS","Sidrolândia",59245,38621.63,50004,"Campo Grande",5,"Centro-oeste",1,"500790",4,68,20,48,26,42,1,0,0,0,0,69,20,48,26,42,21,10.5615677612027,10.9894366672508,0.406322030295646,30
"20512","MS","Sidrolândia",59245,38621.63,50004,"Campo Grande",5,"Centro-oeste",1,"500790",5,79,18,61,41,38,1,0,0,0,0,80,18,61,41,38,23,10.5615677612027,10.9894366672508,0.421575684785287,31
"20513","MS","Sidrolândia",59245,38621.63,50004,"Campo Grande",5,"Centro-oeste",1,"500790",6,73,25,48,32,41,1,0,0,0,0,74,25,48,32,41,21,10.5615677612027,10.9894366672508,0.401662657500049,30
"20514","MS","Sidrolândia",59245,38621.63,50004,"Campo Grande",5,"Centro-oeste",1,"500790",7,50,12,38,22,28,0,0,0,0,0,50,12,38,22,28,30,10.5615677612027,10.9894366672508,0.407594347348759,29
"20515","MS","Sonora",19721,37941.82,50003,"Alto Taquari",5,"Centro-oeste",1,"500793",2,35,11,24,13,22,0,0,0,0,0,35,11,24,13,22,8,10.5438092128182,9.88943933681007,0.318509474919347,29
"20516","MS","Sonora",19721,37941.82,50003,"Alto Taquari",5,"Centro-oeste",1,"500793",3,49,13,36,20,29,0,0,0,0,0,49,13,36,20,29,8,10.5438092128182,9.88943933681007,0.364482237092692,31
"20517","MS","Sonora",19721,37941.82,50003,"Alto Taquari",5,"Centro-oeste",1,"500793",4,18,8,10,10,8,0,0,0,0,0,18,8,10,10,8,6,10.5438092128182,9.88943933681007,0.393348331817542,30
"20518","MS","Sonora",19721,37941.82,50003,"Alto Taquari",5,"Centro-oeste",1,"500793",5,21,6,15,8,13,1,0,0,0,0,22,6,15,8,13,4,10.5438092128182,9.88943933681007,0.383528534082047,31
"20519","MS","Sonora",19721,37941.82,50003,"Alto Taquari",5,"Centro-oeste",1,"500793",6,13,6,7,6,7,0,0,0,0,0,13,6,7,6,7,7,10.5438092128182,9.88943933681007,0.354882562356213,30
"20520","MS","Sonora",19721,37941.82,50003,"Alto Taquari",5,"Centro-oeste",1,"500793",7,21,7,14,10,11,0,0,0,0,0,21,7,14,10,11,5,10.5438092128182,9.88943933681007,0.372335467385249,29
"20521","MS","Terenos",22269,24177.1,50004,"Campo Grande",5,"Centro-oeste",0,"500800",2,18,9,9,3,15,0,0,0,0,0,18,9,9,3,15,9,10.0931611831465,10.0109508557857,0.289024370991245,29
"20522","MS","Terenos",22269,24177.1,50004,"Campo Grande",5,"Centro-oeste",0,"500800",3,23,5,18,8,15,0,0,0,0,0,23,5,18,8,15,8,10.0931611831465,10.0109508557857,0.366312785243174,31
"20523","MS","Terenos",22269,24177.1,50004,"Campo Grande",5,"Centro-oeste",0,"500800",4,21,3,18,9,12,0,0,0,0,0,21,3,18,9,12,4,10.0931611831465,10.0109508557857,0.401609041898907,30
"20524","MS","Terenos",22269,24177.1,50004,"Campo Grande",5,"Centro-oeste",0,"500800",5,23,9,14,11,12,0,0,0,0,0,23,9,14,11,12,11,10.0931611831465,10.0109508557857,0.420905563732369,31
"20525","MS","Terenos",22269,24177.1,50004,"Campo Grande",5,"Centro-oeste",0,"500800",6,18,4,14,7,11,0,0,0,0,0,18,4,14,7,11,10,10.0931611831465,10.0109508557857,0.412143832947861,30
"20526","MS","Terenos",22269,24177.1,50004,"Campo Grande",5,"Centro-oeste",0,"500800",7,16,3,13,6,10,0,0,0,0,0,16,3,13,6,10,13,10.0931611831465,10.0109508557857,0.452350764962439,29
"20527","MS","Três Lagoas",123281,96639.64,50007,"Três Lagoas",5,"Centro-oeste",1,"500830",2,280,57,223,109,171,0,0,0,0,0,280,57,223,109,171,55,11.4787442879961,11.7222215815769,0.323457188548093,29
"20528","MS","Três Lagoas",123281,96639.64,50007,"Três Lagoas",5,"Centro-oeste",1,"500830",3,306,52,254,130,176,1,0,0,0,0,307,52,254,130,176,64,11.4787442879961,11.7222215815769,0.402163827948467,31
"20529","MS","Três Lagoas",123281,96639.64,50007,"Três Lagoas",5,"Centro-oeste",1,"500830",4,165,33,132,63,102,0,0,0,0,0,165,33,132,63,102,69,11.4787442879961,11.7222215815769,0.45452051292524,30
"20530","MS","Três Lagoas",123281,96639.64,50007,"Três Lagoas",5,"Centro-oeste",1,"500830",5,186,58,128,63,123,1,0,0,0,0,187,58,128,63,123,59,11.4787442879961,11.7222215815769,0.428120925686343,31
"20531","MS","Três Lagoas",123281,96639.64,50007,"Três Lagoas",5,"Centro-oeste",1,"500830",6,186,55,131,69,117,2,0,0,0,0,188,55,131,69,117,41,11.4787442879961,11.7222215815769,0.407484105093843,30
"20532","MS","Três Lagoas",123281,96639.64,50007,"Três Lagoas",5,"Centro-oeste",1,"500830",7,154,36,118,54,100,2,0,0,0,0,156,36,118,54,100,59,11.4787442879961,11.7222215815769,0.398608802934353,29
"20533","MT","Acorizal",5334,14351.88,51016,"Rosário Oeste",5,"Centro-oeste",0,"510010",2,7,0,7,3,4,0,0,0,0,0,7,0,7,3,4,1,9.57163622305961,8.58185670474196,0.303485792069957,29
"20534","MT","Acorizal",5334,14351.88,51016,"Rosário Oeste",5,"Centro-oeste",0,"510010",3,6,1,5,3,3,0,0,0,0,0,6,1,5,3,3,2,9.57163622305961,8.58185670474196,0.375800847390246,31
"20535","MT","Acorizal",5334,14351.88,51016,"Rosário Oeste",5,"Centro-oeste",0,"510010",4,3,0,3,3,0,0,0,0,0,0,3,0,3,3,0,3,9.57163622305961,8.58185670474196,0.374005494992828,30
"20536","MT","Acorizal",5334,14351.88,51016,"Rosário Oeste",5,"Centro-oeste",0,"510010",5,3,0,3,1,2,0,0,0,0,0,3,0,3,1,2,4,9.57163622305961,8.58185670474196,0.375054126275832,31
"20537","MT","Acorizal",5334,14351.88,51016,"Rosário Oeste",5,"Centro-oeste",0,"510010",6,5,0,5,3,2,0,0,0,0,0,5,0,5,3,2,5,9.57163622305961,8.58185670474196,0.40433774475369,30
"20538","MT","Acorizal",5334,14351.88,51016,"Rosário Oeste",5,"Centro-oeste",0,"510010",7,3,0,3,1,2,0,0,0,0,0,3,0,3,1,2,7,9.57163622305961,8.58185670474196,0.407536730762058,29
"20539","MT","Água Boa",26204,43513.27,51010,"Canarana",5,"Centro-oeste",1,"510020",2,53,11,42,23,30,0,0,0,0,0,53,11,42,23,30,9,10.6808212280275,10.1736673498518,0.307900787320179,29
"20540","MT","Água Boa",26204,43513.27,51010,"Canarana",5,"Centro-oeste",1,"510020",3,64,15,49,37,27,0,0,0,0,0,64,15,49,37,27,11,10.6808212280275,10.1736673498518,0.367066938649756,31
"20541","MT","Água Boa",26204,43513.27,51010,"Canarana",5,"Centro-oeste",1,"510020",4,47,11,36,20,27,0,0,0,0,0,47,11,36,20,27,9,10.6808212280275,10.1736673498518,0.391845934207996,30
"20542","MT","Água Boa",26204,43513.27,51010,"Canarana",5,"Centro-oeste",1,"510020",5,33,3,30,14,19,0,0,0,0,0,33,3,30,14,19,13,10.6808212280275,10.1736673498518,0.386851266707791,31
"20543","MT","Água Boa",26204,43513.27,51010,"Canarana",5,"Centro-oeste",1,"510020",6,45,8,37,23,22,0,0,0,0,0,45,8,37,23,22,13,10.6808212280275,10.1736673498518,0.373964784217668,30
"20544","MT","Água Boa",26204,43513.27,51010,"Canarana",5,"Centro-oeste",1,"510020",7,36,7,29,14,22,0,0,0,0,0,36,7,29,14,22,10,10.6808212280275,10.1736673498518,0.386171686886053,29
"20545","MT","Alta Floresta",51959,28252.43,51002,"Alta Floresta",5,"Centro-oeste",1,"510025",2,160,32,128,70,90,0,0,0,0,0,160,32,128,70,90,22,10.2489347505744,10.8582102250258,0.336448755556016,29
"20546","MT","Alta Floresta",51959,28252.43,51002,"Alta Floresta",5,"Centro-oeste",1,"510025",3,105,15,90,29,76,0,0,0,0,0,105,15,90,29,76,28,10.2489347505744,10.8582102250258,0.421574953910824,31
"20547","MT","Alta Floresta",51959,28252.43,51002,"Alta Floresta",5,"Centro-oeste",1,"510025",4,80,14,66,40,40,0,0,0,0,0,80,14,66,40,40,26,10.2489347505744,10.8582102250258,0.439151356824906,30
"20548","MT","Alta Floresta",51959,28252.43,51002,"Alta Floresta",5,"Centro-oeste",1,"510025",5,62,12,50,28,34,0,0,0,0,0,62,12,50,28,34,24,10.2489347505744,10.8582102250258,0.428940752102408,31
"20549","MT","Alta Floresta",51959,28252.43,51002,"Alta Floresta",5,"Centro-oeste",1,"510025",6,80,15,65,22,58,1,0,0,0,0,81,15,65,22,58,29,10.2489347505744,10.8582102250258,0.421253889974892,30
"20550","MT","Alta Floresta",51959,28252.43,51002,"Alta Floresta",5,"Centro-oeste",1,"510025",7,78,14,64,30,48,1,0,0,0,0,79,14,64,30,48,44,10.2489347505744,10.8582102250258,0.424430698781731,29
"20551","MT","Alto Araguaia",19385,48128.57,51022,"Alto Araguaia",5,"Centro-oeste",1,"510030",2,22,4,18,12,10,0,0,0,0,0,22,4,18,12,10,9,10.7816312506569,9.87225485010503,0.265643001660523,29
"20552","MT","Alto Araguaia",19385,48128.57,51022,"Alto Araguaia",5,"Centro-oeste",1,"510030",3,34,6,28,13,21,0,0,0,0,0,34,6,28,13,21,13,10.7816312506569,9.87225485010503,0.319781798562783,31
"20553","MT","Alto Araguaia",19385,48128.57,51022,"Alto Araguaia",5,"Centro-oeste",1,"510030",4,28,2,26,14,14,0,0,0,0,0,28,2,26,14,14,12,10.7816312506569,9.87225485010503,0.361577082428261,30
"20554","MT","Alto Araguaia",19385,48128.57,51022,"Alto Araguaia",5,"Centro-oeste",1,"510030",5,18,3,15,6,12,0,0,0,0,0,18,3,15,6,12,7,10.7816312506569,9.87225485010503,0.372027204978899,31
"20555","MT","Alto Araguaia",19385,48128.57,51022,"Alto Araguaia",5,"Centro-oeste",1,"510030",6,10,3,7,5,5,0,0,0,0,0,10,3,7,5,5,5,10.7816312506569,9.87225485010503,0.349467114584344,30
"20556","MT","Alto Araguaia",19385,48128.57,51022,"Alto Araguaia",5,"Centro-oeste",1,"510030",7,12,4,8,5,7,0,0,0,0,0,12,4,8,5,7,9,10.7816312506569,9.87225485010503,0.396647965215321,29
"20557","MT","Alto Garças",12151,44549.55,51022,"Alto Araguaia",5,"Centro-oeste",0,"510040",2,24,5,19,10,14,0,0,0,0,0,24,5,19,10,14,6,10.7043573318378,9.40516674990861,0.285965398157782,29
"20558","MT","Alto Garças",12151,44549.55,51022,"Alto Araguaia",5,"Centro-oeste",0,"510040",3,23,6,17,8,15,1,0,0,0,0,24,6,17,8,15,6,10.7043573318378,9.40516674990861,0.374069280623316,31
"20559","MT","Alto Garças",12151,44549.55,51022,"Alto Araguaia",5,"Centro-oeste",0,"510040",4,15,4,11,8,7,0,0,0,0,0,15,4,11,8,7,5,10.7043573318378,9.40516674990861,0.34399934581558,30
"20560","MT","Alto Garças",12151,44549.55,51022,"Alto Araguaia",5,"Centro-oeste",0,"510040",5,13,4,9,10,3,0,0,0,0,0,13,4,9,10,3,3,10.7043573318378,9.40516674990861,0.344172802399006,31
"20561","MT","Alto Garças",12151,44549.55,51022,"Alto Araguaia",5,"Centro-oeste",0,"510040",6,9,2,7,1,8,0,0,0,0,0,9,2,7,1,8,6,10.7043573318378,9.40516674990861,0.350816621556234,30
"20562","MT","Alto Garças",12151,44549.55,51022,"Alto Araguaia",5,"Centro-oeste",0,"510040",7,12,3,9,5,7,0,0,0,0,0,12,3,9,5,7,5,10.7043573318378,9.40516674990861,0.369258289983915,29
"20563","MT","Alto Taquari",11133,84436,51022,"Alto Araguaia",5,"Centro-oeste",0,"510060",2,24,6,18,10,14,0,0,0,0,0,24,6,18,10,14,1,11.343749129926,9.31766894972871,0.275746017478474,29
"20564","MT","Alto Taquari",11133,84436,51022,"Alto Araguaia",5,"Centro-oeste",0,"510060",3,27,11,16,15,12,0,0,0,0,0,27,11,16,15,12,2,11.343749129926,9.31766894972871,0.369261378269831,31
"20565","MT","Alto Taquari",11133,84436,51022,"Alto Araguaia",5,"Centro-oeste",0,"510060",4,11,2,9,5,6,0,0,0,0,0,11,2,9,5,6,5,11.343749129926,9.31766894972871,0.375917062800153,30
"20566","MT","Alto Taquari",11133,84436,51022,"Alto Araguaia",5,"Centro-oeste",0,"510060",5,9,0,9,5,4,0,0,0,0,0,9,0,9,5,4,5,11.343749129926,9.31766894972871,0.318318270375453,31
"20567","MT","Alto Taquari",11133,84436,51022,"Alto Araguaia",5,"Centro-oeste",0,"510060",6,9,1,8,6,3,0,0,0,0,0,9,1,8,6,3,4,11.343749129926,9.31766894972871,0.334846382501014,30
"20568","MT","Alto Taquari",11133,84436,51022,"Alto Araguaia",5,"Centro-oeste",0,"510060",7,13,4,9,7,6,0,0,0,0,0,13,4,9,7,6,6,11.343749129926,9.31766894972871,0.340857586473133,29
"20569","MT","Araputanga",16951,27012.05,51014,"Jauru",5,"Centro-oeste",1,"510125",2,31,6,25,9,22,0,0,0,0,0,31,6,25,9,22,8,10.2040383417222,9.73808210811849,0.277772961215852,29
"20570","MT","Araputanga",16951,27012.05,51014,"Jauru",5,"Centro-oeste",1,"510125",3,28,4,24,7,21,0,0,0,0,0,28,4,24,7,21,8,10.2040383417222,9.73808210811849,0.354056699200709,31
"20571","MT","Araputanga",16951,27012.05,51014,"Jauru",5,"Centro-oeste",1,"510125",4,26,6,20,12,14,0,0,0,0,0,26,6,20,12,14,5,10.2040383417222,9.73808210811849,0.364698977977735,30
"20572","MT","Araputanga",16951,27012.05,51014,"Jauru",5,"Centro-oeste",1,"510125",5,26,5,21,11,15,0,0,0,0,0,26,5,21,11,15,10,10.2040383417222,9.73808210811849,0.358415508521491,31
"20573","MT","Araputanga",16951,27012.05,51014,"Jauru",5,"Centro-oeste",1,"510125",6,36,9,27,18,18,0,0,0,0,0,36,9,27,18,18,9,10.2040383417222,9.73808210811849,0.367322402664305,30
"20574","MT","Araputanga",16951,27012.05,51014,"Jauru",5,"Centro-oeste",1,"510125",7,14,0,14,4,10,2,0,0,0,0,16,0,14,4,10,10,10.2040383417222,9.73808210811849,0.381492536577414,29
"20575","MT","Arenápolis",9502,17218.89,51015,"Alto Paraguai",5,"Centro-oeste",1,"510130",2,25,5,20,11,14,0,0,0,0,0,25,5,20,11,14,6,9.75376231597378,9.15925758174687,0.27548925623888,29
"20576","MT","Arenápolis",9502,17218.89,51015,"Alto Paraguai",5,"Centro-oeste",1,"510130",3,26,6,20,13,13,0,0,0,0,0,26,6,20,13,13,13,9.75376231597378,9.15925758174687,0.331930046823214,31
"20577","MT","Arenápolis",9502,17218.89,51015,"Alto Paraguai",5,"Centro-oeste",1,"510130",4,14,2,12,8,6,0,0,0,0,0,14,2,12,8,6,9,9.75376231597378,9.15925758174687,0.355536266810237,30
"20578","MT","Arenápolis",9502,17218.89,51015,"Alto Paraguai",5,"Centro-oeste",1,"510130",5,20,2,18,9,11,0,0,0,0,0,20,2,18,9,11,3,9.75376231597378,9.15925758174687,0.378775850500023,31
"20579","MT","Arenápolis",9502,17218.89,51015,"Alto Paraguai",5,"Centro-oeste",1,"510130",6,10,3,7,3,7,0,0,0,0,0,10,3,7,3,7,8,9.75376231597378,9.15925758174687,0.36031357710388,30
"20580","MT","Arenápolis",9502,17218.89,51015,"Alto Paraguai",5,"Centro-oeste",1,"510130",7,16,7,9,11,5,0,0,0,0,0,16,7,9,11,5,7,9.75376231597378,9.15925758174687,0.348542749497222,29
"20581","MT","Aripuanã",22714,37215.51,51001,"Aripuanã",5,"Centro-oeste",0,"510140",2,28,9,19,12,16,0,0,0,0,0,28,9,19,12,16,12,10.5244808888517,10.0307367534516,0.326926285269514,29
"20582","MT","Aripuanã",22714,37215.51,51001,"Aripuanã",5,"Centro-oeste",0,"510140",3,47,8,39,21,26,0,0,0,0,0,47,8,39,21,26,7,10.5244808888517,10.0307367534516,0.394366887994603,31
"20583","MT","Aripuanã",22714,37215.51,51001,"Aripuanã",5,"Centro-oeste",0,"510140",4,10,2,8,6,4,0,0,0,0,0,10,2,8,6,4,8,10.5244808888517,10.0307367534516,0.394974028206305,30
"20584","MT","Aripuanã",22714,37215.51,51001,"Aripuanã",5,"Centro-oeste",0,"510140",5,8,3,5,3,5,0,0,0,0,0,8,3,5,3,5,12,10.5244808888517,10.0307367534516,0.386112768558021,31
"20585","MT","Aripuanã",22714,37215.51,51001,"Aripuanã",5,"Centro-oeste",0,"510140",6,3,2,1,1,2,0,0,0,0,0,3,2,1,1,2,15,10.5244808888517,10.0307367534516,0.392269069880243,30
"20586","MT","Aripuanã",22714,37215.51,51001,"Aripuanã",5,"Centro-oeste",0,"510140",7,8,1,7,4,4,0,0,0,0,0,8,1,7,4,4,11,10.5244808888517,10.0307367534516,0.406567280326492,29
"20587","MT","Barra do Bugres",35307,38012.13,51013,"Tangará da Serra",5,"Centro-oeste",1,"510170",2,67,10,57,22,45,0,0,0,0,0,67,10,57,22,45,19,10.545660598298,10.4718365235458,0.341778810411807,29
"20588","MT","Barra do Bugres",35307,38012.13,51013,"Tangará da Serra",5,"Centro-oeste",1,"510170",3,60,16,44,30,30,1,0,0,0,0,61,16,44,30,30,18,10.545660598298,10.4718365235458,0.415284949846694,31
"20589","MT","Barra do Bugres",35307,38012.13,51013,"Tangará da Serra",5,"Centro-oeste",1,"510170",4,53,13,40,26,27,0,0,0,0,0,53,13,40,26,27,21,10.545660598298,10.4718365235458,0.459631305716156,30
"20590","MT","Barra do Bugres",35307,38012.13,51013,"Tangará da Serra",5,"Centro-oeste",1,"510170",5,37,7,30,23,14,0,0,0,0,0,37,7,30,23,14,11,10.545660598298,10.4718365235458,0.421569288161728,31
"20591","MT","Barra do Bugres",35307,38012.13,51013,"Tangará da Serra",5,"Centro-oeste",1,"510170",6,42,10,32,25,17,0,0,0,0,0,42,10,32,25,17,16,10.545660598298,10.4718365235458,0.415558527983108,30
"20592","MT","Barra do Bugres",35307,38012.13,51013,"Tangará da Serra",5,"Centro-oeste",1,"510170",7,39,9,30,22,17,1,0,0,0,0,40,9,30,22,17,20,10.545660598298,10.4718365235458,0.428983724995732,29
"20593","MT","Barra do Garças",61135,31280.1,51011,"Médio Araguaia",5,"Centro-oeste",1,"510180",2,171,39,132,68,103,0,0,0,0,0,171,39,132,68,103,29,10.3507373915851,11.0208398125783,0.297126680169232,29
"20594","MT","Barra do Garças",61135,31280.1,51011,"Médio Araguaia",5,"Centro-oeste",1,"510180",3,187,45,142,67,120,0,0,0,0,0,187,45,142,67,120,38,10.3507373915851,11.0208398125783,0.386368151403839,31
"20595","MT","Barra do Garças",61135,31280.1,51011,"Médio Araguaia",5,"Centro-oeste",1,"510180",4,74,19,55,29,45,0,0,0,0,0,74,19,55,29,45,31,10.3507373915851,11.0208398125783,0.422296960923832,30
"20596","MT","Barra do Garças",61135,31280.1,51011,"Médio Araguaia",5,"Centro-oeste",1,"510180",5,94,22,72,42,52,1,0,0,0,0,95,22,72,42,52,38,10.3507373915851,11.0208398125783,0.426636000478229,31
"20597","MT","Barra do Garças",61135,31280.1,51011,"Médio Araguaia",5,"Centro-oeste",1,"510180",6,107,28,79,48,59,2,0,0,0,0,109,28,79,48,59,62,10.3507373915851,11.0208398125783,0.411146101695646,30
"20598","MT","Barra do Garças",61135,31280.1,51011,"Médio Araguaia",5,"Centro-oeste",1,"510180",7,85,18,67,43,42,2,0,0,0,0,87,18,67,43,42,58,10.3507373915851,11.0208398125783,0.417291887525934,29
"20599","MT","Brasnorte",20140,50175.57,51001,"Aripuanã",5,"Centro-oeste",0,"510190",2,38,3,35,21,17,1,0,0,0,0,39,3,35,21,17,4,10.8232835338392,9.91046316627255,0.328285451206619,29
"20600","MT","Brasnorte",20140,50175.57,51001,"Aripuanã",5,"Centro-oeste",0,"510190",3,61,15,46,27,34,0,0,0,0,0,61,15,46,27,34,5,10.8232835338392,9.91046316627255,0.37196035624736,31
"20601","MT","Brasnorte",20140,50175.57,51001,"Aripuanã",5,"Centro-oeste",0,"510190",4,38,11,27,21,17,0,0,0,0,0,38,11,27,21,17,7,10.8232835338392,9.91046316627255,0.381948869481195,30
"20602","MT","Brasnorte",20140,50175.57,51001,"Aripuanã",5,"Centro-oeste",0,"510190",5,19,5,14,11,8,0,0,0,0,0,19,5,14,11,8,7,10.8232835338392,9.91046316627255,0.4306722533617,31
"20603","MT","Brasnorte",20140,50175.57,51001,"Aripuanã",5,"Centro-oeste",0,"510190",6,25,4,21,11,14,1,0,0,0,0,26,4,21,11,14,8,10.8232835338392,9.91046316627255,0.41746054758513,30
"20604","MT","Brasnorte",20140,50175.57,51001,"Aripuanã",5,"Centro-oeste",0,"510190",7,20,4,16,13,7,0,0,0,0,0,20,4,16,13,7,10,10.8232835338392,9.91046316627255,0.440222217916189,29
"20605","MT","Cáceres",94861,20193.53,51018,"Alto Pantanal",5,"Centro-oeste",1,"510250",2,254,48,206,131,123,1,0,0,0,0,255,48,206,131,123,50,9.91311753505354,11.4601679412272,0.302439638007472,29
"20606","MT","Cáceres",94861,20193.53,51018,"Alto Pantanal",5,"Centro-oeste",1,"510250",3,195,44,151,80,115,2,0,0,0,0,197,44,151,80,115,77,9.91311753505354,11.4601679412272,0.376778540811169,31
"20607","MT","Cáceres",94861,20193.53,51018,"Alto Pantanal",5,"Centro-oeste",1,"510250",4,130,23,107,57,73,1,0,0,0,0,131,23,107,57,73,54,9.91311753505354,11.4601679412272,0.430734824956709,30
"20608","MT","Cáceres",94861,20193.53,51018,"Alto Pantanal",5,"Centro-oeste",1,"510250",5,139,30,109,59,80,2,0,0,0,0,141,30,109,59,80,46,9.91311753505354,11.4601679412272,0.409057152806894,31
"20609","MT","Cáceres",94861,20193.53,51018,"Alto Pantanal",5,"Centro-oeste",1,"510250",6,169,28,141,82,87,1,0,0,0,0,170,28,141,82,87,65,9.91311753505354,11.4601679412272,0.433939528912169,30
"20610","MT","Cáceres",94861,20193.53,51018,"Alto Pantanal",5,"Centro-oeste",1,"510250",7,141,24,117,65,76,2,0,0,0,0,143,24,117,65,76,66,9.91311753505354,11.4601679412272,0.44311635188103,29
"20611","MT","Campo Novo do Parecis",36143,104853.39,51004,"Parecis",5,"Centro-oeste",1,"510263",2,110,27,83,41,69,0,0,0,0,0,110,27,83,41,69,16,11.5603183677101,10.4952385712157,0.341509138993182,29
"20612","MT","Campo Novo do Parecis",36143,104853.39,51004,"Parecis",5,"Centro-oeste",1,"510263",3,118,33,85,49,69,0,0,0,0,0,118,33,85,49,69,16,11.5603183677101,10.4952385712157,0.397875669396782,31
"20613","MT","Campo Novo do Parecis",36143,104853.39,51004,"Parecis",5,"Centro-oeste",1,"510263",4,76,26,50,38,38,0,0,0,0,0,76,26,50,38,38,10,11.5603183677101,10.4952385712157,0.402492688538059,30
"20614","MT","Campo Novo do Parecis",36143,104853.39,51004,"Parecis",5,"Centro-oeste",1,"510263",5,67,20,47,17,50,0,0,0,0,0,67,20,47,17,50,8,11.5603183677101,10.4952385712157,0.391453230496636,31
"20615","MT","Campo Novo do Parecis",36143,104853.39,51004,"Parecis",5,"Centro-oeste",1,"510263",6,63,17,46,29,34,0,0,0,0,0,63,17,46,29,34,17,11.5603183677101,10.4952385712157,0.384958731785934,30
"20616","MT","Campo Novo do Parecis",36143,104853.39,51004,"Parecis",5,"Centro-oeste",1,"510263",7,67,16,51,24,43,0,0,0,0,0,67,16,51,24,43,18,11.5603183677101,10.4952385712157,0.420374028228284,29
"20617","MT","Campo Verde",45740,56886.59,51019,"Primavera do Leste",5,"Centro-oeste",0,"510267",2,139,28,111,64,75,0,0,0,0,0,139,28,111,64,75,16,10.9488149157127,10.7307284675768,0.311102901969102,29
"20618","MT","Campo Verde",45740,56886.59,51019,"Primavera do Leste",5,"Centro-oeste",0,"510267",3,125,24,101,49,76,0,0,0,0,0,125,24,101,49,76,21,10.9488149157127,10.7307284675768,0.394188493466211,31
"20619","MT","Campo Verde",45740,56886.59,51019,"Primavera do Leste",5,"Centro-oeste",0,"510267",4,77,12,65,38,39,1,0,0,0,0,78,12,65,38,39,16,10.9488149157127,10.7307284675768,0.411299846079702,30
"20620","MT","Campo Verde",45740,56886.59,51019,"Primavera do Leste",5,"Centro-oeste",0,"510267",5,63,12,51,32,31,0,0,0,0,0,63,12,51,32,31,11,10.9488149157127,10.7307284675768,0.398346038700057,31
"20621","MT","Campo Verde",45740,56886.59,51019,"Primavera do Leste",5,"Centro-oeste",0,"510267",6,76,14,62,30,46,0,0,0,0,0,76,14,62,30,46,22,10.9488149157127,10.7307284675768,0.39954405469044,30
"20622","MT","Campo Verde",45740,56886.59,51019,"Primavera do Leste",5,"Centro-oeste",0,"510267",7,78,13,65,39,39,0,0,0,0,0,78,13,65,39,39,23,10.9488149157127,10.7307284675768,0.401060404512607,29
"20623","MT","Campos de Júlio",7070,206666.65,51004,"Parecis",5,"Centro-oeste",0,"510268",2,10,1,9,5,5,1,0,0,0,0,11,1,9,5,5,0,12.238862387708,8.86361575889062,0.332400611042918,29
"20624","MT","Campos de Júlio",7070,206666.65,51004,"Parecis",5,"Centro-oeste",0,"510268",3,24,4,20,11,13,0,0,0,0,0,24,4,20,11,13,1,12.238862387708,8.86361575889062,0.396302599391157,31
"20625","MT","Campos de Júlio",7070,206666.65,51004,"Parecis",5,"Centro-oeste",0,"510268",4,10,4,6,6,4,0,0,0,0,0,10,4,6,6,4,4,12.238862387708,8.86361575889062,0.414708392330213,30
"20626","MT","Campos de Júlio",7070,206666.65,51004,"Parecis",5,"Centro-oeste",0,"510268",5,13,6,7,4,9,0,0,0,0,0,13,6,7,4,9,4,12.238862387708,8.86361575889062,0.453569681204289,31
"20627","MT","Campos de Júlio",7070,206666.65,51004,"Parecis",5,"Centro-oeste",0,"510268",6,13,3,10,4,9,0,0,0,0,0,13,3,10,4,9,2,12.238862387708,8.86361575889062,0.443641878028297,30
"20628","MT","Campos de Júlio",7070,206666.65,51004,"Parecis",5,"Centro-oeste",0,"510268",7,14,6,8,5,9,0,0,0,0,0,14,6,8,5,9,4,12.238862387708,8.86361575889062,0.452532961272348,29
"20629","MT","Canarana",21842,59701.35,51010,"Canarana",5,"Centro-oeste",0,"510270",2,74,30,44,34,40,0,0,0,0,0,74,30,44,34,40,8,10.9971099121903,9.99159000075767,0.30078177407607,29
"20630","MT","Canarana",21842,59701.35,51010,"Canarana",5,"Centro-oeste",0,"510270",3,78,21,57,34,44,1,0,0,0,0,79,21,57,34,44,12,10.9971099121903,9.99159000075767,0.38311271658304,31
"20631","MT","Canarana",21842,59701.35,51010,"Canarana",5,"Centro-oeste",0,"510270",4,38,11,27,20,18,0,0,0,0,0,38,11,27,20,18,6,10.9971099121903,9.99159000075767,0.389762180701135,30
"20632","MT","Canarana",21842,59701.35,51010,"Canarana",5,"Centro-oeste",0,"510270",5,34,16,18,21,13,0,0,0,0,0,34,16,18,21,13,5,10.9971099121903,9.99159000075767,0.371436884407189,31
"20633","MT","Canarana",21842,59701.35,51010,"Canarana",5,"Centro-oeste",0,"510270",6,37,15,22,15,22,1,0,0,0,0,38,15,22,15,22,9,10.9971099121903,9.99159000075767,0.347277340601465,30
"20634","MT","Canarana",21842,59701.35,51010,"Canarana",5,"Centro-oeste",0,"510270",7,38,14,24,20,18,0,0,0,0,0,38,14,24,20,18,10,10.9971099121903,9.99159000075767,0.353497189514428,29
"20635","MT","Chapada dos Guimarães",19453,37922.51,51017,"Cuiabá",5,"Centro-oeste",0,"510300",2,49,7,42,25,24,0,0,0,0,0,49,7,42,25,24,7,10.5433001461615,9.87575657879782,0.298837634948818,29
"20636","MT","Chapada dos Guimarães",19453,37922.51,51017,"Cuiabá",5,"Centro-oeste",0,"510300",3,30,5,25,10,20,0,0,0,0,0,30,5,25,10,20,9,10.5433001461615,9.87575657879782,0.398124420600452,31
"20637","MT","Chapada dos Guimarães",19453,37922.51,51017,"Cuiabá",5,"Centro-oeste",0,"510300",4,23,4,19,9,14,2,0,0,0,0,25,4,19,9,14,10,10.5433001461615,9.87575657879782,0.454221382839282,30
"20638","MT","Chapada dos Guimarães",19453,37922.51,51017,"Cuiabá",5,"Centro-oeste",0,"510300",5,17,2,15,8,9,0,0,0,0,0,17,2,15,8,9,11,10.5433001461615,9.87575657879782,0.450319544239033,31
"20639","MT","Chapada dos Guimarães",19453,37922.51,51017,"Cuiabá",5,"Centro-oeste",0,"510300",6,36,9,27,10,26,0,0,0,0,0,36,9,27,10,26,7,10.5433001461615,9.87575657879782,0.422297022202324,30
"20640","MT","Chapada dos Guimarães",19453,37922.51,51017,"Cuiabá",5,"Centro-oeste",0,"510300",7,23,3,20,11,12,0,0,0,0,0,23,3,20,11,12,21,10.5433001461615,9.87575657879782,0.458059065941873,29
"20641","MT","Colíder",33649,26507.28,51003,"Colíder",5,"Centro-oeste",1,"510320",2,71,7,64,22,49,1,0,0,0,0,72,7,64,22,49,19,10.1851746912276,10.4237386169493,0.316118335888728,29
"20642","MT","Colíder",33649,26507.28,51003,"Colíder",5,"Centro-oeste",1,"510320",3,97,16,81,41,56,0,0,0,0,0,97,16,81,41,56,14,10.1851746912276,10.4237386169493,0.375501386664082,31
"20643","MT","Colíder",33649,26507.28,51003,"Colíder",5,"Centro-oeste",1,"510320",4,45,5,40,15,30,1,0,0,0,0,46,5,40,15,30,20,10.1851746912276,10.4237386169493,0.403280730153433,30
"20644","MT","Colíder",33649,26507.28,51003,"Colíder",5,"Centro-oeste",1,"510320",5,34,3,31,12,22,0,0,0,0,0,34,3,31,12,22,14,10.1851746912276,10.4237386169493,0.386844525292568,31
"20645","MT","Colíder",33649,26507.28,51003,"Colíder",5,"Centro-oeste",1,"510320",6,44,7,37,16,28,0,0,0,0,0,44,7,37,16,28,21,10.1851746912276,10.4237386169493,0.413379422353092,30
"20646","MT","Colíder",33649,26507.28,51003,"Colíder",5,"Centro-oeste",1,"510320",7,34,5,29,14,20,0,0,0,0,0,34,5,29,14,20,17,10.1851746912276,10.4237386169493,0.418381795576522,29
"20647","MT","Colniza",39861,14625.68,51001,"Aripuanã",5,"Centro-oeste",0,"510325",2,77,21,56,37,40,2,0,0,0,0,79,21,56,37,40,9,9.59053416674566,10.5931536812594,0.366141523587696,29
"20648","MT","Colniza",39861,14625.68,51001,"Aripuanã",5,"Centro-oeste",0,"510325",3,83,24,59,42,41,0,0,0,0,0,83,24,59,42,41,14,9.59053416674566,10.5931536812594,0.441680232144794,31
"20649","MT","Colniza",39861,14625.68,51001,"Aripuanã",5,"Centro-oeste",0,"510325",4,40,16,24,15,25,0,0,0,0,0,40,16,24,15,25,7,9.59053416674566,10.5931536812594,0.473320420573694,30
"20650","MT","Colniza",39861,14625.68,51001,"Aripuanã",5,"Centro-oeste",0,"510325",5,45,12,33,22,23,0,0,0,0,0,45,12,33,22,23,11,9.59053416674566,10.5931536812594,0.458397503576519,31
"20651","MT","Colniza",39861,14625.68,51001,"Aripuanã",5,"Centro-oeste",0,"510325",6,44,15,29,27,17,0,0,0,0,0,44,15,29,27,17,6,9.59053416674566,10.5931536812594,0.441298072987801,30
"20652","MT","Colniza",39861,14625.68,51001,"Aripuanã",5,"Centro-oeste",0,"510325",7,49,9,40,27,22,0,0,0,0,0,49,9,40,27,22,11,9.59053416674566,10.5931536812594,0.468287831193267,29
"20653","MT","Comodoro",21008,33952.48,51004,"Parecis",5,"Centro-oeste",0,"510330",2,57,24,33,30,27,0,0,0,0,0,57,24,33,30,27,6,10.4327171789198,9.95265859654258,0.292774830522946,29
"20654","MT","Comodoro",21008,33952.48,51004,"Parecis",5,"Centro-oeste",0,"510330",3,45,21,24,20,25,0,0,0,0,0,45,21,24,20,25,9,10.4327171789198,9.95265859654258,0.349586851345534,31
"20655","MT","Comodoro",21008,33952.48,51004,"Parecis",5,"Centro-oeste",0,"510330",4,29,15,14,12,17,0,0,0,0,0,29,15,14,12,17,4,10.4327171789198,9.95265859654258,0.377984615010064,30
"20656","MT","Comodoro",21008,33952.48,51004,"Parecis",5,"Centro-oeste",0,"510330",5,31,14,17,19,12,0,0,0,0,0,31,14,17,19,12,7,10.4327171789198,9.95265859654258,0.38803107527839,31
"20657","MT","Comodoro",21008,33952.48,51004,"Parecis",5,"Centro-oeste",0,"510330",6,25,9,16,12,13,1,0,0,0,0,26,9,16,12,13,8,10.4327171789198,9.95265859654258,0.400620576088139,30
"20658","MT","Comodoro",21008,33952.48,51004,"Parecis",5,"Centro-oeste",0,"510330",7,23,9,14,14,9,2,0,0,0,0,25,9,14,14,9,7,10.4327171789198,9.95265859654258,0.442140772507548,29
"20659","MT","Confresa",31510,27815.74,51009,"Norte Araguaia",5,"Centro-oeste",0,"510335",2,98,19,79,52,46,0,0,0,0,0,98,19,79,52,46,10,10.2333573265057,10.3580602347513,0.317303690343284,29
"20660","MT","Confresa",31510,27815.74,51009,"Norte Araguaia",5,"Centro-oeste",0,"510335",3,86,20,66,41,45,0,0,0,0,0,86,20,66,41,45,13,10.2333573265057,10.3580602347513,0.386232410266198,31
"20661","MT","Confresa",31510,27815.74,51009,"Norte Araguaia",5,"Centro-oeste",0,"510335",4,49,8,41,25,24,0,0,0,0,0,49,8,41,25,24,14,10.2333573265057,10.3580602347513,0.386670103578666,30
"20662","MT","Confresa",31510,27815.74,51009,"Norte Araguaia",5,"Centro-oeste",0,"510335",5,54,11,43,28,26,0,0,0,0,0,54,11,43,28,26,17,10.2333573265057,10.3580602347513,0.385464498696222,31
"20663","MT","Confresa",31510,27815.74,51009,"Norte Araguaia",5,"Centro-oeste",0,"510335",6,74,19,55,40,34,0,0,0,0,0,74,19,55,40,34,17,10.2333573265057,10.3580602347513,0.419785781039813,30
"20664","MT","Confresa",31510,27815.74,51009,"Norte Araguaia",5,"Centro-oeste",0,"510335",7,73,8,65,36,37,2,0,0,0,0,75,8,65,36,37,14,10.2333573265057,10.3580602347513,0.399989344131189,29
"20665","MT","Cuiabá",618124,39043.32,51017,"Cuiabá",5,"Centro-oeste",1,"510340",2,1210,114,1096,403,807,11,0,0,0,0,1221,114,1096,403,807,306,10.5724270778949,13.3344443635621,0.2953380370616,29
"20666","MT","Cuiabá",618124,39043.32,51017,"Cuiabá",5,"Centro-oeste",1,"510340",3,968,98,870,335,633,7,0,0,0,0,975,98,870,335,633,311,10.5724270778949,13.3344443635621,0.396990353834146,31
"20667","MT","Cuiabá",618124,39043.32,51017,"Cuiabá",5,"Centro-oeste",1,"510340",4,774,84,690,280,494,8,0,0,0,0,782,84,690,280,494,261,10.5724270778949,13.3344443635621,0.445601172314737,30
"20668","MT","Cuiabá",618124,39043.32,51017,"Cuiabá",5,"Centro-oeste",1,"510340",5,774,46,728,284,490,9,0,0,0,0,783,46,728,284,490,304,10.5724270778949,13.3344443635621,0.402039240584011,31
"20669","MT","Cuiabá",618124,39043.32,51017,"Cuiabá",5,"Centro-oeste",1,"510340",6,816,65,751,278,538,6,0,0,0,0,822,65,751,278,538,598,10.5724270778949,13.3344443635621,0.402356606449944,30
"20670","MT","Cuiabá",618124,39043.32,51017,"Cuiabá",5,"Centro-oeste",1,"510340",7,850,63,787,312,538,5,0,0,0,0,855,63,787,312,538,732,10.5724270778949,13.3344443635621,0.417909197357681,29
"20671","MT","Diamantino",22178,104683.45,51004,"Parecis",5,"Centro-oeste",0,"510350",2,56,13,43,27,29,0,0,0,0,0,56,13,43,27,29,4,11.558696313686,10.0068560855132,0.304629831781993,29
"20672","MT","Diamantino",22178,104683.45,51004,"Parecis",5,"Centro-oeste",0,"510350",3,60,8,52,20,40,0,0,0,0,0,60,8,52,20,40,11,11.558696313686,10.0068560855132,0.355943655714136,31
"20673","MT","Diamantino",22178,104683.45,51004,"Parecis",5,"Centro-oeste",0,"510350",4,34,7,27,15,19,0,0,0,0,0,34,7,27,15,19,12,11.558696313686,10.0068560855132,0.402438614948567,30
"20674","MT","Diamantino",22178,104683.45,51004,"Parecis",5,"Centro-oeste",0,"510350",5,27,5,22,12,15,0,0,0,0,0,27,5,22,12,15,7,11.558696313686,10.0068560855132,0.395077833081029,31
"20675","MT","Diamantino",22178,104683.45,51004,"Parecis",5,"Centro-oeste",0,"510350",6,22,3,19,5,17,1,0,0,0,0,23,3,19,5,17,22,11.558696313686,10.0068560855132,0.398753325118918,30
"20676","MT","Diamantino",22178,104683.45,51004,"Parecis",5,"Centro-oeste",0,"510350",7,35,4,31,12,23,1,0,0,0,0,36,4,31,12,23,13,11.558696313686,10.0068560855132,0.411644425187972,29
"20677","MT","Feliz Natal",14522,31425.24,51007,"Sinop",5,"Centro-oeste",0,"510370",2,27,9,18,15,12,1,0,0,0,0,28,9,18,15,12,2,10.3553666706608,9.58342001994019,0.314054509702791,29
"20678","MT","Feliz Natal",14522,31425.24,51007,"Sinop",5,"Centro-oeste",0,"510370",3,28,6,22,14,14,0,0,0,0,0,28,6,22,14,14,3,10.3553666706608,9.58342001994019,0.37019714476579,31
"20679","MT","Feliz Natal",14522,31425.24,51007,"Sinop",5,"Centro-oeste",0,"510370",4,16,7,9,10,6,1,0,0,0,0,17,7,9,10,6,5,10.3553666706608,9.58342001994019,0.383265841159131,30
"20680","MT","Feliz Natal",14522,31425.24,51007,"Sinop",5,"Centro-oeste",0,"510370",5,20,8,12,10,10,0,0,0,0,0,20,8,12,10,10,1,10.3553666706608,9.58342001994019,0.381371692100184,31
"20681","MT","Feliz Natal",14522,31425.24,51007,"Sinop",5,"Centro-oeste",0,"510370",6,24,9,15,9,15,0,0,0,0,0,24,9,15,9,15,5,10.3553666706608,9.58342001994019,0.407275538467366,30
"20682","MT","Feliz Natal",14522,31425.24,51007,"Sinop",5,"Centro-oeste",0,"510370",7,23,8,15,11,12,1,0,0,0,0,24,8,15,11,12,3,10.3553666706608,9.58342001994019,0.40854320315398,29
"20683","MT","Guarantã do Norte",36130,25002.98,51003,"Colíder",5,"Centro-oeste",0,"510410",2,81,14,67,35,46,0,0,0,0,0,81,14,67,35,46,8,10.1267502967466,10.4948788241417,0.353460694071502,29
"20684","MT","Guarantã do Norte",36130,25002.98,51003,"Colíder",5,"Centro-oeste",0,"510410",3,81,20,61,33,48,0,0,0,0,0,81,20,61,33,48,14,10.1267502967466,10.4948788241417,0.399757530543141,31
"20685","MT","Guarantã do Norte",36130,25002.98,51003,"Colíder",5,"Centro-oeste",0,"510410",4,45,6,39,23,22,1,0,0,0,0,46,6,39,23,22,15,10.1267502967466,10.4948788241417,0.413876943988511,30
"20686","MT","Guarantã do Norte",36130,25002.98,51003,"Colíder",5,"Centro-oeste",0,"510410",5,44,11,33,21,23,0,0,0,0,0,44,11,33,21,23,11,10.1267502967466,10.4948788241417,0.403414209389316,31
"20687","MT","Guarantã do Norte",36130,25002.98,51003,"Colíder",5,"Centro-oeste",0,"510410",6,50,17,33,22,28,1,0,0,0,0,51,17,33,22,28,17,10.1267502967466,10.4948788241417,0.390531601115337,30
"20688","MT","Guarantã do Norte",36130,25002.98,51003,"Colíder",5,"Centro-oeste",0,"510410",7,52,8,44,18,34,0,0,0,0,0,52,8,44,18,34,21,10.1267502967466,10.4948788241417,0.413285156005488,29
"20689","MT","Itiquira",13552,89125.31,51021,"Rondonópolis",5,"Centro-oeste",0,"510460",2,25,6,19,10,15,0,0,0,0,0,25,6,19,10,15,5,11.3977986359714,9.51428941689184,0.329862135404122,29
"20690","MT","Itiquira",13552,89125.31,51021,"Rondonópolis",5,"Centro-oeste",0,"510460",3,25,7,18,12,13,0,0,0,0,0,25,7,18,12,13,7,11.3977986359714,9.51428941689184,0.43861884250816,31
"20691","MT","Itiquira",13552,89125.31,51021,"Rondonópolis",5,"Centro-oeste",0,"510460",4,17,3,14,8,9,1,0,0,0,0,18,3,14,8,9,4,11.3977986359714,9.51428941689184,0.437761475586342,30
"20692","MT","Itiquira",13552,89125.31,51021,"Rondonópolis",5,"Centro-oeste",0,"510460",5,9,4,5,4,5,0,0,0,0,0,9,4,5,4,5,6,11.3977986359714,9.51428941689184,0.41922249897081,31
"20693","MT","Itiquira",13552,89125.31,51021,"Rondonópolis",5,"Centro-oeste",0,"510460",6,16,3,13,10,6,2,0,0,0,0,18,3,13,10,6,8,11.3977986359714,9.51428941689184,0.404854901659708,30
"20694","MT","Itiquira",13552,89125.31,51021,"Rondonópolis",5,"Centro-oeste",0,"510460",7,13,7,6,5,8,0,0,0,0,0,13,7,6,5,8,8,11.3977986359714,9.51428941689184,0.423035460341262,29
"20695","MT","Jaciara",27807,33430.18,51021,"Rondonópolis",5,"Centro-oeste",1,"510480",2,56,8,48,20,36,0,0,0,0,0,56,8,48,20,36,15,10.4172143637849,10.2330430665439,0.316261198655038,29
"20696","MT","Jaciara",27807,33430.18,51021,"Rondonópolis",5,"Centro-oeste",1,"510480",3,65,9,56,29,36,1,0,0,0,0,66,9,56,29,36,17,10.4172143637849,10.2330430665439,0.397634020810069,31
"20697","MT","Jaciara",27807,33430.18,51021,"Rondonópolis",5,"Centro-oeste",1,"510480",4,26,7,19,12,14,0,0,0,0,0,26,7,19,12,14,7,10.4172143637849,10.2330430665439,0.424714038839286,30
"20698","MT","Jaciara",27807,33430.18,51021,"Rondonópolis",5,"Centro-oeste",1,"510480",5,40,6,34,19,21,0,0,0,0,0,40,6,34,19,21,4,10.4172143637849,10.2330430665439,0.393759326948337,31
"20699","MT","Jaciara",27807,33430.18,51021,"Rondonópolis",5,"Centro-oeste",1,"510480",6,45,9,36,19,26,0,0,0,0,0,45,9,36,19,26,12,10.4172143637849,10.2330430665439,0.399624676672167,30
"20700","MT","Jaciara",27807,33430.18,51021,"Rondonópolis",5,"Centro-oeste",1,"510480",7,39,2,37,21,18,1,0,0,0,0,40,2,37,21,18,21,10.4172143637849,10.2330430665439,0.43759934413546,29
"20701","MT","Juara",35121,21348.2,51005,"Arinos",5,"Centro-oeste",0,"510510",2,85,21,64,38,47,0,0,0,0,0,85,21,64,38,47,22,9.96872270596907,10.4665545211478,0.311863864680776,29
"20702","MT","Juara",35121,21348.2,51005,"Arinos",5,"Centro-oeste",0,"510510",3,76,19,57,33,43,0,0,0,0,0,76,19,57,33,43,15,9.96872270596907,10.4665545211478,0.370304443713477,31
"20703","MT","Juara",35121,21348.2,51005,"Arinos",5,"Centro-oeste",0,"510510",4,52,14,38,29,23,2,0,0,0,0,54,14,38,29,23,11,9.96872270596907,10.4665545211478,0.378372057832367,30
"20704","MT","Juara",35121,21348.2,51005,"Arinos",5,"Centro-oeste",0,"510510",5,61,14,47,34,27,0,0,0,0,0,61,14,47,34,27,17,9.96872270596907,10.4665545211478,0.379473143002145,31
"20705","MT","Juara",35121,21348.2,51005,"Arinos",5,"Centro-oeste",0,"510510",6,66,21,45,28,38,1,0,0,0,0,67,21,45,28,38,15,9.96872270596907,10.4665545211478,0.403899775857846,30
"20706","MT","Juara",35121,21348.2,51005,"Arinos",5,"Centro-oeste",0,"510510",7,73,19,54,33,40,1,0,0,0,0,74,19,54,33,40,12,9.96872270596907,10.4665545211478,0.428159837969126,29
"20707","MT","Juína",41101,25195.72,51001,"Aripuanã",5,"Centro-oeste",1,"510515",2,95,20,75,42,53,1,0,0,0,0,96,20,75,42,53,19,10.134429417805,10.6237877310886,0.343525645926163,29
"20708","MT","Juína",41101,25195.72,51001,"Aripuanã",5,"Centro-oeste",1,"510515",3,114,23,91,52,62,0,0,0,0,0,114,23,91,52,62,16,10.134429417805,10.6237877310886,0.419282001612443,31
"20709","MT","Juína",41101,25195.72,51001,"Aripuanã",5,"Centro-oeste",1,"510515",4,67,16,51,33,34,0,0,0,0,0,67,16,51,33,34,16,10.134429417805,10.6237877310886,0.427856692984264,30
"20710","MT","Juína",41101,25195.72,51001,"Aripuanã",5,"Centro-oeste",1,"510515",5,58,7,51,28,30,0,0,0,0,0,58,7,51,28,30,23,10.134429417805,10.6237877310886,0.405653995750527,31
"20711","MT","Juína",41101,25195.72,51001,"Aripuanã",5,"Centro-oeste",1,"510515",6,77,15,62,40,37,2,0,0,0,0,79,15,62,40,37,26,10.134429417805,10.6237877310886,0.394026179299828,30
"20712","MT","Juína",41101,25195.72,51001,"Aripuanã",5,"Centro-oeste",1,"510515",7,48,13,35,21,27,0,0,0,0,0,48,13,35,21,27,40,10.134429417805,10.6237877310886,0.410522126079322,29
"20713","MT","Lucas do Rio Verde",67620,72058.74,51006,"Alto Teles Pires",5,"Centro-oeste",1,"510525",2,194,27,167,65,129,1,0,0,0,0,195,27,167,65,129,21,11.1852368987204,11.1216590762619,0.327696984341273,29
"20714","MT","Lucas do Rio Verde",67620,72058.74,51006,"Alto Teles Pires",5,"Centro-oeste",1,"510525",3,210,40,170,83,127,0,0,0,0,0,210,40,170,83,127,31,11.1852368987204,11.1216590762619,0.406257621329207,31
"20715","MT","Lucas do Rio Verde",67620,72058.74,51006,"Alto Teles Pires",5,"Centro-oeste",1,"510525",4,143,30,113,57,86,0,0,0,0,0,143,30,113,57,86,21,11.1852368987204,11.1216590762619,0.423690951674189,30
"20716","MT","Lucas do Rio Verde",67620,72058.74,51006,"Alto Teles Pires",5,"Centro-oeste",1,"510525",5,126,21,105,50,76,0,0,0,0,0,126,21,105,50,76,19,11.1852368987204,11.1216590762619,0.405771177189552,31
"20717","MT","Lucas do Rio Verde",67620,72058.74,51006,"Alto Teles Pires",5,"Centro-oeste",1,"510525",6,114,20,94,44,70,1,0,0,0,0,115,20,94,44,70,38,11.1852368987204,11.1216590762619,0.412519790389086,30
"20718","MT","Lucas do Rio Verde",67620,72058.74,51006,"Alto Teles Pires",5,"Centro-oeste",1,"510525",7,111,16,95,38,73,0,0,0,0,0,111,16,95,38,73,48,11.1852368987204,11.1216590762619,0.422865355026006,29
"20719","MT","Matupá",16793,46169.08,51003,"Colíder",5,"Centro-oeste",0,"510560",2,64,11,53,26,38,0,0,0,0,0,64,11,53,26,38,6,10.7400655889434,9.72871741189501,0.333223291051209,29
"20720","MT","Matupá",16793,46169.08,51003,"Colíder",5,"Centro-oeste",0,"510560",3,50,9,41,23,27,0,0,0,0,0,50,9,41,23,27,7,10.7400655889434,9.72871741189501,0.401389412348762,31
"20721","MT","Matupá",16793,46169.08,51003,"Colíder",5,"Centro-oeste",0,"510560",4,17,2,15,10,7,0,0,0,0,0,17,2,15,10,7,10,10.7400655889434,9.72871741189501,0.39982456523104,30
"20722","MT","Matupá",16793,46169.08,51003,"Colíder",5,"Centro-oeste",0,"510560",5,31,4,27,14,17,0,0,0,0,0,31,4,27,14,17,6,10.7400655889434,9.72871741189501,0.398842821206122,31
"20723","MT","Matupá",16793,46169.08,51003,"Colíder",5,"Centro-oeste",0,"510560",6,27,8,19,12,15,0,0,0,0,0,27,8,19,12,15,7,10.7400655889434,9.72871741189501,0.404712075646631,30
"20724","MT","Matupá",16793,46169.08,51003,"Colíder",5,"Centro-oeste",0,"510560",7,33,9,24,15,18,0,0,0,0,0,33,9,24,15,18,15,10.7400655889434,9.72871741189501,0.416915972032409,29
"20725","MT","Mirassol d'Oeste",27941,27955.36,51014,"Jauru",5,"Centro-oeste",1,"510562",2,61,9,52,28,33,1,0,0,0,0,62,9,52,28,33,18,10.2383642312172,10.2378504231511,0.295365487343867,29
"20726","MT","Mirassol d'Oeste",27941,27955.36,51014,"Jauru",5,"Centro-oeste",1,"510562",3,56,9,47,24,32,0,0,0,0,0,56,9,47,24,32,15,10.2383642312172,10.2378504231511,0.359665093180892,31
"20727","MT","Mirassol d'Oeste",27941,27955.36,51014,"Jauru",5,"Centro-oeste",1,"510562",4,32,3,29,17,15,0,0,0,0,0,32,3,29,17,15,14,10.2383642312172,10.2378504231511,0.412479447752958,30
"20728","MT","Mirassol d'Oeste",27941,27955.36,51014,"Jauru",5,"Centro-oeste",1,"510562",5,26,7,19,11,15,0,0,0,0,0,26,7,19,11,15,11,10.2383642312172,10.2378504231511,0.385009425064656,31
"20729","MT","Mirassol d'Oeste",27941,27955.36,51014,"Jauru",5,"Centro-oeste",1,"510562",6,37,5,32,11,26,0,0,0,0,0,37,5,32,11,26,14,10.2383642312172,10.2378504231511,0.375234598370498,30
"20730","MT","Mirassol d'Oeste",27941,27955.36,51014,"Jauru",5,"Centro-oeste",1,"510562",7,43,9,34,20,23,0,0,0,0,0,43,9,34,20,23,21,10.2383642312172,10.2378504231511,0.40331346344887,29
"20731","MT","Nobres",15334,43679.82,51006,"Alto Teles Pires",5,"Centro-oeste",0,"510590",2,31,3,28,13,18,0,0,0,0,0,31,3,28,13,18,16,10.6846414895312,9.63782786411884,0.294104342483062,29
"20732","MT","Nobres",15334,43679.82,51006,"Alto Teles Pires",5,"Centro-oeste",0,"510590",3,27,3,24,10,17,0,0,0,0,0,27,3,24,10,17,8,10.6846414895312,9.63782786411884,0.32974013677867,31
"20733","MT","Nobres",15334,43679.82,51006,"Alto Teles Pires",5,"Centro-oeste",0,"510590",4,23,6,17,9,14,1,0,0,0,0,24,6,17,9,14,10,10.6846414895312,9.63782786411884,0.372059318413074,30
"20734","MT","Nobres",15334,43679.82,51006,"Alto Teles Pires",5,"Centro-oeste",0,"510590",5,17,5,12,7,10,0,0,0,0,0,17,5,12,7,10,9,10.6846414895312,9.63782786411884,0.380827762581402,31
"20735","MT","Nobres",15334,43679.82,51006,"Alto Teles Pires",5,"Centro-oeste",0,"510590",6,22,5,17,9,13,0,0,0,0,0,22,5,17,9,13,10,10.6846414895312,9.63782786411884,0.379725174249167,30
"20736","MT","Nobres",15334,43679.82,51006,"Alto Teles Pires",5,"Centro-oeste",0,"510590",7,29,9,20,11,18,0,0,0,0,0,29,9,20,11,18,14,10.6846414895312,9.63782786411884,0.385458162676903,29
"20737","MT","Nova Mutum",46813,75174.99,51006,"Alto Teles Pires",5,"Centro-oeste",1,"510622",2,123,24,99,44,79,0,0,0,0,0,123,24,99,44,79,11,11.2275738748338,10.7539162211104,0.320786015672355,29
"20738","MT","Nova Mutum",46813,75174.99,51006,"Alto Teles Pires",5,"Centro-oeste",1,"510622",3,64,12,52,19,45,0,0,0,0,0,64,12,52,19,45,13,11.2275738748338,10.7539162211104,0.388349583276823,31
"20739","MT","Nova Mutum",46813,75174.99,51006,"Alto Teles Pires",5,"Centro-oeste",1,"510622",4,67,12,55,22,45,2,0,0,0,0,69,12,55,22,45,8,11.2275738748338,10.7539162211104,0.408176717928516,30
"20740","MT","Nova Mutum",46813,75174.99,51006,"Alto Teles Pires",5,"Centro-oeste",1,"510622",5,83,15,68,37,46,2,0,0,0,0,85,15,68,37,46,12,11.2275738748338,10.7539162211104,0.40192442452331,31
"20741","MT","Nova Mutum",46813,75174.99,51006,"Alto Teles Pires",5,"Centro-oeste",1,"510622",6,70,13,57,27,43,1,0,0,0,0,71,13,57,27,43,24,11.2275738748338,10.7539162211104,0.399179858683387,30
"20742","MT","Nova Mutum",46813,75174.99,51006,"Alto Teles Pires",5,"Centro-oeste",1,"510622",7,98,15,83,32,66,1,0,0,0,0,99,15,83,32,66,28,11.2275738748338,10.7539162211104,0.415727080127157,29
"20743","MT","Nova Olímpia",20563,35897.86,51013,"Tangará da Serra",5,"Centro-oeste",1,"510623",2,34,5,29,11,23,0,0,0,0,0,34,5,29,11,23,6,10.4884329626718,9.93124862332152,0.329687739171948,29
"20744","MT","Nova Olímpia",20563,35897.86,51013,"Tangará da Serra",5,"Centro-oeste",1,"510623",3,48,12,36,23,25,0,0,0,0,0,48,12,36,23,25,6,10.4884329626718,9.93124862332152,0.415307240359869,31
"20745","MT","Nova Olímpia",20563,35897.86,51013,"Tangará da Serra",5,"Centro-oeste",1,"510623",4,41,12,29,22,19,0,0,0,0,0,41,12,29,22,19,8,10.4884329626718,9.93124862332152,0.449508555232857,30
"20746","MT","Nova Olímpia",20563,35897.86,51013,"Tangará da Serra",5,"Centro-oeste",1,"510623",5,25,6,19,12,13,0,0,0,0,0,25,6,19,12,13,14,10.4884329626718,9.93124862332152,0.409679986069286,31
"20747","MT","Nova Olímpia",20563,35897.86,51013,"Tangará da Serra",5,"Centro-oeste",1,"510623",6,21,7,14,12,9,0,0,0,0,0,21,7,14,12,9,10,10.4884329626718,9.93124862332152,0.397282178457805,30
"20748","MT","Nova Olímpia",20563,35897.86,51013,"Tangará da Serra",5,"Centro-oeste",1,"510623",7,12,1,11,6,6,1,0,0,0,0,13,1,11,6,6,14,10.4884329626718,9.93124862332152,0.434192686580009,29
"20749","MT","Nova Ubiratã",12298,92588.46,51006,"Alto Teles Pires",5,"Centro-oeste",0,"510624",2,26,10,16,13,13,0,0,0,0,0,26,10,16,13,13,1,11.4359197908381,9.41719192651341,0.344315497184827,29
"20750","MT","Nova Ubiratã",12298,92588.46,51006,"Alto Teles Pires",5,"Centro-oeste",0,"510624",3,19,4,15,6,13,0,0,0,0,0,19,4,15,6,13,6,11.4359197908381,9.41719192651341,0.406742294127372,31
"20751","MT","Nova Ubiratã",12298,92588.46,51006,"Alto Teles Pires",5,"Centro-oeste",0,"510624",4,11,2,9,2,9,1,0,0,0,0,12,2,9,2,9,4,11.4359197908381,9.41719192651341,0.431286091732135,30
"20752","MT","Nova Ubiratã",12298,92588.46,51006,"Alto Teles Pires",5,"Centro-oeste",0,"510624",5,10,2,8,7,3,0,0,0,0,0,10,2,8,7,3,4,11.4359197908381,9.41719192651341,0.468658575644252,31
"20753","MT","Nova Ubiratã",12298,92588.46,51006,"Alto Teles Pires",5,"Centro-oeste",0,"510624",6,23,4,19,10,13,1,0,0,0,0,24,4,19,10,13,3,11.4359197908381,9.41719192651341,0.478968000895058,30
"20754","MT","Nova Ubiratã",12298,92588.46,51006,"Alto Teles Pires",5,"Centro-oeste",0,"510624",7,17,0,17,11,6,0,0,0,0,0,17,0,17,11,6,6,11.4359197908381,9.41719192651341,0.489979865017021,29
"20755","MT","Nova Xavantina",20944,30536.76,51010,"Canarana",5,"Centro-oeste",1,"510625",2,44,8,36,20,24,0,0,0,0,0,44,8,36,20,24,9,10.3266864827714,9.94960748814968,0.333799569513424,29
"20756","MT","Nova Xavantina",20944,30536.76,51010,"Canarana",5,"Centro-oeste",1,"510625",3,59,11,48,25,34,0,0,0,0,0,59,11,48,25,34,10,10.3266864827714,9.94960748814968,0.399394000176573,31
"20757","MT","Nova Xavantina",20944,30536.76,51010,"Canarana",5,"Centro-oeste",1,"510625",4,21,6,15,12,9,0,0,0,0,0,21,6,15,12,9,11,10.3266864827714,9.94960748814968,0.43193649513683,30
"20758","MT","Nova Xavantina",20944,30536.76,51010,"Canarana",5,"Centro-oeste",1,"510625",5,31,4,27,11,20,0,0,0,0,0,31,4,27,11,20,9,10.3266864827714,9.94960748814968,0.414011442895945,31
"20759","MT","Nova Xavantina",20944,30536.76,51010,"Canarana",5,"Centro-oeste",1,"510625",6,31,9,22,17,14,1,0,0,0,0,32,9,22,17,14,13,10.3266864827714,9.94960748814968,0.404765679203913,30
"20760","MT","Nova Xavantina",20944,30536.76,51010,"Canarana",5,"Centro-oeste",1,"510625",7,31,2,29,16,15,0,0,0,0,0,31,2,29,16,15,13,10.3266864827714,9.94960748814968,0.426849172450993,29
"20761","MT","Paranatinga",22861,29944.83,51008,"Paranatinga",5,"Centro-oeste",0,"510630",2,60,25,35,31,29,0,0,0,0,0,60,25,35,31,29,7,10.3071119676078,10.037187680924,0.333827423046545,29
"20762","MT","Paranatinga",22861,29944.83,51008,"Paranatinga",5,"Centro-oeste",0,"510630",3,56,21,35,27,29,0,0,0,0,0,56,21,35,27,29,13,10.3071119676078,10.037187680924,0.405252090509027,31
"20763","MT","Paranatinga",22861,29944.83,51008,"Paranatinga",5,"Centro-oeste",0,"510630",4,36,12,24,16,20,2,0,0,0,0,38,12,24,16,20,11,10.3071119676078,10.037187680924,0.421423918447524,30
"20764","MT","Paranatinga",22861,29944.83,51008,"Paranatinga",5,"Centro-oeste",0,"510630",5,22,11,11,11,11,0,0,0,0,0,22,11,11,11,11,16,10.3071119676078,10.037187680924,0.425382359200429,31
"20765","MT","Paranatinga",22861,29944.83,51008,"Paranatinga",5,"Centro-oeste",0,"510630",6,41,12,29,18,23,1,0,0,0,0,42,12,29,18,23,12,10.3071119676078,10.037187680924,0.428692672171997,30
"20766","MT","Paranatinga",22861,29944.83,51008,"Paranatinga",5,"Centro-oeste",0,"510630",7,36,13,23,24,12,0,0,0,0,0,36,13,23,24,12,22,10.3071119676078,10.037187680924,0.440136320923718,29
"20767","MT","Pedra Preta",17446,42994.76,51021,"Rondonópolis",5,"Centro-oeste",0,"510637",2,45,16,29,25,20,0,0,0,0,0,45,16,29,25,20,7,10.668833526785,9.76686567499316,0.292825856183939,29
"20768","MT","Pedra Preta",17446,42994.76,51021,"Rondonópolis",5,"Centro-oeste",0,"510637",3,44,9,35,23,21,0,0,0,0,0,44,9,35,23,21,12,10.668833526785,9.76686567499316,0.382471629909703,31
"20769","MT","Pedra Preta",17446,42994.76,51021,"Rondonópolis",5,"Centro-oeste",0,"510637",4,25,5,20,8,17,0,0,0,0,0,25,5,20,8,17,11,10.668833526785,9.76686567499316,0.414488997331768,30
"20770","MT","Pedra Preta",17446,42994.76,51021,"Rondonópolis",5,"Centro-oeste",0,"510637",5,22,3,19,7,15,0,0,0,0,0,22,3,19,7,15,14,10.668833526785,9.76686567499316,0.386032546736694,31
"20771","MT","Pedra Preta",17446,42994.76,51021,"Rondonópolis",5,"Centro-oeste",0,"510637",6,20,4,16,11,9,0,0,0,0,0,20,4,16,11,9,7,10.668833526785,9.76686567499316,0.404668744509005,30
"20772","MT","Pedra Preta",17446,42994.76,51021,"Rondonópolis",5,"Centro-oeste",0,"510637",7,21,4,17,11,10,0,0,0,0,0,21,4,17,11,10,18,10.668833526785,9.76686567499316,0.415027234274152,29
"20773","MT","Peixoto de Azevedo",35338,15680.52,51003,"Colíder",5,"Centro-oeste",0,"510642",2,102,33,69,64,38,0,0,0,0,0,102,33,69,64,38,10,9.66017445661982,10.4727141511766,0.321662472228234,29
"20774","MT","Peixoto de Azevedo",35338,15680.52,51003,"Colíder",5,"Centro-oeste",0,"510642",3,105,36,69,51,54,2,0,0,0,0,107,36,69,51,54,22,9.66017445661982,10.4727141511766,0.381310778519871,31
"20775","MT","Peixoto de Azevedo",35338,15680.52,51003,"Colíder",5,"Centro-oeste",0,"510642",4,64,26,38,32,32,1,0,0,0,0,65,26,38,32,32,14,9.66017445661982,10.4727141511766,0.404322458012435,30
"20776","MT","Peixoto de Azevedo",35338,15680.52,51003,"Colíder",5,"Centro-oeste",0,"510642",5,57,27,30,30,27,0,0,0,0,0,57,27,30,30,27,11,9.66017445661982,10.4727141511766,0.393783108654558,31
"20777","MT","Peixoto de Azevedo",35338,15680.52,51003,"Colíder",5,"Centro-oeste",0,"510642",6,60,18,42,19,41,2,0,0,0,0,62,18,42,19,41,32,9.66017445661982,10.4727141511766,0.388554571120093,30
"20778","MT","Peixoto de Azevedo",35338,15680.52,51003,"Colíder",5,"Centro-oeste",0,"510642",7,48,15,33,21,27,1,0,0,0,0,49,15,33,21,27,26,9.66017445661982,10.4727141511766,0.402508007745061,29
"20779","MT","Poconé",33315,16474.2,51018,"Alto Pantanal",5,"Centro-oeste",0,"510650",2,61,9,52,34,27,1,0,0,0,0,62,9,52,34,27,19,9.70955079976986,10.4137630249966,0.256138826478633,29
"20780","MT","Poconé",33315,16474.2,51018,"Alto Pantanal",5,"Centro-oeste",0,"510650",3,58,15,43,27,31,1,0,0,0,0,59,15,43,27,31,17,9.70955079976986,10.4137630249966,0.312192862107736,31
"20781","MT","Poconé",33315,16474.2,51018,"Alto Pantanal",5,"Centro-oeste",0,"510650",4,35,12,23,13,22,0,0,0,0,0,35,12,23,13,22,9,9.70955079976986,10.4137630249966,0.330883455581437,30
"20782","MT","Poconé",33315,16474.2,51018,"Alto Pantanal",5,"Centro-oeste",0,"510650",5,49,10,39,24,25,0,0,0,0,0,49,10,39,24,25,19,9.70955079976986,10.4137630249966,0.334237299544391,31
"20783","MT","Poconé",33315,16474.2,51018,"Alto Pantanal",5,"Centro-oeste",0,"510650",6,47,16,31,23,24,0,0,0,0,0,47,16,31,23,24,23,9.70955079976986,10.4137630249966,0.335364253232164,30
"20784","MT","Poconé",33315,16474.2,51018,"Alto Pantanal",5,"Centro-oeste",0,"510650",7,46,4,42,27,19,2,0,0,0,0,48,4,42,27,19,38,9.70955079976986,10.4137630249966,0.356420546480863,29
"20785","MT","Pontal do Araguaia",6843,13144.45,51020,"Tesouro",5,"Centro-oeste",1,"510665",2,15,4,11,6,9,0,0,0,0,0,15,4,11,6,9,4,9.48375489528444,8.8309815109525,0.311717500666511,29
"20786","MT","Pontal do Araguaia",6843,13144.45,51020,"Tesouro",5,"Centro-oeste",1,"510665",3,10,2,8,5,5,0,0,0,0,0,10,2,8,5,5,3,9.48375489528444,8.8309815109525,0.379713490275523,31
"20787","MT","Pontal do Araguaia",6843,13144.45,51020,"Tesouro",5,"Centro-oeste",1,"510665",4,4,1,3,3,1,0,0,0,0,0,4,1,3,3,1,1,9.48375489528444,8.8309815109525,0.400178347581444,30
"20788","MT","Pontal do Araguaia",6843,13144.45,51020,"Tesouro",5,"Centro-oeste",1,"510665",5,8,2,6,3,5,0,0,0,0,0,8,2,6,3,5,3,9.48375489528444,8.8309815109525,0.379111605452232,31
"20789","MT","Pontal do Araguaia",6843,13144.45,51020,"Tesouro",5,"Centro-oeste",1,"510665",6,8,2,6,5,3,0,0,0,0,0,8,2,6,5,3,3,9.48375489528444,8.8309815109525,0.387466908300464,30
"20790","MT","Pontal do Araguaia",6843,13144.45,51020,"Tesouro",5,"Centro-oeste",1,"510665",7,9,1,8,4,5,0,0,0,0,0,9,1,8,4,5,1,9.48375489528444,8.8309815109525,0.408735606748133,29
"20791","MT","Pontes e Lacerda",45774,29595.1,51012,"Alto Guaporé",5,"Centro-oeste",1,"510675",2,129,31,98,68,61,1,0,0,0,0,130,31,98,68,61,13,10.2953640860683,10.7314715233183,0.336419059335512,29
"20792","MT","Pontes e Lacerda",45774,29595.1,51012,"Alto Guaporé",5,"Centro-oeste",1,"510675",3,125,30,95,56,69,1,0,0,0,0,126,30,95,56,69,23,10.2953640860683,10.7314715233183,0.3975133368104,31
"20793","MT","Pontes e Lacerda",45774,29595.1,51012,"Alto Guaporé",5,"Centro-oeste",1,"510675",4,86,19,67,40,46,3,0,0,0,0,89,19,67,40,46,24,10.2953640860683,10.7314715233183,0.424969412513819,30
"20794","MT","Pontes e Lacerda",45774,29595.1,51012,"Alto Guaporé",5,"Centro-oeste",1,"510675",5,74,19,55,41,33,0,0,0,0,0,74,19,55,41,33,15,10.2953640860683,10.7314715233183,0.418792099820916,31
"20795","MT","Pontes e Lacerda",45774,29595.1,51012,"Alto Guaporé",5,"Centro-oeste",1,"510675",6,69,20,49,31,38,0,0,0,0,0,69,20,49,31,38,48,10.2953640860683,10.7314715233183,0.413166670548938,30
"20796","MT","Pontes e Lacerda",45774,29595.1,51012,"Alto Guaporé",5,"Centro-oeste",1,"510675",7,98,21,77,48,50,0,0,0,0,0,98,21,77,48,50,43,10.2953640860683,10.7314715233183,0.427842310653904,29
"20797","MT","Porto Alegre do Norte",12685,18762.1,51009,"Norte Araguaia",5,"Centro-oeste",0,"510677",2,29,4,25,12,17,0,0,0,0,0,29,4,25,12,17,1,9.83959415659388,9.44817547203338,0.346743475482274,29
"20798","MT","Porto Alegre do Norte",12685,18762.1,51009,"Norte Araguaia",5,"Centro-oeste",0,"510677",3,18,4,14,10,8,0,0,0,0,0,18,4,14,10,8,2,9.83959415659388,9.44817547203338,0.379117376431758,31
"20799","MT","Porto Alegre do Norte",12685,18762.1,51009,"Norte Araguaia",5,"Centro-oeste",0,"510677",4,15,4,11,4,11,0,0,0,0,0,15,4,11,4,11,2,9.83959415659388,9.44817547203338,0.396204473358975,30
"20800","MT","Porto Alegre do Norte",12685,18762.1,51009,"Norte Araguaia",5,"Centro-oeste",0,"510677",5,12,3,9,9,3,0,0,0,0,0,12,3,9,9,3,2,9.83959415659388,9.44817547203338,0.400171847164981,31
"20801","MT","Porto Alegre do Norte",12685,18762.1,51009,"Norte Araguaia",5,"Centro-oeste",0,"510677",6,14,0,14,7,7,0,0,0,0,0,14,0,14,7,7,4,9.83959415659388,9.44817547203338,0.398428997186301,30
"20802","MT","Porto Alegre do Norte",12685,18762.1,51009,"Norte Araguaia",5,"Centro-oeste",0,"510677",7,15,0,15,10,5,0,0,0,0,0,15,0,15,10,5,7,9.83959415659388,9.44817547203338,0.413443459331632,29
"20803","MT","Poxoréu",15916,31601.74,51020,"Tesouro",5,"Centro-oeste",0,"510700",2,36,11,25,18,18,0,0,0,0,0,36,11,25,18,18,7,10.3609674613502,9.67508017154682,0.375373323895805,29
"20804","MT","Poxoréu",15916,31601.74,51020,"Tesouro",5,"Centro-oeste",0,"510700",3,33,10,23,12,21,0,0,0,0,0,33,10,23,12,21,16,10.3609674613502,9.67508017154682,0.411342978942792,31
"20805","MT","Poxoréu",15916,31601.74,51020,"Tesouro",5,"Centro-oeste",0,"510700",4,22,4,18,10,12,0,0,0,0,0,22,4,18,10,12,8,10.3609674613502,9.67508017154682,0.413135859106923,30
"20806","MT","Poxoréu",15916,31601.74,51020,"Tesouro",5,"Centro-oeste",0,"510700",5,20,4,16,8,12,0,0,0,0,0,20,4,16,8,12,10,10.3609674613502,9.67508017154682,0.463808555521869,31
"20807","MT","Poxoréu",15916,31601.74,51020,"Tesouro",5,"Centro-oeste",0,"510700",6,16,5,11,6,10,0,0,0,0,0,16,5,11,6,10,17,10.3609674613502,9.67508017154682,0.483536152352236,30
"20808","MT","Poxoréu",15916,31601.74,51020,"Tesouro",5,"Centro-oeste",0,"510700",7,13,2,11,7,6,0,0,0,0,0,13,2,11,7,6,27,10.3609674613502,9.67508017154682,0.486870406754593,29
"20809","MT","Primavera do Leste",63092,64817.96,51019,"Primavera do Leste",5,"Centro-oeste",1,"510704",2,236,49,187,87,149,0,0,0,0,0,236,49,187,87,149,29,11.0793380044323,11.0523492576074,0.312259349782509,29
"20810","MT","Primavera do Leste",63092,64817.96,51019,"Primavera do Leste",5,"Centro-oeste",1,"510704",3,203,31,172,76,127,0,0,0,0,0,203,31,172,76,127,27,11.0793380044323,11.0523492576074,0.378511702661342,31
"20811","MT","Primavera do Leste",63092,64817.96,51019,"Primavera do Leste",5,"Centro-oeste",1,"510704",4,128,19,109,42,86,0,0,0,0,0,128,19,109,42,86,22,11.0793380044323,11.0523492576074,0.406499633370178,30
"20812","MT","Primavera do Leste",63092,64817.96,51019,"Primavera do Leste",5,"Centro-oeste",1,"510704",5,119,24,95,48,71,0,0,0,0,0,119,24,95,48,71,23,11.0793380044323,11.0523492576074,0.390653868773903,31
"20813","MT","Primavera do Leste",63092,64817.96,51019,"Primavera do Leste",5,"Centro-oeste",1,"510704",6,122,19,103,51,71,0,0,0,0,0,122,19,103,51,71,38,11.0793380044323,11.0523492576074,0.388173427245769,30
"20814","MT","Primavera do Leste",63092,64817.96,51019,"Primavera do Leste",5,"Centro-oeste",1,"510704",7,139,27,112,47,92,0,0,0,0,0,139,27,112,47,92,43,11.0793380044323,11.0523492576074,0.398050426370003,29
"20815","MT","Querência",17937,97089.7,51010,"Canarana",5,"Centro-oeste",0,"510706",2,64,19,45,29,35,0,0,0,0,0,64,19,45,29,35,3,11.4833905724428,9.79462089754901,0.325461167790424,29
"20816","MT","Querência",17937,97089.7,51010,"Canarana",5,"Centro-oeste",0,"510706",3,86,15,71,41,45,0,0,0,0,0,86,15,71,41,45,8,11.4833905724428,9.79462089754901,0.390612542068256,31
"20817","MT","Querência",17937,97089.7,51010,"Canarana",5,"Centro-oeste",0,"510706",4,53,9,44,19,34,0,0,0,0,0,53,9,44,19,34,8,11.4833905724428,9.79462089754901,0.422738195316549,30
"20818","MT","Querência",17937,97089.7,51010,"Canarana",5,"Centro-oeste",0,"510706",5,47,16,31,18,29,0,0,0,0,0,47,16,31,18,29,7,11.4833905724428,9.79462089754901,0.421707328298782,31
"20819","MT","Querência",17937,97089.7,51010,"Canarana",5,"Centro-oeste",0,"510706",6,31,9,22,17,14,0,0,0,0,0,31,9,22,17,14,8,11.4833905724428,9.79462089754901,0.414061595555728,30
"20820","MT","Querência",17937,97089.7,51010,"Canarana",5,"Centro-oeste",0,"510706",7,27,3,24,13,14,0,0,0,0,0,27,3,24,13,14,19,11.4833905724428,9.79462089754901,0.427350989528022,29
"20821","MT","São José dos Quatro Marcos",18846,20023.47,51014,"Jauru",5,"Centro-oeste",0,"510710",2,34,3,31,19,15,0,0,0,0,0,34,3,31,19,15,13,9.90466036452321,9.8440559687667,0.303613916479674,29
"20822","MT","São José dos Quatro Marcos",18846,20023.47,51014,"Jauru",5,"Centro-oeste",0,"510710",3,32,2,30,12,20,0,0,0,0,0,32,2,30,12,20,14,9.90466036452321,9.8440559687667,0.374919545440669,31
"20823","MT","São José dos Quatro Marcos",18846,20023.47,51014,"Jauru",5,"Centro-oeste",0,"510710",4,10,0,10,3,7,0,0,0,0,0,10,0,10,3,7,10,9.90466036452321,9.8440559687667,0.434556496610905,30
"20824","MT","São José dos Quatro Marcos",18846,20023.47,51014,"Jauru",5,"Centro-oeste",0,"510710",5,22,5,17,13,9,0,0,0,0,0,22,5,17,13,9,6,9.90466036452321,9.8440559687667,0.403223946387444,31
"20825","MT","São José dos Quatro Marcos",18846,20023.47,51014,"Jauru",5,"Centro-oeste",0,"510710",6,21,1,20,7,14,0,0,0,0,0,21,1,20,7,14,8,9.90466036452321,9.8440559687667,0.359919526383216,30
"20826","MT","São José dos Quatro Marcos",18846,20023.47,51014,"Jauru",5,"Centro-oeste",0,"510710",7,16,3,13,7,9,0,0,0,0,0,16,3,13,7,9,14,9.90466036452321,9.8440559687667,0.411616102927974,29
"20827","MT","Ribeirão Cascalheira",10329,35068.07,51009,"Norte Araguaia",5,"Centro-oeste",0,"510718",2,15,3,12,5,10,0,0,0,0,0,15,3,12,5,10,1,10.4650463088283,9.24271075200663,0.31023860460697,29
"20828","MT","Ribeirão Cascalheira",10329,35068.07,51009,"Norte Araguaia",5,"Centro-oeste",0,"510718",3,18,10,8,13,5,0,0,0,0,0,18,10,8,13,5,5,10.4650463088283,9.24271075200663,0.357684789461613,31
"20829","MT","Ribeirão Cascalheira",10329,35068.07,51009,"Norte Araguaia",5,"Centro-oeste",0,"510718",4,15,4,11,5,10,0,0,0,0,0,15,4,11,5,10,8,10.4650463088283,9.24271075200663,0.372119917928011,30
"20830","MT","Ribeirão Cascalheira",10329,35068.07,51009,"Norte Araguaia",5,"Centro-oeste",0,"510718",5,19,6,13,12,7,0,0,0,0,0,19,6,13,12,7,4,10.4650463088283,9.24271075200663,0.414327996456152,31
"20831","MT","Ribeirão Cascalheira",10329,35068.07,51009,"Norte Araguaia",5,"Centro-oeste",0,"510718",6,11,4,7,7,4,0,0,0,0,0,11,4,7,7,4,3,10.4650463088283,9.24271075200663,0.406025633693862,30
"20832","MT","Ribeirão Cascalheira",10329,35068.07,51009,"Norte Araguaia",5,"Centro-oeste",0,"510718",7,17,9,8,11,6,0,0,0,0,0,17,9,8,11,6,12,10.4650463088283,9.24271075200663,0.449222256573206,29
"20833","MT","São José do Rio Claro",21011,41671.17,51005,"Arinos",5,"Centro-oeste",1,"510730",2,49,11,38,27,22,0,0,0,0,0,49,11,38,27,22,5,10.6375648017761,9.95280138908905,0.334608498104366,29
"20834","MT","São José do Rio Claro",21011,41671.17,51005,"Arinos",5,"Centro-oeste",1,"510730",3,25,8,17,14,11,1,0,0,0,0,26,8,17,14,11,7,10.6375648017761,9.95280138908905,0.407755622266458,31
"20835","MT","São José do Rio Claro",21011,41671.17,51005,"Arinos",5,"Centro-oeste",1,"510730",4,31,7,24,21,10,0,0,0,0,0,31,7,24,21,10,4,10.6375648017761,9.95280138908905,0.389845537040023,30
"20836","MT","São José do Rio Claro",21011,41671.17,51005,"Arinos",5,"Centro-oeste",1,"510730",5,31,4,27,10,21,0,0,0,0,0,31,4,27,10,21,9,10.6375648017761,9.95280138908905,0.40668690749563,31
"20837","MT","São José do Rio Claro",21011,41671.17,51005,"Arinos",5,"Centro-oeste",1,"510730",6,14,3,11,6,8,0,0,0,0,0,14,3,11,6,8,8,10.6375648017761,9.95280138908905,0.412300160420232,30
"20838","MT","São José do Rio Claro",21011,41671.17,51005,"Arinos",5,"Centro-oeste",1,"510730",7,19,3,16,9,10,1,0,0,0,0,20,3,16,9,10,7,10.6375648017761,9.95280138908905,0.431373915540754,29
"20839","MT","Rondonópolis",236042,49041.7,51021,"Rondonópolis",5,"Centro-oeste",1,"510760",2,579,114,465,221,358,6,0,0,0,0,585,114,465,221,358,114,10.8004262355884,12.3717650342754,0.320916922908293,29
"20840","MT","Rondonópolis",236042,49041.7,51021,"Rondonópolis",5,"Centro-oeste",1,"510760",3,618,120,498,236,382,5,0,0,0,0,623,120,498,236,382,130,10.8004262355884,12.3717650342754,0.412073583907485,31
"20841","MT","Rondonópolis",236042,49041.7,51021,"Rondonópolis",5,"Centro-oeste",1,"510760",4,361,73,288,144,217,0,0,0,0,0,361,73,288,144,217,91,10.8004262355884,12.3717650342754,0.423357583029691,30
"20842","MT","Rondonópolis",236042,49041.7,51021,"Rondonópolis",5,"Centro-oeste",1,"510760",5,348,55,293,125,223,3,0,0,0,0,351,55,293,125,223,107,10.8004262355884,12.3717650342754,0.39463511363734,31
"20843","MT","Rondonópolis",236042,49041.7,51021,"Rondonópolis",5,"Centro-oeste",1,"510760",6,345,61,284,138,207,4,0,0,0,0,349,61,284,138,207,167,10.8004262355884,12.3717650342754,0.420485805686942,30
"20844","MT","Rondonópolis",236042,49041.7,51021,"Rondonópolis",5,"Centro-oeste",1,"510760",7,358,64,294,151,207,4,0,0,0,0,362,64,294,151,207,226,10.8004262355884,12.3717650342754,0.41689085688604,29
"20845","MT","Rosário Oeste",17054,18303.21,51016,"Rosário Oeste",5,"Centro-oeste",0,"510770",2,26,4,22,10,16,0,0,0,0,0,26,4,22,10,16,6,9.81483173328307,9.74414005930199,0.329343330248161,29
"20846","MT","Rosário Oeste",17054,18303.21,51016,"Rosário Oeste",5,"Centro-oeste",0,"510770",3,24,4,20,14,10,0,0,0,0,0,24,4,20,14,10,8,9.81483173328307,9.74414005930199,0.388011546193957,31
"20847","MT","Rosário Oeste",17054,18303.21,51016,"Rosário Oeste",5,"Centro-oeste",0,"510770",4,20,4,16,9,11,0,0,0,0,0,20,4,16,9,11,3,9.81483173328307,9.74414005930199,0.415770409588607,30
"20848","MT","Rosário Oeste",17054,18303.21,51016,"Rosário Oeste",5,"Centro-oeste",0,"510770",5,15,2,13,8,7,1,0,0,0,0,16,2,13,8,7,8,9.81483173328307,9.74414005930199,0.441621338487885,31
"20849","MT","Rosário Oeste",17054,18303.21,51016,"Rosário Oeste",5,"Centro-oeste",0,"510770",6,12,1,11,6,6,0,0,0,0,0,12,1,11,6,6,14,9.81483173328307,9.74414005930199,0.449177613213987,30
"20850","MT","Rosário Oeste",17054,18303.21,51016,"Rosário Oeste",5,"Centro-oeste",0,"510770",7,13,1,12,7,6,0,0,0,0,0,13,1,12,7,6,14,9.81483173328307,9.74414005930199,0.507127541620346,29
"20851","MT","Santo Antônio do Leverger",16999,30132.88,51017,"Cuiabá",5,"Centro-oeste",0,"510780",2,29,8,21,12,17,1,0,0,0,0,30,8,21,12,17,10,10.3133722133512,9.74090979777877,0.298779278742273,29
"20852","MT","Santo Antônio do Leverger",16999,30132.88,51017,"Cuiabá",5,"Centro-oeste",0,"510780",3,20,4,16,10,10,0,0,0,0,0,20,4,16,10,10,12,10.3133722133512,9.74090979777877,0.392688680290222,31
"20853","MT","Santo Antônio do Leverger",16999,30132.88,51017,"Cuiabá",5,"Centro-oeste",0,"510780",4,15,2,13,5,10,0,0,0,0,0,15,2,13,5,10,5,10.3133722133512,9.74090979777877,0.427451229288456,30
"20854","MT","Santo Antônio do Leverger",16999,30132.88,51017,"Cuiabá",5,"Centro-oeste",0,"510780",5,21,5,16,9,12,0,0,0,0,0,21,5,16,9,12,5,10.3133722133512,9.74090979777877,0.444380318057698,31
"20855","MT","Santo Antônio do Leverger",16999,30132.88,51017,"Cuiabá",5,"Centro-oeste",0,"510780",6,19,3,16,7,12,0,0,0,0,0,19,3,16,7,12,16,10.3133722133512,9.74090979777877,0.443800731901228,30
"20856","MT","Santo Antônio do Leverger",16999,30132.88,51017,"Cuiabá",5,"Centro-oeste",0,"510780",7,20,0,20,9,11,1,0,0,0,0,21,0,20,9,11,17,10.3133722133512,9.74090979777877,0.479456509687223,29
"20857","MT","São Félix do Araguaia",11843,57651.97,51009,"Norte Araguaia",5,"Centro-oeste",0,"510785",2,20,6,14,9,11,0,0,0,0,0,20,6,14,9,11,3,10.9621796968393,9.37949225472149,0.342418509425452,29
"20858","MT","São Félix do Araguaia",11843,57651.97,51009,"Norte Araguaia",5,"Centro-oeste",0,"510785",3,19,4,15,13,6,0,0,0,0,0,19,4,15,13,6,2,10.9621796968393,9.37949225472149,0.394239528808983,31
"20859","MT","São Félix do Araguaia",11843,57651.97,51009,"Norte Araguaia",5,"Centro-oeste",0,"510785",4,8,3,5,5,3,0,0,0,0,0,8,3,5,5,3,6,10.9621796968393,9.37949225472149,0.426169556385437,30
"20860","MT","São Félix do Araguaia",11843,57651.97,51009,"Norte Araguaia",5,"Centro-oeste",0,"510785",5,10,3,7,5,5,0,0,0,0,0,10,3,7,5,5,1,10.9621796968393,9.37949225472149,0.496430876202533,31
"20861","MT","São Félix do Araguaia",11843,57651.97,51009,"Norte Araguaia",5,"Centro-oeste",0,"510785",6,15,5,10,8,7,0,0,0,0,0,15,5,10,8,7,1,10.9621796968393,9.37949225472149,0.469096638229873,30
"20862","MT","São Félix do Araguaia",11843,57651.97,51009,"Norte Araguaia",5,"Centro-oeste",0,"510785",7,13,6,7,11,2,0,0,0,0,0,13,6,7,11,2,7,10.9621796968393,9.37949225472149,0.485946546197663,29
"20863","MT","Sapezal",26688,116763.71,51004,"Parecis",5,"Centro-oeste",1,"510787",2,75,19,56,32,43,1,0,0,0,0,76,19,56,32,43,4,11.6679075990436,10.1919693051585,0.308145356884967,29
"20864","MT","Sapezal",26688,116763.71,51004,"Parecis",5,"Centro-oeste",1,"510787",3,72,12,60,32,40,0,0,0,0,0,72,12,60,32,40,6,11.6679075990436,10.1919693051585,0.39150137245388,31
"20865","MT","Sapezal",26688,116763.71,51004,"Parecis",5,"Centro-oeste",1,"510787",4,34,7,27,17,17,1,0,0,0,0,35,7,27,17,17,6,11.6679075990436,10.1919693051585,0.407921533259525,30
"20866","MT","Sapezal",26688,116763.71,51004,"Parecis",5,"Centro-oeste",1,"510787",5,39,13,26,21,18,0,0,0,0,0,39,13,26,21,18,5,11.6679075990436,10.1919693051585,0.399966502760518,31
"20867","MT","Sapezal",26688,116763.71,51004,"Parecis",5,"Centro-oeste",1,"510787",6,44,7,37,19,25,1,0,0,0,0,45,7,37,19,25,6,11.6679075990436,10.1919693051585,0.38552105953025,30
"20868","MT","Sapezal",26688,116763.71,51004,"Parecis",5,"Centro-oeste",1,"510787",7,53,18,35,23,30,2,0,0,0,0,55,18,35,23,30,11,11.6679075990436,10.1919693051585,0.419940947140639,29
"20869","MT","Sinop",146005,45050.74,51007,"Sinop",5,"Centro-oeste",1,"510790",2,500,90,410,183,317,1,0,0,0,0,501,90,410,183,317,46,10.7155446890947,11.8913961466794,0.320153248085405,29
"20870","MT","Sinop",146005,45050.74,51007,"Sinop",5,"Centro-oeste",1,"510790",3,500,74,426,198,302,1,0,0,0,0,501,74,426,198,302,64,10.7155446890947,11.8913961466794,0.401732219328067,31
"20871","MT","Sinop",146005,45050.74,51007,"Sinop",5,"Centro-oeste",1,"510790",4,309,54,255,122,187,1,0,0,0,0,310,54,255,122,187,74,10.7155446890947,11.8913961466794,0.430127696591965,30
"20872","MT","Sinop",146005,45050.74,51007,"Sinop",5,"Centro-oeste",1,"510790",5,309,42,267,140,169,0,0,0,0,0,309,42,267,140,169,70,10.7155446890947,11.8913961466794,0.394472539487203,31
"20873","MT","Sinop",146005,45050.74,51007,"Sinop",5,"Centro-oeste",1,"510790",6,263,47,216,99,164,0,0,0,0,0,263,47,216,99,164,78,10.7155446890947,11.8913961466794,0.401576883271921,30
"20874","MT","Sinop",146005,45050.74,51007,"Sinop",5,"Centro-oeste",1,"510790",7,291,51,240,130,161,4,0,0,0,0,295,51,240,130,161,93,10.7155446890947,11.8913961466794,0.402105890287386,29
"20875","MT","Sorriso",92769,68895.07,51006,"Alto Teles Pires",5,"Centro-oeste",1,"510792",2,315,67,248,114,201,1,0,0,0,0,316,67,248,114,201,27,11.1403399014664,11.4378678112424,0.299183874931314,29
"20876","MT","Sorriso",92769,68895.07,51006,"Alto Teles Pires",5,"Centro-oeste",1,"510792",3,217,59,158,93,124,1,0,0,0,0,218,59,158,93,124,34,11.1403399014664,11.4378678112424,0.374979292187265,31
"20877","MT","Sorriso",92769,68895.07,51006,"Alto Teles Pires",5,"Centro-oeste",1,"510792",4,162,37,125,66,96,4,0,0,0,0,166,37,125,66,96,36,11.1403399014664,11.4378678112424,0.396215812757116,30
"20878","MT","Sorriso",92769,68895.07,51006,"Alto Teles Pires",5,"Centro-oeste",1,"510792",5,185,36,149,69,116,2,0,0,0,0,187,36,149,69,116,30,11.1403399014664,11.4378678112424,0.404028227527554,31
"20879","MT","Sorriso",92769,68895.07,51006,"Alto Teles Pires",5,"Centro-oeste",1,"510792",6,195,39,156,67,128,2,0,0,0,0,197,39,156,67,128,42,11.1403399014664,11.4378678112424,0.39954922996043,30
"20880","MT","Sorriso",92769,68895.07,51006,"Alto Teles Pires",5,"Centro-oeste",1,"510792",7,167,37,130,86,81,1,0,0,0,0,168,37,130,86,81,77,11.1403399014664,11.4378678112424,0.407147696428851,29
"20881","MT","Tangará da Serra",105711,31823.37,51013,"Tangará da Serra",5,"Centro-oeste",1,"510795",2,279,52,227,104,175,0,0,0,0,0,279,52,227,104,175,46,10.3679562045177,11.5684642345609,0.327052507300803,29
"20882","MT","Tangará da Serra",105711,31823.37,51013,"Tangará da Serra",5,"Centro-oeste",1,"510795",3,286,51,235,119,167,2,0,0,0,0,288,51,235,119,167,56,10.3679562045177,11.5684642345609,0.402300575969471,31
"20883","MT","Tangará da Serra",105711,31823.37,51013,"Tangará da Serra",5,"Centro-oeste",1,"510795",4,160,22,138,51,109,0,0,0,0,0,160,22,138,51,109,44,10.3679562045177,11.5684642345609,0.442497527223587,30
"20884","MT","Tangará da Serra",105711,31823.37,51013,"Tangará da Serra",5,"Centro-oeste",1,"510795",5,145,23,122,55,90,2,0,0,0,0,147,23,122,55,90,35,10.3679562045177,11.5684642345609,0.420225739820747,31
"20885","MT","Tangará da Serra",105711,31823.37,51013,"Tangará da Serra",5,"Centro-oeste",1,"510795",6,179,21,158,75,104,1,0,0,0,0,180,21,158,75,104,51,10.3679562045177,11.5684642345609,0.41449498734923,30
"20886","MT","Tangará da Serra",105711,31823.37,51013,"Tangará da Serra",5,"Centro-oeste",1,"510795",7,140,24,116,56,84,2,0,0,0,0,142,24,116,56,84,66,10.3679562045177,11.5684642345609,0.421111752885084,29
"20887","MT","Tapurah",14046,67010.9,51006,"Alto Teles Pires",5,"Centro-oeste",0,"510800",2,36,7,29,14,22,0,0,0,0,0,36,7,29,14,22,2,11.1126105717082,9.55009293671897,0.356555189973624,29
"20888","MT","Tapurah",14046,67010.9,51006,"Alto Teles Pires",5,"Centro-oeste",0,"510800",3,23,2,21,8,15,1,0,0,0,0,24,2,21,8,15,2,11.1126105717082,9.55009293671897,0.406983095635024,31
"20889","MT","Tapurah",14046,67010.9,51006,"Alto Teles Pires",5,"Centro-oeste",0,"510800",4,20,4,16,7,13,0,0,0,0,0,20,4,16,7,13,8,11.1126105717082,9.55009293671897,0.429805700051671,30
"20890","MT","Tapurah",14046,67010.9,51006,"Alto Teles Pires",5,"Centro-oeste",0,"510800",5,10,3,7,6,4,0,0,0,0,0,10,3,7,6,4,4,11.1126105717082,9.55009293671897,0.417122759310057,31
"20891","MT","Tapurah",14046,67010.9,51006,"Alto Teles Pires",5,"Centro-oeste",0,"510800",6,24,3,21,10,14,0,0,0,0,0,24,3,21,10,14,2,11.1126105717082,9.55009293671897,0.426193064580277,30
"20892","MT","Tapurah",14046,67010.9,51006,"Alto Teles Pires",5,"Centro-oeste",0,"510800",7,28,5,23,11,17,0,0,0,0,0,28,5,23,11,17,11,11.1126105717082,9.55009293671897,0.423315611302747,29
"20893","MT","Várzea Grande",287526,28311.9,51017,"Cuiabá",5,"Centro-oeste",1,"510840",2,638,83,555,262,376,2,0,0,0,0,640,83,555,262,376,127,10.2510374899479,12.5690685699132,0.290519919917332,29
"20894","MT","Várzea Grande",287526,28311.9,51017,"Cuiabá",5,"Centro-oeste",1,"510840",3,519,73,446,226,293,5,0,0,0,0,524,73,446,226,293,151,10.2510374899479,12.5690685699132,0.381165150976322,31
"20895","MT","Várzea Grande",287526,28311.9,51017,"Cuiabá",5,"Centro-oeste",1,"510840",4,418,56,362,187,231,6,0,0,0,0,424,56,362,187,231,126,10.2510374899479,12.5690685699132,0.416843885092645,30
"20896","MT","Várzea Grande",287526,28311.9,51017,"Cuiabá",5,"Centro-oeste",1,"510840",5,396,49,347,151,245,3,0,0,0,0,399,49,347,151,245,130,10.2510374899479,12.5690685699132,0.378079500171763,31
"20897","MT","Várzea Grande",287526,28311.9,51017,"Cuiabá",5,"Centro-oeste",1,"510840",6,412,37,375,170,242,4,0,0,0,0,416,37,375,170,242,290,10.2510374899479,12.5690685699132,0.381230021433552,30
"20898","MT","Várzea Grande",287526,28311.9,51017,"Cuiabá",5,"Centro-oeste",1,"510840",7,404,42,362,166,238,3,0,0,0,0,407,42,362,166,238,337,10.2510374899479,12.5690685699132,0.39464842286622,29
"20899","MT","Vila Rica",26496,19897.29,51009,"Norte Araguaia",5,"Centro-oeste",0,"510860",2,40,10,30,22,18,0,0,0,0,0,40,10,30,22,18,7,9.8983388205346,10.184749057185,0.33058697658187,29
"20900","MT","Vila Rica",26496,19897.29,51009,"Norte Araguaia",5,"Centro-oeste",0,"510860",3,43,11,32,25,18,0,0,0,0,0,43,11,32,25,18,4,9.8983388205346,10.184749057185,0.400770537269871,31
"20901","MT","Vila Rica",26496,19897.29,51009,"Norte Araguaia",5,"Centro-oeste",0,"510860",4,25,5,20,7,18,0,0,0,0,0,25,5,20,7,18,6,9.8983388205346,10.184749057185,0.384069251700061,30
"20902","MT","Vila Rica",26496,19897.29,51009,"Norte Araguaia",5,"Centro-oeste",0,"510860",5,21,8,13,8,13,0,0,0,0,0,21,8,13,8,13,10,9.8983388205346,10.184749057185,0.386516238346776,31
"20903","MT","Vila Rica",26496,19897.29,51009,"Norte Araguaia",5,"Centro-oeste",0,"510860",6,15,7,8,8,7,0,0,0,0,0,15,7,8,8,7,7,9.8983388205346,10.184749057185,0.383506960869937,30
"20904","MT","Vila Rica",26496,19897.29,51009,"Norte Araguaia",5,"Centro-oeste",0,"510860",7,28,13,15,16,12,0,0,0,0,0,28,13,15,16,12,9,9.8983388205346,10.184749057185,0.386410576385081,29
"20905","GO","Abadia de Goiás",8958,26505.89,52010,"Goiânia",5,"Centro-oeste",1,"520005",2,28,7,21,11,17,0,0,0,0,0,28,7,21,11,17,8,10.1851222514282,9.10030226676725,0.300471957362297,29
"20906","GO","Abadia de Goiás",8958,26505.89,52010,"Goiânia",5,"Centro-oeste",1,"520005",3,30,11,19,13,17,0,0,0,0,0,30,11,19,13,17,6,10.1851222514282,9.10030226676725,0.371665002368743,31
"20907","GO","Abadia de Goiás",8958,26505.89,52010,"Goiânia",5,"Centro-oeste",1,"520005",4,22,2,20,10,12,0,0,0,0,0,22,2,20,10,12,5,10.1851222514282,9.10030226676725,0.401782587580831,30
"20908","GO","Abadia de Goiás",8958,26505.89,52010,"Goiânia",5,"Centro-oeste",1,"520005",5,11,2,9,5,6,0,0,0,0,0,11,2,9,5,6,6,10.1851222514282,9.10030226676725,0.363728187754741,31
"20909","GO","Abadia de Goiás",8958,26505.89,52010,"Goiânia",5,"Centro-oeste",1,"520005",6,15,3,12,5,10,0,0,0,0,0,15,3,12,5,10,9,10.1851222514282,9.10030226676725,0.35723732075621,30
"20910","GO","Abadia de Goiás",8958,26505.89,52010,"Goiânia",5,"Centro-oeste",1,"520005",7,19,5,14,6,13,0,0,0,0,0,19,5,14,6,13,6,10.1851222514282,9.10030226676725,0.385006666551346,29
"20911","GO","Abadiânia",20461,16132.95,52012,"Entorno de Brasília",5,"Centro-oeste",0,"520010",2,30,7,23,12,18,0,0,0,0,0,30,7,23,12,18,8,9.68861904342375,9.92627591416656,0.316303535485691,29
"20912","GO","Abadiânia",20461,16132.95,52012,"Entorno de Brasília",5,"Centro-oeste",0,"520010",3,26,4,22,10,16,0,0,0,0,0,26,4,22,10,16,9,9.68861904342375,9.92627591416656,0.386849006779945,31
"20913","GO","Abadiânia",20461,16132.95,52012,"Entorno de Brasília",5,"Centro-oeste",0,"520010",4,14,4,10,8,6,1,0,0,0,0,15,4,10,8,6,6,9.68861904342375,9.92627591416656,0.422321449741029,30
"20914","GO","Abadiânia",20461,16132.95,52012,"Entorno de Brasília",5,"Centro-oeste",0,"520010",5,21,5,16,8,13,1,0,0,0,0,22,5,16,8,13,8,9.68861904342375,9.92627591416656,0.39345787687266,31
"20915","GO","Abadiânia",20461,16132.95,52012,"Entorno de Brasília",5,"Centro-oeste",0,"520010",6,13,2,11,4,9,1,0,0,0,0,14,2,11,4,9,11,9.68861904342375,9.92627591416656,0.381193082523839,30
"20916","GO","Abadiânia",20461,16132.95,52012,"Entorno de Brasília",5,"Centro-oeste",0,"520010",7,8,1,7,6,2,0,0,0,0,0,8,1,7,6,2,16,9.68861904342375,9.92627591416656,0.396409676647722,29
"20917","GO","Acreúna",22546,30271.32,52014,"Vale do Rio dos Bois",5,"Centro-oeste",1,"520013",2,32,5,27,15,17,0,0,0,0,0,32,5,27,15,17,6,10.3179560085972,10.0233129456045,0.289238497528312,29
"20918","GO","Acreúna",22546,30271.32,52014,"Vale do Rio dos Bois",5,"Centro-oeste",1,"520013",3,42,5,37,17,25,0,0,0,0,0,42,5,37,17,25,15,10.3179560085972,10.0233129456045,0.35596832928503,31
"20919","GO","Acreúna",22546,30271.32,52014,"Vale do Rio dos Bois",5,"Centro-oeste",1,"520013",4,24,3,21,11,13,1,0,0,0,0,25,3,21,11,13,13,10.3179560085972,10.0233129456045,0.375963646818588,30
"20920","GO","Acreúna",22546,30271.32,52014,"Vale do Rio dos Bois",5,"Centro-oeste",1,"520013",5,23,7,16,10,13,0,0,0,0,0,23,7,16,10,13,13,10.3179560085972,10.0233129456045,0.364031173249646,31
"20921","GO","Acreúna",22546,30271.32,52014,"Vale do Rio dos Bois",5,"Centro-oeste",1,"520013",6,28,7,21,11,17,0,0,0,0,0,28,7,21,11,17,17,10.3179560085972,10.0233129456045,0.373351232709841,30
"20922","GO","Acreúna",22546,30271.32,52014,"Vale do Rio dos Bois",5,"Centro-oeste",1,"520013",7,23,6,17,9,14,0,0,0,0,0,23,6,17,9,14,14,10.3179560085972,10.0233129456045,0.376493009285918,29
"20923","GO","Água Fria de Goiás",5793,45025.66,52012,"Entorno de Brasília",5,"Centro-oeste",0,"520017",2,6,0,6,1,5,0,0,0,0,0,6,0,6,1,5,0,10.7149878284598,8.66440557109662,0.288052201101418,29
"20924","GO","Água Fria de Goiás",5793,45025.66,52012,"Entorno de Brasília",5,"Centro-oeste",0,"520017",3,6,0,6,4,2,0,0,0,0,0,6,0,6,4,2,4,10.7149878284598,8.66440557109662,0.363134157478749,31
"20925","GO","Água Fria de Goiás",5793,45025.66,52012,"Entorno de Brasília",5,"Centro-oeste",0,"520017",4,3,1,2,1,2,0,0,0,0,0,3,1,2,1,2,6,10.7149878284598,8.66440557109662,0.367388239255932,30
"20926","GO","Água Fria de Goiás",5793,45025.66,52012,"Entorno de Brasília",5,"Centro-oeste",0,"520017",5,6,5,1,1,5,0,0,0,0,0,6,5,1,1,5,2,10.7149878284598,8.66440557109662,0.408649990664988,31
"20927","GO","Água Fria de Goiás",5793,45025.66,52012,"Entorno de Brasília",5,"Centro-oeste",0,"520017",6,5,1,4,3,2,0,0,0,0,0,5,1,4,3,2,3,10.7149878284598,8.66440557109662,0.406883393774756,30
"20928","GO","Água Fria de Goiás",5793,45025.66,52012,"Entorno de Brasília",5,"Centro-oeste",0,"520017",7,6,1,5,3,3,0,0,0,0,0,6,1,5,3,3,2,10.7149878284598,8.66440557109662,0.469794287373579,29
"20929","GO","Águas Lindas de Goiás",217698,9100.34,52012,"Entorno de Brasília",5,"Centro-oeste",1,"520025",2,421,134,287,157,264,4,0,0,0,0,425,134,287,157,264,63,9.11606705444434,12.2908640602259,0.299096885321428,29
"20930","GO","Águas Lindas de Goiás",217698,9100.34,52012,"Entorno de Brasília",5,"Centro-oeste",1,"520025",3,410,127,283,175,235,0,0,0,0,0,410,127,283,175,235,58,9.11606705444434,12.2908640602259,0.394706915672016,31
"20931","GO","Águas Lindas de Goiás",217698,9100.34,52012,"Entorno de Brasília",5,"Centro-oeste",1,"520025",4,230,69,161,109,121,3,0,0,0,0,233,69,161,109,121,61,9.11606705444434,12.2908640602259,0.427508986784086,30
"20932","GO","Águas Lindas de Goiás",217698,9100.34,52012,"Entorno de Brasília",5,"Centro-oeste",1,"520025",5,241,78,163,117,124,3,0,0,0,0,244,78,163,117,124,69,9.11606705444434,12.2908640602259,0.391754856348805,31
"20933","GO","Águas Lindas de Goiás",217698,9100.34,52012,"Entorno de Brasília",5,"Centro-oeste",1,"520025",6,245,62,183,100,145,4,0,0,0,0,249,62,183,100,145,105,9.11606705444434,12.2908640602259,0.379093841628444,30
"20934","GO","Águas Lindas de Goiás",217698,9100.34,52012,"Entorno de Brasília",5,"Centro-oeste",1,"520025",7,273,78,195,104,169,2,0,0,0,0,275,78,195,104,169,86,9.11606705444434,12.2908640602259,0.394675053880669,29
"20935","GO","Alexânia",28010,29731.85,52012,"Entorno de Brasília",5,"Centro-oeste",0,"520030",2,61,11,50,29,32,0,0,0,0,0,61,11,50,29,32,19,10.2999741407632,10.2403168682542,0.291284531762514,29
"20936","GO","Alexânia",28010,29731.85,52012,"Entorno de Brasília",5,"Centro-oeste",0,"520030",3,49,15,34,27,22,0,0,0,0,0,49,15,34,27,22,16,10.2999741407632,10.2403168682542,0.378651125235696,31
"20937","GO","Alexânia",28010,29731.85,52012,"Entorno de Brasília",5,"Centro-oeste",0,"520030",4,38,7,31,17,21,1,0,0,0,0,39,7,31,17,21,13,10.2999741407632,10.2403168682542,0.398261238575514,30
"20938","GO","Alexânia",28010,29731.85,52012,"Entorno de Brasília",5,"Centro-oeste",0,"520030",5,31,12,19,14,17,1,0,0,0,0,32,12,19,14,17,21,10.2999741407632,10.2403168682542,0.3631911359031,31
"20939","GO","Alexânia",28010,29731.85,52012,"Entorno de Brasília",5,"Centro-oeste",0,"520030",6,29,5,24,13,16,0,0,0,0,0,29,5,24,13,16,21,10.2999741407632,10.2403168682542,0.358384622324481,30
"20940","GO","Alexânia",28010,29731.85,52012,"Entorno de Brasília",5,"Centro-oeste",0,"520030",7,36,8,28,7,29,0,0,0,0,0,36,8,28,7,29,17,10.2999741407632,10.2403168682542,0.375707299441936,29
"20941","GO","Alto Horizonte",6605,146833.35,52004,"Porangatu",5,"Centro-oeste",0,"520055",2,14,3,11,4,10,0,0,0,0,0,14,3,11,4,10,6,11.8970535491976,8.79558221695643,0.285674316849146,29
"20942","GO","Alto Horizonte",6605,146833.35,52004,"Porangatu",5,"Centro-oeste",0,"520055",3,14,5,9,8,6,0,0,0,0,0,14,5,9,8,6,4,11.8970535491976,8.79558221695643,0.364765473871583,31
"20943","GO","Alto Horizonte",6605,146833.35,52004,"Porangatu",5,"Centro-oeste",0,"520055",4,17,2,15,5,12,0,0,0,0,0,17,2,15,5,12,2,11.8970535491976,8.79558221695643,0.378168713376317,30
"20944","GO","Alto Horizonte",6605,146833.35,52004,"Porangatu",5,"Centro-oeste",0,"520055",5,5,1,4,2,3,0,0,0,0,0,5,1,4,2,3,3,11.8970535491976,8.79558221695643,0.34975703020912,31
"20945","GO","Alto Horizonte",6605,146833.35,52004,"Porangatu",5,"Centro-oeste",0,"520055",6,17,7,10,7,10,0,0,0,0,0,17,7,10,7,10,6,11.8970535491976,8.79558221695643,0.349915261116936,30
"20946","GO","Alto Horizonte",6605,146833.35,52004,"Porangatu",5,"Centro-oeste",0,"520055",7,15,3,12,9,6,0,0,0,0,0,15,3,12,9,6,1,11.8970535491976,8.79558221695643,0.386398957127272,29
"20947","GO","Alto Paraíso de Goiás",7688,22173.34,52005,"Chapada dos Veadeiros",5,"Centro-oeste",0,"520060",2,26,10,16,9,17,0,0,0,0,0,26,10,16,9,17,5,10.0066459453002,8.94741595065013,0.256230524750399,29
"20948","GO","Alto Paraíso de Goiás",7688,22173.34,52005,"Chapada dos Veadeiros",5,"Centro-oeste",0,"520060",3,19,3,16,9,10,0,0,0,0,0,19,3,16,9,10,5,10.0066459453002,8.94741595065013,0.369516915599996,31
"20949","GO","Alto Paraíso de Goiás",7688,22173.34,52005,"Chapada dos Veadeiros",5,"Centro-oeste",0,"520060",4,8,1,7,3,5,0,0,0,0,0,8,1,7,3,5,1,10.0066459453002,8.94741595065013,0.414459902679556,30
"20950","GO","Alto Paraíso de Goiás",7688,22173.34,52005,"Chapada dos Veadeiros",5,"Centro-oeste",0,"520060",5,14,6,8,5,9,0,0,0,0,0,14,6,8,5,9,2,10.0066459453002,8.94741595065013,0.408804300291777,31
"20951","GO","Alto Paraíso de Goiás",7688,22173.34,52005,"Chapada dos Veadeiros",5,"Centro-oeste",0,"520060",6,8,2,6,5,3,1,0,0,0,0,9,2,6,5,3,3,10.0066459453002,8.94741595065013,0.403083601056194,30
"20952","GO","Alto Paraíso de Goiás",7688,22173.34,52005,"Chapada dos Veadeiros",5,"Centro-oeste",0,"520060",7,9,0,9,3,6,1,0,0,0,0,10,0,9,3,6,3,10.0066459453002,8.94741595065013,0.449288523900581,29
"20953","GO","Alvorada do Norte",8705,14929.92,52011,"Vão do Paranã",5,"Centro-oeste",1,"520080",2,22,4,18,10,12,0,0,0,0,0,22,4,18,10,12,3,9.61112253217997,9.07165285220229,0.274147126464657,29
"20954","GO","Alvorada do Norte",8705,14929.92,52011,"Vão do Paranã",5,"Centro-oeste",1,"520080",3,17,7,10,8,9,0,0,0,0,0,17,7,10,8,9,4,9.61112253217997,9.07165285220229,0.338182022763843,31
"20955","GO","Alvorada do Norte",8705,14929.92,52011,"Vão do Paranã",5,"Centro-oeste",1,"520080",4,9,2,7,2,7,0,0,0,0,0,9,2,7,2,7,3,9.61112253217997,9.07165285220229,0.394600769936849,30
"20956","GO","Alvorada do Norte",8705,14929.92,52011,"Vão do Paranã",5,"Centro-oeste",1,"520080",5,15,3,12,7,8,0,0,0,0,0,15,3,12,7,8,5,9.61112253217997,9.07165285220229,0.352529284400281,31
"20957","GO","Alvorada do Norte",8705,14929.92,52011,"Vão do Paranã",5,"Centro-oeste",1,"520080",6,13,2,11,8,5,0,0,0,0,0,13,2,11,8,5,9,9.61112253217997,9.07165285220229,0.360800427124894,30
"20958","GO","Alvorada do Norte",8705,14929.92,52011,"Vão do Paranã",5,"Centro-oeste",1,"520080",7,14,2,12,7,7,0,0,0,0,0,14,2,12,7,7,5,9.61112253217997,9.07165285220229,0.374268243891749,29
"20959","GO","Americano do Brasil",6164,11153.21,52009,"Anicuns",5,"Centro-oeste",0,"520085",2,22,8,14,11,11,0,0,0,0,0,22,8,14,11,11,7,9.31948262783189,8.72648119644001,0.335961609886042,29
"20960","GO","Americano do Brasil",6164,11153.21,52009,"Anicuns",5,"Centro-oeste",0,"520085",3,15,3,12,7,8,0,0,0,0,0,15,3,12,7,8,2,9.31948262783189,8.72648119644001,0.402545168671006,31
"20961","GO","Americano do Brasil",6164,11153.21,52009,"Anicuns",5,"Centro-oeste",0,"520085",4,2,1,1,2,0,0,0,0,0,0,2,1,1,2,0,2,9.31948262783189,8.72648119644001,0.439667996987643,30
"20962","GO","Americano do Brasil",6164,11153.21,52009,"Anicuns",5,"Centro-oeste",0,"520085",5,6,1,5,3,3,0,0,0,0,0,6,1,5,3,3,3,9.31948262783189,8.72648119644001,0.411043102647073,31
"20963","GO","Americano do Brasil",6164,11153.21,52009,"Anicuns",5,"Centro-oeste",0,"520085",6,5,0,5,3,2,0,0,0,0,0,5,0,5,3,2,3,9.31948262783189,8.72648119644001,0.43270688222725,30
"20964","GO","Americano do Brasil",6164,11153.21,52009,"Anicuns",5,"Centro-oeste",0,"520085",7,8,1,7,3,5,0,0,0,0,0,8,1,7,3,5,4,9.31948262783189,8.72648119644001,0.403099073499001,29
"20965","GO","Anápolis",391772,37277.1,52007,"Anápolis",5,"Centro-oeste",1,"520110",2,808,101,707,308,500,6,0,0,0,0,814,101,707,308,500,189,10.5261344760742,12.8784353169056,0.296101683886818,29
"20966","GO","Anápolis",391772,37277.1,52007,"Anápolis",5,"Centro-oeste",1,"520110",3,771,136,635,271,500,1,0,0,0,0,772,136,635,271,500,230,10.5261344760742,12.8784353169056,0.390219889572788,31
"20967","GO","Anápolis",391772,37277.1,52007,"Anápolis",5,"Centro-oeste",1,"520110",4,525,78,447,181,344,8,0,0,0,0,533,78,447,181,344,169,10.5261344760742,12.8784353169056,0.425021668472244,30
"20968","GO","Anápolis",391772,37277.1,52007,"Anápolis",5,"Centro-oeste",1,"520110",5,512,70,442,193,319,1,0,0,0,0,513,70,442,193,319,204,10.5261344760742,12.8784353169056,0.374928152278274,31
"20969","GO","Anápolis",391772,37277.1,52007,"Anápolis",5,"Centro-oeste",1,"520110",6,522,77,445,189,333,9,0,0,0,0,531,77,445,189,333,195,10.5261344760742,12.8784353169056,0.355427992553756,30
"20970","GO","Anápolis",391772,37277.1,52007,"Anápolis",5,"Centro-oeste",1,"520110",7,526,70,456,177,349,2,0,0,0,0,528,70,456,177,349,315,10.5261344760742,12.8784353169056,0.36931675522245,29
"20971","GO","Anicuns",21981,17820.94,52009,"Anicuns",5,"Centro-oeste",0,"520130",2,26,3,23,10,16,0,0,0,0,0,26,3,23,10,16,16,9.788129449353,9.99793372282807,0.291286890257889,29
"20972","GO","Anicuns",21981,17820.94,52009,"Anicuns",5,"Centro-oeste",0,"520130",3,28,4,24,6,22,0,0,0,0,0,28,4,24,6,22,6,9.788129449353,9.99793372282807,0.374485420748635,31
"20973","GO","Anicuns",21981,17820.94,52009,"Anicuns",5,"Centro-oeste",0,"520130",4,17,2,15,5,12,0,0,0,0,0,17,2,15,5,12,5,9.788129449353,9.99793372282807,0.390782920642618,30
"20974","GO","Anicuns",21981,17820.94,52009,"Anicuns",5,"Centro-oeste",0,"520130",5,14,1,13,3,11,0,0,0,0,0,14,1,13,3,11,8,9.788129449353,9.99793372282807,0.356240761279865,31
"20975","GO","Anicuns",21981,17820.94,52009,"Anicuns",5,"Centro-oeste",0,"520130",6,20,3,17,11,9,0,0,0,0,0,20,3,17,11,9,13,9.788129449353,9.99793372282807,0.342366697461002,30
"20976","GO","Anicuns",21981,17820.94,52009,"Anicuns",5,"Centro-oeste",0,"520130",7,22,3,19,8,14,0,0,0,0,0,22,3,19,8,14,9,9.788129449353,9.99793372282807,0.370352843674447,29
"20977","GO","Aparecida de Goiânia",590146,23439.72,52010,"Goiânia",5,"Centro-oeste",1,"520140",2,1096,198,898,412,684,4,0,0,0,0,1100,198,898,412,684,230,10.0621872982271,13.2881252428964,0.284661671567633,29
"20978","GO","Aparecida de Goiânia",590146,23439.72,52010,"Goiânia",5,"Centro-oeste",1,"520140",3,1091,200,891,427,664,3,0,0,0,0,1094,200,891,427,664,229,10.0621872982271,13.2881252428964,0.387252897695556,31
"20979","GO","Aparecida de Goiânia",590146,23439.72,52010,"Goiânia",5,"Centro-oeste",1,"520140",4,650,122,528,258,392,7,0,0,0,0,657,122,528,258,392,222,10.0621872982271,13.2881252428964,0.428897200506932,30
"20980","GO","Aparecida de Goiânia",590146,23439.72,52010,"Goiânia",5,"Centro-oeste",1,"520140",5,657,122,535,228,429,5,0,0,0,0,662,122,535,228,429,220,10.0621872982271,13.2881252428964,0.378387751460422,31
"20981","GO","Aparecida de Goiânia",590146,23439.72,52010,"Goiânia",5,"Centro-oeste",1,"520140",6,670,104,566,259,411,2,0,0,0,0,672,104,566,259,411,258,10.0621872982271,13.2881252428964,0.361454090988061,30
"20982","GO","Aparecida de Goiânia",590146,23439.72,52010,"Goiânia",5,"Centro-oeste",1,"520140",7,584,123,461,228,356,8,0,0,0,0,592,123,461,228,356,401,10.0621872982271,13.2881252428964,0.379679904826856,29
"20983","GO","Araçu",3486,15008.13,52007,"Anápolis",5,"Centro-oeste",0,"520160",2,5,0,5,1,4,1,0,0,0,0,6,0,5,1,4,1,9.6163473332554,8.15651022607997,0.284769324760993,29
"20984","GO","Araçu",3486,15008.13,52007,"Anápolis",5,"Centro-oeste",0,"520160",3,3,0,3,1,2,0,0,0,0,0,3,0,3,1,2,4,9.6163473332554,8.15651022607997,0.359678450785249,31
"20985","GO","Araçu",3486,15008.13,52007,"Anápolis",5,"Centro-oeste",0,"520160",4,2,0,2,1,1,0,0,0,0,0,2,0,2,1,1,5,9.6163473332554,8.15651022607997,0.379887422839465,30
"20986","GO","Araçu",3486,15008.13,52007,"Anápolis",5,"Centro-oeste",0,"520160",5,0,0,0,0,0,0,0,0,0,0,0,0,0,0,0,3,9.6163473332554,8.15651022607997,0.357922854778389,31
"20987","GO","Araçu",3486,15008.13,52007,"Anápolis",5,"Centro-oeste",0,"520160",6,2,0,2,0,2,0,0,0,0,0,2,0,2,0,2,5,9.6163473332554,8.15651022607997,0.37549756009665,30
"20988","GO","Araçu",3486,15008.13,52007,"Anápolis",5,"Centro-oeste",0,"520160",7,1,0,1,0,1,0,0,0,0,0,1,0,1,0,1,5,9.6163473332554,8.15651022607997,0.368776383447746,29
"20989","GO","Aragarças",20273,12266.97,52003,"Aragarças",5,"Centro-oeste",1,"520170",2,18,1,17,9,9,0,0,0,0,0,18,1,17,9,9,6,9.41466556344404,9.91704523046819,0.291196683894512,29
"20990","GO","Aragarças",20273,12266.97,52003,"Aragarças",5,"Centro-oeste",1,"520170",3,30,6,24,8,22,0,0,0,0,0,30,6,24,8,22,4,9.41466556344404,9.91704523046819,0.39604659342465,31
"20991","GO","Aragarças",20273,12266.97,52003,"Aragarças",5,"Centro-oeste",1,"520170",4,16,6,10,6,10,0,0,0,0,0,16,6,10,6,10,8,9.41466556344404,9.91704523046819,0.419407761428823,30
"20992","GO","Aragarças",20273,12266.97,52003,"Aragarças",5,"Centro-oeste",1,"520170",5,17,3,14,11,6,0,0,0,0,0,17,3,14,11,6,12,9.41466556344404,9.91704523046819,0.406425729926239,31
"20993","GO","Aragarças",20273,12266.97,52003,"Aragarças",5,"Centro-oeste",1,"520170",6,20,3,17,7,13,0,0,0,0,0,20,3,17,7,13,14,9.41466556344404,9.91704523046819,0.374834085788565,30
"20994","GO","Aragarças",20273,12266.97,52003,"Aragarças",5,"Centro-oeste",1,"520170",7,18,4,14,4,14,0,0,0,0,0,18,4,14,4,14,22,9.41466556344404,9.91704523046819,0.395375920391121,29
"20995","GO","Aragoiânia",10496,10709.31,52010,"Goiânia",5,"Centro-oeste",1,"520180",2,23,6,17,10,13,1,0,0,0,0,24,6,17,10,13,6,9.27886873559606,9.25874951118387,0.299586577356873,29
"20996","GO","Aragoiânia",10496,10709.31,52010,"Goiânia",5,"Centro-oeste",1,"520180",3,20,4,16,11,9,0,0,0,0,0,20,4,16,11,9,4,9.27886873559606,9.25874951118387,0.388008084415237,31
"20997","GO","Aragoiânia",10496,10709.31,52010,"Goiânia",5,"Centro-oeste",1,"520180",4,15,6,9,9,6,0,0,0,0,0,15,6,9,9,6,4,9.27886873559606,9.25874951118387,0.398992633947349,30
"20998","GO","Aragoiânia",10496,10709.31,52010,"Goiânia",5,"Centro-oeste",1,"520180",5,15,6,9,9,6,0,0,0,0,0,15,6,9,9,6,7,9.27886873559606,9.25874951118387,0.373624165546828,31
"20999","GO","Aragoiânia",10496,10709.31,52010,"Goiânia",5,"Centro-oeste",1,"520180",6,15,5,10,7,8,0,0,0,0,0,15,5,10,7,8,3,9.27886873559606,9.25874951118387,0.365253897871035,30
"21000","GO","Aragoiânia",10496,10709.31,52010,"Goiânia",5,"Centro-oeste",1,"520180",7,6,1,5,3,3,1,0,0,0,0,7,1,5,3,3,4,9.27886873559606,9.25874951118387,0.379418396314146,29
"21001","GO","Araguapaz",7783,15545.86,52002,"Rio Vermelho",5,"Centro-oeste",0,"520215",2,6,1,5,3,3,0,0,0,0,0,6,1,5,3,3,2,9.65154964421765,8.95969714695939,0.29285825629729,29
"21002","GO","Araguapaz",7783,15545.86,52002,"Rio Vermelho",5,"Centro-oeste",0,"520215",3,10,3,7,6,4,1,0,0,0,0,11,3,7,6,4,9,9.65154964421765,8.95969714695939,0.40521722308493,31
"21003","GO","Araguapaz",7783,15545.86,52002,"Rio Vermelho",5,"Centro-oeste",0,"520215",4,1,0,1,0,1,0,0,0,0,0,1,0,1,0,1,5,9.65154964421765,8.95969714695939,0.397338573585393,30
"21004","GO","Araguapaz",7783,15545.86,52002,"Rio Vermelho",5,"Centro-oeste",0,"520215",5,3,1,2,2,1,0,0,0,0,0,3,1,2,2,1,7,9.65154964421765,8.95969714695939,0.401167550074766,31
"21005","GO","Araguapaz",7783,15545.86,52002,"Rio Vermelho",5,"Centro-oeste",0,"520215",6,6,1,5,3,3,0,0,0,0,0,6,1,5,3,3,3,9.65154964421765,8.95969714695939,0.39051788699565,30
"21006","GO","Araguapaz",7783,15545.86,52002,"Rio Vermelho",5,"Centro-oeste",0,"520215",7,2,0,2,2,0,0,0,0,0,0,2,0,2,2,0,5,9.65154964421765,8.95969714695939,0.45781729522505,29
"21007","GO","Aruanã",10110,22990.62,52002,"Rio Vermelho",5,"Centro-oeste",0,"520250",2,15,5,10,10,5,0,0,0,0,0,15,5,10,10,5,8,10.0428415856407,9.22128031201452,0.282819418925087,29
"21008","GO","Aruanã",10110,22990.62,52002,"Rio Vermelho",5,"Centro-oeste",0,"520250",3,15,2,13,9,6,0,0,0,0,0,15,2,13,9,6,6,10.0428415856407,9.22128031201452,0.375922534896099,31
"21009","GO","Aruanã",10110,22990.62,52002,"Rio Vermelho",5,"Centro-oeste",0,"520250",4,11,4,7,5,6,0,0,0,0,0,11,4,7,5,6,6,10.0428415856407,9.22128031201452,0.408936266264596,30
"21010","GO","Aruanã",10110,22990.62,52002,"Rio Vermelho",5,"Centro-oeste",0,"520250",5,6,4,2,0,6,0,0,0,0,0,6,4,2,0,6,8,10.0428415856407,9.22128031201452,0.373172878508746,31
"21011","GO","Aruanã",10110,22990.62,52002,"Rio Vermelho",5,"Centro-oeste",0,"520250",6,9,2,7,2,7,0,0,0,0,0,9,2,7,2,7,2,10.0428415856407,9.22128031201452,0.360126035661735,30
"21012","GO","Aruanã",10110,22990.62,52002,"Rio Vermelho",5,"Centro-oeste",0,"520250",7,6,1,5,3,3,0,0,0,0,0,6,1,5,3,3,2,10.0428415856407,9.22128031201452,0.363325059828061,29
"21013","GO","Barro Alto",11408,84166.32,52006,"Ceres",5,"Centro-oeste",0,"520320",2,19,2,17,7,12,2,0,0,0,0,21,2,17,7,12,3,11.3405501202091,9.34207014265408,0.312744520465915,29
"21014","GO","Barro Alto",11408,84166.32,52006,"Ceres",5,"Centro-oeste",0,"520320",3,20,4,16,11,9,0,0,0,0,0,20,4,16,11,9,4,11.3405501202091,9.34207014265408,0.377806573603145,31
"21015","GO","Barro Alto",11408,84166.32,52006,"Ceres",5,"Centro-oeste",0,"520320",4,13,3,10,4,9,0,0,0,0,0,13,3,10,4,9,3,11.3405501202091,9.34207014265408,0.400476892961715,30
"21016","GO","Barro Alto",11408,84166.32,52006,"Ceres",5,"Centro-oeste",0,"520320",5,15,4,11,7,8,0,0,0,0,0,15,4,11,7,8,2,11.3405501202091,9.34207014265408,0.393313183299983,31
"21017","GO","Barro Alto",11408,84166.32,52006,"Ceres",5,"Centro-oeste",0,"520320",6,12,4,8,4,8,0,0,0,0,0,12,4,8,4,8,1,11.3405501202091,9.34207014265408,0.364050459410548,30
"21018","GO","Barro Alto",11408,84166.32,52006,"Ceres",5,"Centro-oeste",0,"520320",7,16,0,16,5,11,0,0,0,0,0,16,0,16,5,11,4,11.3405501202091,9.34207014265408,0.358258033601603,29
"21019","GO","Bela Vista de Goiás",30492,32975.87,52010,"Goiânia",5,"Centro-oeste",0,"520330",2,60,12,48,16,44,1,0,0,0,0,61,12,48,16,44,14,10.4035313608614,10.3252196331082,0.291669481250958,29
"21020","GO","Bela Vista de Goiás",30492,32975.87,52010,"Goiânia",5,"Centro-oeste",0,"520330",3,63,9,54,21,42,0,0,0,0,0,63,9,54,21,42,23,10.4035313608614,10.3252196331082,0.369899621238516,31
"21021","GO","Bela Vista de Goiás",30492,32975.87,52010,"Goiânia",5,"Centro-oeste",0,"520330",4,41,14,27,19,22,0,0,0,0,0,41,14,27,19,22,13,10.4035313608614,10.3252196331082,0.398815006056451,30
"21022","GO","Bela Vista de Goiás",30492,32975.87,52010,"Goiânia",5,"Centro-oeste",0,"520330",5,33,8,25,12,21,0,0,0,0,0,33,8,25,12,21,20,10.4035313608614,10.3252196331082,0.377297119527248,31
"21023","GO","Bela Vista de Goiás",30492,32975.87,52010,"Goiânia",5,"Centro-oeste",0,"520330",6,42,7,35,23,19,0,0,0,0,0,42,7,35,23,19,25,10.4035313608614,10.3252196331082,0.367790745375143,30
"21024","GO","Bela Vista de Goiás",30492,32975.87,52010,"Goiânia",5,"Centro-oeste",0,"520330",7,42,10,32,19,23,0,0,0,0,0,42,10,32,19,23,20,10.4035313608614,10.3252196331082,0.388747945898446,29
"21025","GO","Bom Jesus de Goiás",25648,30150.18,52015,"Meia Ponte",5,"Centro-oeste",1,"520350",2,41,12,29,24,17,0,0,0,0,0,41,12,29,24,17,11,10.3139461722868,10.1522208748493,0.326797523181809,29
"21026","GO","Bom Jesus de Goiás",25648,30150.18,52015,"Meia Ponte",5,"Centro-oeste",1,"520350",3,42,12,30,21,21,0,0,0,0,0,42,12,30,21,21,10,10.3139461722868,10.1522208748493,0.390380170916598,31
"21027","GO","Bom Jesus de Goiás",25648,30150.18,52015,"Meia Ponte",5,"Centro-oeste",1,"520350",4,31,7,24,13,18,0,0,0,0,0,31,7,24,13,18,13,10.3139461722868,10.1522208748493,0.401023328207095,30
"21028","GO","Bom Jesus de Goiás",25648,30150.18,52015,"Meia Ponte",5,"Centro-oeste",1,"520350",5,16,4,12,10,6,0,0,0,0,0,16,4,12,10,6,18,10.3139461722868,10.1522208748493,0.386285669060035,31
"21029","GO","Bom Jesus de Goiás",25648,30150.18,52015,"Meia Ponte",5,"Centro-oeste",1,"520350",6,31,5,26,15,16,0,0,0,0,0,31,5,26,15,16,10,10.3139461722868,10.1522208748493,0.365266579540556,30
"21030","GO","Bom Jesus de Goiás",25648,30150.18,52015,"Meia Ponte",5,"Centro-oeste",1,"520350",7,25,7,18,9,16,0,0,0,0,0,25,7,18,9,16,21,10.3139461722868,10.1522208748493,0.375490971731955,29
"21031","GO","Bonfinópolis",9919,9177.64,52010,"Goiânia",5,"Centro-oeste",1,"520355",2,13,5,8,4,9,0,0,0,0,0,13,5,8,4,9,4,9.12452536995363,9.20220738874599,0.290337355226521,29
"21032","GO","Bonfinópolis",9919,9177.64,52010,"Goiânia",5,"Centro-oeste",1,"520355",3,24,7,17,14,10,0,0,0,0,0,24,7,17,14,10,8,9.12452536995363,9.20220738874599,0.376968056036271,31
"21033","GO","Bonfinópolis",9919,9177.64,52010,"Goiânia",5,"Centro-oeste",1,"520355",4,10,2,8,7,3,0,0,0,0,0,10,2,8,7,3,9,9.12452536995363,9.20220738874599,0.395665059645766,30
"21034","GO","Bonfinópolis",9919,9177.64,52010,"Goiânia",5,"Centro-oeste",1,"520355",5,8,1,7,4,4,0,0,0,0,0,8,1,7,4,4,5,9.12452536995363,9.20220738874599,0.374438284457845,31
"21035","GO","Bonfinópolis",9919,9177.64,52010,"Goiânia",5,"Centro-oeste",1,"520355",6,9,4,5,5,4,0,0,0,0,0,9,4,5,5,4,7,9.12452536995363,9.20220738874599,0.357522422579575,30
"21036","GO","Bonfinópolis",9919,9177.64,52010,"Goiânia",5,"Centro-oeste",1,"520355",7,10,3,7,3,7,0,0,0,0,0,10,3,7,3,7,8,9.12452536995363,9.20220738874599,0.367858129324286,29
"21037","GO","Brazabrantes",3746,29765.08,52007,"Anápolis",5,"Centro-oeste",1,"520360",2,11,1,10,3,8,0,0,0,0,0,11,1,10,3,8,1,10.3010911733044,8.22844388300403,0.30302665541024,29
"21038","GO","Brazabrantes",3746,29765.08,52007,"Anápolis",5,"Centro-oeste",1,"520360",3,2,1,1,0,2,0,0,0,0,0,2,1,1,0,2,1,10.3010911733044,8.22844388300403,0.392278067233154,31
"21039","GO","Brazabrantes",3746,29765.08,52007,"Anápolis",5,"Centro-oeste",1,"520360",4,2,1,1,0,2,0,0,0,0,0,2,1,1,0,2,4,10.3010911733044,8.22844388300403,0.418956646413684,30
"21040","GO","Brazabrantes",3746,29765.08,52007,"Anápolis",5,"Centro-oeste",1,"520360",5,3,0,3,1,2,0,0,0,0,0,3,0,3,1,2,4,10.3010911733044,8.22844388300403,0.399464743213616,31
"21041","GO","Brazabrantes",3746,29765.08,52007,"Anápolis",5,"Centro-oeste",1,"520360",6,4,0,4,2,2,0,0,0,0,0,4,0,4,2,2,2,10.3010911733044,8.22844388300403,0.392917454396339,30
"21042","GO","Brazabrantes",3746,29765.08,52007,"Anápolis",5,"Centro-oeste",1,"520360",7,8,1,7,5,3,0,0,0,0,0,8,1,7,5,3,1,10.3010911733044,8.22844388300403,0.399242717896709,29
"21043","GO","Britânia",5797,19623.88,52002,"Rio Vermelho",5,"Centro-oeste",0,"520380",2,12,1,11,8,4,0,0,0,0,0,12,1,11,8,4,3,9.88450247095836,8.66509582133973,0.262839042012378,29
"21044","GO","Britânia",5797,19623.88,52002,"Rio Vermelho",5,"Centro-oeste",0,"520380",3,13,1,12,7,6,0,0,0,0,0,13,1,12,7,6,6,9.88450247095836,8.66509582133973,0.349349586873113,31
"21045","GO","Britânia",5797,19623.88,52002,"Rio Vermelho",5,"Centro-oeste",0,"520380",4,7,1,6,5,2,0,0,0,0,0,7,1,6,5,2,2,9.88450247095836,8.66509582133973,0.356275145602541,30
"21046","GO","Britânia",5797,19623.88,52002,"Rio Vermelho",5,"Centro-oeste",0,"520380",5,7,1,6,2,5,0,0,0,0,0,7,1,6,2,5,4,9.88450247095836,8.66509582133973,0.401731798966184,31
"21047","GO","Britânia",5797,19623.88,52002,"Rio Vermelho",5,"Centro-oeste",0,"520380",6,8,3,5,5,3,0,0,0,0,0,8,3,5,5,3,3,9.88450247095836,8.66509582133973,0.351751035255413,30
"21048","GO","Britânia",5797,19623.88,52002,"Rio Vermelho",5,"Centro-oeste",0,"520380",7,9,2,7,6,3,0,0,0,0,0,9,2,7,6,3,3,9.88450247095836,8.66509582133973,0.398418474565049,29
"21049","GO","Buriti Alegre",9484,32990.66,52015,"Meia Ponte",5,"Centro-oeste",0,"520390",2,12,1,11,8,4,0,0,0,0,0,12,1,11,8,4,13,10.403979770085,9.1573614471853,0.265867033884706,29
"21050","GO","Buriti Alegre",9484,32990.66,52015,"Meia Ponte",5,"Centro-oeste",0,"520390",3,24,9,15,12,12,1,0,0,0,0,25,9,15,12,12,6,10.403979770085,9.1573614471853,0.339398717592661,31
"21051","GO","Buriti Alegre",9484,32990.66,52015,"Meia Ponte",5,"Centro-oeste",0,"520390",4,12,3,9,4,8,0,0,0,0,0,12,3,9,4,8,8,10.403979770085,9.1573614471853,0.379374755126159,30
"21052","GO","Buriti Alegre",9484,32990.66,52015,"Meia Ponte",5,"Centro-oeste",0,"520390",5,10,1,9,6,4,1,0,0,0,0,11,1,9,6,4,14,10.403979770085,9.1573614471853,0.390161629253757,31
"21053","GO","Buriti Alegre",9484,32990.66,52015,"Meia Ponte",5,"Centro-oeste",0,"520390",6,7,2,5,1,6,0,0,0,0,0,7,2,5,1,6,6,10.403979770085,9.1573614471853,0.377691170140624,30
"21054","GO","Buriti Alegre",9484,32990.66,52015,"Meia Ponte",5,"Centro-oeste",0,"520390",7,14,4,10,7,7,0,0,0,0,0,14,4,10,7,7,5,10.403979770085,9.1573614471853,0.353149502463191,29
"21055","GO","Cabeceiras",8046,27593.6,52012,"Entorno de Brasília",5,"Centro-oeste",0,"520400",2,16,3,13,6,10,0,0,0,0,0,16,3,13,6,10,2,10.225339140758,8.99293035250973,0.329997225700375,29
"21056","GO","Cabeceiras",8046,27593.6,52012,"Entorno de Brasília",5,"Centro-oeste",0,"520400",3,15,4,11,6,9,0,0,0,0,0,15,4,11,6,9,5,10.225339140758,8.99293035250973,0.383478243403663,31
"21057","GO","Cabeceiras",8046,27593.6,52012,"Entorno de Brasília",5,"Centro-oeste",0,"520400",4,8,1,7,6,2,0,0,0,0,0,8,1,7,6,2,5,10.225339140758,8.99293035250973,0.390985781545814,30
"21058","GO","Cabeceiras",8046,27593.6,52012,"Entorno de Brasília",5,"Centro-oeste",0,"520400",5,5,3,2,2,3,0,0,0,0,0,5,3,2,2,3,3,10.225339140758,8.99293035250973,0.363683780487805,31
"21059","GO","Cabeceiras",8046,27593.6,52012,"Entorno de Brasília",5,"Centro-oeste",0,"520400",6,10,3,7,6,4,0,0,0,0,0,10,3,7,6,4,6,10.225339140758,8.99293035250973,0.325319049846319,30
"21060","GO","Cabeceiras",8046,27593.6,52012,"Entorno de Brasília",5,"Centro-oeste",0,"520400",7,16,4,12,10,6,1,0,0,0,0,17,4,12,10,6,4,10.225339140758,8.99293035250973,0.336458101776311,29
"21061","GO","Cachoeira Alta",12666,19218.58,52018,"Quirinópolis",5,"Centro-oeste",0,"520410",2,17,5,12,6,11,0,0,0,0,0,17,5,12,6,11,4,9.86363279842135,9.44667651707638,0.315249669675071,29
"21062","GO","Cachoeira Alta",12666,19218.58,52018,"Quirinópolis",5,"Centro-oeste",0,"520410",3,16,8,8,12,4,0,0,0,0,0,16,8,8,12,4,3,9.86363279842135,9.44667651707638,0.379215142709288,31
"21063","GO","Cachoeira Alta",12666,19218.58,52018,"Quirinópolis",5,"Centro-oeste",0,"520410",4,10,3,7,4,6,0,0,0,0,0,10,3,7,4,6,3,9.86363279842135,9.44667651707638,0.390592459376596,30
"21064","GO","Cachoeira Alta",12666,19218.58,52018,"Quirinópolis",5,"Centro-oeste",0,"520410",5,5,1,4,3,2,0,0,0,0,0,5,1,4,3,2,7,9.86363279842135,9.44667651707638,0.377187864618667,31
"21065","GO","Cachoeira Alta",12666,19218.58,52018,"Quirinópolis",5,"Centro-oeste",0,"520410",6,12,1,11,4,8,0,0,0,0,0,12,1,11,4,8,8,9.86363279842135,9.44667651707638,0.402173265370653,30
"21066","GO","Cachoeira Alta",12666,19218.58,52018,"Quirinópolis",5,"Centro-oeste",0,"520410",7,12,2,10,10,2,0,0,0,0,0,12,2,10,10,2,7,9.86363279842135,9.44667651707638,0.400533284843365,29
"21067","GO","Cachoeira Dourada",8031,110271.88,52015,"Meia Ponte",5,"Centro-oeste",0,"520425",2,9,1,8,6,3,0,0,0,0,0,9,1,8,6,3,3,11.6107042316688,8.99106433218846,0.319193259925855,29
"21068","GO","Cachoeira Dourada",8031,110271.88,52015,"Meia Ponte",5,"Centro-oeste",0,"520425",3,10,2,8,6,4,0,0,0,0,0,10,2,8,6,4,8,11.6107042316688,8.99106433218846,0.408003120291933,31
"21069","GO","Cachoeira Dourada",8031,110271.88,52015,"Meia Ponte",5,"Centro-oeste",0,"520425",4,5,1,4,3,2,0,0,0,0,0,5,1,4,3,2,3,11.6107042316688,8.99106433218846,0.421903182145191,30
"21070","GO","Cachoeira Dourada",8031,110271.88,52015,"Meia Ponte",5,"Centro-oeste",0,"520425",5,11,0,11,4,7,0,0,0,0,0,11,0,11,4,7,4,11.6107042316688,8.99106433218846,0.380413690730568,31
"21071","GO","Cachoeira Dourada",8031,110271.88,52015,"Meia Ponte",5,"Centro-oeste",0,"520425",6,11,2,9,5,6,0,0,0,0,0,11,2,9,5,6,6,11.6107042316688,8.99106433218846,0.382861766475066,30
"21072","GO","Cachoeira Dourada",8031,110271.88,52015,"Meia Ponte",5,"Centro-oeste",0,"520425",7,3,1,2,0,3,0,0,0,0,0,3,1,2,0,3,5,11.6107042316688,8.99106433218846,0.398285833995605,29
"21073","GO","Caçu",16270,57726.8,52018,"Quirinópolis",5,"Centro-oeste",1,"520430",2,22,4,18,5,17,0,0,0,0,0,22,4,18,5,17,7,10.9634768160666,9.69707820021308,0.301077815125698,29
"21074","GO","Caçu",16270,57726.8,52018,"Quirinópolis",5,"Centro-oeste",1,"520430",3,23,5,18,10,13,0,0,0,0,0,23,5,18,10,13,11,10.9634768160666,9.69707820021308,0.40758931532739,31
"21075","GO","Caçu",16270,57726.8,52018,"Quirinópolis",5,"Centro-oeste",1,"520430",4,14,4,10,6,8,1,0,0,0,0,15,4,10,6,8,3,10.9634768160666,9.69707820021308,0.437568326202922,30
"21076","GO","Caçu",16270,57726.8,52018,"Quirinópolis",5,"Centro-oeste",1,"520430",5,13,5,8,10,3,0,0,0,0,0,13,5,8,10,3,8,10.9634768160666,9.69707820021308,0.397362775782744,31
"21077","GO","Caçu",16270,57726.8,52018,"Quirinópolis",5,"Centro-oeste",1,"520430",6,15,3,12,5,10,1,0,0,0,0,16,3,12,5,10,10,10.9634768160666,9.69707820021308,0.392902427321544,30
"21078","GO","Caçu",16270,57726.8,52018,"Quirinópolis",5,"Centro-oeste",1,"520430",7,16,2,14,6,10,0,0,0,0,0,16,2,14,6,10,13,10.9634768160666,9.69707820021308,0.413101723268606,29
"21079","GO","Caiapônia",19107,35926.99,52013,"Sudoeste de Goiás",5,"Centro-oeste",0,"520440",2,26,2,24,15,11,0,0,0,0,0,26,2,24,15,11,9,10.4892441025933,9.85781003903948,0.288365579023995,29
"21080","GO","Caiapônia",19107,35926.99,52013,"Sudoeste de Goiás",5,"Centro-oeste",0,"520440",3,31,5,26,12,19,0,0,0,0,0,31,5,26,12,19,7,10.4892441025933,9.85781003903948,0.356053369726067,31
"21081","GO","Caiapônia",19107,35926.99,52013,"Sudoeste de Goiás",5,"Centro-oeste",0,"520440",4,14,1,13,4,10,0,0,0,0,0,14,1,13,4,10,7,10.4892441025933,9.85781003903948,0.346037816966745,30
"21082","GO","Caiapônia",19107,35926.99,52013,"Sudoeste de Goiás",5,"Centro-oeste",0,"520440",5,16,2,14,8,8,0,0,0,0,0,16,2,14,8,8,9,10.4892441025933,9.85781003903948,0.379514105786145,31
"21083","GO","Caiapônia",19107,35926.99,52013,"Sudoeste de Goiás",5,"Centro-oeste",0,"520440",6,19,2,17,7,12,0,0,0,0,0,19,2,17,7,12,5,10.4892441025933,9.85781003903948,0.363488221629682,30
"21084","GO","Caiapônia",19107,35926.99,52013,"Sudoeste de Goiás",5,"Centro-oeste",0,"520440",7,16,0,16,6,10,0,0,0,0,0,16,0,16,6,10,13,10.4892441025933,9.85781003903948,0.379436018495303,29
"21085","GO","Caldas Novas",93196,28676.21,52015,"Meia Ponte",5,"Centro-oeste",1,"520450",2,176,33,143,69,107,1,0,0,0,0,177,33,143,69,107,35,10.263823138143,11.4424600812977,0.293788061984972,29
"21086","GO","Caldas Novas",93196,28676.21,52015,"Meia Ponte",5,"Centro-oeste",1,"520450",3,192,44,148,82,110,0,0,0,0,0,192,44,148,82,110,35,10.263823138143,11.4424600812977,0.414794387714924,31
"21087","GO","Caldas Novas",93196,28676.21,52015,"Meia Ponte",5,"Centro-oeste",1,"520450",4,119,31,88,47,72,0,0,0,0,0,119,31,88,47,72,45,10.263823138143,11.4424600812977,0.466742183485752,30
"21088","GO","Caldas Novas",93196,28676.21,52015,"Meia Ponte",5,"Centro-oeste",1,"520450",5,109,30,79,37,72,0,0,0,0,0,109,30,79,37,72,37,10.263823138143,11.4424600812977,0.4190164488968,31
"21089","GO","Caldas Novas",93196,28676.21,52015,"Meia Ponte",5,"Centro-oeste",1,"520450",6,114,20,94,46,68,0,0,0,0,0,114,20,94,46,68,44,10.263823138143,11.4424600812977,0.389340107990732,30
"21090","GO","Caldas Novas",93196,28676.21,52015,"Meia Ponte",5,"Centro-oeste",1,"520450",7,130,24,106,49,81,3,0,0,0,0,133,24,106,49,81,52,10.263823138143,11.4424600812977,0.395712427718037,29
"21091","GO","Caldazinha",3848,13477.44,52010,"Goiânia",5,"Centro-oeste",1,"520455",2,8,0,8,3,5,0,0,0,0,0,8,0,8,3,5,1,9.5087724554517,8.2553088117856,0.273998398835127,29
"21092","GO","Caldazinha",3848,13477.44,52010,"Goiânia",5,"Centro-oeste",1,"520455",3,6,0,6,1,5,0,0,0,0,0,6,0,6,1,5,3,9.5087724554517,8.2553088117856,0.349829106368925,31
"21093","GO","Caldazinha",3848,13477.44,52010,"Goiânia",5,"Centro-oeste",1,"520455",4,4,1,3,2,2,0,0,0,0,0,4,1,3,2,2,2,9.5087724554517,8.2553088117856,0.347601212477092,30
"21094","GO","Caldazinha",3848,13477.44,52010,"Goiânia",5,"Centro-oeste",1,"520455",5,1,0,1,0,1,0,0,0,0,0,1,0,1,0,1,1,9.5087724554517,8.2553088117856,0.37339714760707,31
"21095","GO","Caldazinha",3848,13477.44,52010,"Goiânia",5,"Centro-oeste",1,"520455",6,1,1,0,0,1,0,0,0,0,0,1,1,0,0,1,0,9.5087724554517,8.2553088117856,0.364791949739871,30
"21096","GO","Caldazinha",3848,13477.44,52010,"Goiânia",5,"Centro-oeste",1,"520455",7,4,1,3,1,3,0,0,0,0,0,4,1,3,1,3,2,9.5087724554517,8.2553088117856,0.399846354936094,29
"21097","GO","Campestre de Goiás",3649,16034.83,52014,"Vale do Rio dos Bois",5,"Centro-oeste",0,"520460",2,9,1,8,3,6,0,0,0,0,0,9,1,8,3,6,4,9.68251851026251,8.20220843643645,0.328427352479053,29
"21098","GO","Campestre de Goiás",3649,16034.83,52014,"Vale do Rio dos Bois",5,"Centro-oeste",0,"520460",3,7,3,4,5,2,0,0,0,0,0,7,3,4,5,2,1,9.68251851026251,8.20220843643645,0.440245517606394,31
"21099","GO","Campestre de Goiás",3649,16034.83,52014,"Vale do Rio dos Bois",5,"Centro-oeste",0,"520460",4,4,1,3,1,3,0,0,0,0,0,4,1,3,1,3,0,9.68251851026251,8.20220843643645,0.480195224678661,30
"21100","GO","Campestre de Goiás",3649,16034.83,52014,"Vale do Rio dos Bois",5,"Centro-oeste",0,"520460",5,4,0,4,0,4,0,0,0,0,0,4,0,4,0,4,2,9.68251851026251,8.20220843643645,0.448609251863807,31
"21101","GO","Campestre de Goiás",3649,16034.83,52014,"Vale do Rio dos Bois",5,"Centro-oeste",0,"520460",6,3,0,3,1,2,0,0,0,0,0,3,0,3,1,2,1,9.68251851026251,8.20220843643645,0.439801764426892,30
"21102","GO","Campestre de Goiás",3649,16034.83,52014,"Vale do Rio dos Bois",5,"Centro-oeste",0,"520460",7,4,1,3,2,2,0,0,0,0,0,4,1,3,2,2,5,9.68251851026251,8.20220843643645,0.447445854598713,29
"21103","GO","Campinorte",12764,18132.18,52004,"Porangatu",5,"Centro-oeste",0,"520470",2,13,2,11,7,6,0,0,0,0,0,13,2,11,7,6,8,9.80544353921199,9.45438398739813,0.31773004282953,29
"21104","GO","Campinorte",12764,18132.18,52004,"Porangatu",5,"Centro-oeste",0,"520470",3,23,5,18,10,13,0,0,0,0,0,23,5,18,10,13,5,9.80544353921199,9.45438398739813,0.390536093128189,31
"21105","GO","Campinorte",12764,18132.18,52004,"Porangatu",5,"Centro-oeste",0,"520470",4,10,4,6,8,2,0,0,0,0,0,10,4,6,8,2,7,9.80544353921199,9.45438398739813,0.388846796988291,30
"21106","GO","Campinorte",12764,18132.18,52004,"Porangatu",5,"Centro-oeste",0,"520470",5,11,1,10,5,6,0,0,0,0,0,11,1,10,5,6,5,9.80544353921199,9.45438398739813,0.391007196431901,31
"21107","GO","Campinorte",12764,18132.18,52004,"Porangatu",5,"Centro-oeste",0,"520470",6,14,2,12,5,9,0,0,0,0,0,14,2,12,5,9,5,9.80544353921199,9.45438398739813,0.355641676975337,30
"21108","GO","Campinorte",12764,18132.18,52004,"Porangatu",5,"Centro-oeste",0,"520470",7,10,2,8,3,7,1,0,0,0,0,11,2,8,3,7,5,9.80544353921199,9.45438398739813,0.379250992209237,29
"21109","GO","Campo Alegre de Goiás",7738,55469.1,52017,"Catalão",5,"Centro-oeste",0,"520480",2,9,1,8,4,5,0,0,0,0,0,9,1,8,4,5,5,10.9235813879312,8.95389853526046,0.278142908702046,29
"21110","GO","Campo Alegre de Goiás",7738,55469.1,52017,"Catalão",5,"Centro-oeste",0,"520480",3,7,0,7,3,4,0,0,0,0,0,7,0,7,3,4,2,10.9235813879312,8.95389853526046,0.371165158188341,31
"21111","GO","Campo Alegre de Goiás",7738,55469.1,52017,"Catalão",5,"Centro-oeste",0,"520480",4,6,2,4,2,4,0,0,0,0,0,6,2,4,2,4,2,10.9235813879312,8.95389853526046,0.421430797090094,30
"21112","GO","Campo Alegre de Goiás",7738,55469.1,52017,"Catalão",5,"Centro-oeste",0,"520480",5,4,0,4,2,2,0,0,0,0,0,4,0,4,2,2,7,10.9235813879312,8.95389853526046,0.416641643186576,31
"21113","GO","Campo Alegre de Goiás",7738,55469.1,52017,"Catalão",5,"Centro-oeste",0,"520480",6,8,3,5,1,7,0,0,0,0,0,8,3,5,1,7,4,10.9235813879312,8.95389853526046,0.408103053572362,30
"21114","GO","Campo Alegre de Goiás",7738,55469.1,52017,"Catalão",5,"Centro-oeste",0,"520480",7,12,2,10,7,5,0,0,0,0,0,12,2,10,7,5,5,10.9235813879312,8.95389853526046,0.413221699899207,29
"21115","GO","Campo Limpo de Goiás",7940,13282.6,52007,"Anápolis",5,"Centro-oeste",0,"520485",2,12,2,10,4,8,0,0,0,0,0,12,2,10,4,8,5,9.49421018699994,8.97966855424118,0.294466589272726,29
"21116","GO","Campo Limpo de Goiás",7940,13282.6,52007,"Anápolis",5,"Centro-oeste",0,"520485",3,16,1,15,7,9,0,0,0,0,0,16,1,15,7,9,1,9.49421018699994,8.97966855424118,0.37967152725093,31
"21117","GO","Campo Limpo de Goiás",7940,13282.6,52007,"Anápolis",5,"Centro-oeste",0,"520485",4,11,2,9,4,7,0,0,0,0,0,11,2,9,4,7,6,9.49421018699994,8.97966855424118,0.359102747404462,30
"21118","GO","Campo Limpo de Goiás",7940,13282.6,52007,"Anápolis",5,"Centro-oeste",0,"520485",5,9,3,6,6,3,0,0,0,0,0,9,3,6,6,3,3,9.49421018699994,8.97966855424118,0.345156126573389,31
"21119","GO","Campo Limpo de Goiás",7940,13282.6,52007,"Anápolis",5,"Centro-oeste",0,"520485",6,10,1,9,5,5,0,0,0,0,0,10,1,9,5,5,5,9.49421018699994,8.97966855424118,0.346623795416015,30
"21120","GO","Campo Limpo de Goiás",7940,13282.6,52007,"Anápolis",5,"Centro-oeste",0,"520485",7,12,3,9,9,3,0,0,0,0,0,12,3,9,9,3,4,9.49421018699994,8.97966855424118,0.347578605694766,29
"21121","GO","Campos Belos",20007,13597.96,52005,"Chapada dos Veadeiros",5,"Centro-oeste",1,"520490",2,41,8,33,14,27,0,0,0,0,0,41,8,33,14,27,13,9.51767506047302,9.90383749130042,0.295805190946394,29
"21122","GO","Campos Belos",20007,13597.96,52005,"Chapada dos Veadeiros",5,"Centro-oeste",1,"520490",3,46,7,39,19,27,0,0,0,0,0,46,7,39,19,27,6,9.51767506047302,9.90383749130042,0.372240086080832,31
"21123","GO","Campos Belos",20007,13597.96,52005,"Chapada dos Veadeiros",5,"Centro-oeste",1,"520490",4,27,6,21,9,18,0,0,0,0,0,27,6,21,9,18,9,9.51767506047302,9.90383749130042,0.392060222026421,30
"21124","GO","Campos Belos",20007,13597.96,52005,"Chapada dos Veadeiros",5,"Centro-oeste",1,"520490",5,19,7,12,8,11,0,0,0,0,0,19,7,12,8,11,8,9.51767506047302,9.90383749130042,0.398127710626388,31
"21125","GO","Campos Belos",20007,13597.96,52005,"Chapada dos Veadeiros",5,"Centro-oeste",1,"520490",6,24,5,19,5,19,0,0,0,0,0,24,5,19,5,19,6,9.51767506047302,9.90383749130042,0.358300992967837,30
"21126","GO","Campos Belos",20007,13597.96,52005,"Chapada dos Veadeiros",5,"Centro-oeste",1,"520490",7,23,5,18,6,17,0,0,0,0,0,23,5,18,6,17,17,9.51767506047302,9.90383749130042,0.368892506741061,29
"21127","GO","Carmo do Rio Verde",10186,25024.84,52006,"Ceres",5,"Centro-oeste",0,"520500",2,17,0,17,5,12,0,0,0,0,0,17,0,17,5,12,5,10.1276242105566,9.22876950744455,0.32288746467476,29
"21128","GO","Carmo do Rio Verde",10186,25024.84,52006,"Ceres",5,"Centro-oeste",0,"520500",3,10,1,9,6,4,0,0,0,0,0,10,1,9,6,4,3,10.1276242105566,9.22876950744455,0.428563947418882,31
"21129","GO","Carmo do Rio Verde",10186,25024.84,52006,"Ceres",5,"Centro-oeste",0,"520500",4,7,1,6,4,3,0,0,0,0,0,7,1,6,4,3,2,10.1276242105566,9.22876950744455,0.443860161722274,30
"21130","GO","Carmo do Rio Verde",10186,25024.84,52006,"Ceres",5,"Centro-oeste",0,"520500",5,8,1,7,5,3,0,0,0,0,0,8,1,7,5,3,3,10.1276242105566,9.22876950744455,0.392569454819778,31
"21131","GO","Carmo do Rio Verde",10186,25024.84,52006,"Ceres",5,"Centro-oeste",0,"520500",6,5,3,2,2,3,0,0,0,0,0,5,3,2,2,3,4,10.1276242105566,9.22876950744455,0.388303746296554,30
"21132","GO","Carmo do Rio Verde",10186,25024.84,52006,"Ceres",5,"Centro-oeste",0,"520500",7,7,1,6,3,4,0,0,0,0,0,7,1,6,3,4,8,10.1276242105566,9.22876950744455,0.412371896610271,29
"21133","GO","Catalão",110983,57291.37,52017,"Catalão",5,"Centro-oeste",1,"520510",2,209,28,181,68,141,1,0,0,0,0,210,28,181,68,141,48,10.9559052805396,11.6171323154122,0.292132782304026,29
"21134","GO","Catalão",110983,57291.37,52017,"Catalão",5,"Centro-oeste",1,"520510",3,134,17,117,53,81,1,0,0,0,0,135,17,117,53,81,49,10.9559052805396,11.6171323154122,0.383973468338637,31
"21135","GO","Catalão",110983,57291.37,52017,"Catalão",5,"Centro-oeste",1,"520510",4,118,23,95,44,74,0,0,0,0,0,118,23,95,44,74,35,10.9559052805396,11.6171323154122,0.421907613850284,30
"21136","GO","Catalão",110983,57291.37,52017,"Catalão",5,"Centro-oeste",1,"520510",5,108,20,88,35,73,1,0,0,0,0,109,20,88,35,73,48,10.9559052805396,11.6171323154122,0.380980684788909,31
"21137","GO","Catalão",110983,57291.37,52017,"Catalão",5,"Centro-oeste",1,"520510",6,139,24,115,51,88,0,0,0,0,0,139,24,115,51,88,59,10.9559052805396,11.6171323154122,0.378236819699762,30
"21138","GO","Catalão",110983,57291.37,52017,"Catalão",5,"Centro-oeste",1,"520510",7,131,30,101,38,93,3,0,0,0,0,134,30,101,38,93,68,10.9559052805396,11.6171323154122,0.373242674980335,29
"21139","GO","Caturaí",5101,13552.58,52007,"Anápolis",5,"Centro-oeste",0,"520520",2,6,2,4,5,1,0,0,0,0,0,6,2,4,5,1,1,9.514332214087,8.53719187792293,0.290670530871803,29
"21140","GO","Caturaí",5101,13552.58,52007,"Anápolis",5,"Centro-oeste",0,"520520",3,5,2,3,2,3,0,0,0,0,0,5,2,3,2,3,5,9.514332214087,8.53719187792293,0.366147320517134,31
"21141","GO","Caturaí",5101,13552.58,52007,"Anápolis",5,"Centro-oeste",0,"520520",4,7,1,6,2,5,0,0,0,0,0,7,1,6,2,5,4,9.514332214087,8.53719187792293,0.383160649139802,30
"21142","GO","Caturaí",5101,13552.58,52007,"Anápolis",5,"Centro-oeste",0,"520520",5,5,1,4,4,1,0,0,0,0,0,5,1,4,4,1,1,9.514332214087,8.53719187792293,0.365004484516291,31
"21143","GO","Caturaí",5101,13552.58,52007,"Anápolis",5,"Centro-oeste",0,"520520",6,6,2,4,3,3,0,0,0,0,0,6,2,4,3,3,4,9.514332214087,8.53719187792293,0.340216546761383,30
"21144","GO","Caturaí",5101,13552.58,52007,"Anápolis",5,"Centro-oeste",0,"520520",7,3,0,3,0,3,0,0,0,0,0,3,0,3,0,3,7,9.514332214087,8.53719187792293,0.379646931128586,29
"21145","GO","Cavalcante",9725,26121.71,52005,"Chapada dos Veadeiros",5,"Centro-oeste",0,"520530",2,22,9,13,11,11,0,0,0,0,0,22,9,13,11,11,4,10.1705220483225,9.18245516848665,0.292638092566046,29
"21146","GO","Cavalcante",9725,26121.71,52005,"Chapada dos Veadeiros",5,"Centro-oeste",0,"520530",3,32,11,21,14,18,0,0,0,0,0,32,11,21,14,18,2,10.1705220483225,9.18245516848665,0.377596493954645,31
"21147","GO","Cavalcante",9725,26121.71,52005,"Chapada dos Veadeiros",5,"Centro-oeste",0,"520530",4,12,3,9,6,6,0,0,0,0,0,12,3,9,6,6,8,10.1705220483225,9.18245516848665,0.400136369429669,30
"21148","GO","Cavalcante",9725,26121.71,52005,"Chapada dos Veadeiros",5,"Centro-oeste",0,"520530",5,8,3,5,5,3,0,0,0,0,0,8,3,5,5,3,7,10.1705220483225,9.18245516848665,0.383483152507739,31
"21149","GO","Cavalcante",9725,26121.71,52005,"Chapada dos Veadeiros",5,"Centro-oeste",0,"520530",6,12,3,9,5,7,0,0,0,0,0,12,3,9,5,7,1,10.1705220483225,9.18245516848665,0.373199795420346,30
"21150","GO","Cavalcante",9725,26121.71,52005,"Chapada dos Veadeiros",5,"Centro-oeste",0,"520530",7,14,5,9,7,7,0,0,0,0,0,14,5,9,7,7,4,10.1705220483225,9.18245516848665,0.379797878057733,29
"21151","GO","Ceres",22306,24893.6,52006,"Ceres",5,"Centro-oeste",1,"520540",2,29,1,28,8,21,0,0,0,0,0,29,1,28,8,21,16,10.122366021303,10.0126109795545,0.313150148146767,29
"21152","GO","Ceres",22306,24893.6,52006,"Ceres",5,"Centro-oeste",1,"520540",3,39,4,35,10,29,1,0,0,0,0,40,4,35,10,29,11,10.122366021303,10.0126109795545,0.414551444237173,31
"21153","GO","Ceres",22306,24893.6,52006,"Ceres",5,"Centro-oeste",1,"520540",4,18,3,15,9,9,0,0,0,0,0,18,3,15,9,9,19,10.122366021303,10.0126109795545,0.437990485088377,30
"21154","GO","Ceres",22306,24893.6,52006,"Ceres",5,"Centro-oeste",1,"520540",5,29,4,25,4,25,0,0,0,0,0,29,4,25,4,25,13,10.122366021303,10.0126109795545,0.381297770447035,31
"21155","GO","Ceres",22306,24893.6,52006,"Ceres",5,"Centro-oeste",1,"520540",6,22,2,20,7,15,0,0,0,0,0,22,2,20,7,15,8,10.122366021303,10.0126109795545,0.370690814067582,30
"21156","GO","Ceres",22306,24893.6,52006,"Ceres",5,"Centro-oeste",1,"520540",7,33,5,28,8,25,0,0,0,0,0,33,5,28,8,25,21,10.122366021303,10.0126109795545,0.392549550313714,29
"21157","GO","Cezarina",8703,33748.23,52014,"Vale do Rio dos Bois",5,"Centro-oeste",0,"520545",2,12,4,8,5,7,0,0,0,0,0,12,4,8,5,7,7,10.426683250481,9.07142307278951,0.298574297220473,29
"21158","GO","Cezarina",8703,33748.23,52014,"Vale do Rio dos Bois",5,"Centro-oeste",0,"520545",3,9,2,7,5,4,0,0,0,0,0,9,2,7,5,4,2,10.426683250481,9.07142307278951,0.354777153952617,31
"21159","GO","Cezarina",8703,33748.23,52014,"Vale do Rio dos Bois",5,"Centro-oeste",0,"520545",4,9,2,7,6,3,0,0,0,0,0,9,2,7,6,3,4,10.426683250481,9.07142307278951,0.415276280332551,30
"21160","GO","Cezarina",8703,33748.23,52014,"Vale do Rio dos Bois",5,"Centro-oeste",0,"520545",5,12,1,11,7,5,0,0,0,0,0,12,1,11,7,5,9,10.426683250481,9.07142307278951,0.377012937336255,31
"21161","GO","Cezarina",8703,33748.23,52014,"Vale do Rio dos Bois",5,"Centro-oeste",0,"520545",6,9,2,7,5,4,0,0,0,0,0,9,2,7,5,4,3,10.426683250481,9.07142307278951,0.370793385737239,30
"21162","GO","Cezarina",8703,33748.23,52014,"Vale do Rio dos Bois",5,"Centro-oeste",0,"520545",7,5,1,4,3,2,0,0,0,0,0,5,1,4,3,2,10,10.426683250481,9.07142307278951,0.386266039451519,29
"21163","GO","Chapadão do Céu",10486,112383.68,52013,"Sudoeste de Goiás",5,"Centro-oeste",0,"520547",2,36,13,23,15,21,0,0,0,0,0,36,13,23,15,21,2,11.6296740101703,9.25779631313248,0.2693381514035,29
"21164","GO","Chapadão do Céu",10486,112383.68,52013,"Sudoeste de Goiás",5,"Centro-oeste",0,"520547",3,45,5,40,20,25,0,0,0,0,0,45,5,40,20,25,5,11.6296740101703,9.25779631313248,0.348665970227771,31
"21165","GO","Chapadão do Céu",10486,112383.68,52013,"Sudoeste de Goiás",5,"Centro-oeste",0,"520547",4,22,8,14,5,17,0,0,0,0,0,22,8,14,5,17,4,11.6296740101703,9.25779631313248,0.372990511320148,30
"21166","GO","Chapadão do Céu",10486,112383.68,52013,"Sudoeste de Goiás",5,"Centro-oeste",0,"520547",5,17,2,15,6,11,0,0,0,0,0,17,2,15,6,11,6,11.6296740101703,9.25779631313248,0.354245950481937,31
"21167","GO","Chapadão do Céu",10486,112383.68,52013,"Sudoeste de Goiás",5,"Centro-oeste",0,"520547",6,24,5,19,9,15,0,0,0,0,0,24,5,19,9,15,2,11.6296740101703,9.25779631313248,0.335832980724111,30
"21168","GO","Chapadão do Céu",10486,112383.68,52013,"Sudoeste de Goiás",5,"Centro-oeste",0,"520547",7,21,5,16,3,18,0,0,0,0,0,21,5,16,3,18,5,11.6296740101703,9.25779631313248,0.370138531671549,29
"21169","GO","Cidade Ocidental",72890,11394.02,52012,"Entorno de Brasília",5,"Centro-oeste",1,"520549",2,168,35,133,59,109,4,0,0,0,0,172,35,133,59,109,24,9.34084393534861,11.1967067343763,0.298448290084108,29
"21170","GO","Cidade Ocidental",72890,11394.02,52012,"Entorno de Brasília",5,"Centro-oeste",1,"520549",3,179,34,145,68,111,1,0,0,0,0,180,34,145,68,111,25,9.34084393534861,11.1967067343763,0.404816700557138,31
"21171","GO","Cidade Ocidental",72890,11394.02,52012,"Entorno de Brasília",5,"Centro-oeste",1,"520549",4,105,25,80,37,68,1,0,0,0,0,106,25,80,37,68,19,9.34084393534861,11.1967067343763,0.451003727748078,30
"21172","GO","Cidade Ocidental",72890,11394.02,52012,"Entorno de Brasília",5,"Centro-oeste",1,"520549",5,97,29,68,35,62,1,0,0,0,0,98,29,68,35,62,31,9.34084393534861,11.1967067343763,0.405507855914964,31
"21173","GO","Cidade Ocidental",72890,11394.02,52012,"Entorno de Brasília",5,"Centro-oeste",1,"520549",6,111,24,87,49,62,1,0,0,0,0,112,24,87,49,62,25,9.34084393534861,11.1967067343763,0.391428094135688,30
"21174","GO","Cidade Ocidental",72890,11394.02,52012,"Entorno de Brasília",5,"Centro-oeste",1,"520549",7,120,29,91,42,78,0,0,0,0,0,120,29,91,42,78,36,9.34084393534861,11.1967067343763,0.396170143045531,29
"21175","GO","Cocalzinho de Goiás",20504,16327.17,52012,"Entorno de Brasília",5,"Centro-oeste",0,"520551",2,36,8,28,15,21,1,0,0,0,0,37,8,28,15,21,11,9.70058587027261,9.92837526804391,0.309526660011488,29
"21176","GO","Cocalzinho de Goiás",20504,16327.17,52012,"Entorno de Brasília",5,"Centro-oeste",0,"520551",3,35,9,26,13,22,0,0,0,0,0,35,9,26,13,22,9,9.70058587027261,9.92837526804391,0.390655162277053,31
"21177","GO","Cocalzinho de Goiás",20504,16327.17,52012,"Entorno de Brasília",5,"Centro-oeste",0,"520551",4,20,7,13,8,12,0,0,0,0,0,20,7,13,8,12,6,9.70058587027261,9.92837526804391,0.398082099717874,30
"21178","GO","Cocalzinho de Goiás",20504,16327.17,52012,"Entorno de Brasília",5,"Centro-oeste",0,"520551",5,28,7,21,11,17,1,0,0,0,0,29,7,21,11,17,7,9.70058587027261,9.92837526804391,0.379102611731079,31
"21179","GO","Cocalzinho de Goiás",20504,16327.17,52012,"Entorno de Brasília",5,"Centro-oeste",0,"520551",6,23,9,14,9,14,0,0,0,0,0,23,9,14,9,14,13,9.70058587027261,9.92837526804391,0.367456553299184,30
"21180","GO","Cocalzinho de Goiás",20504,16327.17,52012,"Entorno de Brasília",5,"Centro-oeste",0,"520551",7,26,8,18,14,12,0,0,0,0,0,26,8,18,14,12,14,9.70058587027261,9.92837526804391,0.387117895944605,29
"21181","GO","Corumbá de Goiás",11169,15791.45,52012,"Entorno de Brasília",5,"Centro-oeste",0,"520580",2,17,3,14,9,8,0,0,0,0,0,17,3,14,9,8,7,9.66722393330587,9.32089736254083,0.290980139023013,29
"21182","GO","Corumbá de Goiás",11169,15791.45,52012,"Entorno de Brasília",5,"Centro-oeste",0,"520580",3,17,5,12,10,7,0,0,0,0,0,17,5,12,10,7,3,9.66722393330587,9.32089736254083,0.388434216926577,31
"21183","GO","Corumbá de Goiás",11169,15791.45,52012,"Entorno de Brasília",5,"Centro-oeste",0,"520580",4,9,3,6,2,7,0,0,0,0,0,9,3,6,2,7,9,9.66722393330587,9.32089736254083,0.423507581567877,30
"21184","GO","Corumbá de Goiás",11169,15791.45,52012,"Entorno de Brasília",5,"Centro-oeste",0,"520580",5,8,3,5,5,3,0,0,0,0,0,8,3,5,5,3,11,9.66722393330587,9.32089736254083,0.422589799879258,31
"21185","GO","Corumbá de Goiás",11169,15791.45,52012,"Entorno de Brasília",5,"Centro-oeste",0,"520580",6,7,1,6,3,4,0,0,0,0,0,7,1,6,3,4,7,9.66722393330587,9.32089736254083,0.395849006105715,30
"21186","GO","Corumbá de Goiás",11169,15791.45,52012,"Entorno de Brasília",5,"Centro-oeste",0,"520580",7,8,1,7,2,6,0,0,0,0,0,8,1,7,2,6,5,9.66722393330587,9.32089736254083,0.412104040051989,29
"21187","GO","Corumbaíba",9869,61514.71,52017,"Catalão",5,"Centro-oeste",0,"520590",2,18,3,15,3,15,0,0,0,0,0,18,3,15,3,15,6,11.0270316121858,9.19715381017201,0.32509359714806,29
"21188","GO","Corumbaíba",9869,61514.71,52017,"Catalão",5,"Centro-oeste",0,"520590",3,9,2,7,6,3,0,0,0,0,0,9,2,7,6,3,7,11.0270316121858,9.19715381017201,0.39016771160005,31
"21189","GO","Corumbaíba",9869,61514.71,52017,"Catalão",5,"Centro-oeste",0,"520590",4,7,2,5,3,4,0,0,0,0,0,7,2,5,3,4,3,11.0270316121858,9.19715381017201,0.404607984827314,30
"21190","GO","Corumbaíba",9869,61514.71,52017,"Catalão",5,"Centro-oeste",0,"520590",5,9,2,7,4,5,0,0,0,0,0,9,2,7,4,5,8,11.0270316121858,9.19715381017201,0.414564107703722,31
"21191","GO","Corumbaíba",9869,61514.71,52017,"Catalão",5,"Centro-oeste",0,"520590",6,6,2,4,3,3,0,0,0,0,0,6,2,4,3,3,5,11.0270316121858,9.19715381017201,0.418676226962368,30
"21192","GO","Corumbaíba",9869,61514.71,52017,"Catalão",5,"Centro-oeste",0,"520590",7,12,3,9,3,9,0,0,0,0,0,12,3,9,3,9,6,11.0270316121858,9.19715381017201,0.41039206271196,29
"21193","GO","Cristalina",60210,40300.93,52012,"Entorno de Brasília",5,"Centro-oeste",1,"520620",2,155,45,110,63,92,1,0,0,0,0,156,45,110,63,92,19,10.6041298245916,11.0055937304585,0.311582124304214,29
"21194","GO","Cristalina",60210,40300.93,52012,"Entorno de Brasília",5,"Centro-oeste",1,"520620",3,138,30,108,54,84,1,0,0,0,0,139,30,108,54,84,23,10.6041298245916,11.0055937304585,0.390421799683562,31
"21195","GO","Cristalina",60210,40300.93,52012,"Entorno de Brasília",5,"Centro-oeste",1,"520620",4,74,19,55,37,37,0,0,0,0,0,74,19,55,37,37,25,10.6041298245916,11.0055937304585,0.409397933594234,30
"21196","GO","Cristalina",60210,40300.93,52012,"Entorno de Brasília",5,"Centro-oeste",1,"520620",5,72,27,45,31,41,0,0,0,0,0,72,27,45,31,41,25,10.6041298245916,11.0055937304585,0.404753780251075,31
"21197","GO","Cristalina",60210,40300.93,52012,"Entorno de Brasília",5,"Centro-oeste",1,"520620",6,84,17,67,40,44,1,0,0,0,0,85,17,67,40,44,20,10.6041298245916,11.0055937304585,0.388110773739283,30
"21198","GO","Cristalina",60210,40300.93,52012,"Entorno de Brasília",5,"Centro-oeste",1,"520620",7,84,20,64,24,60,0,0,0,0,0,84,20,64,24,60,28,10.6041298245916,11.0055937304585,0.410957886804338,29
"21199","GO","Crixás",17044,30961.64,52001,"São Miguel do Araguaia",5,"Centro-oeste",0,"520640",2,37,6,31,13,24,0,0,0,0,0,37,6,31,13,24,6,10.3405042978769,9.7435535146198,0.351994102014361,29
"21200","GO","Crixás",17044,30961.64,52001,"São Miguel do Araguaia",5,"Centro-oeste",0,"520640",3,41,6,35,21,20,0,0,0,0,0,41,6,35,21,20,3,10.3405042978769,9.7435535146198,0.427431898188973,31
"21201","GO","Crixás",17044,30961.64,52001,"São Miguel do Araguaia",5,"Centro-oeste",0,"520640",4,14,1,13,6,8,0,0,0,0,0,14,1,13,6,8,6,10.3405042978769,9.7435535146198,0.44879534031604,30
"21202","GO","Crixás",17044,30961.64,52001,"São Miguel do Araguaia",5,"Centro-oeste",0,"520640",5,20,2,18,9,11,0,0,0,0,0,20,2,18,9,11,11,10.3405042978769,9.7435535146198,0.433201532685825,31
"21203","GO","Crixás",17044,30961.64,52001,"São Miguel do Araguaia",5,"Centro-oeste",0,"520640",6,22,1,21,7,15,0,0,0,0,0,22,1,21,7,15,5,10.3405042978769,9.7435535146198,0.457100761723766,30
"21204","GO","Crixás",17044,30961.64,52001,"São Miguel do Araguaia",5,"Centro-oeste",0,"520640",7,17,1,16,10,7,0,0,0,0,0,17,1,16,10,7,10,10.3405042978769,9.7435535146198,0.468684613143199,29
"21205","GO","Cromínia",3472,20076.04,52015,"Meia Ponte",5,"Centro-oeste",0,"520650",2,7,0,7,3,4,0,0,0,0,0,7,0,7,3,4,1,9.90728234320161,8.15248607578024,0.285475582386656,29
"21206","GO","Cromínia",3472,20076.04,52015,"Meia Ponte",5,"Centro-oeste",0,"520650",3,5,1,4,1,4,0,0,0,0,0,5,1,4,1,4,5,9.90728234320161,8.15248607578024,0.361874126430503,31
"21207","GO","Cromínia",3472,20076.04,52015,"Meia Ponte",5,"Centro-oeste",0,"520650",4,1,0,1,1,0,0,0,0,0,0,1,0,1,1,0,1,9.90728234320161,8.15248607578024,0.416602922537652,30
"21208","GO","Cromínia",3472,20076.04,52015,"Meia Ponte",5,"Centro-oeste",0,"520650",5,6,1,5,3,3,1,0,0,0,0,7,1,5,3,3,3,9.90728234320161,8.15248607578024,0.391700943656751,31
"21209","GO","Cromínia",3472,20076.04,52015,"Meia Ponte",5,"Centro-oeste",0,"520650",6,4,1,3,2,2,0,0,0,0,0,4,1,3,2,2,4,9.90728234320161,8.15248607578024,0.382470748493052,30
"21210","GO","Cromínia",3472,20076.04,52015,"Meia Ponte",5,"Centro-oeste",0,"520650",7,6,0,6,0,6,0,0,0,0,0,6,0,6,0,6,7,9.90728234320161,8.15248607578024,0.425181244039585,29
"21211","GO","Edéia",12467,68132.84,52014,"Vale do Rio dos Bois",5,"Centro-oeste",0,"520740",2,21,3,18,9,12,0,0,0,0,0,21,3,18,9,12,2,11.1292146079129,9.43084043234498,0.285932465756664,29
"21212","GO","Edéia",12467,68132.84,52014,"Vale do Rio dos Bois",5,"Centro-oeste",0,"520740",3,21,4,17,10,11,0,0,0,0,0,21,4,17,10,11,11,11.1292146079129,9.43084043234498,0.354887744504441,31
"21213","GO","Edéia",12467,68132.84,52014,"Vale do Rio dos Bois",5,"Centro-oeste",0,"520740",4,8,1,7,3,5,0,0,0,0,0,8,1,7,3,5,4,11.1292146079129,9.43084043234498,0.404330180557928,30
"21214","GO","Edéia",12467,68132.84,52014,"Vale do Rio dos Bois",5,"Centro-oeste",0,"520740",5,6,1,5,2,4,0,0,0,0,0,6,1,5,2,4,7,11.1292146079129,9.43084043234498,0.389371312172063,31
"21215","GO","Edéia",12467,68132.84,52014,"Vale do Rio dos Bois",5,"Centro-oeste",0,"520740",6,10,2,8,5,5,0,0,0,0,0,10,2,8,5,5,7,11.1292146079129,9.43084043234498,0.375009343903231,30
"21216","GO","Edéia",12467,68132.84,52014,"Vale do Rio dos Bois",5,"Centro-oeste",0,"520740",7,8,1,7,3,5,0,0,0,0,0,8,1,7,3,5,9,11.1292146079129,9.43084043234498,0.38051802526189,29
"21217","GO","Firminópolis",13449,13368.84,52009,"Anicuns",5,"Centro-oeste",0,"520780",2,15,5,10,7,8,0,0,0,0,0,15,5,10,7,8,6,9.50068190492587,9.50666003282355,0.333454277089538,29
"21218","GO","Firminópolis",13449,13368.84,52009,"Anicuns",5,"Centro-oeste",0,"520780",3,9,1,8,3,6,0,0,0,0,0,9,1,8,3,6,4,9.50068190492587,9.50666003282355,0.416353262739261,31
"21219","GO","Firminópolis",13449,13368.84,52009,"Anicuns",5,"Centro-oeste",0,"520780",4,10,3,7,3,7,0,0,0,0,0,10,3,7,3,7,7,9.50068190492587,9.50666003282355,0.43281216826105,30
"21220","GO","Firminópolis",13449,13368.84,52009,"Anicuns",5,"Centro-oeste",0,"520780",5,11,2,9,5,6,0,0,0,0,0,11,2,9,5,6,5,9.50068190492587,9.50666003282355,0.414110471669975,31
"21221","GO","Firminópolis",13449,13368.84,52009,"Anicuns",5,"Centro-oeste",0,"520780",6,4,2,2,2,2,0,0,0,0,0,4,2,2,2,2,7,9.50068190492587,9.50666003282355,0.389092550817033,30
"21222","GO","Firminópolis",13449,13368.84,52009,"Anicuns",5,"Centro-oeste",0,"520780",7,9,1,8,2,7,0,0,0,0,0,9,1,8,2,7,6,9.50068190492587,9.50666003282355,0.423116076237444,29
"21223","GO","Formosa",123684,19525.95,52012,"Entorno de Brasília",5,"Centro-oeste",1,"520800",2,247,52,195,98,149,2,0,0,0,0,249,52,195,98,149,42,9.87949962909403,11.7254852048248,0.281580321347927,29
"21224","GO","Formosa",123684,19525.95,52012,"Entorno de Brasília",5,"Centro-oeste",1,"520800",3,215,44,171,104,111,1,0,0,0,0,216,44,171,104,111,60,9.87949962909403,11.7254852048248,0.383415269997071,31
"21225","GO","Formosa",123684,19525.95,52012,"Entorno de Brasília",5,"Centro-oeste",1,"520800",4,159,30,129,67,92,3,0,0,0,0,162,30,129,67,92,46,9.87949962909403,11.7254852048248,0.41430177428897,30
"21226","GO","Formosa",123684,19525.95,52012,"Entorno de Brasília",5,"Centro-oeste",1,"520800",5,145,24,121,60,85,2,0,0,0,0,147,24,121,60,85,53,9.87949962909403,11.7254852048248,0.370551996664614,31
"21227","GO","Formosa",123684,19525.95,52012,"Entorno de Brasília",5,"Centro-oeste",1,"520800",6,153,34,119,75,78,0,0,0,0,0,153,34,119,75,78,46,9.87949962909403,11.7254852048248,0.351656977620743,30
"21228","GO","Formosa",123684,19525.95,52012,"Entorno de Brasília",5,"Centro-oeste",1,"520800",7,155,23,132,58,97,2,0,0,0,0,157,23,132,58,97,69,9.87949962909403,11.7254852048248,0.368455518703226,29
"21229","GO","Goianápolis",11224,18676.56,52010,"Goiânia",5,"Centro-oeste",0,"520840",2,18,4,14,11,7,1,0,0,0,0,19,4,14,11,7,5,9.83502454064878,9.3258096217823,0.298282513428383,29
"21230","GO","Goianápolis",11224,18676.56,52010,"Goiânia",5,"Centro-oeste",0,"520840",3,27,10,17,9,18,0,0,0,0,0,27,10,17,9,18,6,9.83502454064878,9.3258096217823,0.345494250270474,31
"21231","GO","Goianápolis",11224,18676.56,52010,"Goiânia",5,"Centro-oeste",0,"520840",4,17,5,12,5,12,1,0,0,0,0,18,5,12,5,12,13,9.83502454064878,9.3258096217823,0.365496822782791,30
"21232","GO","Goianápolis",11224,18676.56,52010,"Goiânia",5,"Centro-oeste",0,"520840",5,14,3,11,4,10,0,0,0,0,0,14,3,11,4,10,10,9.83502454064878,9.3258096217823,0.335094071482776,31
"21233","GO","Goianápolis",11224,18676.56,52010,"Goiânia",5,"Centro-oeste",0,"520840",6,14,1,13,7,7,0,0,0,0,0,14,1,13,7,7,9,9.83502454064878,9.3258096217823,0.335443375205053,30
"21234","GO","Goianápolis",11224,18676.56,52010,"Goiânia",5,"Centro-oeste",0,"520840",7,22,3,19,8,14,0,0,0,0,0,22,3,19,8,14,14,9.83502454064878,9.3258096217823,0.367389569253533,29
"21235","GO","Goianésia",71075,20108.61,52006,"Ceres",5,"Centro-oeste",1,"520860",2,163,19,144,67,96,0,0,0,0,0,163,19,144,67,96,35,9.90890336053694,11.1714909365192,0.294691119102279,29
"21236","GO","Goianésia",71075,20108.61,52006,"Ceres",5,"Centro-oeste",1,"520860",3,139,14,125,64,75,1,0,0,0,0,140,14,125,64,75,39,9.90890336053694,11.1714909365192,0.382647934242249,31
"21237","GO","Goianésia",71075,20108.61,52006,"Ceres",5,"Centro-oeste",1,"520860",4,66,11,55,21,45,1,0,0,0,0,67,11,55,21,45,34,9.90890336053694,11.1714909365192,0.419449286697147,30
"21238","GO","Goianésia",71075,20108.61,52006,"Ceres",5,"Centro-oeste",1,"520860",5,84,16,68,29,55,0,0,0,0,0,84,16,68,29,55,44,9.90890336053694,11.1714909365192,0.37087296149595,31
"21239","GO","Goianésia",71075,20108.61,52006,"Ceres",5,"Centro-oeste",1,"520860",6,82,10,72,35,47,0,0,0,0,0,82,10,72,35,47,33,9.90890336053694,11.1714909365192,0.359193723282583,30
"21240","GO","Goianésia",71075,20108.61,52006,"Ceres",5,"Centro-oeste",1,"520860",7,93,19,74,30,63,2,0,0,0,0,95,19,74,30,63,51,9.90890336053694,11.1714909365192,0.368875623823832,29
"21241","GO","Goiânia",1536097,33004.01,52010,"Goiânia",5,"Centro-oeste",1,"520870",2,2743,333,2410,787,1956,7,0,0,0,0,2750,333,2410,787,1956,699,10.4043843482178,14.2447553417375,0.281947864699222,29
"21242","GO","Goiânia",1536097,33004.01,52010,"Goiânia",5,"Centro-oeste",1,"520870",3,2713,323,2390,852,1861,14,0,0,0,0,2727,323,2390,852,1861,739,10.4043843482178,14.2447553417375,0.395218600302106,31
"21243","GO","Goiânia",1536097,33004.01,52010,"Goiânia",5,"Centro-oeste",1,"520870",4,1691,210,1481,513,1178,7,0,0,0,0,1698,210,1481,513,1178,692,10.4043843482178,14.2447553417375,0.445249549547573,30
"21244","GO","Goiânia",1536097,33004.01,52010,"Goiânia",5,"Centro-oeste",1,"520870",5,1583,202,1381,468,1115,15,0,0,0,0,1598,202,1381,468,1115,780,10.4043843482178,14.2447553417375,0.391462294067263,31
"21245","GO","Goiânia",1536097,33004.01,52010,"Goiânia",5,"Centro-oeste",1,"520870",6,1607,178,1429,487,1120,11,0,0,0,0,1618,178,1429,487,1120,930,10.4043843482178,14.2447553417375,0.372351226675856,30
"21246","GO","Goiânia",1536097,33004.01,52010,"Goiânia",5,"Centro-oeste",1,"520870",7,1592,185,1407,470,1122,13,0,0,0,0,1605,185,1407,470,1122,1387,10.4043843482178,14.2447553417375,0.387757426354513,29
"21247","GO","Goianira",45296,21705.28,52010,"Goiânia",5,"Centro-oeste",1,"520880",2,159,32,127,66,93,0,0,0,0,0,159,32,127,66,93,16,9.98531082790388,10.7209740073517,0.284677186334581,29
"21248","GO","Goianira",45296,21705.28,52010,"Goiânia",5,"Centro-oeste",1,"520880",3,134,33,101,60,74,0,0,0,0,0,134,33,101,60,74,26,9.98531082790388,10.7209740073517,0.377913179479926,31
"21249","GO","Goianira",45296,21705.28,52010,"Goiânia",5,"Centro-oeste",1,"520880",4,77,22,55,34,43,0,0,0,0,0,77,22,55,34,43,32,9.98531082790388,10.7209740073517,0.406341531434944,30
"21250","GO","Goianira",45296,21705.28,52010,"Goiânia",5,"Centro-oeste",1,"520880",5,89,22,67,29,60,0,0,0,0,0,89,22,67,29,60,24,9.98531082790388,10.7209740073517,0.360200480520717,31
"21251","GO","Goianira",45296,21705.28,52010,"Goiânia",5,"Centro-oeste",1,"520880",6,88,28,60,34,54,2,0,0,0,0,90,28,60,34,54,22,9.98531082790388,10.7209740073517,0.342057612315866,30
"21252","GO","Goianira",45296,21705.28,52010,"Goiânia",5,"Centro-oeste",1,"520880",7,83,22,61,34,49,1,0,0,0,0,84,22,61,34,49,50,9.98531082790388,10.7209740073517,0.36374903066783,29
"21253","GO","Goiás",22381,20136.77,52002,"Rio Vermelho",5,"Centro-oeste",0,"520890",2,36,10,26,16,20,0,0,0,0,0,36,10,26,16,20,12,9.91030277605224,10.0159676636201,0.276677708639221,29
"21254","GO","Goiás",22381,20136.77,52002,"Rio Vermelho",5,"Centro-oeste",0,"520890",3,37,5,32,15,22,0,0,0,0,0,37,5,32,15,22,10,9.91030277605224,10.0159676636201,0.381921355316577,31
"21255","GO","Goiás",22381,20136.77,52002,"Rio Vermelho",5,"Centro-oeste",0,"520890",4,12,1,11,6,6,0,0,0,0,0,12,1,11,6,6,16,9.91030277605224,10.0159676636201,0.428151100599549,30
"21256","GO","Goiás",22381,20136.77,52002,"Rio Vermelho",5,"Centro-oeste",0,"520890",5,21,3,18,9,12,0,0,0,0,0,21,3,18,9,12,16,9.91030277605224,10.0159676636201,0.402049894858492,31
"21257","GO","Goiás",22381,20136.77,52002,"Rio Vermelho",5,"Centro-oeste",0,"520890",6,27,6,21,8,19,0,0,0,0,0,27,6,21,8,19,9,9.91030277605224,10.0159676636201,0.392940025386285,30
"21258","GO","Goiás",22381,20136.77,52002,"Rio Vermelho",5,"Centro-oeste",0,"520890",7,21,3,18,9,12,0,0,0,0,0,21,3,18,9,12,20,9.91030277605224,10.0159676636201,0.42075009821913,29
"21259","GO","Goiatuba",34202,45434.73,52015,"Meia Ponte",5,"Centro-oeste",1,"520910",2,59,13,46,27,32,2,0,0,0,0,61,13,46,27,32,29,10.7240320695565,10.440039400873,0.329924083051901,29
"21260","GO","Goiatuba",34202,45434.73,52015,"Meia Ponte",5,"Centro-oeste",1,"520910",3,63,15,48,34,29,0,0,0,0,0,63,15,48,34,29,26,10.7240320695565,10.440039400873,0.387936832743334,31
"21261","GO","Goiatuba",34202,45434.73,52015,"Meia Ponte",5,"Centro-oeste",1,"520910",4,39,6,33,15,24,0,0,0,0,0,39,6,33,15,24,23,10.7240320695565,10.440039400873,0.397078096274355,30
"21262","GO","Goiatuba",34202,45434.73,52015,"Meia Ponte",5,"Centro-oeste",1,"520910",5,46,11,35,19,27,1,0,0,0,0,47,11,35,19,27,31,10.7240320695565,10.440039400873,0.371695181830658,31
"21263","GO","Goiatuba",34202,45434.73,52015,"Meia Ponte",5,"Centro-oeste",1,"520910",6,31,2,29,10,21,0,0,0,0,0,31,2,29,10,21,30,10.7240320695565,10.440039400873,0.352387473332956,30
"21264","GO","Goiatuba",34202,45434.73,52015,"Meia Ponte",5,"Centro-oeste",1,"520910",7,42,10,32,15,27,0,0,0,0,0,42,10,32,15,27,33,10.7240320695565,10.440039400873,0.381801604097377,29
"21265","GO","Guapó",14207,14365.9,52010,"Goiânia",5,"Centro-oeste",1,"520920",2,25,2,23,11,14,0,0,0,0,0,25,2,23,11,14,3,9.57261262173066,9.56149007987208,0.292927690029231,29
"21266","GO","Guapó",14207,14365.9,52010,"Goiânia",5,"Centro-oeste",1,"520920",3,31,8,23,10,21,0,0,0,0,0,31,8,23,10,21,9,9.57261262173066,9.56149007987208,0.374527578883032,31
"21267","GO","Guapó",14207,14365.9,52010,"Goiânia",5,"Centro-oeste",1,"520920",4,16,2,14,8,8,0,0,0,0,0,16,2,14,8,8,11,9.57261262173066,9.56149007987208,0.390036003258708,30
"21268","GO","Guapó",14207,14365.9,52010,"Goiânia",5,"Centro-oeste",1,"520920",5,13,3,10,5,8,0,0,0,0,0,13,3,10,5,8,9,9.57261262173066,9.56149007987208,0.346729872765524,31
"21269","GO","Guapó",14207,14365.9,52010,"Goiânia",5,"Centro-oeste",1,"520920",6,24,7,17,9,15,0,0,0,0,0,24,7,17,9,15,8,9.57261262173066,9.56149007987208,0.332534416251886,30
"21270","GO","Guapó",14207,14365.9,52010,"Goiânia",5,"Centro-oeste",1,"520920",7,19,3,16,8,11,0,0,0,0,0,19,3,16,8,11,14,9.57261262173066,9.56149007987208,0.373274736492398,29
"21271","GO","Heitoraí",3733,15197.1,52007,"Anápolis",5,"Centro-oeste",0,"520960",2,4,1,3,2,2,0,0,0,0,0,4,1,3,2,2,2,9.62885989915806,8.22496747891458,0.314582441660551,29
"21272","GO","Heitoraí",3733,15197.1,52007,"Anápolis",5,"Centro-oeste",0,"520960",3,5,0,5,2,3,0,0,0,0,0,5,0,5,2,3,4,9.62885989915806,8.22496747891458,0.398315920211756,31
"21273","GO","Heitoraí",3733,15197.1,52007,"Anápolis",5,"Centro-oeste",0,"520960",4,5,1,4,1,4,0,0,0,0,0,5,1,4,1,4,2,9.62885989915806,8.22496747891458,0.421909813436926,30
"21274","GO","Heitoraí",3733,15197.1,52007,"Anápolis",5,"Centro-oeste",0,"520960",5,0,0,0,0,0,0,0,0,0,0,0,0,0,0,0,5,9.62885989915806,8.22496747891458,0.404144445084975,31
"21275","GO","Heitoraí",3733,15197.1,52007,"Anápolis",5,"Centro-oeste",0,"520960",6,9,0,9,5,4,0,0,0,0,0,9,0,9,5,4,4,9.62885989915806,8.22496747891458,0.417597952475522,30
"21276","GO","Heitoraí",3733,15197.1,52007,"Anápolis",5,"Centro-oeste",0,"520960",7,4,1,3,2,2,0,0,0,0,0,4,1,3,2,2,3,9.62885989915806,8.22496747891458,0.450115101101135,29
"21277","GO","Hidrolândia",22124,53846.74,52010,"Goiânia",5,"Centro-oeste",1,"520970",2,32,12,20,11,21,0,0,0,0,0,32,12,20,11,21,9,10.893897142219,10.0044182711146,0.290542777431867,29
"21278","GO","Hidrolândia",22124,53846.74,52010,"Goiânia",5,"Centro-oeste",1,"520970",3,42,10,32,23,19,2,0,0,0,0,44,10,32,23,19,18,10.893897142219,10.0044182711146,0.374228045405657,31
"21279","GO","Hidrolândia",22124,53846.74,52010,"Goiânia",5,"Centro-oeste",1,"520970",4,23,6,17,14,9,0,0,0,0,0,23,6,17,14,9,11,10.893897142219,10.0044182711146,0.419198739574529,30
"21280","GO","Hidrolândia",22124,53846.74,52010,"Goiânia",5,"Centro-oeste",1,"520970",5,30,13,17,16,14,1,0,0,0,0,31,13,17,16,14,12,10.893897142219,10.0044182711146,0.387418036889705,31
"21281","GO","Hidrolândia",22124,53846.74,52010,"Goiânia",5,"Centro-oeste",1,"520970",6,26,7,19,12,14,0,0,0,0,0,26,7,19,12,14,11,10.893897142219,10.0044182711146,0.364154486293134,30
"21282","GO","Hidrolândia",22124,53846.74,52010,"Goiânia",5,"Centro-oeste",1,"520970",7,36,13,23,10,26,0,0,0,0,0,36,13,23,10,26,18,10.893897142219,10.0044182711146,0.38046520551847,29
"21283","GO","Indiara",15787,20639.49,52014,"Vale do Rio dos Bois",5,"Centro-oeste",1,"520995",2,22,4,18,11,11,0,0,0,0,0,22,4,18,11,11,7,9.93496150998789,9.66694209553173,0.287892521243425,29
"21284","GO","Indiara",15787,20639.49,52014,"Vale do Rio dos Bois",5,"Centro-oeste",1,"520995",3,31,10,21,12,19,0,0,0,0,0,31,10,21,12,19,7,9.93496150998789,9.66694209553173,0.374776859987595,31
"21285","GO","Indiara",15787,20639.49,52014,"Vale do Rio dos Bois",5,"Centro-oeste",1,"520995",4,14,2,12,7,7,1,0,0,0,0,15,2,12,7,7,5,9.93496150998789,9.66694209553173,0.39491825446893,30
"21286","GO","Indiara",15787,20639.49,52014,"Vale do Rio dos Bois",5,"Centro-oeste",1,"520995",5,19,6,13,10,9,0,0,0,0,0,19,6,13,10,9,6,9.93496150998789,9.66694209553173,0.37966114805571,31
"21287","GO","Indiara",15787,20639.49,52014,"Vale do Rio dos Bois",5,"Centro-oeste",1,"520995",6,21,4,17,8,13,0,0,0,0,0,21,4,17,8,13,8,9.93496150998789,9.66694209553173,0.366617741681656,30
"21288","GO","Indiara",15787,20639.49,52014,"Vale do Rio dos Bois",5,"Centro-oeste",1,"520995",7,17,3,14,8,9,0,0,0,0,0,17,3,14,8,9,10,9.93496150998789,9.66694209553173,0.392169148273639,29
"21289","GO","Inhumas",53259,21656.9,52007,"Anápolis",5,"Centro-oeste",1,"521000",2,99,16,83,32,67,0,0,0,0,0,99,16,83,32,67,28,9.9830793893519,10.8829220833749,0.287869625644197,29
"21290","GO","Inhumas",53259,21656.9,52007,"Anápolis",5,"Centro-oeste",1,"521000",3,86,18,68,30,56,0,0,0,0,0,86,18,68,30,56,37,9.9830793893519,10.8829220833749,0.374215148405427,31
"21291","GO","Inhumas",53259,21656.9,52007,"Anápolis",5,"Centro-oeste",1,"521000",4,59,10,49,25,34,0,0,0,0,0,59,10,49,25,34,35,9.9830793893519,10.8829220833749,0.405080356084407,30
"21292","GO","Inhumas",53259,21656.9,52007,"Anápolis",5,"Centro-oeste",1,"521000",5,62,8,54,27,35,1,0,0,0,0,63,8,54,27,35,27,9.9830793893519,10.8829220833749,0.364217110895405,31
"21293","GO","Inhumas",53259,21656.9,52007,"Anápolis",5,"Centro-oeste",1,"521000",6,66,4,62,25,41,1,0,0,0,0,67,4,62,25,41,33,9.9830793893519,10.8829220833749,0.344233135576883,30
"21294","GO","Inhumas",53259,21656.9,52007,"Anápolis",5,"Centro-oeste",1,"521000",7,62,11,51,25,37,0,0,0,0,0,62,11,51,25,37,50,9.9830793893519,10.8829220833749,0.37339626362856,29
"21295","GO","Ipameri",27174,55480.72,52017,"Catalão",5,"Centro-oeste",1,"521010",2,47,10,37,23,24,0,0,0,0,0,47,10,37,23,24,20,10.9237908519942,10.2100159127843,0.311021541233889,29
"21296","GO","Ipameri",27174,55480.72,52017,"Catalão",5,"Centro-oeste",1,"521010",3,31,6,25,8,23,1,0,0,0,0,32,6,25,8,23,15,10.9237908519942,10.2100159127843,0.392890369044244,31
"21297","GO","Ipameri",27174,55480.72,52017,"Catalão",5,"Centro-oeste",1,"521010",4,27,9,18,13,14,0,0,0,0,0,27,9,18,13,14,17,10.9237908519942,10.2100159127843,0.427330933373871,30
"21298","GO","Ipameri",27174,55480.72,52017,"Catalão",5,"Centro-oeste",1,"521010",5,25,10,15,10,15,0,0,0,0,0,25,10,15,10,15,16,10.9237908519942,10.2100159127843,0.405035435586285,31
"21299","GO","Ipameri",27174,55480.72,52017,"Catalão",5,"Centro-oeste",1,"521010",6,29,8,21,12,17,0,0,0,0,0,29,8,21,12,17,11,10.9237908519942,10.2100159127843,0.412157648789836,30
"21300","GO","Ipameri",27174,55480.72,52017,"Catalão",5,"Centro-oeste",1,"521010",7,23,4,19,10,13,0,0,0,0,0,23,4,19,10,13,19,10.9237908519942,10.2100159127843,0.42366751157906,29
"21301","GO","Iporá",31499,20853.76,52008,"Iporá",5,"Centro-oeste",1,"521020",2,54,5,49,22,32,2,0,0,0,0,56,5,49,22,32,16,9.94528954669983,10.3577110782781,0.290609454615225,29
"21302","GO","Iporá",31499,20853.76,52008,"Iporá",5,"Centro-oeste",1,"521020",3,59,6,53,18,41,0,0,0,0,0,59,6,53,18,41,18,9.94528954669983,10.3577110782781,0.359666276634159,31
"21303","GO","Iporá",31499,20853.76,52008,"Iporá",5,"Centro-oeste",1,"521020",4,34,2,32,10,24,0,0,0,0,0,34,2,32,10,24,22,9.94528954669983,10.3577110782781,0.372155780914389,30
"21304","GO","Iporá",31499,20853.76,52008,"Iporá",5,"Centro-oeste",1,"521020",5,31,2,29,13,18,0,0,0,0,0,31,2,29,13,18,28,9.94528954669983,10.3577110782781,0.350277871575546,31
"21305","GO","Iporá",31499,20853.76,52008,"Iporá",5,"Centro-oeste",1,"521020",6,37,3,34,12,25,0,0,0,0,0,37,3,34,12,25,19,9.94528954669983,10.3577110782781,0.360106916917862,30
"21306","GO","Iporá",31499,20853.76,52008,"Iporá",5,"Centro-oeste",1,"521020",7,41,1,40,16,25,0,0,0,0,0,41,1,40,16,25,33,9.94528954669983,10.3577110782781,0.349664766979621,29
"21307","GO","Itaberaí",43622,30570.6,52007,"Anápolis",5,"Centro-oeste",1,"521040",2,86,21,65,36,50,0,0,0,0,0,86,21,65,36,50,15,10.3277940417776,10.6833168892318,0.306311034996555,29
"21308","GO","Itaberaí",43622,30570.6,52007,"Anápolis",5,"Centro-oeste",1,"521040",3,84,21,63,34,50,0,0,0,0,0,84,21,63,34,50,22,10.3277940417776,10.6833168892318,0.373851012149288,31
"21309","GO","Itaberaí",43622,30570.6,52007,"Anápolis",5,"Centro-oeste",1,"521040",4,69,20,49,33,36,1,0,0,0,0,70,20,49,33,36,22,10.3277940417776,10.6833168892318,0.396036780977163,30
"21310","GO","Itaberaí",43622,30570.6,52007,"Anápolis",5,"Centro-oeste",1,"521040",5,38,8,30,16,22,0,0,0,0,0,38,8,30,16,22,34,10.3277940417776,10.6833168892318,0.365415008480549,31
"21311","GO","Itaberaí",43622,30570.6,52007,"Anápolis",5,"Centro-oeste",1,"521040",6,39,7,32,13,26,1,0,0,0,0,40,7,32,13,26,27,10.3277940417776,10.6833168892318,0.361484696335007,30
"21312","GO","Itaberaí",43622,30570.6,52007,"Anápolis",5,"Centro-oeste",1,"521040",7,56,11,45,23,33,2,0,0,0,0,58,11,45,23,33,47,10.3277940417776,10.6833168892318,0.380674285875908,29
"21313","GO","Itaguari",4685,15083.78,52007,"Anápolis",5,"Centro-oeste",0,"521056",2,8,0,8,3,5,0,0,0,0,0,8,0,8,3,5,3,9.62137527328117,8.45212119467252,0.323974267896302,29
"21314","GO","Itaguari",4685,15083.78,52007,"Anápolis",5,"Centro-oeste",0,"521056",3,8,3,5,4,4,0,0,0,0,0,8,3,5,4,4,5,9.62137527328117,8.45212119467252,0.40269753698789,31
"21315","GO","Itaguari",4685,15083.78,52007,"Anápolis",5,"Centro-oeste",0,"521056",4,4,0,4,3,1,0,0,0,0,0,4,0,4,3,1,1,9.62137527328117,8.45212119467252,0.406759012092421,30
"21316","GO","Itaguari",4685,15083.78,52007,"Anápolis",5,"Centro-oeste",0,"521056",5,2,0,2,0,2,0,0,0,0,0,2,0,2,0,2,3,9.62137527328117,8.45212119467252,0.364098659924136,31
"21317","GO","Itaguari",4685,15083.78,52007,"Anápolis",5,"Centro-oeste",0,"521056",6,6,4,2,3,3,0,0,0,0,0,6,4,2,3,3,3,9.62137527328117,8.45212119467252,0.368586145963119,30
"21318","GO","Itaguari",4685,15083.78,52007,"Anápolis",5,"Centro-oeste",0,"521056",7,7,1,6,3,4,0,0,0,0,0,7,1,6,3,4,3,9.62137527328117,8.45212119467252,0.377183806798244,29
"21319","GO","Itaguaru",5206,14623.89,52007,"Anápolis",5,"Centro-oeste",0,"521060",2,6,1,5,3,3,0,0,0,0,0,6,1,5,3,3,6,9.5904117717838,8.55756708555451,0.299180272146607,29
"21320","GO","Itaguaru",5206,14623.89,52007,"Anápolis",5,"Centro-oeste",0,"521060",3,8,2,6,4,4,0,0,0,0,0,8,2,6,4,4,7,9.5904117717838,8.55756708555451,0.373487134205773,31
"21321","GO","Itaguaru",5206,14623.89,52007,"Anápolis",5,"Centro-oeste",0,"521060",4,3,0,3,2,1,0,0,0,0,0,3,0,3,2,1,7,9.5904117717838,8.55756708555451,0.36261132057937,30
"21322","GO","Itaguaru",5206,14623.89,52007,"Anápolis",5,"Centro-oeste",0,"521060",5,5,0,5,2,3,0,0,0,0,0,5,0,5,2,3,5,9.5904117717838,8.55756708555451,0.34974720317242,31
"21323","GO","Itaguaru",5206,14623.89,52007,"Anápolis",5,"Centro-oeste",0,"521060",6,2,0,2,1,1,0,0,0,0,0,2,0,2,1,1,1,9.5904117717838,8.55756708555451,0.345341257728774,30
"21324","GO","Itaguaru",5206,14623.89,52007,"Anápolis",5,"Centro-oeste",0,"521060",7,3,0,3,1,2,0,0,0,0,0,3,0,3,1,2,7,9.5904117717838,8.55756708555451,0.387606282265247,29
"21325","GO","Itapaci",23421,15211.06,52006,"Ceres",5,"Centro-oeste",1,"521090",2,47,8,39,21,26,0,0,0,0,0,47,8,39,21,26,13,9.6297780738178,10.0613883347884,0.325080980555076,29
"21326","GO","Itapaci",23421,15211.06,52006,"Ceres",5,"Centro-oeste",1,"521090",3,42,8,34,18,24,0,0,0,0,0,42,8,34,18,24,11,9.6297780738178,10.0613883347884,0.407092355761238,31
"21327","GO","Itapaci",23421,15211.06,52006,"Ceres",5,"Centro-oeste",1,"521090",4,23,2,21,8,15,0,0,0,0,0,23,2,21,8,15,11,9.6297780738178,10.0613883347884,0.43075883823862,30
"21328","GO","Itapaci",23421,15211.06,52006,"Ceres",5,"Centro-oeste",1,"521090",5,22,1,21,11,11,2,0,0,0,0,24,1,21,11,11,12,9.6297780738178,10.0613883347884,0.404025780961303,31
"21329","GO","Itapaci",23421,15211.06,52006,"Ceres",5,"Centro-oeste",1,"521090",6,23,5,18,10,13,0,0,0,0,0,23,5,18,10,13,15,9.6297780738178,10.0613883347884,0.384738426108806,30
"21330","GO","Itapaci",23421,15211.06,52006,"Ceres",5,"Centro-oeste",1,"521090",7,33,11,22,17,16,2,0,0,0,0,35,11,22,17,16,15,9.6297780738178,10.0613883347884,0.404726491417696,29
"21331","GO","Itapirapuã",4685,26910.36,52002,"Rio Vermelho",5,"Centro-oeste",0,"521100",2,8,3,5,3,5,0,0,0,0,0,8,3,5,3,5,3,10.2002666215579,8.45212119467252,0.300912911086935,29
"21332","GO","Itapirapuã",4685,26910.36,52002,"Rio Vermelho",5,"Centro-oeste",0,"521100",3,14,1,13,4,10,0,0,0,0,0,14,1,13,4,10,6,10.2002666215579,8.45212119467252,0.389129725947993,31
"21333","GO","Itapirapuã",4685,26910.36,52002,"Rio Vermelho",5,"Centro-oeste",0,"521100",4,12,4,8,7,5,0,0,0,0,0,12,4,8,7,5,2,10.2002666215579,8.45212119467252,0.410210100143122,30
"21334","GO","Itapirapuã",4685,26910.36,52002,"Rio Vermelho",5,"Centro-oeste",0,"521100",5,4,1,3,1,3,0,0,0,0,0,4,1,3,1,3,4,10.2002666215579,8.45212119467252,0.374584600663827,31
"21335","GO","Itapirapuã",4685,26910.36,52002,"Rio Vermelho",5,"Centro-oeste",0,"521100",6,10,2,8,5,5,0,0,0,0,0,10,2,8,5,5,5,10.2002666215579,8.45212119467252,0.392461003906508,30
"21336","GO","Itapirapuã",4685,26910.36,52002,"Rio Vermelho",5,"Centro-oeste",0,"521100",7,7,5,2,3,4,0,0,0,0,0,7,5,2,3,4,4,10.2002666215579,8.45212119467252,0.41774522761079,29
"21337","GO","Itapuranga",25681,16338.81,52006,"Ceres",5,"Centro-oeste",1,"521120",2,43,3,40,23,20,0,0,0,0,0,43,3,40,23,20,19,9.70129853834457,10.1535066978557,0.300765184686648,29
"21338","GO","Itapuranga",25681,16338.81,52006,"Ceres",5,"Centro-oeste",1,"521120",3,40,2,38,14,26,0,0,0,0,0,40,2,38,14,26,22,9.70129853834457,10.1535066978557,0.386047989350528,31
"21339","GO","Itapuranga",25681,16338.81,52006,"Ceres",5,"Centro-oeste",1,"521120",4,30,6,24,17,13,0,0,0,0,0,30,6,24,17,13,21,9.70129853834457,10.1535066978557,0.408647075884855,30
"21340","GO","Itapuranga",25681,16338.81,52006,"Ceres",5,"Centro-oeste",1,"521120",5,26,6,20,10,16,0,0,0,0,0,26,6,20,10,16,12,9.70129853834457,10.1535066978557,0.368773319207565,31
"21341","GO","Itapuranga",25681,16338.81,52006,"Ceres",5,"Centro-oeste",1,"521120",6,40,4,36,17,23,0,0,0,0,0,40,4,36,17,23,14,9.70129853834457,10.1535066978557,0.350267568006437,30
"21342","GO","Itapuranga",25681,16338.81,52006,"Ceres",5,"Centro-oeste",1,"521120",7,29,4,25,12,17,0,0,0,0,0,29,4,25,12,17,27,9.70129853834457,10.1535066978557,0.371616701390195,29
"21343","GO","Itauçu",8960,15977.75,52007,"Anápolis",5,"Centro-oeste",0,"521140",2,11,2,9,2,9,0,0,0,0,0,11,2,9,2,9,7,9.67895240840562,9.10052550596898,0.289944598757834,29
"21344","GO","Itauçu",8960,15977.75,52007,"Anápolis",5,"Centro-oeste",0,"521140",3,13,7,6,6,7,0,0,0,0,0,13,7,6,6,7,13,9.67895240840562,9.10052550596898,0.354933245367782,31
"21345","GO","Itauçu",8960,15977.75,52007,"Anápolis",5,"Centro-oeste",0,"521140",4,7,2,5,2,5,1,0,0,0,0,8,2,5,2,5,3,9.67895240840562,9.10052550596898,0.360117445875911,30
"21346","GO","Itauçu",8960,15977.75,52007,"Anápolis",5,"Centro-oeste",0,"521140",5,9,0,9,2,7,0,0,0,0,0,9,0,9,2,7,5,9.67895240840562,9.10052550596898,0.340595604067959,31
"21347","GO","Itauçu",8960,15977.75,52007,"Anápolis",5,"Centro-oeste",0,"521140",6,4,1,3,3,1,0,0,0,0,0,4,1,3,3,1,6,9.67895240840562,9.10052550596898,0.332770375111163,30
"21348","GO","Itauçu",8960,15977.75,52007,"Anápolis",5,"Centro-oeste",0,"521140",7,8,0,8,2,6,0,0,0,0,0,8,0,8,2,6,14,9.67895240840562,9.10052550596898,0.356181848844197,29
"21349","GO","Itumbiara",105809,40399.72,52015,"Meia Ponte",5,"Centro-oeste",1,"521150",2,183,30,153,56,127,0,0,0,0,0,183,30,153,56,127,61,10.6065781332322,11.569390860951,0.302189343462864,29
"21350","GO","Itumbiara",105809,40399.72,52015,"Meia Ponte",5,"Centro-oeste",1,"521150",3,200,40,160,64,136,1,0,0,0,0,201,40,160,64,136,64,10.6065781332322,11.569390860951,0.390401447374129,31
"21351","GO","Itumbiara",105809,40399.72,52015,"Meia Ponte",5,"Centro-oeste",1,"521150",4,121,21,100,48,73,1,0,0,0,0,122,21,100,48,73,56,10.6065781332322,11.569390860951,0.429272274267523,30
"21352","GO","Itumbiara",105809,40399.72,52015,"Meia Ponte",5,"Centro-oeste",1,"521150",5,117,24,93,45,72,0,0,0,0,0,117,24,93,45,72,69,10.6065781332322,11.569390860951,0.385807153740537,31
"21353","GO","Itumbiara",105809,40399.72,52015,"Meia Ponte",5,"Centro-oeste",1,"521150",6,121,20,101,47,74,3,0,0,0,0,124,20,101,47,74,76,10.6065781332322,11.569390860951,0.378048275524608,30
"21354","GO","Itumbiara",105809,40399.72,52015,"Meia Ponte",5,"Centro-oeste",1,"521150",7,101,17,84,37,64,2,0,0,0,0,103,17,84,37,64,86,10.6065781332322,11.569390860951,0.386721443422157,29
"21355","GO","Jandaia",6025,40353.89,52014,"Vale do Rio dos Bois",5,"Centro-oeste",0,"521170",2,12,5,7,2,10,0,0,0,0,0,12,5,7,2,10,4,10.6054430754949,8.70367275835886,0.28937231968809,29
"21356","GO","Jandaia",6025,40353.89,52014,"Vale do Rio dos Bois",5,"Centro-oeste",0,"521170",3,6,3,3,4,2,0,0,0,0,0,6,3,3,4,2,6,10.6054430754949,8.70367275835886,0.386905336976687,31
"21357","GO","Jandaia",6025,40353.89,52014,"Vale do Rio dos Bois",5,"Centro-oeste",0,"521170",4,5,0,5,1,4,0,0,0,0,0,5,0,5,1,4,3,10.6054430754949,8.70367275835886,0.409300522560146,30
"21358","GO","Jandaia",6025,40353.89,52014,"Vale do Rio dos Bois",5,"Centro-oeste",0,"521170",5,7,1,6,2,5,0,0,0,0,0,7,1,6,2,5,7,10.6054430754949,8.70367275835886,0.387468286878123,31
"21359","GO","Jandaia",6025,40353.89,52014,"Vale do Rio dos Bois",5,"Centro-oeste",0,"521170",6,7,1,6,4,3,0,0,0,0,0,7,1,6,4,3,3,10.6054430754949,8.70367275835886,0.370675605585766,30
"21360","GO","Jandaia",6025,40353.89,52014,"Vale do Rio dos Bois",5,"Centro-oeste",0,"521170",7,2,0,2,0,2,1,0,0,0,0,3,0,2,0,2,8,10.6054430754949,8.70367275835886,0.381318102987474,29
"21361","GO","Jaraguá",51338,14196.3,52007,"Anápolis",5,"Centro-oeste",1,"521180",2,90,18,72,38,52,0,0,0,0,0,90,18,72,38,52,26,9.56073664625653,10.8461864976866,0.319878630137096,29
"21362","GO","Jaraguá",51338,14196.3,52007,"Anápolis",5,"Centro-oeste",1,"521180",3,78,14,64,21,57,0,0,0,0,0,78,14,64,21,57,22,9.56073664625653,10.8461864976866,0.411820959032692,31
"21363","GO","Jaraguá",51338,14196.3,52007,"Anápolis",5,"Centro-oeste",1,"521180",4,44,8,36,16,28,0,0,0,0,0,44,8,36,16,28,30,9.56073664625653,10.8461864976866,0.431004923256946,30
"21364","GO","Jaraguá",51338,14196.3,52007,"Anápolis",5,"Centro-oeste",1,"521180",5,50,10,40,16,34,0,0,0,0,0,50,10,40,16,34,32,9.56073664625653,10.8461864976866,0.403087365802403,31
"21365","GO","Jaraguá",51338,14196.3,52007,"Anápolis",5,"Centro-oeste",1,"521180",6,47,13,34,18,29,1,0,0,0,0,48,13,34,18,29,20,9.56073664625653,10.8461864976866,0.374953846746376,30
"21366","GO","Jaraguá",51338,14196.3,52007,"Anápolis",5,"Centro-oeste",1,"521180",7,45,13,32,20,25,0,0,0,0,0,45,13,32,20,25,20,9.56073664625653,10.8461864976866,0.384034687807418,29
"21367","GO","Jataí",102065,46149.26,52013,"Sudoeste de Goiás",5,"Centro-oeste",1,"521190",2,243,60,183,103,140,0,0,0,0,0,243,60,183,103,140,55,10.7396362051329,11.5333651442077,0.293024148669804,29
"21368","GO","Jataí",102065,46149.26,52013,"Sudoeste de Goiás",5,"Centro-oeste",1,"521190",3,210,43,167,100,110,1,0,0,0,0,211,43,167,100,110,47,10.7396362051329,11.5333651442077,0.391341251389478,31
"21369","GO","Jataí",102065,46149.26,52013,"Sudoeste de Goiás",5,"Centro-oeste",1,"521190",4,157,39,118,66,91,0,0,0,0,0,157,39,118,66,91,34,10.7396362051329,11.5333651442077,0.419422608462695,30
"21370","GO","Jataí",102065,46149.26,52013,"Sudoeste de Goiás",5,"Centro-oeste",1,"521190",5,137,26,111,47,90,0,0,0,0,0,137,26,111,47,90,46,10.7396362051329,11.5333651442077,0.387702604191881,31
"21371","GO","Jataí",102065,46149.26,52013,"Sudoeste de Goiás",5,"Centro-oeste",1,"521190",6,125,23,102,45,80,4,0,0,0,0,129,23,102,45,80,50,10.7396362051329,11.5333651442077,0.36516329290058,30
"21372","GO","Jataí",102065,46149.26,52013,"Sudoeste de Goiás",5,"Centro-oeste",1,"521190",7,119,20,99,37,82,0,0,0,0,0,119,20,99,37,82,73,10.7396362051329,11.5333651442077,0.386999723287965,29
"21373","GO","Joviânia",7402,28514.59,52015,"Meia Ponte",5,"Centro-oeste",0,"521210",2,10,4,6,2,8,0,0,0,0,0,10,4,6,2,8,3,10.2581711650899,8.9095055129461,0.337274569113819,29
"21374","GO","Joviânia",7402,28514.59,52015,"Meia Ponte",5,"Centro-oeste",0,"521210",3,13,2,11,8,5,0,0,0,0,0,13,2,11,8,5,3,10.2581711650899,8.9095055129461,0.383263019057763,31
"21375","GO","Joviânia",7402,28514.59,52015,"Meia Ponte",5,"Centro-oeste",0,"521210",4,7,2,5,4,3,0,0,0,0,0,7,2,5,4,3,5,10.2581711650899,8.9095055129461,0.411981442860239,30
"21376","GO","Joviânia",7402,28514.59,52015,"Meia Ponte",5,"Centro-oeste",0,"521210",5,10,2,8,5,5,0,0,0,0,0,10,2,8,5,5,6,10.2581711650899,8.9095055129461,0.38935923214529,31
"21377","GO","Joviânia",7402,28514.59,52015,"Meia Ponte",5,"Centro-oeste",0,"521210",6,16,5,11,3,13,0,0,0,0,0,16,5,11,3,13,4,10.2581711650899,8.9095055129461,0.364600139641566,30
"21378","GO","Joviânia",7402,28514.59,52015,"Meia Ponte",5,"Centro-oeste",0,"521210",7,15,6,9,9,6,0,0,0,0,0,15,6,9,9,6,3,10.2581711650899,8.9095055129461,0.386801307251363,29
"21379","GO","Jussara",18371,23958.8,52002,"Rio Vermelho",5,"Centro-oeste",0,"521220",2,33,3,30,14,19,0,0,0,0,0,33,3,30,14,19,10,10.0840909675027,9.81852861330894,0.277380377056454,29
"21380","GO","Jussara",18371,23958.8,52002,"Rio Vermelho",5,"Centro-oeste",0,"521220",3,44,3,41,17,27,0,0,0,0,0,44,3,41,17,27,17,10.0840909675027,9.81852861330894,0.370687121590052,31
"21381","GO","Jussara",18371,23958.8,52002,"Rio Vermelho",5,"Centro-oeste",0,"521220",4,23,2,21,12,11,1,0,0,0,0,24,2,21,12,11,12,10.0840909675027,9.81852861330894,0.404315283582857,30
"21382","GO","Jussara",18371,23958.8,52002,"Rio Vermelho",5,"Centro-oeste",0,"521220",5,17,1,16,8,9,0,0,0,0,0,17,1,16,8,9,13,10.0840909675027,9.81852861330894,0.362292921697537,31
"21383","GO","Jussara",18371,23958.8,52002,"Rio Vermelho",5,"Centro-oeste",0,"521220",6,22,3,19,10,12,0,0,0,0,0,22,3,19,10,12,14,10.0840909675027,9.81852861330894,0.373179686658482,30
"21384","GO","Jussara",18371,23958.8,52002,"Rio Vermelho",5,"Centro-oeste",0,"521220",7,18,3,15,9,9,0,0,0,0,0,18,3,15,9,9,16,10.0840909675027,9.81852861330894,0.379349430498142,29
"21385","GO","Leopoldo de Bulhões",7651,29507.17,52010,"Goiânia",5,"Centro-oeste",0,"521230",2,12,2,10,6,6,0,0,0,0,0,12,2,10,6,6,4,10.2923885636433,8.94259163723185,0.31964823201504,29
"21386","GO","Leopoldo de Bulhões",7651,29507.17,52010,"Goiânia",5,"Centro-oeste",0,"521230",3,13,6,7,7,6,0,0,0,0,0,13,6,7,7,6,7,10.2923885636433,8.94259163723185,0.412808717851685,31
"21387","GO","Leopoldo de Bulhões",7651,29507.17,52010,"Goiânia",5,"Centro-oeste",0,"521230",4,10,2,8,4,6,0,0,0,0,0,10,2,8,4,6,4,10.2923885636433,8.94259163723185,0.431952957597983,30
"21388","GO","Leopoldo de Bulhões",7651,29507.17,52010,"Goiânia",5,"Centro-oeste",0,"521230",5,9,1,8,3,6,0,0,0,0,0,9,1,8,3,6,2,10.2923885636433,8.94259163723185,0.415334276573769,31
"21389","GO","Leopoldo de Bulhões",7651,29507.17,52010,"Goiânia",5,"Centro-oeste",0,"521230",6,6,2,4,2,4,0,0,0,0,0,6,2,4,2,4,4,10.2923885636433,8.94259163723185,0.387444908506164,30
"21390","GO","Leopoldo de Bulhões",7651,29507.17,52010,"Goiânia",5,"Centro-oeste",0,"521230",7,7,3,4,2,5,0,0,0,0,0,7,3,4,2,5,4,10.2923885636433,8.94259163723185,0.412820771271486,29
"21391","GO","Luziânia",211508,17452.11,52012,"Entorno de Brasília",5,"Centro-oeste",1,"521250",2,444,120,324,181,263,0,0,0,0,0,444,120,324,181,263,75,9.76721583722616,12.2620181018122,0.29215495635451,29
"21392","GO","Luziânia",211508,17452.11,52012,"Entorno de Brasília",5,"Centro-oeste",1,"521250",3,453,118,335,175,278,0,0,0,0,0,453,118,335,175,278,85,9.76721583722616,12.2620181018122,0.386492914194562,31
"21393","GO","Luziânia",211508,17452.11,52012,"Entorno de Brasília",5,"Centro-oeste",1,"521250",4,298,81,217,125,173,3,0,0,0,0,301,81,217,125,173,93,9.76721583722616,12.2620181018122,0.416605703737987,30
"21394","GO","Luziânia",211508,17452.11,52012,"Entorno de Brasília",5,"Centro-oeste",1,"521250",5,264,68,196,122,142,2,0,0,0,0,266,68,196,122,142,99,9.76721583722616,12.2620181018122,0.377610995958838,31
"21395","GO","Luziânia",211508,17452.11,52012,"Entorno de Brasília",5,"Centro-oeste",1,"521250",6,253,59,194,97,156,3,0,0,0,0,256,59,194,97,156,93,9.76721583722616,12.2620181018122,0.364051033696359,30
"21396","GO","Luziânia",211508,17452.11,52012,"Entorno de Brasília",5,"Centro-oeste",1,"521250",7,244,52,192,116,128,0,0,0,0,0,244,52,192,116,128,122,9.76721583722616,12.2620181018122,0.376323247194406,29
"21397","GO","Mambaí",9081,9382.12,52011,"Vão do Paranã",5,"Centro-oeste",0,"521270",2,17,4,13,9,8,0,0,0,0,0,17,4,13,9,8,1,9.1465610292564,9.11393959768983,0.279365053065217,29
"21398","GO","Mambaí",9081,9382.12,52011,"Vão do Paranã",5,"Centro-oeste",0,"521270",3,19,8,11,9,10,0,0,0,0,0,19,8,11,9,10,2,9.1465610292564,9.11393959768983,0.354477763127399,31
"21399","GO","Mambaí",9081,9382.12,52011,"Vão do Paranã",5,"Centro-oeste",0,"521270",4,8,1,7,4,4,0,0,0,0,0,8,1,7,4,4,11,9.1465610292564,9.11393959768983,0.376122660140342,30
"21400","GO","Mambaí",9081,9382.12,52011,"Vão do Paranã",5,"Centro-oeste",0,"521270",5,12,1,11,7,5,0,0,0,0,0,12,1,11,7,5,5,9.1465610292564,9.11393959768983,0.334233699187428,31
"21401","GO","Mambaí",9081,9382.12,52011,"Vão do Paranã",5,"Centro-oeste",0,"521270",6,14,2,12,7,7,1,0,0,0,0,15,2,12,7,7,3,9.1465610292564,9.11393959768983,0.331393676481483,30
"21402","GO","Mambaí",9081,9382.12,52011,"Vão do Paranã",5,"Centro-oeste",0,"521270",7,17,3,14,10,7,1,0,0,0,0,18,3,14,10,7,2,9.1465610292564,9.11393959768983,0.336850056741955,29
"21403","GO","Mara Rosa",9363,19955.63,52004,"Porangatu",5,"Centro-oeste",0,"521280",2,23,1,22,11,12,0,0,0,0,0,23,1,22,11,12,6,9.90126658801931,9.14452103093889,0.334726828610927,29
"21404","GO","Mara Rosa",9363,19955.63,52004,"Porangatu",5,"Centro-oeste",0,"521280",3,16,1,15,5,11,0,0,0,0,0,16,1,15,5,11,7,9.90126658801931,9.14452103093889,0.40212842269751,31
"21405","GO","Mara Rosa",9363,19955.63,52004,"Porangatu",5,"Centro-oeste",0,"521280",4,15,2,13,8,7,0,0,0,0,0,15,2,13,8,7,3,9.90126658801931,9.14452103093889,0.412650590470026,30
"21406","GO","Mara Rosa",9363,19955.63,52004,"Porangatu",5,"Centro-oeste",0,"521280",5,13,4,9,5,8,0,0,0,0,0,13,4,9,5,8,7,9.90126658801931,9.14452103093889,0.391912435139167,31
"21407","GO","Mara Rosa",9363,19955.63,52004,"Porangatu",5,"Centro-oeste",0,"521280",6,7,4,3,1,6,0,0,0,0,0,7,4,3,1,6,6,9.90126658801931,9.14452103093889,0.376201730451027,30
"21408","GO","Mara Rosa",9363,19955.63,52004,"Porangatu",5,"Centro-oeste",0,"521280",7,8,0,8,4,4,0,0,0,0,0,8,0,8,4,4,6,9.90126658801931,9.14452103093889,0.387707265876835,29
"21409","GO","Maurilândia",14327,16349.84,52013,"Sudoeste de Goiás",5,"Centro-oeste",1,"521300",2,24,4,20,7,17,0,0,0,0,0,24,4,20,7,17,3,9.7019733903448,9.56990114789337,0.297972058039394,29
"21410","GO","Maurilândia",14327,16349.84,52013,"Sudoeste de Goiás",5,"Centro-oeste",1,"521300",3,12,3,9,2,10,0,0,0,0,0,12,3,9,2,10,3,9.7019733903448,9.56990114789337,0.373797459014986,31
"21411","GO","Maurilândia",14327,16349.84,52013,"Sudoeste de Goiás",5,"Centro-oeste",1,"521300",4,9,2,7,7,2,0,0,0,0,0,9,2,7,7,2,7,9.7019733903448,9.56990114789337,0.35017540191239,30
"21412","GO","Maurilândia",14327,16349.84,52013,"Sudoeste de Goiás",5,"Centro-oeste",1,"521300",5,10,2,8,4,6,1,0,0,0,0,11,2,8,4,6,5,9.7019733903448,9.56990114789337,0.315672816998364,31
"21413","GO","Maurilândia",14327,16349.84,52013,"Sudoeste de Goiás",5,"Centro-oeste",1,"521300",6,14,2,12,6,8,0,0,0,0,0,14,2,12,6,8,6,9.7019733903448,9.56990114789337,0.327148728958429,30
"21414","GO","Maurilândia",14327,16349.84,52013,"Sudoeste de Goiás",5,"Centro-oeste",1,"521300",7,14,4,10,7,7,0,0,0,0,0,14,4,10,7,7,13,9.7019733903448,9.56990114789337,0.337069600086692,29
"21415","GO","Minaçu",28793,35257.88,52004,"Porangatu",5,"Centro-oeste",1,"521308",2,57,13,44,34,23,2,0,0,0,0,59,13,44,34,23,13,10.470444329357,10.2678875810257,0.310404787016508,29
"21416","GO","Minaçu",28793,35257.88,52004,"Porangatu",5,"Centro-oeste",1,"521308",3,48,6,42,14,34,0,0,0,0,0,48,6,42,14,34,19,10.470444329357,10.2678875810257,0.410038554595503,31
"21417","GO","Minaçu",28793,35257.88,52004,"Porangatu",5,"Centro-oeste",1,"521308",4,53,12,41,28,25,0,0,0,0,0,53,12,41,28,25,15,10.470444329357,10.2678875810257,0.439929249833834,30
"21418","GO","Minaçu",28793,35257.88,52004,"Porangatu",5,"Centro-oeste",1,"521308",5,42,6,36,21,21,0,0,0,0,0,42,6,36,21,21,11,10.470444329357,10.2678875810257,0.4090325828137,31
"21419","GO","Minaçu",28793,35257.88,52004,"Porangatu",5,"Centro-oeste",1,"521308",6,35,8,27,19,16,0,0,0,0,0,35,8,27,19,16,19,10.470444329357,10.2678875810257,0.375559256707255,30
"21420","GO","Minaçu",28793,35257.88,52004,"Porangatu",5,"Centro-oeste",1,"521308",7,30,4,26,8,22,0,0,0,0,0,30,4,26,8,22,20,10.470444329357,10.2678875810257,0.399597433482586,29
"21421","GO","Mineiros",68154,39247.79,52013,"Sudoeste de Goiás",5,"Centro-oeste",1,"521310",2,165,45,120,60,105,0,0,0,0,0,165,45,120,60,105,33,10.5776504158928,11.1295251294595,0.291259172429222,29
"21422","GO","Mineiros",68154,39247.79,52013,"Sudoeste de Goiás",5,"Centro-oeste",1,"521310",3,181,36,145,79,102,1,0,0,0,0,182,36,145,79,102,36,10.5776504158928,11.1295251294595,0.370585513162126,31
"21423","GO","Mineiros",68154,39247.79,52013,"Sudoeste de Goiás",5,"Centro-oeste",1,"521310",4,90,20,70,36,54,1,0,0,0,0,91,20,70,36,54,24,10.5776504158928,11.1295251294595,0.399127255660484,30
"21424","GO","Mineiros",68154,39247.79,52013,"Sudoeste de Goiás",5,"Centro-oeste",1,"521310",5,80,16,64,43,37,1,0,0,0,0,81,16,64,43,37,34,10.5776504158928,11.1295251294595,0.37249235064434,31
"21425","GO","Mineiros",68154,39247.79,52013,"Sudoeste de Goiás",5,"Centro-oeste",1,"521310",6,87,22,65,38,49,0,0,0,0,0,87,22,65,38,49,29,10.5776504158928,11.1295251294595,0.361733361422013,30
"21426","GO","Mineiros",68154,39247.79,52013,"Sudoeste de Goiás",5,"Centro-oeste",1,"521310",7,72,14,58,31,41,1,0,0,0,0,73,14,58,31,41,58,10.5776504158928,11.1295251294595,0.388934545966826,29
"21427","GO","Montes Claros de Goiás",8047,36430.77,52003,"Aragarças",5,"Centro-oeste",0,"521370",2,14,3,11,9,5,0,0,0,0,0,14,3,11,9,5,5,10.5031690262053,8.99305463014613,0.312148813217177,29
"21428","GO","Montes Claros de Goiás",8047,36430.77,52003,"Aragarças",5,"Centro-oeste",0,"521370",3,13,5,8,5,8,0,0,0,0,0,13,5,8,5,8,8,10.5031690262053,8.99305463014613,0.352223598043044,31
"21429","GO","Montes Claros de Goiás",8047,36430.77,52003,"Aragarças",5,"Centro-oeste",0,"521370",4,9,0,9,4,5,0,0,0,0,0,9,0,9,4,5,2,10.5031690262053,8.99305463014613,0.380815335266802,30
"21430","GO","Montes Claros de Goiás",8047,36430.77,52003,"Aragarças",5,"Centro-oeste",0,"521370",5,3,0,3,1,2,0,0,0,0,0,3,0,3,1,2,3,10.5031690262053,8.99305463014613,0.422219475317108,31
"21431","GO","Montes Claros de Goiás",8047,36430.77,52003,"Aragarças",5,"Centro-oeste",0,"521370",6,11,3,8,5,6,0,0,0,0,0,11,3,8,5,6,3,10.5031690262053,8.99305463014613,0.399846874057565,30
"21432","GO","Montes Claros de Goiás",8047,36430.77,52003,"Aragarças",5,"Centro-oeste",0,"521370",7,11,1,10,7,4,0,0,0,0,0,11,1,10,7,4,6,10.5031690262053,8.99305463014613,0.413534758986603,29
"21433","GO","Montividiu",13672,59493.64,52013,"Sudoeste de Goiás",5,"Centro-oeste",0,"521375",2,18,4,14,7,11,0,0,0,0,0,18,4,14,7,11,4,10.9936246950642,9.52310522479543,0.326355976371868,29
"21434","GO","Montividiu",13672,59493.64,52013,"Sudoeste de Goiás",5,"Centro-oeste",0,"521375",3,27,7,20,10,17,0,0,0,0,0,27,7,20,10,17,8,10.9936246950642,9.52310522479543,0.394311558685981,31
"21435","GO","Montividiu",13672,59493.64,52013,"Sudoeste de Goiás",5,"Centro-oeste",0,"521375",4,19,3,16,5,14,0,0,0,0,0,19,3,16,5,14,8,10.9936246950642,9.52310522479543,0.390338920954355,30
"21436","GO","Montividiu",13672,59493.64,52013,"Sudoeste de Goiás",5,"Centro-oeste",0,"521375",5,16,1,15,6,10,0,0,0,0,0,16,1,15,6,10,7,10.9936246950642,9.52310522479543,0.376229909689049,31
"21437","GO","Montividiu",13672,59493.64,52013,"Sudoeste de Goiás",5,"Centro-oeste",0,"521375",6,14,4,10,8,6,0,0,0,0,0,14,4,10,8,6,3,10.9936246950642,9.52310522479543,0.396586986769889,30
"21438","GO","Montividiu",13672,59493.64,52013,"Sudoeste de Goiás",5,"Centro-oeste",0,"521375",7,14,7,7,4,10,0,0,0,0,0,14,7,7,4,10,7,10.9936246950642,9.52310522479543,0.397920436550844,29
"21439","GO","Morrinhos",46548,29977.58,52015,"Meia Ponte",5,"Centro-oeste",1,"521380",2,101,29,72,41,60,1,0,0,0,0,102,29,72,41,60,30,10.3082050479182,10.748239317228,0.305130958336358,29
"21440","GO","Morrinhos",46548,29977.58,52015,"Meia Ponte",5,"Centro-oeste",1,"521380",3,101,22,79,37,64,2,0,0,0,0,103,22,79,37,64,35,10.3082050479182,10.748239317228,0.391724548778571,31
"21441","GO","Morrinhos",46548,29977.58,52015,"Meia Ponte",5,"Centro-oeste",1,"521380",4,71,19,52,20,51,0,0,0,0,0,71,19,52,20,51,27,10.3082050479182,10.748239317228,0.414720894121999,30
"21442","GO","Morrinhos",46548,29977.58,52015,"Meia Ponte",5,"Centro-oeste",1,"521380",5,44,14,30,14,30,0,0,0,0,0,44,14,30,14,30,39,10.3082050479182,10.748239317228,0.38733232761695,31
"21443","GO","Morrinhos",46548,29977.58,52015,"Meia Ponte",5,"Centro-oeste",1,"521380",6,63,23,40,28,35,0,0,0,0,0,63,23,40,28,35,22,10.3082050479182,10.748239317228,0.372402347333216,30
"21444","GO","Morrinhos",46548,29977.58,52015,"Meia Ponte",5,"Centro-oeste",1,"521380",7,51,11,40,25,26,0,0,0,0,0,51,11,40,25,26,46,10.3082050479182,10.748239317228,0.398577589591873,29
"21445","GO","Mozarlândia",15870,34244.05,52001,"São Miguel do Araguaia",5,"Centro-oeste",1,"521400",2,40,8,32,15,25,0,0,0,0,0,40,8,32,15,25,7,10.4412681059711,9.67218581352046,0.340853797873186,29
"21446","GO","Mozarlândia",15870,34244.05,52001,"São Miguel do Araguaia",5,"Centro-oeste",1,"521400",3,33,12,21,15,18,0,0,0,0,0,33,12,21,15,18,6,10.4412681059711,9.67218581352046,0.425874134769811,31
"21447","GO","Mozarlândia",15870,34244.05,52001,"São Miguel do Araguaia",5,"Centro-oeste",1,"521400",4,19,2,17,10,9,0,0,0,0,0,19,2,17,10,9,12,10.4412681059711,9.67218581352046,0.437851033429146,30
"21448","GO","Mozarlândia",15870,34244.05,52001,"São Miguel do Araguaia",5,"Centro-oeste",1,"521400",5,21,6,15,13,8,0,0,0,0,0,21,6,15,13,8,5,10.4412681059711,9.67218581352046,0.410009178312011,31
"21449","GO","Mozarlândia",15870,34244.05,52001,"São Miguel do Araguaia",5,"Centro-oeste",1,"521400",6,22,4,18,10,12,1,0,0,0,0,23,4,18,10,12,9,10.4412681059711,9.67218581352046,0.408804520873101,30
"21450","GO","Mozarlândia",15870,34244.05,52001,"São Miguel do Araguaia",5,"Centro-oeste",1,"521400",7,24,10,14,13,11,0,0,0,0,0,24,10,14,13,11,10,10.4412681059711,9.67218581352046,0.456187409036559,29
"21451","GO","Nazário",9260,19632.43,52009,"Anicuns",5,"Centro-oeste",0,"521440",2,18,3,15,11,7,0,0,0,0,0,18,3,15,11,7,7,9.88493806972631,9.13345932764022,0.285015545356072,29
"21452","GO","Nazário",9260,19632.43,52009,"Anicuns",5,"Centro-oeste",0,"521440",3,14,2,12,2,12,0,0,0,0,0,14,2,12,2,12,4,9.88493806972631,9.13345932764022,0.386194548507608,31
"21453","GO","Nazário",9260,19632.43,52009,"Anicuns",5,"Centro-oeste",0,"521440",4,4,1,3,2,2,2,0,0,0,0,6,1,3,2,2,1,9.88493806972631,9.13345932764022,0.407306331577343,30
"21454","GO","Nazário",9260,19632.43,52009,"Anicuns",5,"Centro-oeste",0,"521440",5,5,0,5,1,4,0,0,0,0,0,5,0,5,1,4,7,9.88493806972631,9.13345932764022,0.371020672887145,31
"21455","GO","Nazário",9260,19632.43,52009,"Anicuns",5,"Centro-oeste",0,"521440",6,5,1,4,1,4,0,0,0,0,0,5,1,4,1,4,5,9.88493806972631,9.13345932764022,0.347558933878305,30
"21456","GO","Nazário",9260,19632.43,52009,"Anicuns",5,"Centro-oeste",0,"521440",7,5,1,4,2,3,0,0,0,0,0,5,1,4,2,3,4,9.88493806972631,9.13345932764022,0.377389596670017,29
"21457","GO","Nerópolis",30395,24914.11,52010,"Goiânia",5,"Centro-oeste",1,"521450",2,64,7,57,33,31,0,0,0,0,0,64,7,57,33,31,13,10.1231895886245,10.3220334001828,0.285515808464597,29
"21458","GO","Nerópolis",30395,24914.11,52010,"Goiânia",5,"Centro-oeste",1,"521450",3,73,8,65,25,48,0,0,0,0,0,73,8,65,25,48,18,10.1231895886245,10.3220334001828,0.36554120149543,31
"21459","GO","Nerópolis",30395,24914.11,52010,"Goiânia",5,"Centro-oeste",1,"521450",4,46,10,36,16,30,0,0,0,0,0,46,10,36,16,30,21,10.1231895886245,10.3220334001828,0.389339051106278,30
"21460","GO","Nerópolis",30395,24914.11,52010,"Goiânia",5,"Centro-oeste",1,"521450",5,37,9,28,16,21,1,0,0,0,0,38,9,28,16,21,17,10.1231895886245,10.3220334001828,0.354182278812985,31
"21461","GO","Nerópolis",30395,24914.11,52010,"Goiânia",5,"Centro-oeste",1,"521450",6,38,9,29,22,16,0,0,0,0,0,38,9,29,22,16,17,10.1231895886245,10.3220334001828,0.334269133494364,30
"21462","GO","Nerópolis",30395,24914.11,52010,"Goiânia",5,"Centro-oeste",1,"521450",7,46,7,39,21,25,0,0,0,0,0,46,7,39,21,25,30,10.1231895886245,10.3220334001828,0.352301848299324,29
"21463","GO","Niquelândia",46730,24041.58,52004,"Porangatu",5,"Centro-oeste",1,"521460",2,61,12,49,27,34,0,0,0,0,0,61,12,49,27,34,22,10.0875401102831,10.7521416356945,0.297054641645495,29
"21464","GO","Niquelândia",46730,24041.58,52004,"Porangatu",5,"Centro-oeste",1,"521460",3,74,17,57,33,41,2,0,0,0,0,76,17,57,33,41,19,10.0875401102831,10.7521416356945,0.384896167808133,31
"21465","GO","Niquelândia",46730,24041.58,52004,"Porangatu",5,"Centro-oeste",1,"521460",4,31,8,23,13,18,1,0,0,0,0,32,8,23,13,18,21,10.0875401102831,10.7521416356945,0.418872231560842,30
"21466","GO","Niquelândia",46730,24041.58,52004,"Porangatu",5,"Centro-oeste",1,"521460",5,37,7,30,15,22,0,0,0,0,0,37,7,30,15,22,25,10.0875401102831,10.7521416356945,0.396287056323276,31
"21467","GO","Niquelândia",46730,24041.58,52004,"Porangatu",5,"Centro-oeste",1,"521460",6,42,10,32,16,26,0,0,0,0,0,42,10,32,16,26,17,10.0875401102831,10.7521416356945,0.387068063085303,30
"21468","GO","Niquelândia",46730,24041.58,52004,"Porangatu",5,"Centro-oeste",1,"521460",7,48,6,42,20,28,1,0,0,0,0,49,6,42,20,28,29,10.0875401102831,10.7521416356945,0.420498623992967,29
"21469","GO","Nova Crixás",12945,27855.73,52001,"São Miguel do Araguaia",5,"Centro-oeste",0,"521483",2,22,3,19,7,15,0,0,0,0,0,22,3,19,7,15,4,10.2347939692557,9.46846489218564,0.310421033144132,29
"21470","GO","Nova Crixás",12945,27855.73,52001,"São Miguel do Araguaia",5,"Centro-oeste",0,"521483",3,25,5,20,13,12,0,0,0,0,0,25,5,20,13,12,4,10.2347939692557,9.46846489218564,0.39867118349351,31
"21471","GO","Nova Crixás",12945,27855.73,52001,"São Miguel do Araguaia",5,"Centro-oeste",0,"521483",4,20,3,17,12,8,0,0,0,0,0,20,3,17,12,8,6,10.2347939692557,9.46846489218564,0.408107696865056,30
"21472","GO","Nova Crixás",12945,27855.73,52001,"São Miguel do Araguaia",5,"Centro-oeste",0,"521483",5,19,2,17,13,6,0,0,0,0,0,19,2,17,13,6,4,10.2347939692557,9.46846489218564,0.388511590148088,31
"21473","GO","Nova Crixás",12945,27855.73,52001,"São Miguel do Araguaia",5,"Centro-oeste",0,"521483",6,13,1,12,7,6,0,0,0,0,0,13,1,12,7,6,2,10.2347939692557,9.46846489218564,0.388840615305343,30
"21474","GO","Nova Crixás",12945,27855.73,52001,"São Miguel do Araguaia",5,"Centro-oeste",0,"521483",7,14,6,8,3,11,0,0,0,0,0,14,6,8,3,11,4,10.2347939692557,9.46846489218564,0.446840423069565,29
"21475","GO","Nova Glória",8112,14322.96,52006,"Ceres",5,"Centro-oeste",0,"521486",2,8,0,8,5,3,0,0,0,0,0,8,0,8,5,3,5,9.56961912306494,9.00109972583097,0.34740427440197,29
"21476","GO","Nova Glória",8112,14322.96,52006,"Ceres",5,"Centro-oeste",0,"521486",3,10,0,10,7,3,0,0,0,0,0,10,0,10,7,3,6,9.56961912306494,9.00109972583097,0.374383259671614,31
"21477","GO","Nova Glória",8112,14322.96,52006,"Ceres",5,"Centro-oeste",0,"521486",4,10,3,7,2,8,0,0,0,0,0,10,3,7,2,8,4,9.56961912306494,9.00109972583097,0.425394453152668,30
"21478","GO","Nova Glória",8112,14322.96,52006,"Ceres",5,"Centro-oeste",0,"521486",5,6,2,4,2,4,1,0,0,0,0,7,2,4,2,4,2,9.56961912306494,9.00109972583097,0.425115773804874,31
"21479","GO","Nova Glória",8112,14322.96,52006,"Ceres",5,"Centro-oeste",0,"521486",6,6,1,5,0,6,0,0,0,0,0,6,1,5,0,6,6,9.56961912306494,9.00109972583097,0.390994867571928,30
"21480","GO","Nova Glória",8112,14322.96,52006,"Ceres",5,"Centro-oeste",0,"521486",7,3,1,2,2,1,0,0,0,0,0,3,1,2,2,1,9,9.56961912306494,9.00109972583097,0.393207430188662,29
"21481","GO","Nova Veneza",10018,18864.15,52007,"Anápolis",5,"Centro-oeste",1,"521500",2,8,1,7,3,5,0,0,0,0,0,8,1,7,3,5,6,9.84501857439948,9.21213875391756,0.310609400866433,29
"21482","GO","Nova Veneza",10018,18864.15,52007,"Anápolis",5,"Centro-oeste",1,"521500",3,15,1,14,4,11,0,0,0,0,0,15,1,14,4,11,5,9.84501857439948,9.21213875391756,0.379568189754624,31
"21483","GO","Nova Veneza",10018,18864.15,52007,"Anápolis",5,"Centro-oeste",1,"521500",4,6,1,5,2,4,0,0,0,0,0,6,1,5,2,4,7,9.84501857439948,9.21213875391756,0.377946233841881,30
"21484","GO","Nova Veneza",10018,18864.15,52007,"Anápolis",5,"Centro-oeste",1,"521500",5,9,1,8,6,3,0,0,0,0,0,9,1,8,6,3,4,9.84501857439948,9.21213875391756,0.356931426774878,31
"21485","GO","Nova Veneza",10018,18864.15,52007,"Anápolis",5,"Centro-oeste",1,"521500",6,6,0,6,2,4,0,0,0,0,0,6,0,6,2,4,8,9.84501857439948,9.21213875391756,0.363609420624419,30
"21486","GO","Nova Veneza",10018,18864.15,52007,"Anápolis",5,"Centro-oeste",1,"521500",7,12,0,12,4,8,0,0,0,0,0,12,0,12,4,8,3,9.84501857439948,9.21213875391756,0.366434184954966,29
"21487","GO","Novo Gama",117703,8403.19,52012,"Entorno de Brasília",5,"Centro-oeste",1,"521523",2,199,55,144,88,111,1,0,0,0,0,200,55,144,88,111,35,9.03636667464487,11.6759197814537,0.305398009659051,29
"21488","GO","Novo Gama",117703,8403.19,52012,"Entorno de Brasília",5,"Centro-oeste",1,"521523",3,191,69,122,85,106,1,0,0,0,0,192,69,122,85,106,46,9.03636667464487,11.6759197814537,0.395098722079358,31
"21489","GO","Novo Gama",117703,8403.19,52012,"Entorno de Brasília",5,"Centro-oeste",1,"521523",4,139,43,96,61,78,0,0,0,0,0,139,43,96,61,78,37,9.03636667464487,11.6759197814537,0.434396610222866,30
"21490","GO","Novo Gama",117703,8403.19,52012,"Entorno de Brasília",5,"Centro-oeste",1,"521523",5,126,38,88,52,74,2,0,0,0,0,128,38,88,52,74,49,9.03636667464487,11.6759197814537,0.399913957267706,31
"21491","GO","Novo Gama",117703,8403.19,52012,"Entorno de Brasília",5,"Centro-oeste",1,"521523",6,154,48,106,70,84,2,0,0,0,0,156,48,106,70,84,53,9.03636667464487,11.6759197814537,0.379263475597732,30
"21492","GO","Novo Gama",117703,8403.19,52012,"Entorno de Brasília",5,"Centro-oeste",1,"521523",7,106,34,72,46,60,1,0,0,0,0,107,34,72,46,60,69,9.03636667464487,11.6759197814537,0.383818065001756,29
"21493","GO","Orizona",15725,33460.7,52016,"Pires do Rio",5,"Centro-oeste",0,"521530",2,24,9,15,7,17,0,0,0,0,0,24,9,15,7,17,11,10.4181268948241,9.66300708156864,0.285867588020592,29
"21494","GO","Orizona",15725,33460.7,52016,"Pires do Rio",5,"Centro-oeste",0,"521530",3,22,8,14,12,10,0,0,0,0,0,22,8,14,12,10,9,10.4181268948241,9.66300708156864,0.374322470177672,31
"21495","GO","Orizona",15725,33460.7,52016,"Pires do Rio",5,"Centro-oeste",0,"521530",4,26,4,22,10,16,0,0,0,0,0,26,4,22,10,16,7,10.4181268948241,9.66300708156864,0.40491926192922,30
"21496","GO","Orizona",15725,33460.7,52016,"Pires do Rio",5,"Centro-oeste",0,"521530",5,18,3,15,5,13,0,0,0,0,0,18,3,15,5,13,9,10.4181268948241,9.66300708156864,0.388898788185013,31
"21497","GO","Orizona",15725,33460.7,52016,"Pires do Rio",5,"Centro-oeste",0,"521530",6,14,1,13,6,8,0,0,0,0,0,14,1,13,6,8,7,10.4181268948241,9.66300708156864,0.382990091857977,30
"21498","GO","Orizona",15725,33460.7,52016,"Pires do Rio",5,"Centro-oeste",0,"521530",7,25,7,18,8,17,0,0,0,0,0,25,7,18,8,17,5,10.4181268948241,9.66300708156864,0.393162259280738,29
"21499","GO","Ouvidor",6782,116335.53,52017,"Catalão",5,"Centro-oeste",1,"521550",2,12,1,11,5,7,0,0,0,0,0,12,1,11,5,7,3,11.6642337948597,8.82202732268558,0.279998888753257,29
"21500","GO","Ouvidor",6782,116335.53,52017,"Catalão",5,"Centro-oeste",1,"521550",3,9,0,9,2,7,0,0,0,0,0,9,0,9,2,7,1,11.6642337948597,8.82202732268558,0.352204588832179,31
"21501","GO","Ouvidor",6782,116335.53,52017,"Catalão",5,"Centro-oeste",1,"521550",4,7,2,5,3,4,0,0,0,0,0,7,2,5,3,4,0,11.6642337948597,8.82202732268558,0.416831579823096,30
"21502","GO","Ouvidor",6782,116335.53,52017,"Catalão",5,"Centro-oeste",1,"521550",5,5,2,3,2,3,0,0,0,0,0,5,2,3,2,3,2,11.6642337948597,8.82202732268558,0.39501390857285,31
"21503","GO","Ouvidor",6782,116335.53,52017,"Catalão",5,"Centro-oeste",1,"521550",6,10,1,9,2,8,0,0,0,0,0,10,1,9,2,8,3,11.6642337948597,8.82202732268558,0.368689546174326,30
"21504","GO","Ouvidor",6782,116335.53,52017,"Catalão",5,"Centro-oeste",1,"521550",7,3,1,2,2,1,0,0,0,0,0,3,1,2,2,1,6,11.6642337948597,8.82202732268558,0.355826822906836,29
"21505","GO","Padre Bernardo",34430,15252.08,52012,"Entorno de Brasília",5,"Centro-oeste",1,"521560",2,69,16,53,25,44,0,0,0,0,0,69,16,53,25,44,18,9.63247116617744,10.4466835563326,0.301536292200451,29
"21506","GO","Padre Bernardo",34430,15252.08,52012,"Entorno de Brasília",5,"Centro-oeste",1,"521560",3,48,20,28,15,33,1,0,0,0,0,49,20,28,15,33,26,9.63247116617744,10.4466835563326,0.387994658245997,31
"21507","GO","Padre Bernardo",34430,15252.08,52012,"Entorno de Brasília",5,"Centro-oeste",1,"521560",4,34,8,26,18,16,0,0,0,0,0,34,8,26,18,16,14,9.63247116617744,10.4466835563326,0.415530920825943,30
"21508","GO","Padre Bernardo",34430,15252.08,52012,"Entorno de Brasília",5,"Centro-oeste",1,"521560",5,31,9,22,14,17,0,0,0,0,0,31,9,22,14,17,13,9.63247116617744,10.4466835563326,0.395031333276537,31
"21509","GO","Padre Bernardo",34430,15252.08,52012,"Entorno de Brasília",5,"Centro-oeste",1,"521560",6,33,10,23,16,17,1,0,0,0,0,34,10,23,16,17,11,9.63247116617744,10.4466835563326,0.376681999628346,30
"21510","GO","Padre Bernardo",34430,15252.08,52012,"Entorno de Brasília",5,"Centro-oeste",1,"521560",7,32,13,19,12,20,0,0,0,0,0,32,13,19,12,20,22,9.63247116617744,10.4466835563326,0.382583186515143,29
"21511","GO","Palmeiras de Goiás",29392,35536.88,52014,"Vale do Rio dos Bois",5,"Centro-oeste",1,"521570",2,48,10,38,22,26,0,0,0,0,0,48,10,38,22,26,9,10.4783263094476,10.2884778074549,0.292261338285847,29
"21512","GO","Palmeiras de Goiás",29392,35536.88,52014,"Vale do Rio dos Bois",5,"Centro-oeste",1,"521570",3,64,16,48,26,38,0,0,0,0,0,64,16,48,26,38,10,10.4783263094476,10.2884778074549,0.363030841284733,31
"21513","GO","Palmeiras de Goiás",29392,35536.88,52014,"Vale do Rio dos Bois",5,"Centro-oeste",1,"521570",4,36,9,27,11,25,0,0,0,0,0,36,9,27,11,25,10,10.4783263094476,10.2884778074549,0.39220209586353,30
"21514","GO","Palmeiras de Goiás",29392,35536.88,52014,"Vale do Rio dos Bois",5,"Centro-oeste",1,"521570",5,42,6,36,18,24,0,0,0,0,0,42,6,36,18,24,17,10.4783263094476,10.2884778074549,0.372223546808709,31
"21515","GO","Palmeiras de Goiás",29392,35536.88,52014,"Vale do Rio dos Bois",5,"Centro-oeste",1,"521570",6,46,10,36,21,25,0,0,0,0,0,46,10,36,21,25,23,10.4783263094476,10.2884778074549,0.364755512583435,30
"21516","GO","Palmeiras de Goiás",29392,35536.88,52014,"Vale do Rio dos Bois",5,"Centro-oeste",1,"521570",7,27,5,22,13,14,0,0,0,0,0,27,5,22,13,14,21,10.4783263094476,10.2884778074549,0.375575468188838,29
"21517","GO","Paranaiguara",10140,18570.25,52018,"Quirinópolis",5,"Centro-oeste",0,"521630",2,8,2,6,4,4,0,0,0,0,0,8,2,6,4,4,11,9.82931611683018,9.22424327714517,0.301577106262992,29
"21518","GO","Paranaiguara",10140,18570.25,52018,"Quirinópolis",5,"Centro-oeste",0,"521630",3,13,0,13,7,6,0,0,0,0,0,13,0,13,7,6,7,9.82931611683018,9.22424327714517,0.352067887138151,31
"21519","GO","Paranaiguara",10140,18570.25,52018,"Quirinópolis",5,"Centro-oeste",0,"521630",4,10,2,8,2,8,0,0,0,0,0,10,2,8,2,8,7,9.82931611683018,9.22424327714517,0.376907048779489,30
"21520","GO","Paranaiguara",10140,18570.25,52018,"Quirinópolis",5,"Centro-oeste",0,"521630",5,7,1,6,2,5,1,0,0,0,0,8,1,6,2,5,7,9.82931611683018,9.22424327714517,0.404696745082239,31
"21521","GO","Paranaiguara",10140,18570.25,52018,"Quirinópolis",5,"Centro-oeste",0,"521630",6,8,0,8,3,5,0,0,0,0,0,8,0,8,3,5,6,9.82931611683018,9.22424327714517,0.375409741634699,30
"21522","GO","Paranaiguara",10140,18570.25,52018,"Quirinópolis",5,"Centro-oeste",0,"521630",7,7,2,5,4,3,0,0,0,0,0,7,2,5,4,3,9,9.82931611683018,9.22424327714517,0.387790272585706,29
"21523","GO","Paraúna",10980,81938.77,52014,"Vale do Rio dos Bois",5,"Centro-oeste",0,"521640",2,16,4,12,8,8,0,0,0,0,0,16,4,12,8,8,10,11.3137275400045,9.30383071506352,0.307818418277889,29
"21524","GO","Paraúna",10980,81938.77,52014,"Vale do Rio dos Bois",5,"Centro-oeste",0,"521640",3,25,9,16,9,16,0,0,0,0,0,25,9,16,9,16,5,11.3137275400045,9.30383071506352,0.392077473851771,31
"21525","GO","Paraúna",10980,81938.77,52014,"Vale do Rio dos Bois",5,"Centro-oeste",0,"521640",4,18,5,13,10,8,0,0,0,0,0,18,5,13,10,8,15,11.3137275400045,9.30383071506352,0.4033891616709,30
"21526","GO","Paraúna",10980,81938.77,52014,"Vale do Rio dos Bois",5,"Centro-oeste",0,"521640",5,13,2,11,11,2,0,0,0,0,0,13,2,11,11,2,8,11.3137275400045,9.30383071506352,0.394005401965174,31
"21527","GO","Paraúna",10980,81938.77,52014,"Vale do Rio dos Bois",5,"Centro-oeste",0,"521640",6,11,3,8,5,6,0,0,0,0,0,11,3,8,5,6,5,11.3137275400045,9.30383071506352,0.389077666939909,30
"21528","GO","Paraúna",10980,81938.77,52014,"Vale do Rio dos Bois",5,"Centro-oeste",0,"521640",7,15,3,12,6,9,0,0,0,0,0,15,3,12,6,9,7,11.3137275400045,9.30383071506352,0.391186272759838,29
"21529","GO","Petrolina de Goiás",10261,14365.85,52007,"Anápolis",5,"Centro-oeste",0,"521680",2,13,2,11,4,9,0,0,0,0,0,13,2,11,4,9,4,9.57260914126045,9.23610557986221,0.300663028059945,29
"21530","GO","Petrolina de Goiás",10261,14365.85,52007,"Anápolis",5,"Centro-oeste",0,"521680",3,12,2,10,2,10,0,0,0,0,0,12,2,10,2,10,3,9.57260914126045,9.23610557986221,0.357943217328792,31
"21531","GO","Petrolina de Goiás",10261,14365.85,52007,"Anápolis",5,"Centro-oeste",0,"521680",4,7,0,7,4,3,0,0,0,0,0,7,0,7,4,3,6,9.57260914126045,9.23610557986221,0.386196445188713,30
"21532","GO","Petrolina de Goiás",10261,14365.85,52007,"Anápolis",5,"Centro-oeste",0,"521680",5,6,1,5,1,5,0,0,0,0,0,6,1,5,1,5,4,9.57260914126045,9.23610557986221,0.371740053296262,31
"21533","GO","Petrolina de Goiás",10261,14365.85,52007,"Anápolis",5,"Centro-oeste",0,"521680",6,3,0,3,2,1,0,0,0,0,0,3,0,3,2,1,4,9.57260914126045,9.23610557986221,0.366695454465509,30
"21534","GO","Petrolina de Goiás",10261,14365.85,52007,"Anápolis",5,"Centro-oeste",0,"521680",7,9,1,8,3,6,0,0,0,0,0,9,1,8,3,6,7,9.57260914126045,9.23610557986221,0.389753996851921,29
"21535","GO","Piracanjuba",24548,32399.79,52015,"Meia Ponte",5,"Centro-oeste",0,"521710",2,31,12,19,16,15,0,0,0,0,0,31,12,19,16,15,18,10.3859072202779,10.108385663509,0.293812733304444,29
"21536","GO","Piracanjuba",24548,32399.79,52015,"Meia Ponte",5,"Centro-oeste",0,"521710",3,35,6,29,12,23,0,0,0,0,0,35,6,29,12,23,17,10.3859072202779,10.108385663509,0.365351135500179,31
"21537","GO","Piracanjuba",24548,32399.79,52015,"Meia Ponte",5,"Centro-oeste",0,"521710",4,23,4,19,11,12,0,0,0,0,0,23,4,19,11,12,18,10.3859072202779,10.108385663509,0.417629384183972,30
"21538","GO","Piracanjuba",24548,32399.79,52015,"Meia Ponte",5,"Centro-oeste",0,"521710",5,23,5,18,13,10,0,0,0,0,0,23,5,18,13,10,23,10.3859072202779,10.108385663509,0.395739464088731,31
"21539","GO","Piracanjuba",24548,32399.79,52015,"Meia Ponte",5,"Centro-oeste",0,"521710",6,21,6,15,10,11,0,0,0,0,0,21,6,15,10,11,14,10.3859072202779,10.108385663509,0.394420831753765,30
"21540","GO","Piracanjuba",24548,32399.79,52015,"Meia Ponte",5,"Centro-oeste",0,"521710",7,21,8,13,9,12,0,0,0,0,0,21,8,13,9,12,13,10.3859072202779,10.108385663509,0.408948677495273,29
"21541","GO","Piranhas",10272,36038.71,52003,"Aragarças",5,"Centro-oeste",0,"521720",2,26,7,19,11,15,0,0,0,0,0,26,7,19,11,15,5,10.492348917519,9.23717702592974,0.305824391733389,29
"21542","GO","Piranhas",10272,36038.71,52003,"Aragarças",5,"Centro-oeste",0,"521720",3,12,4,8,6,6,0,0,0,0,0,12,4,8,6,6,8,10.492348917519,9.23717702592974,0.393832411611009,31
"21543","GO","Piranhas",10272,36038.71,52003,"Aragarças",5,"Centro-oeste",0,"521720",4,14,2,12,7,7,0,0,0,0,0,14,2,12,7,7,6,10.492348917519,9.23717702592974,0.408065883285571,30
"21544","GO","Piranhas",10272,36038.71,52003,"Aragarças",5,"Centro-oeste",0,"521720",5,12,4,8,6,6,0,0,0,0,0,12,4,8,6,6,7,10.492348917519,9.23717702592974,0.38108405815934,31
"21545","GO","Piranhas",10272,36038.71,52003,"Aragarças",5,"Centro-oeste",0,"521720",6,18,3,15,7,11,0,0,0,0,0,18,3,15,7,11,7,10.492348917519,9.23717702592974,0.357110110377684,30
"21546","GO","Piranhas",10272,36038.71,52003,"Aragarças",5,"Centro-oeste",0,"521720",7,8,2,6,5,3,1,0,0,0,0,9,2,6,5,3,13,10.492348917519,9.23717702592974,0.36765947641011,29
"21547","GO","Pirenópolis",25064,18116.35,52012,"Entorno de Brasília",5,"Centro-oeste",0,"521730",2,42,7,35,13,29,0,0,0,0,0,42,7,35,13,29,19,9.80457012442765,10.129187832632,0.272669534368508,29
"21548","GO","Pirenópolis",25064,18116.35,52012,"Entorno de Brasília",5,"Centro-oeste",0,"521730",3,28,7,21,6,22,0,0,0,0,0,28,7,21,6,22,13,9.80457012442765,10.129187832632,0.36310773394804,31
"21549","GO","Pirenópolis",25064,18116.35,52012,"Entorno de Brasília",5,"Centro-oeste",0,"521730",4,23,4,19,9,14,1,0,0,0,0,24,4,19,9,14,13,9.80457012442765,10.129187832632,0.422750062096731,30
"21550","GO","Pirenópolis",25064,18116.35,52012,"Entorno de Brasília",5,"Centro-oeste",0,"521730",5,25,1,24,9,16,0,0,0,0,0,25,1,24,9,16,14,9.80457012442765,10.129187832632,0.397174874768193,31
"21551","GO","Pirenópolis",25064,18116.35,52012,"Entorno de Brasília",5,"Centro-oeste",0,"521730",6,28,8,20,12,16,0,0,0,0,0,28,8,20,12,16,17,9.80457012442765,10.129187832632,0.383786494066372,30
"21552","GO","Pirenópolis",25064,18116.35,52012,"Entorno de Brasília",5,"Centro-oeste",0,"521730",7,22,2,20,10,12,0,0,0,0,0,22,2,20,10,12,14,9.80457012442765,10.129187832632,0.39999503674569,29
"21553","GO","Pires do Rio",31686,28705.53,52016,"Pires do Rio",5,"Centro-oeste",1,"521740",2,42,10,32,14,28,0,0,0,0,0,42,10,32,14,28,20,10.2648450661136,10.363630221935,0.297648900437936,29
"21554","GO","Pires do Rio",31686,28705.53,52016,"Pires do Rio",5,"Centro-oeste",1,"521740",3,43,7,36,11,32,0,0,0,0,0,43,7,36,11,32,15,10.2648450661136,10.363630221935,0.389527818425316,31
"21555","GO","Pires do Rio",31686,28705.53,52016,"Pires do Rio",5,"Centro-oeste",1,"521740",4,28,5,23,13,15,0,0,0,0,0,28,5,23,13,15,17,10.2648450661136,10.363630221935,0.41034720125431,30
"21556","GO","Pires do Rio",31686,28705.53,52016,"Pires do Rio",5,"Centro-oeste",1,"521740",5,26,2,24,11,15,1,0,0,0,0,27,2,24,11,15,18,10.2648450661136,10.363630221935,0.379451234013377,31
"21557","GO","Pires do Rio",31686,28705.53,52016,"Pires do Rio",5,"Centro-oeste",1,"521740",6,32,7,25,18,14,0,0,0,0,0,32,7,25,18,14,17,10.2648450661136,10.363630221935,0.385972911310719,30
"21558","GO","Pires do Rio",31686,28705.53,52016,"Pires do Rio",5,"Centro-oeste",1,"521740",7,46,7,39,16,30,0,0,0,0,0,46,7,39,16,30,37,10.2648450661136,10.363630221935,0.38229817815651,29
"21559","GO","Planaltina",90640,12177.22,52012,"Entorno de Brasília",5,"Centro-oeste",1,"521760",2,231,85,146,101,130,1,0,0,0,0,232,85,146,101,130,35,9.40732227219114,11.4146508957019,0.29793079021118,29
"21560","GO","Planaltina",90640,12177.22,52012,"Entorno de Brasília",5,"Centro-oeste",1,"521760",3,205,76,129,79,126,1,0,0,0,0,206,76,129,79,126,41,9.40732227219114,11.4146508957019,0.402395318225451,31
"21561","GO","Planaltina",90640,12177.22,52012,"Entorno de Brasília",5,"Centro-oeste",1,"521760",4,135,31,104,58,77,0,0,0,0,0,135,31,104,58,77,28,9.40732227219114,11.4146508957019,0.43508238229534,30
"21562","GO","Planaltina",90640,12177.22,52012,"Entorno de Brasília",5,"Centro-oeste",1,"521760",5,107,34,73,48,59,2,0,0,0,0,109,34,73,48,59,40,9.40732227219114,11.4146508957019,0.400614506798185,31
"21563","GO","Planaltina",90640,12177.22,52012,"Entorno de Brasília",5,"Centro-oeste",1,"521760",6,147,35,112,68,79,0,0,0,0,0,147,35,112,68,79,38,9.40732227219114,11.4146508957019,0.376116674954155,30
"21564","GO","Planaltina",90640,12177.22,52012,"Entorno de Brasília",5,"Centro-oeste",1,"521760",7,124,46,78,54,70,6,0,0,0,0,130,46,78,54,70,62,9.40732227219114,11.4146508957019,0.379255679423812,29
"21565","GO","Pontalina",17860,27501.37,52015,"Meia Ponte",5,"Centro-oeste",1,"521770",2,30,6,24,19,11,0,0,0,0,0,30,6,24,19,11,9,10.2219911005956,9.79031885443049,0.284102100814412,29
"21566","GO","Pontalina",17860,27501.37,52015,"Meia Ponte",5,"Centro-oeste",1,"521770",3,34,5,29,15,19,0,0,0,0,0,34,5,29,15,19,7,10.2219911005956,9.79031885443049,0.371493613400432,31
"21567","GO","Pontalina",17860,27501.37,52015,"Meia Ponte",5,"Centro-oeste",1,"521770",4,12,4,8,7,5,0,0,0,0,0,12,4,8,7,5,11,10.2219911005956,9.79031885443049,0.38712047531689,30
"21568","GO","Pontalina",17860,27501.37,52015,"Meia Ponte",5,"Centro-oeste",1,"521770",5,19,4,15,11,8,0,0,0,0,0,19,4,15,11,8,12,10.2219911005956,9.79031885443049,0.364495601261146,31
"21569","GO","Pontalina",17860,27501.37,52015,"Meia Ponte",5,"Centro-oeste",1,"521770",6,23,4,19,6,17,0,0,0,0,0,23,4,19,6,17,11,10.2219911005956,9.79031885443049,0.35776911862463,30
"21570","GO","Pontalina",17860,27501.37,52015,"Meia Ponte",5,"Centro-oeste",1,"521770",7,17,4,13,4,13,0,0,0,0,0,17,4,13,4,13,15,10.2219911005956,9.79031885443049,0.385385724594657,29
"21571","GO","Porangatu",45633,20811.53,52004,"Porangatu",5,"Centro-oeste",1,"521800",2,62,12,50,29,33,2,0,0,0,0,64,12,50,29,33,18,9.94326243903007,10.7283864179799,0.279173336444743,29
"21572","GO","Porangatu",45633,20811.53,52004,"Porangatu",5,"Centro-oeste",1,"521800",3,40,11,29,18,22,1,0,0,0,0,41,11,29,18,22,20,9.94326243903007,10.7283864179799,0.351058351577453,31
"21573","GO","Porangatu",45633,20811.53,52004,"Porangatu",5,"Centro-oeste",1,"521800",4,50,9,41,27,23,0,0,0,0,0,50,9,41,27,23,22,9.94326243903007,10.7283864179799,0.386795276190434,30
"21574","GO","Porangatu",45633,20811.53,52004,"Porangatu",5,"Centro-oeste",1,"521800",5,38,2,36,15,23,0,0,0,0,0,38,2,36,15,23,28,9.94326243903007,10.7283864179799,0.383856552183578,31
"21575","GO","Porangatu",45633,20811.53,52004,"Porangatu",5,"Centro-oeste",1,"521800",6,49,11,38,14,35,1,0,0,0,0,50,11,38,14,35,22,9.94326243903007,10.7283864179799,0.367551505911982,30
"21576","GO","Porangatu",45633,20811.53,52004,"Porangatu",5,"Centro-oeste",1,"521800",7,51,13,38,22,29,0,0,0,0,0,51,13,38,22,29,31,9.94326243903007,10.7283864179799,0.370394817246716,29
"21577","GO","Posse",37414,13964.56,52011,"Vão do Paranã",5,"Centro-oeste",0,"521830",2,84,15,69,37,47,1,0,0,0,0,85,15,69,37,47,6,9.54427797054313,10.5298002449089,0.282139870587165,29
"21578","GO","Posse",37414,13964.56,52011,"Vão do Paranã",5,"Centro-oeste",0,"521830",3,88,26,62,43,45,0,0,0,0,0,88,26,62,43,45,18,9.54427797054313,10.5298002449089,0.35106588617424,31
"21579","GO","Posse",37414,13964.56,52011,"Vão do Paranã",5,"Centro-oeste",0,"521830",4,50,9,41,24,26,0,0,0,0,0,50,9,41,24,26,18,9.54427797054313,10.5298002449089,0.391744614864281,30
"21580","GO","Posse",37414,13964.56,52011,"Vão do Paranã",5,"Centro-oeste",0,"521830",5,41,6,35,15,26,1,0,0,0,0,42,6,35,15,26,15,9.54427797054313,10.5298002449089,0.366676691786825,31
"21581","GO","Posse",37414,13964.56,52011,"Vão do Paranã",5,"Centro-oeste",0,"521830",6,39,4,35,17,22,1,0,0,0,0,40,4,35,17,22,14,9.54427797054313,10.5298002449089,0.35770117432328,30
"21582","GO","Posse",37414,13964.56,52011,"Vão do Paranã",5,"Centro-oeste",0,"521830",7,51,8,43,26,25,0,0,0,0,0,51,8,43,26,25,13,9.54427797054313,10.5298002449089,0.377949278074758,29
"21583","GO","Quirinópolis",50701,34104.01,52018,"Quirinópolis",5,"Centro-oeste",1,"521850",2,89,9,80,39,50,0,0,0,0,0,89,9,80,39,50,23,10.4371702516657,10.8337009132506,0.299390652030151,29
"21584","GO","Quirinópolis",50701,34104.01,52018,"Quirinópolis",5,"Centro-oeste",1,"521850",3,96,16,80,39,57,0,0,0,0,0,96,16,80,39,57,26,10.4371702516657,10.8337009132506,0.378349880645817,31
"21585","GO","Quirinópolis",50701,34104.01,52018,"Quirinópolis",5,"Centro-oeste",1,"521850",4,71,14,57,30,41,0,0,0,0,0,71,14,57,30,41,25,10.4371702516657,10.8337009132506,0.390319072764989,30
"21586","GO","Quirinópolis",50701,34104.01,52018,"Quirinópolis",5,"Centro-oeste",1,"521850",5,68,11,57,23,45,0,0,0,0,0,68,11,57,23,45,30,10.4371702516657,10.8337009132506,0.387121222728343,31
"21587","GO","Quirinópolis",50701,34104.01,52018,"Quirinópolis",5,"Centro-oeste",1,"521850",6,46,7,39,17,29,0,0,0,0,0,46,7,39,17,29,20,10.4371702516657,10.8337009132506,0.370319934874568,30
"21588","GO","Quirinópolis",50701,34104.01,52018,"Quirinópolis",5,"Centro-oeste",1,"521850",7,52,9,43,20,32,1,0,0,0,0,53,9,43,20,32,34,10.4371702516657,10.8337009132506,0.385436501471508,29
"21589","GO","Rialma",10940,20226.15,52006,"Ceres",5,"Centro-oeste",1,"521860",2,13,1,12,5,8,0,0,0,0,0,13,1,12,5,8,6,9.91473160063159,9.30018107597597,0.299170618378817,29
"21590","GO","Rialma",10940,20226.15,52006,"Ceres",5,"Centro-oeste",1,"521860",3,20,2,18,6,14,0,0,0,0,0,20,2,18,6,14,7,9.91473160063159,9.30018107597597,0.380308441017774,31
"21591","GO","Rialma",10940,20226.15,52006,"Ceres",5,"Centro-oeste",1,"521860",4,17,4,13,5,12,1,0,0,0,0,18,4,13,5,12,6,9.91473160063159,9.30018107597597,0.428214589661936,30
"21592","GO","Rialma",10940,20226.15,52006,"Ceres",5,"Centro-oeste",1,"521860",5,11,1,10,6,5,0,0,0,0,0,11,1,10,6,5,3,9.91473160063159,9.30018107597597,0.385758579864996,31
"21593","GO","Rialma",10940,20226.15,52006,"Ceres",5,"Centro-oeste",1,"521860",6,20,7,13,10,10,0,0,0,0,0,20,7,13,10,10,5,9.91473160063159,9.30018107597597,0.361446615138119,30
"21594","GO","Rialma",10940,20226.15,52006,"Ceres",5,"Centro-oeste",1,"521860",7,16,2,14,6,10,0,0,0,0,0,16,2,14,6,10,7,9.91473160063159,9.30018107597597,0.397110633575684,29
"21595","GO","Rio Quente",4612,74660.28,52015,"Meia Ponte",5,"Centro-oeste",0,"521878",2,9,2,7,7,2,0,0,0,0,0,9,2,7,7,2,0,11.2207035027964,8.43641688138895,0.292011322261426,29
"21596","GO","Rio Quente",4612,74660.28,52015,"Meia Ponte",5,"Centro-oeste",0,"521878",3,6,2,4,3,3,0,0,0,0,0,6,2,4,3,3,2,11.2207035027964,8.43641688138895,0.385477533726083,31
"21597","GO","Rio Quente",4612,74660.28,52015,"Meia Ponte",5,"Centro-oeste",0,"521878",4,4,0,4,1,3,0,0,0,0,0,4,0,4,1,3,2,11.2207035027964,8.43641688138895,0.46794089991252,30
"21598","GO","Rio Quente",4612,74660.28,52015,"Meia Ponte",5,"Centro-oeste",0,"521878",5,4,1,3,0,4,0,0,0,0,0,4,1,3,0,4,1,11.2207035027964,8.43641688138895,0.407935788470287,31
"21599","GO","Rio Quente",4612,74660.28,52015,"Meia Ponte",5,"Centro-oeste",0,"521878",6,4,0,4,2,2,0,0,0,0,0,4,0,4,2,2,2,11.2207035027964,8.43641688138895,0.379596608478565,30
"21600","GO","Rio Quente",4612,74660.28,52015,"Meia Ponte",5,"Centro-oeste",0,"521878",7,3,0,3,2,1,0,0,0,0,0,3,0,3,2,1,2,11.2207035027964,8.43641688138895,0.404121332033418,29
"21601","GO","Rio Verde",241518,41815.21,52013,"Sudoeste de Goiás",5,"Centro-oeste",1,"521880",2,534,88,446,198,336,1,0,0,0,0,535,88,446,198,336,85,10.6410154279243,12.3946992834587,0.296085782360848,29
"21602","GO","Rio Verde",241518,41815.21,52013,"Sudoeste de Goiás",5,"Centro-oeste",1,"521880",3,501,76,425,188,313,3,0,0,0,0,504,76,425,188,313,95,10.6410154279243,12.3946992834587,0.375405529772887,31
"21603","GO","Rio Verde",241518,41815.21,52013,"Sudoeste de Goiás",5,"Centro-oeste",1,"521880",4,338,54,284,134,204,0,0,0,0,0,338,54,284,134,204,72,10.6410154279243,12.3946992834587,0.413349761899771,30
"21604","GO","Rio Verde",241518,41815.21,52013,"Sudoeste de Goiás",5,"Centro-oeste",1,"521880",5,299,60,239,107,192,1,0,0,0,0,300,60,239,107,192,98,10.6410154279243,12.3946992834587,0.382915717243726,31
"21605","GO","Rio Verde",241518,41815.21,52013,"Sudoeste de Goiás",5,"Centro-oeste",1,"521880",6,254,41,213,103,151,5,0,0,0,0,259,41,213,103,151,172,10.6410154279243,12.3946992834587,0.424139802220731,30
"21606","GO","Rio Verde",241518,41815.21,52013,"Sudoeste de Goiás",5,"Centro-oeste",1,"521880",7,288,32,256,119,169,3,0,0,0,0,291,32,256,119,169,152,10.6410154279243,12.3946992834587,0.389037695901919,29
"21607","GO","Rubiataba",19947,21818.48,52006,"Ceres",5,"Centro-oeste",1,"521890",2,24,0,24,9,15,0,0,0,0,0,24,0,24,9,15,10,9.99051259609904,9.90083403507056,0.310224972388527,29
"21608","GO","Rubiataba",19947,21818.48,52006,"Ceres",5,"Centro-oeste",1,"521890",3,32,5,27,13,19,1,0,0,0,0,33,5,27,13,19,11,9.99051259609904,9.90083403507056,0.40428730057315,31
"21609","GO","Rubiataba",19947,21818.48,52006,"Ceres",5,"Centro-oeste",1,"521890",4,10,2,8,6,4,0,0,0,0,0,10,2,8,6,4,10,9.99051259609904,9.90083403507056,0.434469661548737,30
"21610","GO","Rubiataba",19947,21818.48,52006,"Ceres",5,"Centro-oeste",1,"521890",5,21,4,17,7,14,0,0,0,0,0,21,4,17,7,14,9,9.99051259609904,9.90083403507056,0.412598882451699,31
"21611","GO","Rubiataba",19947,21818.48,52006,"Ceres",5,"Centro-oeste",1,"521890",6,18,2,16,6,12,1,0,0,0,0,19,2,16,6,12,12,9.99051259609904,9.90083403507056,0.383637645611051,30
"21612","GO","Rubiataba",19947,21818.48,52006,"Ceres",5,"Centro-oeste",1,"521890",7,22,2,20,7,15,1,0,0,0,0,23,2,20,7,15,14,9.99051259609904,9.90083403507056,0.404361273692032,29
"21613","GO","Sanclerlândia",7632,17778.85,52009,"Anicuns",5,"Centro-oeste",0,"521900",2,15,3,12,6,9,0,0,0,0,0,15,3,12,6,9,5,9.78576482756102,8.94010521312812,0.279730887920811,29
"21614","GO","Sanclerlândia",7632,17778.85,52009,"Anicuns",5,"Centro-oeste",0,"521900",3,14,3,11,4,10,0,0,0,0,0,14,3,11,4,10,3,9.78576482756102,8.94010521312812,0.365130857902923,31
"21615","GO","Sanclerlândia",7632,17778.85,52009,"Anicuns",5,"Centro-oeste",0,"521900",4,6,0,6,3,3,0,0,0,0,0,6,0,6,3,3,4,9.78576482756102,8.94010521312812,0.403899540264801,30
"21616","GO","Sanclerlândia",7632,17778.85,52009,"Anicuns",5,"Centro-oeste",0,"521900",5,2,1,1,1,1,1,0,0,0,0,3,1,1,1,1,3,9.78576482756102,8.94010521312812,0.367339369690846,31
"21617","GO","Sanclerlândia",7632,17778.85,52009,"Anicuns",5,"Centro-oeste",0,"521900",6,8,0,8,4,4,0,0,0,0,0,8,0,8,4,4,5,9.78576482756102,8.94010521312812,0.353599998318389,30
"21618","GO","Sanclerlândia",7632,17778.85,52009,"Anicuns",5,"Centro-oeste",0,"521900",7,10,2,8,3,7,0,0,0,0,0,10,2,8,3,7,2,9.78576482756102,8.94010521312812,0.390466547698871,29
"21619","GO","Santa Bárbara de Goiás",6634,14457.28,52009,"Anicuns",5,"Centro-oeste",0,"521910",2,9,0,9,4,5,0,0,0,0,0,9,0,9,4,5,3,9.5789533729012,8.799963219507,0.289706351429613,29
"21620","GO","Santa Bárbara de Goiás",6634,14457.28,52009,"Anicuns",5,"Centro-oeste",0,"521910",3,11,2,9,3,8,0,0,0,0,0,11,2,9,3,8,2,9.5789533729012,8.799963219507,0.391258241178811,31
"21621","GO","Santa Bárbara de Goiás",6634,14457.28,52009,"Anicuns",5,"Centro-oeste",0,"521910",4,9,3,6,4,5,0,0,0,0,0,9,3,6,4,5,2,9.5789533729012,8.799963219507,0.404685862791021,30
"21622","GO","Santa Bárbara de Goiás",6634,14457.28,52009,"Anicuns",5,"Centro-oeste",0,"521910",5,7,2,5,1,6,0,0,0,0,0,7,2,5,1,6,2,9.5789533729012,8.799963219507,0.337613947227178,31
"21623","GO","Santa Bárbara de Goiás",6634,14457.28,52009,"Anicuns",5,"Centro-oeste",0,"521910",6,9,3,6,5,4,0,0,0,0,0,9,3,6,5,4,5,9.5789533729012,8.799963219507,0.349335855750261,30
"21624","GO","Santa Bárbara de Goiás",6634,14457.28,52009,"Anicuns",5,"Centro-oeste",0,"521910",7,3,2,1,3,0,0,0,0,0,0,3,2,1,3,0,6,9.5789533729012,8.799963219507,0.364186481511835,29
"21625","GO","Santa Fé de Goiás",5523,54502.53,52002,"Rio Vermelho",5,"Centro-oeste",0,"521925",2,10,3,7,4,6,0,0,0,0,0,10,3,7,4,6,5,10.9060024015922,8.61667646990119,0.369979260147254,29
"21626","GO","Santa Fé de Goiás",5523,54502.53,52002,"Rio Vermelho",5,"Centro-oeste",0,"521925",3,5,2,3,2,3,0,0,0,0,0,5,2,3,2,3,4,10.9060024015922,8.61667646990119,0.456710021979369,31
"21627","GO","Santa Fé de Goiás",5523,54502.53,52002,"Rio Vermelho",5,"Centro-oeste",0,"521925",4,9,4,5,5,4,0,0,0,0,0,9,4,5,5,4,4,10.9060024015922,8.61667646990119,0.508901956445847,30
"21628","GO","Santa Fé de Goiás",5523,54502.53,52002,"Rio Vermelho",5,"Centro-oeste",0,"521925",5,5,3,2,2,3,0,0,0,0,0,5,3,2,2,3,2,10.9060024015922,8.61667646990119,0.483880065445041,31
"21629","GO","Santa Fé de Goiás",5523,54502.53,52002,"Rio Vermelho",5,"Centro-oeste",0,"521925",6,8,1,7,4,4,1,0,0,0,0,9,1,7,4,4,5,10.9060024015922,8.61667646990119,0.429928108152756,30
"21630","GO","Santa Fé de Goiás",5523,54502.53,52002,"Rio Vermelho",5,"Centro-oeste",0,"521925",7,5,1,4,1,4,0,0,0,0,0,5,1,4,1,4,1,10.9060024015922,8.61667646990119,0.469034395403484,29
"21631","GO","Santa Helena de Goiás",38808,28545.12,52013,"Sudoeste de Goiás",5,"Centro-oeste",1,"521930",2,51,13,38,25,26,0,0,0,0,0,51,13,38,25,26,24,10.2592412722781,10.5663816899251,0.289988532839767,29
"21632","GO","Santa Helena de Goiás",38808,28545.12,52013,"Sudoeste de Goiás",5,"Centro-oeste",1,"521930",3,61,17,44,26,35,0,0,0,0,0,61,17,44,26,35,24,10.2592412722781,10.5663816899251,0.371480558240913,31
"21633","GO","Santa Helena de Goiás",38808,28545.12,52013,"Sudoeste de Goiás",5,"Centro-oeste",1,"521930",4,35,9,26,14,21,2,0,0,0,0,37,9,26,14,21,16,10.2592412722781,10.5663816899251,0.386210911970061,30
"21634","GO","Santa Helena de Goiás",38808,28545.12,52013,"Sudoeste de Goiás",5,"Centro-oeste",1,"521930",5,43,11,32,17,26,0,0,0,0,0,43,11,32,17,26,15,10.2592412722781,10.5663816899251,0.359017151973189,31
"21635","GO","Santa Helena de Goiás",38808,28545.12,52013,"Sudoeste de Goiás",5,"Centro-oeste",1,"521930",6,43,5,38,17,26,1,0,0,0,0,44,5,38,17,26,30,10.2592412722781,10.5663816899251,0.366699934708691,30
"21636","GO","Santa Helena de Goiás",38808,28545.12,52013,"Sudoeste de Goiás",5,"Centro-oeste",1,"521930",7,54,19,35,24,30,0,0,0,0,0,54,19,35,24,30,43,10.2592412722781,10.5663816899251,0.376966715395549,29
"21637","GO","Santa Rita do Araguaia",8935,14721.54,52013,"Sudoeste de Goiás",5,"Centro-oeste",1,"521940",2,7,0,7,2,5,0,0,0,0,0,7,0,7,2,5,3,9.59706700637584,9.09773142759353,0.31832609829028,29
"21638","GO","Santa Rita do Araguaia",8935,14721.54,52013,"Sudoeste de Goiás",5,"Centro-oeste",1,"521940",3,10,2,8,5,5,0,0,0,0,0,10,2,8,5,5,2,9.59706700637584,9.09773142759353,0.389585643216911,31
"21639","GO","Santa Rita do Araguaia",8935,14721.54,52013,"Sudoeste de Goiás",5,"Centro-oeste",1,"521940",4,2,0,2,0,2,0,0,0,0,0,2,0,2,0,2,4,9.59706700637584,9.09773142759353,0.428771936612599,30
"21640","GO","Santa Rita do Araguaia",8935,14721.54,52013,"Sudoeste de Goiás",5,"Centro-oeste",1,"521940",5,9,1,8,5,4,0,0,0,0,0,9,1,8,5,4,3,9.59706700637584,9.09773142759353,0.427022282396796,31
"21641","GO","Santa Rita do Araguaia",8935,14721.54,52013,"Sudoeste de Goiás",5,"Centro-oeste",1,"521940",6,7,1,6,3,4,0,0,0,0,0,7,1,6,3,4,4,9.59706700637584,9.09773142759353,0.403972683920263,30
"21642","GO","Santa Rita do Araguaia",8935,14721.54,52013,"Sudoeste de Goiás",5,"Centro-oeste",1,"521940",7,4,1,3,1,3,0,0,0,0,0,4,1,3,1,3,3,9.59706700637584,9.09773142759353,0.398879947135594,29
"21643","GO","Santa Terezinha de Goiás",8562,14529.38,52004,"Porangatu",5,"Centro-oeste",0,"521970",2,14,1,13,7,7,0,0,0,0,0,14,1,13,7,7,10,9.58392808531669,9.05508908670489,0.356215646859185,29
"21644","GO","Santa Terezinha de Goiás",8562,14529.38,52004,"Porangatu",5,"Centro-oeste",0,"521970",3,11,1,10,5,6,0,0,0,0,0,11,1,10,5,6,8,9.58392808531669,9.05508908670489,0.403212852270636,31
"21645","GO","Santa Terezinha de Goiás",8562,14529.38,52004,"Porangatu",5,"Centro-oeste",0,"521970",4,5,0,5,4,1,0,0,0,0,0,5,0,5,4,1,6,9.58392808531669,9.05508908670489,0.420143173772569,30
"21646","GO","Santa Terezinha de Goiás",8562,14529.38,52004,"Porangatu",5,"Centro-oeste",0,"521970",5,8,1,7,6,2,0,0,0,0,0,8,1,7,6,2,3,9.58392808531669,9.05508908670489,0.405733835150326,31
"21647","GO","Santa Terezinha de Goiás",8562,14529.38,52004,"Porangatu",5,"Centro-oeste",0,"521970",6,10,4,6,5,5,0,0,0,0,0,10,4,6,5,5,5,9.58392808531669,9.05508908670489,0.402425648509108,30
"21648","GO","Santa Terezinha de Goiás",8562,14529.38,52004,"Porangatu",5,"Centro-oeste",0,"521970",7,13,3,10,9,4,0,0,0,0,0,13,3,10,9,4,11,9.58392808531669,9.05508908670489,0.418468622461071,29
"21649","GO","Santo Antônio de Goiás",6440,21479.83,52010,"Goiânia",5,"Centro-oeste",1,"521973",2,12,1,11,6,6,0,0,0,0,0,12,1,11,6,6,2,9.97486963425256,8.7702838190984,0.291764190946722,29
"21650","GO","Santo Antônio de Goiás",6440,21479.83,52010,"Goiânia",5,"Centro-oeste",1,"521973",3,8,1,7,3,5,0,0,0,0,0,8,1,7,3,5,4,9.97486963425256,8.7702838190984,0.379428335144645,31
"21651","GO","Santo Antônio de Goiás",6440,21479.83,52010,"Goiânia",5,"Centro-oeste",1,"521973",4,4,1,3,1,3,0,0,0,0,0,4,1,3,1,3,0,9.97486963425256,8.7702838190984,0.420623250769731,30
"21652","GO","Santo Antônio de Goiás",6440,21479.83,52010,"Goiânia",5,"Centro-oeste",1,"521973",5,6,0,6,2,4,0,0,0,0,0,6,0,6,2,4,2,9.97486963425256,8.7702838190984,0.404335434410342,31
"21653","GO","Santo Antônio de Goiás",6440,21479.83,52010,"Goiânia",5,"Centro-oeste",1,"521973",6,7,1,6,3,4,0,0,0,0,0,7,1,6,3,4,2,9.97486963425256,8.7702838190984,0.367790538222394,30
"21654","GO","Santo Antônio de Goiás",6440,21479.83,52010,"Goiânia",5,"Centro-oeste",1,"521973",7,6,0,6,2,4,0,0,0,0,0,6,0,6,2,4,11,9.97486963425256,8.7702838190984,0.404442253287531,29
"21655","GO","Santo Antônio do Descoberto",75829,9129.07,52012,"Entorno de Brasília",5,"Centro-oeste",1,"521975",2,148,45,103,80,68,0,0,0,0,0,148,45,103,80,68,19,9.1192191064073,11.2362360842152,0.30343144224912,29
"21656","GO","Santo Antônio do Descoberto",75829,9129.07,52012,"Entorno de Brasília",5,"Centro-oeste",1,"521975",3,140,46,94,54,86,0,0,0,0,0,140,46,94,54,86,22,9.1192191064073,11.2362360842152,0.396632835997823,31
"21657","GO","Santo Antônio do Descoberto",75829,9129.07,52012,"Entorno de Brasília",5,"Centro-oeste",1,"521975",4,74,14,60,31,43,3,0,0,0,0,77,14,60,31,43,19,9.1192191064073,11.2362360842152,0.429199344815759,30
"21658","GO","Santo Antônio do Descoberto",75829,9129.07,52012,"Entorno de Brasília",5,"Centro-oeste",1,"521975",5,76,20,56,31,45,2,0,0,0,0,78,20,56,31,45,26,9.1192191064073,11.2362360842152,0.399486137014112,31
"21659","GO","Santo Antônio do Descoberto",75829,9129.07,52012,"Entorno de Brasília",5,"Centro-oeste",1,"521975",6,91,30,61,34,57,2,0,0,0,0,93,30,61,34,57,31,9.1192191064073,11.2362360842152,0.386459954134169,30
"21660","GO","Santo Antônio do Descoberto",75829,9129.07,52012,"Entorno de Brasília",5,"Centro-oeste",1,"521975",7,80,25,55,37,43,0,0,0,0,0,80,25,55,37,43,54,9.1192191064073,11.2362360842152,0.391493260970026,29
"21661","GO","São Francisco de Goiás",6267,16380.33,52007,"Anápolis",5,"Centro-oeste",0,"521990",2,6,3,3,3,3,0,0,0,0,0,6,3,3,3,3,2,9.70383650372427,8.74305305022468,0.302729325247847,29
"21662","GO","São Francisco de Goiás",6267,16380.33,52007,"Anápolis",5,"Centro-oeste",0,"521990",3,10,1,9,4,6,0,0,0,0,0,10,1,9,4,6,4,9.70383650372427,8.74305305022468,0.363072247080693,31
"21663","GO","São Francisco de Goiás",6267,16380.33,52007,"Anápolis",5,"Centro-oeste",0,"521990",4,6,2,4,4,2,0,0,0,0,0,6,2,4,4,2,3,9.70383650372427,8.74305305022468,0.395405678936403,30
"21664","GO","São Francisco de Goiás",6267,16380.33,52007,"Anápolis",5,"Centro-oeste",0,"521990",5,4,0,4,0,4,0,0,0,0,0,4,0,4,0,4,0,9.70383650372427,8.74305305022468,0.406329033084089,31
"21665","GO","São Francisco de Goiás",6267,16380.33,52007,"Anápolis",5,"Centro-oeste",0,"521990",6,5,1,4,2,3,0,0,0,0,0,5,1,4,2,3,3,9.70383650372427,8.74305305022468,0.422992022788756,30
"21666","GO","São Francisco de Goiás",6267,16380.33,52007,"Anápolis",5,"Centro-oeste",0,"521990",7,8,3,5,3,5,1,0,0,0,0,9,3,5,3,5,4,9.70383650372427,8.74305305022468,0.445242104376301,29
"21667","GO","São João d'Aliança",14085,21887.06,52005,"Chapada dos Veadeiros",5,"Centro-oeste",0,"522000",2,30,12,18,19,11,1,0,0,0,0,31,12,18,19,11,5,9.99365087359364,9.55286568031047,0.298295618946867,29
"21668","GO","São João d'Aliança",14085,21887.06,52005,"Chapada dos Veadeiros",5,"Centro-oeste",0,"522000",3,25,8,17,17,8,0,0,0,0,0,25,8,17,17,8,5,9.99365087359364,9.55286568031047,0.375485175940451,31
"21669","GO","São João d'Aliança",14085,21887.06,52005,"Chapada dos Veadeiros",5,"Centro-oeste",0,"522000",4,13,0,13,6,7,0,0,0,0,0,13,0,13,6,7,3,9.99365087359364,9.55286568031047,0.391563573593391,30
"21670","GO","São João d'Aliança",14085,21887.06,52005,"Chapada dos Veadeiros",5,"Centro-oeste",0,"522000",5,23,9,14,13,10,0,0,0,0,0,23,9,14,13,10,5,9.99365087359364,9.55286568031047,0.410014826238812,31
"21671","GO","São João d'Aliança",14085,21887.06,52005,"Chapada dos Veadeiros",5,"Centro-oeste",0,"522000",6,16,4,12,9,7,0,0,0,0,0,16,4,12,9,7,4,9.99365087359364,9.55286568031047,0.387384034919473,30
"21672","GO","São João d'Aliança",14085,21887.06,52005,"Chapada dos Veadeiros",5,"Centro-oeste",0,"522000",7,14,3,11,3,11,0,0,0,0,0,14,3,11,3,11,3,9.99365087359364,9.55286568031047,0.398392333386244,29
"21673","GO","São Luís de Montes Belos",34157,25255.7,52009,"Anicuns",5,"Centro-oeste",1,"522010",2,51,7,44,20,31,0,0,0,0,0,51,7,44,20,31,22,10.1368071518017,10.4387228220319,0.297807082543628,29
"21674","GO","São Luís de Montes Belos",34157,25255.7,52009,"Anicuns",5,"Centro-oeste",1,"522010",3,48,3,45,24,24,0,0,0,0,0,48,3,45,24,24,18,10.1368071518017,10.4387228220319,0.390874250233295,31
"21675","GO","São Luís de Montes Belos",34157,25255.7,52009,"Anicuns",5,"Centro-oeste",1,"522010",4,42,3,39,11,31,0,0,0,0,0,42,3,39,11,31,25,10.1368071518017,10.4387228220319,0.413709200749529,30
"21676","GO","São Luís de Montes Belos",34157,25255.7,52009,"Anicuns",5,"Centro-oeste",1,"522010",5,37,3,34,11,26,1,0,0,0,0,38,3,34,11,26,26,10.1368071518017,10.4387228220319,0.36578766424339,31
"21677","GO","São Luís de Montes Belos",34157,25255.7,52009,"Anicuns",5,"Centro-oeste",1,"522010",6,42,1,41,17,25,0,0,0,0,0,42,1,41,17,25,24,10.1368071518017,10.4387228220319,0.363737085236664,30
"21678","GO","São Luís de Montes Belos",34157,25255.7,52009,"Anicuns",5,"Centro-oeste",1,"522010",7,32,4,28,11,21,0,0,0,0,0,32,4,28,11,21,21,10.1368071518017,10.4387228220319,0.363654741060047,29
"21679","GO","São Miguel do Araguaia",21920,21981.46,52001,"São Miguel do Araguaia",5,"Centro-oeste",0,"522020",2,48,8,40,19,29,0,0,0,0,0,48,8,40,19,29,18,9.99795464977347,9.99515474106195,0.298860957809256,29
"21680","GO","São Miguel do Araguaia",21920,21981.46,52001,"São Miguel do Araguaia",5,"Centro-oeste",0,"522020",3,50,14,36,19,31,0,0,0,0,0,50,14,36,19,31,16,9.99795464977347,9.99515474106195,0.357037384990608,31
"21681","GO","São Miguel do Araguaia",21920,21981.46,52001,"São Miguel do Araguaia",5,"Centro-oeste",0,"522020",4,19,4,15,9,10,0,0,0,0,0,19,4,15,9,10,10,9.99795464977347,9.99515474106195,0.366706986951045,30
"21682","GO","São Miguel do Araguaia",21920,21981.46,52001,"São Miguel do Araguaia",5,"Centro-oeste",0,"522020",5,23,5,18,11,12,0,0,0,0,0,23,5,18,11,12,16,9.99795464977347,9.99515474106195,0.360468964052813,31
"21683","GO","São Miguel do Araguaia",21920,21981.46,52001,"São Miguel do Araguaia",5,"Centro-oeste",0,"522020",6,24,4,20,13,11,0,0,0,0,0,24,4,20,13,11,8,9.99795464977347,9.99515474106195,0.353089826704919,30
"21684","GO","São Miguel do Araguaia",21920,21981.46,52001,"São Miguel do Araguaia",5,"Centro-oeste",0,"522020",7,28,5,23,10,18,1,0,0,0,0,29,5,23,10,18,20,9.99795464977347,9.99515474106195,0.353173473523532,29
"21685","GO","São Simão",20985,38132.31,52018,"Quirinópolis",5,"Centro-oeste",1,"522040",2,30,6,24,11,19,0,0,0,0,0,30,6,24,11,19,17,10.5488172332353,9.95156317576769,0.297755495635091,29
"21686","GO","São Simão",20985,38132.31,52018,"Quirinópolis",5,"Centro-oeste",1,"522040",3,27,7,20,12,15,1,0,0,0,0,28,7,20,12,15,11,10.5488172332353,9.95156317576769,0.389859433446069,31
"21687","GO","São Simão",20985,38132.31,52018,"Quirinópolis",5,"Centro-oeste",1,"522040",4,23,7,16,13,10,1,0,0,0,0,24,7,16,13,10,6,10.5488172332353,9.95156317576769,0.39611549855448,30
"21688","GO","São Simão",20985,38132.31,52018,"Quirinópolis",5,"Centro-oeste",1,"522040",5,19,2,17,9,10,0,0,0,0,0,19,2,17,9,10,11,10.5488172332353,9.95156317576769,0.394537120190681,31
"21689","GO","São Simão",20985,38132.31,52018,"Quirinópolis",5,"Centro-oeste",1,"522040",6,16,7,9,7,9,0,0,0,0,0,16,7,9,7,9,12,10.5488172332353,9.95156317576769,0.380644433744017,30
"21690","GO","São Simão",20985,38132.31,52018,"Quirinópolis",5,"Centro-oeste",1,"522040",7,19,2,17,7,12,0,0,0,0,0,19,2,17,7,12,16,10.5488172332353,9.95156317576769,0.390305277032545,29
"21691","GO","Senador Canedo",118451,33324.44,52010,"Goiânia",5,"Centro-oeste",1,"522045",2,307,67,240,130,177,1,0,0,0,0,308,67,240,130,177,37,10.4140463407047,11.682254651932,0.288276482992688,29
"21692","GO","Senador Canedo",118451,33324.44,52010,"Goiânia",5,"Centro-oeste",1,"522045",3,304,62,242,112,192,2,0,0,0,0,306,62,242,112,192,45,10.4140463407047,11.682254651932,0.383028325851185,31
"21693","GO","Senador Canedo",118451,33324.44,52010,"Goiânia",5,"Centro-oeste",1,"522045",4,211,35,176,85,126,3,0,0,0,0,214,35,176,85,126,50,10.4140463407047,11.682254651932,0.428501178902239,30
"21694","GO","Senador Canedo",118451,33324.44,52010,"Goiânia",5,"Centro-oeste",1,"522045",5,200,54,146,92,108,1,0,0,0,0,201,54,146,92,108,50,10.4140463407047,11.682254651932,0.385054059527448,31
"21695","GO","Senador Canedo",118451,33324.44,52010,"Goiânia",5,"Centro-oeste",1,"522045",6,217,58,159,88,129,1,0,0,0,0,218,58,159,88,129,63,10.4140463407047,11.682254651932,0.36947980972761,30
"21696","GO","Senador Canedo",118451,33324.44,52010,"Goiânia",5,"Centro-oeste",1,"522045",7,220,49,171,78,142,1,0,0,0,0,221,49,171,78,142,96,10.4140463407047,11.682254651932,0.378168376983543,29
"21697","GO","Serranópolis",8642,48460.12,52013,"Sudoeste de Goiás",5,"Centro-oeste",0,"522050",2,14,4,10,6,8,0,0,0,0,0,14,4,10,6,8,1,10.7884964706365,9.06438931649188,0.343219742282385,29
"21698","GO","Serranópolis",8642,48460.12,52013,"Sudoeste de Goiás",5,"Centro-oeste",0,"522050",3,14,3,11,6,8,0,0,0,0,0,14,3,11,6,8,5,10.7884964706365,9.06438931649188,0.419251776251633,31
"21699","GO","Serranópolis",8642,48460.12,52013,"Sudoeste de Goiás",5,"Centro-oeste",0,"522050",4,10,4,6,6,4,0,0,0,0,0,10,4,6,6,4,3,10.7884964706365,9.06438931649188,0.430561976944957,30
"21700","GO","Serranópolis",8642,48460.12,52013,"Sudoeste de Goiás",5,"Centro-oeste",0,"522050",5,3,0,3,1,2,0,0,0,0,0,3,0,3,1,2,4,10.7884964706365,9.06438931649188,0.39072394079794,31
"21701","GO","Serranópolis",8642,48460.12,52013,"Sudoeste de Goiás",5,"Centro-oeste",0,"522050",6,7,2,5,4,3,0,0,0,0,0,7,2,5,4,3,3,10.7884964706365,9.06438931649188,0.398864064869055,30
"21702","GO","Serranópolis",8642,48460.12,52013,"Sudoeste de Goiás",5,"Centro-oeste",0,"522050",7,9,3,6,2,7,0,0,0,0,0,9,3,6,2,7,3,10.7884964706365,9.06438931649188,0.426688800114955,29
"21703","GO","Silvânia",20816,35836.95,52016,"Pires do Rio",5,"Centro-oeste",0,"522060",2,33,3,30,12,21,0,0,0,0,0,33,3,30,12,21,16,10.4867347630212,9.94347720075229,0.289778122692673,29
"21704","GO","Silvânia",20816,35836.95,52016,"Pires do Rio",5,"Centro-oeste",0,"522060",3,27,2,25,10,17,0,0,0,0,0,27,2,25,10,17,15,10.4867347630212,9.94347720075229,0.360464121474596,31
"21705","GO","Silvânia",20816,35836.95,52016,"Pires do Rio",5,"Centro-oeste",0,"522060",4,17,7,10,5,12,0,0,0,0,0,17,7,10,5,12,10,10.4867347630212,9.94347720075229,0.404176415579035,30
"21706","GO","Silvânia",20816,35836.95,52016,"Pires do Rio",5,"Centro-oeste",0,"522060",5,19,2,17,12,7,0,0,0,0,0,19,2,17,12,7,8,10.4867347630212,9.94347720075229,0.393054827691736,31
"21707","GO","Silvânia",20816,35836.95,52016,"Pires do Rio",5,"Centro-oeste",0,"522060",6,23,6,17,6,17,0,0,0,0,0,23,6,17,6,17,15,10.4867347630212,9.94347720075229,0.394676989684545,30
"21708","GO","Silvânia",20816,35836.95,52016,"Pires do Rio",5,"Centro-oeste",0,"522060",7,16,3,13,5,11,0,0,0,0,0,16,3,13,5,11,12,10.4867347630212,9.94347720075229,0.391323608839729,29
"21709","GO","Taquaral de Goiás",3521,18072.33,52007,"Anápolis",5,"Centro-oeste",0,"522100",2,9,3,6,1,8,0,0,0,0,0,9,3,6,1,8,4,9.80213731827329,8.16650031915505,0.312560079241157,29
"21710","GO","Taquaral de Goiás",3521,18072.33,52007,"Anápolis",5,"Centro-oeste",0,"522100",3,3,0,3,0,3,0,0,0,0,0,3,0,3,0,3,3,9.80213731827329,8.16650031915505,0.385829531986263,31
"21711","GO","Taquaral de Goiás",3521,18072.33,52007,"Anápolis",5,"Centro-oeste",0,"522100",4,3,1,2,0,3,0,0,0,0,0,3,1,2,0,3,2,9.80213731827329,8.16650031915505,0.435985459697485,30
"21712","GO","Taquaral de Goiás",3521,18072.33,52007,"Anápolis",5,"Centro-oeste",0,"522100",5,5,0,5,4,1,0,0,0,0,0,5,0,5,4,1,5,9.80213731827329,8.16650031915505,0.396733447427787,31
"21713","GO","Taquaral de Goiás",3521,18072.33,52007,"Anápolis",5,"Centro-oeste",0,"522100",6,4,0,4,0,4,0,0,0,0,0,4,0,4,0,4,6,9.80213731827329,8.16650031915505,0.366779460975362,30
"21714","GO","Taquaral de Goiás",3521,18072.33,52007,"Anápolis",5,"Centro-oeste",0,"522100",7,3,0,3,1,2,0,0,0,0,0,3,0,3,1,2,4,9.80213731827329,8.16650031915505,0.430194414092786,29
"21715","GO","Terezópolis de Goiás",8186,25325.44,52010,"Goiânia",5,"Centro-oeste",0,"522119",2,15,5,10,8,7,1,0,0,0,0,16,5,10,8,7,3,10.1395647031022,9.01018065705235,0.294237082110088,29
"21716","GO","Terezópolis de Goiás",8186,25325.44,52010,"Goiânia",5,"Centro-oeste",0,"522119",3,9,2,7,5,4,0,0,0,0,0,9,2,7,5,4,6,10.1395647031022,9.01018065705235,0.382440804604447,31
"21717","GO","Terezópolis de Goiás",8186,25325.44,52010,"Goiânia",5,"Centro-oeste",0,"522119",4,7,0,7,1,6,0,0,0,0,0,7,0,7,1,6,3,10.1395647031022,9.01018065705235,0.409752067126507,30
"21718","GO","Terezópolis de Goiás",8186,25325.44,52010,"Goiânia",5,"Centro-oeste",0,"522119",5,7,1,6,1,6,0,0,0,0,0,7,1,6,1,6,3,10.1395647031022,9.01018065705235,0.370026434262166,31
"21719","GO","Terezópolis de Goiás",8186,25325.44,52010,"Goiânia",5,"Centro-oeste",0,"522119",6,21,6,15,8,13,0,0,0,0,0,21,6,15,8,13,4,10.1395647031022,9.01018065705235,0.356639864342969,30
"21720","GO","Terezópolis de Goiás",8186,25325.44,52010,"Goiânia",5,"Centro-oeste",0,"522119",7,8,4,4,4,4,0,0,0,0,0,8,4,4,4,4,9,10.1395647031022,9.01018065705235,0.379173372317057,29
"21721","GO","Trindade",129823,17166.28,52010,"Goiânia",5,"Centro-oeste",1,"522140",2,283,47,236,112,171,1,0,0,0,0,284,47,236,112,171,70,9.7507022734582,11.7739272632405,0.291960784457097,29
"21722","GO","Trindade",129823,17166.28,52010,"Goiânia",5,"Centro-oeste",1,"522140",3,301,54,247,114,187,4,0,0,0,0,305,54,247,114,187,67,9.7507022734582,11.7739272632405,0.384260720494856,31
"21723","GO","Trindade",129823,17166.28,52010,"Goiânia",5,"Centro-oeste",1,"522140",4,170,47,123,67,103,2,0,0,0,0,172,47,123,67,103,63,9.7507022734582,11.7739272632405,0.41972946127743,30
"21724","GO","Trindade",129823,17166.28,52010,"Goiânia",5,"Centro-oeste",1,"522140",5,159,34,125,59,100,1,0,0,0,0,160,34,125,59,100,72,9.7507022734582,11.7739272632405,0.372163458325515,31
"21725","GO","Trindade",129823,17166.28,52010,"Goiânia",5,"Centro-oeste",1,"522140",6,147,20,127,60,87,1,0,0,0,0,148,20,127,60,87,83,9.7507022734582,11.7739272632405,0.356862980025004,30
"21726","GO","Trindade",129823,17166.28,52010,"Goiânia",5,"Centro-oeste",1,"522140",7,159,37,122,64,95,2,0,0,0,0,161,37,122,64,95,104,9.7507022734582,11.7739272632405,0.36794718764642,29
"21727","GO","Turvânia",4564,18363.8,52009,"Anicuns",5,"Centro-oeste",0,"522150",2,18,1,17,8,10,0,0,0,0,0,18,1,17,8,10,1,9.81813661443636,8.42595471098197,0.320195923335703,29
"21728","GO","Turvânia",4564,18363.8,52009,"Anicuns",5,"Centro-oeste",0,"522150",3,5,1,4,2,3,0,0,0,0,0,5,1,4,2,3,6,9.81813661443636,8.42595471098197,0.405129963134731,31
"21729","GO","Turvânia",4564,18363.8,52009,"Anicuns",5,"Centro-oeste",0,"522150",4,3,0,3,2,1,0,0,0,0,0,3,0,3,2,1,3,9.81813661443636,8.42595471098197,0.394679165310279,30
"21730","GO","Turvânia",4564,18363.8,52009,"Anicuns",5,"Centro-oeste",0,"522150",5,4,0,4,2,2,0,0,0,0,0,4,0,4,2,2,7,9.81813661443636,8.42595471098197,0.341792922322722,31
"21731","GO","Turvânia",4564,18363.8,52009,"Anicuns",5,"Centro-oeste",0,"522150",6,7,2,5,4,3,1,0,0,0,0,8,2,5,4,3,4,9.81813661443636,8.42595471098197,0.346959036793329,30
"21732","GO","Turvânia",4564,18363.8,52009,"Anicuns",5,"Centro-oeste",0,"522150",7,10,2,8,4,6,0,0,0,0,0,10,2,8,4,6,6,9.81813661443636,8.42595471098197,0.363012693943989,29
"21733","GO","Uruaçu",40840,21020.02,52004,"Porangatu",5,"Centro-oeste",1,"522160",2,89,14,75,31,58,0,0,0,0,0,89,14,75,31,58,24,9.95323059590527,10.6174172722786,0.285125145395092,29
"21734","GO","Uruaçu",40840,21020.02,52004,"Porangatu",5,"Centro-oeste",1,"522160",3,71,13,58,30,41,0,0,0,0,0,71,13,58,30,41,24,9.95323059590527,10.6174172722786,0.371470355443313,31
"21735","GO","Uruaçu",40840,21020.02,52004,"Porangatu",5,"Centro-oeste",1,"522160",4,45,5,40,24,21,0,0,0,0,0,45,5,40,24,21,22,9.95323059590527,10.6174172722786,0.401159647258657,30
"21736","GO","Uruaçu",40840,21020.02,52004,"Porangatu",5,"Centro-oeste",1,"522160",5,58,11,47,26,32,0,0,0,0,0,58,11,47,26,32,25,9.95323059590527,10.6174172722786,0.376760295438104,31
"21737","GO","Uruaçu",40840,21020.02,52004,"Porangatu",5,"Centro-oeste",1,"522160",6,53,6,47,20,33,1,0,0,0,0,54,6,47,20,33,34,9.95323059590527,10.6174172722786,0.358725217905956,30
"21738","GO","Uruaçu",40840,21020.02,52004,"Porangatu",5,"Centro-oeste",1,"522160",7,49,9,40,23,26,1,0,0,0,0,50,9,40,23,26,24,9.95323059590527,10.6174172722786,0.37636907632344,29
"21739","GO","Uruana",13818,15276.64,52006,"Ceres",5,"Centro-oeste",0,"522170",2,24,4,20,12,12,0,0,0,0,0,24,4,20,12,12,5,9.63408014325204,9.53372736904874,0.306219985782848,29
"21740","GO","Uruana",13818,15276.64,52006,"Ceres",5,"Centro-oeste",0,"522170",3,21,3,18,9,12,1,0,0,0,0,22,3,18,9,12,10,9.63408014325204,9.53372736904874,0.376020857643414,31
"21741","GO","Uruana",13818,15276.64,52006,"Ceres",5,"Centro-oeste",0,"522170",4,8,1,7,3,5,0,0,0,0,0,8,1,7,3,5,9,9.63408014325204,9.53372736904874,0.402539305455969,30
"21742","GO","Uruana",13818,15276.64,52006,"Ceres",5,"Centro-oeste",0,"522170",5,15,3,12,7,8,1,0,0,0,0,16,3,12,7,8,7,9.63408014325204,9.53372736904874,0.383370186106781,31
"21743","GO","Uruana",13818,15276.64,52006,"Ceres",5,"Centro-oeste",0,"522170",6,19,6,13,6,13,0,0,0,0,0,19,6,13,6,13,4,9.63408014325204,9.53372736904874,0.366141634135693,30
"21744","GO","Uruana",13818,15276.64,52006,"Ceres",5,"Centro-oeste",0,"522170",7,18,3,15,10,8,0,0,0,0,0,18,3,15,10,8,9,9.63408014325204,9.53372736904874,0.382995826431502,29
"21745","GO","Valparaíso de Goiás",172135,15538.72,52012,"Entorno de Brasília",5,"Centro-oeste",1,"522185",2,318,53,265,113,205,5,0,0,0,0,323,53,265,113,205,34,9.65109025244683,12.0560343316564,0.287949284108365,29
"21746","GO","Valparaíso de Goiás",172135,15538.72,52012,"Entorno de Brasília",5,"Centro-oeste",1,"522185",3,351,61,290,124,227,1,0,0,0,0,352,61,290,124,227,52,9.65109025244683,12.0560343316564,0.393800023351577,31
"21747","GO","Valparaíso de Goiás",172135,15538.72,52012,"Entorno de Brasília",5,"Centro-oeste",1,"522185",4,224,52,172,87,137,0,0,0,0,0,224,52,172,87,137,47,9.65109025244683,12.0560343316564,0.437591641014171,30
"21748","GO","Valparaíso de Goiás",172135,15538.72,52012,"Entorno de Brasília",5,"Centro-oeste",1,"522185",5,197,48,149,71,126,1,0,0,0,0,198,48,149,71,126,61,9.65109025244683,12.0560343316564,0.392627146705482,31
"21749","GO","Valparaíso de Goiás",172135,15538.72,52012,"Entorno de Brasília",5,"Centro-oeste",1,"522185",6,205,34,171,64,141,4,0,0,0,0,209,34,171,64,141,64,9.65109025244683,12.0560343316564,0.375547801318088,30
"21750","GO","Valparaíso de Goiás",172135,15538.72,52012,"Entorno de Brasília",5,"Centro-oeste",1,"522185",7,227,38,189,78,149,1,0,0,0,0,228,38,189,78,149,97,9.65109025244683,12.0560343316564,0.384922872852998,29
"21751","GO","Vianópolis",13977,32025.46,52016,"Pires do Rio",5,"Centro-oeste",0,"522200",2,28,5,23,20,8,0,0,0,0,0,28,5,23,20,8,6,10.3742864904401,9.54516840048491,0.272381340059316,29
"21752","GO","Vianópolis",13977,32025.46,52016,"Pires do Rio",5,"Centro-oeste",0,"522200",3,20,8,12,9,11,0,0,0,0,0,20,8,12,9,11,10,10.3742864904401,9.54516840048491,0.353872054062677,31
"21753","GO","Vianópolis",13977,32025.46,52016,"Pires do Rio",5,"Centro-oeste",0,"522200",4,19,6,13,12,7,1,0,0,0,0,20,6,13,12,7,9,10.3742864904401,9.54516840048491,0.379295294940568,30
"21754","GO","Vianópolis",13977,32025.46,52016,"Pires do Rio",5,"Centro-oeste",0,"522200",5,24,4,20,8,16,0,0,0,0,0,24,4,20,8,16,16,10.3742864904401,9.54516840048491,0.348019363429049,31
"21755","GO","Vianópolis",13977,32025.46,52016,"Pires do Rio",5,"Centro-oeste",0,"522200",6,17,6,11,10,7,0,0,0,0,0,17,6,11,10,7,7,10.3742864904401,9.54516840048491,0.355594391256684,30
"21756","GO","Vianópolis",13977,32025.46,52016,"Pires do Rio",5,"Centro-oeste",0,"522200",7,21,4,17,8,13,0,0,0,0,0,21,4,17,8,13,10,10.3742864904401,9.54516840048491,0.344078483276673,29
"21757","GO","Vicentinópolis",8873,37435.76,52015,"Meia Ponte",5,"Centro-oeste",0,"522205",2,18,4,14,9,9,0,0,0,0,0,18,4,14,9,9,6,10.5303816763153,9.09076823683534,0.338511194547914,29
"21758","GO","Vicentinópolis",8873,37435.76,52015,"Meia Ponte",5,"Centro-oeste",0,"522205",3,15,3,12,9,6,0,0,0,0,0,15,3,12,9,6,5,10.5303816763153,9.09076823683534,0.395609669986302,31
"21759","GO","Vicentinópolis",8873,37435.76,52015,"Meia Ponte",5,"Centro-oeste",0,"522205",4,11,1,10,3,8,0,0,0,0,0,11,1,10,3,8,3,10.5303816763153,9.09076823683534,0.430499997567807,30
"21760","GO","Vicentinópolis",8873,37435.76,52015,"Meia Ponte",5,"Centro-oeste",0,"522205",5,6,1,5,4,2,0,0,0,0,0,6,1,5,4,2,5,10.5303816763153,9.09076823683534,0.390936846823065,31
"21761","GO","Vicentinópolis",8873,37435.76,52015,"Meia Ponte",5,"Centro-oeste",0,"522205",6,7,0,7,3,4,0,0,0,0,0,7,0,7,3,4,6,10.5303816763153,9.09076823683534,0.384306237564217,30
"21762","GO","Vicentinópolis",8873,37435.76,52015,"Meia Ponte",5,"Centro-oeste",0,"522205",7,12,4,8,4,8,0,0,0,0,0,12,4,8,4,8,7,10.5303816763153,9.09076823683534,0.416307792107973,29
"21763","GO","Vila Propício",5882,28444.32,52012,"Entorno de Brasília",5,"Centro-oeste",0,"522230",2,11,4,7,4,7,0,0,0,0,0,11,4,7,4,7,1,10.2557037711159,8.67965211911394,0.320072538506705,29
"21764","GO","Vila Propício",5882,28444.32,52012,"Entorno de Brasília",5,"Centro-oeste",0,"522230",3,9,1,8,1,8,0,0,0,0,0,9,1,8,1,8,4,10.2557037711159,8.67965211911394,0.4001303997523,31
"21765","GO","Vila Propício",5882,28444.32,52012,"Entorno de Brasília",5,"Centro-oeste",0,"522230",4,4,0,4,2,2,0,0,0,0,0,4,0,4,2,2,1,10.2557037711159,8.67965211911394,0.423823478433543,30
"21766","GO","Vila Propício",5882,28444.32,52012,"Entorno de Brasília",5,"Centro-oeste",0,"522230",5,8,0,8,2,6,0,0,0,0,0,8,0,8,2,6,3,10.2557037711159,8.67965211911394,0.475003659567671,31
"21767","GO","Vila Propício",5882,28444.32,52012,"Entorno de Brasília",5,"Centro-oeste",0,"522230",6,7,2,5,4,3,0,0,0,0,0,7,2,5,4,3,4,10.2557037711159,8.67965211911394,0.438938266893424,30
"21768","GO","Vila Propício",5882,28444.32,52012,"Entorno de Brasília",5,"Centro-oeste",0,"522230",7,3,1,2,2,1,1,0,0,0,0,4,1,2,2,1,2,10.2557037711159,8.67965211911394,0.480306507558854,29
"21769","DF","Brasília",3055149,85661.39,53001,"Brasília",5,"Centro-oeste",1,"530010",2,5353,883,4470,1628,3725,14,0,0,0,0,5367,883,4470,1628,3725,963,11.3581574779814,14.9323389219026,0.294817727136172,29
"21770","DF","Brasília",3055149,85661.39,53001,"Brasília",5,"Centro-oeste",1,"530010",3,4514,762,3752,1379,3135,31,0,0,0,0,4545,762,3752,1379,3135,1143,11.3581574779814,14.9323389219026,0.416972754788925,31
"21771","DF","Brasília",3055149,85661.39,53001,"Brasília",5,"Centro-oeste",1,"530010",4,3076,506,2570,950,2126,26,0,0,0,0,3102,506,2570,950,2126,998,11.3581574779814,14.9323389219026,0.478917371834666,30
"21772","DF","Brasília",3055149,85661.39,53001,"Brasília",5,"Centro-oeste",1,"530010",5,3219,526,2693,953,2266,30,0,0,0,0,3249,526,2693,953,2266,1156,11.3581574779814,14.9323389219026,0.434567470846964,31
"21773","DF","Brasília",3055149,85661.39,53001,"Brasília",5,"Centro-oeste",1,"530010",6,3382,551,2831,974,2408,26,0,0,0,0,3408,551,2831,974,2408,1547,11.3581574779814,14.9323389219026,0.409178374238267,30
"21774","DF","Brasília",3055149,85661.39,53001,"Brasília",5,"Centro-oeste",1,"530010",7,3250,495,2755,942,2308,23,0,0,0,0,3273,495,2755,942,2308,1982,11.3581574779814,14.9323389219026,0.41157293308252,29
